{
    "class": "02958343",
    "model": "fe9c6862f758ee056ce6bb1d0811960f",
    "remove_doubles": true,
    "edge_split": true,
    "denoise": true,
    "camera_angle_x": 0.6911112070083618,
    "scale_factor": 2.2937042477551497,
    "hdri_file": "/data/IndoorHDRDataset2018/9C4A8197-6ac47a6940.exr",
    "center_offset": [
        0.0,
        -1.862645149230957e-09,
        -3.725290298461914e-09
    ],
    "lights": [],
    "frames": [
        {
            "file_path": "/data/shapenet_blender/all_50_random/02958343/fe9c6862f758ee056ce6bb1d0811960f/r_0",
            "rotation": 0.12566370614359174,
            "transform_matrix": [
                [
                    -0.10234205424785614,
                    -0.10659711062908173,
                    0.9890213012695312,
                    3.986872434616089
                ],
                [
                    0.9947492480278015,
                    -0.010966951958835125,
                    0.10175275057554245,
                    0.41017845273017883
                ],
                [
                    0.0,
                    0.9942417740821838,
                    0.10715977847576141,
                    0.4319748878479004
                ],
                [
                    0.0,
                    0.0,
                    0.0,
                    1.0
                ]
            ]
        },
        {
            "file_path": "/data/shapenet_blender/all_50_random/02958343/fe9c6862f758ee056ce6bb1d0811960f/r_1",
            "rotation": 0.12566370614359174,
            "transform_matrix": [
                [
                    0.9990429878234863,
                    0.00994146429002285,
                    0.04259631410241127,
                    0.1717112511396408
                ],
                [
                    0.043741047382354736,
                    -0.22706246376037598,
                    -0.9728972911834717,
                    -3.921874761581421
                ],
                [
                    9.31322685637781e-10,
                    0.973829448223114,
                    -0.22727996110916138,
                    -0.9161949157714844
                ],
                [
                    0.0,
                    0.0,
                    0.0,
                    1.0
                ]
            ]
        },
        {
            "file_path": "/data/shapenet_blender/all_50_random/02958343/fe9c6862f758ee056ce6bb1d0811960f/r_2",
            "rotation": 0.12566370614359174,
            "transform_matrix": [
                [
                    0.998009204864502,
                    0.01809423603117466,
                    0.06041843816637993,
                    0.24355453252792358
                ],
                [
                    0.06306972354650497,
                    -0.2863214313983917,
                    -0.9560554623603821,
                    -3.853983163833618
                ],
                [
                    0.0,
                    0.9579627513885498,
                    -0.2868925631046295,
                    -1.156501054763794
                ],
                [
                    0.0,
                    0.0,
                    0.0,
                    1.0
                ]
            ]
        },
        {
            "file_path": "/data/shapenet_blender/all_50_random/02958343/fe9c6862f758ee056ce6bb1d0811960f/r_3",
            "rotation": 0.12566370614359174,
            "transform_matrix": [
                [
                    0.9854404926300049,
                    0.0337185263633728,
                    -0.16664382815361023,
                    -0.6717627644538879
                ],
                [
                    -0.1700209081172943,
                    0.19543243944644928,
                    -0.9658669829368591,
                    -3.8935344219207764
                ],
                [
                    -3.725290298461914e-09,
                    0.9801374077796936,
                    0.19831988215446472,
                    0.7994530200958252
                ],
                [
                    0.0,
                    0.0,
                    0.0,
                    1.0
                ]
            ]
        },
        {
            "file_path": "/data/shapenet_blender/all_50_random/02958343/fe9c6862f758ee056ce6bb1d0811960f/r_4",
            "rotation": 0.12566370614359174,
            "transform_matrix": [
                [
                    0.5439777970314026,
                    0.4101161062717438,
                    -0.7320470809936523,
                    -2.9509761333465576
                ],
                [
                    -0.839099645614624,
                    0.26587310433387756,
                    -0.4745769500732422,
                    -1.9130809307098389
                ],
                [
                    -1.4901161193847656e-08,
                    0.8724197745323181,
                    0.4887573719024658,
                    1.9702439308166504
                ],
                [
                    0.0,
                    0.0,
                    0.0,
                    1.0
                ]
            ]
        },
        {
            "file_path": "/data/shapenet_blender/all_50_random/02958343/fe9c6862f758ee056ce6bb1d0811960f/r_5",
            "rotation": 0.12566370614359174,
            "transform_matrix": [
                [
                    0.6314180493354797,
                    -0.058771904557943344,
                    -0.7732120752334595,
                    -3.116917610168457
                ],
                [
                    -0.7754424810409546,
                    -0.04785608872771263,
                    -0.6296019554138184,
                    -2.5380067825317383
                ],
                [
                    0.0,
                    0.997123658657074,
                    -0.07579144090414047,
                    -0.3055250644683838
                ],
                [
                    0.0,
                    0.0,
                    0.0,
                    1.0
                ]
            ]
        },
        {
            "file_path": "/data/shapenet_blender/all_50_random/02958343/fe9c6862f758ee056ce6bb1d0811960f/r_6",
            "rotation": 0.12566370614359174,
            "transform_matrix": [
                [
                    -0.8231403231620789,
                    -0.04275395721197128,
                    -0.5662263035774231,
                    -2.282531261444092
                ],
                [
                    -0.567838191986084,
                    0.06197628751397133,
                    0.820803701877594,
                    3.3087656497955322
                ],
                [
                    -3.725290742551124e-09,
                    0.9971614480018616,
                    -0.07529249787330627,
                    -0.303513765335083
                ],
                [
                    0.0,
                    0.0,
                    0.0,
                    1.0
                ]
            ]
        },
        {
            "file_path": "/data/shapenet_blender/all_50_random/02958343/fe9c6862f758ee056ce6bb1d0811960f/r_7",
            "rotation": 0.12566370614359174,
            "transform_matrix": [
                [
                    0.9999557137489319,
                    -0.0012479093857109547,
                    0.00933599192649126,
                    0.037634581327438354
                ],
                [
                    0.009419024921953678,
                    0.13248230516910553,
                    -0.9911406636238098,
                    -3.995415449142456
                ],
                [
                    0.0,
                    0.991184651851654,
                    0.1324881911277771,
                    0.5340769290924072
                ],
                [
                    0.0,
                    0.0,
                    0.0,
                    1.0
                ]
            ]
        },
        {
            "file_path": "/data/shapenet_blender/all_50_random/02958343/fe9c6862f758ee056ce6bb1d0811960f/r_8",
            "rotation": 0.12566370614359174,
            "transform_matrix": [
                [
                    0.22967953979969025,
                    0.2674993574619293,
                    0.9357837438583374,
                    3.7722651958465576
                ],
                [
                    0.9732663035392761,
                    -0.06312674283981323,
                    -0.22083410620689392,
                    -0.8902108073234558
                ],
                [
                    -3.725290076417309e-09,
                    0.9614879488945007,
                    -0.27484700083732605,
                    -1.1079437732696533
                ],
                [
                    0.0,
                    0.0,
                    0.0,
                    1.0
                ]
            ]
        },
        {
            "file_path": "/data/shapenet_blender/all_50_random/02958343/fe9c6862f758ee056ce6bb1d0811960f/r_9",
            "rotation": 0.12566370614359174,
            "transform_matrix": [
                [
                    0.7983719110488892,
                    0.20059575140476227,
                    -0.5677707195281982,
                    -2.288757085800171
                ],
                [
                    -0.602164626121521,
                    0.26595717668533325,
                    -0.7527711987495422,
                    -3.034517765045166
                ],
                [
                    0.0,
                    0.942882776260376,
                    0.33312442898750305,
                    1.3428674936294556
                ],
                [
                    0.0,
                    0.0,
                    0.0,
                    1.0
                ]
            ]
        },
        {
            "file_path": "/data/shapenet_blender/all_50_random/02958343/fe9c6862f758ee056ce6bb1d0811960f/r_10",
            "rotation": 0.12566370614359174,
            "transform_matrix": [
                [
                    0.043594878166913986,
                    -0.025784622877836227,
                    -0.9987164735794067,
                    -4.025954723358154
                ],
                [
                    -0.9990493655204773,
                    -0.0011251471005380154,
                    -0.04358035326004028,
                    -0.17567801475524902
                ],
                [
                    1.1641533570472262e-10,
                    0.9996667504310608,
                    -0.025809163227677345,
                    -0.10404005646705627
                ],
                [
                    0.0,
                    0.0,
                    0.0,
                    1.0
                ]
            ]
        },
        {
            "file_path": "/data/shapenet_blender/all_50_random/02958343/fe9c6862f758ee056ce6bb1d0811960f/r_11",
            "rotation": 0.12566370614359174,
            "transform_matrix": [
                [
                    -0.5974963307380676,
                    0.7075238823890686,
                    0.37737002968788147,
                    1.5212273597717285
                ],
                [
                    0.8018717169761658,
                    0.5271952152252197,
                    0.28118863701820374,
                    1.1335077285766602
                ],
                [
                    1.4901161193847656e-08,
                    0.4706116020679474,
                    -0.8823404312133789,
                    -3.556828260421753
                ],
                [
                    0.0,
                    0.0,
                    0.0,
                    1.0
                ]
            ]
        },
        {
            "file_path": "/data/shapenet_blender/all_50_random/02958343/fe9c6862f758ee056ce6bb1d0811960f/r_12",
            "rotation": 0.12566370614359174,
            "transform_matrix": [
                [
                    -0.27832797169685364,
                    -0.8469299077987671,
                    -0.4530375897884369,
                    -1.8262529373168945
                ],
                [
                    -0.960486114025116,
                    0.24542184174060822,
                    0.13128042221069336,
                    0.5292083024978638
                ],
                [
                    0.0,
                    0.47167524695396423,
                    -0.8817722797393799,
                    -3.554537773132324
                ],
                [
                    0.0,
                    0.0,
                    0.0,
                    1.0
                ]
            ]
        },
        {
            "file_path": "/data/shapenet_blender/all_50_random/02958343/fe9c6862f758ee056ce6bb1d0811960f/r_13",
            "rotation": 0.12566370614359174,
            "transform_matrix": [
                [
                    -0.8114116787910461,
                    -0.36204126477241516,
                    0.4588434398174286,
                    1.8496571779251099
                ],
                [
                    0.5844751596450806,
                    -0.5026124715805054,
                    0.6370004415512085,
                    2.567831039428711
                ],
                [
                    -2.9802322387695312e-08,
                    0.7850521802902222,
                    0.6194295883178711,
                    2.4970006942749023
                ],
                [
                    0.0,
                    0.0,
                    0.0,
                    1.0
                ]
            ]
        },
        {
            "file_path": "/data/shapenet_blender/all_50_random/02958343/fe9c6862f758ee056ce6bb1d0811960f/r_14",
            "rotation": 0.12566370614359174,
            "transform_matrix": [
                [
                    -0.990302562713623,
                    -0.11072343587875366,
                    0.08391118794679642,
                    0.3382568061351776
                ],
                [
                    0.1389271765947342,
                    -0.78926020860672,
                    0.5981367826461792,
                    2.4111664295196533
                ],
                [
                    7.4505797087454084e-09,
                    0.6039939522743225,
                    0.7969889044761658,
                    3.2127649784088135
                ],
                [
                    0.0,
                    0.0,
                    0.0,
                    1.0
                ]
            ]
        },
        {
            "file_path": "/data/shapenet_blender/all_50_random/02958343/fe9c6862f758ee056ce6bb1d0811960f/r_15",
            "rotation": 0.12566370614359174,
            "transform_matrix": [
                [
                    -0.8068274259567261,
                    0.460983008146286,
                    0.36949166655540466,
                    1.4894686937332153
                ],
                [
                    0.5907871127128601,
                    0.6295562982559204,
                    0.504608154296875,
                    2.0341408252716064
                ],
                [
                    -1.4901159417490817e-08,
                    0.6254227161407471,
                    -0.7802860736846924,
                    -3.1454339027404785
                ],
                [
                    0.0,
                    0.0,
                    0.0,
                    1.0
                ]
            ]
        },
        {
            "file_path": "/data/shapenet_blender/all_50_random/02958343/fe9c6862f758ee056ce6bb1d0811960f/r_16",
            "rotation": 0.12566370614359174,
            "transform_matrix": [
                [
                    0.8777734637260437,
                    -0.192457377910614,
                    0.43871843814849854,
                    1.7685308456420898
                ],
                [
                    0.47907596826553345,
                    0.3526246249675751,
                    -0.8038294911384583,
                    -3.2403407096862793
                ],
                [
                    0.0,
                    0.915759801864624,
                    0.4017261862754822,
                    1.6194102764129639
                ],
                [
                    0.0,
                    0.0,
                    0.0,
                    1.0
                ]
            ]
        },
        {
            "file_path": "/data/shapenet_blender/all_50_random/02958343/fe9c6862f758ee056ce6bb1d0811960f/r_17",
            "rotation": 0.12566370614359174,
            "transform_matrix": [
                [
                    -0.9947485327720642,
                    0.019950319081544876,
                    0.10038618743419647,
                    0.40466970205307007
                ],
                [
                    0.1023494228720665,
                    0.1938999891281128,
                    0.9756675958633423,
                    3.933042049407959
                ],
                [
                    -1.862645149230957e-09,
                    0.9808183908462524,
                    -0.19492362439632416,
                    -0.7857623100280762
                ],
                [
                    0.0,
                    0.0,
                    0.0,
                    1.0
                ]
            ]
        },
        {
            "file_path": "/data/shapenet_blender/all_50_random/02958343/fe9c6862f758ee056ce6bb1d0811960f/r_18",
            "rotation": 0.12566370614359174,
            "transform_matrix": [
                [
                    0.24398286640644073,
                    -0.5833315253257751,
                    -0.7747235894203186,
                    -3.1230106353759766
                ],
                [
                    -0.9697795510292053,
                    -0.14675797522068024,
                    -0.19490952789783478,
                    -0.7857054471969604
                ],
                [
                    7.450580596923828e-09,
                    0.798865556716919,
                    -0.6015094518661499,
                    -2.42476224899292
                ],
                [
                    0.0,
                    0.0,
                    0.0,
                    1.0
                ]
            ]
        },
        {
            "file_path": "/data/shapenet_blender/all_50_random/02958343/fe9c6862f758ee056ce6bb1d0811960f/r_19",
            "rotation": 0.12566370614359174,
            "transform_matrix": [
                [
                    0.46663928031921387,
                    -0.7740998864173889,
                    0.42780497670173645,
                    1.7245368957519531
                ],
                [
                    0.8844477534294128,
                    0.4084191918373108,
                    -0.22571218013763428,
                    -0.9098748564720154
                ],
                [
                    1.4901159417490817e-08,
                    0.48369741439819336,
                    0.8752353191375732,
                    3.528186321258545
                ],
                [
                    0.0,
                    0.0,
                    0.0,
                    1.0
                ]
            ]
        },
        {
            "file_path": "/data/shapenet_blender/all_50_random/02958343/fe9c6862f758ee056ce6bb1d0811960f/r_20",
            "rotation": 0.12566370614359174,
            "transform_matrix": [
                [
                    -0.8061848282814026,
                    -0.011291931383311749,
                    -0.5915560126304626,
                    -2.384638547897339
                ],
                [
                    -0.5916637778282166,
                    0.015386075712740421,
                    0.806037962436676,
                    3.2492430210113525
                ],
                [
                    0.0,
                    0.9998178482055664,
                    -0.019085045903921127,
                    -0.07693427801132202
                ],
                [
                    0.0,
                    0.0,
                    0.0,
                    1.0
                ]
            ]
        },
        {
            "file_path": "/data/shapenet_blender/all_50_random/02958343/fe9c6862f758ee056ce6bb1d0811960f/r_21",
            "rotation": 0.12566370614359174,
            "transform_matrix": [
                [
                    -0.9229239821434021,
                    0.20182007551193237,
                    -0.3278414011001587,
                    -1.3215711116790771
                ],
                [
                    -0.38498231768608093,
                    -0.4838263988494873,
                    0.7859392762184143,
                    3.1682229042053223
                ],
                [
                    -1.4901161193847656e-08,
                    0.8515754342079163,
                    0.524232029914856,
                    2.1132471561431885
                ],
                [
                    0.0,
                    0.0,
                    0.0,
                    1.0
                ]
            ]
        },
        {
            "file_path": "/data/shapenet_blender/all_50_random/02958343/fe9c6862f758ee056ce6bb1d0811960f/r_22",
            "rotation": 0.12566370614359174,
            "transform_matrix": [
                [
                    -0.3625136613845825,
                    0.5192628502845764,
                    0.7739185690879822,
                    3.119765520095825
                ],
                [
                    0.9319784641265869,
                    0.20197878777980804,
                    0.30103275179862976,
                    1.2135018110275269
                ],
                [
                    -1.4901161193847656e-08,
                    0.8304038643836975,
                    -0.5571619272232056,
                    -2.2459914684295654
                ],
                [
                    0.0,
                    0.0,
                    0.0,
                    1.0
                ]
            ]
        },
        {
            "file_path": "/data/shapenet_blender/all_50_random/02958343/fe9c6862f758ee056ce6bb1d0811960f/r_23",
            "rotation": 0.12566370614359174,
            "transform_matrix": [
                [
                    0.37713003158569336,
                    0.34375888109207153,
                    -0.8600016236305237,
                    -3.4667773246765137
                ],
                [
                    -0.926160454750061,
                    0.13997767865657806,
                    -0.35019031167030334,
                    -1.4116623401641846
                ],
                [
                    0.0,
                    0.9285666346549988,
                    0.3711656332015991,
                    1.4962165355682373
                ],
                [
                    0.0,
                    0.0,
                    0.0,
                    1.0
                ]
            ]
        },
        {
            "file_path": "/data/shapenet_blender/all_50_random/02958343/fe9c6862f758ee056ce6bb1d0811960f/r_24",
            "rotation": 0.12566370614359174,
            "transform_matrix": [
                [
                    -0.11006057262420654,
                    0.5544971823692322,
                    0.8248754739761353,
                    3.3251793384552
                ],
                [
                    0.9939247369766235,
                    0.061401307582855225,
                    0.09134119004011154,
                    0.368208110332489
                ],
                [
                    0.0,
                    0.8299172520637512,
                    -0.5578864216804504,
                    -2.2489120960235596
                ],
                [
                    0.0,
                    0.0,
                    0.0,
                    1.0
                ]
            ]
        },
        {
            "file_path": "/data/shapenet_blender/all_50_random/02958343/fe9c6862f758ee056ce6bb1d0811960f/r_25",
            "rotation": 0.12566370614359174,
            "transform_matrix": [
                [
                    -0.621556282043457,
                    0.09300505369901657,
                    0.7778289318084717,
                    3.135528802871704
                ],
                [
                    0.7833695411682129,
                    0.07379388064146042,
                    0.6171601414680481,
                    2.487852096557617
                ],
                [
                    -3.725290298461914e-09,
                    0.9929273128509521,
                    -0.11872435361146927,
                    -0.4785931706428528
                ],
                [
                    0.0,
                    0.0,
                    0.0,
                    1.0
                ]
            ]
        },
        {
            "file_path": "/data/shapenet_blender/all_50_random/02958343/fe9c6862f758ee056ce6bb1d0811960f/r_26",
            "rotation": 0.12566370614359174,
            "transform_matrix": [
                [
                    0.3504275381565094,
                    -0.792094349861145,
                    -0.49978694319725037,
                    -2.0147056579589844
                ],
                [
                    -0.9365898370742798,
                    -0.2963641881942749,
                    -0.18699660897254944,
                    -0.7538074254989624
                ],
                [
                    0.0,
                    0.5336241722106934,
                    -0.8457217216491699,
                    -3.4092133045196533
                ],
                [
                    0.0,
                    0.0,
                    0.0,
                    1.0
                ]
            ]
        },
        {
            "file_path": "/data/shapenet_blender/all_50_random/02958343/fe9c6862f758ee056ce6bb1d0811960f/r_27",
            "rotation": 0.12566370614359174,
            "transform_matrix": [
                [
                    0.3391023874282837,
                    0.16616187989711761,
                    -0.9259588718414307,
                    -3.7326595783233643
                ],
                [
                    -0.94074946641922,
                    0.05989468842744827,
                    -0.3337709903717041,
                    -1.3454738855361938
                ],
                [
                    0.0,
                    0.9842778444290161,
                    0.17662714421749115,
                    0.7120068073272705
                ],
                [
                    0.0,
                    0.0,
                    0.0,
                    1.0
                ]
            ]
        },
        {
            "file_path": "/data/shapenet_blender/all_50_random/02958343/fe9c6862f758ee056ce6bb1d0811960f/r_28",
            "rotation": 0.12566370614359174,
            "transform_matrix": [
                [
                    0.9987746477127075,
                    0.014718561433255672,
                    0.04725125432014465,
                    0.19047591090202332
                ],
                [
                    0.049490585923194885,
                    -0.2970368266105652,
                    -0.9535825252532959,
                    -3.8440144062042236
                ],
                [
                    9.31322685637781e-10,
                    0.9547524452209473,
                    -0.2974012792110443,
                    -1.1988630294799805
                ],
                [
                    0.0,
                    0.0,
                    0.0,
                    1.0
                ]
            ]
        },
        {
            "file_path": "/data/shapenet_blender/all_50_random/02958343/fe9c6862f758ee056ce6bb1d0811960f/r_29",
            "rotation": 0.12566370614359174,
            "transform_matrix": [
                [
                    0.22055138647556305,
                    -0.9528915882110596,
                    0.2082178145647049,
                    0.8393528461456299
                ],
                [
                    0.9753754734992981,
                    0.21546734869480133,
                    -0.04708210378885269,
                    -0.18979403376579285
                ],
                [
                    0.0,
                    0.2134745568037033,
                    0.9769485592842102,
                    3.9382057189941406
                ],
                [
                    0.0,
                    0.0,
                    0.0,
                    1.0
                ]
            ]
        },
        {
            "file_path": "/data/shapenet_blender/all_50_random/02958343/fe9c6862f758ee056ce6bb1d0811960f/r_30",
            "rotation": 0.12566370614359174,
            "transform_matrix": [
                [
                    0.053129758685827255,
                    0.12564051151275635,
                    0.9906521439552307,
                    3.9934465885162354
                ],
                [
                    0.9985876679420471,
                    -0.006684691179543734,
                    -0.052707549184560776,
                    -0.21247093379497528
                ],
                [
                    0.0,
                    0.992053210735321,
                    -0.12581823766231537,
                    -0.5071895122528076
                ],
                [
                    0.0,
                    0.0,
                    0.0,
                    1.0
                ]
            ]
        },
        {
            "file_path": "/data/shapenet_blender/all_50_random/02958343/fe9c6862f758ee056ce6bb1d0811960f/r_31",
            "rotation": 0.12566370614359174,
            "transform_matrix": [
                [
                    0.9525933861732483,
                    0.08797217905521393,
                    -0.2912504971027374,
                    -1.1740684509277344
                ],
                [
                    -0.30424657464027405,
                    0.2754400968551636,
                    -0.9119027256965637,
                    -3.675997734069824
                ],
                [
                    0.0,
                    0.9572843909263611,
                    0.28914764523506165,
                    1.1655915975570679
                ],
                [
                    0.0,
                    0.0,
                    0.0,
                    1.0
                ]
            ]
        },
        {
            "file_path": "/data/shapenet_blender/all_50_random/02958343/fe9c6862f758ee056ce6bb1d0811960f/r_32",
            "rotation": 0.12566370614359174,
            "transform_matrix": [
                [
                    -0.546949028968811,
                    0.20549310743808746,
                    0.8115535974502563,
                    3.271477460861206
                ],
                [
                    0.8371659517288208,
                    0.13425564765930176,
                    0.5302156209945679,
                    2.1373677253723145
                ],
                [
                    0.0,
                    0.9694058895111084,
                    -0.2454628348350525,
                    -0.9894924163818359
                ],
                [
                    0.0,
                    0.0,
                    0.0,
                    1.0
                ]
            ]
        },
        {
            "file_path": "/data/shapenet_blender/all_50_random/02958343/fe9c6862f758ee056ce6bb1d0811960f/r_33",
            "rotation": 0.12566370614359174,
            "transform_matrix": [
                [
                    -0.994297206401825,
                    0.06981902569532394,
                    0.08061201870441437,
                    0.3249574303627014
                ],
                [
                    0.10664423555135727,
                    0.650957465171814,
                    0.7515859007835388,
                    3.0297396183013916
                ],
                [
                    0.0,
                    0.7558965682983398,
                    -0.6546910405158997,
                    -2.639143943786621
                ],
                [
                    0.0,
                    0.0,
                    0.0,
                    1.0
                ]
            ]
        },
        {
            "file_path": "/data/shapenet_blender/all_50_random/02958343/fe9c6862f758ee056ce6bb1d0811960f/r_34",
            "rotation": 0.12566370614359174,
            "transform_matrix": [
                [
                    -0.9743871688842773,
                    0.021783092990517616,
                    -0.22381965816020966,
                    -0.9022458791732788
                ],
                [
                    -0.22487717866897583,
                    -0.09438559412956238,
                    0.9698049426078796,
                    3.9094085693359375
                ],
                [
                    0.0,
                    0.995297372341156,
                    0.09686663001775742,
                    0.3904818594455719
                ],
                [
                    0.0,
                    0.0,
                    0.0,
                    1.0
                ]
            ]
        },
        {
            "file_path": "/data/shapenet_blender/all_50_random/02958343/fe9c6862f758ee056ce6bb1d0811960f/r_35",
            "rotation": 0.12566370614359174,
            "transform_matrix": [
                [
                    -0.7778003811836243,
                    0.10183971375226974,
                    -0.620205819606781,
                    -2.5001296997070312
                ],
                [
                    -0.6285114288330078,
                    -0.12602946162223816,
                    0.7675219178199768,
                    3.093979835510254
                ],
                [
                    7.450580596923828e-09,
                    0.9867852926254272,
                    0.16203318536281586,
                    0.6531766653060913
                ],
                [
                    0.0,
                    0.0,
                    0.0,
                    1.0
                ]
            ]
        },
        {
            "file_path": "/data/shapenet_blender/all_50_random/02958343/fe9c6862f758ee056ce6bb1d0811960f/r_36",
            "rotation": 0.12566370614359174,
            "transform_matrix": [
                [
                    0.22828716039657593,
                    -0.6757569909095764,
                    0.7008832097053528,
                    2.825350761413574
                ],
                [
                    0.9735938310623169,
                    0.15845072269439697,
                    -0.16434228420257568,
                    -0.6624850034713745
                ],
                [
                    0.0,
                    0.7198927998542786,
                    0.6940851211547852,
                    2.7979469299316406
                ],
                [
                    0.0,
                    0.0,
                    0.0,
                    1.0
                ]
            ]
        },
        {
            "file_path": "/data/shapenet_blender/all_50_random/02958343/fe9c6862f758ee056ce6bb1d0811960f/r_37",
            "rotation": 0.12566370614359174,
            "transform_matrix": [
                [
                    0.1974441111087799,
                    0.49093830585479736,
                    0.8485254645347595,
                    3.420515537261963
                ],
                [
                    0.9803141951560974,
                    -0.09887939691543579,
                    -0.17090067267417908,
                    -0.688922643661499
                ],
                [
                    0.0,
                    0.8655648231506348,
                    -0.500796914100647,
                    -2.0187768936157227
                ],
                [
                    0.0,
                    0.0,
                    0.0,
                    1.0
                ]
            ]
        },
        {
            "file_path": "/data/shapenet_blender/all_50_random/02958343/fe9c6862f758ee056ce6bb1d0811960f/r_38",
            "rotation": 0.12566370614359174,
            "transform_matrix": [
                [
                    0.2941542863845825,
                    -0.516061544418335,
                    -0.8044585585594177,
                    -3.2428765296936035
                ],
                [
                    -0.9557580351829529,
                    -0.15882861614227295,
                    -0.24758875370025635,
                    -0.998062252998352
                ],
                [
                    -1.4901162970204496e-08,
                    0.8416969180107117,
                    -0.5399500727653503,
                    -2.1766085624694824
                ],
                [
                    0.0,
                    0.0,
                    0.0,
                    1.0
                ]
            ]
        },
        {
            "file_path": "/data/shapenet_blender/all_50_random/02958343/fe9c6862f758ee056ce6bb1d0811960f/r_39",
            "rotation": 0.12566370614359174,
            "transform_matrix": [
                [
                    0.9310062527656555,
                    0.23780705034732819,
                    0.27690285444259644,
                    1.116231083869934
                ],
                [
                    0.3650032579898834,
                    -0.6065695285797119,
                    -0.7062903642654419,
                    -2.8471474647521973
                ],
                [
                    1.4901160305669237e-08,
                    0.7586312294006348,
                    -0.651520311832428,
                    -2.6263623237609863
                ],
                [
                    0.0,
                    0.0,
                    0.0,
                    1.0
                ]
            ]
        },
        {
            "file_path": "/data/shapenet_blender/all_50_random/02958343/fe9c6862f758ee056ce6bb1d0811960f/r_40",
            "rotation": 0.12566370614359174,
            "transform_matrix": [
                [
                    -0.6250799298286438,
                    0.7032786011695862,
                    0.3386358320713043,
                    1.3650846481323242
                ],
                [
                    0.7805607318878174,
                    0.5631917119026184,
                    0.2711825966835022,
                    1.0931720733642578
                ],
                [
                    2.9802322387695312e-08,
                    0.4338364601135254,
                    -0.9009915590286255,
                    -3.6320130825042725
                ],
                [
                    0.0,
                    0.0,
                    0.0,
                    1.0
                ]
            ]
        },
        {
            "file_path": "/data/shapenet_blender/all_50_random/02958343/fe9c6862f758ee056ce6bb1d0811960f/r_41",
            "rotation": 0.12566370614359174,
            "transform_matrix": [
                [
                    0.06153050437569618,
                    0.28233620524406433,
                    -0.9573401808738708,
                    -3.859161615371704
                ],
                [
                    -0.9981051683425903,
                    0.017405269667506218,
                    -0.05901745334267616,
                    -0.23790696263313293
