{
    "class": "02958343",
    "model": "4e7d91a6e2300d88a3049d0dcf503cdf",
    "remove_doubles": true,
    "edge_split": true,
    "denoise": true,
    "camera_angle_x": 0.6911112070083618,
    "scale_factor": 2.2429622067672494,
    "hdri_file": "/data/IndoorHDRDataset2018/9C4A7695-949644a9ec.exr",
    "center_offset": [
        0.0,
        -1.862645149230957e-09,
        -3.725290298461914e-09
    ],
    "lights": [],
    "frames": [
        {
            "file_path": "/data/shapenet_blender/all_50_random/02958343/4e7d91a6e2300d88a3049d0dcf503cdf/r_0",
            "rotation": 0.12566370614359174,
            "transform_matrix": [
                [
                    0.7593855261802673,
                    -0.0675712451338768,
                    0.6471228003501892,
                    2.608635187149048
                ],
                [
                    0.6506410241127014,
                    0.07886471599340439,
                    -0.7552792429924011,
                    -3.0446276664733887
                ],
                [
                    3.725290298461914e-09,
                    0.9945926070213318,
                    0.10385334491729736,
                    0.4186461865901947
                ],
                [
                    0.0,
                    0.0,
                    0.0,
                    1.0
                ]
            ]
        },
        {
            "file_path": "/data/shapenet_blender/all_50_random/02958343/4e7d91a6e2300d88a3049d0dcf503cdf/r_1",
            "rotation": 0.12566370614359174,
            "transform_matrix": [
                [
                    -0.3947952389717102,
                    -0.2788296937942505,
                    0.8754373788833618,
                    3.529001235961914
                ],
                [
                    0.9187691807746887,
                    -0.11981316655874252,
                    0.37617558240890503,
                    1.516412377357483
                ],
                [
                    0.0,
                    0.9528372287750244,
                    0.30348172783851624,
                    1.2233741283416748
                ],
                [
                    0.0,
                    0.0,
                    0.0,
                    1.0
                ]
            ]
        },
        {
            "file_path": "/data/shapenet_blender/all_50_random/02958343/4e7d91a6e2300d88a3049d0dcf503cdf/r_2",
            "rotation": 0.12566370614359174,
            "transform_matrix": [
                [
                    -0.7933452129364014,
                    0.29921120405197144,
                    -0.5301660299301147,
                    -2.1371676921844482
                ],
                [
                    -0.6087720394134521,
                    -0.38992881774902344,
                    0.6909067034721375,
                    2.7851340770721436
                ],
                [
                    1.4901161193847656e-08,
                    0.8708778023719788,
                    0.49149957299232483,
                    1.9812982082366943
                ],
                [
                    0.0,
                    0.0,
                    0.0,
                    1.0
                ]
            ]
        },
        {
            "file_path": "/data/shapenet_blender/all_50_random/02958343/4e7d91a6e2300d88a3049d0dcf503cdf/r_3",
            "rotation": 0.12566370614359174,
            "transform_matrix": [
                [
                    0.8891493082046509,
                    -0.1982990801334381,
                    -0.4124210476875305,
                    -1.6625224351882935
                ],
                [
                    -0.4576174318790436,
                    -0.38529452681541443,
                    -0.8013328909873962,
                    -3.230276107788086
                ],
                [
                    0.0,
                    0.9012355208396912,
                    -0.4333294928073883,
                    -1.7468070983886719
                ],
                [
                    0.0,
                    0.0,
                    0.0,
                    1.0
                ]
            ]
        },
        {
            "file_path": "/data/shapenet_blender/all_50_random/02958343/4e7d91a6e2300d88a3049d0dcf503cdf/r_4",
            "rotation": 0.12566370614359174,
            "transform_matrix": [
                [
                    0.4989202320575714,
                    0.15904754400253296,
                    0.8519287109375,
                    3.434234380722046
                ],
                [
                    0.8666478991508484,
                    -0.09156202524900436,
                    -0.490446537733078,
                    -1.9770532846450806
                ],
                [
                    0.0,
                    0.9830159544944763,
                    -0.1835203617811203,
                    -0.7397942543029785
                ],
                [
                    0.0,
                    0.0,
                    0.0,
                    1.0
                ]
            ]
        },
        {
            "file_path": "/data/shapenet_blender/all_50_random/02958343/4e7d91a6e2300d88a3049d0dcf503cdf/r_5",
            "rotation": 0.12566370614359174,
            "transform_matrix": [
                [
                    -0.4725225865840912,
                    -0.4217134416103363,
                    -0.7738733887672424,
                    -3.1195836067199707
                ],
                [
                    -0.8813185691833496,
                    0.22610341012477875,
                    0.41491541266441345,
                    1.6725776195526123
                ],
                [
                    1.4901161193847656e-08,
                    0.8780859112739563,
                    -0.4785028398036957,
                    -1.928906798362732
                ],
                [
                    0.0,
                    0.0,
                    0.0,
                    1.0
                ]
            ]
        },
        {
            "file_path": "/data/shapenet_blender/all_50_random/02958343/4e7d91a6e2300d88a3049d0dcf503cdf/r_6",
            "rotation": 0.12566370614359174,
            "transform_matrix": [
                [
                    0.5434825420379639,
                    -0.6920551061630249,
                    -0.475064754486084,
                    -1.915047287940979
                ],
                [
                    -0.8394205570220947,
                    -0.44807082414627075,
                    -0.30758053064346313,
                    -1.2398967742919922
                ],
                [
                    1.4901162970204496e-08,
                    0.5659436583518982,
                    -0.8244438171386719,
                    -3.323439359664917
                ],
                [
                    0.0,
                    0.0,
                    0.0,
                    1.0
                ]
            ]
        },
        {
            "file_path": "/data/shapenet_blender/all_50_random/02958343/4e7d91a6e2300d88a3049d0dcf503cdf/r_7",
            "rotation": 0.12566370614359174,
            "transform_matrix": [
                [
                    0.03442227095365524,
                    -0.6370750665664673,
                    -0.7700327038764954,
                    -3.1041011810302734
                ],
                [
                    -0.9994074106216431,
                    -0.02194257453083992,
                    -0.026521991938352585,
                    -0.10691356658935547
                ],
                [
                    0.0,
                    0.7704892754554749,
                    -0.6374528408050537,
                    -2.569654703140259
                ],
                [
                    0.0,
                    0.0,
                    0.0,
                    1.0
                ]
            ]
        },
        {
            "file_path": "/data/shapenet_blender/all_50_random/02958343/4e7d91a6e2300d88a3049d0dcf503cdf/r_8",
            "rotation": 0.12566370614359174,
            "transform_matrix": [
                [
                    0.19778695702552795,
                    -0.10916033387184143,
                    -0.9741480350494385,
                    -3.9269163608551025
                ],
                [
                    -0.9802452325820923,
                    -0.02202560007572174,
                    -0.1965567022562027,
                    -0.792345404624939
                ],
                [
                    0.0,
                    0.9937800765037537,
                    -0.11136026680469513,
                    -0.4489075839519501
                ],
                [
                    0.0,
                    0.0,
                    0.0,
                    1.0
                ]
            ]
        },
        {
            "file_path": "/data/shapenet_blender/all_50_random/02958343/4e7d91a6e2300d88a3049d0dcf503cdf/r_9",
            "rotation": 0.12566370614359174,
            "transform_matrix": [
                [
                    -0.8279206156730652,
                    0.015054264105856419,
                    0.560643196105957,
                    2.2600250244140625
                ],
                [
                    0.5608451962471008,
                    0.022223126143217087,
                    0.8276222944259644,
                    3.336252212524414
                ],
                [
                    0.0,
                    0.9996397495269775,
                    -0.02684209495782852,
                    -0.1082039475440979
                ],
                [
                    0.0,
                    0.0,
                    0.0,
                    1.0
                ]
            ]
        },
        {
            "file_path": "/data/shapenet_blender/all_50_random/02958343/4e7d91a6e2300d88a3049d0dcf503cdf/r_10",
            "rotation": 0.12566370614359174,
            "transform_matrix": [
                [
                    0.9110985994338989,
                    0.3161430060863495,
                    0.2644862234592438,
                    1.0661782026290894
                ],
                [
                    0.41218847036361694,
                    -0.6988003253936768,
                    -0.5846185088157654,
                    -2.356672763824463
                ],
                [
                    1.4901159417490817e-08,
                    0.6416633725166321,
                    -0.7669863700866699,
                    -3.0918211936950684
                ],
                [
                    0.0,
                    0.0,
                    0.0,
                    1.0
                ]
            ]
        },
        {
            "file_path": "/data/shapenet_blender/all_50_random/02958343/4e7d91a6e2300d88a3049d0dcf503cdf/r_11",
            "rotation": 0.12566370614359174,
            "transform_matrix": [
                [
                    -0.8371508121490479,
                    0.3270338475704193,
                    0.4384375810623169,
                    1.7673985958099365
                ],
                [
                    0.5469722747802734,
                    0.5005310773849487,
                    0.6710364818572998,
                    2.7050347328186035
                ],
                [
                    1.4901161193847656e-08,
                    0.8015719652175903,
                    -0.5978983044624329,
                    -2.410205364227295
                ],
                [
                    0.0,
                    0.0,
                    0.0,
                    1.0
                ]
            ]
        },
        {
            "file_path": "/data/shapenet_blender/all_50_random/02958343/4e7d91a6e2300d88a3049d0dcf503cdf/r_12",
            "rotation": 0.12566370614359174,
            "transform_matrix": [
                [
                    0.5225571990013123,
                    0.7619815468788147,
                    0.38251549005508423,
                    1.5419692993164062
                ],
                [
                    0.8526042103767395,
                    -0.46701502799987793,
                    -0.23444201052188873,
                    -0.945065975189209
                ],
                [
                    0.0,
                    0.44864362478256226,
                    -0.8937106728553772,
                    -3.602663040161133
                ],
                [
                    0.0,
                    0.0,
                    0.0,
                    1.0
                ]
            ]
        },
        {
            "file_path": "/data/shapenet_blender/all_50_random/02958343/4e7d91a6e2300d88a3049d0dcf503cdf/r_13",
            "rotation": 0.12566370614359174,
            "transform_matrix": [
                [
                    0.6870037913322449,
                    0.18018992245197296,
                    -0.7039583325386047,
                    -2.837747097015381
                ],
                [
                    -0.7266538739204407,
                    0.17035779356956482,
                    -0.6655465960502625,
                    -2.6829044818878174
                ],
                [
                    0.0,
                    0.9687671661376953,
                    0.24797214567661285,
                    0.9996077418327332
                ],
                [
                    0.0,
                    0.0,
                    0.0,
                    1.0
                ]
            ]
        },
        {
            "file_path": "/data/shapenet_blender/all_50_random/02958343/4e7d91a6e2300d88a3049d0dcf503cdf/r_14",
            "rotation": 0.12566370614359174,
            "transform_matrix": [
                [
                    -0.81162029504776,
                    0.07968175411224365,
                    0.5787255764007568,
                    2.3329174518585205
                ],
                [
                    0.5841853022575378,
                    0.11070344597101212,
                    0.804034948348999,
                    3.24116849899292
                ],
                [
                    0.0,
                    0.9906541109085083,
                    -0.1363980621099472,
                    -0.5498381853103638
                ],
                [
                    0.0,
                    0.0,
                    0.0,
                    1.0
                ]
            ]
        },
        {
            "file_path": "/data/shapenet_blender/all_50_random/02958343/4e7d91a6e2300d88a3049d0dcf503cdf/r_15",
            "rotation": 0.12566370614359174,
            "transform_matrix": [
                [
                    0.994987964630127,
                    -0.040555521845817566,
                    0.09140242636203766,
                    0.3684549927711487
                ],
                [
                    0.09999579191207886,
                    0.4035395681858063,
                    -0.9094814658164978,
                    -3.6662373542785645
                ],
                [
                    0.0,
                    0.9140628576278687,
                    0.4055723547935486,
                    1.6349146366119385
                ],
                [
                    0.0,
                    0.0,
                    0.0,
                    1.0
                ]
            ]
        },
        {
            "file_path": "/data/shapenet_blender/all_50_random/02958343/4e7d91a6e2300d88a3049d0dcf503cdf/r_16",
            "rotation": 0.12566370614359174,
            "transform_matrix": [
                [
                    0.8075803518295288,
                    -0.41170719265937805,
                    0.42226913571357727,
                    1.702221155166626
                ],
                [
                    0.5897575616836548,
                    0.5637683272361755,
                    -0.5782312750816345,
                    -2.3309245109558105
                ],
                [
                    1.4901159417490817e-08,
                    0.7160046100616455,
                    0.6980956196784973,
                    2.814113140106201
                ],
                [
                    0.0,
                    0.0,
                    0.0,
                    1.0
                ]
            ]
        },
        {
            "file_path": "/data/shapenet_blender/all_50_random/02958343/4e7d91a6e2300d88a3049d0dcf503cdf/r_17",
            "rotation": 0.12566370614359174,
            "transform_matrix": [
                [
                    0.5953633785247803,
                    -0.26773741841316223,
                    -0.7575348615646362,
                    -3.053720712661743
                ],
                [
                    -0.8034565448760986,
                    -0.19839411973953247,
                    -0.5613353252410889,
                    -2.262814998626709
                ],
                [
                    1.4901161193847656e-08,
                    0.942844808101654,
                    -0.33323198556900024,
                    -1.3433010578155518
                ],
                [
                    0.0,
                    0.0,
                    0.0,
                    1.0
                ]
            ]
        },
        {
            "file_path": "/data/shapenet_blender/all_50_random/02958343/4e7d91a6e2300d88a3049d0dcf503cdf/r_18",
            "rotation": 0.12566370614359174,
            "transform_matrix": [
                [
                    -0.3504554331302643,
                    0.2764720320701599,
                    0.8948431015014648,
                    3.6072280406951904
                ],
                [
                    0.9365794658660889,
                    0.10345211625099182,
                    0.33483827114105225,
                    1.349776268005371
                ],
                [
                    7.450581485102248e-09,
                    0.955437421798706,
                    -0.2951934039592743,
                    -1.18996262550354
                ],
                [
                    0.0,
                    0.0,
                    0.0,
                    1.0
                ]
            ]
        },
        {
            "file_path": "/data/shapenet_blender/all_50_random/02958343/4e7d91a6e2300d88a3049d0dcf503cdf/r_19",
            "rotation": 0.12566370614359174,
            "transform_matrix": [
                [
                    -0.2908134162425995,
                    0.07006395608186722,
                    -0.9542109370231628,
                    -3.8465476036071777
                ],
                [
                    -0.9567798376083374,
                    -0.021295955404639244,
                    0.29003259539604187,
                    1.169158935546875
                ],
                [
                    -1.862645149230957e-09,
                    0.9973151683807373,
                    0.07322892546653748,
                    0.2951952815055847
                ],
                [
                    0.0,
                    0.0,
                    0.0,
                    1.0
                ]
            ]
        },
        {
            "file_path": "/data/shapenet_blender/all_50_random/02958343/4e7d91a6e2300d88a3049d0dcf503cdf/r_20",
            "rotation": 0.12566370614359174,
            "transform_matrix": [
                [
                    0.05842381343245506,
                    -0.40086087584495544,
                    -0.9142740368843079,
                    -3.6855568885803223
                ],
                [
                    -0.9982919692993164,
                    -0.023459892719984055,
                    -0.053506769239902496,
                    -0.2156926989555359
                ],
                [
                    0.0,
                    0.9158384203910828,
                    -0.40154674649238586,
                    -1.6186867952346802
                ],
                [
                    0.0,
                    0.0,
                    0.0,
                    1.0
                ]
            ]
        },
        {
            "file_path": "/data/shapenet_blender/all_50_random/02958343/4e7d91a6e2300d88a3049d0dcf503cdf/r_21",
            "rotation": 0.12566370614359174,
            "transform_matrix": [
                [
                    0.9980388283729553,
                    0.037354301661252975,
                    0.0502304881811142,
                    0.2024855762720108
                ],
                [
                    0.06259749084711075,
                    -0.5955677032470703,
                    -0.8008624315261841,
                    -3.228379726409912
                ],
                [
                    0.0,
                    0.8024362325668335,
                    -0.5967379212379456,
                    -2.4055275917053223
                ],
                [
                    0.0,
                    0.0,
                    0.0,
                    1.0
                ]
            ]
        },
        {
            "file_path": "/data/shapenet_blender/all_50_random/02958343/4e7d91a6e2300d88a3049d0dcf503cdf/r_22",
            "rotation": 0.12566370614359174,
            "transform_matrix": [
                [
                    -0.9974057078361511,
                    -0.012767408974468708,
                    -0.07084476947784424,
                    -0.28558439016342163
                ],
                [
                    -0.07198603451251984,
                    0.17689940333366394,
                    0.9815928936004639,
                    3.956927537918091
                ],
                [
                    -9.31322685637781e-10,
                    0.9841460585594177,
                    -0.17735955119132996,
                    -0.7149592041969299
                ],
                [
                    0.0,
                    0.0,
                    0.0,
                    1.0
                ]
            ]
        },
        {
            "file_path": "/data/shapenet_blender/all_50_random/02958343/4e7d91a6e2300d88a3049d0dcf503cdf/r_23",
            "rotation": 0.12566370614359174,
            "transform_matrix": [
                [
                    0.738754391670227,
                    0.05746952444314957,
                    -0.6715200543403625,
                    -2.706984043121338
                ],
                [
                    -0.6739748120307922,
                    0.06299325078725815,
                    -0.7360637187957764,
                    -2.967167854309082
                ],
                [
                    0.0,
                    0.9963579773902893,
                    0.08526954054832458,
                    0.3437325060367584
                ],
                [
                    0.0,
                    0.0,
                    0.0,
                    1.0
                ]
            ]
        },
        {
            "file_path": "/data/shapenet_blender/all_50_random/02958343/4e7d91a6e2300d88a3049d0dcf503cdf/r_24",
            "rotation": 0.12566370614359174,
            "transform_matrix": [
                [
                    -0.1602672040462494,
                    -0.14894311130046844,
                    0.9757716059684753,
                    3.9334614276885986
                ],
                [
                    0.9870736598968506,
                    -0.024183297529816628,
                    0.15843214094638824,
                    0.6386604309082031
                ],
                [
                    -1.862645149230957e-09,
                    0.9885499477386475,
                    0.15089359879493713,
                    0.608271598815918
                ],
                [
                    0.0,
                    0.0,
                    0.0,
                    1.0
                ]
            ]
        },
        {
            "file_path": "/data/shapenet_blender/all_50_random/02958343/4e7d91a6e2300d88a3049d0dcf503cdf/r_25",
            "rotation": 0.12566370614359174,
            "transform_matrix": [
                [
                    -0.7333595156669617,
                    -0.20981769263744354,
                    0.6466530561447144,
                    2.6067421436309814
                ],
                [
                    0.6798408627510071,
                    -0.22633500397205353,
                    0.6975590586662292,
                    2.81195068359375
                ],
                [
                    0.0,
                    0.9511828422546387,
                    0.3086276054382324,
                    1.2441177368164062
                ],
                [
                    0.0,
                    0.0,
                    0.0,
                    1.0
                ]
            ]
        },
        {
            "file_path": "/data/shapenet_blender/all_50_random/02958343/4e7d91a6e2300d88a3049d0dcf503cdf/r_26",
            "rotation": 0.12566370614359174,
            "transform_matrix": [
                [
                    0.9613659977912903,
                    -0.021962108090519905,
                    0.27439597249031067,
                    1.1061255931854248
                ],
                [
                    0.27527350187301636,
                    0.07670053839683533,
                    -0.9583013653755188,
                    -3.8630363941192627
                ],
                [
                    0.0,
                    0.9968122243881226,
                    0.0797828659415245,
                    0.3216150104999542
                ],
                [
                    0.0,
                    0.0,
                    0.0,
                    1.0
                ]
            ]
        },
        {
            "file_path": "/data/shapenet_blender/all_50_random/02958343/4e7d91a6e2300d88a3049d0dcf503cdf/r_27",
            "rotation": 0.12566370614359174,
            "transform_matrix": [
                [
                    -0.4354848861694336,
                    0.7410152554512024,
                    -0.5111256241798401,
                    -2.060413360595703
                ],
                [
                    -0.9001961350440979,
                    -0.35847848653793335,
                    0.2472655475139618,
                    0.996759295463562
                ],
                [
                    0.0,
                    0.5677936673164368,
                    0.8231708407402039,
                    3.318307876586914
                ],
                [
                    0.0,
                    0.0,
                    0.0,
                    1.0
                ]
            ]
        },
        {
            "file_path": "/data/shapenet_blender/all_50_random/02958343/4e7d91a6e2300d88a3049d0dcf503cdf/r_28",
            "rotation": 0.12566370614359174,
            "transform_matrix": [
                [
                    0.5457248091697693,
                    -0.3478582799434662,
                    0.762350857257843,
                    3.0731348991394043
                ],
                [
                    0.8379643559455872,
                    0.22654294967651367,
                    -0.4964815378189087,
                    -2.0013811588287354
                ],
                [
                    0.0,
                    0.9097652435302734,
                    0.41512295603752136,
                    1.6734142303466797
                ],
                [
                    0.0,
                    0.0,
                    0.0,
                    1.0
                ]
            ]
        },
        {
            "file_path": "/data/shapenet_blender/all_50_random/02958343/4e7d91a6e2300d88a3049d0dcf503cdf/r_29",
            "rotation": 0.12566370614359174,
            "transform_matrix": [
                [
                    -0.12887217104434967,
                    0.2501935064792633,
                    0.959580659866333,
                    3.8681936264038086
                ],
                [
                    0.9916611909866333,
                    0.03251411020755768,
                    0.12470311671495438,
                    0.5026943683624268
                ],
                [
                    -1.862645149230957e-09,
                    0.9676496982574463,
                    -0.2522973418235779,
                    -1.0170432329177856
                ],
                [
                    0.0,
                    0.0,
                    0.0,
                    1.0
                ]
            ]
        },
        {
            "file_path": "/data/shapenet_blender/all_50_random/02958343/4e7d91a6e2300d88a3049d0dcf503cdf/r_30",
            "rotation": 0.12566370614359174,
            "transform_matrix": [
                [
                    -0.78997802734375,
                    -0.2385636568069458,
                    0.5648205280303955,
                    2.2768642902374268
                ],
                [
                    0.6131352782249451,
                    -0.3073710501194,
                    0.7277280688285828,
                    2.933565616607666
                ],
                [
                    1.4901162970204496e-08,
                    0.9212004542350769,
                    0.38908815383911133,
                    1.5684645175933838
                ],
                [
                    0.0,
                    0.0,
                    0.0,
                    1.0
                ]
            ]
        },
        {
            "file_path": "/data/shapenet_blender/all_50_random/02958343/4e7d91a6e2300d88a3049d0dcf503cdf/r_31",
            "rotation": 0.12566370614359174,
            "transform_matrix": [
                [
                    0.9263543486595154,
                    0.06209234893321991,
                    -0.3714997172355652,
                    -1.4975632429122925
                ],
                [
                    -0.3766530156135559,
                    0.15271222591400146,
                    -0.9136801958084106,
                    -3.6831626892089844
                ],
                [
                    0.0,
                    0.9863181710243225,
                    0.16485290229320526,
                    0.6645433306694031
                ],
                [
                    0.0,
                    0.0,
                    0.0,
                    1.0
                ]
            ]
        },
        {
            "file_path": "/data/shapenet_blender/all_50_random/02958343/4e7d91a6e2300d88a3049d0dcf503cdf/r_32",
            "rotation": 0.12566370614359174,
            "transform_matrix": [
                [
                    -0.7409114241600037,
                    -0.5999292731285095,
                    0.3018859922885895,
                    1.216941475868225
                ],
                [
                    0.6716028451919556,
                    -0.6618412137031555,
                    0.3330402672290802,
                    1.3425283432006836
                ],
                [
                    -1.4901161193847656e-08,
                    0.44950076937675476,
                    0.8932798504829407,
                    3.600926399230957
                ],
                [
                    0.0,
                    0.0,
                    0.0,
                    1.0
                ]
            ]
        },
        {
            "file_path": "/data/shapenet_blender/all_50_random/02958343/4e7d91a6e2300d88a3049d0dcf503cdf/r_33",
            "rotation": 0.12566370614359174,
            "transform_matrix": [
                [
                    0.2234780192375183,
                    0.519199013710022,
                    0.8249181509017944,
                    3.3253514766693115
                ],
                [
                    0.9747090339660645,
                    -0.11904020607471466,
                    -0.18913447856903076,
                    -0.7624254822731018
                ],
                [
                    -7.450581485102248e-09,
                    0.8463225364685059,
                    -0.5326707363128662,
                    -2.1472644805908203
                ],
                [
                    0.0,
                    0.0,
                    0.0,
                    1.0
                ]
            ]
        },
        {
            "file_path": "/data/shapenet_blender/all_50_random/02958343/4e7d91a6e2300d88a3049d0dcf503cdf/r_34",
            "rotation": 0.12566370614359174,
            "transform_matrix": [
                [
                    0.7149485349655151,
                    -0.15356230735778809,
                    -0.6821049451828003,
                    -2.7496531009674072
                ],
                [
                    -0.699177086353302,
                    -0.1570262610912323,
                    -0.6974913477897644,
                    -2.8116774559020996
                ],
                [
                    -7.450580596923828e-09,
                    0.9755825400352478,
                    -0.21963296830654144,
                    -0.885368824005127
                ],
                [
                    0.0,
                    0.0,
                    0.0,
                    1.0
                ]
            ]
        },
        {
            "file_path": "/data/shapenet_blender/all_50_random/02958343/4e7d91a6e2300d88a3049d0dcf503cdf/r_35",
            "rotation": 0.12566370614359174,
            "transform_matrix": [
                [
                    -0.13714200258255005,
                    0.8362160325050354,
                    0.530975341796875,
                    2.140430212020874
                ],
                [
                    0.9905514717102051,
                    0.1157742291688919,
                    0.07351361960172653,
                    0.2963429093360901
                ],
                [
                    3.725290742551124e-09,
                    0.5360401272773743,
                    -0.844192385673523,
                    -3.403048515319824
                ],
                [
                    0.0,
                    0.0,
                    0.0,
                    1.0
                ]
            ]
        },
        {
            "file_path": "/data/shapenet_blender/all_50_random/02958343/4e7d91a6e2300d88a3049d0dcf503cdf/r_36",
            "rotation": 0.12566370614359174,
            "transform_matrix": [
                [
                    -0.9753953218460083,
                    -0.019866345450282097,
                    0.2195662558078766,
                    0.8850998878479004
                ],
                [
                    0.22046320140361786,
                    -0.08789467811584473,
                    0.9714270234107971,
                    3.915947675704956
                ],
                [
                    1.862645371275562e-09,
                    0.9959316253662109,
                    0.09011185169219971,
                    0.3632524907588959
                ],
                [
                    0.0,
                    0.0,
                    0.0,
                    1.0
                ]
            ]
        },
        {
            "file_path": "/data/shapenet_blender/all_50_random/02958343/4e7d91a6e2300d88a3049d0dcf503cdf/r_37",
            "rotation": 0.12566370614359174,
            "transform_matrix": [
                [
                    -0.9979094862937927,
                    -0.0002881762629840523,
                    0.06462632864713669,
                    0.26051703095436096
                ],
                [
                    0.06462696194648743,
                    -0.004449750296771526,
                    0.9978996515274048,
                    4.0226616859436035
                ],
                [
                    2.9103826987286752e-11,
                    0.9999901056289673,
                    0.004459071438759565,
                    0.017975090071558952
                ],
                [
                    0.0,
                    0.0,
                    0.0,
                    1.0
                ]
            ]
        },
        {
            "file_path": "/data/shapenet_blender/all_50_random/02958343/4e7d91a6e2300d88a3049d0dcf503cdf/r_38",
            "rotation": 0.12566370614359174,
            "transform_matrix": [
                [
                    0.9989174604415894,
                    0.003925563767552376,
                    0.046351924538612366,
                    0.18685057759284973
                ],
                [
                    0.046517856419086456,
                    -0.08429695665836334,
                    -0.995354175567627,
                    -4.012401103973389
                ],
                [
                    0.0,
                    0.9964329600334167,
                    -0.08438830077648163,
                    -0.3401801288127899
                ],
                [
                    0.0,
                    0.0,
                    0.0,
                    1.0
                ]
            ]
        },
        {
            "file_path": "/data/shapenet_blender/all_50_random/02958343/4e7d91a6e2300d88a3049d0dcf503cdf/r_39",
            "rotation": 0.12566370614359174,
            "transform_matrix": [
                [
                    0.0012875006068497896,
                    -0.0386645644903183,
                    -0.9992513656616211,
                    -4.028111457824707
                ],
                [
                    -0.9999992251396179,
                    -4.9780683184508234e-05,
                    -0.001286537735722959,
                    -0.005186200141906738
                ],
                [
                    7.275958481545164e-12,
                    0.999252200126648,
                    -0.03866459056735039,
                    -0.155861958861351
                ],
                [
                    0.0,
                    0.0,
                    0.0,
                    1.0
                ]
            ]
        },
        {
            "file_path": "/data/shapenet_blender/all_50_random/02958343/4e7d91a6e2300d88a3049d0dcf503cdf/r_40",
            "rotation": 0.12566370614359174,
            "transform_matrix": [
                [
                    0.9242381453514099,
                    -0.24836765229701996,
                    0.28999561071395874,
                    1.169009804725647
                ],
                [
                    0.38181668519973755,
                    0.6012069582939148,
                    -0.701973021030426,
                    -2.8297441005706787
                ],
                [
                    0.0,
                    0.7595152854919434,
                    0.6504892110824585,
                    2.622206211090088
                ],
                [
                    0.0,
                    0.0,
                    0.0,
                    1.0
                ]
            ]
        },
        {
            "file_path": "/data/shapenet_blender/all_50_random/02958343/4e7d91a6e2300d88a3049d0dcf503cdf/r_41",
            "rotation": 0.12566370614359174,
            "transform_matrix": [
                [
                    0.15066485106945038,
                    0.1385277807712555,
                    -0.9788309335708618,
                    -3.945793867111206
                ],
                [
                    -0.9885849356651306,
                    0.021112270653247833,
                    -0.14917831122875214,
                    -0.6013570427894592
                ],
