{
    "class": "02958343",
    "model": "2a554a704a27618ea37f3fc191551700",
    "remove_doubles": true,
    "edge_split": true,
    "denoise": true,
    "camera_angle_x": 0.6911112070083618,
    "scale_factor": 2.272445921914849,
    "hdri_file": "/data/IndoorHDRDataset2018/9C4A6509-26b373bab0.exr",
    "center_offset": [
        0.0,
        0.0,
        -1.862645149230957e-09
    ],
    "lights": [],
    "frames": [
        {
            "file_path": "/data/shapenet_blender/all_50_random/02958343/2a554a704a27618ea37f3fc191551700/r_0",
            "rotation": 0.12566370614359174,
            "transform_matrix": [
                [
                    -0.9991302490234375,
                    -0.022170433774590492,
                    0.035318341106176376,
                    0.14237278699874878
                ],
                [
                    0.04170028120279312,
                    -0.531199038028717,
                    0.8462201952934265,
                    3.4112226963043213
                ],
                [
                    0.0,
                    0.8469569087028503,
                    0.5316615104675293,
                    2.1431961059570312
                ],
                [
                    0.0,
                    0.0,
                    0.0,
                    1.0
                ]
            ]
        },
        {
            "file_path": "/data/shapenet_blender/all_50_random/02958343/2a554a704a27618ea37f3fc191551700/r_1",
            "rotation": 0.12566370614359174,
            "transform_matrix": [
                [
                    -0.6801945567131042,
                    0.6709879636764526,
                    -0.295144647359848,
                    -1.1897661685943604
                ],
                [
                    -0.7330315709114075,
                    -0.622623085975647,
                    0.273870587348938,
                    1.104007601737976
                ],
                [
                    0.0,
                    0.4026355743408203,
                    0.9153603315353394,
                    3.6899354457855225
                ],
                [
                    0.0,
                    0.0,
                    0.0,
                    1.0
                ]
            ]
        },
        {
            "file_path": "/data/shapenet_blender/all_50_random/02958343/2a554a704a27618ea37f3fc191551700/r_2",
            "rotation": 0.12566370614359174,
            "transform_matrix": [
                [
                    0.33437812328338623,
                    0.14580872654914856,
                    -0.9310913681983948,
                    -3.7533490657806396
                ],
                [
                    -0.942439079284668,
                    0.05173305794596672,
                    -0.33035194873809814,
                    -1.3316912651062012
                ],
                [
                    3.725290298461914e-09,
                    0.9879592061042786,
                    0.15471424162387848,
                    0.6236730217933655
                ],
                [
                    0.0,
                    0.0,
                    0.0,
                    1.0
                ]
            ]
        },
        {
            "file_path": "/data/shapenet_blender/all_50_random/02958343/2a554a704a27618ea37f3fc191551700/r_3",
            "rotation": 0.12566370614359174,
            "transform_matrix": [
                [
                    -0.5236377120018005,
                    -0.1552249938249588,
                    -0.8376805782318115,
                    -3.376798391342163
                ],
                [
                    -0.8519411087036133,
                    0.09540760517120361,
                    0.5148726105690002,
                    2.0755178928375244
                ],
                [
                    0.0,
                    0.9832610487937927,
                    -0.1822015792131424,
                    -0.7344780564308167
                ],
                [
                    0.0,
                    0.0,
                    0.0,
                    1.0
                ]
            ]
        },
        {
            "file_path": "/data/shapenet_blender/all_50_random/02958343/2a554a704a27618ea37f3fc191551700/r_4",
            "rotation": 0.12566370614359174,
            "transform_matrix": [
                [
                    -0.9911970496177673,
                    0.0472145713865757,
                    0.1236904114484787,
                    0.4986119866371155
                ],
                [
                    0.13239538669586182,
                    0.35347867012023926,
                    0.9260260462760925,
                    3.7329304218292236
                ],
                [
                    0.0,
                    0.9342502355575562,
                    -0.3566179871559143,
                    -1.4375730752944946
                ],
                [
                    0.0,
                    0.0,
                    0.0,
                    1.0
                ]
            ]
        },
        {
            "file_path": "/data/shapenet_blender/all_50_random/02958343/2a554a704a27618ea37f3fc191551700/r_5",
            "rotation": 0.12566370614359174,
            "transform_matrix": [
                [
                    -0.4690614342689514,
                    -0.22188428044319153,
                    -0.8548384308815002,
                    -3.4459638595581055
                ],
                [
                    -0.8831656575202942,
                    0.1178458034992218,
                    0.45401647686958313,
                    1.8301990032196045
                ],
                [
                    0.0,
                    0.9679254293441772,
                    -0.2512374818325043,
                    -1.012770652770996
                ],
                [
                    0.0,
                    0.0,
                    0.0,
                    1.0
                ]
            ]
        },
        {
            "file_path": "/data/shapenet_blender/all_50_random/02958343/2a554a704a27618ea37f3fc191551700/r_6",
            "rotation": 0.12566370614359174,
            "transform_matrix": [
                [
                    0.7962254285812378,
                    -0.08835220336914062,
                    -0.5985138416290283,
                    -2.412686586380005
                ],
                [
                    -0.6049998998641968,
                    -0.11627815663814545,
                    -0.7876892685890198,
                    -3.1752769947052
                ],
                [
                    -7.450580152834618e-09,
                    0.9892791509628296,
                    -0.14603669941425323,
                    -0.5886927843093872
                ],
                [
                    0.0,
                    0.0,
                    0.0,
                    1.0
                ]
            ]
        },
        {
            "file_path": "/data/shapenet_blender/all_50_random/02958343/2a554a704a27618ea37f3fc191551700/r_7",
            "rotation": 0.12566370614359174,
            "transform_matrix": [
                [
                    -0.29334041476249695,
                    -0.038436271250247955,
                    -0.9552350640296936,
                    -3.8506758213043213
                ],
                [
                    -0.9560081362724304,
                    0.011793741025030613,
                    0.2931032180786133,
                    1.1815369129180908
                ],
                [
                    0.0,
                    0.9991912841796875,
                    -0.0402049720287323,
                    -0.16207142174243927
                ],
                [
                    0.0,
                    0.0,
                    0.0,
                    1.0
                ]
            ]
        },
        {
            "file_path": "/data/shapenet_blender/all_50_random/02958343/2a554a704a27618ea37f3fc191551700/r_8",
            "rotation": 0.12566370614359174,
            "transform_matrix": [
                [
                    -0.9432251453399658,
                    0.3094097673892975,
                    -0.12079677730798721,
                    -0.4869474172592163
                ],
                [
                    -0.3321540057659149,
                    -0.8786377906799316,
                    0.34302929043769836,
                    1.3827954530715942
                ],
                [
                    7.450581485102248e-09,
                    0.3636769652366638,
                    0.9315249919891357,
                    3.7550976276397705
                ],
                [
                    0.0,
                    0.0,
                    0.0,
                    1.0
                ]
            ]
        },
        {
            "file_path": "/data/shapenet_blender/all_50_random/02958343/2a554a704a27618ea37f3fc191551700/r_9",
            "rotation": 0.12566370614359174,
            "transform_matrix": [
                [
                    0.013189156539738178,
                    -0.26080480217933655,
                    -0.9653014540672302,
                    -3.8912546634674072
                ],
                [
                    -0.9999130964279175,
                    -0.0034400946460664272,
                    -0.012732618488371372,
                    -0.051326826214790344
                ],
                [
                    -2.3283067140944524e-10,
                    0.9653852581977844,
                    -0.26082754135131836,
                    -1.0514293909072876
                ],
                [
                    0.0,
                    0.0,
                    0.0,
                    1.0
                ]
            ]
        },
        {
            "file_path": "/data/shapenet_blender/all_50_random/02958343/2a554a704a27618ea37f3fc191551700/r_10",
            "rotation": 0.12566370614359174,
            "transform_matrix": [
                [
                    -0.604549765586853,
                    -0.22510002553462982,
                    0.7641004920005798,
                    3.0801877975463867
                ],
                [
                    0.796567440032959,
                    -0.17083820700645447,
                    0.5799091458320618,
                    2.337688684463501
                ],
                [
                    0.0,
                    0.959241509437561,
                    0.2825874984264374,
                    1.1391468048095703
                ],
                [
                    0.0,
                    0.0,
                    0.0,
                    1.0
                ]
            ]
        },
        {
            "file_path": "/data/shapenet_blender/all_50_random/02958343/2a554a704a27618ea37f3fc191551700/r_11",
            "rotation": 0.12566370614359174,
            "transform_matrix": [
                [
                    -0.9905047416687012,
                    -0.03919939324259758,
                    -0.13177147507667542,
                    -0.531187891960144
                ],
                [
                    -0.13747842609882355,
                    0.28242385387420654,
                    0.9493873119354248,
                    3.8271028995513916
                ],
                [
                    3.725290298461914e-09,
                    0.958488404750824,
                    -0.28513121604919434,
                    -1.1494008302688599
                ],
                [
                    0.0,
                    0.0,
                    0.0,
                    1.0
                ]
            ]
        },
        {
            "file_path": "/data/shapenet_blender/all_50_random/02958343/2a554a704a27618ea37f3fc191551700/r_12",
            "rotation": 0.12566370614359174,
            "transform_matrix": [
                [
                    0.9323680400848389,
                    0.0387081578373909,
                    -0.359432190656662,
                    -1.4489175081253052
                ],
                [
                    -0.3615104854106903,
                    0.09983181953430176,
                    -0.9270079731941223,
                    -3.7368886470794678
                ],
                [
                    0.0,
                    0.9942511320114136,
                    0.10707340389490128,
                    0.43162670731544495
                ],
                [
                    0.0,
                    0.0,
                    0.0,
                    1.0
                ]
            ]
        },
        {
            "file_path": "/data/shapenet_blender/all_50_random/02958343/2a554a704a27618ea37f3fc191551700/r_13",
            "rotation": 0.12566370614359174,
            "transform_matrix": [
                [
                    -0.7154874205589294,
                    0.6727266907691956,
                    0.18845820426940918,
                    0.7596993446350098
                ],
                [
                    0.6986255645751953,
                    0.6889634132385254,
                    0.19300676882266998,
                    0.7780351638793945
                ],
                [
                    0.0,
                    0.2697557806968689,
                    -0.9629287719726562,
                    -3.88169002532959
                ],
                [
                    0.0,
                    0.0,
                    0.0,
                    1.0
                ]
            ]
        },
        {
            "file_path": "/data/shapenet_blender/all_50_random/02958343/2a554a704a27618ea37f3fc191551700/r_14",
            "rotation": 0.12566370614359174,
            "transform_matrix": [
                [
                    -0.7118390202522278,
                    0.6755473017692566,
                    -0.1921485960483551,
                    -0.7745757699012756
                ],
                [
                    -0.7023427486419678,
                    -0.684681236743927,
                    0.19474659860134125,
                    0.7850486636161804
                ],
                [
                    0.0,
                    0.27358242869377136,
                    0.9618485569953918,
                    3.877335548400879
                ],
                [
                    0.0,
                    0.0,
                    0.0,
                    1.0
                ]
            ]
        },
        {
            "file_path": "/data/shapenet_blender/all_50_random/02958343/2a554a704a27618ea37f3fc191551700/r_15",
            "rotation": 0.12566370614359174,
            "transform_matrix": [
                [
                    -0.8755611181259155,
                    0.00037873972905799747,
                    0.48310723900794983,
                    1.94746732711792
                ],
                [
                    0.4831073582172394,
                    0.0006864101160317659,
                    0.8755609393119812,
                    3.52949857711792
                ],
                [
                    2.9103826987286752e-11,
                    0.9999997019767761,
                    -0.0007839660975150764,
                    -0.0031602680683135986
                ],
                [
                    0.0,
                    0.0,
                    0.0,
                    1.0
                ]
            ]
        },
        {
            "file_path": "/data/shapenet_blender/all_50_random/02958343/2a554a704a27618ea37f3fc191551700/r_16",
            "rotation": 0.12566370614359174,
            "transform_matrix": [
                [
                    -0.6871606111526489,
                    -0.6672326326370239,
                    0.2874211072921753,
                    1.1586315631866455
                ],
                [
                    0.7265055179595947,
                    -0.6310977339744568,
                    0.2718554139137268,
                    1.0958842039108276
                ],
                [
                    0.0,
                    0.3956213593482971,
                    0.9184136986732483,
                    3.7022440433502197
                ],
                [
                    0.0,
                    0.0,
                    0.0,
                    1.0
                ]
            ]
        },
        {
            "file_path": "/data/shapenet_blender/all_50_random/02958343/2a554a704a27618ea37f3fc191551700/r_17",
            "rotation": 0.12566370614359174,
            "transform_matrix": [
                [
                    0.4720521569252014,
                    -0.8643289804458618,
                    -0.17349980771541595,
                    -0.6994000673294067
                ],
                [
                    -0.88157057762146,
                    -0.46281981468200684,
                    -0.09290345758199692,
                    -0.37450578808784485
                ],
                [
                    0.0,
                    0.19680730998516083,
                    -0.9804421067237854,
                    -3.9522883892059326
                ],
                [
                    0.0,
                    0.0,
                    0.0,
                    1.0
                ]
            ]
        },
        {
            "file_path": "/data/shapenet_blender/all_50_random/02958343/2a554a704a27618ea37f3fc191551700/r_18",
            "rotation": 0.12566370614359174,
            "transform_matrix": [
                [
                    -0.9868443608283997,
                    -0.13726845383644104,
                    0.08541357517242432,
                    0.3443131446838379
                ],
                [
                    0.16167283058166504,
                    -0.8378810286521912,
                    0.5213609337806702,
                    2.101673126220703
                ],
                [
                    0.0,
                    0.5283110737800598,
                    0.8490508198738098,
                    3.422633409500122
                ],
                [
                    0.0,
                    0.0,
                    0.0,
                    1.0
                ]
            ]
        },
        {
            "file_path": "/data/shapenet_blender/all_50_random/02958343/2a554a704a27618ea37f3fc191551700/r_19",
            "rotation": 0.12566370614359174,
            "transform_matrix": [
                [
                    0.5834082365036011,
                    -0.07204392552375793,
                    0.8089774250984192,
                    3.2610924243927
                ],
                [
                    0.8121791481971741,
                    0.05175092816352844,
                    -0.5811084508895874,
                    -2.3425230979919434
                ],
                [
                    0.0,
                    0.99605792760849,
                    0.08870448917150497,
                    0.35757923126220703
                ],
                [
                    0.0,
                    0.0,
                    0.0,
                    1.0
                ]
            ]
        },
        {
            "file_path": "/data/shapenet_blender/all_50_random/02958343/2a554a704a27618ea37f3fc191551700/r_20",
            "rotation": 0.12566370614359174,
            "transform_matrix": [
                [
                    -0.3559717833995819,
                    -0.23008722066879272,
                    -0.9057283997535706,
                    -3.6511080265045166
                ],
                [
                    -0.9344967007637024,
                    0.08764563500881195,
                    0.34501326084136963,
                    1.390792965888977
                ],
                [
                    0.0,
                    0.9692151546478271,
                    -0.2462151199579239,
                    -0.9925249218940735
                ],
                [
                    0.0,
                    0.0,
                    0.0,
                    1.0
                ]
            ]
        },
        {
            "file_path": "/data/shapenet_blender/all_50_random/02958343/2a554a704a27618ea37f3fc191551700/r_21",
            "rotation": 0.12566370614359174,
            "transform_matrix": [
                [
                    0.8846533894538879,
                    -0.1608215868473053,
                    -0.4376353323459625,
                    -1.7641642093658447
                ],
                [
                    -0.4662490785121918,
                    -0.30514025688171387,
                    -0.8303621411323547,
                    -3.3472964763641357
                ],
                [
                    0.0,
                    0.9386298060417175,
                    -0.34492629766464233,
                    -1.3904422521591187
                ],
                [
                    0.0,
                    0.0,
                    0.0,
                    1.0
                ]
            ]
        },
        {
            "file_path": "/data/shapenet_blender/all_50_random/02958343/2a554a704a27618ea37f3fc191551700/r_22",
            "rotation": 0.12566370614359174,
            "transform_matrix": [
                [
                    -0.7469214797019958,
                    0.5092851519584656,
                    -0.42747730016708374,
                    -1.72321617603302
                ],
                [
                    -0.664912223815918,
                    -0.5720996260643005,
                    0.4802016615867615,
                    1.9357548952102661
                ],
                [
                    -2.9802322387695312e-08,
                    0.6429077386856079,
                    0.7659434676170349,
                    3.0876171588897705
                ],
                [
                    0.0,
                    0.0,
                    0.0,
                    1.0
                ]
            ]
        },
        {
            "file_path": "/data/shapenet_blender/all_50_random/02958343/2a554a704a27618ea37f3fc191551700/r_23",
            "rotation": 0.12566370614359174,
            "transform_matrix": [
                [
                    0.6716842651367188,
                    0.6912980675697327,
                    -0.2663589417934418,
                    -1.0737273693084717
                ],
                [
                    -0.7408374547958374,
                    0.6267691254615784,
                    -0.2414957880973816,
                    -0.9735007286071777
                ],
                [
                    0.0,
                    0.35953769087791443,
                    0.9331305623054504,
                    3.7615697383880615
                ],
                [
                    0.0,
                    0.0,
                    0.0,
                    1.0
                ]
            ]
        },
        {
            "file_path": "/data/shapenet_blender/all_50_random/02958343/2a554a704a27618ea37f3fc191551700/r_24",
            "rotation": 0.12566370614359174,
            "transform_matrix": [
                [
                    0.9601802229881287,
                    -0.1761910766363144,
                    0.21681949496269226,
                    0.8740273714065552
                ],
                [
                    0.2793814539909363,
                    0.6055347919464111,
                    -0.7451667785644531,
                    -3.003863573074341
                ],
                [
                    -1.4901161193847656e-08,
                    0.7760698199272156,
                    0.6306469440460205,
                    2.542219400405884
                ],
                [
                    0.0,
                    0.0,
                    0.0,
                    1.0
                ]
            ]
        },
        {
            "file_path": "/data/shapenet_blender/all_50_random/02958343/2a554a704a27618ea37f3fc191551700/r_25",
            "rotation": 0.12566370614359174,
            "transform_matrix": [
                [
                    -0.979947030544281,
                    0.054354943335056305,
                    0.1917014718055725,
                    0.7727733254432678
                ],
                [
                    0.19925841689109802,
                    0.2673160135746002,
                    0.9427821636199951,
                    3.800476551055908
                ],
                [
                    -3.725290298461914e-09,
                    0.9620746374130249,
                    -0.2727862000465393,
                    -1.0996363162994385
                ],
                [
                    0.0,
                    0.0,
                    0.0,
                    1.0
                ]
            ]
        },
        {
            "file_path": "/data/shapenet_blender/all_50_random/02958343/2a554a704a27618ea37f3fc191551700/r_26",
            "rotation": 0.12566370614359174,
            "transform_matrix": [
                [
                    -0.719910740852356,
                    0.6438735127449036,
                    0.2591436207294464,
                    1.0446414947509766
                ],
                [
                    0.6940666437149048,
                    0.6678485870361328,
                    0.2687930166721344,
                    1.0835394859313965
                ],
                [
                    0.0,
                    0.3733699321746826,
                    -0.9276824593544006,
                    -3.739607810974121
                ],
                [
                    0.0,
                    0.0,
                    0.0,
                    1.0
                ]
            ]
        },
        {
            "file_path": "/data/shapenet_blender/all_50_random/02958343/2a554a704a27618ea37f3fc191551700/r_27",
            "rotation": 0.12566370614359174,
            "transform_matrix": [
                [
                    -0.9545453786849976,
                    -0.0014574042288586497,
                    0.29806214570999146,
                    1.2015271186828613
                ],
                [
                    0.29806575179100037,
                    -0.004667286761105061,
                    0.9545338153839111,
                    3.847849130630493
                ],
                [
                    0.0,
                    0.9999880790710449,
                    0.004889538511633873,
                    0.01971036195755005
                ],
                [
                    0.0,
                    0.0,
                    0.0,
                    1.0
                ]
            ]
        },
        {
            "file_path": "/data/shapenet_blender/all_50_random/02958343/2a554a704a27618ea37f3fc191551700/r_28",
            "rotation": 0.12566370614359174,
            "transform_matrix": [
                [
                    0.3750198781490326,
                    0.49537181854248047,
                    0.7835603356361389,
                    3.158632516860962
                ],
                [
                    0.9270166754722595,
                    -0.20040014386177063,
                    -0.3169853389263153,
                    -1.2778087854385376
                ],
                [
                    0.0,
                    0.8452492952346802,
                    -0.5343720316886902,
                    -2.1541225910186768
                ],
                [
                    0.0,
                    0.0,
                    0.0,
                    1.0
                ]
            ]
        },
        {
            "file_path": "/data/shapenet_blender/all_50_random/02958343/2a554a704a27618ea37f3fc191551700/r_29",
            "rotation": 0.12566370614359174,
            "transform_matrix": [
                [
                    0.1430101841688156,
                    0.9162050485610962,
                    0.3743211030960083,
                    1.5089366436004639
                ],
                [
                    0.9897212982177734,
                    -0.1323874294757843,
                    -0.05408768728375435,
                    -0.21803444623947144
                ],
                [
                    -3.725290742551124e-09,
                    0.3782084882259369,
                    -0.9257203340530396,
                    -3.7316980361938477
                ],
                [
                    0.0,
                    0.0,
                    0.0,
                    1.0
                ]
            ]
        },
        {
            "file_path": "/data/shapenet_blender/all_50_random/02958343/2a554a704a27618ea37f3fc191551700/r_30",
            "rotation": 0.12566370614359174,
            "transform_matrix": [
                [
                    -0.7778411507606506,
                    -0.1755041927099228,
                    -0.6034577488899231,
                    -2.4326162338256836
                ],
                [
                    -0.6284608244895935,
                    0.21722018718719482,
                    0.7468950152397156,
                    3.0108304023742676
                ],
                [
                    0.0,
                    0.9602153897285461,
                    -0.2792602777481079,
                    -1.1257343292236328
                ],
                [
                    0.0,
                    0.0,
                    0.0,
                    1.0
                ]
            ]
        },
        {
            "file_path": "/data/shapenet_blender/all_50_random/02958343/2a554a704a27618ea37f3fc191551700/r_31",
            "rotation": 0.12566370614359174,
            "transform_matrix": [
                [
                    -0.23447053134441376,
                    -0.7789320349693298,
                    0.5816254615783691,
                    2.344607353210449
                ],
                [
                    0.9721232056617737,
                    -0.1878739297389984,
                    0.1402847170829773,
                    0.565505862236023
                ],
                [
                    0.0,
                    0.598304271697998,
                    0.8012688755989075,
                    3.230018377304077
                ],
                [
                    0.0,
                    0.0,
                    0.0,
                    1.0
                ]
            ]
        },
        {
            "file_path": "/data/shapenet_blender/all_50_random/02958343/2a554a704a27618ea37f3fc191551700/r_32",
            "rotation": 0.12566370614359174,
            "transform_matrix": [
                [
                    -0.9907713532447815,
                    0.061481326818466187,
                    0.12079813331365585,
                    0.48695284128189087
                ],
                [
                    0.13554386794567108,
                    0.4494038224220276,
                    0.8829858303070068,
                    3.55942964553833
                ],
                [
                    -3.725290298461914e-09,
                    0.8912103772163391,
                    -0.45358991622924805,
                    -1.8284794092178345
                ],
                [
                    0.0,
                    0.0,
                    0.0,
                    1.0
                ]
            ]
        },
        {
            "file_path": "/data/shapenet_blender/all_50_random/02958343/2a554a704a27618ea37f3fc191551700/r_33",
            "rotation": 0.12566370614359174,
            "transform_matrix": [
                [
                    -0.8841114044189453,
                    0.10175709426403046,
                    0.456061989068985,
                    1.838444709777832
                ],
                [
                    0.4672761857509613,
                    0.1925298273563385,
                    0.8628935217857361,
                    3.4784350395202637
                ],
                [
                    0.0,
                    0.9760009050369263,
                    -0.21776649355888367,
                    -0.8778448104858398
                ],
                [
                    0.0,
                    0.0,
                    0.0,
                    1.0
                ]
            ]
        },
        {
            "file_path": "/data/shapenet_blender/all_50_random/02958343/2a554a704a27618ea37f3fc191551700/r_34",
            "rotation": 0.12566370614359174,
            "transform_matrix": [
                [
                    -0.1619296371936798,
                    -0.5961853861808777,
                    0.7863470315933228,
                    3.1698663234710693
                ],
                [
                    0.986802339553833,
                    -0.09783122688531876,
                    0.1290358603000641,
                    0.5201601982116699
                ],
                [
                    0.0,
                    0.7968637347221375,
                    0.6041589379310608,
                    2.4354426860809326
                ],
                [
                    0.0,
                    0.0,
                    0.0,
                    1.0
                ]
            ]
        },
        {
            "file_path": "/data/shapenet_blender/all_50_random/02958343/2a554a704a27618ea37f3fc191551700/r_35",
            "rotation": 0.12566370614359174,
            "transform_matrix": [
                [
                    -0.9790729880332947,
                    0.1251080185174942,
                    0.1605122834444046,
                    0.6470457315444946
                ],
                [
                    0.20350974798202515,
                    0.601887047290802,
                    0.7722148299217224,
                    3.1128976345062256
                ],
                [
                    7.450581485102248e-09,
                    0.788720428943634,
                    -0.6147519946098328,
                    -2.478144645690918
                ],
                [
                    0.0,
                    0.0,
                    0.0,
                    1.0
                ]
            ]
        },
        {
            "file_path": "/data/shapenet_blender/all_50_random/02958343/2a554a704a27618ea37f3fc191551700/r_36",
            "rotation": 0.12566370614359174,
            "transform_matrix": [
                [
                    -0.5870014429092407,
                    -0.4189753830432892,
                    -0.6927401423454285,
                    -2.792525053024292
                ],
                [
                    -0.8095859289169312,
                    0.3037838637828827,
                    0.5022807717323303,
                    2.024758815765381
                ],
                [
                    0.0,
                    0.8556721806526184,
                    -0.5175181031227112,
                    -2.0861823558807373
                ],
                [
                    0.0,
                    0.0,
                    0.0,
                    1.0
                ]
            ]
        },
        {
            "file_path": "/data/shapenet_blender/all_50_random/02958343/2a554a704a27618ea37f3fc191551700/r_37",
            "rotation": 0.12566370614359174,
            "transform_matrix": [
                [
                    -0.27738073468208313,
                    -0.5944527983665466,
                    0.7547752857208252,
                    3.0425965785980225
                ],
                [
                    0.9607601761817932,
                    -0.17162427306175232,
                    0.21791093051433563,
                    0.8784270286560059
                ],
                [
                    0.0,
                    0.7856021523475647,
                    0.6187318563461304,
                    2.494187831878662
                ],
                [
                    0.0,
                    0.0,
                    0.0,
                    1.0
                ]
            ]
        },
        {
            "file_path": "/data/shapenet_blender/all_50_random/02958343/2a554a704a27618ea37f3fc191551700/r_38",
            "rotation": 0.12566370614359174,
            "transform_matrix": [
                [
                    -0.7388737201690674,
                    -0.403518944978714,
                    -0.5396648645401001,
                    -2.1754586696624756
                ],
                [
                    -0.6738439798355103,
                    0.4424607753753662,
                    0.5917455554008484,
                    2.3854026794433594
                ],
                [
                    -1.4901162970204496e-08,
                    0.8008750677108765,
                    -0.5988313555717468,
                    -2.413966417312622
                ],
                [
                    0.0,
                    0.0,
                    0.0,
                    1.0
                ]
            ]
        },
        {
            "file_path": "/data/shapenet_blender/all_50_random/02958343/2a554a704a27618ea37f3fc191551700/r_39",
            "rotation": 0.12566370614359174,
            "transform_matrix": [
                [
                    0.29066047072410583,
                    -0.746204674243927,
                    -0.5989115238189697,
                    -2.4142894744873047
                ],
                [
                    -0.9568262696266174,
                    -0.2266787737607956,
                    -0.18193471431732178,
                    -0.7334023118019104
                ],
                [
                    0.0,
                    0.6259355545043945,
                    -0.7798748016357422,
                    -3.1437759399414062
                ],
                [
                    0.0,
                    0.0,
                    0.0,
                    1.0
                ]
            ]
        },
        {
            "file_path": "/data/shapenet_blender/all_50_random/02958343/2a554a704a27618ea37f3fc191551700/r_40",
            "rotation": 0.12566370614359174,
            "transform_matrix": [
                [
                    -0.4492571949958801,
                    0.5295600891113281,
                    0.7195373177528381,
                    2.900547981262207
                ],
                [
                    0.8934024572372437,
                    0.26629507541656494,
                    0.36182722449302673,
                    1.458572268486023
                ],
                [
                    1.4901161193847656e-08,
                    0.8053900003433228,
                    -0.5927452445030212,
                    -2.389432668685913
                ],
                [
                    0.0,
                    0.0,
                    0.0,
                    1.0
                ]
            ]
        },
        {
            "file_path": "/data/shapenet_blender/all_50_random/02958343/2a554a704a27618ea37f3fc191551700/r_41",
            "rotation": 0.12566370614359174,
            "transform_matrix": [
                [
                    0.30068185925483704,
                    -0.2699184715747833,
                    -0.9147318005561829,
                    -3.6874020099639893
                ],
                [
                    -0.9537244439125061,
                    -0.0850975289940834,
                    -0.28838860988616943,
                    -1.1625317335128784
                ],
                [
                    0.0,
                    0.9591153860092163,
                    -0.28301510214805603,
                    -1.140870451927185
