{
    "class": "02958343",
    "model": "3973846825fc4d857cb2a55fa21392b7",
    "remove_doubles": true,
    "edge_split": true,
    "denoise": true,
    "camera_angle_x": 0.6911112070083618,
    "scale_factor": 2.2400429390555145,
    "hdri_file": "/data/IndoorHDRDataset2018/9C4A7494-e43fb40590.exr",
    "center_offset": [
        0.0,
        -1.862645149230957e-09,
        -3.725290298461914e-09
    ],
    "lights": [],
    "frames": [
        {
            "file_path": "/data/shapenet_blender/all_50_random/02958343/3973846825fc4d857cb2a55fa21392b7/r_0",
            "rotation": 0.12566370614359174,
            "transform_matrix": [
                [
                    0.8882936835289001,
                    -0.21414461731910706,
                    -0.4062960743904114,
                    -1.6378318071365356
                ],
                [
                    -0.4592759907245636,
                    -0.41418081521987915,
                    -0.7858242988586426,
                    -3.1677591800689697
                ],
                [
                    1.4901161193847656e-08,
                    0.8846448063850403,
                    -0.46626564860343933,
                    -1.8795769214630127
                ],
                [
                    0.0,
                    0.0,
                    0.0,
                    1.0
                ]
            ]
        },
        {
            "file_path": "/data/shapenet_blender/all_50_random/02958343/3973846825fc4d857cb2a55fa21392b7/r_1",
            "rotation": 0.12566370614359174,
            "transform_matrix": [
                [
                    0.5789660215377808,
                    -0.39698994159698486,
                    -0.7121778726577759,
                    -2.8708808422088623
                ],
                [
                    -0.8153517842292786,
                    -0.28189513087272644,
                    -0.5057042241096497,
                    -2.0385589599609375
                ],
                [
                    1.4901162970204496e-08,
                    0.8734609484672546,
                    -0.4868941307067871,
                    -1.9627330303192139
                ],
                [
                    0.0,
                    0.0,
                    0.0,
                    1.0
                ]
            ]
        },
        {
            "file_path": "/data/shapenet_blender/all_50_random/02958343/3973846825fc4d857cb2a55fa21392b7/r_2",
            "rotation": 0.12566370614359174,
            "transform_matrix": [
                [
                    0.9881734251976013,
                    -0.11994686722755432,
                    -0.09553050994873047,
                    -0.38509583473205566
                ],
                [
                    -0.15334057807922363,
                    -0.7729741930961609,
                    -0.6156277060508728,
                    -2.481674909591675
                ],
                [
                    0.0,
                    0.6229957342147827,
                    -0.7822251915931702,
                    -3.1532509326934814
                ],
                [
                    0.0,
                    0.0,
                    0.0,
                    1.0
                ]
            ]
        },
        {
            "file_path": "/data/shapenet_blender/all_50_random/02958343/3973846825fc4d857cb2a55fa21392b7/r_3",
            "rotation": 0.12566370614359174,
            "transform_matrix": [
                [
                    0.8888090252876282,
                    -0.42156776785850525,
                    -0.17971982061862946,
                    -0.724473774433136
                ],
                [
                    -0.4582778811454773,
                    -0.8176114559173584,
                    -0.34855836629867554,
                    -1.4050837755203247
                ],
                [
                    -1.4901161193847656e-08,
                    0.39216339588165283,
                    -0.9198955297470093,
                    -3.7082173824310303
                ],
                [
                    0.0,
                    0.0,
                    0.0,
                    1.0
                ]
            ]
        },
        {
            "file_path": "/data/shapenet_blender/all_50_random/02958343/3973846825fc4d857cb2a55fa21392b7/r_4",
            "rotation": 0.12566370614359174,
            "transform_matrix": [
                [
                    0.5721361637115479,
                    -0.1956055909395218,
                    -0.7964913845062256,
                    -3.2107596397399902
                ],
                [
                    -0.8201587200164795,
                    -0.13645289838314056,
                    -0.5556260347366333,
                    -2.239800453186035
                ],
                [
                    0.0,
                    0.9711430668830872,
                    -0.2384972721338272,
                    -0.9614133238792419
                ],
                [
                    0.0,
                    0.0,
                    0.0,
                    1.0
                ]
            ]
        },
        {
            "file_path": "/data/shapenet_blender/all_50_random/02958343/3973846825fc4d857cb2a55fa21392b7/r_5",
            "rotation": 0.12566370614359174,
            "transform_matrix": [
                [
                    0.3263457119464874,
                    -0.3068978190422058,
                    -0.8940426111221313,
                    -3.604001045227051
                ],
                [
                    -0.9452505707740784,
                    -0.1059558168053627,
                    -0.30866628885269165,
                    -1.2442736625671387
                ],
                [
                    0.0,
                    0.9458261132240295,
                    -0.32467353343963623,
                    -1.3088009357452393
                ],
                [
                    0.0,
                    0.0,
                    0.0,
                    1.0
                ]
            ]
        },
        {
            "file_path": "/data/shapenet_blender/all_50_random/02958343/3973846825fc4d857cb2a55fa21392b7/r_6",
            "rotation": 0.12566370614359174,
            "transform_matrix": [
                [
                    -0.3233436942100525,
                    0.1416291445493698,
                    -0.9356228113174438,
                    -3.771616220474243
                ],
                [
                    -0.9462816715240479,
                    -0.04839456453919411,
                    0.31970155239105225,
                    1.2887581586837769
                ],
                [
                    0.0,
                    0.9887360334396362,
                    0.14966915547847748,
                    0.6033356785774231
                ],
                [
                    0.0,
                    0.0,
                    0.0,
                    1.0
                ]
            ]
        },
        {
            "file_path": "/data/shapenet_blender/all_50_random/02958343/3973846825fc4d857cb2a55fa21392b7/r_7",
            "rotation": 0.12566370614359174,
            "transform_matrix": [
                [
                    -0.833063542842865,
                    0.0012090107193216681,
                    -0.5531759858131409,
                    -2.229923725128174
                ],
                [
                    -0.5531772971153259,
                    -0.0018207230605185032,
                    0.8330615162849426,
                    3.3581783771514893
                ],
                [
                    0.0,
                    0.999997615814209,
                    0.002185575198382139,
                    0.008810335770249367
                ],
                [
                    0.0,
                    0.0,
                    0.0,
                    1.0
                ]
            ]
        },
        {
            "file_path": "/data/shapenet_blender/all_50_random/02958343/3973846825fc4d857cb2a55fa21392b7/r_8",
            "rotation": 0.12566370614359174,
            "transform_matrix": [
                [
                    -0.5494498610496521,
                    0.5766847729682922,
                    0.6045986413955688,
                    2.4372150897979736
                ],
                [
                    0.8355268239974976,
                    0.3792330026626587,
                    0.39758941531181335,
                    1.6027342081069946
                ],
                [
                    0.0,
                    0.7236137390136719,
                    -0.6902050971984863,
                    -2.7823057174682617
                ],
                [
                    0.0,
                    0.0,
                    0.0,
                    1.0
                ]
            ]
        },
        {
            "file_path": "/data/shapenet_blender/all_50_random/02958343/3973846825fc4d857cb2a55fa21392b7/r_9",
            "rotation": 0.12566370614359174,
            "transform_matrix": [
                [
                    0.7443183064460754,
                    -0.588840663433075,
                    0.31505051255226135,
                    1.2700092792510986
                ],
                [
                    0.667824923992157,
                    0.6562870740890503,
                    -0.3511367440223694,
                    -1.4154775142669678
                ],
                [
                    1.4901160305669237e-08,
                    0.47175610065460205,
                    0.8817290663719177,
                    3.554363489151001
                ],
                [
                    0.0,
                    0.0,
                    0.0,
                    1.0
                ]
            ]
        },
        {
            "file_path": "/data/shapenet_blender/all_50_random/02958343/3973846825fc4d857cb2a55fa21392b7/r_10",
            "rotation": 0.12566370614359174,
            "transform_matrix": [
                [
                    0.22246567904949188,
                    0.9569205641746521,
                    -0.186579167842865,
                    -0.7521246671676636
                ],
                [
                    -0.9749405384063721,
                    0.21835380792617798,
                    -0.04257434979081154,
                    -0.17162269353866577
                ],
                [
                    0.0,
                    0.19137495756149292,
                    0.9815170168876648,
                    3.9566216468811035
                ],
                [
                    0.0,
                    0.0,
                    0.0,
                    1.0
                ]
            ]
        },
        {
            "file_path": "/data/shapenet_blender/all_50_random/02958343/3973846825fc4d857cb2a55fa21392b7/r_11",
            "rotation": 0.12566370614359174,
            "transform_matrix": [
                [
                    0.9760528206825256,
                    0.13256147503852844,
                    -0.1724773347377777,
                    -0.6952783465385437
                ],
                [
                    -0.2175338864326477,
                    0.5947901010513306,
                    -0.7738886475563049,
                    -3.1196448802948
                ],
                [
                    -1.4901162970204496e-08,
                    0.7928757667541504,
                    0.6093831658363342,
                    2.4565021991729736
                ],
                [
                    0.0,
                    0.0,
                    0.0,
                    1.0
                ]
            ]
        },
        {
            "file_path": "/data/shapenet_blender/all_50_random/02958343/3973846825fc4d857cb2a55fa21392b7/r_12",
            "rotation": 0.12566370614359174,
            "transform_matrix": [
                [
                    -0.4251275360584259,
                    0.827875554561615,
                    0.3659078776836395,
                    1.4750218391418457
                ],
                [
                    0.9051334857940674,
                    0.3888406753540039,
                    0.1718614101409912,
                    0.6927955150604248
                ],
                [
                    -1.4901161193847656e-08,
                    0.40425845980644226,
                    -0.9146447777748108,
                    -3.6870510578155518
                ],
                [
                    0.0,
                    0.0,
                    0.0,
                    1.0
                ]
            ]
        },
        {
            "file_path": "/data/shapenet_blender/all_50_random/02958343/3973846825fc4d857cb2a55fa21392b7/r_13",
            "rotation": 0.12566370614359174,
            "transform_matrix": [
                [
                    0.23566964268684387,
                    -0.020299624651670456,
                    -0.9716212153434753,
                    -3.9167304039001465
                ],
                [
                    -0.9718332886695862,
                    -0.004922660533338785,
                    -0.2356182187795639,
                    -0.9498074054718018
                ],
                [
                    0.0,
                    0.9997817277908325,
                    -0.02088797464966774,
                    -0.0842021182179451
                ],
                [
                    0.0,
                    0.0,
                    0.0,
                    1.0
                ]
            ]
        },
        {
            "file_path": "/data/shapenet_blender/all_50_random/02958343/3973846825fc4d857cb2a55fa21392b7/r_14",
            "rotation": 0.12566370614359174,
            "transform_matrix": [
                [
                    0.9479857683181763,
                    0.20831207931041718,
                    -0.24068483710289001,
                    -0.9702316522598267
                ],
                [
                    -0.31831297278404236,
                    0.6203858852386475,
                    -0.7167970538139343,
                    -2.8895015716552734
                ],
                [
                    0.0,
                    0.7561265230178833,
                    0.6544253826141357,
                    2.638073444366455
                ],
                [
                    0.0,
                    0.0,
                    0.0,
                    1.0
                ]
            ]
        },
        {
            "file_path": "/data/shapenet_blender/all_50_random/02958343/3973846825fc4d857cb2a55fa21392b7/r_15",
            "rotation": 0.12566370614359174,
            "transform_matrix": [
                [
                    0.7647592425346375,
                    -0.01887700706720352,
                    0.6440395712852478,
                    2.5962066650390625
                ],
                [
                    0.6443161964416504,
                    0.02240571565926075,
                    -0.7644309401512146,
                    -3.081519603729248
                ],
                [
                    9.313225746154785e-10,
                    0.9995707869529724,
                    0.029297735542058945,
                    0.11810295283794403
                ],
                [
                    0.0,
                    0.0,
                    0.0,
                    1.0
                ]
            ]
        },
        {
            "file_path": "/data/shapenet_blender/all_50_random/02958343/3973846825fc4d857cb2a55fa21392b7/r_16",
            "rotation": 0.12566370614359174,
            "transform_matrix": [
                [
                    0.8994875550270081,
                    -0.06342848390340805,
                    0.4323181211948395,
                    1.7427301406860352
                ],
                [
                    0.43694639205932617,
                    0.1305723786354065,
                    -0.8899599313735962,
                    -3.587543249130249
                ],
                [
                    3.725290298461914e-09,
                    0.9894077777862549,
                    0.14516305923461914,
                    0.5851709842681885
                ],
                [
                    0.0,
                    0.0,
                    0.0,
                    1.0
                ]
            ]
        },
        {
            "file_path": "/data/shapenet_blender/all_50_random/02958343/3973846825fc4d857cb2a55fa21392b7/r_17",
            "rotation": 0.12566370614359174,
            "transform_matrix": [
                [
                    -0.6822794079780579,
                    -0.4703938066959381,
                    -0.5596645474433899,
                    -2.256080150604248
                ],
                [
                    -0.7310915589332581,
                    0.4389874339103699,
                    0.5222979187965393,
                    2.105450391769409
                ],
                [
                    -1.4901162970204496e-08,
                    0.7655190825462341,
                    -0.6434129476547241,
                    -2.5936808586120605
                ],
                [
                    0.0,
                    0.0,
                    0.0,
                    1.0
                ]
            ]
        },
        {
            "file_path": "/data/shapenet_blender/all_50_random/02958343/3973846825fc4d857cb2a55fa21392b7/r_18",
            "rotation": 0.12566370614359174,
            "transform_matrix": [
                [
                    0.9495264291763306,
                    0.27455222606658936,
                    0.15172572433948517,
                    0.6116260290145874
                ],
                [
                    0.31368720531463623,
                    -0.8310654759407043,
                    -0.45927149057388306,
                    -1.8513827323913574
                ],
                [
                    0.0,
                    0.483684778213501,
                    -0.8752421736717224,
                    -3.5282142162323
                ],
                [
                    0.0,
                    0.0,
                    0.0,
                    1.0
                ]
            ]
        },
        {
            "file_path": "/data/shapenet_blender/all_50_random/02958343/3973846825fc4d857cb2a55fa21392b7/r_19",
            "rotation": 0.12566370614359174,
            "transform_matrix": [
                [
                    0.2536623179912567,
                    -0.4701734781265259,
                    -0.8453355431556702,
                    -3.4076569080352783
                ],
                [
                    -0.967292845249176,
                    -0.1232980415225029,
                    -0.22168032824993134,
                    -0.8936220407485962
                ],
                [
                    0.0,
                    0.8739190101623535,
                    -0.48607146739959717,
                    -1.9594168663024902
                ],
                [
                    0.0,
                    0.0,
                    0.0,
                    1.0
                ]
            ]
        },
        {
            "file_path": "/data/shapenet_blender/all_50_random/02958343/3973846825fc4d857cb2a55fa21392b7/r_20",
            "rotation": 0.12566370614359174,
            "transform_matrix": [
                [
                    0.4109651446342468,
                    0.4258599877357483,
                    -0.8060713410377502,
                    -3.2493770122528076
                ],
                [
                    -0.9116510152816772,
                    0.19197435677051544,
                    -0.3633706867694855,
                    -1.4647939205169678
                ],
                [
                    -1.4901159417490817e-08,
                    0.8841883540153503,
                    0.46713051199913025,
                    1.8830630779266357
                ],
                [
                    0.0,
                    0.0,
                    0.0,
                    1.0
                ]
            ]
        },
        {
            "file_path": "/data/shapenet_blender/all_50_random/02958343/3973846825fc4d857cb2a55fa21392b7/r_21",
            "rotation": 0.12566370614359174,
            "transform_matrix": [
                [
                    0.6895241141319275,
                    -0.057070862501859665,
                    -0.7220106720924377,
                    -2.910518169403076
                ],
                [
                    -0.7242627739906311,
                    -0.05433350428938866,
                    -0.6873800158500671,
                    -2.7709174156188965
                ],
                [
                    0.0,
                    0.9968904852867126,
                    -0.0787985622882843,
                    -0.31764715909957886
                ],
                [
                    0.0,
                    0.0,
                    0.0,
                    1.0
                ]
            ]
        },
        {
            "file_path": "/data/shapenet_blender/all_50_random/02958343/3973846825fc4d857cb2a55fa21392b7/r_22",
            "rotation": 0.12566370614359174,
            "transform_matrix": [
                [
                    -0.8343802690505981,
                    0.1790338009595871,
                    0.5213025212287903,
                    2.101437568664551
                ],
                [
                    0.551189124584198,
                    0.27101820707321167,
                    0.7891385555267334,
                    3.181119203567505
                ],
                [
                    -1.4901159417490817e-08,
                    0.945777952671051,
                    -0.32481375336647034,
                    -1.3093661069869995
                ],
                [
                    0.0,
                    0.0,
                    0.0,
                    1.0
                ]
            ]
        },
        {
            "file_path": "/data/shapenet_blender/all_50_random/02958343/3973846825fc4d857cb2a55fa21392b7/r_23",
            "rotation": 0.12566370614359174,
            "transform_matrix": [
                [
                    -0.24886859953403473,
                    0.2961393892765045,
                    0.9221528768539429,
                    3.7173168659210205
                ],
                [
                    0.9685373306274414,
                    0.07609390467405319,
                    0.23694996535778046,
                    0.9551758170127869
                ],
                [
                    7.450580596923828e-09,
                    0.9521088004112244,
                    -0.30575940012931824,
                    -1.2325555086135864
                ],
                [
                    0.0,
                    0.0,
                    0.0,
                    1.0
                ]
            ]
        },
        {
            "file_path": "/data/shapenet_blender/all_50_random/02958343/3973846825fc4d857cb2a55fa21392b7/r_24",
            "rotation": 0.12566370614359174,
            "transform_matrix": [
                [
                    -0.40678882598876953,
                    0.010522708296775818,
                    0.9134616255760193,
                    3.682281494140625
                ],
                [
                    0.9135223031044006,
                    0.00468573160469532,
                    0.4067618250846863,
                    1.6397093534469604
                ],
                [
                    0.0,
                    0.999933660030365,
                    -0.011518831364810467,
                    -0.04643389582633972
                ],
                [
                    0.0,
                    0.0,
                    0.0,
                    1.0
                ]
            ]
        },
        {
            "file_path": "/data/shapenet_blender/all_50_random/02958343/3973846825fc4d857cb2a55fa21392b7/r_25",
            "rotation": 0.12566370614359174,
            "transform_matrix": [
                [
                    0.9780755043029785,
                    -0.09617126733064651,
                    0.18471428751945496,
                    0.7446070909500122
                ],
                [
                    0.20825053751468658,
                    0.4516807794570923,
                    -0.8675345182418823,
                    -3.497143268585205
                ],
                [
                    0.0,
                    0.8869811296463013,
                    0.46180564165115356,
                    1.861598014831543
                ],
                [
                    0.0,
                    0.0,
                    0.0,
                    1.0
                ]
            ]
        },
        {
            "file_path": "/data/shapenet_blender/all_50_random/02958343/3973846825fc4d857cb2a55fa21392b7/r_26",
            "rotation": 0.12566370614359174,
            "transform_matrix": [
                [
                    -0.802440881729126,
                    0.05212732031941414,
                    0.5944505333900452,
                    2.3963065147399902
                ],
                [
                    0.5967316627502441,
                    0.07009698450565338,
                    0.7993733882904053,
                    3.222376823425293
                ],
                [
                    3.7252898543727042e-09,
                    0.9961773753166199,
                    -0.08735470473766327,
                    -0.35213804244995117
                ],
                [
                    0.0,
                    0.0,
                    0.0,
                    1.0
                ]
            ]
        },
        {
            "file_path": "/data/shapenet_blender/all_50_random/02958343/3973846825fc4d857cb2a55fa21392b7/r_27",
            "rotation": 0.12566370614359174,
            "transform_matrix": [
                [
                    0.3105703294277191,
                    -0.061410434544086456,
                    0.9485645890235901,
                    3.8237862586975098
                ],
                [
                    0.9505504369735718,
                    0.02006443589925766,
                    -0.3099215030670166,
                    -1.2493335008621216
                ],
                [
                    0.0,
                    0.9979107975959778,
                    0.06460513174533844,
                    0.2604316174983978
                ],
                [
                    0.0,
                    0.0,
                    0.0,
                    1.0
                ]
            ]
        },
        {
            "file_path": "/data/shapenet_blender/all_50_random/02958343/3973846825fc4d857cb2a55fa21392b7/r_28",
            "rotation": 0.12566370614359174,
            "transform_matrix": [
                [
                    0.1021522656083107,
                    -0.7732257843017578,
                    0.6258488297462463,
                    2.5228772163391113
                ],
                [
                    0.9947687983512878,
                    0.0794021338224411,
                    -0.0642680749297142,
                    -0.2590728998184204
                ],
                [
                    0.0,
                    0.6291399598121643,
                    0.7772919535636902,
                    3.133364200592041
                ],
                [
                    0.0,
                    0.0,
                    0.0,
                    1.0
                ]
            ]
        },
        {
            "file_path": "/data/shapenet_blender/all_50_random/02958343/3973846825fc4d857cb2a55fa21392b7/r_29",
            "rotation": 0.12566370614359174,
            "transform_matrix": [
                [
                    -0.5502113699913025,
                    0.3280724883079529,
                    -0.7678773999214172,
                    -3.0954129695892334
                ],
                [
                    -0.8350253105163574,
                    -0.21617217361927032,
                    0.5059665441513062,
                    2.039616584777832
                ],
                [
                    -1.4901160305669237e-08,
                    0.9195857644081116,
                    0.39288926124572754,
                    1.583787441253662
                ],
                [
                    0.0,
                    0.0,
                    0.0,
                    1.0
                ]
            ]
        },
        {
            "file_path": "/data/shapenet_blender/all_50_random/02958343/3973846825fc4d857cb2a55fa21392b7/r_30",
            "rotation": 0.12566370614359174,
            "transform_matrix": [
                [
                    -0.7717931270599365,
                    0.010217847302556038,
                    -0.6357916593551636,
                    -2.562957763671875
                ],
                [
                    -0.6358737349510193,
                    -0.012401934713125229,
                    0.7716935276985168,
                    3.110795736312866
                ],
                [
                    0.0,
                    0.9998708367347717,
                    0.016068989410996437,
                    0.06477615982294083
                ],
                [
                    0.0,
                    0.0,
                    0.0,
                    1.0
                ]
            ]
        },
        {
            "file_path": "/data/shapenet_blender/all_50_random/02958343/3973846825fc4d857cb2a55fa21392b7/r_31",
            "rotation": 0.12566370614359174,
            "transform_matrix": [
                [
                    0.9491239786148071,
                    -0.13905659317970276,
                    -0.28253641724586487,
                    -1.1389405727386475
                ],
                [
                    -0.3149024248123169,
                    -0.4191201329231262,
                    -0.8515719771385193,
                    -3.432796001434326
                ],
                [
                    0.0,
                    0.8972187638282776,
                    -0.44158631563186646,
                    -1.7800911664962769
                ],
                [
                    0.0,
                    0.0,
                    0.0,
                    1.0
                ]
            ]
        },
        {
            "file_path": "/data/shapenet_blender/all_50_random/02958343/3973846825fc4d857cb2a55fa21392b7/r_32",
            "rotation": 0.12566370614359174,
            "transform_matrix": [
                [
                    -0.9848453402519226,
                    -0.0043645803816616535,
                    -0.17338013648986816,
                    -0.6989176869392395
                ],
                [
                    -0.1734350621700287,
                    0.02478412725031376,
                    0.984533429145813,
                    3.9687812328338623
                ],
                [
                    0.0,
                    0.9996832609176636,
                    -0.025165503844618797,
                    -0.10144539177417755
                ],
                [
                    0.0,
                    0.0,
                    0.0,
                    1.0
                ]
            ]
        },
        {
            "file_path": "/data/shapenet_blender/all_50_random/02958343/3973846825fc4d857cb2a55fa21392b7/r_33",
            "rotation": 0.12566370614359174,
            "transform_matrix": [
                [
                    -0.5405369400978088,
                    0.2932196855545044,
                    0.7885695695877075,
                    3.178825616836548
                ],
                [
                    0.841320276260376,
                    0.18838970363140106,
                    0.5066453218460083,
                    2.0423526763916016
                ],
                [
                    -1.4901162970204496e-08,
                    0.9373000264167786,
                    -0.3485232889652252,
                    -1.404942274093628
                ],
                [
                    0.0,
                    0.0,
                    0.0,
                    1.0
                ]
            ]
        },
        {
            "file_path": "/data/shapenet_blender/all_50_random/02958343/3973846825fc4d857cb2a55fa21392b7/r_34",
            "rotation": 0.12566370614359174,
            "transform_matrix": [
                [
                    0.7510203123092651,
                    -0.6344237327575684,
                    0.18296174705028534,
                    0.7375423908233643
                ],
                [
                    0.6602790951728821,
                    0.7216116786003113,
                    -0.2081059217453003,
                    -0.8389018177986145
                ],
                [
                    1.4901161193847656e-08,
                    0.27709755301475525,
                    0.9608417749404907,
                    3.873277187347412
                ],
                [
                    0.0,
                    0.0,
                    0.0,
                    1.0
                ]
            ]
        },
        {
            "file_path": "/data/shapenet_blender/all_50_random/02958343/3973846825fc4d857cb2a55fa21392b7/r_35",
            "rotation": 0.12566370614359174,
            "transform_matrix": [
                [
                    0.3858151435852051,
                    0.1773577630519867,
                    0.9053677916526794,
                    3.6496543884277344
                ],
                [
                    0.9225761890411377,
                    -0.0741698145866394,
                    -0.3786187171936035,
                    -1.5262608528137207
                ],
                [
                    -7.450581485102248e-09,
                    0.9813475012779236,
                    -0.1922418773174286,
                    -0.7749518156051636
                ],
                [
                    0.0,
                    0.0,
                    0.0,
                    1.0
                ]
            ]
        },
        {
            "file_path": "/data/shapenet_blender/all_50_random/02958343/3973846825fc4d857cb2a55fa21392b7/r_36",
            "rotation": 0.12566370614359174,
            "transform_matrix": [
                [
                    0.7762179374694824,
                    0.2683177590370178,
                    -0.5705183744430542,
                    -2.299833059310913
                ],
                [
                    -0.6304646730422974,
                    0.33034855127334595,
                    -0.7024130821228027,
                    -2.8315176963806152
                ],
                [
                    0.0,
                    0.904917299747467,
                    0.42558738589286804,
                    1.7155976295471191
                ],
                [
                    0.0,
                    0.0,
                    0.0,
                    1.0
                ]
            ]
        },
        {
            "file_path": "/data/shapenet_blender/all_50_random/02958343/3973846825fc4d857cb2a55fa21392b7/r_37",
            "rotation": 0.12566370614359174,
            "transform_matrix": [
                [
                    -0.9977385997772217,
                    -0.036460909992456436,
                    0.05646362155675888,
                    0.22761215269565582
                ],
                [
                    0.06721264123916626,
                    -0.5412442684173584,
                    0.8381747007369995,
                    3.3787906169891357
                ],
                [
                    -1.862645149230957e-09,
                    0.840074360370636,
                    0.5424709916114807,
                    2.1867706775665283
                ],
                [
                    0.0,
                    0.0,
                    0.0,
                    1.0
                ]
            ]
        },
        {
            "file_path": "/data/shapenet_blender/all_50_random/02958343/3973846825fc4d857cb2a55fa21392b7/r_38",
            "rotation": 0.12566370614359174,
            "transform_matrix": [
                [
                    0.3050660490989685,
                    -0.7254946827888489,
                    0.6169214844703674,
                    2.4868900775909424
                ],
                [
                    0.9523312449455261,
                    0.23240211606025696,
                    -0.19762220978736877,
                    -0.7966406345367432
                ],
                [
                    0.0,
                    0.647801399230957,
                    0.761809229850769,
                    3.070951223373413
                ],
                [
                    0.0,
                    0.0,
                    0.0,
                    1.0
                ]
            ]
        },
        {
            "file_path": "/data/shapenet_blender/all_50_random/02958343/3973846825fc4d857cb2a55fa21392b7/r_39",
            "rotation": 0.12566370614359174,
            "transform_matrix": [
                [
                    0.6017537713050842,
                    0.2623034119606018,
                    -0.7543801069259644,
                    -3.041003465652466
                ],
                [
                    -0.7986817359924316,
                    0.19762824475765228,
                    -0.5683754086494446,
                    -2.2911946773529053
                ],
                [
                    1.4901161193847656e-08,
                    0.9445316791534424,
                    0.3284204602241516,
                    1.3239052295684814
                ],
                [
                    0.0,
                    0.0,
                    0.0,
                    1.0
                ]
            ]
        },
        {
            "file_path": "/data/shapenet_blender/all_50_random/02958343/3973846825fc4d857cb2a55fa21392b7/r_40",
            "rotation": 0.12566370614359174,
            "transform_matrix": [
                [
                    0.4381706416606903,
                    0.4411551058292389,
                    0.7831913232803345,
                    3.1571452617645264
                ],
                [
                    0.898891806602478,
                    -0.21504393219947815,
                    -0.38177168369293213,
                    -1.5389708280563354
                ],
                [
                    1.4901161193847656e-08,
                    0.8712854385375977,
                    -0.4907766580581665,
                    -1.978384017944336
                ],
                [
                    0.0,
                    0.0,
                    0.0,
                    1.0
                ]
            ]
        },
        {
            "file_path": "/data/shapenet_blender/all_50_random/02958343/3973846825fc4d857cb2a55fa21392b7/r_41",
            "rotation": 0.12566370614359174,
            "transform_matrix": [
                [
                    -0.037865422666072845,
                    0.007382846437394619,
                    0.9992555975914001,
                    4.028128147125244
                ],
                [
                    0.9992828369140625,
                    0.00027975518605671823,
                    0.03786438703536987,
                    0.15263622999191284
