{
    "class": "02958343",
    "model": "1eae4fcec701c176e742b0b5e87bec54",
    "remove_doubles": true,
    "edge_split": true,
    "denoise": true,
    "camera_angle_x": 0.6911112070083618,
    "scale_factor": 2.3151496769085114,
    "hdri_file": "/data/IndoorHDRDataset2018/AG8A1915-acd7f022a3.exr",
    "center_offset": [
        0.0,
        0.0,
        1.862645149230957e-09
    ],
    "lights": [],
    "frames": [
        {
            "file_path": "/data/shapenet_blender/all_50_random/02958343/1eae4fcec701c176e742b0b5e87bec54/r_0",
            "rotation": 0.12566370614359174,
            "transform_matrix": [
                [
                    0.6332305669784546,
                    0.04619015008211136,
                    0.7725836038589478,
                    3.114384412765503
                ],
                [
                    0.7739633321762085,
                    -0.03779121860861778,
                    -0.6321017742156982,
                    -2.548084020614624
                ],
                [
                    0.0,
                    0.9982175230979919,
                    -0.0596800297498703,
                    -0.24057790637016296
                ],
                [
                    0.0,
                    0.0,
                    0.0,
                    1.0
                ]
            ]
        },
        {
            "file_path": "/data/shapenet_blender/all_50_random/02958343/1eae4fcec701c176e742b0b5e87bec54/r_1",
            "rotation": 0.12566370614359174,
            "transform_matrix": [
                [
                    0.14349226653575897,
                    -0.46308863162994385,
                    -0.87461918592453,
                    -3.525702953338623
                ],
                [
                    -0.9896514415740967,
                    -0.0671444907784462,
                    -0.12681342661380768,
                    -0.5112013220787048
                ],
                [
                    0.0,
                    0.8837649822235107,
                    -0.46793100237846375,
                    -1.8862903118133545
                ],
                [
                    0.0,
                    0.0,
                    0.0,
                    1.0
                ]
            ]
        },
        {
            "file_path": "/data/shapenet_blender/all_50_random/02958343/1eae4fcec701c176e742b0b5e87bec54/r_2",
            "rotation": 0.12566370614359174,
            "transform_matrix": [
                [
                    0.7088018655776978,
                    -0.2838100790977478,
                    0.6457954049110413,
                    2.6032848358154297
                ],
                [
                    0.7054076790809631,
                    0.2851756811141968,
                    -0.6489027738571167,
                    -2.6158108711242676
                ],
                [
                    0.0,
                    0.915492594242096,
                    0.4023347795009613,
                    1.6218634843826294
                ],
                [
                    0.0,
                    0.0,
                    0.0,
                    1.0
                ]
            ]
        },
        {
            "file_path": "/data/shapenet_blender/all_50_random/02958343/1eae4fcec701c176e742b0b5e87bec54/r_3",
            "rotation": 0.12566370614359174,
            "transform_matrix": [
                [
                    -0.5417690277099609,
                    0.41948962211608887,
                    0.7283643484115601,
                    2.9361307621002197
                ],
                [
                    0.8405274152755737,
                    0.27038559317588806,
                    0.4694734513759613,
                    1.8925081491470337
                ],
                [
                    0.0,
                    0.8665563464164734,
                    -0.4990790784358978,
                    -2.011852264404297
                ],
                [
                    0.0,
                    0.0,
                    0.0,
                    1.0
                ]
            ]
        },
        {
            "file_path": "/data/shapenet_blender/all_50_random/02958343/1eae4fcec701c176e742b0b5e87bec54/r_4",
            "rotation": 0.12566370614359174,
            "transform_matrix": [
                [
                    0.6600207686424255,
                    -0.29952412843704224,
                    0.6889541745185852,
                    2.7772631645202637
                ],
                [
                    0.7512473464012146,
                    0.2631518542766571,
                    -0.6052920818328857,
                    -2.4400103092193604
                ],
                [
                    1.4901160305669237e-08,
                    0.9170803427696228,
                    0.3987024426460266,
                    1.607221007347107
                ],
                [
                    0.0,
                    0.0,
                    0.0,
                    1.0
                ]
            ]
        },
        {
            "file_path": "/data/shapenet_blender/all_50_random/02958343/1eae4fcec701c176e742b0b5e87bec54/r_5",
            "rotation": 0.12566370614359174,
            "transform_matrix": [
                [
                    0.9343863725662231,
                    0.09264520555734634,
                    -0.3440043032169342,
                    -1.386725664138794
                ],
                [
                    -0.35626131296157837,
                    0.2429857850074768,
                    -0.9022393226623535,
                    -3.637042999267578
                ],
                [
                    7.450580596923828e-09,
                    0.965595543384552,
                    0.2600484788417816,
                    1.0482889413833618
                ],
                [
                    0.0,
                    0.0,
                    0.0,
                    1.0
                ]
            ]
        },
        {
            "file_path": "/data/shapenet_blender/all_50_random/02958343/1eae4fcec701c176e742b0b5e87bec54/r_6",
            "rotation": 0.12566370614359174,
            "transform_matrix": [
                [
                    -0.1473868489265442,
                    0.1095234602689743,
                    -0.9829963445663452,
                    -3.962584972381592
                ],
                [
                    -0.9890789985656738,
                    -0.016320552676916122,
                    0.14648044109344482,
                    0.5904815196990967
                ],
                [
                    1.862645371275562e-09,
                    0.9938501119613647,
                    0.110732801258564,
                    0.4463782012462616
                ],
                [
                    0.0,
                    0.0,
                    0.0,
                    1.0
                ]
            ]
        },
        {
            "file_path": "/data/shapenet_blender/all_50_random/02958343/1eae4fcec701c176e742b0b5e87bec54/r_7",
            "rotation": 0.12566370614359174,
            "transform_matrix": [
                [
                    -0.9404451847076416,
                    -0.16783274710178375,
                    0.2956267297267914,
                    1.1917096376419067
                ],
                [
                    0.33994564414024353,
                    -0.4643021523952484,
                    0.817838728427887,
                    3.29681396484375
                ],
                [
                    0.0,
                    0.8696295022964478,
                    0.4937046766281128,
                    1.990187406539917
                ],
                [
                    0.0,
                    0.0,
                    0.0,
                    1.0
                ]
            ]
        },
        {
            "file_path": "/data/shapenet_blender/all_50_random/02958343/1eae4fcec701c176e742b0b5e87bec54/r_8",
            "rotation": 0.12566370614359174,
            "transform_matrix": [
                [
                    0.6317868828773499,
                    0.4636416733264923,
                    0.6211937665939331,
                    2.5041122436523438
                ],
                [
                    0.7751421332359314,
                    -0.3778955638408661,
                    -0.5063098669052124,
                    -2.0410003662109375
                ],
                [
                    1.4901161193847656e-08,
                    0.8013933300971985,
                    -0.598137617111206,
                    -2.4111697673797607
                ],
                [
                    0.0,
                    0.0,
                    0.0,
                    1.0
                ]
            ]
        },
        {
            "file_path": "/data/shapenet_blender/all_50_random/02958343/1eae4fcec701c176e742b0b5e87bec54/r_9",
            "rotation": 0.12566370614359174,
            "transform_matrix": [
                [
                    0.862879753112793,
                    0.12861695885658264,
                    0.48877015709877014,
                    1.9702955484390259
                ],
                [
                    0.505409300327301,
                    -0.2195863127708435,
                    -0.8344718217849731,
                    -3.363863468170166
                ],
                [
                    7.450580596923828e-09,
                    0.9670777916908264,
                    -0.25448077917099,
                    -1.0258448123931885
                ],
                [
                    0.0,
                    0.0,
                    0.0,
                    1.0
                ]
            ]
        },
        {
            "file_path": "/data/shapenet_blender/all_50_random/02958343/1eae4fcec701c176e742b0b5e87bec54/r_10",
            "rotation": 0.12566370614359174,
            "transform_matrix": [
                [
                    0.6318869590759277,
                    0.2462579309940338,
                    0.7348985075950623,
                    2.962470531463623
                ],
                [
                    0.7750605344772339,
                    -0.20076778531074524,
                    -0.599143922328949,
                    -2.415226459503174
                ],
                [
                    0.0,
                    0.9481820464134216,
                    -0.31772735714912415,
                    -1.2807998657226562
                ],
                [
                    0.0,
                    0.0,
                    0.0,
                    1.0
                ]
            ]
        },
        {
            "file_path": "/data/shapenet_blender/all_50_random/02958343/1eae4fcec701c176e742b0b5e87bec54/r_11",
            "rotation": 0.12566370614359174,
            "transform_matrix": [
                [
                    -0.028459522873163223,
                    -0.008735553361475468,
                    -0.9995567202568054,
                    -4.029342174530029
                ],
                [
                    -0.9995949268341064,
                    0.00024871042114682496,
                    0.028458435088396072,
                    0.11471962928771973
                ],
                [
                    -2.9103826987286752e-11,
                    0.9999619126319885,
                    -0.008739091455936432,
                    -0.03522840887308121
                ],
                [
                    0.0,
                    0.0,
                    0.0,
                    1.0
                ]
            ]
        },
        {
            "file_path": "/data/shapenet_blender/all_50_random/02958343/1eae4fcec701c176e742b0b5e87bec54/r_12",
            "rotation": 0.12566370614359174,
            "transform_matrix": [
                [
                    0.2825777232646942,
                    0.02683354914188385,
                    0.9588690400123596,
                    3.8653247356414795
                ],
                [
                    0.959244430065155,
                    -0.007904723286628723,
                    -0.2824671268463135,
                    -1.1386613845825195
                ],
                [
                    -9.313225746154785e-10,
                    0.9996086359024048,
                    -0.027973629534244537,
                    -0.11276530474424362
                ],
                [
                    0.0,
                    0.0,
                    0.0,
                    1.0
                ]
            ]
        },
        {
            "file_path": "/data/shapenet_blender/all_50_random/02958343/1eae4fcec701c176e742b0b5e87bec54/r_13",
            "rotation": 0.12566370614359174,
            "transform_matrix": [
                [
                    0.8418288826942444,
                    -0.1886858344078064,
                    -0.5056895017623901,
                    -2.038499593734741
                ],
                [
                    -0.5397446155548096,
                    -0.2942895293235779,
                    -0.788713812828064,
                    -3.1794071197509766
                ],
                [
                    0.0,
                    0.9369052052497864,
                    -0.34958356618881226,
                    -1.4092164039611816
                ],
                [
                    0.0,
                    0.0,
                    0.0,
                    1.0
                ]
            ]
        },
        {
            "file_path": "/data/shapenet_blender/all_50_random/02958343/1eae4fcec701c176e742b0b5e87bec54/r_14",
            "rotation": 0.12566370614359174,
            "transform_matrix": [
                [
                    0.8039203882217407,
                    0.5706225633621216,
                    -0.1676362156867981,
                    -0.6757631897926331
                ],
                [
                    -0.5947369933128357,
                    0.7713243365287781,
                    -0.22659796476364136,
                    -0.9134455919265747
                ],
                [
                    -1.4901161193847656e-08,
                    0.2818661034107208,
                    0.9594537019729614,
                    3.8676815032958984
                ],
                [
                    0.0,
                    0.0,
                    0.0,
                    1.0
                ]
            ]
        },
        {
            "file_path": "/data/shapenet_blender/all_50_random/02958343/1eae4fcec701c176e742b0b5e87bec54/r_15",
            "rotation": 0.12566370614359174,
            "transform_matrix": [
                [
                    -0.9232190251350403,
                    0.2742694616317749,
                    0.2691520154476166,
                    1.0849865674972534
                ],
                [
                    0.38427409529685974,
                    0.6589327454566956,
                    0.6466380953788757,
                    2.6066818237304688
                ],
                [
                    0.0,
                    0.7004167437553406,
                    -0.713733971118927,
                    -2.8771538734436035
                ],
                [
                    0.0,
                    0.0,
                    0.0,
                    1.0
                ]
            ]
        },
        {
            "file_path": "/data/shapenet_blender/all_50_random/02958343/1eae4fcec701c176e742b0b5e87bec54/r_16",
            "rotation": 0.12566370614359174,
            "transform_matrix": [
                [
                    0.38867148756980896,
                    0.3401188254356384,
                    0.8563023209571838,
                    3.4518649578094482
                ],
                [
                    0.9213765263557434,
                    -0.1434749811887741,
                    -0.36122071743011475,
                    -1.4561272859573364
                ],
                [
                    -7.450581485102248e-09,
                    0.9293729662895203,
                    -0.3691421151161194,
                    -1.4880595207214355
                ],
                [
                    0.0,
                    0.0,
                    0.0,
                    1.0
                ]
            ]
        },
        {
            "file_path": "/data/shapenet_blender/all_50_random/02958343/1eae4fcec701c176e742b0b5e87bec54/r_17",
            "rotation": 0.12566370614359174,
            "transform_matrix": [
                [
                    0.6390905380249023,
                    -0.6269498467445374,
                    0.44553014636039734,
                    1.7959896326065063
                ],
                [
                    0.7691315412521362,
                    0.5209482312202454,
                    -0.37020209431648254,
                    -1.4923324584960938
                ],
                [
                    1.4901161193847656e-08,
                    0.5792638659477234,
                    0.8151399493217468,
                    3.2859344482421875
                ],
                [
                    0.0,
                    0.0,
                    0.0,
                    1.0
                ]
            ]
        },
        {
            "file_path": "/data/shapenet_blender/all_50_random/02958343/1eae4fcec701c176e742b0b5e87bec54/r_18",
            "rotation": 0.12566370614359174,
            "transform_matrix": [
                [
                    -0.9859177470207214,
                    0.039365220814943314,
                    -0.16253191232681274,
                    -0.6551871299743652
                ],
                [
                    -0.16723112761974335,
                    -0.23207923769950867,
                    0.9582133889198303,
                    3.8626818656921387
                ],
                [
                    0.0,
                    0.9718999862670898,
                    0.23539410531520844,
                    0.9489040374755859
                ],
                [
                    0.0,
                    0.0,
                    0.0,
                    1.0
                ]
            ]
        },
        {
            "file_path": "/data/shapenet_blender/all_50_random/02958343/1eae4fcec701c176e742b0b5e87bec54/r_19",
            "rotation": 0.12566370614359174,
            "transform_matrix": [
                [
                    0.6702693700790405,
                    -0.003375614294782281,
                    0.7421101331710815,
                    2.991541862487793
                ],
                [
                    0.7421178817749023,
                    0.003048802725970745,
                    -0.6702623963356018,
                    -2.7019143104553223
                ],
                [
                    -2.3283062977608182e-10,
                    0.9999896287918091,
                    0.004548622760921717,
                    0.018336087465286255
                ],
                [
                    0.0,
                    0.0,
                    0.0,
                    1.0
                ]
            ]
        },
        {
            "file_path": "/data/shapenet_blender/all_50_random/02958343/1eae4fcec701c176e742b0b5e87bec54/r_20",
            "rotation": 0.12566370614359174,
            "transform_matrix": [
                [
                    0.9535646438598633,
                    0.04441630840301514,
                    -0.2978956699371338,
                    -1.2008558511734009
                ],
                [
                    -0.30118873715400696,
                    0.14062219858169556,
                    -0.9431387782096863,
                    -3.8019139766693115
                ],
                [
                    0.0,
                    0.989066481590271,
                    0.14747004210948944,
                    0.594470739364624
                ],
                [
                    0.0,
                    0.0,
                    0.0,
                    1.0
                ]
            ]
        },
        {
            "file_path": "/data/shapenet_blender/all_50_random/02958343/1eae4fcec701c176e742b0b5e87bec54/r_21",
            "rotation": 0.12566370614359174,
            "transform_matrix": [
                [
                    -0.9556386470794678,
                    0.23691049218177795,
                    -0.17500966787338257,
                    -0.705486536026001
                ],
                [
                    -0.29454195499420166,
                    -0.7686538696289062,
                    0.567817211151123,
                    2.2889444828033447
                ],
                [
                    0.0,
                    0.5941756963729858,
                    0.8043352961540222,
                    3.2423791885375977
                ],
                [
                    0.0,
                    0.0,
                    0.0,
                    1.0
                ]
            ]
        },
        {
            "file_path": "/data/shapenet_blender/all_50_random/02958343/1eae4fcec701c176e742b0b5e87bec54/r_22",
            "rotation": 0.12566370614359174,
            "transform_matrix": [
                [
                    0.9737705588340759,
                    -0.12361694127321243,
                    -0.1910228133201599,
                    -0.7700375914573669
                ],
                [
                    -0.22753210365772247,
                    -0.5290441513061523,
                    -0.8175215125083923,
                    -3.295534610748291
                ],
                [
                    7.450580152834618e-09,
                    0.8395422697067261,
                    -0.5432944297790527,
                    -2.1900899410247803
                ],
                [
                    0.0,
                    0.0,
                    0.0,
                    1.0
                ]
            ]
        },
        {
            "file_path": "/data/shapenet_blender/all_50_random/02958343/1eae4fcec701c176e742b0b5e87bec54/r_23",
            "rotation": 0.12566370614359174,
            "transform_matrix": [
                [
                    0.9991556406021118,
                    0.015534978359937668,
                    -0.03803473338484764,
                    -0.15332293510437012
                ],
                [
                    -0.04108499735593796,
                    0.37779876589775085,
                    -0.9249756336212158,
                    -3.728696346282959
                ],
                [
                    -9.313225746154785e-10,
                    0.9257574081420898,
                    0.37811800837516785,
                    1.5242425203323364
                ],
                [
                    0.0,
                    0.0,
                    0.0,
                    1.0
                ]
            ]
        },
        {
            "file_path": "/data/shapenet_blender/all_50_random/02958343/1eae4fcec701c176e742b0b5e87bec54/r_24",
            "rotation": 0.12566370614359174,
            "transform_matrix": [
                [
                    -0.13452310860157013,
                    0.08520720154047012,
                    -0.9872402548789978,
                    -3.9796926975250244
                ],
                [
                    -0.9909104108810425,
                    -0.01156748179346323,
                    0.13402487337589264,
                    0.540271520614624
                ],
                [
                    9.313225191043273e-10,
                    0.9962961077690125,
                    0.08598880469799042,
                    0.3466319441795349
                ],
                [
                    0.0,
                    0.0,
                    0.0,
                    1.0
                ]
            ]
        },
        {
            "file_path": "/data/shapenet_blender/all_50_random/02958343/1eae4fcec701c176e742b0b5e87bec54/r_25",
            "rotation": 0.12566370614359174,
            "transform_matrix": [
                [
                    -0.9739618897438049,
                    0.06365340203046799,
                    -0.2175922840833664,
                    -0.8771425485610962
                ],
                [
                    -0.22671160101890564,
                    -0.27345749735832214,
                    0.9347849488258362,
                    3.7682385444641113
                ],
                [
                    3.725290076417309e-09,
                    0.9597755670547485,
                    0.28076818585395813,
                    1.1318128108978271
                ],
                [
                    0.0,
                    0.0,
                    0.0,
                    1.0
                ]
            ]
        },
        {
            "file_path": "/data/shapenet_blender/all_50_random/02958343/1eae4fcec701c176e742b0b5e87bec54/r_26",
            "rotation": 0.12566370614359174,
            "transform_matrix": [
                [
                    0.024400942027568817,
                    -0.05177278071641922,
                    0.9983607530593872,
                    4.0245208740234375
                ],
                [
                    0.9997022747993469,
                    0.0012636806350201368,
                    -0.024368196725845337,
                    -0.09823134541511536
                ],
                [
                    1.1641532182693481e-10,
                    0.9986580610275269,
                    0.051788199692964554,
                    0.208764910697937
                ],
                [
                    0.0,
                    0.0,
                    0.0,
                    1.0
                ]
            ]
        },
        {
            "file_path": "/data/shapenet_blender/all_50_random/02958343/1eae4fcec701c176e742b0b5e87bec54/r_27",
            "rotation": 0.12566370614359174,
            "transform_matrix": [
                [
                    -0.05580364167690277,
                    0.5909184813499451,
                    -0.8047989010810852,
                    -3.2442479133605957
                ],
                [
                    -0.9984418153762817,
                    -0.033026862889528275,
                    0.044980794191360474,
                    0.18132337927818298
                ],
                [
                    0.0,
                    0.806054949760437,
                    0.5918407440185547,
                    2.385786294937134
                ],
                [
                    0.0,
                    0.0,
                    0.0,
                    1.0
                ]
            ]
        },
        {
            "file_path": "/data/shapenet_blender/all_50_random/02958343/1eae4fcec701c176e742b0b5e87bec54/r_28",
            "rotation": 0.12566370614359174,
            "transform_matrix": [
                [
                    -0.7516207098960876,
                    -0.14376379549503326,
                    -0.64373779296875,
                    -2.594989776611328
                ],
                [
                    -0.6595956087112427,
                    0.16382136940956116,
                    0.733550488948822,
                    2.957036256790161
                ],
                [
                    0.0,
                    0.9759581089019775,
                    -0.2179575264453888,
                    -0.8786147832870483
                ],
                [
                    0.0,
                    0.0,
                    0.0,
                    1.0
                ]
            ]
        },
        {
            "file_path": "/data/shapenet_blender/all_50_random/02958343/1eae4fcec701c176e742b0b5e87bec54/r_29",
            "rotation": 0.12566370614359174,
            "transform_matrix": [
                [
                    0.442141592502594,
                    -0.5444377660751343,
                    -0.7128100991249084,
                    -2.873429536819458
                ],
                [
                    -0.8969453573226929,
                    -0.268375962972641,
                    -0.35137367248535156,
                    -1.4164326190948486
                ],
                [
                    0.0,
                    0.7947084903717041,
                    -0.606991171836853,
                    -2.44685959815979
                ],
                [
                    0.0,
                    0.0,
                    0.0,
                    1.0
                ]
            ]
        },
        {
            "file_path": "/data/shapenet_blender/all_50_random/02958343/1eae4fcec701c176e742b0b5e87bec54/r_30",
            "rotation": 0.12566370614359174,
            "transform_matrix": [
                [
                    0.9813170433044434,
                    -0.0749579593539238,
                    -0.1771956831216812,
                    -0.7142985463142395
                ],
                [
                    -0.1923980414867401,
                    -0.38231950998306274,
                    -0.9037781357765198,
                    -3.6432456970214844
                ],
                [
                    0.0,
                    0.9209848642349243,
                    -0.38959839940071106,
                    -1.5705212354660034
                ],
                [
                    0.0,
                    0.0,
                    0.0,
                    1.0
                ]
            ]
        },
        {
            "file_path": "/data/shapenet_blender/all_50_random/02958343/1eae4fcec701c176e742b0b5e87bec54/r_31",
            "rotation": 0.12566370614359174,
            "transform_matrix": [
                [
                    -0.7315887808799744,
                    -0.6378894448280334,
                    -0.24057230353355408,
                    -0.9697780609130859
                ],
                [
                    -0.681746244430542,
                    0.6845255494117737,
                    0.2581605315208435,
                    1.0406785011291504
                ],
                [
                    0.0,
                    0.35287660360336304,
                    -0.9356697797775269,
                    -3.771805763244629
                ],
                [
                    0.0,
                    0.0,
                    0.0,
                    1.0
                ]
            ]
        },
        {
            "file_path": "/data/shapenet_blender/all_50_random/02958343/1eae4fcec701c176e742b0b5e87bec54/r_32",
            "rotation": 0.12566370614359174,
            "transform_matrix": [
                [
                    -0.3360823392868042,
                    -0.13480448722839355,
                    0.9321353435516357,
                    3.7575578689575195
                ],
                [
                    0.9418325424194336,
                    -0.04810347035527229,
                    0.3326220214366913,
                    1.3408422470092773
                ],
                [
                    3.725290076417309e-09,
                    0.989703893661499,
                    0.14312998950481415,
                    0.5769754648208618
                ],
                [
                    0.0,
                    0.0,
                    0.0,
                    1.0
                ]
            ]
        },
        {
            "file_path": "/data/shapenet_blender/all_50_random/02958343/1eae4fcec701c176e742b0b5e87bec54/r_33",
            "rotation": 0.12566370614359174,
            "transform_matrix": [
                [
                    0.9379646182060242,
                    -0.017727376893162727,
                    0.3462776839733124,
                    1.3958898782730103
                ],
                [
                    0.34673115611076355,
                    0.047955457121133804,
                    -0.9367378950119019,
                    -3.776110887527466
                ],
                [
                    1.862645149230957e-09,
                    0.9986920952796936,
                    0.05112716555595398,
                    0.20610016584396362
                ],
                [
                    0.0,
                    0.0,
                    0.0,
                    1.0
                ]
            ]
        },
        {
            "file_path": "/data/shapenet_blender/all_50_random/02958343/1eae4fcec701c176e742b0b5e87bec54/r_34",
            "rotation": 0.12566370614359174,
            "transform_matrix": [
                [
                    -0.03662370890378952,
                    -0.30580151081085205,
                    -0.9513906240463257,
                    -3.8351783752441406
                ],
                [
                    -0.9993290901184082,
                    0.01120710652321577,
                    0.03486684709787369,
                    0.14055275917053223
                ],
                [
                    9.313224635931761e-10,
                    0.952029287815094,
                    -0.3060068190097809,
                    -1.2335529327392578
                ],
                [
                    0.0,
                    0.0,
                    0.0,
                    1.0
                ]
            ]
        },
        {
            "file_path": "/data/shapenet_blender/all_50_random/02958343/1eae4fcec701c176e742b0b5e87bec54/r_35",
            "rotation": 0.12566370614359174,
            "transform_matrix": [
                [
                    0.5316872596740723,
                    0.6792201995849609,
                    0.5059332847595215,
                    2.039482593536377
                ],
                [
                    0.8469408750534058,
                    -0.4263966381549835,
                    -0.3176116347312927,
                    -1.2803335189819336
                ],
                [
                    1.4901161193847656e-08,
                    0.59736567735672,
                    -0.8019689917564392,
                    -3.2328405380249023
                ],
                [
                    0.0,
                    0.0,
                    0.0,
                    1.0
                ]
            ]
        },
        {
            "file_path": "/data/shapenet_blender/all_50_random/02958343/1eae4fcec701c176e742b0b5e87bec54/r_36",
            "rotation": 0.12566370614359174,
            "transform_matrix": [
                [
                    -0.996469259262085,
                    0.05084258317947388,
                    -0.06681345403194427,
                    -0.2693336606025696
                ],
                [
                    -0.08395835757255554,
                    -0.6034309267997742,
                    0.7929829955101013,
                    3.1966166496276855
                ],
                [
                    0.0,
                    0.7957925200462341,
                    0.6055691242218018,
                    2.441127300262451
                ],
                [
                    0.0,
                    0.0,
                    0.0,
                    1.0
                ]
            ]
        },
        {
            "file_path": "/data/shapenet_blender/all_50_random/02958343/1eae4fcec701c176e742b0b5e87bec54/r_37",
            "rotation": 0.12566370614359174,
            "transform_matrix": [
                [
                    0.9978512525558472,
                    0.030300525948405266,
                    0.05809429660439491,
                    0.2341856062412262
                ],
                [
                    0.06552152335643768,
                    -0.4614578187465668,
                    -0.8847392797470093,
                    -3.566498041152954
                ],
                [
                    1.862645371275562e-09,
                    0.8866446018218994,
                    -0.4624514877796173,
                    -1.864201545715332
                ],
                [
                    0.0,
                    0.0,
                    0.0,
                    1.0
                ]
            ]
        },
        {
            "file_path": "/data/shapenet_blender/all_50_random/02958343/1eae4fcec701c176e742b0b5e87bec54/r_38",
            "rotation": 0.12566370614359174,
            "transform_matrix": [
                [
                    0.2537692189216614,
                    0.32653144001960754,
                    -0.9104825258255005,
                    -3.6702723503112793
                ],
                [
                    -0.9672648906707764,
                    0.08566797524690628,
                    -0.23887193202972412,
                    -0.9629235863685608
                ],
                [
                    0.0,
                    0.9412959218025208,
                    0.3375823199748993,
                    1.3608378171920776
                ],
                [
                    0.0,
                    0.0,
                    0.0,
                    1.0
                ]
            ]
        },
        {
            "file_path": "/data/shapenet_blender/all_50_random/02958343/1eae4fcec701c176e742b0b5e87bec54/r_39",
            "rotation": 0.12566370614359174,
            "transform_matrix": [
                [
                    -0.9950677156448364,
                    0.01844905875623226,
                    -0.09746816009283066,
                    -0.39290672540664673
                ],
                [
                    -0.0991988554596901,
                    -0.18506325781345367,
                    0.9777070879936218,
                    3.941263437271118
                ],
                [
                    0.0,
                    0.9825533628463745,
                    0.18598058819770813,
                    0.7497117519378662
                ],
                [
                    0.0,
                    0.0,
                    0.0,
                    1.0
                ]
            ]
        },
        {
            "file_path": "/data/shapenet_blender/all_50_random/02958343/1eae4fcec701c176e742b0b5e87bec54/r_40",
            "rotation": 0.12566370614359174,
            "transform_matrix": [
                [
                    0.8071735501289368,
                    0.020062901079654694,
                    -0.5899730920791626,
                    -2.3782577514648438
                ],
                [
                    -0.5903141498565674,
                    0.027433263137936592,
                    -0.8067072033882141,
                    -3.251940965652466
                ],
                [
                    1.8626450382086546e-09,
                    0.9994222521781921,
                    0.03398682177066803,
                    0.1370052695274353
                ],
                [
                    0.0,
                    0.0,
                    0.0,
                    1.0
                ]
            ]
        },
        {
            "file_path": "/data/shapenet_blender/all_50_random/02958343/1eae4fcec701c176e742b0b5e87bec54/r_41",
            "rotation": 0.12566370614359174,
            "transform_matrix": [
                [
                    0.977669894695282,
                    -0.142396941781044,
                    -0.15454666316509247,
                    -0.622997522354126
                ],
                [
                    -0.21014650166034698,
                    -0.6624768376350403,
                    -0.719001293182373,
                    -2.8983869552612305
