{
    "class": "02958343",
    "model": "303bbfd0c5862496ec8ca19d7516cb42",
    "remove_doubles": true,
    "edge_split": true,
    "denoise": true,
    "camera_angle_x": 0.6911112070083618,
    "scale_factor": 2.266656236696553,
    "hdri_file": "/data/IndoorHDRDataset2018/9C4A0412-d7b5cc877a.exr",
    "center_offset": [
        0.0,
        -1.862645149230957e-09,
        0.0
    ],
    "lights": [],
    "frames": [
        {
            "file_path": "/data/shapenet_blender/all_50_random/02958343/303bbfd0c5862496ec8ca19d7516cb42/r_0",
            "rotation": 0.12566370614359174,
            "transform_matrix": [
                [
                    0.8917143940925598,
                    -0.2784959375858307,
                    0.3567710220813751,
                    1.43818998336792
                ],
                [
                    0.4525986909866333,
                    0.54869544506073,
                    -0.702913761138916,
                    -2.83353590965271
                ],
                [
                    -1.4901161193847656e-08,
                    0.7882723212242126,
                    0.615326464176178,
                    2.4804604053497314
                ],
                [
                    0.0,
                    0.0,
                    0.0,
                    1.0
                ]
            ]
        },
        {
            "file_path": "/data/shapenet_blender/all_50_random/02958343/303bbfd0c5862496ec8ca19d7516cb42/r_1",
            "rotation": 0.12566370614359174,
            "transform_matrix": [
                [
                    -0.9970502853393555,
                    0.03483451157808304,
                    0.06838977336883545,
                    0.2756879925727844
                ],
                [
                    0.0767502635717392,
                    0.45252951979637146,
                    0.8884404301643372,
                    3.581418037414551
                ],
                [
                    -1.8626450382086546e-09,
                    0.8910688161849976,
                    -0.45386821031570435,
                    -1.8296012878417969
                ],
                [
                    0.0,
                    0.0,
                    0.0,
                    1.0
                ]
            ]
        },
        {
            "file_path": "/data/shapenet_blender/all_50_random/02958343/303bbfd0c5862496ec8ca19d7516cb42/r_2",
            "rotation": 0.12566370614359174,
            "transform_matrix": [
                [
                    0.9989202618598938,
                    0.018872341141104698,
                    -0.0424521304666996,
                    -0.17113003134727478
                ],
                [
                    -0.046458031982183456,
                    0.4057847857475281,
                    -0.9127870798110962,
                    -3.679562568664551
                ],
                [
                    0.0,
                    0.913773775100708,
                    0.4062233865261078,
                    1.6375389099121094
                ],
                [
                    0.0,
                    0.0,
                    0.0,
                    1.0
                ]
            ]
        },
        {
            "file_path": "/data/shapenet_blender/all_50_random/02958343/303bbfd0c5862496ec8ca19d7516cb42/r_3",
            "rotation": 0.12566370614359174,
            "transform_matrix": [
                [
                    -0.8923169374465942,
                    -0.218051016330719,
                    -0.39525219798088074,
                    -1.5933127403259277
                ],
                [
                    -0.45140960812568665,
                    0.43102896213531494,
                    0.7813087105751038,
                    3.1495563983917236
                ],
                [
                    -1.4901162970204496e-08,
                    0.8755955696105957,
                    -0.48304474353790283,
                    -1.9472157955169678
                ],
                [
                    0.0,
                    0.0,
                    0.0,
                    1.0
                ]
            ]
        },
        {
            "file_path": "/data/shapenet_blender/all_50_random/02958343/303bbfd0c5862496ec8ca19d7516cb42/r_4",
            "rotation": 0.12566370614359174,
            "transform_matrix": [
                [
                    0.1017104908823967,
                    0.5005261898040771,
                    0.859725832939148,
                    3.465665578842163
                ],
                [
                    0.9948140978813171,
                    -0.05117414891719818,
                    -0.08789896965026855,
                    -0.3543320894241333
                ],
                [
                    0.0,
                    0.8642075657844543,
                    -0.5031354427337646,
                    -2.0282037258148193
                ],
                [
                    0.0,
                    0.0,
                    0.0,
                    1.0
                ]
            ]
        },
        {
            "file_path": "/data/shapenet_blender/all_50_random/02958343/303bbfd0c5862496ec8ca19d7516cb42/r_5",
            "rotation": 0.12566370614359174,
            "transform_matrix": [
                [
                    0.4081513583660126,
                    0.23352472484111786,
                    -0.8825410604476929,
                    -3.5576367378234863
                ],
                [
                    -0.9129143357276917,
                    0.10440567880868912,
                    -0.3945719003677368,
                    -1.5905702114105225
                ],
                [
                    7.450580596923828e-09,
                    0.9667293429374695,
                    0.25580140948295593,
                    1.0311684608459473
                ],
                [
                    0.0,
                    0.0,
                    0.0,
                    1.0
                ]
            ]
        },
        {
            "file_path": "/data/shapenet_blender/all_50_random/02958343/303bbfd0c5862496ec8ca19d7516cb42/r_6",
            "rotation": 0.12566370614359174,
            "transform_matrix": [
                [
                    -0.8371770977973938,
                    0.40425848960876465,
                    -0.3683876097202301,
                    -1.485018014907837
                ],
                [
                    -0.5469317436218262,
                    -0.6187900304794312,
                    0.5638832449913025,
                    2.2730863094329834
                ],
                [
                    0.0,
                    0.6735531091690063,
                    0.7391387224197388,
                    2.9795637130737305
                ],
                [
                    0.0,
                    0.0,
                    0.0,
                    1.0
                ]
            ]
        },
        {
            "file_path": "/data/shapenet_blender/all_50_random/02958343/303bbfd0c5862496ec8ca19d7516cb42/r_7",
            "rotation": 0.12566370614359174,
            "transform_matrix": [
                [
                    0.827122151851654,
                    0.4187946319580078,
                    0.3748064339160919,
                    1.5108932256698608
                ],
                [
                    0.5620220899581909,
                    -0.6163356900215149,
                    -0.5515987277030945,
                    -2.2235658168792725
                ],
                [
                    0.0,
                    0.6668891310691833,
                    -0.7451568245887756,
                    -3.0038235187530518
                ],
                [
                    0.0,
                    0.0,
                    0.0,
                    1.0
                ]
            ]
        },
        {
            "file_path": "/data/shapenet_blender/all_50_random/02958343/303bbfd0c5862496ec8ca19d7516cb42/r_8",
            "rotation": 0.12566370614359174,
            "transform_matrix": [
                [
                    0.6838541626930237,
                    0.13330908119678497,
                    -0.717336893081665,
                    -2.891677141189575
                ],
                [
                    -0.7296186685562134,
                    0.12494741380214691,
                    -0.6723427176475525,
                    -2.7102999687194824
                ],
                [
                    0.0,
                    0.9831666350364685,
                    0.18271063268184662,
                    0.7365300059318542
                ],
                [
                    0.0,
                    0.0,
                    0.0,
                    1.0
                ]
            ]
        },
        {
            "file_path": "/data/shapenet_blender/all_50_random/02958343/303bbfd0c5862496ec8ca19d7516cb42/r_9",
            "rotation": 0.12566370614359174,
            "transform_matrix": [
                [
                    -0.8690875172615051,
                    0.32338330149650574,
                    -0.3743128180503845,
                    -1.5089032649993896
                ],
                [
                    -0.49465832114219666,
                    -0.5681667327880859,
                    0.6576471328735352,
                    2.6510603427886963
                ],
                [
                    1.4901160305669237e-08,
                    0.7567098736763,
                    0.6537508964538574,
                    2.6353540420532227
                ],
                [
                    0.0,
                    0.0,
                    0.0,
                    1.0
                ]
            ]
        },
        {
            "file_path": "/data/shapenet_blender/all_50_random/02958343/303bbfd0c5862496ec8ca19d7516cb42/r_10",
            "rotation": 0.12566370614359174,
            "transform_matrix": [
                [
                    -0.5836247205734253,
                    0.6788709759712219,
                    -0.4455517530441284,
                    -1.7960766553878784
                ],
                [
                    -0.8120235204696655,
                    -0.48792415857315063,
                    0.3202309012413025,
                    1.2908921241760254
                ],
                [
                    0.0,
                    0.548693060874939,
                    0.8360236883163452,
                    3.370119571685791
                ],
                [
                    0.0,
                    0.0,
                    0.0,
                    1.0
                ]
            ]
        },
        {
            "file_path": "/data/shapenet_blender/all_50_random/02958343/303bbfd0c5862496ec8ca19d7516cb42/r_11",
            "rotation": 0.12566370614359174,
            "transform_matrix": [
                [
                    0.9838496446609497,
                    -0.1716228425502777,
                    0.05084822699427605,
                    0.20497576892375946
                ],
                [
                    0.17899703979492188,
                    0.9433176517486572,
                    -0.2794851064682007,
                    -1.1266406774520874
                ],
                [
                    0.0,
                    0.28407299518585205,
                    0.9588025808334351,
                    3.8650569915771484
                ],
                [
                    0.0,
                    0.0,
                    0.0,
                    1.0
                ]
            ]
        },
        {
            "file_path": "/data/shapenet_blender/all_50_random/02958343/303bbfd0c5862496ec8ca19d7516cb42/r_12",
            "rotation": 0.12566370614359174,
            "transform_matrix": [
                [
                    0.2086241990327835,
                    0.048004765063524246,
                    -0.9768169522285461,
                    -3.9376752376556396
                ],
                [
                    -0.9779958724975586,
                    0.010240284726023674,
                    -0.20837271213531494,
                    -0.8399773240089417
                ],
                [
                    0.0,
                    0.9987945556640625,
                    0.04908483475446701,
                    0.19786731898784637
                ],
                [
                    0.0,
                    0.0,
                    0.0,
                    1.0
                ]
            ]
        },
        {
            "file_path": "/data/shapenet_blender/all_50_random/02958343/303bbfd0c5862496ec8ca19d7516cb42/r_13",
            "rotation": 0.12566370614359174,
            "transform_matrix": [
                [
                    0.6788135766983032,
                    -0.4465230703353882,
                    0.5829488039016724,
                    2.3499419689178467
                ],
                [
                    0.7343107461929321,
                    0.41277608275413513,
                    -0.5388911366462708,
                    -2.172339916229248
                ],
                [
                    0.0,
                    0.7938722968101501,
                    0.6080845594406128,
                    2.4512674808502197
                ],
                [
                    0.0,
                    0.0,
                    0.0,
                    1.0
                ]
            ]
        },
        {
            "file_path": "/data/shapenet_blender/all_50_random/02958343/303bbfd0c5862496ec8ca19d7516cb42/r_14",
            "rotation": 0.12566370614359174,
            "transform_matrix": [
                [
                    -0.5346394181251526,
                    -0.2801305651664734,
                    -0.7973001599311829,
                    -3.214019775390625
                ],
                [
                    -0.8450803160667419,
                    0.17722439765930176,
                    0.5044113397598267,
                    2.0333471298217773
                ],
                [
                    0.0,
                    0.9434608221054077,
                    -0.33148398995399475,
                    -1.3362547159194946
                ],
                [
                    0.0,
                    0.0,
                    0.0,
                    1.0
                ]
            ]
        },
        {
            "file_path": "/data/shapenet_blender/all_50_random/02958343/303bbfd0c5862496ec8ca19d7516cb42/r_15",
            "rotation": 0.12566370614359174,
            "transform_matrix": [
                [
                    -0.2319357544183731,
                    -0.9488306641578674,
                    0.21430422365665436,
                    0.8638880252838135
                ],
                [
                    0.9727311134338379,
                    -0.2262369692325592,
                    0.05109820142388344,
                    0.2059834599494934
                ],
                [
                    0.0,
                    0.22031182050704956,
                    0.9754294157028198,
                    3.932081937789917
                ],
                [
                    0.0,
                    0.0,
                    0.0,
                    1.0
                ]
            ]
        },
        {
            "file_path": "/data/shapenet_blender/all_50_random/02958343/303bbfd0c5862496ec8ca19d7516cb42/r_16",
            "rotation": 0.12566370614359174,
            "transform_matrix": [
                [
                    0.9509159326553345,
                    0.0066958265379071236,
                    -0.30937692523002625,
                    -1.2471383810043335
                ],
                [
                    -0.3094494044780731,
                    0.02057579532265663,
                    -0.9506931900978088,
                    -3.832367181777954
                ],
                [
                    0.0,
                    0.9997657537460327,
                    0.021637869998812675,
                    0.0872250497341156
                ],
                [
                    0.0,
                    0.0,
                    0.0,
                    1.0
                ]
            ]
        },
        {
            "file_path": "/data/shapenet_blender/all_50_random/02958343/303bbfd0c5862496ec8ca19d7516cb42/r_17",
            "rotation": 0.12566370614359174,
            "transform_matrix": [
                [
                    -0.9424600601196289,
                    0.07342270016670227,
                    0.3261564373970032,
                    1.314778447151184
                ],
                [
                    0.3343185484409332,
                    0.20698212087154388,
                    0.9194507002830505,
                    3.7064239978790283
                ],
                [
                    7.450580152834618e-09,
                    0.9755856394767761,
                    -0.2196190059185028,
                    -0.8853124380111694
                ],
                [
                    0.0,
                    0.0,
                    0.0,
                    1.0
                ]
            ]
        },
        {
            "file_path": "/data/shapenet_blender/all_50_random/02958343/303bbfd0c5862496ec8ca19d7516cb42/r_18",
            "rotation": 0.12566370614359174,
            "transform_matrix": [
                [
                    0.8977779150009155,
                    0.02479211799800396,
                    0.4397503137588501,
                    1.7726902961730957
                ],
                [
                    0.44044870138168335,
                    -0.05053440481424332,
                    -0.8963543176651001,
                    -3.6133201122283936
                ],
                [
                    -1.862645371275562e-09,
                    0.9984145164489746,
                    -0.05628832057118416,
                    -0.22690549492835999
                ],
                [
                    0.0,
                    0.0,
                    0.0,
                    1.0
                ]
            ]
        },
        {
            "file_path": "/data/shapenet_blender/all_50_random/02958343/303bbfd0c5862496ec8ca19d7516cb42/r_19",
            "rotation": 0.12566370614359174,
            "transform_matrix": [
                [
                    -0.7971166968345642,
                    -0.12013451009988785,
                    0.5917538404464722,
                    2.3854360580444336
                ],
                [
                    0.6038252115249634,
                    -0.15859095752239227,
                    0.7811811566352844,
                    3.1490418910980225
                ],
                [
                    0.0,
                    0.9800084233283997,
                    0.19895575940608978,
                    0.8020163178443909
                ],
                [
                    0.0,
                    0.0,
                    0.0,
                    1.0
                ]
            ]
        },
        {
            "file_path": "/data/shapenet_blender/all_50_random/02958343/303bbfd0c5862496ec8ca19d7516cb42/r_20",
            "rotation": 0.12566370614359174,
            "transform_matrix": [
                [
                    -0.6389131546020508,
                    -0.2967016100883484,
                    0.7097591757774353,
                    2.861130714416504
                ],
                [
                    0.769278883934021,
                    -0.24642112851142883,
                    0.5894799828529358,
                    2.376269817352295
                ],
                [
                    0.0,
                    0.9226291179656982,
                    0.38568800687789917,
                    1.554758071899414
                ],
                [
                    0.0,
                    0.0,
                    0.0,
                    1.0
                ]
            ]
        },
        {
            "file_path": "/data/shapenet_blender/all_50_random/02958343/303bbfd0c5862496ec8ca19d7516cb42/r_21",
            "rotation": 0.12566370614359174,
            "transform_matrix": [
                [
                    0.4883030951023102,
                    -0.30960357189178467,
                    -0.815907895565033,
                    -3.289029836654663
                ],
                [
                    -0.8726741075515747,
                    -0.17323808372020721,
                    -0.45653969049453735,
                    -1.8403704166412354
                ],
                [
                    0.0,
                    0.9349514245986938,
                    -0.35477572679519653,
                    -1.4301466941833496
                ],
                [
                    0.0,
                    0.0,
                    0.0,
                    1.0
                ]
            ]
        },
        {
            "file_path": "/data/shapenet_blender/all_50_random/02958343/303bbfd0c5862496ec8ca19d7516cb42/r_22",
            "rotation": 0.12566370614359174,
            "transform_matrix": [
                [
                    -0.9452698826789856,
                    -0.0075501492246985435,
                    0.3262021541595459,
                    1.3149631023406982
                ],
                [
                    0.326289564371109,
                    -0.0218729916960001,
                    0.9450166821479797,
                    3.8094842433929443
                ],
                [
                    4.656612873077393e-10,
                    0.999732255935669,
                    0.023139411583542824,
                    0.0932779610157013
                ],
                [
                    0.0,
                    0.0,
                    0.0,
                    1.0
                ]
            ]
        },
        {
            "file_path": "/data/shapenet_blender/all_50_random/02958343/303bbfd0c5862496ec8ca19d7516cb42/r_23",
            "rotation": 0.12566370614359174,
            "transform_matrix": [
                [
                    0.30540382862091064,
                    0.015468756668269634,
                    -0.9520972371101379,
                    -3.838026762008667
                ],
                [
                    -0.9522229433059692,
                    0.004961251746863127,
                    -0.3053635358810425,
                    -1.2309597730636597
                ],
                [
                    0.0,
                    0.9998680353164673,
                    0.016244888305664062,
                    0.06548523902893066
                ],
                [
                    0.0,
                    0.0,
                    0.0,
                    1.0
                ]
            ]
        },
        {
            "file_path": "/data/shapenet_blender/all_50_random/02958343/303bbfd0c5862496ec8ca19d7516cb42/r_24",
            "rotation": 0.12566370614359174,
            "transform_matrix": [
                [
                    -0.7781714797019958,
                    0.47978803515434265,
                    -0.40528085827827454,
                    -1.6337394714355469
                ],
                [
                    -0.6280518174171448,
                    -0.5944690108299255,
                    0.5021528005599976,
                    2.024242877960205
                ],
                [
                    1.4901160305669237e-08,
                    0.6452984809875488,
                    0.7639304995536804,
                    3.079502582550049
                ],
                [
                    0.0,
                    0.0,
                    0.0,
                    1.0
                ]
            ]
        },
        {
            "file_path": "/data/shapenet_blender/all_50_random/02958343/303bbfd0c5862496ec8ca19d7516cb42/r_25",
            "rotation": 0.12566370614359174,
            "transform_matrix": [
                [
                    0.6788307428359985,
                    -0.027739189565181732,
                    0.7337706685066223,
                    2.9579241275787354
                ],
                [
                    0.7342948317527771,
                    0.02564394287765026,
                    -0.6783461570739746,
                    -2.7345008850097656
                ],
                [
                    0.0,
                    0.9992861747741699,
                    0.0377766378223896,
                    0.1522824913263321
                ],
                [
                    0.0,
                    0.0,
                    0.0,
                    1.0
                ]
            ]
        },
        {
            "file_path": "/data/shapenet_blender/all_50_random/02958343/303bbfd0c5862496ec8ca19d7516cb42/r_26",
            "rotation": 0.12566370614359174,
            "transform_matrix": [
                [
                    -0.9097114205360413,
                    0.1070791631937027,
                    -0.4011973440647125,
                    -1.6172780990600586
                ],
                [
                    -0.4152412414550781,
                    -0.23458927869796753,
                    0.8789440393447876,
                    3.5431365966796875
                ],
                [
                    -7.450580596923828e-09,
                    0.9661790132522583,
                    0.25787219405174255,
                    1.0395160913467407
                ],
                [
                    0.0,
                    0.0,
                    0.0,
                    1.0
                ]
            ]
        },
        {
            "file_path": "/data/shapenet_blender/all_50_random/02958343/303bbfd0c5862496ec8ca19d7516cb42/r_27",
            "rotation": 0.12566370614359174,
            "transform_matrix": [
                [
                    -0.32733529806137085,
                    0.3397786617279053,
                    0.8817040920257568,
                    3.55426287651062
                ],
                [
                    0.9449082612991333,
                    0.11770618706941605,
                    0.30544009804725647,
                    1.2312684059143066
                ],
                [
                    0.0,
                    0.9331108331680298,
                    -0.35958901047706604,
                    -1.449549674987793
                ],
                [
                    0.0,
                    0.0,
                    0.0,
                    1.0
                ]
            ]
        },
        {
            "file_path": "/data/shapenet_blender/all_50_random/02958343/303bbfd0c5862496ec8ca19d7516cb42/r_28",
            "rotation": 0.12566370614359174,
            "transform_matrix": [
                [
                    -0.5330148339271545,
                    0.014839192852377892,
                    -0.8459757566452026,
                    -3.4102373123168945
                ],
                [
                    -0.8461058735847473,
                    -0.009348130784928799,
                    0.5329328179359436,
                    2.1483209133148193
                ],
                [
                    0.0,
                    0.9998461008071899,
                    0.017538221552968025,
                    0.07069883495569229
                ],
                [
                    0.0,
                    0.0,
                    0.0,
                    1.0
                ]
            ]
        },
        {
            "file_path": "/data/shapenet_blender/all_50_random/02958343/303bbfd0c5862496ec8ca19d7516cb42/r_29",
            "rotation": 0.12566370614359174,
            "transform_matrix": [
                [
                    0.7555249929428101,
                    0.13003799319267273,
                    -0.6420841813087463,
                    -2.5883240699768066
                ],
                [
                    -0.6551198363304138,
                    0.14996790885925293,
                    -0.7404914498329163,
                    -2.9850165843963623
                ],
                [
                    0.0,
                    0.9801018238067627,
                    0.19849497079849243,
                    0.8001587986946106
                ],
                [
                    0.0,
                    0.0,
                    0.0,
                    1.0
                ]
            ]
        },
        {
            "file_path": "/data/shapenet_blender/all_50_random/02958343/303bbfd0c5862496ec8ca19d7516cb42/r_30",
            "rotation": 0.12566370614359174,
            "transform_matrix": [
                [
                    -0.7374037504196167,
                    0.1844429075717926,
                    0.6497818827629089,
                    2.619354486465454
                ],
                [
                    0.6754522919654846,
                    0.20135973393917084,
                    0.7093789577484131,
                    2.859598159790039
                ],
                [
                    0.0,
                    0.9619952440261841,
                    -0.27306583523750305,
                    -1.1007635593414307
                ],
                [
                    0.0,
                    0.0,
                    0.0,
                    1.0
                ]
            ]
        },
        {
            "file_path": "/data/shapenet_blender/all_50_random/02958343/303bbfd0c5862496ec8ca19d7516cb42/r_31",
            "rotation": 0.12566370614359174,
            "transform_matrix": [
                [
                    0.9955655336380005,
                    0.006376160308718681,
                    -0.09385427832603455,
                    -0.37833869457244873
                ],
                [
                    -0.09407062083482742,
                    0.06747999787330627,
                    -0.9932760000228882,
                    -4.004023551940918
                ],
                [
                    0.0,
                    0.9977001547813416,
                    0.06778058409690857,
                    0.27323228120803833
                ],
                [
                    0.0,
                    0.0,
                    0.0,
                    1.0
                ]
            ]
        },
        {
            "file_path": "/data/shapenet_blender/all_50_random/02958343/303bbfd0c5862496ec8ca19d7516cb42/r_32",
            "rotation": 0.12566370614359174,
            "transform_matrix": [
                [
                    0.3811621069908142,
                    -0.7786646485328674,
                    0.4983942210674286,
                    2.009091377258301
                ],
                [
                    0.9245082139968872,
                    0.3210327923297882,
                    -0.2054811269044876,
                    -0.8283209204673767
                ],
                [
                    0.0,
                    0.5390911102294922,
                    0.8422474265098572,
                    3.3952078819274902
                ],
                [
                    0.0,
                    0.0,
                    0.0,
                    1.0
                ]
            ]
        },
        {
            "file_path": "/data/shapenet_blender/all_50_random/02958343/303bbfd0c5862496ec8ca19d7516cb42/r_33",
            "rotation": 0.12566370614359174,
            "transform_matrix": [
                [
                    -0.9519169330596924,
                    0.05219002068042755,
                    0.30187806487083435,
                    1.216909408569336
                ],
                [
                    0.306356281042099,
                    0.16216596961021423,
                    0.9380021095275879,
                    3.78120756149292
                ],
                [
                    0.0,
                    0.9853823781013489,
                    -0.17035725712776184,
                    -0.6867320537567139
                ],
                [
                    0.0,
                    0.0,
                    0.0,
                    1.0
                ]
            ]
        },
        {
            "file_path": "/data/shapenet_blender/all_50_random/02958343/303bbfd0c5862496ec8ca19d7516cb42/r_34",
            "rotation": 0.12566370614359174,
            "transform_matrix": [
                [
                    0.5861943960189819,
                    -0.09929442405700684,
                    0.8040626049041748,
                    3.2412803173065186
                ],
                [
                    0.8101704716682434,
                    0.0718439370393753,
                    -0.5817750692367554,
                    -2.345210552215576
                ],
                [
                    -3.725290298461914e-09,
                    0.9924610257148743,
                    0.12255992740392685,
                    0.494054913520813
                ],
                [
                    0.0,
                    0.0,
                    0.0,
                    1.0
                ]
            ]
        },
        {
            "file_path": "/data/shapenet_blender/all_50_random/02958343/303bbfd0c5862496ec8ca19d7516cb42/r_35",
            "rotation": 0.12566370614359174,
            "transform_matrix": [
                [
                    0.9988793730735779,
                    -0.04016933590173721,
                    0.02502783201634884,
                    0.10089042782783508
                ],
                [
                    0.04732830077409744,
                    0.8477870225906372,
                    -0.5282205939292908,
                    -2.1293256282806396
                ],
                [
                    1.8626450382086546e-09,
                    0.5288132429122925,
                    0.8487381339073181,
                    3.421373128890991
                ],
                [
                    0.0,
                    0.0,
                    0.0,
                    1.0
                ]
            ]
        },
        {
            "file_path": "/data/shapenet_blender/all_50_random/02958343/303bbfd0c5862496ec8ca19d7516cb42/r_36",
            "rotation": 0.12566370614359174,
            "transform_matrix": [
                [
                    -0.3523009419441223,
                    0.7931761145591736,
                    0.4967449903488159,
                    2.0024430751800537
                ],
                [
                    0.935886800289154,
                    0.2985795736312866,
                    0.18699240684509277,
                    0.7537904977798462
                ],
                [
                    0.0,
                    0.5307746529579163,
                    -0.84751296043396,
                    -3.4164340496063232
                ],
                [
                    0.0,
                    0.0,
                    0.0,
                    1.0
                ]
            ]
        },
        {
            "file_path": "/data/shapenet_blender/all_50_random/02958343/303bbfd0c5862496ec8ca19d7516cb42/r_37",
            "rotation": 0.12566370614359174,
            "transform_matrix": [
                [
                    -0.3409082293510437,
                    0.4523085057735443,
                    -0.8241350054740906,
                    -3.3221945762634277
                ],
                [
                    -0.9400964975357056,
                    -0.16402113437652588,
                    0.2988569736480713,
                    1.2047309875488281
                ],
                [
                    -1.4901160305669237e-08,
                    0.8766493201255798,
                    0.48112982511520386,
                    1.939496397972107
                ],
                [
                    0.0,
                    0.0,
                    0.0,
                    1.0
                ]
            ]
        },
        {
            "file_path": "/data/shapenet_blender/all_50_random/02958343/303bbfd0c5862496ec8ca19d7516cb42/r_38",
            "rotation": 0.12566370614359174,
            "transform_matrix": [
                [
                    -0.6710999608039856,
                    -0.08639901876449585,
                    -0.7363151907920837,
                    -2.9681813716888428
                ],
                [
                    -0.7413668632507324,
                    0.07821010053157806,
                    0.6665270924568176,
                    2.686856746673584
                ],
                [
                    -3.725290298461914e-09,
                    0.9931859374046326,
                    -0.11654016375541687,
                    -0.46978843212127686
                ],
                [
                    0.0,
                    0.0,
                    0.0,
                    1.0
                ]
            ]
        },
        {
            "file_path": "/data/shapenet_blender/all_50_random/02958343/303bbfd0c5862496ec8ca19d7516cb42/r_39",
            "rotation": 0.12566370614359174,
            "transform_matrix": [
                [
                    0.32486677169799805,
                    -0.3833967447280884,
                    -0.8645625710487366,
                    -3.485163450241089
                ],
                [
                    -0.9457598924636841,
                    -0.13169606029987335,
                    -0.29697561264038086,
                    -1.1971471309661865
                ],
                [
                    0.0,
                    0.9141461253166199,
                    -0.40538489818573,
                    -1.634158968925476
                ],
                [
                    0.0,
                    0.0,
                    0.0,
                    1.0
                ]
            ]
        },
        {
            "file_path": "/data/shapenet_blender/all_50_random/02958343/303bbfd0c5862496ec8ca19d7516cb42/r_40",
            "rotation": 0.12566370614359174,
            "transform_matrix": [
                [
                    0.15439604222774506,
                    0.551705002784729,
                    0.8196239471435547,
                    3.3040099143981934
                ],
                [
                    0.9880090951919556,
                    -0.08621486276388168,
                    -0.1280825138092041,
                    -0.5163171291351318
                ],
                [
                    0.0,
                    0.8295712471008301,
                    -0.5584008097648621,
                    -2.250985622406006
                ],
                [
                    0.0,
                    0.0,
                    0.0,
                    1.0
                ]
            ]
        },
        {
            "file_path": "/data/shapenet_blender/all_50_random/02958343/303bbfd0c5862496ec8ca19d7516cb42/r_41",
            "rotation": 0.12566370614359174,
            "transform_matrix": [
                [
                    -0.28159597516059875,
                    -0.23465783894062042,
                    0.9303973317146301,
                    3.75055193901062
                ],
                [
                    0.9595330953598022,
                    -0.06886547803878784,
                    0.27304545044898987,
                    1.1006815433502197
                ],
                [
                    0.0,
                    0.969635546207428,
                    0.24455420672893524,
                    0.9858295917510986
