{
    "class": "02958343",
    "model": "de79348d1ab77d2de1274d5dbd93afc8",
    "remove_doubles": true,
    "edge_split": true,
    "denoise": true,
    "camera_angle_x": 0.6911112070083618,
    "scale_factor": 2.3633260247767813,
    "hdri_file": "/data/IndoorHDRDataset2018/9C4A3153-6b96993192.exr",
    "center_offset": [
        0.0,
        9.313225746154785e-10,
        0.0
    ],
    "lights": [],
    "frames": [
        {
            "file_path": "/data/shapenet_blender/all_50_random/02958343/de79348d1ab77d2de1274d5dbd93afc8/r_0",
            "rotation": 0.12566370614359174,
            "transform_matrix": [
                [
                    -0.9458802938461304,
                    0.11918629705905914,
                    0.30183616280555725,
                    1.2167404890060425
                ],
                [
                    0.324515700340271,
                    0.3473975658416748,
                    0.8797752261161804,
                    3.546487331390381
                ],
                [
                    7.450580596923828e-09,
                    0.9301126599311829,
                    -0.36727431416511536,
                    -1.4805301427841187
                ],
                [
                    0.0,
                    0.0,
                    0.0,
                    1.0
                ]
            ]
        },
        {
            "file_path": "/data/shapenet_blender/all_50_random/02958343/de79348d1ab77d2de1274d5dbd93afc8/r_1",
            "rotation": 0.12566370614359174,
            "transform_matrix": [
                [
                    -0.3872523307800293,
                    0.3837840259075165,
                    -0.8382990956306458,
                    -3.3792920112609863
                ],
                [
                    -0.9219738841056824,
                    -0.16119897365570068,
                    0.3521067798137665,
                    1.419387936592102
                ],
                [
                    0.0,
                    0.9092439413070679,
                    0.41626349091529846,
                    1.6780118942260742
                ],
                [
                    0.0,
                    0.0,
                    0.0,
                    1.0
                ]
            ]
        },
        {
            "file_path": "/data/shapenet_blender/all_50_random/02958343/de79348d1ab77d2de1274d5dbd93afc8/r_2",
            "rotation": 0.12566370614359174,
            "transform_matrix": [
                [
                    -0.3079143762588501,
                    0.16241712868213654,
                    0.9374483823776245,
                    3.778975248336792
                ],
                [
                    0.9514141082763672,
                    0.052564457058906555,
                    0.30339452624320984,
                    1.2230224609375
                ],
                [
                    3.725290298461914e-09,
                    0.9853211045265198,
                    -0.17071127891540527,
                    -0.688159167766571
                ],
                [
                    0.0,
                    0.0,
                    0.0,
                    1.0
                ]
            ]
        },
        {
            "file_path": "/data/shapenet_blender/all_50_random/02958343/de79348d1ab77d2de1274d5dbd93afc8/r_3",
            "rotation": 0.12566370614359174,
            "transform_matrix": [
                [
                    0.14277879893779755,
                    0.8439570069313049,
                    -0.5170596241950989,
                    -2.084333896636963
                ],
                [
                    -0.9897545576095581,
                    0.12174652516841888,
                    -0.07458935678005219,
                    -0.3006793260574341
                ],
                [
                    0.0,
                    0.5224118828773499,
                    0.8526932597160339,
                    3.437316417694092
                ],
                [
                    0.0,
                    0.0,
                    0.0,
                    1.0
                ]
            ]
        },
        {
            "file_path": "/data/shapenet_blender/all_50_random/02958343/de79348d1ab77d2de1274d5dbd93afc8/r_4",
            "rotation": 0.12566370614359174,
            "transform_matrix": [
                [
                    -0.9942437410354614,
                    -0.04582040011882782,
                    -0.09685026109218597,
                    -0.39041587710380554
                ],
                [
                    -0.10714235156774521,
                    0.4251973628997803,
                    0.8987367153167725,
                    3.6229236125946045
                ],
                [
                    0.0,
                    0.9039401412010193,
                    -0.4276590943336487,
                    -1.7239489555358887
                ],
                [
                    0.0,
                    0.0,
                    0.0,
                    1.0
                ]
            ]
        },
        {
            "file_path": "/data/shapenet_blender/all_50_random/02958343/de79348d1ab77d2de1274d5dbd93afc8/r_5",
            "rotation": 0.12566370614359174,
            "transform_matrix": [
                [
                    0.4413442611694336,
                    0.16340568661689758,
                    0.882334291934967,
                    3.5568032264709473
                ],
                [
                    0.8973378539085388,
                    -0.0803690105676651,
                    -0.43396493792533875,
                    -1.749368667602539
                ],
                [
                    -7.450580596923828e-09,
                    0.9832799434661865,
                    -0.18210050463676453,
                    -0.7340705990791321
                ],
                [
                    0.0,
                    0.0,
                    0.0,
                    1.0
                ]
            ]
        },
        {
            "file_path": "/data/shapenet_blender/all_50_random/02958343/de79348d1ab77d2de1274d5dbd93afc8/r_6",
            "rotation": 0.12566370614359174,
            "transform_matrix": [
                [
                    -0.03165372461080551,
                    0.5259047746658325,
                    0.8499541878700256,
                    3.4262747764587402
                ],
                [
                    0.9994989037513733,
                    0.016655191779136658,
                    0.026917705312371254,
                    0.10850873589515686
                ],
                [
                    0.0,
                    0.8503803014755249,
                    -0.5261684060096741,
                    -2.1210527420043945
                ],
                [
                    0.0,
                    0.0,
                    0.0,
                    1.0
                ]
            ]
        },
        {
            "file_path": "/data/shapenet_blender/all_50_random/02958343/de79348d1ab77d2de1274d5dbd93afc8/r_7",
            "rotation": 0.12566370614359174,
            "transform_matrix": [
                [
                    0.93812495470047,
                    0.03223589435219765,
                    0.34479331970214844,
                    1.3899062871932983
                ],
                [
                    0.3462969958782196,
                    -0.08732764422893524,
                    -0.934051513671875,
                    -3.765282154083252
                ],
                [
                    1.862645149230957e-09,
                    0.9956579804420471,
                    -0.09308742731809616,
                    -0.37524741888046265
                ],
                [
                    0.0,
                    0.0,
                    0.0,
                    1.0
                ]
            ]
        },
        {
            "file_path": "/data/shapenet_blender/all_50_random/02958343/de79348d1ab77d2de1274d5dbd93afc8/r_8",
            "rotation": 0.12566370614359174,
            "transform_matrix": [
                [
                    0.9055107235908508,
                    0.28621411323547363,
                    0.31325992941856384,
                    1.2627911567687988
                ],
                [
                    0.4243233799934387,
                    -0.6107840538024902,
                    -0.6685001254081726,
                    -2.694810152053833
                ],
                [
                    0.0,
                    0.7382574081420898,
                    -0.6745189428329468,
                    -2.7190728187561035
                ],
                [
                    0.0,
                    0.0,
                    0.0,
                    1.0
                ]
            ]
        },
        {
            "file_path": "/data/shapenet_blender/all_50_random/02958343/de79348d1ab77d2de1274d5dbd93afc8/r_9",
            "rotation": 0.12566370614359174,
            "transform_matrix": [
                [
                    -0.9965143799781799,
                    0.038605958223342896,
                    -0.07394950836896896,
                    -0.29809999465942383
                ],
                [
                    -0.08342031389474869,
                    -0.4611753225326538,
                    0.8833789229393005,
                    3.561014413833618
                ],
                [
                    3.725290076417309e-09,
                    0.8864688277244568,
                    0.4627883732318878,
                    1.8655595779418945
                ],
                [
                    0.0,
                    0.0,
                    0.0,
                    1.0
                ]
            ]
        },
        {
            "file_path": "/data/shapenet_blender/all_50_random/02958343/de79348d1ab77d2de1274d5dbd93afc8/r_10",
            "rotation": 0.12566370614359174,
            "transform_matrix": [
                [
                    0.9790021777153015,
                    -0.1243942603468895,
                    0.16149573028087616,
                    0.6510101556777954
                ],
                [
                    0.20384998619556427,
                    0.5974110960960388,
                    -0.7755932807922363,
                    -3.126516819000244
                ],
                [
                    7.450581485102248e-09,
                    0.7922284007072449,
                    0.6102244853973389,
                    2.4598939418792725
                ],
                [
                    0.0,
                    0.0,
                    0.0,
                    1.0
                ]
            ]
        },
        {
            "file_path": "/data/shapenet_blender/all_50_random/02958343/de79348d1ab77d2de1274d5dbd93afc8/r_11",
            "rotation": 0.12566370614359174,
            "transform_matrix": [
                [
                    -0.695009171962738,
                    -0.21517495810985565,
                    0.6860480308532715,
                    2.7655482292175293
                ],
                [
                    0.7190008759498596,
                    -0.2079949676990509,
                    0.6631559133529663,
                    2.673267126083374
                ],
                [
                    0.0,
                    0.9541686177253723,
                    0.2992693781852722,
                    1.2063935995101929
                ],
                [
                    0.0,
                    0.0,
                    0.0,
                    1.0
                ]
            ]
        },
        {
            "file_path": "/data/shapenet_blender/all_50_random/02958343/de79348d1ab77d2de1274d5dbd93afc8/r_12",
            "rotation": 0.12566370614359174,
            "transform_matrix": [
                [
                    -0.9208142757415771,
                    -0.3153817653656006,
                    0.22942399978637695,
                    0.9248377084732056
                ],
                [
                    0.3900013566017151,
                    -0.7446334362030029,
                    0.5416824817657471,
                    2.183591842651367
                ],
                [
                    0.0,
                    0.588264524936676,
                    0.8086684942245483,
                    3.2598469257354736
                ],
                [
                    0.0,
                    0.0,
                    0.0,
                    1.0
                ]
            ]
        },
        {
            "file_path": "/data/shapenet_blender/all_50_random/02958343/de79348d1ab77d2de1274d5dbd93afc8/r_13",
            "rotation": 0.12566370614359174,
            "transform_matrix": [
                [
                    -0.8133345246315002,
                    -0.13642919063568115,
                    0.565574049949646,
                    2.2799017429351807
                ],
                [
                    0.5817962288856506,
                    -0.19072411954402924,
                    0.7906563878059387,
                    3.187237501144409
                ],
                [
                    0.0,
                    0.9721169471740723,
                    0.23449651896953583,
                    0.9452856183052063
                ],
                [
                    0.0,
                    0.0,
                    0.0,
                    1.0
                ]
            ]
        },
        {
            "file_path": "/data/shapenet_blender/all_50_random/02958343/de79348d1ab77d2de1274d5dbd93afc8/r_14",
            "rotation": 0.12566370614359174,
            "transform_matrix": [
                [
                    -0.571315348148346,
                    -0.04663911089301109,
                    -0.8194043636322021,
                    -3.3031246662139893
                ],
                [
                    -0.8207306265830994,
                    0.032465752214193344,
                    0.5703921318054199,
                    2.2993242740631104
                ],
                [
                    -1.862645371275562e-09,
                    0.9983839988708496,
                    -0.056826330721378326,
                    -0.22907426953315735
                ],
                [
                    0.0,
                    0.0,
                    0.0,
                    1.0
                ]
            ]
        },
        {
            "file_path": "/data/shapenet_blender/all_50_random/02958343/de79348d1ab77d2de1274d5dbd93afc8/r_15",
            "rotation": 0.12566370614359174,
            "transform_matrix": [
                [
                    0.15074510872364044,
                    -0.6711187958717346,
                    -0.7258618474006653,
                    -2.9260427951812744
                ],
                [
                    -0.9885727167129517,
                    -0.1023373156785965,
                    -0.11068495362997055,
                    -0.44618532061576843
                ],
                [
                    0.0,
                    0.734252393245697,
                    -0.678876519203186,
                    -2.7366387844085693
                ],
                [
                    0.0,
                    0.0,
                    0.0,
                    1.0
                ]
            ]
        },
        {
            "file_path": "/data/shapenet_blender/all_50_random/02958343/de79348d1ab77d2de1274d5dbd93afc8/r_16",
            "rotation": 0.12566370614359174,
            "transform_matrix": [
                [
                    -0.12971912324428558,
                    -0.4339922070503235,
                    0.8915287852287292,
                    3.593867778778076
                ],
                [
                    0.9915508031845093,
                    -0.056776806712150574,
                    0.11663379520177841,
                    0.4701659083366394
                ],
                [
                    0.0,
                    0.8991257548332214,
                    0.4376903176307678,
                    1.7643861770629883
                ],
                [
                    0.0,
                    0.0,
                    0.0,
                    1.0
                ]
            ]
        },
        {
            "file_path": "/data/shapenet_blender/all_50_random/02958343/de79348d1ab77d2de1274d5dbd93afc8/r_17",
            "rotation": 0.12566370614359174,
            "transform_matrix": [
                [
                    -0.548349142074585,
                    -0.4797937870025635,
                    -0.6849167943000793,
                    -2.760988235473633
                ],
                [
                    -0.8362495303153992,
                    0.31461241841316223,
                    0.4491165578365326,
                    1.8104469776153564
                ],
                [
                    -1.4901161193847656e-08,
                    0.8190340995788574,
                    -0.5737447738647461,
                    -2.3128395080566406
                ],
                [
                    0.0,
                    0.0,
                    0.0,
                    1.0
                ]
            ]
        },
        {
            "file_path": "/data/shapenet_blender/all_50_random/02958343/de79348d1ab77d2de1274d5dbd93afc8/r_18",
            "rotation": 0.12566370614359174,
            "transform_matrix": [
                [
                    -0.584943950176239,
                    0.36611413955688477,
                    0.723740816116333,
                    2.9174928665161133
                ],
                [
                    0.8110736012458801,
                    0.2640404999256134,
                    0.5219598412513733,
                    2.1040875911712646
                ],
                [
                    0.0,
                    0.8923244476318359,
                    -0.4513944089412689,
                    -1.819629192352295
                ],
                [
                    0.0,
                    0.0,
                    0.0,
                    1.0
                ]
            ]
        },
        {
            "file_path": "/data/shapenet_blender/all_50_random/02958343/de79348d1ab77d2de1274d5dbd93afc8/r_19",
            "rotation": 0.12566370614359174,
            "transform_matrix": [
                [
                    -0.7564491033554077,
                    -0.4114786684513092,
                    0.5083995461463928,
                    2.049424409866333
                ],
                [
                    0.6540526747703552,
                    -0.4758984446525574,
                    0.5879929065704346,
                    2.3702754974365234
                ],
                [
                    1.4901162970204496e-08,
                    0.7773067355155945,
                    0.6291216015815735,
                    2.5360705852508545
                ],
                [
                    0.0,
                    0.0,
                    0.0,
                    1.0
                ]
            ]
        },
        {
            "file_path": "/data/shapenet_blender/all_50_random/02958343/de79348d1ab77d2de1274d5dbd93afc8/r_20",
            "rotation": 0.12566370614359174,
            "transform_matrix": [
                [
                    0.5433664321899414,
                    -0.15801779925823212,
                    0.8244897723197937,
                    3.3236241340637207
                ],
                [
                    0.8394955992698669,
                    0.10227756947278976,
                    -0.5336538553237915,
                    -2.1512272357940674
                ],
                [
                    0.0,
                    0.9821251034736633,
                    0.18822945654392242,
                    0.7587771415710449
                ],
                [
                    0.0,
                    0.0,
                    0.0,
                    1.0
                ]
            ]
        },
        {
            "file_path": "/data/shapenet_blender/all_50_random/02958343/de79348d1ab77d2de1274d5dbd93afc8/r_21",
            "rotation": 0.12566370614359174,
            "transform_matrix": [
                [
                    0.2724766433238983,
                    0.3810296654701233,
                    0.883500337600708,
                    3.5615036487579346
                ],
                [
                    0.962162435054779,
                    -0.10790452361106873,
                    -0.25020015239715576,
                    -1.0085890293121338
                ],
                [
                    -7.450580596923828e-09,
                    0.9182445406913757,
                    -0.39601388573646545,
                    -1.596382975578308
                ],
                [
                    0.0,
                    0.0,
                    0.0,
                    1.0
                ]
            ]
        },
        {
            "file_path": "/data/shapenet_blender/all_50_random/02958343/de79348d1ab77d2de1274d5dbd93afc8/r_22",
            "rotation": 0.12566370614359174,
            "transform_matrix": [
                [
                    -0.7050811052322388,
                    -0.10147345811128616,
                    -0.7018288969993591,
                    -2.829162836074829
                ],
                [
                    -0.7091267704963684,
                    0.10089454799890518,
                    0.6978248953819275,
                    2.8130221366882324
                ],
                [
                    7.450581485102248e-09,
                    0.9897087812423706,
                    -0.14309637248516083,
                    -0.5768399238586426
                ],
                [
                    0.0,
                    0.0,
                    0.0,
                    1.0
                ]
            ]
        },
        {
            "file_path": "/data/shapenet_blender/all_50_random/02958343/de79348d1ab77d2de1274d5dbd93afc8/r_23",
            "rotation": 0.12566370614359174,
            "transform_matrix": [
                [
                    -0.04398242384195328,
                    -0.5304061770439148,
                    0.8466019034385681,
                    3.4127614498138428
                ],
                [
                    0.9990323185920715,
                    -0.023351145908236504,
                    0.03727167099714279,
                    0.15024691820144653
                ],
                [
                    0.0,
                    0.8474219441413879,
                    0.5309199690818787,
                    2.140206813812256
                ],
                [
                    0.0,
                    0.0,
                    0.0,
                    1.0
                ]
            ]
        },
        {
            "file_path": "/data/shapenet_blender/all_50_random/02958343/de79348d1ab77d2de1274d5dbd93afc8/r_24",
            "rotation": 0.12566370614359174,
            "transform_matrix": [
                [
                    0.9564415216445923,
                    0.24235111474990845,
                    0.16274413466453552,
                    0.6560426354408264
                ],
                [
                    0.2919241786003113,
                    -0.7940235137939453,
                    -0.5332043766975403,
                    -2.1494157314300537
                ],
                [
                    -1.4901162970204496e-08,
                    0.5574876666069031,
                    -0.8301851153373718,
                    -3.346583366394043
                ],
                [
                    0.0,
                    0.0,
                    0.0,
                    1.0
                ]
            ]
        },
        {
            "file_path": "/data/shapenet_blender/all_50_random/02958343/de79348d1ab77d2de1274d5dbd93afc8/r_25",
            "rotation": 0.12566370614359174,
            "transform_matrix": [
                [
                    0.5605650544166565,
                    -0.2802790701389313,
                    0.7792370915412903,
                    3.141205310821533
                ],
                [
                    0.8281104564666748,
                    0.18972669541835785,
                    -0.5274816155433655,
                    -2.1263465881347656
                ],
                [
                    -1.4901162970204496e-08,
                    0.9409820437431335,
                    0.3384561538696289,
                    1.3643605709075928
                ],
                [
                    0.0,
                    0.0,
                    0.0,
                    1.0
                ]
            ]
        },
        {
            "file_path": "/data/shapenet_blender/all_50_random/02958343/de79348d1ab77d2de1274d5dbd93afc8/r_26",
            "rotation": 0.12566370614359174,
            "transform_matrix": [
                [
                    0.886965811252594,
                    -0.1335364431142807,
                    0.4421083629131317,
                    1.782195806503296
                ],
                [
                    0.4618352949619293,
                    0.25645995140075684,
                    -0.8490797877311707,
                    -3.4227499961853027
                ],
                [
                    7.450581485102248e-09,
                    0.9572858214378357,
                    0.28914305567741394,
                    1.1655728816986084
                ],
                [
                    0.0,
                    0.0,
                    0.0,
                    1.0
                ]
            ]
        },
        {
            "file_path": "/data/shapenet_blender/all_50_random/02958343/de79348d1ab77d2de1274d5dbd93afc8/r_27",
            "rotation": 0.12566370614359174,
            "transform_matrix": [
                [
                    -0.7535701990127563,
                    -0.06718980520963669,
                    0.6539246439933777,
                    2.636054754257202
                ],
                [
                    0.657367467880249,
                    -0.0770227238535881,
                    0.7496235370635986,
                    3.02182936668396
                ],
                [
                    0.0,
                    0.9947627186775208,
                    0.10221043974161148,
                    0.41202348470687866
                ],
                [
                    0.0,
                    0.0,
                    0.0,
                    1.0
                ]
            ]
        },
        {
            "file_path": "/data/shapenet_blender/all_50_random/02958343/de79348d1ab77d2de1274d5dbd93afc8/r_28",
            "rotation": 0.12566370614359174,
            "transform_matrix": [
                [
                    0.999998927116394,
                    -0.0013964094687253237,
                    -0.0004107779823243618,
                    -0.0016558989882469177
                ],
                [
                    -0.001455574994906783,
                    -0.9593515396118164,
                    -0.2822098433971405,
                    -1.1376242637634277
                ],
                [
                    2.9103830456733704e-11,
                    0.28221020102500916,
                    -0.9593526124954224,
                    -3.867274045944214
                ],
                [
                    0.0,
                    0.0,
                    0.0,
                    1.0
                ]
            ]
        },
        {
            "file_path": "/data/shapenet_blender/all_50_random/02958343/de79348d1ab77d2de1274d5dbd93afc8/r_29",
            "rotation": 0.12566370614359174,
            "transform_matrix": [
                [
                    0.49413585662841797,
                    -0.18612222373485565,
                    0.849228024482727,
                    3.4233477115631104
                ],
                [
                    0.8693847060203552,
                    0.10578707605600357,
                    -0.4826793372631073,
                    -1.9457426071166992
                ],
                [
                    0.0,
                    0.9768150448799133,
                    0.21408499777317047,
                    0.863004207611084
                ],
                [
                    0.0,
                    0.0,
                    0.0,
                    1.0
                ]
            ]
        },
        {
            "file_path": "/data/shapenet_blender/all_50_random/02958343/de79348d1ab77d2de1274d5dbd93afc8/r_30",
            "rotation": 0.12566370614359174,
            "transform_matrix": [
                [
                    0.3959656357765198,
                    -0.40635156631469727,
                    0.8234618902206421,
                    3.319481372833252
                ],
                [
                    0.9182653427124023,
                    0.17522303760051727,
                    -0.3550853729248047,
                    -1.4313950538635254
                ],
                [
                    0.0,
                    0.8967581391334534,
                    0.4425208568572998,
                    1.7838587760925293
                ],
                [
                    0.0,
                    0.0,
                    0.0,
                    1.0
                ]
            ]
        },
        {
            "file_path": "/data/shapenet_blender/all_50_random/02958343/de79348d1ab77d2de1274d5dbd93afc8/r_31",
            "rotation": 0.12566370614359174,
            "transform_matrix": [
                [
                    -0.9375993609428406,
                    0.19440875947475433,
                    -0.28829261660575867,
                    -1.1621447801589966
                ],
                [
                    -0.34771743416786194,
                    -0.5242116451263428,
                    0.7773638963699341,
                    3.1336543560028076
                ],
                [
                    -1.4901160305669237e-08,
                    0.8291003108024597,
                    0.5590997934341431,
                    2.2538034915924072
                ],
                [
                    0.0,
                    0.0,
                    0.0,
                    1.0
                ]
            ]
        },
        {
            "file_path": "/data/shapenet_blender/all_50_random/02958343/de79348d1ab77d2de1274d5dbd93afc8/r_32",
            "rotation": 0.12566370614359174,
            "transform_matrix": [
                [
                    0.9827788472175598,
                    0.04253420978784561,
                    -0.17982405424118042,
                    -0.7248939275741577
                ],
                [
                    -0.18478596210479736,
                    0.22621698677539825,
                    -0.9563890695571899,
                    -3.855327606201172
                ],
                [
                    3.725290298461914e-09,
                    0.9731478691101074,
                    0.2301809936761856,
                    0.9278892874717712
                ],
                [
                    0.0,
                    0.0,
                    0.0,
                    1.0
                ]
            ]
        },
        {
            "file_path": "/data/shapenet_blender/all_50_random/02958343/de79348d1ab77d2de1274d5dbd93afc8/r_33",
            "rotation": 0.12566370614359174,
            "transform_matrix": [
                [
                    0.8342669010162354,
                    -0.49741315841674805,
                    0.23786331713199615,
                    0.9588577151298523
                ],
                [
                    0.5513609051704407,
                    0.7526382207870483,
                    -0.35991212725639343,
                    -1.4508521556854248
                ],
                [
                    0.0,
                    0.4314112067222595,
                    0.902155339717865,
                    3.636704444885254
                ],
                [
                    0.0,
                    0.0,
                    0.0,
                    1.0
                ]
            ]
        },
        {
            "file_path": "/data/shapenet_blender/all_50_random/02958343/de79348d1ab77d2de1274d5dbd93afc8/r_34",
            "rotation": 0.12566370614359174,
            "transform_matrix": [
                [
                    -0.4255993068218231,
                    0.24159501492977142,
                    0.8720648288726807,
                    3.5154056549072266
                ],
                [
                    0.9049118161201477,
                    0.11362729221582413,
                    0.4101506769657135,
                    1.6533702611923218
                ],
                [
                    -7.450581485102248e-09,
                    0.9637014269828796,
                    -0.26698189973831177,
                    -1.0762385129928589
                ],
                [
                    0.0,
                    0.0,
                    0.0,
                    1.0
                ]
            ]
        },
        {
            "file_path": "/data/shapenet_blender/all_50_random/02958343/de79348d1ab77d2de1274d5dbd93afc8/r_35",
            "rotation": 0.12566370614359174,
            "transform_matrix": [
                [
                    -0.831777036190033,
                    -0.4864676296710968,
                    -0.2673878073692322,
                    -1.077874779701233
                ],
                [
                    -0.5551099181175232,
                    0.7289233803749084,
                    0.4006540775299072,
                    1.6150882244110107
                ],
                [
                    -1.4901161193847656e-08,
                    0.4816843867301941,
                    -0.8763447403907776,
                    -3.532658576965332
                ],
                [
                    0.0,
                    0.0,
                    0.0,
                    1.0
                ]
            ]
        },
        {
            "file_path": "/data/shapenet_blender/all_50_random/02958343/de79348d1ab77d2de1274d5dbd93afc8/r_36",
            "rotation": 0.12566370614359174,
            "transform_matrix": [
                [
                    -0.4110065698623657,
                    0.22553110122680664,
                    -0.8832944631576538,
                    -3.5606741905212402
                ],
                [
                    -0.9116322994232178,
                    -0.10167999565601349,
                    0.39823055267333984,
                    1.6053187847137451
                ],
                [
                    0.0,
                    0.9689153432846069,
                    0.24739257991313934,
                    0.9972714185714722
                ],
                [
                    0.0,
                    0.0,
                    0.0,
                    1.0
                ]
            ]
        },
        {
            "file_path": "/data/shapenet_blender/all_50_random/02958343/de79348d1ab77d2de1274d5dbd93afc8/r_37",
            "rotation": 0.12566370614359174,
            "transform_matrix": [
                [
                    0.5065168738365173,
                    -0.015188868157565594,
                    0.8620961904525757,
                    3.4752209186553955
                ],
                [
                    0.8622299432754517,
                    0.00892269890755415,
                    -0.5064383149147034,
                    -2.041518211364746
                ],
                [
                    -4.6566125955216364e-10,
                    0.9998447895050049,
                    0.017615795135498047,
                    0.07101154327392578
                ],
                [
                    0.0,
                    0.0,
                    0.0,
                    1.0
                ]
            ]
        },
        {
            "file_path": "/data/shapenet_blender/all_50_random/02958343/de79348d1ab77d2de1274d5dbd93afc8/r_38",
            "rotation": 0.12566370614359174,
            "transform_matrix": [
                [
                    0.7171454429626465,
                    0.14682446420192719,
                    -0.6812818646430969,
                    -2.746335029602051
                ],
                [
                    -0.696923553943634,
                    0.15108470618724823,
                    -0.7010498642921448,
                    -2.8260223865509033
                ],
                [
                    0.0,
                    0.9775562286376953,
                    0.21067510545253754,
                    0.849258542060852
                ],
                [
                    0.0,
                    0.0,
                    0.0,
                    1.0
                ]
            ]
        },
        {
            "file_path": "/data/shapenet_blender/all_50_random/02958343/de79348d1ab77d2de1274d5dbd93afc8/r_39",
            "rotation": 0.12566370614359174,
            "transform_matrix": [
                [
                    -0.6934187412261963,
                    0.012337377294898033,
                    0.7204291820526123,
                    2.9041428565979004
                ],
                [
                    0.7205348610877991,
                    0.01187308132648468,
                    0.6933170557022095,
                    2.7948503494262695
                ],
                [
                    0.0,
                    0.9998533129692078,
                    -0.017122527584433556,
                    -0.06902311742305756
                ],
                [
                    0.0,
                    0.0,
                    0.0,
                    1.0
                ]
            ]
        },
        {
            "file_path": "/data/shapenet_blender/all_50_random/02958343/de79348d1ab77d2de1274d5dbd93afc8/r_40",
            "rotation": 0.12566370614359174,
            "transform_matrix": [
                [
                    0.5283756852149963,
                    0.07611113786697388,
                    -0.8455921411514282,
                    -3.408691167831421
                ],
                [
                    -0.8490105867385864,
                    0.04736722633242607,
                    -0.5262482762336731,
                    -2.1213748455047607
                ],
                [
                    -3.725290076417309e-09,
                    0.995973527431488,
                    0.08964686095714569,
                    0.3613780736923218
                ],
                [
                    0.0,
                    0.0,
                    0.0,
                    1.0
                ]
            ]
        },
        {
            "file_path": "/data/shapenet_blender/all_50_random/02958343/de79348d1ab77d2de1274d5dbd93afc8/r_41",
            "rotation": 0.12566370614359174,
            "transform_matrix": [
                [
                    0.9981509447097778,
                    -0.021105779334902763,
                    0.05700388178229332,
                    0.22979000210762024
                ],
                [
                    0.06078566610813141,
                    0.3465743660926819,
                    -0.9360508918762207,
                    -3.7733418941497803
                ],
                [
                    0.0,
