{
    "class": "02958343",
    "model": "bc75e8adfee9ad70bda733a39f84326d",
    "remove_doubles": true,
    "edge_split": true,
    "denoise": true,
    "camera_angle_x": 0.6911112070083618,
    "scale_factor": 2.3463410445383697,
    "hdri_file": "/data/IndoorHDRDataset2018/AG8A2426-f90cb0ef4d.exr",
    "center_offset": [
        0.0,
        -9.313225746154785e-10,
        -3.725290298461914e-09
    ],
    "lights": [],
    "frames": [
        {
            "file_path": "/data/shapenet_blender/all_50_random/02958343/bc75e8adfee9ad70bda733a39f84326d/r_0",
            "rotation": 0.12566370614359174,
            "transform_matrix": [
                [
                    0.6260703206062317,
                    -0.31156662106513977,
                    -0.7148160338401794,
                    -2.8815157413482666
                ],
                [
                    -0.7797664999961853,
                    -0.25015518069267273,
                    -0.5739219784736633,
                    -2.313553810119629
                ],
                [
                    -1.4901160305669237e-08,
                    0.9167052507400513,
                    -0.3995639979839325,
                    -1.610694169998169
                ],
                [
                    0.0,
                    0.0,
                    0.0,
                    1.0
                ]
            ]
        },
        {
            "file_path": "/data/shapenet_blender/all_50_random/02958343/bc75e8adfee9ad70bda733a39f84326d/r_1",
            "rotation": 0.12566370614359174,
            "transform_matrix": [
                [
                    -0.05501552298665047,
                    0.577558696269989,
                    0.8144932389259338,
                    3.283327102661133
                ],
                [
                    0.9984855055809021,
                    0.03182289004325867,
                    0.04487774148583412,
                    0.1809079498052597
                ],
                [
                    1.8626450382086546e-09,
                    0.8157286643981934,
                    -0.5784347057342529,
                    -2.331744909286499
                ],
                [
                    0.0,
                    0.0,
                    0.0,
                    1.0
                ]
            ]
        },
        {
            "file_path": "/data/shapenet_blender/all_50_random/02958343/bc75e8adfee9ad70bda733a39f84326d/r_2",
            "rotation": 0.12566370614359174,
            "transform_matrix": [
                [
                    -0.3172118365764618,
                    0.6328076720237732,
                    0.7063504457473755,
                    2.8473896980285645
                ],
                [
                    0.9483547210693359,
                    0.21166563034057617,
                    0.2362646907567978,
                    0.9524134397506714
                ],
                [
                    0.0,
                    0.7448165416717529,
                    -0.6672691106796265,
                    -2.689847707748413
                ],
                [
                    0.0,
                    0.0,
                    0.0,
                    1.0
                ]
            ]
        },
        {
            "file_path": "/data/shapenet_blender/all_50_random/02958343/bc75e8adfee9ad70bda733a39f84326d/r_3",
            "rotation": 0.12566370614359174,
            "transform_matrix": [
                [
                    -0.5945413112640381,
                    -0.14877191185951233,
                    -0.7901819348335266,
                    -3.1853253841400146
                ],
                [
                    -0.8040650486946106,
                    0.11000484228134155,
                    0.5842758417129517,
                    2.3552913665771484
                ],
                [
                    0.0,
                    0.9827338457107544,
                    -0.18502472341060638,
                    -0.7458584904670715
                ],
                [
                    0.0,
                    0.0,
                    0.0,
                    1.0
                ]
            ]
        },
        {
            "file_path": "/data/shapenet_blender/all_50_random/02958343/bc75e8adfee9ad70bda733a39f84326d/r_4",
            "rotation": 0.12566370614359174,
            "transform_matrix": [
                [
                    -0.44743528962135315,
                    -0.31643638014793396,
                    0.8364626169204712,
                    3.3718886375427246
                ],
                [
                    0.8943163156509399,
                    -0.1583162546157837,
                    0.4184904992580414,
                    1.686989188194275
                ],
                [
                    1.4901160305669237e-08,
                    0.935309648513794,
                    0.353830486536026,
                    1.4263362884521484
                ],
                [
                    0.0,
                    0.0,
                    0.0,
                    1.0
                ]
            ]
        },
        {
            "file_path": "/data/shapenet_blender/all_50_random/02958343/bc75e8adfee9ad70bda733a39f84326d/r_5",
            "rotation": 0.12566370614359174,
            "transform_matrix": [
                [
                    0.5252272486686707,
                    0.4302437901496887,
                    0.7341842651367188,
                    2.9595913887023926
                ],
                [
                    0.8509619235992432,
                    -0.2655533254146576,
                    -0.4531502425670624,
                    -1.8267070055007935
                ],
                [
                    0.0,
                    0.8627696633338928,
                    -0.5055970549583435,
                    -2.0381269454956055
                ],
                [
                    0.0,
                    0.0,
                    0.0,
                    1.0
                ]
            ]
        },
        {
            "file_path": "/data/shapenet_blender/all_50_random/02958343/bc75e8adfee9ad70bda733a39f84326d/r_6",
            "rotation": 0.12566370614359174,
            "transform_matrix": [
                [
                    -0.03510431945323944,
                    -0.6942519545555115,
                    0.7188754677772522,
                    2.8978796005249023
                ],
                [
                    0.9993836879730225,
                    -0.024386271834373474,
                    0.025251196697354317,
                    0.10179083049297333
                ],
                [
                    0.0,
                    0.7193188667297363,
                    0.6946800947189331,
                    2.800344944000244
                ],
                [
                    0.0,
                    0.0,
                    0.0,
                    1.0
                ]
            ]
        },
        {
            "file_path": "/data/shapenet_blender/all_50_random/02958343/bc75e8adfee9ad70bda733a39f84326d/r_7",
            "rotation": 0.12566370614359174,
            "transform_matrix": [
                [
                    -0.1232849732041359,
                    0.287433922290802,
                    -0.9498329162597656,
                    -3.8288989067077637
                ],
                [
                    -0.9923713207244873,
                    -0.03570869565010071,
                    0.11800031363964081,
                    0.47567448019981384
                ],
                [
                    0.0,
                    0.957134485244751,
                    0.2896435558795929,
                    1.1675904989242554
                ],
                [
                    0.0,
                    0.0,
                    0.0,
                    1.0
                ]
            ]
        },
        {
            "file_path": "/data/shapenet_blender/all_50_random/02958343/bc75e8adfee9ad70bda733a39f84326d/r_8",
            "rotation": 0.12566370614359174,
            "transform_matrix": [
                [
                    0.20308174192905426,
                    -0.5258169174194336,
                    -0.8259989619255066,
                    -3.3297083377838135
                ],
                [
                    -0.9791618585586548,
                    -0.10905634611845016,
                    -0.17131519317626953,
                    -0.6905936598777771
                ],
                [
                    7.450581485102248e-09,
                    0.84357750415802,
                    -0.5370072722434998,
                    -2.164745569229126
                ],
                [
                    0.0,
                    0.0,
                    0.0,
                    1.0
                ]
            ]
        },
        {
            "file_path": "/data/shapenet_blender/all_50_random/02958343/bc75e8adfee9ad70bda733a39f84326d/r_9",
            "rotation": 0.12566370614359174,
            "transform_matrix": [
                [
                    0.8263480067253113,
                    0.08336541056632996,
                    -0.5569551587104797,
                    -2.2451579570770264
                ],
                [
                    -0.5631596446037292,
                    0.122325599193573,
                    -0.8172438740730286,
                    -3.2944154739379883
                ],
                [
                    0.0,
                    0.9889825582504272,
                    0.1480315625667572,
                    0.596734344959259
                ],
                [
                    0.0,
                    0.0,
                    0.0,
                    1.0
                ]
            ]
        },
        {
            "file_path": "/data/shapenet_blender/all_50_random/02958343/bc75e8adfee9ad70bda733a39f84326d/r_10",
            "rotation": 0.12566370614359174,
            "transform_matrix": [
                [
                    0.3567907214164734,
                    -0.24364754557609558,
                    0.9018514752388,
                    3.6354799270629883
                ],
                [
                    0.9341843724250793,
                    0.09305570274591446,
                    -0.34444189071655273,
                    -1.388489842414856
                ],
                [
                    -7.450580596923828e-09,
                    0.9653893113136292,
                    0.2608130872249603,
                    1.0513713359832764
                ],
                [
                    0.0,
                    0.0,
                    0.0,
                    1.0
                ]
            ]
        },
        {
            "file_path": "/data/shapenet_blender/all_50_random/02958343/bc75e8adfee9ad70bda733a39f84326d/r_11",
            "rotation": 0.12566370614359174,
            "transform_matrix": [
                [
                    -0.31451743841171265,
                    -0.01381651684641838,
                    -0.9491511583328247,
                    -3.82615065574646
                ],
                [
                    -0.9492517709732056,
                    0.004577853251248598,
                    0.3144840896129608,
                    1.267725944519043
                ],
                [
                    0.0,
                    0.9998940825462341,
                    -0.014555167406797409,
                    -0.058673758059740067
                ],
                [
                    0.0,
                    0.0,
                    0.0,
                    1.0
                ]
            ]
        },
        {
            "file_path": "/data/shapenet_blender/all_50_random/02958343/bc75e8adfee9ad70bda733a39f84326d/r_12",
            "rotation": 0.12566370614359174,
            "transform_matrix": [
                [
                    0.9701988697052002,
                    -0.0036397140938788652,
                    0.242282897233963,
                    0.9766736030578613
                ],
                [
                    0.24231022596359253,
                    0.014573244377970695,
                    -0.9700893759727478,
                    -3.910555362701416
                ],
                [
                    2.3283064365386963e-10,
                    0.9998871088027954,
                    0.015020886436104774,
                    0.060551129281520844
                ],
                [
                    0.0,
                    0.0,
                    0.0,
                    1.0
                ]
            ]
        },
        {
            "file_path": "/data/shapenet_blender/all_50_random/02958343/bc75e8adfee9ad70bda733a39f84326d/r_13",
            "rotation": 0.12566370614359174,
            "transform_matrix": [
                [
                    0.5980929136276245,
                    -0.33257803320884705,
                    -0.7291616797447205,
                    -2.939344644546509
                ],
                [
                    -0.8014267683029175,
                    -0.24819804728031158,
                    -0.5441625118255615,
                    -2.193589210510254
                ],
                [
                    0.0,
                    0.909829318523407,
                    -0.4149824380874634,
                    -1.6728477478027344
                ],
                [
                    0.0,
                    0.0,
                    0.0,
                    1.0
                ]
            ]
        },
        {
            "file_path": "/data/shapenet_blender/all_50_random/02958343/bc75e8adfee9ad70bda733a39f84326d/r_14",
            "rotation": 0.12566370614359174,
            "transform_matrix": [
                [
                    0.5363274812698364,
                    -0.5695543885231018,
                    0.6228647828102112,
                    2.5108482837677
                ],
                [
                    0.8440099358558655,
                    0.36192426085472107,
                    -0.39580047130584717,
                    -1.5955227613449097
                ],
                [
                    1.4901161193847656e-08,
                    0.7379827499389648,
                    0.6748195290565491,
                    2.7202844619750977
                ],
                [
                    0.0,
                    0.0,
                    0.0,
                    1.0
                ]
            ]
        },
        {
            "file_path": "/data/shapenet_blender/all_50_random/02958343/bc75e8adfee9ad70bda733a39f84326d/r_15",
            "rotation": 0.12566370614359174,
            "transform_matrix": [
                [
                    -0.9395699501037598,
                    -0.2571761906147003,
                    -0.22598430514335632,
                    -0.9109718799591064
                ],
                [
                    -0.3423573076725006,
                    0.7057976722717285,
                    0.6201943159103394,
                    2.5000832080841064
                ],
                [
                    -1.4901162970204496e-08,
                    0.6600831747055054,
                    -0.7511924505233765,
                    -3.028153657913208
                ],
                [
                    0.0,
                    0.0,
                    0.0,
                    1.0
                ]
            ]
        },
        {
            "file_path": "/data/shapenet_blender/all_50_random/02958343/bc75e8adfee9ad70bda733a39f84326d/r_16",
            "rotation": 0.12566370614359174,
            "transform_matrix": [
                [
                    -0.9178576469421387,
                    0.007241959683597088,
                    0.3968436121940613,
                    1.5997278690338135
                ],
                [
                    0.3969096839427948,
                    0.01674710214138031,
                    0.9177048206329346,
                    3.6993865966796875
                ],
                [
                    4.6566123179658803e-10,
                    0.9998335242271423,
                    -0.018245859071612358,
                    -0.07355141639709473
                ],
                [
                    0.0,
                    0.0,
                    0.0,
                    1.0
                ]
            ]
        },
        {
            "file_path": "/data/shapenet_blender/all_50_random/02958343/bc75e8adfee9ad70bda733a39f84326d/r_17",
            "rotation": 0.12566370614359174,
            "transform_matrix": [
                [
                    0.10450483858585358,
                    0.6870766282081604,
                    0.7190302014350891,
                    2.898503541946411
                ],
                [
                    0.9945244789123535,
                    -0.07219815254211426,
                    -0.07555583864450455,
                    -0.3045753240585327
                ],
                [
                    0.0,
                    0.7229890823364258,
                    -0.6908594965934753,
                    -2.7849438190460205
                ],
                [
                    0.0,
                    0.0,
                    0.0,
                    1.0
                ]
            ]
        },
        {
            "file_path": "/data/shapenet_blender/all_50_random/02958343/bc75e8adfee9ad70bda733a39f84326d/r_18",
            "rotation": 0.12566370614359174,
            "transform_matrix": [
                [
                    -0.3685431480407715,
                    -0.11145489662885666,
                    -0.9229050278663635,
                    -3.7203493118286133
                ],
                [
                    -0.9296106696128845,
                    0.04418618232011795,
                    0.3658847212791443,
                    1.474928617477417
                ],
                [
                    3.725290298461914e-09,
                    0.9927865266799927,
                    -0.11989418417215347,
                    -0.48330894112586975
                ],
                [
                    0.0,
                    0.0,
                    0.0,
                    1.0
                ]
            ]
        },
        {
            "file_path": "/data/shapenet_blender/all_50_random/02958343/bc75e8adfee9ad70bda733a39f84326d/r_19",
            "rotation": 0.12566370614359174,
            "transform_matrix": [
                [
                    0.6457622647285461,
                    0.2446320652961731,
                    -0.7232884764671326,
                    -2.9156692028045654
                ],
                [
                    -0.7635385394096375,
                    0.20689742267131805,
                    -0.6117208003997803,
                    -2.465925455093384
                ],
                [
                    0.0,
                    0.9472848176956177,
                    0.32039254903793335,
                    1.29154372215271
                ],
                [
                    0.0,
                    0.0,
                    0.0,
                    1.0
                ]
            ]
        },
        {
            "file_path": "/data/shapenet_blender/all_50_random/02958343/bc75e8adfee9ad70bda733a39f84326d/r_20",
            "rotation": 0.12566370614359174,
            "transform_matrix": [
                [
                    -0.6363113522529602,
                    -0.1969110071659088,
                    -0.7458779811859131,
                    -3.006730318069458
                ],
                [
                    -0.7714323997497559,
                    0.162420853972435,
                    0.6152329444885254,
                    2.4800832271575928
                ],
                [
                    0.0,
                    0.9668740630149841,
                    -0.25525376200675964,
                    -1.0289608240127563
                ],
                [
                    0.0,
                    0.0,
                    0.0,
                    1.0
                ]
            ]
        },
        {
            "file_path": "/data/shapenet_blender/all_50_random/02958343/bc75e8adfee9ad70bda733a39f84326d/r_21",
            "rotation": 0.12566370614359174,
            "transform_matrix": [
                [
                    -0.5882800221443176,
                    -0.47551846504211426,
                    -0.6540709733963013,
                    -2.6366443634033203
                ],
                [
                    -0.8086572885513306,
                    0.34592899680137634,
                    0.47582191228866577,
                    1.9180995225906372
                ],
                [
                    1.4901161193847656e-08,
                    0.8088356852531433,
                    -0.5880346298217773,
                    -2.370443344116211
                ],
                [
                    0.0,
                    0.0,
                    0.0,
                    1.0
                ]
            ]
        },
        {
            "file_path": "/data/shapenet_blender/all_50_random/02958343/bc75e8adfee9ad70bda733a39f84326d/r_22",
            "rotation": 0.12566370614359174,
            "transform_matrix": [
                [
                    0.8242926597595215,
                    -0.007598284166306257,
                    0.5661130547523499,
                    2.2820746898651123
                ],
                [
                    0.5661640763282776,
                    0.01106253545731306,
                    -0.8242183923721313,
                    -3.322530508041382
                ],
                [
                    0.0,
                    0.9999099373817444,
                    0.013420641422271729,
                    0.05410033464431763
                ],
                [
                    0.0,
                    0.0,
                    0.0,
                    1.0
                ]
            ]
        },
        {
            "file_path": "/data/shapenet_blender/all_50_random/02958343/bc75e8adfee9ad70bda733a39f84326d/r_23",
            "rotation": 0.12566370614359174,
            "transform_matrix": [
                [
                    0.792237401008606,
                    -0.03867197036743164,
                    -0.6089864373207092,
                    -2.4549026489257812
                ],
                [
                    -0.610213041305542,
                    -0.050207678228616714,
                    -0.7906449437141418,
                    -3.1871912479400635
                ],
                [
                    1.862645371275562e-09,
                    0.9979896545410156,
                    -0.06337454915046692,
                    -0.25547096133232117
                ],
                [
                    0.0,
                    0.0,
                    0.0,
                    1.0
                ]
            ]
        },
        {
            "file_path": "/data/shapenet_blender/all_50_random/02958343/bc75e8adfee9ad70bda733a39f84326d/r_24",
            "rotation": 0.12566370614359174,
            "transform_matrix": [
                [
                    0.08497306704521179,
                    0.11215101927518845,
                    -0.9900514483451843,
                    -3.9910244941711426
                ],
                [
                    -0.9963833093643188,
                    0.009564407169818878,
                    -0.08443307876586914,
                    -0.3403605818748474
                ],
                [
                    -9.313225746154785e-10,
                    0.9936450719833374,
                    0.11255814880132675,
                    0.4537363648414612
                ],
                [
                    0.0,
                    0.0,
                    0.0,
                    1.0
                ]
            ]
        },
        {
            "file_path": "/data/shapenet_blender/all_50_random/02958343/bc75e8adfee9ad70bda733a39f84326d/r_25",
            "rotation": 0.12566370614359174,
            "transform_matrix": [
                [
                    0.6856027245521545,
                    -0.09293624758720398,
                    0.7220191359519958,
                    2.910552501678467
                ],
                [
                    0.7279758453369141,
                    0.08752672374248505,
                    -0.67999267578125,
                    -2.741138458251953
                ],
                [
                    0.0,
                    0.9918174147605896,
                    0.12766389548778534,
                    0.5146296620368958
                ],
                [
                    0.0,
                    0.0,
                    0.0,
                    1.0
                ]
            ]
        },
        {
            "file_path": "/data/shapenet_blender/all_50_random/02958343/bc75e8adfee9ad70bda733a39f84326d/r_26",
            "rotation": 0.12566370614359174,
            "transform_matrix": [
                [
                    -0.044878020882606506,
                    0.011346539482474327,
                    -0.9989280700683594,
                    -4.02680778503418
                ],
                [
                    -0.9989925026893616,
                    -0.0005097237881273031,
                    0.0448751263320446,
                    0.18089741468429565
                ],
                [
                    0.0,
                    0.9999354481697083,
                    0.011357984505593777,
                    0.04578550159931183
                ],
                [
                    0.0,
                    0.0,
                    0.0,
                    1.0
                ]
            ]
        },
        {
            "file_path": "/data/shapenet_blender/all_50_random/02958343/bc75e8adfee9ad70bda733a39f84326d/r_27",
            "rotation": 0.12566370614359174,
            "transform_matrix": [
                [
                    -0.3399975597858429,
                    0.0335383340716362,
                    0.939828097820282,
                    3.7885682582855225
                ],
                [
                    0.9404263496398926,
                    0.01212530117481947,
                    0.3397812843322754,
                    1.3697022199630737
                ],
                [
                    0.0,
                    0.9993637800216675,
                    -0.03566290810704231,
                    -0.1437617838382721
                ],
                [
                    0.0,
                    0.0,
                    0.0,
                    1.0
                ]
            ]
        },
        {
            "file_path": "/data/shapenet_blender/all_50_random/02958343/bc75e8adfee9ad70bda733a39f84326d/r_28",
            "rotation": 0.12566370614359174,
            "transform_matrix": [
                [
                    -0.27058660984039307,
                    0.1315542608499527,
                    0.9536646604537964,
                    3.8443453311920166
                ],
                [
                    0.9626957178115845,
                    0.03697619214653969,
                    0.2680482566356659,
                    1.0805370807647705
                ],
                [
                    3.725290742551124e-09,
                    0.9906190633773804,
                    -0.13665197789669037,
                    -0.5508617162704468
                ],
                [
                    0.0,
                    0.0,
                    0.0,
                    1.0
                ]
            ]
        },
        {
            "file_path": "/data/shapenet_blender/all_50_random/02958343/bc75e8adfee9ad70bda733a39f84326d/r_29",
            "rotation": 0.12566370614359174,
            "transform_matrix": [
                [
                    -0.6548343896865845,
                    -0.061433095484972,
                    -0.7532714009284973,
                    -3.036534309387207
                ],
                [
                    -0.7557724118232727,
                    0.05322832986712456,
                    0.6526674032211304,
                    2.6309866905212402
                ],
                [
                    0.0,
                    0.9966908097267151,
                    -0.08128517866134644,
                    -0.327671080827713
                ],
                [
                    0.0,
                    0.0,
                    0.0,
                    1.0
                ]
            ]
        },
        {
            "file_path": "/data/shapenet_blender/all_50_random/02958343/bc75e8adfee9ad70bda733a39f84326d/r_30",
            "rotation": 0.12566370614359174,
            "transform_matrix": [
                [
                    -0.9459174275398254,
                    0.17574860155582428,
                    0.2726767659187317,
                    1.0991952419281006
                ],
                [
                    0.3244074285030365,
                    0.5124532580375671,
                    0.7950795292854309,
                    3.2050681114196777
                ],
                [
                    1.4901160305669237e-08,
                    0.8405380249023438,
                    -0.5417526364326477,
                    -2.1838748455047607
                ],
                [
                    0.0,
                    0.0,
                    0.0,
                    1.0
                ]
            ]
        },
        {
            "file_path": "/data/shapenet_blender/all_50_random/02958343/bc75e8adfee9ad70bda733a39f84326d/r_31",
            "rotation": 0.12566370614359174,
            "transform_matrix": [
                [
                    0.9710291624069214,
                    -0.18969489634037018,
                    0.14532135426998138,
                    0.5858091115951538
                ],
                [
                    0.23896121978759766,
                    0.7708333730697632,
                    -0.5905196070671082,
                    -2.380460739135742
                ],
                [
                    7.450581485102248e-09,
                    0.608137845993042,
                    0.7938314080238342,
                    3.2000367641448975
                ],
                [
                    0.0,
                    0.0,
                    0.0,
                    1.0
                ]
            ]
        },
        {
            "file_path": "/data/shapenet_blender/all_50_random/02958343/bc75e8adfee9ad70bda733a39f84326d/r_32",
            "rotation": 0.12566370614359174,
            "transform_matrix": [
                [
                    0.9994902610778809,
                    0.030329544097185135,
                    0.009973632171750069,
                    0.04020500183105469
                ],
                [
                    0.031927336007356644,
                    -0.949471116065979,
                    -0.3122261166572571,
                    -1.2586238384246826
                ],
                [
                    -9.31322685637781e-10,
                    0.3123852610588074,
                    -0.949955403804779,
                    -3.829392910003662
                ],
                [
                    0.0,
                    0.0,
                    0.0,
                    1.0
                ]
            ]
        },
        {
            "file_path": "/data/shapenet_blender/all_50_random/02958343/bc75e8adfee9ad70bda733a39f84326d/r_33",
            "rotation": 0.12566370614359174,
            "transform_matrix": [
                [
                    -0.988133430480957,
                    0.028043139725923538,
                    0.15101639926433563,
                    0.6087665557861328
                ],
                [
                    0.15359807014465332,
                    0.1804082691669464,
                    0.9715248346328735,
                    3.916341781616211
                ],
                [
                    0.0,
                    0.983191967010498,
                    -0.1825748234987259,
                    -0.7359826564788818
                ],
                [
                    0.0,
                    0.0,
                    0.0,
                    1.0
                ]
            ]
        },
        {
            "file_path": "/data/shapenet_blender/all_50_random/02958343/bc75e8adfee9ad70bda733a39f84326d/r_34",
            "rotation": 0.12566370614359174,
            "transform_matrix": [
                [
                    -0.3340321183204651,
                    -0.18785686790943146,
                    0.9236515760421753,
                    3.7233588695526123
                ],
                [
                    0.9425617456436157,
                    -0.06657412648200989,
                    0.3273305892944336,
                    1.319511890411377
                ],
                [
                    -3.725290742551124e-09,
                    0.9799375534057617,
                    0.19930456578731537,
                    0.8034224510192871
                ],
                [
                    0.0,
                    0.0,
                    0.0,
                    1.0
                ]
            ]
        },
        {
            "file_path": "/data/shapenet_blender/all_50_random/02958343/bc75e8adfee9ad70bda733a39f84326d/r_35",
            "rotation": 0.12566370614359174,
            "transform_matrix": [
                [
                    0.6991736888885498,
                    -0.03382495045661926,
                    0.7141510844230652,
                    2.878835439682007
                ],
                [
                    0.7149516940116882,
                    0.03307848051190376,
                    -0.6983907222747803,
                    -2.815303325653076
                ],
                [
                    0.0,
                    0.9988802075386047,
                    0.047310806810855865,
                    0.1907159835100174
                ],
                [
                    0.0,
                    0.0,
                    0.0,
                    1.0
                ]
            ]
        },
        {
            "file_path": "/data/shapenet_blender/all_50_random/02958343/bc75e8adfee9ad70bda733a39f84326d/r_36",
            "rotation": 0.12566370614359174,
            "transform_matrix": [
                [
                    -0.09139761328697205,
                    0.2482365071773529,
                    -0.9643781185150146,
                    -3.8875324726104736
                ],
                [
                    -0.9958145618438721,
                    -0.022783584892749786,
                    0.08851232379674911,
                    0.35680457949638367
                ],
                [
                    -1.862645371275562e-09,
                    0.9684314727783203,
                    0.2492799162864685,
                    1.0048794746398926
                ],
                [
                    0.0,
                    0.0,
                    0.0,
                    1.0
                ]
            ]
        },
        {
            "file_path": "/data/shapenet_blender/all_50_random/02958343/bc75e8adfee9ad70bda733a39f84326d/r_37",
            "rotation": 0.12566370614359174,
            "transform_matrix": [
                [
                    0.9999684691429138,
                    0.0060349381528794765,
                    0.005176943726837635,
                    0.020868927240371704
                ],
                [
                    0.007951178587973118,
                    -0.7589752674102783,
                    -0.6510708332061768,
                    -2.6245505809783936
                ],
                [
                    0.0,
                    0.6510913372039795,
                    -0.7589992880821228,
                    -3.059623956680298
                ],
                [
                    0.0,
                    0.0,
                    0.0,
                    1.0
                ]
            ]
        },
        {
            "file_path": "/data/shapenet_blender/all_50_random/02958343/bc75e8adfee9ad70bda733a39f84326d/r_38",
            "rotation": 0.12566370614359174,
            "transform_matrix": [
                [
                    -0.9467521905899048,
                    0.20709902048110962,
                    -0.24651645123958588,
                    -0.9937396049499512
                ],
                [
                    -0.3219633400440216,
                    -0.6089869141578674,
                    0.724896252155304,
                    2.9221503734588623
                ],
                [
                    1.4901162970204496e-08,
                    0.7656663060188293,
                    0.6432379484176636,
                    2.59297513961792
                ],
                [
                    0.0,
                    0.0,
                    0.0,
                    1.0
                ]
            ]
        },
        {
            "file_path": "/data/shapenet_blender/all_50_random/02958343/bc75e8adfee9ad70bda733a39f84326d/r_39",
            "rotation": 0.12566370614359174,
            "transform_matrix": [
                [
                    -0.6245880722999573,
                    0.03977736830711365,
                    0.7799407243728638,
                    3.1440415382385254
                ],
                [
                    0.7809544205665588,
                    0.03181295841932297,
                    0.6237773299217224,
                    2.514526844024658
                ],
                [
                    -1.862645149230957e-09,
                    0.9987020492553711,
                    -0.05093430355191231,
                    -0.2053227424621582
                ],
                [
                    0.0,
                    0.0,
                    0.0,
                    1.0
                ]
            ]
        },
        {
            "file_path": "/data/shapenet_blender/all_50_random/02958343/bc75e8adfee9ad70bda733a39f84326d/r_40",
            "rotation": 0.12566370614359174,
            "transform_matrix": [
                [
                    0.7146545052528381,
                    0.41723397374153137,
                    -0.561413049697876,
                    -2.2631282806396484
                ],
                [
                    -0.6994775533676147,
                    0.4262869656085968,
                    -0.5735943913459778,
                    -2.3122329711914062
                ],
                [
                    0.0,
                    0.8026176691055298,
                    0.5964937210083008,
                    2.404543161392212
                ],
                [
                    0.0,
                    0.0,
                    0.0,
                    1.0
                ]
            ]
        },
        {
            "file_path": "/data/shapenet_blender/all_50_random/02958343/bc75e8adfee9ad70bda733a39f84326d/r_41",
            "rotation": 0.12566370614359174,
            "transform_matrix": [
                [
                    0.8171635866165161,
                    0.042781613767147064,
                    0.5748159885406494,
                    2.317157030105591
                ],
                [
                    0.5764057636260986,
                    -0.060650985687971115,
                    -0.814909815788269,
                    -3.285006046295166
                ],
