{
    "class": "02958343",
    "model": "e7c4b54fe56d9288dd1e15301c83686f",
    "remove_doubles": true,
    "edge_split": true,
    "denoise": true,
    "camera_angle_x": 0.6911112070083618,
    "scale_factor": 2.2926446641934426,
    "hdri_file": "/data/IndoorHDRDataset2018/9C4A9151-d6e3ff9686.exr",
    "center_offset": [
        0.0,
        -9.313225746154785e-10,
        0.0
    ],
    "lights": [],
    "frames": [
        {
            "file_path": "/data/shapenet_blender/all_50_random/02958343/e7c4b54fe56d9288dd1e15301c83686f/r_0",
            "rotation": 0.12566370614359174,
            "transform_matrix": [
                [
                    -0.909294605255127,
                    -0.33999449014663696,
                    0.2399733066558838,
                    0.9673633575439453
                ],
                [
                    0.416153222322464,
                    -0.7428878545761108,
                    0.5243415832519531,
                    2.1136884689331055
                ],
                [
                    1.4901162970204496e-08,
                    0.5766465067863464,
                    0.8169937133789062,
                    3.2934069633483887
                ],
                [
                    0.0,
                    0.0,
                    0.0,
                    1.0
                ]
            ]
        },
        {
            "file_path": "/data/shapenet_blender/all_50_random/02958343/e7c4b54fe56d9288dd1e15301c83686f/r_1",
            "rotation": 0.12566370614359174,
            "transform_matrix": [
                [
                    -0.23332548141479492,
                    -0.9054059982299805,
                    -0.3546815514564514,
                    -1.4297670125961304
                ],
                [
                    -0.9723986983299255,
                    0.21725070476531982,
                    0.08510526269674301,
                    0.34307029843330383
                ],
                [
                    0.0,
                    0.36474910378456116,
                    -0.9311058521270752,
                    -3.7534077167510986
                ],
                [
                    0.0,
                    0.0,
                    0.0,
                    1.0
                ]
            ]
        },
        {
            "file_path": "/data/shapenet_blender/all_50_random/02958343/e7c4b54fe56d9288dd1e15301c83686f/r_2",
            "rotation": 0.12566370614359174,
            "transform_matrix": [
                [
                    0.938795804977417,
                    -0.17279154062271118,
                    0.2980026304721832,
                    1.201287031173706
                ],
                [
                    0.3444742262363434,
                    0.47090891003608704,
                    -0.812146782875061,
                    -3.2738683223724365
                ],
                [
                    0.0,
                    0.8650941848754883,
                    0.5016095042228699,
                    2.022052526473999
                ],
                [
                    0.0,
                    0.0,
                    0.0,
                    1.0
                ]
            ]
        },
        {
            "file_path": "/data/shapenet_blender/all_50_random/02958343/e7c4b54fe56d9288dd1e15301c83686f/r_3",
            "rotation": 0.12566370614359174,
            "transform_matrix": [
                [
                    -0.9139742255210876,
                    0.2706618905067444,
                    0.3023129403591156,
                    1.2186626195907593
                ],
                [
                    0.40577206015586853,
                    0.6096476316452026,
                    0.6809395551681519,
                    2.74495530128479
                ],
                [
                    1.4901160305669237e-08,
                    0.745031476020813,
                    -0.6670292615890503,
                    -2.6888811588287354
                ],
                [
                    0.0,
                    0.0,
                    0.0,
                    1.0
                ]
            ]
        },
        {
            "file_path": "/data/shapenet_blender/all_50_random/02958343/e7c4b54fe56d9288dd1e15301c83686f/r_4",
            "rotation": 0.12566370614359174,
            "transform_matrix": [
                [
                    0.7816125750541687,
                    0.4753609001636505,
                    -0.4038732647895813,
                    -1.6280653476715088
                ],
                [
                    -0.6237640976905823,
                    0.5956547856330872,
                    -0.5060766339302063,
                    -2.040060520172119
                ],
                [
                    0.0,
                    0.6474776268005371,
                    0.7620843648910522,
                    3.0720605850219727
                ],
                [
                    0.0,
                    0.0,
                    0.0,
                    1.0
                ]
            ]
        },
        {
            "file_path": "/data/shapenet_blender/all_50_random/02958343/e7c4b54fe56d9288dd1e15301c83686f/r_5",
            "rotation": 0.12566370614359174,
            "transform_matrix": [
                [
                    0.6581845283508301,
                    0.25259631872177124,
                    -0.7092165946960449,
                    -2.8589437007904053
                ],
                [
                    -0.7528566122055054,
                    0.2208321988582611,
                    -0.6200322508811951,
                    -2.4994301795959473
                ],
                [
                    0.0,
                    0.942034125328064,
                    0.33551713824272156,
                    1.3525129556655884
                ],
                [
                    0.0,
                    0.0,
                    0.0,
                    1.0
                ]
            ]
        },
        {
            "file_path": "/data/shapenet_blender/all_50_random/02958343/e7c4b54fe56d9288dd1e15301c83686f/r_6",
            "rotation": 0.12566370614359174,
            "transform_matrix": [
                [
                    0.05443314462900162,
                    0.13852079212665558,
                    -0.9888624548912048,
                    -3.986232042312622
                ],
                [
                    -0.9985173940658569,
                    0.007551318034529686,
                    -0.053906816989183426,
                    -0.21730533242225647
                ],
                [
                    -4.656612873077393e-10,
                    0.9903306365013123,
                    0.13872647285461426,
                    0.5592243075370789
                ],
                [
                    0.0,
                    0.0,
                    0.0,
                    1.0
                ]
            ]
        },
        {
            "file_path": "/data/shapenet_blender/all_50_random/02958343/e7c4b54fe56d9288dd1e15301c83686f/r_7",
            "rotation": 0.12566370614359174,
            "transform_matrix": [
                [
                    0.9655277729034424,
                    -0.1336631327867508,
                    -0.22336149215698242,
                    -0.9003990292549133
                ],
                [
                    -0.2603002190589905,
                    -0.4957946836948395,
                    -0.8285115361213684,
                    -3.339837074279785
                ],
                [
                    7.450580596923828e-09,
                    0.8580920100212097,
                    -0.5134959816932678,
                    -2.0699687004089355
                ],
                [
                    0.0,
                    0.0,
                    0.0,
                    1.0
                ]
            ]
        },
        {
            "file_path": "/data/shapenet_blender/all_50_random/02958343/e7c4b54fe56d9288dd1e15301c83686f/r_8",
            "rotation": 0.12566370614359174,
            "transform_matrix": [
                [
                    0.6358875632286072,
                    -0.41214367747306824,
                    -0.6525217294692993,
                    -2.630399227142334
                ],
                [
                    -0.771781861782074,
                    -0.3395739793777466,
                    -0.5376266241073608,
                    -2.1672422885894775
                ],
                [
                    1.4901162970204496e-08,
                    0.8454744219779968,
                    -0.5340158939361572,
                    -2.152686834335327
                ],
                [
                    0.0,
                    0.0,
                    0.0,
                    1.0
                ]
            ]
        },
        {
            "file_path": "/data/shapenet_blender/all_50_random/02958343/e7c4b54fe56d9288dd1e15301c83686f/r_9",
            "rotation": 0.12566370614359174,
            "transform_matrix": [
                [
                    0.653414249420166,
                    -0.6629073023796082,
                    -0.3655185103416443,
                    -1.4734523296356201
                ],
                [
                    -0.7570005655288696,
                    -0.5721964836120605,
                    -0.31550171971321106,
                    -1.2718281745910645
                ],
                [
                    -1.4901161193847656e-08,
                    0.4828509986400604,
                    -0.875702440738678,
                    -3.530069589614868
                ],
                [
                    0.0,
                    0.0,
                    0.0,
                    1.0
                ]
            ]
        },
        {
            "file_path": "/data/shapenet_blender/all_50_random/02958343/e7c4b54fe56d9288dd1e15301c83686f/r_10",
            "rotation": 0.12566370614359174,
            "transform_matrix": [
                [
                    -0.8096337914466858,
                    -0.08630017936229706,
                    0.5805562138557434,
                    2.340296983718872
                ],
                [
                    0.5869355201721191,
                    -0.11904466897249222,
                    0.8008340001106262,
                    3.2282650470733643
                ],
                [
                    7.450581485102248e-09,
                    0.9891311526298523,
                    0.14703521132469177,
                    0.5927178859710693
                ],
                [
                    0.0,
                    0.0,
                    0.0,
                    1.0
                ]
            ]
        },
        {
            "file_path": "/data/shapenet_blender/all_50_random/02958343/e7c4b54fe56d9288dd1e15301c83686f/r_11",
            "rotation": 0.12566370614359174,
            "transform_matrix": [
                [
                    -0.6192301511764526,
                    -0.28488242626190186,
                    -0.7317076325416565,
                    -2.9496078491210938
                ],
                [
                    -0.7852095365524292,
                    0.22466333210468292,
                    0.5770375728607178,
                    2.326112747192383
                ],
                [
                    0.0,
                    0.9318627715110779,
                    -0.36281073093414307,
                    -1.4625368118286133
                ],
                [
                    0.0,
                    0.0,
                    0.0,
                    1.0
                ]
            ]
        },
        {
            "file_path": "/data/shapenet_blender/all_50_random/02958343/e7c4b54fe56d9288dd1e15301c83686f/r_12",
            "rotation": 0.12566370614359174,
            "transform_matrix": [
                [
                    -0.971776008605957,
                    0.016106316819787025,
                    -0.23535481095314026,
                    -0.948745608329773
                ],
                [
                    -0.235905259847641,
                    -0.06634753197431564,
                    0.9695084691047668,
                    3.9082136154174805
                ],
                [
                    0.0,
                    0.9976665377616882,
                    0.06827451288700104,
                    0.27522337436676025
                ],
                [
                    0.0,
                    0.0,
                    0.0,
                    1.0
                ]
            ]
        },
        {
            "file_path": "/data/shapenet_blender/all_50_random/02958343/e7c4b54fe56d9288dd1e15301c83686f/r_13",
            "rotation": 0.12566370614359174,
            "transform_matrix": [
                [
                    0.0012251344742253423,
                    -0.50651615858078,
                    0.8622297048568726,
                    3.4757585525512695
                ],
                [
                    0.9999992847442627,
                    0.0006205508834682405,
                    -0.0010563480900600553,
                    -0.004258275032043457
                ],
                [
                    0.0,
                    0.8622302412986755,
                    0.5065166354179382,
                    2.0418336391448975
                ],
                [
                    0.0,
                    0.0,
                    0.0,
                    1.0
                ]
            ]
        },
        {
            "file_path": "/data/shapenet_blender/all_50_random/02958343/e7c4b54fe56d9288dd1e15301c83686f/r_14",
            "rotation": 0.12566370614359174,
            "transform_matrix": [
                [
                    0.7711793184280396,
                    -0.0644955262541771,
                    0.6333425045013428,
                    2.5530853271484375
                ],
                [
                    0.6366180181503296,
                    0.07812788337469101,
                    -0.7672115564346313,
                    -3.092728614807129
                ],
                [
                    3.725290298461914e-09,
                    0.9948549270629883,
                    0.10130961984395981,
                    0.40839213132858276
                ],
                [
                    0.0,
                    0.0,
                    0.0,
                    1.0
                ]
            ]
        },
        {
            "file_path": "/data/shapenet_blender/all_50_random/02958343/e7c4b54fe56d9288dd1e15301c83686f/r_15",
            "rotation": 0.12566370614359174,
            "transform_matrix": [
                [
                    0.9023014307022095,
                    0.18934130668640137,
                    -0.38730090856552124,
                    -1.5612599849700928
                ],
                [
                    -0.43110576272010803,
                    0.3962900638580322,
                    -0.8106182217597961,
                    -3.267706871032715
                ],
                [
                    -1.4901161193847656e-08,
                    0.8983896970748901,
                    0.43919917941093445,
                    1.7704685926437378
                ],
                [
                    0.0,
                    0.0,
                    0.0,
                    1.0
                ]
            ]
        },
        {
            "file_path": "/data/shapenet_blender/all_50_random/02958343/e7c4b54fe56d9288dd1e15301c83686f/r_16",
            "rotation": 0.12566370614359174,
            "transform_matrix": [
                [
                    -0.007397948764264584,
                    -0.5951370596885681,
                    -0.8035901188850403,
                    -3.239375591278076
                ],
                [
                    -0.9999727010726929,
                    0.004402913153171539,
                    0.005945080425590277,
                    0.023965388536453247
                ],
                [
                    -2.3283067140944524e-10,
                    0.8036121129989624,
                    -0.595153272151947,
                    -2.399139881134033
                ],
                [
                    0.0,
                    0.0,
                    0.0,
                    1.0
                ]
            ]
        },
        {
            "file_path": "/data/shapenet_blender/all_50_random/02958343/e7c4b54fe56d9288dd1e15301c83686f/r_17",
            "rotation": 0.12566370614359174,
            "transform_matrix": [
                [
                    0.9738772511482239,
                    -0.17810997366905212,
                    0.14085444808006287,
                    0.5678024291992188
                ],
                [
                    0.22707518935203552,
                    0.7638758420944214,
                    -0.6040948033332825,
                    -2.4351840019226074
                ],
                [
                    0.0,
                    0.6202987432479858,
                    0.7843656539916992,
                    3.161879062652588
                ],
                [
                    0.0,
                    0.0,
                    0.0,
                    1.0
                ]
            ]
        },
        {
            "file_path": "/data/shapenet_blender/all_50_random/02958343/e7c4b54fe56d9288dd1e15301c83686f/r_18",
            "rotation": 0.12566370614359174,
            "transform_matrix": [
                [
                    -0.26474955677986145,
                    -0.408800333738327,
                    0.8733784556388855,
                    3.5207011699676514
                ],
                [
                    0.9643171429634094,
                    -0.11223456263542175,
                    0.2397826910018921,
                    0.966594934463501
                ],
                [
                    7.450580152834618e-09,
                    0.9056962132453918,
                    0.4239272177219391,
                    1.7089052200317383
                ],
                [
                    0.0,
                    0.0,
                    0.0,
                    1.0
                ]
            ]
        },
        {
            "file_path": "/data/shapenet_blender/all_50_random/02958343/e7c4b54fe56d9288dd1e15301c83686f/r_19",
            "rotation": 0.12566370614359174,
            "transform_matrix": [
                [
                    0.9990283846855164,
                    0.03599562123417854,
                    -0.025427617132663727,
                    -0.1025020033121109
                ],
                [
                    -0.04407094419002533,
                    0.8159717321395874,
                    -0.5764094591140747,
                    -2.323580741882324
                ],
                [
                    0.0,
                    0.5769700407981873,
                    0.816765308380127,
                    3.2924861907958984
                ],
                [
                    0.0,
                    0.0,
                    0.0,
                    1.0
                ]
            ]
        },
        {
            "file_path": "/data/shapenet_blender/all_50_random/02958343/e7c4b54fe56d9288dd1e15301c83686f/r_20",
            "rotation": 0.12566370614359174,
            "transform_matrix": [
                [
                    0.019909558817744255,
                    0.1950288861989975,
                    -0.9805954098701477,
                    -3.952906608581543
                ],
                [
                    -0.9998018741607666,
                    0.0038837087340652943,
                    -0.019527090713381767,
                    -0.0787162184715271
                ],
                [
                    2.3283067140944524e-10,
                    0.9807897806167603,
                    0.19506755471229553,
                    0.786342442035675
                ],
                [
                    0.0,
                    0.0,
                    0.0,
                    1.0
                ]
            ]
        },
        {
            "file_path": "/data/shapenet_blender/all_50_random/02958343/e7c4b54fe56d9288dd1e15301c83686f/r_21",
            "rotation": 0.12566370614359174,
            "transform_matrix": [
                [
                    0.8772269487380981,
                    0.04269644245505333,
                    -0.4781735837459564,
                    -1.927579402923584
                ],
                [
                    -0.48007604479789734,
                    0.07801778614521027,
                    -0.873750627040863,
                    -3.5222015380859375
                ],
                [
                    0.0,
                    0.9960372447967529,
                    0.08893683552742004,
                    0.3585158586502075
                ],
                [
                    0.0,
                    0.0,
                    0.0,
                    1.0
                ]
            ]
        },
        {
            "file_path": "/data/shapenet_blender/all_50_random/02958343/e7c4b54fe56d9288dd1e15301c83686f/r_22",
            "rotation": 0.12566370614359174,
            "transform_matrix": [
                [
                    -0.413796991109848,
                    -0.6040802597999573,
                    -0.6810718774795532,
                    -2.7454888820648193
                ],
                [
                    -0.9103692770004272,
                    0.27457714080810547,
                    0.3095727264881134,
                    1.2479276657104492
                ],
                [
                    0.0,
                    0.748127281665802,
                    -0.6635552048683167,
                    -2.6748769283294678
                ],
                [
                    0.0,
                    0.0,
                    0.0,
                    1.0
                ]
            ]
        },
        {
            "file_path": "/data/shapenet_blender/all_50_random/02958343/e7c4b54fe56d9288dd1e15301c83686f/r_23",
            "rotation": 0.12566370614359174,
            "transform_matrix": [
                [
                    -0.9913180470466614,
                    -0.11147656291723251,
                    0.06972375512123108,
                    0.281065434217453
                ],
                [
                    0.1314854621887207,
                    -0.8404634594917297,
                    0.5256734490394592,
                    2.1190574169158936
                ],
                [
                    0.0,
                    0.5302771329879761,
                    0.847824215888977,
                    3.4176888465881348
                ],
                [
                    0.0,
                    0.0,
                    0.0,
                    1.0
                ]
            ]
        },
        {
            "file_path": "/data/shapenet_blender/all_50_random/02958343/e7c4b54fe56d9288dd1e15301c83686f/r_24",
            "rotation": 0.12566370614359174,
            "transform_matrix": [
                [
                    -0.9262142181396484,
                    -0.029933443292975426,
                    0.3758074641227722,
                    1.5149285793304443
                ],
                [
                    0.37699779868125916,
                    -0.07354096323251724,
                    0.9232898354530334,
                    3.7219009399414062
                ],
                [
                    0.0,
                    0.9968428015708923,
                    0.07939951866865158,
                    0.32006973028182983
                ],
                [
                    0.0,
                    0.0,
                    0.0,
                    1.0
                ]
            ]
        },
        {
            "file_path": "/data/shapenet_blender/all_50_random/02958343/e7c4b54fe56d9288dd1e15301c83686f/r_25",
            "rotation": 0.12566370614359174,
            "transform_matrix": [
                [
                    0.7508851289749146,
                    -0.186898872256279,
                    -0.6334353089332581,
                    -2.553459405899048
                ],
                [
                    -0.6604328155517578,
                    -0.21249638497829437,
                    -0.720190167427063,
                    -2.903179407119751
                ],
                [
                    1.4901159417490817e-08,
                    0.959121584892273,
                    -0.2829945385456085,
                    -1.1407874822616577
                ],
                [
                    0.0,
                    0.0,
                    0.0,
                    1.0
                ]
            ]
        },
        {
            "file_path": "/data/shapenet_blender/all_50_random/02958343/e7c4b54fe56d9288dd1e15301c83686f/r_26",
            "rotation": 0.12566370614359174,
            "transform_matrix": [
                [
                    0.9873231649398804,
                    0.14033545553684235,
                    -0.07415542751550674,
                    -0.2989300787448883
                ],
                [
                    -0.15872326493263245,
                    0.8729435801506042,
                    -0.4612768888473511,
                    -1.8594666719436646
                ],
                [
                    -7.450581485102248e-09,
                    0.4671994149684906,
                    0.8841518759727478,
                    3.5641303062438965
                ],
                [
                    0.0,
                    0.0,
                    0.0,
                    1.0
                ]
            ]
        },
        {
            "file_path": "/data/shapenet_blender/all_50_random/02958343/e7c4b54fe56d9288dd1e15301c83686f/r_27",
            "rotation": 0.12566370614359174,
            "transform_matrix": [
                [
                    0.995574951171875,
                    0.057850152254104614,
                    -0.07405313849449158,
                    -0.29851776361465454
                ],
                [
                    -0.09397078305482864,
                    0.6128943562507629,
                    -0.7845571637153625,
                    -3.1626510620117188
                ],
                [
                    0.0,
                    0.7880443334579468,
                    0.6156184673309326,
                    2.481637477874756
                ],
                [
                    0.0,
                    0.0,
                    0.0,
                    1.0
                ]
            ]
        },
        {
            "file_path": "/data/shapenet_blender/all_50_random/02958343/e7c4b54fe56d9288dd1e15301c83686f/r_28",
            "rotation": 0.12566370614359174,
            "transform_matrix": [
                [
                    0.908893346786499,
                    0.13351871073246002,
                    0.3950767517089844,
                    1.5926053524017334
                ],
                [
                    0.41702860593795776,
                    -0.2909974455833435,
                    -0.8610503077507019,
                    -3.4710047245025635
                ],
                [
                    0.0,
                    0.9473612308502197,
                    -0.32016676664352417,
                    -1.2906335592269897
                ],
                [
                    0.0,
                    0.0,
                    0.0,
                    1.0
                ]
            ]
        },
        {
            "file_path": "/data/shapenet_blender/all_50_random/02958343/e7c4b54fe56d9288dd1e15301c83686f/r_29",
            "rotation": 0.12566370614359174,
            "transform_matrix": [
                [
                    -0.39055952429771423,
                    0.3486621081829071,
                    -0.8519964814186096,
                    -3.4345076084136963
                ],
                [
                    -0.9205777645111084,
                    -0.14792156219482422,
                    0.3614635765552521,
                    1.4571062326431274
                ],
                [
                    0.0,
                    0.9255019426345825,
                    0.3787427544593811,
                    1.5267609357833862
                ],
                [
                    0.0,
                    0.0,
                    0.0,
                    1.0
                ]
            ]
        },
        {
            "file_path": "/data/shapenet_blender/all_50_random/02958343/e7c4b54fe56d9288dd1e15301c83686f/r_30",
            "rotation": 0.12566370614359174,
            "transform_matrix": [
                [
                    -0.772513747215271,
                    0.43212461471557617,
                    -0.4652858078479767,
                    -1.875627040863037
                ],
                [
                    -0.634998083114624,
                    -0.5257058143615723,
                    0.5660484433174133,
                    2.2818143367767334
                ],
                [
                    0.0,
                    0.7327357530593872,
                    0.6805132031440735,
                    2.743236541748047
                ],
                [
                    0.0,
                    0.0,
                    0.0,
                    1.0
                ]
            ]
        },
        {
            "file_path": "/data/shapenet_blender/all_50_random/02958343/e7c4b54fe56d9288dd1e15301c83686f/r_31",
            "rotation": 0.12566370614359174,
            "transform_matrix": [
                [
                    -0.524858832359314,
                    -0.31790757179260254,
                    -0.789593517780304,
                    -3.1829535961151123
                ],
                [
                    -0.8511893153190613,
                    0.19602757692337036,
                    0.4868777096271515,
                    1.9626669883728027
                ],
                [
                    0.0,
                    0.927635669708252,
                    -0.37348631024360657,
                    -1.5055716037750244
                ],
                [
                    0.0,
                    0.0,
                    0.0,
                    1.0
                ]
            ]
        },
        {
            "file_path": "/data/shapenet_blender/all_50_random/02958343/e7c4b54fe56d9288dd1e15301c83686f/r_32",
            "rotation": 0.12566370614359174,
            "transform_matrix": [
                [
                    -0.6178187131881714,
                    -0.28013986349105835,
                    0.7347255945205688,
                    2.961773633956909
                ],
                [
                    0.7863206267356873,
                    -0.2201082855463028,
                    0.5772801041603088,
                    2.3270905017852783
                ],
                [
                    1.4901161193847656e-08,
                    0.934384286403656,
                    0.3562667667865753,
                    1.4361572265625
                ],
                [
                    0.0,
                    0.0,
                    0.0,
                    1.0
                ]
            ]
        },
        {
            "file_path": "/data/shapenet_blender/all_50_random/02958343/e7c4b54fe56d9288dd1e15301c83686f/r_33",
            "rotation": 0.12566370614359174,
            "transform_matrix": [
                [
                    -0.8953118324279785,
                    0.3636986017227173,
                    -0.2571774125099182,
                    -1.0367152690887451
                ],
                [
                    -0.4454401731491089,
                    -0.7310154438018799,
                    0.5169133543968201,
                    2.0837442874908447
                ],
                [
                    0.0,
                    0.577355682849884,
                    0.8164926767349243,
                    3.2913873195648193
                ],
                [
                    0.0,
                    0.0,
                    0.0,
                    1.0
                ]
            ]
        },
        {
            "file_path": "/data/shapenet_blender/all_50_random/02958343/e7c4b54fe56d9288dd1e15301c83686f/r_34",
            "rotation": 0.12566370614359174,
            "transform_matrix": [
                [
                    0.3164316415786743,
                    0.05304887890815735,
                    0.9471307992935181,
                    3.8180065155029297
                ],
                [
                    0.9486153721809387,
                    -0.017695624381303787,
                    -0.315936416387558,
                    -1.273580551147461
                ],
                [
                    -1.862645149230957e-09,
                    0.9984350800514221,
                    -0.055922430008649826,
                    -0.22543054819107056
                ],
                [
                    0.0,
                    0.0,
                    0.0,
                    1.0
                ]
            ]
        },
        {
            "file_path": "/data/shapenet_blender/all_50_random/02958343/e7c4b54fe56d9288dd1e15301c83686f/r_35",
            "rotation": 0.12566370614359174,
            "transform_matrix": [
                [
                    0.36054039001464844,
                    -0.08201538026332855,
                    0.9291309118270874,
                    3.745445966720581
                ],
                [
                    0.9327436089515686,
                    0.03170201927423477,
                    -0.3591439425945282,
                    -1.4477553367614746
                ],
                [
                    0.0,
                    0.9961267709732056,
                    0.08792917430400848,
                    0.35445380210876465
                ],
                [
                    0.0,
                    0.0,
                    0.0,
                    1.0
                ]
            ]
        },
        {
            "file_path": "/data/shapenet_blender/all_50_random/02958343/e7c4b54fe56d9288dd1e15301c83686f/r_36",
            "rotation": 0.12566370614359174,
            "transform_matrix": [
                [
                    0.8565994501113892,
                    -0.03724076598882675,
                    0.5146362781524658,
                    2.0745651721954346
                ],
                [
                    0.5159819722175598,
                    0.061824679374694824,
                    -0.8543654084205627,
                    -3.4440572261810303
                ],
                [
                    0.0,
                    0.9973920583724976,
                    0.0721745416522026,
                    0.2909448742866516
                ],
                [
                    0.0,
                    0.0,
                    0.0,
                    1.0
                ]
            ]
        },
        {
            "file_path": "/data/shapenet_blender/all_50_random/02958343/e7c4b54fe56d9288dd1e15301c83686f/r_37",
            "rotation": 0.12566370614359174,
            "transform_matrix": [
                [
                    0.33931857347488403,
                    -0.0024674171581864357,
                    0.9406682252883911,
                    3.79195499420166
                ],
                [
                    0.9406715035438538,
                    0.0008900456014089286,
                    -0.3393174111843109,
                    -1.3678321838378906
                ],
                [
                    -5.820766091346741e-11,
                    0.9999966025352478,
                    0.002623037900775671,
                    0.010573804378509521
                ],
                [
                    0.0,
                    0.0,
                    0.0,
                    1.0
                ]
            ]
        },
        {
            "file_path": "/data/shapenet_blender/all_50_random/02958343/e7c4b54fe56d9288dd1e15301c83686f/r_38",
            "rotation": 0.12566370614359174,
            "transform_matrix": [
                [
                    0.7164140343666077,
                    0.05690338462591171,
                    0.6953509449958801,
                    2.803049325942993
                ],
                [
                    0.697675347328186,
                    -0.05843174085021019,
                    -0.7140272259712219,
                    -2.87833571434021
                ],
                [
                    0.0,
                    0.9966682195663452,
                    -0.08156142383813858,
                    -0.32878461480140686
                ],
                [
                    0.0,
                    0.0,
                    0.0,
                    1.0
                ]
            ]
        },
        {
            "file_path": "/data/shapenet_blender/all_50_random/02958343/e7c4b54fe56d9288dd1e15301c83686f/r_39",
            "rotation": 0.12566370614359174,
            "transform_matrix": [
                [
                    0.6416627168655396,
                    -0.1667240858078003,
                    0.7486468553543091,
                    3.0178916454315186
                ],
                [
                    0.7669870257377625,
                    0.13948167860507965,
                    -0.6263193488121033,
                    -2.5247738361358643
                ],
                [
                    7.450581485102248e-09,
                    0.9760879874229431,
                    0.21737541258335114,
                    0.876268208026886
                ],
                [
                    0.0,
                    0.0,
                    0.0,
                    1.0
                ]
            ]
        },
        {
            "file_path": "/data/shapenet_blender/all_50_random/02958343/e7c4b54fe56d9288dd1e15301c83686f/r_40",
            "rotation": 0.12566370614359174,
            "transform_matrix": [
                [
                    0.9910079836845398,
                    0.10788115859031677,
                    -0.07915107905864716,
                    -0.31906822323799133
                ],
                [
                    -0.13380298018455505,
                    0.7990186810493469,
                    -0.5862301588058472,
                    -2.3631696701049805
                ],
                [
                    0.0,
                    0.5915493965148926,
                    0.8062686324119568,
                    3.2501730918884277
                ],
                [
                    0.0,
                    0.0,
                    0.0,
                    1.0
                ]
            ]
        },
        {
            "file_path": "/data/shapenet_blender/all_50_random/02958343/e7c4b54fe56d9288dd1e15301c83686f/r_41",
            "rotation": 0.12566370614359174,
            "transform_matrix": [
                [
                    -0.05833660438656807,
                    -0.1644240766763687,
                    0.9846631288528442,
                    3.969304323196411
                ],
                [
                    0.9982969760894775,
                    -0.009608305990695953,
                    0.05753989517688751,
                    0.23195074498653412
                ],
                [
                    9.313225746154785e-10,
