{
    "class": "02958343",
    "model": "884014d60de73249af551becaeca18e5",
    "remove_doubles": true,
    "edge_split": true,
    "denoise": true,
    "camera_angle_x": 0.6911112070083618,
    "scale_factor": 2.2899828700512534,
    "hdri_file": "/data/IndoorHDRDataset2018/9C4A2069-b987fb04c3.exr",
    "center_offset": [
        0.0,
        -1.6298145055770874e-09,
        -3.725290298461914e-09
    ],
    "lights": [],
    "frames": [
        {
            "file_path": "/data/shapenet_blender/all_50_random/02958343/884014d60de73249af551becaeca18e5/r_0",
            "rotation": 0.12566370614359174,
            "transform_matrix": [
                [
                    0.9217678308486938,
                    0.2839341461658478,
                    0.2640558183193207,
                    1.0644432306289673
                ],
                [
                    0.3877423107624054,
                    -0.6749878525733948,
                    -0.6277317404747009,
                    -2.5304677486419678
                ],
                [
                    -1.4901161193847656e-08,
                    0.6810085773468018,
                    -0.7322753071784973,
                    -2.9518964290618896
                ],
                [
                    0.0,
                    0.0,
                    0.0,
                    1.0
                ]
            ]
        },
        {
            "file_path": "/data/shapenet_blender/all_50_random/02958343/884014d60de73249af551becaeca18e5/r_1",
            "rotation": 0.12566370614359174,
            "transform_matrix": [
                [
                    -0.8150597214698792,
                    0.015391014516353607,
                    -0.5791723132133484,
                    -2.3347182273864746
                ],
                [
                    -0.579376757144928,
                    -0.02165188267827034,
                    0.8147721886634827,
                    3.284451723098755
                ],
                [
                    -9.313224080820248e-10,
                    0.9996471405029297,
                    0.02656477503478527,
                    0.10708603262901306
                ],
                [
                    0.0,
                    0.0,
                    0.0,
                    1.0
                ]
            ]
        },
        {
            "file_path": "/data/shapenet_blender/all_50_random/02958343/884014d60de73249af551becaeca18e5/r_2",
            "rotation": 0.12566370614359174,
            "transform_matrix": [
                [
                    -0.46887192130088806,
                    -0.08554653823375702,
                    -0.8791137337684631,
                    -3.543820858001709
                ],
                [
                    -0.8832662105560303,
                    0.04541141912341118,
                    0.46666765213012695,
                    1.881197452545166
                ],
                [
                    0.0,
                    0.9952986836433411,
                    -0.09685252606868744,
                    -0.39042502641677856
                ],
                [
                    0.0,
                    0.0,
                    0.0,
                    1.0
                ]
            ]
        },
        {
            "file_path": "/data/shapenet_blender/all_50_random/02958343/884014d60de73249af551becaeca18e5/r_3",
            "rotation": 0.12566370614359174,
            "transform_matrix": [
                [
                    0.4270358681678772,
                    -0.1284245401620865,
                    0.8950685262680054,
                    3.6081361770629883
                ],
                [
                    0.9042347073554993,
                    0.0606500543653965,
                    -0.4227070212364197,
                    -1.7039862871170044
                ],
                [
                    0.0,
                    0.9898629188537598,
                    0.1420256793498993,
                    0.5725237727165222
                ],
                [
                    0.0,
                    0.0,
                    0.0,
                    1.0
                ]
            ]
        },
        {
            "file_path": "/data/shapenet_blender/all_50_random/02958343/884014d60de73249af551becaeca18e5/r_4",
            "rotation": 0.12566370614359174,
            "transform_matrix": [
                [
                    -0.915538489818573,
                    -0.08209007233381271,
                    0.3937646746635437,
                    1.5873160362243652
                ],
                [
                    0.40223053097724915,
                    -0.18684962391853333,
                    0.896268904209137,
                    3.6129751205444336
                ],
                [
                    0.0,
                    0.9789527058601379,
                    0.20408716797828674,
                    0.8227015733718872
                ],
                [
                    0.0,
                    0.0,
                    0.0,
                    1.0
                ]
            ]
        },
        {
            "file_path": "/data/shapenet_blender/all_50_random/02958343/884014d60de73249af551becaeca18e5/r_5",
            "rotation": 0.12566370614359174,
            "transform_matrix": [
                [
                    -0.6062280535697937,
                    -0.6558051705360413,
                    0.44989681243896484,
                    1.8135920763015747
                ],
                [
                    0.7952908873558044,
                    -0.49990203976631165,
                    0.34294378757476807,
                    1.3824505805969238
                ],
                [
                    1.4901161193847656e-08,
                    0.5657009482383728,
                    0.8246104121208191,
                    3.324110984802246
                ],
                [
                    0.0,
                    0.0,
                    0.0,
                    1.0
                ]
            ]
        },
        {
            "file_path": "/data/shapenet_blender/all_50_random/02958343/884014d60de73249af551becaeca18e5/r_6",
            "rotation": 0.12566370614359174,
            "transform_matrix": [
                [
                    0.9657045602798462,
                    0.2421802580356598,
                    -0.09361369907855988,
                    -0.3773689270019531
                ],
                [
                    -0.25964364409446716,
                    0.9007522463798523,
                    -0.34818175435066223,
                    -1.4035656452178955
                ],
                [
                    0.0,
                    0.36054691672325134,
                    0.9327409863471985,
                    3.7599995136260986
                ],
                [
                    0.0,
                    0.0,
                    0.0,
                    1.0
                ]
            ]
        },
        {
            "file_path": "/data/shapenet_blender/all_50_random/02958343/884014d60de73249af551becaeca18e5/r_7",
            "rotation": 0.12566370614359174,
            "transform_matrix": [
                [
                    0.637347936630249,
                    0.17791026830673218,
                    0.7497570514678955,
                    3.022367238998413
                ],
                [
                    0.7705761790275574,
                    -0.14715057611465454,
                    -0.6201282739639282,
                    -2.499817132949829
                ],
                [
                    0.0,
                    0.9729823470115662,
                    -0.230879545211792,
                    -0.930705189704895
                ],
                [
                    0.0,
                    0.0,
                    0.0,
                    1.0
                ]
            ]
        },
        {
            "file_path": "/data/shapenet_blender/all_50_random/02958343/884014d60de73249af551becaeca18e5/r_8",
            "rotation": 0.12566370614359174,
            "transform_matrix": [
                [
                    -0.5099372863769531,
                    0.286835253238678,
                    -0.8109805583953857,
                    -3.269167184829712
                ],
                [
                    -0.8602116107940674,
                    -0.17003723978996277,
                    0.48075294494628906,
                    1.9379770755767822
                ],
                [
                    0.0,
                    0.9427687525749207,
                    0.33344733715057373,
                    1.34416925907135
                ],
                [
                    0.0,
                    0.0,
                    0.0,
                    1.0
                ]
            ]
        },
        {
            "file_path": "/data/shapenet_blender/all_50_random/02958343/884014d60de73249af551becaeca18e5/r_9",
            "rotation": 0.12566370614359174,
            "transform_matrix": [
                [
                    -0.32303208112716675,
                    -0.006650945637375116,
                    -0.9463646411895752,
                    -3.814917802810669
                ],
                [
                    -0.9463880658149719,
                    0.0022701777052134275,
                    0.32302409410476685,
                    1.3021517992019653
                ],
                [
                    2.3283064365386963e-10,
                    0.9999753832817078,
                    -0.007027714978903532,
                    -0.028329625725746155
                ],
                [
                    0.0,
                    0.0,
                    0.0,
                    1.0
                ]
            ]
        },
        {
            "file_path": "/data/shapenet_blender/all_50_random/02958343/884014d60de73249af551becaeca18e5/r_10",
            "rotation": 0.12566370614359174,
            "transform_matrix": [
                [
                    -0.31586408615112305,
                    -0.34488731622695923,
                    0.883901834487915,
                    3.563122510910034
                ],
                [
                    0.9488044381141663,
                    -0.11481556296348572,
                    0.2942575216293335,
                    1.186190128326416
                ],
                [
                    -7.450580596923828e-09,
                    0.9315953850746155,
                    0.36349669098854065,
                    1.4653021097183228
                ],
                [
                    0.0,
                    0.0,
                    0.0,
                    1.0
                ]
            ]
        },
        {
            "file_path": "/data/shapenet_blender/all_50_random/02958343/884014d60de73249af551becaeca18e5/r_11",
            "rotation": 0.12566370614359174,
            "transform_matrix": [
                [
                    0.8449327945709229,
                    -0.2548829913139343,
                    -0.4702374041080475,
                    -1.8955875635147095
                ],
                [
                    -0.5348724722862244,
                    -0.4026361405849457,
                    -0.7428293824195862,
                    -2.994441032409668
                ],
                [
                    1.4901161193847656e-08,
                    0.8791579604148865,
                    -0.47653040289878845,
                    -1.9209555387496948
                ],
                [
                    0.0,
                    0.0,
                    0.0,
                    1.0
                ]
            ]
        },
        {
            "file_path": "/data/shapenet_blender/all_50_random/02958343/884014d60de73249af551becaeca18e5/r_12",
            "rotation": 0.12566370614359174,
            "transform_matrix": [
                [
                    0.03617020696401596,
                    -0.2123475819826126,
                    -0.9765244722366333,
                    -3.9364962577819824
                ],
                [
                    -0.9993456602096558,
                    -0.007685685995966196,
                    -0.03534422069787979,
                    -0.1424771249294281
                ],
                [
                    0.0,
                    0.9771638512611389,
                    -0.2124866247177124,
                    -0.8565610647201538
                ],
                [
                    0.0,
                    0.0,
                    0.0,
                    1.0
                ]
            ]
        },
        {
            "file_path": "/data/shapenet_blender/all_50_random/02958343/884014d60de73249af551becaeca18e5/r_13",
            "rotation": 0.12566370614359174,
            "transform_matrix": [
                [
                    0.37382885813713074,
                    0.28438785672187805,
                    0.8828223943710327,
                    3.5587711334228516
                ],
                [
                    0.9274978041648865,
                    -0.1146228015422821,
                    -0.3558224141597748,
                    -1.4343661069869995
                ],
                [
                    -7.450581485102248e-09,
                    0.9518324732780457,
                    -0.3066183924674988,
                    -1.236018419265747
                ],
                [
                    0.0,
                    0.0,
                    0.0,
                    1.0
                ]
            ]
        },
        {
            "file_path": "/data/shapenet_blender/all_50_random/02958343/884014d60de73249af551becaeca18e5/r_14",
            "rotation": 0.12566370614359174,
            "transform_matrix": [
                [
                    -0.99417644739151,
                    0.022814009338617325,
                    0.10532258450984955,
                    0.42456895112991333
                ],
                [
                    0.10776516050100327,
                    0.21046829223632812,
                    0.9716427326202393,
                    3.9168174266815186
                ],
                [
                    1.862645371275562e-09,
                    0.9773344397544861,
                    -0.2117011398077011,
                    -0.853394627571106
                ],
                [
                    0.0,
                    0.0,
                    0.0,
                    1.0
                ]
            ]
        },
        {
            "file_path": "/data/shapenet_blender/all_50_random/02958343/884014d60de73249af551becaeca18e5/r_15",
            "rotation": 0.12566370614359174,
            "transform_matrix": [
                [
                    -0.803114116191864,
                    -0.006469556130468845,
                    0.5957899689674377,
                    2.4017062187194824
                ],
                [
                    0.5958250164985657,
                    -0.008720330893993378,
                    0.8030668497085571,
                    3.2372660636901855
                ],
                [
                    0.0,
                    0.9999411106109619,
                    0.010858144611120224,
                    0.04377058148384094
                ],
                [
                    0.0,
                    0.0,
                    0.0,
                    1.0
                ]
            ]
        },
        {
            "file_path": "/data/shapenet_blender/all_50_random/02958343/884014d60de73249af551becaeca18e5/r_16",
            "rotation": 0.12566370614359174,
            "transform_matrix": [
                [
                    -0.9857428073883057,
                    -0.09153282642364502,
                    0.14118391275405884,
                    0.5691305994987488
                ],
                [
                    0.16825920343399048,
                    -0.5362430214881897,
                    0.8271228075027466,
                    3.3342390060424805
                ],
                [
                    0.0,
                    0.8390859365463257,
                    0.5439988374710083,
                    2.192929744720459
                ],
                [
                    0.0,
                    0.0,
                    0.0,
                    1.0
                ]
            ]
        },
        {
            "file_path": "/data/shapenet_blender/all_50_random/02958343/884014d60de73249af551becaeca18e5/r_17",
            "rotation": 0.12566370614359174,
            "transform_matrix": [
                [
                    -0.416779488325119,
                    0.15595029294490814,
                    0.8955302238464355,
                    3.6099977493286133
                ],
                [
                    0.9090076684951782,
                    0.07150311022996902,
                    0.41060009598731995,
                    1.655181884765625
                ],
                [
                    7.450580596923828e-09,
                    0.9851734638214111,
                    -0.17156103253364563,
                    -0.6915846467018127
                ],
                [
                    0.0,
                    0.0,
                    0.0,
                    1.0
                ]
            ]
        },
        {
            "file_path": "/data/shapenet_blender/all_50_random/02958343/884014d60de73249af551becaeca18e5/r_18",
            "rotation": 0.12566370614359174,
            "transform_matrix": [
                [
                    -0.22048965096473694,
                    -0.822152316570282,
                    -0.524833083152771,
                    -2.1156697273254395
                ],
                [
                    -0.9753893613815308,
                    0.18584994971752167,
                    0.11864005774259567,
                    0.4782533645629883
                ],
                [
                    0.0,
                    0.5380753874778748,
                    -0.8428966403007507,
                    -3.397825002670288
                ],
                [
                    0.0,
                    0.0,
                    0.0,
                    1.0
                ]
            ]
        },
        {
            "file_path": "/data/shapenet_blender/all_50_random/02958343/884014d60de73249af551becaeca18e5/r_19",
            "rotation": 0.12566370614359174,
            "transform_matrix": [
                [
                    -0.2675553262233734,
                    0.40982165932655334,
                    -0.8720437288284302,
                    -3.5153210163116455
                ],
                [
                    -0.9635425209999084,
                    -0.11379878222942352,
                    0.24214805662631989,
                    0.9761301279067993
                ],
                [
                    7.450580596923828e-09,
                    0.9050391912460327,
                    0.4253280460834503,
                    1.7145522832870483
                ],
                [
                    0.0,
                    0.0,
                    0.0,
                    1.0
                ]
            ]
        },
        {
            "file_path": "/data/shapenet_blender/all_50_random/02958343/884014d60de73249af551becaeca18e5/r_20",
            "rotation": 0.12566370614359174,
            "transform_matrix": [
                [
                    -0.6998775601387024,
                    -0.5185938477516174,
                    -0.49115341901779175,
                    -1.979902744293213
                ],
                [
                    -0.7142627835273743,
                    0.5081493854522705,
                    0.48126161098480225,
                    1.9400275945663452
                ],
                [
                    0.0,
                    0.6876367330551147,
                    -0.7260547876358032,
                    -2.9268205165863037
                ],
                [
                    0.0,
                    0.0,
                    0.0,
                    1.0
                ]
            ]
        },
        {
            "file_path": "/data/shapenet_blender/all_50_random/02958343/884014d60de73249af551becaeca18e5/r_21",
            "rotation": 0.12566370614359174,
            "transform_matrix": [
                [
                    -0.1232835054397583,
                    0.2573617398738861,
                    -0.9584185481071472,
                    -3.863508701324463
                ],
                [
                    -0.9923714995384216,
                    -0.031972356140613556,
                    0.11906548589468002,
                    0.4799683392047882
                ],
                [
                    1.862645149230957e-09,
                    0.9657860994338989,
                    0.2593401074409485,
                    1.0454334020614624
                ],
                [
                    0.0,
                    0.0,
                    0.0,
                    1.0
                ]
            ]
        },
        {
            "file_path": "/data/shapenet_blender/all_50_random/02958343/884014d60de73249af551becaeca18e5/r_22",
            "rotation": 0.12566370614359174,
            "transform_matrix": [
                [
                    0.8708645105361938,
                    -0.0037404815666377544,
                    -0.4915089011192322,
                    -1.9813358783721924
                ],
                [
                    -0.4915231466293335,
                    -0.006627261638641357,
                    -0.8708392381668091,
                    -3.510465383529663
                ],
                [
                    2.3283064365386963e-10,
                    0.9999710321426392,
                    -0.007609979715198278,
                    -0.030676811933517456
                ],
                [
                    0.0,
                    0.0,
                    0.0,
                    1.0
                ]
            ]
        },
        {
            "file_path": "/data/shapenet_blender/all_50_random/02958343/884014d60de73249af551becaeca18e5/r_23",
            "rotation": 0.12566370614359174,
            "transform_matrix": [
                [
                    -0.5898249745368958,
                    0.3950859010219574,
                    0.7042823433876038,
                    2.83905291557312
                ],
                [
                    0.8075310587882996,
                    0.28857284784317017,
                    0.5144115686416626,
                    2.0736594200134277
                ],
                [
                    0.0,
                    0.8721427321434021,
                    -0.4892515540122986,
                    -1.972236156463623
                ],
                [
                    0.0,
                    0.0,
                    0.0,
                    1.0
                ]
            ]
        },
        {
            "file_path": "/data/shapenet_blender/all_50_random/02958343/884014d60de73249af551becaeca18e5/r_24",
            "rotation": 0.12566370614359174,
            "transform_matrix": [
                [
                    -0.7743363976478577,
                    0.1777341216802597,
                    0.6073004007339478,
                    2.448106288909912
                ],
                [
                    0.6327742338180542,
                    0.21749621629714966,
                    0.7431635856628418,
                    2.995788335800171
                ],
                [
                    -1.4901162970204496e-08,
                    0.959742546081543,
                    -0.28088080883026123,
                    -1.1322667598724365
                ],
                [
                    0.0,
                    0.0,
                    0.0,
                    1.0
                ]
            ]
        },
        {
            "file_path": "/data/shapenet_blender/all_50_random/02958343/884014d60de73249af551becaeca18e5/r_25",
            "rotation": 0.12566370614359174,
            "transform_matrix": [
                [
                    -0.823077917098999,
                    -0.07159599661827087,
                    -0.5633974671363831,
                    -2.2711281776428223
                ],
                [
                    -0.5679284930229187,
                    0.10376144200563431,
                    0.8165112137794495,
                    3.2914624214172363
                ],
                [
                    -7.450580596923828e-09,
                    0.992021918296814,
                    -0.12606514990329742,
                    -0.5081849098205566
                ],
                [
                    0.0,
                    0.0,
                    0.0,
                    1.0
                ]
            ]
        },
        {
            "file_path": "/data/shapenet_blender/all_50_random/02958343/884014d60de73249af551becaeca18e5/r_26",
            "rotation": 0.12566370614359174,
            "transform_matrix": [
                [
                    0.8787962794303894,
                    -0.32790130376815796,
                    0.3466956913471222,
                    1.3975750207901
                ],
                [
                    0.47719720005989075,
                    0.603856086730957,
                    -0.6384674310684204,
                    -2.573744535446167
                ],
                [
                    0.0,
                    0.7265250086784363,
                    0.6871399879455566,
                    2.7699499130249023
                ],
                [
                    0.0,
                    0.0,
                    0.0,
                    1.0
                ]
            ]
        },
        {
            "file_path": "/data/shapenet_blender/all_50_random/02958343/884014d60de73249af551becaeca18e5/r_27",
            "rotation": 0.12566370614359174,
            "transform_matrix": [
                [
                    0.9280407428741455,
                    0.13166464865207672,
                    0.34843209385871887,
                    1.4045748710632324
                ],
                [
                    0.3724789023399353,
                    -0.3280458152294159,
                    -0.8681274652481079,
                    -3.4995338916778564
                ],
                [
                    -7.450581485102248e-09,
                    0.9354411363601685,
                    -0.3534822165966034,
                    -1.4249324798583984
                ],
                [
                    0.0,
                    0.0,
                    0.0,
                    1.0
                ]
            ]
        },
        {
            "file_path": "/data/shapenet_blender/all_50_random/02958343/884014d60de73249af551becaeca18e5/r_28",
            "rotation": 0.12566370614359174,
            "transform_matrix": [
                [
                    -0.8249661326408386,
                    0.2654154300689697,
                    0.49898433685302734,
                    2.011470317840576
                ],
                [
                    0.5651819705963135,
                    0.38741278648376465,
                    0.7283409237861633,
                    2.9360363483428955
                ],
                [
                    0.0,
                    0.8828736543655396,
                    -0.4696104824542999,
                    -1.893060564994812
                ],
                [
                    0.0,
                    0.0,
                    0.0,
                    1.0
                ]
            ]
        },
        {
            "file_path": "/data/shapenet_blender/all_50_random/02958343/884014d60de73249af551becaeca18e5/r_29",
            "rotation": 0.12566370614359174,
            "transform_matrix": [
                [
                    -0.6485864520072937,
                    -0.369403213262558,
                    -0.6654899716377258,
                    -2.682675838470459
                ],
                [
                    -0.7611410617828369,
                    0.31477728486061096,
                    0.5670799016952515,
                    2.2859721183776855
                ],
                [
                    0.0,
                    0.8743320107460022,
                    -0.4853282570838928,
                    -1.9564207792282104
                ],
                [
                    0.0,
                    0.0,
                    0.0,
                    1.0
                ]
            ]
        },
        {
            "file_path": "/data/shapenet_blender/all_50_random/02958343/884014d60de73249af551becaeca18e5/r_30",
            "rotation": 0.12566370614359174,
            "transform_matrix": [
                [
                    -0.8885223269462585,
                    0.027553372085094452,
                    -0.45800548791885376,
                    -1.8462789058685303
                ],
                [
                    -0.4588335156440735,
                    -0.05335657671093941,
                    0.886918842792511,
                    3.5752837657928467
                ],
                [
                    0.0,
                    0.998195230960846,
                    0.06005092337727547,
                    0.24207298457622528
                ],
                [
                    0.0,
                    0.0,
                    0.0,
                    1.0
                ]
            ]
        },
        {
            "file_path": "/data/shapenet_blender/all_50_random/02958343/884014d60de73249af551becaeca18e5/r_31",
            "rotation": 0.12566370614359174,
            "transform_matrix": [
                [
                    -0.767545223236084,
                    0.38884446024894714,
                    0.5095824003219604,
                    2.054192543029785
                ],
                [
                    0.6409947872161865,
                    0.46561330556869507,
                    0.6101883053779602,
                    2.4597480297088623
                ],
                [
                    0.0,
                    0.7949867844581604,
                    -0.606626570224762,
                    -2.445390224456787
                ],
                [
                    0.0,
                    0.0,
                    0.0,
                    1.0
                ]
            ]
        },
        {
            "file_path": "/data/shapenet_blender/all_50_random/02958343/884014d60de73249af551becaeca18e5/r_32",
            "rotation": 0.12566370614359174,
            "transform_matrix": [
                [
                    -0.43283611536026,
                    -0.789648175239563,
                    -0.43486613035202026,
                    -1.7530015707015991
                ],
                [
                    -0.9014725685119629,
                    0.3791443705558777,
                    0.2087981253862381,
                    0.8416922092437744
                ],
                [
                    -1.4901160305669237e-08,
                    0.4823952913284302,
                    -0.8759535551071167,
                    -3.5310819149017334
                ],
                [
                    0.0,
                    0.0,
                    0.0,
                    1.0
                ]
            ]
        },
        {
            "file_path": "/data/shapenet_blender/all_50_random/02958343/884014d60de73249af551becaeca18e5/r_33",
            "rotation": 0.12566370614359174,
            "transform_matrix": [
                [
                    0.5274637341499329,
                    -0.22745180130004883,
                    0.8185644149780273,
                    3.299738645553589
                ],
                [
                    0.8495775461196899,
                    0.14121438562870026,
                    -0.5082091093063354,
                    -2.048656463623047
                ],
                [
                    7.450580596923828e-09,
                    0.9634957909584045,
                    0.2677234411239624,
                    1.0792276859283447
                ],
                [
                    0.0,
                    0.0,
                    0.0,
                    1.0
                ]
            ]
        },
        {
            "file_path": "/data/shapenet_blender/all_50_random/02958343/884014d60de73249af551becaeca18e5/r_34",
            "rotation": 0.12566370614359174,
            "transform_matrix": [
                [
                    0.9914237260818481,
                    0.1081528514623642,
                    -0.07336250692605972,
                    -0.2957337200641632
                ],
                [
                    -0.13068702816963196,
                    0.8204739689826965,
                    -0.5565459132194519,
                    -2.2435083389282227
                ],
                [
                    0.0,
                    0.5613602995872498,
                    0.8275715112686157,
                    3.336047410964966
                ],
                [
                    0.0,
                    0.0,
                    0.0,
                    1.0
                ]
            ]
        },
        {
            "file_path": "/data/shapenet_blender/all_50_random/02958343/884014d60de73249af551becaeca18e5/r_35",
            "rotation": 0.12566370614359174,
            "transform_matrix": [
                [
                    0.9760406613349915,
                    0.1447829008102417,
                    -0.16242718696594238,
                    -0.6547648906707764
                ],
                [
                    -0.21758830547332764,
                    0.6494557857513428,
                    -0.728603184223175,
                    -2.9370932579040527
                ],
                [
                    -7.4505797087454084e-09,
                    0.7464885711669922,
                    0.6653982400894165,
                    2.6823060512542725
                ],
                [
                    0.0,
                    0.0,
                    0.0,
                    1.0
                ]
            ]
        },
        {
            "file_path": "/data/shapenet_blender/all_50_random/02958343/884014d60de73249af551becaeca18e5/r_36",
            "rotation": 0.12566370614359174,
            "transform_matrix": [
                [
                    0.275701642036438,
                    -0.7294581532478333,
                    -0.6260027289390564,
                    -2.523498058319092
                ],
                [
                    -0.9612431526184082,
                    -0.20922160148620605,
                    -0.1795487403869629,
                    -0.7237842082977295
                ],
                [
                    0.0,
                    0.6512428522109985,
                    -0.7588693499565125,
                    -3.059100389480591
                ],
                [
                    0.0,
                    0.0,
                    0.0,
                    1.0
                ]
            ]
        },
        {
            "file_path": "/data/shapenet_blender/all_50_random/02958343/884014d60de73249af551becaeca18e5/r_37",
            "rotation": 0.12566370614359174,
            "transform_matrix": [
                [
                    -0.6970990300178528,
                    0.30006909370422363,
                    0.6511616110801697,
                    2.6249165534973145
                ],
                [
                    0.7169749140739441,
                    0.29175063967704773,
                    0.6331101655960083,
                    2.5521490573883057
                ],
                [
                    -2.980232594040899e-08,
                    0.9082069993019104,
                    -0.41852107644081116,
                    -1.68711256980896
                ],
                [
                    0.0,
                    0.0,
                    0.0,
                    1.0
                ]
            ]
        },
        {
            "file_path": "/data/shapenet_blender/all_50_random/02958343/884014d60de73249af551becaeca18e5/r_38",
            "rotation": 0.12566370614359174,
            "transform_matrix": [
                [
                    0.9757519960403442,
                    0.11125749349594116,
                    -0.18849389255046844,
                    -0.7598431706428528
                ],
                [
                    -0.21887937188148499,
                    0.4959796667098999,
                    -0.8402951955795288,
                    -3.387338161468506
                ],
                [
                    0.0,
                    0.8611769676208496,
                    0.5083051323890686,
                    2.0490434169769287
                ],
                [
                    0.0,
                    0.0,
                    0.0,
                    1.0
                ]
            ]
        },
        {
            "file_path": "/data/shapenet_blender/all_50_random/02958343/884014d60de73249af551becaeca18e5/r_39",
            "rotation": 0.12566370614359174,
            "transform_matrix": [
                [
                    -0.9087749719619751,
                    0.016847942024469376,
                    -0.41694629192352295,
                    -1.680764079093933
                ],
                [
                    -0.4172865152359009,
                    -0.03669178858399391,
                    0.9080340266227722,
                    3.6604018211364746
                ],
                [
                    -9.313224635931761e-10,
                    0.9991846084594727,
                    0.0403750017285347,
                    0.1627568155527115
                ],
                [
                    0.0,
                    0.0,
                    0.0,
                    1.0
                ]
            ]
        },
        {
            "file_path": "/data/shapenet_blender/all_50_random/02958343/884014d60de73249af551becaeca18e5/r_40",
            "rotation": 0.12566370614359174,
            "transform_matrix": [
                [
                    0.4456791281700134,
                    0.5493593811988831,
                    0.7068057060241699,
                    2.8492252826690674
                ],
                [
                    0.8951928615570068,
                    -0.27350306510925293,
                    -0.3518890142440796,
                    -1.41851007938385
                ],
                [
                    -1.4901162970204496e-08,
                    0.7895570397377014,
                    -0.6136770844459534,
                    -2.473811626434326
                ],
                [
                    0.0,
                    0.0,
                    0.0,
                    1.0
                ]
            ]
        },
        {
            "file_path": "/data/shapenet_blender/all_50_random/02958343/884014d60de73249af551becaeca18e5/r_41",
            "rotation": 0.12566370614359174,
            "transform_matrix": [
                [
                    -0.9883764982223511,
                    -0.04123625531792641,
                    -0.1463264524936676,
                    -0.5898608565330505
                ],
                [
                    -0.15202586352825165,
                    0.26809218525886536,
                    0.9513224959373474,
                    3.8349039554595947
                ],
