{
    "class": "02958343",
    "model": "bd29875d6aa7be1b2a80b185a779af6c",
    "remove_doubles": true,
    "edge_split": true,
    "denoise": true,
    "camera_angle_x": 0.6911112070083618,
    "scale_factor": 2.3230503527870083,
    "hdri_file": "/data/IndoorHDRDataset2018/9C4A9937-5ff4327b20.exr",
    "center_offset": [
        0.0,
        -9.313225746154785e-10,
        -3.725290298461914e-09
    ],
    "lights": [],
    "frames": [
        {
            "file_path": "/data/shapenet_blender/all_50_random/02958343/bd29875d6aa7be1b2a80b185a779af6c/r_0",
            "rotation": 0.12566370614359174,
            "transform_matrix": [
                [
                    -0.014882165007293224,
                    -0.8886050581932068,
                    0.45843175053596497,
                    1.8479975461959839
                ],
                [
                    0.9998892545700073,
                    -0.013225831091403961,
                    0.006823212374001741,
                    0.02750524878501892
                ],
                [
                    0.0,
                    0.4584825038909912,
                    0.8887034058570862,
                    3.5824780464172363
                ],
                [
                    0.0,
                    0.0,
                    0.0,
                    1.0
                ]
            ]
        },
        {
            "file_path": "/data/shapenet_blender/all_50_random/02958343/bd29875d6aa7be1b2a80b185a779af6c/r_1",
            "rotation": 0.12566370614359174,
            "transform_matrix": [
                [
                    0.7361598014831543,
                    0.6095662117004395,
                    0.29410502314567566,
                    1.185575246810913
                ],
                [
                    0.6768077611923218,
                    -0.6630215644836426,
                    -0.31989628076553345,
                    -1.2895431518554688
                ],
                [
                    1.4901161193847656e-08,
                    0.4345473051071167,
                    -0.9006489515304565,
                    -3.630632162094116
                ],
                [
                    0.0,
                    0.0,
                    0.0,
                    1.0
                ]
            ]
        },
        {
            "file_path": "/data/shapenet_blender/all_50_random/02958343/bd29875d6aa7be1b2a80b185a779af6c/r_2",
            "rotation": 0.12566370614359174,
            "transform_matrix": [
                [
                    -0.6720032691955566,
                    0.43820738792419434,
                    -0.596980631351471,
                    -2.406506061553955
                ],
                [
                    -0.7405482530593872,
                    -0.39764702320098877,
                    0.5417242646217346,
                    2.183760643005371
                ],
                [
                    0.0,
                    0.806133508682251,
                    0.5917336940765381,
                    2.385354995727539
                ],
                [
                    0.0,
                    0.0,
                    0.0,
                    1.0
                ]
            ]
        },
        {
            "file_path": "/data/shapenet_blender/all_50_random/02958343/bd29875d6aa7be1b2a80b185a779af6c/r_3",
            "rotation": 0.12566370614359174,
            "transform_matrix": [
                [
                    -0.9325112700462341,
                    -0.06668933480978012,
                    0.35492992401123047,
                    1.4307682514190674
                ],
                [
                    0.3611409068107605,
                    -0.1722002774477005,
                    0.9164738059043884,
                    3.6944241523742676
                ],
                [
                    0.0,
                    0.9828019142150879,
                    0.18466293811798096,
                    0.744400143623352
                ],
                [
                    0.0,
                    0.0,
                    0.0,
                    1.0
                ]
            ]
        },
        {
            "file_path": "/data/shapenet_blender/all_50_random/02958343/bd29875d6aa7be1b2a80b185a779af6c/r_4",
            "rotation": 0.12566370614359174,
            "transform_matrix": [
                [
                    0.9229799509048462,
                    0.22777526080608368,
                    -0.3102039098739624,
                    -1.250472068786621
                ],
                [
                    -0.38484814763069153,
                    0.5462726354598999,
                    -0.7439610362052917,
                    -2.9990031719207764
                ],
                [
                    0.0,
                    0.806042492389679,
                    0.5918574929237366,
                    2.3858540058135986
                ],
                [
                    0.0,
                    0.0,
                    0.0,
                    1.0
                ]
            ]
        },
        {
            "file_path": "/data/shapenet_blender/all_50_random/02958343/bd29875d6aa7be1b2a80b185a779af6c/r_5",
            "rotation": 0.12566370614359174,
            "transform_matrix": [
                [
                    -0.5666416883468628,
                    -0.01705680415034294,
                    -0.8237878084182739,
                    -3.3207948207855225
                ],
                [
                    -0.8239643573760986,
                    0.011729992926120758,
                    0.5665202736854553,
                    2.2837162017822266
                ],
                [
                    0.0,
                    0.9997857213020325,
                    -0.020700901746749878,
                    -0.08344800770282745
                ],
                [
                    0.0,
                    0.0,
                    0.0,
                    1.0
                ]
            ]
        },
        {
            "file_path": "/data/shapenet_blender/all_50_random/02958343/bd29875d6aa7be1b2a80b185a779af6c/r_6",
            "rotation": 0.12566370614359174,
            "transform_matrix": [
                [
                    0.6782406568527222,
                    0.4402010142803192,
                    0.5883983373641968,
                    2.3719098567962646
                ],
                [
                    0.7348397970199585,
                    -0.40629562735557556,
                    -0.5430784225463867,
                    -2.1892194747924805
                ],
                [
                    0.0,
                    0.8007164001464844,
                    -0.5990433692932129,
                    -2.4148213863372803
                ],
                [
                    0.0,
                    0.0,
                    0.0,
                    1.0
                ]
            ]
        },
        {
            "file_path": "/data/shapenet_blender/all_50_random/02958343/bd29875d6aa7be1b2a80b185a779af6c/r_7",
            "rotation": 0.12566370614359174,
            "transform_matrix": [
                [
                    -0.8387275338172913,
                    -0.21566227078437805,
                    -0.5000258684158325,
                    -2.0156686305999756
                ],
                [
                    -0.5445512533187866,
                    0.332166850566864,
                    0.770148754119873,
                    3.1045689582824707
                ],
                [
                    0.0,
                    0.9182347059249878,
                    -0.39603665471076965,
                    -1.5964747667312622
                ],
                [
                    0.0,
                    0.0,
                    0.0,
                    1.0
                ]
            ]
        },
        {
            "file_path": "/data/shapenet_blender/all_50_random/02958343/bd29875d6aa7be1b2a80b185a779af6c/r_8",
            "rotation": 0.12566370614359174,
            "transform_matrix": [
                [
                    0.41429415345191956,
                    0.007620634511113167,
                    0.910111129283905,
                    3.6687753200531006
                ],
                [
                    0.9101430773735046,
                    -0.0034688878804445267,
                    -0.41427960991859436,
                    -1.670014500617981
                ],
                [
                    0.0,
                    0.9999648928642273,
                    -0.00837300717830658,
                    -0.033752672374248505
                ],
                [
                    0.0,
                    0.0,
                    0.0,
                    1.0
                ]
            ]
        },
        {
            "file_path": "/data/shapenet_blender/all_50_random/02958343/bd29875d6aa7be1b2a80b185a779af6c/r_9",
            "rotation": 0.12566370614359174,
            "transform_matrix": [
                [
                    0.014871853403747082,
                    -0.4834301471710205,
                    -0.8752565383911133,
                    -3.5282721519470215
                ],
                [
                    -0.9998894333839417,
                    -0.007190297357738018,
                    -0.013018125668168068,
                    -0.052477747201919556
                ],
                [
                    0.0,
                    0.8753533959388733,
                    -0.48348361253738403,
                    -1.9489848613739014
                ],
                [
                    0.0,
                    0.0,
                    0.0,
                    1.0
                ]
            ]
        },
        {
            "file_path": "/data/shapenet_blender/all_50_random/02958343/bd29875d6aa7be1b2a80b185a779af6c/r_10",
            "rotation": 0.12566370614359174,
            "transform_matrix": [
                [
                    -0.7856289148330688,
                    0.029172617942094803,
                    -0.6180098652839661,
                    -2.4912774562835693
                ],
                [
                    -0.6186980605125427,
                    -0.037043675780296326,
                    0.7847550511360168,
                    3.1634488105773926
                ],
                [
                    0.0,
                    0.9988875985145569,
                    0.047151628881692886,
                    0.19007429480552673
                ],
                [
                    0.0,
                    0.0,
                    0.0,
                    1.0
                ]
            ]
        },
        {
            "file_path": "/data/shapenet_blender/all_50_random/02958343/bd29875d6aa7be1b2a80b185a779af6c/r_11",
            "rotation": 0.12566370614359174,
            "transform_matrix": [
                [
                    0.9983512759208679,
                    0.02465045638382435,
                    0.05183819308876991,
                    0.2089664340019226
                ],
                [
                    0.05740072950720787,
                    -0.42873698472976685,
                    -0.9016039967536926,
                    -3.634481906890869
                ],
                [
                    0.0,
                    0.9030929207801819,
                    -0.4294450581073761,
                    -1.731148362159729
                ],
                [
                    0.0,
                    0.0,
                    0.0,
                    1.0
                ]
            ]
        },
        {
            "file_path": "/data/shapenet_blender/all_50_random/02958343/bd29875d6aa7be1b2a80b185a779af6c/r_12",
            "rotation": 0.12566370614359174,
            "transform_matrix": [
                [
                    0.4539337158203125,
                    -0.2949201464653015,
                    0.8408128023147583,
                    3.389425039291382
                ],
                [
                    0.8910355567932129,
                    0.15024563670158386,
                    -0.42834800481796265,
                    -1.7267261743545532
                ],
                [
                    0.0,
                    0.9436357021331787,
                    0.3309858441352844,
                    1.3342467546463013
                ],
                [
                    0.0,
                    0.0,
                    0.0,
                    1.0
                ]
            ]
        },
        {
            "file_path": "/data/shapenet_blender/all_50_random/02958343/bd29875d6aa7be1b2a80b185a779af6c/r_13",
            "rotation": 0.12566370614359174,
            "transform_matrix": [
                [
                    0.6430408358573914,
                    0.7295396327972412,
                    -0.23296009004116058,
                    -0.9390921592712402
                ],
                [
                    -0.7658319473266602,
                    0.6125675439834595,
                    -0.1956080049276352,
                    -0.7885211110115051
                ],
                [
                    0.0,
                    0.30419209599494934,
                    0.9526106715202332,
                    3.8400964736938477
                ],
                [
                    0.0,
                    0.0,
                    0.0,
                    1.0
                ]
            ]
        },
        {
            "file_path": "/data/shapenet_blender/all_50_random/02958343/bd29875d6aa7be1b2a80b185a779af6c/r_14",
            "rotation": 0.12566370614359174,
            "transform_matrix": [
                [
                    0.8894286155700684,
                    -0.0035349437966942787,
                    -0.45706045627593994,
                    -1.8424696922302246
                ],
                [
                    -0.4570741355419159,
                    -0.0068787094205617905,
                    -0.8894019722938538,
                    -3.585294008255005
                ],
                [
                    0.0,
                    0.9999700784683228,
                    -0.007733852602541447,
                    -0.031176157295703888
                ],
                [
                    0.0,
                    0.0,
                    0.0,
                    1.0
                ]
            ]
        },
        {
            "file_path": "/data/shapenet_blender/all_50_random/02958343/bd29875d6aa7be1b2a80b185a779af6c/r_15",
            "rotation": 0.12566370614359174,
            "transform_matrix": [
                [
                    -0.8801981210708618,
                    -0.0742369294166565,
                    -0.46876460313796997,
                    -1.889650583267212
                ],
                [
                    -0.47460657358169556,
                    0.13767865300178528,
                    0.8693636655807495,
                    3.504517078399658
                ],
                [
                    -7.450581485102248e-09,
                    0.9876909255981445,
                    -0.1564178168773651,
                    -0.6305403709411621
                ],
                [
                    0.0,
                    0.0,
                    0.0,
                    1.0
                ]
            ]
        },
        {
            "file_path": "/data/shapenet_blender/all_50_random/02958343/bd29875d6aa7be1b2a80b185a779af6c/r_16",
            "rotation": 0.12566370614359174,
            "transform_matrix": [
                [
                    -0.7785542011260986,
                    -0.4517415165901184,
                    0.4356409013271332,
                    1.7561248540878296
                ],
                [
                    0.627577543258667,
                    -0.5604171752929688,
                    0.5404433012008667,
                    2.1785969734191895
                ],
                [
                    -1.4901162970204496e-08,
                    0.6941627860069275,
                    0.7198179364204407,
                    2.901679039001465
                ],
                [
                    0.0,
                    0.0,
                    0.0,
                    1.0
                ]
            ]
        },
        {
            "file_path": "/data/shapenet_blender/all_50_random/02958343/bd29875d6aa7be1b2a80b185a779af6c/r_17",
            "rotation": 0.12566370614359174,
            "transform_matrix": [
                [
                    0.9832726716995239,
                    0.1529691517353058,
                    -0.09887006133794785,
                    -0.39855799078941345
                ],
                [
                    -0.18213966488838196,
                    0.8257970809936523,
                    -0.5337455868721008,
                    -2.151597499847412
                ],
                [
                    -7.450580596923828e-09,
                    0.5428255796432495,
                    0.8398452997207642,
                    3.3855249881744385
                ],
                [
                    0.0,
                    0.0,
                    0.0,
                    1.0
                ]
            ]
        },
        {
            "file_path": "/data/shapenet_blender/all_50_random/02958343/bd29875d6aa7be1b2a80b185a779af6c/r_18",
            "rotation": 0.12566370614359174,
            "transform_matrix": [
                [
                    -0.5770831108093262,
                    -0.2786313593387604,
                    -0.7676845788955688,
                    -3.094635486602783
                ],
                [
                    -0.8166855573654175,
                    0.19688540697097778,
                    0.5424582958221436,
                    2.1867194175720215
                ],
                [
                    0.0,
                    0.9400004148483276,
                    -0.341173380613327,
                    -1.3753138780593872
                ],
                [
                    0.0,
                    0.0,
                    0.0,
                    1.0
                ]
            ]
        },
        {
            "file_path": "/data/shapenet_blender/all_50_random/02958343/bd29875d6aa7be1b2a80b185a779af6c/r_19",
            "rotation": 0.12566370614359174,
            "transform_matrix": [
                [
                    0.9268601536750793,
                    0.03422914445400238,
                    -0.37384313344955444,
                    -1.5070099830627441
                ],
                [
                    -0.3754069209098816,
                    0.0845099687576294,
                    -0.9229992628097534,
                    -3.720729351043701
                ],
                [
                    0.0,
                    0.9958345890045166,
                    0.0911787673830986,
                    0.36755338311195374
                ],
                [
                    0.0,
                    0.0,
                    0.0,
                    1.0
                ]
            ]
        },
        {
            "file_path": "/data/shapenet_blender/all_50_random/02958343/bd29875d6aa7be1b2a80b185a779af6c/r_20",
            "rotation": 0.12566370614359174,
            "transform_matrix": [
                [
                    0.2967863082885742,
                    -0.4594321548938751,
                    0.8371618390083313,
                    3.3747072219848633
                ],
                [
                    0.954943835735321,
                    0.14278659224510193,
                    -0.26018092036247253,
                    -1.0488228797912598
                ],
                [
                    0.0,
                    0.8766607642173767,
                    0.48110905289649963,
                    1.9394125938415527
                ],
                [
                    0.0,
                    0.0,
                    0.0,
                    1.0
                ]
            ]
        },
        {
            "file_path": "/data/shapenet_blender/all_50_random/02958343/bd29875d6aa7be1b2a80b185a779af6c/r_21",
            "rotation": 0.12566370614359174,
            "transform_matrix": [
                [
                    -0.005320366472005844,
                    -0.048060279339551926,
                    0.9988301992416382,
                    4.026413440704346
                ],
                [
                    0.9999858736991882,
                    -0.00025570191792212427,
                    0.005314217880368233,
                    0.02142229676246643
                ],
                [
                    0.0,
                    0.9988443851470947,
                    0.048060957342386246,
                    0.19373992085456848
                ],
                [
                    0.0,
                    0.0,
                    0.0,
                    1.0
                ]
            ]
        },
        {
            "file_path": "/data/shapenet_blender/all_50_random/02958343/bd29875d6aa7be1b2a80b185a779af6c/r_22",
            "rotation": 0.12566370614359174,
            "transform_matrix": [
                [
                    -0.9993621706962585,
                    -0.004600904416292906,
                    0.03541279211640358,
                    0.14275354146957397
                ],
                [
                    0.035710420459508896,
                    -0.1287570744752884,
                    0.9910329580307007,
                    3.9949817657470703
                ],
                [
                    0.0,
                    0.9916654825210571,
                    0.12883925437927246,
                    0.5193676948547363
                ],
                [
                    0.0,
                    0.0,
                    0.0,
                    1.0
                ]
            ]
        },
        {
            "file_path": "/data/shapenet_blender/all_50_random/02958343/bd29875d6aa7be1b2a80b185a779af6c/r_23",
            "rotation": 0.12566370614359174,
            "transform_matrix": [
                [
                    0.9052690267562866,
                    -0.2711220681667328,
                    -0.32707923650741577,
                    -1.3184986114501953
                ],
                [
                    -0.4248388409614563,
                    -0.5777212381362915,
                    -0.6969577074050903,
                    -2.8095264434814453
                ],
                [
                    0.0,
                    0.7698901891708374,
                    -0.6381763219833374,
                    -2.572571039199829
                ],
                [
                    0.0,
                    0.0,
                    0.0,
                    1.0
                ]
            ]
        },
        {
            "file_path": "/data/shapenet_blender/all_50_random/02958343/bd29875d6aa7be1b2a80b185a779af6c/r_24",
            "rotation": 0.12566370614359174,
            "transform_matrix": [
                [
                    -0.9809540510177612,
                    0.05633284151554108,
                    0.185891792178154,
                    0.7493537664413452
                ],
                [
                    0.19423992931842804,
                    0.2844931483268738,
                    0.9387941360473633,
                    3.784400224685669
                ],
                [
                    0.0,
                    0.9570213556289673,
                    -0.2900168299674988,
                    -1.1690952777862549
                ],
                [
                    0.0,
                    0.0,
                    0.0,
                    1.0
                ]
            ]
        },
        {
            "file_path": "/data/shapenet_blender/all_50_random/02958343/bd29875d6aa7be1b2a80b185a779af6c/r_25",
            "rotation": 0.12566370614359174,
            "transform_matrix": [
                [
                    0.8529565334320068,
                    0.33538898825645447,
                    -0.39997437596321106,
                    -1.6123483180999756
                ],
                [
                    -0.5219821333885193,
                    0.5480498671531677,
                    -0.6535870432853699,
                    -2.6346936225891113
                ],
                [
                    0.0,
                    0.7662607431411743,
                    0.6425297260284424,
                    2.5901200771331787
                ],
                [
                    0.0,
                    0.0,
                    0.0,
                    1.0
                ]
            ]
        },
        {
            "file_path": "/data/shapenet_blender/all_50_random/02958343/bd29875d6aa7be1b2a80b185a779af6c/r_26",
            "rotation": 0.12566370614359174,
            "transform_matrix": [
                [
                    0.9449340105056763,
                    0.043827127665281296,
                    -0.324313223361969,
                    -1.3073484897613525
                ],
                [
                    -0.3272612392902374,
                    0.12654642760753632,
                    -0.9364219307899475,
                    -3.7748377323150635
                ],
                [
                    0.0,
                    0.99099200963974,
                    0.13392092287540436,
                    0.5398525595664978
                ],
                [
                    0.0,
                    0.0,
                    0.0,
                    1.0
                ]
            ]
        },
        {
            "file_path": "/data/shapenet_blender/all_50_random/02958343/bd29875d6aa7be1b2a80b185a779af6c/r_27",
            "rotation": 0.12566370614359174,
            "transform_matrix": [
                [
                    0.8285878300666809,
                    0.1377350389957428,
                    0.5426520705223083,
                    2.187500238418579
                ],
                [
                    0.559859037399292,
                    -0.2038469761610031,
                    -0.8031216263771057,
                    -3.2374863624572754
                ],
                [
                    -7.4505797087454084e-09,
                    0.969265341758728,
                    -0.24601738154888153,
                    -0.9917276501655579
                ],
                [
                    0.0,
                    0.0,
                    0.0,
                    1.0
                ]
            ]
        },
        {
            "file_path": "/data/shapenet_blender/all_50_random/02958343/bd29875d6aa7be1b2a80b185a779af6c/r_28",
            "rotation": 0.12566370614359174,
            "transform_matrix": [
                [
                    -0.24674353003501892,
                    0.7282015681266785,
                    -0.6394059658050537,
                    -2.5775279998779297
                ],
                [
                    -0.969080924987793,
                    -0.18541178107261658,
                    0.16280299425125122,
                    0.6562798619270325
                ],
                [
                    -7.450582373280668e-09,
                    0.6598066091537476,
                    0.751435399055481,
                    3.0291330814361572
                ],
                [
                    0.0,
                    0.0,
                    0.0,
                    1.0
                ]
            ]
        },
        {
            "file_path": "/data/shapenet_blender/all_50_random/02958343/bd29875d6aa7be1b2a80b185a779af6c/r_29",
            "rotation": 0.12566370614359174,
            "transform_matrix": [
                [
                    0.8410946726799011,
                    0.20794735848903656,
                    0.49931713938713074,
                    2.0128118991851807
                ],
                [
                    0.5408879518508911,
                    -0.3233634829521179,
                    -0.7764509916305542,
                    -3.129974365234375
                ],
                [
                    0.0,
                    0.9231434464454651,
                    -0.38445550203323364,
                    -1.5497897863388062
                ],
                [
                    0.0,
                    0.0,
                    0.0,
                    1.0
                ]
            ]
        },
        {
            "file_path": "/data/shapenet_blender/all_50_random/02958343/bd29875d6aa7be1b2a80b185a779af6c/r_30",
            "rotation": 0.12566370614359174,
            "transform_matrix": [
                [
                    -0.33744099736213684,
                    0.5016483664512634,
                    -0.7965439558029175,
                    -3.2109715938568115
                ],
                [
                    -0.9413467645645142,
                    -0.17982399463653564,
                    0.2855340838432312,
                    1.1510248184204102
                ],
                [
                    0.0,
                    0.8461748957633972,
                    0.532905101776123,
                    2.1482093334198
                ],
                [
                    0.0,
                    0.0,
                    0.0,
                    1.0
                ]
            ]
        },
        {
            "file_path": "/data/shapenet_blender/all_50_random/02958343/bd29875d6aa7be1b2a80b185a779af6c/r_31",
            "rotation": 0.12566370614359174,
            "transform_matrix": [
                [
                    -0.3040924072265625,
                    0.5438542366027832,
                    0.7821446061134338,
                    3.152925968170166
                ],
                [
                    0.952642560005188,
                    0.1736033856868744,
                    0.24966788291931152,
                    1.0064435005187988
                ],
                [
                    -1.4901161193847656e-08,
                    0.8210263252258301,
                    -0.5708901882171631,
                    -2.3013322353363037
                ],
                [
                    0.0,
                    0.0,
                    0.0,
                    1.0
                ]
            ]
        },
        {
            "file_path": "/data/shapenet_blender/all_50_random/02958343/bd29875d6aa7be1b2a80b185a779af6c/r_32",
            "rotation": 0.12566370614359174,
            "transform_matrix": [
                [
                    -0.15410055220127106,
                    0.005224923137575388,
                    -0.988041341304779,
                    -3.982922077178955
                ],
                [
                    -0.9880551695823669,
                    -0.0008148974156938493,
                    0.15409840643405914,
                    0.6211905479431152
                ],
                [
                    0.0,
                    0.9999861121177673,
                    0.005288087762892246,
                    0.02131696417927742
                ],
                [
                    0.0,
                    0.0,
                    0.0,
                    1.0
                ]
            ]
        },
        {
            "file_path": "/data/shapenet_blender/all_50_random/02958343/bd29875d6aa7be1b2a80b185a779af6c/r_33",
            "rotation": 0.12566370614359174,
            "transform_matrix": [
                [
                    0.9832191467285156,
                    0.006370487157255411,
                    -0.1823173463344574,
                    -0.7349448204040527
                ],
                [
                    -0.18242864310741425,
                    0.03433443605899811,
                    -0.9826193451881409,
                    -3.9610655307769775
                ],
                [
                    0.0,
                    0.9993901252746582,
                    0.034920427948236465,
                    0.14076876640319824
                ],
                [
                    0.0,
                    0.0,
                    0.0,
                    1.0
                ]
            ]
        },
        {
            "file_path": "/data/shapenet_blender/all_50_random/02958343/bd29875d6aa7be1b2a80b185a779af6c/r_34",
            "rotation": 0.12566370614359174,
            "transform_matrix": [
                [
                    0.2704865038394928,
                    -0.43829554319381714,
                    0.8571662306785583,
                    3.455347776412964
                ],
                [
                    0.9627238512039185,
                    0.12314333766698837,
                    -0.24082908034324646,
                    -0.9708131551742554
                ],
                [
                    0.0,
                    0.8903554081916809,
                    0.4552660882472992,
                    1.8352364301681519
                ],
                [
                    0.0,
                    0.0,
                    0.0,
                    1.0
                ]
            ]
        },
        {
            "file_path": "/data/shapenet_blender/all_50_random/02958343/bd29875d6aa7be1b2a80b185a779af6c/r_35",
            "rotation": 0.12566370614359174,
            "transform_matrix": [
                [
                    -0.9357190728187561,
                    0.03871050104498863,
                    -0.3506157398223877,
                    -1.413377285003662
                ],
                [
                    -0.35274627804756165,
                    -0.10268615186214447,
                    0.9300674796104431,
                    3.7492220401763916
                ],
                [
                    -3.725290742551124e-09,
                    0.9939602613449097,
                    0.10974036157131195,
                    0.4423775374889374
                ],
                [
                    0.0,
                    0.0,
                    0.0,
                    1.0
                ]
            ]
        },
        {
            "file_path": "/data/shapenet_blender/all_50_random/02958343/bd29875d6aa7be1b2a80b185a779af6c/r_36",
            "rotation": 0.12566370614359174,
            "transform_matrix": [
                [
                    0.9771448373794556,
                    0.13538846373558044,
                    0.16388432681560516,
                    0.6606388688087463
                ],
                [
                    0.21257498860359192,
                    -0.6223410367965698,
                    -0.7533282041549683,
                    -3.0367631912231445
                ],
                [
                    -7.450581485102248e-09,
                    0.7709484100341797,
                    -0.6368975639343262,
                    -2.567416191101074
                ],
                [
                    0.0,
                    0.0,
                    0.0,
                    1.0
                ]
            ]
        },
        {
            "file_path": "/data/shapenet_blender/all_50_random/02958343/bd29875d6aa7be1b2a80b185a779af6c/r_37",
            "rotation": 0.12566370614359174,
            "transform_matrix": [
                [
                    0.7444910407066345,
                    -0.6464462876319885,
                    -0.16685394942760468,
                    -0.672609806060791
                ],
                [
                    -0.667632520198822,
                    -0.7208659052848816,
                    -0.18606235086917877,
                    -0.7500413060188293
                ],
                [
                    -7.450581485102248e-09,
                    0.24991871416568756,
                    -0.9682667255401611,
                    -3.903208017349243
                ],
                [
                    0.0,
                    0.0,
                    0.0,
                    1.0
                ]
            ]
        },
        {
            "file_path": "/data/shapenet_blender/all_50_random/02958343/bd29875d6aa7be1b2a80b185a779af6c/r_38",
            "rotation": 0.12566370614359174,
            "transform_matrix": [
                [
                    -0.5825299620628357,
                    -0.7509341239929199,
                    0.31105753779411316,
                    1.2539130449295044
                ],
                [
                    0.81280916929245,
                    -0.5381848812103271,
                    0.22293096780776978,
                    0.8986634612083435
                ],
                [
                    0.0,
                    0.3826943635940552,
                    0.9238749742507935,
                    3.7242591381073
                ],
                [
                    0.0,
                    0.0,
                    0.0,
                    1.0
                ]
            ]
        },
        {
            "file_path": "/data/shapenet_blender/all_50_random/02958343/bd29875d6aa7be1b2a80b185a779af6c/r_39",
            "rotation": 0.12566370614359174,
            "transform_matrix": [
                [
                    0.9930329322814941,
                    0.029795877635478973,
                    -0.11400855332612991,
                    -0.45958322286605835
                ],
                [
                    -0.1178378015756607,
                    0.251093327999115,
                    -0.9607633948326111,
                    -3.8729612827301025
                ],
                [
                    -1.862645371275562e-09,
                    0.9675041437149048,
                    0.25285500288009644,
                    1.0192912817001343
                ],
                [
                    0.0,
                    0.0,
                    0.0,
                    1.0
                ]
            ]
        },
        {
            "file_path": "/data/shapenet_blender/all_50_random/02958343/bd29875d6aa7be1b2a80b185a779af6c/r_40",
            "rotation": 0.12566370614359174,
            "transform_matrix": [
                [
                    -0.8201519846916199,
                    -0.24960336089134216,
                    -0.5148289203643799,
                    -2.0753419399261475
                ],
                [
                    -0.5721457004547119,
                    0.35779818892478943,
                    0.7379903197288513,
                    2.9749343395233154
                ],
                [
                    0.0,
                    0.899821400642395,
                    -0.43625834584236145,
                    -1.7586137056350708
                ],
                [
                    0.0,
                    0.0,
                    0.0,
                    1.0
                ]
            ]
        },
        {
            "file_path": "/data/shapenet_blender/all_50_random/02958343/bd29875d6aa7be1b2a80b185a779af6c/r_41",
            "rotation": 0.12566370614359174,
            "transform_matrix": [
                [
                    0.18876586854457855,
                    0.038257114589214325,
                    0.9812766313552856,
                    3.9556527137756348
                ],
                [
                    0.982022225856781,
                    -0.007353843189775944,
                    -0.18862253427505493,
                    -0.7603617310523987
                ],
                [
                    4.656613428188905e-10,
                    0.9992408156394958,
                    -0.03895748779177666,
