{
    "class": "02958343",
    "model": "a295d3ca78e2fa9a6a2345809e2bb169",
    "remove_doubles": true,
    "edge_split": true,
    "denoise": true,
    "camera_angle_x": 0.6911112070083618,
    "scale_factor": 2.1871882894307575,
    "hdri_file": "/data/IndoorHDRDataset2018/AG8A9372-8ac67e4116.exr",
    "center_offset": [
        0.0,
        0.0,
        -1.1641532182693481e-09
    ],
    "lights": [],
    "frames": [
        {
            "file_path": "/data/shapenet_blender/all_50_random/02958343/a295d3ca78e2fa9a6a2345809e2bb169/r_0",
            "rotation": 0.12566370614359174,
            "transform_matrix": [
                [
                    -0.9893885254859924,
                    0.0017732804408296943,
                    -0.14528338611125946,
                    -0.5856560468673706
                ],
                [
                    -0.1452942043542862,
                    -0.012075245380401611,
                    0.9893147945404053,
                    3.988055467605591
                ],
                [
                    0.0,
                    0.9999254941940308,
                    0.012204756960272789,
                    0.049198947846889496
                ],
                [
                    0.0,
                    0.0,
                    0.0,
                    1.0
                ]
            ]
        },
        {
            "file_path": "/data/shapenet_blender/all_50_random/02958343/a295d3ca78e2fa9a6a2345809e2bb169/r_1",
            "rotation": 0.12566370614359174,
            "transform_matrix": [
                [
                    0.8659748435020447,
                    -0.06862054020166397,
                    -0.49535730481147766,
                    -1.9968491792678833
                ],
                [
                    -0.5000876784324646,
                    -0.1188264936208725,
                    -0.8577835559844971,
                    -3.457836151123047
                ],
                [
                    0.0,
                    0.9905409812927246,
                    -0.13721702992916107,
                    -0.5531395673751831
                ],
                [
                    0.0,
                    0.0,
                    0.0,
                    1.0
                ]
            ]
        },
        {
            "file_path": "/data/shapenet_blender/all_50_random/02958343/a295d3ca78e2fa9a6a2345809e2bb169/r_2",
            "rotation": 0.12566370614359174,
            "transform_matrix": [
                [
                    0.15675023198127747,
                    0.631363034248352,
                    -0.7594801783561707,
                    -3.0615625381469727
                ],
                [
                    -0.9876382946968079,
                    0.10020501166582108,
                    -0.12053876370191574,
                    -0.48590728640556335
                ],
                [
                    0.0,
                    0.7689861059188843,
                    0.6392654180526733,
                    2.5769612789154053
                ],
                [
                    0.0,
                    0.0,
                    0.0,
                    1.0
                ]
            ]
        },
        {
            "file_path": "/data/shapenet_blender/all_50_random/02958343/a295d3ca78e2fa9a6a2345809e2bb169/r_3",
            "rotation": 0.12566370614359174,
            "transform_matrix": [
                [
                    0.9942126274108887,
                    0.008677744306623936,
                    0.10707858204841614,
                    0.4316475987434387
                ],
                [
                    0.1074296310544014,
                    -0.08030859380960464,
                    -0.9909638166427612,
                    -3.9947030544281006
                ],
                [
                    0.0,
                    0.996732234954834,
                    -0.08077606558799744,
                    -0.32561877369880676
                ],
                [
                    0.0,
                    0.0,
                    0.0,
                    1.0
                ]
            ]
        },
        {
            "file_path": "/data/shapenet_blender/all_50_random/02958343/a295d3ca78e2fa9a6a2345809e2bb169/r_4",
            "rotation": 0.12566370614359174,
            "transform_matrix": [
                [
                    0.34374764561653137,
                    0.12670636177062988,
                    -0.930474579334259,
                    -3.7508633136749268
                ],
                [
                    -0.9390620589256287,
                    0.046381402760744095,
                    -0.34060415625572205,
                    -1.3730193376541138
                ],
                [
                    3.725290298461914e-09,
                    0.9908552765846252,
                    0.1349286288022995,
                    0.5439147353172302
                ],
                [
                    0.0,
                    0.0,
                    0.0,
                    1.0
                ]
            ]
        },
        {
            "file_path": "/data/shapenet_blender/all_50_random/02958343/a295d3ca78e2fa9a6a2345809e2bb169/r_5",
            "rotation": 0.12566370614359174,
            "transform_matrix": [
                [
                    -0.9491959810256958,
                    -0.12464533001184464,
                    0.28894752264022827,
                    1.1647847890853882
                ],
                [
                    0.3146858215332031,
                    -0.37597131729125977,
                    0.87156081199646,
                    3.5133743286132812
                ],
                [
                    0.0,
                    0.9182096719741821,
                    0.39609450101852417,
                    1.5967081785202026
                ],
                [
                    0.0,
                    0.0,
                    0.0,
                    1.0
                ]
            ]
        },
        {
            "file_path": "/data/shapenet_blender/all_50_random/02958343/a295d3ca78e2fa9a6a2345809e2bb169/r_6",
            "rotation": 0.12566370614359174,
            "transform_matrix": [
                [
                    -0.16588731110095978,
                    0.4975677728652954,
                    -0.8514150977134705,
                    -3.432163953781128
                ],
                [
                    -0.9861447811126709,
                    -0.08369986712932587,
                    0.1432233601808548,
                    0.5773518085479736
                ],
                [
                    0.0,
                    0.8633773326873779,
                    0.5045586228370667,
                    2.0339407920837402
                ],
                [
                    0.0,
                    0.0,
                    0.0,
                    1.0
                ]
            ]
        },
        {
            "file_path": "/data/shapenet_blender/all_50_random/02958343/a295d3ca78e2fa9a6a2345809e2bb169/r_7",
            "rotation": 0.12566370614359174,
            "transform_matrix": [
                [
                    0.12009576708078384,
                    0.30141520500183105,
                    -0.945899486541748,
                    -3.813042640686035
                ],
                [
                    -0.9927623271942139,
                    0.03646259754896164,
                    -0.11442670226097107,
                    -0.46126875281333923
                ],
                [
                    3.725290298461914e-09,
                    0.9527955651283264,
                    0.3036126494407654,
                    1.2239017486572266
                ],
                [
                    0.0,
                    0.0,
                    0.0,
                    1.0
                ]
            ]
        },
        {
            "file_path": "/data/shapenet_blender/all_50_random/02958343/a295d3ca78e2fa9a6a2345809e2bb169/r_8",
            "rotation": 0.12566370614359174,
            "transform_matrix": [
                [
                    0.23709291219711304,
                    -0.35718774795532227,
                    -0.903439998626709,
                    -3.641883134841919
                ],
                [
                    -0.9714869856834412,
                    -0.08717222511768341,
                    -0.22048594057559967,
                    -0.8888072371482849
                ],
                [
                    0.0,
                    0.9299558401107788,
                    -0.3676711618900299,
                    -1.4821298122406006
                ],
                [
                    0.0,
                    0.0,
                    0.0,
                    1.0
                ]
            ]
        },
        {
            "file_path": "/data/shapenet_blender/all_50_random/02958343/a295d3ca78e2fa9a6a2345809e2bb169/r_9",
            "rotation": 0.12566370614359174,
            "transform_matrix": [
                [
                    0.8348244428634644,
                    -0.466892808675766,
                    0.2916834354400635,
                    1.1758135557174683
                ],
                [
                    0.5505161881446838,
                    0.7080146074295044,
                    -0.44232022762298584,
                    -1.7830498218536377
                ],
                [
                    0.0,
                    0.529836118221283,
                    0.848099946975708,
                    3.4188003540039062
                ],
                [
                    0.0,
                    0.0,
                    0.0,
                    1.0
                ]
            ]
        },
        {
            "file_path": "/data/shapenet_blender/all_50_random/02958343/a295d3ca78e2fa9a6a2345809e2bb169/r_10",
            "rotation": 0.12566370614359174,
            "transform_matrix": [
                [
                    0.028961319476366043,
                    0.759336531162262,
                    -0.6500533819198608,
                    -2.6204490661621094
                ],
                [
                    -0.9995806217193604,
                    0.022000614553689957,
                    -0.018834302201867104,
                    -0.07592350244522095
                ],
                [
                    0.0,
                    0.650326132774353,
                    0.7596550583839417,
                    3.062267541885376
                ],
                [
                    0.0,
                    0.0,
                    0.0,
                    1.0
                ]
            ]
        },
        {
            "file_path": "/data/shapenet_blender/all_50_random/02958343/a295d3ca78e2fa9a6a2345809e2bb169/r_11",
            "rotation": 0.12566370614359174,
            "transform_matrix": [
                [
                    -0.8683429956436157,
                    -0.2164149135351181,
                    -0.44625672698020935,
                    -1.79891836643219
                ],
                [
                    -0.4959641993045807,
                    0.3789030611515045,
                    0.7813142538070679,
                    3.14957857131958
                ],
                [
                    -1.4901161193847656e-08,
                    0.8997761607170105,
                    -0.43635183572769165,
                    -1.7589905261993408
                ],
                [
                    0.0,
                    0.0,
                    0.0,
                    1.0
                ]
            ]
        },
        {
            "file_path": "/data/shapenet_blender/all_50_random/02958343/a295d3ca78e2fa9a6a2345809e2bb169/r_12",
            "rotation": 0.12566370614359174,
            "transform_matrix": [
                [
                    0.24707165360450745,
                    0.7230596542358398,
                    -0.6450893878936768,
                    -2.600438356399536
                ],
                [
                    -0.9689971208572388,
                    0.18436333537101746,
                    -0.1644827425479889,
                    -0.6630511283874512
                ],
                [
                    -7.4505797087454084e-09,
                    0.6657288670539856,
                    0.7461937069892883,
                    3.008002996444702
                ],
                [
                    0.0,
                    0.0,
                    0.0,
                    1.0
                ]
            ]
        },
        {
            "file_path": "/data/shapenet_blender/all_50_random/02958343/a295d3ca78e2fa9a6a2345809e2bb169/r_13",
            "rotation": 0.12566370614359174,
            "transform_matrix": [
                [
                    0.8061144351959229,
                    0.02006920799612999,
                    -0.5914192199707031,
                    -2.384086847305298
                ],
                [
                    -0.5917595624923706,
                    0.027338938787579536,
                    -0.8056508302688599,
                    -3.2476820945739746
                ],
                [
                    0.0,
                    0.9994246363639832,
                    0.033914465457201004,
                    0.13671356439590454
                ],
                [
                    0.0,
                    0.0,
                    0.0,
                    1.0
                ]
            ]
        },
        {
            "file_path": "/data/shapenet_blender/all_50_random/02958343/a295d3ca78e2fa9a6a2345809e2bb169/r_14",
            "rotation": 0.12566370614359174,
            "transform_matrix": [
                [
                    -0.11231675744056702,
                    -0.1936110258102417,
                    0.9746280312538147,
                    3.9288508892059326
                ],
                [
                    0.9936724305152893,
                    -0.021884236484766006,
                    0.11016413569450378,
                    0.4440857768058777
                ],
                [
                    -1.8626449271863521e-09,
                    0.9808343052864075,
                    0.19484391808509827,
                    0.7854408621788025
                ],
                [
                    0.0,
                    0.0,
                    0.0,
                    1.0
                ]
            ]
        },
        {
            "file_path": "/data/shapenet_blender/all_50_random/02958343/a295d3ca78e2fa9a6a2345809e2bb169/r_15",
            "rotation": 0.12566370614359174,
            "transform_matrix": [
                [
                    -0.3628373146057129,
                    0.35605505108833313,
                    -0.861146867275238,
                    -3.4713940620422363
                ],
                [
                    -0.9318524599075317,
                    -0.13863788545131683,
                    0.3353065252304077,
                    1.3516638278961182
                ],
                [
                    0.0,
                    0.9241235852241516,
                    0.3820938169956207,
                    1.5402694940567017
                ],
                [
                    0.0,
                    0.0,
                    0.0,
                    1.0
                ]
            ]
        },
        {
            "file_path": "/data/shapenet_blender/all_50_random/02958343/a295d3ca78e2fa9a6a2345809e2bb169/r_16",
            "rotation": 0.12566370614359174,
            "transform_matrix": [
                [
                    -0.9317184686660767,
                    0.30165258049964905,
                    0.20225319266319275,
                    0.815308690071106
                ],
                [
                    0.36318129301071167,
                    0.7738705277442932,
                    0.5188676714897156,
                    2.0916225910186768
                ],
                [
                    -1.4901161193847656e-08,
                    0.5568931698799133,
                    -0.8305840492248535,
                    -3.348191499710083
                ],
                [
                    0.0,
                    0.0,
                    0.0,
                    1.0
                ]
            ]
        },
        {
            "file_path": "/data/shapenet_blender/all_50_random/02958343/a295d3ca78e2fa9a6a2345809e2bb169/r_17",
            "rotation": 0.12566370614359174,
            "transform_matrix": [
                [
                    -0.9167767763137817,
                    -0.20924150943756104,
                    -0.34020328521728516,
                    -1.3714033365249634
                ],
                [
                    -0.39939987659454346,
                    0.4802899658679962,
                    0.7808977365493774,
                    3.1478993892669678
                ],
                [
                    0.0,
                    0.8517861366271973,
                    -0.5238897204399109,
                    -2.1118669509887695
                ],
                [
                    0.0,
                    0.0,
                    0.0,
                    1.0
                ]
            ]
        },
        {
            "file_path": "/data/shapenet_blender/all_50_random/02958343/a295d3ca78e2fa9a6a2345809e2bb169/r_18",
            "rotation": 0.12566370614359174,
            "transform_matrix": [
                [
                    0.8275858163833618,
                    -0.015938378870487213,
                    -0.5611128807067871,
                    -2.261918306350708
                ],
                [
                    -0.5613391399383545,
                    -0.02349805273115635,
                    -0.8272521495819092,
                    -3.3347599506378174
                ],
                [
                    -1.8626450382086546e-09,
                    0.9995967149734497,
                    -0.028393495827913284,
                    -0.11445783823728561
                ],
                [
                    0.0,
                    0.0,
                    0.0,
                    1.0
                ]
            ]
        },
        {
            "file_path": "/data/shapenet_blender/all_50_random/02958343/a295d3ca78e2fa9a6a2345809e2bb169/r_19",
            "rotation": 0.12566370614359174,
            "transform_matrix": [
                [
                    0.606971025466919,
                    -0.09016922861337662,
                    0.7895921468734741,
                    3.1829473972320557
                ],
                [
                    0.7947239279747009,
                    0.06886681169271469,
                    -0.6030516028404236,
                    -2.430978536605835
                ],
                [
                    3.7252898543727042e-09,
                    0.9935425519943237,
                    0.11345981806516647,
                    0.4573711156845093
                ],
                [
                    0.0,
                    0.0,
                    0.0,
                    1.0
                ]
            ]
        },
        {
            "file_path": "/data/shapenet_blender/all_50_random/02958343/a295d3ca78e2fa9a6a2345809e2bb169/r_20",
            "rotation": 0.12566370614359174,
            "transform_matrix": [
                [
                    0.9279276728630066,
                    -0.1336999237537384,
                    0.34795764088630676,
                    1.4026622772216797
                ],
                [
                    0.37276026606559753,
                    0.33282479643821716,
                    -0.8661854863166809,
                    -3.4917056560516357
                ],
                [
                    7.450580596923828e-09,
                    0.9334622621536255,
                    0.35867536067962646,
                    1.4458667039871216
                ],
                [
                    0.0,
                    0.0,
                    0.0,
                    1.0
                ]
            ]
        },
        {
            "file_path": "/data/shapenet_blender/all_50_random/02958343/a295d3ca78e2fa9a6a2345809e2bb169/r_21",
            "rotation": 0.12566370614359174,
            "transform_matrix": [
                [
                    -0.9346610903739929,
                    0.14601284265518188,
                    0.32417407631874084,
                    1.3067874908447266
                ],
                [
                    0.35553985834121704,
                    0.3838459253311157,
                    0.852205216884613,
                    3.4353489875793457
                ],
                [
                    7.4505797087454084e-09,
                    0.9117799401283264,
                    -0.4106792211532593,
                    -1.6555007696151733
                ],
                [
                    0.0,
                    0.0,
                    0.0,
                    1.0
                ]
            ]
        },
        {
            "file_path": "/data/shapenet_blender/all_50_random/02958343/a295d3ca78e2fa9a6a2345809e2bb169/r_22",
            "rotation": 0.12566370614359174,
            "transform_matrix": [
                [
                    0.013516022823750973,
                    -0.6850646138191223,
                    -0.7283568382263184,
                    -2.9361002445220947
                ],
                [
                    -0.9999086260795593,
                    -0.00926019437611103,
                    -0.009845386259257793,
                    -0.03968802094459534
                ],
                [
                    -4.656612873077393e-10,
                    0.7284234166145325,
                    -0.6851272583007812,
                    -2.761836290359497
                ],
                [
                    0.0,
                    0.0,
                    0.0,
                    1.0
                ]
            ]
        },
        {
            "file_path": "/data/shapenet_blender/all_50_random/02958343/a295d3ca78e2fa9a6a2345809e2bb169/r_23",
            "rotation": 0.12566370614359174,
            "transform_matrix": [
                [
                    0.9888543486595154,
                    -0.006299065425992012,
                    -0.14875257015228271,
                    -0.5996407866477966
                ],
                [
                    -0.14888587594032288,
                    -0.041836462914943695,
                    -0.9879689812660217,
                    -3.9826302528381348
                ],
                [
                    0.0,
                    0.9991045594215393,
                    -0.0423080138862133,
                    -0.17054906487464905
                ],
                [
                    0.0,
                    0.0,
                    0.0,
                    1.0
                ]
            ]
        },
        {
            "file_path": "/data/shapenet_blender/all_50_random/02958343/a295d3ca78e2fa9a6a2345809e2bb169/r_24",
            "rotation": 0.12566370614359174,
            "transform_matrix": [
                [
                    -0.2150997370481491,
                    0.4853862524032593,
                    -0.8474268317222595,
                    -3.4160869121551514
                ],
                [
                    -0.9765921831130981,
                    -0.10690895467996597,
                    0.1866503655910492,
                    0.7524116635322571
                ],
                [
                    0.0,
                    0.8677387237548828,
                    0.4970204830169678,
                    2.003553628921509
                ],
                [
                    0.0,
                    0.0,
                    0.0,
                    1.0
                ]
            ]
        },
        {
            "file_path": "/data/shapenet_blender/all_50_random/02958343/a295d3ca78e2fa9a6a2345809e2bb169/r_25",
            "rotation": 0.12566370614359174,
            "transform_matrix": [
                [
                    -0.08602052181959152,
                    -0.5897764563560486,
                    0.802972137928009,
                    3.236884117126465
                ],
                [
                    0.9962933659553528,
                    -0.05092163011431694,
                    0.06932906061410904,
                    0.2794743776321411
                ],
                [
                    0.0,
                    0.8059594631195068,
                    0.591970682144165,
                    2.38631010055542
                ],
                [
                    0.0,
                    0.0,
                    0.0,
                    1.0
                ]
            ]
        },
        {
            "file_path": "/data/shapenet_blender/all_50_random/02958343/a295d3ca78e2fa9a6a2345809e2bb169/r_26",
            "rotation": 0.12566370614359174,
            "transform_matrix": [
                [
                    -0.4940347671508789,
                    0.2269524484872818,
                    -0.839298665523529,
                    -3.3833210468292236
                ],
                [
                    -0.8694422245025635,
                    -0.12895900011062622,
                    0.47690659761428833,
                    1.9224720001220703
                ],
                [
                    0.0,
                    0.9653299450874329,
                    0.26103225350379944,
                    1.0522546768188477
                ],
                [
                    0.0,
                    0.0,
                    0.0,
                    1.0
                ]
            ]
        },
        {
            "file_path": "/data/shapenet_blender/all_50_random/02958343/a295d3ca78e2fa9a6a2345809e2bb169/r_27",
            "rotation": 0.12566370614359174,
            "transform_matrix": [
                [
                    0.6140702366828918,
                    -0.40097299218177795,
                    0.6798076629638672,
                    2.7403924465179443
                ],
                [
                    0.7892513871192932,
                    0.31197357177734375,
                    -0.528918445110321,
                    -2.13213849067688
                ],
                [
                    -1.4901161193847656e-08,
                    0.8613322377204895,
                    0.5080420970916748,
                    2.047983169555664
                ],
                [
                    0.0,
                    0.0,
                    0.0,
                    1.0
                ]
            ]
        },
        {
            "file_path": "/data/shapenet_blender/all_50_random/02958343/a295d3ca78e2fa9a6a2345809e2bb169/r_28",
            "rotation": 0.12566370614359174,
            "transform_matrix": [
                [
                    0.9976890087127686,
                    0.027919577434659004,
                    0.06194484606385231,
                    0.2497076690196991
                ],
                [
                    0.06794605404138565,
                    -0.4099583625793457,
                    -0.9095699787139893,
                    -3.6665937900543213
                ],
                [
                    -1.8626449271863521e-09,
                    0.9116768836975098,
                    -0.41090795397758484,
                    -1.6564229726791382
                ],
                [
                    0.0,
                    0.0,
                    0.0,
                    1.0
                ]
            ]
        },
        {
            "file_path": "/data/shapenet_blender/all_50_random/02958343/a295d3ca78e2fa9a6a2345809e2bb169/r_29",
            "rotation": 0.12566370614359174,
            "transform_matrix": [
                [
                    -0.3427497148513794,
                    -0.0029642677400261164,
                    -0.939422070980072,
                    -3.7869315147399902
                ],
                [
                    -0.9394267797470093,
                    0.0010815126588568091,
                    0.3427479863166809,
                    1.381661295890808
                ],
                [
                    1.1641532182693481e-10,
                    0.9999950528144836,
                    -0.003155400278046727,
                    -0.01271982491016388
                ],
                [
                    0.0,
                    0.0,
                    0.0,
                    1.0
                ]
            ]
        },
        {
            "file_path": "/data/shapenet_blender/all_50_random/02958343/a295d3ca78e2fa9a6a2345809e2bb169/r_30",
            "rotation": 0.12566370614359174,
            "transform_matrix": [
                [
                    0.787743091583252,
                    0.12471351027488708,
                    0.6032472848892212,
                    2.431767702102661
                ],
                [
                    0.6160038113594055,
                    -0.15948310494422913,
                    -0.7714300751686096,
                    -3.109734058380127
                ],
                [
                    0.0,
                    0.9792914390563965,
                    -0.20245569944381714,
                    -0.8161250352859497
                ],
                [
                    0.0,
                    0.0,
                    0.0,
                    1.0
                ]
            ]
        },
        {
            "file_path": "/data/shapenet_blender/all_50_random/02958343/a295d3ca78e2fa9a6a2345809e2bb169/r_31",
            "rotation": 0.12566370614359174,
            "transform_matrix": [
                [
                    0.8928421139717102,
                    0.23300011456012726,
                    -0.38541391491889954,
                    -1.5536532402038574
                ],
                [
                    -0.45036980509757996,
                    0.46191444993019104,
                    -0.7640693783760071,
                    -3.0800621509552
                ],
                [
                    0.0,
                    0.855772078037262,
                    0.5173528790473938,
                    2.0855162143707275
                ],
                [
                    0.0,
                    0.0,
                    0.0,
                    1.0
                ]
            ]
        },
        {
            "file_path": "/data/shapenet_blender/all_50_random/02958343/a295d3ca78e2fa9a6a2345809e2bb169/r_32",
            "rotation": 0.12566370614359174,
            "transform_matrix": [
                [
                    0.1347862333059311,
                    -0.9817317724227905,
                    0.13429629802703857,
                    0.5413656830787659
                ],
                [
                    0.9908747673034668,
                    0.13354253768920898,
                    -0.01826799288392067,
                    -0.07364063709974289
                ],
                [
                    0.0,
                    0.135532945394516,
                    0.9907728433609009,
                    3.9939329624176025
                ],
                [
                    0.0,
                    0.0,
                    0.0,
                    1.0
                ]
            ]
        },
        {
            "file_path": "/data/shapenet_blender/all_50_random/02958343/a295d3ca78e2fa9a6a2345809e2bb169/r_33",
            "rotation": 0.12566370614359174,
            "transform_matrix": [
                [
                    -0.1958174705505371,
                    0.014795730821788311,
                    0.9805288314819336,
                    3.9526376724243164
                ],
                [
                    0.9806403517723083,
                    0.002954459749162197,
                    0.1957952082157135,
                    0.7892756462097168
                ],
                [
                    2.3283061589829401e-10,
                    0.999886155128479,
                    -0.01508782897144556,
                    -0.06082097813487053
                ],
                [
                    0.0,
                    0.0,
                    0.0,
                    1.0
                ]
            ]
        },
        {
            "file_path": "/data/shapenet_blender/all_50_random/02958343/a295d3ca78e2fa9a6a2345809e2bb169/r_34",
            "rotation": 0.12566370614359174,
            "transform_matrix": [
                [
                    0.9189146757125854,
                    -0.09698756039142609,
                    -0.38234707713127136,
                    -1.541290521621704
                ],
                [
                    -0.3944564759731293,
                    -0.22593949735164642,
                    -0.8907049894332886,
                    -3.5905468463897705
                ],
                [
                    -7.450581485102248e-09,
                    0.9693011045455933,
                    -0.2458764612674713,
                    -0.9911597967147827
                ],
                [
                    0.0,
                    0.0,
                    0.0,
                    1.0
                ]
            ]
        },
        {
            "file_path": "/data/shapenet_blender/all_50_random/02958343/a295d3ca78e2fa9a6a2345809e2bb169/r_35",
            "rotation": 0.12566370614359174,
            "transform_matrix": [
                [
                    0.7111300230026245,
                    0.09870694577693939,
                    -0.6960969567298889,
                    -2.806056499481201
                ],
                [
                    -0.703060507774353,
                    0.09983988106250763,
                    -0.7040866017341614,
                    -2.838263988494873
                ],
                [
                    0.0,
                    0.9900953769683838,
                    0.1403961032629013,
                    0.5659548044204712
                ],
                [
                    0.0,
                    0.0,
                    0.0,
                    1.0
                ]
            ]
        },
        {
            "file_path": "/data/shapenet_blender/all_50_random/02958343/a295d3ca78e2fa9a6a2345809e2bb169/r_36",
            "rotation": 0.12566370614359174,
            "transform_matrix": [
                [
                    -0.9803045392036438,
                    0.0274669136852026,
                    -0.19557242095470428,
                    -0.7883776426315308
                ],
                [
                    -0.19749176502227783,
                    -0.13633954524993896,
                    0.9707772731781006,
                    3.9133284091949463
                ],
                [
                    0.0,
                    0.9902812242507935,
                    0.1390787810087204,
                    0.5606445074081421
                ],
                [
                    0.0,
                    0.0,
                    0.0,
                    1.0
                ]
            ]
        },
        {
            "file_path": "/data/shapenet_blender/all_50_random/02958343/a295d3ca78e2fa9a6a2345809e2bb169/r_37",
            "rotation": 0.12566370614359174,
            "transform_matrix": [
                [
                    -0.7083485722541809,
                    -0.6940541863441467,
                    -0.1285732090473175,
                    -0.518295168876648
                ],
                [
                    -0.705862820148468,
                    0.6964983344078064,
                    0.12902598083019257,
                    0.52012038230896
                ],
                [
                    0.0,
                    0.1821502447128296,
                    -0.9832707047462463,
                    -3.963690996170044
                ],
                [
                    0.0,
                    0.0,
                    0.0,
                    1.0
                ]
            ]
        },
        {
            "file_path": "/data/shapenet_blender/all_50_random/02958343/a295d3ca78e2fa9a6a2345809e2bb169/r_38",
            "rotation": 0.12566370614359174,
            "transform_matrix": [
                [
                    0.3210822641849518,
                    0.29867133498191833,
                    0.8987221717834473,
                    3.6228652000427246
                ],
                [
                    0.9470514059066772,
                    -0.10125961899757385,
                    -0.3046970069408417,
                    -1.2282730340957642
                ],
                [
                    0.0,
                    0.9489688277244568,
                    -0.31536969542503357,
                    -1.2712960243225098
                ],
                [
                    0.0,
                    0.0,
                    0.0,
                    1.0
                ]
            ]
        },
        {
            "file_path": "/data/shapenet_blender/all_50_random/02958343/a295d3ca78e2fa9a6a2345809e2bb169/r_39",
            "rotation": 0.12566370614359174,
            "transform_matrix": [
                [
                    -0.5404778122901917,
                    0.05080140382051468,
                    -0.8398232460021973,
                    -3.3854353427886963
                ],
                [
                    -0.8413582444190979,
                    -0.03263417258858681,
                    0.5394917130470276,
                    2.174760341644287
                ],
                [
                    0.0,
                    0.9981753826141357,
                    0.0603802315890789,
                    0.2434004694223404
                ],
                [
                    0.0,
                    0.0,
                    0.0,
                    1.0
                ]
            ]
        },
        {
            "file_path": "/data/shapenet_blender/all_50_random/02958343/a295d3ca78e2fa9a6a2345809e2bb169/r_40",
            "rotation": 0.12566370614359174,
            "transform_matrix": [
                [
                    -0.6927495002746582,
                    0.459883451461792,
                    -0.5555225610733032,
                    -2.2393829822540283
                ],
                [
                    -0.7211782932281494,
                    -0.44175490736961365,
                    0.5336239337921143,
                    2.151106834411621
                ],
                [
                    -1.4901161193847656e-08,
                    0.7702985405921936,
                    0.6376833915710449,
                    2.5705840587615967
                ],
                [
                    0.0,
                    0.0,
                    0.0,
                    1.0
                ]
            ]
        },
        {
            "file_path": "/data/shapenet_blender/all_50_random/02958343/a295d3ca78e2fa9a6a2345809e2bb169/r_41",
            "rotation": 0.12566370614359174,
            "transform_matrix": [
                [
                    0.9485141634941101,
                    -0.25145548582077026,
                    0.19259020686149597,
                    0.7763559818267822
                ],
                [
                    0.3167346715927124,
                    0.7530249357223511,
                    -0.5767431259155273,
                    -2.3249258995056152
                ],
                [
                    0.0,
