{
    "class": "02958343",
    "model": "5b4243556369155858c383066ceeaaec",
    "remove_doubles": true,
    "edge_split": true,
    "denoise": true,
    "camera_angle_x": 0.6911112070083618,
    "scale_factor": 2.3136258215906764,
    "hdri_file": "/data/IndoorHDRDataset2018/9C4A9277-9c862b2505.exr",
    "center_offset": [
        0.0,
        -9.313225746154785e-10,
        -3.725290298461914e-09
    ],
    "lights": [],
    "frames": [
        {
            "file_path": "/data/shapenet_blender/all_50_random/02958343/5b4243556369155858c383066ceeaaec/r_0",
            "rotation": 0.12566370614359174,
            "transform_matrix": [
                [
                    0.649085283279419,
                    0.42511993646621704,
                    -0.6308416724205017,
                    -2.543004274368286
                ],
                [
                    -0.760715663433075,
                    0.36273619532585144,
                    -0.5382695198059082,
                    -2.1698341369628906
                ],
                [
                    0.0,
                    0.8292741179466248,
                    0.5588420629501343,
                    2.2527647018432617
                ],
                [
                    0.0,
                    0.0,
                    0.0,
                    1.0
                ]
            ]
        },
        {
            "file_path": "/data/shapenet_blender/all_50_random/02958343/5b4243556369155858c383066ceeaaec/r_1",
            "rotation": 0.12566370614359174,
            "transform_matrix": [
                [
                    0.12296353280544281,
                    -0.5610980987548828,
                    -0.8185651302337646,
                    -3.299741506576538
                ],
                [
                    -0.992411196231842,
                    -0.0695221945643425,
                    -0.10142333805561066,
                    -0.4088505506515503
                ],
                [
                    0.0,
                    0.8248246312141418,
                    -0.5653886795043945,
                    -2.2791547775268555
                ],
                [
                    0.0,
                    0.0,
                    0.0,
                    1.0
                ]
            ]
        },
        {
            "file_path": "/data/shapenet_blender/all_50_random/02958343/5b4243556369155858c383066ceeaaec/r_2",
            "rotation": 0.12566370614359174,
            "transform_matrix": [
                [
                    0.6390858888626099,
                    -0.18936395645141602,
                    0.7454599142074585,
                    3.005044937133789
                ],
                [
                    0.7691354155540466,
                    0.15734529495239258,
                    -0.6194136142730713,
                    -2.496936082839966
                ],
                [
                    0.0,
                    0.9692180752754211,
                    0.2462036907672882,
                    0.9924788475036621
                ],
                [
                    0.0,
                    0.0,
                    0.0,
                    1.0
                ]
            ]
        },
        {
            "file_path": "/data/shapenet_blender/all_50_random/02958343/5b4243556369155858c383066ceeaaec/r_3",
            "rotation": 0.12566370614359174,
            "transform_matrix": [
                [
                    0.8597263097763062,
                    0.42107969522476196,
                    -0.28907203674316406,
                    -1.165286660194397
                ],
                [
                    -0.5107550621032715,
                    0.7087805867195129,
                    -0.4865792691707611,
                    -1.9614638090133667
                ],
                [
                    -1.4901161193847656e-08,
                    0.5659701228141785,
                    0.8244257569313049,
                    3.323366641998291
                ],
                [
                    0.0,
                    0.0,
                    0.0,
                    1.0
                ]
            ]
        },
        {
            "file_path": "/data/shapenet_blender/all_50_random/02958343/5b4243556369155858c383066ceeaaec/r_4",
            "rotation": 0.12566370614359174,
            "transform_matrix": [
                [
                    -0.12694254517555237,
                    -0.3033902645111084,
                    0.9443727731704712,
                    3.8068883419036865
                ],
                [
                    0.9919100999832153,
                    -0.03882724419236183,
                    0.1208588182926178,
                    0.48719748854637146
                ],
                [
                    3.725290742551124e-09,
                    0.9520748853683472,
                    0.30586469173431396,
                    1.2329800128936768
                ],
                [
                    0.0,
                    0.0,
                    0.0,
                    1.0
                ]
            ]
        },
        {
            "file_path": "/data/shapenet_blender/all_50_random/02958343/5b4243556369155858c383066ceeaaec/r_5",
            "rotation": 0.12566370614359174,
            "transform_matrix": [
                [
                    -0.1327672153711319,
                    -0.4908132255077362,
                    0.8610895872116089,
                    3.471163034439087
                ],
                [
                    0.9911472797393799,
                    -0.06574593484401703,
                    0.11534558981657028,
                    0.46497294306755066
                ],
                [
                    0.0,
                    0.8687807321548462,
                    0.495197057723999,
                    1.9962031841278076
                ],
                [
                    0.0,
                    0.0,
                    0.0,
                    1.0
                ]
            ]
        },
        {
            "file_path": "/data/shapenet_blender/all_50_random/02958343/5b4243556369155858c383066ceeaaec/r_6",
            "rotation": 0.12566370614359174,
            "transform_matrix": [
                [
                    -0.5472436547279358,
                    -0.28779420256614685,
                    0.7859382033348083,
                    3.1682181358337402
                ],
                [
                    0.8369733095169067,
                    -0.18817035853862762,
                    0.5138750672340393,
                    2.0714967250823975
                ],
                [
                    0.0,
                    0.9390242099761963,
                    0.34385108947753906,
                    1.3861080408096313
                ],
                [
                    0.0,
                    0.0,
                    0.0,
                    1.0
                ]
            ]
        },
        {
            "file_path": "/data/shapenet_blender/all_50_random/02958343/5b4243556369155858c383066ceeaaec/r_7",
            "rotation": 0.12566370614359174,
            "transform_matrix": [
                [
                    0.8777220845222473,
                    0.4152698516845703,
                    -0.2390711009502411,
                    -0.9637264609336853
                ],
                [
                    -0.47917014360427856,
                    0.760672390460968,
                    -0.4379195272922516,
                    -1.7653100490570068
                ],
                [
                    0.0,
                    0.49892744421958923,
                    0.8666437864303589,
                    3.4935529232025146
                ],
                [
                    0.0,
                    0.0,
                    0.0,
                    1.0
                ]
            ]
        },
        {
            "file_path": "/data/shapenet_blender/all_50_random/02958343/5b4243556369155858c383066ceeaaec/r_8",
            "rotation": 0.12566370614359174,
            "transform_matrix": [
                [
                    -0.03232995793223381,
                    0.533646821975708,
                    0.8450892567634583,
                    3.406663656234741
                ],
                [
                    0.9994773268699646,
                    0.017261801287531853,
                    0.027335988357663155,
                    0.11019489169120789
                ],
                [
                    9.313225746154785e-10,
                    0.8455313444137573,
                    -0.5339258909225464,
                    -2.1523241996765137
                ],
                [
                    0.0,
                    0.0,
                    0.0,
                    1.0
                ]
            ]
        },
        {
            "file_path": "/data/shapenet_blender/all_50_random/02958343/5b4243556369155858c383066ceeaaec/r_9",
            "rotation": 0.12566370614359174,
            "transform_matrix": [
                [
                    -0.9929754137992859,
                    -0.012771653942763805,
                    -0.11762896925210953,
                    -0.4741775393486023
                ],
                [
                    -0.1183202788233757,
                    0.10718313604593277,
                    0.9871737360954285,
                    3.9794247150421143
                ],
                [
                    0.0,
                    0.9941571354866028,
                    -0.10794137418270111,
                    -0.43512558937072754
                ],
                [
                    0.0,
                    0.0,
                    0.0,
                    1.0
                ]
            ]
        },
        {
            "file_path": "/data/shapenet_blender/all_50_random/02958343/5b4243556369155858c383066ceeaaec/r_10",
            "rotation": 0.12566370614359174,
            "transform_matrix": [
                [
                    0.49647092819213867,
                    -0.7326526641845703,
                    0.46554988622665405,
                    1.8766915798187256
                ],
                [
                    0.8680534362792969,
                    0.4190303683280945,
                    -0.2662647068500519,
                    -1.0733473300933838
                ],
                [
                    1.4901162970204496e-08,
                    0.5363147854804993,
                    0.8440179824829102,
                    3.4023454189300537
                ],
                [
                    0.0,
                    0.0,
                    0.0,
                    1.0
                ]
            ]
        },
        {
            "file_path": "/data/shapenet_blender/all_50_random/02958343/5b4243556369155858c383066ceeaaec/r_11",
            "rotation": 0.12566370614359174,
            "transform_matrix": [
                [
                    -0.24508382380008698,
                    -0.049921441823244095,
                    0.9682157635688782,
                    3.9030025005340576
                ],
                [
                    0.9695019125938416,
                    -0.01261981762945652,
                    0.24475868046283722,
                    0.9866538047790527
                ],
                [
                    0.0,
                    0.9986733794212341,
                    0.05149184539914131,
                    0.20757026970386505
                ],
                [
                    0.0,
                    0.0,
                    0.0,
                    1.0
                ]
            ]
        },
        {
            "file_path": "/data/shapenet_blender/all_50_random/02958343/5b4243556369155858c383066ceeaaec/r_12",
            "rotation": 0.12566370614359174,
            "transform_matrix": [
                [
                    0.9825753569602966,
                    -0.15976178646087646,
                    -0.0949835330247879,
                    -0.382890909910202
                ],
                [
                    -0.18586473166942596,
                    -0.8445819020271301,
                    -0.5021311640739441,
                    -2.024155616760254
                ],
                [
                    7.450580596923828e-09,
                    0.5110358595848083,
                    -0.8595592975616455,
                    -3.4649946689605713
                ],
                [
                    0.0,
                    0.0,
                    0.0,
                    1.0
                ]
            ]
        },
        {
            "file_path": "/data/shapenet_blender/all_50_random/02958343/5b4243556369155858c383066ceeaaec/r_13",
            "rotation": 0.12566370614359174,
            "transform_matrix": [
                [
                    0.11161866784095764,
                    -0.4367295205593109,
                    0.8926413655281067,
                    3.5983524322509766
                ],
                [
                    0.9937511682510376,
                    0.04905369505286217,
                    -0.10026196390390396,
                    -0.40416890382766724
                ],
                [
                    3.725290742551124e-09,
                    0.89825439453125,
                    0.43947574496269226,
                    1.7715834379196167
                ],
                [
                    0.0,
                    0.0,
                    0.0,
                    1.0
                ]
            ]
        },
        {
            "file_path": "/data/shapenet_blender/all_50_random/02958343/5b4243556369155858c383066ceeaaec/r_14",
            "rotation": 0.12566370614359174,
            "transform_matrix": [
                [
                    -0.9125872254371643,
                    0.2204691618680954,
                    0.3443513512611389,
                    1.388124704360962
                ],
                [
                    0.4088820219039917,
                    0.49206697940826416,
                    0.7685607075691223,
                    3.0981674194335938
                ],
                [
                    0.0,
                    0.8421778082847595,
                    -0.5391998887062073,
                    -2.173584222793579
                ],
                [
                    0.0,
                    0.0,
                    0.0,
                    1.0
                ]
            ]
        },
        {
            "file_path": "/data/shapenet_blender/all_50_random/02958343/5b4243556369155858c383066ceeaaec/r_15",
            "rotation": 0.12566370614359174,
            "transform_matrix": [
                [
                    0.22230668365955353,
                    -0.5175507068634033,
                    -0.8262693881988525,
                    -3.3307979106903076
                ],
                [
                    -0.9749767780303955,
                    -0.11800792813301086,
                    -0.1883995682001114,
                    -0.759462833404541
                ],
                [
                    -7.450580596923828e-09,
                    0.8474758267402649,
                    -0.5308340191841125,
                    -2.139860153198242
                ],
                [
                    0.0,
                    0.0,
                    0.0,
                    1.0
                ]
            ]
        },
        {
            "file_path": "/data/shapenet_blender/all_50_random/02958343/5b4243556369155858c383066ceeaaec/r_16",
            "rotation": 0.12566370614359174,
            "transform_matrix": [
                [
                    -0.5106712579727173,
                    0.18056392669677734,
                    0.8406018018722534,
                    3.3885746002197266
                ],
                [
                    0.8597760796546936,
                    0.10724746435880661,
                    0.4992825388908386,
                    2.0126724243164062
                ],
                [
                    0.0,
                    0.9776986241340637,
                    -0.21001271903514862,
                    -0.8465884327888489
                ],
                [
                    0.0,
                    0.0,
                    0.0,
                    1.0
                ]
            ]
        },
        {
            "file_path": "/data/shapenet_blender/all_50_random/02958343/5b4243556369155858c383066ceeaaec/r_17",
            "rotation": 0.12566370614359174,
            "transform_matrix": [
                [
                    -0.559156596660614,
                    0.797490656375885,
                    -0.22661085426807404,
                    -0.9134975671768188
                ],
                [
                    -0.8290621638298035,
                    -0.5378634333610535,
                    0.15283651649951935,
                    0.6161037087440491
                ],
                [
                    0.0,
                    0.2733340859413147,
                    0.9619191884994507,
                    3.877620220184326
                ],
                [
                    0.0,
                    0.0,
                    0.0,
                    1.0
                ]
            ]
        },
        {
            "file_path": "/data/shapenet_blender/all_50_random/02958343/5b4243556369155858c383066ceeaaec/r_18",
            "rotation": 0.12566370614359174,
            "transform_matrix": [
                [
                    0.4643592834472656,
                    -0.7138335704803467,
                    -0.5242252945899963,
                    -2.113219738006592
                ],
                [
                    -0.8856469392776489,
                    -0.37427470088005066,
                    -0.2748599648475647,
                    -1.1079959869384766
                ],
                [
                    1.4901161193847656e-08,
                    0.5919122695922852,
                    -0.8060023784637451,
                    -3.2490994930267334
                ],
                [
                    0.0,
                    0.0,
                    0.0,
                    1.0
                ]
            ]
        },
        {
            "file_path": "/data/shapenet_blender/all_50_random/02958343/5b4243556369155858c383066ceeaaec/r_19",
            "rotation": 0.12566370614359174,
            "transform_matrix": [
                [
                    0.715043842792511,
                    -0.11701041460037231,
                    0.6892175078392029,
                    2.778324604034424
                ],
                [
                    0.6990795135498047,
                    0.11968249082565308,
                    -0.7049566507339478,
                    -2.841771125793457
                ],
                [
                    0.0,
                    0.9858927726745605,
                    0.16737782955169678,
                    0.6747215986251831
                ],
                [
                    0.0,
                    0.0,
                    0.0,
                    1.0
                ]
            ]
        },
        {
            "file_path": "/data/shapenet_blender/all_50_random/02958343/5b4243556369155858c383066ceeaaec/r_20",
            "rotation": 0.12566370614359174,
            "transform_matrix": [
                [
                    0.22953452169895172,
                    0.49834099411964417,
                    0.8360443711280823,
                    3.3702025413513184
                ],
                [
                    0.9733005166053772,
                    -0.11752429604530334,
                    -0.19716523587703705,
                    -0.7947984933853149
                ],
                [
                    0.0,
                    0.8589786887168884,
                    -0.5120114684104919,
                    -2.0639841556549072
                ],
                [
                    0.0,
                    0.0,
                    0.0,
                    1.0
                ]
            ]
        },
        {
            "file_path": "/data/shapenet_blender/all_50_random/02958343/5b4243556369155858c383066ceeaaec/r_21",
            "rotation": 0.12566370614359174,
            "transform_matrix": [
                [
                    -0.953277051448822,
                    -0.059903569519519806,
                    0.29609864950180054,
                    1.193611979484558
                ],
                [
                    0.3020974099636078,
                    -0.18902739882469177,
                    0.9343477487564087,
                    3.7664763927459717
                ],
                [
                    -3.725290076417309e-09,
                    0.9801428914070129,
                    0.19829219579696655,
                    0.7993414402008057
                ],
                [
                    0.0,
                    0.0,
                    0.0,
                    1.0
                ]
            ]
        },
        {
            "file_path": "/data/shapenet_blender/all_50_random/02958343/5b4243556369155858c383066ceeaaec/r_22",
            "rotation": 0.12566370614359174,
            "transform_matrix": [
                [
                    -0.987609326839447,
                    -0.08018673956394196,
                    0.1348995417356491,
                    0.543797492980957
                ],
                [
                    0.15693247318267822,
                    -0.5046321153640747,
                    0.8489513993263245,
                    3.4222328662872314
                ],
                [
                    0.0,
                    0.8596025109291077,
                    0.5109632015228271,
                    2.0597589015960693
                ],
                [
                    0.0,
                    0.0,
                    0.0,
                    1.0
                ]
            ]
        },
        {
            "file_path": "/data/shapenet_blender/all_50_random/02958343/5b4243556369155858c383066ceeaaec/r_23",
            "rotation": 0.12566370614359174,
            "transform_matrix": [
                [
                    -0.9743646383285522,
                    -0.1045474037528038,
                    -0.19920703768730164,
                    -0.8030292391777039
                ],
                [
                    -0.22497467696666718,
                    0.45279449224472046,
                    0.8627650737762451,
                    3.477917194366455
                ],
                [
                    0.0,
                    0.8854643106460571,
                    -0.4647074341773987,
                    -1.873295545578003
                ],
                [
                    0.0,
                    0.0,
                    0.0,
                    1.0
                ]
            ]
        },
        {
            "file_path": "/data/shapenet_blender/all_50_random/02958343/5b4243556369155858c383066ceeaaec/r_24",
            "rotation": 0.12566370614359174,
            "transform_matrix": [
                [
                    -0.9137940406799316,
                    0.39229312539100647,
                    0.10529186576604843,
                    0.42444512248039246
                ],
                [
                    0.40617769956588745,
                    0.8825573921203613,
                    0.23687927424907684,
                    0.9548909664154053
                ],
                [
                    -7.450580596923828e-09,
                    0.2592259645462036,
                    -0.9658165574073792,
                    -3.893331289291382
                ],
                [
                    0.0,
                    0.0,
                    0.0,
                    1.0
                ]
            ]
        },
        {
            "file_path": "/data/shapenet_blender/all_50_random/02958343/5b4243556369155858c383066ceeaaec/r_25",
            "rotation": 0.12566370614359174,
            "transform_matrix": [
                [
                    -0.1893356442451477,
                    0.03162040561437607,
                    0.9814032316207886,
                    3.956162452697754
                ],
                [
                    0.9819124341011047,
                    0.006097153294831514,
                    0.18923746049404144,
                    0.7628405094146729
                ],
                [
                    -4.6566123179658803e-10,
                    0.9994813203811646,
                    -0.032202884554862976,
                    -0.12981396913528442
                ],
                [
                    0.0,
                    0.0,
                    0.0,
                    1.0
                ]
            ]
        },
        {
            "file_path": "/data/shapenet_blender/all_50_random/02958343/5b4243556369155858c383066ceeaaec/r_26",
            "rotation": 0.12566370614359174,
            "transform_matrix": [
                [
                    0.15738457441329956,
                    -0.8511416912078857,
                    -0.5007871985435486,
                    -2.018738031387329
                ],
                [
                    -0.9875373840332031,
                    -0.13564708828926086,
                    -0.07981083542108536,
                    -0.32172781229019165
                ],
                [
                    0.0,
                    0.5071070194244385,
                    -0.8618829250335693,
                    -3.4743614196777344
                ],
                [
                    0.0,
                    0.0,
                    0.0,
                    1.0
                ]
            ]
        },
        {
            "file_path": "/data/shapenet_blender/all_50_random/02958343/5b4243556369155858c383066ceeaaec/r_27",
            "rotation": 0.12566370614359174,
            "transform_matrix": [
                [
                    0.4931986331939697,
                    -0.15866240859031677,
                    0.8553252816200256,
                    3.4479265213012695
                ],
                [
                    0.8699167370796204,
                    0.08995351940393448,
                    -0.4849260151386261,
                    -1.9547992944717407
                ],
                [
                    1.4901161193847656e-08,
                    0.9832266569137573,
                    0.18238802254199982,
                    0.7352296113967896
                ],
                [
                    0.0,
                    0.0,
                    0.0,
                    1.0
                ]
            ]
        },
        {
            "file_path": "/data/shapenet_blender/all_50_random/02958343/5b4243556369155858c383066ceeaaec/r_28",
            "rotation": 0.12566370614359174,
            "transform_matrix": [
                [
                    0.9540103077888489,
                    0.033102184534072876,
                    0.2979406416416168,
                    1.2010371685028076
                ],
                [
                    0.2997738718986511,
                    -0.1053454726934433,
                    -0.9481760859489441,
                    -3.8222200870513916
                ],
                [
                    0.0,
                    0.9938846230506897,
                    -0.11042382568120956,
                    -0.44513267278671265
                ],
                [
                    0.0,
                    0.0,
                    0.0,
                    1.0
                ]
            ]
        },
        {
            "file_path": "/data/shapenet_blender/all_50_random/02958343/5b4243556369155858c383066ceeaaec/r_29",
            "rotation": 0.12566370614359174,
            "transform_matrix": [
                [
                    -0.2402731478214264,
                    -0.08724616467952728,
                    0.9667766094207764,
                    3.8972008228302
                ],
                [
                    0.9707053303718567,
                    -0.021595541387796402,
                    0.2393006831407547,
                    0.964651882648468
                ],
                [
                    -1.862645149230957e-09,
                    0.9959526062011719,
                    0.08987914770841599,
                    0.3623144328594208
                ],
                [
                    0.0,
                    0.0,
                    0.0,
                    1.0
                ]
            ]
        },
        {
            "file_path": "/data/shapenet_blender/all_50_random/02958343/5b4243556369155858c383066ceeaaec/r_30",
            "rotation": 0.12566370614359174,
            "transform_matrix": [
                [
                    -0.2836952209472656,
                    -0.007411734666675329,
                    -0.9588857889175415,
                    -3.8653924465179443
                ],
                [
                    -0.958914577960968,
                    0.0021927645429968834,
                    0.28368669748306274,
                    1.1435778141021729
                ],
                [
                    2.3283064365386963e-10,
                    0.9999701976776123,
                    -0.0077292961068451405,
                    -0.03115779161453247
                ],
                [
                    0.0,
                    0.0,
                    0.0,
                    1.0
                ]
            ]
        },
        {
            "file_path": "/data/shapenet_blender/all_50_random/02958343/5b4243556369155858c383066ceeaaec/r_31",
            "rotation": 0.12566370614359174,
            "transform_matrix": [
                [
                    -0.7357710599899292,
                    -0.14537839591503143,
                    -0.6614422798156738,
                    -2.6663594245910645
                ],
                [
                    -0.6772302985191345,
                    0.15794511139392853,
                    0.7186183333396912,
                    2.896843433380127
                ],
                [
                    0.0,
                    0.9766874313354492,
                    -0.21466606855392456,
                    -0.8653466701507568
                ],
                [
                    0.0,
                    0.0,
                    0.0,
                    1.0
                ]
            ]
        },
        {
            "file_path": "/data/shapenet_blender/all_50_random/02958343/5b4243556369155858c383066ceeaaec/r_32",
            "rotation": 0.12566370614359174,
            "transform_matrix": [
                [
                    0.44106602668762207,
                    0.20028026401996613,
                    -0.8748420476913452,
                    -3.5266010761260986
                ],
                [
                    -0.8974747061729431,
                    0.09842820465564728,
                    -0.42994314432144165,
                    -1.7331562042236328
                ],
                [
                    7.450581485102248e-09,
                    0.9747818112373352,
                    0.2231598198413849,
                    0.899586021900177
                ],
                [
                    0.0,
                    0.0,
                    0.0,
                    1.0
                ]
            ]
        },
        {
            "file_path": "/data/shapenet_blender/all_50_random/02958343/5b4243556369155858c383066ceeaaec/r_33",
            "rotation": 0.12566370614359174,
            "transform_matrix": [
                [
                    -0.9008205533027649,
                    0.08266179263591766,
                    0.42625051736831665,
                    1.7182707786560059
                ],
                [
                    0.4341917932033539,
                    0.17149895429611206,
                    0.884344756603241,
                    3.5649077892303467
                ],
                [
                    0.0,
                    0.9817102551460266,
                    -0.19038084149360657,
                    -0.7674497365951538
                ],
                [
                    0.0,
                    0.0,
                    0.0,
                    1.0
                ]
            ]
        },
        {
            "file_path": "/data/shapenet_blender/all_50_random/02958343/5b4243556369155858c383066ceeaaec/r_34",
            "rotation": 0.12566370614359174,
            "transform_matrix": [
                [
                    0.959865391254425,
                    0.003269149689003825,
                    -0.28044208884239197,
                    -1.1304981708526611
                ],
                [
                    -0.2804611623287201,
                    0.011188514530658722,
                    -0.959800124168396,
                    -3.8690781593322754
                ],
                [
                    0.0,
                    0.9999321699142456,
                    0.01165633462369442,
                    0.04698818922042847
                ],
                [
                    0.0,
                    0.0,
                    0.0,
                    1.0
                ]
            ]
        },
        {
            "file_path": "/data/shapenet_blender/all_50_random/02958343/5b4243556369155858c383066ceeaaec/r_35",
            "rotation": 0.12566370614359174,
            "transform_matrix": [
                [
                    -0.3966044783592224,
                    0.24685978889465332,
                    0.8841748237609863,
                    3.564222812652588
                ],
                [
                    0.9179895520210266,
                    0.10665229707956314,
                    0.381995290517807,
                    1.5398722887039185
                ],
                [
                    0.0,
                    0.9631643891334534,
                    -0.2689134478569031,
                    -1.0840247869491577
                ],
                [
                    0.0,
                    0.0,
                    0.0,
                    1.0
                ]
            ]
        },
        {
            "file_path": "/data/shapenet_blender/all_50_random/02958343/5b4243556369155858c383066ceeaaec/r_36",
            "rotation": 0.12566370614359174,
            "transform_matrix": [
                [
                    -0.060615427792072296,
                    0.33197396993637085,
                    0.9413388967514038,
                    3.794658660888672
                ],
                [
                    0.9981611967086792,
                    0.02015981450676918,
                    0.05716477334499359,
                    0.23043859004974365
                ],
                [
                    -1.862645149230957e-09,
                    0.9430730938911438,
                    -0.33258548378944397,
                    -1.3406951427459717
                ],
                [
                    0.0,
                    0.0,
                    0.0,
                    1.0
                ]
            ]
        },
        {
            "file_path": "/data/shapenet_blender/all_50_random/02958343/5b4243556369155858c383066ceeaaec/r_37",
            "rotation": 0.12566370614359174,
            "transform_matrix": [
                [
                    -0.8922025561332703,
                    0.23444724082946777,
                    -0.38601717352867126,
                    -1.5560849905014038
                ],
                [
                    -0.4516356885433197,
                    -0.4631485641002655,
                    0.7625736594200134,
                    3.074032783508301
                ],
                [
                    0.0,
                    0.8547092080116272,
                    0.5191070437431335,
                    2.092587471008301
                ],
                [
                    0.0,
                    0.0,
                    0.0,
                    1.0
                ]
            ]
        },
        {
            "file_path": "/data/shapenet_blender/all_50_random/02958343/5b4243556369155858c383066ceeaaec/r_38",
            "rotation": 0.12566370614359174,
            "transform_matrix": [
                [
                    -0.9997408390045166,
                    0.01951700448989868,
                    0.01171902846544981,
                    0.04724091291427612
                ],
                [
                    0.022765086963772774,
                    0.8570995926856995,
                    0.5146473050117493,
                    2.0746095180511475
                ],
                [
                    -9.313225746154785e-10,
                    0.5147806406021118,
                    -0.8573218584060669,
                    -3.455974817276001
                ],
                [
                    0.0,
                    0.0,
                    0.0,
                    1.0
                ]
            ]
        },
        {
            "file_path": "/data/shapenet_blender/all_50_random/02958343/5b4243556369155858c383066ceeaaec/r_39",
            "rotation": 0.12566370614359174,
            "transform_matrix": [
                [
                    -0.9999382495880127,
                    -0.001692996476776898,
                    -0.010982931591570377,
                    -0.04427361488342285
                ],
                [
                    -0.011112650856375694,
                    0.1523391455411911,
                    0.9882658123970032,
                    3.9838268756866455
                ],
                [
                    -1.1641530794914701e-10,
                    0.988326907157898,
                    -0.15234854817390442,
                    -0.6141366362571716
                ],
                [
                    0.0,
                    0.0,
                    0.0,
                    1.0
                ]
            ]
        },
        {
            "file_path": "/data/shapenet_blender/all_50_random/02958343/5b4243556369155858c383066ceeaaec/r_40",
            "rotation": 0.12566370614359174,
            "transform_matrix": [
                [
                    0.31721532344818115,
                    -0.15756399929523468,
                    0.9351726770401001,
                    3.7698018550872803
                ],
                [
                    0.9483535885810852,
                    0.05270367115736008,
                    -0.3128064274787903,
                    -1.2609632015228271
                ],
                [
                    0.0,
                    0.9861013293266296,
                    0.16614477336406708,
                    0.6697510480880737
                ],
                [
                    0.0,
                    0.0,
                    0.0,
                    1.0
                ]
            ]
        },
        {
            "file_path": "/data/shapenet_blender/all_50_random/02958343/5b4243556369155858c383066ceeaaec/r_41",
            "rotation": 0.12566370614359174,
            "transform_matrix": [
                [
                    -0.9981322288513184,
                    0.027982914820313454,
                    -0.054305583238601685,
                    -0.21891281008720398
                ],
                [
                    -0.06109124422073364,
                    -0.45719560980796814,
                    0.8872654438018799,
                    3.57668137550354
                ],
                [
