{
    "class": "02958343",
    "model": "90917495a9603208c368040825ed335",
    "remove_doubles": true,
    "edge_split": true,
    "denoise": true,
    "camera_angle_x": 0.6911112070083618,
    "scale_factor": 2.2378223522455367,
    "hdri_file": "/data/IndoorHDRDataset2018/9C4A5589-92b83c8769.exr",
    "center_offset": [
        0.0,
        3.725290298461914e-09,
        0.0
    ],
    "lights": [],
    "frames": [
        {
            "file_path": "/data/shapenet_blender/all_50_random/02958343/90917495a9603208c368040825ed335/r_0",
            "rotation": 0.12566370614359174,
            "transform_matrix": [
                [
                    0.7828537821769714,
                    -0.2663295567035675,
                    -0.5623242259025574,
                    -2.266801357269287
                ],
                [
                    -0.6222057342529297,
                    -0.3350934684276581,
                    -0.7075113654136658,
                    -2.852069616317749
                ],
                [
                    1.4901161193847656e-08,
                    0.903759241104126,
                    -0.4280409812927246,
                    -1.7254884243011475
                ],
                [
                    0.0,
                    0.0,
                    0.0,
                    1.0
                ]
            ]
        },
        {
            "file_path": "/data/shapenet_blender/all_50_random/02958343/90917495a9603208c368040825ed335/r_1",
            "rotation": 0.12566370614359174,
            "transform_matrix": [
                [
                    -0.9919349551200867,
                    -0.025728486478328705,
                    0.12410937994718552,
                    0.500300943851471
                ],
                [
                    0.12674815952777863,
                    -0.20135191082954407,
                    0.9712837934494019,
                    3.915370464324951
                ],
                [
                    0.0,
                    0.9791810512542725,
                    0.20298901200294495,
                    0.8182749152183533
                ],
                [
                    0.0,
                    0.0,
                    0.0,
                    1.0
                ]
            ]
        },
        {
            "file_path": "/data/shapenet_blender/all_50_random/02958343/90917495a9603208c368040825ed335/r_2",
            "rotation": 0.12566370614359174,
            "transform_matrix": [
                [
                    -0.9784785509109497,
                    -0.11499222368001938,
                    0.17133748531341553,
                    0.6906834840774536
                ],
                [
                    0.20634859800338745,
                    -0.5452783703804016,
                    0.8124603033065796,
                    3.275132179260254
                ],
                [
                    7.450580596923828e-09,
                    0.8303302526473999,
                    0.5572716593742371,
                    2.246433973312378
                ],
                [
                    0.0,
                    0.0,
                    0.0,
                    1.0
                ]
            ]
        },
        {
            "file_path": "/data/shapenet_blender/all_50_random/02958343/90917495a9603208c368040825ed335/r_3",
            "rotation": 0.12566370614359174,
            "transform_matrix": [
                [
                    0.9166059494018555,
                    0.3033362627029419,
                    0.2604241967201233,
                    1.0498034954071045
                ],
                [
                    0.39979201555252075,
                    -0.6954611539840698,
                    -0.5970763564109802,
                    -2.4068918228149414
                ],
                [
                    0.0,
                    0.6513992547988892,
                    -0.758735179901123,
                    -3.0585594177246094
                ],
                [
                    0.0,
                    0.0,
                    0.0,
                    1.0
                ]
            ]
        },
        {
            "file_path": "/data/shapenet_blender/all_50_random/02958343/90917495a9603208c368040825ed335/r_4",
            "rotation": 0.12566370614359174,
            "transform_matrix": [
                [
                    -0.9750460386276245,
                    -0.21079149842262268,
                    -0.0696578100323677,
                    -0.28079965710639954
                ],
                [
                    -0.22200287878513336,
                    0.9258052110671997,
                    0.30594006180763245,
                    1.2332839965820312
                ],
                [
                    0.0,
                    0.3137699067592621,
                    -0.9494989514350891,
                    -3.8275530338287354
                ],
                [
                    0.0,
                    0.0,
                    0.0,
                    1.0
                ]
            ]
        },
        {
            "file_path": "/data/shapenet_blender/all_50_random/02958343/90917495a9603208c368040825ed335/r_5",
            "rotation": 0.12566370614359174,
            "transform_matrix": [
                [
                    0.9991432428359985,
                    -0.002562722424045205,
                    0.04130735993385315,
                    0.1665152907371521
                ],
                [
                    0.04138677939772606,
                    0.06186823174357414,
                    -0.9972258806228638,
                    -4.019946098327637
                ],
                [
                    -2.3283067140944524e-10,
                    0.9980809688568115,
                    0.06192128732800484,
                    0.2496126890182495
                ],
                [
                    0.0,
                    0.0,
                    0.0,
                    1.0
                ]
            ]
        },
        {
            "file_path": "/data/shapenet_blender/all_50_random/02958343/90917495a9603208c368040825ed335/r_6",
            "rotation": 0.12566370614359174,
            "transform_matrix": [
                [
                    0.9742516875267029,
                    -0.021826310083270073,
                    -0.22440464794635773,
                    -0.9046041369438171
                ],
                [
                    -0.2254636436700821,
                    -0.09431374073028564,
                    -0.9696756601333618,
                    -3.9088878631591797
                ],
                [
                    0.0,
                    0.995303213596344,
                    -0.09680633991956711,
                    -0.390238881111145
                ],
                [
                    0.0,
                    0.0,
                    0.0,
                    1.0
                ]
            ]
        },
        {
            "file_path": "/data/shapenet_blender/all_50_random/02958343/90917495a9603208c368040825ed335/r_7",
            "rotation": 0.12566370614359174,
            "transform_matrix": [
                [
                    -0.5078333616256714,
                    -0.030782416462898254,
                    -0.860905110836029,
                    -3.4704196453094482
                ],
                [
                    -0.8614553213119507,
                    0.01814642921090126,
                    0.5075089931488037,
                    2.045834541320801
                ],
                [
                    0.0,
                    0.9993612766265869,
                    -0.03573303669691086,
                    -0.14404448866844177
                ],
                [
                    0.0,
                    0.0,
                    0.0,
                    1.0
                ]
            ]
        },
        {
            "file_path": "/data/shapenet_blender/all_50_random/02958343/90917495a9603208c368040825ed335/r_8",
            "rotation": 0.12566370614359174,
            "transform_matrix": [
                [
                    -0.7740339040756226,
                    -0.6091033220291138,
                    0.17281411588191986,
                    0.6966359615325928
                ],
                [
                    0.633144199848175,
                    -0.7446433305740356,
                    0.21126936376094818,
                    0.851654052734375
                ],
                [
                    0.0,
                    0.27294597029685974,
                    0.9620293378829956,
                    3.8780643939971924
                ],
                [
                    0.0,
                    0.0,
                    0.0,
                    1.0
                ]
            ]
        },
        {
            "file_path": "/data/shapenet_blender/all_50_random/02958343/90917495a9603208c368040825ed335/r_9",
            "rotation": 0.12566370614359174,
            "transform_matrix": [
                [
                    0.6561976075172424,
                    0.5402712225914001,
                    0.5267938375473022,
                    2.1235737800598145
                ],
                [
                    0.7545890808105469,
                    -0.46982479095458984,
                    -0.4581047594547272,
                    -1.8466793298721313
                ],
                [
                    -1.4901161193847656e-08,
                    0.6981200575828552,
                    -0.7159807085990906,
                    -2.8862104415893555
                ],
                [
                    0.0,
                    0.0,
                    0.0,
                    1.0
                ]
            ]
        },
        {
            "file_path": "/data/shapenet_blender/all_50_random/02958343/90917495a9603208c368040825ed335/r_10",
            "rotation": 0.12566370614359174,
            "transform_matrix": [
                [
                    -0.8285653591156006,
                    -0.5559679865837097,
                    -0.06617327779531479,
                    -0.26675304770469666
                ],
                [
                    -0.5598921179771423,
                    0.822758138179779,
                    0.09792758524417877,
                    0.39475876092910767
                ],
                [
                    0.0,
                    0.1181892454624176,
                    -0.9929910898208618,
                    -4.002875328063965
                ],
                [
                    0.0,
                    0.0,
                    0.0,
                    1.0
                ]
            ]
        },
        {
            "file_path": "/data/shapenet_blender/all_50_random/02958343/90917495a9603208c368040825ed335/r_11",
            "rotation": 0.12566370614359174,
            "transform_matrix": [
                [
                    -0.5421225428581238,
                    -0.2811272442340851,
                    -0.7918778657913208,
                    -3.192161798477173
                ],
                [
                    -0.8402994275093079,
                    0.18137037754058838,
                    0.5108832120895386,
                    2.059436082839966
                ],
                [
                    0.0,
                    0.9423757791519165,
                    -0.33455607295036316,
                    -1.348638653755188
                ],
                [
                    0.0,
                    0.0,
                    0.0,
                    1.0
                ]
            ]
        },
        {
            "file_path": "/data/shapenet_blender/all_50_random/02958343/90917495a9603208c368040825ed335/r_12",
            "rotation": 0.12566370614359174,
            "transform_matrix": [
                [
                    0.25192275643348694,
                    -0.279137521982193,
                    0.9266159534454346,
                    3.7353084087371826
                ],
                [
                    0.9677472710609436,
                    0.07266473025083542,
                    -0.2412155270576477,
                    -0.9723708629608154
                ],
                [
                    7.450580152834618e-09,
                    0.9574978351593018,
                    0.288440465927124,
                    1.162740707397461
                ],
                [
                    0.0,
                    0.0,
                    0.0,
                    1.0
                ]
            ]
        },
        {
            "file_path": "/data/shapenet_blender/all_50_random/02958343/90917495a9603208c368040825ed335/r_13",
            "rotation": 0.12566370614359174,
            "transform_matrix": [
                [
                    0.5512208342552185,
                    -0.06521208584308624,
                    -0.831807017326355,
                    -3.353121280670166
                ],
                [
                    -0.8343594074249268,
                    -0.04308246821165085,
                    -0.5495346188545227,
                    -2.215245008468628
                ],
                [
                    0.0,
                    0.9969409704208374,
                    -0.07815826684236526,
                    -0.31506603956222534
                ],
                [
                    0.0,
                    0.0,
                    0.0,
                    1.0
                ]
            ]
        },
        {
            "file_path": "/data/shapenet_blender/all_50_random/02958343/90917495a9603208c368040825ed335/r_14",
            "rotation": 0.12566370614359174,
            "transform_matrix": [
                [
                    -0.9913449287414551,
                    0.08886547386646271,
                    -0.0966341644525528,
                    -0.3895447850227356
                ],
                [
                    -0.13128304481506348,
                    -0.6710412502288818,
                    0.7297042608261108,
                    2.9415318965911865
                ],
                [
                    0.0,
                    0.7360749840736389,
                    0.6768999695777893,
                    2.728671073913574
                ],
                [
                    0.0,
                    0.0,
                    0.0,
                    1.0
                ]
            ]
        },
        {
            "file_path": "/data/shapenet_blender/all_50_random/02958343/90917495a9603208c368040825ed335/r_15",
            "rotation": 0.12566370614359174,
            "transform_matrix": [
                [
                    0.9999239444732666,
                    0.0023254749830812216,
                    -0.012116935104131699,
                    -0.04884492605924606
                ],
                [
                    -0.012338070198893547,
                    0.18846528232097626,
                    -0.982002317905426,
                    -3.958577871322632
                ],
                [
                    0.0,
                    0.9820769429206848,
                    0.18847964704036713,
                    0.7597857713699341
                ],
                [
                    0.0,
                    0.0,
                    0.0,
                    1.0
                ]
            ]
        },
        {
            "file_path": "/data/shapenet_blender/all_50_random/02958343/90917495a9603208c368040825ed335/r_16",
            "rotation": 0.12566370614359174,
            "transform_matrix": [
                [
                    0.5929444432258606,
                    -0.2906852662563324,
                    0.7509453296661377,
                    3.0271575450897217
                ],
                [
                    0.8052433729171753,
                    0.2140473872423172,
                    -0.5529618859291077,
                    -2.229060649871826
                ],
                [
                    -1.4901161193847656e-08,
                    0.9325695037841797,
                    0.36099058389663696,
                    1.4551995992660522
                ],
                [
                    0.0,
                    0.0,
                    0.0,
                    1.0
                ]
            ]
        },
        {
            "file_path": "/data/shapenet_blender/all_50_random/02958343/90917495a9603208c368040825ed335/r_17",
            "rotation": 0.12566370614359174,
            "transform_matrix": [
                [
                    0.743742048740387,
                    0.4136621356010437,
                    -0.5251011848449707,
                    -2.116750717163086
                ],
                [
                    -0.6684666872024536,
                    0.46024423837661743,
                    -0.5842323303222656,
                    -2.355116128921509
                ],
                [
                    0.0,
                    0.7855309247970581,
                    0.6188223361968994,
                    2.4945528507232666
                ],
                [
                    0.0,
                    0.0,
                    0.0,
                    1.0
                ]
            ]
        },
        {
            "file_path": "/data/shapenet_blender/all_50_random/02958343/90917495a9603208c368040825ed335/r_18",
            "rotation": 0.12566370614359174,
            "transform_matrix": [
                [
                    0.17754922807216644,
                    -0.20678012073040009,
                    0.9621425271034241,
                    3.8785204887390137
                ],
                [
                    0.9841119050979614,
                    0.03730637952685356,
                    -0.17358562350273132,
                    -0.6997460126876831
                ],
                [
                    0.0,
                    0.9776759743690491,
                    0.21011850237846375,
                    0.8470147848129272
                ],
                [
                    0.0,
                    0.0,
                    0.0,
                    1.0
                ]
            ]
        },
        {
            "file_path": "/data/shapenet_blender/all_50_random/02958343/90917495a9603208c368040825ed335/r_19",
            "rotation": 0.12566370614359174,
            "transform_matrix": [
                [
                    0.6918480396270752,
                    0.12871526181697845,
                    -0.7104777097702026,
                    -2.864027500152588
                ],
                [
                    -0.7220430970191956,
                    0.12333253771066666,
                    -0.680766224861145,
                    -2.7442567348480225
                ],
                [
                    1.4901161193847656e-08,
                    0.9839823842048645,
                    0.17826534807682037,
                    0.7186106443405151
                ],
                [
                    0.0,
                    0.0,
                    0.0,
                    1.0
                ]
            ]
        },
        {
            "file_path": "/data/shapenet_blender/all_50_random/02958343/90917495a9603208c368040825ed335/r_20",
            "rotation": 0.12566370614359174,
            "transform_matrix": [
                [
                    0.3527882993221283,
                    0.7680907845497131,
                    -0.5343939065933228,
                    -2.1542108058929443
                ],
                [
                    -0.9357030987739563,
                    0.2895933985710144,
                    -0.2014826238155365,
                    -0.8122024536132812
                ],
                [
                    0.0,
                    0.5711147785186768,
                    0.8208701610565186,
                    3.3090333938598633
                ],
                [
                    0.0,
                    0.0,
                    0.0,
                    1.0
                ]
            ]
        },
        {
            "file_path": "/data/shapenet_blender/all_50_random/02958343/90917495a9603208c368040825ed335/r_21",
            "rotation": 0.12566370614359174,
            "transform_matrix": [
                [
                    0.714401364326477,
                    -0.0004263755108695477,
                    0.6997359991073608,
                    2.820725917816162
                ],
                [
                    0.6997360587120056,
                    0.00043531166738830507,
                    -0.7144013047218323,
                    -2.8798437118530273
                ],
                [
                    0.0,
                    0.9999998211860657,
                    0.0006093376432545483,
                    0.002456318587064743
                ],
                [
                    0.0,
                    0.0,
                    0.0,
                    1.0
                ]
            ]
        },
        {
            "file_path": "/data/shapenet_blender/all_50_random/02958343/90917495a9603208c368040825ed335/r_22",
            "rotation": 0.12566370614359174,
            "transform_matrix": [
                [
                    -0.9675294756889343,
                    0.015348296612501144,
                    -0.2522919774055481,
                    -1.017021656036377
                ],
                [
                    -0.2527584731578827,
                    -0.05875146761536598,
                    0.965743899345398,
                    3.893038511276245
                ],
                [
                    -9.313225746154785e-10,
                    0.9981546401977539,
                    0.06072318181395531,
                    0.24478298425674438
                ],
                [
                    0.0,
                    0.0,
                    0.0,
                    1.0
                ]
            ]
        },
        {
            "file_path": "/data/shapenet_blender/all_50_random/02958343/90917495a9603208c368040825ed335/r_23",
            "rotation": 0.12566370614359174,
            "transform_matrix": [
                [
                    -0.9220766425132751,
                    0.11465677618980408,
                    0.36963286995887756,
                    1.4900377988815308
                ],
                [
                    0.38700729608535767,
                    0.27317917346954346,
                    0.8806806802749634,
                    3.5501372814178467
                ],
                [
                    0.0,
                    0.9551056623458862,
                    -0.296265184879303,
                    -1.194283127784729
                ],
                [
                    0.0,
                    0.0,
                    0.0,
                    1.0
                ]
            ]
        },
        {
            "file_path": "/data/shapenet_blender/all_50_random/02958343/90917495a9603208c368040825ed335/r_24",
            "rotation": 0.12566370614359174,
            "transform_matrix": [
                [
                    -0.9529552459716797,
                    -0.002641431987285614,
                    0.30309972167015076,
                    1.2218341827392578
                ],
                [
                    0.3031112551689148,
                    -0.008304431103169918,
                    0.9529189467430115,
                    3.841339349746704
                ],
                [
                    2.3283064365386963e-10,
                    0.9999620914459229,
                    0.008714397437870502,
                    0.03512886166572571
                ],
                [
                    0.0,
                    0.0,
                    0.0,
                    1.0
                ]
            ]
        },
        {
            "file_path": "/data/shapenet_blender/all_50_random/02958343/90917495a9603208c368040825ed335/r_25",
            "rotation": 0.12566370614359174,
            "transform_matrix": [
                [
                    -0.19794681668281555,
                    0.003998906351625919,
                    -0.9802045226097107,
                    -3.95133113861084
                ],
                [
                    -0.9802128076553345,
                    -0.0008075499208644032,
                    0.19794514775276184,
                    0.7979424595832825
                ],
                [
                    5.820766091346741e-11,
                    0.9999916553497314,
                    0.004079630132764578,
                    0.016445517539978027
                ],
                [
                    0.0,
                    0.0,
                    0.0,
                    1.0
                ]
            ]
        },
        {
            "file_path": "/data/shapenet_blender/all_50_random/02958343/90917495a9603208c368040825ed335/r_26",
            "rotation": 0.12566370614359174,
            "transform_matrix": [
                [
                    0.8453813791275024,
                    0.18823036551475525,
                    0.49989956617355347,
                    2.0151596069335938
                ],
                [
                    0.5341631770133972,
                    -0.2978985905647278,
                    -0.7911549210548401,
                    -3.1892476081848145
                ],
                [
                    0.0,
                    0.9358556270599365,
                    -0.35238364338874817,
                    -1.420503854751587
                ],
                [
                    0.0,
                    0.0,
                    0.0,
                    1.0
                ]
            ]
        },
        {
            "file_path": "/data/shapenet_blender/all_50_random/02958343/90917495a9603208c368040825ed335/r_27",
            "rotation": 0.12566370614359174,
            "transform_matrix": [
                [
                    -0.4691984951496124,
                    -0.16276976466178894,
                    0.8679623603820801,
                    3.498868465423584
                ],
                [
                    0.8830928206443787,
                    -0.08648166060447693,
                    0.46115949749946594,
                    1.8589935302734375
                ],
                [
                    7.450581485102248e-09,
                    0.9828665852546692,
                    0.18431787192821503,
                    0.7430091500282288
                ],
                [
                    0.0,
                    0.0,
                    0.0,
                    1.0
                ]
            ]
        },
        {
            "file_path": "/data/shapenet_blender/all_50_random/02958343/90917495a9603208c368040825ed335/r_28",
            "rotation": 0.12566370614359174,
            "transform_matrix": [
                [
                    0.9844529032707214,
                    0.03873525559902191,
                    0.17132394015789032,
                    0.6906288862228394
                ],
                [
                    0.1756482571363449,
                    -0.21709886193275452,
                    -0.9602165222167969,
                    -3.8707563877105713
                ],
                [
                    3.7252896323280993e-09,
                    0.9753808379173279,
                    -0.22052739560604095,
                    -0.8889743089675903
                ],
                [
                    0.0,
                    0.0,
                    0.0,
                    1.0
                ]
            ]
        },
        {
            "file_path": "/data/shapenet_blender/all_50_random/02958343/90917495a9603208c368040825ed335/r_29",
            "rotation": 0.12566370614359174,
            "transform_matrix": [
                [
                    0.9018011093139648,
                    -0.25256913900375366,
                    -0.35066163539886475,
                    -1.4135620594024658
                ],
                [
                    -0.43215131759643555,
                    -0.5270541310310364,
                    -0.7317507863044739,
                    -2.9497814178466797
                ],
                [
                    1.4901161193847656e-08,
                    0.8114324808120728,
                    -0.5844461917877197,
                    -2.355977773666382
                ],
                [
                    0.0,
                    0.0,
                    0.0,
                    1.0
                ]
            ]
        },
        {
            "file_path": "/data/shapenet_blender/all_50_random/02958343/90917495a9603208c368040825ed335/r_30",
            "rotation": 0.12566370614359174,
            "transform_matrix": [
                [
                    0.3884744942188263,
                    -0.007816247642040253,
                    -0.9214264154434204,
                    -3.714388132095337
                ],
                [
                    -0.9214594960212708,
                    -0.0032952209003269672,
                    -0.38846051692962646,
                    -1.5659343004226685
                ],
                [
                    0.0,
                    0.9999640583992004,
                    -0.008482464589178562,
                    -0.03419390320777893
                ],
                [
                    0.0,
                    0.0,
                    0.0,
                    1.0
                ]
            ]
        },
        {
            "file_path": "/data/shapenet_blender/all_50_random/02958343/90917495a9603208c368040825ed335/r_31",
            "rotation": 0.12566370614359174,
            "transform_matrix": [
                [
                    -0.8634606003761292,
                    -0.337512344121933,
                    -0.37486162781715393,
                    -1.511115550994873
                ],
                [
                    -0.504416286945343,
                    0.5777541399002075,
                    0.6416887044906616,
                    2.5867300033569336
                ],
                [
                    0.0,
                    0.7431591153144836,
                    -0.6691146492958069,
                    -2.6972873210906982
                ],
                [
                    0.0,
                    0.0,
                    0.0,
                    1.0
                ]
            ]
        },
        {
            "file_path": "/data/shapenet_blender/all_50_random/02958343/90917495a9603208c368040825ed335/r_32",
            "rotation": 0.12566370614359174,
            "transform_matrix": [
                [
                    0.6921725869178772,
                    0.35545027256011963,
                    -0.62813401222229,
                    -2.5320889949798584
                ],
                [
                    -0.7217321395874023,
                    0.34089231491088867,
                    -0.6024078726768494,
                    -2.4283835887908936
                ],
                [
                    1.4901161193847656e-08,
                    0.8703146576881409,
                    0.49249619245529175,
                    1.9853154420852661
                ],
                [
                    0.0,
                    0.0,
                    0.0,
                    1.0
                ]
            ]
        },
        {
            "file_path": "/data/shapenet_blender/all_50_random/02958343/90917495a9603208c368040825ed335/r_33",
            "rotation": 0.12566370614359174,
            "transform_matrix": [
                [
                    -0.9683360457420349,
                    0.008758053183555603,
                    -0.24949635565280914,
                    -1.0057518482208252
                ],
                [
                    -0.2496499866247177,
                    -0.033970512449741364,
                    0.9677401781082153,
                    3.9010848999023438
                ],
                [
                    9.313224080820248e-10,
                    0.9993844032287598,
                    0.035081326961517334,
                    0.14141733944416046
                ],
                [
                    0.0,
                    0.0,
                    0.0,
                    1.0
                ]
            ]
        },
        {
            "file_path": "/data/shapenet_blender/all_50_random/02958343/90917495a9603208c368040825ed335/r_34",
            "rotation": 0.12566370614359174,
            "transform_matrix": [
                [
                    0.8244157433509827,
                    0.5319517254829407,
                    0.1933031976222992,
                    0.7792301177978516
                ],
                [
                    0.5659849047660828,
                    -0.7748429179191589,
                    -0.28156617283821106,
                    -1.1350295543670654
                ],
                [
                    -1.4901162970204496e-08,
                    0.34153419733047485,
                    -0.9398693442344666,
                    -3.7887344360351562
                ],
                [
                    0.0,
                    0.0,
                    0.0,
                    1.0
                ]
            ]
        },
        {
            "file_path": "/data/shapenet_blender/all_50_random/02958343/90917495a9603208c368040825ed335/r_35",
            "rotation": 0.12566370614359174,
            "transform_matrix": [
                [
                    -0.10917247831821442,
                    -0.5705235600471497,
                    0.8139927387237549,
                    3.2813096046447754
                ],
                [
                    0.9940228462219238,
                    -0.06266000121831894,
                    0.08939996361732483,
                    0.3603827953338623
                ],
                [
                    0.0,
                    0.8188874125480652,
                    0.5739542245864868,
                    2.31368350982666
                ],
                [
                    0.0,
                    0.0,
                    0.0,
                    1.0
                ]
            ]
        },
        {
            "file_path": "/data/shapenet_blender/all_50_random/02958343/90917495a9603208c368040825ed335/r_36",
            "rotation": 0.12566370614359174,
            "transform_matrix": [
                [
                    0.7111585140228271,
                    0.45387500524520874,
                    -0.5368900895118713,
                    -2.164273500442505
                ],
                [
                    -0.7030317187309265,
                    0.4591216444969177,
                    -0.5430963635444641,
                    -2.1892917156219482
                ],
                [
                    -1.4901161193847656e-08,
                    0.7636783719062805,
                    0.6455967426300049,
                    2.6024839878082275
                ],
                [
                    0.0,
                    0.0,
                    0.0,
                    1.0
                ]
            ]
        },
        {
            "file_path": "/data/shapenet_blender/all_50_random/02958343/90917495a9603208c368040825ed335/r_37",
            "rotation": 0.12566370614359174,
            "transform_matrix": [
                [
                    0.6212082505226135,
                    -0.624578595161438,
                    0.4732884168624878,
                    1.9078867435455322
                ],
                [
                    0.783645510673523,
                    0.4951133728027344,
                    -0.37518322467803955,
                    -1.5124120712280273
                ],
                [
                    -1.4901161193847656e-08,
                    0.6039572358131409,
                    0.7970166206359863,
                    3.212877035140991
                ],
                [
                    0.0,
                    0.0,
                    0.0,
                    1.0
                ]
            ]
        },
        {
            "file_path": "/data/shapenet_blender/all_50_random/02958343/90917495a9603208c368040825ed335/r_38",
            "rotation": 0.12566370614359174,
            "transform_matrix": [
                [
                    0.1281956285238266,
                    0.2917572259902954,
                    0.9478626251220703,
                    3.820956230163574
                ],
                [
                    0.9917489290237427,
                    -0.0377131812274456,
                    -0.12252280116081238,
                    -0.4939051866531372
                ],
                [
                    3.725290298461914e-09,
                    0.955748438835144,
                    -0.2941846251487732,
                    -1.1858961582183838
                ],
                [
                    0.0,
                    0.0,
                    0.0,
                    1.0
                ]
            ]
        },
        {
            "file_path": "/data/shapenet_blender/all_50_random/02958343/90917495a9603208c368040825ed335/r_39",
            "rotation": 0.12566370614359174,
            "transform_matrix": [
                [
                    -0.20167724788188934,
                    0.5016452074050903,
                    0.8412361145019531,
                    3.391131639480591
                ],
                [
                    0.9794519543647766,
                    0.10329290479421616,
                    0.17321749031543732,
                    0.698262095451355
                ],
                [
                    -7.4505792646561986e-09,
                    0.8588846325874329,
                    -0.5121691226959229,
                    -2.064620018005371
                ],
                [
                    0.0,
                    0.0,
                    0.0,
                    1.0
                ]
            ]
        },
        {
            "file_path": "/data/shapenet_blender/all_50_random/02958343/90917495a9603208c368040825ed335/r_40",
            "rotation": 0.12566370614359174,
            "transform_matrix": [
                [
                    -0.03289428725838661,
                    0.5871740579605103,
                    0.808791995048523,
                    3.260344982147217
                ],
                [
                    0.999458909034729,
                    0.019325127825140953,
                    0.026619037613272667,
                    0.10730478167533875
                ],
                [
                    0.0,
                    0.809229850769043,
                    -0.5874919891357422,
                    -2.368256092071533
                ],
                [
                    0.0,
                    0.0,
                    0.0,
                    1.0
                ]
            ]
        },
        {
            "file_path": "/data/shapenet_blender/all_50_random/02958343/90917495a9603208c368040825ed335/r_41",
            "rotation": 0.12566370614359174,
            "transform_matrix": [
                [
                    -0.5374271869659424,
                    -0.5566769242286682,
                    0.6334688067436218,
                    2.5535945892333984
                ],
                [
                    0.8433102369308472,
                    -0.35476070642471313,
                    0.4036988615989685,
                    1.6273622512817383
                ],
                [
                    1.4901162970204496e-08,
