{
    "class": "02958343",
    "model": "52ee842db08cd881979ef391885ee5d2",
    "remove_doubles": true,
    "edge_split": true,
    "denoise": true,
    "camera_angle_x": 0.6911112070083618,
    "scale_factor": 2.319058344777348,
    "hdri_file": "/data/IndoorHDRDataset2018/AG8A6616-1d52cdb3d0.exr",
    "center_offset": [
        0.0,
        -1.862645149230957e-09,
        0.0
    ],
    "lights": [],
    "frames": [
        {
            "file_path": "/data/shapenet_blender/all_50_random/02958343/52ee842db08cd881979ef391885ee5d2/r_0",
            "rotation": 0.12566370614359174,
            "transform_matrix": [
                [
                    0.7268155813217163,
                    -0.23971311748027802,
                    0.6436432600021362,
                    2.594609260559082
                ],
                [
                    0.6868327260017395,
                    0.2536676228046417,
                    -0.6811119318008423,
                    -2.745650291442871
                ],
                [
                    0.0,
                    0.9371180534362793,
                    0.3490123748779297,
                    1.4069139957427979
                ],
                [
                    0.0,
                    0.0,
                    0.0,
                    1.0
                ]
            ]
        },
        {
            "file_path": "/data/shapenet_blender/all_50_random/02958343/52ee842db08cd881979ef391885ee5d2/r_1",
            "rotation": 0.12566370614359174,
            "transform_matrix": [
                [
                    -0.358515202999115,
                    0.28479233384132385,
                    0.8890220522880554,
                    3.5837624073028564
                ],
                [
                    0.933523952960968,
                    0.1093730628490448,
                    0.34142446517944336,
                    1.376326084136963
                ],
                [
                    7.450581485102248e-09,
                    0.9523289799690247,
                    -0.3050723969936371,
                    -1.2297861576080322
                ],
                [
                    0.0,
                    0.0,
                    0.0,
                    1.0
                ]
            ]
        },
        {
            "file_path": "/data/shapenet_blender/all_50_random/02958343/52ee842db08cd881979ef391885ee5d2/r_2",
            "rotation": 0.12566370614359174,
            "transform_matrix": [
                [
                    0.17849691212177277,
                    0.9655261039733887,
                    -0.18946747481822968,
                    -0.7637678980827332
                ],
                [
                    -0.9839404821395874,
                    0.1751563549041748,
                    -0.03437134623527527,
                    -0.1385553479194641
                ],
                [
                    0.0,
                    0.19255995750427246,
                    0.9812851548194885,
                    3.9556872844696045
                ],
                [
                    0.0,
                    0.0,
                    0.0,
                    1.0
                ]
            ]
        },
        {
            "file_path": "/data/shapenet_blender/all_50_random/02958343/52ee842db08cd881979ef391885ee5d2/r_3",
            "rotation": 0.12566370614359174,
            "transform_matrix": [
                [
                    -0.9730601906776428,
                    0.08207246661186218,
                    -0.21544861793518066,
                    -0.8685012459754944
                ],
                [
                    -0.23055154085159302,
                    -0.34639304876327515,
                    0.9093171954154968,
                    3.6655750274658203
                ],
                [
                    0.0,
                    0.9344924092292786,
                    0.3559831380844116,
                    1.435014009475708
                ],
                [
                    0.0,
                    0.0,
                    0.0,
                    1.0
                ]
            ]
        },
        {
            "file_path": "/data/shapenet_blender/all_50_random/02958343/52ee842db08cd881979ef391885ee5d2/r_4",
            "rotation": 0.12566370614359174,
            "transform_matrix": [
                [
                    0.9154724478721619,
                    0.1177460104227066,
                    -0.3847676217556,
                    -1.551047921180725
                ],
                [
                    -0.4023807644844055,
                    0.2678886353969574,
                    -0.8754001259803772,
                    -3.528850793838501
                ],
                [
                    7.450581485102248e-09,
                    0.9562276601791382,
                    0.2926234006881714,
                    1.1796026229858398
                ],
                [
                    0.0,
                    0.0,
                    0.0,
                    1.0
                ]
            ]
        },
        {
            "file_path": "/data/shapenet_blender/all_50_random/02958343/52ee842db08cd881979ef391885ee5d2/r_5",
            "rotation": 0.12566370614359174,
            "transform_matrix": [
                [
                    0.9864279627799988,
                    0.11127319931983948,
                    0.12073963135480881,
                    0.48671701550483704
                ],
                [
                    0.16419433057308197,
                    -0.6684944033622742,
                    -0.7253656983375549,
                    -2.9240427017211914
                ],
                [
                    1.4901160305669237e-08,
                    0.7353457808494568,
                    -0.6776920557022095,
                    -2.7318639755249023
                ],
                [
                    0.0,
                    0.0,
                    0.0,
                    1.0
                ]
            ]
        },
        {
            "file_path": "/data/shapenet_blender/all_50_random/02958343/52ee842db08cd881979ef391885ee5d2/r_6",
            "rotation": 0.12566370614359174,
            "transform_matrix": [
                [
                    0.9784650802612305,
                    -0.047458965331315994,
                    0.20088273286819458,
                    0.8097841739654541
                ],
                [
                    0.20641279220581055,
                    0.22497126460075378,
                    -0.9522508382797241,
                    -3.8386459350585938
                ],
                [
                    -3.725290742551124e-09,
                    0.9732089042663574,
                    0.22992263734340668,
                    0.9268478155136108
                ],
                [
                    0.0,
                    0.0,
                    0.0,
                    1.0
                ]
            ]
        },
        {
            "file_path": "/data/shapenet_blender/all_50_random/02958343/52ee842db08cd881979ef391885ee5d2/r_7",
            "rotation": 0.12566370614359174,
            "transform_matrix": [
                [
                    0.7137452960014343,
                    -0.22992978990077972,
                    0.6615889668464661,
                    2.6669504642486572
                ],
                [
                    0.7004054188728333,
                    0.23430901765823364,
                    -0.674189567565918,
                    -2.717745065689087
                ],
                [
                    0.0,
                    0.944580078125,
                    0.328281044960022,
                    1.323343276977539
                ],
                [
                    0.0,
                    0.0,
                    0.0,
                    1.0
                ]
            ]
        },
        {
            "file_path": "/data/shapenet_blender/all_50_random/02958343/52ee842db08cd881979ef391885ee5d2/r_8",
            "rotation": 0.12566370614359174,
            "transform_matrix": [
                [
                    0.5327379107475281,
                    0.5107612609863281,
                    -0.6747690439224243,
                    -2.720081090927124
                ],
                [
                    -0.8462803959846497,
                    0.3215268850326538,
                    -0.42477065324783325,
                    -1.7123053073883057
                ],
                [
                    0.0,
                    0.797335147857666,
                    0.6035367250442505,
                    2.432934284210205
                ],
                [
                    0.0,
                    0.0,
                    0.0,
                    1.0
                ]
            ]
        },
        {
            "file_path": "/data/shapenet_blender/all_50_random/02958343/52ee842db08cd881979ef391885ee5d2/r_9",
            "rotation": 0.12566370614359174,
            "transform_matrix": [
                [
                    0.8495545983314514,
                    -0.3847559690475464,
                    -0.36085978150367737,
                    -1.4546723365783691
                ],
                [
                    -0.5275006294250488,
                    -0.6196602582931519,
                    -0.5811747908592224,
                    -2.3427906036376953
                ],
                [
                    1.4901161193847656e-08,
                    0.6840935349464417,
                    -0.729394257068634,
                    -2.9402823448181152
                ],
                [
                    0.0,
                    0.0,
                    0.0,
                    1.0
                ]
            ]
        },
        {
            "file_path": "/data/shapenet_blender/all_50_random/02958343/52ee842db08cd881979ef391885ee5d2/r_10",
            "rotation": 0.12566370614359174,
            "transform_matrix": [
                [
                    -0.8430730700492859,
                    0.3356926739215851,
                    -0.4201645851135254,
                    -1.6937376260757446
                ],
                [
                    -0.537799060344696,
                    -0.5262437462806702,
                    0.6586650013923645,
                    2.655163526535034
                ],
                [
                    2.9802322387695312e-08,
                    0.7812668085098267,
                    0.6241971850395203,
                    2.5162193775177
                ],
                [
                    0.0,
                    0.0,
                    0.0,
                    1.0
                ]
            ]
        },
        {
            "file_path": "/data/shapenet_blender/all_50_random/02958343/52ee842db08cd881979ef391885ee5d2/r_11",
            "rotation": 0.12566370614359174,
            "transform_matrix": [
                [
                    0.0696890652179718,
                    -0.7316871881484985,
                    0.6780685782432556,
                    2.733382225036621
                ],
                [
                    0.9975687265396118,
                    0.051114875823259354,
                    -0.04736913740634918,
                    -0.19095110893249512
                ],
                [
                    0.0,
                    0.6797211170196533,
                    0.7334704995155334,
                    2.956714391708374
                ],
                [
                    0.0,
                    0.0,
                    0.0,
                    1.0
                ]
            ]
        },
        {
            "file_path": "/data/shapenet_blender/all_50_random/02958343/52ee842db08cd881979ef391885ee5d2/r_12",
            "rotation": 0.12566370614359174,
            "transform_matrix": [
                [
                    0.3898337185382843,
                    -0.05070332810282707,
                    0.9194883704185486,
                    3.706576108932495
                ],
                [
                    0.9208853840827942,
                    0.02146398089826107,
                    -0.3892423212528229,
                    -1.569085955619812
                ],
                [
                    0.0,
                    0.9984830021858215,
                    0.05505933612585068,
                    0.22195127606391907
                ],
                [
                    0.0,
                    0.0,
                    0.0,
                    1.0
                ]
            ]
        },
        {
            "file_path": "/data/shapenet_blender/all_50_random/02958343/52ee842db08cd881979ef391885ee5d2/r_13",
            "rotation": 0.12566370614359174,
            "transform_matrix": [
                [
                    0.04404314234852791,
                    -0.00959770381450653,
                    -0.9989835023880005,
                    -4.027031421661377
                ],
                [
                    -0.9990296363830566,
                    -0.0004231236525811255,
                    -0.04404110834002495,
                    -0.17753538489341736
                ],
                [
                    -2.9103830456733704e-11,
                    0.9999538660049438,
                    -0.009607026353478432,
                    -0.038727160543203354
                ],
                [
                    0.0,
                    0.0,
                    0.0,
                    1.0
                ]
            ]
        },
        {
            "file_path": "/data/shapenet_blender/all_50_random/02958343/52ee842db08cd881979ef391885ee5d2/r_14",
            "rotation": 0.12566370614359174,
            "transform_matrix": [
                [
                    -0.20349404215812683,
                    0.3575722277164459,
                    0.911445140838623,
                    3.6741528511047363
                ],
                [
                    0.9790762662887573,
                    0.07431885600090027,
                    0.1894374042749405,
                    0.7636466026306152
                ],
                [
                    0.0,
                    0.930923581123352,
                    -0.36521390080451965,
                    -1.4722243547439575
                ],
                [
                    0.0,
                    0.0,
                    0.0,
                    1.0
                ]
            ]
        },
        {
            "file_path": "/data/shapenet_blender/all_50_random/02958343/52ee842db08cd881979ef391885ee5d2/r_15",
            "rotation": 0.12566370614359174,
            "transform_matrix": [
                [
                    0.6788615584373474,
                    -0.10126737505197525,
                    -0.7272495031356812,
                    -2.9316368103027344
                ],
                [
                    -0.7342662811279297,
                    -0.09362614899873734,
                    -0.6723742485046387,
                    -2.7104275226593018
                ],
                [
                    7.4505797087454084e-09,
                    0.9904438257217407,
                    -0.1379164159297943,
                    -0.5559589266777039
                ],
                [
                    0.0,
                    0.0,
                    0.0,
                    1.0
                ]
            ]
        },
        {
            "file_path": "/data/shapenet_blender/all_50_random/02958343/52ee842db08cd881979ef391885ee5d2/r_16",
            "rotation": 0.12566370614359174,
            "transform_matrix": [
                [
                    0.17410172522068024,
                    -0.5285717248916626,
                    0.8308432698249817,
                    3.349236011505127
                ],
                [
                    0.984727680683136,
                    0.09345249086618423,
                    -0.1468946635723114,
                    -0.5921512842178345
                ],
                [
                    0.0,
                    0.8437288999557495,
                    0.5367695093154907,
                    2.1637868881225586
                ],
                [
                    0.0,
                    0.0,
                    0.0,
                    1.0
                ]
            ]
        },
        {
            "file_path": "/data/shapenet_blender/all_50_random/02958343/52ee842db08cd881979ef391885ee5d2/r_17",
            "rotation": 0.12566370614359174,
            "transform_matrix": [
                [
                    0.30844593048095703,
                    -0.144703209400177,
                    -0.9401713013648987,
                    -3.789951801300049
                ],
                [
                    -0.9512419104576111,
                    -0.046920888125896454,
                    -0.30485621094703674,
                    -1.228914737701416
                ],
                [
                    0.0,
                    0.9883620142936707,
                    -0.15212030708789825,
                    -0.6132165789604187
                ],
                [
                    0.0,
                    0.0,
                    0.0,
                    1.0
                ]
            ]
        },
        {
            "file_path": "/data/shapenet_blender/all_50_random/02958343/52ee842db08cd881979ef391885ee5d2/r_18",
            "rotation": 0.12566370614359174,
            "transform_matrix": [
                [
                    0.5900353193283081,
                    0.30460792779922485,
                    0.7477113604545593,
                    3.0141208171844482
                ],
                [
                    0.8073774576187134,
                    -0.22260893881320953,
                    -0.5464310646057129,
                    -2.2027339935302734
                ],
                [
                    0.0,
                    0.9260989427566528,
                    -0.37728071212768555,
                    -1.520867109298706
                ],
                [
                    0.0,
                    0.0,
                    0.0,
                    1.0
                ]
            ]
        },
        {
            "file_path": "/data/shapenet_blender/all_50_random/02958343/52ee842db08cd881979ef391885ee5d2/r_19",
            "rotation": 0.12566370614359174,
            "transform_matrix": [
                [
                    0.8949449062347412,
                    0.07587658613920212,
                    -0.43967756628990173,
                    -1.7723968029022217
                ],
                [
                    -0.4461766481399536,
                    0.15219388902187347,
                    -0.8819090127944946,
                    -3.555088520050049
                ],
                [
                    -7.450580596923828e-09,
                    0.9854336977005005,
                    0.17005954682826996,
                    0.6855318546295166
                ],
                [
                    0.0,
                    0.0,
                    0.0,
                    1.0
                ]
            ]
        },
        {
            "file_path": "/data/shapenet_blender/all_50_random/02958343/52ee842db08cd881979ef391885ee5d2/r_20",
            "rotation": 0.12566370614359174,
            "transform_matrix": [
                [
                    -0.2796514630317688,
                    0.06860845535993576,
                    0.9576470255851746,
                    3.860398769378662
                ],
                [
                    0.9601016640663147,
                    0.019983774051070213,
                    0.2789364755153656,
                    1.1244289875030518
                ],
                [
                    0.0,
                    0.9974433779716492,
                    -0.0714595764875412,
                    -0.28806281089782715
                ],
                [
                    0.0,
                    0.0,
                    0.0,
                    1.0
                ]
            ]
        },
        {
            "file_path": "/data/shapenet_blender/all_50_random/02958343/52ee842db08cd881979ef391885ee5d2/r_21",
            "rotation": 0.12566370614359174,
            "transform_matrix": [
                [
                    0.3303622603416443,
                    0.28064799308776855,
                    -0.9011645317077637,
                    -3.6327104568481445
                ],
                [
                    -0.9438542723655701,
                    0.098230741918087,
                    -0.3154202401638031,
                    -1.2714996337890625
                ],
                [
                    0.0,
                    0.9547708630561829,
                    0.29734253883361816,
                    1.198626160621643
                ],
                [
                    0.0,
                    0.0,
                    0.0,
                    1.0
                ]
            ]
        },
        {
            "file_path": "/data/shapenet_blender/all_50_random/02958343/52ee842db08cd881979ef391885ee5d2/r_22",
            "rotation": 0.12566370614359174,
            "transform_matrix": [
                [
                    -0.8142615556716919,
                    -0.03512803837656975,
                    -0.579434335231781,
                    -2.3357746601104736
                ],
                [
                    -0.5804982781410217,
                    0.04927389323711395,
                    0.8127691745758057,
                    3.2763776779174805
                ],
                [
                    0.0,
                    0.9981673359870911,
                    -0.06051359325647354,
                    -0.2439381182193756
                ],
                [
                    0.0,
                    0.0,
                    0.0,
                    1.0
                ]
            ]
        },
        {
            "file_path": "/data/shapenet_blender/all_50_random/02958343/52ee842db08cd881979ef391885ee5d2/r_23",
            "rotation": 0.12566370614359174,
            "transform_matrix": [
                [
                    0.07575424760580063,
                    -0.4628141224384308,
                    0.8832125067710876,
                    3.5603435039520264
                ],
                [
                    0.997126579284668,
                    0.03516117110848427,
                    -0.0670999065041542,
                    -0.2704883813858032
                ],
                [
                    -1.862645149230957e-09,
                    0.8857578039169312,
                    0.4641478359699249,
                    1.8710397481918335
                ],
                [
                    0.0,
                    0.0,
                    0.0,
                    1.0
                ]
            ]
        },
        {
            "file_path": "/data/shapenet_blender/all_50_random/02958343/52ee842db08cd881979ef391885ee5d2/r_24",
            "rotation": 0.12566370614359174,
            "transform_matrix": [
                [
                    0.9943827986717224,
                    0.021663706749677658,
                    -0.1036030650138855,
                    -0.41763731837272644
                ],
                [
                    -0.10584381222724915,
                    0.20352648198604584,
                    -0.9733313918113708,
                    -3.923624277114868
                ],
                [
                    1.862645149230957e-09,
                    0.9788297414779663,
                    0.20467618107795715,
                    0.8250761032104492
                ],
                [
                    0.0,
                    0.0,
                    0.0,
                    1.0
                ]
            ]
        },
        {
            "file_path": "/data/shapenet_blender/all_50_random/02958343/52ee842db08cd881979ef391885ee5d2/r_25",
            "rotation": 0.12566370614359174,
            "transform_matrix": [
                [
                    -0.7932919859886169,
                    -0.35146501660346985,
                    -0.4971520006656647,
                    -2.0040836334228516
                ],
                [
                    -0.6088412404060364,
                    0.4579426944255829,
                    0.6477660536766052,
                    2.6112282276153564
                ],
                [
                    1.4901158529312397e-08,
                    0.8165542483329773,
                    -0.5772687196731567,
                    -2.3270442485809326
                ],
                [
                    0.0,
                    0.0,
                    0.0,
                    1.0
                ]
            ]
        },
        {
            "file_path": "/data/shapenet_blender/all_50_random/02958343/52ee842db08cd881979ef391885ee5d2/r_26",
            "rotation": 0.12566370614359174,
            "transform_matrix": [
                [
                    -0.42874443531036377,
                    0.30283358693122864,
                    0.8511579036712646,
                    3.4311275482177734
                ],
                [
                    0.9034257531166077,
                    0.14371763169765472,
                    0.4039393365383148,
                    1.6283316612243652
                ],
                [
                    0.0,
                    0.9421448111534119,
                    -0.3352058231830597,
                    -1.3512580394744873
                ],
                [
                    0.0,
                    0.0,
                    0.0,
                    1.0
                ]
            ]
        },
        {
            "file_path": "/data/shapenet_blender/all_50_random/02958343/52ee842db08cd881979ef391885ee5d2/r_27",
            "rotation": 0.12566370614359174,
            "transform_matrix": [
                [
                    0.894307017326355,
                    0.17938832938671112,
                    -0.4099206328392029,
                    -1.6524426937103271
                ],
                [
                    -0.447454035282135,
                    0.3585357069969177,
                    -0.8192906379699707,
                    -3.3026657104492188
                ],
                [
                    0.0,
                    0.916117787361145,
                    0.40090909600257874,
                    1.6161160469055176
                ],
                [
                    0.0,
                    0.0,
                    0.0,
                    1.0
                ]
            ]
        },
        {
            "file_path": "/data/shapenet_blender/all_50_random/02958343/52ee842db08cd881979ef391885ee5d2/r_28",
            "rotation": 0.12566370614359174,
            "transform_matrix": [
                [
                    -0.8277624249458313,
                    0.15000279247760773,
                    -0.5406556129455566,
                    -2.179452419281006
                ],
                [
                    -0.5610787272453308,
                    -0.2212999314069748,
                    0.797632098197937,
                    3.215357780456543
                ],
                [
                    0.0,
                    0.963600218296051,
                    0.26734715700149536,
                    1.0777108669281006
                ],
                [
                    0.0,
                    0.0,
                    0.0,
                    1.0
                ]
            ]
        },
        {
            "file_path": "/data/shapenet_blender/all_50_random/02958343/52ee842db08cd881979ef391885ee5d2/r_29",
            "rotation": 0.12566370614359174,
            "transform_matrix": [
                [
                    0.9972575902938843,
                    -0.008050765842199326,
                    -0.07356888055801392,
                    -0.2965656518936157
                ],
                [
                    -0.07400806993246078,
                    -0.1084839403629303,
                    -0.9913395643234253,
                    -3.9962172508239746
                ],
                [
                    0.0,
                    0.9940656423568726,
                    -0.10878226161003113,
                    -0.438515305519104
                ],
                [
                    0.0,
                    0.0,
                    0.0,
                    1.0
                ]
            ]
        },
        {
            "file_path": "/data/shapenet_blender/all_50_random/02958343/52ee842db08cd881979ef391885ee5d2/r_30",
            "rotation": 0.12566370614359174,
            "transform_matrix": [
                [
                    0.2167765349149704,
                    -0.3358112573623657,
                    0.9166454076766968,
                    3.695115566253662
                ],
                [
                    0.9762213230133057,
                    0.07456915825605392,
                    -0.20354729890823364,
                    -0.8205253481864929
                ],
                [
                    0.0,
                    0.9389729499816895,
                    0.34399089217185974,
                    1.386671543121338
                ],
                [
                    0.0,
                    0.0,
                    0.0,
                    1.0
                ]
            ]
        },
        {
            "file_path": "/data/shapenet_blender/all_50_random/02958343/52ee842db08cd881979ef391885ee5d2/r_31",
            "rotation": 0.12566370614359174,
            "transform_matrix": [
                [
                    -0.491940438747406,
                    0.19178617000579834,
                    -0.8492423295974731,
                    -3.423405647277832
                ],
                [
                    -0.8706287741661072,
                    -0.1083669438958168,
                    0.4798562526702881,
                    1.934362530708313
                ],
                [
                    -7.450580152834618e-09,
                    0.9754356145858765,
                    0.22028464078903198,
                    0.8879958391189575
                ],
                [
                    0.0,
                    0.0,
                    0.0,
                    1.0
                ]
            ]
        },
        {
            "file_path": "/data/shapenet_blender/all_50_random/02958343/52ee842db08cd881979ef391885ee5d2/r_32",
            "rotation": 0.12566370614359174,
            "transform_matrix": [
                [
                    0.675736129283905,
                    -0.1353430300951004,
                    -0.7246121168136597,
                    -2.9210050106048584
                ],
                [
                    -0.7371434569358826,
                    -0.12406837195158005,
                    -0.6642487645149231,
                    -2.6776726245880127
                ],
                [
                    7.450580152834618e-09,
                    0.9830000400543213,
                    -0.18360473215579987,
                    -0.7401344180107117
                ],
                [
                    0.0,
                    0.0,
                    0.0,
                    1.0
                ]
            ]
        },
        {
            "file_path": "/data/shapenet_blender/all_50_random/02958343/52ee842db08cd881979ef391885ee5d2/r_33",
            "rotation": 0.12566370614359174,
            "transform_matrix": [
                [
                    0.11339008063077927,
                    -0.7749472260475159,
                    -0.6217712163925171,
                    -2.5064401626586914
                ],
                [
                    -0.9935505390167236,
                    -0.08844172954559326,
                    -0.07096034288406372,
                    -0.28605031967163086
                ],
                [
                    0.0,
                    0.6258073449134827,
                    -0.779977560043335,
                    -3.1441903114318848
                ],
                [
                    0.0,
                    0.0,
                    0.0,
                    1.0
                ]
            ]
        },
        {
            "file_path": "/data/shapenet_blender/all_50_random/02958343/52ee842db08cd881979ef391885ee5d2/r_34",
            "rotation": 0.12566370614359174,
            "transform_matrix": [
                [
                    0.07956898957490921,
                    -0.07545733451843262,
                    -0.993969202041626,
                    -4.0068182945251465
                ],
                [
                    -0.9968294501304626,
                    -0.006023160181939602,
                    -0.07934067398309708,
                    -0.3198325037956238
                ],
                [
                    0.0,
                    0.997130811214447,
                    -0.07569733262062073,
                    -0.3051457405090332
                ],
                [
                    0.0,
                    0.0,
                    0.0,
                    1.0
                ]
            ]
        },
        {
            "file_path": "/data/shapenet_blender/all_50_random/02958343/52ee842db08cd881979ef391885ee5d2/r_35",
            "rotation": 0.12566370614359174,
            "transform_matrix": [
                [
                    -0.9842440485954285,
                    0.05000545457005501,
                    -0.16959698498249054,
                    -0.6836673021316528
                ],
                [
                    -0.17681539058685303,
                    -0.2783556580543518,
                    0.9440627098083496,
                    3.805638551712036
                ],
                [
                    3.725290076417309e-09,
                    0.9591755270957947,
                    0.28281161189079285,
                    1.1400500535964966
                ],
                [
                    0.0,
                    0.0,
                    0.0,
                    1.0
                ]
            ]
        },
        {
            "file_path": "/data/shapenet_blender/all_50_random/02958343/52ee842db08cd881979ef391885ee5d2/r_36",
            "rotation": 0.12566370614359174,
            "transform_matrix": [
                [
                    0.9537943601608276,
                    0.16176415979862213,
                    -0.25319719314575195,
                    -1.0206705331802368
                ],
                [
                    -0.30046042799949646,
                    0.5135110020637512,
                    -0.8037598729133606,
                    -3.2400596141815186
                ],
                [
                    1.4901162970204496e-08,
                    0.8426972031593323,
                    0.538387656211853,
                    2.1703100204467773
                ],
                [
                    0.0,
                    0.0,
                    0.0,
                    1.0
                ]
            ]
        },
        {
            "file_path": "/data/shapenet_blender/all_50_random/02958343/52ee842db08cd881979ef391885ee5d2/r_37",
            "rotation": 0.12566370614359174,
            "transform_matrix": [
                [
                    -0.7011843323707581,
                    -0.14875289797782898,
                    0.6972898244857788,
                    2.8108651638031006
                ],
                [
                    0.7129800319671631,
                    -0.14629189670085907,
                    0.6857537031173706,
                    2.764361619949341
                ],
                [
                    0.0,
                    0.977993369102478,
                    0.20863543450832367,
                    0.841036319732666
                ],
                [
                    0.0,
                    0.0,
                    0.0,
                    1.0
                ]
            ]
        },
        {
            "file_path": "/data/shapenet_blender/all_50_random/02958343/52ee842db08cd881979ef391885ee5d2/r_38",
            "rotation": 0.12566370614359174,
            "transform_matrix": [
                [
                    0.9367860555648804,
                    0.15595343708992004,
                    -0.31322601437568665,
                    -1.262654423713684
                ],
                [
                    -0.3499028980731964,
                    0.4175301194190979,
                    -0.838591992855072,
                    -3.380472421646118
                ],
                [
                    -1.4901162970204496e-08,
                    0.895179808139801,
                    0.44570499658584595,
                    1.796694278717041
                ],
                [
                    0.0,
                    0.0,
                    0.0,
                    1.0
                ]
            ]
        },
        {
            "file_path": "/data/shapenet_blender/all_50_random/02958343/52ee842db08cd881979ef391885ee5d2/r_39",
            "rotation": 0.12566370614359174,
            "transform_matrix": [
                [
                    0.7181956171989441,
                    0.41730496287345886,
                    -0.5568227171897888,
                    -2.244624137878418
                ],
                [
                    -0.6958411931991577,
                    0.43071120977401733,
                    -0.5747110843658447,
                    -2.316734552383423
                ],
                [
                    0.0,
                    0.8002151250839233,
                    0.5997129082679749,
                    2.417520046234131
                ],
                [
                    0.0,
                    0.0,
                    0.0,
                    1.0
                ]
            ]
        },
        {
            "file_path": "/data/shapenet_blender/all_50_random/02958343/52ee842db08cd881979ef391885ee5d2/r_40",
            "rotation": 0.12566370614359174,
            "transform_matrix": [
                [
                    -0.9385902285575867,
                    0.20948120951652527,
                    0.27416419982910156,
                    1.1051913499832153
                ],
                [
                    0.3450339138507843,
                    0.569848358631134,
                    0.7458044290542603,
                    3.0064339637756348
                ],
                [
                    0.0,
                    0.794600784778595,
                    -0.6071321964263916,
                    -2.4474284648895264
                ],
                [
                    0.0,
                    0.0,
                    0.0,
                    1.0
                ]
            ]
        },
        {
            "file_path": "/data/shapenet_blender/all_50_random/02958343/52ee842db08cd881979ef391885ee5d2/r_41",
            "rotation": 0.12566370614359174,
            "transform_matrix": [
                [
                    0.8366208672523499,
                    0.4694708287715912,
                    -0.2822456657886505,
                    -1.1377686262130737
                ],
                [
                    -0.547782301902771,
                    0.7170166969299316,
                    -0.43107014894485474,
                    -1.7376993894577026
                ],
                [
                    0.0,
                    0.5152513980865479,
