{
    "class": "02958343",
    "model": "e0a8ac5ece3222ea16abce8cb03e7794",
    "remove_doubles": true,
    "edge_split": true,
    "denoise": true,
    "camera_angle_x": 0.6911112070083618,
    "scale_factor": 2.197720083073981,
    "hdri_file": "/data/IndoorHDRDataset2018/9C4A1649-7114015c3f.exr",
    "center_offset": [
        0.0,
        -4.656612873077393e-10,
        0.0
    ],
    "lights": [],
    "frames": [
        {
            "file_path": "/data/shapenet_blender/all_50_random/02958343/e0a8ac5ece3222ea16abce8cb03e7794/r_0",
            "rotation": 0.12566370614359174,
            "transform_matrix": [
                [
                    0.2521410584449768,
                    -0.9351319074630737,
                    0.24890395998954773,
                    1.0033639669418335
                ],
                [
                    0.9676904678344727,
                    0.24365761876106262,
                    -0.06485432386398315,
                    -0.2614361345767975
                ],
                [
                    0.0,
                    0.25721433758735657,
                    0.9663543701171875,
                    3.8954989910125732
                ],
                [
                    0.0,
                    0.0,
                    0.0,
                    1.0
                ]
            ]
        },
        {
            "file_path": "/data/shapenet_blender/all_50_random/02958343/e0a8ac5ece3222ea16abce8cb03e7794/r_1",
            "rotation": 0.12566370614359174,
            "transform_matrix": [
                [
                    0.5926108956336975,
                    -0.18018501996994019,
                    0.7850769758224487,
                    3.164746046066284
                ],
                [
                    0.8054889440536499,
                    0.13256493210792542,
                    -0.5775934457778931,
                    -2.3283534049987793
                ],
                [
                    7.450580596923828e-09,
                    0.9746587872505188,
                    0.2236965000629425,
                    0.901749312877655
                ],
                [
                    0.0,
                    0.0,
                    0.0,
                    1.0
                ]
            ]
        },
        {
            "file_path": "/data/shapenet_blender/all_50_random/02958343/e0a8ac5ece3222ea16abce8cb03e7794/r_2",
            "rotation": 0.12566370614359174,
            "transform_matrix": [
                [
                    -0.979314923286438,
                    -0.056485675275325775,
                    -0.19429761171340942,
                    -0.7832387685775757
                ],
                [
                    -0.20234178006649017,
                    0.27338528633117676,
                    0.9403819441795349,
                    3.7908010482788086
                ],
                [
                    0.0,
                    0.9602447152137756,
                    -0.27915966510772705,
                    -1.125328779220581
                ],
                [
                    0.0,
                    0.0,
                    0.0,
                    1.0
                ]
            ]
        },
        {
            "file_path": "/data/shapenet_blender/all_50_random/02958343/e0a8ac5ece3222ea16abce8cb03e7794/r_3",
            "rotation": 0.12566370614359174,
            "transform_matrix": [
                [
                    0.9998109340667725,
                    0.005652519408613443,
                    -0.018604297190904617,
                    -0.07499632239341736
                ],
                [
                    -0.019444044679403305,
                    0.29065200686454773,
                    -0.9566311836242676,
                    -3.8563036918640137
                ],
                [
                    0.0,
                    0.9568120837211609,
                    0.29070693254470825,
                    1.171877145767212
                ],
                [
                    0.0,
                    0.0,
                    0.0,
                    1.0
                ]
            ]
        },
        {
            "file_path": "/data/shapenet_blender/all_50_random/02958343/e0a8ac5ece3222ea16abce8cb03e7794/r_4",
            "rotation": 0.12566370614359174,
            "transform_matrix": [
                [
                    -0.7328873872756958,
                    -0.5878738164901733,
                    0.3424622714519501,
                    1.3805097341537476
                ],
                [
                    0.6803500652313232,
                    -0.6332700848579407,
                    0.3689076006412506,
                    1.4871141910552979
                ],
                [
                    0.0,
                    0.5033619403839111,
                    0.8640756011009216,
                    3.4832003116607666
                ],
                [
                    0.0,
                    0.0,
                    0.0,
                    1.0
                ]
            ]
        },
        {
            "file_path": "/data/shapenet_blender/all_50_random/02958343/e0a8ac5ece3222ea16abce8cb03e7794/r_5",
            "rotation": 0.12566370614359174,
            "transform_matrix": [
                [
                    0.8680832982063293,
                    -0.05068681761622429,
                    -0.4938240647315979,
                    -1.9906686544418335
                ],
                [
                    -0.4964185655117035,
                    -0.0886356458067894,
                    -0.8635463118553162,
                    -3.4810667037963867
                ],
                [
                    0.0,
                    0.9947735667228699,
                    -0.10210499912500381,
                    -0.41159844398498535
                ],
                [
                    0.0,
                    0.0,
                    0.0,
                    1.0
                ]
            ]
        },
        {
            "file_path": "/data/shapenet_blender/all_50_random/02958343/e0a8ac5ece3222ea16abce8cb03e7794/r_6",
            "rotation": 0.12566370614359174,
            "transform_matrix": [
                [
                    0.5565484762191772,
                    0.05744856223464012,
                    -0.8288266658782959,
                    -3.341106653213501
                ],
                [
                    -0.8308151364326477,
                    0.03848378360271454,
                    -0.5552164316177368,
                    -2.2381486892700195
                ],
                [
                    0.0,
                    0.9976065158843994,
                    0.06914723664522171,
                    0.27874138951301575
                ],
                [
                    0.0,
                    0.0,
                    0.0,
                    1.0
                ]
            ]
        },
        {
            "file_path": "/data/shapenet_blender/all_50_random/02958343/e0a8ac5ece3222ea16abce8cb03e7794/r_7",
            "rotation": 0.12566370614359174,
            "transform_matrix": [
                [
                    0.5226179361343384,
                    0.22599738836288452,
                    0.82206791639328,
                    3.313861846923828
                ],
                [
                    0.8525668978691101,
                    -0.13853491842746735,
                    -0.5039222240447998,
                    -2.0313754081726074
                ],
                [
                    7.450580152834618e-09,
                    0.9642267823219299,
                    -0.26507875323295593,
                    -1.0685666799545288
                ],
                [
                    0.0,
                    0.0,
                    0.0,
                    1.0
                ]
            ]
        },
        {
            "file_path": "/data/shapenet_blender/all_50_random/02958343/e0a8ac5ece3222ea16abce8cb03e7794/r_8",
            "rotation": 0.12566370614359174,
            "transform_matrix": [
                [
                    -0.44515660405158997,
                    -0.7764581441879272,
                    -0.4460361897945404,
                    -1.7980294227600098
                ],
                [
                    -0.8954527974128723,
                    0.38600075244903564,
                    0.2217380404472351,
                    0.8938546180725098
                ],
                [
                    0.0,
                    0.4981125295162201,
                    -0.867112398147583,
                    -3.4954419136047363
                ],
                [
                    0.0,
                    0.0,
                    0.0,
                    1.0
                ]
            ]
        },
        {
            "file_path": "/data/shapenet_blender/all_50_random/02958343/e0a8ac5ece3222ea16abce8cb03e7794/r_9",
            "rotation": 0.12566370614359174,
            "transform_matrix": [
                [
                    0.08892977237701416,
                    0.8396173715591431,
                    0.5358489751815796,
                    2.16007661819458
                ],
                [
                    0.9960379600524902,
                    -0.0749640017747879,
                    -0.04784248396754265,
                    -0.1928592324256897
                ],
                [
                    3.725290298461914e-09,
                    0.5379804968833923,
                    -0.8429571986198425,
                    -3.398069381713867
                ],
                [
                    0.0,
                    0.0,
                    0.0,
                    1.0
                ]
            ]
        },
        {
            "file_path": "/data/shapenet_blender/all_50_random/02958343/e0a8ac5ece3222ea16abce8cb03e7794/r_10",
            "rotation": 0.12566370614359174,
            "transform_matrix": [
                [
                    0.9870100617408752,
                    -0.03775943070650101,
                    -0.15615816414356232,
                    -0.6294935941696167
                ],
                [
                    -0.16065846383571625,
                    -0.2319761961698532,
                    -0.9593623280525208,
                    -3.8673126697540283
                ],
                [
                    0.0,
                    0.9719882607460022,
                    -0.23502925038337708,
                    -0.9474331140518188
                ],
                [
                    0.0,
                    0.0,
                    0.0,
                    1.0
                ]
            ]
        },
        {
            "file_path": "/data/shapenet_blender/all_50_random/02958343/e0a8ac5ece3222ea16abce8cb03e7794/r_11",
            "rotation": 0.12566370614359174,
            "transform_matrix": [
                [
                    -0.7585726380348206,
                    -0.5781293511390686,
                    0.30055636167526245,
                    1.2115814685821533
                ],
                [
                    0.6515886187553406,
                    -0.6730521321296692,
                    0.3499045670032501,
                    1.4105104207992554
                ],
                [
                    0.0,
                    0.46126702427864075,
                    0.8872612714767456,
                    3.576664686203003
                ],
                [
                    0.0,
                    0.0,
                    0.0,
                    1.0
                ]
            ]
        },
        {
            "file_path": "/data/shapenet_blender/all_50_random/02958343/e0a8ac5ece3222ea16abce8cb03e7794/r_12",
            "rotation": 0.12566370614359174,
            "transform_matrix": [
                [
                    -0.9997503161430359,
                    0.007125964853912592,
                    -0.02118145488202572,
                    -0.08538517355918884
                ],
                [
                    -0.022348009049892426,
                    -0.3187839388847351,
                    0.947563886642456,
                    3.8197522163391113
                ],
                [
                    -4.656613428188905e-10,
                    0.9478006362915039,
                    0.31886354088783264,
                    1.2853800058364868
                ],
                [
                    0.0,
                    0.0,
                    0.0,
                    1.0
                ]
            ]
        },
        {
            "file_path": "/data/shapenet_blender/all_50_random/02958343/e0a8ac5ece3222ea16abce8cb03e7794/r_13",
            "rotation": 0.12566370614359174,
            "transform_matrix": [
                [
                    -0.21755218505859375,
                    -0.5176403522491455,
                    -0.8274776935577393,
                    -3.3356692790985107
                ],
                [
                    -0.9760487079620361,
                    0.11537723243236542,
                    0.1844370812177658,
                    0.743489682674408
                ],
                [
                    0.0,
                    0.8477832078933716,
                    -0.5303428173065186,
                    -2.137880325317383
                ],
                [
                    0.0,
                    0.0,
                    0.0,
                    1.0
                ]
            ]
        },
        {
            "file_path": "/data/shapenet_blender/all_50_random/02958343/e0a8ac5ece3222ea16abce8cb03e7794/r_14",
            "rotation": 0.12566370614359174,
            "transform_matrix": [
                [
                    -0.11643810570240021,
                    -0.002507909433916211,
                    0.9931948184967041,
                    4.003696441650391
                ],
                [
                    0.9931979775428772,
                    -0.0002940160920843482,
                    0.11643772572278976,
                    0.46937549114227295
                ],
                [
                    0.0,
                    0.9999968409538269,
                    0.0025250848848372698,
                    0.010178943164646626
                ],
                [
                    0.0,
                    0.0,
                    0.0,
                    1.0
                ]
            ]
        },
        {
            "file_path": "/data/shapenet_blender/all_50_random/02958343/e0a8ac5ece3222ea16abce8cb03e7794/r_15",
            "rotation": 0.12566370614359174,
            "transform_matrix": [
                [
                    0.9998685121536255,
                    0.005662900395691395,
                    -0.015192805789411068,
                    -0.06124415993690491
                ],
                [
                    -0.016213875263929367,
                    0.34921663999557495,
                    -0.9369016885757446,
                    -3.7767715454101562
                ],
                [
                    0.0,
                    0.9370247721672058,
                    0.34926262497901917,
                    1.407922625541687
                ],
                [
                    0.0,
                    0.0,
                    0.0,
                    1.0
                ]
            ]
        },
        {
            "file_path": "/data/shapenet_blender/all_50_random/02958343/e0a8ac5ece3222ea16abce8cb03e7794/r_16",
            "rotation": 0.12566370614359174,
            "transform_matrix": [
                [
                    0.6397840976715088,
                    -0.01615556888282299,
                    -0.7683848142623901,
                    -3.0974583625793457
                ],
                [
                    -0.7685546875,
                    -0.01344871986657381,
                    -0.6396427154541016,
                    -2.578482151031494
                ],
                [
                    0.0,
                    0.9997790455818176,
                    -0.021020714193582535,
                    -0.08473721146583557
                ],
                [
                    0.0,
                    0.0,
                    0.0,
                    1.0
                ]
            ]
        },
        {
            "file_path": "/data/shapenet_blender/all_50_random/02958343/e0a8ac5ece3222ea16abce8cb03e7794/r_17",
            "rotation": 0.12566370614359174,
            "transform_matrix": [
                [
                    -0.9043495059013367,
                    -0.08597234636545181,
                    0.41804394125938416,
                    1.6851890087127686
                ],
                [
                    0.4267926514148712,
                    -0.18217052519321442,
                    0.885811448097229,
                    3.5708200931549072
                ],
                [
                    -7.450580152834618e-09,
                    0.9795011878013611,
                    0.20143823325634003,
                    0.8120235204696655
                ],
                [
                    0.0,
                    0.0,
                    0.0,
                    1.0
                ]
            ]
        },
        {
            "file_path": "/data/shapenet_blender/all_50_random/02958343/e0a8ac5ece3222ea16abce8cb03e7794/r_18",
            "rotation": 0.12566370614359174,
            "transform_matrix": [
                [
                    0.17658257484436035,
                    -0.3087935745716095,
                    0.9345936179161072,
                    3.7674672603607178
                ],
                [
                    0.984285831451416,
                    0.05539809912443161,
                    -0.1676677018404007,
                    -0.6758901476860046
                ],
                [
                    0.0,
                    0.9495144486427307,
                    0.31372347474098206,
                    1.2646597623825073
                ],
                [
                    0.0,
                    0.0,
                    0.0,
                    1.0
                ]
            ]
        },
        {
            "file_path": "/data/shapenet_blender/all_50_random/02958343/e0a8ac5ece3222ea16abce8cb03e7794/r_19",
            "rotation": 0.12566370614359174,
            "transform_matrix": [
                [
                    -0.34710052609443665,
                    0.9299082159996033,
                    0.12162122130393982,
                    0.49027082324028015
                ],
                [
                    0.9378278851509094,
                    0.34416937828063965,
                    0.045013368129730225,
                    0.18145468831062317
                ],
                [
                    0.0,
                    0.12968392670154572,
                    -0.9915553331375122,
                    -3.9970874786376953
                ],
                [
                    0.0,
                    0.0,
                    0.0,
                    1.0
                ]
            ]
        },
        {
            "file_path": "/data/shapenet_blender/all_50_random/02958343/e0a8ac5ece3222ea16abce8cb03e7794/r_20",
            "rotation": 0.12566370614359174,
            "transform_matrix": [
                [
                    -0.22857621312141418,
                    -0.664290726184845,
                    0.7116676568984985,
                    2.868824005126953
                ],
                [
                    0.9735260009765625,
                    -0.1559702306985855,
                    0.16709396243095398,
                    0.6735773086547852
                ],
                [
                    -7.4505797087454084e-09,
                    0.7310206294059753,
                    0.6823553442955017,
                    2.750662326812744
                ],
                [
                    0.0,
                    0.0,
                    0.0,
                    1.0
                ]
            ]
        },
        {
            "file_path": "/data/shapenet_blender/all_50_random/02958343/e0a8ac5ece3222ea16abce8cb03e7794/r_21",
            "rotation": 0.12566370614359174,
            "transform_matrix": [
                [
                    -0.9068517684936523,
                    0.018048593774437904,
                    -0.42106306552886963,
                    -1.6973598003387451
                ],
                [
                    -0.42144981026649475,
                    -0.03883593529462814,
                    0.9060196280479431,
                    3.652282476425171
                ],
                [
                    1.862645149230957e-09,
                    0.999082624912262,
                    0.04282500594854355,
                    0.17263314127922058
                ],
                [
                    0.0,
                    0.0,
                    0.0,
                    1.0
                ]
            ]
        },
        {
            "file_path": "/data/shapenet_blender/all_50_random/02958343/e0a8ac5ece3222ea16abce8cb03e7794/r_22",
            "rotation": 0.12566370614359174,
            "transform_matrix": [
                [
                    -0.6403625011444092,
                    0.31810036301612854,
                    0.6991052031517029,
                    2.818183183670044
                ],
                [
                    0.7680728435516357,
                    0.2652086019515991,
                    0.5828623175621033,
                    2.349593162536621
                ],
                [
                    0.0,
                    0.9102069139480591,
                    -0.4141538441181183,
                    -1.6695075035095215
                ],
                [
                    0.0,
                    0.0,
                    0.0,
                    1.0
                ]
            ]
        },
        {
            "file_path": "/data/shapenet_blender/all_50_random/02958343/e0a8ac5ece3222ea16abce8cb03e7794/r_23",
            "rotation": 0.12566370614359174,
            "transform_matrix": [
                [
                    0.7847642302513123,
                    -0.36672186851501465,
                    0.499659925699234,
                    2.014193296432495
                ],
                [
                    0.6197942495346069,
                    0.4643319249153137,
                    -0.6326539516448975,
                    -2.550309419631958
                ],
                [
                    -1.4901158529312397e-08,
                    0.8061705231666565,
                    0.5916832685470581,
                    2.3851511478424072
                ],
                [
                    0.0,
                    0.0,
                    0.0,
                    1.0
                ]
            ]
        },
        {
            "file_path": "/data/shapenet_blender/all_50_random/02958343/e0a8ac5ece3222ea16abce8cb03e7794/r_24",
            "rotation": 0.12566370614359174,
            "transform_matrix": [
                [
                    -0.9591801166534424,
                    0.017011430114507675,
                    -0.28228384256362915,
                    -1.1379225254058838
                ],
                [
                    -0.2827959954738617,
                    -0.05769893527030945,
                    0.9574430584907532,
                    3.859576463699341
                ],
                [
                    0.0,
                    0.9981890916824341,
                    0.06015443429350853,
                    0.2424902766942978
                ],
                [
                    0.0,
                    0.0,
                    0.0,
                    1.0
                ]
            ]
        },
        {
            "file_path": "/data/shapenet_blender/all_50_random/02958343/e0a8ac5ece3222ea16abce8cb03e7794/r_25",
            "rotation": 0.12566370614359174,
            "transform_matrix": [
                [
                    0.699117124080658,
                    -0.0029210203792899847,
                    -0.715001106262207,
                    -2.8822619915008545
                ],
                [
                    -0.7150070667266846,
                    -0.002856105100363493,
                    -0.69911128282547,
                    -2.8182079792022705
                ],
                [
                    0.0,
                    0.9999915957450867,
                    -0.0040853023529052734,
                    -0.016468381509184837
                ],
                [
                    0.0,
                    0.0,
                    0.0,
                    1.0
                ]
            ]
        },
        {
            "file_path": "/data/shapenet_blender/all_50_random/02958343/e0a8ac5ece3222ea16abce8cb03e7794/r_26",
            "rotation": 0.12566370614359174,
            "transform_matrix": [
                [
                    0.8536874651908875,
                    -0.3902665972709656,
                    0.34483280777931213,
                    1.3900655508041382
                ],
                [
                    0.5207856297492981,
                    0.6397367119789124,
                    -0.5652602910995483,
                    -2.278637170791626
                ],
                [
                    0.0,
                    0.6621395945549011,
                    0.7493804693222046,
                    3.0208492279052734
                ],
                [
                    0.0,
                    0.0,
                    0.0,
                    1.0
                ]
            ]
        },
        {
            "file_path": "/data/shapenet_blender/all_50_random/02958343/e0a8ac5ece3222ea16abce8cb03e7794/r_27",
            "rotation": 0.12566370614359174,
            "transform_matrix": [
                [
                    0.9823122620582581,
                    0.05635635182261467,
                    -0.17856772243976593,
                    -0.7198295593261719
                ],
                [
                    -0.18724976480007172,
                    0.29564544558525085,
                    -0.9367663264274597,
                    -3.776226043701172
                ],
                [
                    3.725290076417309e-09,
                    0.9536339640617371,
                    0.30096885561943054,
                    1.2132444381713867
                ],
                [
                    0.0,
                    0.0,
                    0.0,
                    1.0
                ]
            ]
        },
        {
            "file_path": "/data/shapenet_blender/all_50_random/02958343/e0a8ac5ece3222ea16abce8cb03e7794/r_28",
            "rotation": 0.12566370614359174,
            "transform_matrix": [
                [
                    -0.5867600440979004,
                    0.2375638782978058,
                    0.7741291522979736,
                    3.120614767074585
                ],
                [
                    0.8097609877586365,
                    0.1721409112215042,
                    0.5609409213066101,
                    2.261225461959839
                ],
                [
                    0.0,
                    0.9559972882270813,
                    -0.2933753430843353,
                    -1.1826339960098267
                ],
                [
                    0.0,
                    0.0,
                    0.0,
                    1.0
                ]
            ]
        },
        {
            "file_path": "/data/shapenet_blender/all_50_random/02958343/e0a8ac5ece3222ea16abce8cb03e7794/r_29",
            "rotation": 0.12566370614359174,
            "transform_matrix": [
                [
                    0.8089110851287842,
                    -0.05216451361775398,
                    -0.5856122970581055,
                    -2.3606786727905273
                ],
                [
                    -0.5879310369491577,
                    -0.07177108526229858,
                    -0.8057208061218262,
                    -3.247964382171631
                ],
                [
                    3.725290742551124e-09,
                    0.9960559606552124,
                    -0.08872558176517487,
                    -0.3576642572879791
                ],
                [
                    0.0,
                    0.0,
                    0.0,
                    1.0
                ]
            ]
        },
        {
            "file_path": "/data/shapenet_blender/all_50_random/02958343/e0a8ac5ece3222ea16abce8cb03e7794/r_30",
            "rotation": 0.12566370614359174,
            "transform_matrix": [
                [
                    0.9891237020492554,
                    -0.07719959318637848,
                    0.1251981556415558,
                    0.5046899914741516
                ],
                [
                    0.1470862329006195,
                    0.5191509127616882,
                    -0.8419310450553894,
                    -3.393932819366455
                ],
                [
                    0.0,
                    0.8511889576911926,
                    0.5248593688011169,
                    2.1157760620117188
                ],
                [
                    0.0,
                    0.0,
                    0.0,
                    1.0
                ]
            ]
        },
        {
            "file_path": "/data/shapenet_blender/all_50_random/02958343/e0a8ac5ece3222ea16abce8cb03e7794/r_31",
            "rotation": 0.12566370614359174,
            "transform_matrix": [
                [
                    -0.21096424758434296,
                    0.8322679996490479,
                    0.512663722038269,
                    2.0666136741638184
                ],
                [
                    0.9774938225746155,
                    0.1796213835477829,
                    0.1106438860297203,
                    0.4460197687149048
                ],
                [
                    0.0,
                    0.524467408657074,
                    -0.8514304161071777,
                    -3.4322257041931152
                ],
                [
                    0.0,
                    0.0,
                    0.0,
                    1.0
                ]
            ]
        },
        {
            "file_path": "/data/shapenet_blender/all_50_random/02958343/e0a8ac5ece3222ea16abce8cb03e7794/r_32",
            "rotation": 0.12566370614359174,
            "transform_matrix": [
                [
                    0.5827484726905823,
                    -0.006321438588202,
                    0.8126279711723328,
                    3.275808095932007
                ],
                [
                    0.812652587890625,
                    0.004533066879957914,
                    -0.582730770111084,
                    -2.349062919616699
                ],
                [
                    -4.656612873077393e-10,
                    0.9999697208404541,
                    0.0077787707559764385,
                    0.03135722875595093
                ],
                [
                    0.0,
                    0.0,
                    0.0,
                    1.0
                ]
            ]
        },
        {
            "file_path": "/data/shapenet_blender/all_50_random/02958343/e0a8ac5ece3222ea16abce8cb03e7794/r_33",
            "rotation": 0.12566370614359174,
            "transform_matrix": [
                [
                    -0.21442030370235443,
                    0.017259905114769936,
                    0.9765889644622803,
                    3.936756134033203
                ],
                [
                    0.9767415523529053,
                    0.0037890002131462097,
                    0.21438680589199066,
                    0.8642208576202393
                ],
                [
                    4.656613428188905e-10,
                    0.9998437762260437,
                    -0.017670903354883194,
                    -0.07123368978500366
                ],
                [
                    0.0,
                    0.0,
                    0.0,
                    1.0
                ]
            ]
        },
        {
            "file_path": "/data/shapenet_blender/all_50_random/02958343/e0a8ac5ece3222ea16abce8cb03e7794/r_34",
            "rotation": 0.12566370614359174,
            "transform_matrix": [
                [
                    0.4303050935268402,
                    -0.5111992359161377,
                    -0.7439844608306885,
                    -2.9990973472595215
                ],
                [
                    -0.902683436870575,
                    -0.24368634819984436,
                    -0.3546540141105652,
                    -1.4296560287475586
                ],
                [
                    1.4901160305669237e-08,
                    0.8241919279098511,
                    -0.5663105249404907,
                    -2.2828707695007324
                ],
                [
                    0.0,
                    0.0,
                    0.0,
                    1.0
                ]
            ]
        },
        {
            "file_path": "/data/shapenet_blender/all_50_random/02958343/e0a8ac5ece3222ea16abce8cb03e7794/r_35",
            "rotation": 0.12566370614359174,
            "transform_matrix": [
                [
                    0.9967493414878845,
                    -0.06128417328000069,
                    -0.05229735001921654,
                    -0.2108173668384552
                ],
                [
                    -0.08056527376174927,
                    -0.7582045793533325,
                    -0.6470201015472412,
                    -2.6082215309143066
                ],
                [
                    0.0,
                    0.6491301655769348,
                    -0.7606772780418396,
                    -3.0663881301879883
                ],
                [
                    0.0,
                    0.0,
                    0.0,
                    1.0
                ]
            ]
        },
        {
            "file_path": "/data/shapenet_blender/all_50_random/02958343/e0a8ac5ece3222ea16abce8cb03e7794/r_36",
            "rotation": 0.12566370614359174,
            "transform_matrix": [
                [
                    -0.7942759990692139,
                    -0.31541645526885986,
                    0.5192667841911316,
                    2.093231439590454
                ],
                [
                    0.6075569987297058,
                    -0.412352591753006,
                    0.6788517832756042,
                    2.736539125442505
                ],
                [
                    -2.9802320611338473e-08,
                    0.8546799421310425,
                    0.5191552639007568,
                    2.0927817821502686
                ],
                [
                    0.0,
                    0.0,
                    0.0,
                    1.0
                ]
            ]
        },
        {
            "file_path": "/data/shapenet_blender/all_50_random/02958343/e0a8ac5ece3222ea16abce8cb03e7794/r_37",
            "rotation": 0.12566370614359174,
            "transform_matrix": [
                [
                    -0.056822583079338074,
                    0.7653703093528748,
                    0.6410767436027527,
                    2.5842630863189697
                ],
                [
                    0.9983842968940735,
                    0.0435606986284256,
                    0.036486588418483734,
                    0.1470821350812912
                ],
                [
                    0.0,
                    0.6421141028404236,
                    -0.7666089534759521,
                    -3.090299606323242
                ],
                [
                    0.0,
                    0.0,
                    0.0,
                    1.0
                ]
            ]
        },
        {
            "file_path": "/data/shapenet_blender/all_50_random/02958343/e0a8ac5ece3222ea16abce8cb03e7794/r_38",
            "rotation": 0.12566370614359174,
            "transform_matrix": [
                [
                    -0.8052453398704529,
                    -0.13261011242866516,
                    -0.5779224634170532,
                    -2.3296802043914795
                ],
                [
                    -0.5929417014122009,
                    0.18009136617183685,
                    0.7848484516143799,
                    3.163825511932373
                ],
                [
                    7.450580152834618e-09,
                    0.9746699929237366,
                    -0.223647803068161,
                    -0.901553213596344
                ],
                [
                    0.0,
                    0.0,
                    0.0,
                    1.0
                ]
            ]
        },
        {
            "file_path": "/data/shapenet_blender/all_50_random/02958343/e0a8ac5ece3222ea16abce8cb03e7794/r_39",
            "rotation": 0.12566370614359174,
            "transform_matrix": [
                [
                    0.4617947041988373,
                    0.6697531342506409,
                    0.5815293192863464,
                    2.344219923019409
                ],
                [
                    0.8869869112968445,
                    -0.34869563579559326,
                    -0.3027634024620056,
                    -1.2204784154891968
                ],
                [
                    0.0,
                    0.6556233167648315,
                    -0.7550879716873169,
                    -3.0438570976257324
                ],
                [
                    0.0,
                    0.0,
                    0.0,
                    1.0
                ]
            ]
        },
        {
            "file_path": "/data/shapenet_blender/all_50_random/02958343/e0a8ac5ece3222ea16abce8cb03e7794/r_40",
            "rotation": 0.12566370614359174,
            "transform_matrix": [
                [
                    0.47205018997192383,
                    0.3345894515514374,
                    -0.8156092762947083,
                    -3.2878260612487793
                ],
                [
                    -0.8815717101097107,
                    0.1791606992483139,
                    -0.43672963976860046,
                    -1.760513424873352
                ],
                [
                    0.0,
                    0.9251762628555298,
                    0.3795374929904938,
                    1.529964566230774
                ],
                [
                    0.0,
                    0.0,
                    0.0,
                    1.0
                ]
            ]
        },
        {
            "file_path": "/data/shapenet_blender/all_50_random/02958343/e0a8ac5ece3222ea16abce8cb03e7794/r_41",
            "rotation": 0.12566370614359174,
            "transform_matrix": [
                [
                    -0.6299012899398804,
                    -0.5035218000411987,
                    -0.591346025466919,
                    -2.3837921619415283
                ],
                [
                    -0.7766752243041992,
                    0.40836766362190247,
                    0.4795951247215271,
                    1.93330979347229
                ],
                [
                    0.0,
                    0.7613814473152161,
                    -0.6483042240142822,
