{
    "class": "02958343",
    "model": "2cbd461545e71ffcd3b83549e73dc79d",
    "remove_doubles": true,
    "edge_split": true,
    "denoise": true,
    "camera_angle_x": 0.6911112070083618,
    "scale_factor": 2.3349046917591814,
    "hdri_file": "/data/IndoorHDRDataset2018/AG8A1097-49cfea8ebc.exr",
    "center_offset": [
        0.0,
        -1.862645149230957e-09,
        -1.862645149230957e-09
    ],
    "lights": [],
    "frames": [
        {
            "file_path": "/data/shapenet_blender/all_50_random/02958343/2cbd461545e71ffcd3b83549e73dc79d/r_0",
            "rotation": 0.12566370614359174,
            "transform_matrix": [
                [
                    0.2121848165988922,
                    0.21582265198230743,
                    0.9530991911888123,
                    3.8420658111572266
                ],
                [
                    0.9772295355796814,
                    -0.04686134681105614,
                    -0.20694543421268463,
                    -0.834223747253418
                ],
                [
                    0.0,
                    0.9753074049949646,
                    -0.22085152566432953,
                    -0.8902809619903564
                ],
                [
                    0.0,
                    0.0,
                    0.0,
                    1.0
                ]
            ]
        },
        {
            "file_path": "/data/shapenet_blender/all_50_random/02958343/2cbd461545e71ffcd3b83549e73dc79d/r_1",
            "rotation": 0.12566370614359174,
            "transform_matrix": [
                [
                    -0.9883913993835449,
                    0.1287589818239212,
                    0.08064556866884232,
                    0.3250926733016968
                ],
                [
                    0.1519295573234558,
                    0.8376531600952148,
                    0.5246469974517822,
                    2.114919662475586
                ],
                [
                    0.0,
                    0.5308088064193726,
                    -0.8474915027618408,
                    -3.4163475036621094
                ],
                [
                    0.0,
                    0.0,
                    0.0,
                    1.0
                ]
            ]
        },
        {
            "file_path": "/data/shapenet_blender/all_50_random/02958343/2cbd461545e71ffcd3b83549e73dc79d/r_2",
            "rotation": 0.12566370614359174,
            "transform_matrix": [
                [
                    -0.2166985422372818,
                    0.019640345126390457,
                    -0.9760410189628601,
                    -3.934546947479248
                ],
                [
                    -0.9762386083602905,
                    -0.0043596248142421246,
                    0.2166546732187271,
                    0.8733628988265991
                ],
                [
                    0.0,
                    0.9997975826263428,
                    0.020118389278650284,
                    0.08109981566667557
                ],
                [
                    0.0,
                    0.0,
                    0.0,
                    1.0
                ]
            ]
        },
        {
            "file_path": "/data/shapenet_blender/all_50_random/02958343/2cbd461545e71ffcd3b83549e73dc79d/r_3",
            "rotation": 0.12566370614359174,
            "transform_matrix": [
                [
                    0.14665944874286652,
                    -0.012739415280520916,
                    0.9891049861907959,
                    3.9872097969055176
                ],
                [
                    0.9891870617866516,
                    0.001888778991997242,
                    -0.14664728939533234,
                    -0.591154158115387
                ],
                [
                    0.0,
                    0.9999170303344727,
                    0.012878671288490295,
                    0.05191558599472046
                ],
                [
                    0.0,
                    0.0,
                    0.0,
                    1.0
                ]
            ]
        },
        {
            "file_path": "/data/shapenet_blender/all_50_random/02958343/2cbd461545e71ffcd3b83549e73dc79d/r_4",
            "rotation": 0.12566370614359174,
            "transform_matrix": [
                [
                    0.05010460317134857,
                    0.24956391751766205,
                    0.9670611023902893,
                    3.898348331451416
                ],
                [
                    0.9987440705299377,
                    -0.012520024552941322,
                    -0.048515141010284424,
                    -0.19557079672813416
                ],
                [
                    0.0,
                    0.9682773351669312,
                    -0.24987776577472687,
                    -1.0072895288467407
                ],
                [
                    0.0,
                    0.0,
                    0.0,
                    1.0
                ]
            ]
        },
        {
            "file_path": "/data/shapenet_blender/all_50_random/02958343/2cbd461545e71ffcd3b83549e73dc79d/r_5",
            "rotation": 0.12566370614359174,
            "transform_matrix": [
                [
                    0.7522091865539551,
                    0.1966419816017151,
                    0.6288985013961792,
                    2.535170555114746
                ],
                [
                    0.658924400806427,
                    -0.22448085248470306,
                    -0.7179325222969055,
                    -2.894078254699707
                ],
                [
                    0.0,
                    0.9544318914413452,
                    -0.2984287738800049,
                    -1.2030047178268433
                ],
                [
                    0.0,
                    0.0,
                    0.0,
                    1.0
                ]
            ]
        },
        {
            "file_path": "/data/shapenet_blender/all_50_random/02958343/2cbd461545e71ffcd3b83549e73dc79d/r_6",
            "rotation": 0.12566370614359174,
            "transform_matrix": [
                [
                    -0.35631275177001953,
                    -0.5593112707138062,
                    0.7484731674194336,
                    3.0171918869018555
                ],
                [
                    0.934366762638092,
                    -0.2132885754108429,
                    0.2854238450527191,
                    1.1505802869796753
                ],
                [
                    0.0,
                    0.8010485768318176,
                    0.5985993146896362,
                    2.4130311012268066
                ],
                [
                    0.0,
                    0.0,
                    0.0,
                    1.0
                ]
            ]
        },
        {
            "file_path": "/data/shapenet_blender/all_50_random/02958343/2cbd461545e71ffcd3b83549e73dc79d/r_7",
            "rotation": 0.12566370614359174,
            "transform_matrix": [
                [
                    -0.99992835521698,
                    0.0021707001142203808,
                    -0.011772842146456242,
                    -0.04745784401893616
                ],
                [
                    -0.011971288360655308,
                    -0.18131250143051147,
                    0.9833526015281677,
                    3.9640212059020996
                ],
                [
                    2.3283064365386963e-10,
                    0.9834231734275818,
                    0.1813254952430725,
                    0.73094642162323
                ],
                [
                    0.0,
                    0.0,
                    0.0,
                    1.0
                ]
            ]
        },
        {
            "file_path": "/data/shapenet_blender/all_50_random/02958343/2cbd461545e71ffcd3b83549e73dc79d/r_8",
            "rotation": 0.12566370614359174,
            "transform_matrix": [
                [
                    -0.9073388576507568,
                    0.2360583394765854,
                    -0.34786880016326904,
                    -1.40230393409729
                ],
                [
                    -0.42040014266967773,
                    -0.5094786882400513,
                    0.750796377658844,
                    3.026556968688965
                ],
                [
                    0.0,
                    0.8274708390235901,
                    0.5615087151527405,
                    2.2635140419006348
                ],
                [
                    0.0,
                    0.0,
                    0.0,
                    1.0
                ]
            ]
        },
        {
            "file_path": "/data/shapenet_blender/all_50_random/02958343/2cbd461545e71ffcd3b83549e73dc79d/r_9",
            "rotation": 0.12566370614359174,
            "transform_matrix": [
                [
                    0.7328537106513977,
                    -0.5812273025512695,
                    -0.3536950945854187,
                    -1.425790548324585
                ],
                [
                    -0.6803862452507019,
                    -0.6260482668876648,
                    -0.3809700310230255,
                    -1.5357393026351929
                ],
                [
                    -1.4901161193847656e-08,
                    0.5198445916175842,
                    -0.8542608618736267,
                    -3.4436357021331787
                ],
                [
                    0.0,
                    0.0,
                    0.0,
                    1.0
                ]
            ]
        },
        {
            "file_path": "/data/shapenet_blender/all_50_random/02958343/2cbd461545e71ffcd3b83549e73dc79d/r_10",
            "rotation": 0.12566370614359174,
            "transform_matrix": [
                [
                    -0.6127551794052124,
                    -0.4219730794429779,
                    -0.6681839227676392,
                    -2.693535566329956
                ],
                [
                    -0.7902727723121643,
                    0.32718604803085327,
                    0.5180909633636475,
                    2.088491439819336
                ],
                [
                    2.9802322387695312e-08,
                    0.8455104827880859,
                    -0.5339587926864624,
                    -2.152456760406494
                ],
                [
                    0.0,
                    0.0,
                    0.0,
                    1.0
                ]
            ]
        },
        {
            "file_path": "/data/shapenet_blender/all_50_random/02958343/2cbd461545e71ffcd3b83549e73dc79d/r_11",
            "rotation": 0.12566370614359174,
            "transform_matrix": [
                [
                    -0.8920426964759827,
                    0.15016824007034302,
                    -0.42627379298210144,
                    -1.7183645963668823
                ],
                [
                    -0.45195117592811584,
                    -0.2963959276676178,
                    0.8413617610931396,
                    3.3916375637054443
                ],
                [
                    0.0,
                    0.9431854486465454,
                    0.33226650953292847,
                    1.3394091129302979
                ],
                [
                    0.0,
                    0.0,
                    0.0,
                    1.0
                ]
            ]
        },
        {
            "file_path": "/data/shapenet_blender/all_50_random/02958343/2cbd461545e71ffcd3b83549e73dc79d/r_12",
            "rotation": 0.12566370614359174,
            "transform_matrix": [
                [
                    -0.16268642246723175,
                    0.6745316386222839,
                    0.7200971841812134,
                    2.9028048515319824
                ],
                [
                    0.9866778254508972,
                    0.11121883243322372,
                    0.11873181909322739,
                    0.47862330079078674
                ],
                [
                    0.0,
                    0.7298200726509094,
                    -0.6836392283439636,
                    -2.75583815574646
                ],
                [
                    0.0,
                    0.0,
                    0.0,
                    1.0
                ]
            ]
        },
        {
            "file_path": "/data/shapenet_blender/all_50_random/02958343/2cbd461545e71ffcd3b83549e73dc79d/r_13",
            "rotation": 0.12566370614359174,
            "transform_matrix": [
                [
                    -0.818257212638855,
                    0.1857367902994156,
                    0.5440191626548767,
                    2.1930112838745117
                ],
                [
                    0.5748520493507385,
                    0.26438185572624207,
                    0.774368941783905,
                    3.1215808391571045
                ],
                [
                    0.0,
                    0.9463635683059692,
                    -0.3231036067008972,
                    -1.3024722337722778
                ],
                [
                    0.0,
                    0.0,
                    0.0,
                    1.0
                ]
            ]
        },
        {
            "file_path": "/data/shapenet_blender/all_50_random/02958343/2cbd461545e71ffcd3b83549e73dc79d/r_14",
            "rotation": 0.12566370614359174,
            "transform_matrix": [
                [
                    -0.9986016750335693,
                    0.03673210367560387,
                    0.03802137076854706,
                    0.15326905250549316
                ],
                [
                    0.052866555750370026,
                    0.6938363909721375,
                    0.7181894779205322,
                    2.8951144218444824
                ],
                [
                    -1.862645371275562e-09,
                    0.7191952466964722,
                    -0.6948080062866211,
                    -2.800860643386841
                ],
                [
                    0.0,
                    0.0,
                    0.0,
                    1.0
                ]
            ]
        },
        {
            "file_path": "/data/shapenet_blender/all_50_random/02958343/2cbd461545e71ffcd3b83549e73dc79d/r_15",
            "rotation": 0.12566370614359174,
            "transform_matrix": [
                [
                    -0.4707168638706207,
                    -0.6254953145980835,
                    -0.6222388744354248,
                    -2.5083253383636475
                ],
                [
                    -0.8822843432426453,
                    0.33371463418006897,
                    0.3319772481918335,
                    1.3382432460784912
                ],
                [
                    1.4901161193847656e-08,
                    0.7052589058876038,
                    -0.7089497447013855,
                    -2.857867956161499
                ],
                [
                    0.0,
                    0.0,
                    0.0,
                    1.0
                ]
            ]
        },
        {
            "file_path": "/data/shapenet_blender/all_50_random/02958343/2cbd461545e71ffcd3b83549e73dc79d/r_16",
            "rotation": 0.12566370614359174,
            "transform_matrix": [
                [
                    0.8442285060882568,
                    -0.0023318736348301172,
                    -0.5359783172607422,
                    -2.160597801208496
                ],
                [
                    -0.5359833240509033,
                    -0.003672938793897629,
                    -0.8442205190658569,
                    -3.4031617641448975
                ],
                [
                    0.0,
                    0.9999905824661255,
                    -0.004350645001977682,
                    -0.017538011074066162
                ],
                [
                    0.0,
                    0.0,
                    0.0,
                    1.0
                ]
            ]
        },
        {
            "file_path": "/data/shapenet_blender/all_50_random/02958343/2cbd461545e71ffcd3b83549e73dc79d/r_17",
            "rotation": 0.12566370614359174,
            "transform_matrix": [
                [
                    -0.05515332520008087,
                    0.28804588317871094,
                    -0.956027090549469,
                    -3.853868007659912
                ],
                [
                    -0.9984778761863708,
                    -0.015910908579826355,
                    0.052808452397584915,
                    0.21287766098976135
                ],
                [
                    -2.7939672797572257e-09,
                    0.9574844241142273,
                    0.28848502039909363,
                    1.1629201173782349
                ],
                [
                    0.0,
                    0.0,
                    0.0,
                    1.0
                ]
            ]
        },
        {
            "file_path": "/data/shapenet_blender/all_50_random/02958343/2cbd461545e71ffcd3b83549e73dc79d/r_18",
            "rotation": 0.12566370614359174,
            "transform_matrix": [
                [
                    -0.49451783299446106,
                    -0.01695721410214901,
                    -0.8690020442008972,
                    -3.5030593872070312
                ],
                [
                    -0.8691675662994385,
                    0.00964790303260088,
                    0.49442362785339355,
                    1.9930853843688965
                ],
                [
                    0.0,
                    0.9998096227645874,
                    -0.01950971968472004,
                    -0.07864619791507721
                ],
                [
                    0.0,
                    0.0,
                    0.0,
                    1.0
                ]
            ]
        },
        {
            "file_path": "/data/shapenet_blender/all_50_random/02958343/2cbd461545e71ffcd3b83549e73dc79d/r_19",
            "rotation": 0.12566370614359174,
            "transform_matrix": [
                [
                    -0.9910240173339844,
                    0.02826799638569355,
                    0.13066135346889496,
                    0.5267128348350525
                ],
                [
                    0.13368423283100128,
                    0.2095554620027542,
                    0.968614935874939,
                    3.904611825942993
                ],
                [
                    1.862645371275562e-09,
                    0.9773880243301392,
                    -0.21145346760749817,
                    -0.8523962497711182
                ],
                [
                    0.0,
                    0.0,
                    0.0,
                    1.0
                ]
            ]
        },
        {
            "file_path": "/data/shapenet_blender/all_50_random/02958343/2cbd461545e71ffcd3b83549e73dc79d/r_20",
            "rotation": 0.12566370614359174,
            "transform_matrix": [
                [
                    0.3444600999355316,
                    -0.47154462337493896,
                    -0.8117837905883789,
                    -3.2724051475524902
                ],
                [
                    -0.9388010501861572,
                    -0.173016756772995,
                    -0.29785558581352234,
                    -1.2006943225860596
                ],
                [
                    1.4901162970204496e-08,
                    0.8647027015686035,
                    -0.5022839307785034,
                    -2.024771213531494
                ],
                [
                    0.0,
                    0.0,
                    0.0,
                    1.0
                ]
            ]
        },
        {
            "file_path": "/data/shapenet_blender/all_50_random/02958343/2cbd461545e71ffcd3b83549e73dc79d/r_21",
            "rotation": 0.12566370614359174,
            "transform_matrix": [
                [
                    -0.8689195513725281,
                    -0.1092967540025711,
                    -0.4827348589897156,
                    -1.9459667205810547
                ],
                [
                    -0.49495333433151245,
                    0.1918768584728241,
                    0.8474693298339844,
                    3.4162585735321045
                ],
                [
                    0.0,
                    0.9753140211105347,
                    -0.2208223044872284,
                    -0.8901633024215698
                ],
                [
                    0.0,
                    0.0,
                    0.0,
                    1.0
                ]
            ]
        },
        {
            "file_path": "/data/shapenet_blender/all_50_random/02958343/2cbd461545e71ffcd3b83549e73dc79d/r_22",
            "rotation": 0.12566370614359174,
            "transform_matrix": [
                [
                    -0.39750003814697266,
                    -0.6307594180107117,
                    0.6664353609085083,
                    2.6864871978759766
                ],
                [
                    0.9176021814346313,
                    -0.2732413709163666,
                    0.2886959910392761,
                    1.1637709140777588
                ],
                [
                    0.0,
                    0.7262793183326721,
                    0.6873996257781982,
                    2.7709968090057373
                ],
                [
                    0.0,
                    0.0,
                    0.0,
                    1.0
                ]
            ]
        },
        {
            "file_path": "/data/shapenet_blender/all_50_random/02958343/2cbd461545e71ffcd3b83549e73dc79d/r_23",
            "rotation": 0.12566370614359174,
            "transform_matrix": [
                [
                    -0.8146249651908875,
                    0.2962271571159363,
                    0.49863359332084656,
                    2.010056495666504
                ],
                [
                    0.5799879431724548,
                    0.41606736183166504,
                    0.7003583312034607,
                    2.823235034942627
                ],
                [
                    -1.4901160305669237e-08,
                    0.8597310185432434,
                    -0.5107470154762268,
                    -2.058887243270874
                ],
                [
                    0.0,
                    0.0,
                    0.0,
                    1.0
                ]
            ]
        },
        {
            "file_path": "/data/shapenet_blender/all_50_random/02958343/2cbd461545e71ffcd3b83549e73dc79d/r_24",
            "rotation": 0.12566370614359174,
            "transform_matrix": [
                [
                    -0.2257765233516693,
                    -0.042827241122722626,
                    0.9732372164726257,
                    3.9232449531555176
                ],
                [
                    0.9741791486740112,
                    -0.009925675578415394,
                    0.22555822134017944,
                    0.9092543125152588
                ],
                [
                    0.0,
                    0.9990332126617432,
                    0.04396238550543785,
                    0.17721806466579437
                ],
                [
                    0.0,
                    0.0,
                    0.0,
                    1.0
                ]
            ]
        },
        {
            "file_path": "/data/shapenet_blender/all_50_random/02958343/2cbd461545e71ffcd3b83549e73dc79d/r_25",
            "rotation": 0.12566370614359174,
            "transform_matrix": [
                [
                    0.9994403719902039,
                    -0.010233083739876747,
                    0.03184602037072182,
                    0.12837542593479156
                ],
                [
                    0.03344973921775818,
                    0.3057529628276825,
                    -0.9515230059623718,
                    -3.835712194442749
                ],
                [
                    -1.862645149230957e-09,
                    0.952055811882019,
                    0.30592411756515503,
                    1.2332197427749634
                ],
                [
                    0.0,
                    0.0,
                    0.0,
                    1.0
                ]
            ]
        },
        {
            "file_path": "/data/shapenet_blender/all_50_random/02958343/2cbd461545e71ffcd3b83549e73dc79d/r_26",
            "rotation": 0.12566370614359174,
            "transform_matrix": [
                [
                    -0.9782063961029053,
                    -0.17829976975917816,
                    0.10640201717615128,
                    0.42892026901245117
                ],
                [
                    0.20763476192951202,
                    -0.8400037288665771,
                    0.501279890537262,
                    2.020724058151245
                ],
                [
                    0.0,
                    0.5124479532241821,
                    0.85871821641922,
                    3.461604118347168
                ],
                [
                    0.0,
                    0.0,
                    0.0,
                    1.0
                ]
            ]
        },
        {
            "file_path": "/data/shapenet_blender/all_50_random/02958343/2cbd461545e71ffcd3b83549e73dc79d/r_27",
            "rotation": 0.12566370614359174,
            "transform_matrix": [
                [
                    0.9415173530578613,
                    0.26322659850120544,
                    -0.2103731632232666,
                    -0.8480414152145386
                ],
                [
                    -0.33696457743644714,
                    0.7354850172996521,
                    -0.5878064632415771,
                    -2.3695240020751953
                ],
                [
                    0.0,
                    0.6243183016777039,
                    0.7811698913574219,
                    3.1489968299865723
                ],
                [
                    0.0,
                    0.0,
                    0.0,
                    1.0
                ]
            ]
        },
        {
            "file_path": "/data/shapenet_blender/all_50_random/02958343/2cbd461545e71ffcd3b83549e73dc79d/r_28",
            "rotation": 0.12566370614359174,
            "transform_matrix": [
                [
                    0.6544504165649414,
                    0.03819544240832329,
                    0.7551395297050476,
                    3.044064998626709
                ],
                [
                    0.7561049461364746,
                    -0.03306025639176369,
                    -0.6536147594451904,
                    -2.634805679321289
                ],
                [
                    1.862645149230957e-09,
                    0.9987232685089111,
                    -0.050516050308942795,
                    -0.20363672077655792
                ],
                [
                    0.0,
                    0.0,
                    0.0,
                    1.0
                ]
            ]
        },
        {
            "file_path": "/data/shapenet_blender/all_50_random/02958343/2cbd461545e71ffcd3b83549e73dc79d/r_29",
            "rotation": 0.12566370614359174,
            "transform_matrix": [
                [
                    -0.6566265821456909,
                    0.1542338877916336,
                    0.7382773160934448,
                    2.976091146469116
                ],
                [
                    0.7542157173156738,
                    0.1342773139476776,
                    0.6427504420280457,
                    2.5910098552703857
                ],
                [
                    7.450580152834618e-09,
                    0.9788674712181091,
                    -0.20449568331241608,
                    -0.8243484497070312
                ],
                [
                    0.0,
                    0.0,
                    0.0,
                    1.0
                ]
            ]
        },
        {
            "file_path": "/data/shapenet_blender/all_50_random/02958343/2cbd461545e71ffcd3b83549e73dc79d/r_30",
            "rotation": 0.12566370614359174,
            "transform_matrix": [
                [
                    -0.7233127355575562,
                    -0.15881045162677765,
                    0.6720104217529297,
                    2.70896053314209
                ],
                [
                    0.690520703792572,
                    -0.16635218262672424,
                    0.7039234042167664,
                    2.8376059532165527
                ],
                [
                    7.450580596923828e-09,
                    0.9731937646865845,
                    0.22998657822608948,
                    0.9271054863929749
                ],
                [
                    0.0,
                    0.0,
                    0.0,
                    1.0
                ]
            ]
        },
        {
            "file_path": "/data/shapenet_blender/all_50_random/02958343/2cbd461545e71ffcd3b83549e73dc79d/r_31",
            "rotation": 0.12566370614359174,
            "transform_matrix": [
                [
                    -0.943740725517273,
                    0.10370828956365585,
                    0.31400325894355774,
                    1.2657876014709473
                ],
                [
                    0.3306863605976105,
                    0.29597151279449463,
                    0.8961291313171387,
                    3.6124119758605957
                ],
                [
                    -7.450580596923828e-09,
                    0.9495500326156616,
                    -0.3136153519153595,
                    -1.2642239332199097
                ],
                [
                    0.0,
                    0.0,
                    0.0,
                    1.0
                ]
            ]
        },
        {
            "file_path": "/data/shapenet_blender/all_50_random/02958343/2cbd461545e71ffcd3b83549e73dc79d/r_32",
            "rotation": 0.12566370614359174,
            "transform_matrix": [
                [
                    0.7389972805976868,
                    0.2910507321357727,
                    0.6075955033302307,
                    2.449295997619629
                ],
                [
                    0.6737082600593567,
                    -0.31925642490386963,
                    -0.6664775609970093,
                    -2.686657190322876
                ],
                [
                    -1.4901160305669237e-08,
                    0.9018672704696655,
                    -0.43201297521591187,
                    -1.7415001392364502
                ],
                [
                    0.0,
                    0.0,
                    0.0,
                    1.0
                ]
            ]
        },
        {
            "file_path": "/data/shapenet_blender/all_50_random/02958343/2cbd461545e71ffcd3b83549e73dc79d/r_33",
            "rotation": 0.12566370614359174,
            "transform_matrix": [
                [
                    -0.3090915381908417,
                    0.0693889707326889,
                    0.9484975337982178,
                    3.8235158920288086
                ],
                [
                    0.9510323405265808,
                    0.022551853209733963,
                    0.3082677125930786,
                    1.2426668405532837
                ],
                [
                    1.862645149230957e-09,
                    0.9973347783088684,
                    -0.0729617327451706,
                    -0.29411816596984863
                ],
                [
                    0.0,
                    0.0,
                    0.0,
                    1.0
                ]
            ]
        },
        {
            "file_path": "/data/shapenet_blender/all_50_random/02958343/2cbd461545e71ffcd3b83549e73dc79d/r_34",
            "rotation": 0.12566370614359174,
            "transform_matrix": [
                [
                    0.8762586116790771,
                    0.008453574031591415,
                    0.4817669093608856,
                    1.9420645236968994
                ],
                [
                    0.4818410575389862,
                    -0.01537336129695177,
                    -0.8761237859725952,
                    -3.5317678451538086
                ],
                [
                    -4.656612873077393e-10,
                    0.9998460412025452,
                    -0.017544321715831757,
                    -0.07072342187166214
                ],
                [
                    0.0,
                    0.0,
                    0.0,
                    1.0
                ]
            ]
        },
        {
            "file_path": "/data/shapenet_blender/all_50_random/02958343/2cbd461545e71ffcd3b83549e73dc79d/r_35",
            "rotation": 0.12566370614359174,
            "transform_matrix": [
                [
                    0.9999629259109497,
                    -0.008538501337170601,
                    0.0011425138218328357,
                    0.004605621099472046
                ],
                [
                    0.008614601567387581,
                    0.991129457950592,
                    -0.13262034952640533,
                    -0.5346097946166992
                ],
                [
                    0.0,
                    0.13262514770030975,
                    0.9911661744117737,
                    3.995518922805786
                ],
                [
                    0.0,
                    0.0,
                    0.0,
                    1.0
                ]
            ]
        },
        {
            "file_path": "/data/shapenet_blender/all_50_random/02958343/2cbd461545e71ffcd3b83549e73dc79d/r_36",
            "rotation": 0.12566370614359174,
            "transform_matrix": [
                [
                    0.9419344067573547,
                    0.15079614520072937,
                    -0.3000333309173584,
                    -1.2094731330871582
                ],
                [
                    -0.3357968032360077,
                    0.42299413681030273,
                    -0.8416153192520142,
                    -3.392660140991211
                ],
                [
                    0.0,
                    0.8934968113899231,
                    0.4490695297718048,
                    1.8102573156356812
                ],
                [
                    0.0,
                    0.0,
                    0.0,
                    1.0
                ]
            ]
        },
        {
            "file_path": "/data/shapenet_blender/all_50_random/02958343/2cbd461545e71ffcd3b83549e73dc79d/r_37",
            "rotation": 0.12566370614359174,
            "transform_matrix": [
                [
                    -0.809578537940979,
                    0.18843252956867218,
                    -0.555945873260498,
                    -2.2410898208618164
                ],
                [
                    -0.5870116949081421,
                    -0.25987711548805237,
                    0.7667340040206909,
                    3.090803861618042
                ],
                [
                    1.4901162970204496e-08,
                    0.9470781087875366,
                    0.3210030198097229,
                    1.2940046787261963
                ],
                [
                    0.0,
                    0.0,
                    0.0,
                    1.0
                ]
            ]
        },
        {
            "file_path": "/data/shapenet_blender/all_50_random/02958343/2cbd461545e71ffcd3b83549e73dc79d/r_38",
            "rotation": 0.12566370614359174,
            "transform_matrix": [
                [
                    -0.8262275457382202,
                    0.3299828767776489,
                    -0.4565734267234802,
                    -1.8405063152313232
                ],
                [
                    -0.5633364319801331,
                    -0.483975350856781,
                    0.6696416735649109,
                    2.6994118690490723
                ],
                [
                    0.0,
                    0.8104808330535889,
                    0.5857651233673096,
                    2.361294746398926
                ],
                [
                    0.0,
                    0.0,
                    0.0,
                    1.0
                ]
            ]
        },
        {
            "file_path": "/data/shapenet_blender/all_50_random/02958343/2cbd461545e71ffcd3b83549e73dc79d/r_39",
            "rotation": 0.12566370614359174,
            "transform_matrix": [
                [
                    0.9989699721336365,
                    0.02163682132959366,
                    0.039885513484478,
                    0.16078364849090576
                ],
                [
                    0.04537627100944519,
                    -0.47633999586105347,
                    -0.8780895471572876,
                    -3.5396921634674072
                ],
                [
                    0.0,
                    0.8789949417114258,
                    -0.4768311381340027,
                    -1.9221677780151367
                ],
                [
                    0.0,
                    0.0,
                    0.0,
                    1.0
                ]
            ]
        },
        {
            "file_path": "/data/shapenet_blender/all_50_random/02958343/2cbd461545e71ffcd3b83549e73dc79d/r_40",
            "rotation": 0.12566370614359174,
            "transform_matrix": [
                [
                    -0.7132458686828613,
                    0.5473721027374268,
                    0.43779456615448,
                    1.7648065090179443
                ],
                [
                    0.7009139060974121,
                    0.557002604007721,
                    0.44549718499183655,
                    1.7958567142486572
                ],
                [
                    1.4901161193847656e-08,
                    0.6246053576469421,
                    -0.7809404730796814,
                    -3.1480720043182373
                ],
                [
                    0.0,
                    0.0,
                    0.0,
                    1.0
                ]
            ]
        },
        {
            "file_path": "/data/shapenet_blender/all_50_random/02958343/2cbd461545e71ffcd3b83549e73dc79d/r_41",
            "rotation": 0.12566370614359174,
            "transform_matrix": [
                [
                    0.747905969619751,
                    -0.5055745244026184,
                    0.4301522970199585,
                    1.7339993715286255
                ],
                [
                    0.6638045310974121,
                    0.5696288347244263,
                    -0.4846509099006653,
                    -1.9536902904510498
                ],
                [
