{
    "class": "02958343",
    "model": "8997065fe94841771ef06e9b490109d8",
    "remove_doubles": true,
    "edge_split": true,
    "denoise": true,
    "camera_angle_x": 0.6911112070083618,
    "scale_factor": 2.253991035607347,
    "hdri_file": "/data/IndoorHDRDataset2018/AG8A0428-e476ea5d27.exr",
    "center_offset": [
        0.0,
        0.0,
        3.725290298461914e-09
    ],
    "lights": [],
    "frames": [
        {
            "file_path": "/data/shapenet_blender/all_50_random/02958343/8997065fe94841771ef06e9b490109d8/r_0",
            "rotation": 0.12566370614359174,
            "transform_matrix": [
                [
                    0.8220038414001465,
                    -0.08045630156993866,
                    0.5637699365615845,
                    2.2726292610168457
                ],
                [
                    0.5694820284843445,
                    0.11613252013921738,
                    -0.8137588500976562,
                    -3.280366897583008
                ],
                [
                    7.450581485102248e-09,
                    0.9899694919586182,
                    0.14127981662750244,
                    0.5695171356201172
                ],
                [
                    0.0,
                    0.0,
                    0.0,
                    1.0
                ]
            ]
        },
        {
            "file_path": "/data/shapenet_blender/all_50_random/02958343/8997065fe94841771ef06e9b490109d8/r_1",
            "rotation": 0.12566370614359174,
            "transform_matrix": [
                [
                    0.9990592002868652,
                    -0.023381397128105164,
                    -0.03652430325746536,
                    -0.14723417162895203
                ],
                [
                    -0.043367207050323486,
                    -0.5386419892311096,
                    -0.8414177894592285,
                    -3.3918635845184326
                ],
                [
                    -1.862645371275562e-09,
                    0.8422101140022278,
                    -0.539149284362793,
                    -2.1733803749084473
                ],
                [
                    0.0,
                    0.0,
                    0.0,
                    1.0
                ]
            ]
        },
        {
            "file_path": "/data/shapenet_blender/all_50_random/02958343/8997065fe94841771ef06e9b490109d8/r_2",
            "rotation": 0.12566370614359174,
            "transform_matrix": [
                [
                    0.45398926734924316,
                    0.8094546794891357,
                    -0.372393399477005,
                    -1.5011658668518066
                ],
                [
                    -0.8910072445869446,
                    0.4124363362789154,
                    -0.1897432506084442,
                    -0.7648795247077942
                ],
                [
                    0.0,
                    0.41794654726982117,
                    0.9084715843200684,
                    3.662166118621826
                ],
                [
                    0.0,
                    0.0,
                    0.0,
                    1.0
                ]
            ]
        },
        {
            "file_path": "/data/shapenet_blender/all_50_random/02958343/8997065fe94841771ef06e9b490109d8/r_3",
            "rotation": 0.12566370614359174,
            "transform_matrix": [
                [
                    0.8335244059562683,
                    0.22904616594314575,
                    0.5027671456336975,
                    2.026719331741333
                ],
                [
                    0.5524826049804688,
                    -0.3455594480037689,
                    -0.7585192918777466,
                    -3.0576894283294678
                ],
                [
                    1.4901161193847656e-08,
                    0.9100146293640137,
                    -0.4145761728286743,
                    -1.6712101697921753
                ],
                [
                    0.0,
                    0.0,
                    0.0,
                    1.0
                ]
            ]
        },
        {
            "file_path": "/data/shapenet_blender/all_50_random/02958343/8997065fe94841771ef06e9b490109d8/r_4",
            "rotation": 0.12566370614359174,
            "transform_matrix": [
                [
                    -0.31061211228370667,
                    -0.012535467743873596,
                    -0.95045405626297,
                    -3.8314027786254883
                ],
                [
                    -0.9505367279052734,
                    0.0040962835773825645,
                    0.3105851113796234,
                    1.2520086765289307
                ],
                [
                    -2.3283062977608182e-10,
                    0.9999130964279175,
                    -0.013187778182327747,
                    -0.053161635994911194
                ],
                [
                    0.0,
                    0.0,
                    0.0,
                    1.0
                ]
            ]
        },
        {
            "file_path": "/data/shapenet_blender/all_50_random/02958343/8997065fe94841771ef06e9b490109d8/r_5",
            "rotation": 0.12566370614359174,
            "transform_matrix": [
                [
                    0.6982612609863281,
                    -0.22714519500732422,
                    -0.6788491606712341,
                    -2.7365283966064453
                ],
                [
                    -0.7158429622650146,
                    -0.2215663343667984,
                    -0.6621760725975037,
                    -2.6693172454833984
                ],
                [
                    -1.4901162970204496e-08,
                    0.9483212828636169,
                    -0.31731149554252625,
                    -1.2791235446929932
                ],
                [
                    0.0,
                    0.0,
                    0.0,
                    1.0
                ]
            ]
        },
        {
            "file_path": "/data/shapenet_blender/all_50_random/02958343/8997065fe94841771ef06e9b490109d8/r_6",
            "rotation": 0.12566370614359174,
            "transform_matrix": [
                [
                    0.5254563093185425,
                    0.3129080832004547,
                    -0.7911916375160217,
                    -3.1893954277038574
                ],
                [
                    -0.8508206605911255,
                    0.19324816763401031,
                    -0.48863014578819275,
                    -1.9697309732437134
                ],
                [
                    1.4901161193847656e-08,
                    0.9299159049987793,
                    0.3677721321582794,
                    1.482536792755127
                ],
                [
                    0.0,
                    0.0,
                    0.0,
                    1.0
                ]
            ]
        },
        {
            "file_path": "/data/shapenet_blender/all_50_random/02958343/8997065fe94841771ef06e9b490109d8/r_7",
            "rotation": 0.12566370614359174,
            "transform_matrix": [
                [
                    0.8940648436546326,
                    -0.1273515522480011,
                    0.4294527471065521,
                    1.7311794757843018
                ],
                [
                    0.44793760776519775,
                    0.2541883885860443,
                    -0.8571698069572449,
                    -3.455362319946289
                ],
                [
                    7.450580596923828e-09,
                    0.9587334394454956,
                    0.2843064069747925,
                    1.146075963973999
                ],
                [
                    0.0,
                    0.0,
                    0.0,
                    1.0
                ]
            ]
        },
        {
            "file_path": "/data/shapenet_blender/all_50_random/02958343/8997065fe94841771ef06e9b490109d8/r_8",
            "rotation": 0.12566370614359174,
            "transform_matrix": [
                [
                    0.9902466535568237,
                    -0.11222421377897263,
                    0.08256740868091583,
                    0.33283987641334534
                ],
                [
                    0.13932572305202484,
                    0.7976248860359192,
                    -0.5868414640426636,
                    -2.365633726119995
                ],
                [
                    0.0,
                    0.5926214456558228,
                    0.8054810762405396,
                    3.2469980716705322
                ],
                [
                    0.0,
                    0.0,
                    0.0,
                    1.0
                ]
            ]
        },
        {
            "file_path": "/data/shapenet_blender/all_50_random/02958343/8997065fe94841771ef06e9b490109d8/r_9",
            "rotation": 0.12566370614359174,
            "transform_matrix": [
                [
                    0.8106012344360352,
                    0.21885307133197784,
                    -0.5431656241416931,
                    -2.189570665359497
                ],
                [
                    -0.5855985283851624,
                    0.30294233560562134,
                    -0.7518645524978638,
                    -3.030863046646118
                ],
                [
                    0.0,
                    0.9275394082069397,
                    0.37372544407844543,
                    1.5065354108810425
                ],
                [
                    0.0,
                    0.0,
                    0.0,
                    1.0
                ]
            ]
        },
        {
            "file_path": "/data/shapenet_blender/all_50_random/02958343/8997065fe94841771ef06e9b490109d8/r_10",
            "rotation": 0.12566370614359174,
            "transform_matrix": [
                [
                    -0.9800844788551331,
                    -0.05861644819378853,
                    0.18973258137702942,
                    0.7648365497589111
                ],
                [
                    0.19858083128929138,
                    -0.2892982065677643,
                    0.9364144802093506,
                    3.7748076915740967
                ],
                [
                    3.725290298461914e-09,
                    0.9554426074028015,
                    0.29517674446105957,
                    1.1898956298828125
                ],
                [
                    0.0,
                    0.0,
                    0.0,
                    1.0
                ]
            ]
        },
        {
            "file_path": "/data/shapenet_blender/all_50_random/02958343/8997065fe94841771ef06e9b490109d8/r_11",
            "rotation": 0.12566370614359174,
            "transform_matrix": [
                [
                    0.814302921295166,
                    -0.0015870557399466634,
                    0.5804378390312195,
                    2.3398196697235107
                ],
                [
                    0.5804399847984314,
                    0.0022264905273914337,
                    -0.814300000667572,
                    -3.282548189163208
                ],
                [
                    1.164153010102531e-10,
                    0.9999963045120239,
                    0.0027342289686203003,
                    0.01102202944457531
                ],
                [
                    0.0,
                    0.0,
                    0.0,
                    1.0
                ]
            ]
        },
        {
            "file_path": "/data/shapenet_blender/all_50_random/02958343/8997065fe94841771ef06e9b490109d8/r_12",
            "rotation": 0.12566370614359174,
            "transform_matrix": [
                [
                    0.05307665094733238,
                    0.5840103626251221,
                    0.8100090622901917,
                    3.2652511596679688
                ],
                [
                    0.9985904693603516,
                    -0.031041067093610764,
                    -0.04305324703454971,
                    -0.1735531985759735
                ],
                [
                    1.862645371275562e-09,
                    0.8111523985862732,
                    -0.5848346948623657,
                    -2.357544183731079
                ],
                [
                    0.0,
                    0.0,
                    0.0,
                    1.0
                ]
            ]
        },
        {
            "file_path": "/data/shapenet_blender/all_50_random/02958343/8997065fe94841771ef06e9b490109d8/r_13",
            "rotation": 0.12566370614359174,
            "transform_matrix": [
                [
                    -0.9619989395141602,
                    -0.16589143872261047,
                    0.21688257157802582,
                    0.8742815852165222
                ],
                [
                    0.2730531394481659,
                    -0.5844553709030151,
                    0.7641032934188843,
                    3.0801990032196045
                ],
                [
                    0.0,
                    0.7942870855331421,
                    0.6075426340103149,
                    2.449082612991333
                ],
                [
                    0.0,
                    0.0,
                    0.0,
                    1.0
                ]
            ]
        },
        {
            "file_path": "/data/shapenet_blender/all_50_random/02958343/8997065fe94841771ef06e9b490109d8/r_14",
            "rotation": 0.12566370614359174,
            "transform_matrix": [
                [
                    -0.9836294054985046,
                    -0.010884626768529415,
                    0.17987409234046936,
                    0.7250956296920776
                ],
                [
                    0.18020310997962952,
                    -0.05941317602992058,
                    0.9818334579467773,
                    3.957897186279297
                ],
                [
                    0.0,
                    0.9981741309165955,
                    0.060401998460292816,
                    0.24348823726177216
                ],
                [
                    0.0,
                    0.0,
                    0.0,
                    1.0
                ]
            ]
        },
        {
            "file_path": "/data/shapenet_blender/all_50_random/02958343/8997065fe94841771ef06e9b490109d8/r_15",
            "rotation": 0.12566370614359174,
            "transform_matrix": [
                [
                    0.486320823431015,
                    0.23962581157684326,
                    -0.8402805924415588,
                    -3.387279510498047
                ],
                [
                    -0.8737803101539612,
                    0.13336879014968872,
                    -0.4676758646965027,
                    -1.8852616548538208
                ],
                [
                    0.0,
                    0.9616611003875732,
                    0.2742403745651245,
                    1.1054983139038086
                ],
                [
                    0.0,
                    0.0,
                    0.0,
                    1.0
                ]
            ]
        },
        {
            "file_path": "/data/shapenet_blender/all_50_random/02958343/8997065fe94841771ef06e9b490109d8/r_16",
            "rotation": 0.12566370614359174,
            "transform_matrix": [
                [
                    -0.7717097401618958,
                    -0.3624247610569,
                    -0.5226015448570251,
                    -2.1066741943359375
                ],
                [
                    -0.6359749436378479,
                    0.43977633118629456,
                    0.6341392993927002,
                    2.5562973022460938
                ],
                [
                    0.0,
                    0.8217329978942871,
                    -0.5698727369308472,
                    -2.2972304821014404
                ],
                [
                    0.0,
                    0.0,
                    0.0,
                    1.0
                ]
            ]
        },
        {
            "file_path": "/data/shapenet_blender/all_50_random/02958343/8997065fe94841771ef06e9b490109d8/r_17",
            "rotation": 0.12566370614359174,
            "transform_matrix": [
                [
                    -0.13284774124622345,
                    -0.706023633480072,
                    0.6956163048744202,
                    2.804119348526001
                ],
                [
                    0.9911365509033203,
                    -0.09463241696357727,
                    0.09323746711015701,
                    0.3758522868156433
                ],
                [
                    0.0,
                    0.7018371224403381,
                    0.7123373746871948,
                    2.8715240955352783
                ],
                [
                    0.0,
                    0.0,
                    0.0,
                    1.0
                ]
            ]
        },
        {
            "file_path": "/data/shapenet_blender/all_50_random/02958343/8997065fe94841771ef06e9b490109d8/r_18",
            "rotation": 0.12566370614359174,
            "transform_matrix": [
                [
                    0.37101128697395325,
                    0.43425223231315613,
                    0.8208383321762085,
                    3.3089051246643066
                ],
                [
                    0.9286283850669861,
                    -0.1734951287508011,
                    -0.32794639468193054,
                    -1.3219941854476929
                ],
                [
                    0.0,
                    0.8839255571365356,
                    -0.4676275849342346,
                    -1.885067105293274
                ],
                [
                    0.0,
                    0.0,
                    0.0,
                    1.0
                ]
            ]
        },
        {
            "file_path": "/data/shapenet_blender/all_50_random/02958343/8997065fe94841771ef06e9b490109d8/r_19",
            "rotation": 0.12566370614359174,
            "transform_matrix": [
                [
                    0.7981099486351013,
                    -0.32354363799095154,
                    -0.5082716941833496,
                    -2.0489087104797363
                ],
                [
                    -0.6025119423866272,
                    -0.42857804894447327,
                    -0.6732757687568665,
                    -2.7140614986419678
                ],
                [
                    0.0,
                    0.8435877561569214,
                    -0.5369912385940552,
                    -2.1646809577941895
                ],
                [
                    0.0,
                    0.0,
                    0.0,
                    1.0
                ]
            ]
        },
        {
            "file_path": "/data/shapenet_blender/all_50_random/02958343/8997065fe94841771ef06e9b490109d8/r_20",
            "rotation": 0.12566370614359174,
            "transform_matrix": [
                [
                    -0.9203425049781799,
                    -0.20655441284179688,
                    0.3321220576763153,
                    1.3388270139694214
                ],
                [
                    0.3911135792732239,
                    -0.48605015873908997,
                    0.781527578830719,
                    3.1504387855529785
                ],
                [
                    0.0,
                    0.849170446395874,
                    0.5281187295913696,
                    2.1289148330688477
                ],
                [
                    0.0,
                    0.0,
                    0.0,
                    1.0
                ]
            ]
        },
        {
            "file_path": "/data/shapenet_blender/all_50_random/02958343/8997065fe94841771ef06e9b490109d8/r_21",
            "rotation": 0.12566370614359174,
            "transform_matrix": [
                [
                    -0.9911591410636902,
                    0.10212968289852142,
                    0.08469434082508087,
                    0.34141379594802856
                ],
                [
                    0.1326785683631897,
                    0.7629473805427551,
                    0.6326987147331238,
                    2.550490140914917
                ],
                [
                    -7.450580596923828e-09,
                    0.6383421421051025,
                    -0.7697526812553406,
                    -3.1029722690582275
                ],
                [
                    0.0,
                    0.0,
                    0.0,
                    1.0
                ]
            ]
        },
        {
            "file_path": "/data/shapenet_blender/all_50_random/02958343/8997065fe94841771ef06e9b490109d8/r_22",
            "rotation": 0.12566370614359174,
            "transform_matrix": [
                [
                    0.6612893342971802,
                    0.08113817125558853,
                    -0.7457298040390015,
                    -3.0061330795288086
                ],
                [
                    -0.7501309514045715,
                    0.0715285986661911,
                    -0.6574094891548157,
                    -2.650102376937866
                ],
                [
                    3.725290298461914e-09,
                    0.994132936000824,
                    0.10816535353660583,
                    0.43602848052978516
                ],
                [
                    0.0,
                    0.0,
                    0.0,
                    1.0
                ]
            ]
        },
        {
            "file_path": "/data/shapenet_blender/all_50_random/02958343/8997065fe94841771ef06e9b490109d8/r_23",
            "rotation": 0.12566370614359174,
            "transform_matrix": [
                [
                    -0.37521958351135254,
                    0.4569586217403412,
                    0.8064731359481812,
                    3.250997543334961
                ],
                [
                    0.9269359111785889,
                    0.18497484922409058,
                    0.32645678520202637,
                    1.3159894943237305
                ],
                [
                    0.0,
                    0.8700419664382935,
                    -0.4929775595664978,
                    -1.9872561693191528
                ],
                [
                    0.0,
                    0.0,
                    0.0,
                    1.0
                ]
            ]
        },
        {
            "file_path": "/data/shapenet_blender/all_50_random/02958343/8997065fe94841771ef06e9b490109d8/r_24",
            "rotation": 0.12566370614359174,
            "transform_matrix": [
                [
                    0.9963870644569397,
                    0.04716755449771881,
                    0.07062537223100662,
                    0.2846999764442444
                ],
                [
                    0.08492773026227951,
                    -0.5533780455589294,
                    -0.8285892009735107,
                    -3.3401498794555664
                ],
                [
                    3.725290076417309e-09,
                    0.8315936326980591,
                    -0.5553845763206482,
                    -2.2388267517089844
                ],
                [
                    0.0,
                    0.0,
                    0.0,
                    1.0
                ]
            ]
        },
        {
            "file_path": "/data/shapenet_blender/all_50_random/02958343/8997065fe94841771ef06e9b490109d8/r_25",
            "rotation": 0.12566370614359174,
            "transform_matrix": [
                [
                    -0.3421851098537445,
                    -0.41203269362449646,
                    0.844475269317627,
                    3.404188632965088
                ],
                [
                    0.9396324753761292,
                    -0.15004956722259521,
                    0.30753180384635925,
                    1.2397003173828125
                ],
                [
                    -1.4901158529312397e-08,
                    0.8987292647361755,
                    0.43850401043891907,
                    1.767666220664978
                ],
                [
                    0.0,
                    0.0,
                    0.0,
                    1.0
                ]
            ]
        },
        {
            "file_path": "/data/shapenet_blender/all_50_random/02958343/8997065fe94841771ef06e9b490109d8/r_26",
            "rotation": 0.12566370614359174,
            "transform_matrix": [
                [
                    -0.6758882999420166,
                    -0.3238774240016937,
                    -0.6620259284973145,
                    -2.6687119007110596
                ],
                [
                    -0.7370039820671082,
                    0.2970200777053833,
                    0.6071277260780334,
                    2.4474101066589355
                ],
                [
                    2.9802320611338473e-08,
                    0.8982663750648499,
                    -0.4394513964653015,
                    -1.7714850902557373
                ],
                [
                    0.0,
                    0.0,
                    0.0,
                    1.0
                ]
            ]
        },
        {
            "file_path": "/data/shapenet_blender/all_50_random/02958343/8997065fe94841771ef06e9b490109d8/r_27",
            "rotation": 0.12566370614359174,
            "transform_matrix": [
                [
                    0.7633921504020691,
                    0.36853113770484924,
                    0.5304876565933228,
                    2.1384639739990234
                ],
                [
                    0.6459352374076843,
                    -0.4355449080467224,
                    -0.6269516348838806,
                    -2.52732253074646
                ],
                [
                    -1.4901160305669237e-08,
                    0.8212705850601196,
                    -0.5705388784408569,
                    -2.2999155521392822
                ],
                [
                    0.0,
                    0.0,
                    0.0,
                    1.0
                ]
            ]
        },
        {
            "file_path": "/data/shapenet_blender/all_50_random/02958343/8997065fe94841771ef06e9b490109d8/r_28",
            "rotation": 0.12566370614359174,
            "transform_matrix": [
                [
                    -0.9831488132476807,
                    -0.019647980108857155,
                    -0.18174795806407928,
                    -0.7326494455337524
                ],
                [
                    -0.18280687928199768,
                    0.10566826909780502,
                    0.9774537682533264,
                    3.940242052078247
                ],
                [
                    0.0,
                    0.9942072033882141,
                    -0.10747942328453064,
                    -0.4332634210586548
                ],
                [
                    0.0,
                    0.0,
                    0.0,
                    1.0
                ]
            ]
        },
        {
            "file_path": "/data/shapenet_blender/all_50_random/02958343/8997065fe94841771ef06e9b490109d8/r_29",
            "rotation": 0.12566370614359174,
            "transform_matrix": [
                [
                    -0.41518861055374146,
                    0.47249650955200195,
                    -0.7774093747138977,
                    -3.1338376998901367
                ],
                [
                    -0.9097353219985962,
                    -0.21563982963562012,
                    0.3547971844673157,
                    1.430233359336853
                ],
                [
                    1.4901160305669237e-08,
                    0.8545445799827576,
                    0.5193779468536377,
                    2.093679666519165
                ],
                [
                    0.0,
                    0.0,
                    0.0,
                    1.0
                ]
            ]
        },
        {
            "file_path": "/data/shapenet_blender/all_50_random/02958343/8997065fe94841771ef06e9b490109d8/r_30",
            "rotation": 0.12566370614359174,
            "transform_matrix": [
                [
                    0.5503351092338562,
                    0.5826569199562073,
                    -0.598031759262085,
                    -2.410743236541748
                ],
                [
                    -0.8349438309669495,
                    0.38404572010040283,
                    -0.39417973160743713,
                    -1.5889893770217896
                ],
                [
                    -1.4901161193847656e-08,
                    0.7162538766860962,
                    0.6978397369384766,
                    2.813081979751587
                ],
                [
                    0.0,
                    0.0,
                    0.0,
                    1.0
                ]
            ]
        },
        {
            "file_path": "/data/shapenet_blender/all_50_random/02958343/8997065fe94841771ef06e9b490109d8/r_31",
            "rotation": 0.12566370614359174,
            "transform_matrix": [
                [
                    -0.9726023077964783,
                    0.148403599858284,
                    0.1789444237947464,
                    0.7213481068611145
                ],
                [
                    0.23247525095939636,
                    0.6208733320236206,
                    0.7486463785171509,
                    3.017890214920044
                ],
                [
                    -7.450580596923828e-09,
                    0.7697353363037109,
                    -0.6383630037307739,
                    -2.5733237266540527
                ],
                [
                    0.0,
                    0.0,
                    0.0,
                    1.0
                ]
            ]
        },
        {
            "file_path": "/data/shapenet_blender/all_50_random/02958343/8997065fe94841771ef06e9b490109d8/r_32",
            "rotation": 0.12566370614359174,
            "transform_matrix": [
                [
                    -0.14003892242908478,
                    0.004226195625960827,
                    -0.990136981010437,
                    -3.9913697242736816
                ],
                [
                    -0.9901460409164429,
                    -0.0005977218388579786,
                    0.1400376409292221,
                    0.5645098090171814
                ],
                [
                    -5.820766091346741e-11,
                    0.9999909400939941,
                    0.0042682550847530365,
                    0.01720588654279709
                ],
                [
                    0.0,
                    0.0,
                    0.0,
                    1.0
                ]
            ]
        },
        {
            "file_path": "/data/shapenet_blender/all_50_random/02958343/8997065fe94841771ef06e9b490109d8/r_33",
            "rotation": 0.12566370614359174,
            "transform_matrix": [
                [
                    -0.9893632531166077,
                    0.06313744187355042,
                    -0.13105040788650513,
                    -0.5282810926437378
                ],
                [
                    -0.1454666703939438,
                    -0.42941707372665405,
                    0.8913138508796692,
                    3.593001127243042
                ],
                [
                    -3.725290742551124e-09,
                    0.9008965492248535,
                    0.4340337812900543,
                    1.7496461868286133
                ],
                [
                    0.0,
                    0.0,
                    0.0,
                    1.0
                ]
            ]
        },
        {
            "file_path": "/data/shapenet_blender/all_50_random/02958343/8997065fe94841771ef06e9b490109d8/r_34",
            "rotation": 0.12566370614359174,
            "transform_matrix": [
                [
                    0.9380295872688293,
                    0.0015472070081159472,
                    0.34655192494392395,
                    1.3969955444335938
                ],
                [
                    0.3465554118156433,
                    -0.004187860991805792,
                    -0.9380201697349548,
                    -3.781280279159546
                ],
                [
                    -1.1641532182693481e-10,
                    0.9999900460243225,
                    -0.004464530386030674,
                    -0.017997097223997116
                ],
                [
                    0.0,
                    0.0,
                    0.0,
                    1.0
                ]
            ]
        },
        {
            "file_path": "/data/shapenet_blender/all_50_random/02958343/8997065fe94841771ef06e9b490109d8/r_35",
            "rotation": 0.12566370614359174,
            "transform_matrix": [
                [
                    -0.9257885813713074,
                    -0.15400996804237366,
                    -0.34524843096733093,
                    -1.3917409181594849
                ],
                [
                    -0.3780417740345001,
                    0.3771559000015259,
                    0.8454807996749878,
                    3.4082422256469727
                ],
                [
                    0.0,
                    0.9132547378540039,
                    -0.407388836145401,
                    -1.6422369480133057
                ],
                [
                    0.0,
                    0.0,
                    0.0,
                    1.0
                ]
            ]
        },
        {
            "file_path": "/data/shapenet_blender/all_50_random/02958343/8997065fe94841771ef06e9b490109d8/r_36",
            "rotation": 0.12566370614359174,
            "transform_matrix": [
                [
                    -0.5613551139831543,
                    -0.6404570937156677,
                    -0.524113655090332,
                    -2.112769842147827
                ],
                [
                    -0.8275749087333679,
                    0.4344305992126465,
                    0.3555133044719696,
                    1.4331200122833252
                ],
                [
                    -1.4901158529312397e-08,
                    0.6333126425743103,
                    -0.7738960981369019,
                    -3.1196749210357666
                ],
                [
                    0.0,
                    0.0,
                    0.0,
                    1.0
                ]
            ]
        },
        {
            "file_path": "/data/shapenet_blender/all_50_random/02958343/8997065fe94841771ef06e9b490109d8/r_37",
            "rotation": 0.12566370614359174,
            "transform_matrix": [
                [
                    0.30083325505256653,
                    -0.11334409564733505,
                    -0.9469174146652222,
                    -3.817145824432373
                ],
                [
                    -0.9536767601966858,
                    -0.03575391322374344,
                    -0.29870104789733887,
                    -1.2041022777557373
                ],
                [
                    -3.725290298461914e-09,
                    0.9929121732711792,
                    -0.11884961277246475,
                    -0.47909805178642273
                ],
                [
                    0.0,
                    0.0,
                    0.0,
                    1.0
                ]
            ]
        },
        {
            "file_path": "/data/shapenet_blender/all_50_random/02958343/8997065fe94841771ef06e9b490109d8/r_38",
            "rotation": 0.12566370614359174,
            "transform_matrix": [
                [
                    -0.43729355931282043,
                    0.5440152287483215,
                    0.7161157131195068,
                    2.8867547512054443
                ],
                [
                    0.8993188142776489,
                    0.264527291059494,
                    0.3482111096382141,
                    1.4036839008331299
                ],
                [
                    0.0,
                    0.7962867617607117,
                    -0.6049192547798157,
                    -2.438507556915283
                ],
                [
                    0.0,
                    0.0,
                    0.0,
                    1.0
                ]
            ]
        },
        {
            "file_path": "/data/shapenet_blender/all_50_random/02958343/8997065fe94841771ef06e9b490109d8/r_39",
            "rotation": 0.12566370614359174,
            "transform_matrix": [
                [
                    0.5209300518035889,
                    -0.06282495707273483,
                    0.8512842655181885,
                    3.4316365718841553
                ],
                [
                    0.8535993695259094,
                    0.038340482860803604,
                    -0.5195172429084778,
                    -2.09424090385437
                ],
                [
                    -3.725290298461914e-09,
                    0.9972878098487854,
                    0.07360005378723145,
                    0.29669129848480225
                ],
                [
                    0.0,
                    0.0,
                    0.0,
                    1.0
                ]
            ]
        },
        {
            "file_path": "/data/shapenet_blender/all_50_random/02958343/8997065fe94841771ef06e9b490109d8/r_40",
            "rotation": 0.12566370614359174,
            "transform_matrix": [
                [
                    -0.26496148109436035,
                    0.23622918128967285,
                    -0.934874951839447,
                    -3.768601417541504
                ],
                [
                    -0.9642589688301086,
                    -0.06491164118051529,
                    0.256887286901474,
                    1.035545825958252
                ],
                [
                    3.725290298461914e-09,
                    0.9695267081260681,
                    0.24498522281646729,
                    0.9875670075416565
                ],
                [
                    0.0,
                    0.0,
                    0.0,
                    1.0
                ]
            ]
        },
        {
            "file_path": "/data/shapenet_blender/all_50_random/02958343/8997065fe94841771ef06e9b490109d8/r_41",
            "rotation": 0.12566370614359174,
            "transform_matrix": [
                [
                    -0.9969634413719177,
                    0.05413714423775673,
                    0.05597241595387459,
                    0.22563204169273376
                ],
                [
                    0.07787002623081207,
                    0.6931133270263672,
