{
    "class": "02958343",
    "model": "b8c8758f8ee058182a9eb0f146e94477",
    "remove_doubles": true,
    "edge_split": true,
    "denoise": true,
    "camera_angle_x": 0.6911112070083618,
    "scale_factor": 2.2659192214316977,
    "hdri_file": "/data/IndoorHDRDataset2018/9C4A1691-5901d1aafe.exr",
    "center_offset": [
        0.0,
        0.0,
        -1.3969838619232178e-09
    ],
    "lights": [],
    "frames": [
        {
            "file_path": "/data/shapenet_blender/all_50_random/02958343/b8c8758f8ee058182a9eb0f146e94477/r_0",
            "rotation": 0.12566370614359174,
            "transform_matrix": [
                [
                    -0.3689880967140198,
                    -0.5120291709899902,
                    0.7756763696670532,
                    3.1268515586853027
                ],
                [
                    0.9294341802597046,
                    -0.2032770812511444,
                    0.30794578790664673,
                    1.2413691282272339
                ],
                [
                    -1.4901162970204496e-08,
                    0.8345683813095093,
                    0.5509042143821716,
                    2.2207658290863037
                ],
                [
                    0.0,
                    0.0,
                    0.0,
                    1.0
                ]
            ]
        },
        {
            "file_path": "/data/shapenet_blender/all_50_random/02958343/b8c8758f8ee058182a9eb0f146e94477/r_1",
            "rotation": 0.12566370614359174,
            "transform_matrix": [
                [
                    -0.9997733235359192,
                    -0.008720917627215385,
                    -0.01942448318004608,
                    -0.07830259203910828
                ],
                [
                    -0.021292366087436676,
                    0.40948671102523804,
                    0.912067711353302,
                    3.676661968231201
                ],
                [
                    0.0,
                    0.9122743606567383,
                    -0.4095796048641205,
                    -1.6510679721832275
                ],
                [
                    0.0,
                    0.0,
                    0.0,
                    1.0
                ]
            ]
        },
        {
            "file_path": "/data/shapenet_blender/all_50_random/02958343/b8c8758f8ee058182a9eb0f146e94477/r_2",
            "rotation": 0.12566370614359174,
            "transform_matrix": [
                [
                    -0.707240879535675,
                    0.0332234762609005,
                    0.7061915993690491,
                    2.8467493057250977
                ],
                [
                    0.7069726586341858,
                    0.03323608264327049,
                    0.7064595222473145,
                    2.8478293418884277
                ],
                [
                    0.0,
                    0.9988951086997986,
                    -0.04699401557445526,
                    -0.18943893909454346
                ],
                [
                    0.0,
                    0.0,
                    0.0,
                    1.0
                ]
            ]
        },
        {
            "file_path": "/data/shapenet_blender/all_50_random/02958343/b8c8758f8ee058182a9eb0f146e94477/r_3",
            "rotation": 0.12566370614359174,
            "transform_matrix": [
                [
                    0.3148057162761688,
                    -0.16547369956970215,
                    -0.9346206784248352,
                    -3.7675764560699463
                ],
                [
                    -0.9491561651229858,
                    -0.05488250404596329,
                    -0.3099847435951233,
                    -1.2495884895324707
                ],
                [
                    0.0,
                    0.9846859574317932,
                    -0.174337700009346,
                    -0.7027777433395386
                ],
                [
                    0.0,
                    0.0,
                    0.0,
                    1.0
                ]
            ]
        },
        {
            "file_path": "/data/shapenet_blender/all_50_random/02958343/b8c8758f8ee058182a9eb0f146e94477/r_4",
            "rotation": 0.12566370614359174,
            "transform_matrix": [
                [
                    -0.13759920001029968,
                    -0.5242960453033447,
                    0.8403450846672058,
                    3.3875396251678467
                ],
                [
                    0.9904879927635193,
                    -0.0728355348110199,
                    0.11674125492572784,
                    0.47059908509254456
                ],
                [
                    3.725290298461914e-09,
                    0.8484152555465698,
                    0.5293310880661011,
                    2.1338021755218506
                ],
                [
                    0.0,
                    0.0,
                    0.0,
                    1.0
                ]
            ]
        },
        {
            "file_path": "/data/shapenet_blender/all_50_random/02958343/b8c8758f8ee058182a9eb0f146e94477/r_5",
            "rotation": 0.12566370614359174,
            "transform_matrix": [
                [
                    0.49161258339881897,
                    -0.15400826930999756,
                    -0.8570871949195862,
                    -3.455029010772705
                ],
                [
                    -0.8708139657974243,
                    -0.08694440126419067,
                    -0.4838632345199585,
                    -1.9505150318145752
                ],
                [
                    7.450580152834618e-09,
                    0.9842367768287659,
                    -0.17685553431510925,
                    -0.7129274606704712
                ],
                [
                    0.0,
                    0.0,
                    0.0,
                    1.0
                ]
            ]
        },
        {
            "file_path": "/data/shapenet_blender/all_50_random/02958343/b8c8758f8ee058182a9eb0f146e94477/r_6",
            "rotation": 0.12566370614359174,
            "transform_matrix": [
                [
                    0.21200332045555115,
                    0.035782523453235626,
                    0.9766135215759277,
                    3.9368553161621094
                ],
                [
                    0.9772688746452332,
                    -0.0077624632976949215,
                    -0.21186114847660065,
                    -0.8540396690368652
                ],
                [
                    -4.6566125955216364e-10,
                    0.9993294477462769,
                    -0.03661481291055679,
                    -0.14759904146194458
                ],
                [
                    0.0,
                    0.0,
                    0.0,
                    1.0
                ]
            ]
        },
        {
            "file_path": "/data/shapenet_blender/all_50_random/02958343/b8c8758f8ee058182a9eb0f146e94477/r_7",
            "rotation": 0.12566370614359174,
            "transform_matrix": [
                [
                    0.8564584255218506,
                    -0.1099994033575058,
                    -0.5043599009513855,
                    -2.033139944076538
                ],
                [
                    -0.5162158608436584,
                    -0.18250100314617157,
                    -0.8367881178855896,
                    -3.3732011318206787
                ],
                [
                    0.0,
                    0.9770330786705017,
                    -0.21308793127536774,
                    -0.8589850068092346
                ],
                [
                    0.0,
                    0.0,
                    0.0,
                    1.0
                ]
            ]
        },
        {
            "file_path": "/data/shapenet_blender/all_50_random/02958343/b8c8758f8ee058182a9eb0f146e94477/r_8",
            "rotation": 0.12566370614359174,
            "transform_matrix": [
                [
                    0.8031628131866455,
                    0.45376843214035034,
                    -0.3860359489917755,
                    -1.5561606884002686
                ],
                [
                    -0.5957596898078918,
                    0.6117398142814636,
                    -0.5204274654388428,
                    -2.097910165786743
                ],
                [
                    0.0,
                    0.647972583770752,
                    0.7616636157035828,
                    3.070364236831665
                ],
                [
                    0.0,
                    0.0,
                    0.0,
                    1.0
                ]
            ]
        },
        {
            "file_path": "/data/shapenet_blender/all_50_random/02958343/b8c8758f8ee058182a9eb0f146e94477/r_9",
            "rotation": 0.12566370614359174,
            "transform_matrix": [
                [
                    -0.5191625952720642,
                    0.09784062206745148,
                    0.8490568399429321,
                    3.4226574897766113
                ],
                [
                    0.8546755909919739,
                    0.059432122856378555,
                    0.5157495141029358,
                    2.079052686691284
                ],
                [
                    3.725290298461914e-09,
                    0.9934259057044983,
                    -0.11447691172361374,
                    -0.46147119998931885
                ],
                [
                    0.0,
                    0.0,
                    0.0,
                    1.0
                ]
            ]
        },
        {
            "file_path": "/data/shapenet_blender/all_50_random/02958343/b8c8758f8ee058182a9eb0f146e94477/r_10",
            "rotation": 0.12566370614359174,
            "transform_matrix": [
                [
                    0.3236604630947113,
                    -0.5358283519744873,
                    -0.7798280119895935,
                    -3.143587350845337
                ],
                [
                    -0.9461733102798462,
                    -0.1832924783229828,
                    -0.2667582035064697,
                    -1.0753366947174072
                ],
                [
                    0.0,
                    0.8241914510726929,
                    -0.5663110613822937,
                    -2.2828729152679443
                ],
                [
                    0.0,
                    0.0,
                    0.0,
                    1.0
                ]
            ]
        },
        {
            "file_path": "/data/shapenet_blender/all_50_random/02958343/b8c8758f8ee058182a9eb0f146e94477/r_11",
            "rotation": 0.12566370614359174,
            "transform_matrix": [
                [
                    -0.8092184662818909,
                    -0.070804163813591,
                    -0.5832257270812988,
                    -2.351058006286621
                ],
                [
                    -0.5875079035758972,
                    0.09752386808395386,
                    0.8033203482627869,
                    3.238287925720215
                ],
                [
                    0.0,
                    0.9927113652229309,
                    -0.1205161064863205,
                    -0.48581597208976746
                ],
                [
                    0.0,
                    0.0,
                    0.0,
                    1.0
                ]
            ]
        },
        {
            "file_path": "/data/shapenet_blender/all_50_random/02958343/b8c8758f8ee058182a9eb0f146e94477/r_12",
            "rotation": 0.12566370614359174,
            "transform_matrix": [
                [
                    -0.24985340237617493,
                    0.25469595193862915,
                    -0.9341858625411987,
                    -3.7658236026763916
                ],
                [
                    -0.9682836532592773,
                    -0.06572107970714569,
                    0.24105490744113922,
                    0.9717234373092651
                ],
                [
                    3.725290298461914e-09,
                    0.9647852182388306,
                    0.26303863525390625,
                    1.0603426694869995
                ],
                [
                    0.0,
                    0.0,
                    0.0,
                    1.0
                ]
            ]
        },
        {
            "file_path": "/data/shapenet_blender/all_50_random/02958343/b8c8758f8ee058182a9eb0f146e94477/r_13",
            "rotation": 0.12566370614359174,
            "transform_matrix": [
                [
                    0.9562440514564514,
                    -0.14895184338092804,
                    -0.25181493163108826,
                    -1.0150984525680542
                ],
                [
                    -0.2925703525543213,
                    -0.48683786392211914,
                    -0.8230380415916443,
                    -3.317772388458252
                ],
                [
                    -1.4901161193847656e-08,
                    0.8606987595558167,
                    -0.5091146230697632,
                    -2.052306652069092
                ],
                [
                    0.0,
                    0.0,
                    0.0,
                    1.0
                ]
            ]
        },
        {
            "file_path": "/data/shapenet_blender/all_50_random/02958343/b8c8758f8ee058182a9eb0f146e94477/r_14",
            "rotation": 0.12566370614359174,
            "transform_matrix": [
                [
                    -0.9997276663780212,
                    -0.011351979337632656,
                    -0.020393680781126022,
                    -0.08220955729484558
                ],
                [
                    -0.02334030158817768,
                    0.486235648393631,
                    0.8735159039497375,
                    3.5212552547454834
                ],
                [
                    0.0,
                    0.8737538456916809,
                    -0.48636820912361145,
                    -1.9606130123138428
                ],
                [
                    0.0,
                    0.0,
                    0.0,
                    1.0
                ]
            ]
        },
        {
            "file_path": "/data/shapenet_blender/all_50_random/02958343/b8c8758f8ee058182a9eb0f146e94477/r_15",
            "rotation": 0.12566370614359174,
            "transform_matrix": [
                [
                    -0.48554304242134094,
                    0.8468303680419922,
                    0.21708616614341736,
                    0.8751024007797241
                ],
                [
                    0.8742128014564514,
                    0.47033464908599854,
                    0.12057095766067505,
                    0.48603710532188416
                ],
                [
                    0.0,
                    0.24832181632518768,
                    -0.9686774611473083,
                    -3.9048640727996826
                ],
                [
                    0.0,
                    0.0,
                    0.0,
                    1.0
                ]
            ]
        },
        {
            "file_path": "/data/shapenet_blender/all_50_random/02958343/b8c8758f8ee058182a9eb0f146e94477/r_16",
            "rotation": 0.12566370614359174,
            "transform_matrix": [
                [
                    0.998721182346344,
                    -0.00131787930149585,
                    -0.05053979903459549,
                    -0.2037324607372284
                ],
                [
                    -0.050556983798742294,
                    -0.026033872738480568,
                    -0.9983817338943481,
                    -4.024605751037598
                ],
                [
                    -1.1641532182693481e-10,
                    0.999660074710846,
                    -0.026067208498716354,
                    -0.10508028417825699
                ],
                [
                    0.0,
                    0.0,
                    0.0,
                    1.0
                ]
            ]
        },
        {
            "file_path": "/data/shapenet_blender/all_50_random/02958343/b8c8758f8ee058182a9eb0f146e94477/r_17",
            "rotation": 0.12566370614359174,
            "transform_matrix": [
                [
                    0.7890106439590454,
                    -0.21407398581504822,
                    0.5758771896362305,
                    2.3214352130889893
                ],
                [
                    0.6143795847892761,
                    0.27492231130599976,
                    -0.7395643591880798,
                    -2.9812793731689453
                ],
                [
                    0.0,
                    0.9373313188552856,
                    0.3484393060207367,
                    1.4046037197113037
                ],
                [
                    0.0,
                    0.0,
                    0.0,
                    1.0
                ]
            ]
        },
        {
            "file_path": "/data/shapenet_blender/all_50_random/02958343/b8c8758f8ee058182a9eb0f146e94477/r_18",
            "rotation": 0.12566370614359174,
            "transform_matrix": [
                [
                    -0.511680006980896,
                    0.01666075363755226,
                    -0.8590145111083984,
                    -3.4627983570098877
                ],
                [
                    -0.8591760993003845,
                    -0.009922267869114876,
                    0.5115838050842285,
                    2.062260389328003
                ],
                [
                    0.0,
                    0.9998120069503784,
                    0.01939154602587223,
                    0.0781698226928711
                ],
                [
                    0.0,
                    0.0,
                    0.0,
                    1.0
                ]
            ]
        },
        {
            "file_path": "/data/shapenet_blender/all_50_random/02958343/b8c8758f8ee058182a9eb0f146e94477/r_19",
            "rotation": 0.12566370614359174,
            "transform_matrix": [
                [
                    0.9842657446861267,
                    0.07860938459634781,
                    -0.15824490785598755,
                    -0.6379055976867676
                ],
                [
                    -0.1766943335533142,
                    0.43788909912109375,
                    -0.8814942836761475,
                    -3.553417205810547
                ],
                [
                    0.0,
                    0.8955857157707214,
                    0.4448890686035156,
                    1.7934051752090454
                ],
                [
                    0.0,
                    0.0,
                    0.0,
                    1.0
                ]
            ]
        },
        {
            "file_path": "/data/shapenet_blender/all_50_random/02958343/b8c8758f8ee058182a9eb0f146e94477/r_20",
            "rotation": 0.12566370614359174,
            "transform_matrix": [
                [
                    0.5225915908813477,
                    -0.30180680751800537,
                    -0.797377347946167,
                    -3.2143309116363525
                ],
                [
                    -0.852583110332489,
                    -0.18499276041984558,
                    -0.48875316977500916,
                    -1.9702270030975342
                ],
                [
                    0.0,
                    0.9352489113807678,
                    -0.3539910316467285,
                    -1.4269834756851196
                ],
                [
                    0.0,
                    0.0,
                    0.0,
                    1.0
                ]
            ]
        },
        {
            "file_path": "/data/shapenet_blender/all_50_random/02958343/b8c8758f8ee058182a9eb0f146e94477/r_21",
            "rotation": 0.12566370614359174,
            "transform_matrix": [
                [
                    0.08673875778913498,
                    0.45329421758651733,
                    -0.8871305584907532,
                    -3.5761380195617676
                ],
                [
                    -0.9962311387062073,
                    0.039466917514801025,
                    -0.07723970711231232,
                    -0.31136325001716614
                ],
                [
                    -3.725290298461914e-09,
                    0.8904867768287659,
                    0.45500901341438293,
                    1.834200143814087
                ],
                [
                    0.0,
                    0.0,
                    0.0,
                    1.0
                ]
            ]
        },
        {
            "file_path": "/data/shapenet_blender/all_50_random/02958343/b8c8758f8ee058182a9eb0f146e94477/r_22",
            "rotation": 0.12566370614359174,
            "transform_matrix": [
                [
                    -0.9658493399620056,
                    0.001131220255047083,
                    0.2591021955013275,
                    1.0444743633270264
                ],
                [
                    0.2591046988964081,
                    0.0042167832143604755,
                    0.9658400416374207,
                    3.893425703048706
                ],
                [
                    0.0,
                    0.9999904036521912,
                    -0.004365881904959679,
                    -0.017599433660507202
                ],
                [
                    0.0,
                    0.0,
                    0.0,
                    1.0
                ]
            ]
        },
        {
            "file_path": "/data/shapenet_blender/all_50_random/02958343/b8c8758f8ee058182a9eb0f146e94477/r_23",
            "rotation": 0.12566370614359174,
            "transform_matrix": [
                [
                    -0.9991259574890137,
                    0.007572406902909279,
                    -0.04111062362790108,
                    -0.16572222113609314
                ],
                [
                    -0.041802212595939636,
                    -0.18099014461040497,
                    0.9825960993766785,
                    3.9609715938568115
                ],
                [
                    -4.656613428188905e-10,
                    0.9834556579589844,
                    0.181148499250412,
                    0.7302329540252686
                ],
                [
                    0.0,
                    0.0,
                    0.0,
                    1.0
                ]
            ]
        },
        {
            "file_path": "/data/shapenet_blender/all_50_random/02958343/b8c8758f8ee058182a9eb0f146e94477/r_24",
            "rotation": 0.12566370614359174,
            "transform_matrix": [
                [
                    -0.2744637429714203,
                    0.7263467311859131,
                    0.6301507949829102,
                    2.540219306945801
                ],
                [
                    0.9615973830223083,
                    0.20731738209724426,
                    0.1798606663942337,
                    0.7250415682792664
                ],
                [
                    0.0,
                    0.6553167104721069,
                    -0.7553541660308838,
                    -3.0449302196502686
                ],
                [
                    0.0,
                    0.0,
                    0.0,
                    1.0
                ]
            ]
        },
        {
            "file_path": "/data/shapenet_blender/all_50_random/02958343/b8c8758f8ee058182a9eb0f146e94477/r_25",
            "rotation": 0.12566370614359174,
            "transform_matrix": [
                [
                    -0.8911206126213074,
                    0.26832303404808044,
                    -0.3659328520298004,
                    -1.4751224517822266
                ],
                [
                    -0.4537666141986847,
                    -0.5269408822059631,
                    0.7186300158500671,
                    2.896890163421631
                ],
                [
                    0.0,
                    0.8064340949058533,
                    0.591323971748352,
                    2.3837032318115234
                ],
                [
                    0.0,
                    0.0,
                    0.0,
                    1.0
                ]
            ]
        },
        {
            "file_path": "/data/shapenet_blender/all_50_random/02958343/b8c8758f8ee058182a9eb0f146e94477/r_26",
            "rotation": 0.12566370614359174,
            "transform_matrix": [
                [
                    -0.9445385336875916,
                    -0.05212733522057533,
                    -0.32423704862594604,
                    -1.3070415258407593
                ],
                [
                    -0.328400582075119,
                    0.14992748200893402,
                    0.9325635433197021,
                    3.759284019470215
                ],
                [
                    -3.725290076417309e-09,
                    0.9873218536376953,
                    -0.15873092412948608,
                    -0.6398648619651794
                ],
                [
                    0.0,
                    0.0,
                    0.0,
                    1.0
                ]
            ]
        },
        {
            "file_path": "/data/shapenet_blender/all_50_random/02958343/b8c8758f8ee058182a9eb0f146e94477/r_27",
            "rotation": 0.12566370614359174,
            "transform_matrix": [
                [
                    -0.2164207249879837,
                    -0.5207201838493347,
                    -0.8258405327796936,
                    -3.3290696144104004
                ],
                [
                    -0.9763001799583435,
                    0.1154303252696991,
                    0.1830676943063736,
                    0.7379694581031799
                ],
                [
                    0.0,
                    0.8458878993988037,
                    -0.5333607196807861,
                    -2.150045871734619
                ],
                [
                    0.0,
                    0.0,
                    0.0,
                    1.0
                ]
            ]
        },
        {
            "file_path": "/data/shapenet_blender/all_50_random/02958343/b8c8758f8ee058182a9eb0f146e94477/r_28",
            "rotation": 0.12566370614359174,
            "transform_matrix": [
                [
                    0.9943668246269226,
                    -0.020916782319545746,
                    0.10390882194042206,
                    0.41886985301971436
                ],
                [
                    0.10599318146705627,
                    0.19622915983200073,
                    -0.9748125672340393,
                    -3.9295952320098877
                ],
                [
                    1.8626450382086546e-09,
                    0.980334997177124,
                    0.19734080135822296,
                    0.7955062389373779
                ],
                [
                    0.0,
                    0.0,
                    0.0,
                    1.0
                ]
            ]
        },
        {
            "file_path": "/data/shapenet_blender/all_50_random/02958343/b8c8758f8ee058182a9eb0f146e94477/r_29",
            "rotation": 0.12566370614359174,
            "transform_matrix": [
                [
                    -0.03885127604007721,
                    -0.2645265758037567,
                    0.9635955095291138,
                    3.8843777179718018
                ],
                [
                    0.9992450475692749,
                    -0.010284959338605404,
                    0.03746519982814789,
                    0.15102705359458923
                ],
                [
                    0.0,
                    0.9643235802650452,
                    0.2647264301776886,
                    1.0671464204788208
                ],
                [
                    0.0,
                    0.0,
                    0.0,
                    1.0
                ]
            ]
        },
        {
            "file_path": "/data/shapenet_blender/all_50_random/02958343/b8c8758f8ee058182a9eb0f146e94477/r_30",
            "rotation": 0.12566370614359174,
            "transform_matrix": [
                [
                    0.49968546628952026,
                    0.11150771379470825,
                    -0.8589995503425598,
                    -3.462738513946533
                ],
                [
                    -0.8662069439888,
                    0.06432501971721649,
                    -0.4955277740955353,
                    -1.997536540031433
                ],
                [
                    0.0,
                    0.9916794896125793,
                    0.12873101234436035,
                    0.5189313888549805
                ],
                [
                    0.0,
                    0.0,
                    0.0,
                    1.0
                ]
            ]
        },
        {
            "file_path": "/data/shapenet_blender/all_50_random/02958343/b8c8758f8ee058182a9eb0f146e94477/r_31",
            "rotation": 0.12566370614359174,
            "transform_matrix": [
                [
                    0.5288946032524109,
                    0.7783885598182678,
                    0.33820340037345886,
                    1.3633415699005127
                ],
                [
                    0.8486874103546143,
                    -0.48508504033088684,
                    -0.21076542139053345,
                    -0.8496226072311401
                ],
                [
                    1.4901160305669237e-08,
                    0.3985016345977783,
                    -0.917167603969574,
                    -3.697220802307129
                ],
                [
                    0.0,
                    0.0,
                    0.0,
                    1.0
                ]
            ]
        },
        {
            "file_path": "/data/shapenet_blender/all_50_random/02958343/b8c8758f8ee058182a9eb0f146e94477/r_32",
            "rotation": 0.12566370614359174,
            "transform_matrix": [
                [
                    -0.9582846164703369,
                    0.2819143235683441,
                    -0.047062862664461136,
                    -0.18971648812294006
                ],
                [
                    -0.28581568598747253,
                    -0.9452040791511536,
                    0.15779264271259308,
                    0.6360825300216675
                ],
                [
                    0.0,
                    0.16466157138347626,
                    0.9863500595092773,
                    3.976104497909546
                ],
                [
                    0.0,
                    0.0,
                    0.0,
                    1.0
                ]
            ]
        },
        {
            "file_path": "/data/shapenet_blender/all_50_random/02958343/b8c8758f8ee058182a9eb0f146e94477/r_33",
            "rotation": 0.12566370614359174,
            "transform_matrix": [
                [
                    -0.6559900045394897,
                    0.17765195667743683,
                    0.7335644960403442,
                    2.9570930004119873
                ],
                [
                    0.7547696232795715,
                    0.154401957988739,
                    0.6375601291656494,
                    2.570087194442749
                ],
                [
                    7.450580596923828e-09,
                    0.9719052910804749,
                    -0.2353724092245102,
                    -0.9488165378570557
                ],
                [
                    0.0,
                    0.0,
                    0.0,
                    1.0
                ]
            ]
        },
        {
            "file_path": "/data/shapenet_blender/all_50_random/02958343/b8c8758f8ee058182a9eb0f146e94477/r_34",
            "rotation": 0.12566370614359174,
            "transform_matrix": [
                [
                    -0.5894043445587158,
                    0.15633490681648254,
                    0.7925666570663452,
                    3.1949384212493896
                ],
                [
                    0.8078382611274719,
                    0.11406303197145462,
                    0.5782621502876282,
                    2.3310492038726807
                ],
                [
                    0.0,
                    0.9810957908630371,
                    -0.19352255761623383,
                    -0.7801144123077393
                ],
                [
                    0.0,
                    0.0,
                    0.0,
                    1.0
                ]
            ]
        },
        {
            "file_path": "/data/shapenet_blender/all_50_random/02958343/b8c8758f8ee058182a9eb0f146e94477/r_35",
            "rotation": 0.12566370614359174,
            "transform_matrix": [
                [
                    -0.228128120303154,
                    -0.1552959680557251,
                    -0.9611663222312927,
                    -3.8745853900909424
                ],
                [
                    -0.9736311435699463,
                    0.03638685867190361,
                    0.22520753741264343,
                    0.9078406095504761
                ],
                [
                    0.0,
                    0.9871975779533386,
                    -0.159501850605011,
                    -0.6429725289344788
                ],
                [
                    0.0,
                    0.0,
                    0.0,
                    1.0
                ]
            ]
        },
        {
            "file_path": "/data/shapenet_blender/all_50_random/02958343/b8c8758f8ee058182a9eb0f146e94477/r_36",
            "rotation": 0.12566370614359174,
            "transform_matrix": [
                [
                    -0.4270632863044739,
                    -0.7256956696510315,
                    0.5394281148910522,
                    2.174504280090332
                ],
                [
                    0.904221773147583,
                    -0.3427455425262451,
                    0.25477150082588196,
                    1.0270167589187622
                ],
                [
                    0.0,
                    0.5965660810470581,
                    0.8025639057159424,
                    3.235238552093506
                ],
                [
                    0.0,
                    0.0,
                    0.0,
                    1.0
                ]
            ]
        },
        {
            "file_path": "/data/shapenet_blender/all_50_random/02958343/b8c8758f8ee058182a9eb0f146e94477/r_37",
            "rotation": 0.12566370614359174,
            "transform_matrix": [
                [
                    -0.7596180438995361,
                    -0.28048616647720337,
                    -0.5867775678634644,
                    -2.3653759956359863
                ],
                [
                    -0.65036940574646,
                    0.3276020288467407,
                    0.6853440403938293,
                    2.7627100944519043
                ],
                [
                    0.0,
                    0.9022219181060791,
                    -0.43127208948135376,
                    -1.7385133504867554
                ],
                [
                    0.0,
                    0.0,
                    0.0,
                    1.0
                ]
            ]
        },
        {
            "file_path": "/data/shapenet_blender/all_50_random/02958343/b8c8758f8ee058182a9eb0f146e94477/r_38",
            "rotation": 0.12566370614359174,
            "transform_matrix": [
                [
                    -0.5481590628623962,
                    0.3679440915584564,
                    0.7510916590690613,
                    3.027747392654419
                ],
                [
                    0.8363739848136902,
                    0.241150364279747,
                    0.49226510524749756,
                    1.9843840599060059
                ],
                [
                    1.4901160305669237e-08,
                    0.8980332612991333,
                    -0.4399276077747345,
                    -1.7734049558639526
                ],
                [
                    0.0,
                    0.0,
                    0.0,
                    1.0
                ]
            ]
        },
        {
            "file_path": "/data/shapenet_blender/all_50_random/02958343/b8c8758f8ee058182a9eb0f146e94477/r_39",
            "rotation": 0.12566370614359174,
            "transform_matrix": [
                [
                    -0.9895817041397095,
                    -0.06520172953605652,
                    -0.12836256623268127,
                    -0.5174460411071777
                ],
                [
                    -0.1439729779958725,
                    0.44815659523010254,
                    0.8822853565216064,
                    3.5566060543060303
                ],
                [
                    -3.725290742551124e-09,
                    0.8915740847587585,
                    -0.4528747797012329,
                    -1.8255966901779175
                ],
                [
                    0.0,
                    0.0,
                    0.0,
                    1.0
                ]
            ]
        },
        {
            "file_path": "/data/shapenet_blender/all_50_random/02958343/b8c8758f8ee058182a9eb0f146e94477/r_40",
            "rotation": 0.12566370614359174,
            "transform_matrix": [
                [
                    0.4775311350822449,
                    -0.8209335207939148,
                    0.31310099363327026,
                    1.262150526046753
                ],
                [
                    0.8786149621009827,
                    0.4461809992790222,
                    -0.17017176747322083,
                    -0.6859843134880066
                ],
                [
                    0.0,
                    0.35635751485824585,
                    0.9343496561050415,
                    3.766484022140503
                ],
                [
                    0.0,
                    0.0,
                    0.0,
                    1.0
                ]
            ]
        },
        {
            "file_path": "/data/shapenet_blender/all_50_random/02958343/b8c8758f8ee058182a9eb0f146e94477/r_41",
            "rotation": 0.12566370614359174,
            "transform_matrix": [
                [
                    0.9502538442611694,
                    0.11223484575748444,
                    -0.29055291414260864,
                    -1.1712563037872314
                ],
                [
                    -0.31147658824920654,
                    0.3424064517021179,
                    -0.8864198327064514,
                    -3.573272705078125
                ],
                [
                    0.0,
