{
    "class": "02958343",
    "model": "791e45f93e9ba58071a126804ae24042",
    "remove_doubles": true,
    "edge_split": true,
    "denoise": true,
    "camera_angle_x": 0.6911112070083618,
    "scale_factor": 2.1632169149857803,
    "hdri_file": "/data/IndoorHDRDataset2018/AG8A7279-8f73ce447c.exr",
    "center_offset": [
        0.0,
        0.0,
        4.6566128730773926e-09
    ],
    "lights": [],
    "frames": [
        {
            "file_path": "/data/shapenet_blender/all_50_random/02958343/791e45f93e9ba58071a126804ae24042/r_0",
            "rotation": 0.12566370614359174,
            "transform_matrix": [
                [
                    -0.008298225700855255,
                    0.370649129152298,
                    0.9287358522415161,
                    3.74385404586792
                ],
                [
                    0.9999656081199646,
                    0.0030758357606828213,
                    0.007707125041633844,
                    0.031068414449691772
                ],
                [
                    2.3283067140944524e-10,
                    0.9287678599357605,
                    -0.3706618547439575,
                    -1.4941856861114502
                ],
                [
                    0.0,
                    0.0,
                    0.0,
                    1.0
                ]
            ]
        },
        {
            "file_path": "/data/shapenet_blender/all_50_random/02958343/791e45f93e9ba58071a126804ae24042/r_1",
            "rotation": 0.12566370614359174,
            "transform_matrix": [
                [
                    0.9847327470779419,
                    0.05133872106671333,
                    -0.166330024600029,
                    -0.6704978346824646
                ],
                [
                    -0.17407280206680298,
                    0.2904239892959595,
                    -0.9409316778182983,
                    -3.7930171489715576
                ],
                [
                    3.725290298461914e-09,
                    0.9555197358131409,
                    0.2949267029762268,
                    1.1888877153396606
                ],
                [
                    0.0,
                    0.0,
                    0.0,
                    1.0
                ]
            ]
        },
        {
            "file_path": "/data/shapenet_blender/all_50_random/02958343/791e45f93e9ba58071a126804ae24042/r_2",
            "rotation": 0.12566370614359174,
            "transform_matrix": [
                [
                    -0.8279814124107361,
                    0.018586941063404083,
                    0.5604474544525146,
                    2.2592358589172363
                ],
                [
                    0.5607554912567139,
                    0.027444476261734962,
                    0.8275265097618103,
                    3.3358659744262695
                ],
                [
                    -9.313224080820248e-10,
                    0.9994506239891052,
                    -0.033146243542432785,
                    -0.13361677527427673
                ],
                [
                    0.0,
                    0.0,
                    0.0,
                    1.0
                ]
            ]
        },
        {
            "file_path": "/data/shapenet_blender/all_50_random/02958343/791e45f93e9ba58071a126804ae24042/r_3",
            "rotation": 0.12566370614359174,
            "transform_matrix": [
                [
                    -0.7691555023193359,
                    -0.45345166325569153,
                    -0.4503125250339508,
                    -1.81526780128479
                ],
                [
                    -0.6390616297721863,
                    0.5457609295845032,
                    0.5419827699661255,
                    2.184802532196045
                ],
                [
                    0.0,
                    0.7046465277671814,
                    -0.7095585465431213,
                    -2.8603219985961914
                ],
                [
                    0.0,
                    0.0,
                    0.0,
                    1.0
                ]
            ]
        },
        {
            "file_path": "/data/shapenet_blender/all_50_random/02958343/791e45f93e9ba58071a126804ae24042/r_4",
            "rotation": 0.12566370614359174,
            "transform_matrix": [
                [
                    0.681475818157196,
                    0.3733500838279724,
                    0.6294445395469666,
                    2.53737211227417
                ],
                [
                    0.7318406105041504,
                    -0.34765636920928955,
                    -0.5861265659332275,
                    -2.3627517223358154
                ],
                [
                    0.0,
                    0.8600841760635376,
                    -0.5101521015167236,
                    -2.0564889907836914
                ],
                [
                    0.0,
                    0.0,
                    0.0,
                    1.0
                ]
            ]
        },
        {
            "file_path": "/data/shapenet_blender/all_50_random/02958343/791e45f93e9ba58071a126804ae24042/r_5",
            "rotation": 0.12566370614359174,
            "transform_matrix": [
                [
                    -0.5426154136657715,
                    -0.025639794766902924,
                    0.8395897746086121,
                    3.3844945430755615
                ],
                [
                    0.8399811387062073,
                    -0.0165629293769598,
                    0.542362630367279,
                    2.186333656311035
                ],
                [
                    0.0,
                    0.9995340704917908,
                    0.030524246394634247,
                    0.12304717302322388
                ],
                [
                    0.0,
                    0.0,
                    0.0,
                    1.0
                ]
            ]
        },
        {
            "file_path": "/data/shapenet_blender/all_50_random/02958343/791e45f93e9ba58071a126804ae24042/r_6",
            "rotation": 0.12566370614359174,
            "transform_matrix": [
                [
                    -0.6140891909599304,
                    0.6512542963027954,
                    -0.44582775235176086,
                    -1.7971891164779663
                ],
                [
                    -0.7892366647720337,
                    -0.5067278742790222,
                    0.34688958525657654,
                    1.3983566761016846
                ],
                [
                    -1.4901161193847656e-08,
                    0.5648847818374634,
                    0.8251698017120361,
                    3.3263659477233887
                ],
                [
                    0.0,
                    0.0,
                    0.0,
                    1.0
                ]
            ]
        },
        {
            "file_path": "/data/shapenet_blender/all_50_random/02958343/791e45f93e9ba58071a126804ae24042/r_7",
            "rotation": 0.12566370614359174,
            "transform_matrix": [
                [
                    -0.7281755208969116,
                    -0.17449522018432617,
                    0.66280597448349,
                    2.671856164932251
                ],
                [
                    0.6853905916213989,
                    -0.18538792431354523,
                    0.7041810750961304,
                    2.838644504547119
                ],
                [
                    -7.4505792646561986e-09,
                    0.9670484662055969,
                    0.2545923590660095,
                    1.0262945890426636
                ],
                [
                    0.0,
                    0.0,
                    0.0,
                    1.0
                ]
            ]
        },
        {
            "file_path": "/data/shapenet_blender/all_50_random/02958343/791e45f93e9ba58071a126804ae24042/r_8",
            "rotation": 0.12566370614359174,
            "transform_matrix": [
                [
                    0.059378910809755325,
                    0.012471860274672508,
                    -0.9981576204299927,
                    -4.023702144622803
                ],
                [
                    -0.9982355237007141,
                    0.0007418744498863816,
                    -0.05937427654862404,
                    -0.23934537172317505
                ],
                [
                    -5.820766091346741e-11,
                    0.9999219179153442,
                    0.012493905611336231,
                    0.05036454275250435
                ],
                [
                    0.0,
                    0.0,
                    0.0,
                    1.0
                ]
            ]
        },
        {
            "file_path": "/data/shapenet_blender/all_50_random/02958343/791e45f93e9ba58071a126804ae24042/r_9",
            "rotation": 0.12566370614359174,
            "transform_matrix": [
                [
                    -0.9769561886787415,
                    0.06003044545650482,
                    0.20482411980628967,
                    0.8256725072860718
                ],
                [
                    0.21343989670276642,
                    0.2747710943222046,
                    0.9375201463699341,
                    3.7792649269104004
                ],
                [
                    3.725290298461914e-09,
                    0.9596338272094727,
                    -0.2812522053718567,
                    -1.1337640285491943
                ],
                [
                    0.0,
                    0.0,
                    0.0,
                    1.0
                ]
            ]
        },
        {
            "file_path": "/data/shapenet_blender/all_50_random/02958343/791e45f93e9ba58071a126804ae24042/r_10",
            "rotation": 0.12566370614359174,
            "transform_matrix": [
                [
                    0.5354486107826233,
                    -0.5765870213508606,
                    0.6171240210533142,
                    2.4877066612243652
                ],
                [
                    0.8445677757263184,
                    0.3655511438846588,
                    -0.39125126600265503,
                    -1.5771844387054443
                ],
                [
                    0.0,
                    0.7306979894638062,
                    0.6827006936073303,
                    2.7520546913146973
                ],
                [
                    0.0,
                    0.0,
                    0.0,
                    1.0
                ]
            ]
        },
        {
            "file_path": "/data/shapenet_blender/all_50_random/02958343/791e45f93e9ba58071a126804ae24042/r_11",
            "rotation": 0.12566370614359174,
            "transform_matrix": [
                [
                    -0.8549061417579651,
                    0.3753488063812256,
                    0.35811862349510193,
                    1.443622350692749
                ],
                [
                    0.518782913684845,
                    0.6185399889945984,
                    0.5901462435722351,
                    2.378955602645874
                ],
                [
                    0.0,
                    0.6903054118156433,
                    -0.7235180735588074,
                    -2.9165947437286377
                ],
                [
                    0.0,
                    0.0,
                    0.0,
                    1.0
                ]
            ]
        },
        {
            "file_path": "/data/shapenet_blender/all_50_random/02958343/791e45f93e9ba58071a126804ae24042/r_12",
            "rotation": 0.12566370614359174,
            "transform_matrix": [
                [
                    -0.40283113718032837,
                    0.6494650840759277,
                    -0.6449201703071594,
                    -2.5997567176818848
                ],
                [
                    -0.9152743816375732,
                    -0.2858429551124573,
                    0.28384265303611755,
                    1.1442064046859741
                ],
                [
                    0.0,
                    0.7046195268630981,
                    0.7095851302146912,
                    2.860429286956787
                ],
                [
                    0.0,
                    0.0,
                    0.0,
                    1.0
                ]
            ]
        },
        {
            "file_path": "/data/shapenet_blender/all_50_random/02958343/791e45f93e9ba58071a126804ae24042/r_13",
            "rotation": 0.12566370614359174,
            "transform_matrix": [
                [
                    -0.38238757848739624,
                    0.5625703930854797,
                    -0.733003556728363,
                    -2.954832077026367
                ],
                [
                    -0.9240020513534546,
                    -0.2328132539987564,
                    0.30334505438804626,
                    1.222823143005371
                ],
                [
                    1.4901161193847656e-08,
                    0.793292224407196,
                    0.608841061592102,
                    2.454317092895508
                ],
                [
                    0.0,
                    0.0,
                    0.0,
                    1.0
                ]
            ]
        },
        {
            "file_path": "/data/shapenet_blender/all_50_random/02958343/791e45f93e9ba58071a126804ae24042/r_14",
            "rotation": 0.12566370614359174,
            "transform_matrix": [
                [
                    0.43159931898117065,
                    0.04744961857795715,
                    0.9008166193962097,
                    3.63130784034729
                ],
                [
                    0.9020654559135437,
                    -0.022702591493725777,
                    -0.43100181221961975,
                    -1.7374238967895508
                ],
                [
                    0.0,
                    0.998615562915802,
                    -0.05260108783841133,
                    -0.21204176545143127
                ],
                [
                    0.0,
                    0.0,
                    0.0,
                    1.0
                ]
            ]
        },
        {
            "file_path": "/data/shapenet_blender/all_50_random/02958343/791e45f93e9ba58071a126804ae24042/r_15",
            "rotation": 0.12566370614359174,
            "transform_matrix": [
                [
                    0.9231248497962952,
                    -0.0002328713599126786,
                    -0.3845004439353943,
                    -1.5499708652496338
                ],
                [
                    -0.38450053334236145,
                    -0.0005590871442109346,
                    -0.9231246113777161,
                    -3.7212343215942383
                ],
                [
                    2.9103830456733704e-11,
                    0.9999998211860657,
                    -0.0006056464044377208,
                    -0.0024414388462901115
                ],
                [
                    0.0,
                    0.0,
                    0.0,
                    1.0
                ]
            ]
        },
        {
            "file_path": "/data/shapenet_blender/all_50_random/02958343/791e45f93e9ba58071a126804ae24042/r_16",
            "rotation": 0.12566370614359174,
            "transform_matrix": [
                [
                    0.9972037076950073,
                    -0.00013643060810863972,
                    -0.07473064213991165,
                    -0.30124884843826294
                ],
                [
                    -0.0747307538986206,
                    -0.00182052340824157,
                    -0.9972020983695984,
                    -4.019850254058838
                ],
                [
                    0.0,
                    0.9999982714653015,
                    -0.0018256284529343247,
                    -0.007359343580901623
                ],
                [
                    0.0,
                    0.0,
                    0.0,
                    1.0
                ]
            ]
        },
        {
            "file_path": "/data/shapenet_blender/all_50_random/02958343/791e45f93e9ba58071a126804ae24042/r_17",
            "rotation": 0.12566370614359174,
            "transform_matrix": [
                [
                    -0.5216671228408813,
                    0.591427206993103,
                    0.6148799657821655,
                    2.4786603450775146
                ],
                [
                    0.8531491756439209,
                    0.36163443326950073,
                    0.3759748637676239,
                    1.5156031847000122
                ],
                [
                    -1.4901161193847656e-08,
                    0.7207179665565491,
                    -0.6932283639907837,
                    -2.7944929599761963
                ],
                [
                    0.0,
                    0.0,
                    0.0,
                    1.0
                ]
            ]
        },
        {
            "file_path": "/data/shapenet_blender/all_50_random/02958343/791e45f93e9ba58071a126804ae24042/r_18",
            "rotation": 0.12566370614359174,
            "transform_matrix": [
                [
                    0.7329555749893188,
                    -0.39836010336875916,
                    0.5514394044876099,
                    2.2229232788085938
                ],
                [
                    0.6802765727043152,
                    0.4292081594467163,
                    -0.5941415429115295,
                    -2.3950612545013428
                ],
                [
                    -1.4901162970204496e-08,
                    0.8106106519699097,
                    0.5855854749679565,
                    2.3605706691741943
                ],
                [
                    0.0,
                    0.0,
                    0.0,
                    1.0
                ]
            ]
        },
        {
            "file_path": "/data/shapenet_blender/all_50_random/02958343/791e45f93e9ba58071a126804ae24042/r_19",
            "rotation": 0.12566370614359174,
            "transform_matrix": [
                [
                    0.4077264368534088,
                    -0.48363739252090454,
                    0.7745023965835571,
                    3.122119188308716
                ],
                [
                    0.9131041169166565,
                    0.21595758199691772,
                    -0.34583690762519836,
                    -1.394113302230835
                ],
                [
                    0.0,
                    0.8482082486152649,
                    0.5296628475189209,
                    2.1351394653320312
                ],
                [
                    0.0,
                    0.0,
                    0.0,
                    1.0
                ]
            ]
        },
        {
            "file_path": "/data/shapenet_blender/all_50_random/02958343/791e45f93e9ba58071a126804ae24042/r_20",
            "rotation": 0.12566370614359174,
            "transform_matrix": [
                [
                    -0.9197576642036438,
                    0.006365166045725346,
                    0.3924352824687958,
                    1.581957221031189
                ],
                [
                    0.3924869894981384,
                    0.0149161908775568,
                    0.919636607170105,
                    3.7071738243103027
                ],
                [
                    0.0,
                    0.9998684525489807,
                    -0.01621752418577671,
                    -0.0653749331831932
                ],
                [
                    0.0,
                    0.0,
                    0.0,
                    1.0
                ]
            ]
        },
        {
            "file_path": "/data/shapenet_blender/all_50_random/02958343/791e45f93e9ba58071a126804ae24042/r_21",
            "rotation": 0.12566370614359174,
            "transform_matrix": [
                [
                    -0.6199350953102112,
                    0.16867215931415558,
                    -0.7663093209266663,
                    -3.0890920162200928
                ],
                [
                    -0.7846530675888062,
                    -0.1332637369632721,
                    0.605442225933075,
                    2.4406158924102783
                ],
                [
                    0.0,
                    0.9766218662261963,
                    0.21496400237083435,
                    0.8665476441383362
                ],
                [
                    0.0,
                    0.0,
                    0.0,
                    1.0
                ]
            ]
        },
        {
            "file_path": "/data/shapenet_blender/all_50_random/02958343/791e45f93e9ba58071a126804ae24042/r_22",
            "rotation": 0.12566370614359174,
            "transform_matrix": [
                [
                    -0.7324394583702087,
                    -0.6186902523040771,
                    0.2841738760471344,
                    1.1455414295196533
                ],
                [
                    0.6808321475982666,
                    -0.6655871272087097,
                    0.30571433901786804,
                    1.2323737144470215
                ],
                [
                    0.0,
                    0.41739189624786377,
                    0.9087266325950623,
                    3.663193702697754
                ],
                [
                    0.0,
                    0.0,
                    0.0,
                    1.0
                ]
            ]
        },
        {
            "file_path": "/data/shapenet_blender/all_50_random/02958343/791e45f93e9ba58071a126804ae24042/r_23",
            "rotation": 0.12566370614359174,
            "transform_matrix": [
                [
                    0.16976061463356018,
                    0.26836565136909485,
                    -0.948241114616394,
                    -3.822482109069824
                ],
                [
                    -0.985485315322876,
                    0.04622891545295715,
                    -0.16334488987922668,
                    -0.6584643125534058
                ],
                [
                    0.0,
                    0.9622071385383606,
                    0.2723182737827301,
                    1.0977500677108765
                ],
                [
                    0.0,
                    0.0,
                    0.0,
                    1.0
                ]
            ]
        },
        {
            "file_path": "/data/shapenet_blender/all_50_random/02958343/791e45f93e9ba58071a126804ae24042/r_24",
            "rotation": 0.12566370614359174,
            "transform_matrix": [
                [
                    0.9993319511413574,
                    -0.001999051310122013,
                    0.036491964012384415,
                    0.14710383117198944
                ],
                [
                    0.03654668107628822,
                    0.05466203764081001,
                    -0.9978358149528503,
                    -4.02240514755249
                ],
                [
                    -2.3283064365386963e-10,
                    0.9985029101371765,
                    0.054698582738637924,
                    0.22049705684185028
                ],
                [
                    0.0,
                    0.0,
                    0.0,
                    1.0
                ]
            ]
        },
        {
            "file_path": "/data/shapenet_blender/all_50_random/02958343/791e45f93e9ba58071a126804ae24042/r_25",
            "rotation": 0.12566370614359174,
            "transform_matrix": [
                [
                    -0.960266649723053,
                    -0.25728651881217957,
                    0.10812821984291077,
                    0.43587878346443176
                ],
                [
                    0.27908438444137573,
                    -0.8852651119232178,
                    0.37204495072364807,
                    1.4997612237930298
                ],
                [
                    -1.4901162970204496e-08,
                    0.3874392509460449,
                    0.9218952059745789,
                    3.716278553009033
                ],
                [
                    0.0,
                    0.0,
                    0.0,
                    1.0
                ]
            ]
        },
        {
            "file_path": "/data/shapenet_blender/all_50_random/02958343/791e45f93e9ba58071a126804ae24042/r_26",
            "rotation": 0.12566370614359174,
            "transform_matrix": [
                [
                    -0.999793529510498,
                    -0.0022547985427081585,
                    -0.020195115357637405,
                    -0.08140911161899567
                ],
                [
                    -0.020320601761341095,
                    0.11093830317258835,
                    0.9936195015907288,
                    4.00540828704834
                ],
                [
                    2.3283064365386963e-10,
                    0.9938247203826904,
                    -0.11096121370792389,
                    -0.44729897379875183
                ],
                [
                    0.0,
                    0.0,
                    0.0,
                    1.0
                ]
            ]
        },
        {
            "file_path": "/data/shapenet_blender/all_50_random/02958343/791e45f93e9ba58071a126804ae24042/r_27",
            "rotation": 0.12566370614359174,
            "transform_matrix": [
                [
                    -0.4392346143722534,
                    -0.1810740828514099,
                    -0.8799347281455994,
                    -3.5471303462982178
                ],
                [
                    -0.8983724117279053,
                    0.08853122591972351,
                    0.4302200376987457,
                    1.7342724800109863
                ],
                [
                    0.0,
                    0.9794765114784241,
                    -0.2015579491853714,
                    -0.8125060796737671
                ],
                [
                    0.0,
                    0.0,
                    0.0,
                    1.0
                ]
            ]
        },
        {
            "file_path": "/data/shapenet_blender/all_50_random/02958343/791e45f93e9ba58071a126804ae24042/r_28",
            "rotation": 0.12566370614359174,
            "transform_matrix": [
                [
                    -0.9993897676467896,
                    -0.015428426675498486,
                    0.03133571892976761,
                    0.1263183355331421
                ],
                [
                    0.03492797538638115,
                    -0.4414516091346741,
                    0.8966049551963806,
                    3.614330530166626
                ],
                [
                    9.313224080820248e-10,
                    0.8971524834632874,
                    0.4417210519313812,
                    1.7806346416473389
                ],
                [
                    0.0,
                    0.0,
                    0.0,
                    1.0
                ]
            ]
        },
        {
            "file_path": "/data/shapenet_blender/all_50_random/02958343/791e45f93e9ba58071a126804ae24042/r_29",
            "rotation": 0.12566370614359174,
            "transform_matrix": [
                [
                    -0.9988840818405151,
                    0.030812282115221024,
                    -0.03579537943005562,
                    -0.14429578185081482
                ],
                [
                    -0.047230351716279984,
                    -0.6516550779342651,
                    0.7570436596870422,
                    3.0517401695251465
                ],
                [
                    0.0,
                    0.7578893303871155,
                    0.6523831486701965,
                    2.62984037399292
                ],
                [
                    0.0,
                    0.0,
                    0.0,
                    1.0
                ]
            ]
        },
        {
            "file_path": "/data/shapenet_blender/all_50_random/02958343/791e45f93e9ba58071a126804ae24042/r_30",
            "rotation": 0.12566370614359174,
            "transform_matrix": [
                [
                    -0.5830122828483582,
                    0.10260479152202606,
                    0.8059582710266113,
                    3.2489218711853027
                ],
                [
                    0.8124632239341736,
                    0.073627769947052,
                    0.578344464302063,
                    2.331381320953369
                ],
                [
                    3.725290076417309e-09,
                    0.9919934868812561,
                    -0.1262885183095932,
                    -0.5090853571891785
                ],
                [
                    0.0,
                    0.0,
                    0.0,
                    1.0
                ]
            ]
        },
        {
            "file_path": "/data/shapenet_blender/all_50_random/02958343/791e45f93e9ba58071a126804ae24042/r_31",
            "rotation": 0.12566370614359174,
            "transform_matrix": [
                [
                    -0.4421229064464569,
                    0.21788693964481354,
                    -0.8700876832008362,
                    -3.5074355602264404
                ],
                [
                    -0.8969544768333435,
                    -0.10739988833665848,
                    0.42887982726097107,
                    1.728869915008545
                ],
                [
                    -7.450580596923828e-09,
                    0.9700466394424438,
                    0.24291862547397614,
                    0.9792363047599792
                ],
                [
                    0.0,
                    0.0,
                    0.0,
                    1.0
                ]
            ]
        },
        {
            "file_path": "/data/shapenet_blender/all_50_random/02958343/791e45f93e9ba58071a126804ae24042/r_32",
            "rotation": 0.12566370614359174,
            "transform_matrix": [
                [
                    -0.7317685484886169,
                    0.01843690499663353,
                    0.6813037395477295,
                    2.7464232444763184
                ],
                [
                    0.6815531253814697,
                    0.01979529857635498,
                    0.7315008044242859,
                    2.9487738609313965
                ],
                [
                    0.0,
                    0.9996340274810791,
                    -0.02705131284892559,
                    -0.10904732346534729
                ],
                [
                    0.0,
                    0.0,
                    0.0,
                    1.0
                ]
            ]
        },
        {
            "file_path": "/data/shapenet_blender/all_50_random/02958343/791e45f93e9ba58071a126804ae24042/r_33",
            "rotation": 0.12566370614359174,
            "transform_matrix": [
                [
                    0.9940571188926697,
                    0.02049793116748333,
                    -0.1069122850894928,
                    -0.4309771955013275
                ],
                [
                    -0.10885954648256302,
                    0.18717803061008453,
                    -0.9762755632400513,
                    -3.935492753982544
                ],
                [
                    1.8626449271863521e-09,
                    0.9821122288703918,
                    0.18829703330993652,
                    0.7590495944023132
                ],
                [
                    0.0,
                    0.0,
                    0.0,
                    1.0
                ]
            ]
        },
        {
            "file_path": "/data/shapenet_blender/all_50_random/02958343/791e45f93e9ba58071a126804ae24042/r_34",
            "rotation": 0.12566370614359174,
            "transform_matrix": [
                [
                    -0.7876989245414734,
                    0.00987805426120758,
                    -0.6159811615943909,
                    -2.4830992221832275
                ],
                [
                    -0.6160602569580078,
                    -0.01263014879077673,
                    0.7875977754592896,
                    3.174907684326172
                ],
                [
                    0.0,
                    0.9998714923858643,
                    0.016034232452511787,
                    0.06463605165481567
                ],
                [
                    0.0,
                    0.0,
                    0.0,
                    1.0
                ]
            ]
        },
        {
            "file_path": "/data/shapenet_blender/all_50_random/02958343/791e45f93e9ba58071a126804ae24042/r_35",
            "rotation": 0.12566370614359174,
            "transform_matrix": [
                [
                    0.5609707832336426,
                    0.061120085418224335,
                    0.8255762457847595,
                    3.3280043601989746
                ],
                [
                    0.827835738658905,
                    -0.04141712933778763,
                    -0.5594396591186523,
                    -2.255173444747925
                ],
                [
                    0.0,
                    0.9972707033157349,
                    -0.07383118569850922,
                    -0.29762303829193115
                ],
                [
                    0.0,
                    0.0,
                    0.0,
                    1.0
                ]
            ]
        },
        {
            "file_path": "/data/shapenet_blender/all_50_random/02958343/791e45f93e9ba58071a126804ae24042/r_36",
            "rotation": 0.12566370614359174,
            "transform_matrix": [
                [
                    -0.9842294454574585,
                    -0.03284605219960213,
                    0.17382068932056427,
                    0.7006936073303223
                ],
                [
                    0.1768968552350998,
                    -0.18275083601474762,
                    0.9671140313148499,
                    3.898561477661133
                ],
                [
                    -3.725290742551124e-09,
                    0.9826103448867798,
                    0.1856791228055954,
                    0.7484964728355408
                ],
                [
                    0.0,
                    0.0,
                    0.0,
                    1.0
                ]
            ]
        },
        {
            "file_path": "/data/shapenet_blender/all_50_random/02958343/791e45f93e9ba58071a126804ae24042/r_37",
            "rotation": 0.12566370614359174,
            "transform_matrix": [
                [
                    -0.9797663688659668,
                    0.05081000551581383,
                    -0.19358782470226288,
                    -0.7803774476051331
                ],
                [
                    -0.2001447230577469,
                    -0.24872970581054688,
                    0.9476684927940369,
                    3.820173740386963
                ],
                [
                    0.0,
                    0.967239260673523,
                    0.2538663446903229,
                    1.023368000984192
                ],
                [
                    0.0,
                    0.0,
                    0.0,
                    1.0
                ]
            ]
        },
        {
            "file_path": "/data/shapenet_blender/all_50_random/02958343/791e45f93e9ba58071a126804ae24042/r_38",
            "rotation": 0.12566370614359174,
            "transform_matrix": [
                [
                    -0.9534634947776794,
                    0.21105003356933594,
                    0.215325728058815,
                    0.8680057525634766
                ],
                [
                    0.3015083372592926,
                    0.6674060821533203,
                    0.6809271574020386,
                    2.7449052333831787
                ],
                [
                    -1.4901160305669237e-08,
                    0.7141616940498352,
                    -0.6999807357788086,
                    -2.8217124938964844
                ],
                [
                    0.0,
                    0.0,
                    0.0,
                    1.0
                ]
            ]
        },
        {
            "file_path": "/data/shapenet_blender/all_50_random/02958343/791e45f93e9ba58071a126804ae24042/r_39",
            "rotation": 0.12566370614359174,
            "transform_matrix": [
                [
                    -0.9715850949287415,
                    -0.01726125180721283,
                    -0.23606069386005402,
                    -0.9515911340713501
                ],
                [
                    -0.23669098317623138,
                    0.07085514813661575,
                    0.9689978361129761,
                    3.9061553478240967
                ],
                [
                    0.0,
                    0.9973371624946594,
                    -0.07292738556861877,
                    -0.2939797341823578
                ],
                [
                    0.0,
                    0.0,
                    0.0,
                    1.0
                ]
            ]
        },
        {
            "file_path": "/data/shapenet_blender/all_50_random/02958343/791e45f93e9ba58071a126804ae24042/r_40",
            "rotation": 0.12566370614359174,
            "transform_matrix": [
                [
                    -0.6489685773849487,
                    -0.40008488297462463,
                    -0.6471258997917175,
                    -2.6086478233337402
                ],
                [
                    -0.7608152627944946,
                    0.3412688076496124,
                    0.5519925951957703,
                    2.2251532077789307
                ],
                [
                    -1.4901162970204496e-08,
                    0.850568950176239,
                    -0.5258634090423584,
                    -2.1198232173919678
                ],
                [
                    0.0,
                    0.0,
                    0.0,
                    1.0
                ]
            ]
        },
        {
            "file_path": "/data/shapenet_blender/all_50_random/02958343/791e45f93e9ba58071a126804ae24042/r_41",
            "rotation": 0.12566370614359174,
            "transform_matrix": [
                [
                    0.020652664825320244,
                    0.1663787066936493,
                    -0.9858455657958984,
                    -3.9740707874298096
                ],
                [
                    -0.9997866153717041,
                    0.003436896950006485,
                    -0.020364683121442795,
                    -0.08209267258644104
