{
    "class": "02958343",
    "model": "2f0ca88dc76e39a7ff1370452e3a0154",
    "remove_doubles": true,
    "edge_split": true,
    "denoise": true,
    "camera_angle_x": 0.6911112070083618,
    "scale_factor": 2.256900798669203,
    "hdri_file": "/data/IndoorHDRDataset2018/AG8A8457-31a39fba83.exr",
    "center_offset": [
        0.0,
        0.0,
        3.725290298461914e-09
    ],
    "lights": [],
    "frames": [
        {
            "file_path": "/data/shapenet_blender/all_50_random/02958343/2f0ca88dc76e39a7ff1370452e3a0154/r_0",
            "rotation": 0.12566370614359174,
            "transform_matrix": [
                [
                    -0.10756717622280121,
                    -0.8975064754486084,
                    0.427681565284729,
                    1.7240395545959473
                ],
                [
                    0.9941978454589844,
                    -0.09710565954446793,
                    0.04627297818660736,
                    0.18653234839439392
                ],
                [
                    3.725290298461914e-09,
                    0.4301775097846985,
                    0.9027442932128906,
                    3.6390786170959473
                ],
                [
                    0.0,
                    0.0,
                    0.0,
                    1.0
                ]
            ]
        },
        {
            "file_path": "/data/shapenet_blender/all_50_random/02958343/2f0ca88dc76e39a7ff1370452e3a0154/r_1",
            "rotation": 0.12566370614359174,
            "transform_matrix": [
                [
                    0.9196538925170898,
                    0.33102884888648987,
                    0.211321160197258,
                    0.851862907409668
                ],
                [
                    0.39272990822792053,
                    -0.7751688361167908,
                    -0.4948498606681824,
                    -1.9948036670684814
                ],
                [
                    0.0,
                    0.5380827784538269,
                    -0.8428919315338135,
                    -3.397806406021118
                ],
                [
                    0.0,
                    0.0,
                    0.0,
                    1.0
                ]
            ]
        },
        {
            "file_path": "/data/shapenet_blender/all_50_random/02958343/2f0ca88dc76e39a7ff1370452e3a0154/r_2",
            "rotation": 0.12566370614359174,
            "transform_matrix": [
                [
                    0.6298697590827942,
                    0.035918381065130234,
                    0.7758697867393494,
                    3.1276309490203857
                ],
                [
                    0.7767006754875183,
                    -0.029128212481737137,
                    -0.6291959285736084,
                    -2.536369800567627
                ],
                [
                    0.0,
                    0.9989301562309265,
                    -0.04624481871724129,
                    -0.186418816447258
                ],
                [
                    0.0,
                    0.0,
                    0.0,
                    1.0
                ]
            ]
        },
        {
            "file_path": "/data/shapenet_blender/all_50_random/02958343/2f0ca88dc76e39a7ff1370452e3a0154/r_3",
            "rotation": 0.12566370614359174,
            "transform_matrix": [
                [
                    -0.9717686772346497,
                    0.05287808179855347,
                    0.22993454337120056,
                    0.9268958568572998
                ],
                [
                    0.2359364777803421,
                    0.2177927941083908,
                    0.9470481276512146,
                    3.817673444747925
                ],
                [
                    0.0,
                    0.9745615124702454,
                    -0.22412003576755524,
                    -0.9034568071365356
                ],
                [
                    0.0,
                    0.0,
                    0.0,
                    1.0
                ]
            ]
        },
        {
            "file_path": "/data/shapenet_blender/all_50_random/02958343/2f0ca88dc76e39a7ff1370452e3a0154/r_4",
            "rotation": 0.12566370614359174,
            "transform_matrix": [
                [
                    -0.36818957328796387,
                    -0.8373334407806396,
                    -0.40411490201950073,
                    -1.6290394067764282
                ],
                [
                    -0.9297507405281067,
                    0.33159151673316956,
                    0.16003309190273285,
                    0.6451140642166138
                ],
                [
                    1.4901162970204496e-08,
                    0.43464863300323486,
                    -0.900600016117096,
                    -3.630434989929199
                ],
                [
                    0.0,
                    0.0,
                    0.0,
                    1.0
                ]
            ]
        },
        {
            "file_path": "/data/shapenet_blender/all_50_random/02958343/2f0ca88dc76e39a7ff1370452e3a0154/r_5",
            "rotation": 0.12566370614359174,
            "transform_matrix": [
                [
                    -0.6434633135795593,
                    0.4456804096698761,
                    -0.6223534941673279,
                    -2.508787155151367
                ],
                [
                    -0.7654768824577332,
                    -0.37464094161987305,
                    0.5231531262397766,
                    2.1088976860046387
                ],
                [
                    -1.4901160305669237e-08,
                    0.8130270838737488,
                    0.5822257995605469,
                    2.34702730178833
                ],
                [
                    0.0,
                    0.0,
                    0.0,
                    1.0
                ]
            ]
        },
        {
            "file_path": "/data/shapenet_blender/all_50_random/02958343/2f0ca88dc76e39a7ff1370452e3a0154/r_6",
            "rotation": 0.12566370614359174,
            "transform_matrix": [
                [
                    0.26971957087516785,
                    -0.23698724806308746,
                    -0.9333211779594421,
                    -3.7623379230499268
                ],
                [
                    -0.9629389643669128,
                    -0.06638021767139435,
                    -0.26142361760139465,
                    -1.0538322925567627
                ],
                [
                    0.0,
                    0.9692423939704895,
                    -0.2461082637310028,
                    -0.9920941591262817
                ],
                [
                    0.0,
                    0.0,
                    0.0,
                    1.0
                ]
            ]
        },
        {
            "file_path": "/data/shapenet_blender/all_50_random/02958343/2f0ca88dc76e39a7ff1370452e3a0154/r_7",
            "rotation": 0.12566370614359174,
            "transform_matrix": [
                [
                    -0.7221553325653076,
                    -0.2963946461677551,
                    -0.6250134706497192,
                    -2.51951003074646
                ],
                [
                    -0.6917309761047363,
                    0.30943095684051514,
                    0.6525033712387085,
                    2.6303255558013916
                ],
                [
                    1.4901162970204496e-08,
                    0.9035500884056091,
                    -0.4284825026988983,
                    -1.7272683382034302
                ],
                [
                    0.0,
                    0.0,
                    0.0,
                    1.0
                ]
            ]
        },
        {
            "file_path": "/data/shapenet_blender/all_50_random/02958343/2f0ca88dc76e39a7ff1370452e3a0154/r_8",
            "rotation": 0.12566370614359174,
            "transform_matrix": [
                [
                    -0.5414300560951233,
                    0.29648712277412415,
                    0.7867329716682434,
                    3.171422243118286
                ],
                [
                    0.840745747089386,
                    0.19093410670757294,
                    0.506646454334259,
                    2.0423574447631836
                ],
                [
                    0.0,
                    0.9357562065124512,
                    -0.35264772176742554,
                    -1.421568512916565
                ],
                [
                    0.0,
                    0.0,
                    0.0,
                    1.0
                ]
            ]
        },
        {
            "file_path": "/data/shapenet_blender/all_50_random/02958343/2f0ca88dc76e39a7ff1370452e3a0154/r_9",
            "rotation": 0.12566370614359174,
            "transform_matrix": [
                [
                    -0.9820740818977356,
                    -0.11916933953762054,
                    0.1460452824831009,
                    0.5887273550033569
                ],
                [
                    0.18849551677703857,
                    -0.620880126953125,
                    0.7609055638313293,
                    3.0673084259033203
                ],
                [
                    0.0,
                    0.7747944593429565,
                    0.6322131752967834,
                    2.548532724380493
                ],
                [
                    0.0,
                    0.0,
                    0.0,
                    1.0
                ]
            ]
        },
        {
            "file_path": "/data/shapenet_blender/all_50_random/02958343/2f0ca88dc76e39a7ff1370452e3a0154/r_10",
            "rotation": 0.12566370614359174,
            "transform_matrix": [
                [
                    0.3676055669784546,
                    0.43553251028060913,
                    -0.8216918110847473,
                    -3.3123459815979004
                ],
                [
                    -0.9299818277359009,
                    0.1721584051847458,
                    -0.32480043172836304,
                    -1.3093125820159912
                ],
                [
                    1.4901161193847656e-08,
                    0.8835569024085999,
                    0.468323677778244,
                    1.8878732919692993
                ],
                [
                    0.0,
                    0.0,
                    0.0,
                    1.0
                ]
            ]
        },
        {
            "file_path": "/data/shapenet_blender/all_50_random/02958343/2f0ca88dc76e39a7ff1370452e3a0154/r_11",
            "rotation": 0.12566370614359174,
            "transform_matrix": [
                [
                    0.15001773834228516,
                    -0.2941436171531677,
                    0.9439143538475037,
                    3.8050403594970703
                ],
                [
                    0.9886833429336548,
                    0.04463184252381325,
                    -0.14322473108768463,
                    -0.5773573517799377
                ],
                [
                    3.725290298461914e-09,
                    0.9547184705734253,
                    0.29751044511795044,
                    1.1993029117584229
                ],
                [
                    0.0,
                    0.0,
                    0.0,
                    1.0
                ]
            ]
        },
        {
            "file_path": "/data/shapenet_blender/all_50_random/02958343/2f0ca88dc76e39a7ff1370452e3a0154/r_12",
            "rotation": 0.12566370614359174,
            "transform_matrix": [
                [
                    0.15499092638492584,
                    0.4314418137073517,
                    -0.888727068901062,
                    -3.582573413848877
                ],
                [
                    -0.9879158735275269,
                    0.0676875114440918,
                    -0.13942952454090118,
                    -0.5620583891868591
                ],
                [
                    -3.7252898543727042e-09,
                    0.8995979428291321,
                    0.43671914935112,
                    1.760471224784851
                ],
                [
                    0.0,
                    0.0,
                    0.0,
                    1.0
                ]
            ]
        },
        {
            "file_path": "/data/shapenet_blender/all_50_random/02958343/2f0ca88dc76e39a7ff1370452e3a0154/r_13",
            "rotation": 0.12566370614359174,
            "transform_matrix": [
                [
                    -0.9864159822463989,
                    0.14756138622760773,
                    0.07217366993427277,
                    0.29094135761260986
                ],
                [
                    0.16426622867584229,
                    0.886103630065918,
                    0.4334016442298889,
                    1.7470979690551758
                ],
                [
                    0.0,
                    0.4393700659275055,
                    -0.898306131362915,
                    -3.621187925338745
                ],
                [
                    0.0,
                    0.0,
                    0.0,
                    1.0
                ]
            ]
        },
        {
            "file_path": "/data/shapenet_blender/all_50_random/02958343/2f0ca88dc76e39a7ff1370452e3a0154/r_14",
            "rotation": 0.12566370614359174,
            "transform_matrix": [
                [
                    -0.2586379945278168,
                    -0.1846313327550888,
                    0.9481654167175293,
                    3.822176933288574
                ],
                [
                    0.9659743309020996,
                    -0.04943472519516945,
                    0.2538696825504303,
                    1.0233814716339111
                ],
                [
                    -3.725290298461914e-09,
                    0.9815638065338135,
                    0.19113482534885406,
                    0.7704890966415405
                ],
                [
                    0.0,
                    0.0,
                    0.0,
                    1.0
                ]
            ]
        },
        {
            "file_path": "/data/shapenet_blender/all_50_random/02958343/2f0ca88dc76e39a7ff1370452e3a0154/r_15",
            "rotation": 0.12566370614359174,
            "transform_matrix": [
                [
                    0.9209807515144348,
                    -0.007718682289123535,
                    0.389531672000885,
                    1.5702524185180664
                ],
                [
                    0.38960814476013184,
                    0.018245914950966835,
                    -0.9207999110221863,
                    -3.7118632793426514
                ],
                [
                    0.0,
                    0.9998037219047546,
                    0.019811397418379784,
                    0.07986229658126831
                ],
                [
                    0.0,
                    0.0,
                    0.0,
                    1.0
                ]
            ]
        },
        {
            "file_path": "/data/shapenet_blender/all_50_random/02958343/2f0ca88dc76e39a7ff1370452e3a0154/r_16",
            "rotation": 0.12566370614359174,
            "transform_matrix": [
                [
                    0.8584754467010498,
                    -0.430677205324173,
                    0.27845463156700134,
                    1.1224864721298218
                ],
                [
                    0.5128545761108398,
                    0.7209174633026123,
                    -0.46610966324806213,
                    -1.8789482116699219
                ],
                [
                    0.0,
                    0.5429505705833435,
                    0.8397647738456726,
                    3.385200023651123
                ],
                [
                    0.0,
                    0.0,
                    0.0,
                    1.0
                ]
            ]
        },
        {
            "file_path": "/data/shapenet_blender/all_50_random/02958343/2f0ca88dc76e39a7ff1370452e3a0154/r_17",
            "rotation": 0.12566370614359174,
            "transform_matrix": [
                [
                    -0.9865652322769165,
                    -0.09551594406366348,
                    0.13253600895404816,
                    0.5342698097229004
                ],
                [
                    0.16336798667907715,
                    -0.5768125653266907,
                    0.8003736138343811,
                    3.226409435272217
                ],
                [
                    0.0,
                    0.811272919178009,
                    0.584667444229126,
                    2.356870174407959
                ],
                [
                    0.0,
                    0.0,
                    0.0,
                    1.0
                ]
            ]
        },
        {
            "file_path": "/data/shapenet_blender/all_50_random/02958343/2f0ca88dc76e39a7ff1370452e3a0154/r_18",
            "rotation": 0.12566370614359174,
            "transform_matrix": [
                [
                    -0.5369873642921448,
                    -0.5945537090301514,
                    -0.5984567999839783,
                    -2.412456512451172
                ],
                [
                    -0.843590259552002,
                    0.37846311926841736,
                    0.38094764947891235,
                    1.535649061203003
                ],
                [
                    -1.4901159417490817e-08,
                    0.7094164490699768,
                    -0.7047895789146423,
                    -2.841097593307495
                ],
                [
                    0.0,
                    0.0,
                    0.0,
                    1.0
                ]
            ]
        },
        {
            "file_path": "/data/shapenet_blender/all_50_random/02958343/2f0ca88dc76e39a7ff1370452e3a0154/r_19",
            "rotation": 0.12566370614359174,
            "transform_matrix": [
                [
                    -0.46209102869033813,
                    0.055223092436790466,
                    -0.8851114511489868,
                    -3.5679984092712402
                ],
                [
                    -0.886832594871521,
                    -0.028774423524737358,
                    0.46119424700737,
                    1.8591334819793701
                ],
                [
                    1.862645149230957e-09,
                    0.9980593919754028,
                    0.06227003037929535,
                    0.2510185241699219
                ],
                [
                    0.0,
                    0.0,
                    0.0,
                    1.0
                ]
            ]
        },
        {
            "file_path": "/data/shapenet_blender/all_50_random/02958343/2f0ca88dc76e39a7ff1370452e3a0154/r_20",
            "rotation": 0.12566370614359174,
            "transform_matrix": [
                [
                    -0.08482035249471664,
                    -0.125995472073555,
                    -0.988398015499115,
                    -3.9843597412109375
                ],
                [
                    -0.9963963627815247,
                    0.01072563137859106,
                    0.08413947373628616,
                    0.33917707204818726
                ],
                [
                    0.0,
                    0.9919726848602295,
                    -0.12645117938518524,
                    -0.5097410082817078
                ],
                [
                    0.0,
                    0.0,
                    0.0,
                    1.0
                ]
            ]
        },
        {
            "file_path": "/data/shapenet_blender/all_50_random/02958343/2f0ca88dc76e39a7ff1370452e3a0154/r_21",
            "rotation": 0.12566370614359174,
            "transform_matrix": [
                [
                    -0.7512052655220032,
                    -0.5634180903434753,
                    -0.343875914812088,
                    -1.3862082958221436
                ],
                [
                    -0.6600685715675354,
                    0.6412100791931152,
                    0.39135536551475525,
                    1.577604055404663
                ],
                [
                    1.4901160305669237e-08,
                    0.5209700465202332,
                    -0.8535749316215515,
                    -3.440870761871338
                ],
                [
                    0.0,
                    0.0,
                    0.0,
                    1.0
                ]
            ]
        },
        {
            "file_path": "/data/shapenet_blender/all_50_random/02958343/2f0ca88dc76e39a7ff1370452e3a0154/r_22",
            "rotation": 0.12566370614359174,
            "transform_matrix": [
                [
                    -0.8665072917938232,
                    0.12148529291152954,
                    0.4841553270816803,
                    1.9516927003860474
                ],
                [
                    0.4991644024848938,
                    0.21088823676109314,
                    0.8404528498649597,
                    3.3879740238189697
                ],
                [
                    0.0,
                    0.9699317216873169,
                    -0.24337729811668396,
                    -0.9810853004455566
                ],
                [
                    0.0,
                    0.0,
                    0.0,
                    1.0
                ]
            ]
        },
        {
            "file_path": "/data/shapenet_blender/all_50_random/02958343/2f0ca88dc76e39a7ff1370452e3a0154/r_23",
            "rotation": 0.12566370614359174,
            "transform_matrix": [
                [
                    -0.9606549739837646,
                    0.2465067356824875,
                    -0.12797105312347412,
                    -0.5158678293228149
                ],
                [
                    -0.2777447998523712,
                    -0.8526097536087036,
                    0.44262224435806274,
                    1.7842673063278198
                ],
                [
                    0.0,
                    0.4607505798339844,
                    0.8875296711921692,
                    3.577746629714966
                ],
                [
                    0.0,
                    0.0,
                    0.0,
                    1.0
                ]
            ]
        },
        {
            "file_path": "/data/shapenet_blender/all_50_random/02958343/2f0ca88dc76e39a7ff1370452e3a0154/r_24",
            "rotation": 0.12566370614359174,
            "transform_matrix": [
                [
                    0.9553677439689636,
                    -0.17991453409194946,
                    0.23431433737277985,
                    0.9445512890815735
                ],
                [
                    0.2954190969467163,
                    0.5818328261375427,
                    -0.7577585577964783,
                    -3.0546224117279053
                ],
                [
                    0.0,
                    0.793159008026123,
                    0.6090145707130432,
                    2.4550163745880127
                ],
                [
                    0.0,
                    0.0,
                    0.0,
                    1.0
                ]
            ]
        },
        {
            "file_path": "/data/shapenet_blender/all_50_random/02958343/2f0ca88dc76e39a7ff1370452e3a0154/r_25",
            "rotation": 0.12566370614359174,
            "transform_matrix": [
                [
                    -0.8978756666183472,
                    -0.21254567801952362,
                    0.3855434060096741,
                    1.5541752576828003
                ],
                [
                    0.4402492642402649,
                    -0.43348076939582825,
                    0.7863045930862427,
                    3.1696953773498535
                ],
                [
                    0.0,
                    0.8757389783859253,
                    0.48278486728668213,
                    1.9461681842803955
                ],
                [
                    0.0,
                    0.0,
                    0.0,
                    1.0
                ]
            ]
        },
        {
            "file_path": "/data/shapenet_blender/all_50_random/02958343/2f0ca88dc76e39a7ff1370452e3a0154/r_26",
            "rotation": 0.12566370614359174,
            "transform_matrix": [
                [
                    0.26024842262268066,
                    0.2995259463787079,
                    0.9179078936576843,
                    3.700205087661743
                ],
                [
                    0.9655416011810303,
                    -0.08073308318853378,
                    -0.2474094033241272,
                    -0.9973391890525818
                ],
                [
                    -7.4505797087454084e-09,
                    0.9506662487983704,
                    -0.31021547317504883,
                    -1.250518560409546
                ],
                [
                    0.0,
                    0.0,
                    0.0,
                    1.0
                ]
            ]
        },
        {
            "file_path": "/data/shapenet_blender/all_50_random/02958343/2f0ca88dc76e39a7ff1370452e3a0154/r_27",
            "rotation": 0.12566370614359174,
            "transform_matrix": [
                [
                    -0.4969945549964905,
                    0.24956750869750977,
                    -0.8310911655426025,
                    -3.3502357006073
                ],
                [
                    -0.8677537441253662,
                    -0.14293651282787323,
                    0.47599655389785767,
                    1.9188034534454346
                ],
                [
                    -7.450580596923828e-09,
                    0.9577500224113464,
                    0.2876017987728119,
                    1.1593599319458008
                ],
                [
                    0.0,
                    0.0,
                    0.0,
                    1.0
                ]
            ]
        },
        {
            "file_path": "/data/shapenet_blender/all_50_random/02958343/2f0ca88dc76e39a7ff1370452e3a0154/r_28",
            "rotation": 0.12566370614359174,
            "transform_matrix": [
                [
                    -0.9999927878379822,
                    0.00231659016571939,
                    -0.0030205952934920788,
                    -0.012176409363746643
                ],
                [
                    -0.003806650871410966,
                    -0.6085594296455383,
                    0.7934989929199219,
                    3.1986968517303467
                ],
                [
                    2.3283067140944524e-10,
                    0.7935047149658203,
                    0.6085639595985413,
                    2.453199863433838
                ],
                [
                    0.0,
                    0.0,
                    0.0,
                    1.0
                ]
            ]
        },
        {
            "file_path": "/data/shapenet_blender/all_50_random/02958343/2f0ca88dc76e39a7ff1370452e3a0154/r_29",
            "rotation": 0.12566370614359174,
            "transform_matrix": [
                [
                    -0.9619978070259094,
                    0.21298359334468842,
                    -0.17087459564208984,
                    -0.6888175010681152
                ],
                [
                    -0.2730570137500763,
                    -0.7503551840782166,
                    0.6020024418830872,
                    2.4267494678497314
                ],
                [
                    1.4901160305669237e-08,
                    0.6257835030555725,
                    0.7799966931343079,
                    3.1442670822143555
                ],
                [
                    0.0,
                    0.0,
                    0.0,
                    1.0
                ]
            ]
        },
        {
            "file_path": "/data/shapenet_blender/all_50_random/02958343/2f0ca88dc76e39a7ff1370452e3a0154/r_30",
            "rotation": 0.12566370614359174,
            "transform_matrix": [
                [
                    -0.9482266902923584,
                    -0.013757744804024696,
                    -0.31729641556739807,
                    -1.2790627479553223
                ],
                [
                    -0.3175945580005646,
                    0.04107582941651344,
                    0.9473365545272827,
                    3.818835496902466
                ],
                [
                    0.0,
                    0.9990612268447876,
                    -0.04331858083605766,
                    -0.1746227741241455
                ],
                [
                    0.0,
                    0.0,
                    0.0,
                    1.0
                ]
            ]
        },
        {
            "file_path": "/data/shapenet_blender/all_50_random/02958343/2f0ca88dc76e39a7ff1370452e3a0154/r_31",
            "rotation": 0.12566370614359174,
            "transform_matrix": [
                [
                    -0.01938125677406788,
                    -0.28897908329963684,
                    0.9571391940116882,
                    3.858351469039917
                ],
                [
                    0.9998122453689575,
                    -0.005601829849183559,
                    0.018554044887423515,
                    0.0747937485575676
                ],
                [
                    -4.656613428188905e-10,
                    0.9573189616203308,
                    0.2890333831310272,
                    1.165130853652954
                ],
                [
                    0.0,
                    0.0,
                    0.0,
                    1.0
                ]
            ]
        },
        {
            "file_path": "/data/shapenet_blender/all_50_random/02958343/2f0ca88dc76e39a7ff1370452e3a0154/r_32",
            "rotation": 0.12566370614359174,
            "transform_matrix": [
                [
                    0.921859622001648,
                    -0.19095665216445923,
                    0.33720967173576355,
                    1.3593357801437378
                ],
                [
                    0.38752397894859314,
                    0.4542563557624817,
                    -0.802169680595398,
                    -3.233649730682373
                ],
                [
                    0.0,
                    0.8701648116111755,
                    0.4927608370780945,
                    1.9863826036453247
                ],
                [
                    0.0,
                    0.0,
                    0.0,
                    1.0
                ]
            ]
        },
        {
            "file_path": "/data/shapenet_blender/all_50_random/02958343/2f0ca88dc76e39a7ff1370452e3a0154/r_33",
            "rotation": 0.12566370614359174,
            "transform_matrix": [
                [
                    0.9369612336158752,
                    -0.30946841835975647,
                    -0.16227422654628754,
                    -0.6541483998298645
                ],
                [
                    -0.34943336248397827,
                    -0.8298003673553467,
                    -0.43511778116226196,
                    -1.7540160417556763
                ],
                [
                    0.0,
                    0.46439266204833984,
                    -0.8856293559074402,
                    -3.5700864791870117
                ],
                [
                    0.0,
                    0.0,
                    0.0,
                    1.0
                ]
            ]
        },
        {
            "file_path": "/data/shapenet_blender/all_50_random/02958343/2f0ca88dc76e39a7ff1370452e3a0154/r_34",
            "rotation": 0.12566370614359174,
            "transform_matrix": [
                [
                    -0.6271514892578125,
                    -0.10082550346851349,
                    -0.7723439931869507,
                    -3.1134181022644043
                ],
                [
                    -0.7788974046707153,
                    0.08118253201246262,
                    0.6218748688697815,
                    2.5068578720092773
                ],
                [
                    -7.450581485102248e-09,
                    0.9915863275527954,
                    -0.12944647669792175,
                    -0.5218154191970825
                ],
                [
                    0.0,
                    0.0,
                    0.0,
                    1.0
                ]
            ]
        },
        {
            "file_path": "/data/shapenet_blender/all_50_random/02958343/2f0ca88dc76e39a7ff1370452e3a0154/r_35",
            "rotation": 0.12566370614359174,
            "transform_matrix": [
                [
                    0.9974037408828735,
                    0.005914849229156971,
                    0.07176875323057175,
                    0.2893090844154358
                ],
                [
                    0.07201207429170609,
                    -0.08192365616559982,
                    -0.9940336346626282,
                    -4.007077693939209
                ],
                [
                    -4.6566125955216364e-10,
                    0.9966210722923279,
                    -0.08213689923286438,
                    -0.33110442757606506
                ],
                [
                    0.0,
                    0.0,
                    0.0,
                    1.0
                ]
            ]
        },
        {
            "file_path": "/data/shapenet_blender/all_50_random/02958343/2f0ca88dc76e39a7ff1370452e3a0154/r_36",
            "rotation": 0.12566370614359174,
            "transform_matrix": [
                [
                    -0.9963483810424805,
                    -0.014957692474126816,
                    -0.08406078070402145,
                    -0.3388598561286926
                ],
                [
                    -0.08538119494915009,
                    0.174547478556633,
                    0.9809399247169495,
                    3.9542953968048096
                ],
                [
                    -9.31322685637781e-10,
                    0.9845350980758667,
                    -0.17518720030784607,
                    -0.7062022089958191
                ],
                [
                    0.0,
                    0.0,
                    0.0,
                    1.0
                ]
            ]
        },
        {
            "file_path": "/data/shapenet_blender/all_50_random/02958343/2f0ca88dc76e39a7ff1370452e3a0154/r_37",
            "rotation": 0.12566370614359174,
            "transform_matrix": [
                [
                    -0.146953284740448,
                    -0.8027327060699463,
                    0.5779489278793335,
                    2.329786539077759
                ],
                [
                    0.9891434907913208,
                    -0.11925894021987915,
                    0.08586367219686508,
                    0.34612753987312317
                ],
                [
                    0.0,
                    0.5842922925949097,
                    0.8115432858467102,
                    3.2714357376098633
                ],
                [
                    0.0,
                    0.0,
                    0.0,
                    1.0
                ]
            ]
        },
        {
            "file_path": "/data/shapenet_blender/all_50_random/02958343/2f0ca88dc76e39a7ff1370452e3a0154/r_38",
            "rotation": 0.12566370614359174,
            "transform_matrix": [
                [
                    -0.17521332204341888,
                    -0.6545212864875793,
                    0.7354605793952942,
                    2.964735984802246
                ],
                [
                    0.984530508518219,
                    -0.11648277193307877,
                    0.1308872401714325,
                    0.5276232957839966
                ],
                [
                    7.4505797087454084e-09,
                    0.7470165491104126,
                    0.6648055911064148,
                    2.6799166202545166
                ],
                [
                    0.0,
                    0.0,
                    0.0,
                    1.0
                ]
            ]
        },
        {
            "file_path": "/data/shapenet_blender/all_50_random/02958343/2f0ca88dc76e39a7ff1370452e3a0154/r_39",
            "rotation": 0.12566370614359174,
            "transform_matrix": [
                [
                    0.7967907786369324,
                    0.08863290399312973,
                    0.5977195501327515,
                    2.409484624862671
                ],
                [
                    0.6042553186416626,
                    -0.11687424778938293,
                    -0.7881725430488586,
                    -3.177225112915039
                ],
                [
                    0.0,
                    0.989183783531189,
                    -0.14668123424053192,
                    -0.5912909507751465
                ],
                [
                    0.0,
                    0.0,
                    0.0,
                    1.0
                ]
            ]
        },
        {
            "file_path": "/data/shapenet_blender/all_50_random/02958343/2f0ca88dc76e39a7ff1370452e3a0154/r_40",
            "rotation": 0.12566370614359174,
            "transform_matrix": [
                [
                    0.7955964207649231,
                    -0.11231551319360733,
                    -0.5953248143196106,
                    -2.3998310565948486
                ],
                [
                    -0.6058270335197449,
                    -0.14749722182750702,
                    -0.7818043828010559,
                    -3.1515543460845947
                ],
                [
                    0.0,
                    0.9826646447181702,
                    -0.18539202213287354,
                    -0.747339129447937
                ],
                [
                    0.0,
                    0.0,
                    0.0,
                    1.0
                ]
            ]
        },
        {
            "file_path": "/data/shapenet_blender/all_50_random/02958343/2f0ca88dc76e39a7ff1370452e3a0154/r_41",
            "rotation": 0.12566370614359174,
            "transform_matrix": [
                [
                    -0.45465436577796936,
                    -0.2640914022922516,
                    0.8506145477294922,
                    3.4289369583129883
                ],
                [
                    0.8906679749488831,
                    -0.13480927050113678,
                    0.4342085123062134,
                    1.7503504753112793
                ],
                [
