{
    "class": "02958343",
    "model": "86736cf3dc841eafde5db5d0d11befd1",
    "remove_doubles": true,
    "edge_split": true,
    "denoise": true,
    "camera_angle_x": 0.6911112070083618,
    "scale_factor": 2.256302557172736,
    "hdri_file": "/data/IndoorHDRDataset2018/9C4A7321-c7d9326d51.exr",
    "center_offset": [
        0.0,
        0.0,
        2.7939677238464355e-09
    ],
    "lights": [],
    "frames": [
        {
            "file_path": "/data/shapenet_blender/all_50_random/02958343/86736cf3dc841eafde5db5d0d11befd1/r_0",
            "rotation": 0.12566370614359174,
            "transform_matrix": [
                [
                    0.6927930116653442,
                    -0.1337527483701706,
                    0.7086240649223328,
                    2.8565549850463867
                ],
                [
                    0.7211365699768066,
                    0.1284957230091095,
                    -0.6807723045349121,
                    -2.744281053543091
                ],
                [
                    7.450580596923828e-09,
                    0.982649028301239,
                    0.1854749321937561,
                    0.7476733922958374
                ],
                [
                    0.0,
                    0.0,
                    0.0,
                    1.0
                ]
            ]
        },
        {
            "file_path": "/data/shapenet_blender/all_50_random/02958343/86736cf3dc841eafde5db5d0d11befd1/r_1",
            "rotation": 0.12566370614359174,
            "transform_matrix": [
                [
                    -0.7252042889595032,
                    0.49039384722709656,
                    0.4833141267299652,
                    1.9483015537261963
                ],
                [
                    0.6885337233543396,
                    0.5165116786956787,
                    0.509054958820343,
                    2.0520660877227783
                ],
                [
                    2.980232594040899e-08,
                    0.7019469738006592,
                    -0.7122291922569275,
                    -2.8710877895355225
                ],
                [
                    0.0,
                    0.0,
                    0.0,
                    1.0
                ]
            ]
        },
        {
            "file_path": "/data/shapenet_blender/all_50_random/02958343/86736cf3dc841eafde5db5d0d11befd1/r_2",
            "rotation": 0.12566370614359174,
            "transform_matrix": [
                [
                    -0.13734786212444305,
                    0.6489750742912292,
                    0.7483093738555908,
                    3.0165317058563232
                ],
                [
                    0.9905228614807129,
                    0.08998816460371017,
                    0.10376206040382385,
                    0.4182782769203186
                ],
                [
                    0.0,
                    0.755469024181366,
                    -0.655184268951416,
                    -2.6411325931549072
                ],
                [
                    0.0,
                    0.0,
                    0.0,
                    1.0
                ]
            ]
        },
        {
            "file_path": "/data/shapenet_blender/all_50_random/02958343/86736cf3dc841eafde5db5d0d11befd1/r_3",
            "rotation": 0.12566370614359174,
            "transform_matrix": [
                [
                    -0.5505852699279785,
                    -0.19278573989868164,
                    0.8122127056121826,
                    3.274134397506714
                ],
                [
                    0.834778904914856,
                    -0.1271534115076065,
                    0.5357014536857605,
                    2.1594817638397217
                ],
                [
                    1.4901161193847656e-08,
                    0.9729674458503723,
                    0.2309422492980957,
                    0.9309580326080322
                ],
                [
                    0.0,
                    0.0,
                    0.0,
                    1.0
                ]
            ]
        },
        {
            "file_path": "/data/shapenet_blender/all_50_random/02958343/86736cf3dc841eafde5db5d0d11befd1/r_4",
            "rotation": 0.12566370614359174,
            "transform_matrix": [
                [
                    0.9981241822242737,
                    -0.0123052429407835,
                    0.05997343361377716,
                    0.24176064133644104
                ],
                [
                    0.06122281029820442,
                    0.20061412453651428,
                    -0.9777554273605347,
                    -3.941458225250244
                ],
                [
                    0.0,
                    0.9795929789543152,
                    0.2009911835193634,
                    0.8102213740348816
                ],
                [
                    0.0,
                    0.0,
                    0.0,
                    1.0
                ]
            ]
        },
        {
            "file_path": "/data/shapenet_blender/all_50_random/02958343/86736cf3dc841eafde5db5d0d11befd1/r_5",
            "rotation": 0.12566370614359174,
            "transform_matrix": [
                [
                    -0.8308709263801575,
                    0.17763705551624298,
                    0.527350664138794,
                    2.1258182525634766
                ],
                [
                    0.5564653277397156,
                    0.2652338743209839,
                    0.787399172782898,
                    3.174107313156128
                ],
                [
                    1.4901161193847656e-08,
                    0.947679340839386,
                    -0.31922397017478943,
                    -1.2868328094482422
                ],
                [
                    0.0,
                    0.0,
                    0.0,
                    1.0
                ]
            ]
        },
        {
            "file_path": "/data/shapenet_blender/all_50_random/02958343/86736cf3dc841eafde5db5d0d11befd1/r_6",
            "rotation": 0.12566370614359174,
            "transform_matrix": [
                [
                    -0.7549191117286682,
                    -0.31047219038009644,
                    0.5776712894439697,
                    2.328667640686035
                ],
                [
                    0.6558179259300232,
                    -0.357387900352478,
                    0.6649636626243591,
                    2.6805543899536133
                ],
                [
                    1.4901161193847656e-08,
                    0.880841076374054,
                    0.47341209650039673,
                    1.9083852767944336
                ],
                [
                    0.0,
                    0.0,
                    0.0,
                    1.0
                ]
            ]
        },
        {
            "file_path": "/data/shapenet_blender/all_50_random/02958343/86736cf3dc841eafde5db5d0d11befd1/r_7",
            "rotation": 0.12566370614359174,
            "transform_matrix": [
                [
                    -0.9911056756973267,
                    0.10545823723077774,
                    0.08116722106933594,
                    0.32719552516937256
                ],
                [
                    0.1330772489309311,
                    0.7854103446006775,
                    0.6045007109642029,
                    2.4368202686309814
                ],
                [
                    7.4505797087454084e-09,
                    0.6099256277084351,
                    -0.792458713054657,
                    -3.1945033073425293
                ],
                [
                    0.0,
                    0.0,
                    0.0,
                    1.0
                ]
            ]
        },
        {
            "file_path": "/data/shapenet_blender/all_50_random/02958343/86736cf3dc841eafde5db5d0d11befd1/r_8",
            "rotation": 0.12566370614359174,
            "transform_matrix": [
                [
                    -0.40431082248687744,
                    -0.8279322981834412,
                    0.3886652886867523,
                    1.566759705543518
                ],
                [
                    0.9146215915679932,
                    -0.365989625453949,
                    0.17181050777435303,
                    0.6925902366638184
                ],
                [
                    0.0,
                    0.424946665763855,
                    0.9052185416221619,
                    3.649052143096924
                ],
                [
                    0.0,
                    0.0,
                    0.0,
                    1.0
                ]
            ]
        },
        {
            "file_path": "/data/shapenet_blender/all_50_random/02958343/86736cf3dc841eafde5db5d0d11befd1/r_9",
            "rotation": 0.12566370614359174,
            "transform_matrix": [
                [
                    -0.912512481212616,
                    -0.16287313401699066,
                    -0.37522459030151367,
                    -1.5125787258148193
                ],
                [
                    -0.4090491235256195,
                    0.3633396327495575,
                    0.8370562195777893,
                    3.374281644821167
                ],
                [
                    0.0,
                    0.9173094630241394,
                    -0.3981749713420868,
                    -1.6050946712493896
                ],
                [
                    0.0,
                    0.0,
                    0.0,
                    1.0
                ]
            ]
        },
        {
            "file_path": "/data/shapenet_blender/all_50_random/02958343/86736cf3dc841eafde5db5d0d11befd1/r_10",
            "rotation": 0.12566370614359174,
            "transform_matrix": [
                [
                    -0.8072594404220581,
                    0.23707400262355804,
                    -0.5404888987541199,
                    -2.1787805557250977
                ],
                [
                    -0.5901969075202942,
                    -0.3242649734020233,
                    0.7392697930335999,
                    2.9800918102264404
                ],
                [
                    2.980232594040899e-08,
                    0.9157772660255432,
                    0.40168631076812744,
                    1.6192493438720703
                ],
                [
                    0.0,
                    0.0,
                    0.0,
                    1.0
                ]
            ]
        },
        {
            "file_path": "/data/shapenet_blender/all_50_random/02958343/86736cf3dc841eafde5db5d0d11befd1/r_11",
            "rotation": 0.12566370614359174,
            "transform_matrix": [
                [
                    0.9490513205528259,
                    -0.2424403429031372,
                    -0.2013065665960312,
                    -0.8114928007125854
                ],
                [
                    -0.3151216506958008,
                    -0.7301570773124695,
                    -0.6062745451927185,
                    -2.4439711570739746
                ],
                [
                    0.0,
                    0.6388217806816101,
                    -0.7693547010421753,
                    -3.1013681888580322
                ],
                [
                    0.0,
                    0.0,
                    0.0,
                    1.0
                ]
            ]
        },
        {
            "file_path": "/data/shapenet_blender/all_50_random/02958343/86736cf3dc841eafde5db5d0d11befd1/r_12",
            "rotation": 0.12566370614359174,
            "transform_matrix": [
                [
                    0.1369699090719223,
                    0.207212433218956,
                    -0.9686601161956787,
                    -3.9047932624816895
                ],
                [
                    -0.9905751347541809,
                    0.028651908040046692,
                    -0.13393965363502502,
                    -0.5399279594421387
                ],
                [
                    -1.8626447051417472e-09,
                    0.9778763055801392,
                    0.2091839611530304,
                    0.8432474136352539
                ],
                [
                    0.0,
                    0.0,
                    0.0,
                    1.0
                ]
            ]
        },
        {
            "file_path": "/data/shapenet_blender/all_50_random/02958343/86736cf3dc841eafde5db5d0d11befd1/r_13",
            "rotation": 0.12566370614359174,
            "transform_matrix": [
                [
                    0.4358345568180084,
                    0.14281073212623596,
                    -0.8886244297027588,
                    -3.5821597576141357
                ],
                [
                    -0.9000268578529358,
                    0.06915554404258728,
                    -0.43031296133995056,
                    -1.7346470355987549
                ],
                [
                    -3.725290298461914e-09,
                    0.9873310923576355,
                    0.15867385268211365,
                    0.6396347880363464
                ],
                [
                    0.0,
                    0.0,
                    0.0,
                    1.0
                ]
            ]
        },
        {
            "file_path": "/data/shapenet_blender/all_50_random/02958343/86736cf3dc841eafde5db5d0d11befd1/r_14",
            "rotation": 0.12566370614359174,
            "transform_matrix": [
                [
                    0.632046103477478,
                    0.5743824243545532,
                    -0.5201945304870605,
                    -2.096971035003662
                ],
                [
                    -0.7749306559562683,
                    0.46847572922706604,
                    -0.4242791533470154,
                    -1.7103238105773926
                ],
                [
                    1.4901158529312397e-08,
                    0.6712787747383118,
                    0.741205096244812,
                    2.9878928661346436
                ],
                [
                    0.0,
                    0.0,
                    0.0,
                    1.0
                ]
            ]
        },
        {
            "file_path": "/data/shapenet_blender/all_50_random/02958343/86736cf3dc841eafde5db5d0d11befd1/r_15",
            "rotation": 0.12566370614359174,
            "transform_matrix": [
                [
                    0.9992216229438782,
                    0.017589997500181198,
                    0.03531159833073616,
                    0.1423456072807312
                ],
                [
                    0.03945018723607063,
                    -0.4455316662788391,
                    -0.8943966031074524,
                    -3.6054279804229736
                ],
                [
                    1.862645149230957e-09,
                    0.8950934410095215,
                    -0.4458787143230438,
                    -1.7973946332931519
                ],
                [
                    0.0,
                    0.0,
                    0.0,
                    1.0
                ]
            ]
        },
        {
            "file_path": "/data/shapenet_blender/all_50_random/02958343/86736cf3dc841eafde5db5d0d11befd1/r_16",
            "rotation": 0.12566370614359174,
            "transform_matrix": [
                [
                    -0.8431168794631958,
                    -0.27810946106910706,
                    -0.4602273106575012,
                    -1.8552355766296387
                ],
                [
                    -0.5377305150032043,
                    0.4360525906085968,
                    0.7215982675552368,
                    2.908855676651001
                ],
                [
                    0.0,
                    0.8558697700500488,
                    -0.5171912312507629,
                    -2.084864616394043
                ],
                [
                    0.0,
                    0.0,
                    0.0,
                    1.0
                ]
            ]
        },
        {
            "file_path": "/data/shapenet_blender/all_50_random/02958343/86736cf3dc841eafde5db5d0d11befd1/r_17",
            "rotation": 0.12566370614359174,
            "transform_matrix": [
                [
                    0.9673718810081482,
                    0.028320586308836937,
                    -0.2517732083797455,
                    -1.014930248260498
                ],
                [
                    -0.2533610463142395,
                    0.10813239961862564,
                    -0.9613092541694641,
                    -3.875161647796631
                ],
                [
                    -1.862645371275562e-09,
                    0.9937330484390259,
                    0.11177955567836761,
                    0.4505977928638458
                ],
                [
                    0.0,
                    0.0,
                    0.0,
                    1.0
                ]
            ]
        },
        {
            "file_path": "/data/shapenet_blender/all_50_random/02958343/86736cf3dc841eafde5db5d0d11befd1/r_18",
            "rotation": 0.12566370614359174,
            "transform_matrix": [
                [
                    0.4350756108760834,
                    -0.23529931902885437,
                    0.8691048622131348,
                    3.503473997116089
                ],
                [
                    0.9003939032554626,
                    0.11369801312685013,
                    -0.4199565649032593,
                    -1.692899227142334
                ],
                [
                    0.0,
                    0.9652495980262756,
                    0.2613292932510376,
                    1.0534522533416748
                ],
                [
                    0.0,
                    0.0,
                    0.0,
                    1.0
                ]
            ]
        },
        {
            "file_path": "/data/shapenet_blender/all_50_random/02958343/86736cf3dc841eafde5db5d0d11befd1/r_19",
            "rotation": 0.12566370614359174,
            "transform_matrix": [
                [
                    -0.11058248579502106,
                    -0.05566137284040451,
                    0.9923070669174194,
                    4.000117778778076
                ],
                [
                    0.9938669204711914,
                    -0.006193155888468027,
                    0.11040893197059631,
                    0.44507265090942383
                ],
                [
                    -4.6566123179658803e-10,
                    0.9984305500984192,
                    0.056004848331213,
                    0.2257627695798874
                ],
                [
                    0.0,
                    0.0,
                    0.0,
                    1.0
                ]
            ]
        },
        {
            "file_path": "/data/shapenet_blender/all_50_random/02958343/86736cf3dc841eafde5db5d0d11befd1/r_20",
            "rotation": 0.12566370614359174,
            "transform_matrix": [
                [
                    -0.713532567024231,
                    -0.09040967375040054,
                    -0.6947641968727112,
                    -2.8006839752197266
                ],
                [
                    -0.7006219625473022,
                    0.09207569062709808,
                    0.7075668573379517,
                    2.8522932529449463
                ],
                [
                    7.450580596923828e-09,
                    0.9916389584541321,
                    -0.12904202938079834,
                    -0.5201850533485413
                ],
                [
                    0.0,
                    0.0,
                    0.0,
                    1.0
                ]
            ]
        },
        {
            "file_path": "/data/shapenet_blender/all_50_random/02958343/86736cf3dc841eafde5db5d0d11befd1/r_21",
            "rotation": 0.12566370614359174,
            "transform_matrix": [
                [
                    -0.9736744165420532,
                    -0.20856642723083496,
                    -0.09196904301643372,
                    -0.3707391023635864
                ],
                [
                    -0.2279435694217682,
                    0.8909037709236145,
                    0.39285120368003845,
                    1.5836340188980103
                ],
                [
                    -7.450581485102248e-09,
                    0.40347275137901306,
                    -0.9149914979934692,
                    -3.688448905944824
                ],
                [
                    0.0,
                    0.0,
                    0.0,
                    1.0
                ]
            ]
        },
        {
            "file_path": "/data/shapenet_blender/all_50_random/02958343/86736cf3dc841eafde5db5d0d11befd1/r_22",
            "rotation": 0.12566370614359174,
            "transform_matrix": [
                [
                    -0.891838788986206,
                    -0.43421536684036255,
                    0.12680885195732117,
                    0.5111829042434692
                ],
                [
                    0.452353298664093,
                    -0.8560789227485657,
                    0.2500104606151581,
                    1.0078245401382446
                ],
                [
                    7.450580596923828e-09,
                    0.28033149242401123,
                    0.9599031805992126,
                    3.8694937229156494
                ],
                [
                    0.0,
                    0.0,
                    0.0,
                    1.0
                ]
            ]
        },
        {
            "file_path": "/data/shapenet_blender/all_50_random/02958343/86736cf3dc841eafde5db5d0d11befd1/r_23",
            "rotation": 0.12566370614359174,
            "transform_matrix": [
                [
                    -0.9855104684829712,
                    0.006007065996527672,
                    -0.16950839757919312,
                    -0.6833102703094482
                ],
                [
                    -0.16961480677127838,
                    -0.03490276634693146,
                    0.9848921298980713,
                    3.9702274799346924
                ],
                [
                    -4.6566125955216364e-10,
                    0.999372661113739,
                    0.03541592136025429,
                    0.14276616275310516
                ],
                [
                    0.0,
                    0.0,
                    0.0,
                    1.0
                ]
            ]
        },
        {
            "file_path": "/data/shapenet_blender/all_50_random/02958343/86736cf3dc841eafde5db5d0d11befd1/r_24",
            "rotation": 0.12566370614359174,
            "transform_matrix": [
                [
                    -0.9501994848251343,
                    -0.10537072271108627,
                    0.29328832030296326,
                    1.1822831630706787
                ],
                [
                    0.31164249777793884,
                    -0.32127583026885986,
                    0.8942375183105469,
                    3.6047868728637695
                ],
                [
                    0.0,
                    0.94110506772995,
                    0.33811408281326294,
                    1.3629815578460693
                ],
                [
                    0.0,
                    0.0,
                    0.0,
                    1.0
                ]
            ]
        },
        {
            "file_path": "/data/shapenet_blender/all_50_random/02958343/86736cf3dc841eafde5db5d0d11befd1/r_25",
            "rotation": 0.12566370614359174,
            "transform_matrix": [
                [
                    0.7610054016113281,
                    0.010424737818539143,
                    0.6486618518829346,
                    2.614839792251587
                ],
                [
                    0.6487456560134888,
                    -0.01222864631563425,
                    -0.7609069347381592,
                    -3.067314386367798
                ],
                [
                    9.31322685637781e-10,
                    0.999870777130127,
                    -0.016069067642092705,
                    -0.06477648764848709
                ],
                [
                    0.0,
                    0.0,
                    0.0,
                    1.0
                ]
            ]
        },
        {
            "file_path": "/data/shapenet_blender/all_50_random/02958343/86736cf3dc841eafde5db5d0d11befd1/r_26",
            "rotation": 0.12566370614359174,
            "transform_matrix": [
                [
                    -0.11797884106636047,
                    0.10138930380344391,
                    -0.9878264665603638,
                    -3.982055902481079
                ],
                [
                    -0.9930161237716675,
                    -0.01204591803252697,
                    0.11736226081848145,
                    0.4731024205684662
                ],
                [
                    9.31322685637781e-10,
                    0.994773805141449,
                    0.1021023765206337,
                    0.41158783435821533
                ],
                [
                    0.0,
                    0.0,
                    0.0,
                    1.0
                ]
            ]
        },
        {
            "file_path": "/data/shapenet_blender/all_50_random/02958343/86736cf3dc841eafde5db5d0d11befd1/r_27",
            "rotation": 0.12566370614359174,
            "transform_matrix": [
                [
                    0.44414475560188293,
                    -0.6976544260978699,
                    -0.5621508955955505,
                    -2.2661030292510986
                ],
                [
                    -0.895954966545105,
                    -0.34584277868270874,
                    -0.27867066860198975,
                    -1.1233575344085693
                ],
                [
                    0.0,
                    0.6274320483207703,
                    -0.778671145439148,
                    -3.1389241218566895
                ],
                [
                    0.0,
                    0.0,
                    0.0,
                    1.0
                ]
            ]
        },
        {
            "file_path": "/data/shapenet_blender/all_50_random/02958343/86736cf3dc841eafde5db5d0d11befd1/r_28",
            "rotation": 0.12566370614359174,
            "transform_matrix": [
                [
                    -0.9838627576828003,
                    -0.05272580683231354,
                    -0.17097966372966766,
                    -0.6892410516738892
                ],
                [
                    -0.17892472445964813,
                    0.2899261713027954,
                    0.9401748776435852,
                    3.789966106414795
                ],
                [
                    0.0,
                    0.9555954933166504,
                    -0.29468151926994324,
                    -1.1878992319107056
                ],
                [
                    0.0,
                    0.0,
                    0.0,
                    1.0
                ]
            ]
        },
        {
            "file_path": "/data/shapenet_blender/all_50_random/02958343/86736cf3dc841eafde5db5d0d11befd1/r_29",
            "rotation": 0.12566370614359174,
            "transform_matrix": [
                [
                    -0.7619966864585876,
                    -0.15709999203681946,
                    -0.6282361745834351,
                    -2.532500982284546
                ],
                [
                    -0.6475809216499329,
                    0.18485668301582336,
                    0.7392339706420898,
                    2.979947566986084
                ],
                [
                    7.450580596923828e-09,
                    0.970127522945404,
                    -0.2425951361656189,
                    -0.9779322743415833
                ],
                [
                    0.0,
                    0.0,
                    0.0,
                    1.0
                ]
            ]
        },
        {
            "file_path": "/data/shapenet_blender/all_50_random/02958343/86736cf3dc841eafde5db5d0d11befd1/r_30",
            "rotation": 0.12566370614359174,
            "transform_matrix": [
                [
                    0.08117891103029251,
                    0.6204679012298584,
                    -0.7800189256668091,
                    -3.144357204437256
                ],
                [
                    -0.9966996312141418,
                    0.050535693764686584,
                    -0.06353075802326202,
                    -0.25610071420669556
                ],
                [
                    0.0,
                    0.7826018929481506,
                    0.6225224137306213,
                    2.5094683170318604
                ],
                [
                    0.0,
                    0.0,
                    0.0,
                    1.0
                ]
            ]
        },
        {
            "file_path": "/data/shapenet_blender/all_50_random/02958343/86736cf3dc841eafde5db5d0d11befd1/r_31",
            "rotation": 0.12566370614359174,
            "transform_matrix": [
                [
                    0.3123989999294281,
                    0.18269473314285278,
                    -0.932217538356781,
                    -3.7578890323638916
                ],
                [
                    -0.9499510526657104,
                    0.0600806288421154,
                    -0.3065671920776367,
                    -1.2358118295669556
                ],
                [
                    3.725290742551124e-09,
                    0.9813321828842163,
                    0.19232018291950226,
                    0.775267481803894
                ],
                [
                    0.0,
                    0.0,
                    0.0,
                    1.0
                ]
            ]
        },
        {
            "file_path": "/data/shapenet_blender/all_50_random/02958343/86736cf3dc841eafde5db5d0d11befd1/r_32",
            "rotation": 0.12566370614359174,
            "transform_matrix": [
                [
                    -0.7573145031929016,
                    0.36500412225723267,
                    0.5415226221084595,
                    2.1829473972320557
                ],
                [
                    0.6530503630638123,
                    0.4232795834541321,
                    0.6279805302619934,
                    2.531470537185669
                ],
                [
                    1.4901161193847656e-08,
                    0.8292202949523926,
                    -0.5589218735694885,
                    -2.2530860900878906
                ],
                [
                    0.0,
                    0.0,
                    0.0,
                    1.0
                ]
            ]
        },
        {
            "file_path": "/data/shapenet_blender/all_50_random/02958343/86736cf3dc841eafde5db5d0d11befd1/r_33",
            "rotation": 0.12566370614359174,
            "transform_matrix": [
                [
                    0.95125812292099,
                    0.08992520719766617,
                    -0.2949941158294678,
                    -1.1891593933105469
                ],
                [
                    -0.30839601159095764,
                    0.2773773968219757,
                    -0.9099195599555969,
                    -3.6680033206939697
                ],
                [
                    0.0,
                    0.9565433263778687,
                    0.2915900647640228,
                    1.1754372119903564
                ],
                [
                    0.0,
                    0.0,
                    0.0,
                    1.0
                ]
            ]
        },
        {
            "file_path": "/data/shapenet_blender/all_50_random/02958343/86736cf3dc841eafde5db5d0d11befd1/r_34",
            "rotation": 0.12566370614359174,
            "transform_matrix": [
                [
                    -0.7852262258529663,
                    0.50234055519104,
                    0.3620412349700928,
                    1.4594348669052124
                ],
                [
                    0.6192090511322021,
                    0.6370238661766052,
                    0.4591086804866791,
                    1.8507262468338013
                ],
                [
                    0.0,
                    0.584683358669281,
                    -0.8112615942955017,
                    -3.2703001499176025
                ],
                [
                    0.0,
                    0.0,
                    0.0,
                    1.0
                ]
            ]
        },
        {
            "file_path": "/data/shapenet_blender/all_50_random/02958343/86736cf3dc841eafde5db5d0d11befd1/r_35",
            "rotation": 0.12566370614359174,
            "transform_matrix": [
                [
                    0.5961539149284363,
                    -0.4943222105503082,
                    0.6326499581336975,
                    2.5502936840057373
                ],
                [
                    0.8028702735900879,
                    0.3670482337474823,
                    -0.46976056694984436,
                    -1.8936655521392822
                ],
                [
                    1.4901162970204496e-08,
                    0.7879853248596191,
                    0.6156938672065735,
                    2.4819416999816895
                ],
                [
                    0.0,
                    0.0,
                    0.0,
                    1.0
                ]
            ]
        },
        {
            "file_path": "/data/shapenet_blender/all_50_random/02958343/86736cf3dc841eafde5db5d0d11befd1/r_36",
            "rotation": 0.12566370614359174,
            "transform_matrix": [
                [
                    -0.7800057530403137,
                    0.27609339356422424,
                    0.561572253704071,
                    2.26377010345459
                ],
                [
                    0.6257723569869995,
                    0.3441418409347534,
                    0.6999824047088623,
                    2.8217194080352783
                ],
                [
                    1.4901161193847656e-08,
                    0.8974067568778992,
                    -0.4412041902542114,
                    -1.7785509824752808
                ],
                [
                    0.0,
                    0.0,
                    0.0,
                    1.0
                ]
            ]
        },
        {
            "file_path": "/data/shapenet_blender/all_50_random/02958343/86736cf3dc841eafde5db5d0d11befd1/r_37",
            "rotation": 0.12566370614359174,
            "transform_matrix": [
                [
                    0.14007794857025146,
                    -0.0629492998123169,
                    -0.9881373643875122,
                    -3.983309268951416
                ],
                [
                    -0.9901404976844788,
                    -0.008905613794922829,
                    -0.13979455828666687,
                    -0.5635299682617188
                ],
                [
                    0.0,
                    0.9979769587516785,
                    -0.0635761246085167,
                    -0.25628358125686646
                ],
                [
                    0.0,
                    0.0,
                    0.0,
                    1.0
                ]
            ]
        },
        {
            "file_path": "/data/shapenet_blender/all_50_random/02958343/86736cf3dc841eafde5db5d0d11befd1/r_38",
            "rotation": 0.12566370614359174,
            "transform_matrix": [
                [
                    0.27486059069633484,
                    -0.03406333923339844,
                    0.9608805775642395,
                    3.8734331130981445
                ],
                [
                    0.9614841341972351,
                    0.009737726300954819,
                    -0.2746880352497101,
                    -1.1073027849197388
                ],
                [
                    0.0,
                    0.9993723034858704,
                    0.03542787581682205,
                    0.14281432330608368
                ],
                [
                    0.0,
                    0.0,
                    0.0,
                    1.0
                ]
            ]
        },
        {
            "file_path": "/data/shapenet_blender/all_50_random/02958343/86736cf3dc841eafde5db5d0d11befd1/r_39",
            "rotation": 0.12566370614359174,
            "transform_matrix": [
                [
                    0.2348460853099823,
                    -0.2513180375099182,
                    0.9389816522598267,
                    3.785156011581421
                ],
                [
                    0.9720324873924255,
                    0.060719218105077744,
                    -0.2268608957529068,
                    -0.9145055413246155
                ],
                [
                    3.725290076417309e-09,
                    0.9659981727600098,
                    0.2585489749908447,
                    1.0422441959381104
                ],
                [
                    0.0,
                    0.0,
                    0.0,
                    1.0
                ]
            ]
        },
        {
            "file_path": "/data/shapenet_blender/all_50_random/02958343/86736cf3dc841eafde5db5d0d11befd1/r_40",
            "rotation": 0.12566370614359174,
            "transform_matrix": [
                [
                    0.20317420363426208,
                    -0.40566474199295044,
                    0.8911544680595398,
                    3.5923585891723633
                ],
                [
                    0.9791426658630371,
                    0.08417629450559616,
                    -0.18491646647453308,
                    -0.7454221248626709
                ],
                [
                    1.4901162970204496e-08,
                    0.9101375341415405,
                    0.414306104183197,
                    1.6701213121414185
                ],
                [
                    0.0,
                    0.0,
                    0.0,
                    1.0
                ]
            ]
        },
        {
            "file_path": "/data/shapenet_blender/all_50_random/02958343/86736cf3dc841eafde5db5d0d11befd1/r_41",
            "rotation": 0.12566370614359174,
            "transform_matrix": [
                [
                    0.12931907176971436,
                    0.6783049702644348,
                    -0.7233110070228577,
                    -2.9157602787017822
                ],
                [
                    -0.9916029572486877,
                    0.08846057951450348,
                    -0.09433001279830933,
