{
    "class": "02958343",
    "model": "2e5dbf98157a53a55cde8c99e4b182f9",
    "remove_doubles": true,
    "edge_split": true,
    "denoise": true,
    "camera_angle_x": 0.6911112070083618,
    "scale_factor": 2.2859467723390785,
    "hdri_file": "/data/IndoorHDRDataset2018/9C4A1313-80a62190cc.exr",
    "center_offset": [
        0.0,
        0.0,
        2.3283064365386963e-09
    ],
    "lights": [],
    "frames": [
        {
            "file_path": "/data/shapenet_blender/all_50_random/02958343/2e5dbf98157a53a55cde8c99e4b182f9/r_0",
            "rotation": 0.12566370614359174,
            "transform_matrix": [
                [
                    -0.4703942537307739,
                    0.3179735839366913,
                    0.8231780529022217,
                    3.3183367252349854
                ],
                [
                    0.8824564218521118,
                    0.16949613392353058,
                    0.43879589438438416,
                    1.7688426971435547
                ],
                [
                    1.4901159417490817e-08,
                    0.9328258037567139,
                    -0.36032775044441223,
                    -1.4525275230407715
                ],
                [
                    0.0,
                    0.0,
                    0.0,
                    1.0
                ]
            ]
        },
        {
            "file_path": "/data/shapenet_blender/all_50_random/02958343/2e5dbf98157a53a55cde8c99e4b182f9/r_1",
            "rotation": 0.12566370614359174,
            "transform_matrix": [
                [
                    0.8944104313850403,
                    0.12583744525909424,
                    -0.4291793406009674,
                    -1.7300775051116943
                ],
                [
                    -0.4472472071647644,
                    0.25165125727653503,
                    -0.8582781553268433,
                    -3.4598302841186523
                ],
                [
                    -7.450580596923828e-09,
                    0.9596022367477417,
                    0.2813599407672882,
                    1.1341983079910278
                ],
                [
                    0.0,
                    0.0,
                    0.0,
                    1.0
                ]
            ]
        },
        {
            "file_path": "/data/shapenet_blender/all_50_random/02958343/2e5dbf98157a53a55cde8c99e4b182f9/r_2",
            "rotation": 0.12566370614359174,
            "transform_matrix": [
                [
                    -0.35378673672676086,
                    0.32683128118515015,
                    0.8763653635978699,
                    3.5327417850494385
                ],
                [
                    0.9353261590003967,
                    0.1236238032579422,
                    0.331484854221344,
                    1.3362581729888916
                ],
                [
                    0.0,
                    0.936962366104126,
                    -0.34943029284477234,
                    -1.40859854221344
                ],
                [
                    0.0,
                    0.0,
                    0.0,
                    1.0
                ]
            ]
        },
        {
            "file_path": "/data/shapenet_blender/all_50_random/02958343/2e5dbf98157a53a55cde8c99e4b182f9/r_3",
            "rotation": 0.12566370614359174,
            "transform_matrix": [
                [
                    0.8545297384262085,
                    -0.33654093742370605,
                    0.3956248164176941,
                    1.594814658164978
                ],
                [
                    0.5194023251533508,
                    0.5536829829216003,
                    -0.6508888006210327,
                    -2.623816728591919
                ],
                [
                    0.0,
                    0.7616923451423645,
                    0.6479387879371643,
                    2.611924886703491
                ],
                [
                    0.0,
                    0.0,
                    0.0,
                    1.0
                ]
            ]
        },
        {
            "file_path": "/data/shapenet_blender/all_50_random/02958343/2e5dbf98157a53a55cde8c99e4b182f9/r_4",
            "rotation": 0.12566370614359174,
            "transform_matrix": [
                [
                    -0.23619648814201355,
                    0.8304885625839233,
                    0.5044799447059631,
                    2.0336239337921143
                ],
                [
                    0.9717052578926086,
                    0.20187033712863922,
                    0.12262606620788574,
                    0.4943215250968933
                ],
                [
                    0.0,
                    0.5191697478294373,
                    -0.854671061038971,
                    -3.445289373397827
                ],
                [
                    0.0,
                    0.0,
                    0.0,
                    1.0
                ]
            ]
        },
        {
            "file_path": "/data/shapenet_blender/all_50_random/02958343/2e5dbf98157a53a55cde8c99e4b182f9/r_5",
            "rotation": 0.12566370614359174,
            "transform_matrix": [
                [
                    0.3714698255062103,
                    0.5393980741500854,
                    -0.7556850910186768,
                    -3.0462639331817627
                ],
                [
                    -0.9284451007843018,
                    0.2158125787973404,
                    -0.3023487627506256,
                    -1.2188068628311157
                ],
                [
                    1.4901162970204496e-08,
                    0.8139253258705139,
                    0.5809693336486816,
                    2.3419623374938965
                ],
                [
                    0.0,
                    0.0,
                    0.0,
                    1.0
                ]
            ]
        },
        {
            "file_path": "/data/shapenet_blender/all_50_random/02958343/2e5dbf98157a53a55cde8c99e4b182f9/r_6",
            "rotation": 0.12566370614359174,
            "transform_matrix": [
                [
                    -0.6242228746414185,
                    -0.015888094902038574,
                    -0.7810846567153931,
                    -3.148653268814087
                ],
                [
                    -0.7812464237213135,
                    0.012694732286036015,
                    0.6240937113761902,
                    2.5158023834228516
                ],
                [
                    0.0,
                    0.9997931122779846,
                    -0.020336858928203583,
                    -0.08198051154613495
                ],
                [
                    0.0,
                    0.0,
                    0.0,
                    1.0
                ]
            ]
        },
        {
            "file_path": "/data/shapenet_blender/all_50_random/02958343/2e5dbf98157a53a55cde8c99e4b182f9/r_7",
            "rotation": 0.12566370614359174,
            "transform_matrix": [
                [
                    -0.09150981903076172,
                    -0.021737929433584213,
                    0.9955669045448303,
                    4.013258457183838
                ],
                [
                    0.9958042502403259,
                    -0.0019976156763732433,
                    0.09148801118135452,
                    0.36879995465278625
                ],
                [
                    0.0,
                    0.9997616410255432,
                    0.021829523146152496,
                    0.08799762278795242
                ],
                [
                    0.0,
                    0.0,
                    0.0,
                    1.0
                ]
            ]
        },
        {
            "file_path": "/data/shapenet_blender/all_50_random/02958343/2e5dbf98157a53a55cde8c99e4b182f9/r_8",
            "rotation": 0.12566370614359174,
            "transform_matrix": [
                [
                    0.39620041847229004,
                    0.36404210329055786,
                    -0.8429107069969177,
                    -3.3978819847106934
                ],
                [
                    -0.9181641340255737,
                    0.15708915889263153,
                    -0.36372750997543335,
                    -1.4662326574325562
                ],
                [
                    1.4901162970204496e-08,
                    0.9180393815040588,
                    0.39648914337158203,
                    1.5982990264892578
                ],
                [
                    0.0,
                    0.0,
                    0.0,
                    1.0
                ]
            ]
        },
        {
            "file_path": "/data/shapenet_blender/all_50_random/02958343/2e5dbf98157a53a55cde8c99e4b182f9/r_9",
            "rotation": 0.12566370614359174,
            "transform_matrix": [
                [
                    -0.779245913028717,
                    0.17234523594379425,
                    0.6025553941726685,
                    2.428978443145752
                ],
                [
                    0.626718282699585,
                    0.21428975462913513,
                    0.749202311038971,
                    3.0201311111450195
                ],
                [
                    0.0,
                    0.9614452719688416,
                    -0.2749963104724884,
                    -1.1085455417633057
                ],
                [
                    0.0,
                    0.0,
                    0.0,
                    1.0
                ]
            ]
        },
        {
            "file_path": "/data/shapenet_blender/all_50_random/02958343/2e5dbf98157a53a55cde8c99e4b182f9/r_10",
            "rotation": 0.12566370614359174,
            "transform_matrix": [
                [
                    -0.811991810798645,
                    -0.35542193055152893,
                    -0.46297353506088257,
                    -1.8663060665130615
                ],
                [
                    -0.5836688280105591,
                    0.49445798993110657,
                    0.6440823078155518,
                    2.596378803253174
                ],
                [
                    -1.4901161193847656e-08,
                    0.7932128310203552,
                    -0.6089445352554321,
                    -2.4547338485717773
                ],
                [
                    0.0,
                    0.0,
                    0.0,
                    1.0
                ]
            ]
        },
        {
            "file_path": "/data/shapenet_blender/all_50_random/02958343/2e5dbf98157a53a55cde8c99e4b182f9/r_11",
            "rotation": 0.12566370614359174,
            "transform_matrix": [
                [
                    -0.6157679557800293,
                    -0.6607490181922913,
                    0.4292323887348175,
                    1.7302912473678589
                ],
                [
                    0.7879276275634766,
                    -0.5163774490356445,
                    0.33544647693634033,
                    1.3522281646728516
                ],
                [
                    0.0,
                    0.5447612404823303,
                    0.8385910987854004,
                    3.3804690837860107
                ],
                [
                    0.0,
                    0.0,
                    0.0,
                    1.0
                ]
            ]
        },
        {
            "file_path": "/data/shapenet_blender/all_50_random/02958343/2e5dbf98157a53a55cde8c99e4b182f9/r_12",
            "rotation": 0.12566370614359174,
            "transform_matrix": [
                [
                    0.8313131332397461,
                    0.31123238801956177,
                    -0.46049195528030396,
                    -1.8563026189804077
                ],
                [
                    -0.5558043718338013,
                    0.465508371591568,
                    -0.6887549161911011,
                    -2.7764601707458496
                ],
                [
                    1.4901162970204496e-08,
                    0.8285145163536072,
                    0.5599674582481384,
                    2.2573013305664062
                ],
                [
                    0.0,
                    0.0,
                    0.0,
                    1.0
                ]
            ]
        },
        {
            "file_path": "/data/shapenet_blender/all_50_random/02958343/2e5dbf98157a53a55cde8c99e4b182f9/r_13",
            "rotation": 0.12566370614359174,
            "transform_matrix": [
                [
                    0.9685624241828918,
                    0.07682099938392639,
                    -0.2366122007369995,
                    -0.9538142681121826
                ],
                [
                    -0.2487705647945404,
                    0.2990945875644684,
                    -0.9212250709533691,
                    -3.7135770320892334
                ],
                [
                    0.0,
                    0.9511261582374573,
                    0.30880260467529297,
                    1.2448230981826782
                ],
                [
                    0.0,
                    0.0,
                    0.0,
                    1.0
                ]
            ]
        },
        {
            "file_path": "/data/shapenet_blender/all_50_random/02958343/2e5dbf98157a53a55cde8c99e4b182f9/r_14",
            "rotation": 0.12566370614359174,
            "transform_matrix": [
                [
                    -0.589825451374054,
                    -0.3247342109680176,
                    0.7393602132797241,
                    2.980456590652466
                ],
                [
                    0.8075308203697205,
                    -0.23718786239624023,
                    0.540033221244812,
                    2.176943778991699
                ],
                [
                    0.0,
                    0.9155815839767456,
                    0.4021323025226593,
                    1.6210472583770752
                ],
                [
                    0.0,
                    0.0,
                    0.0,
                    1.0
                ]
            ]
        },
        {
            "file_path": "/data/shapenet_blender/all_50_random/02958343/2e5dbf98157a53a55cde8c99e4b182f9/r_15",
            "rotation": 0.12566370614359174,
            "transform_matrix": [
                [
                    0.6067043542861938,
                    -0.22695712745189667,
                    0.7618400454521179,
                    3.071075439453125
                ],
                [
                    0.7949275374412537,
                    0.17321813106536865,
                    -0.5814512968063354,
                    -2.343905210494995
                ],
                [
                    0.0,
                    0.9583767056465149,
                    0.2855066657066345,
                    1.150914192199707
                ],
                [
                    0.0,
                    0.0,
                    0.0,
                    1.0
                ]
            ]
        },
        {
            "file_path": "/data/shapenet_blender/all_50_random/02958343/2e5dbf98157a53a55cde8c99e4b182f9/r_16",
            "rotation": 0.12566370614359174,
            "transform_matrix": [
                [
                    -0.8086062669754028,
                    -0.04638303816318512,
                    -0.5865190029144287,
                    -2.3643338680267334
                ],
                [
                    -0.5883501768112183,
                    0.06374707818031311,
                    0.8060895204544067,
                    3.249450922012329
                ],
                [
                    -7.450580596923828e-09,
                    0.9968875050544739,
                    -0.07883576303720474,
                    -0.31779715418815613
                ],
                [
                    0.0,
                    0.0,
                    0.0,
                    1.0
                ]
            ]
        },
        {
            "file_path": "/data/shapenet_blender/all_50_random/02958343/2e5dbf98157a53a55cde8c99e4b182f9/r_17",
            "rotation": 0.12566370614359174,
            "transform_matrix": [
                [
                    0.42234551906585693,
                    -0.10515502095222473,
                    -0.9003147482872009,
                    -3.6292848587036133
                ],
                [
                    -0.9064350128173828,
                    -0.04899606853723526,
                    -0.41949382424354553,
                    -1.6910337209701538
                ],
                [
                    0.0,
                    0.9932480454444885,
                    -0.11600945889949799,
                    -0.46764907240867615
                ],
                [
                    0.0,
                    0.0,
                    0.0,
                    1.0
                ]
            ]
        },
        {
            "file_path": "/data/shapenet_blender/all_50_random/02958343/2e5dbf98157a53a55cde8c99e4b182f9/r_18",
            "rotation": 0.12566370614359174,
            "transform_matrix": [
                [
                    -0.9149470329284668,
                    -0.11484812200069427,
                    0.3868873119354248,
                    1.5595927238464355
                ],
                [
                    0.4035739004611969,
                    -0.26037347316741943,
                    0.8771166801452637,
                    3.5357706546783447
                ],
                [
                    -7.450580596923828e-09,
                    0.9586528539657593,
                    0.2845776677131653,
                    1.1471693515777588
                ],
                [
                    0.0,
                    0.0,
                    0.0,
                    1.0
                ]
            ]
        },
        {
            "file_path": "/data/shapenet_blender/all_50_random/02958343/2e5dbf98157a53a55cde8c99e4b182f9/r_19",
            "rotation": 0.12566370614359174,
            "transform_matrix": [
                [
                    0.7238739132881165,
                    -0.0008348009432666004,
                    0.6899318099021912,
                    2.7812039852142334
                ],
                [
                    0.6899322867393494,
                    0.0008758694166317582,
                    -0.7238733768463135,
                    -2.918026924133301
                ],
                [
                    0.0,
                    0.9999993443489075,
                    0.0012099749874323606,
                    0.004877564962953329
                ],
                [
                    0.0,
                    0.0,
                    0.0,
                    1.0
                ]
            ]
        },
        {
            "file_path": "/data/shapenet_blender/all_50_random/02958343/2e5dbf98157a53a55cde8c99e4b182f9/r_20",
            "rotation": 0.12566370614359174,
            "transform_matrix": [
                [
                    -0.33659467101097107,
                    -0.16104647517204285,
                    0.9277759790420532,
                    3.7399840354919434
                ],
                [
                    0.9416496157646179,
                    -0.05756640434265137,
                    0.3316355049610138,
                    1.3368653059005737
                ],
                [
                    -3.7252898543727042e-09,
                    0.9852665066719055,
                    0.17102593183517456,
                    0.6894274950027466
                ],
                [
                    0.0,
                    0.0,
                    0.0,
                    1.0
                ]
            ]
        },
        {
            "file_path": "/data/shapenet_blender/all_50_random/02958343/2e5dbf98157a53a55cde8c99e4b182f9/r_21",
            "rotation": 0.12566370614359174,
            "transform_matrix": [
                [
                    -0.9391476511955261,
                    0.026034444570541382,
                    -0.3425259590148926,
                    -1.3807663917541504
                ],
                [
                    -0.34351396560668945,
                    -0.0711766853928566,
                    0.936446487903595,
                    3.7749366760253906
                ],
                [
                    1.862645149230957e-09,
                    0.9971238374710083,
                    0.07578860968351364,
                    0.3055136799812317
                ],
                [
                    0.0,
                    0.0,
                    0.0,
                    1.0
                ]
            ]
        },
        {
            "file_path": "/data/shapenet_blender/all_50_random/02958343/2e5dbf98157a53a55cde8c99e4b182f9/r_22",
            "rotation": 0.12566370614359174,
            "transform_matrix": [
                [
                    0.9759507179260254,
                    0.20580244064331055,
                    0.07187246531248093,
                    0.28972721099853516
                ],
                [
                    0.21799150109291077,
                    -0.9213801026344299,
                    -0.3217739462852478,
                    -1.2971123456954956
                ],
                [
                    -7.450580596923828e-09,
                    0.32970312237739563,
                    -0.9440845847129822,
                    -3.805727005004883
                ],
                [
                    0.0,
                    0.0,
                    0.0,
                    1.0
                ]
            ]
        },
        {
            "file_path": "/data/shapenet_blender/all_50_random/02958343/2e5dbf98157a53a55cde8c99e4b182f9/r_23",
            "rotation": 0.12566370614359174,
            "transform_matrix": [
                [
                    -0.24464449286460876,
                    0.48275527358055115,
                    0.8408901691436768,
                    3.3897366523742676
                ],
                [
                    0.9696128368377686,
                    0.12180473655462265,
                    0.21216629445552826,
                    0.8552696704864502
                ],
                [
                    -7.450580596923828e-09,
                    0.867243230342865,
                    -0.4978846311569214,
                    -2.0070371627807617
                ],
                [
                    0.0,
                    0.0,
                    0.0,
                    1.0
                ]
            ]
        },
        {
            "file_path": "/data/shapenet_blender/all_50_random/02958343/2e5dbf98157a53a55cde8c99e4b182f9/r_24",
            "rotation": 0.12566370614359174,
            "transform_matrix": [
                [
                    -0.1598556786775589,
                    0.385175496339798,
                    0.9088926911354065,
                    3.6638636589050293
                ],
                [
                    0.987140417098999,
                    0.062374603003263474,
                    0.14718438684940338,
                    0.5933192372322083
                ],
                [
                    0.0,
                    0.9207329154014587,
                    -0.39019325375556946,
                    -1.5729193687438965
                ],
                [
                    0.0,
                    0.0,
                    0.0,
                    1.0
                ]
            ]
        },
        {
            "file_path": "/data/shapenet_blender/all_50_random/02958343/2e5dbf98157a53a55cde8c99e4b182f9/r_25",
            "rotation": 0.12566370614359174,
            "transform_matrix": [
                [
                    0.7883387207984924,
                    -0.05393208935856819,
                    0.6128731966018677,
                    2.4705708026885986
                ],
                [
                    0.6152416467666626,
                    0.06910577416419983,
                    -0.7853038907051086,
                    -3.165661334991455
                ],
                [
                    0.0,
                    0.9961503744125366,
                    0.08766002207994461,
                    0.3533688485622406
                ],
                [
                    0.0,
                    0.0,
                    0.0,
                    1.0
                ]
            ]
        },
        {
            "file_path": "/data/shapenet_blender/all_50_random/02958343/2e5dbf98157a53a55cde8c99e4b182f9/r_26",
            "rotation": 0.12566370614359174,
            "transform_matrix": [
                [
                    0.9955294728279114,
                    -0.0034635483752936125,
                    -0.09438763558864594,
                    -0.38048869371414185
                ],
                [
                    -0.09445114433765411,
                    -0.03650632128119469,
                    -0.9948599934577942,
                    -4.010408401489258
                ],
                [
                    2.328306020205062e-10,
                    0.9993274211883545,
                    -0.0366702601313591,
                    -0.1478225290775299
                ],
                [
                    0.0,
                    0.0,
                    0.0,
                    1.0
                ]
            ]
        },
        {
            "file_path": "/data/shapenet_blender/all_50_random/02958343/2e5dbf98157a53a55cde8c99e4b182f9/r_27",
            "rotation": 0.12566370614359174,
            "transform_matrix": [
                [
                    0.5043941736221313,
                    -0.15400919318199158,
                    0.8496279716491699,
                    3.424959897994995
                ],
                [
                    0.8634735345840454,
                    0.08996377885341644,
                    -0.4963063597679138,
                    -2.0006749629974365
                ],
                [
                    0.0,
                    0.983965277671814,
                    0.17836005985736847,
                    0.7189924120903015
                ],
                [
                    0.0,
                    0.0,
                    0.0,
                    1.0
                ]
            ]
        },
        {
            "file_path": "/data/shapenet_blender/all_50_random/02958343/2e5dbf98157a53a55cde8c99e4b182f9/r_28",
            "rotation": 0.12566370614359174,
            "transform_matrix": [
                [
                    -0.42631760239601135,
                    0.03219056874513626,
                    0.9040006399154663,
                    3.6441431045532227
                ],
                [
                    0.9045736193656921,
                    0.015171131119132042,
                    0.42604753375053406,
                    1.7174525260925293
                ],
                [
                    0.0,
                    0.9993666410446167,
                    -0.03558645397424698,
                    -0.14345358312129974
                ],
                [
                    0.0,
                    0.0,
                    0.0,
                    1.0
                ]
            ]
        },
        {
            "file_path": "/data/shapenet_blender/all_50_random/02958343/2e5dbf98157a53a55cde8c99e4b182f9/r_29",
            "rotation": 0.12566370614359174,
            "transform_matrix": [
                [
                    -0.05130353569984436,
                    0.7794443368911743,
                    -0.6243672370910645,
                    -2.516904830932617
                ],
                [
                    -0.9986830949783325,
                    -0.04004097729921341,
                    0.03207448497414589,
                    0.12929637730121613
                ],
                [
                    1.862645149230957e-09,
                    0.6251904368400574,
                    0.7804721593856812,
                    3.146183967590332
                ],
                [
                    0.0,
                    0.0,
                    0.0,
                    1.0
                ]
            ]
        },
        {
            "file_path": "/data/shapenet_blender/all_50_random/02958343/2e5dbf98157a53a55cde8c99e4b182f9/r_30",
            "rotation": 0.12566370614359174,
            "transform_matrix": [
                [
                    0.7543759942054749,
                    -0.4887041449546814,
                    0.43827521800994873,
                    1.7667436599731445
                ],
                [
                    0.6564425826072693,
                    0.5616129636764526,
                    -0.5036606788635254,
                    -2.030320882797241
                ],
                [
                    0.0,
                    0.667651891708374,
                    0.7444735765457153,
                    3.001068592071533
                ],
                [
                    0.0,
                    0.0,
                    0.0,
                    1.0
                ]
            ]
        },
        {
            "file_path": "/data/shapenet_blender/all_50_random/02958343/2e5dbf98157a53a55cde8c99e4b182f9/r_31",
            "rotation": 0.12566370614359174,
            "transform_matrix": [
                [
                    -0.9912155270576477,
                    -0.03354635834693909,
                    0.12793149054050446,
                    0.515708327293396
                ],
                [
                    0.1322566568851471,
                    -0.25141772627830505,
                    0.9587998986244202,
                    3.8650460243225098
                ],
                [
                    0.0,
                    0.9672970771789551,
                    0.2536458969116211,
                    1.0224792957305908
                ],
                [
                    0.0,
                    0.0,
                    0.0,
                    1.0
                ]
            ]
        },
        {
            "file_path": "/data/shapenet_blender/all_50_random/02958343/2e5dbf98157a53a55cde8c99e4b182f9/r_32",
            "rotation": 0.12566370614359174,
            "transform_matrix": [
                [
                    0.0316275916993618,
                    0.1685888022184372,
                    -0.9851788878440857,
                    -3.9713833332061768
                ],
                [
                    -0.9994997382164001,
                    0.00533472653478384,
                    -0.0311744324862957,
                    -0.12566816806793213
                ],
                [
                    -4.6566125955216364e-10,
                    0.9856720566749573,
                    0.16867315769195557,
                    0.679943323135376
                ],
                [
                    0.0,
                    0.0,
                    0.0,
                    1.0
                ]
            ]
        },
        {
            "file_path": "/data/shapenet_blender/all_50_random/02958343/2e5dbf98157a53a55cde8c99e4b182f9/r_33",
            "rotation": 0.12566370614359174,
            "transform_matrix": [
                [
                    0.9893239736557007,
                    0.042795103043317795,
                    0.1393081545829773,
                    0.5615691542625427
                ],
                [
                    0.14573326706886292,
                    -0.29051855206489563,
                    -0.9457064867019653,
                    -3.8122646808624268
                ],
                [
                    -3.725290742551124e-09,
                    0.9559118151664734,
                    -0.2936536371707916,
                    -1.18375563621521
                ],
                [
                    0.0,
                    0.0,
                    0.0,
                    1.0
                ]
            ]
        },
        {
            "file_path": "/data/shapenet_blender/all_50_random/02958343/2e5dbf98157a53a55cde8c99e4b182f9/r_34",
            "rotation": 0.12566370614359174,
            "transform_matrix": [
                [
                    0.20554405450820923,
                    -0.07065918296575546,
                    0.9760937094688416,
                    3.9347596168518066
                ],
                [
                    0.9786478281021118,
                    0.014840452000498772,
                    -0.2050076276063919,
                    -0.8264122009277344
                ],
                [
                    -9.313224635931761e-10,
                    0.9973901510238647,
                    0.07220081984996796,
                    0.29105082154273987
                ],
                [
                    0.0,
                    0.0,
                    0.0,
                    1.0
                ]
            ]
        },
        {
            "file_path": "/data/shapenet_blender/all_50_random/02958343/2e5dbf98157a53a55cde8c99e4b182f9/r_35",
            "rotation": 0.12566370614359174,
            "transform_matrix": [
                [
                    0.8178355693817139,
                    -0.02086017280817032,
                    0.575073778629303,
                    2.3181962966918945
                ],
                [
                    0.5754519701004028,
                    0.029646599665284157,
                    -0.817298173904419,
                    -3.2946338653564453
                ],
                [
                    0.0,
                    0.9993427395820618,
                    0.036250077188014984,
                    0.14612871408462524
                ],
                [
                    0.0,
                    0.0,
                    0.0,
                    1.0
                ]
            ]
        },
        {
            "file_path": "/data/shapenet_blender/all_50_random/02958343/2e5dbf98157a53a55cde8c99e4b182f9/r_36",
            "rotation": 0.12566370614359174,
            "transform_matrix": [
                [
                    0.41838982701301575,
                    -0.3061152398586273,
                    0.8551276326179504,
                    3.447129964828491
                ],
                [
                    0.9082674980163574,
                    0.14101079106330872,
                    -0.3939111828804016,
                    -1.587906837463379
                ],
                [
                    -7.450580152834618e-09,
                    0.9414932131767273,
                    0.3370319604873657,
                    1.3586194515228271
                ],
                [
                    0.0,
                    0.0,
                    0.0,
                    1.0
                ]
            ]
        },
        {
            "file_path": "/data/shapenet_blender/all_50_random/02958343/2e5dbf98157a53a55cde8c99e4b182f9/r_37",
            "rotation": 0.12566370614359174,
            "transform_matrix": [
                [
                    0.9809107780456543,
                    0.09003984183073044,
                    0.17235656082630157,
                    0.6947915554046631
                ],
                [
                    0.19445811212062836,
                    -0.45419058203697205,
                    -0.8694232702255249,
                    -3.5047576427459717
                ],
                [
                    0.0,
                    0.8863429427146912,
                    -0.4630293548107147,
                    -1.8665311336517334
                ],
                [
                    0.0,
                    0.0,
                    0.0,
                    1.0
                ]
            ]
        },
        {
            "file_path": "/data/shapenet_blender/all_50_random/02958343/2e5dbf98157a53a55cde8c99e4b182f9/r_38",
            "rotation": 0.12566370614359174,
            "transform_matrix": [
                [
                    -0.49572691321372986,
                    -0.49398016929626465,
                    -0.7143096923828125,
                    -2.879474639892578
                ],
                [
                    -0.8684784770011902,
                    0.2819635272026062,
                    0.4077274799346924,
                    1.6436021327972412
                ],
                [
                    -1.4901161193847656e-08,
                    0.8224841356277466,
                    -0.5687879920005798,
                    -2.2928578853607178
                ],
                [
                    0.0,
                    0.0,
                    0.0,
                    1.0
                ]
            ]
        },
        {
            "file_path": "/data/shapenet_blender/all_50_random/02958343/2e5dbf98157a53a55cde8c99e4b182f9/r_39",
            "rotation": 0.12566370614359174,
            "transform_matrix": [
                [
                    0.044575728476047516,
                    0.4675654172897339,
                    -0.8828338980674744,
                    -3.558816909790039
                ],
                [
                    -0.999005913734436,
                    0.02086280658841133,
                    -0.03939212113618851,
                    -0.15879470109939575
                ],
                [
                    -1.8626448161640496e-09,
                    0.8837122917175293,
                    0.4680306315422058,
                    1.8866915702819824
                ],
                [
                    0.0,
                    0.0,
                    0.0,
                    1.0
                ]
            ]
        },
        {
            "file_path": "/data/shapenet_blender/all_50_random/02958343/2e5dbf98157a53a55cde8c99e4b182f9/r_40",
            "rotation": 0.12566370614359174,
            "transform_matrix": [
                [
                    0.5085514783859253,
                    0.2086075395345688,
                    -0.8353790640830994,
                    -3.367521047592163
                ],
                [
                    -0.8610316514968872,
                    0.12320996820926666,
                    -0.49340033531188965,
                    -1.9889605045318604
                ],
                [
                    0.0,
                    0.9702073335647583,
                    0.24227626621723175,
                    0.976646900177002
                ],
                [
                    0.0,
                    0.0,
                    0.0,
                    1.0
                ]
            ]
        },
        {
            "file_path": "/data/shapenet_blender/all_50_random/02958343/2e5dbf98157a53a55cde8c99e4b182f9/r_41",
            "rotation": 0.12566370614359174,
            "transform_matrix": [
                [
                    0.2854210436344147,
                    -0.5793688297271729,
                    0.7634568810462952,
                    3.0775933265686035
                ],
                [
                    0.9584022164344788,
                    0.17254140973091125,
                    -0.22736452519893646,
                    -0.9165357947349548
                ],
                [
