{
    "class": "02958343",
    "model": "73e977c312f8628b1d65faadf0df8f28",
    "remove_doubles": true,
    "edge_split": true,
    "denoise": true,
    "camera_angle_x": 0.6911112070083618,
    "scale_factor": 2.2852388709264613,
    "hdri_file": "/data/IndoorHDRDataset2018/9C4A5963-8391defece.exr",
    "center_offset": [
        0.0,
        -3.725290298461914e-09,
        0.0
    ],
    "lights": [],
    "frames": [
        {
            "file_path": "/data/shapenet_blender/all_50_random/02958343/73e977c312f8628b1d65faadf0df8f28/r_0",
            "rotation": 0.12566370614359174,
            "transform_matrix": [
                [
                    -0.21556784212589264,
                    -0.1590244024991989,
                    0.9634529948234558,
                    3.883803367614746
                ],
                [
                    0.9764889478683472,
                    -0.03510592132806778,
                    0.21269004046916962,
                    0.8573809862136841
                ],
                [
                    0.0,
                    0.9866503477096558,
                    0.16285324096679688,
                    0.6564823985099792
                ],
                [
                    0.0,
                    0.0,
                    0.0,
                    1.0
                ]
            ]
        },
        {
            "file_path": "/data/shapenet_blender/all_50_random/02958343/73e977c312f8628b1d65faadf0df8f28/r_1",
            "rotation": 0.12566370614359174,
            "transform_matrix": [
                [
                    -0.9783045053482056,
                    -0.15027455985546112,
                    0.14261141419410706,
                    0.5748850703239441
                ],
                [
                    0.20717257261276245,
                    -0.709622323513031,
                    0.673435628414154,
                    2.7147061824798584
                ],
                [
                    0.0,
                    0.6883701682090759,
                    0.7253593802452087,
                    2.9240174293518066
                ],
                [
                    0.0,
                    0.0,
                    0.0,
                    1.0
                ]
            ]
        },
        {
            "file_path": "/data/shapenet_blender/all_50_random/02958343/73e977c312f8628b1d65faadf0df8f28/r_2",
            "rotation": 0.12566370614359174,
            "transform_matrix": [
                [
                    -0.8098821640014648,
                    0.5006436705589294,
                    -0.30569082498550415,
                    -1.2322793006896973
                ],
                [
                    -0.5865927338600159,
                    -0.6912161111831665,
                    0.4220535457134247,
                    1.7013523578643799
                ],
                [
                    0.0,
                    0.5211296677589417,
                    0.853477418422699,
                    3.4404778480529785
                ],
                [
                    0.0,
                    0.0,
                    0.0,
                    1.0
                ]
            ]
        },
        {
            "file_path": "/data/shapenet_blender/all_50_random/02958343/73e977c312f8628b1d65faadf0df8f28/r_3",
            "rotation": 0.12566370614359174,
            "transform_matrix": [
                [
                    0.9961170554161072,
                    -0.018725862726569176,
                    -0.08602508902549744,
                    -0.3467782437801361
                ],
                [
                    -0.08803962916135788,
                    -0.21187220513820648,
                    -0.9733237028121948,
                    -3.923593521118164
                ],
                [
                    0.0,
                    0.9771180748939514,
                    -0.2126980870962143,
                    -0.8574134707450867
                ],
                [
                    0.0,
                    0.0,
                    0.0,
                    1.0
                ]
            ]
        },
        {
            "file_path": "/data/shapenet_blender/all_50_random/02958343/73e977c312f8628b1d65faadf0df8f28/r_4",
            "rotation": 0.12566370614359174,
            "transform_matrix": [
                [
                    0.9996823072433472,
                    0.013338081538677216,
                    0.0213855542242527,
                    0.08620792627334595
                ],
                [
                    0.025204092264175415,
                    -0.5290348529815674,
                    -0.8482257127761841,
                    -3.419307231903076
                ],
                [
                    0.0,
                    0.8484952449798584,
                    -0.529202938079834,
                    -2.1332852840423584
                ],
                [
                    0.0,
                    0.0,
                    0.0,
                    1.0
                ]
            ]
        },
        {
            "file_path": "/data/shapenet_blender/all_50_random/02958343/73e977c312f8628b1d65faadf0df8f28/r_5",
            "rotation": 0.12566370614359174,
            "transform_matrix": [
                [
                    0.2477683126926422,
                    0.09335553646087646,
                    0.964310884475708,
                    3.8872616291046143
                ],
                [
                    0.968819260597229,
                    -0.023874985054135323,
                    -0.24661533534526825,
                    -0.994138240814209
                ],
                [
                    1.8626450382086546e-09,
                    0.9953466057777405,
                    -0.09636010229587555,
                    -0.38843998312950134
                ],
                [
                    0.0,
                    0.0,
                    0.0,
                    1.0
                ]
            ]
        },
        {
            "file_path": "/data/shapenet_blender/all_50_random/02958343/73e977c312f8628b1d65faadf0df8f28/r_6",
            "rotation": 0.12566370614359174,
            "transform_matrix": [
                [
                    -0.8086217641830444,
                    -0.33824142813682556,
                    0.48137685656547546,
                    1.9404921531677246
                ],
                [
                    0.588329017162323,
                    -0.46489188075065613,
                    0.6616226434707642,
                    2.667086124420166
                ],
                [
                    0.0,
                    0.8182104229927063,
                    0.5749188661575317,
                    2.3175721168518066
                ],
                [
                    0.0,
                    0.0,
                    0.0,
                    1.0
                ]
            ]
        },
        {
            "file_path": "/data/shapenet_blender/all_50_random/02958343/73e977c312f8628b1d65faadf0df8f28/r_7",
            "rotation": 0.12566370614359174,
            "transform_matrix": [
                [
                    -0.06033213809132576,
                    0.12311214208602905,
                    0.9905571341514587,
                    3.993063449859619
                ],
                [
                    0.9981783628463745,
                    0.007441174238920212,
                    0.05987149849534035,
                    0.2413497269153595
                ],
                [
                    0.0,
                    0.992364764213562,
                    -0.12333682179450989,
                    -0.4971866309642792
                ],
                [
                    0.0,
                    0.0,
                    0.0,
                    1.0
                ]
            ]
        },
        {
            "file_path": "/data/shapenet_blender/all_50_random/02958343/73e977c312f8628b1d65faadf0df8f28/r_8",
            "rotation": 0.12566370614359174,
            "transform_matrix": [
                [
                    0.9623106718063354,
                    0.19676870107650757,
                    0.18772397935390472,
                    0.756739616394043
                ],
                [
                    0.2719525992870331,
                    -0.6962706446647644,
                    -0.6642656922340393,
                    -2.6777408123016357
                ],
                [
                    0.0,
                    0.6902819275856018,
                    -0.7235403656959534,
                    -2.916684627532959
                ],
                [
                    0.0,
                    0.0,
                    0.0,
                    1.0
                ]
            ]
        },
        {
            "file_path": "/data/shapenet_blender/all_50_random/02958343/73e977c312f8628b1d65faadf0df8f28/r_9",
            "rotation": 0.12566370614359174,
            "transform_matrix": [
                [
                    -0.25290054082870483,
                    -0.07823774218559265,
                    -0.9643236994743347,
                    -3.8873131275177
                ],
                [
                    -0.967492401599884,
                    0.02045118622481823,
                    0.2520722448825836,
                    1.0161356925964355
                ],
                [
                    0.0,
                    0.9967249631881714,
                    -0.08086652308702469,
                    -0.3259833753108978
                ],
                [
                    0.0,
                    0.0,
                    0.0,
                    1.0
                ]
            ]
        },
        {
            "file_path": "/data/shapenet_blender/all_50_random/02958343/73e977c312f8628b1d65faadf0df8f28/r_10",
            "rotation": 0.12566370614359174,
            "transform_matrix": [
                [
                    -0.809716522693634,
                    -0.06834280490875244,
                    0.5828278660774231,
                    2.349454402923584
                ],
                [
                    0.5868211984634399,
                    -0.09430180490016937,
                    0.804206371307373,
                    3.2418599128723145
                ],
                [
                    0.0,
                    0.9931949973106384,
                    0.11646273732185364,
                    0.4694763422012329
                ],
                [
                    0.0,
                    0.0,
                    0.0,
                    1.0
                ]
            ]
        },
        {
            "file_path": "/data/shapenet_blender/all_50_random/02958343/73e977c312f8628b1d65faadf0df8f28/r_11",
            "rotation": 0.12566370614359174,
            "transform_matrix": [
                [
                    0.871261715888977,
                    -0.0016431519761681557,
                    0.4908159673213959,
                    1.9785422086715698
                ],
                [
                    0.49081867933273315,
                    0.002916791010648012,
                    -0.871256947517395,
                    -3.51214861869812
                ],
                [
                    -1.1641530794914701e-10,
                    0.9999943375587463,
                    0.00334777869284153,
                    0.013495326042175293
                ],
                [
                    0.0,
                    0.0,
                    0.0,
                    1.0
                ]
            ]
        },
        {
            "file_path": "/data/shapenet_blender/all_50_random/02958343/73e977c312f8628b1d65faadf0df8f28/r_12",
            "rotation": 0.12566370614359174,
            "transform_matrix": [
                [
                    -0.4269990921020508,
                    0.21331146359443665,
                    -0.8787320256233215,
                    -3.5422821044921875
                ],
                [
                    -0.9042519927024841,
                    -0.1007283478975296,
                    0.4149482548236847,
                    1.6727099418640137
                ],
                [
                    -7.450580152834618e-09,
                    0.9717777371406555,
                    0.23589825630187988,
                    0.9509362578392029
                ],
                [
                    0.0,
                    0.0,
                    0.0,
                    1.0
                ]
            ]
        },
        {
            "file_path": "/data/shapenet_blender/all_50_random/02958343/73e977c312f8628b1d65faadf0df8f28/r_13",
            "rotation": 0.12566370614359174,
            "transform_matrix": [
                [
                    0.6380557417869568,
                    0.49928098917007446,
                    -0.5861767530441284,
                    -2.3629543781280518
                ],
                [
                    -0.769990086555481,
                    0.4137314260005951,
                    -0.48573803901672363,
                    -1.9580727815628052
                ],
                [
                    -1.4901161193847656e-08,
                    0.7612783908843994,
                    0.6484251022338867,
                    2.6138854026794434
                ],
                [
                    0.0,
                    0.0,
                    0.0,
                    1.0
                ]
            ]
        },
        {
            "file_path": "/data/shapenet_blender/all_50_random/02958343/73e977c312f8628b1d65faadf0df8f28/r_14",
            "rotation": 0.12566370614359174,
            "transform_matrix": [
                [
                    0.9456406831741333,
                    0.13999775052070618,
                    -0.2935376465320587,
                    -1.1832880973815918
                ],
                [
                    -0.32521334290504456,
                    0.40707913041114807,
                    -0.8535354733467102,
                    -3.440711498260498
                ],
                [
                    0.0,
                    0.902600109577179,
                    0.4304797649383545,
                    1.7353194952011108
                ],
                [
                    0.0,
                    0.0,
                    0.0,
                    1.0
                ]
            ]
        },
        {
            "file_path": "/data/shapenet_blender/all_50_random/02958343/73e977c312f8628b1d65faadf0df8f28/r_15",
            "rotation": 0.12566370614359174,
            "transform_matrix": [
                [
                    -0.5720452666282654,
                    -0.4646601676940918,
                    0.6759105920791626,
                    2.7246828079223633
                ],
                [
                    0.820222020149231,
                    -0.324066698551178,
                    0.4713985323905945,
                    1.900268316268921
                ],
                [
                    -1.4901161193847656e-08,
                    0.8240579962730408,
                    0.5665053129196167,
                    2.283655881881714
                ],
                [
                    0.0,
                    0.0,
                    0.0,
                    1.0
                ]
            ]
        },
        {
            "file_path": "/data/shapenet_blender/all_50_random/02958343/73e977c312f8628b1d65faadf0df8f28/r_16",
            "rotation": 0.12566370614359174,
            "transform_matrix": [
                [
                    0.7696062326431274,
                    0.492499440908432,
                    -0.4063871204853058,
                    -1.6381988525390625
                ],
                [
                    -0.6385186910629272,
                    0.5936092734336853,
                    -0.48981818556785583,
                    -1.974520206451416
                ],
                [
                    -1.4901160305669237e-08,
                    0.6364527940750122,
                    0.7713155746459961,
                    3.1092724800109863
                ],
                [
                    0.0,
                    0.0,
                    0.0,
                    1.0
                ]
            ]
        },
        {
            "file_path": "/data/shapenet_blender/all_50_random/02958343/73e977c312f8628b1d65faadf0df8f28/r_17",
            "rotation": 0.12566370614359174,
            "transform_matrix": [
                [
                    0.9216700196266174,
                    0.032146867364645004,
                    0.3866405785083771,
                    1.5585980415344238
                ],
                [
                    0.38797470927238464,
                    -0.07636788487434387,
                    -0.9185007214546204,
                    -3.702594757080078
                ],
                [
                    1.862645149230957e-09,
                    0.9965613484382629,
                    -0.08285816013813019,
                    -0.33401191234588623
                ],
                [
                    0.0,
                    0.0,
                    0.0,
                    1.0
                ]
            ]
        },
        {
            "file_path": "/data/shapenet_blender/all_50_random/02958343/73e977c312f8628b1d65faadf0df8f28/r_18",
            "rotation": 0.12566370614359174,
            "transform_matrix": [
                [
                    -0.10530479997396469,
                    0.6895789504051208,
                    0.7165135741233826,
                    2.8883585929870605
                ],
                [
                    0.9944400191307068,
                    0.07302197813987732,
                    0.07587417960166931,
                    0.3058586120605469
                ],
                [
                    -3.725290298461914e-09,
                    0.7205197811126709,
                    -0.6934344172477722,
                    -2.795323610305786
                ],
                [
                    0.0,
                    0.0,
                    0.0,
                    1.0
                ]
            ]
        },
        {
            "file_path": "/data/shapenet_blender/all_50_random/02958343/73e977c312f8628b1d65faadf0df8f28/r_19",
            "rotation": 0.12566370614359174,
            "transform_matrix": [
                [
                    0.009462516754865646,
                    0.5717961192131042,
                    0.820341169834137,
                    3.306900978088379
                ],
                [
                    0.9999552965164185,
                    -0.005410871934145689,
                    -0.007762839086353779,
                    -0.031293004751205444
                ],
                [
                    0.0,
                    0.8203778862953186,
                    -0.5718217492103577,
                    -2.305087089538574
                ],
                [
                    0.0,
                    0.0,
                    0.0,
                    1.0
                ]
            ]
        },
        {
            "file_path": "/data/shapenet_blender/all_50_random/02958343/73e977c312f8628b1d65faadf0df8f28/r_20",
            "rotation": 0.12566370614359174,
            "transform_matrix": [
                [
                    -0.685547411441803,
                    -0.21763940155506134,
                    0.6947358250617981,
                    2.800569772720337
                ],
                [
                    0.7280280590057373,
                    -0.2049400806427002,
                    0.6541978120803833,
                    2.637155771255493
                ],
                [
                    -1.4901162970204496e-08,
                    0.9542707204818726,
                    0.29894372820854187,
                    1.2050807476043701
                ],
                [
                    0.0,
                    0.0,
                    0.0,
                    1.0
                ]
            ]
        },
        {
            "file_path": "/data/shapenet_blender/all_50_random/02958343/73e977c312f8628b1d65faadf0df8f28/r_21",
            "rotation": 0.12566370614359174,
            "transform_matrix": [
                [
                    -0.7417686581611633,
                    0.40612176060676575,
                    -0.5337080955505371,
                    -2.1514461040496826
                ],
                [
                    -0.6706557273864746,
                    -0.4491848349571228,
                    0.5902997255325317,
                    2.3795742988586426
                ],
                [
                    -1.4901160305669237e-08,
                    0.7958002090454102,
                    0.605559229850769,
                    2.441087245941162
                ],
                [
                    0.0,
                    0.0,
                    0.0,
                    1.0
                ]
            ]
        },
        {
            "file_path": "/data/shapenet_blender/all_50_random/02958343/73e977c312f8628b1d65faadf0df8f28/r_22",
            "rotation": 0.12566370614359174,
            "transform_matrix": [
                [
                    -0.31709399819374084,
                    0.46422600746154785,
                    -0.8270100355148315,
                    -3.3337841033935547
                ],
                [
                    -0.9483941793441772,
                    -0.15521317720413208,
                    0.2765094041824341,
                    1.114645004272461
                ],
                [
                    0.0,
                    0.8720109462738037,
                    0.48948636651039124,
                    1.9731826782226562
                ],
                [
                    0.0,
                    0.0,
                    0.0,
                    1.0
                ]
            ]
        },
        {
            "file_path": "/data/shapenet_blender/all_50_random/02958343/73e977c312f8628b1d65faadf0df8f28/r_23",
            "rotation": 0.12566370614359174,
            "transform_matrix": [
                [
                    0.9332360625267029,
                    -0.010129484347999096,
                    0.3591209053993225,
                    1.4476628303527832
                ],
                [
                    0.35926374793052673,
                    0.026312701404094696,
                    -0.9328649640083313,
                    -3.7604992389678955
                ],
                [
                    0.0,
                    0.9996024370193481,
                    0.02819511480629444,
                    0.11365815252065659
                ],
                [
                    0.0,
                    0.0,
                    0.0,
                    1.0
                ]
            ]
        },
        {
            "file_path": "/data/shapenet_blender/all_50_random/02958343/73e977c312f8628b1d65faadf0df8f28/r_24",
            "rotation": 0.12566370614359174,
            "transform_matrix": [
                [
                    0.7431405782699585,
                    -0.4478480815887451,
                    -0.49716612696647644,
                    -2.004140853881836
                ],
                [
                    -0.6691353917121887,
                    -0.4973793029785156,
                    -0.5521517992019653,
                    -2.225795269012451
                ],
                [
                    0.0,
                    0.742997944355011,
                    -0.6692936420440674,
                    -2.6980092525482178
                ],
                [
                    0.0,
                    0.0,
                    0.0,
                    1.0
                ]
            ]
        },
        {
            "file_path": "/data/shapenet_blender/all_50_random/02958343/73e977c312f8628b1d65faadf0df8f28/r_25",
            "rotation": 0.12566370614359174,
            "transform_matrix": [
                [
                    0.981603741645813,
                    0.07636073976755142,
                    0.17499509453773499,
                    0.7054277658462524
                ],
                [
                    0.19092997908592224,
                    -0.3925836682319641,
                    -0.8996798396110535,
                    -3.626725435256958
                ],
                [
                    0.0,
                    0.9165408611297607,
                    -0.399941086769104,
                    -1.6122140884399414
                ],
                [
                    0.0,
                    0.0,
                    0.0,
                    1.0
                ]
            ]
        },
        {
            "file_path": "/data/shapenet_blender/all_50_random/02958343/73e977c312f8628b1d65faadf0df8f28/r_26",
            "rotation": 0.12566370614359174,
            "transform_matrix": [
                [
                    -0.7779847979545593,
                    -0.5805262923240662,
                    0.240268275141716,
                    0.96855229139328
                ],
                [
                    0.6282830834388733,
                    -0.7188489437103271,
                    0.29751724004745483,
                    1.19933021068573
                ],
                [
                    0.0,
                    0.38242024183273315,
                    0.9239885210990906,
                    3.7247164249420166
                ],
                [
                    0.0,
                    0.0,
                    0.0,
                    1.0
                ]
            ]
        },
        {
            "file_path": "/data/shapenet_blender/all_50_random/02958343/73e977c312f8628b1d65faadf0df8f28/r_27",
            "rotation": 0.12566370614359174,
            "transform_matrix": [
                [
                    0.7590444087982178,
                    -0.44503432512283325,
                    0.4751799404621124,
                    1.9155116081237793
                ],
                [
                    0.6510389447212219,
                    0.5188642740249634,
                    -0.5540109276771545,
                    -2.2332894802093506
                ],
                [
                    -1.4901162970204496e-08,
                    0.7298794388771057,
                    0.6835758090019226,
                    2.755582332611084
                ],
                [
                    0.0,
                    0.0,
                    0.0,
                    1.0
                ]
            ]
        },
        {
            "file_path": "/data/shapenet_blender/all_50_random/02958343/73e977c312f8628b1d65faadf0df8f28/r_28",
            "rotation": 0.12566370614359174,
            "transform_matrix": [
                [
                    0.6221637725830078,
                    0.6440089344978333,
                    0.4451569616794586,
                    1.794485092163086
                ],
                [
                    0.7828872203826904,
                    -0.5117965936660767,
                    -0.35376811027526855,
                    -1.4260848760604858
                ],
                [
                    0.0,
                    0.5686092376708984,
                    -0.822607696056366,
                    -3.316037654876709
                ],
                [
                    0.0,
                    0.0,
                    0.0,
                    1.0
                ]
            ]
        },
        {
            "file_path": "/data/shapenet_blender/all_50_random/02958343/73e977c312f8628b1d65faadf0df8f28/r_29",
            "rotation": 0.12566370614359174,
            "transform_matrix": [
                [
                    -0.384316086769104,
                    -0.08136103302240372,
                    0.9196094870567322,
                    3.707064390182495
                ],
                [
                    0.9232016801834106,
                    -0.03386946767568588,
                    0.3828206956386566,
                    1.5431995391845703
                ],
                [
                    -1.862645371275562e-09,
                    0.9961090087890625,
                    0.08812921494245529,
                    0.3552602231502533
                ],
                [
                    0.0,
                    0.0,
                    0.0,
                    1.0
                ]
            ]
        },
        {
            "file_path": "/data/shapenet_blender/all_50_random/02958343/73e977c312f8628b1d65faadf0df8f28/r_30",
            "rotation": 0.12566370614359174,
            "transform_matrix": [
                [
                    0.23325730860233307,
                    0.8570950627326965,
                    0.45932453870773315,
                    1.851596474647522
                ],
                [
                    0.9724150896072388,
                    -0.205595001578331,
                    -0.11018010973930359,
                    -0.44415023922920227
                ],
                [
                    0.0,
                    0.4723545014858246,
                    -0.88140869140625,
                    -3.553071975708008
                ],
                [
                    0.0,
                    0.0,
                    0.0,
                    1.0
                ]
            ]
        },
        {
            "file_path": "/data/shapenet_blender/all_50_random/02958343/73e977c312f8628b1d65faadf0df8f28/r_31",
            "rotation": 0.12566370614359174,
            "transform_matrix": [
                [
                    -0.9968104958534241,
                    -0.02629823237657547,
                    0.07534803450107574,
                    0.3037376403808594
                ],
                [
                    0.07980553805828094,
                    -0.3284778892993927,
                    0.9411340951919556,
                    3.793832778930664
                ],
                [
                    0.0,
                    0.9441455006599426,
                    0.32952892780303955,
                    1.3283735513687134
                ],
                [
                    0.0,
                    0.0,
                    0.0,
                    1.0
                ]
            ]
        },
        {
            "file_path": "/data/shapenet_blender/all_50_random/02958343/73e977c312f8628b1d65faadf0df8f28/r_32",
            "rotation": 0.12566370614359174,
            "transform_matrix": [
                [
                    -0.08608419448137283,
                    -0.39785945415496826,
                    -0.9133987426757812,
                    -3.682028293609619
                ],
                [
                    -0.9962878823280334,
                    0.034377019852399826,
                    0.07892216742038727,
                    0.3181454539299011
                ],
                [
                    -3.725290298461914e-09,
                    0.9168019890785217,
                    -0.3993418514728546,
                    -1.6097986698150635
                ],
                [
                    0.0,
                    0.0,
                    0.0,
                    1.0
                ]
            ]
        },
        {
            "file_path": "/data/shapenet_blender/all_50_random/02958343/73e977c312f8628b1d65faadf0df8f28/r_33",
            "rotation": 0.12566370614359174,
            "transform_matrix": [
                [
                    -0.6646242141723633,
                    -0.5894893407821655,
                    0.45910465717315674,
                    1.8507100343704224
                ],
                [
                    0.7471778988838196,
                    -0.5243582725524902,
                    0.4083794057369232,
                    1.6462299823760986
                ],
                [
                    1.4901161193847656e-08,
                    0.6144516468048096,
                    0.7889545559883118,
                    3.18037748336792
                ],
                [
                    0.0,
                    0.0,
                    0.0,
                    1.0
                ]
            ]
        },
        {
            "file_path": "/data/shapenet_blender/all_50_random/02958343/73e977c312f8628b1d65faadf0df8f28/r_34",
            "rotation": 0.12566370614359174,
            "transform_matrix": [
                [
                    0.874963641166687,
                    -0.45000821352005005,
                    -0.1786930114030838,
                    -0.7203346490859985
                ],
                [
                    -0.48418858647346497,
                    -0.8131972551345825,
                    -0.3229111433029175,
                    -1.301696538925171
                ],
                [
                    0.0,
                    0.3690568208694458,
                    -0.9294068813323975,
                    -3.7465591430664062
                ],
                [
                    0.0,
                    0.0,
                    0.0,
                    1.0
                ]
            ]
        },
        {
            "file_path": "/data/shapenet_blender/all_50_random/02958343/73e977c312f8628b1d65faadf0df8f28/r_35",
            "rotation": 0.12566370614359174,
            "transform_matrix": [
                [
                    -0.3231201767921448,
                    0.1564209759235382,
                    -0.9333411455154419,
                    -3.762418746948242
                ],
                [
                    -0.9463579654693604,
                    -0.05340767279267311,
                    0.3186757564544678,
                    1.284623146057129
                ],
                [
                    -3.725290298461914e-09,
                    0.9862454533576965,
                    0.1652873307466507,
                    0.6662945747375488
                ],
                [
                    0.0,
                    0.0,
                    0.0,
                    1.0
                ]
            ]
        },
        {
            "file_path": "/data/shapenet_blender/all_50_random/02958343/73e977c312f8628b1d65faadf0df8f28/r_36",
            "rotation": 0.12566370614359174,
            "transform_matrix": [
                [
                    -0.982060432434082,
                    0.11279641836881638,
                    0.15111024677753448,
                    0.6091448664665222
                ],
                [
                    0.18856653571128845,
                    0.5874472260475159,
                    0.7869868874549866,
                    3.17244553565979
                ],
                [
                    7.450580596923828e-09,
                    0.8013630509376526,
                    -0.5981783270835876,
                    -2.4113340377807617
                ],
                [
                    0.0,
                    0.0,
                    0.0,
                    1.0
                ]
            ]
        },
        {
            "file_path": "/data/shapenet_blender/all_50_random/02958343/73e977c312f8628b1d65faadf0df8f28/r_37",
            "rotation": 0.12566370614359174,
            "transform_matrix": [
                [
                    0.9902275800704956,
                    -0.10692913830280304,
                    -0.08953026682138443,
                    -0.3609080910682678
                ],
                [
                    -0.13946151733398438,
                    -0.7592358589172363,
                    -0.6356975436210632,
                    -2.5625789165496826
                ],
                [
                    0.0,
                    0.641971230506897,
                    -0.7667286396026611,
                    -3.0907821655273438
                ],
                [
                    0.0,
                    0.0,
                    0.0,
                    1.0
                ]
            ]
        },
        {
            "file_path": "/data/shapenet_blender/all_50_random/02958343/73e977c312f8628b1d65faadf0df8f28/r_38",
            "rotation": 0.12566370614359174,
            "transform_matrix": [
                [
                    -0.18449020385742188,
                    -0.5704044103622437,
                    0.8003763556480408,
                    3.2264199256896973
                ],
                [
                    0.9828343987464905,
                    -0.10707198083400726,
                    0.15024057030677795,
                    0.6056390404701233
                ],
                [
                    0.0,
                    0.814355194568634,
                    0.5803667902946472,
                    2.3395330905914307
                ],
                [
                    0.0,
                    0.0,
                    0.0,
                    1.0
                ]
            ]
        },
        {
            "file_path": "/data/shapenet_blender/all_50_random/02958343/73e977c312f8628b1d65faadf0df8f28/r_39",
            "rotation": 0.12566370614359174,
            "transform_matrix": [
                [
                    0.8042715191841125,
                    0.03701215237379074,
                    -0.5931082367897034,
                    -2.3908960819244385
                ],
                [
                    -0.5942620038986206,
                    0.05009208247065544,
                    -0.8027099967002869,
                    -3.235827684402466
                ],
                [
                    1.862645149230957e-09,
                    0.9980584979057312,
                    0.06228255107998848,
                    0.25106900930404663
                ],
                [
                    0.0,
                    0.0,
                    0.0,
                    1.0
                ]
            ]
        },
        {
            "file_path": "/data/shapenet_blender/all_50_random/02958343/73e977c312f8628b1d65faadf0df8f28/r_40",
            "rotation": 0.12566370614359174,
            "transform_matrix": [
                [
                    -0.3143441081047058,
                    0.02893310971558094,
                    -0.9488681554794312,
                    -3.825009346008301
                ],
                [
                    -0.9493090510368347,
                    -0.009580603800714016,
                    0.3141981363296509,
                    1.2665730714797974
                ],
                [
                    -9.313224080820248e-10,
                    0.9995354413986206,
                    0.03047807328402996,
                    0.12286102771759033
                ],
                [
                    0.0,
                    0.0,
                    0.0,
                    1.0
                ]
            ]
        },
        {
            "file_path": "/data/shapenet_blender/all_50_random/02958343/73e977c312f8628b1d65faadf0df8f28/r_41",
            "rotation": 0.12566370614359174,
            "transform_matrix": [
                [
                    -0.9966135621070862,
                    -0.00046702189138159156,
                    -0.08222739398479462,
                    -0.33146923780441284
                ],
                [
                    -0.08222872763872147,
                    0.0056603136472404,
                    0.996597409248352,
                    4.0174126625061035
                ],
                [
                    5.820766091346741e-11,
