{
    "class": "02958343",
    "model": "56dafc275ef1367d307cb03f4c762959",
    "remove_doubles": true,
    "edge_split": true,
    "denoise": true,
    "camera_angle_x": 0.6911112070083618,
    "scale_factor": 2.2557909193651517,
    "hdri_file": "/data/IndoorHDRDataset2018/9C4A7157-8faaac3321.exr",
    "center_offset": [
        0.0,
        -1.862645149230957e-09,
        -3.725290298461914e-09
    ],
    "lights": [],
    "frames": [
        {
            "file_path": "/data/shapenet_blender/all_50_random/02958343/56dafc275ef1367d307cb03f4c762959/r_0",
            "rotation": 0.12566370614359174,
            "transform_matrix": [
                [
                    -0.9469257593154907,
                    -0.22134849429130554,
                    -0.23310205340385437,
                    -0.9396643042564392
                ],
                [
                    -0.3214525282382965,
                    0.6520420908927917,
                    0.686665415763855,
                    2.7680366039276123
                ],
                [
                    0.0,
                    0.7251522541046143,
                    -0.6885885000228882,
                    -2.7757887840270996
                ],
                [
                    0.0,
                    0.0,
                    0.0,
                    1.0
                ]
            ]
        },
        {
            "file_path": "/data/shapenet_blender/all_50_random/02958343/56dafc275ef1367d307cb03f4c762959/r_1",
            "rotation": 0.12566370614359174,
            "transform_matrix": [
                [
                    0.9009187817573547,
                    -0.028864070773124695,
                    -0.4330267906188965,
                    -1.745586633682251
                ],
                [
                    -0.43398767709732056,
                    -0.05991917476058006,
                    -0.8989240527153015,
                    -3.62367844581604
                ],
                [
                    0.0,
                    0.997785747051239,
                    -0.06650897115468979,
                    -0.2681061923503876
                ],
                [
                    0.0,
                    0.0,
                    0.0,
                    1.0
                ]
            ]
        },
        {
            "file_path": "/data/shapenet_blender/all_50_random/02958343/56dafc275ef1367d307cb03f4c762959/r_2",
            "rotation": 0.12566370614359174,
            "transform_matrix": [
                [
                    0.8844446539878845,
                    -0.00528663769364357,
                    -0.4666150212287903,
                    -1.880985140800476
                ],
                [
                    -0.46664494276046753,
                    -0.010019906796514988,
                    -0.8843880295753479,
                    -3.565081834793091
                ],
                [
                    0.0,
                    0.9999358654022217,
                    -0.011329037137329578,
                    -0.04566880315542221
                ],
                [
                    0.0,
                    0.0,
                    0.0,
                    1.0
                ]
            ]
        },
        {
            "file_path": "/data/shapenet_blender/all_50_random/02958343/56dafc275ef1367d307cb03f4c762959/r_3",
            "rotation": 0.12566370614359174,
            "transform_matrix": [
                [
                    -0.8129389882087708,
                    -0.0344790518283844,
                    0.5813271999359131,
                    2.343404769897461
                ],
                [
                    0.5823488235473633,
                    -0.04813158139586449,
                    0.8115129470825195,
                    3.271313190460205
                ],
                [
                    0.0,
                    0.9982457160949707,
                    0.05920688435435295,
                    0.23867057263851166
                ],
                [
                    0.0,
                    0.0,
                    0.0,
                    1.0
                ]
            ]
        },
        {
            "file_path": "/data/shapenet_blender/all_50_random/02958343/56dafc275ef1367d307cb03f4c762959/r_4",
            "rotation": 0.12566370614359174,
            "transform_matrix": [
                [
                    -0.9950973987579346,
                    -0.009380100294947624,
                    -0.09845414012670517,
                    -0.3968813419342041
                ],
                [
                    -0.0988999679684639,
                    0.09437934309244156,
                    0.9906116127967834,
                    3.9932830333709717
                ],
                [
                    9.313225746154785e-10,
                    0.9954920411109924,
                    -0.09484433382749557,
                    -0.3823297321796417
                ],
                [
                    0.0,
                    0.0,
                    0.0,
                    1.0
                ]
            ]
        },
        {
            "file_path": "/data/shapenet_blender/all_50_random/02958343/56dafc275ef1367d307cb03f4c762959/r_5",
            "rotation": 0.12566370614359174,
            "transform_matrix": [
                [
                    -0.9663994908332825,
                    0.014725876040756702,
                    -0.2566227316856384,
                    -1.0344794988632202
                ],
                [
                    -0.2570449709892273,
                    -0.05536416545510292,
                    0.964812159538269,
                    3.889282464981079
                ],
                [
                    0.0,
                    0.9983575344085693,
                    0.057289108633995056,
                    0.2309398055076599
                ],
                [
                    0.0,
                    0.0,
                    0.0,
                    1.0
                ]
            ]
        },
        {
            "file_path": "/data/shapenet_blender/all_50_random/02958343/56dafc275ef1367d307cb03f4c762959/r_6",
            "rotation": 0.12566370614359174,
            "transform_matrix": [
                [
                    0.9414119720458984,
                    0.086423359811306,
                    -0.3259977400302887,
                    -1.3141390085220337
                ],
                [
                    -0.33725887537002563,
                    0.24123896658420563,
                    -0.9099780321121216,
                    -3.668239116668701
                ],
                [
                    0.0,
                    0.9666098356246948,
                    0.256252259016037,
                    1.032986044883728
                ],
                [
                    0.0,
                    0.0,
                    0.0,
                    1.0
                ]
            ]
        },
        {
            "file_path": "/data/shapenet_blender/all_50_random/02958343/56dafc275ef1367d307cb03f4c762959/r_7",
            "rotation": 0.12566370614359174,
            "transform_matrix": [
                [
                    0.42175716161727905,
                    0.5950567126274109,
                    0.6841258406639099,
                    2.7577996253967285
                ],
                [
                    0.9067087769508362,
                    -0.27679166197776794,
                    -0.318222314119339,
                    -1.2827953100204468
                ],
                [
                    1.4901161193847656e-08,
                    0.754515528678894,
                    -0.6562820672988892,
                    -2.6455578804016113
                ],
                [
                    0.0,
                    0.0,
                    0.0,
                    1.0
                ]
            ]
        },
        {
            "file_path": "/data/shapenet_blender/all_50_random/02958343/56dafc275ef1367d307cb03f4c762959/r_8",
            "rotation": 0.12566370614359174,
            "transform_matrix": [
                [
                    -0.8714759349822998,
                    -0.43545717000961304,
                    -0.22562551498413086,
                    -0.9095255136489868
                ],
                [
                    -0.49043846130371094,
                    0.7737778425216675,
                    0.4009212255477905,
                    1.6161651611328125
                ],
                [
                    0.0,
                    0.4600485563278198,
                    -0.8878937363624573,
                    -3.579214096069336
                ],
                [
                    0.0,
                    0.0,
                    0.0,
                    1.0
                ]
            ]
        },
        {
            "file_path": "/data/shapenet_blender/all_50_random/02958343/56dafc275ef1367d307cb03f4c762959/r_9",
            "rotation": 0.12566370614359174,
            "transform_matrix": [
                [
                    -0.16248540580272675,
                    -0.6883643269538879,
                    -0.7069320678710938,
                    -2.8497345447540283
                ],
                [
                    -0.9867109656333923,
                    0.11335554718971252,
                    0.1164131686091423,
                    0.4692765176296234
                ],
                [
                    0.0,
                    0.716452956199646,
                    -0.6976352334022522,
                    -2.812257766723633
                ],
                [
                    0.0,
                    0.0,
                    0.0,
                    1.0
                ]
            ]
        },
        {
            "file_path": "/data/shapenet_blender/all_50_random/02958343/56dafc275ef1367d307cb03f4c762959/r_10",
            "rotation": 0.12566370614359174,
            "transform_matrix": [
                [
                    -0.1220107227563858,
                    0.12784302234649658,
                    -0.9842608571052551,
                    -3.9676826000213623
                ],
                [
                    -0.9925287365913391,
                    -0.01571563631296158,
                    0.12099436670541763,
                    0.48774391412734985
                ],
                [
                    0.0,
                    0.9916698932647705,
                    0.12880533933639526,
                    0.5192309617996216
                ],
                [
                    0.0,
                    0.0,
                    0.0,
                    1.0
                ]
            ]
        },
        {
            "file_path": "/data/shapenet_blender/all_50_random/02958343/56dafc275ef1367d307cb03f4c762959/r_11",
            "rotation": 0.12566370614359174,
            "transform_matrix": [
                [
                    -0.41798046231269836,
                    -0.7763591408729553,
                    0.4717612862586975,
                    1.9017305374145508
                ],
                [
                    0.9084560871124268,
                    -0.3572026789188385,
                    0.2170572578907013,
                    0.8749858140945435
                ],
                [
                    1.4901162970204496e-08,
                    0.5192999839782715,
                    0.854591965675354,
                    3.4449703693389893
                ],
                [
                    0.0,
                    0.0,
                    0.0,
                    1.0
                ]
            ]
        },
        {
            "file_path": "/data/shapenet_blender/all_50_random/02958343/56dafc275ef1367d307cb03f4c762959/r_12",
            "rotation": 0.12566370614359174,
            "transform_matrix": [
                [
                    0.43470498919487,
                    -0.09876510500907898,
                    -0.8951408267021179,
                    -3.6084277629852295
                ],
                [
                    -0.9005729556083679,
                    -0.04767374321818352,
                    -0.4320829212665558,
                    -1.7417817115783691
                ],
                [
                    3.725290298461914e-09,
                    0.99396812915802,
                    -0.10966920107603073,
                    -0.44209063053131104
                ],
                [
                    0.0,
                    0.0,
                    0.0,
                    1.0
                ]
            ]
        },
        {
            "file_path": "/data/shapenet_blender/all_50_random/02958343/56dafc275ef1367d307cb03f4c762959/r_13",
            "rotation": 0.12566370614359174,
            "transform_matrix": [
                [
                    -0.9419592618942261,
                    -0.02567320317029953,
                    0.334744393825531,
                    1.349397897720337
                ],
                [
                    0.3357275128364563,
                    -0.07203195989131927,
                    0.9392008781433105,
                    3.7860400676727295
                ],
                [
                    0.0,
                    0.9970718622207642,
                    0.07647035270929337,
                    0.3082618713378906
                ],
                [
                    0.0,
                    0.0,
                    0.0,
                    1.0
                ]
            ]
        },
        {
            "file_path": "/data/shapenet_blender/all_50_random/02958343/56dafc275ef1367d307cb03f4c762959/r_14",
            "rotation": 0.12566370614359174,
            "transform_matrix": [
                [
                    0.8399409055709839,
                    -0.06219687685370445,
                    -0.5391019582748413,
                    -2.173189401626587
                ],
                [
                    -0.5426779985427856,
                    -0.0962664783000946,
                    -0.8344059586524963,
                    -3.363598108291626
                ],
                [
                    -3.725290742551124e-09,
                    0.9934104681015015,
                    -0.11461100727319717,
                    -0.46201175451278687
                ],
                [
                    0.0,
                    0.0,
                    0.0,
                    1.0
                ]
            ]
        },
        {
            "file_path": "/data/shapenet_blender/all_50_random/02958343/56dafc275ef1367d307cb03f4c762959/r_15",
            "rotation": 0.12566370614359174,
            "transform_matrix": [
                [
                    0.9624304175376892,
                    0.028593771159648895,
                    -0.27001848816871643,
                    -1.0884793996810913
                ],
                [
                    -0.2715282142162323,
                    0.10135047137737274,
                    -0.9570791721343994,
                    -3.858109474182129
                ],
                [
                    -1.8626450382086546e-09,
                    0.9944397211074829,
                    0.10530682653188705,
                    0.4245053827762604
                ],
                [
                    0.0,
                    0.0,
                    0.0,
                    1.0
                ]
            ]
        },
        {
            "file_path": "/data/shapenet_blender/all_50_random/02958343/56dafc275ef1367d307cb03f4c762959/r_16",
            "rotation": 0.12566370614359174,
            "transform_matrix": [
                [
                    -0.6820219159126282,
                    0.1602155715227127,
                    0.7135663628578186,
                    2.8764781951904297
                ],
                [
                    0.7313317656517029,
                    0.1494130790233612,
                    0.6654543280601501,
                    2.682532548904419
                ],
                [
                    -7.450581485102248e-09,
                    0.9757082462310791,
                    -0.21907371282577515,
                    -0.8831144571304321
                ],
                [
                    0.0,
                    0.0,
                    0.0,
                    1.0
                ]
            ]
        },
        {
            "file_path": "/data/shapenet_blender/all_50_random/02958343/56dafc275ef1367d307cb03f4c762959/r_17",
            "rotation": 0.12566370614359174,
            "transform_matrix": [
                [
                    0.5831717252731323,
                    -0.4140767753124237,
                    -0.6988928318023682,
                    -2.8173270225524902
                ],
                [
                    -0.8123489618301392,
                    -0.29725879430770874,
                    -0.5017234683036804,
                    -2.0225119590759277
                ],
                [
                    -1.4901161193847656e-08,
                    0.860335648059845,
                    -0.5097277760505676,
                    -2.0547783374786377
                ],
                [
                    0.0,
                    0.0,
                    0.0,
                    1.0
                ]
            ]
        },
        {
            "file_path": "/data/shapenet_blender/all_50_random/02958343/56dafc275ef1367d307cb03f4c762959/r_18",
            "rotation": 0.12566370614359174,
            "transform_matrix": [
                [
                    -0.5394034385681152,
                    0.02104644477367401,
                    -0.8417844772338867,
                    -3.393341302871704
                ],
                [
                    -0.842047393321991,
                    -0.013482049107551575,
                    0.53923499584198,
                    2.1737256050109863
                ],
                [
                    0.0,
                    0.9996875524520874,
                    0.024994373321533203,
                    0.10075552761554718
                ],
                [
                    0.0,
                    0.0,
                    0.0,
                    1.0
                ]
            ]
        },
        {
            "file_path": "/data/shapenet_blender/all_50_random/02958343/56dafc275ef1367d307cb03f4c762959/r_19",
            "rotation": 0.12566370614359174,
            "transform_matrix": [
                [
                    0.8158353567123413,
                    0.44105634093284607,
                    0.3740079998970032,
                    1.5076744556427002
                ],
                [
                    0.5782842636108398,
                    -0.6222361326217651,
                    -0.5276452898979187,
                    -2.1270062923431396
                ],
                [
                    -1.4901161193847656e-08,
                    0.6467546820640564,
                    -0.7626981139183044,
                    -3.0745344161987305
                ],
                [
                    0.0,
                    0.0,
                    0.0,
                    1.0
                ]
            ]
        },
        {
            "file_path": "/data/shapenet_blender/all_50_random/02958343/56dafc275ef1367d307cb03f4c762959/r_20",
            "rotation": 0.12566370614359174,
            "transform_matrix": [
                [
                    0.34260788559913635,
                    0.026221221312880516,
                    0.9391124844551086,
                    3.7856836318969727
                ],
                [
                    0.9394785761833191,
                    -0.009562322869896889,
                    -0.34247440099716187,
                    -1.3805584907531738
                ],
                [
                    0.0,
                    0.9996103644371033,
                    -0.027910402044653893,
                    -0.11251042783260345
                ],
                [
                    0.0,
                    0.0,
                    0.0,
                    1.0
                ]
            ]
        },
        {
            "file_path": "/data/shapenet_blender/all_50_random/02958343/56dafc275ef1367d307cb03f4c762959/r_21",
            "rotation": 0.12566370614359174,
            "transform_matrix": [
                [
                    0.9433949589729309,
                    -0.28871288895606995,
                    -0.16325058043003082,
                    -0.6580842137336731
                ],
                [
                    -0.3316713571548462,
                    -0.8212053179740906,
                    -0.46434447169303894,
                    -1.8718326091766357
                ],
                [
                    0.0,
                    0.4922057092189789,
                    -0.8704788088798523,
                    -3.509012460708618
                ],
                [
                    0.0,
                    0.0,
                    0.0,
                    1.0
                ]
            ]
        },
        {
            "file_path": "/data/shapenet_blender/all_50_random/02958343/56dafc275ef1367d307cb03f4c762959/r_22",
            "rotation": 0.12566370614359174,
            "transform_matrix": [
                [
                    0.6044961810112,
                    0.5550622344017029,
                    0.5713931918144226,
                    2.3033597469329834
                ],
                [
                    0.7966080904006958,
                    -0.421202152967453,
                    -0.433594673871994,
                    -1.7478760480880737
                ],
                [
                    1.4901162970204496e-08,
                    0.7172826528549194,
                    -0.6967821717262268,
                    -2.808818817138672
                ],
                [
                    0.0,
                    0.0,
                    0.0,
                    1.0
                ]
            ]
        },
        {
            "file_path": "/data/shapenet_blender/all_50_random/02958343/56dafc275ef1367d307cb03f4c762959/r_23",
            "rotation": 0.12566370614359174,
            "transform_matrix": [
                [
                    0.9717194437980652,
                    0.03430434688925743,
                    0.23363347351551056,
                    0.9418065547943115
                ],
                [
                    0.2361384779214859,
                    -0.14116376638412476,
                    -0.9614112377166748,
                    -3.8755722045898438
                ],
                [
                    -3.7252898543727042e-09,
                    0.9893918037414551,
                    -0.1452721655368805,
                    -0.5856107473373413
                ],
                [
                    0.0,
                    0.0,
                    0.0,
                    1.0
                ]
            ]
        },
        {
            "file_path": "/data/shapenet_blender/all_50_random/02958343/56dafc275ef1367d307cb03f4c762959/r_24",
            "rotation": 0.12566370614359174,
            "transform_matrix": [
                [
                    0.9165962338447571,
                    0.32019343972206116,
                    -0.23943161964416504,
                    -0.9651798009872437
                ],
                [
                    -0.3998141288757324,
                    0.7340613603591919,
                    -0.5489103198051453,
                    -2.212728500366211
                ],
                [
                    1.4901161193847656e-08,
                    0.5988573431968689,
                    0.8008556365966797,
                    3.2283525466918945
                ],
                [
                    0.0,
                    0.0,
                    0.0,
                    1.0
                ]
            ]
        },
        {
            "file_path": "/data/shapenet_blender/all_50_random/02958343/56dafc275ef1367d307cb03f4c762959/r_25",
            "rotation": 0.12566370614359174,
            "transform_matrix": [
                [
                    0.39402779936790466,
                    0.41250917315483093,
                    -0.8213270306587219,
                    -3.310875415802002
                ],
                [
                    -0.9190984964370728,
                    0.17684729397296906,
                    -0.3521120846271515,
                    -1.4194092750549316
                ],
                [
                    0.0,
                    0.8936224579811096,
                    0.4488193094730377,
                    1.809248685836792
                ],
                [
                    0.0,
                    0.0,
                    0.0,
                    1.0
                ]
            ]
        },
        {
            "file_path": "/data/shapenet_blender/all_50_random/02958343/56dafc275ef1367d307cb03f4c762959/r_26",
            "rotation": 0.12566370614359174,
            "transform_matrix": [
                [
                    -0.9981119632720947,
                    2.9389233532128856e-05,
                    -0.06142093613743782,
                    -0.24759572744369507
                ],
                [
                    -0.061420947313308716,
                    -0.0004775853594765067,
                    0.9981117844581604,
                    4.023517608642578
                ],
                [
                    0.0,
                    0.9999998211860657,
                    0.0004784887714777142,
                    0.0019288500770926476
                ],
                [
                    0.0,
                    0.0,
                    0.0,
                    1.0
                ]
            ]
        },
        {
            "file_path": "/data/shapenet_blender/all_50_random/02958343/56dafc275ef1367d307cb03f4c762959/r_27",
            "rotation": 0.12566370614359174,
            "transform_matrix": [
                [
                    0.3575582504272461,
                    0.617697536945343,
                    -0.7004297971725464,
                    -2.8235228061676025
                ],
                [
                    -0.9338908791542053,
                    0.23649750649929047,
                    -0.2681731581687927,
                    -1.081040620803833
                ],
                [
                    0.0,
                    0.7500125169754028,
                    0.6614236235618591,
                    2.6662838459014893
                ],
                [
                    0.0,
                    0.0,
                    0.0,
                    1.0
                ]
            ]
        },
        {
            "file_path": "/data/shapenet_blender/all_50_random/02958343/56dafc275ef1367d307cb03f4c762959/r_28",
            "rotation": 0.12566370614359174,
            "transform_matrix": [
                [
                    -0.9216116666793823,
                    0.20454293489456177,
                    0.3298397660255432,
                    1.3296265602111816
                ],
                [
                    0.38811352849006653,
                    0.4857062101364136,
                    0.7832351922988892,
                    3.1573219299316406
                ],
                [
                    0.0,
                    0.8498538136482239,
                    -0.5270183086395264,
                    -2.124478816986084
                ],
                [
                    0.0,
                    0.0,
                    0.0,
                    1.0
                ]
            ]
        },
        {
            "file_path": "/data/shapenet_blender/all_50_random/02958343/56dafc275ef1367d307cb03f4c762959/r_29",
            "rotation": 0.12566370614359174,
            "transform_matrix": [
                [
                    -0.2736145257949829,
                    -0.807560384273529,
                    -0.5224758386611938,
                    -2.106167793273926
                ],
                [
                    -0.9618393778800964,
                    0.22972677648067474,
                    0.14862875640392303,
                    0.5991417169570923
                ],
                [
                    0.0,
                    0.5432048439979553,
                    -0.8396000266075134,
                    -3.3845365047454834
                ],
                [
                    0.0,
                    0.0,
                    0.0,
                    1.0
                ]
            ]
        },
        {
            "file_path": "/data/shapenet_blender/all_50_random/02958343/56dafc275ef1367d307cb03f4c762959/r_30",
            "rotation": 0.12566370614359174,
            "transform_matrix": [
                [
                    -0.6080625057220459,
                    -0.738197922706604,
                    0.2921020984649658,
                    1.1775012016296387
                ],
                [
                    0.793889045715332,
                    -0.5654070377349854,
                    0.22372940182685852,
                    0.9018820524215698
                ],
                [
                    1.4901160305669237e-08,
                    0.3679381012916565,
                    0.9298502802848816,
                    3.7483463287353516
                ],
                [
                    0.0,
                    0.0,
                    0.0,
                    1.0
                ]
            ]
        },
        {
            "file_path": "/data/shapenet_blender/all_50_random/02958343/56dafc275ef1367d307cb03f4c762959/r_31",
            "rotation": 0.12566370614359174,
            "transform_matrix": [
                [
                    -0.6399896740913391,
                    -0.10680127888917923,
                    -0.7609249353408813,
                    -3.0673861503601074
                ],
                [
                    -0.7683833837509155,
                    0.08895522356033325,
                    0.6337774991989136,
                    2.5548384189605713
                ],
                [
                    0.0,
                    0.9902930855751038,
                    -0.13899478316307068,
                    -0.5603058338165283
                ],
                [
                    0.0,
                    0.0,
                    0.0,
                    1.0
                ]
            ]
        },
        {
            "file_path": "/data/shapenet_blender/all_50_random/02958343/56dafc275ef1367d307cb03f4c762959/r_32",
            "rotation": 0.12566370614359174,
            "transform_matrix": [
                [
                    0.9051554799079895,
                    -0.06565050035715103,
                    -0.41998037695884705,
                    -1.6929950714111328
                ],
                [
                    -0.4250805675983429,
                    -0.1397944688796997,
                    -0.8942952156066895,
                    -3.6050193309783936
                ],
                [
                    -3.725290076417309e-09,
                    0.9880017638206482,
                    -0.15444248914718628,
                    -0.6225776076316833
                ],
                [
                    0.0,
                    0.0,
                    0.0,
                    1.0
                ]
            ]
        },
        {
            "file_path": "/data/shapenet_blender/all_50_random/02958343/56dafc275ef1367d307cb03f4c762959/r_33",
            "rotation": 0.12566370614359174,
            "transform_matrix": [
                [
                    0.8560659885406494,
                    0.31026601791381836,
                    0.4133836030960083,
                    1.6664026975631714
                ],
                [
                    0.5168666243553162,
                    -0.513881504535675,
                    -0.68467116355896,
                    -2.759998083114624
                ],
                [
                    0.0,
                    0.7997878789901733,
                    -0.600282609462738,
                    -2.419816732406616
                ],
                [
                    0.0,
                    0.0,
                    0.0,
                    1.0
                ]
            ]
        },
        {
            "file_path": "/data/shapenet_blender/all_50_random/02958343/56dafc275ef1367d307cb03f4c762959/r_34",
            "rotation": 0.12566370614359174,
            "transform_matrix": [
                [
                    -0.2744472622871399,
                    -0.21655713021755219,
                    0.9369000196456909,
                    3.7767648696899414
                ],
                [
                    0.9616020917892456,
                    -0.06180676445364952,
                    0.2673971354961395,
                    1.0779123306274414
                ],
                [
                    0.0,
                    0.9743115305900574,
                    0.2252044975757599,
                    0.9078283905982971
                ],
                [
                    0.0,
                    0.0,
                    0.0,
                    1.0
                ]
            ]
        },
        {
            "file_path": "/data/shapenet_blender/all_50_random/02958343/56dafc275ef1367d307cb03f4c762959/r_35",
            "rotation": 0.12566370614359174,
            "transform_matrix": [
                [
                    0.9841651916503906,
                    0.09094346314668655,
                    0.15214499831199646,
                    0.6133160591125488
                ],
                [
                    0.17725352942943573,
                    -0.5049455761909485,
                    -0.8447550535202026,
                    -3.405316114425659
                ],
                [
                    0.0,
                    0.8583467602729797,
                    -0.5130700469017029,
                    -2.068251371383667
                ],
                [
                    0.0,
                    0.0,
                    0.0,
                    1.0
                ]
            ]
        },
        {
            "file_path": "/data/shapenet_blender/all_50_random/02958343/56dafc275ef1367d307cb03f4c762959/r_36",
            "rotation": 0.12566370614359174,
            "transform_matrix": [
                [
                    0.5869101881980896,
                    0.040544357150793076,
                    0.8086362481117249,
                    3.2597169876098633
                ],
                [
                    0.8096519708633423,
                    -0.029390277341008186,
                    -0.5861738920211792,
                    -2.3629424571990967
                ],
                [
                    0.0,
                    0.9987454414367676,
                    -0.050076279789209366,
                    -0.20186394453048706
                ],
                [
                    0.0,
                    0.0,
                    0.0,
                    1.0
                ]
            ]
        },
        {
            "file_path": "/data/shapenet_blender/all_50_random/02958343/56dafc275ef1367d307cb03f4c762959/r_37",
            "rotation": 0.12566370614359174,
            "transform_matrix": [
                [
                    0.9993734359741211,
                    0.028164878487586975,
                    0.021439338102936745,
                    0.08642473816871643
                ],
                [
                    0.03539641201496124,
                    -0.7952001094818115,
                    -0.6053128838539124,
                    -2.440094232559204
                ],
                [
                    0.0,
                    0.605692446231842,
                    -0.7956988215446472,
                    -3.20756459236145
                ],
                [
                    0.0,
                    0.0,
                    0.0,
                    1.0
                ]
            ]
        },
        {
            "file_path": "/data/shapenet_blender/all_50_random/02958343/56dafc275ef1367d307cb03f4c762959/r_38",
            "rotation": 0.12566370614359174,
            "transform_matrix": [
                [
                    -0.8564835786819458,
                    0.37653928995132446,
                    -0.35306379199028015,
                    -1.4232456684112549
                ],
                [
                    -0.51617431640625,
                    -0.6247884035110474,
                    0.5858357548713684,
                    2.361579418182373
                ],
                [
                    1.4901161193847656e-08,
                    0.6840012073516846,
                    0.7294809222221375,
                    2.940631628036499
                ],
                [
                    0.0,
                    0.0,
                    0.0,
                    1.0
                ]
            ]
        },
        {
            "file_path": "/data/shapenet_blender/all_50_random/02958343/56dafc275ef1367d307cb03f4c762959/r_39",
            "rotation": 0.12566370614359174,
            "transform_matrix": [
                [
                    -0.9517964720726013,
                    -0.19565346837043762,
                    0.23622672259807587,
                    0.9522602558135986
                ],
                [
                    0.3067300617694855,
                    -0.6071211099624634,
                    0.73302161693573,
                    2.954904317855835
                ],
                [
                    0.0,
                    0.7701451778411865,
                    0.6378685832023621,
                    2.5713303089141846
                ],
                [
                    0.0,
                    0.0,
                    0.0,
                    1.0
                ]
            ]
        },
        {
            "file_path": "/data/shapenet_blender/all_50_random/02958343/56dafc275ef1367d307cb03f4c762959/r_40",
            "rotation": 0.12566370614359174,
            "transform_matrix": [
                [
                    -0.9801478385925293,
                    -0.08256999403238297,
                    0.18025663495063782,
                    0.7266377806663513
                ],
                [
                    0.19826820492744446,
                    -0.40818852186203003,
                    0.8911069631576538,
                    3.592167377471924
                ],
                [
                    -7.450581485102248e-09,
                    0.9091558456420898,
                    0.41645604372024536,
                    1.678788185119629
                ],
                [
                    0.0,
                    0.0,
                    0.0,
                    1.0
                ]
            ]
        },
        {
            "file_path": "/data/shapenet_blender/all_50_random/02958343/56dafc275ef1367d307cb03f4c762959/r_41",
            "rotation": 0.12566370614359174,
            "transform_matrix": [
                [
                    0.00657730782404542,
                    0.17724204063415527,
                    -0.9841452836990356,
                    -3.967216730117798
                ],
                [
                    -0.9999783039093018,
                    0.001165800611488521,
                    -0.00647316686809063,
                    -0.02609417214989662
                ],
                [
                    -1.1641531488804091e-10,
