{
    "class": "02958343",
    "model": "5881807902ace2dc7d26edf2a8ffb68",
    "remove_doubles": true,
    "edge_split": true,
    "denoise": true,
    "camera_angle_x": 0.6911112070083618,
    "scale_factor": 2.248777811629719,
    "hdri_file": "/data/IndoorHDRDataset2018/AG8A6196-f437fee405.exr",
    "center_offset": [
        0.0,
        0.0,
        -1.3969838619232178e-09
    ],
    "lights": [],
    "frames": [
        {
            "file_path": "/data/shapenet_blender/all_50_random/02958343/5881807902ace2dc7d26edf2a8ffb68/r_0",
            "rotation": 0.12566370614359174,
            "transform_matrix": [
                [
                    0.9515557289123535,
                    0.21118812263011932,
                    0.22347573935985565,
                    0.900859534740448
                ],
                [
                    0.30747655034065247,
                    -0.6535693407058716,
                    -0.6915961503982544,
                    -2.7879133224487305
                ],
                [
                    0.0,
                    0.7268057465553284,
                    -0.6868430376052856,
                    -2.7687528133392334
                ],
                [
                    0.0,
                    0.0,
                    0.0,
                    1.0
                ]
            ]
        },
        {
            "file_path": "/data/shapenet_blender/all_50_random/02958343/5881807902ace2dc7d26edf2a8ffb68/r_1",
            "rotation": 0.12566370614359174,
            "transform_matrix": [
                [
                    0.573154091835022,
                    -0.001840245327912271,
                    -0.8194455504417419,
                    -3.303290605545044
                ],
                [
                    -0.8194475769996643,
                    -0.001287140417844057,
                    -0.5731526613235474,
                    -2.3104522228240967
                ],
                [
                    0.0,
                    0.9999974966049194,
                    -0.002245714422315359,
                    -0.009052764624357224
                ],
                [
                    0.0,
                    0.0,
                    0.0,
                    1.0
                ]
            ]
        },
        {
            "file_path": "/data/shapenet_blender/all_50_random/02958343/5881807902ace2dc7d26edf2a8ffb68/r_2",
            "rotation": 0.12566370614359174,
            "transform_matrix": [
                [
                    -0.8792787194252014,
                    -0.07256384938955307,
                    0.4707477390766144,
                    1.8976448774337769
                ],
                [
                    0.47630760073661804,
                    -0.13395512104034424,
                    0.8690149784088135,
                    3.5031113624572754
                ],
                [
                    0.0,
                    0.988327145576477,
                    0.15234659612178802,
                    0.6141287684440613
                ],
                [
                    0.0,
                    0.0,
                    0.0,
                    1.0
                ]
            ]
        },
        {
            "file_path": "/data/shapenet_blender/all_50_random/02958343/5881807902ace2dc7d26edf2a8ffb68/r_3",
            "rotation": 0.12566370614359174,
            "transform_matrix": [
                [
                    -0.3532252311706543,
                    0.007560258731245995,
                    0.9355077743530273,
                    3.7711522579193115
                ],
                [
                    0.9355382919311523,
                    0.002854478545486927,
                    0.35321369767189026,
                    1.4238499402999878
                ],
                [
                    0.0,
                    0.9999672770500183,
                    -0.008081185631453991,
                    -0.0325763002038002
                ],
                [
                    0.0,
                    0.0,
                    0.0,
                    1.0
                ]
            ]
        },
        {
            "file_path": "/data/shapenet_blender/all_50_random/02958343/5881807902ace2dc7d26edf2a8ffb68/r_4",
            "rotation": 0.12566370614359174,
            "transform_matrix": [
                [
                    0.6918962001800537,
                    0.027379587292671204,
                    0.7214775681495667,
                    2.9083690643310547
                ],
                [
                    0.7219969034194946,
                    -0.026238108053803444,
                    -0.691398561000824,
                    -2.787116765975952
                ],
                [
                    -1.862645149230957e-09,
                    0.9992806911468506,
                    -0.037922024726867676,
                    -0.15286856889724731
                ],
                [
                    0.0,
                    0.0,
                    0.0,
                    1.0
                ]
            ]
        },
        {
            "file_path": "/data/shapenet_blender/all_50_random/02958343/5881807902ace2dc7d26edf2a8ffb68/r_5",
            "rotation": 0.12566370614359174,
            "transform_matrix": [
                [
                    -0.3345198333263397,
                    -0.20303593575954437,
                    -0.920257031917572,
                    -3.70967435836792
                ],
                [
                    -0.9423887133598328,
                    0.07207168638706207,
                    0.3266637325286865,
                    1.3168234825134277
                ],
                [
                    0.0,
                    0.9765151739120483,
                    -0.21544821560382843,
                    -0.8684994578361511
                ],
                [
                    0.0,
                    0.0,
                    0.0,
                    1.0
                ]
            ]
        },
        {
            "file_path": "/data/shapenet_blender/all_50_random/02958343/5881807902ace2dc7d26edf2a8ffb68/r_6",
            "rotation": 0.12566370614359174,
            "transform_matrix": [
                [
                    0.4216003119945526,
                    0.2069532424211502,
                    0.8828495740890503,
                    3.5588808059692383
                ],
                [
                    0.906781792640686,
                    -0.09622111171483994,
                    -0.4104732275009155,
                    -1.6546705961227417
                ],
                [
                    0.0,
                    0.9736077189445496,
                    -0.22822822630405426,
                    -0.9200174808502197
                ],
                [
                    0.0,
                    0.0,
                    0.0,
                    1.0
                ]
            ]
        },
        {
            "file_path": "/data/shapenet_blender/all_50_random/02958343/5881807902ace2dc7d26edf2a8ffb68/r_7",
            "rotation": 0.12566370614359174,
            "transform_matrix": [
                [
                    0.8579075336456299,
                    -0.2566845417022705,
                    -0.44509294629096985,
                    -1.7942270040512085
                ],
                [
                    -0.5138041377067566,
                    -0.4285905659198761,
                    -0.7431792616844177,
                    -2.995851516723633
                ],
                [
                    -1.4901162970204496e-08,
                    0.866269588470459,
                    -0.4995766878128052,
                    -2.0138580799102783
                ],
                [
                    0.0,
                    0.0,
                    0.0,
                    1.0
                ]
            ]
        },
        {
            "file_path": "/data/shapenet_blender/all_50_random/02958343/5881807902ace2dc7d26edf2a8ffb68/r_8",
            "rotation": 0.12566370614359174,
            "transform_matrix": [
                [
                    -0.9928998947143555,
                    0.017588092014193535,
                    0.11764629930257797,
                    0.47424739599227905
                ],
                [
                    0.11895374953746796,
                    0.1468067616224289,
                    0.9819866418838501,
                    3.95851469039917
                ],
                [
                    -1.862645371275562e-09,
                    0.9890087246894836,
                    -0.14785659313201904,
                    -0.5960289835929871
                ],
                [
                    0.0,
                    0.0,
                    0.0,
                    1.0
                ]
            ]
        },
        {
            "file_path": "/data/shapenet_blender/all_50_random/02958343/5881807902ace2dc7d26edf2a8ffb68/r_9",
            "rotation": 0.12566370614359174,
            "transform_matrix": [
                [
                    -0.2944910228252411,
                    0.4375409185886383,
                    0.849607527256012,
                    3.424877405166626
                ],
                [
                    0.9556541442871094,
                    0.13483107089996338,
                    0.2618120610713959,
                    1.0553982257843018
                ],
                [
                    -7.4505792646561986e-09,
                    0.8890323638916016,
                    -0.4578443765640259,
                    -1.8456296920776367
                ],
                [
                    0.0,
                    0.0,
                    0.0,
                    1.0
                ]
            ]
        },
        {
            "file_path": "/data/shapenet_blender/all_50_random/02958343/5881807902ace2dc7d26edf2a8ffb68/r_10",
            "rotation": 0.12566370614359174,
            "transform_matrix": [
                [
                    -0.6949979662895203,
                    0.4858393967151642,
                    -0.5300357341766357,
                    -2.1366424560546875
                ],
                [
                    -0.7190117239952087,
                    -0.4696131944656372,
                    0.5123334527015686,
                    2.065282106399536
                ],
                [
                    1.4901162970204496e-08,
                    0.7371724843978882,
                    0.6757044792175293,
                    2.7238519191741943
                ],
                [
                    0.0,
                    0.0,
                    0.0,
                    1.0
                ]
            ]
        },
        {
            "file_path": "/data/shapenet_blender/all_50_random/02958343/5881807902ace2dc7d26edf2a8ffb68/r_11",
            "rotation": 0.12566370614359174,
            "transform_matrix": [
                [
                    -0.452949583530426,
                    -0.1366540938615799,
                    0.8810007572174072,
                    3.5514276027679443
                ],
                [
                    0.8915361166000366,
                    -0.06942782551050186,
                    0.44759705662727356,
                    1.8043214082717896
                ],
                [
                    -3.725290298461914e-09,
                    0.9881828427314758,
                    0.1532793641090393,
                    0.617888867855072
                ],
                [
                    0.0,
                    0.0,
                    0.0,
                    1.0
                ]
            ]
        },
        {
            "file_path": "/data/shapenet_blender/all_50_random/02958343/5881807902ace2dc7d26edf2a8ffb68/r_12",
            "rotation": 0.12566370614359174,
            "transform_matrix": [
                [
                    0.028291571885347366,
                    -0.7193719148635864,
                    0.6940486431121826,
                    2.797799587249756
                ],
                [
                    0.9995996952056885,
                    0.02036031149327755,
                    -0.019643589854240417,
                    -0.0791858434677124
                ],
                [
                    0.0,
                    0.6943265795707703,
                    0.7196599841117859,
                    2.9010422229766846
                ],
                [
                    0.0,
                    0.0,
                    0.0,
                    1.0
                ]
            ]
        },
        {
            "file_path": "/data/shapenet_blender/all_50_random/02958343/5881807902ace2dc7d26edf2a8ffb68/r_13",
            "rotation": 0.12566370614359174,
            "transform_matrix": [
                [
                    0.6960151195526123,
                    0.2994397282600403,
                    -0.6526091694831848,
                    -2.630751609802246
                ],
                [
                    -0.7180270552635193,
                    0.29026004672050476,
                    -0.6326026916503906,
                    -2.550102949142456
                ],
                [
                    0.0,
                    0.9088920950889587,
                    0.4170312285423279,
                    1.681106686592102
                ],
                [
                    0.0,
                    0.0,
                    0.0,
                    1.0
                ]
            ]
        },
        {
            "file_path": "/data/shapenet_blender/all_50_random/02958343/5881807902ace2dc7d26edf2a8ffb68/r_14",
            "rotation": 0.12566370614359174,
            "transform_matrix": [
                [
                    0.35763677954673767,
                    -0.25465771555900574,
                    -0.8984682559967041,
                    -3.6218416690826416
                ],
                [
                    -0.9338608980178833,
                    -0.0975252017378807,
                    -0.3440825939178467,
                    -1.387041449546814
                ],
                [
                    -7.450582373280668e-09,
                    0.9621008038520813,
                    -0.2726934552192688,
                    -1.0992625951766968
                ],
                [
                    0.0,
                    0.0,
                    0.0,
                    1.0
                ]
            ]
        },
        {
            "file_path": "/data/shapenet_blender/all_50_random/02958343/5881807902ace2dc7d26edf2a8ffb68/r_15",
            "rotation": 0.12566370614359174,
            "transform_matrix": [
                [
                    -0.7809666991233826,
                    -0.19766397774219513,
                    -0.5924693942070007,
                    -2.3883204460144043
                ],
                [
                    -0.6245726943016052,
                    0.24715936183929443,
                    0.7408246994018555,
                    2.9863598346710205
                ],
                [
                    0.0,
                    0.948599636554718,
                    -0.3164787292480469,
                    -1.2757666110992432
                ],
                [
                    0.0,
                    0.0,
                    0.0,
                    1.0
                ]
            ]
        },
        {
            "file_path": "/data/shapenet_blender/all_50_random/02958343/5881807902ace2dc7d26edf2a8ffb68/r_16",
            "rotation": 0.12566370614359174,
            "transform_matrix": [
                [
                    -0.9859703779220581,
                    0.03259049728512764,
                    0.16370849311351776,
                    0.6599301099777222
                ],
                [
                    0.166921004652977,
                    0.1925058215856552,
                    0.9669947028160095,
                    3.898080587387085
                ],
                [
                    -3.725290742551124e-09,
                    0.9807544946670532,
                    -0.19524502754211426,
                    -0.7870579361915588
                ],
                [
                    0.0,
                    0.0,
                    0.0,
                    1.0
                ]
            ]
        },
        {
            "file_path": "/data/shapenet_blender/all_50_random/02958343/5881807902ace2dc7d26edf2a8ffb68/r_17",
            "rotation": 0.12566370614359174,
            "transform_matrix": [
                [
                    0.8789241909980774,
                    0.14227843284606934,
                    0.45524609088897705,
                    1.835155725479126
                ],
                [
                    0.4769613742828369,
                    -0.2621847093105316,
                    -0.8389082551002502,
                    -3.381747245788574
                ],
                [
                    1.4901159417490817e-08,
                    0.9544715881347656,
                    -0.2983018159866333,
                    -1.2024930715560913
                ],
                [
                    0.0,
                    0.0,
                    0.0,
                    1.0
                ]
            ]
        },
        {
            "file_path": "/data/shapenet_blender/all_50_random/02958343/5881807902ace2dc7d26edf2a8ffb68/r_18",
            "rotation": 0.12566370614359174,
            "transform_matrix": [
                [
                    -0.7805488705635071,
                    -0.01284829992800951,
                    -0.6249626874923706,
                    -2.5193052291870117
                ],
                [
                    -0.6250947713851929,
                    0.0160435289144516,
                    0.7803840041160583,
                    3.1458284854888916
                ],
                [
                    -9.313225746154785e-10,
                    0.9997887015342712,
                    -0.020554164424538612,
                    -0.08285648375749588
                ],
                [
                    0.0,
                    0.0,
                    0.0,
                    1.0
                ]
            ]
        },
        {
            "file_path": "/data/shapenet_blender/all_50_random/02958343/5881807902ace2dc7d26edf2a8ffb68/r_19",
            "rotation": 0.12566370614359174,
            "transform_matrix": [
                [
                    -0.867043137550354,
                    0.2587607502937317,
                    -0.42576879262924194,
                    -1.7163289785385132
                ],
                [
                    -0.4982330799102783,
                    -0.4503047466278076,
                    0.740938127040863,
                    2.9868173599243164
                ],
                [
                    1.4901161193847656e-08,
                    0.8545573949813843,
                    0.5193567872047424,
                    2.0935943126678467
                ],
                [
                    0.0,
                    0.0,
                    0.0,
                    1.0
                ]
            ]
        },
        {
            "file_path": "/data/shapenet_blender/all_50_random/02958343/5881807902ace2dc7d26edf2a8ffb68/r_20",
            "rotation": 0.12566370614359174,
            "transform_matrix": [
                [
                    -0.13105309009552002,
                    0.004296270664781332,
                    0.9913660287857056,
                    3.996324300765991
                ],
                [
                    0.9913753867149353,
                    0.000567937851883471,
                    0.13105185329914093,
                    0.5282869338989258
                ],
                [
                    0.0,
                    0.9999905824661255,
                    -0.004333647433668375,
                    -0.017469491809606552
                ],
                [
                    0.0,
                    0.0,
                    0.0,
                    1.0
                ]
            ]
        },
        {
            "file_path": "/data/shapenet_blender/all_50_random/02958343/5881807902ace2dc7d26edf2a8ffb68/r_21",
            "rotation": 0.12566370614359174,
            "transform_matrix": [
                [
                    0.5839976072311401,
                    -0.19116106629371643,
                    -0.7889259457588196,
                    -3.180262565612793
                ],
                [
                    -0.8117554783821106,
                    -0.13752613961696625,
                    -0.5675734281539917,
                    -2.287961959838867
                ],
                [
                    0.0,
                    0.9718764424324036,
                    -0.23549094796180725,
                    -0.9492944478988647
                ],
                [
                    0.0,
                    0.0,
                    0.0,
                    1.0
                ]
            ]
        },
        {
            "file_path": "/data/shapenet_blender/all_50_random/02958343/5881807902ace2dc7d26edf2a8ffb68/r_22",
            "rotation": 0.12566370614359174,
            "transform_matrix": [
                [
                    -0.40342774987220764,
                    -0.12299229204654694,
                    -0.9067078232765198,
                    -3.6550557613372803
                ],
                [
                    -0.9150115251541138,
                    0.05422718822956085,
                    0.39976662397384644,
                    1.6115106344223022
                ],
                [
                    0.0,
                    0.9909249544143677,
                    -0.1344161182641983,
                    -0.5418486595153809
                ],
                [
                    0.0,
                    0.0,
                    0.0,
                    1.0
                ]
            ]
        },
        {
            "file_path": "/data/shapenet_blender/all_50_random/02958343/5881807902ace2dc7d26edf2a8ffb68/r_23",
            "rotation": 0.12566370614359174,
            "transform_matrix": [
                [
                    0.371483713388443,
                    -0.5871830582618713,
                    0.7191771268844604,
                    2.8990957736968994
                ],
                [
                    0.9284394979476929,
                    0.2349414974451065,
                    -0.28775444626808167,
                    -1.159975290298462
                ],
                [
                    -1.4901162970204496e-08,
                    0.7746084332466125,
                    0.632440984249115,
                    2.5494511127471924
                ],
                [
                    0.0,
                    0.0,
                    0.0,
                    1.0
                ]
            ]
        },
        {
            "file_path": "/data/shapenet_blender/all_50_random/02958343/5881807902ace2dc7d26edf2a8ffb68/r_24",
            "rotation": 0.12566370614359174,
            "transform_matrix": [
                [
                    -0.73260498046875,
                    -0.035833727568387985,
                    -0.6797101497650146,
                    -2.739999294281006
                ],
                [
                    -0.680653989315033,
                    0.03856873884797096,
                    0.7315890789031982,
                    2.949129819869995
                ],
                [
                    -1.862645149230957e-09,
                    0.998613178730011,
                    -0.052646029740571976,
                    -0.21222293376922607
                ],
                [
                    0.0,
                    0.0,
                    0.0,
                    1.0
                ]
            ]
        },
        {
            "file_path": "/data/shapenet_blender/all_50_random/02958343/5881807902ace2dc7d26edf2a8ffb68/r_25",
            "rotation": 0.12566370614359174,
            "transform_matrix": [
                [
                    0.6722080111503601,
                    0.26300671696662903,
                    -0.6920720934867859,
                    -2.78983211517334
                ],
                [
                    -0.7403623461723328,
                    0.23879550397396088,
                    -0.6283630728721619,
                    -2.533012866973877
                ],
                [
                    -1.4901162970204496e-08,
                    0.9347748756408691,
                    0.35524049401283264,
                    1.4320203065872192
                ],
                [
                    0.0,
                    0.0,
                    0.0,
                    1.0
                ]
            ]
        },
        {
            "file_path": "/data/shapenet_blender/all_50_random/02958343/5881807902ace2dc7d26edf2a8ffb68/r_26",
            "rotation": 0.12566370614359174,
            "transform_matrix": [
                [
                    0.23374433815479279,
                    -0.9285186529159546,
                    -0.2884725034236908,
                    -1.1628696918487549
                ],
                [
                    -0.9722980856895447,
                    -0.22321957349777222,
                    -0.06934992969036102,
                    -0.2795584797859192
                ],
                [
                    -7.450580596923828e-09,
                    0.2966914474964142,
                    -0.9549735188484192,
                    -3.849620819091797
                ],
                [
                    0.0,
                    0.0,
                    0.0,
                    1.0
                ]
            ]
        },
        {
            "file_path": "/data/shapenet_blender/all_50_random/02958343/5881807902ace2dc7d26edf2a8ffb68/r_27",
            "rotation": 0.12566370614359174,
            "transform_matrix": [
                [
                    0.6497658491134644,
                    0.20908206701278687,
                    0.7308139204978943,
                    2.946005344390869
                ],
                [
                    0.7601345181465149,
                    -0.17872412502765656,
                    -0.6247024536132812,
                    -2.518256425857544
                ],
                [
                    0.0,
                    0.9614271521568298,
                    -0.2750592827796936,
                    -1.1087995767593384
                ],
                [
                    0.0,
                    0.0,
                    0.0,
                    1.0
                ]
            ]
        },
        {
            "file_path": "/data/shapenet_blender/all_50_random/02958343/5881807902ace2dc7d26edf2a8ffb68/r_28",
            "rotation": 0.12566370614359174,
            "transform_matrix": [
                [
                    -0.5404438376426697,
                    -0.49049070477485657,
                    -0.6836221814155579,
                    -2.7557694911956787
                ],
                [
                    -0.8413801193237305,
                    0.3150569796562195,
                    0.4391111433506012,
                    1.7701137065887451
                ],
                [
                    0.0,
                    0.812501072883606,
                    -0.5829596519470215,
                    -2.3499858379364014
                ],
                [
                    0.0,
                    0.0,
                    0.0,
                    1.0
                ]
            ]
        },
        {
            "file_path": "/data/shapenet_blender/all_50_random/02958343/5881807902ace2dc7d26edf2a8ffb68/r_29",
            "rotation": 0.12566370614359174,
            "transform_matrix": [
                [
                    0.708577573299408,
                    -0.4440012276172638,
                    -0.5484347939491272,
                    -2.2108113765716553
                ],
                [
                    -0.7056329250335693,
                    -0.4458540678024292,
                    -0.5507234334945679,
                    -2.2200372219085693
                ],
                [
                    0.0,
                    0.7772238850593567,
                    -0.6292240619659424,
                    -2.5364832878112793
                ],
                [
                    0.0,
                    0.0,
                    0.0,
                    1.0
                ]
            ]
        },
        {
            "file_path": "/data/shapenet_blender/all_50_random/02958343/5881807902ace2dc7d26edf2a8ffb68/r_30",
            "rotation": 0.12566370614359174,
            "transform_matrix": [
                [
                    -0.6765064001083374,
                    0.31515151262283325,
                    0.6655964255332947,
                    2.683104991912842
                ],
                [
                    0.7364367246627808,
                    0.28950485587120056,
                    0.6114310026168823,
                    2.464757204055786
                ],
                [
                    1.4901161193847656e-08,
                    0.9038066864013672,
                    -0.4279410243034363,
                    -1.7250854969024658
                ],
                [
                    0.0,
                    0.0,
                    0.0,
                    1.0
                ]
            ]
        },
        {
            "file_path": "/data/shapenet_blender/all_50_random/02958343/5881807902ace2dc7d26edf2a8ffb68/r_31",
            "rotation": 0.12566370614359174,
            "transform_matrix": [
                [
                    -0.9558702707290649,
                    0.1149754673242569,
                    0.27035635709762573,
                    1.0898414850234985
                ],
                [
                    0.2937889099121094,
                    0.37408363819122314,
                    0.8796302676200867,
                    3.545903205871582
                ],
                [
                    7.450580152834618e-09,
                    0.9202401638031006,
                    -0.391353964805603,
                    -1.5775984525680542
                ],
                [
                    0.0,
                    0.0,
                    0.0,
                    1.0
                ]
            ]
        },
        {
            "file_path": "/data/shapenet_blender/all_50_random/02958343/5881807902ace2dc7d26edf2a8ffb68/r_32",
            "rotation": 0.12566370614359174,
            "transform_matrix": [
                [
                    -0.9340724349021912,
                    0.10727573931217194,
                    0.3405885696411133,
                    1.372956395149231
                ],
                [
                    0.3570835590362549,
                    0.2806158661842346,
                    0.8909242749214172,
                    3.5914306640625
                ],
                [
                    0.0,
                    0.9538064002990723,
                    -0.30042195320129395,
                    -1.211039662361145
                ],
                [
                    0.0,
                    0.0,
                    0.0,
                    1.0
                ]
            ]
        },
        {
            "file_path": "/data/shapenet_blender/all_50_random/02958343/5881807902ace2dc7d26edf2a8ffb68/r_33",
            "rotation": 0.12566370614359174,
            "transform_matrix": [
                [
                    -0.07772280275821686,
                    0.1542893499135971,
                    -0.9849638938903809,
                    -3.9705166816711426
                ],
                [
                    -0.9969750046730042,
                    -0.012028184719383717,
                    0.07678642868995667,
                    0.30953603982925415
                ],
                [
                    9.313225746154785e-10,
                    0.987952470779419,
                    0.15475746989250183,
                    0.6238473653793335
                ],
                [
                    0.0,
                    0.0,
                    0.0,
                    1.0
                ]
            ]
        },
        {
            "file_path": "/data/shapenet_blender/all_50_random/02958343/5881807902ace2dc7d26edf2a8ffb68/r_34",
            "rotation": 0.12566370614359174,
            "transform_matrix": [
                [
                    0.8175639510154724,
                    0.5633956789970398,
                    -0.11905673146247864,
                    -0.4799330234527588
                ],
                [
                    -0.5758379101753235,
                    0.7998986840248108,
                    -0.16903452575206757,
                    -0.681399941444397
                ],
                [
                    0.0,
                    0.20675401389598846,
                    0.978393018245697,
                    3.944028377532959
                ],
                [
                    0.0,
                    0.0,
                    0.0,
                    1.0
                ]
            ]
        },
        {
            "file_path": "/data/shapenet_blender/all_50_random/02958343/5881807902ace2dc7d26edf2a8ffb68/r_35",
            "rotation": 0.12566370614359174,
            "transform_matrix": [
                [
                    -0.940251350402832,
                    0.30115044116973877,
                    0.15885846316814423,
                    0.6403789520263672
                ],
                [
                    0.3404814600944519,
                    0.8316373825073242,
                    0.438693106174469,
                    1.7684284448623657
                ],
                [
                    -1.4901162970204496e-08,
                    0.46657007932662964,
                    -0.8844842314720154,
                    -3.565469980239868
                ],
                [
                    0.0,
                    0.0,
                    0.0,
                    1.0
                ]
            ]
        },
        {
            "file_path": "/data/shapenet_blender/all_50_random/02958343/5881807902ace2dc7d26edf2a8ffb68/r_36",
            "rotation": 0.12566370614359174,
            "transform_matrix": [
                [
                    0.1791006475687027,
                    -0.23569628596305847,
                    0.9551807641983032,
                    3.850456714630127
                ],
                [
                    0.9838308691978455,
                    0.04290712997317314,
                    -0.1738850623369217,
                    -0.7009531259536743
                ],
                [
                    -3.725290742551124e-09,
                    0.9708790183067322,
                    0.23956996202468872,
                    0.9657374024391174
                ],
                [
                    0.0,
                    0.0,
                    0.0,
                    1.0
                ]
            ]
        },
        {
            "file_path": "/data/shapenet_blender/all_50_random/02958343/5881807902ace2dc7d26edf2a8ffb68/r_37",
            "rotation": 0.12566370614359174,
            "transform_matrix": [
                [
                    -0.13700097799301147,
                    -0.7106289267539978,
                    -0.69009929895401,
                    -2.781879425048828
                ],
                [
                    -0.9905709028244019,
                    0.09828358143568039,
                    0.09544423222541809,
                    0.38474804162979126
                ],
                [
                    0.0,
                    0.6966682076454163,
                    -0.7173933386802673,
                    -2.8919053077697754
                ],
                [
                    0.0,
                    0.0,
                    0.0,
                    1.0
                ]
            ]
        },
        {
            "file_path": "/data/shapenet_blender/all_50_random/02958343/5881807902ace2dc7d26edf2a8ffb68/r_38",
            "rotation": 0.12566370614359174,
            "transform_matrix": [
                [
                    -0.5084623098373413,
                    -0.057953208684921265,
                    0.8591318130493164,
                    3.463271141052246
                ],
                [
                    0.8610842823982239,
                    -0.03422083705663681,
                    0.5073094367980957,
                    2.045029640197754
                ],
                [
                    0.0,
                    0.9977326393127441,
                    0.06730259209871292,
                    0.2713054120540619
                ],
                [
                    0.0,
                    0.0,
                    0.0,
                    1.0
                ]
            ]
        },
        {
            "file_path": "/data/shapenet_blender/all_50_random/02958343/5881807902ace2dc7d26edf2a8ffb68/r_39",
            "rotation": 0.12566370614359174,
            "transform_matrix": [
                [
                    -0.9686425924301147,
                    -0.025844935327768326,
                    -0.24711063504219055,
                    -0.9961348176002502
                ],
                [
                    -0.24845851957798004,
                    0.10075929015874863,
                    0.9633877277374268,
                    3.883540153503418
                ],
                [
                    0.0,
                    0.9945751428604126,
                    -0.10402112454175949,
                    -0.41932258009910583
                ],
                [
                    0.0,
                    0.0,
                    0.0,
                    1.0
                ]
            ]
        },
        {
            "file_path": "/data/shapenet_blender/all_50_random/02958343/5881807902ace2dc7d26edf2a8ffb68/r_40",
            "rotation": 0.12566370614359174,
            "transform_matrix": [
                [
                    0.9135493636131287,
                    -0.05288730934262276,
                    -0.40327486395835876,
                    -1.6256531476974487
                ],
                [
                    -0.4067281186580658,
                    -0.11878984421491623,
                    -0.9057930707931519,
                    -3.6513688564300537
                ],
                [
                    0.0,
                    0.9915098547935486,
                    -0.13003110885620117,
                    -0.5241722464561462
                ],
                [
                    0.0,
                    0.0,
                    0.0,
                    1.0
                ]
            ]
        },
        {
            "file_path": "/data/shapenet_blender/all_50_random/02958343/5881807902ace2dc7d26edf2a8ffb68/r_41",
            "rotation": 0.12566370614359174,
            "transform_matrix": [
                [
                    0.9945152401924133,
                    -0.001115260412916541,
                    0.10458653420209885,
                    0.4216018319129944
                ],
                [
                    0.10459249466657639,
                    0.010604427196085453,
                    -0.9944585561752319,
                    -4.008790969848633
                ],
                [
                    -1.1641532182693481e-10,
