{
    "class": "02958343",
    "model": "30e971ea6fceac68f5cb3ca022cf045c",
    "remove_doubles": true,
    "edge_split": true,
    "denoise": true,
    "camera_angle_x": 0.6911112070083618,
    "scale_factor": 2.3461318723931575,
    "hdri_file": "/data/IndoorHDRDataset2018/9C4A9559-ba84d94357.exr",
    "center_offset": [
        0.0,
        0.0,
        2.7939677238464355e-09
    ],
    "lights": [],
    "frames": [
        {
            "file_path": "/data/shapenet_blender/all_50_random/02958343/30e971ea6fceac68f5cb3ca022cf045c/r_0",
            "rotation": 0.12566370614359174,
            "transform_matrix": [
                [
                    -0.8444435596466064,
                    -0.15675891935825348,
                    0.5121932029724121,
                    2.0647170543670654
                ],
                [
                    0.5356447696685791,
                    -0.24713030457496643,
                    0.8074721097946167,
                    3.2550244331359863
                ],
                [
                    1.4901162970204496e-08,
                    0.9562181830406189,
                    0.2926546335220337,
                    1.179728627204895
                ],
                [
                    0.0,
                    0.0,
                    0.0,
                    1.0
                ]
            ]
        },
        {
            "file_path": "/data/shapenet_blender/all_50_random/02958343/30e971ea6fceac68f5cb3ca022cf045c/r_1",
            "rotation": 0.12566370614359174,
            "transform_matrix": [
                [
                    -0.8160015940666199,
                    -0.25518032908439636,
                    -0.5186755657196045,
                    -2.090847969055176
                ],
                [
                    -0.5780495405197144,
                    0.3602243959903717,
                    0.732186496257782,
                    2.9515380859375
                ],
                [
                    0.0,
                    0.897285521030426,
                    -0.44145065546035767,
                    -1.779544472694397
                ],
                [
                    0.0,
                    0.0,
                    0.0,
                    1.0
                ]
            ]
        },
        {
            "file_path": "/data/shapenet_blender/all_50_random/02958343/30e971ea6fceac68f5cb3ca022cf045c/r_2",
            "rotation": 0.12566370614359174,
            "transform_matrix": [
                [
                    0.03728561848402023,
                    -0.9983246326446533,
                    -0.04424406588077545,
                    -0.17835354804992676
                ],
                [
                    -0.9993046522140503,
                    -0.03724905103445053,
                    -0.0016508153639733791,
                    -0.006654649972915649
                ],
                [
                    0.0,
                    0.044275179505348206,
                    -0.9990193247795105,
                    -4.0271759033203125
                ],
                [
                    0.0,
                    0.0,
                    0.0,
                    1.0
                ]
            ]
        },
        {
            "file_path": "/data/shapenet_blender/all_50_random/02958343/30e971ea6fceac68f5cb3ca022cf045c/r_3",
            "rotation": 0.12566370614359174,
            "transform_matrix": [
                [
                    -0.5733505487442017,
                    -0.007001758553087711,
                    0.8192802667617798,
                    3.302624464035034
                ],
                [
                    0.8193102478981018,
                    -0.004899806343019009,
                    0.573329508304596,
                    2.3111650943756104
                ],
                [
                    0.0,
                    0.9999635815620422,
                    0.008545917458832264,
                    0.03444969654083252
                ],
                [
                    0.0,
                    0.0,
                    0.0,
                    1.0
                ]
            ]
        },
        {
            "file_path": "/data/shapenet_blender/all_50_random/02958343/30e971ea6fceac68f5cb3ca022cf045c/r_4",
            "rotation": 0.12566370614359174,
            "transform_matrix": [
                [
                    0.7948194146156311,
                    0.2489892989397049,
                    0.5534133911132812,
                    2.2308807373046875
                ],
                [
                    0.6068459749221802,
                    -0.3261148929595947,
                    -0.7248358130455017,
                    -2.9219067096710205
                ],
                [
                    -1.4901161193847656e-08,
                    0.9119503498077393,
                    -0.4103005826473236,
                    -1.6539745330810547
                ],
                [
                    0.0,
                    0.0,
                    0.0,
                    1.0
                ]
            ]
        },
        {
            "file_path": "/data/shapenet_blender/all_50_random/02958343/30e971ea6fceac68f5cb3ca022cf045c/r_5",
            "rotation": 0.12566370614359174,
            "transform_matrix": [
                [
                    0.902002215385437,
                    0.40240299701690674,
                    -0.15640917420387268,
                    -0.6305056214332581
                ],
                [
                    -0.4317314028739929,
                    0.8407273292541504,
                    -0.3267805576324463,
                    -1.317294716835022
                ],
                [
                    -1.4901161193847656e-08,
                    0.36228352785110474,
                    0.93206787109375,
                    3.7572860717773438
                ],
                [
                    0.0,
                    0.0,
                    0.0,
                    1.0
                ]
            ]
        },
        {
            "file_path": "/data/shapenet_blender/all_50_random/02958343/30e971ea6fceac68f5cb3ca022cf045c/r_6",
            "rotation": 0.12566370614359174,
            "transform_matrix": [
                [
                    -0.20888999104499817,
                    -0.4364630877971649,
                    -0.8751370310783386,
                    -3.5277903079986572
                ],
                [
                    -0.9779391884803772,
                    0.0932294949889183,
                    0.18693122267723083,
                    0.7535438537597656
                ],
                [
                    0.0,
                    0.8948788642883301,
                    -0.44630903005599976,
                    -1.7991292476654053
                ],
                [
                    0.0,
                    0.0,
                    0.0,
                    1.0
                ]
            ]
        },
        {
            "file_path": "/data/shapenet_blender/all_50_random/02958343/30e971ea6fceac68f5cb3ca022cf045c/r_7",
            "rotation": 0.12566370614359174,
            "transform_matrix": [
                [
                    -0.846100389957428,
                    0.18765205144882202,
                    0.4988994300365448,
                    2.0111279487609863
                ],
                [
                    0.5330233573913574,
                    0.29787150025367737,
                    0.7919334173202515,
                    3.192385673522949
                ],
                [
                    0.0,
                    0.9359803199768066,
                    -0.3520521819591522,
                    -1.4191677570343018
                ],
                [
                    0.0,
                    0.0,
                    0.0,
                    1.0
                ]
            ]
        },
        {
            "file_path": "/data/shapenet_blender/all_50_random/02958343/30e971ea6fceac68f5cb3ca022cf045c/r_8",
            "rotation": 0.12566370614359174,
            "transform_matrix": [
                [
                    0.2751460671424866,
                    -0.017435993999242783,
                    0.9612443447113037,
                    3.8748998641967773
                ],
                [
                    0.9614024758338928,
                    0.004990048706531525,
                    -0.27510079741477966,
                    -1.1089668273925781
                ],
                [
                    0.0,
                    0.9998354911804199,
                    0.018136000260710716,
                    0.07310855388641357
                ],
                [
                    0.0,
                    0.0,
                    0.0,
                    1.0
                ]
            ]
        },
        {
            "file_path": "/data/shapenet_blender/all_50_random/02958343/30e971ea6fceac68f5cb3ca022cf045c/r_9",
            "rotation": 0.12566370614359174,
            "transform_matrix": [
                [
                    0.9999921917915344,
                    -0.0024891372304409742,
                    0.0030992990359663963,
                    0.012493673712015152
                ],
                [
                    0.003975105471909046,
                    0.6261765956878662,
                    -0.7796711325645447,
                    -3.1429548263549805
                ],
                [
                    0.0,
                    0.7796772718429565,
                    0.6261815428733826,
                    2.5242185592651367
                ],
                [
                    0.0,
                    0.0,
                    0.0,
                    1.0
                ]
            ]
        },
        {
            "file_path": "/data/shapenet_blender/all_50_random/02958343/30e971ea6fceac68f5cb3ca022cf045c/r_10",
            "rotation": 0.12566370614359174,
            "transform_matrix": [
                [
                    -0.33834636211395264,
                    -0.49748024344444275,
                    0.7987709045410156,
                    3.2199487686157227
                ],
                [
                    0.9410216212272644,
                    -0.1788700968027115,
                    0.28719982504844666,
                    1.1577396392822266
                ],
                [
                    -1.4901161193847656e-08,
                    0.8488337397575378,
                    0.5286597013473511,
                    2.1310956478118896
                ],
                [
                    0.0,
                    0.0,
                    0.0,
                    1.0
                ]
            ]
        },
        {
            "file_path": "/data/shapenet_blender/all_50_random/02958343/30e971ea6fceac68f5cb3ca022cf045c/r_11",
            "rotation": 0.12566370614359174,
            "transform_matrix": [
                [
                    0.912630021572113,
                    -0.04786256328225136,
                    -0.4059749245643616,
                    -1.6365373134613037
                ],
                [
                    -0.4087865948677063,
                    -0.10685481876134872,
                    -0.9063529372215271,
                    -3.65362548828125
                ],
                [
                    0.0,
                    0.9931219220161438,
                    -0.11708450317382812,
                    -0.4719827175140381
                ],
                [
                    0.0,
                    0.0,
                    0.0,
                    1.0
                ]
            ]
        },
        {
            "file_path": "/data/shapenet_blender/all_50_random/02958343/30e971ea6fceac68f5cb3ca022cf045c/r_12",
            "rotation": 0.12566370614359174,
            "transform_matrix": [
                [
                    0.798681378364563,
                    0.11804462224245071,
                    -0.590062141418457,
                    -2.3786165714263916
                ],
                [
                    -0.6017539501190186,
                    0.15667539834976196,
                    -0.7831633687019348,
                    -3.1570324897766113
                ],
                [
                    -7.4505797087454084e-09,
                    0.980570375919342,
                    0.19616757333278656,
                    0.7907767295837402
                ],
                [
                    0.0,
                    0.0,
                    0.0,
                    1.0
                ]
            ]
        },
        {
            "file_path": "/data/shapenet_blender/all_50_random/02958343/30e971ea6fceac68f5cb3ca022cf045c/r_13",
            "rotation": 0.12566370614359174,
            "transform_matrix": [
                [
                    0.9217488169670105,
                    0.16082341969013214,
                    -0.35286664962768555,
                    -1.4224510192871094
                ],
                [
                    -0.3877873420715332,
                    0.3822682797908783,
                    -0.8387442827224731,
                    -3.3810863494873047
                ],
                [
                    0.0,
                    0.9099488854408264,
                    0.4147206246852875,
                    1.6717922687530518
                ],
                [
                    0.0,
                    0.0,
                    0.0,
                    1.0
                ]
            ]
        },
        {
            "file_path": "/data/shapenet_blender/all_50_random/02958343/30e971ea6fceac68f5cb3ca022cf045c/r_14",
            "rotation": 0.12566370614359174,
            "transform_matrix": [
                [
                    -0.361102819442749,
                    -0.4463273286819458,
                    0.8187775015830994,
                    3.300597667694092
                ],
                [
                    0.9325259327888489,
                    -0.172831729054451,
                    0.31705591082572937,
                    1.2780932188034058
                ],
                [
                    0.0,
                    0.8780211210250854,
                    0.4786219000816345,
                    1.9293866157531738
                ],
                [
                    0.0,
                    0.0,
                    0.0,
                    1.0
                ]
            ]
        },
        {
            "file_path": "/data/shapenet_blender/all_50_random/02958343/30e971ea6fceac68f5cb3ca022cf045c/r_15",
            "rotation": 0.12566370614359174,
            "transform_matrix": [
                [
                    -0.8738537430763245,
                    -0.09977363795042038,
                    0.47584131360054016,
                    1.918177843093872
                ],
                [
                    0.486189067363739,
                    -0.17932851612567902,
                    0.855255126953125,
                    3.447643995285034
                ],
                [
                    0.0,
                    0.9787167310714722,
                    0.2052156925201416,
                    0.8272509574890137
                ],
                [
                    0.0,
                    0.0,
                    0.0,
                    1.0
                ]
            ]
        },
        {
            "file_path": "/data/shapenet_blender/all_50_random/02958343/30e971ea6fceac68f5cb3ca022cf045c/r_16",
            "rotation": 0.12566370614359174,
            "transform_matrix": [
                [
                    0.9856633543968201,
                    0.09644147008657455,
                    0.13844464719295502,
                    0.5580883026123047
                ],
                [
                    0.16872428357601166,
                    -0.5633973479270935,
                    -0.8087739944458008,
                    -3.26027250289917
                ],
                [
                    -7.450581485102248e-09,
                    0.820537805557251,
                    -0.5715920925140381,
                    -2.304161548614502
                ],
                [
                    0.0,
                    0.0,
                    0.0,
                    1.0
                ]
            ]
        },
        {
            "file_path": "/data/shapenet_blender/all_50_random/02958343/30e971ea6fceac68f5cb3ca022cf045c/r_17",
            "rotation": 0.12566370614359174,
            "transform_matrix": [
                [
                    -0.9171023368835449,
                    -0.22088538110256195,
                    -0.33186277747154236,
                    -1.3377817869186401
                ],
                [
                    -0.3986518383026123,
                    0.5081489086151123,
                    0.763453483581543,
                    3.0775797367095947
                ],
                [
                    0.0,
                    0.8324628472328186,
                    -0.5540808439254761,
                    -2.2335715293884277
                ],
                [
                    0.0,
                    0.0,
                    0.0,
                    1.0
                ]
            ]
        },
        {
            "file_path": "/data/shapenet_blender/all_50_random/02958343/30e971ea6fceac68f5cb3ca022cf045c/r_18",
            "rotation": 0.12566370614359174,
            "transform_matrix": [
                [
                    -0.5841550827026367,
                    -0.49318090081214905,
                    0.6446203589439392,
                    2.5985476970672607
                ],
                [
                    0.811642050743103,
                    -0.35495221614837646,
                    0.46394622325897217,
                    1.8702270984649658
                ],
                [
                    1.4901161193847656e-08,
                    0.7942175269126892,
                    0.6076335310935974,
                    2.449449062347412
                ],
                [
                    0.0,
                    0.0,
                    0.0,
                    1.0
                ]
            ]
        },
        {
            "file_path": "/data/shapenet_blender/all_50_random/02958343/30e971ea6fceac68f5cb3ca022cf045c/r_19",
            "rotation": 0.12566370614359174,
            "transform_matrix": [
                [
                    -0.9766378402709961,
                    -0.03752803057432175,
                    -0.21158969402313232,
                    -0.8529452085494995
                ],
                [
                    -0.2148919254541397,
                    0.17055685818195343,
                    0.9616298079490662,
                    3.876453399658203
                ],
                [
                    0.0,
                    0.9846327900886536,
                    -0.17463678121566772,
                    -0.7039833068847656
                ],
                [
                    0.0,
                    0.0,
                    0.0,
                    1.0
                ]
            ]
        },
        {
            "file_path": "/data/shapenet_blender/all_50_random/02958343/30e971ea6fceac68f5cb3ca022cf045c/r_20",
            "rotation": 0.12566370614359174,
            "transform_matrix": [
                [
                    -0.9454953670501709,
                    0.3129534423351288,
                    -0.08999323844909668,
                    -0.3627743422985077
                ],
                [
                    -0.32563579082489014,
                    -0.9086716771125793,
                    0.26129862666130066,
                    1.053328514099121
                ],
                [
                    0.0,
                    0.27636149525642395,
                    0.961053729057312,
                    3.874131441116333
                ],
                [
                    0.0,
                    0.0,
                    0.0,
                    1.0
                ]
            ]
        },
        {
            "file_path": "/data/shapenet_blender/all_50_random/02958343/30e971ea6fceac68f5cb3ca022cf045c/r_21",
            "rotation": 0.12566370614359174,
            "transform_matrix": [
                [
                    0.9893448352813721,
                    -0.106009341776371,
                    0.09979397058486938,
                    0.40228238701820374
                ],
                [
                    0.14559127390384674,
                    0.720371425151825,
                    -0.6781357526779175,
                    -2.7336528301239014
                ],
                [
                    0.0,
                    0.6854393482208252,
                    0.7281296849250793,
                    2.935184955596924
                ],
                [
                    0.0,
                    0.0,
                    0.0,
                    1.0
                ]
            ]
        },
        {
            "file_path": "/data/shapenet_blender/all_50_random/02958343/30e971ea6fceac68f5cb3ca022cf045c/r_22",
            "rotation": 0.12566370614359174,
            "transform_matrix": [
                [
                    -0.2730123996734619,
                    0.3783057630062103,
                    -0.8845049142837524,
                    -3.5655534267425537
                ],
                [
                    -0.9620104432106018,
                    -0.10736075788736343,
                    0.25101685523986816,
                    1.0118813514709473
                ],
                [
                    7.450580152834618e-09,
                    0.9194336533546448,
                    0.3932449519634247,
                    1.5852210521697998
                ],
                [
                    0.0,
                    0.0,
                    0.0,
                    1.0
                ]
            ]
        },
        {
            "file_path": "/data/shapenet_blender/all_50_random/02958343/30e971ea6fceac68f5cb3ca022cf045c/r_23",
            "rotation": 0.12566370614359174,
            "transform_matrix": [
                [
                    0.8550176620483398,
                    0.36257410049438477,
                    0.37078946828842163,
                    1.494700312614441
                ],
                [
                    0.5185989141464233,
                    -0.5977784395217896,
                    -0.6113231778144836,
                    -2.464322805404663
                ],
                [
                    0.0,
                    0.7149831652641296,
                    -0.6991415619850159,
                    -2.8183300495147705
                ],
                [
                    0.0,
                    0.0,
                    0.0,
                    1.0
                ]
            ]
        },
        {
            "file_path": "/data/shapenet_blender/all_50_random/02958343/30e971ea6fceac68f5cb3ca022cf045c/r_24",
            "rotation": 0.12566370614359174,
            "transform_matrix": [
                [
                    -0.8146759867668152,
                    0.06194156035780907,
                    0.5765988230705261,
                    2.3243441581726074
                ],
                [
                    0.5799162983894348,
                    0.0870165228843689,
                    0.8100155591964722,
                    3.265277147293091
                ],
                [
                    3.7252898543727042e-09,
                    0.9942793846130371,
                    -0.10681121051311493,
                    -0.43056976795196533
                ],
                [
                    0.0,
                    0.0,
                    0.0,
                    1.0
                ]
            ]
        },
        {
            "file_path": "/data/shapenet_blender/all_50_random/02958343/30e971ea6fceac68f5cb3ca022cf045c/r_25",
            "rotation": 0.12566370614359174,
            "transform_matrix": [
                [
                    -0.8510695099830627,
                    -0.1922328770160675,
                    0.48859721422195435,
                    1.9695985317230225
                ],
                [
                    0.5250531435012817,
                    -0.31159424781799316,
                    0.7919773459434509,
                    3.192563056945801
                ],
                [
                    0.0,
                    0.9305674433708191,
                    0.36612075567245483,
                    1.4758801460266113
                ],
                [
                    0.0,
                    0.0,
                    0.0,
                    1.0
                ]
            ]
        },
        {
            "file_path": "/data/shapenet_blender/all_50_random/02958343/30e971ea6fceac68f5cb3ca022cf045c/r_26",
            "rotation": 0.12566370614359174,
            "transform_matrix": [
                [
                    0.9999860525131226,
                    0.004285480827093124,
                    0.0030853867065161467,
                    0.012437590397894382
                ],
                [
                    0.005280621349811554,
                    -0.8115373253822327,
                    -0.5842766165733337,
                    -2.3552939891815186
                ],
                [
                    0.0,
                    0.584284782409668,
                    -0.8115487694740295,
                    -3.2714574337005615
                ],
                [
                    0.0,
                    0.0,
                    0.0,
                    1.0
                ]
            ]
        },
        {
            "file_path": "/data/shapenet_blender/all_50_random/02958343/30e971ea6fceac68f5cb3ca022cf045c/r_27",
            "rotation": 0.12566370614359174,
            "transform_matrix": [
                [
                    -0.9115554094314575,
                    0.10869231075048447,
                    -0.39655086398124695,
                    -1.5985476970672607
                ],
                [
                    -0.4111770689487457,
                    -0.24096445739269257,
                    0.879129946231842,
                    3.543886184692383
                ],
                [
                    0.0,
                    0.9644283652305603,
                    0.2643442749977112,
                    1.065605878829956
                ],
                [
                    0.0,
                    0.0,
                    0.0,
                    1.0
                ]
            ]
        },
        {
            "file_path": "/data/shapenet_blender/all_50_random/02958343/30e971ea6fceac68f5cb3ca022cf045c/r_28",
            "rotation": 0.12566370614359174,
            "transform_matrix": [
                [
                    0.8901478052139282,
                    0.035489730536937714,
                    -0.45428770780563354,
                    -1.8312923908233643
                ],
                [
                    -0.45567184686660767,
                    0.06932862848043442,
                    -0.8874439001083374,
                    -3.5774009227752686
                ],
                [
                    0.0,
                    0.9969623684883118,
                    0.07788440585136414,
                    0.31396210193634033
                ],
                [
                    0.0,
                    0.0,
                    0.0,
                    1.0
                ]
            ]
        },
        {
            "file_path": "/data/shapenet_blender/all_50_random/02958343/30e971ea6fceac68f5cb3ca022cf045c/r_29",
            "rotation": 0.12566370614359174,
            "transform_matrix": [
                [
                    -0.7868863940238953,
                    -0.09196898341178894,
                    -0.6102061867713928,
                    -2.459819793701172
                ],
                [
                    -0.6170979738235474,
                    0.11727333068847656,
                    0.7780983448028564,
                    3.1366147994995117
                ],
                [
                    0.0,
                    0.9888319373130798,
                    -0.14903464913368225,
                    -0.6007778644561768
                ],
                [
                    0.0,
                    0.0,
                    0.0,
                    1.0
                ]
            ]
        },
        {
            "file_path": "/data/shapenet_blender/all_50_random/02958343/30e971ea6fceac68f5cb3ca022cf045c/r_30",
            "rotation": 0.12566370614359174,
            "transform_matrix": [
                [
                    -0.9843268990516663,
                    -0.10094679147005081,
                    0.14460445940494537,
                    0.5829192399978638
                ],
                [
                    0.17635391652584076,
                    -0.5634387731552124,
                    0.807115912437439,
                    3.2535881996154785
                ],
                [
                    -7.450580596923828e-09,
                    0.8199674487113953,
                    0.5724102258682251,
                    2.3074593544006348
                ],
                [
                    0.0,
                    0.0,
                    0.0,
                    1.0
                ]
            ]
        },
        {
            "file_path": "/data/shapenet_blender/all_50_random/02958343/30e971ea6fceac68f5cb3ca022cf045c/r_31",
            "rotation": 0.12566370614359174,
            "transform_matrix": [
                [
                    0.6424199342727661,
                    -0.2553037703037262,
                    0.7225763201713562,
                    2.9127981662750244
                ],
                [
                    0.7663527727127075,
                    0.2140166014432907,
                    -0.6057229042053223,
                    -2.4417471885681152
                ],
                [
                    1.4901160305669237e-08,
                    0.9428768157958984,
                    0.3331412971019745,
                    1.3429354429244995
                ],
                [
                    0.0,
                    0.0,
                    0.0,
                    1.0
                ]
            ]
        },
        {
            "file_path": "/data/shapenet_blender/all_50_random/02958343/30e971ea6fceac68f5cb3ca022cf045c/r_32",
            "rotation": 0.12566370614359174,
            "transform_matrix": [
                [
                    0.279097318649292,
                    -0.23614421486854553,
                    -0.9307741522789001,
                    -3.752070665359497
                ],
                [
                    -0.9602628350257874,
                    -0.06863455474376678,
                    -0.2705265283584595,
                    -1.0905272960662842
                ],
                [
                    7.450580596923828e-09,
                    0.9692909717559814,
                    -0.2459162473678589,
                    -0.9913200736045837
                ],
                [
                    0.0,
                    0.0,
                    0.0,
                    1.0
                ]
            ]
        },
        {
            "file_path": "/data/shapenet_blender/all_50_random/02958343/30e971ea6fceac68f5cb3ca022cf045c/r_33",
            "rotation": 0.12566370614359174,
            "transform_matrix": [
                [
                    0.7086262702941895,
                    -0.035736605525016785,
                    0.7046785354614258,
                    2.8406496047973633
                ],
                [
                    0.7055840492248535,
                    0.03589068725705147,
                    -0.7077168226242065,
                    -2.8528974056243896
                ],
                [
                    0.0,
                    0.9987164735794067,
                    0.050648272037506104,
                    0.20416969060897827
                ],
                [
                    0.0,
                    0.0,
                    0.0,
                    1.0
                ]
            ]
        },
        {
            "file_path": "/data/shapenet_blender/all_50_random/02958343/30e971ea6fceac68f5cb3ca022cf045c/r_34",
            "rotation": 0.12566370614359174,
            "transform_matrix": [
                [
                    -0.9919020533561707,
                    0.0437069796025753,
                    -0.11924843490123749,
                    -0.4807058572769165
                ],
                [
                    -0.12700589001178741,
                    -0.3413466811180115,
                    0.9313172101974487,
                    3.7542600631713867
                ],
                [
                    7.450581485102248e-09,
                    0.9389207363128662,
                    0.3441334664821625,
                    1.3872464895248413
                ],
                [
                    0.0,
                    0.0,
                    0.0,
                    1.0
                ]
            ]
        },
        {
            "file_path": "/data/shapenet_blender/all_50_random/02958343/30e971ea6fceac68f5cb3ca022cf045c/r_35",
            "rotation": 0.12566370614359174,
            "transform_matrix": [
                [
                    -0.9329032897949219,
                    0.011640246026217937,
                    0.35993891954421997,
                    1.4509601593017578
                ],
                [
                    0.3601270914077759,
                    0.030153866857290268,
                    0.9324158430099487,
                    3.758688449859619
                ],
                [
                    -9.313225746154785e-10,
                    0.9994774460792542,
                    -0.032322611659765244,
                    -0.13029661774635315
                ],
                [
                    0.0,
                    0.0,
                    0.0,
                    1.0
                ]
            ]
        },
        {
            "file_path": "/data/shapenet_blender/all_50_random/02958343/30e971ea6fceac68f5cb3ca022cf045c/r_36",
            "rotation": 0.12566370614359174,
            "transform_matrix": [
                [
                    -0.45960578322410583,
                    -0.3346290588378906,
                    -0.8226699829101562,
                    -3.316288709640503
                ],
                [
                    -0.8881230354309082,
                    0.17317134141921997,
                    0.42573368549346924,
                    1.7161873579025269
                ],
                [
                    0.0,
                    0.9263018369674683,
                    -0.3767823278903961,
                    -1.5188581943511963
                ],
                [
                    0.0,
                    0.0,
                    0.0,
                    1.0
                ]
            ]
        },
        {
            "file_path": "/data/shapenet_blender/all_50_random/02958343/30e971ea6fceac68f5cb3ca022cf045c/r_37",
            "rotation": 0.12566370614359174,
            "transform_matrix": [
                [
                    0.4742586612701416,
                    0.28202956914901733,
                    -0.833989143371582,
                    -3.3619179725646973
                ],
                [
                    -0.8803855776786804,
                    0.15192770957946777,
                    -0.44926518201828003,
                    -1.8110460042953491
                ],
                [
                    -1.4901161193847656e-08,
                    0.9473000168800354,
                    0.32034775614738464,
                    1.29136323928833
                ],
                [
                    0.0,
                    0.0,
                    0.0,
                    1.0
                ]
            ]
        },
        {
            "file_path": "/data/shapenet_blender/all_50_random/02958343/30e971ea6fceac68f5cb3ca022cf045c/r_38",
            "rotation": 0.12566370614359174,
            "transform_matrix": [
                [
                    0.605292558670044,
                    -0.5709198713302612,
                    0.5546813011169434,
                    2.235992193222046
                ],
                [
                    0.7960031032562256,
                    0.43413591384887695,
                    -0.4217878580093384,
                    -1.7002813816070557
                ],
                [
                    0.0,
                    0.6968331336975098,
                    0.7172331809997559,
                    2.8912596702575684
                ],
                [
                    0.0,
                    0.0,
                    0.0,
                    1.0
                ]
            ]
        },
        {
            "file_path": "/data/shapenet_blender/all_50_random/02958343/30e971ea6fceac68f5cb3ca022cf045c/r_39",
            "rotation": 0.12566370614359174,
            "transform_matrix": [
                [
                    -0.0032276830170303583,
                    0.25134599208831787,
                    -0.9678919315338135,
                    -3.9016969203948975
                ],
                [
                    -0.999994695186615,
                    -0.0008112694486044347,
                    0.003124064765870571,
                    0.012593507766723633
                ],
                [
                    5.8207653974573503e-11,
                    0.9678968787193298,
                    0.25134730339050293,
                    1.0132133960723877
                ],
                [
                    0.0,
                    0.0,
                    0.0,
                    1.0
                ]
            ]
        },
        {
            "file_path": "/data/shapenet_blender/all_50_random/02958343/30e971ea6fceac68f5cb3ca022cf045c/r_40",
            "rotation": 0.12566370614359174,
            "transform_matrix": [
                [
                    0.9065205454826355,
                    0.21405422687530518,
                    0.3638699948787689,
                    1.4668066501617432
                ],
                [
                    0.4221617877483368,
                    -0.45964497327804565,
                    -0.7813487648963928,
                    -3.149717330932617
                ],
                [
                    1.4901161193847656e-08,
                    0.8619205951690674,
                    -0.507043182849884,
                    -2.0439562797546387
                ],
                [
                    0.0,
                    0.0,
                    0.0,
                    1.0
                ]
            ]
        },
        {
            "file_path": "/data/shapenet_blender/all_50_random/02958343/30e971ea6fceac68f5cb3ca022cf045c/r_41",
            "rotation": 0.12566370614359174,
            "transform_matrix": [
                [
                    0.9335969090461731,
                    0.06700536608695984,
                    0.3520044684410095,
                    1.4189753532409668
                ],
                [
                    0.3583250641822815,
                    -0.17457889020442963,
                    -0.91712886095047,
                    -3.6970646381378174
                ],
                [
                    -3.725290298461914e-09,
