{
    "class": "02958343",
    "model": "f10f279643fbb3276a78cd0552215cff",
    "remove_doubles": true,
    "edge_split": true,
    "denoise": true,
    "camera_angle_x": 0.6911112070083618,
    "scale_factor": 2.2255530581361045,
    "hdri_file": "/data/IndoorHDRDataset2018/9C4A5883-737b4b1605.exr",
    "center_offset": [
        0.0,
        0.0,
        1.862645149230957e-09
    ],
    "lights": [],
    "frames": [
        {
            "file_path": "/data/shapenet_blender/all_50_random/02958343/f10f279643fbb3276a78cd0552215cff/r_0",
            "rotation": 0.12566370614359174,
            "transform_matrix": [
                [
                    0.10888895392417908,
                    0.6289457082748413,
                    -0.7697860598564148,
                    -3.10310697555542
                ],
                [
                    -0.9940539598464966,
                    0.0688948854804039,
                    -0.08432258665561676,
                    -0.3399152159690857
                ],
                [
                    -3.725290298461914e-09,
                    0.774390697479248,
                    0.6327077150344849,
                    2.5505263805389404
                ],
                [
                    0.0,
                    0.0,
                    0.0,
                    1.0
                ]
            ]
        },
        {
            "file_path": "/data/shapenet_blender/all_50_random/02958343/f10f279643fbb3276a78cd0552215cff/r_1",
            "rotation": 0.12566370614359174,
            "transform_matrix": [
                [
                    -0.11265400052070618,
                    -0.21028102934360504,
                    -0.9711286425590515,
                    -3.9147450923919678
                ],
                [
                    -0.9936342835426331,
                    0.023840762674808502,
                    0.11010240763425827,
                    0.4438370168209076
                ],
                [
                    0.0,
                    0.9773501753807068,
                    -0.21162819862365723,
                    -0.853100597858429
                ],
                [
                    0.0,
                    0.0,
                    0.0,
                    1.0
                ]
            ]
        },
        {
            "file_path": "/data/shapenet_blender/all_50_random/02958343/f10f279643fbb3276a78cd0552215cff/r_2",
            "rotation": 0.12566370614359174,
            "transform_matrix": [
                [
                    -0.2090400904417038,
                    -0.2572705149650574,
                    -0.9434585571289062,
                    -3.8032033443450928
                ],
                [
                    -0.9779070615768433,
                    0.054994847625494,
                    0.20167627930641174,
                    0.8129831552505493
                ],
                [
                    0.0,
                    0.9647732377052307,
                    -0.2630827724933624,
                    -1.0605206489562988
                ],
                [
                    0.0,
                    0.0,
                    0.0,
                    1.0
                ]
            ]
        },
        {
            "file_path": "/data/shapenet_blender/all_50_random/02958343/f10f279643fbb3276a78cd0552215cff/r_3",
            "rotation": 0.12566370614359174,
            "transform_matrix": [
                [
                    0.9948722124099731,
                    0.05827663466334343,
                    0.082663893699646,
                    0.33322885632514954
                ],
                [
                    0.10114093869924545,
                    -0.5732377767562866,
                    -0.8131229281425476,
                    -3.277803659439087
                ],
                [
                    3.725290742551124e-09,
                    0.8173139691352844,
                    -0.5761923789978027,
                    -2.3227059841156006
                ],
                [
                    0.0,
                    0.0,
                    0.0,
                    1.0
                ]
            ]
        },
        {
            "file_path": "/data/shapenet_blender/all_50_random/02958343/f10f279643fbb3276a78cd0552215cff/r_4",
            "rotation": 0.12566370614359174,
            "transform_matrix": [
                [
                    0.7878033518791199,
                    -0.15444229543209076,
                    -0.5962495803833008,
                    -2.4035589694976807
                ],
                [
                    -0.61592698097229,
                    -0.19753989577293396,
                    -0.7626348733901978,
                    -3.074279546737671
                ],
                [
                    0.0,
                    0.968052327632904,
                    -0.25074777007102966,
                    -1.0107965469360352
                ],
                [
                    0.0,
                    0.0,
                    0.0,
                    1.0
                ]
            ]
        },
        {
            "file_path": "/data/shapenet_blender/all_50_random/02958343/f10f279643fbb3276a78cd0552215cff/r_5",
            "rotation": 0.12566370614359174,
            "transform_matrix": [
                [
                    0.9393465518951416,
                    -0.2803943157196045,
                    -0.19750213623046875,
                    -0.796156644821167
                ],
                [
                    -0.34296950697898865,
                    -0.7679616808891296,
                    -0.5409313440322876,
                    -2.1805641651153564
                ],
                [
                    0.0,
                    0.5758591890335083,
                    -0.8175488114356995,
                    -3.295644998550415
                ],
                [
                    0.0,
                    0.0,
                    0.0,
                    1.0
                ]
            ]
        },
        {
            "file_path": "/data/shapenet_blender/all_50_random/02958343/f10f279643fbb3276a78cd0552215cff/r_6",
            "rotation": 0.12566370614359174,
            "transform_matrix": [
                [
                    -0.015919053927063942,
                    -0.47599777579307556,
                    -0.879302442073822,
                    -3.544581174850464
                ],
                [
                    -0.9998732805252075,
                    0.007578394375741482,
                    0.013999436981976032,
                    0.056433528661727905
                ],
                [
                    -4.656612873077393e-10,
                    0.8794137239456177,
                    -0.47605815529823303,
                    -1.9190515279769897
                ],
                [
                    0.0,
                    0.0,
                    0.0,
                    1.0
                ]
            ]
        },
        {
            "file_path": "/data/shapenet_blender/all_50_random/02958343/f10f279643fbb3276a78cd0552215cff/r_7",
            "rotation": 0.12566370614359174,
            "transform_matrix": [
                [
                    -0.3771786689758301,
                    0.8088547587394714,
                    0.451098769903183,
                    1.8184374570846558
                ],
                [
                    0.9261404871940613,
                    0.3294130563735962,
                    0.1837138533592224,
                    0.740574300289154
                ],
                [
                    0.0,
                    0.4870739281177521,
                    -0.8733606934547424,
                    -3.5206298828125
                ],
                [
                    0.0,
                    0.0,
                    0.0,
                    1.0
                ]
            ]
        },
        {
            "file_path": "/data/shapenet_blender/all_50_random/02958343/f10f279643fbb3276a78cd0552215cff/r_8",
            "rotation": 0.12566370614359174,
            "transform_matrix": [
                [
                    -0.5965644717216492,
                    0.751444399356842,
                    0.28185468912124634,
                    1.1361925601959229
                ],
                [
                    0.8025651574134827,
                    0.5585653185844421,
                    0.20950885117053986,
                    0.8445571660995483
                ],
                [
                    0.0,
                    0.3511922359466553,
                    -0.9363033175468445,
                    -3.7743594646453857
                ],
                [
                    0.0,
                    0.0,
                    0.0,
                    1.0
                ]
            ]
        },
        {
            "file_path": "/data/shapenet_blender/all_50_random/02958343/f10f279643fbb3276a78cd0552215cff/r_9",
            "rotation": 0.12566370614359174,
            "transform_matrix": [
                [
                    -0.08789178729057312,
                    0.004642833955585957,
                    0.9961190819740295,
                    4.015484809875488
                ],
                [
                    0.996130108833313,
                    0.0004096523334737867,
                    0.08789081871509552,
                    0.35429924726486206
                ],
                [
                    0.0,
                    0.9999890923500061,
                    -0.004660871345549822,
                    -0.018788576126098633
                ],
                [
                    0.0,
                    0.0,
                    0.0,
                    1.0
                ]
            ]
        },
        {
            "file_path": "/data/shapenet_blender/all_50_random/02958343/f10f279643fbb3276a78cd0552215cff/r_10",
            "rotation": 0.12566370614359174,
            "transform_matrix": [
                [
                    -0.09792327135801315,
                    0.9206053018569946,
                    0.37801700830459595,
                    1.523835301399231
                ],
                [
                    0.9951938986778259,
                    0.09058403968811035,
                    0.03719542920589447,
                    0.14993956685066223
                ],
                [
                    3.725290076417309e-09,
                    0.3798425495624542,
                    -0.9250510931015015,
                    -3.7290003299713135
                ],
                [
                    0.0,
                    0.0,
                    0.0,
                    1.0
                ]
            ]
        },
        {
            "file_path": "/data/shapenet_blender/all_50_random/02958343/f10f279643fbb3276a78cd0552215cff/r_11",
            "rotation": 0.12566370614359174,
            "transform_matrix": [
                [
                    0.7894017696380615,
                    0.37138035893440247,
                    0.48879602551460266,
                    1.9703998565673828
                ],
                [
                    0.61387699842453,
                    -0.47756847739219666,
                    -0.6285566091537476,
                    -2.533792734146118
                ],
                [
                    0.0,
                    0.7962442636489868,
                    -0.6049752235412598,
                    -2.4387331008911133
                ],
                [
                    0.0,
                    0.0,
                    0.0,
                    1.0
                ]
            ]
        },
        {
            "file_path": "/data/shapenet_blender/all_50_random/02958343/f10f279643fbb3276a78cd0552215cff/r_12",
            "rotation": 0.12566370614359174,
            "transform_matrix": [
                [
                    -0.671298623085022,
                    0.18484753370285034,
                    0.7177669405937195,
                    2.89341139793396
                ],
                [
                    0.7411869168281555,
                    0.16741780936717987,
                    0.6500869393348694,
                    2.620584487915039
                ],
                [
                    0.0,
                    0.968402087688446,
                    -0.24939392507076263,
                    -1.0053391456604004
                ],
                [
                    0.0,
                    0.0,
                    0.0,
                    1.0
                ]
            ]
        },
        {
            "file_path": "/data/shapenet_blender/all_50_random/02958343/f10f279643fbb3276a78cd0552215cff/r_13",
            "rotation": 0.12566370614359174,
            "transform_matrix": [
                [
                    0.7620373368263245,
                    -0.12417834997177124,
                    -0.6355147361755371,
                    -2.5618414878845215
                ],
                [
                    -0.6475331783294678,
                    -0.14613695442676544,
                    -0.7478936314582825,
                    -3.01485538482666
                ],
                [
                    7.450580596923828e-09,
                    0.9814395308494568,
                    -0.19177144765853882,
                    -0.7730553150177002
                ],
                [
                    0.0,
                    0.0,
                    0.0,
                    1.0
                ]
            ]
        },
        {
            "file_path": "/data/shapenet_blender/all_50_random/02958343/f10f279643fbb3276a78cd0552215cff/r_14",
            "rotation": 0.12566370614359174,
            "transform_matrix": [
                [
                    0.6206517219543457,
                    -0.43648311495780945,
                    0.6513630151748657,
                    2.6257286071777344
                ],
                [
                    0.7840863466262817,
                    0.3455028235912323,
                    -0.5155932307243347,
                    -2.078423023223877
                ],
                [
                    -1.4901161193847656e-08,
                    0.8307287096977234,
                    0.5566773414611816,
                    2.2440383434295654
                ],
                [
                    0.0,
                    0.0,
                    0.0,
                    1.0
                ]
            ]
        },
        {
            "file_path": "/data/shapenet_blender/all_50_random/02958343/f10f279643fbb3276a78cd0552215cff/r_15",
            "rotation": 0.12566370614359174,
            "transform_matrix": [
                [
                    -0.32902687788009644,
                    0.3161095380783081,
                    0.8898404240608215,
                    3.587061643600464
                ],
                [
                    0.944320559501648,
                    0.11014112830162048,
                    0.3100444972515106,
                    1.2498294115066528
                ],
                [
                    0.0,
                    0.9423075914382935,
                    -0.33474814891815186,
                    -1.3494130373001099
                ],
                [
                    0.0,
                    0.0,
                    0.0,
                    1.0
                ]
            ]
        },
        {
            "file_path": "/data/shapenet_blender/all_50_random/02958343/f10f279643fbb3276a78cd0552215cff/r_16",
            "rotation": 0.12566370614359174,
            "transform_matrix": [
                [
                    -0.9715520739555359,
                    -0.0482134185731411,
                    -0.23186656832695007,
                    -0.9346840381622314
                ],
                [
                    -0.23682618141174316,
                    0.1977899670600891,
                    0.951205849647522,
                    3.8344333171844482
                ],
                [
                    -7.450580152834618e-09,
                    0.9790579676628113,
                    -0.20358145236968994,
                    -0.8206630945205688
                ],
                [
                    0.0,
                    0.0,
                    0.0,
                    1.0
                ]
            ]
        },
        {
            "file_path": "/data/shapenet_blender/all_50_random/02958343/f10f279643fbb3276a78cd0552215cff/r_17",
            "rotation": 0.12566370614359174,
            "transform_matrix": [
                [
                    -0.9761489629745483,
                    -0.05288534611463547,
                    0.21056245267391205,
                    0.8488044142723083
                ],
                [
                    0.2171023190021515,
                    -0.23778638243675232,
                    0.9467440247535706,
                    3.8164472579956055
                ],
                [
                    0.0,
                    0.9698766469955444,
                    0.24359643459320068,
                    0.9819686412811279
                ],
                [
                    0.0,
                    0.0,
                    0.0,
                    1.0
                ]
            ]
        },
        {
            "file_path": "/data/shapenet_blender/all_50_random/02958343/f10f279643fbb3276a78cd0552215cff/r_18",
            "rotation": 0.12566370614359174,
            "transform_matrix": [
                [
                    -0.09931977093219757,
                    -0.0904596820473671,
                    0.9909351468086243,
                    3.9945876598358154
                ],
                [
                    0.9950555562973022,
                    -0.009029078297317028,
                    0.09890849888324738,
                    0.3987129330635071
                ],
                [
                    0.0,
                    0.9958590865135193,
                    0.09090917557477951,
                    0.3664666414260864
                ],
                [
                    0.0,
                    0.0,
                    0.0,
                    1.0
                ]
            ]
        },
        {
            "file_path": "/data/shapenet_blender/all_50_random/02958343/f10f279643fbb3276a78cd0552215cff/r_19",
            "rotation": 0.12566370614359174,
            "transform_matrix": [
                [
                    -0.2702222764492035,
                    -0.1161106526851654,
                    0.9557710289955139,
                    3.8528361320495605
                ],
                [
                    0.962797999382019,
                    -0.03258802369236946,
                    0.268250048160553,
                    1.081350564956665
                ],
                [
                    -1.8626450382086546e-09,
                    0.992701530456543,
                    0.12059712409973145,
                    0.48614251613616943
                ],
                [
                    0.0,
                    0.0,
                    0.0,
                    1.0
                ]
            ]
        },
        {
            "file_path": "/data/shapenet_blender/all_50_random/02958343/f10f279643fbb3276a78cd0552215cff/r_20",
            "rotation": 0.12566370614359174,
            "transform_matrix": [
                [
                    -0.20486104488372803,
                    0.10099910199642181,
                    0.9735661745071411,
                    3.9245707988739014
                ],
                [
                    0.9787911176681519,
                    0.0211391169577837,
                    0.20376746356487274,
                    0.8214129209518433
                ],
                [
                    1.862645371275562e-09,
                    0.9946618676185608,
                    -0.10318759828805923,
                    -0.4159625172615051
                ],
                [
                    0.0,
                    0.0,
                    0.0,
                    1.0
                ]
            ]
        },
        {
            "file_path": "/data/shapenet_blender/all_50_random/02958343/f10f279643fbb3276a78cd0552215cff/r_21",
            "rotation": 0.12566370614359174,
            "transform_matrix": [
                [
                    -0.25202396512031555,
                    -0.6203863024711609,
                    0.7427010536193848,
                    2.9939236640930176
                ],
                [
                    0.9677209854125977,
                    -0.16156744956970215,
                    0.19342193007469177,
                    0.779708743095398
                ],
                [
                    0.0,
                    0.767474353313446,
                    0.6410796642303467,
                    2.5842747688293457
                ],
                [
                    0.0,
                    0.0,
                    0.0,
                    1.0
                ]
            ]
        },
        {
            "file_path": "/data/shapenet_blender/all_50_random/02958343/f10f279643fbb3276a78cd0552215cff/r_22",
            "rotation": 0.12566370614359174,
            "transform_matrix": [
                [
                    0.9778385758399963,
                    0.023800110444426537,
                    0.20800331234931946,
                    0.8384882211685181
                ],
                [
                    0.2093605399131775,
                    -0.11116070300340652,
                    -0.971499502658844,
                    -3.9162399768829346
                ],
                [
                    0.0,
                    0.9935173392295837,
                    -0.11368001997470856,
                    -0.45825883746147156
                ],
                [
                    0.0,
                    0.0,
                    0.0,
                    1.0
                ]
            ]
        },
        {
            "file_path": "/data/shapenet_blender/all_50_random/02958343/f10f279643fbb3276a78cd0552215cff/r_23",
            "rotation": 0.12566370614359174,
            "transform_matrix": [
                [
                    -0.3539260923862457,
                    -0.4442153573036194,
                    0.8230486512184143,
                    3.3178153038024902
                ],
                [
                    0.9352734088897705,
                    -0.16809995472431183,
                    0.311458021402359,
                    1.2555274963378906
                ],
                [
                    0.0,
                    0.8800085783004761,
                    0.4749577045440674,
                    1.9146157503128052
                ],
                [
                    0.0,
                    0.0,
                    0.0,
                    1.0
                ]
            ]
        },
        {
            "file_path": "/data/shapenet_blender/all_50_random/02958343/f10f279643fbb3276a78cd0552215cff/r_24",
            "rotation": 0.12566370614359174,
            "transform_matrix": [
                [
                    -0.7208515405654907,
                    -0.15577754378318787,
                    -0.6753565669059753,
                    -2.72244930267334
                ],
                [
                    -0.6930896639823914,
                    0.16201725602149963,
                    0.7024081945419312,
                    2.83149790763855
                ],
                [
                    0.0,
                    0.9744144678115845,
                    -0.22475817799568176,
                    -0.906029224395752
                ],
                [
                    0.0,
                    0.0,
                    0.0,
                    1.0
                ]
            ]
        },
        {
            "file_path": "/data/shapenet_blender/all_50_random/02958343/f10f279643fbb3276a78cd0552215cff/r_25",
            "rotation": 0.12566370614359174,
            "transform_matrix": [
                [
                    0.9956751465797424,
                    -0.07722363620996475,
                    0.05164698138833046,
                    0.20819565653800964
                ],
                [
                    0.09290263056755066,
                    0.8276369571685791,
                    -0.5535215735435486,
                    -2.2313170433044434
                ],
                [
                    0.0,
                    0.5559258460998535,
                    0.8312317728996277,
                    3.3508026599884033
                ],
                [
                    0.0,
                    0.0,
                    0.0,
                    1.0
                ]
            ]
        },
        {
            "file_path": "/data/shapenet_blender/all_50_random/02958343/f10f279643fbb3276a78cd0552215cff/r_26",
            "rotation": 0.12566370614359174,
            "transform_matrix": [
                [
                    0.25152865052223206,
                    0.02840678207576275,
                    -0.9674329161643982,
                    -3.8998465538024902
                ],
                [
                    -0.967849850654602,
                    0.007382466457784176,
                    -0.251420259475708,
                    -1.0135074853897095
                ],
                [
                    0.0,
                    0.9995691776275635,
                    0.02935040183365345,
                    0.11831524968147278
                ],
                [
                    0.0,
                    0.0,
                    0.0,
                    1.0
                ]
            ]
        },
        {
            "file_path": "/data/shapenet_blender/all_50_random/02958343/f10f279643fbb3276a78cd0552215cff/r_27",
            "rotation": 0.12566370614359174,
            "transform_matrix": [
                [
                    0.07037704437971115,
                    -0.4642081558704376,
                    -0.8829256296157837,
                    -3.559187412261963
                ],
                [
                    -0.9975205659866333,
                    -0.032750800251960754,
                    -0.06229213997721672,
                    -0.25110766291618347
                ],
                [
                    -1.862645371275562e-09,
                    0.8851203322410583,
                    -0.4653620421886444,
                    -1.8759344816207886
                ],
                [
                    0.0,
                    0.0,
                    0.0,
                    1.0
                ]
            ]
        },
        {
            "file_path": "/data/shapenet_blender/all_50_random/02958343/f10f279643fbb3276a78cd0552215cff/r_28",
            "rotation": 0.12566370614359174,
            "transform_matrix": [
                [
                    0.8217653632164001,
                    0.406704306602478,
                    -0.39911556243896484,
                    -1.6088862419128418
                ],
                [
                    -0.5698259472846985,
                    0.586522102355957,
                    -0.5755781531333923,
                    -2.3202297687530518
                ],
                [
                    -1.4901159417490817e-08,
                    0.7004165649414062,
                    0.7137342691421509,
                    2.87715482711792
                ],
                [
                    0.0,
                    0.0,
                    0.0,
                    1.0
                ]
            ]
        },
        {
            "file_path": "/data/shapenet_blender/all_50_random/02958343/f10f279643fbb3276a78cd0552215cff/r_29",
            "rotation": 0.12566370614359174,
            "transform_matrix": [
                [
                    0.9971811175346375,
                    -0.05854210630059242,
                    0.0469314306974411,
                    0.18918663263320923
                ],
                [
                    0.075031578540802,
                    0.7780334949493408,
                    -0.6237258911132812,
                    -2.5143191814422607
                ],
                [
                    3.7252896323280993e-09,
                    0.6254890561103821,
                    0.7802330255508423,
                    3.145219564437866
                ],
                [
                    0.0,
                    0.0,
                    0.0,
                    1.0
                ]
            ]
        },
        {
            "file_path": "/data/shapenet_blender/all_50_random/02958343/f10f279643fbb3276a78cd0552215cff/r_30",
            "rotation": 0.12566370614359174,
            "transform_matrix": [
                [
                    0.5393083095550537,
                    -0.12770690023899078,
                    0.8323685526847839,
                    3.3553853034973145
                ],
                [
                    0.842108428478241,
                    0.08178684860467911,
                    -0.5330706238746643,
                    -2.148876667022705
                ],
                [
                    0.0,
                    0.9884340167045593,
                    0.15165136754512787,
                    0.611326277256012
                ],
                [
                    0.0,
                    0.0,
                    0.0,
                    1.0
                ]
            ]
        },
        {
            "file_path": "/data/shapenet_blender/all_50_random/02958343/f10f279643fbb3276a78cd0552215cff/r_31",
            "rotation": 0.12566370614359174,
            "transform_matrix": [
                [
                    -0.452667772769928,
                    -0.24519087374210358,
                    0.8573058843612671,
                    3.4559104442596436
                ],
                [
                    0.8916793465614319,
                    -0.12447299808263779,
                    0.43521782755851746,
                    1.754419207572937
                ],
                [
                    -7.450580596923828e-09,
                    0.9614509344100952,
                    0.274976521730423,
                    1.1084657907485962
                ],
                [
                    0.0,
                    0.0,
                    0.0,
                    1.0
                ]
            ]
        },
        {
            "file_path": "/data/shapenet_blender/all_50_random/02958343/f10f279643fbb3276a78cd0552215cff/r_32",
            "rotation": 0.12566370614359174,
            "transform_matrix": [
                [
                    -0.9941060543060303,
                    -0.04624631255865097,
                    0.09805223345756531,
                    0.39526116847991943
                ],
                [
                    0.10841106623411179,
                    -0.4240686595439911,
                    0.8991177678108215,
                    3.6244595050811768
                ],
                [
                    0.0,
                    0.9044484496116638,
                    0.4265829026699066,
                    1.719610571861267
                ],
                [
                    0.0,
                    0.0,
                    0.0,
                    1.0
                ]
            ]
        },
        {
            "file_path": "/data/shapenet_blender/all_50_random/02958343/f10f279643fbb3276a78cd0552215cff/r_33",
            "rotation": 0.12566370614359174,
            "transform_matrix": [
                [
                    -0.7377968430519104,
                    0.19868308305740356,
                    0.6451207995414734,
                    2.60056471824646
                ],
                [
                    0.6750227212905884,
                    0.21715973317623138,
                    0.7051141858100891,
                    2.8424057960510254
                ],
                [
                    0.0,
                    0.9557021856307983,
                    -0.29433542490005493,
                    -1.1865038871765137
                ],
                [
                    0.0,
                    0.0,
                    0.0,
                    1.0
                ]
            ]
        },
        {
            "file_path": "/data/shapenet_blender/all_50_random/02958343/f10f279643fbb3276a78cd0552215cff/r_34",
            "rotation": 0.12566370614359174,
            "transform_matrix": [
                [
                    -0.6155058741569519,
                    0.13035336136817932,
                    0.7772775888442993,
                    3.1333062648773193
                ],
                [
                    0.7881322503089905,
                    0.10180177539587021,
                    0.6070287823677063,
                    2.4470112323760986
                ],
                [
                    7.450580152834618e-09,
                    0.9862273931503296,
                    -0.16539525985717773,
                    -0.6667296290397644
                ],
                [
                    0.0,
                    0.0,
                    0.0,
                    1.0
                ]
            ]
        },
        {
            "file_path": "/data/shapenet_blender/all_50_random/02958343/f10f279643fbb3276a78cd0552215cff/r_35",
            "rotation": 0.12566370614359174,
            "transform_matrix": [
                [
                    -0.4384773075580597,
                    -0.28267601132392883,
                    -0.8531306385993958,
                    -3.439079523086548
                ],
                [
                    -0.8987423181533813,
                    0.1379116326570511,
                    0.41622433066368103,
                    1.6778539419174194
                ],
                [
                    7.450580596923828e-09,
                    0.9492495059967041,
                    -0.3145240545272827,
                    -1.267886996269226
                ],
                [
                    0.0,
                    0.0,
                    0.0,
                    1.0
                ]
            ]
        },
        {
            "file_path": "/data/shapenet_blender/all_50_random/02958343/f10f279643fbb3276a78cd0552215cff/r_36",
            "rotation": 0.12566370614359174,
            "transform_matrix": [
                [
                    0.8466188907623291,
                    0.22288498282432556,
                    -0.48327913880348206,
                    -1.9481606483459473
                ],
                [
                    -0.5321996808052063,
                    0.3545636236667633,
                    -0.7687965035438538,
                    -3.0991179943084717
                ],
                [
                    0.0,
                    0.9080787301063538,
                    0.41879957914352417,
                    1.6882351636886597
                ],
                [
                    0.0,
                    0.0,
                    0.0,
                    1.0
                ]
            ]
        },
        {
            "file_path": "/data/shapenet_blender/all_50_random/02958343/f10f279643fbb3276a78cd0552215cff/r_37",
            "rotation": 0.12566370614359174,
            "transform_matrix": [
                [
                    0.4062039852142334,
                    -0.479399710893631,
                    -0.7779294848442078,
                    -3.1359336376190186
                ],
                [
                    -0.9137822985649109,
                    -0.21310772001743317,
                    -0.3458132743835449,
                    -1.3940176963806152
                ],
                [
                    0.0,
                    0.8513289093971252,
                    -0.5246323347091675,
                    -2.1148602962493896
                ],
                [
                    0.0,
                    0.0,
                    0.0,
                    1.0
                ]
            ]
        },
        {
            "file_path": "/data/shapenet_blender/all_50_random/02958343/f10f279643fbb3276a78cd0552215cff/r_38",
            "rotation": 0.12566370614359174,
            "transform_matrix": [
                [
                    -0.23928889632225037,
                    0.8875430226325989,
                    -0.3937107026576996,
                    -1.587098479270935
                ],
                [
                    -0.9709484577178955,
                    -0.2187337428331375,
                    0.09702945500612259,
                    0.3911382257938385
                ],
                [
                    0.0,
                    0.405490905046463,
                    0.9140990972518921,
                    3.6848511695861816
                ],
                [
                    0.0,
                    0.0,
                    0.0,
                    1.0
                ]
            ]
        },
        {
            "file_path": "/data/shapenet_blender/all_50_random/02958343/f10f279643fbb3276a78cd0552215cff/r_39",
            "rotation": 0.12566370614359174,
            "transform_matrix": [
                [
                    -0.7512338757514954,
                    -0.3873503506183624,
                    -0.5344224572181702,
                    -2.1543257236480713
                ],
                [
                    -0.6600360870361328,
                    0.44087088108062744,
                    0.6082640886306763,
                    2.451991081237793
                ],
                [
                    0.0,
                    0.8096866607666016,
                    -0.5868623852729797,
                    -2.365717887878418
                ],
                [
                    0.0,
                    0.0,
                    0.0,
                    1.0
                ]
            ]
        },
        {
            "file_path": "/data/shapenet_blender/all_50_random/02958343/f10f279643fbb3276a78cd0552215cff/r_40",
            "rotation": 0.12566370614359174,
            "transform_matrix": [
                [
                    0.9341986775398254,
                    -0.010137510485947132,
                    0.3566091060638428,
                    1.4375373125076294
                ],
                [
                    0.3567531704902649,
                    0.02654622308909893,
                    -0.933821439743042,
                    -3.764354705810547
                ],
                [
                    0.0,
                    0.9995961785316467,
                    0.028416041284799576,
                    0.11454872786998749
                ],
                [
                    0.0,
                    0.0,
                    0.0,
                    1.0
                ]
            ]
        },
        {
            "file_path": "/data/shapenet_blender/all_50_random/02958343/f10f279643fbb3276a78cd0552215cff/r_41",
            "rotation": 0.12566370614359174,
            "transform_matrix": [
                [
                    -0.9658262133598328,
                    0.236797034740448,
                    -0.10538941621780396,
                    -0.4248383641242981
                ],
                [
                    -0.2591906189918518,
                    -0.8823806047439575,
                    0.3927142918109894,
                    1.5830820798873901
                ],
                [
                    7.450580596923828e-09,
                    0.40660974383354187,
                    0.9136018753051758,
