{
    "class": "02958343",
    "model": "e5d6df012b219fa6a7c4dca3ad2d19bf",
    "remove_doubles": true,
    "edge_split": true,
    "denoise": true,
    "camera_angle_x": 0.6911112070083618,
    "scale_factor": 2.254415214748526,
    "hdri_file": "/data/IndoorHDRDataset2018/9C4A8841-3043a7bcd7.exr",
    "center_offset": [
        0.0,
        0.0,
        3.725290298461914e-09
    ],
    "lights": [],
    "frames": [
        {
            "file_path": "/data/shapenet_blender/all_50_random/02958343/e5d6df012b219fa6a7c4dca3ad2d19bf/r_0",
            "rotation": 0.12566370614359174,
            "transform_matrix": [
                [
                    0.9812874794006348,
                    -0.006345700938254595,
                    0.19244419038295746,
                    0.7757673263549805
                ],
                [
                    0.19254881143569946,
                    0.03233962878584862,
                    -0.9807543754577637,
                    -3.953547239303589
                ],
                [
                    0.0,
                    0.9994567632675171,
                    0.0329563282430172,
                    0.13285121321678162
                ],
                [
                    0.0,
                    0.0,
                    0.0,
                    1.0
                ]
            ]
        },
        {
            "file_path": "/data/shapenet_blender/all_50_random/02958343/e5d6df012b219fa6a7c4dca3ad2d19bf/r_1",
            "rotation": 0.12566370614359174,
            "transform_matrix": [
                [
                    -0.9729960560798645,
                    0.1767093986272812,
                    -0.14850063621997833,
                    -0.5986251831054688
                ],
                [
                    -0.23082169890403748,
                    -0.7448933720588684,
                    0.6259833574295044,
                    2.5234196186065674
                ],
                [
                    7.450580596923828e-09,
                    0.643356442451477,
                    0.7655667066574097,
                    3.0860981941223145
                ],
                [
                    0.0,
                    0.0,
                    0.0,
                    1.0
                ]
            ]
        },
        {
            "file_path": "/data/shapenet_blender/all_50_random/02958343/e5d6df012b219fa6a7c4dca3ad2d19bf/r_2",
            "rotation": 0.12566370614359174,
            "transform_matrix": [
                [
                    -0.9219839572906494,
                    -0.3773118555545807,
                    0.08707063645124435,
                    0.35099297761917114
                ],
                [
                    0.3872280418872833,
                    -0.8983736634254456,
                    0.20731382071971893,
                    0.8357087969779968
                ],
                [
                    0.0,
                    0.22485634684562683,
                    0.9743918776512146,
                    3.9278995990753174
                ],
                [
                    0.0,
                    0.0,
                    0.0,
                    1.0
                ]
            ]
        },
        {
            "file_path": "/data/shapenet_blender/all_50_random/02958343/e5d6df012b219fa6a7c4dca3ad2d19bf/r_3",
            "rotation": 0.12566370614359174,
            "transform_matrix": [
                [
                    0.9251413941383362,
                    -0.0268019437789917,
                    0.3786753714084625,
                    1.5264892578125
                ],
                [
                    0.3796226978302002,
                    0.06531640142202377,
                    -0.9228327870368958,
                    -3.720057964324951
                ],
                [
                    0.0,
                    0.9975045919418335,
                    0.07060153037309647,
                    0.28460386395454407
                ],
                [
                    0.0,
                    0.0,
                    0.0,
                    1.0
                ]
            ]
        },
        {
            "file_path": "/data/shapenet_blender/all_50_random/02958343/e5d6df012b219fa6a7c4dca3ad2d19bf/r_4",
            "rotation": 0.12566370614359174,
            "transform_matrix": [
                [
                    0.9982654452323914,
                    -0.05742620676755905,
                    -0.012979927472770214,
                    -0.05232376605272293
                ],
                [
                    -0.05887485295534134,
                    -0.973702609539032,
                    -0.22008399665355682,
                    -0.8871870040893555
                ],
                [
                    0.0,
                    0.22046639025211334,
                    -0.9753944873809814,
                    -3.931941270828247
                ],
                [
                    0.0,
                    0.0,
                    0.0,
                    1.0
                ]
            ]
        },
        {
            "file_path": "/data/shapenet_blender/all_50_random/02958343/e5d6df012b219fa6a7c4dca3ad2d19bf/r_5",
            "rotation": 0.12566370614359174,
            "transform_matrix": [
                [
                    0.9857492446899414,
                    -0.004988154862076044,
                    -0.16814734041690826,
                    -0.677823543548584
                ],
                [
                    -0.16822130978107452,
                    -0.029229771345853806,
                    -0.9853158593177795,
                    -3.9719347953796387
                ],
                [
                    0.0,
                    0.9995603561401367,
                    -0.029652338474988937,
                    -0.11953238397836685
                ],
                [
                    0.0,
                    0.0,
                    0.0,
                    1.0
                ]
            ]
        },
        {
            "file_path": "/data/shapenet_blender/all_50_random/02958343/e5d6df012b219fa6a7c4dca3ad2d19bf/r_6",
            "rotation": 0.12566370614359174,
            "transform_matrix": [
                [
                    0.14233846962451935,
                    0.25473907589912415,
                    0.956476628780365,
                    3.8556809425354004
                ],
                [
                    0.9898180365562439,
                    -0.03663215786218643,
                    -0.13754388689994812,
                    -0.5544571876525879
                ],
                [
                    -3.725290298461914e-09,
                    0.966315746307373,
                    -0.25735944509506226,
                    -1.0374492406845093
                ],
                [
                    0.0,
                    0.0,
                    0.0,
                    1.0
                ]
            ]
        },
        {
            "file_path": "/data/shapenet_blender/all_50_random/02958343/e5d6df012b219fa6a7c4dca3ad2d19bf/r_7",
            "rotation": 0.12566370614359174,
            "transform_matrix": [
                [
                    0.7946842312812805,
                    -0.3533737361431122,
                    0.4935624599456787,
                    1.9896138906478882
                ],
                [
                    0.6070229411125183,
                    0.46261927485466003,
                    -0.6461473703384399,
                    -2.604703426361084
                ],
                [
                    1.4901160305669237e-08,
                    0.8130868673324585,
                    0.5821422934532166,
                    2.3466906547546387
                ],
                [
                    0.0,
                    0.0,
                    0.0,
                    1.0
                ]
            ]
        },
        {
            "file_path": "/data/shapenet_blender/all_50_random/02958343/e5d6df012b219fa6a7c4dca3ad2d19bf/r_8",
            "rotation": 0.12566370614359174,
            "transform_matrix": [
                [
                    0.45792946219444275,
                    0.29033035039901733,
                    -0.8402432799339294,
                    -3.387129306793213
                ],
                [
                    -0.8889884948730469,
                    0.14955291152000427,
                    -0.4328201711177826,
                    -1.7447540760040283
                ],
                [
                    0.0,
                    0.9451678991317749,
                    0.32658496499061584,
                    1.316506266593933
                ],
                [
                    0.0,
                    0.0,
                    0.0,
                    1.0
                ]
            ]
        },
        {
            "file_path": "/data/shapenet_blender/all_50_random/02958343/e5d6df012b219fa6a7c4dca3ad2d19bf/r_9",
            "rotation": 0.12566370614359174,
            "transform_matrix": [
                [
                    -0.9896566271781921,
                    0.06883656978607178,
                    0.12586219608783722,
                    0.5073667764663696
                ],
                [
                    0.14345651865005493,
                    0.47487959265708923,
                    0.8682796359062195,
                    3.5001473426818848
                ],
                [
                    0.0,
                    0.8773545026779175,
                    -0.47984278202056885,
                    -1.9343082904815674
                ],
                [
                    0.0,
                    0.0,
                    0.0,
                    1.0
                ]
            ]
        },
        {
            "file_path": "/data/shapenet_blender/all_50_random/02958343/e5d6df012b219fa6a7c4dca3ad2d19bf/r_10",
            "rotation": 0.12566370614359174,
            "transform_matrix": [
                [
                    0.5473191738128662,
                    0.26466143131256104,
                    -0.793974757194519,
                    -3.2006149291992188
                ],
                [
                    -0.8369238972663879,
                    0.17307937145233154,
                    -0.519231915473938,
                    -2.0930910110473633
                ],
                [
                    -2.9802318834981634e-08,
                    0.9486821293830872,
                    0.3162311315536499,
                    1.274768590927124
                ],
                [
                    0.0,
                    0.0,
                    0.0,
                    1.0
                ]
            ]
        },
        {
            "file_path": "/data/shapenet_blender/all_50_random/02958343/e5d6df012b219fa6a7c4dca3ad2d19bf/r_11",
            "rotation": 0.12566370614359174,
            "transform_matrix": [
                [
                    -0.9357315897941589,
                    0.04022233933210373,
                    -0.350411981344223,
                    -1.4125559329986572
                ],
                [
                    -0.3527129292488098,
                    -0.10670807212591171,
                    0.9296272993087769,
                    3.7474474906921387
                ],
                [
                    0.0,
                    0.9934764504432678,
                    0.11403704434633255,
                    0.45969802141189575
                ],
                [
                    0.0,
                    0.0,
                    0.0,
                    1.0
                ]
            ]
        },
        {
            "file_path": "/data/shapenet_blender/all_50_random/02958343/e5d6df012b219fa6a7c4dca3ad2d19bf/r_12",
            "rotation": 0.12566370614359174,
            "transform_matrix": [
                [
                    -0.4981200695037842,
                    0.036414049565792084,
                    0.8663431406021118,
                    3.4923408031463623
                ],
                [
                    0.8671081066131592,
                    0.0209184642881155,
                    0.4976806342601776,
                    2.0062148571014404
                ],
                [
                    -1.862645149230957e-09,
                    0.9991177916526794,
                    -0.04199482500553131,
                    -0.1692865490913391
                ],
                [
                    0.0,
                    0.0,
                    0.0,
                    1.0
                ]
            ]
        },
        {
            "file_path": "/data/shapenet_blender/all_50_random/02958343/e5d6df012b219fa6a7c4dca3ad2d19bf/r_13",
            "rotation": 0.12566370614359174,
            "transform_matrix": [
                [
                    -0.9051244854927063,
                    -0.23544394969940186,
                    0.3539997637271881,
                    1.4270187616348267
                ],
                [
                    0.4251466989517212,
                    -0.501253068447113,
                    0.7536547780036926,
                    3.0380797386169434
                ],
                [
                    1.4901161193847656e-08,
                    0.8326531052589417,
                    0.5537945628166199,
                    2.232417583465576
                ],
                [
                    0.0,
                    0.0,
                    0.0,
                    1.0
                ]
            ]
        },
        {
            "file_path": "/data/shapenet_blender/all_50_random/02958343/e5d6df012b219fa6a7c4dca3ad2d19bf/r_14",
            "rotation": 0.12566370614359174,
            "transform_matrix": [
                [
                    0.571612536907196,
                    0.7862918972969055,
                    -0.23452964425086975,
                    -0.9454192519187927
                ],
                [
                    -0.8205236792564392,
                    0.5477651953697205,
                    -0.16338355839252472,
                    -0.6586201786994934
                ],
                [
                    0.0,
                    0.2858292758464813,
                    0.9582805633544922,
                    3.862952470779419
                ],
                [
                    0.0,
                    0.0,
                    0.0,
                    1.0
                ]
            ]
        },
        {
            "file_path": "/data/shapenet_blender/all_50_random/02958343/e5d6df012b219fa6a7c4dca3ad2d19bf/r_15",
            "rotation": 0.12566370614359174,
            "transform_matrix": [
                [
                    0.9983794093132019,
                    0.02656879834830761,
                    0.0503251813352108,
                    0.2028672695159912
                ],
                [
                    0.05690803378820419,
                    -0.46611592173576355,
                    -0.8828915953636169,
                    -3.559049367904663
                ],
                [
                    0.0,
                    0.8843246102333069,
                    -0.46687254309654236,
                    -1.8820232152938843
                ],
                [
                    0.0,
                    0.0,
                    0.0,
                    1.0
                ]
            ]
        },
        {
            "file_path": "/data/shapenet_blender/all_50_random/02958343/e5d6df012b219fa6a7c4dca3ad2d19bf/r_16",
            "rotation": 0.12566370614359174,
            "transform_matrix": [
                [
                    0.528890073299408,
                    -0.5766036510467529,
                    -0.6227387189865112,
                    -2.5103399753570557
                ],
                [
                    -0.848690390586853,
                    -0.35933002829551697,
                    -0.3880806565284729,
                    -1.5644030570983887
                ],
                [
                    1.4901159417490817e-08,
                    0.7337644100189209,
                    -0.679404079914093,
                    -2.738765239715576
                ],
                [
                    0.0,
                    0.0,
                    0.0,
                    1.0
                ]
            ]
        },
        {
            "file_path": "/data/shapenet_blender/all_50_random/02958343/e5d6df012b219fa6a7c4dca3ad2d19bf/r_17",
            "rotation": 0.12566370614359174,
            "transform_matrix": [
                [
                    -0.1554354727268219,
                    0.8419228196144104,
                    0.5167258977890015,
                    2.082988739013672
                ],
                [
                    0.9878461360931396,
                    0.13247475028038025,
                    0.08130571246147156,
                    0.32775381207466125
                ],
                [
                    0.0,
                    0.5230834484100342,
                    -0.8522814512252808,
                    -3.4356563091278076
                ],
                [
                    0.0,
                    0.0,
                    0.0,
                    1.0
                ]
            ]
        },
        {
            "file_path": "/data/shapenet_blender/all_50_random/02958343/e5d6df012b219fa6a7c4dca3ad2d19bf/r_18",
            "rotation": 0.12566370614359174,
            "transform_matrix": [
                [
                    0.05766845494508743,
                    -0.43028581142425537,
                    0.9008487462997437,
                    3.6314375400543213
                ],
                [
                    0.9983358979225159,
                    0.024855278432369232,
                    -0.05203714594244957,
                    -0.20976844429969788
                ],
                [
                    0.0,
                    0.9023504853248596,
                    0.43100303411483765,
                    1.7374287843704224
                ],
                [
                    0.0,
                    0.0,
                    0.0,
                    1.0
                ]
            ]
        },
        {
            "file_path": "/data/shapenet_blender/all_50_random/02958343/e5d6df012b219fa6a7c4dca3ad2d19bf/r_19",
            "rotation": 0.12566370614359174,
            "transform_matrix": [
                [
                    -0.6050962805747986,
                    -0.09055586159229279,
                    0.7909854650497437,
                    3.1885645389556885
                ],
                [
                    0.7961522340774536,
                    -0.06882479041814804,
                    0.6011694073677063,
                    2.423391580581665
                ],
                [
                    -3.725290076417309e-09,
                    0.9935103058815002,
                    0.11374188214540482,
                    0.4585082232952118
                ],
                [
                    0.0,
                    0.0,
                    0.0,
                    1.0
                ]
            ]
        },
        {
            "file_path": "/data/shapenet_blender/all_50_random/02958343/e5d6df012b219fa6a7c4dca3ad2d19bf/r_20",
            "rotation": 0.12566370614359174,
            "transform_matrix": [
                [
                    -0.9966824054718018,
                    -0.004980890080332756,
                    -0.08123702555894852,
                    -0.32747694849967957
                ],
                [
                    -0.08138958364725113,
                    0.06099509447813034,
                    0.9948141574859619,
                    4.010224342346191
                ],
                [
                    0.0,
                    0.9981256127357483,
                    -0.061198122799396515,
                    -0.2466975450515747
                ],
                [
                    0.0,
                    0.0,
                    0.0,
                    1.0
                ]
            ]
        },
        {
            "file_path": "/data/shapenet_blender/all_50_random/02958343/e5d6df012b219fa6a7c4dca3ad2d19bf/r_21",
            "rotation": 0.12566370614359174,
            "transform_matrix": [
                [
                    0.9969345331192017,
                    -0.01032243948429823,
                    0.07755685597658157,
                    0.3126416802406311
                ],
                [
                    0.078240767121315,
                    0.13152727484703064,
                    -0.9882200956344604,
                    -3.983642578125
                ],
                [
                    0.0,
                    0.9912588000297546,
                    0.13193172216415405,
                    0.5318337678909302
                ],
                [
                    0.0,
                    0.0,
                    0.0,
                    1.0
                ]
            ]
        },
        {
            "file_path": "/data/shapenet_blender/all_50_random/02958343/e5d6df012b219fa6a7c4dca3ad2d19bf/r_22",
            "rotation": 0.12566370614359174,
            "transform_matrix": [
                [
                    -0.9448868036270142,
                    0.02240079827606678,
                    0.3266299366950989,
                    1.3166873455047607
                ],
                [
                    0.3273971676826477,
                    0.06464996933937073,
                    0.9426724910736084,
                    3.800034284591675
                ],
                [
                    0.0,
                    0.9976565837860107,
                    -0.06842085719108582,
                    -0.2758133113384247
                ],
                [
                    0.0,
                    0.0,
                    0.0,
                    1.0
                ]
            ]
        },
        {
            "file_path": "/data/shapenet_blender/all_50_random/02958343/e5d6df012b219fa6a7c4dca3ad2d19bf/r_23",
            "rotation": 0.12566370614359174,
            "transform_matrix": [
                [
                    0.23187777400016785,
                    -0.4995846748352051,
                    -0.8346543312072754,
                    -3.3645992279052734
                ],
                [
                    -0.9727449417114258,
                    -0.11908834427595139,
                    -0.19896048307418823,
                    -0.8020353317260742
                ],
                [
                    7.4505797087454084e-09,
                    0.8580402135848999,
                    -0.5135824084281921,
                    -2.070316791534424
                ],
                [
                    0.0,
                    0.0,
                    0.0,
                    1.0
                ]
            ]
        },
        {
            "file_path": "/data/shapenet_blender/all_50_random/02958343/e5d6df012b219fa6a7c4dca3ad2d19bf/r_24",
            "rotation": 0.12566370614359174,
            "transform_matrix": [
                [
                    -0.5463413000106812,
                    -0.3587574064731598,
                    0.756838321685791,
                    3.050912857055664
                ],
                [
                    0.8375625014305115,
                    -0.23401716351509094,
                    0.4936850070953369,
                    1.9901078939437866
                ],
                [
                    1.4901158529312397e-08,
                    0.9036200046539307,
                    0.428335040807724,
                    1.7266737222671509
                ],
                [
                    0.0,
                    0.0,
                    0.0,
                    1.0
                ]
            ]
        },
        {
            "file_path": "/data/shapenet_blender/all_50_random/02958343/e5d6df012b219fa6a7c4dca3ad2d19bf/r_25",
            "rotation": 0.12566370614359174,
            "transform_matrix": [
                [
                    -0.6044800877571106,
                    0.3703927993774414,
                    -0.7052751183509827,
                    -2.843055009841919
                ],
                [
                    -0.79662024974823,
                    -0.2810561954975128,
                    0.53516685962677,
                    2.1573266983032227
                ],
                [
                    1.4901161193847656e-08,
                    0.8853341937065125,
                    0.46495524048805237,
                    1.8742945194244385
                ],
                [
                    0.0,
                    0.0,
                    0.0,
                    1.0
                ]
            ]
        },
        {
            "file_path": "/data/shapenet_blender/all_50_random/02958343/e5d6df012b219fa6a7c4dca3ad2d19bf/r_26",
            "rotation": 0.12566370614359174,
            "transform_matrix": [
                [
                    0.2224634885787964,
                    0.516322135925293,
                    -0.826995313167572,
                    -3.3337249755859375
                ],
                [
                    -0.9749411344528198,
                    0.11781515181064606,
                    -0.18870499730110168,
                    -0.7606942057609558
                ],
                [
                    7.450581485102248e-09,
                    0.8482516407966614,
                    0.5295932292938232,
                    2.1348588466644287
                ],
                [
                    0.0,
                    0.0,
                    0.0,
                    1.0
                ]
            ]
        },
        {
            "file_path": "/data/shapenet_blender/all_50_random/02958343/e5d6df012b219fa6a7c4dca3ad2d19bf/r_27",
            "rotation": 0.12566370614359174,
            "transform_matrix": [
                [
                    -0.5249829292297363,
                    0.713090181350708,
                    -0.4646451473236084,
                    -1.873044490814209
                ],
                [
                    -0.8511126637458801,
                    -0.43984803557395935,
                    0.2866022288799286,
                    1.1553305387496948
                ],
                [
                    -1.4901160305669237e-08,
                    0.5459266901016235,
                    0.8378329277038574,
                    3.3774125576019287
                ],
                [
                    0.0,
                    0.0,
                    0.0,
                    1.0
                ]
            ]
        },
        {
            "file_path": "/data/shapenet_blender/all_50_random/02958343/e5d6df012b219fa6a7c4dca3ad2d19bf/r_28",
            "rotation": 0.12566370614359174,
            "transform_matrix": [
                [
                    0.22458577156066895,
                    -0.6905404925346375,
                    -0.687542736530304,
                    -2.771573305130005
                ],
                [
                    -0.974454402923584,
                    -0.15915118157863617,
                    -0.15846025943756104,
                    -0.6387737393379211
                ],
                [
                    -1.4901162970204496e-08,
                    0.7055668830871582,
                    -0.7086433172225952,
                    -2.8566324710845947
                ],
                [
                    0.0,
                    0.0,
                    0.0,
                    1.0
                ]
            ]
        },
        {
            "file_path": "/data/shapenet_blender/all_50_random/02958343/e5d6df012b219fa6a7c4dca3ad2d19bf/r_29",
            "rotation": 0.12566370614359174,
            "transform_matrix": [
                [
                    0.9667832255363464,
                    0.18614567816257477,
                    -0.1751571148633957,
                    -0.7060809135437012
                ],
                [
                    -0.2555978000164032,
                    0.7040847539901733,
                    -0.6625211238861084,
                    -2.670708179473877
                ],
                [
                    7.450581485102248e-09,
                    0.6852840781211853,
                    0.7282757759094238,
                    2.9357736110687256
                ],
                [
                    0.0,
                    0.0,
                    0.0,
                    1.0
                ]
            ]
        },
        {
            "file_path": "/data/shapenet_blender/all_50_random/02958343/e5d6df012b219fa6a7c4dca3ad2d19bf/r_30",
            "rotation": 0.12566370614359174,
            "transform_matrix": [
                [
                    0.8210216164588928,
                    -0.16659072041511536,
                    0.5460502505302429,
                    2.2011992931365967
                ],
                [
                    0.5708970427513123,
                    0.23957838118076324,
                    -0.7852888703346252,
                    -3.1656010150909424
                ],
                [
                    0.0,
                    0.9564778208732605,
                    0.2918051481246948,
                    1.1763043403625488
                ],
                [
                    0.0,
                    0.0,
                    0.0,
                    1.0
                ]
            ]
        },
        {
            "file_path": "/data/shapenet_blender/all_50_random/02958343/e5d6df012b219fa6a7c4dca3ad2d19bf/r_31",
            "rotation": 0.12566370614359174,
            "transform_matrix": [
                [
                    0.9998330473899841,
                    0.0023384890519082546,
                    -0.018119333311915398,
                    -0.07304137945175171
                ],
                [
                    -0.0182696133852005,
                    0.1279774308204651,
                    -0.9916086196899414,
                    -3.997302770614624
                ],
                [
                    0.0,
                    0.991774320602417,
                    0.12799878418445587,
                    0.5159796476364136
                ],
                [
                    0.0,
                    0.0,
                    0.0,
                    1.0
                ]
            ]
        },
        {
            "file_path": "/data/shapenet_blender/all_50_random/02958343/e5d6df012b219fa6a7c4dca3ad2d19bf/r_32",
            "rotation": 0.12566370614359174,
            "transform_matrix": [
                [
                    -0.9973785281181335,
                    -0.029746167361736298,
                    -0.06596396118402481,
                    -0.26590925455093384
                ],
                [
                    -0.07236076146364212,
                    0.41000381112098694,
                    0.9092088341712952,
                    3.6651382446289062
                ],
                [
                    0.0,
                    0.9115985035896301,
                    -0.411081463098526,
                    -1.6571224927902222
                ],
                [
                    0.0,
                    0.0,
                    0.0,
                    1.0
                ]
            ]
        },
        {
            "file_path": "/data/shapenet_blender/all_50_random/02958343/e5d6df012b219fa6a7c4dca3ad2d19bf/r_33",
            "rotation": 0.12566370614359174,
            "transform_matrix": [
                [
                    0.6456828713417053,
                    0.31152424216270447,
                    -0.6971701979637146,
                    -2.810382843017578
                ],
                [
                    -0.7636057734489441,
                    0.2634158432483673,
                    -0.5895068645477295,
                    -2.376378297805786
                ],
                [
                    0.0,
                    0.9129975438117981,
                    0.407964825630188,
                    1.6445587873458862
                ],
                [
                    0.0,
                    0.0,
                    0.0,
                    1.0
                ]
            ]
        },
        {
            "file_path": "/data/shapenet_blender/all_50_random/02958343/e5d6df012b219fa6a7c4dca3ad2d19bf/r_34",
            "rotation": 0.12566370614359174,
            "transform_matrix": [
                [
                    -0.8823579549789429,
                    0.2743435502052307,
                    -0.3823348581790924,
                    -1.54124116897583
                ],
                [
                    -0.47057870030403137,
                    -0.5144075155258179,
                    0.7168964743614197,
                    2.889902114868164
                ],
                [
                    0.0,
                    0.8124780654907227,
                    0.5829917788505554,
                    2.3501150608062744
                ],
                [
                    0.0,
                    0.0,
                    0.0,
                    1.0
                ]
            ]
        },
        {
            "file_path": "/data/shapenet_blender/all_50_random/02958343/e5d6df012b219fa6a7c4dca3ad2d19bf/r_35",
            "rotation": 0.12566370614359174,
            "transform_matrix": [
                [
                    -0.8691645860671997,
                    -0.18756477534770966,
                    -0.45757225155830383,
                    -1.8445327281951904
                ],
                [
                    -0.49452289938926697,
                    0.32966047525405884,
                    0.8042207956314087,
                    3.241917610168457
                ],
                [
                    0.0,
                    0.9252802133560181,
                    -0.3792842924594879,
                    -1.5289438962936401
                ],
                [
                    0.0,
                    0.0,
                    0.0,
                    1.0
                ]
            ]
        },
        {
            "file_path": "/data/shapenet_blender/all_50_random/02958343/e5d6df012b219fa6a7c4dca3ad2d19bf/r_36",
            "rotation": 0.12566370614359174,
            "transform_matrix": [
                [
                    -0.9094491004943848,
                    0.1143135353922844,
                    -0.3997932970523834,
                    -1.6116182804107666
                ],
                [
                    -0.41581517457962036,
                    -0.2500205636024475,
                    0.8744069337844849,
                    3.5248470306396484
                ],
                [
                    7.450580152834618e-09,
                    0.9614687561988831,
                    0.27491429448127747,
                    1.1082149744033813
                ],
                [
                    0.0,
                    0.0,
                    0.0,
                    1.0
                ]
            ]
        },
        {
            "file_path": "/data/shapenet_blender/all_50_random/02958343/e5d6df012b219fa6a7c4dca3ad2d19bf/r_37",
            "rotation": 0.12566370614359174,
            "transform_matrix": [
                [
                    0.5621167421340942,
                    -0.017460165545344353,
                    -0.8268736600875854,
                    -3.3332338333129883
                ],
                [
                    -0.8270578384399414,
                    -0.011866946704685688,
                    -0.5619915127754211,
                    -2.2654600143432617
                ],
                [
                    -9.313224635931761e-10,
                    0.99977707862854,
                    -0.021111182868480682,
                    -0.0851018875837326
                ],
                [
                    0.0,
                    0.0,
                    0.0,
                    1.0
                ]
            ]
        },
        {
            "file_path": "/data/shapenet_blender/all_50_random/02958343/e5d6df012b219fa6a7c4dca3ad2d19bf/r_38",
            "rotation": 0.12566370614359174,
            "transform_matrix": [
                [
                    -0.3483751118183136,
                    -0.4309813678264618,
                    0.8323999643325806,
                    3.3555119037628174
                ],
                [
                    0.9373552203178406,
                    -0.16017746925354004,
                    0.30936768651008606,
                    1.2471011877059937
                ],
                [
                    1.4901161193847656e-08,
                    0.8880305886268616,
                    0.4597843885421753,
                    1.8534502983093262
                ],
                [
                    0.0,
                    0.0,
                    0.0,
                    1.0
                ]
            ]
        },
        {
            "file_path": "/data/shapenet_blender/all_50_random/02958343/e5d6df012b219fa6a7c4dca3ad2d19bf/r_39",
            "rotation": 0.12566370614359174,
            "transform_matrix": [
                [
                    0.5607292652130127,
                    -0.7810811400413513,
                    0.27476343512535095,
                    1.1076070070266724
                ],
                [
                    0.8279992938041687,
                    0.5289558172225952,
                    -0.18607251346111298,
                    -0.7500823736190796
                ],
                [
                    1.4901161193847656e-08,
                    0.33184030652046204,
                    0.9433355331420898,
                    3.8027074337005615
                ],
                [
                    0.0,
                    0.0,
                    0.0,
                    1.0
                ]
            ]
        },
        {
            "file_path": "/data/shapenet_blender/all_50_random/02958343/e5d6df012b219fa6a7c4dca3ad2d19bf/r_40",
            "rotation": 0.12566370614359174,
            "transform_matrix": [
                [
                    0.21132858097553253,
                    0.45390039682388306,
                    -0.8656295537948608,
                    -3.489464521408081
                ],
                [
                    -0.9774150848388672,
                    0.09813857823610306,
                    -0.1871592402458191,
                    -0.7544630765914917
                ],
                [
                    0.0,
                    0.8856315016746521,
                    0.46438854932785034,
                    1.8720102310180664
                ],
                [
                    0.0,
                    0.0,
                    0.0,
                    1.0
                ]
            ]
        },
        {
            "file_path": "/data/shapenet_blender/all_50_random/02958343/e5d6df012b219fa6a7c4dca3ad2d19bf/r_41",
            "rotation": 0.12566370614359174,
            "transform_matrix": [
                [
                    0.3113960921764374,
                    0.4005711078643799,
                    -0.8617280125617981,
                    -3.4737370014190674
                ],
                [
                    -0.9502803087234497,
                    0.1312626153230667,
                    -0.28237849473953247,
                    -1.1383042335510254
                ],
                [
                    0.0,
