{
    "class": "02958343",
    "model": "6c339c89246fe6a651db49e653372c20",
    "remove_doubles": true,
    "edge_split": true,
    "denoise": true,
    "camera_angle_x": 0.6911112070083618,
    "scale_factor": 2.347310449461421,
    "hdri_file": "/data/IndoorHDRDataset2018/AG8A1663-fa155284f3.exr",
    "center_offset": [
        0.0,
        0.0,
        -3.725290298461914e-09
    ],
    "lights": [],
    "frames": [
        {
            "file_path": "/data/shapenet_blender/all_50_random/02958343/6c339c89246fe6a651db49e653372c20/r_0",
            "rotation": 0.12566370614359174,
            "transform_matrix": [
                [
                    -0.9657968878746033,
                    -0.08373624086380005,
                    0.24540738761425018,
                    0.9892688989639282
                ],
                [
                    0.2593001425266266,
                    -0.3118864595890045,
                    0.9140515327453613,
                    3.684659719467163
                ],
                [
                    7.450581485102248e-09,
                    0.9464222192764282,
                    0.322931706905365,
                    1.3017795085906982
                ],
                [
                    0.0,
                    0.0,
                    0.0,
                    1.0
                ]
            ]
        },
        {
            "file_path": "/data/shapenet_blender/all_50_random/02958343/6c339c89246fe6a651db49e653372c20/r_1",
            "rotation": 0.12566370614359174,
            "transform_matrix": [
                [
                    -0.9535863399505615,
                    -0.154760479927063,
                    0.25830644369125366,
                    1.0412665605545044
                ],
                [
                    0.3011195957660675,
                    -0.4900958836078644,
                    0.8180055022239685,
                    3.297485589981079
                ],
                [
                    0.0,
                    0.8578200936317444,
                    0.5139501690864563,
                    2.0717995166778564
                ],
                [
                    0.0,
                    0.0,
                    0.0,
                    1.0
                ]
            ]
        },
        {
            "file_path": "/data/shapenet_blender/all_50_random/02958343/6c339c89246fe6a651db49e653372c20/r_2",
            "rotation": 0.12566370614359174,
            "transform_matrix": [
                [
                    -0.999531626701355,
                    -0.005295115988701582,
                    0.030142366886138916,
                    0.12150776386260986
                ],
                [
                    0.030603928491473198,
                    -0.1729397475719452,
                    0.9844568371772766,
                    3.968472480773926
                ],
                [
                    0.0,
                    0.9849181175231934,
                    0.17302079498767853,
                    0.6974691152572632
                ],
                [
                    0.0,
                    0.0,
                    0.0,
                    1.0
                ]
            ]
        },
        {
            "file_path": "/data/shapenet_blender/all_50_random/02958343/6c339c89246fe6a651db49e653372c20/r_3",
            "rotation": 0.12566370614359174,
            "transform_matrix": [
                [
                    0.5091485381126404,
                    -0.043642353266477585,
                    -0.8595713376998901,
                    -3.465043067932129
                ],
                [
                    -0.8606786131858826,
                    -0.025817353278398514,
                    -0.5084935426712036,
                    -2.0498032569885254
                ],
                [
                    0.0,
                    0.9987135529518127,
                    -0.050706908106803894,
                    -0.20440609753131866
                ],
                [
                    0.0,
                    0.0,
                    0.0,
                    1.0
                ]
            ]
        },
        {
            "file_path": "/data/shapenet_blender/all_50_random/02958343/6c339c89246fe6a651db49e653372c20/r_4",
            "rotation": 0.12566370614359174,
            "transform_matrix": [
                [
                    -0.9562735557556152,
                    -0.193999782204628,
                    -0.21887215971946716,
                    -0.882301926612854
                ],
                [
                    -0.29247385263442993,
                    0.6343024373054504,
                    0.7156252264976501,
                    2.884777545928955
                ],
                [
                    0.0,
                    0.7483478784561157,
                    -0.663306474685669,
                    -2.6738739013671875
                ],
                [
                    0.0,
                    0.0,
                    0.0,
                    1.0
                ]
            ]
        },
        {
            "file_path": "/data/shapenet_blender/all_50_random/02958343/6c339c89246fe6a651db49e653372c20/r_5",
            "rotation": 0.12566370614359174,
            "transform_matrix": [
                [
                    -0.9257793426513672,
                    -0.1903444230556488,
                    0.3266522288322449,
                    1.316777229309082
                ],
                [
                    0.37806445360183716,
                    -0.4661029279232025,
                    0.799884557723999,
                    3.224437713623047
                ],
                [
                    -1.4901162970204496e-08,
                    0.8640120625495911,
                    0.5034709572792053,
                    2.0295562744140625
                ],
                [
                    0.0,
                    0.0,
                    0.0,
                    1.0
                ]
            ]
        },
        {
            "file_path": "/data/shapenet_blender/all_50_random/02958343/6c339c89246fe6a651db49e653372c20/r_6",
            "rotation": 0.12566370614359174,
            "transform_matrix": [
                [
                    0.9982123970985413,
                    -0.02546229399740696,
                    0.05406970903277397,
                    0.21796196699142456
                ],
                [
                    0.0597650520503521,
                    0.42527827620506287,
                    -0.9030871987342834,
                    -3.640460968017578
                ],
                [
                    -1.8626450382086546e-09,
                    0.9047043323516846,
                    0.42603981494903564,
                    1.7174214124679565
                ],
                [
                    0.0,
                    0.0,
                    0.0,
                    1.0
                ]
            ]
        },
        {
            "file_path": "/data/shapenet_blender/all_50_random/02958343/6c339c89246fe6a651db49e653372c20/r_7",
            "rotation": 0.12566370614359174,
            "transform_matrix": [
                [
                    -0.9948780536651611,
                    -0.08826181292533875,
                    -0.04926997050642967,
                    -0.19861361384391785
                ],
                [
                    -0.10108254104852676,
                    0.8686934113502502,
                    0.48492661118507385,
                    1.9548017978668213
                ],
                [
                    -3.725290742551124e-09,
                    0.4874230921268463,
                    -0.8731657862663269,
                    -3.5198440551757812
                ],
                [
                    0.0,
                    0.0,
                    0.0,
                    1.0
                ]
            ]
        },
        {
            "file_path": "/data/shapenet_blender/all_50_random/02958343/6c339c89246fe6a651db49e653372c20/r_8",
            "rotation": 0.12566370614359174,
            "transform_matrix": [
                [
                    0.24739913642406464,
                    0.766773521900177,
                    0.5923275947570801,
                    2.387748956680298
                ],
                [
                    0.9689136743545532,
                    -0.19578535854816437,
                    -0.1512429267168045,
                    -0.6096797585487366
                ],
                [
                    -7.450580596923828e-09,
                    0.611331582069397,
                    -0.7913745045661926,
                    -3.1901326179504395
                ],
                [
                    0.0,
                    0.0,
                    0.0,
                    1.0
                ]
            ]
        },
        {
            "file_path": "/data/shapenet_blender/all_50_random/02958343/6c339c89246fe6a651db49e653372c20/r_9",
            "rotation": 0.12566370614359174,
            "transform_matrix": [
                [
                    0.9937981367111206,
                    -0.10706266015768051,
                    -0.030049411579966545,
                    -0.12113305926322937
                ],
                [
                    -0.1111997440457344,
                    -0.956824779510498,
                    -0.2685531973838806,
                    -1.0825726985931396
                ],
                [
                    0.0,
                    0.2702291011810303,
                    -0.9627959132194519,
                    -3.881154775619507
                ],
                [
                    0.0,
                    0.0,
                    0.0,
                    1.0
                ]
            ]
        },
        {
            "file_path": "/data/shapenet_blender/all_50_random/02958343/6c339c89246fe6a651db49e653372c20/r_10",
            "rotation": 0.12566370614359174,
            "transform_matrix": [
                [
                    0.33228233456611633,
                    -0.1630239635705948,
                    -0.9289841651916504,
                    -3.7448551654815674
                ],
                [
                    -0.9431799650192261,
                    -0.057433344423770905,
                    -0.32728111743927,
                    -1.3193124532699585
                ],
                [
                    0.0,
                    0.984948992729187,
                    -0.1728450357913971,
                    -0.6967607140541077
                ],
                [
                    0.0,
                    0.0,
                    0.0,
                    1.0
                ]
            ]
        },
        {
            "file_path": "/data/shapenet_blender/all_50_random/02958343/6c339c89246fe6a651db49e653372c20/r_11",
            "rotation": 0.12566370614359174,
            "transform_matrix": [
                [
                    0.0929737463593483,
                    0.3545202314853668,
                    0.9304144978523254,
                    3.7506208419799805
                ],
                [
                    0.9956685900688171,
                    -0.033104464411735535,
                    -0.08688043802976608,
                    -0.3502262532711029
                ],
                [
                    1.862645371275562e-09,
                    0.9344620704650879,
                    -0.35606253147125244,
                    -1.4353339672088623
                ],
                [
                    0.0,
                    0.0,
                    0.0,
                    1.0
                ]
            ]
        },
        {
            "file_path": "/data/shapenet_blender/all_50_random/02958343/6c339c89246fe6a651db49e653372c20/r_12",
            "rotation": 0.12566370614359174,
            "transform_matrix": [
                [
                    0.97657310962677,
                    0.08033861219882965,
                    0.1996263712644577,
                    0.8047196865081787
                ],
                [
                    0.2151859551668167,
                    -0.36459875106811523,
                    -0.9059594869613647,
                    -3.6520397663116455
                ],
                [
                    0.0,
                    0.9276925325393677,
                    -0.3733450770378113,
                    -1.5050022602081299
                ],
                [
                    0.0,
                    0.0,
                    0.0,
                    1.0
                ]
            ]
        },
        {
            "file_path": "/data/shapenet_blender/all_50_random/02958343/6c339c89246fe6a651db49e653372c20/r_13",
            "rotation": 0.12566370614359174,
            "transform_matrix": [
                [
                    -0.9384573101997375,
                    0.302008718252182,
                    -0.1675969660282135,
                    -0.6756049990653992
                ],
                [
                    -0.34539544582366943,
                    -0.8205733299255371,
                    0.45536959171295166,
                    1.83565354347229
                ],
                [
                    0.0,
                    0.48523199558258057,
                    0.874385416507721,
                    3.5247602462768555
                ],
                [
                    0.0,
                    0.0,
                    0.0,
                    1.0
                ]
            ]
        },
        {
            "file_path": "/data/shapenet_blender/all_50_random/02958343/6c339c89246fe6a651db49e653372c20/r_14",
            "rotation": 0.12566370614359174,
            "transform_matrix": [
                [
                    0.3758416771888733,
                    0.6654433608055115,
                    -0.6449248790740967,
                    -2.5997753143310547
                ],
                [
                    -0.9266839623451233,
                    0.2698884904384613,
                    -0.2615666687488556,
                    -1.0544089078903198
                ],
                [
                    0.0,
                    0.695949137210846,
                    0.7180910110473633,
                    2.8947174549102783
                ],
                [
                    0.0,
                    0.0,
                    0.0,
                    1.0
                ]
            ]
        },
        {
            "file_path": "/data/shapenet_blender/all_50_random/02958343/6c339c89246fe6a651db49e653372c20/r_15",
            "rotation": 0.12566370614359174,
            "transform_matrix": [
                [
                    0.5626399517059326,
                    -0.00022122134396340698,
                    0.8267019391059875,
                    3.3325421810150146
                ],
                [
                    0.8267019391059875,
                    0.00015055964468047023,
                    -0.5626399517059326,
                    -2.2680742740631104
                ],
                [
                    1.4551914361005114e-11,
                    0.9999999403953552,
                    0.0002675949945114553,
                    0.0010787099599838257
                ],
                [
                    0.0,
                    0.0,
                    0.0,
                    1.0
                ]
            ]
        },
        {
            "file_path": "/data/shapenet_blender/all_50_random/02958343/6c339c89246fe6a651db49e653372c20/r_16",
            "rotation": 0.12566370614359174,
            "transform_matrix": [
                [
                    -0.8195828795433044,
                    -0.3629477918148041,
                    0.44334280490875244,
                    1.7871719598770142
                ],
                [
                    0.5729606747627258,
                    -0.5191731452941895,
                    0.6341729760169983,
                    2.5564329624176025
                ],
                [
                    0.0,
                    0.7737752199172974,
                    0.6334602236747742,
                    2.5535597801208496
                ],
                [
                    0.0,
                    0.0,
                    0.0,
                    1.0
                ]
            ]
        },
        {
            "file_path": "/data/shapenet_blender/all_50_random/02958343/6c339c89246fe6a651db49e653372c20/r_17",
            "rotation": 0.12566370614359174,
            "transform_matrix": [
                [
                    -0.4680210053920746,
                    0.04063072055578232,
                    0.8827826976776123,
                    3.5586111545562744
                ],
                [
                    0.8837172985076904,
                    0.021518228575587273,
                    0.46752604842185974,
                    1.884657859802246
                ],
                [
                    1.862645149230957e-09,
                    0.9989423751831055,
                    -0.04597705602645874,
                    -0.18533945083618164
                ],
                [
                    0.0,
                    0.0,
                    0.0,
                    1.0
                ]
            ]
        },
        {
            "file_path": "/data/shapenet_blender/all_50_random/02958343/6c339c89246fe6a651db49e653372c20/r_18",
            "rotation": 0.12566370614359174,
            "transform_matrix": [
                [
                    -0.15465646982192993,
                    -0.6436986327171326,
                    -0.7494888305664062,
                    -3.0212860107421875
                ],
                [
                    -0.9879683256149292,
                    0.10076452791690826,
                    0.11732491105794907,
                    0.47295182943344116
                ],
                [
                    0.0,
                    0.7586162686347961,
                    -0.6515377163887024,
                    -2.6264326572418213
                ],
                [
                    0.0,
                    0.0,
                    0.0,
                    1.0
                ]
            ]
        },
        {
            "file_path": "/data/shapenet_blender/all_50_random/02958343/6c339c89246fe6a651db49e653372c20/r_19",
            "rotation": 0.12566370614359174,
            "transform_matrix": [
                [
                    -0.997282087802887,
                    0.06525851786136627,
                    -0.03420373052358627,
                    -0.13787966966629028
                ],
                [
                    -0.07367882877588272,
                    -0.8833087086677551,
                    0.46296563744544983,
                    1.866274356842041
                ],
                [
                    -1.862645149230957e-09,
                    0.4642273783683777,
                    0.8857159614562988,
                    3.5704355239868164
                ],
                [
                    0.0,
                    0.0,
                    0.0,
                    1.0
                ]
            ]
        },
        {
            "file_path": "/data/shapenet_blender/all_50_random/02958343/6c339c89246fe6a651db49e653372c20/r_20",
            "rotation": 0.12566370614359174,
            "transform_matrix": [
                [
                    0.6789296269416809,
                    0.2207859456539154,
                    -0.7002200484275818,
                    -2.8226776123046875
                ],
                [
                    -0.7342035174369812,
                    0.2041642665863037,
                    -0.6475045680999756,
                    -2.6101746559143066
                ],
                [
                    0.0,
                    0.9537139534950256,
                    0.3007149398326874,
                    1.2122207880020142
                ],
                [
                    0.0,
                    0.0,
                    0.0,
                    1.0
                ]
            ]
        },
        {
            "file_path": "/data/shapenet_blender/all_50_random/02958343/6c339c89246fe6a651db49e653372c20/r_21",
            "rotation": 0.12566370614359174,
            "transform_matrix": [
                [
                    0.07589545100927353,
                    -0.6065812706947327,
                    -0.7913905382156372,
                    -3.190197229385376
                ],
                [
                    -0.9971158504486084,
                    -0.04616992548108101,
                    -0.06023667752742767,
                    -0.2428218126296997
                ],
                [
                    0.0,
                    0.7936795949935913,
                    -0.6083358526229858,
                    -2.452280282974243
                ],
                [
                    0.0,
                    0.0,
                    0.0,
                    1.0
                ]
            ]
        },
        {
            "file_path": "/data/shapenet_blender/all_50_random/02958343/6c339c89246fe6a651db49e653372c20/r_22",
            "rotation": 0.12566370614359174,
            "transform_matrix": [
                [
                    -0.49243247509002686,
                    -0.08219663798809052,
                    0.8664605617523193,
                    3.492814302444458
                ],
                [
                    0.87035071849823,
                    -0.04650573059916496,
                    0.4902315139770508,
                    1.9761863946914673
                ],
                [
                    0.0,
                    0.9955304265022278,
                    0.09444082528352737,
                    0.3807031512260437
                ],
                [
                    0.0,
                    0.0,
                    0.0,
                    1.0
                ]
            ]
        },
        {
            "file_path": "/data/shapenet_blender/all_50_random/02958343/6c339c89246fe6a651db49e653372c20/r_23",
            "rotation": 0.12566370614359174,
            "transform_matrix": [
                [
                    -0.78338623046875,
                    -0.40021124482154846,
                    0.47553855180740356,
                    1.9169572591781616
                ],
                [
                    0.6215351819992065,
                    -0.5044283866882324,
                    0.5993713140487671,
                    2.4161429405212402
                ],
                [
                    0.0,
                    0.7651032209396362,
                    0.6439076662063599,
                    2.595674753189087
                ],
                [
                    0.0,
                    0.0,
                    0.0,
                    1.0
                ]
            ]
        },
        {
            "file_path": "/data/shapenet_blender/all_50_random/02958343/6c339c89246fe6a651db49e653372c20/r_24",
            "rotation": 0.12566370614359174,
            "transform_matrix": [
                [
                    0.7880662679672241,
                    -0.51981520652771,
                    -0.3297632932662964,
                    -1.3293184041976929
                ],
                [
                    -0.6155905723571777,
                    -0.6654565930366516,
                    -0.42215606570243835,
                    -1.701765537261963
                ],
                [
                    -1.4901162970204496e-08,
                    0.535686194896698,
                    -0.844417154788971,
                    -3.40395450592041
                ],
                [
                    0.0,
                    0.0,
                    0.0,
                    1.0
                ]
            ]
        },
        {
            "file_path": "/data/shapenet_blender/all_50_random/02958343/6c339c89246fe6a651db49e653372c20/r_25",
            "rotation": 0.12566370614359174,
            "transform_matrix": [
                [
                    -0.9475510716438293,
                    0.2620668411254883,
                    0.1829424500465393,
                    0.7374646663665771
                ],
                [
                    0.31960442662239075,
                    0.7769657969474792,
                    0.5423808097839355,
                    2.1864073276519775
                ],
                [
                    1.4901161193847656e-08,
                    0.5724027752876282,
                    -0.8199724555015564,
                    -3.305414915084839
                ],
                [
                    0.0,
                    0.0,
                    0.0,
                    1.0
                ]
            ]
        },
        {
            "file_path": "/data/shapenet_blender/all_50_random/02958343/6c339c89246fe6a651db49e653372c20/r_26",
            "rotation": 0.12566370614359174,
            "transform_matrix": [
                [
                    -0.186471089720726,
                    -0.00044478257768787444,
                    0.9824603199958801,
                    3.9604244232177734
                ],
                [
                    0.9824604988098145,
                    -8.441977115580812e-05,
                    0.18647104501724243,
                    0.7516888976097107
                ],
                [
                    0.0,
                    0.9999999403953552,
                    0.0004527230921667069,
                    0.001824985258281231
                ],
                [
                    0.0,
                    0.0,
                    0.0,
                    1.0
                ]
            ]
        },
        {
            "file_path": "/data/shapenet_blender/all_50_random/02958343/6c339c89246fe6a651db49e653372c20/r_27",
            "rotation": 0.12566370614359174,
            "transform_matrix": [
                [
                    -0.8573949337005615,
                    -0.24121148884296417,
                    0.45463281869888306,
                    1.8326836824417114
                ],
                [
                    0.5146591067314148,
                    -0.4018455743789673,
                    0.7573941946029663,
                    3.0531539916992188
                ],
                [
                    0.0,
                    0.8833669424057007,
                    0.4686819911003113,
                    1.8893176317214966
                ],
                [
                    0.0,
                    0.0,
                    0.0,
                    1.0
                ]
            ]
        },
        {
            "file_path": "/data/shapenet_blender/all_50_random/02958343/6c339c89246fe6a651db49e653372c20/r_28",
            "rotation": 0.12566370614359174,
            "transform_matrix": [
                [
                    0.6823954582214355,
                    -0.012268340215086937,
                    -0.7308802008628845,
                    -2.946272611618042
                ],
                [
                    -0.7309832572937012,
                    -0.011452874168753624,
                    -0.6822991967201233,
                    -2.750436305999756
                ],
                [
                    0.0,
                    0.9998591542243958,
                    -0.0167833361774683,
                    -0.06765580177307129
                ],
                [
                    0.0,
                    0.0,
                    0.0,
                    1.0
                ]
            ]
        },
        {
            "file_path": "/data/shapenet_blender/all_50_random/02958343/6c339c89246fe6a651db49e653372c20/r_29",
            "rotation": 0.12566370614359174,
            "transform_matrix": [
                [
                    0.6549672484397888,
                    -0.5621850490570068,
                    0.5049414038658142,
                    2.0354838371276855
                ],
                [
                    0.7556572556495667,
                    0.4872749149799347,
                    -0.43765881657600403,
                    -1.7642590999603271
                ],
                [
                    -1.4901161193847656e-08,
                    0.668214738368988,
                    0.7439683675765991,
                    2.999032497406006
                ],
                [
                    0.0,
                    0.0,
                    0.0,
                    1.0
                ]
            ]
        },
        {
            "file_path": "/data/shapenet_blender/all_50_random/02958343/6c339c89246fe6a651db49e653372c20/r_30",
            "rotation": 0.12566370614359174,
            "transform_matrix": [
                [
                    -0.08098527789115906,
                    -0.08538482338190079,
                    0.993051290512085,
                    4.003117561340332
                ],
                [
                    0.9967153072357178,
                    -0.006937702652066946,
                    0.08068756759166718,
                    0.3252619802951813
                ],
                [
                    9.313224635931761e-10,
                    0.9963238835334778,
                    0.085666224360466,
                    0.3453315794467926
                ],
                [
                    0.0,
                    0.0,
                    0.0,
                    1.0
                ]
            ]
        },
        {
            "file_path": "/data/shapenet_blender/all_50_random/02958343/6c339c89246fe6a651db49e653372c20/r_31",
            "rotation": 0.12566370614359174,
            "transform_matrix": [
                [
                    -0.8119879961013794,
                    -0.458307147026062,
                    0.36142778396606445,
                    1.456961989402771
                ],
                [
                    0.5836741924285889,
                    -0.6375815272331238,
                    0.5028062462806702,
                    2.026876926422119
                ],
                [
                    -1.4901162970204496e-08,
                    0.6192286014556885,
                    0.7852106690406799,
                    3.165285348892212
                ],
                [
                    0.0,
                    0.0,
                    0.0,
                    1.0
                ]
            ]
        },
        {
            "file_path": "/data/shapenet_blender/all_50_random/02958343/6c339c89246fe6a651db49e653372c20/r_32",
            "rotation": 0.12566370614359174,
            "transform_matrix": [
                [
                    0.18536889553070068,
                    0.03788818046450615,
                    0.9819383025169373,
                    3.958319902420044
                ],
                [
                    0.9826690554618835,
                    -0.0071471575647592545,
                    -0.1852310597896576,
                    -0.7466902732849121
                ],
                [
                    0.0,
                    0.9992563724517822,
                    -0.03855640068650246,
                    -0.1554258167743683
                ],
                [
                    0.0,
                    0.0,
                    0.0,
                    1.0
                ]
            ]
        },
        {
            "file_path": "/data/shapenet_blender/all_50_random/02958343/6c339c89246fe6a651db49e653372c20/r_33",
            "rotation": 0.12566370614359174,
            "transform_matrix": [
                [
                    -0.04326896741986275,
                    -0.06820706278085709,
                    -0.9967324137687683,
                    -4.0179572105407715
                ],
                [
                    -0.9990634918212891,
                    0.002954015741124749,
                    0.04316800832748413,
                    0.1740158200263977
                ],
                [
                    2.3283064365386963e-10,
                    0.9976668357849121,
                    -0.06827099621295929,
                    -0.2752092182636261
                ],
                [
                    0.0,
                    0.0,
                    0.0,
                    1.0
                ]
            ]
        },
        {
            "file_path": "/data/shapenet_blender/all_50_random/02958343/6c339c89246fe6a651db49e653372c20/r_34",
            "rotation": 0.12566370614359174,
            "transform_matrix": [
                [
                    -0.3322613537311554,
                    -0.7528791427612305,
                    -0.5681332349777222,
                    -2.2902183532714844
                ],
                [
                    -0.9431872963905334,
                    0.2652205526828766,
                    0.20013916492462158,
                    0.8067867755889893
                ],
                [
                    1.4901160305669237e-08,
                    0.6023545861244202,
                    -0.7982286214828491,
                    -3.2177624702453613
                ],
                [
                    0.0,
                    0.0,
                    0.0,
                    1.0
                ]
            ]
        },
        {
            "file_path": "/data/shapenet_blender/all_50_random/02958343/6c339c89246fe6a651db49e653372c20/r_35",
            "rotation": 0.12566370614359174,
            "transform_matrix": [
                [
                    -0.9962288737297058,
                    0.07586952298879623,
                    0.042093366384506226,
                    0.1696837842464447
                ],
                [
                    0.08676424622535706,
                    0.8711353540420532,
                    0.4833168685436249,
                    1.9483126401901245
                ],
                [
                    0.0,
                    0.4851464033126831,
                    -0.8744328618049622,
                    -3.524951696395874
                ],
                [
                    0.0,
                    0.0,
                    0.0,
                    1.0
                ]
            ]
        },
        {
            "file_path": "/data/shapenet_blender/all_50_random/02958343/6c339c89246fe6a651db49e653372c20/r_36",
            "rotation": 0.12566370614359174,
            "transform_matrix": [
                [
                    0.7342929840087891,
                    -0.46864837408065796,
                    0.4911033809185028,
                    1.979701042175293
                ],
                [
                    0.6788327097892761,
                    0.5069366693496704,
                    -0.5312262773513794,
                    -2.141441583633423
                ],
                [
                    1.4901161193847656e-08,
                    0.7234526872634888,
                    0.6903738975524902,
                    2.7829861640930176
                ],
                [
                    0.0,
                    0.0,
                    0.0,
                    1.0
                ]
            ]
        },
        {
            "file_path": "/data/shapenet_blender/all_50_random/02958343/6c339c89246fe6a651db49e653372c20/r_37",
            "rotation": 0.12566370614359174,
            "transform_matrix": [
                [
                    -0.8602344989776611,
                    -0.08786500990390778,
                    0.5022711753845215,
                    2.0247199535369873
                ],
                [
                    0.5098986029624939,
                    -0.14823439717292786,
                    0.847366452217102,
                    3.4158434867858887
                ],
                [
                    7.450580152834618e-09,
                    0.9850412607192993,
                    0.17231859266757965,
                    0.6946384906768799
                ],
                [
                    0.0,
                    0.0,
                    0.0,
                    1.0
                ]
            ]
        },
        {
            "file_path": "/data/shapenet_blender/all_50_random/02958343/6c339c89246fe6a651db49e653372c20/r_38",
            "rotation": 0.12566370614359174,
            "transform_matrix": [
                [
                    -0.9999698996543884,
                    0.00356303621083498,
                    0.006885712966322899,
                    0.027757197618484497
                ],
                [
                    0.007752951700240374,
                    0.4595576822757721,
                    0.8881140947341919,
                    3.5801024436950684
                ],
                [
                    4.656612040410124e-10,
                    0.888140857219696,
                    -0.4595714807510376,
                    -1.852591872215271
                ],
                [
                    0.0,
                    0.0,
                    0.0,
                    1.0
                ]
            ]
        },
        {
            "file_path": "/data/shapenet_blender/all_50_random/02958343/6c339c89246fe6a651db49e653372c20/r_39",
            "rotation": 0.12566370614359174,
            "transform_matrix": [
                [
                    -0.8467398285865784,
                    -0.37661752104759216,
                    -0.37575364112854004,
                    -1.5147114992141724
                ],
                [
                    -0.5320070385932922,
                    0.5994225740432739,
                    0.5980475544929504,
                    2.4108071327209473
                ],
                [
                    2.9802320611338473e-08,
                    0.7062944769859314,
                    -0.707918107509613,
                    -2.8537094593048096
                ],
                [
                    0.0,
                    0.0,
                    0.0,
                    1.0
                ]
            ]
        },
        {
            "file_path": "/data/shapenet_blender/all_50_random/02958343/6c339c89246fe6a651db49e653372c20/r_40",
            "rotation": 0.12566370614359174,
            "transform_matrix": [
                [
                    0.2359056919813156,
                    0.7928529381752014,
                    0.5619008541107178,
                    2.265094757080078
                ],
                [
                    0.9717758893966675,
                    -0.19247084856033325,
                    -0.13640554249286652,
                    -0.5498683452606201
                ],
                [
                    0.0,
                    0.5782204270362854,
                    -0.8158804178237915,
                    -3.28891921043396
                ],
                [
                    0.0,
                    0.0,
                    0.0,
                    1.0
                ]
            ]
        },
        {
            "file_path": "/data/shapenet_blender/all_50_random/02958343/6c339c89246fe6a651db49e653372c20/r_41",
            "rotation": 0.12566370614359174,
            "transform_matrix": [
                [
                    0.9738979935646057,
                    -0.006281537935137749,
                    0.22689934074878693,
                    0.9146605730056763
                ],
                [
                    0.22698631882667542,
                    0.02695130556821823,
                    -0.9735248684883118,
                    -3.9244046211242676
                ],
                [
