{
    "class": "02958343",
    "model": "d2064d59beb9f24e8810bd18ea9969c",
    "remove_doubles": true,
    "edge_split": true,
    "denoise": true,
    "camera_angle_x": 0.6911112070083618,
    "scale_factor": 2.2740657907756283,
    "hdri_file": "/data/IndoorHDRDataset2018/9C4A5858-0338b2aed1.exr",
    "center_offset": [
        0.0,
        -1.862645149230957e-09,
        -3.725290298461914e-09
    ],
    "lights": [],
    "frames": [
        {
            "file_path": "/data/shapenet_blender/all_50_random/02958343/d2064d59beb9f24e8810bd18ea9969c/r_0",
            "rotation": 0.12566370614359174,
            "transform_matrix": [
                [
                    -0.036619313061237335,
                    0.354160338640213,
                    -0.9344674944877625,
                    -3.7669589519500732
                ],
                [
                    -0.9993292689323425,
                    -0.012977813370525837,
                    0.034242525696754456,
                    0.13803604245185852
                ],
                [
                    0.0,
                    0.9350946545600891,
                    0.35439804196357727,
                    1.428624153137207
                ],
                [
                    0.0,
                    0.0,
                    0.0,
                    1.0
                ]
            ]
        },
        {
            "file_path": "/data/shapenet_blender/all_50_random/02958343/d2064d59beb9f24e8810bd18ea9969c/r_1",
            "rotation": 0.12566370614359174,
            "transform_matrix": [
                [
                    0.966600775718689,
                    -0.025490321218967438,
                    -0.25501590967178345,
                    -1.0280020236968994
                ],
                [
                    -0.25628671050071716,
                    -0.09613829106092453,
                    -0.9618079662322998,
                    -3.877171754837036
                ],
                [
                    -1.8626449271863521e-09,
                    0.99504154920578,
                    -0.0994601771235466,
                    -0.4009367823600769
                ],
                [
                    0.0,
                    0.0,
                    0.0,
                    1.0
                ]
            ]
        },
        {
            "file_path": "/data/shapenet_blender/all_50_random/02958343/d2064d59beb9f24e8810bd18ea9969c/r_2",
            "rotation": 0.12566370614359174,
            "transform_matrix": [
                [
                    0.38550281524658203,
                    0.02427406795322895,
                    0.9223873615264893,
                    3.718261957168579
                ],
                [
                    0.9227064847946167,
                    -0.010141602717339993,
                    -0.38536950945854187,
                    -1.553473949432373
                ],
                [
                    9.313222415485711e-10,
                    0.9996539354324341,
                    -0.02630746364593506,
                    -0.10604876279830933
                ],
                [
                    0.0,
                    0.0,
                    0.0,
                    1.0
                ]
            ]
        },
        {
            "file_path": "/data/shapenet_blender/all_50_random/02958343/d2064d59beb9f24e8810bd18ea9969c/r_3",
            "rotation": 0.12566370614359174,
            "transform_matrix": [
                [
                    0.3659819960594177,
                    -0.6546129584312439,
                    -0.6614671945571899,
                    -2.666459560394287
                ],
                [
                    -0.9306219816207886,
                    -0.2574370205402374,
                    -0.2601325809955597,
                    -1.0486279726028442
                ],
                [
                    1.4901162970204496e-08,
                    0.7107797265052795,
                    -0.7034146189689636,
                    -2.835555076599121
                ],
                [
                    0.0,
                    0.0,
                    0.0,
                    1.0
                ]
            ]
        },
        {
            "file_path": "/data/shapenet_blender/all_50_random/02958343/d2064d59beb9f24e8810bd18ea9969c/r_4",
            "rotation": 0.12566370614359174,
            "transform_matrix": [
                [
                    0.40321776270866394,
                    -0.37487393617630005,
                    0.8347962498664856,
                    3.3651716709136963
                ],
                [
                    0.9151039719581604,
                    0.16517885029315948,
                    -0.3678321838378906,
                    -1.4827790260314941
                ],
                [
                    1.4901160305669237e-08,
                    0.9122419357299805,
                    0.40965166687965393,
                    1.6513588428497314
                ],
                [
                    0.0,
                    0.0,
                    0.0,
                    1.0
                ]
            ]
        },
        {
            "file_path": "/data/shapenet_blender/all_50_random/02958343/d2064d59beb9f24e8810bd18ea9969c/r_5",
            "rotation": 0.12566370614359174,
            "transform_matrix": [
                [
                    0.6003981828689575,
                    0.36884909868240356,
                    -0.709557831287384,
                    -2.8603193759918213
                ],
                [
                    -0.7997012138366699,
                    0.276923805475235,
                    -0.5327204465866089,
                    -2.1474649906158447
                ],
                [
                    0.0,
                    0.88727867603302,
                    0.46123361587524414,
                    1.8592922687530518
                ],
                [
                    0.0,
                    0.0,
                    0.0,
                    1.0
                ]
            ]
        },
        {
            "file_path": "/data/shapenet_blender/all_50_random/02958343/d2064d59beb9f24e8810bd18ea9969c/r_6",
            "rotation": 0.12566370614359174,
            "transform_matrix": [
                [
                    0.48897868394851685,
                    -0.5513504147529602,
                    -0.6759530901908875,
                    -2.724853992462158
                ],
                [
                    -0.8722957372665405,
                    -0.30906784534454346,
                    -0.37891578674316406,
                    -1.5274584293365479
                ],
                [
                    1.4901161193847656e-08,
                    0.7749127149581909,
                    -0.6320682168006897,
                    -2.5479485988616943
                ],
                [
                    0.0,
                    0.0,
                    0.0,
                    1.0
                ]
            ]
        },
        {
            "file_path": "/data/shapenet_blender/all_50_random/02958343/d2064d59beb9f24e8810bd18ea9969c/r_7",
            "rotation": 0.12566370614359174,
            "transform_matrix": [
                [
                    -0.23673245310783386,
                    0.1829720139503479,
                    0.954190194606781,
                    3.846463680267334
                ],
                [
                    0.9715748429298401,
                    0.044582683593034744,
                    0.23249652981758118,
                    0.937223494052887
                ],
                [
                    -3.725290298461914e-09,
                    0.9821066856384277,
                    -0.1883251816034317,
                    -0.7591630816459656
                ],
                [
                    0.0,
                    0.0,
                    0.0,
                    1.0
                ]
            ]
        },
        {
            "file_path": "/data/shapenet_blender/all_50_random/02958343/d2064d59beb9f24e8810bd18ea9969c/r_8",
            "rotation": 0.12566370614359174,
            "transform_matrix": [
                [
                    0.22162120044231415,
                    0.12854434549808502,
                    -0.966623067855835,
                    -3.89658260345459
                ],
                [
                    -0.9751327633857727,
                    0.029214639216661453,
                    -0.21968717873096466,
                    -0.8855874538421631
                ],
                [
                    0.0,
                    0.9912733435630798,
                    0.1318223774433136,
                    0.5313930511474609
                ],
                [
                    0.0,
                    0.0,
                    0.0,
                    1.0
                ]
            ]
        },
        {
            "file_path": "/data/shapenet_blender/all_50_random/02958343/d2064d59beb9f24e8810bd18ea9969c/r_9",
            "rotation": 0.12566370614359174,
            "transform_matrix": [
                [
                    0.992170512676239,
                    -0.010992737486958504,
                    0.1244061291217804,
                    0.5014971494674683
                ],
                [
                    0.12489086389541626,
                    0.08732960373163223,
                    -0.9883196353912354,
                    -3.984043836593628
                ],
                [
                    0.0,
                    0.9961187839508057,
                    0.0880187526345253,
                    0.35481494665145874
                ],
                [
                    0.0,
                    0.0,
                    0.0,
                    1.0
                ]
            ]
        },
        {
            "file_path": "/data/shapenet_blender/all_50_random/02958343/d2064d59beb9f24e8810bd18ea9969c/r_10",
            "rotation": 0.12566370614359174,
            "transform_matrix": [
                [
                    -0.8461496233940125,
                    -0.03946980834007263,
                    0.5314818620681763,
                    2.1424720287323
                ],
                [
                    0.532945454120636,
                    -0.06266563385725021,
                    0.8438259363174438,
                    3.401571035385132
                ],
                [
                    0.0,
                    0.9972538352012634,
                    0.07405975461006165,
                    0.29854440689086914
                ],
                [
                    0.0,
                    0.0,
                    0.0,
                    1.0
                ]
            ]
        },
        {
            "file_path": "/data/shapenet_blender/all_50_random/02958343/d2064d59beb9f24e8810bd18ea9969c/r_11",
            "rotation": 0.12566370614359174,
            "transform_matrix": [
                [
                    -0.9770464301109314,
                    -0.15457570552825928,
                    -0.1465831845998764,
                    -0.5908957719802856
                ],
                [
                    -0.2130264788866043,
                    0.7089618444442749,
                    0.672304093837738,
                    2.7101447582244873
                ],
                [
                    7.450580596923828e-09,
                    0.6880984306335449,
                    -0.7256172299385071,
                    -2.9250569343566895
                ],
                [
                    0.0,
                    0.0,
                    0.0,
                    1.0
                ]
            ]
        },
        {
            "file_path": "/data/shapenet_blender/all_50_random/02958343/d2064d59beb9f24e8810bd18ea9969c/r_12",
            "rotation": 0.12566370614359174,
            "transform_matrix": [
                [
                    0.9126983880996704,
                    -0.08456707000732422,
                    -0.39978763461112976,
                    -1.611595630645752
                ],
                [
                    -0.4086340665817261,
                    -0.18888349831104279,
                    -0.892939567565918,
                    -3.5995547771453857
                ],
                [
                    -7.450581485102248e-09,
                    0.978351354598999,
                    -0.2069506049156189,
                    -0.8342446088790894
                ],
                [
                    0.0,
                    0.0,
                    0.0,
                    1.0
                ]
            ]
        },
        {
            "file_path": "/data/shapenet_blender/all_50_random/02958343/d2064d59beb9f24e8810bd18ea9969c/r_13",
            "rotation": 0.12566370614359174,
            "transform_matrix": [
                [
                    0.12103565037250519,
                    -0.3515264093875885,
                    0.9283208250999451,
                    3.742180824279785
                ],
                [
                    0.992648184299469,
                    0.04286234453320503,
                    -0.11319208145141602,
                    -0.45629188418388367
                ],
                [
                    -3.725290298461914e-09,
                    0.9351962804794312,
                    0.3541299104690552,
                    1.42754328250885
                ],
                [
                    0.0,
                    0.0,
                    0.0,
                    1.0
                ]
            ]
        },
        {
            "file_path": "/data/shapenet_blender/all_50_random/02958343/d2064d59beb9f24e8810bd18ea9969c/r_14",
            "rotation": 0.12566370614359174,
            "transform_matrix": [
                [
                    0.7101082801818848,
                    -0.3214985132217407,
                    0.6264063715934753,
                    2.5251247882843018
                ],
                [
                    0.7040925025939941,
                    0.3242453932762146,
                    -0.6317583918571472,
                    -2.5466995239257812
                ],
                [
                    0.0,
                    0.889664888381958,
                    0.45661404728889465,
                    1.840670108795166
                ],
                [
                    0.0,
                    0.0,
                    0.0,
                    1.0
                ]
            ]
        },
        {
            "file_path": "/data/shapenet_blender/all_50_random/02958343/d2064d59beb9f24e8810bd18ea9969c/r_15",
            "rotation": 0.12566370614359174,
            "transform_matrix": [
                [
                    -0.96713787317276,
                    -0.06720006465911865,
                    -0.24521100521087646,
                    -0.9884772300720215
                ],
                [
                    -0.2542524039745331,
                    0.2556189298629761,
                    0.9327456951141357,
                    3.7600183486938477
                ],
                [
                    7.450580152834618e-09,
                    0.9644392728805542,
                    -0.2643044888973236,
                    -1.0654455423355103
                ],
                [
                    0.0,
                    0.0,
                    0.0,
                    1.0
                ]
            ]
        },
        {
            "file_path": "/data/shapenet_blender/all_50_random/02958343/d2064d59beb9f24e8810bd18ea9969c/r_16",
            "rotation": 0.12566370614359174,
            "transform_matrix": [
                [
                    0.9124212265014648,
                    -0.13681674003601074,
                    -0.3857055604457855,
                    -1.5548290014266968
                ],
                [
                    -0.4092525243759155,
                    -0.3050304651260376,
                    -0.8599236607551575,
                    -3.466463327407837
                ],
                [
                    0.0,
                    0.9424635171890259,
                    -0.33430883288383484,
                    -1.347642183303833
                ],
                [
                    0.0,
                    0.0,
                    0.0,
                    1.0
                ]
            ]
        },
        {
            "file_path": "/data/shapenet_blender/all_50_random/02958343/d2064d59beb9f24e8810bd18ea9969c/r_17",
            "rotation": 0.12566370614359174,
            "transform_matrix": [
                [
                    0.9436678886413574,
                    0.13234160840511322,
                    0.30327674746513367,
                    1.2225476503372192
                ],
                [
                    0.3308943808078766,
                    -0.3774210810661316,
                    -0.8649058938026428,
                    -3.4865472316741943
                ],
                [
                    -7.450581485102248e-09,
                    0.9165363311767578,
                    -0.39995118975639343,
                    -1.6122548580169678
                ],
                [
                    0.0,
                    0.0,
                    0.0,
                    1.0
                ]
            ]
        },
        {
            "file_path": "/data/shapenet_blender/all_50_random/02958343/d2064d59beb9f24e8810bd18ea9969c/r_18",
            "rotation": 0.12566370614359174,
            "transform_matrix": [
                [
                    0.9519163370132446,
                    -0.25961437821388245,
                    -0.16265235841274261,
                    -0.6556726098060608
                ],
                [
                    -0.30635833740234375,
                    -0.806673526763916,
                    -0.5053932666778564,
                    -2.0373053550720215
                ],
                [
                    1.4901162970204496e-08,
                    0.530921995639801,
                    -0.8474206924438477,
                    -3.416062116622925
                ],
                [
                    0.0,
                    0.0,
                    0.0,
                    1.0
                ]
            ]
        },
        {
            "file_path": "/data/shapenet_blender/all_50_random/02958343/d2064d59beb9f24e8810bd18ea9969c/r_19",
            "rotation": 0.12566370614359174,
            "transform_matrix": [
                [
                    -0.35524553060531616,
                    0.5650269389152527,
                    -0.7446778416633606,
                    -3.001892566680908
                ],
                [
                    -0.9347730278968811,
                    -0.2147294580936432,
                    0.28300291299819946,
                    1.1408213376998901
                ],
                [
                    0.0,
                    0.7966403365135193,
                    0.6044535040855408,
                    2.4366302490234375
                ],
                [
                    0.0,
                    0.0,
                    0.0,
                    1.0
                ]
            ]
        },
        {
            "file_path": "/data/shapenet_blender/all_50_random/02958343/d2064d59beb9f24e8810bd18ea9969c/r_20",
            "rotation": 0.12566370614359174,
            "transform_matrix": [
                [
                    0.9936829209327698,
                    0.10451432317495346,
                    0.040877994149923325,
                    0.16478446125984192
                ],
                [
                    0.11222412437200546,
                    -0.9254168272018433,
                    -0.36195215582847595,
                    -1.4590758085250854
                ],
                [
                    0.0,
                    0.36425307393074036,
                    -0.9312999844551086,
                    -3.75419020652771
                ],
                [
                    0.0,
                    0.0,
                    0.0,
                    1.0
                ]
            ]
        },
        {
            "file_path": "/data/shapenet_blender/all_50_random/02958343/d2064d59beb9f24e8810bd18ea9969c/r_21",
            "rotation": 0.12566370614359174,
            "transform_matrix": [
                [
                    0.5120381712913513,
                    0.270756334066391,
                    -0.8151735067367554,
                    -3.286069631576538
                ],
                [
                    -0.8589627742767334,
                    0.1614011526107788,
                    -0.48593488335609436,
                    -1.9588661193847656
                ],
                [
                    -1.4901162970204496e-08,
                    0.9490209221839905,
                    0.3152131140232086,
                    1.2706646919250488
                ],
                [
                    0.0,
                    0.0,
                    0.0,
                    1.0
                ]
            ]
        },
        {
            "file_path": "/data/shapenet_blender/all_50_random/02958343/d2064d59beb9f24e8810bd18ea9969c/r_22",
            "rotation": 0.12566370614359174,
            "transform_matrix": [
                [
                    0.14678579568862915,
                    -0.09971537441015244,
                    -0.9841294288635254,
                    -3.9671525955200195
                ],
                [
                    -0.9891684055328369,
                    -0.01479707658290863,
                    -0.14603804051876068,
                    -0.588698148727417
                ],
                [
                    -9.31322685637781e-10,
                    0.9949060082435608,
                    -0.10080728679895401,
                    -0.4063671827316284
                ],
                [
                    0.0,
                    0.0,
                    0.0,
                    1.0
                ]
            ]
        },
        {
            "file_path": "/data/shapenet_blender/all_50_random/02958343/d2064d59beb9f24e8810bd18ea9969c/r_23",
            "rotation": 0.12566370614359174,
            "transform_matrix": [
                [
                    -0.45785364508628845,
                    0.2828584313392639,
                    -0.8428292870521545,
                    -3.3975532054901123
                ],
                [
                    -0.8890275359153748,
                    -0.14567351341247559,
                    0.43406131863594055,
                    1.749756932258606
                ],
                [
                    0.0,
                    0.948034942150116,
                    0.3181661367416382,
                    1.2825685739517212
                ],
                [
                    0.0,
                    0.0,
                    0.0,
                    1.0
                ]
            ]
        },
        {
            "file_path": "/data/shapenet_blender/all_50_random/02958343/d2064d59beb9f24e8810bd18ea9969c/r_24",
            "rotation": 0.12566370614359174,
            "transform_matrix": [
                [
                    0.9972735047340393,
                    -0.06981366127729416,
                    -0.023909738287329674,
                    -0.0963832437992096
                ],
                [
                    -0.07379447668790817,
                    -0.9434760212898254,
                    -0.32312101125717163,
                    -1.3025425672531128
                ],
                [
                    -3.725290298461914e-09,
                    0.32400453090667725,
                    -0.94605553150177,
                    -3.8136720657348633
                ],
                [
                    0.0,
                    0.0,
                    0.0,
                    1.0
                ]
            ]
        },
        {
            "file_path": "/data/shapenet_blender/all_50_random/02958343/d2064d59beb9f24e8810bd18ea9969c/r_25",
            "rotation": 0.12566370614359174,
            "transform_matrix": [
                [
                    -0.27806901931762695,
                    0.06450561434030533,
                    0.9583926200866699,
                    3.8634045124053955
                ],
                [
                    0.9605610966682434,
                    0.018673475831747055,
                    0.2774412930011749,
                    1.1184017658233643
                ],
                [
                    1.862645149230957e-09,
                    0.9977425932884216,
                    -0.06715408712625504,
                    -0.27070680260658264
                ],
                [
                    0.0,
                    0.0,
                    0.0,
                    1.0
                ]
            ]
        },
        {
            "file_path": "/data/shapenet_blender/all_50_random/02958343/d2064d59beb9f24e8810bd18ea9969c/r_26",
            "rotation": 0.12566370614359174,
            "transform_matrix": [
                [
                    0.9731780290603638,
                    -0.1977853626012802,
                    -0.11749698221683502,
                    -0.4736454486846924
                ],
                [
                    -0.23005348443984985,
                    -0.8366765975952148,
                    -0.49703872203826904,
                    -2.003627061843872
                ],
                [
                    7.450581485102248e-09,
                    0.5107377171516418,
                    -0.8597365617752075,
                    -3.4657087326049805
                ],
                [
                    0.0,
                    0.0,
                    0.0,
                    1.0
                ]
            ]
        },
        {
            "file_path": "/data/shapenet_blender/all_50_random/02958343/d2064d59beb9f24e8810bd18ea9969c/r_27",
            "rotation": 0.12566370614359174,
            "transform_matrix": [
                [
                    -0.9997600317001343,
                    -0.003005340462550521,
                    0.021699152886867523,
                    0.08747208118438721
                ],
                [
                    0.021906286478042603,
                    -0.1371578425168991,
                    0.9903069138526917,
                    3.9920547008514404
                ],
                [
                    -4.656612873077393e-10,
                    0.9905446171760559,
                    0.1371907740831375,
                    0.553033709526062
                ],
                [
                    0.0,
                    0.0,
                    0.0,
                    1.0
                ]
            ]
        },
        {
            "file_path": "/data/shapenet_blender/all_50_random/02958343/d2064d59beb9f24e8810bd18ea9969c/r_28",
            "rotation": 0.12566370614359174,
            "transform_matrix": [
                [
                    0.27780410647392273,
                    0.7204292416572571,
                    -0.6354577541351318,
                    -2.561612129211426
                ],
                [
                    -0.9606378078460693,
                    0.2083388864994049,
                    -0.1837662309408188,
                    -0.7407853603363037
                ],
                [
                    -1.4901162970204496e-08,
                    0.6614956855773926,
                    0.7499489188194275,
                    3.0231409072875977
                ],
                [
                    0.0,
                    0.0,
                    0.0,
                    1.0
                ]
            ]
        },
        {
            "file_path": "/data/shapenet_blender/all_50_random/02958343/d2064d59beb9f24e8810bd18ea9969c/r_29",
            "rotation": 0.12566370614359174,
            "transform_matrix": [
                [
                    0.32430824637413025,
                    0.10239049047231674,
                    -0.9403936862945557,
                    -3.7908482551574707
                ],
                [
                    -0.9459514617919922,
                    0.035103365778923035,
                    -0.32240283489227295,
                    -1.2996474504470825
                ],
                [
                    0.0,
                    0.9941246509552002,
                    0.10824074596166611,
                    0.4363324046134949
                ],
                [
                    0.0,
                    0.0,
                    0.0,
                    1.0
                ]
            ]
        },
        {
            "file_path": "/data/shapenet_blender/all_50_random/02958343/d2064d59beb9f24e8810bd18ea9969c/r_30",
            "rotation": 0.12566370614359174,
            "transform_matrix": [
                [
                    -0.16727174818515778,
                    0.6424823999404907,
                    -0.7478210926055908,
                    -3.0145630836486816
                ],
                [
                    -0.9859108328819275,
                    -0.10900495201349258,
                    0.12687693536281586,
                    0.5114572644233704
                ],
                [
                    0.0,
                    0.7585078477859497,
                    0.6516638994216919,
                    2.626941204071045
                ],
                [
                    0.0,
                    0.0,
                    0.0,
                    1.0
                ]
            ]
        },
        {
            "file_path": "/data/shapenet_blender/all_50_random/02958343/d2064d59beb9f24e8810bd18ea9969c/r_31",
            "rotation": 0.12566370614359174,
            "transform_matrix": [
                [
                    -0.9999065399169922,
                    -0.005133718717843294,
                    0.012676996178925037,
                    0.05110260844230652
                ],
                [
                    0.013677037321031094,
                    -0.3753180503845215,
                    0.9267951250076294,
                    3.7360308170318604
                ],
                [
                    0.0,
                    0.9268817901611328,
                    0.3753531575202942,
                    1.5130970478057861
                ],
                [
                    0.0,
                    0.0,
                    0.0,
                    1.0
                ]
            ]
        },
        {
            "file_path": "/data/shapenet_blender/all_50_random/02958343/d2064d59beb9f24e8810bd18ea9969c/r_32",
            "rotation": 0.12566370614359174,
            "transform_matrix": [
                [
                    0.9157897233963013,
                    0.03007272630929947,
                    -0.400530606508255,
                    -1.6145904064178467
                ],
                [
                    -0.40165796875953674,
                    0.06856653094291687,
                    -0.9132193326950073,
                    -3.681304693222046
                ],
                [
                    0.0,
                    0.9971931576728821,
                    0.0748714730143547,
                    0.30181655287742615
                ],
                [
                    0.0,
                    0.0,
                    0.0,
                    1.0
                ]
            ]
        },
        {
            "file_path": "/data/shapenet_blender/all_50_random/02958343/d2064d59beb9f24e8810bd18ea9969c/r_33",
            "rotation": 0.12566370614359174,
            "transform_matrix": [
                [
                    0.6501564383506775,
                    0.14290259778499603,
                    -0.7462408542633057,
                    -3.008193254470825
                ],
                [
                    -0.7598004937171936,
                    0.12228085845708847,
                    -0.6385536193847656,
                    -2.574092149734497
                ],
                [
                    0.0,
                    0.9821538329124451,
                    0.18807914853096008,
                    0.7581713795661926
                ],
                [
                    0.0,
                    0.0,
                    0.0,
                    1.0
                ]
            ]
        },
        {
            "file_path": "/data/shapenet_blender/all_50_random/02958343/d2064d59beb9f24e8810bd18ea9969c/r_34",
            "rotation": 0.12566370614359174,
            "transform_matrix": [
                [
                    0.9694716930389404,
                    -0.009876147843897343,
                    -0.24500435590744019,
                    -0.9876441955566406
                ],
                [
                    -0.24520337581634521,
                    -0.03904777392745018,
                    -0.9686848521232605,
                    -3.9048938751220703
                ],
                [
                    0.0,
                    0.9991885423660278,
                    -0.04027736932039261,
                    -0.16236329078674316
                ],
                [
                    0.0,
                    0.0,
                    0.0,
                    1.0
                ]
            ]
        },
        {
            "file_path": "/data/shapenet_blender/all_50_random/02958343/d2064d59beb9f24e8810bd18ea9969c/r_35",
            "rotation": 0.12566370614359174,
            "transform_matrix": [
                [
                    0.7057399749755859,
                    0.0007844828069210052,
                    0.7084705233573914,
                    2.855936050415039
                ],
                [
                    0.7084710001945496,
                    -0.0007814587443135679,
                    -0.7057394981384277,
                    -2.8449268341064453
                ],
                [
                    0.0,
                    0.9999994039535522,
                    -0.0011072898050770164,
                    -0.004463627934455872
                ],
                [
                    0.0,
                    0.0,
                    0.0,
                    1.0
                ]
            ]
        },
        {
            "file_path": "/data/shapenet_blender/all_50_random/02958343/d2064d59beb9f24e8810bd18ea9969c/r_36",
            "rotation": 0.12566370614359174,
            "transform_matrix": [
                [
                    -0.6622955203056335,
                    0.2121112048625946,
                    0.7185913324356079,
                    2.8967342376708984
                ],
                [
                    0.7492427229881287,
                    0.1874963790178299,
                    0.635201096534729,
                    2.560577630996704
                ],
                [
                    0.0,
                    0.9590901732444763,
                    -0.28310075402259827,
                    -1.1412156820297241
                ],
                [
                    0.0,
                    0.0,
                    0.0,
                    1.0
                ]
            ]
        },
        {
            "file_path": "/data/shapenet_blender/all_50_random/02958343/d2064d59beb9f24e8810bd18ea9969c/r_37",
            "rotation": 0.12566370614359174,
            "transform_matrix": [
                [
                    -0.9163607954978943,
                    -0.1686534434556961,
                    0.36309632658958435,
                    1.4636882543563843
                ],
                [
                    0.4003535509109497,
                    -0.38602733612060547,
                    0.8310835361480713,
                    3.350205183029175
                ],
                [
                    1.4901161193847656e-08,
                    0.9069393873214722,
                    0.4212612211704254,
                    1.6981583833694458
                ],
                [
                    0.0,
                    0.0,
                    0.0,
                    1.0
                ]
            ]
        },
        {
            "file_path": "/data/shapenet_blender/all_50_random/02958343/d2064d59beb9f24e8810bd18ea9969c/r_38",
            "rotation": 0.12566370614359174,
            "transform_matrix": [
                [
                    -0.25057506561279297,
                    0.48456090688705444,
                    -0.8381007313728333,
                    -3.3784921169281006
                ],
                [
                    -0.9680972099304199,
                    -0.12542013823986053,
                    0.21692775189876556,
                    0.8744637370109558
                ],
                [
                    -7.450580596923828e-09,
                    0.8657196760177612,
                    0.5005291700363159,
                    2.01769757270813
                ],
                [
                    0.0,
                    0.0,
                    0.0,
                    1.0
                ]
            ]
        },
        {
            "file_path": "/data/shapenet_blender/all_50_random/02958343/d2064d59beb9f24e8810bd18ea9969c/r_39",
            "rotation": 0.12566370614359174,
            "transform_matrix": [
                [
                    0.9872583746910095,
                    -0.008366481401026249,
                    -0.15890541672706604,
                    -0.6405682563781738
                ],
                [
                    -0.15912552177906036,
                    -0.051907941699028015,
                    -0.9858927726745605,
                    -3.9742610454559326
                ],
                [
                    0.0,
                    0.9986168742179871,
                    -0.05257786437869072,
                    -0.21194817125797272
                ],
                [
                    0.0,
                    0.0,
                    0.0,
                    1.0
                ]
            ]
        },
        {
            "file_path": "/data/shapenet_blender/all_50_random/02958343/d2064d59beb9f24e8810bd18ea9969c/r_40",
            "rotation": 0.12566370614359174,
            "transform_matrix": [
                [
                    0.934519350528717,
                    0.12056617438793182,
                    0.3348691165447235,
                    1.3499006032943726
                ],
                [
                    0.3559122681617737,
                    -0.3165707588195801,
                    -0.8792663812637329,
                    -3.54443621635437
                ],
                [
                    -7.450580596923828e-09,
                    0.9408754110336304,
                    -0.33875253796577454,
                    -1.3655551671981812
                ],
                [
                    0.0,
                    0.0,
                    0.0,
                    1.0
                ]
            ]
        },
        {
            "file_path": "/data/shapenet_blender/all_50_random/02958343/d2064d59beb9f24e8810bd18ea9969c/r_41",
            "rotation": 0.12566370614359174,
            "transform_matrix": [
                [
                    0.9391235113143921,
                    -0.17434141039848328,
                    0.2960609197616577,
                    1.1934597492218018
                ],
                [
                    0.34357964992523193,
                    0.4765360653400421,
                    -0.809238076210022,
                    -3.262143135070801
