{
    "class": "02958343",
    "model": "76cd991287a5aac9acc9e84c45e9a610",
    "remove_doubles": true,
    "edge_split": true,
    "denoise": true,
    "camera_angle_x": 0.6911112070083618,
    "scale_factor": 2.280088332069654,
    "hdri_file": "/data/IndoorHDRDataset2018/9C4A9426-f14f216510.exr",
    "center_offset": [
        0.0,
        0.0,
        -3.4924596548080444e-10
    ],
    "lights": [],
    "frames": [
        {
            "file_path": "/data/shapenet_blender/all_50_random/02958343/76cd991287a5aac9acc9e84c45e9a610/r_0",
            "rotation": 0.12566370614359174,
            "transform_matrix": [
                [
                    -0.9279375076293945,
                    0.12876519560813904,
                    0.34978774189949036,
                    1.4100396633148193
                ],
                [
                    0.37273576855659485,
                    0.32056504487991333,
                    0.8708077073097229,
                    3.510338306427002
                ],
                [
                    0.0,
                    0.9384335875511169,
                    -0.3454596698284149,
                    -1.3925925493240356
                ],
                [
                    0.0,
                    0.0,
                    0.0,
                    1.0
                ]
            ]
        },
        {
            "file_path": "/data/shapenet_blender/all_50_random/02958343/76cd991287a5aac9acc9e84c45e9a610/r_1",
            "rotation": 0.12566370614359174,
            "transform_matrix": [
                [
                    0.9383691549301147,
                    0.0699097141623497,
                    0.33849093317985535,
                    1.364500641822815
                ],
                [
                    0.34563490748405457,
                    -0.18979889154434204,
                    -0.9189738035202026,
                    -3.7045018672943115
                ],
                [
                    7.450581485102248e-09,
                    0.9793308973312378,
                    -0.20226463675498962,
                    -0.8153548240661621
                ],
                [
                    0.0,
                    0.0,
                    0.0,
                    1.0
                ]
            ]
        },
        {
            "file_path": "/data/shapenet_blender/all_50_random/02958343/76cd991287a5aac9acc9e84c45e9a610/r_2",
            "rotation": 0.12566370614359174,
            "transform_matrix": [
                [
                    0.8414461612701416,
                    -0.09840419888496399,
                    -0.5313051342964172,
                    -2.1417593955993652
                ],
                [
                    -0.5403411388397217,
                    -0.153239905834198,
                    -0.8273747563362122,
                    -3.335254430770874
                ],
                [
                    0.0,
                    0.9832771420478821,
                    -0.18211497366428375,
                    -0.7341289520263672
                ],
                [
                    0.0,
                    0.0,
                    0.0,
                    1.0
                ]
            ]
        },
        {
            "file_path": "/data/shapenet_blender/all_50_random/02958343/76cd991287a5aac9acc9e84c45e9a610/r_3",
            "rotation": 0.12566370614359174,
            "transform_matrix": [
                [
                    -0.6555069088935852,
                    -0.09413644671440125,
                    0.7492989897727966,
                    3.0205206871032715
                ],
                [
                    0.7551891207695007,
                    -0.08171077072620392,
                    0.6503942012786865,
                    2.6218228340148926
                ],
                [
                    0.0,
                    0.9922003746032715,
                    0.12465281039476395,
                    0.5024915337562561
                ],
                [
                    0.0,
                    0.0,
                    0.0,
                    1.0
                ]
            ]
        },
        {
            "file_path": "/data/shapenet_blender/all_50_random/02958343/76cd991287a5aac9acc9e84c45e9a610/r_4",
            "rotation": 0.12566370614359174,
            "transform_matrix": [
                [
                    -0.6233941912651062,
                    0.3612993657588959,
                    0.6934279203414917,
                    2.795297622680664
                ],
                [
                    0.7819077372550964,
                    0.28805437684059143,
                    0.552851676940918,
                    2.228616714477539
                ],
                [
                    1.4901161193847656e-08,
                    0.8868412375450134,
                    -0.4620741605758667,
                    -1.8626806735992432
                ],
                [
                    0.0,
                    0.0,
                    0.0,
                    1.0
                ]
            ]
        },
        {
            "file_path": "/data/shapenet_blender/all_50_random/02958343/76cd991287a5aac9acc9e84c45e9a610/r_5",
            "rotation": 0.12566370614359174,
            "transform_matrix": [
                [
                    0.9325628876686096,
                    -0.06706321984529495,
                    0.3547240197658539,
                    1.4299383163452148
                ],
                [
                    0.36100777983665466,
                    0.1732391119003296,
                    -0.9163305163383484,
                    -3.6938464641571045
                ],
                [
                    0.0,
                    0.9825939536094666,
                    0.18576666712760925,
                    0.7488493919372559
                ],
                [
                    0.0,
                    0.0,
                    0.0,
                    1.0
                ]
            ]
        },
        {
            "file_path": "/data/shapenet_blender/all_50_random/02958343/76cd991287a5aac9acc9e84c45e9a610/r_6",
            "rotation": 0.12566370614359174,
            "transform_matrix": [
                [
                    0.07507555186748505,
                    0.896981418132782,
                    0.43564650416374207,
                    1.7561473846435547
                ],
                [
                    0.99717777967453,
                    -0.06753196567296982,
                    -0.03279896453022957,
                    -0.13221687078475952
                ],
                [
                    1.8626450382086546e-09,
                    0.4368794858455658,
                    -0.8995200395584106,
                    -3.6260814666748047
                ],
                [
                    0.0,
                    0.0,
                    0.0,
                    1.0
                ]
            ]
        },
        {
            "file_path": "/data/shapenet_blender/all_50_random/02958343/76cd991287a5aac9acc9e84c45e9a610/r_7",
            "rotation": 0.12566370614359174,
            "transform_matrix": [
                [
                    0.5600277185440063,
                    0.16249091923236847,
                    0.812382698059082,
                    3.2748193740844727
                ],
                [
                    0.8284739255905151,
                    -0.10983981192111969,
                    -0.5491504669189453,
                    -2.213696241378784
                ],
                [
                    -7.450580596923828e-09,
                    0.980577290058136,
                    -0.1961328238248825,
                    -0.7906367182731628
                ],
                [
                    0.0,
                    0.0,
                    0.0,
                    1.0
                ]
            ]
        },
        {
            "file_path": "/data/shapenet_blender/all_50_random/02958343/76cd991287a5aac9acc9e84c45e9a610/r_8",
            "rotation": 0.12566370614359174,
            "transform_matrix": [
                [
                    -0.36520856618881226,
                    0.7753634452819824,
                    0.5152031779289246,
                    2.076850414276123
                ],
                [
                    0.930925726890564,
                    0.304180383682251,
                    0.20211772620677948,
                    0.8147625923156738
                ],
                [
                    -1.4901161193847656e-08,
                    0.55343097448349,
                    -0.832895040512085,
                    -3.3575072288513184
                ],
                [
                    0.0,
                    0.0,
                    0.0,
                    1.0
                ]
            ]
        },
        {
            "file_path": "/data/shapenet_blender/all_50_random/02958343/76cd991287a5aac9acc9e84c45e9a610/r_9",
            "rotation": 0.12566370614359174,
            "transform_matrix": [
                [
                    0.5637627243995667,
                    0.4711439609527588,
                    -0.6783766150474548,
                    -2.734623908996582
                ],
                [
                    -0.8259367346763611,
                    0.32159051299095154,
                    -0.46304211020469666,
                    -1.8665825128555298
                ],
                [
                    -1.4901160305669237e-08,
                    0.8213421702384949,
                    0.5704357624053955,
                    2.2995004653930664
                ],
                [
                    0.0,
                    0.0,
                    0.0,
                    1.0
                ]
            ]
        },
        {
            "file_path": "/data/shapenet_blender/all_50_random/02958343/76cd991287a5aac9acc9e84c45e9a610/r_10",
            "rotation": 0.12566370614359174,
            "transform_matrix": [
                [
                    -0.9886198043823242,
                    0.12287554889917374,
                    -0.08678965270519257,
                    -0.3498603105545044
                ],
                [
                    -0.15043552219867706,
                    -0.8075034618377686,
                    0.570357084274292,
                    2.2991831302642822
                ],
                [
                    0.0,
                    0.576922595500946,
                    0.816798746585846,
                    3.292621374130249
                ],
                [
                    0.0,
                    0.0,
                    0.0,
                    1.0
                ]
            ]
        },
        {
            "file_path": "/data/shapenet_blender/all_50_random/02958343/76cd991287a5aac9acc9e84c45e9a610/r_11",
            "rotation": 0.12566370614359174,
            "transform_matrix": [
                [
                    0.2578818202018738,
                    0.9249109029769897,
                    0.2793506979942322,
                    1.1260985136032104
                ],
                [
                    0.966176450252533,
                    -0.24686765670776367,
                    -0.07456139475107193,
                    -0.30056655406951904
                ],
                [
                    0.0,
                    0.28913018107414246,
                    -0.9572898745536804,
                    -3.8589584827423096
                ],
                [
                    0.0,
                    0.0,
                    0.0,
                    1.0
                ]
            ]
        },
        {
            "file_path": "/data/shapenet_blender/all_50_random/02958343/76cd991287a5aac9acc9e84c45e9a610/r_12",
            "rotation": 0.12566370614359174,
            "transform_matrix": [
                [
                    -0.9612442255020142,
                    -0.2558577060699463,
                    0.10269573330879211,
                    0.41397973895072937
                ],
                [
                    0.27569836378097534,
                    -0.8920682072639465,
                    0.35805681347846985,
                    1.443373203277588
                ],
                [
                    -7.450580596923828e-09,
                    0.37249305844306946,
                    0.9280349612236023,
                    3.7410285472869873
                ],
                [
                    0.0,
                    0.0,
                    0.0,
                    1.0
                ]
            ]
        },
        {
            "file_path": "/data/shapenet_blender/all_50_random/02958343/76cd991287a5aac9acc9e84c45e9a610/r_13",
            "rotation": 0.12566370614359174,
            "transform_matrix": [
                [
                    -0.6739877462387085,
                    -0.2530650198459625,
                    0.6940451264381409,
                    2.7977852821350098
                ],
                [
                    0.7387425303459167,
                    -0.23088252544403076,
                    0.6332083344459534,
                    2.552544355392456
                ],
                [
                    1.4901161193847656e-08,
                    0.9394950866699219,
                    0.3425619602203369,
                    1.3809114694595337
                ],
                [
                    0.0,
                    0.0,
                    0.0,
                    1.0
                ]
            ]
        },
        {
            "file_path": "/data/shapenet_blender/all_50_random/02958343/76cd991287a5aac9acc9e84c45e9a610/r_14",
            "rotation": 0.12566370614359174,
            "transform_matrix": [
                [
                    0.4067067503929138,
                    -0.8187187910079956,
                    0.40532588958740234,
                    1.6339210271835327
                ],
                [
                    0.9135587215423584,
                    0.3644849956035614,
                    -0.1804468333721161,
                    -0.7274045348167419
                ],
                [
                    0.0,
                    0.4436778724193573,
                    0.8961862325668335,
                    3.612642526626587
                ],
                [
                    0.0,
                    0.0,
                    0.0,
                    1.0
                ]
            ]
        },
        {
            "file_path": "/data/shapenet_blender/all_50_random/02958343/76cd991287a5aac9acc9e84c45e9a610/r_15",
            "rotation": 0.12566370614359174,
            "transform_matrix": [
                [
                    -0.991324245929718,
                    0.01543867401778698,
                    0.13052880764007568,
                    0.5261784791946411
                ],
                [
                    0.13143865764141083,
                    0.11644010245800018,
                    0.9844620227813721,
                    3.9684934616088867
                ],
                [
                    9.313225191043273e-10,
                    0.9930776953697205,
                    -0.11745914071798325,
                    -0.47349295020103455
                ],
                [
                    0.0,
                    0.0,
                    0.0,
                    1.0
                ]
            ]
        },
        {
            "file_path": "/data/shapenet_blender/all_50_random/02958343/76cd991287a5aac9acc9e84c45e9a610/r_16",
            "rotation": 0.12566370614359174,
            "transform_matrix": [
                [
                    -0.6111817955970764,
                    0.4354870021343231,
                    -0.6609143018722534,
                    -2.664231061935425
                ],
                [
                    -0.7914900779724121,
                    -0.3362793028354645,
                    0.5103522539138794,
                    2.05729603767395
                ],
                [
                    -1.4901159417490817e-08,
                    0.8350253701210022,
                    0.5502114295959473,
                    2.217973470687866
                ],
                [
                    0.0,
                    0.0,
                    0.0,
                    1.0
                ]
            ]
        },
        {
            "file_path": "/data/shapenet_blender/all_50_random/02958343/76cd991287a5aac9acc9e84c45e9a610/r_17",
            "rotation": 0.12566370614359174,
            "transform_matrix": [
                [
                    -0.9637970924377441,
                    -0.0786660686135292,
                    0.2547685205936432,
                    1.0270048379898071
                ],
                [
                    0.2666371762752533,
                    -0.2843494415283203,
                    0.9208961725234985,
                    3.712251663208008
                ],
                [
                    0.0,
                    0.9554877877235413,
                    0.295030415058136,
                    1.1893057823181152
                ],
                [
                    0.0,
                    0.0,
                    0.0,
                    1.0
                ]
            ]
        },
        {
            "file_path": "/data/shapenet_blender/all_50_random/02958343/76cd991287a5aac9acc9e84c45e9a610/r_18",
            "rotation": 0.12566370614359174,
            "transform_matrix": [
                [
                    0.6565220355987549,
                    0.3683176040649414,
                    -0.6582711338996887,
                    -2.653575897216797
                ],
                [
                    -0.7543066740036011,
                    0.320570707321167,
                    -0.5729360580444336,
                    -2.3095791339874268
                ],
                [
                    1.4901158529312397e-08,
                    0.8726835250854492,
                    0.48828622698783875,
                    1.9683446884155273
                ],
                [
                    0.0,
                    0.0,
                    0.0,
                    1.0
                ]
            ]
        },
        {
            "file_path": "/data/shapenet_blender/all_50_random/02958343/76cd991287a5aac9acc9e84c45e9a610/r_19",
            "rotation": 0.12566370614359174,
            "transform_matrix": [
                [
                    0.7849019765853882,
                    -0.5594141483306885,
                    -0.2664296329021454,
                    -1.074012279510498
                ],
                [
                    -0.6196200847625732,
                    -0.7086362838745117,
                    -0.3374989628791809,
                    -1.360502004623413
                ],
                [
                    0.0,
                    0.4299887418746948,
                    -0.9028341174125671,
                    -3.6394412517547607
                ],
                [
                    0.0,
                    0.0,
                    0.0,
                    1.0
                ]
            ]
        },
        {
            "file_path": "/data/shapenet_blender/all_50_random/02958343/76cd991287a5aac9acc9e84c45e9a610/r_20",
            "rotation": 0.12566370614359174,
            "transform_matrix": [
                [
                    -0.3260703384876251,
                    0.7320230603218079,
                    0.5981809496879578,
                    2.411344528198242
                ],
                [
                    0.9453455209732056,
                    0.252490758895874,
                    0.2063257098197937,
                    0.831725537776947
                ],
                [
                    1.4901160305669237e-08,
                    0.6327643990516663,
                    -0.7743443846702576,
                    -3.1214821338653564
                ],
                [
                    0.0,
                    0.0,
                    0.0,
                    1.0
                ]
            ]
        },
        {
            "file_path": "/data/shapenet_blender/all_50_random/02958343/76cd991287a5aac9acc9e84c45e9a610/r_21",
            "rotation": 0.12566370614359174,
            "transform_matrix": [
                [
                    -0.9790038466453552,
                    0.07404854893684387,
                    0.18991661071777344,
                    0.7655782699584961
                ],
                [
                    0.20384185016155243,
                    0.3556375205516815,
                    0.9121242165565491,
                    3.6768898963928223
                ],
                [
                    0.0,
                    0.9316858649253845,
                    -0.36326470971107483,
                    -1.4643666744232178
                ],
                [
                    0.0,
                    0.0,
                    0.0,
                    1.0
                ]
            ]
        },
        {
            "file_path": "/data/shapenet_blender/all_50_random/02958343/76cd991287a5aac9acc9e84c45e9a610/r_22",
            "rotation": 0.12566370614359174,
            "transform_matrix": [
                [
                    0.8730454444885254,
                    -0.04678311198949814,
                    -0.4853895902633667,
                    -1.9566681385040283
                ],
                [
                    -0.4876389801502228,
                    -0.08375824242830276,
                    -0.8690181970596313,
                    -3.503124713897705
                ],
                [
                    -3.725290742551124e-09,
                    0.9953871965408325,
                    -0.09593801200389862,
                    -0.38673853874206543
                ],
                [
                    0.0,
                    0.0,
                    0.0,
                    1.0
                ]
            ]
        },
        {
            "file_path": "/data/shapenet_blender/all_50_random/02958343/76cd991287a5aac9acc9e84c45e9a610/r_23",
            "rotation": 0.12566370614359174,
            "transform_matrix": [
                [
                    -0.4973689615726471,
                    -0.09289897978305817,
                    -0.8625507950782776,
                    -3.47705340385437
                ],
                [
                    -0.8675390481948853,
                    0.05325993523001671,
                    0.49450919032096863,
                    1.993430256843567
                ],
                [
                    0.0,
                    0.9942499995231628,
                    -0.10708333551883698,
                    -0.4316667318344116
                ],
                [
                    0.0,
                    0.0,
                    0.0,
                    1.0
                ]
            ]
        },
        {
            "file_path": "/data/shapenet_blender/all_50_random/02958343/76cd991287a5aac9acc9e84c45e9a610/r_24",
            "rotation": 0.12566370614359174,
            "transform_matrix": [
                [
                    -0.6467866897583008,
                    0.09485090523958206,
                    -0.7567498683929443,
                    -3.050556182861328
                ],
                [
                    -0.7626709938049316,
                    -0.08043874800205231,
                    0.6417652368545532,
                    2.587038516998291
                ],
                [
                    3.725290298461914e-09,
                    0.9922361969947815,
                    0.12436675280332565,
                    0.5013384222984314
                ],
                [
                    0.0,
                    0.0,
                    0.0,
                    1.0
                ]
            ]
        },
        {
            "file_path": "/data/shapenet_blender/all_50_random/02958343/76cd991287a5aac9acc9e84c45e9a610/r_25",
            "rotation": 0.12566370614359174,
            "transform_matrix": [
                [
                    -0.7810142636299133,
                    0.1768382340669632,
                    0.5989531874656677,
                    2.4144577980041504
                ],
                [
                    0.6245131492614746,
                    0.22115333378314972,
                    0.7490489482879639,
                    3.0195131301879883
                ],
                [
                    0.0,
                    0.9590721726417542,
                    -0.2831616699695587,
                    -1.1414613723754883
                ],
                [
                    0.0,
                    0.0,
                    0.0,
                    1.0
                ]
            ]
        },
        {
            "file_path": "/data/shapenet_blender/all_50_random/02958343/76cd991287a5aac9acc9e84c45e9a610/r_26",
            "rotation": 0.12566370614359174,
            "transform_matrix": [
                [
                    0.3286137580871582,
                    0.5844317078590393,
                    0.7419248223304749,
                    2.9907946586608887
                ],
                [
                    0.9444645047187805,
                    -0.2033451944589615,
                    -0.2581427991390228,
                    -1.0406068563461304
                ],
                [
                    0.0,
                    0.7855508923530579,
                    -0.6187970042228699,
                    -2.494450569152832
                ],
                [
                    0.0,
                    0.0,
                    0.0,
                    1.0
                ]
            ]
        },
        {
            "file_path": "/data/shapenet_blender/all_50_random/02958343/76cd991287a5aac9acc9e84c45e9a610/r_27",
            "rotation": 0.12566370614359174,
            "transform_matrix": [
                [
                    0.6333981156349182,
                    -0.5806263089179993,
                    -0.5115465521812439,
                    -2.062110424041748
                ],
                [
                    -0.7738261222839355,
                    -0.4752587080001831,
                    -0.41871505975723267,
                    -1.6878944635391235
                ],
                [
                    1.4901161193847656e-08,
                    0.6610614657402039,
                    -0.750331699848175,
                    -3.024683952331543
                ],
                [
                    0.0,
                    0.0,
                    0.0,
                    1.0
                ]
            ]
        },
        {
            "file_path": "/data/shapenet_blender/all_50_random/02958343/76cd991287a5aac9acc9e84c45e9a610/r_28",
            "rotation": 0.12566370614359174,
            "transform_matrix": [
                [
                    0.26907116174697876,
                    0.1841532588005066,
                    0.9453508853912354,
                    3.810831069946289
                ],
                [
                    0.9631202816963196,
                    -0.05144770070910454,
                    -0.264106810092926,
                    -1.0646486282348633
                ],
                [
                    -3.7252898543727042e-09,
                    0.9815502166748047,
                    -0.19120481610298157,
                    -0.7707712650299072
                ],
                [
                    0.0,
                    0.0,
                    0.0,
                    1.0
                ]
            ]
        },
        {
            "file_path": "/data/shapenet_blender/all_50_random/02958343/76cd991287a5aac9acc9e84c45e9a610/r_29",
            "rotation": 0.12566370614359174,
            "transform_matrix": [
                [
                    -0.5004823207855225,
                    -0.38927868008613586,
                    0.773291289806366,
                    3.117237091064453
                ],
                [
                    0.8657466769218445,
                    -0.22503937780857086,
                    0.44703447818756104,
                    1.802053689956665
                ],
                [
                    0.0,
                    0.893207311630249,
                    0.44964495301246643,
                    1.8125767707824707
                ],
                [
                    0.0,
                    0.0,
                    0.0,
                    1.0
                ]
            ]
        },
        {
            "file_path": "/data/shapenet_blender/all_50_random/02958343/76cd991287a5aac9acc9e84c45e9a610/r_30",
            "rotation": 0.12566370614359174,
            "transform_matrix": [
                [
                    -0.38063761591911316,
                    -0.47595781087875366,
                    -0.7928297519683838,
                    -3.1959991455078125
                ],
                [
                    -0.9247244000434875,
                    0.1959150731563568,
                    0.326346755027771,
                    1.315545916557312
                ],
                [
                    0.0,
                    0.8573688864707947,
                    -0.5147023797035217,
                    -2.074831962585449
                ],
                [
                    0.0,
                    0.0,
                    0.0,
                    1.0
                ]
            ]
        },
        {
            "file_path": "/data/shapenet_blender/all_50_random/02958343/76cd991287a5aac9acc9e84c45e9a610/r_31",
            "rotation": 0.12566370614359174,
            "transform_matrix": [
                [
                    -0.8973081111907959,
                    0.11462465673685074,
                    -0.4262620806694031,
                    -1.7183173894882202
                ],
                [
                    -0.4414047598838806,
                    -0.233014315366745,
                    0.8665253520011902,
                    3.493075370788574
                ],
                [
                    7.450580596923828e-09,
                    0.9656942486763,
                    0.2596815228462219,
                    1.0468096733093262
                ],
                [
                    0.0,
                    0.0,
                    0.0,
                    1.0
                ]
            ]
        },
        {
            "file_path": "/data/shapenet_blender/all_50_random/02958343/76cd991287a5aac9acc9e84c45e9a610/r_32",
            "rotation": 0.12566370614359174,
            "transform_matrix": [
                [
                    -0.1376914083957672,
                    -0.9624338746070862,
                    -0.23401254415512085,
                    -0.943334698677063
                ],
                [
                    -0.9904751777648926,
                    0.13379323482513428,
                    0.03253136947751045,
                    0.1311381459236145
                ],
                [
                    0.0,
                    0.23626290261745453,
                    -0.9716891646385193,
                    -3.917004108428955
                ],
                [
                    0.0,
                    0.0,
                    0.0,
                    1.0
                ]
            ]
        },
        {
            "file_path": "/data/shapenet_blender/all_50_random/02958343/76cd991287a5aac9acc9e84c45e9a610/r_33",
            "rotation": 0.12566370614359174,
            "transform_matrix": [
                [
                    0.2838813066482544,
                    -0.37222760915756226,
                    0.883661687374115,
                    3.5621542930603027
                ],
                [
                    0.9588594436645508,
                    0.11020223796367645,
                    -0.26161816716194153,
                    -1.0546165704727173
                ],
                [
                    7.450580596923828e-09,
                    0.9215759038925171,
                    0.38819828629493713,
                    1.5648773908615112
                ],
                [
                    0.0,
                    0.0,
                    0.0,
                    1.0
                ]
            ]
        },
        {
            "file_path": "/data/shapenet_blender/all_50_random/02958343/76cd991287a5aac9acc9e84c45e9a610/r_34",
            "rotation": 0.12566370614359174,
            "transform_matrix": [
                [
                    0.9374164938926697,
                    0.24837148189544678,
                    -0.24405305087566376,
                    -0.9838093519210815
                ],
                [
                    -0.3482101261615753,
                    0.6686409115791321,
                    -0.6570152044296265,
                    -2.6485133171081543
                ],
                [
                    1.4901160305669237e-08,
                    0.7008786797523499,
                    0.7132803797721863,
                    2.8753254413604736
                ],
                [
                    0.0,
                    0.0,
                    0.0,
                    1.0
                ]
            ]
        },
        {
            "file_path": "/data/shapenet_blender/all_50_random/02958343/76cd991287a5aac9acc9e84c45e9a610/r_35",
            "rotation": 0.12566370614359174,
            "transform_matrix": [
                [
                    0.7098016738891602,
                    0.4651564955711365,
                    -0.5289716124534607,
                    -2.132352828979492
                ],
                [
                    -0.7044015526771545,
                    0.46872249245643616,
                    -0.5330268144607544,
                    -2.1486997604370117
                ],
                [
                    1.4901162970204496e-08,
                    0.7509517669677734,
                    0.6603569984436035,
                    2.6619842052459717
                ],
                [
                    0.0,
                    0.0,
                    0.0,
                    1.0
                ]
            ]
        },
        {
            "file_path": "/data/shapenet_blender/all_50_random/02958343/76cd991287a5aac9acc9e84c45e9a610/r_36",
            "rotation": 0.12566370614359174,
            "transform_matrix": [
                [
                    0.1575014740228653,
                    0.8228853940963745,
                    0.5459420680999756,
                    2.200762987136841
                ],
                [
                    0.9875187873840332,
                    -0.1312437355518341,
                    -0.08707346022129059,
                    -0.35100433230400085
                ],
                [
                    0.0,
                    0.5528422594070435,
                    -0.8332859873771667,
                    -3.3590831756591797
                ],
                [
                    0.0,
                    0.0,
                    0.0,
                    1.0
                ]
            ]
        },
        {
            "file_path": "/data/shapenet_blender/all_50_random/02958343/76cd991287a5aac9acc9e84c45e9a610/r_37",
            "rotation": 0.12566370614359174,
            "transform_matrix": [
                [
                    0.3412165343761444,
                    -0.07216525077819824,
                    0.9372105002403259,
                    3.7780163288116455
                ],
                [
                    0.9399847984313965,
                    0.02619614452123642,
                    -0.3402094542980194,
                    -1.37142813205719
                ],
                [
                    -1.862645371275562e-09,
                    0.997048556804657,
                    0.07677280157804489,
                    0.30948105454444885
                ],
                [
                    0.0,
                    0.0,
                    0.0,
                    1.0
                ]
            ]
        },
        {
            "file_path": "/data/shapenet_blender/all_50_random/02958343/76cd991287a5aac9acc9e84c45e9a610/r_38",
            "rotation": 0.12566370614359174,
            "transform_matrix": [
                [
                    -0.41828104853630066,
                    0.16241884231567383,
                    0.8936784267425537,
                    3.6025328636169434
                ],
                [
                    0.9083177447319031,
                    0.07479400932788849,
                    0.41153964400291443,
                    1.6589694023132324
                ],
                [
                    0.0,
                    0.9838830828666687,
                    -0.17881283164024353,
                    -0.7208175659179688
                ],
                [
                    0.0,
                    0.0,
                    0.0,
                    1.0
                ]
            ]
        },
        {
            "file_path": "/data/shapenet_blender/all_50_random/02958343/76cd991287a5aac9acc9e84c45e9a610/r_39",
            "rotation": 0.12566370614359174,
            "transform_matrix": [
                [
                    0.9511763453483582,
                    -0.14160285890102386,
                    -0.274248331785202,
                    -1.1055303812026978
                ],
                [
                    -0.30864790081977844,
                    -0.4363849461078644,
                    -0.8451654314994812,
                    -3.406970739364624
                ],
                [
                    7.450580596923828e-09,
                    0.8885474801063538,
                    -0.4587845802307129,
                    -1.8494198322296143
                ],
                [
                    0.0,
                    0.0,
                    0.0,
                    1.0
                ]
            ]
        },
        {
            "file_path": "/data/shapenet_blender/all_50_random/02958343/76cd991287a5aac9acc9e84c45e9a610/r_40",
            "rotation": 0.12566370614359174,
            "transform_matrix": [
                [
                    0.197580948472023,
                    0.1541631668806076,
                    0.9680885672569275,
                    3.9024899005889893
                ],
                [
                    0.9802865982055664,
                    -0.03107224404811859,
                    -0.1951223909854889,
                    -0.786563515663147
                ],
                [
                    -1.862645149230957e-09,
                    0.9875566959381104,
                    -0.1572633683681488,
                    -0.6339489221572876
                ],
                [
                    0.0,
                    0.0,
                    0.0,
                    1.0
                ]
            ]
        },
        {
            "file_path": "/data/shapenet_blender/all_50_random/02958343/76cd991287a5aac9acc9e84c45e9a610/r_41",
            "rotation": 0.12566370614359174,
            "transform_matrix": [
                [
                    -0.33801719546318054,
                    0.3184073865413666,
                    -0.8856416344642639,
                    -3.5701355934143066
                ],
                [
                    -0.9411399960517883,
                    -0.11435830593109131,
                    0.31808456778526306,
                    1.2822399139404297
                ],
                [
