{
    "class": "02958343",
    "model": "3d81e36e5252c8f0becf71e2e014ff6f",
    "remove_doubles": true,
    "edge_split": true,
    "denoise": true,
    "camera_angle_x": 0.6911112070083618,
    "scale_factor": 2.3322773323828443,
    "hdri_file": "/data/IndoorHDRDataset2018/AG8A2811-6d5056f4a2.exr",
    "center_offset": [
        0.0,
        -1.862645149230957e-09,
        0.0
    ],
    "lights": [],
    "frames": [
        {
            "file_path": "/data/shapenet_blender/all_50_random/02958343/3d81e36e5252c8f0becf71e2e014ff6f/r_0",
            "rotation": 0.12566370614359174,
            "transform_matrix": [
                [
                    -0.5061455368995667,
                    0.07183503359556198,
                    -0.859451174736023,
                    -3.4645586013793945
                ],
                [
                    -0.8624480366706848,
                    -0.04215788468718529,
                    0.5043867826461792,
                    2.03324818611145
                ],
                [
                    0.0,
                    0.9965251684188843,
                    0.08329201489686966,
                    0.33576086163520813
                ],
                [
                    0.0,
                    0.0,
                    0.0,
                    1.0
                ]
            ]
        },
        {
            "file_path": "/data/shapenet_blender/all_50_random/02958343/3d81e36e5252c8f0becf71e2e014ff6f/r_1",
            "rotation": 0.12566370614359174,
            "transform_matrix": [
                [
                    -0.3097408413887024,
                    0.05132320150732994,
                    -0.9494348764419556,
                    -3.82729434967041
                ],
                [
                    -0.950821042060852,
                    -0.016719119623303413,
                    0.30928927659988403,
                    1.2467849254608154
                ],
                [
                    0.0,
                    0.9985421299934387,
                    0.053977783769369125,
                    0.21759140491485596
                ],
                [
                    0.0,
                    0.0,
                    0.0,
                    1.0
                ]
            ]
        },
        {
            "file_path": "/data/shapenet_blender/all_50_random/02958343/3d81e36e5252c8f0becf71e2e014ff6f/r_2",
            "rotation": 0.12566370614359174,
            "transform_matrix": [
                [
                    -0.7610994577407837,
                    0.15160547196865082,
                    0.6306688785552979,
                    2.5423078536987305
                ],
                [
                    0.6486350893974304,
                    0.17789176106452942,
                    0.7400181293487549,
                    2.9831087589263916
                ],
                [
                    0.0,
                    0.9723015427589417,
                    -0.23372992873191833,
                    -0.9421955347061157
                ],
                [
                    0.0,
                    0.0,
                    0.0,
                    1.0
                ]
            ]
        },
        {
            "file_path": "/data/shapenet_blender/all_50_random/02958343/3d81e36e5252c8f0becf71e2e014ff6f/r_3",
            "rotation": 0.12566370614359174,
            "transform_matrix": [
                [
                    -0.02012805826961994,
                    -0.189853698015213,
                    0.9816060066223145,
                    3.9569804668426514
                ],
                [
                    0.9997974038124084,
                    -0.003822160651907325,
                    0.0197618268430233,
                    0.07966247200965881
                ],
                [
                    -2.3283062977608182e-10,
                    0.9818049669265747,
                    0.18989215791225433,
                    0.7654797434806824
                ],
                [
                    0.0,
                    0.0,
                    0.0,
                    1.0
                ]
            ]
        },
        {
            "file_path": "/data/shapenet_blender/all_50_random/02958343/3d81e36e5252c8f0becf71e2e014ff6f/r_4",
            "rotation": 0.12566370614359174,
            "transform_matrix": [
                [
                    0.9527288675308228,
                    -0.16029350459575653,
                    0.25809621810913086,
                    1.0404189825057983
                ],
                [
                    0.30382174253463745,
                    0.502650797367096,
                    -0.809342086315155,
                    -3.262561798095703
                ],
                [
                    1.4901159417490817e-08,
                    0.8494986891746521,
                    0.5275906920433044,
                    2.1267857551574707
                ],
                [
                    0.0,
                    0.0,
                    0.0,
                    1.0
                ]
            ]
        },
        {
            "file_path": "/data/shapenet_blender/all_50_random/02958343/3d81e36e5252c8f0becf71e2e014ff6f/r_5",
            "rotation": 0.12566370614359174,
            "transform_matrix": [
                [
                    -0.4286089539527893,
                    0.28195711970329285,
                    0.858367383480072,
                    3.4601895809173584
                ],
                [
                    0.9034901857376099,
                    0.1337583363056183,
                    0.4072030186653137,
                    1.6414878368377686
                ],
                [
                    0.0,
                    0.9500572681427002,
                    -0.31207549571990967,
                    -1.258016586303711
                ],
                [
                    0.0,
                    0.0,
                    0.0,
                    1.0
                ]
            ]
        },
        {
            "file_path": "/data/shapenet_blender/all_50_random/02958343/3d81e36e5252c8f0becf71e2e014ff6f/r_6",
            "rotation": 0.12566370614359174,
            "transform_matrix": [
                [
                    -0.7746902704238892,
                    0.4728270471096039,
                    0.4198686182498932,
                    1.6925445795059204
                ],
                [
                    0.6323409676551819,
                    0.5792673230171204,
                    0.5143871903419495,
                    2.073561191558838
                ],
                [
                    0.0,
                    0.6639909148216248,
                    -0.747740626335144,
                    -3.0142388343811035
                ],
                [
                    0.0,
                    0.0,
                    0.0,
                    1.0
                ]
            ]
        },
        {
            "file_path": "/data/shapenet_blender/all_50_random/02958343/3d81e36e5252c8f0becf71e2e014ff6f/r_7",
            "rotation": 0.12566370614359174,
            "transform_matrix": [
                [
                    -0.7789866924285889,
                    -0.41013243794441223,
                    0.4743111729621887,
                    1.9120094776153564
                ],
                [
                    0.627040445804596,
                    -0.5095168948173523,
                    0.5892475843429565,
                    2.375333070755005
                ],
                [
                    1.4901161193847656e-08,
                    0.7564283013343811,
                    0.6540765762329102,
                    2.636667013168335
                ],
                [
                    0.0,
                    0.0,
                    0.0,
                    1.0
                ]
            ]
        },
        {
            "file_path": "/data/shapenet_blender/all_50_random/02958343/3d81e36e5252c8f0becf71e2e014ff6f/r_8",
            "rotation": 0.12566370614359174,
            "transform_matrix": [
                [
                    0.9707175493240356,
                    0.1746835559606552,
                    0.16490322351455688,
                    0.6647461652755737
                ],
                [
                    0.2402237057685852,
                    -0.7058770656585693,
                    -0.6663557887077332,
                    -2.6861660480499268
                ],
                [
                    0.0,
                    0.6864568591117859,
                    -0.727170467376709,
                    -2.9313178062438965
                ],
                [
                    0.0,
                    0.0,
                    0.0,
                    1.0
                ]
            ]
        },
        {
            "file_path": "/data/shapenet_blender/all_50_random/02958343/3d81e36e5252c8f0becf71e2e014ff6f/r_9",
            "rotation": 0.12566370614359174,
            "transform_matrix": [
                [
                    -0.9996630549430847,
                    -0.0017258042935281992,
                    -0.025901902467012405,
                    -0.10441389679908752
                ],
                [
                    -0.025959331542253494,
                    0.06645867228507996,
                    0.9974514842033386,
                    4.020854949951172
                ],
                [
                    0.0,
                    0.9977877736091614,
                    -0.0664810761809349,
                    -0.2679937481880188
                ],
                [
                    0.0,
                    0.0,
                    0.0,
                    1.0
                ]
            ]
        },
        {
            "file_path": "/data/shapenet_blender/all_50_random/02958343/3d81e36e5252c8f0becf71e2e014ff6f/r_10",
            "rotation": 0.12566370614359174,
            "transform_matrix": [
                [
                    -0.1976657211780548,
                    -0.027423473075032234,
                    -0.9798856973648071,
                    -3.9500460624694824
                ],
                [
                    -0.9802695512771606,
                    0.0055297850631177425,
                    0.19758829474449158,
                    0.796504020690918
                ],
                [
                    0.0,
                    0.99960857629776,
                    -0.02797544002532959,
                    -0.1127726212143898
                ],
                [
                    0.0,
                    0.0,
                    0.0,
                    1.0
                ]
            ]
        },
        {
            "file_path": "/data/shapenet_blender/all_50_random/02958343/3d81e36e5252c8f0becf71e2e014ff6f/r_11",
            "rotation": 0.12566370614359174,
            "transform_matrix": [
                [
                    -0.9448092579841614,
                    0.0014001235831528902,
                    -0.3276178538799286,
                    -1.3206697702407837
                ],
                [
                    -0.32762083411216736,
                    -0.004037745762616396,
                    0.944800615310669,
                    3.8086130619049072
                ],
                [
                    0.0,
                    0.9999908804893494,
                    0.004273609258234501,
                    0.017227470874786377
                ],
                [
                    0.0,
                    0.0,
                    0.0,
                    1.0
                ]
            ]
        },
        {
            "file_path": "/data/shapenet_blender/all_50_random/02958343/3d81e36e5252c8f0becf71e2e014ff6f/r_12",
            "rotation": 0.12566370614359174,
            "transform_matrix": [
                [
                    -0.5059664249420166,
                    -0.21114319562911987,
                    -0.8363112807273865,
                    -3.3712782859802246
                ],
                [
                    -0.8625531792640686,
                    0.12385483086109161,
                    0.4905731678009033,
                    1.977563500404358
                ],
                [
                    7.450580596923828e-09,
                    0.9695764183998108,
                    -0.24478864669799805,
                    -0.9867745041847229
                ],
                [
                    0.0,
                    0.0,
                    0.0,
                    1.0
                ]
            ]
        },
        {
            "file_path": "/data/shapenet_blender/all_50_random/02958343/3d81e36e5252c8f0becf71e2e014ff6f/r_13",
            "rotation": 0.12566370614359174,
            "transform_matrix": [
                [
                    0.9029793739318848,
                    0.06403108686208725,
                    -0.42488640546798706,
                    -1.7127718925476074
                ],
                [
                    -0.4296841621398926,
                    0.13456104695796967,
                    -0.8928968906402588,
                    -3.5993824005126953
                ],
                [
                    0.0,
                    0.9888343214988708,
                    0.14901897311210632,
                    0.6007146835327148
                ],
                [
                    0.0,
                    0.0,
                    0.0,
                    1.0
                ]
            ]
        },
        {
            "file_path": "/data/shapenet_blender/all_50_random/02958343/3d81e36e5252c8f0becf71e2e014ff6f/r_14",
            "rotation": 0.12566370614359174,
            "transform_matrix": [
                [
                    0.19562777876853943,
                    0.4321591258049011,
                    -0.8803227543830872,
                    -3.5486948490142822
                ],
                [
                    -0.9806783199310303,
                    0.08620801568031311,
                    -0.17560863494873047,
                    -0.707901120185852
                ],
                [
                    0.0,
                    0.8976672887802124,
                    0.44067367911338806,
                    1.7764124870300293
                ],
                [
                    0.0,
                    0.0,
                    0.0,
                    1.0
                ]
            ]
        },
        {
            "file_path": "/data/shapenet_blender/all_50_random/02958343/3d81e36e5252c8f0becf71e2e014ff6f/r_15",
            "rotation": 0.12566370614359174,
            "transform_matrix": [
                [
                    -0.9070444703102112,
                    0.051678672432899475,
                    0.4178513288497925,
                    1.6844125986099243
                ],
                [
                    0.4210350215435028,
                    0.11133245378732681,
                    0.9001858830451965,
                    3.628765344619751
                ],
                [
                    0.0,
                    0.9924386143684387,
                    -0.12274199724197388,
                    -0.4947888255119324
                ],
                [
                    0.0,
                    0.0,
                    0.0,
                    1.0
                ]
            ]
        },
        {
            "file_path": "/data/shapenet_blender/all_50_random/02958343/3d81e36e5252c8f0becf71e2e014ff6f/r_16",
            "rotation": 0.12566370614359174,
            "transform_matrix": [
                [
                    -0.8173816204071045,
                    0.24599198997020721,
                    -0.5209367871284485,
                    -2.099963665008545
                ],
                [
                    -0.5760965347290039,
                    -0.34902018308639526,
                    0.7391194105148315,
                    2.9794859886169434
                ],
                [
                    0.0,
                    0.9042527675628662,
                    0.42699775099754333,
                    1.7212830781936646
                ],
                [
                    0.0,
                    0.0,
                    0.0,
                    1.0
                ]
            ]
        },
        {
            "file_path": "/data/shapenet_blender/all_50_random/02958343/3d81e36e5252c8f0becf71e2e014ff6f/r_17",
            "rotation": 0.12566370614359174,
            "transform_matrix": [
                [
                    -0.6938990950584412,
                    0.3073464334011078,
                    -0.651185154914856,
                    -2.625011444091797
                ],
                [
                    -0.7200722694396973,
                    -0.2961750626564026,
                    0.6275159120559692,
                    2.529597759246826
                ],
                [
                    -2.9802322387695312e-08,
                    0.9043331742286682,
                    0.42682725191116333,
                    1.7205959558486938
                ],
                [
                    0.0,
                    0.0,
                    0.0,
                    1.0
                ]
            ]
        },
        {
            "file_path": "/data/shapenet_blender/all_50_random/02958343/3d81e36e5252c8f0becf71e2e014ff6f/r_18",
            "rotation": 0.12566370614359174,
            "transform_matrix": [
                [
                    0.9640103578567505,
                    -0.028943698853254318,
                    -0.2642844319343567,
                    -1.0653645992279053
                ],
                [
                    -0.26586461067199707,
                    -0.1049482449889183,
                    -0.9582806825637817,
                    -3.862952947616577
                ],
                [
                    0.0,
                    0.9940562844276428,
                    -0.10886631906032562,
                    -0.4388541579246521
                ],
                [
                    0.0,
                    0.0,
                    0.0,
                    1.0
                ]
            ]
        },
        {
            "file_path": "/data/shapenet_blender/all_50_random/02958343/3d81e36e5252c8f0becf71e2e014ff6f/r_19",
            "rotation": 0.12566370614359174,
            "transform_matrix": [
                [
                    -0.5887691974639893,
                    -0.1433531641960144,
                    -0.7954877018928528,
                    -3.2067136764526367
                ],
                [
                    -0.8083013296127319,
                    0.10441888868808746,
                    0.5794357061386108,
                    2.335780382156372
                ],
                [
                    -7.450581485102248e-09,
                    0.9841476082801819,
                    -0.17735114693641663,
                    -0.7149254083633423
                ],
                [
                    0.0,
                    0.0,
                    0.0,
                    1.0
                ]
            ]
        },
        {
            "file_path": "/data/shapenet_blender/all_50_random/02958343/3d81e36e5252c8f0becf71e2e014ff6f/r_20",
            "rotation": 0.12566370614359174,
            "transform_matrix": [
                [
                    -0.2814456820487976,
                    0.8723418116569519,
                    -0.39976006746292114,
                    -1.611484408378601
                ],
                [
                    -0.959577202796936,
                    -0.255859375,
                    0.11725032329559326,
                    0.4726511836051941
                ],
                [
                    0.0,
                    0.41660013794898987,
                    0.9090897440910339,
                    3.6646580696105957
                ],
                [
                    0.0,
                    0.0,
                    0.0,
                    1.0
                ]
            ]
        },
        {
            "file_path": "/data/shapenet_blender/all_50_random/02958343/3d81e36e5252c8f0becf71e2e014ff6f/r_21",
            "rotation": 0.12566370614359174,
            "transform_matrix": [
                [
                    -0.6181832551956177,
                    0.11842846870422363,
                    0.7770611643791199,
                    3.1324338912963867
                ],
                [
                    0.7860339283943176,
                    0.09313910454511642,
                    0.6111265420913696,
                    2.4635300636291504
                ],
                [
                    7.450580152834618e-09,
                    0.9885847568511963,
                    -0.15066583454608917,
                    -0.6073534488677979
                ],
                [
                    0.0,
                    0.0,
                    0.0,
                    1.0
                ]
            ]
        },
        {
            "file_path": "/data/shapenet_blender/all_50_random/02958343/3d81e36e5252c8f0becf71e2e014ff6f/r_22",
            "rotation": 0.12566370614359174,
            "transform_matrix": [
                [
                    0.9952540993690491,
                    -0.004958848934620619,
                    -0.0971841812133789,
                    -0.3917619585990906
                ],
                [
                    -0.0973106175661087,
                    -0.05071712285280228,
                    -0.993960976600647,
                    -4.006784915924072
                ],
                [
                    0.0,
                    0.998700737953186,
                    -0.05095897242426872,
                    -0.20542219281196594
                ],
                [
                    0.0,
                    0.0,
                    0.0,
                    1.0
                ]
            ]
        },
        {
            "file_path": "/data/shapenet_blender/all_50_random/02958343/3d81e36e5252c8f0becf71e2e014ff6f/r_23",
            "rotation": 0.12566370614359174,
            "transform_matrix": [
                [
                    0.7664399743080139,
                    0.42268773913383484,
                    0.4836370646953583,
                    1.9496033191680908
                ],
                [
                    0.6423159241676331,
                    -0.5043699145317078,
                    -0.5770972967147827,
                    -2.3263535499572754
                ],
                [
                    2.9802320611338473e-08,
                    0.7529582977294922,
                    -0.6580682992935181,
                    -2.6527581214904785
                ],
                [
                    0.0,
                    0.0,
                    0.0,
                    1.0
                ]
            ]
        },
        {
            "file_path": "/data/shapenet_blender/all_50_random/02958343/3d81e36e5252c8f0becf71e2e014ff6f/r_24",
            "rotation": 0.12566370614359174,
            "transform_matrix": [
                [
                    -0.2295408397912979,
                    0.8173173069953918,
                    -0.5284916758537292,
                    -2.130418062210083
                ],
                [
                    -0.9732991456985474,
                    -0.19275440275669098,
                    0.12463837116956711,
                    0.5024333596229553
                ],
                [
                    0.0,
                    0.5429900288581848,
                    0.8397391438484192,
                    3.385096788406372
                ],
                [
                    0.0,
                    0.0,
                    0.0,
                    1.0
                ]
            ]
        },
        {
            "file_path": "/data/shapenet_blender/all_50_random/02958343/3d81e36e5252c8f0becf71e2e014ff6f/r_25",
            "rotation": 0.12566370614359174,
            "transform_matrix": [
                [
                    0.5174674987792969,
                    -0.21519191563129425,
                    0.8282026648521423,
                    3.338592052459717
                ],
                [
                    0.8557028770446777,
                    0.13013258576393127,
                    -0.5008373856544495,
                    -2.0189402103424072
                ],
                [
                    7.450580596923828e-09,
                    0.9678624868392944,
                    0.25147971510887146,
                    1.0137473344802856
                ],
                [
                    0.0,
                    0.0,
                    0.0,
                    1.0
                ]
            ]
        },
        {
            "file_path": "/data/shapenet_blender/all_50_random/02958343/3d81e36e5252c8f0becf71e2e014ff6f/r_26",
            "rotation": 0.12566370614359174,
            "transform_matrix": [
                [
                    -0.4714069962501526,
                    0.02985295094549656,
                    0.8814103603363037,
                    3.5530788898468018
                ],
                [
                    0.8819157481193542,
                    0.01595718041062355,
                    0.47113683819770813,
                    1.8992133140563965
                ],
                [
                    9.313225746154785e-10,
                    0.9994269013404846,
                    -0.033850111067295074,
                    -0.13645416498184204
                ],
                [
                    0.0,
                    0.0,
                    0.0,
                    1.0
                ]
            ]
        },
        {
            "file_path": "/data/shapenet_blender/all_50_random/02958343/3d81e36e5252c8f0becf71e2e014ff6f/r_27",
            "rotation": 0.12566370614359174,
            "transform_matrix": [
                [
                    0.8266065716743469,
                    -0.08448775112628937,
                    -0.5564021468162537,
                    -2.2429285049438477
                ],
                [
                    -0.5627801418304443,
                    -0.1240948811173439,
                    -0.8172386884689331,
                    -3.294394016265869
                ],
                [
                    7.4505797087454084e-09,
                    0.988666832447052,
                    -0.15012569725513458,
                    -0.6051759719848633
                ],
                [
                    0.0,
                    0.0,
                    0.0,
                    1.0
                ]
            ]
        },
        {
            "file_path": "/data/shapenet_blender/all_50_random/02958343/3d81e36e5252c8f0becf71e2e014ff6f/r_28",
            "rotation": 0.12566370614359174,
            "transform_matrix": [
                [
                    -0.40154579281806946,
                    -0.6338527798652649,
                    0.6610533595085144,
                    2.6647913455963135
                ],
                [
                    0.9158389568328857,
                    -0.27791014313697815,
                    0.2898361086845398,
                    1.1683666706085205
                ],
                [
                    1.4901161193847656e-08,
                    0.7218009233474731,
                    0.6921007633209229,
                    2.789947509765625
                ],
                [
                    0.0,
                    0.0,
                    0.0,
                    1.0
                ]
            ]
        },
        {
            "file_path": "/data/shapenet_blender/all_50_random/02958343/3d81e36e5252c8f0becf71e2e014ff6f/r_29",
            "rotation": 0.12566370614359174,
            "transform_matrix": [
                [
                    -0.9767505526542664,
                    -0.09964179992675781,
                    -0.1898154318332672,
                    -0.7651704549789429
                ],
                [
                    -0.21437907218933105,
                    0.45398637652397156,
                    0.8648340702056885,
                    3.486257553100586
                ],
                [
                    0.0,
                    0.8854195475578308,
                    -0.4647925794124603,
                    -1.8736388683319092
                ],
                [
                    0.0,
                    0.0,
                    0.0,
                    1.0
                ]
            ]
        },
        {
            "file_path": "/data/shapenet_blender/all_50_random/02958343/3d81e36e5252c8f0becf71e2e014ff6f/r_30",
            "rotation": 0.12566370614359174,
            "transform_matrix": [
                [
                    -0.9931272268295288,
                    -0.030049534514546394,
                    -0.11311723291873932,
                    -0.45599016547203064
                ],
                [
                    -0.11704053729772568,
                    0.2549801468849182,
                    0.9598367810249329,
                    3.8692257404327393
                ],
                [
                    0.0,
                    0.9664792418479919,
                    -0.25674471259117126,
                    -1.034970998764038
                ],
                [
                    0.0,
                    0.0,
                    0.0,
                    1.0
                ]
            ]
        },
        {
            "file_path": "/data/shapenet_blender/all_50_random/02958343/3d81e36e5252c8f0becf71e2e014ff6f/r_31",
            "rotation": 0.12566370614359174,
            "transform_matrix": [
                [
                    0.9331226348876953,
                    -0.33219268918037415,
                    0.1375872790813446,
                    0.5546320676803589
                ],
                [
                    0.35955846309661865,
                    0.862103283405304,
                    -0.3570651710033417,
                    -1.4393757581710815
                ],
                [
                    0.0,
                    0.38265615701675415,
                    0.9238907694816589,
                    3.72432279586792
                ],
                [
                    0.0,
                    0.0,
                    0.0,
                    1.0
                ]
            ]
        },
        {
            "file_path": "/data/shapenet_blender/all_50_random/02958343/3d81e36e5252c8f0becf71e2e014ff6f/r_32",
            "rotation": 0.12566370614359174,
            "transform_matrix": [
                [
                    -0.8208710551261902,
                    -0.03916323557496071,
                    -0.5697692632675171,
                    -2.2968132495880127
                ],
                [
                    -0.571113646030426,
                    0.05628996342420578,
                    0.8189387917518616,
                    3.3012478351593018
                ],
                [
                    -3.725290298461914e-09,
                    0.9976460933685303,
                    -0.06857345998287201,
                    -0.2764284610748291
                ],
                [
                    0.0,
                    0.0,
                    0.0,
                    1.0
                ]
            ]
        },
        {
            "file_path": "/data/shapenet_blender/all_50_random/02958343/3d81e36e5252c8f0becf71e2e014ff6f/r_33",
            "rotation": 0.12566370614359174,
            "transform_matrix": [
                [
                    -0.9985935091972351,
                    -0.01233497355133295,
                    -0.05156577751040459,
                    -0.2078683078289032
                ],
                [
                    -0.053020577877759933,
                    0.23231780529022217,
                    0.9711936712265015,
                    3.9150071144104004
                ],
                [
                    0.0,
                    0.972561776638031,
                    -0.23264500498771667,
                    -0.9378220438957214
                ],
                [
                    0.0,
                    0.0,
                    0.0,
                    1.0
                ]
            ]
        },
        {
            "file_path": "/data/shapenet_blender/all_50_random/02958343/3d81e36e5252c8f0becf71e2e014ff6f/r_34",
            "rotation": 0.12566370614359174,
            "transform_matrix": [
                [
                    0.8740149140357971,
                    -0.21535298228263855,
                    0.43556973338127136,
                    1.7558377981185913
                ],
                [
                    0.48589909076690674,
                    0.38736793398857117,
                    -0.7834846377372742,
                    -3.158327579498291
                ],
                [
                    0.0,
                    0.8964200615882874,
                    0.44320520758628845,
                    1.7866172790527344
                ],
                [
                    0.0,
                    0.0,
                    0.0,
                    1.0
                ]
            ]
        },
        {
            "file_path": "/data/shapenet_blender/all_50_random/02958343/3d81e36e5252c8f0becf71e2e014ff6f/r_35",
            "rotation": 0.12566370614359174,
            "transform_matrix": [
                [
                    -0.9746846556663513,
                    -0.02548246830701828,
                    0.2221270203590393,
                    0.895422637462616
                ],
                [
                    0.2235839068889618,
                    -0.11108747124671936,
                    0.9683335423469543,
                    3.903477430343628
                ],
                [
                    0.0,
                    0.9934839606285095,
                    0.1139727383852005,
                    0.4594388008117676
                ],
                [
                    0.0,
                    0.0,
                    0.0,
                    1.0
                ]
            ]
        },
        {
            "file_path": "/data/shapenet_blender/all_50_random/02958343/3d81e36e5252c8f0becf71e2e014ff6f/r_36",
            "rotation": 0.12566370614359174,
            "transform_matrix": [
                [
                    0.630366861820221,
                    0.521075427532196,
                    -0.5754284262657166,
                    -2.3196260929107666
                ],
                [
                    -0.7762972712516785,
                    0.4231223464012146,
                    -0.46725791692733765,
                    -1.8835768699645996
                ],
                [
                    1.4901160305669237e-08,
                    0.7412475347518921,
                    0.6712318062782288,
                    2.705821990966797
                ],
                [
                    0.0,
                    0.0,
                    0.0,
                    1.0
                ]
            ]
        },
        {
            "file_path": "/data/shapenet_blender/all_50_random/02958343/3d81e36e5252c8f0becf71e2e014ff6f/r_37",
            "rotation": 0.12566370614359174,
            "transform_matrix": [
                [
                    0.282370388507843,
                    0.03863118961453438,
                    -0.9585273265838623,
                    -3.8639471530914307
                ],
                [
                    -0.959305465221405,
                    0.01137104257941246,
                    -0.2821413278579712,
                    -1.1373480558395386
                ],
                [
                    0.0,
                    0.9991887807846069,
                    0.040269963443279266,
                    0.1623334139585495
                ],
                [
                    0.0,
                    0.0,
                    0.0,
                    1.0
                ]
            ]
        },
        {
            "file_path": "/data/shapenet_blender/all_50_random/02958343/3d81e36e5252c8f0becf71e2e014ff6f/r_38",
            "rotation": 0.12566370614359174,
            "transform_matrix": [
                [
                    -0.25615671277046204,
                    -0.3092713952064514,
                    0.9158246517181396,
                    3.691807508468628
                ],
                [
                    0.9666353464126587,
                    -0.0819563940167427,
                    0.2426919788122177,
                    0.9783227443695068
                ],
                [
                    0.0,
                    0.9474356174468994,
                    0.3199463188648224,
                    1.2897449731826782
                ],
                [
                    0.0,
                    0.0,
                    0.0,
                    1.0
                ]
            ]
        },
        {
            "file_path": "/data/shapenet_blender/all_50_random/02958343/3d81e36e5252c8f0becf71e2e014ff6f/r_39",
            "rotation": 0.12566370614359174,
            "transform_matrix": [
                [
                    0.4817531406879425,
                    0.15056952834129333,
                    -0.8632744550704956,
                    -3.4799702167510986
                ],
                [
                    -0.87630695104599,
                    0.08277618885040283,
                    -0.4745884835720062,
                    -1.9131271839141846
                ],
                [
                    7.450580152834618e-09,
                    0.9851278066635132,
                    0.17182284593582153,
                    0.692639946937561
                ],
                [
                    0.0,
                    0.0,
                    0.0,
                    1.0
                ]
            ]
        },
        {
            "file_path": "/data/shapenet_blender/all_50_random/02958343/3d81e36e5252c8f0becf71e2e014ff6f/r_40",
            "rotation": 0.12566370614359174,
            "transform_matrix": [
                [
                    0.913638174533844,
                    -0.08156958222389221,
                    0.39826080203056335,
                    1.605440616607666
                ],
                [
                    0.4065283238887787,
                    0.1833207756280899,
                    -0.8950576186180115,
                    -3.608092784881592
                ],
                [
                    0.0,
                    0.9796630144119263,
                    0.2006492018699646,
                    0.8088427782058716
                ],
                [
                    0.0,
                    0.0,
                    0.0,
                    1.0
                ]
            ]
        },
        {
            "file_path": "/data/shapenet_blender/all_50_random/02958343/3d81e36e5252c8f0becf71e2e014ff6f/r_41",
            "rotation": 0.12566370614359174,
            "transform_matrix": [
                [
                    -0.07624002546072006,
                    0.9211510419845581,
                    0.3816647529602051,
                    1.538540005683899
                ],
                [
                    0.9970895051956177,
                    0.07043357193470001,
                    0.02918306738138199,
                    0.11764071136713028
                ],
                [
                    0.0,
                    0.3827788531780243,
                    -0.9238399267196655,
