{
    "class": "02958343",
    "model": "5057c9dbf72e0352728fa2df514c65d4",
    "remove_doubles": true,
    "edge_split": true,
    "denoise": true,
    "camera_angle_x": 0.6911112070083618,
    "scale_factor": 2.2773129302187063,
    "hdri_file": "/data/IndoorHDRDataset2018/9C4A5585-1fb3d557eb.exr",
    "center_offset": [
        0.0,
        0.0,
        -2.0954757928848267e-09
    ],
    "lights": [],
    "frames": [
        {
            "file_path": "/data/shapenet_blender/all_50_random/02958343/5057c9dbf72e0352728fa2df514c65d4/r_0",
            "rotation": 0.12566370614359174,
            "transform_matrix": [
                [
                    0.06321197748184204,
                    -0.04338647425174713,
                    -0.9970565438270569,
                    -4.019263744354248
                ],
                [
                    -0.9980001449584961,
                    -0.0027480407152324915,
                    -0.06315220892429352,
                    -0.254574716091156
                ],
                [
                    -2.3283064365386963e-10,
                    0.9990545511245728,
                    -0.043473415076732635,
                    -0.1752469539642334
                ],
                [
                    0.0,
                    0.0,
                    0.0,
                    1.0
                ]
            ]
        },
        {
            "file_path": "/data/shapenet_blender/all_50_random/02958343/5057c9dbf72e0352728fa2df514c65d4/r_1",
            "rotation": 0.12566370614359174,
            "transform_matrix": [
                [
                    0.8695336580276489,
                    0.4103587567806244,
                    0.2748033106327057,
                    1.1077677011489868
                ],
                [
                    0.493873655796051,
                    -0.7224940061569214,
                    -0.48382970690727234,
                    -1.9503800868988037
                ],
                [
                    0.0,
                    0.5564243793487549,
                    -0.8308981657028198,
                    -3.3494579792022705
                ],
                [
                    0.0,
                    0.0,
                    0.0,
                    1.0
                ]
            ]
        },
        {
            "file_path": "/data/shapenet_blender/all_50_random/02958343/5057c9dbf72e0352728fa2df514c65d4/r_2",
            "rotation": 0.12566370614359174,
            "transform_matrix": [
                [
                    -0.1725829392671585,
                    -0.033190689980983734,
                    -0.9844356179237366,
                    -3.9683868885040283
                ],
                [
                    -0.9849950075149536,
                    0.005815406795591116,
                    0.17248491942882538,
                    0.6953089237213135
                ],
                [
                    -4.656612873077393e-10,
                    0.9994320869445801,
                    -0.03369630500674248,
                    -0.13583415746688843
                ],
                [
                    0.0,
                    0.0,
                    0.0,
                    1.0
                ]
            ]
        },
        {
            "file_path": "/data/shapenet_blender/all_50_random/02958343/5057c9dbf72e0352728fa2df514c65d4/r_3",
            "rotation": 0.12566370614359174,
            "transform_matrix": [
                [
                    0.10941784828901291,
                    0.8312773704528809,
                    -0.5449820756912231,
                    -2.1968929767608643
                ],
                [
                    -0.9939957857131958,
                    0.0915059968829155,
                    -0.059990961104631424,
                    -0.24183130264282227
                ],
                [
                    0.0,
                    0.5482739806175232,
                    0.8362987041473389,
                    3.371227979660034
                ],
                [
                    0.0,
                    0.0,
                    0.0,
                    1.0
                ]
            ]
        },
        {
            "file_path": "/data/shapenet_blender/all_50_random/02958343/5057c9dbf72e0352728fa2df514c65d4/r_4",
            "rotation": 0.12566370614359174,
            "transform_matrix": [
                [
                    -0.9736724495887756,
                    -0.11795268207788467,
                    -0.19506196677684784,
                    -0.78631991147995
                ],
                [
                    -0.2279517650604248,
                    0.5038226842880249,
                    0.8331871032714844,
                    3.358684539794922
                ],
                [
                    -7.450580596923828e-09,
                    0.8557159900665283,
                    -0.5174458026885986,
                    -2.085890769958496
                ],
                [
                    0.0,
                    0.0,
                    0.0,
                    1.0
                ]
            ]
        },
        {
            "file_path": "/data/shapenet_blender/all_50_random/02958343/5057c9dbf72e0352728fa2df514c65d4/r_5",
            "rotation": 0.12566370614359174,
            "transform_matrix": [
                [
                    0.7160574793815613,
                    -0.13594524562358856,
                    -0.6846755146980286,
                    -2.7600152492523193
                ],
                [
                    -0.6980413198471069,
                    -0.1394539475440979,
                    -0.7023467421531677,
                    -2.8312501907348633
                ],
                [
                    0.0,
                    0.9808524250984192,
                    -0.19475243985652924,
                    -0.7850722074508667
                ],
                [
                    0.0,
                    0.0,
                    0.0,
                    1.0
                ]
            ]
        },
        {
            "file_path": "/data/shapenet_blender/all_50_random/02958343/5057c9dbf72e0352728fa2df514c65d4/r_6",
            "rotation": 0.12566370614359174,
            "transform_matrix": [
                [
                    -0.8090336918830872,
                    -0.08830347657203674,
                    0.5810911059379578,
                    2.3424534797668457
                ],
                [
                    0.5877622365951538,
                    -0.12154658138751984,
                    0.79985111951828,
                    3.2243032455444336
                ],
                [
                    0.0,
                    0.9886500835418701,
                    0.15023671090602875,
                    0.6056236028671265
                ],
                [
                    0.0,
                    0.0,
                    0.0,
                    1.0
                ]
            ]
        },
        {
            "file_path": "/data/shapenet_blender/all_50_random/02958343/5057c9dbf72e0352728fa2df514c65d4/r_7",
            "rotation": 0.12566370614359174,
            "transform_matrix": [
                [
                    0.6005106568336487,
                    0.13033562898635864,
                    0.7889229655265808,
                    3.180250406265259
                ],
                [
                    0.7996167540550232,
                    -0.09788180887699127,
                    -0.5924796462059021,
                    -2.388362169265747
                ],
                [
                    0.0,
                    0.9866264462471008,
                    -0.16299761831760406,
                    -0.6570644974708557
                ],
                [
                    0.0,
                    0.0,
                    0.0,
                    1.0
                ]
            ]
        },
        {
            "file_path": "/data/shapenet_blender/all_50_random/02958343/5057c9dbf72e0352728fa2df514c65d4/r_8",
            "rotation": 0.12566370614359174,
            "transform_matrix": [
                [
                    -0.6922813653945923,
                    0.11416081339120865,
                    -0.7125404477119446,
                    -2.872342348098755
                ],
                [
                    -0.7216277122497559,
                    -0.10951825231313705,
                    0.6835636496543884,
                    2.755533218383789
                ],
                [
                    0.0,
                    0.9874072670936584,
                    0.15819905698299408,
                    0.6377208232879639
                ],
                [
                    0.0,
                    0.0,
                    0.0,
                    1.0
                ]
            ]
        },
        {
            "file_path": "/data/shapenet_blender/all_50_random/02958343/5057c9dbf72e0352728fa2df514c65d4/r_9",
            "rotation": 0.12566370614359174,
            "transform_matrix": [
                [
                    -0.7280070781707764,
                    0.08792482316493988,
                    -0.6799079775810242,
                    -2.7407970428466797
                ],
                [
                    -0.685569703578949,
                    -0.09336744993925095,
                    0.7219948768615723,
                    2.910454750061035
                ],
                [
                    0.0,
                    0.9917417168617249,
                    0.12825073301792145,
                    0.5169953107833862
                ],
                [
                    0.0,
                    0.0,
                    0.0,
                    1.0
                ]
            ]
        },
        {
            "file_path": "/data/shapenet_blender/all_50_random/02958343/5057c9dbf72e0352728fa2df514c65d4/r_10",
            "rotation": 0.12566370614359174,
            "transform_matrix": [
                [
                    0.9751855731010437,
                    -0.05056467652320862,
                    -0.2155376374721527,
                    -0.8688600063323975
                ],
                [
                    -0.22138941287994385,
                    -0.22272944450378418,
                    -0.9494094252586365,
                    -3.8271918296813965
                ],
                [
                    0.0,
                    0.9735680818557739,
                    -0.22839698195457458,
                    -0.9206976890563965
                ],
                [
                    0.0,
                    0.0,
                    0.0,
                    1.0
                ]
            ]
        },
        {
            "file_path": "/data/shapenet_blender/all_50_random/02958343/5057c9dbf72e0352728fa2df514c65d4/r_11",
            "rotation": 0.12566370614359174,
            "transform_matrix": [
                [
                    0.8667815327644348,
                    -0.007105680648237467,
                    -0.4986374080181122,
                    -2.0100717544555664
                ],
                [
                    -0.49868810176849365,
                    -0.012350550852715969,
                    -0.8666934370994568,
                    -3.49375319480896
                ],
                [
                    4.656612873077393e-10,
                    0.9998985528945923,
                    -0.014248745515942574,
                    -0.05743853375315666
                ],
                [
                    0.0,
                    0.0,
                    0.0,
                    1.0
                ]
            ]
        },
        {
            "file_path": "/data/shapenet_blender/all_50_random/02958343/5057c9dbf72e0352728fa2df514c65d4/r_12",
            "rotation": 0.12566370614359174,
            "transform_matrix": [
                [
                    -0.6717683672904968,
                    0.6772811412811279,
                    -0.300028920173645,
                    -1.2094553709030151
                ],
                [
                    -0.7407613396644592,
                    -0.6142005920410156,
                    0.2720848619937897,
                    1.0968092679977417
                ],
                [
                    0.0,
                    0.40502792596817017,
                    0.9143043160438538,
                    3.685678720474243
                ],
                [
                    0.0,
                    0.0,
                    0.0,
                    1.0
                ]
            ]
        },
        {
            "file_path": "/data/shapenet_blender/all_50_random/02958343/5057c9dbf72e0352728fa2df514c65d4/r_13",
            "rotation": 0.12566370614359174,
            "transform_matrix": [
                [
                    -0.56561279296875,
                    -0.6406686902046204,
                    0.5192550420761108,
                    2.093183994293213
                ],
                [
                    0.8246710300445557,
                    -0.43941208720207214,
                    0.3561387360095978,
                    1.4356411695480347
                ],
                [
                    0.0,
                    0.6296510696411133,
                    0.7768779993057251,
                    3.13169527053833
                ],
                [
                    0.0,
                    0.0,
                    0.0,
                    1.0
                ]
            ]
        },
        {
            "file_path": "/data/shapenet_blender/all_50_random/02958343/5057c9dbf72e0352728fa2df514c65d4/r_14",
            "rotation": 0.12566370614359174,
            "transform_matrix": [
                [
                    -0.9886011481285095,
                    -0.046029746532440186,
                    -0.14334933459758759,
                    -0.57785964012146
                ],
                [
                    -0.150558203458786,
                    0.30224233865737915,
                    0.9412660598754883,
                    3.7943646907806396
                ],
                [
                    3.7252898543727042e-09,
                    0.9521192312240601,
                    -0.3057272434234619,
                    -1.2324259281158447
                ],
                [
                    0.0,
                    0.0,
                    0.0,
                    1.0
                ]
            ]
        },
        {
            "file_path": "/data/shapenet_blender/all_50_random/02958343/5057c9dbf72e0352728fa2df514c65d4/r_15",
            "rotation": 0.12566370614359174,
            "transform_matrix": [
                [
                    -0.35586559772491455,
                    0.743530809879303,
                    0.5661462545394897,
                    2.2822084426879883
                ],
                [
                    0.9345371723175049,
                    0.2831316590309143,
                    0.21558476984500885,
                    0.8690500259399414
                ],
                [
                    0.0,
                    0.605803906917572,
                    -0.7956140041351318,
                    -3.2072227001190186
                ],
                [
                    0.0,
                    0.0,
                    0.0,
                    1.0
                ]
            ]
        },
        {
            "file_path": "/data/shapenet_blender/all_50_random/02958343/5057c9dbf72e0352728fa2df514c65d4/r_16",
            "rotation": 0.12566370614359174,
            "transform_matrix": [
                [
                    -0.8006278872489929,
                    0.18430933356285095,
                    0.5701096653938293,
                    2.2981855869293213
                ],
                [
                    0.5991618633270264,
                    0.2462826818227768,
                    0.7618069648742676,
                    3.0709421634674072
                ],
                [
                    0.0,
                    0.951511800289154,
                    -0.30761194229125977,
                    -1.2400233745574951
                ],
                [
                    0.0,
                    0.0,
                    0.0,
                    1.0
                ]
            ]
        },
        {
            "file_path": "/data/shapenet_blender/all_50_random/02958343/5057c9dbf72e0352728fa2df514c65d4/r_17",
            "rotation": 0.12566370614359174,
            "transform_matrix": [
                [
                    -0.9762471914291382,
                    0.08444608002901077,
                    0.19952504336833954,
                    0.8043112754821777
                ],
                [
                    0.21665963530540466,
                    0.3805058002471924,
                    0.8990404009819031,
                    3.624148368835449
                ],
                [
                    0.0,
                    0.9209148287773132,
                    -0.3897637128829956,
                    -1.571187973022461
                ],
                [
                    0.0,
                    0.0,
                    0.0,
                    1.0
                ]
            ]
        },
        {
            "file_path": "/data/shapenet_blender/all_50_random/02958343/5057c9dbf72e0352728fa2df514c65d4/r_18",
            "rotation": 0.12566370614359174,
            "transform_matrix": [
                [
                    -0.5987829566001892,
                    -0.14597733318805695,
                    0.7874957919120789,
                    3.174497127532959
                ],
                [
                    0.8009113669395447,
                    -0.10913658887147903,
                    0.5887531042098999,
                    2.3733396530151367
                ],
                [
                    0.0,
                    0.9832494854927063,
                    0.182264044880867,
                    0.7347298860549927
                ],
                [
                    0.0,
                    0.0,
                    0.0,
                    1.0
                ]
            ]
        },
        {
            "file_path": "/data/shapenet_blender/all_50_random/02958343/5057c9dbf72e0352728fa2df514c65d4/r_19",
            "rotation": 0.12566370614359174,
            "transform_matrix": [
                [
                    0.9999778270721436,
                    0.0045797331258654594,
                    0.004848883952945471,
                    0.019546478986740112
                ],
                [
                    0.006669755559414625,
                    -0.6866266131401062,
                    -0.7269796133041382,
                    -2.930548906326294
                ],
                [
                    2.3283064365386963e-10,
                    0.7269958853721619,
                    -0.6866418123245239,
                    -2.767941951751709
                ],
                [
                    0.0,
                    0.0,
                    0.0,
                    1.0
                ]
            ]
        },
        {
            "file_path": "/data/shapenet_blender/all_50_random/02958343/5057c9dbf72e0352728fa2df514c65d4/r_20",
            "rotation": 0.12566370614359174,
            "transform_matrix": [
                [
                    -0.3313438892364502,
                    -0.006527794059365988,
                    -0.9434874057769775,
                    -3.8033194541931152
                ],
                [
                    -0.9435099959373474,
                    0.0022924451623111963,
                    0.33133599162101746,
                    1.335658073425293
                ],
                [
                    0.0,
                    0.9999760389328003,
                    -0.0069186268374323845,
                    -0.027889877557754517
                ],
                [
                    0.0,
                    0.0,
                    0.0,
                    1.0
                ]
            ]
        },
        {
            "file_path": "/data/shapenet_blender/all_50_random/02958343/5057c9dbf72e0352728fa2df514c65d4/r_21",
            "rotation": 0.12566370614359174,
            "transform_matrix": [
                [
                    0.8143444061279297,
                    0.5021016597747803,
                    0.29109659790992737,
                    1.1734479665756226
                ],
                [
                    0.5803819894790649,
                    -0.7045077681541443,
                    -0.40844282507896423,
                    -1.646485686302185
                ],
                [
                    -1.4901161193847656e-08,
                    0.5015603303909302,
                    -0.8651226758956909,
                    -3.4874210357666016
                ],
                [
                    0.0,
                    0.0,
                    0.0,
                    1.0
                ]
            ]
        },
        {
            "file_path": "/data/shapenet_blender/all_50_random/02958343/5057c9dbf72e0352728fa2df514c65d4/r_22",
            "rotation": 0.12566370614359174,
            "transform_matrix": [
                [
                    0.7071093320846558,
                    0.6907573938369751,
                    -0.1511647254228592,
                    -0.6093645095825195
                ],
                [
                    -0.7071043252944946,
                    0.6907622814178467,
                    -0.15116578340530396,
                    -0.6093687415122986
                ],
                [
                    7.450580596923828e-09,
                    0.21377992630004883,
                    0.9768818020820618,
                    3.937936544418335
                ],
                [
                    0.0,
                    0.0,
                    0.0,
                    1.0
                ]
            ]
        },
        {
            "file_path": "/data/shapenet_blender/all_50_random/02958343/5057c9dbf72e0352728fa2df514c65d4/r_23",
            "rotation": 0.12566370614359174,
            "transform_matrix": [
                [
                    -0.9381843209266663,
                    -0.0005401474190875888,
                    0.346135675907135,
                    1.395317554473877
                ],
                [
                    0.3461361229419708,
                    -0.0014640421140938997,
                    0.9381831288337708,
                    3.7819371223449707
                ],
                [
                    5.820766091346741e-11,
                    0.9999988675117493,
                    0.0015605057124048471,
                    0.006290599703788757
                ],
                [
                    0.0,
                    0.0,
                    0.0,
                    1.0
                ]
            ]
        },
        {
            "file_path": "/data/shapenet_blender/all_50_random/02958343/5057c9dbf72e0352728fa2df514c65d4/r_24",
            "rotation": 0.12566370614359174,
            "transform_matrix": [
                [
                    -0.6980765461921692,
                    -0.6311768889427185,
                    0.3380899429321289,
                    1.362884283065796
                ],
                [
                    0.7160232663154602,
                    -0.6153568029403687,
                    0.32961589097976685,
                    1.3287242650985718
                ],
                [
                    1.4901164746561335e-08,
                    0.47217726707458496,
                    0.8815034627914429,
                    3.5534543991088867
                ],
                [
                    0.0,
                    0.0,
                    0.0,
                    1.0
                ]
            ]
        },
        {
            "file_path": "/data/shapenet_blender/all_50_random/02958343/5057c9dbf72e0352728fa2df514c65d4/r_25",
            "rotation": 0.12566370614359174,
            "transform_matrix": [
                [
                    -0.17105139791965485,
                    -0.42231085896492004,
                    -0.8901656270027161,
                    -3.5883727073669434
                ],
                [
                    -0.9852622151374817,
                    0.07331740856170654,
                    0.15454167127609253,
                    0.6229774355888367
                ],
                [
                    7.450581485102248e-09,
                    0.9034810662269592,
                    -0.4286279082298279,
                    -1.7278544902801514
                ],
                [
                    0.0,
                    0.0,
                    0.0,
                    1.0
                ]
            ]
        },
        {
            "file_path": "/data/shapenet_blender/all_50_random/02958343/5057c9dbf72e0352728fa2df514c65d4/r_26",
            "rotation": 0.12566370614359174,
            "transform_matrix": [
                [
                    -0.8237962126731873,
                    0.1625058799982071,
                    -0.5430943965911865,
                    -2.189283847808838
                ],
                [
                    -0.5668860077857971,
                    -0.23615281283855438,
                    0.7892223596572876,
                    3.181457281112671
                ],
                [
                    0.0,
                    0.9580311179161072,
                    0.28666409850120544,
                    1.1555800437927246
                ],
                [
                    0.0,
                    0.0,
                    0.0,
                    1.0
                ]
            ]
        },
        {
            "file_path": "/data/shapenet_blender/all_50_random/02958343/5057c9dbf72e0352728fa2df514c65d4/r_27",
            "rotation": 0.12566370614359174,
            "transform_matrix": [
                [
                    0.9736725687980652,
                    0.21597328782081604,
                    0.07291988283395767,
                    0.2939494550228119
                ],
                [
                    0.2279512733221054,
                    -0.9225097298622131,
                    -0.31147047877311707,
                    -1.2555776834487915
                ],
                [
                    -7.450580596923828e-09,
                    0.31989237666130066,
                    -0.9474538564682007,
                    -3.8193085193634033
                ],
                [
                    0.0,
                    0.0,
                    0.0,
                    1.0
                ]
            ]
        },
        {
            "file_path": "/data/shapenet_blender/all_50_random/02958343/5057c9dbf72e0352728fa2df514c65d4/r_28",
            "rotation": 0.12566370614359174,
            "transform_matrix": [
                [
                    0.9999998211860657,
                    -0.00020592800865415484,
                    0.0006401342689059675,
                    0.0025804638862609863
                ],
                [
                    0.0006724420236423612,
                    0.3062390089035034,
                    -0.9519544243812561,
                    -3.8374509811401367
                ],
                [
                    -1.4551915228366852e-11,
                    0.9519546627998352,
                    0.3062390685081482,
                    1.2344892024993896
                ],
                [
                    0.0,
                    0.0,
                    0.0,
                    1.0
                ]
            ]
        },
        {
            "file_path": "/data/shapenet_blender/all_50_random/02958343/5057c9dbf72e0352728fa2df514c65d4/r_29",
            "rotation": 0.12566370614359174,
            "transform_matrix": [
                [
                    -0.9994269013404846,
                    -0.012927251867949963,
                    0.03128254786133766,
                    0.1261039823293686
                ],
                [
                    0.0338483564555645,
                    -0.38169774413108826,
                    0.9236671924591064,
                    3.723421573638916
                ],
                [
                    0.0,
                    0.9241967797279358,
                    0.3819165825843811,
                    1.5395549535751343
                ],
                [
                    0.0,
                    0.0,
                    0.0,
                    1.0
                ]
            ]
        },
        {
            "file_path": "/data/shapenet_blender/all_50_random/02958343/5057c9dbf72e0352728fa2df514c65d4/r_30",
            "rotation": 0.12566370614359174,
            "transform_matrix": [
                [
                    -0.9919573068618774,
                    -0.019489355385303497,
                    0.12506310641765594,
                    0.5041455030441284
                ],
                [
                    0.12657256424427032,
                    -0.15273931622505188,
                    0.9801275134086609,
                    3.9510204792022705
                ],
                [
                    0.0,
                    0.9880742430686951,
                    0.15397772192955017,
                    0.6207040548324585
                ],
                [
                    0.0,
                    0.0,
                    0.0,
                    1.0
                ]
            ]
        },
        {
            "file_path": "/data/shapenet_blender/all_50_random/02958343/5057c9dbf72e0352728fa2df514c65d4/r_31",
            "rotation": 0.12566370614359174,
            "transform_matrix": [
                [
                    0.7937461733818054,
                    0.1022588461637497,
                    0.5995916724205017,
                    2.4170312881469727
                ],
                [
                    0.6082491874694824,
                    -0.13344459235668182,
                    -0.782448410987854,
                    -3.1541504859924316
                ],
                [
                    0.0,
                    0.9857664704322815,
                    -0.16811999678611755,
                    -0.6777133941650391
                ],
                [
                    0.0,
                    0.0,
                    0.0,
                    1.0
                ]
            ]
        },
        {
            "file_path": "/data/shapenet_blender/all_50_random/02958343/5057c9dbf72e0352728fa2df514c65d4/r_32",
            "rotation": 0.12566370614359174,
            "transform_matrix": [
                [
                    -0.25630322098731995,
                    -0.5137319564819336,
                    -0.8187722563743591,
                    -3.300576686859131
                ],
                [
                    -0.9665964841842651,
                    0.13622142374515533,
                    0.21710607409477234,
                    0.8751826286315918
                ],
                [
                    -7.450581485102248e-09,
                    0.8470673561096191,
                    -0.5314854383468628,
                    -2.142486572265625
                ],
                [
                    0.0,
                    0.0,
                    0.0,
                    1.0
                ]
            ]
        },
        {
            "file_path": "/data/shapenet_blender/all_50_random/02958343/5057c9dbf72e0352728fa2df514c65d4/r_33",
            "rotation": 0.12566370614359174,
            "transform_matrix": [
                [
                    0.8327277898788452,
                    0.13891656696796417,
                    0.535972535610199,
                    2.1605746746063232
                ],
                [
                    0.5536826252937317,
                    -0.20892781019210815,
                    -0.8060922026634216,
                    -3.2494618892669678
                ],
                [
                    1.4901161193847656e-08,
                    0.968014121055603,
                    -0.2508956491947174,
                    -1.0113928318023682
                ],
                [
                    0.0,
                    0.0,
                    0.0,
                    1.0
                ]
            ]
        },
        {
            "file_path": "/data/shapenet_blender/all_50_random/02958343/5057c9dbf72e0352728fa2df514c65d4/r_34",
            "rotation": 0.12566370614359174,
            "transform_matrix": [
                [
                    -0.22394752502441406,
                    0.7468472123146057,
                    0.6261522173881531,
                    2.5241005420684814
                ],
                [
                    0.9746012091636658,
                    0.17161335051059723,
                    0.14387960731983185,
                    0.5799973011016846
                ],
                [
                    0.0,
                    0.642470121383667,
                    -0.7663105130195618,
                    -3.089096784591675
                ],
                [
                    0.0,
                    0.0,
                    0.0,
                    1.0
                ]
            ]
        },
        {
            "file_path": "/data/shapenet_blender/all_50_random/02958343/5057c9dbf72e0352728fa2df514c65d4/r_35",
            "rotation": 0.12566370614359174,
            "transform_matrix": [
                [
                    -0.9712933897972107,
                    0.09938126802444458,
                    -0.21613065898418427,
                    -0.8712505102157593
                ],
                [
                    -0.23788461089134216,
                    -0.40577808022499084,
                    0.8824710249900818,
                    3.557354211807251
                ],
                [
                    7.4505792646561986e-09,
                    0.9085524678230286,
                    0.4177708327770233,
                    1.6840879917144775
                ],
                [
                    0.0,
                    0.0,
                    0.0,
                    1.0
                ]
            ]
        },
        {
            "file_path": "/data/shapenet_blender/all_50_random/02958343/5057c9dbf72e0352728fa2df514c65d4/r_36",
            "rotation": 0.12566370614359174,
            "transform_matrix": [
                [
                    -0.2677174508571625,
                    -0.8225196599960327,
                    -0.5017856359481812,
                    -2.0227627754211426
                ],
                [
                    -0.963497519493103,
                    0.22854535281658173,
                    0.13942618668079376,
                    0.5620449781417847
                ],
                [
                    0.0,
                    0.520796000957489,
                    -0.8536810874938965,
                    -3.441298723220825
                ],
                [
                    0.0,
                    0.0,
                    0.0,
                    1.0
                ]
            ]
        },
        {
            "file_path": "/data/shapenet_blender/all_50_random/02958343/5057c9dbf72e0352728fa2df514c65d4/r_37",
            "rotation": 0.12566370614359174,
            "transform_matrix": [
                [
                    0.1660148799419403,
                    -0.18827776610851288,
                    -0.9679826498031616,
                    -3.9020631313323975
                ],
                [
                    -0.9861233234405518,
                    -0.03169675171375275,
                    -0.16296085715293884,
                    -0.6569162607192993
                ],
                [
                    0.0,
                    0.9816041588783264,
                    -0.19092720746994019,
                    -0.769652247428894
                ],
                [
                    0.0,
                    0.0,
                    0.0,
                    1.0
                ]
            ]
        },
        {
            "file_path": "/data/shapenet_blender/all_50_random/02958343/5057c9dbf72e0352728fa2df514c65d4/r_38",
            "rotation": 0.12566370614359174,
            "transform_matrix": [
                [
                    0.1445879340171814,
                    -0.3296767771244049,
                    0.932956337928772,
                    3.7608673572540283
                ],
                [
                    0.9894919991493225,
                    0.04817349091172218,
                    -0.13632674515247345,
                    -0.5495507121086121
                ],
                [
                    -3.725290298461914e-09,
                    0.9428640604019165,
                    0.3331778049468994,
                    1.3430826663970947
                ],
                [
                    0.0,
                    0.0,
                    0.0,
                    1.0
                ]
            ]
        },
        {
            "file_path": "/data/shapenet_blender/all_50_random/02958343/5057c9dbf72e0352728fa2df514c65d4/r_39",
            "rotation": 0.12566370614359174,
            "transform_matrix": [
                [
                    0.4352836608886719,
                    -0.031675443053245544,
                    -0.8997359871864319,
                    -3.6269516944885254
                ],
                [
                    -0.9002934098243713,
                    -0.015314788557589054,
                    -0.43501412868499756,
                    -1.7535980939865112
                ],
                [
                    -1.862645149230957e-09,
                    0.999380886554718,
                    -0.03518347069621086,
                    -0.14182910323143005
                ],
                [
                    0.0,
                    0.0,
                    0.0,
                    1.0
                ]
            ]
        },
        {
            "file_path": "/data/shapenet_blender/all_50_random/02958343/5057c9dbf72e0352728fa2df514c65d4/r_40",
            "rotation": 0.12566370614359174,
            "transform_matrix": [
                [
                    0.7470971345901489,
                    0.1684758961200714,
                    -0.6430098414421082,
                    -2.592055559158325
                ],
                [
                    -0.6647147536277771,
                    0.18935620784759521,
                    -0.7227022051811218,
                    -2.9133057594299316
                ],
                [
                    0.0,
                    0.9673469662666321,
                    0.25345590710639954,
                    1.0217134952545166
                ],
                [
                    0.0,
                    0.0,
                    0.0,
                    1.0
                ]
            ]
        },
        {
            "file_path": "/data/shapenet_blender/all_50_random/02958343/5057c9dbf72e0352728fa2df514c65d4/r_41",
            "rotation": 0.12566370614359174,
            "transform_matrix": [
                [
                    0.16700802743434906,
                    0.09206677973270416,
                    0.9816476106643677,
                    3.9571480751037598
                ],
                [
                    0.9859555959701538,
                    -0.015594912692904472,
                    -0.16627830266952515,
                    -0.6702892780303955
                ],
                [
