{
    "class": "02958343",
    "model": "1284876ac0e2371aa4dbb766064f8bbf",
    "remove_doubles": true,
    "edge_split": true,
    "denoise": true,
    "camera_angle_x": 0.6911112070083618,
    "scale_factor": 2.238744173695595,
    "hdri_file": "/data/IndoorHDRDataset2018/9C4A2001-27637c0a62.exr",
    "center_offset": [
        0.0,
        0.0,
        -3.725290298461914e-09
    ],
    "lights": [],
    "frames": [
        {
            "file_path": "/data/shapenet_blender/all_50_random/02958343/1284876ac0e2371aa4dbb766064f8bbf/r_0",
            "rotation": 0.12566370614359174,
            "transform_matrix": [
                [
                    0.43872007727622986,
                    0.04411522299051285,
                    0.8975401520729065,
                    3.61810040473938
                ],
                [
                    0.8986237645149231,
                    -0.02153763733804226,
                    -0.4381910264492035,
                    -1.766404628753662
                ],
                [
                    -1.862645149230957e-09,
                    0.9987942576408386,
                    -0.04909197613596916,
                    -0.1978961080312729
                ],
                [
                    0.0,
                    0.0,
                    0.0,
                    1.0
                ]
            ]
        },
        {
            "file_path": "/data/shapenet_blender/all_50_random/02958343/1284876ac0e2371aa4dbb766064f8bbf/r_1",
            "rotation": 0.12566370614359174,
            "transform_matrix": [
                [
                    -0.2903601825237274,
                    -0.23995822668075562,
                    0.926342785358429,
                    3.7342073917388916
                ],
                [
                    0.9569174647331238,
                    -0.07281119376420975,
                    0.28108277916908264,
                    1.133081078529358
                ],
                [
                    -7.450580596923828e-09,
                    0.9680488109588623,
                    0.2507616877555847,
                    1.0108528137207031
                ],
                [
                    0.0,
                    0.0,
                    0.0,
                    1.0
                ]
            ]
        },
        {
            "file_path": "/data/shapenet_blender/all_50_random/02958343/1284876ac0e2371aa4dbb766064f8bbf/r_2",
            "rotation": 0.12566370614359174,
            "transform_matrix": [
                [
                    0.498746782541275,
                    0.4001530110836029,
                    -0.7688491940498352,
                    -3.099330425262451
                ],
                [
                    -0.8667477369308472,
                    0.23025736212730408,
                    -0.44241371750831604,
                    -1.7834268808364868
                ],
                [
                    1.4901161193847656e-08,
                    0.8870507478713989,
                    0.4616718292236328,
                    1.8610588312149048
                ],
                [
                    0.0,
                    0.0,
                    0.0,
                    1.0
                ]
            ]
        },
        {
            "file_path": "/data/shapenet_blender/all_50_random/02958343/1284876ac0e2371aa4dbb766064f8bbf/r_3",
            "rotation": 0.12566370614359174,
            "transform_matrix": [
                [
                    0.48436620831489563,
                    0.3254811465740204,
                    -0.8120661377906799,
                    -3.273542881011963
                ],
                [
                    -0.8748652338981628,
                    0.18020156025886536,
                    -0.44959771633148193,
                    -1.812386155128479
                ],
                [
                    0.0,
                    0.928218424320221,
                    0.37203580141067505,
                    1.4997241497039795
                ],
                [
                    0.0,
                    0.0,
                    0.0,
                    1.0
                ]
            ]
        },
        {
            "file_path": "/data/shapenet_blender/all_50_random/02958343/1284876ac0e2371aa4dbb766064f8bbf/r_4",
            "rotation": 0.12566370614359174,
            "transform_matrix": [
                [
                    0.21982820332050323,
                    -0.40187954902648926,
                    -0.888914167881012,
                    -3.583327531814575
                ],
                [
                    -0.9755386114120483,
                    -0.09055966883897781,
                    -0.20030821859836578,
                    -0.8074682354927063
                ],
                [
                    7.450580596923828e-09,
                    0.9112034440040588,
                    -0.4119565784931183,
                    -1.6606501340866089
                ],
                [
                    0.0,
                    0.0,
                    0.0,
                    1.0
                ]
            ]
        },
        {
            "file_path": "/data/shapenet_blender/all_50_random/02958343/1284876ac0e2371aa4dbb766064f8bbf/r_5",
            "rotation": 0.12566370614359174,
            "transform_matrix": [
                [
                    0.3846721649169922,
                    0.04004810377955437,
                    -0.9221841096878052,
                    -3.7174429893493652
                ],
                [
                    -0.9230533242225647,
                    0.016689598560333252,
                    -0.38430988788604736,
                    -1.5492026805877686
                ],
                [
                    0.0,
                    0.9990583062171936,
                    0.043386559933423996,
                    0.17489682137966156
                ],
                [
                    0.0,
                    0.0,
                    0.0,
                    1.0
                ]
            ]
        },
        {
            "file_path": "/data/shapenet_blender/all_50_random/02958343/1284876ac0e2371aa4dbb766064f8bbf/r_6",
            "rotation": 0.12566370614359174,
            "transform_matrix": [
                [
                    -0.29636672139167786,
                    0.16883240640163422,
                    -0.9400331377983093,
                    -3.7893950939178467
                ],
                [
                    -0.9550742506980896,
                    -0.0523899644613266,
                    0.2916993200778961,
                    1.1758776903152466
                ],
                [
                    0.0,
                    0.9842513203620911,
                    0.17677412927150726,
                    0.7125993967056274
                ],
                [
                    0.0,
                    0.0,
                    0.0,
                    1.0
                ]
            ]
        },
        {
            "file_path": "/data/shapenet_blender/all_50_random/02958343/1284876ac0e2371aa4dbb766064f8bbf/r_7",
            "rotation": 0.12566370614359174,
            "transform_matrix": [
                [
                    0.9014620780944824,
                    0.05075293779373169,
                    -0.42987245321273804,
                    -1.7328712940216064
                ],
                [
                    -0.4328581690788269,
                    0.10569708794355392,
                    -0.8952440619468689,
                    -3.60884428024292
                ],
                [
                    0.0,
                    0.9931023716926575,
                    0.1172507256269455,
                    0.472652792930603
                ],
                [
                    0.0,
                    0.0,
                    0.0,
                    1.0
                ]
            ]
        },
        {
            "file_path": "/data/shapenet_blender/all_50_random/02958343/1284876ac0e2371aa4dbb766064f8bbf/r_8",
            "rotation": 0.12566370614359174,
            "transform_matrix": [
                [
                    0.9111950397491455,
                    0.05979539453983307,
                    -0.4076126515865326,
                    -1.6431390047073364
                ],
                [
                    -0.4119751453399658,
                    0.1322537660598755,
                    -0.9015461802482605,
                    -3.6342484951019287
                ],
                [
                    -3.7252898543727042e-09,
                    0.9894106984138489,
                    0.14514319598674774,
                    0.5850908756256104
                ],
                [
                    0.0,
                    0.0,
                    0.0,
                    1.0
                ]
            ]
        },
        {
            "file_path": "/data/shapenet_blender/all_50_random/02958343/1284876ac0e2371aa4dbb766064f8bbf/r_9",
            "rotation": 0.12566370614359174,
            "transform_matrix": [
                [
                    -0.7901492118835449,
                    0.21526958048343658,
                    -0.5738669037818909,
                    -2.313331365585327
                ],
                [
                    -0.6129145622253418,
                    -0.27751845121383667,
                    0.7398102879524231,
                    2.9822707176208496
                ],
                [
                    0.0,
                    0.9362919330596924,
                    0.35122281312942505,
                    1.4158244132995605
                ],
                [
                    0.0,
                    0.0,
                    0.0,
                    1.0
                ]
            ]
        },
        {
            "file_path": "/data/shapenet_blender/all_50_random/02958343/1284876ac0e2371aa4dbb766064f8bbf/r_10",
            "rotation": 0.12566370614359174,
            "transform_matrix": [
                [
                    0.02636236883699894,
                    -0.9028235673904419,
                    0.42920204997062683,
                    1.7301688194274902
                ],
                [
                    0.9996524453163147,
                    0.02380884438753128,
                    -0.011318717151880264,
                    -0.045627206563949585
                ],
                [
                    0.0,
                    0.4293513596057892,
                    0.9031376242637634,
                    3.6406641006469727
                ],
                [
                    0.0,
                    0.0,
                    0.0,
                    1.0
                ]
            ]
        },
        {
            "file_path": "/data/shapenet_blender/all_50_random/02958343/1284876ac0e2371aa4dbb766064f8bbf/r_11",
            "rotation": 0.12566370614359174,
            "transform_matrix": [
                [
                    -0.49447473883628845,
                    -0.6597386598587036,
                    0.5658970475196838,
                    2.2812042236328125
                ],
                [
                    0.8691920042037964,
                    -0.37531882524490356,
                    0.32193323969841003,
                    1.2977545261383057
                ],
                [
                    1.4901161193847656e-08,
                    0.6510610580444336,
                    0.7590251564979553,
                    3.0597288608551025
                ],
                [
                    0.0,
                    0.0,
                    0.0,
                    1.0
                ]
            ]
        },
        {
            "file_path": "/data/shapenet_blender/all_50_random/02958343/1284876ac0e2371aa4dbb766064f8bbf/r_12",
            "rotation": 0.12566370614359174,
            "transform_matrix": [
                [
                    0.9365958571434021,
                    -0.0339612178504467,
                    -0.34876203536987305,
                    -1.4059045314788818
                ],
                [
                    -0.35041165351867676,
                    -0.09077306091785431,
                    -0.9321867227554321,
                    -3.7577643394470215
                ],
                [
                    -3.725290298461914e-09,
                    0.9952923655509949,
                    -0.09691808372735977,
                    -0.39068925380706787
                ],
                [
                    0.0,
                    0.0,
                    0.0,
                    1.0
                ]
            ]
        },
        {
            "file_path": "/data/shapenet_blender/all_50_random/02958343/1284876ac0e2371aa4dbb766064f8bbf/r_13",
            "rotation": 0.12566370614359174,
            "transform_matrix": [
                [
                    0.7209859490394592,
                    -0.23055079579353333,
                    0.6534719467163086,
                    2.6342296600341797
                ],
                [
                    0.6929497122764587,
                    0.23987872898578644,
                    -0.6799109578132629,
                    -2.7408087253570557
                ],
                [
                    -1.4901161193847656e-08,
                    0.9430294036865234,
                    0.33270931243896484,
                    1.3411941528320312
                ],
                [
                    0.0,
                    0.0,
                    0.0,
                    1.0
                ]
            ]
        },
        {
            "file_path": "/data/shapenet_blender/all_50_random/02958343/1284876ac0e2371aa4dbb766064f8bbf/r_14",
            "rotation": 0.12566370614359174,
            "transform_matrix": [
                [
                    -0.954555332660675,
                    0.09223661571741104,
                    -0.2834015488624573,
                    -1.1424281597137451
                ],
                [
                    -0.29803356528282166,
                    -0.2954195737838745,
                    0.9076911807060242,
                    3.659020185470581
                ],
                [
                    -7.450580152834618e-09,
                    0.9509046673774719,
                    0.30948394536972046,
                    1.2475696802139282
                ],
                [
                    0.0,
                    0.0,
                    0.0,
                    1.0
                ]
            ]
        },
        {
            "file_path": "/data/shapenet_blender/all_50_random/02958343/1284876ac0e2371aa4dbb766064f8bbf/r_15",
            "rotation": 0.12566370614359174,
            "transform_matrix": [
                [
                    0.13176307082176208,
                    0.2645898759365082,
                    -0.9553170204162598,
                    -3.851006031036377
                ],
                [
                    -0.9912813305854797,
                    0.0351698100566864,
                    -0.12698262929916382,
                    -0.5118833780288696
                ],
                [
                    0.0,
                    0.9637194275856018,
                    0.2669171094894409,
                    1.0759773254394531
                ],
                [
                    0.0,
                    0.0,
                    0.0,
                    1.0
                ]
            ]
        },
        {
            "file_path": "/data/shapenet_blender/all_50_random/02958343/1284876ac0e2371aa4dbb766064f8bbf/r_16",
            "rotation": 0.12566370614359174,
            "transform_matrix": [
                [
                    -0.5155476331710815,
                    0.13585121929645538,
                    0.8460230827331543,
                    3.410428047180176
                ],
                [
                    0.8568609952926636,
                    0.08173763006925583,
                    0.509026825428009,
                    2.051952838897705
                ],
                [
                    -7.450581485102248e-09,
                    0.9873515963554382,
                    -0.15854527056217194,
                    -0.6391164064407349
                ],
                [
                    0.0,
                    0.0,
                    0.0,
                    1.0
                ]
            ]
        },
        {
            "file_path": "/data/shapenet_blender/all_50_random/02958343/1284876ac0e2371aa4dbb766064f8bbf/r_17",
            "rotation": 0.12566370614359174,
            "transform_matrix": [
                [
                    -0.9899406433105469,
                    0.09397196024656296,
                    -0.10576717555522919,
                    -0.4263611137866974
                ],
                [
                    -0.14148293435573578,
                    -0.6575114727020264,
                    0.7400413155555725,
                    2.9832019805908203
                ],
                [
                    0.0,
                    0.7475612759590149,
                    0.664192795753479,
                    2.6774468421936035
                ],
                [
                    0.0,
                    0.0,
                    0.0,
                    1.0
                ]
            ]
        },
        {
            "file_path": "/data/shapenet_blender/all_50_random/02958343/1284876ac0e2371aa4dbb766064f8bbf/r_18",
            "rotation": 0.12566370614359174,
            "transform_matrix": [
                [
                    -0.6914799809455872,
                    -0.2181604951620102,
                    -0.6886663436889648,
                    -2.7761030197143555
                ],
                [
                    -0.7223955392837524,
                    0.20882411301136017,
                    0.6591942310333252,
                    2.657297134399414
                ],
                [
                    0.0,
                    0.9533092379570007,
                    -0.3019958436489105,
                    -1.2173843383789062
                ],
                [
                    0.0,
                    0.0,
                    0.0,
                    1.0
                ]
            ]
        },
        {
            "file_path": "/data/shapenet_blender/all_50_random/02958343/1284876ac0e2371aa4dbb766064f8bbf/r_19",
            "rotation": 0.12566370614359174,
            "transform_matrix": [
                [
                    0.0669742003083229,
                    0.7341794967651367,
                    0.6756439805030823,
                    2.7236082553863525
                ],
                [
                    0.997754693031311,
                    -0.04928173869848251,
                    -0.045352548360824585,
                    -0.18282198905944824
                ],
                [
                    0.0,
                    0.6771644353866577,
                    -0.7358316779136658,
                    -2.9662325382232666
                ],
                [
                    0.0,
                    0.0,
                    0.0,
                    1.0
                ]
            ]
        },
        {
            "file_path": "/data/shapenet_blender/all_50_random/02958343/1284876ac0e2371aa4dbb766064f8bbf/r_20",
            "rotation": 0.12566370614359174,
            "transform_matrix": [
                [
                    -0.1166454404592514,
                    -0.22357766330242157,
                    0.9676811695098877,
                    3.9008476734161377
                ],
                [
                    0.9931737184524536,
                    -0.02625856176018715,
                    0.11365140974521637,
                    0.4581434726715088
                ],
                [
                    0.0,
                    0.974332332611084,
                    0.2251143753528595,
                    0.9074651002883911
                ],
                [
                    0.0,
                    0.0,
                    0.0,
                    1.0
                ]
            ]
        },
        {
            "file_path": "/data/shapenet_blender/all_50_random/02958343/1284876ac0e2371aa4dbb766064f8bbf/r_21",
            "rotation": 0.12566370614359174,
            "transform_matrix": [
                [
                    0.09669537842273712,
                    -0.9087772369384766,
                    -0.40592363476753235,
                    -1.636330485343933
                ],
                [
                    -0.9953140616416931,
                    -0.08828827738761902,
                    -0.0394357331097126,
                    -0.15897051990032196
                ],
                [
                    -3.725290298461914e-09,
                    0.4078346788883209,
                    -0.9130557775497437,
                    -3.68064546585083
                ],
                [
                    0.0,
                    0.0,
                    0.0,
                    1.0
                ]
            ]
        },
        {
            "file_path": "/data/shapenet_blender/all_50_random/02958343/1284876ac0e2371aa4dbb766064f8bbf/r_22",
            "rotation": 0.12566370614359174,
            "transform_matrix": [
                [
                    -0.8748319149017334,
                    -0.2525283992290497,
                    -0.4133986234664917,
                    -1.6664631366729736
                ],
                [
                    -0.48442649841308594,
                    0.4560442268848419,
                    0.7465618252754211,
                    3.0094869136810303
                ],
                [
                    -2.9802322387695312e-08,
                    0.8533773422241211,
                    -0.521293580532074,
                    -2.1014015674591064
                ],
                [
                    0.0,
                    0.0,
                    0.0,
                    1.0
                ]
            ]
        },
        {
            "file_path": "/data/shapenet_blender/all_50_random/02958343/1284876ac0e2371aa4dbb766064f8bbf/r_23",
            "rotation": 0.12566370614359174,
            "transform_matrix": [
                [
                    0.7116125822067261,
                    -0.0983700305223465,
                    0.6956513524055481,
                    2.80426025390625
                ],
                [
                    0.7025720477104187,
                    0.09963583946228027,
                    -0.704602837562561,
                    -2.8403449058532715
                ],
                [
                    -7.450580596923828e-09,
                    0.9901494383811951,
                    0.1400141566991806,
                    0.5644150972366333
                ],
                [
                    0.0,
                    0.0,
                    0.0,
                    1.0
                ]
            ]
        },
        {
            "file_path": "/data/shapenet_blender/all_50_random/02958343/1284876ac0e2371aa4dbb766064f8bbf/r_24",
            "rotation": 0.12566370614359174,
            "transform_matrix": [
                [
                    -0.6021317839622498,
                    -0.0869983583688736,
                    0.7936425805091858,
                    3.1992757320404053
                ],
                [
                    0.7983967661857605,
                    -0.06561208516359329,
                    0.5985462665557861,
                    2.4128174781799316
                ],
                [
                    0.0,
                    0.9940454959869385,
                    0.10896631330251694,
                    0.43925729393959045
                ],
                [
                    0.0,
                    0.0,
                    0.0,
                    1.0
                ]
            ]
        },
        {
            "file_path": "/data/shapenet_blender/all_50_random/02958343/1284876ac0e2371aa4dbb766064f8bbf/r_25",
            "rotation": 0.12566370614359174,
            "transform_matrix": [
                [
                    -0.14085641503334045,
                    0.2543116807937622,
                    0.9568097591400146,
                    3.8570237159729004
                ],
                [
                    0.99003005027771,
                    0.03618217259645462,
                    0.13613000512123108,
                    0.5487576723098755
                ],
                [
                    -3.725290298461914e-09,
                    0.9664451479911804,
                    -0.2568727135658264,
                    -1.035487174987793
                ],
                [
                    0.0,
                    0.0,
                    0.0,
                    1.0
                ]
            ]
        },
        {
            "file_path": "/data/shapenet_blender/all_50_random/02958343/1284876ac0e2371aa4dbb766064f8bbf/r_26",
            "rotation": 0.12566370614359174,
            "transform_matrix": [
                [
                    -0.4767763316631317,
                    0.1828290969133377,
                    0.8598010540008545,
                    3.4659688472747803
                ],
                [
                    0.8790246248245239,
                    0.09916512668132782,
                    0.46634963154792786,
                    1.879915475845337
                ],
                [
                    7.450580152834618e-09,
                    0.9781306982040405,
                    -0.20799091458320618,
                    -0.8384382128715515
                ],
                [
                    0.0,
                    0.0,
                    0.0,
                    1.0
                ]
            ]
        },
        {
            "file_path": "/data/shapenet_blender/all_50_random/02958343/1284876ac0e2371aa4dbb766064f8bbf/r_27",
            "rotation": 0.12566370614359174,
            "transform_matrix": [
                [
                    -0.9478240609169006,
                    -0.10094022750854492,
                    0.30239152908325195,
                    1.2189792394638062
                ],
                [
                    0.3187939524650574,
                    -0.3001110255718231,
                    0.899057149887085,
                    3.6242153644561768
                ],
                [
                    0.0,
                    0.9485486149787903,
                    0.316631555557251,
                    1.2763826847076416
                ],
                [
                    0.0,
                    0.0,
                    0.0,
                    1.0
                ]
            ]
        },
        {
            "file_path": "/data/shapenet_blender/all_50_random/02958343/1284876ac0e2371aa4dbb766064f8bbf/r_28",
            "rotation": 0.12566370614359174,
            "transform_matrix": [
                [
                    -0.908819317817688,
                    0.1879417449235916,
                    0.37245866656303406,
                    1.5014289617538452
                ],
                [
                    0.4171901345252991,
                    0.40941786766052246,
                    0.8113749623298645,
                    3.2707571983337402
                ],
                [
                    0.0,
                    0.8927792310714722,
                    -0.45049425959587097,
                    -1.8160004615783691
                ],
                [
                    0.0,
                    0.0,
                    0.0,
                    1.0
                ]
            ]
        },
        {
            "file_path": "/data/shapenet_blender/all_50_random/02958343/1284876ac0e2371aa4dbb766064f8bbf/r_29",
            "rotation": 0.12566370614359174,
            "transform_matrix": [
                [
                    0.21883901953697205,
                    0.6809317469596863,
                    -0.6988858580589294,
                    -2.8172988891601562
                ],
                [
                    -0.9757610559463501,
                    0.15271611511707306,
                    -0.15674278140068054,
                    -0.6318503618240356
                ],
                [
                    -7.450581485102248e-09,
                    0.7162469029426575,
                    0.6978468894958496,
                    2.813110828399658
                ],
                [
                    0.0,
                    0.0,
                    0.0,
                    1.0
                ]
            ]
        },
        {
            "file_path": "/data/shapenet_blender/all_50_random/02958343/1284876ac0e2371aa4dbb766064f8bbf/r_30",
            "rotation": 0.12566370614359174,
            "transform_matrix": [
                [
                    0.8928771615028381,
                    0.13004104793071747,
                    -0.43111452460289,
                    -1.7378782033920288
                ],
                [
                    -0.450300395488739,
                    0.25785160064697266,
                    -0.8548345565795898,
                    -3.445948362350464
                ],
                [
                    -7.450580596923828e-09,
                    0.957393229007721,
                    0.2887873351573944,
                    1.1641390323638916
                ],
                [
                    0.0,
                    0.0,
                    0.0,
                    1.0
                ]
            ]
        },
        {
            "file_path": "/data/shapenet_blender/all_50_random/02958343/1284876ac0e2371aa4dbb766064f8bbf/r_31",
            "rotation": 0.12566370614359174,
            "transform_matrix": [
                [
                    -0.054838571697473526,
                    -0.8601477146148682,
                    0.5070884227752686,
                    2.0441391468048096
                ],
                [
                    0.9984952211380005,
                    -0.04724035784602165,
                    0.027849914506077766,
                    0.11226660013198853
                ],
                [
                    0.0,
                    0.5078527331352234,
                    0.861443817615509,
                    3.4725914001464844
                ],
                [
                    0.0,
                    0.0,
                    0.0,
                    1.0
                ]
            ]
        },
        {
            "file_path": "/data/shapenet_blender/all_50_random/02958343/1284876ac0e2371aa4dbb766064f8bbf/r_32",
            "rotation": 0.12566370614359174,
            "transform_matrix": [
                [
                    0.9459304809570312,
                    -0.13292239606380463,
                    0.2958839237689972,
                    1.1927464008331299
                ],
                [
                    0.3243696987628937,
                    0.38762974739074707,
                    -0.8628599643707275,
                    -3.478300094604492
                ],
                [
                    -7.450581485102248e-09,
                    0.9121814370155334,
                    0.4097866714000702,
                    1.6519030332565308
                ],
                [
                    0.0,
                    0.0,
                    0.0,
                    1.0
                ]
            ]
        },
        {
            "file_path": "/data/shapenet_blender/all_50_random/02958343/1284876ac0e2371aa4dbb766064f8bbf/r_33",
            "rotation": 0.12566370614359174,
            "transform_matrix": [
                [
                    0.8979954123497009,
                    0.004276278894394636,
                    -0.43998411297798157,
                    -1.7736326456069946
                ],
                [
                    -0.44000494480133057,
                    0.008727353066205978,
                    -0.8979529142379761,
                    -3.6197640895843506
                ],
                [
                    -4.656612873077393e-10,
                    0.9999527931213379,
                    0.009718705900013447,
                    0.03917735815048218
                ],
                [
                    0.0,
                    0.0,
                    0.0,
                    1.0
                ]
            ]
        },
        {
            "file_path": "/data/shapenet_blender/all_50_random/02958343/1284876ac0e2371aa4dbb766064f8bbf/r_34",
            "rotation": 0.12566370614359174,
            "transform_matrix": [
                [
                    -0.9700158834457397,
                    0.015788037329912186,
                    -0.2425283044576645,
                    -0.9776628613471985
                ],
                [
                    -0.24304164946079254,
                    -0.06301244348287582,
                    0.9679670333862305,
                    3.9019999504089355
                ],
                [
                    -1.862645149230957e-09,
                    0.9978878498077393,
                    0.06496021151542664,
                    0.26186299324035645
                ],
                [
                    0.0,
                    0.0,
                    0.0,
                    1.0
                ]
            ]
        },
        {
            "file_path": "/data/shapenet_blender/all_50_random/02958343/1284876ac0e2371aa4dbb766064f8bbf/r_35",
            "rotation": 0.12566370614359174,
            "transform_matrix": [
                [
                    -0.9851221442222595,
                    0.15254703164100647,
                    -0.07914378494024277,
                    -0.31903883814811707
                ],
                [
                    -0.17185555398464203,
                    -0.8744404911994934,
                    0.453673392534256,
                    1.8288160562515259
                ],
                [
                    0.0,
                    0.46052491664886475,
                    0.8876466155052185,
                    3.5782182216644287
                ],
                [
                    0.0,
                    0.0,
                    0.0,
                    1.0
                ]
            ]
        },
        {
            "file_path": "/data/shapenet_blender/all_50_random/02958343/1284876ac0e2371aa4dbb766064f8bbf/r_36",
            "rotation": 0.12566370614359174,
            "transform_matrix": [
                [
                    -0.7312086820602417,
                    -0.623832643032074,
                    -0.27598336338996887,
                    -1.1125245094299316
                ],
                [
                    -0.6821539402008057,
                    0.6686934232711792,
                    0.29582977294921875,
                    1.1925280094146729
                ],
                [
                    -1.4901161193847656e-08,
                    0.40457651019096375,
                    -0.9145041704177856,
                    -3.6864843368530273
                ],
                [
                    0.0,
                    0.0,
                    0.0,
                    1.0
                ]
            ]
        },
        {
            "file_path": "/data/shapenet_blender/all_50_random/02958343/1284876ac0e2371aa4dbb766064f8bbf/r_37",
            "rotation": 0.12566370614359174,
            "transform_matrix": [
                [
                    0.6738473176956177,
                    0.2890612483024597,
                    -0.6799803972244263,
                    -2.7410888671875
                ],
                [
                    -0.7388706803321838,
                    0.2636227607727051,
                    -0.6201395988464355,
                    -2.4998629093170166
                ],
                [
                    -1.4901162970204496e-08,
                    0.9202970266342163,
                    0.3912203013896942,
                    1.5770596265792847
                ],
                [
                    0.0,
                    0.0,
                    0.0,
                    1.0
                ]
            ]
        },
        {
            "file_path": "/data/shapenet_blender/all_50_random/02958343/1284876ac0e2371aa4dbb766064f8bbf/r_38",
            "rotation": 0.12566370614359174,
            "transform_matrix": [
                [
                    0.27993759512901306,
                    0.18239812552928925,
                    -0.9425316452980042,
                    -3.799466609954834
                ],
                [
                    -0.9600182175636292,
                    0.05318658426403999,
                    -0.27483856678009033,
                    -1.1079096794128418
                ],
                [
                    0.0,
                    0.9817851781845093,
                    0.1899944692850113,
                    0.7658922076225281
                ],
                [
                    0.0,
                    0.0,
                    0.0,
                    1.0
                ]
            ]
        },
        {
            "file_path": "/data/shapenet_blender/all_50_random/02958343/1284876ac0e2371aa4dbb766064f8bbf/r_39",
            "rotation": 0.12566370614359174,
            "transform_matrix": [
                [
                    -0.9918704032897949,
                    -0.07765540480613708,
                    -0.10081097483634949,
                    -0.4063820540904999
                ],
                [
                    -0.12725256383419037,
                    0.6052851676940918,
                    0.7857713103294373,
                    3.167545795440674
                ],
                [
                    -3.725290742551124e-09,
                    0.7922117114067078,
                    -0.6102461814880371,
                    -2.4599812030792236
                ],
                [
                    0.0,
                    0.0,
                    0.0,
                    1.0
                ]
            ]
        },
        {
            "file_path": "/data/shapenet_blender/all_50_random/02958343/1284876ac0e2371aa4dbb766064f8bbf/r_40",
            "rotation": 0.12566370614359174,
            "transform_matrix": [
                [
                    0.4574635326862335,
                    -0.31063058972358704,
                    -0.8332080245018005,
                    -3.358769178390503
                ],
                [
                    -0.889228343963623,
                    -0.15980391204357147,
                    -0.4286438822746277,
                    -1.7279188632965088
                ],
                [
                    0.0,
                    0.9370012879371643,
                    -0.349325954914093,
                    -1.4081780910491943
                ],
                [
                    0.0,
                    0.0,
                    0.0,
                    1.0
                ]
            ]
        },
        {
            "file_path": "/data/shapenet_blender/all_50_random/02958343/1284876ac0e2371aa4dbb766064f8bbf/r_41",
            "rotation": 0.12566370614359174,
            "transform_matrix": [
                [
                    -0.6657187342643738,
                    -0.5694500803947449,
                    -0.4822292923927307,
                    -1.9439284801483154
                ],
                [
                    -0.7462027668952942,
                    0.5080302953720093,
                    0.4302169680595398,
