{
    "class": "02958343",
    "model": "ef05b5fa8e2377f8fa7a46166f316347",
    "remove_doubles": true,
    "edge_split": true,
    "denoise": true,
    "camera_angle_x": 0.6911112070083618,
    "scale_factor": 2.3083333379195796,
    "hdri_file": "/data/IndoorHDRDataset2018/9C4A2764-a6b3b13445.exr",
    "center_offset": [
        0.0,
        -9.313225746154785e-10,
        0.0
    ],
    "lights": [],
    "frames": [
        {
            "file_path": "/data/shapenet_blender/all_50_random/02958343/ef05b5fa8e2377f8fa7a46166f316347/r_0",
            "rotation": 0.12566370614359174,
            "transform_matrix": [
                [
                    0.976608157157898,
                    0.14525574445724487,
                    -0.15854741632938385,
                    -0.6391250491142273
                ],
                [
                    -0.21502679586410522,
                    0.6597222089767456,
                    -0.7200903296470642,
                    -2.9027769565582275
                ],
                [
                    -7.450580596923828e-09,
                    0.7373379468917847,
                    0.6755239963531494,
                    2.7231242656707764
                ],
                [
                    0.0,
                    0.0,
                    0.0,
                    1.0
                ]
            ]
        },
        {
            "file_path": "/data/shapenet_blender/all_50_random/02958343/ef05b5fa8e2377f8fa7a46166f316347/r_1",
            "rotation": 0.12566370614359174,
            "transform_matrix": [
                [
                    -0.18606476485729218,
                    -0.3895079791545868,
                    -0.9020328521728516,
                    -3.6362109184265137
                ],
                [
                    -0.982537567615509,
                    0.07376177608966827,
                    0.1708194613456726,
                    0.6885953545570374
                ],
                [
                    0.0,
                    0.9180645942687988,
                    -0.3964306116104126,
                    -1.5980629920959473
                ],
                [
                    0.0,
                    0.0,
                    0.0,
                    1.0
                ]
            ]
        },
        {
            "file_path": "/data/shapenet_blender/all_50_random/02958343/ef05b5fa8e2377f8fa7a46166f316347/r_2",
            "rotation": 0.12566370614359174,
            "transform_matrix": [
                [
                    0.8293563723564148,
                    0.03612999990582466,
                    0.5575504302978516,
                    2.2475576400756836
                ],
                [
                    0.5587198138237,
                    -0.053630899637937546,
                    -0.8276205658912659,
                    -3.33624529838562
                ],
                [
                    -1.8626450382086546e-09,
                    0.9979069232940674,
                    -0.06466568261384964,
                    -0.26067569851875305
                ],
                [
                    0.0,
                    0.0,
                    0.0,
                    1.0
                ]
            ]
        },
        {
            "file_path": "/data/shapenet_blender/all_50_random/02958343/ef05b5fa8e2377f8fa7a46166f316347/r_3",
            "rotation": 0.12566370614359174,
            "transform_matrix": [
                [
                    -0.5169980525970459,
                    0.3584724962711334,
                    -0.7773096561431885,
                    -3.1334357261657715
                ],
                [
                    -0.8559865951538086,
                    -0.21650993824005127,
                    0.46947887539863586,
                    1.8925299644470215
                ],
                [
                    0.0,
                    0.9080862402915955,
                    0.4187828600406647,
                    1.6881678104400635
                ],
                [
                    0.0,
                    0.0,
                    0.0,
                    1.0
                ]
            ]
        },
        {
            "file_path": "/data/shapenet_blender/all_50_random/02958343/ef05b5fa8e2377f8fa7a46166f316347/r_4",
            "rotation": 0.12566370614359174,
            "transform_matrix": [
                [
                    -0.35079890489578247,
                    -0.5208664536476135,
                    0.7782275676727295,
                    3.1371357440948486
                ],
                [
                    0.9364508390426636,
                    -0.19511903822422028,
                    0.29152771830558777,
                    1.1751857995986938
                ],
                [
                    0.0,
                    0.8310394287109375,
                    0.55621337890625,
                    2.2421679496765137
                ],
                [
                    0.0,
                    0.0,
                    0.0,
                    1.0
                ]
            ]
        },
        {
            "file_path": "/data/shapenet_blender/all_50_random/02958343/ef05b5fa8e2377f8fa7a46166f316347/r_5",
            "rotation": 0.12566370614359174,
            "transform_matrix": [
                [
                    0.7687553763389587,
                    -0.6203036308288574,
                    -0.15568698942661285,
                    -0.6275944113731384
                ],
                [
                    -0.639542818069458,
                    -0.745629072189331,
                    -0.18714182078838348,
                    -0.7543928623199463
                ],
                [
                    7.450580596923828e-09,
                    0.24343469738960266,
                    -0.9699171781539917,
                    -3.9098615646362305
                ],
                [
                    0.0,
                    0.0,
                    0.0,
                    1.0
                ]
            ]
        },
        {
            "file_path": "/data/shapenet_blender/all_50_random/02958343/ef05b5fa8e2377f8fa7a46166f316347/r_6",
            "rotation": 0.12566370614359174,
            "transform_matrix": [
                [
                    0.2643429636955261,
                    -0.35493791103363037,
                    -0.8967396020889282,
                    -3.614872932434082
                ],
                [
                    -0.9644287824630737,
                    -0.0972859188914299,
                    -0.24578984081745148,
                    -0.9908105134963989
                ],
                [
                    -7.450580596923828e-09,
                    0.9298142194747925,
                    -0.3680291771888733,
                    -1.483573079109192
                ],
                [
                    0.0,
                    0.0,
                    0.0,
                    1.0
                ]
            ]
        },
        {
            "file_path": "/data/shapenet_blender/all_50_random/02958343/ef05b5fa8e2377f8fa7a46166f316347/r_7",
            "rotation": 0.12566370614359174,
            "transform_matrix": [
                [
                    0.12549638748168945,
                    0.5732700824737549,
                    -0.809698760509491,
                    -3.264000177383423
                ],
                [
                    -0.992094099521637,
                    0.07251662760972977,
                    -0.1024240255355835,
                    -0.4128844439983368
                ],
                [
                    -3.725290298461914e-09,
                    0.8161511421203613,
                    0.5778384208679199,
                    2.329341173171997
                ],
                [
                    0.0,
                    0.0,
                    0.0,
                    1.0
                ]
            ]
        },
        {
            "file_path": "/data/shapenet_blender/all_50_random/02958343/ef05b5fa8e2377f8fa7a46166f316347/r_8",
            "rotation": 0.12566370614359174,
            "transform_matrix": [
                [
                    -0.9283585548400879,
                    0.022819874808192253,
                    -0.3709845244884491,
                    -1.4954863786697388
                ],
                [
                    -0.3716856837272644,
                    -0.056997157633304596,
                    0.9266073107719421,
                    3.7352733612060547
                ],
                [
                    0.0,
                    0.9981134533882141,
                    0.06139562278985977,
                    0.2474936544895172
                ],
                [
                    0.0,
                    0.0,
                    0.0,
                    1.0
                ]
            ]
        },
        {
            "file_path": "/data/shapenet_blender/all_50_random/02958343/ef05b5fa8e2377f8fa7a46166f316347/r_9",
            "rotation": 0.12566370614359174,
            "transform_matrix": [
                [
                    0.4846285581588745,
                    -0.08925691992044449,
                    0.8701541423797607,
                    3.5077037811279297
                ],
                [
                    0.87472003698349,
                    0.04945176839828491,
                    -0.48209887742996216,
                    -1.943402886390686
                ],
                [
                    0.0,
                    0.9947801232337952,
                    0.10204055905342102,
                    0.4113386869430542
                ],
                [
                    0.0,
                    0.0,
                    0.0,
                    1.0
                ]
            ]
        },
        {
            "file_path": "/data/shapenet_blender/all_50_random/02958343/ef05b5fa8e2377f8fa7a46166f316347/r_10",
            "rotation": 0.12566370614359174,
            "transform_matrix": [
                [
                    0.4321005642414093,
                    0.5060927271842957,
                    0.7464309930801392,
                    3.0089595317840576
                ],
                [
                    0.9018254280090332,
                    -0.24248920381069183,
                    -0.35764485597610474,
                    -1.441712498664856
                ],
                [
                    0.0,
                    0.827688992023468,
                    -0.5611870288848877,
                    -2.2622172832489014
                ],
                [
                    0.0,
                    0.0,
                    0.0,
                    1.0
                ]
            ]
        },
        {
            "file_path": "/data/shapenet_blender/all_50_random/02958343/ef05b5fa8e2377f8fa7a46166f316347/r_11",
            "rotation": 0.12566370614359174,
            "transform_matrix": [
                [
                    -0.8824632167816162,
                    0.005802444647997618,
                    -0.4703456163406372,
                    -1.8960236310958862
                ],
                [
                    -0.47038137912750244,
                    -0.010885728523135185,
                    0.8823961615562439,
                    3.5570523738861084
                ],
                [
                    0.0,
                    0.9999240040779114,
                    0.01233561709523201,
                    0.0497264564037323
                ],
                [
                    0.0,
                    0.0,
                    0.0,
                    1.0
                ]
            ]
        },
        {
            "file_path": "/data/shapenet_blender/all_50_random/02958343/ef05b5fa8e2377f8fa7a46166f316347/r_12",
            "rotation": 0.12566370614359174,
            "transform_matrix": [
                [
                    -0.3490264415740967,
                    -0.4906768500804901,
                    -0.798383891582489,
                    -3.218388319015503
                ],
                [
                    -0.9371129274368286,
                    0.18275192379951477,
                    0.2973569929599762,
                    1.1986843347549438
                ],
                [
                    0.0,
                    0.8519613146781921,
                    -0.5236048102378845,
                    -2.1107184886932373
                ],
                [
                    0.0,
                    0.0,
                    0.0,
                    1.0
                ]
            ]
        },
        {
            "file_path": "/data/shapenet_blender/all_50_random/02958343/ef05b5fa8e2377f8fa7a46166f316347/r_13",
            "rotation": 0.12566370614359174,
            "transform_matrix": [
                [
                    0.6682502627372742,
                    -0.700001060962677,
                    0.2518731653690338,
                    1.0153332948684692
                ],
                [
                    0.7439365386962891,
                    0.6287846565246582,
                    -0.22624821960926056,
                    -0.9120358228683472
                ],
                [
                    1.4901161193847656e-08,
                    0.3385681211948395,
                    0.9409418106079102,
                    3.793057918548584
                ],
                [
                    0.0,
                    0.0,
                    0.0,
                    1.0
                ]
            ]
        },
        {
            "file_path": "/data/shapenet_blender/all_50_random/02958343/ef05b5fa8e2377f8fa7a46166f316347/r_14",
            "rotation": 0.12566370614359174,
            "transform_matrix": [
                [
                    0.31237244606018066,
                    0.29127851128578186,
                    0.9042013883590698,
                    3.6449525356292725
                ],
                [
                    0.9499597549438477,
                    -0.09578024595975876,
                    -0.29732584953308105,
                    -1.1985589265823364
                ],
                [
                    0.0,
                    0.9518313407897949,
                    -0.3066219687461853,
                    -1.2360328435897827
                ],
                [
                    0.0,
                    0.0,
                    0.0,
                    1.0
                ]
            ]
        },
        {
            "file_path": "/data/shapenet_blender/all_50_random/02958343/ef05b5fa8e2377f8fa7a46166f316347/r_15",
            "rotation": 0.12566370614359174,
            "transform_matrix": [
                [
                    -0.5758117437362671,
                    -0.4195244610309601,
                    -0.7017407417297363,
                    -2.8288073539733887
                ],
                [
                    -0.817582368850708,
                    0.2954651713371277,
                    0.4942260980606079,
                    1.9922891855239868
                ],
                [
                    1.4901162970204496e-08,
                    0.8583118915557861,
                    -0.5131281614303589,
                    -2.068485736846924
                ],
                [
                    0.0,
                    0.0,
                    0.0,
                    1.0
                ]
            ]
        },
        {
            "file_path": "/data/shapenet_blender/all_50_random/02958343/ef05b5fa8e2377f8fa7a46166f316347/r_16",
            "rotation": 0.12566370614359174,
            "transform_matrix": [
                [
                    0.9608114361763,
                    0.27353185415267944,
                    -0.04496345669031143,
                    -0.18125349283218384
                ],
                [
                    -0.2772027850151062,
                    0.9480875730514526,
                    -0.15584762394428253,
                    -0.6282418966293335
                ],
                [
                    3.725290076417309e-09,
                    0.16220423579216003,
                    0.986757218837738,
                    3.977745532989502
                ],
                [
                    0.0,
                    0.0,
                    0.0,
                    1.0
                ]
            ]
        },
        {
            "file_path": "/data/shapenet_blender/all_50_random/02958343/ef05b5fa8e2377f8fa7a46166f316347/r_17",
            "rotation": 0.12566370614359174,
            "transform_matrix": [
                [
                    0.5359815955162048,
                    -0.3377484679222107,
                    0.7737245559692383,
                    3.118983507156372
                ],
                [
                    0.8442296981811523,
                    0.21442857384681702,
                    -0.49121955037117004,
                    -1.9801692962646484
                ],
                [
                    0.0,
                    0.9164858460426331,
                    0.4000670611858368,
                    1.6127219200134277
                ],
                [
                    0.0,
                    0.0,
                    0.0,
                    1.0
                ]
            ]
        },
        {
            "file_path": "/data/shapenet_blender/all_50_random/02958343/ef05b5fa8e2377f8fa7a46166f316347/r_18",
            "rotation": 0.12566370614359174,
            "transform_matrix": [
                [
                    -0.9958014488220215,
                    -0.04431939497590065,
                    0.08009453862905502,
                    0.3228714168071747
                ],
                [
                    0.09153874963521957,
                    -0.4821271598339081,
                    0.8713059425354004,
                    3.5123465061187744
                ],
                [
                    0.0,
                    0.8749796152114868,
                    0.4841598570346832,
                    1.951710820198059
                ],
                [
                    0.0,
                    0.0,
                    0.0,
                    1.0
                ]
            ]
        },
        {
            "file_path": "/data/shapenet_blender/all_50_random/02958343/ef05b5fa8e2377f8fa7a46166f316347/r_19",
            "rotation": 0.12566370614359174,
            "transform_matrix": [
                [
                    0.8611310124397278,
                    -0.0051849959418177605,
                    0.508356511592865,
                    2.049250602722168
                ],
                [
                    0.5083828568458557,
                    0.008782672695815563,
                    -0.8610863089561462,
                    -3.4711499214172363
                ],
                [
                    4.656612040410124e-10,
                    0.9999480843544006,
                    0.010198994539678097,
                    0.041113462299108505
                ],
                [
                    0.0,
                    0.0,
                    0.0,
                    1.0
                ]
            ]
        },
        {
            "file_path": "/data/shapenet_blender/all_50_random/02958343/ef05b5fa8e2377f8fa7a46166f316347/r_20",
            "rotation": 0.12566370614359174,
            "transform_matrix": [
                [
                    -0.8067709803581238,
                    -0.15728066861629486,
                    -0.5695465803146362,
                    -2.2959156036376953
                ],
                [
                    -0.5908641219139099,
                    0.21475237607955933,
                    0.7776637673377991,
                    3.1348628997802734
                ],
                [
                    0.0,
                    0.9639212489128113,
                    -0.26618751883506775,
                    -1.0730361938476562
                ],
                [
                    0.0,
                    0.0,
                    0.0,
                    1.0
                ]
            ]
        },
        {
            "file_path": "/data/shapenet_blender/all_50_random/02958343/ef05b5fa8e2377f8fa7a46166f316347/r_21",
            "rotation": 0.12566370614359174,
            "transform_matrix": [
                [
                    -0.5814851522445679,
                    -0.7539916634559631,
                    0.30556756258010864,
                    1.2317821979522705
                ],
                [
                    0.8135570287704468,
                    -0.5389111638069153,
                    0.2184026539325714,
                    0.8804092407226562
                ],
                [
                    0.0,
                    0.37559452652931213,
                    0.926784098148346,
                    3.7359862327575684
                ],
                [
                    0.0,
                    0.0,
                    0.0,
                    1.0
                ]
            ]
        },
        {
            "file_path": "/data/shapenet_blender/all_50_random/02958343/ef05b5fa8e2377f8fa7a46166f316347/r_22",
            "rotation": 0.12566370614359174,
            "transform_matrix": [
                [
                    -0.7665703296661377,
                    0.0018707418348640203,
                    0.6421576142311096,
                    2.58862042427063
                ],
                [
                    0.6421604156494141,
                    0.0022331727668642998,
                    0.7665669918060303,
                    3.090130567550659
                ],
                [
                    -1.1641532182693481e-10,
                    0.999995768070221,
                    -0.0029132000636309385,
                    -0.011743485927581787
                ],
                [
                    0.0,
                    0.0,
                    0.0,
                    1.0
                ]
            ]
        },
        {
            "file_path": "/data/shapenet_blender/all_50_random/02958343/ef05b5fa8e2377f8fa7a46166f316347/r_23",
            "rotation": 0.12566370614359174,
            "transform_matrix": [
                [
                    -0.5638955235481262,
                    -0.28308695554733276,
                    0.775811493396759,
                    3.12739634513855
                ],
                [
                    0.8258461356163025,
                    -0.1932944357395172,
                    0.5297313928604126,
                    2.13541579246521
                ],
                [
                    -1.4901161193847656e-08,
                    0.9394141435623169,
                    0.3427841067314148,
                    1.3818070888519287
                ],
                [
                    0.0,
                    0.0,
                    0.0,
                    1.0
                ]
            ]
        },
        {
            "file_path": "/data/shapenet_blender/all_50_random/02958343/ef05b5fa8e2377f8fa7a46166f316347/r_24",
            "rotation": 0.12566370614359174,
            "transform_matrix": [
                [
                    -0.3271006643772125,
                    0.5847835540771484,
                    0.7423161268234253,
                    2.9923722743988037
                ],
                [
                    0.9449896216392517,
                    0.20241819322109222,
                    0.2569468319416046,
                    1.0357859134674072
                ],
                [
                    0.0,
                    0.7855285406112671,
                    -0.618825376033783,
                    -2.494565010070801
                ],
                [
                    0.0,
                    0.0,
                    0.0,
                    1.0
                ]
            ]
        },
        {
            "file_path": "/data/shapenet_blender/all_50_random/02958343/ef05b5fa8e2377f8fa7a46166f316347/r_25",
            "rotation": 0.12566370614359174,
            "transform_matrix": [
                [
                    -0.33699530363082886,
                    0.5504469871520996,
                    0.7638338208198547,
                    3.0791127681732178
                ],
                [
                    0.9415063858032227,
                    0.19702261686325073,
                    0.27340060472488403,
                    1.1021132469177246
                ],
                [
                    1.4901162970204496e-08,
                    0.8112890720367432,
                    -0.5846450328826904,
                    -2.3567798137664795
                ],
                [
                    0.0,
                    0.0,
                    0.0,
                    1.0
                ]
            ]
        },
        {
            "file_path": "/data/shapenet_blender/all_50_random/02958343/ef05b5fa8e2377f8fa7a46166f316347/r_26",
            "rotation": 0.12566370614359174,
            "transform_matrix": [
                [
                    -0.7808695435523987,
                    0.06368271261453629,
                    -0.6214396953582764,
                    -2.505103588104248
                ],
                [
                    -0.6246942281723022,
                    -0.07960358262062073,
                    0.7768014073371887,
                    3.1313865184783936
                ],
                [
                    -3.725290298461914e-09,
                    0.994790256023407,
                    0.10194224119186401,
                    0.41094228625297546
                ],
                [
                    0.0,
                    0.0,
                    0.0,
                    1.0
                ]
            ]
        },
        {
            "file_path": "/data/shapenet_blender/all_50_random/02958343/ef05b5fa8e2377f8fa7a46166f316347/r_27",
            "rotation": 0.12566370614359174,
            "transform_matrix": [
                [
                    -0.3042833209037781,
                    -0.3729245066642761,
                    -0.876549482345581,
                    -3.5334839820861816
                ],
                [
                    -0.952581524848938,
                    0.11912334710359573,
                    0.279996395111084,
                    1.1287015676498413
                ],
                [
                    -7.450580152834618e-09,
                    0.9201831221580505,
                    -0.3914882242679596,
                    -1.5781395435333252
                ],
                [
                    0.0,
                    0.0,
                    0.0,
                    1.0
                ]
            ]
        },
        {
            "file_path": "/data/shapenet_blender/all_50_random/02958343/ef05b5fa8e2377f8fa7a46166f316347/r_28",
            "rotation": 0.12566370614359174,
            "transform_matrix": [
                [
                    -0.10926491767168045,
                    -0.0957774892449379,
                    -0.9893876314163208,
                    -3.988349199295044
                ],
                [
                    -0.9940127730369568,
                    0.010528153739869595,
                    0.10875650495290756,
                    0.43841150403022766
                ],
                [
                    0.0,
                    0.9953470826148987,
                    -0.0963543951511383,
                    -0.38841700553894043
                ],
                [
                    0.0,
                    0.0,
                    0.0,
                    1.0
                ]
            ]
        },
        {
            "file_path": "/data/shapenet_blender/all_50_random/02958343/ef05b5fa8e2377f8fa7a46166f316347/r_29",
            "rotation": 0.12566370614359174,
            "transform_matrix": [
                [
                    0.9715873003005981,
                    0.007910015992820263,
                    -0.23654937744140625,
                    -0.9535610675811768
                ],
                [
                    -0.23668161034584045,
                    0.03247092291712761,
                    -0.9710444808006287,
                    -3.914405584335327
                ],
                [
                    -4.656612873077393e-10,
                    0.9994414448738098,
                    0.033420488238334656,
                    0.1347222924232483
                ],
                [
                    0.0,
                    0.0,
                    0.0,
                    1.0
                ]
            ]
        },
        {
            "file_path": "/data/shapenet_blender/all_50_random/02958343/ef05b5fa8e2377f8fa7a46166f316347/r_30",
            "rotation": 0.12566370614359174,
            "transform_matrix": [
                [
                    -0.5808707475662231,
                    0.3471154272556305,
                    -0.7362744212150574,
                    -2.968017101287842
                ],
                [
                    -0.8139958381652832,
                    -0.24770300090312958,
                    0.5254084467887878,
                    2.1179893016815186
                ],
                [
                    0.0,
                    0.9045186638832092,
                    0.4264339208602905,
                    1.7190101146697998
                ],
                [
                    0.0,
                    0.0,
                    0.0,
                    1.0
                ]
            ]
        },
        {
            "file_path": "/data/shapenet_blender/all_50_random/02958343/ef05b5fa8e2377f8fa7a46166f316347/r_31",
            "rotation": 0.12566370614359174,
            "transform_matrix": [
                [
                    -0.14341209828853607,
                    0.646714985370636,
                    -0.7491278648376465,
                    -3.0198311805725098
                ],
                [
                    -0.9896631240844727,
                    -0.09371548146009445,
                    0.10855612903833389,
                    0.43760377168655396
                ],
                [
                    -7.450581485102248e-09,
                    0.7569524049758911,
                    0.6534698605537415,
                    2.6342215538024902
                ],
                [
                    0.0,
                    0.0,
                    0.0,
                    1.0
                ]
            ]
        },
        {
            "file_path": "/data/shapenet_blender/all_50_random/02958343/ef05b5fa8e2377f8fa7a46166f316347/r_32",
            "rotation": 0.12566370614359174,
            "transform_matrix": [
                [
                    0.9430482387542725,
                    0.01604352332651615,
                    0.3322691321372986,
                    1.3394197225570679
                ],
                [
                    0.33265626430511475,
                    -0.04548183083534241,
                    -0.9419507384300232,
                    -3.7971248626708984
                ],
                [
                    0.0,
                    0.9988362789154053,
                    -0.048228535801172256,
                    -0.19441545009613037
                ],
                [
                    0.0,
                    0.0,
                    0.0,
                    1.0
                ]
            ]
        },
        {
            "file_path": "/data/shapenet_blender/all_50_random/02958343/ef05b5fa8e2377f8fa7a46166f316347/r_33",
            "rotation": 0.12566370614359174,
            "transform_matrix": [
                [
                    0.9795920252799988,
                    0.0633993074297905,
                    -0.1907358318567276,
                    -0.7688807249069214
                ],
                [
                    -0.20099660754203796,
                    0.3089875876903534,
                    -0.9295843243598938,
                    -3.747274160385132
                ],
                [
                    0.0,
                    0.9489505887031555,
                    0.3154247999191284,
                    1.2715179920196533
                ],
                [
                    0.0,
                    0.0,
                    0.0,
                    1.0
                ]
            ]
        },
        {
            "file_path": "/data/shapenet_blender/all_50_random/02958343/ef05b5fa8e2377f8fa7a46166f316347/r_34",
            "rotation": 0.12566370614359174,
            "transform_matrix": [
                [
                    0.1975337415933609,
                    0.17833472788333893,
                    -0.9639384150505066,
                    -3.8857595920562744
                ],
                [
                    -0.9802960753440857,
                    0.03593519330024719,
                    -0.194237619638443,
                    -0.7829967737197876
                ],
                [
                    0.0,
                    0.9833135008811951,
                    0.18191924691200256,
                    0.7333398461341858
                ],
                [
                    0.0,
                    0.0,
                    0.0,
                    1.0
                ]
            ]
        },
        {
            "file_path": "/data/shapenet_blender/all_50_random/02958343/ef05b5fa8e2377f8fa7a46166f316347/r_35",
            "rotation": 0.12566370614359174,
            "transform_matrix": [
                [
                    0.8054414391517639,
                    -0.5895801186561584,
                    -0.06049181520938873,
                    -0.24385030567646027
                ],
                [
                    -0.5926753282546997,
                    -0.801235020160675,
                    -0.08220792561769485,
                    -0.33139073848724365
                ],
                [
                    0.0,
                    0.10206624865531921,
                    -0.9947776794433594,
                    -4.010076999664307
                ],
                [
                    0.0,
                    0.0,
                    0.0,
                    1.0
                ]
            ]
        },
        {
            "file_path": "/data/shapenet_blender/all_50_random/02958343/ef05b5fa8e2377f8fa7a46166f316347/r_36",
            "rotation": 0.12566370614359174,
            "transform_matrix": [
                [
                    0.9358552694320679,
                    -0.1759071797132492,
                    0.3053382933139801,
                    1.2308582067489624
                ],
                [
                    0.352384477853775,
                    0.4671705663204193,
                    -0.8109109997749329,
                    -3.2688870429992676
                ],
                [
                    0.0,
                    0.8664918541908264,
                    0.4991910457611084,
                    2.012303590774536
                ],
                [
                    0.0,
                    0.0,
                    0.0,
                    1.0
                ]
            ]
        },
        {
            "file_path": "/data/shapenet_blender/all_50_random/02958343/ef05b5fa8e2377f8fa7a46166f316347/r_37",
            "rotation": 0.12566370614359174,
            "transform_matrix": [
                [
                    -0.5126177668571472,
                    0.12372253835201263,
                    0.8496561646461487,
                    3.4250738620758057
                ],
                [
                    0.8586169481277466,
                    0.07386574149131775,
                    0.507267951965332,
                    2.044862747192383
                ],
                [
                    0.0,
                    0.9895638227462769,
                    -0.14409513771533966,
                    -0.5808661580085754
                ],
                [
                    0.0,
                    0.0,
                    0.0,
                    1.0
                ]
            ]
        },
        {
            "file_path": "/data/shapenet_blender/all_50_random/02958343/ef05b5fa8e2377f8fa7a46166f316347/r_38",
            "rotation": 0.12566370614359174,
            "transform_matrix": [
                [
                    0.9021833539009094,
                    -0.30643266439437866,
                    0.30358558893203735,
                    1.2237926721572876
                ],
                [
                    0.43135276436805725,
                    0.6409103870391846,
                    -0.634955644607544,
                    -2.5595879554748535
                ],
                [
                    0.0,
                    0.7037988901138306,
                    0.7103992104530334,
                    2.863710880279541
                ],
                [
                    0.0,
                    0.0,
                    0.0,
                    1.0
                ]
            ]
        },
        {
            "file_path": "/data/shapenet_blender/all_50_random/02958343/ef05b5fa8e2377f8fa7a46166f316347/r_39",
            "rotation": 0.12566370614359174,
            "transform_matrix": [
                [
                    -0.996460497379303,
                    0.02613825537264347,
                    0.07989588379859924,
                    0.3220705986022949
                ],
                [
                    0.0840628445148468,
                    0.3098365366458893,
                    0.9470663666725159,
                    3.817746639251709
                ],
                [
                    -1.862645371275562e-09,
                    0.9504304528236389,
                    -0.3109370768070221,
                    -1.253427505493164
                ],
                [
                    0.0,
                    0.0,
                    0.0,
                    1.0
                ]
            ]
        },
        {
            "file_path": "/data/shapenet_blender/all_50_random/02958343/ef05b5fa8e2377f8fa7a46166f316347/r_40",
            "rotation": 0.12566370614359174,
            "transform_matrix": [
                [
                    -0.962189793586731,
                    -0.003277985844761133,
                    -0.27236005663871765,
                    -1.0979185104370117
                ],
                [
                    -0.2723797857761383,
                    0.011579584330320358,
                    0.9621201753616333,
                    3.8784303665161133
                ],
                [
                    0.0,
                    0.9999276399612427,
                    -0.012034614570438862,
                    -0.04851308465003967
                ],
                [
                    0.0,
                    0.0,
                    0.0,
                    1.0
                ]
            ]
        },
        {
            "file_path": "/data/shapenet_blender/all_50_random/02958343/ef05b5fa8e2377f8fa7a46166f316347/r_41",
            "rotation": 0.12566370614359174,
            "transform_matrix": [
                [
                    0.9044498205184937,
                    0.0013222408015280962,
                    0.42657798528671265,
                    1.7195910215377808
                ],
                [
                    0.4265800714492798,
                    -0.0028034604620188475,
                    -0.9044454097747803,
                    -3.6459362506866455
                ],
                [
                    -1.1641530794914701e-10,
