{
    "class": "02958343",
    "model": "2fceea2bce91439ca26fdd1a1e470de9",
    "remove_doubles": true,
    "edge_split": true,
    "denoise": true,
    "camera_angle_x": 0.6911112070083618,
    "scale_factor": 2.2609447277083787,
    "hdri_file": "/data/IndoorHDRDataset2018/9C4A7872-2334b0b116.exr",
    "center_offset": [
        0.0,
        0.0,
        -1.862645149230957e-09
    ],
    "lights": [],
    "frames": [
        {
            "file_path": "/data/shapenet_blender/all_50_random/02958343/2fceea2bce91439ca26fdd1a1e470de9/r_0",
            "rotation": 0.12566370614359174,
            "transform_matrix": [
                [
                    -0.07873982936143875,
                    0.03138720244169235,
                    -0.9964009523391724,
                    -4.016620635986328
                ],
                [
                    -0.9968951940536499,
                    -0.0024791203904896975,
                    0.07870079576969147,
                    0.317253053188324
                ],
                [
                    0.0,
                    0.9995042085647583,
                    0.03148495778441429,
                    0.1269199252128601
                ],
                [
                    0.0,
                    0.0,
                    0.0,
                    1.0
                ]
            ]
        },
        {
            "file_path": "/data/shapenet_blender/all_50_random/02958343/2fceea2bce91439ca26fdd1a1e470de9/r_1",
            "rotation": 0.12566370614359174,
            "transform_matrix": [
                [
                    -0.4862700402736664,
                    0.37492701411247253,
                    0.7892851829528809,
                    3.1817104816436768
                ],
                [
                    0.8738085031509399,
                    0.20864498615264893,
                    0.4392332136631012,
                    1.7706058025360107
                ],
                [
                    0.0,
                    0.9032701253890991,
                    -0.42907223105430603,
                    -1.7296456098556519
                ],
                [
                    0.0,
                    0.0,
                    0.0,
                    1.0
                ]
            ]
        },
        {
            "file_path": "/data/shapenet_blender/all_50_random/02958343/2fceea2bce91439ca26fdd1a1e470de9/r_2",
            "rotation": 0.12566370614359174,
            "transform_matrix": [
                [
                    0.3145623505115509,
                    -0.4503963589668274,
                    -0.8355797529220581,
                    -3.3683300018310547
                ],
                [
                    -0.9492368102073669,
                    -0.14925436675548553,
                    -0.27689817547798157,
                    -1.1162123680114746
                ],
                [
                    7.450580152834618e-09,
                    0.880264937877655,
                    -0.47448253631591797,
                    -1.9127004146575928
                ],
                [
                    0.0,
                    0.0,
                    0.0,
                    1.0
                ]
            ]
        },
        {
            "file_path": "/data/shapenet_blender/all_50_random/02958343/2fceea2bce91439ca26fdd1a1e470de9/r_3",
            "rotation": 0.12566370614359174,
            "transform_matrix": [
                [
                    -0.21659418940544128,
                    -0.8234594464302063,
                    0.5244057774543762,
                    2.1139473915100098
                ],
                [
                    0.9762617349624634,
                    -0.18269336223602295,
                    0.11634507030248642,
                    0.46900197863578796
                ],
                [
                    7.450581485102248e-09,
                    0.5371568202972412,
                    0.843482255935669,
                    3.4001858234405518
                ],
                [
                    0.0,
                    0.0,
                    0.0,
                    1.0
                ]
            ]
        },
        {
            "file_path": "/data/shapenet_blender/all_50_random/02958343/2fceea2bce91439ca26fdd1a1e470de9/r_4",
            "rotation": 0.12566370614359174,
            "transform_matrix": [
                [
                    0.9997268915176392,
                    -0.02157675102353096,
                    -0.008988584391772747,
                    -0.03623414784669876
                ],
                [
                    -0.023374149575829506,
                    -0.9228509664535522,
                    -0.384447306394577,
                    -1.5497567653656006
                ],
                [
                    0.0,
                    0.3845524191856384,
                    -0.9231030941009521,
                    -3.7211477756500244
                ],
                [
                    0.0,
                    0.0,
                    0.0,
                    1.0
                ]
            ]
        },
        {
            "file_path": "/data/shapenet_blender/all_50_random/02958343/2fceea2bce91439ca26fdd1a1e470de9/r_5",
            "rotation": 0.12566370614359174,
            "transform_matrix": [
                [
                    -0.590914249420166,
                    0.3788659870624542,
                    0.7122365832328796,
                    2.87111759185791
                ],
                [
                    0.8067345023155212,
                    0.27751052379608154,
                    0.5216967463493347,
                    2.103026866912842
                ],
                [
                    0.0,
                    0.8828637003898621,
                    -0.469629168510437,
                    -1.8931357860565186
                ],
                [
                    0.0,
                    0.0,
                    0.0,
                    1.0
                ]
            ]
        },
        {
            "file_path": "/data/shapenet_blender/all_50_random/02958343/2fceea2bce91439ca26fdd1a1e470de9/r_6",
            "rotation": 0.12566370614359174,
            "transform_matrix": [
                [
                    -0.3205333948135376,
                    -0.008898977190256119,
                    0.9471954107284546,
                    3.8182666301727295
                ],
                [
                    0.9472371935844421,
                    -0.0030113044194877148,
                    0.32051926851272583,
                    1.2920544147491455
                ],
                [
                    0.0,
                    0.9999558925628662,
                    0.009394665248692036,
                    0.0378711074590683
                ],
                [
                    0.0,
                    0.0,
                    0.0,
                    1.0
                ]
            ]
        },
        {
            "file_path": "/data/shapenet_blender/all_50_random/02958343/2fceea2bce91439ca26fdd1a1e470de9/r_7",
            "rotation": 0.12566370614359174,
            "transform_matrix": [
                [
                    0.00016547771519981325,
                    -0.5108419060707092,
                    -0.8596746325492859,
                    -3.465459108352661
                ],
                [
                    -1.0,
                    -8.453295595245436e-05,
                    -0.0001422569912392646,
                    -0.0005734562873840332
                ],
                [
                    0.0,
                    0.8596745729446411,
                    -0.5108419060707092,
                    -2.059269666671753
                ],
                [
                    0.0,
                    0.0,
                    0.0,
                    1.0
                ]
            ]
        },
        {
            "file_path": "/data/shapenet_blender/all_50_random/02958343/2fceea2bce91439ca26fdd1a1e470de9/r_8",
            "rotation": 0.12566370614359174,
            "transform_matrix": [
                [
                    -0.05978533625602722,
                    -0.7974840998649597,
                    0.6003705263137817,
                    2.4201712608337402
                ],
                [
                    0.9982112646102905,
                    -0.047763288021087646,
                    0.03595767170190811,
                    0.1449500322341919
                ],
                [
                    -1.862645149230957e-09,
                    0.601446270942688,
                    0.7989131212234497,
                    3.220521926879883
                ],
                [
                    0.0,
                    0.0,
                    0.0,
                    1.0
                ]
            ]
        },
        {
            "file_path": "/data/shapenet_blender/all_50_random/02958343/2fceea2bce91439ca26fdd1a1e470de9/r_9",
            "rotation": 0.12566370614359174,
            "transform_matrix": [
                [
                    0.1456366330385208,
                    -0.605534553527832,
                    -0.7823796272277832,
                    -3.1538729667663574
                ],
                [
                    -0.989338219165802,
                    -0.08913838863372803,
                    -0.11517106741666794,
                    -0.46426939964294434
                ],
                [
                    0.0,
                    0.7908110022544861,
                    -0.6120602488517761,
                    -2.4672937393188477
                ],
                [
                    0.0,
                    0.0,
                    0.0,
                    1.0
                ]
            ]
        },
        {
            "file_path": "/data/shapenet_blender/all_50_random/02958343/2fceea2bce91439ca26fdd1a1e470de9/r_10",
            "rotation": 0.12566370614359174,
            "transform_matrix": [
                [
                    0.6486067175865173,
                    -0.3166896104812622,
                    -0.6921105980873108,
                    -2.789987087249756
                ],
                [
                    -0.7611238360404968,
                    -0.26987332105636597,
                    -0.589795708656311,
                    -2.377542495727539
                ],
                [
                    -1.4901162970204496e-08,
                    0.9093272686004639,
                    -0.41608160734176636,
                    -1.6772786378860474
                ],
                [
                    0.0,
                    0.0,
                    0.0,
                    1.0
                ]
            ]
        },
        {
            "file_path": "/data/shapenet_blender/all_50_random/02958343/2fceea2bce91439ca26fdd1a1e470de9/r_11",
            "rotation": 0.12566370614359174,
            "transform_matrix": [
                [
                    0.7244957089424133,
                    -0.3358512222766876,
                    -0.6019218564033508,
                    -2.426424503326416
                ],
                [
                    -0.689279317855835,
                    -0.3530103862285614,
                    -0.6326749920845032,
                    -2.5503945350646973
                ],
                [
                    0.0,
                    0.8732625842094421,
                    -0.48724979162216187,
                    -1.9641667604446411
                ],
                [
                    0.0,
                    0.0,
                    0.0,
                    1.0
                ]
            ]
        },
        {
            "file_path": "/data/shapenet_blender/all_50_random/02958343/2fceea2bce91439ca26fdd1a1e470de9/r_12",
            "rotation": 0.12566370614359174,
            "transform_matrix": [
                [
                    0.13317814469337463,
                    0.635591983795166,
                    -0.7604513168334961,
                    -3.0654776096343994
                ],
                [
                    -0.9910921454429626,
                    0.08540777117013931,
                    -0.10218576341867447,
                    -0.41192400455474854
                ],
                [
                    0.0,
                    0.7672863006591797,
                    0.641304612159729,
                    2.585181713104248
                ],
                [
                    0.0,
                    0.0,
                    0.0,
                    1.0
                ]
            ]
        },
        {
            "file_path": "/data/shapenet_blender/all_50_random/02958343/2fceea2bce91439ca26fdd1a1e470de9/r_13",
            "rotation": 0.12566370614359174,
            "transform_matrix": [
                [
                    -0.9447410106658936,
                    -0.07691159099340439,
                    0.3186676800251007,
                    1.2845906019210815
                ],
                [
                    0.32781782746315,
                    -0.22165217995643616,
                    0.9183712005615234,
                    3.702072858810425
                ],
                [
                    0.0,
                    0.9720878601074219,
                    0.23461687564849854,
                    0.9457709193229675
                ],
                [
                    0.0,
                    0.0,
                    0.0,
                    1.0
                ]
            ]
        },
        {
            "file_path": "/data/shapenet_blender/all_50_random/02958343/2fceea2bce91439ca26fdd1a1e470de9/r_14",
            "rotation": 0.12566370614359174,
            "transform_matrix": [
                [
                    -0.15175068378448486,
                    0.11642751097679138,
                    -0.9815377593040466,
                    -3.956705331802368
                ],
                [
                    -0.9884188771247864,
                    -0.01787496730685234,
                    0.15069423615932465,
                    0.6074678897857666
                ],
                [
                    0.0,
                    0.9930382966995239,
                    0.11779168248176575,
                    0.4748334586620331
                ],
                [
                    0.0,
                    0.0,
                    0.0,
                    1.0
                ]
            ]
        },
        {
            "file_path": "/data/shapenet_blender/all_50_random/02958343/2fceea2bce91439ca26fdd1a1e470de9/r_15",
            "rotation": 0.12566370614359174,
            "transform_matrix": [
                [
                    -0.3614940345287323,
                    -0.014873677864670753,
                    0.932255744934082,
                    3.7580432891845703
                ],
                [
                    0.9323744177818298,
                    -0.005766723770648241,
                    0.3614480197429657,
                    1.4570436477661133
                ],
                [
                    0.0,
                    0.9998728036880493,
                    0.015952469781041145,
                    0.06430646777153015
                ],
                [
                    0.0,
                    0.0,
                    0.0,
                    1.0
                ]
            ]
        },
        {
            "file_path": "/data/shapenet_blender/all_50_random/02958343/2fceea2bce91439ca26fdd1a1e470de9/r_16",
            "rotation": 0.12566370614359174,
            "transform_matrix": [
                [
                    0.9029890298843384,
                    0.07337788492441177,
                    -0.4233517348766327,
                    -1.706585168838501
                ],
                [
                    -0.42966383695602417,
                    0.15421225130558014,
                    -0.8897234201431274,
                    -3.5865893363952637
                ],
                [
                    0.0,
                    0.9853091239929199,
                    0.17077979445457458,
                    0.6884353160858154
                ],
                [
                    0.0,
                    0.0,
                    0.0,
                    1.0
                ]
            ]
        },
        {
            "file_path": "/data/shapenet_blender/all_50_random/02958343/2fceea2bce91439ca26fdd1a1e470de9/r_17",
            "rotation": 0.12566370614359174,
            "transform_matrix": [
                [
                    -0.07067033648490906,
                    0.18534690141677856,
                    -0.9801286458969116,
                    -3.9510250091552734
                ],
                [
                    -0.9974997639656067,
                    -0.013131358660757542,
                    0.06943963468074799,
                    0.27992013096809387
                ],
                [
                    9.31322685637781e-10,
                    0.9825853109359741,
                    0.18581148982048035,
                    0.7490300536155701
                ],
                [
                    0.0,
                    0.0,
                    0.0,
                    1.0
                ]
            ]
        },
        {
            "file_path": "/data/shapenet_blender/all_50_random/02958343/2fceea2bce91439ca26fdd1a1e470de9/r_18",
            "rotation": 0.12566370614359174,
            "transform_matrix": [
                [
                    -0.7720985412597656,
                    0.4295327067375183,
                    0.4683646261692047,
                    1.888037919998169
                ],
                [
                    0.6355026960372925,
                    0.5218570828437805,
                    0.5690355896949768,
                    2.293855667114258
                ],
                [
                    -1.4901158529312397e-08,
                    0.7369984984397888,
                    -0.6758943796157837,
                    -2.7246170043945312
                ],
                [
                    0.0,
                    0.0,
                    0.0,
                    1.0
                ]
            ]
        },
        {
            "file_path": "/data/shapenet_blender/all_50_random/02958343/2fceea2bce91439ca26fdd1a1e470de9/r_19",
            "rotation": 0.12566370614359174,
            "transform_matrix": [
                [
                    -0.815848708152771,
                    -0.2591908872127533,
                    0.5169245004653931,
                    2.083789587020874
                ],
                [
                    0.5782654285430908,
                    -0.3656807541847229,
                    0.7293055057525635,
                    2.939924716949463
                ],
                [
                    0.0,
                    0.8939225077629089,
                    0.4482213854789734,
                    1.8068382740020752
                ],
                [
                    0.0,
                    0.0,
                    0.0,
                    1.0
                ]
            ]
        },
        {
            "file_path": "/data/shapenet_blender/all_50_random/02958343/2fceea2bce91439ca26fdd1a1e470de9/r_20",
            "rotation": 0.12566370614359174,
            "transform_matrix": [
                [
                    0.4005208909511566,
                    -0.7298151254653931,
                    0.5540331602096558,
                    2.2333788871765137
                ],
                [
                    0.9162875413894653,
                    0.3190114498138428,
                    -0.2421749234199524,
                    -0.9762382507324219
                ],
                [
                    0.0,
                    0.6046499013900757,
                    0.7964914441108704,
                    3.210759401321411
                ],
                [
                    0.0,
                    0.0,
                    0.0,
                    1.0
                ]
            ]
        },
        {
            "file_path": "/data/shapenet_blender/all_50_random/02958343/2fceea2bce91439ca26fdd1a1e470de9/r_21",
            "rotation": 0.12566370614359174,
            "transform_matrix": [
                [
                    -0.20817357301712036,
                    0.965022623538971,
                    -0.15935835242271423,
                    -0.6423940658569336
                ],
                [
                    -0.9780919551849365,
                    -0.20539192855358124,
                    0.03391725569963455,
                    0.1367248296737671
                ],
                [
                    0.0,
                    0.1629277765750885,
                    0.9866379499435425,
                    3.977264881134033
                ],
                [
                    0.0,
                    0.0,
                    0.0,
                    1.0
                ]
            ]
        },
        {
            "file_path": "/data/shapenet_blender/all_50_random/02958343/2fceea2bce91439ca26fdd1a1e470de9/r_22",
            "rotation": 0.12566370614359174,
            "transform_matrix": [
                [
                    0.38783201575279236,
                    0.7779176831245422,
                    0.49439913034439087,
                    1.9929866790771484
                ],
                [
                    0.9217300415039062,
                    -0.32732078433036804,
                    -0.2080260068178177,
                    -0.8385796546936035
                ],
                [
                    1.4901159417490817e-08,
                    0.5363816618919373,
                    -0.8439755439758301,
                    -3.402174234390259
                ],
                [
                    0.0,
                    0.0,
                    0.0,
                    1.0
                ]
            ]
        },
        {
            "file_path": "/data/shapenet_blender/all_50_random/02958343/2fceea2bce91439ca26fdd1a1e470de9/r_23",
            "rotation": 0.12566370614359174,
            "transform_matrix": [
                [
                    0.24036617577075958,
                    0.07148343324661255,
                    -0.9680466055870056,
                    -3.902320623397827
                ],
                [
                    -0.9706823825836182,
                    0.017701156437397003,
                    -0.23971350491046906,
                    -0.9663160443305969
                ],
                [
                    0.0,
                    0.9972847700119019,
                    0.07364245504140854,
                    0.29686224460601807
                ],
                [
                    0.0,
                    0.0,
                    0.0,
                    1.0
                ]
            ]
        },
        {
            "file_path": "/data/shapenet_blender/all_50_random/02958343/2fceea2bce91439ca26fdd1a1e470de9/r_24",
            "rotation": 0.12566370614359174,
            "transform_matrix": [
                [
                    0.8712327480316162,
                    -0.10059087723493576,
                    0.48045286536216736,
                    1.9367674589157104
                ],
                [
                    0.4908701479434967,
                    0.17853614687919617,
                    -0.85274338722229,
                    -3.43751859664917
                ],
                [
                    0.0,
                    0.9787778854370117,
                    0.204923614859581,
                    0.8260735273361206
                ],
                [
                    0.0,
                    0.0,
                    0.0,
                    1.0
                ]
            ]
        },
        {
            "file_path": "/data/shapenet_blender/all_50_random/02958343/2fceea2bce91439ca26fdd1a1e470de9/r_25",
            "rotation": 0.12566370614359174,
            "transform_matrix": [
                [
                    -0.9996851086616516,
                    -0.014042733237147331,
                    0.020798197016119957,
                    0.08384022116661072
                ],
                [
                    0.02509508840739727,
                    -0.559404730796814,
                    0.828514575958252,
                    3.3398494720458984
                ],
                [
                    9.313225746154785e-10,
                    0.8287756443023682,
                    0.55958092212677,
                    2.2557430267333984
                ],
                [
                    0.0,
                    0.0,
                    0.0,
                    1.0
                ]
            ]
        },
        {
            "file_path": "/data/shapenet_blender/all_50_random/02958343/2fceea2bce91439ca26fdd1a1e470de9/r_26",
            "rotation": 0.12566370614359174,
            "transform_matrix": [
                [
                    -0.8880890607833862,
                    -0.036516353487968445,
                    0.45821869373321533,
                    1.8471384048461914
                ],
                [
                    0.45967137813568115,
                    -0.07054991275072098,
                    0.8852825164794922,
                    3.5686874389648438
                ],
                [
                    -3.7252896323280993e-09,
                    0.9968395829200745,
                    0.07944013923406601,
                    0.32023340463638306
                ],
                [
                    0.0,
                    0.0,
                    0.0,
                    1.0
                ]
            ]
        },
        {
            "file_path": "/data/shapenet_blender/all_50_random/02958343/2fceea2bce91439ca26fdd1a1e470de9/r_27",
            "rotation": 0.12566370614359174,
            "transform_matrix": [
                [
                    -0.9459516406059265,
                    -0.0775439441204071,
                    -0.3149004876613617,
                    -1.269404411315918
                ],
                [
                    -0.32430753111839294,
                    0.22618292272090912,
                    0.9185128808021545,
                    3.702643632888794
                ],
                [
                    7.4505792646561986e-09,
                    0.9709934592247009,
                    -0.2391061931848526,
                    -0.9638678431510925
                ],
                [
                    0.0,
                    0.0,
                    0.0,
                    1.0
                ]
            ]
        },
        {
            "file_path": "/data/shapenet_blender/all_50_random/02958343/2fceea2bce91439ca26fdd1a1e470de9/r_28",
            "rotation": 0.12566370614359174,
            "transform_matrix": [
                [
                    0.87563556432724,
                    0.04792195186018944,
                    0.48058900237083435,
                    1.9373161792755127
                ],
                [
                    0.4829723834991455,
                    -0.08688315749168396,
                    -0.8713144659996033,
                    -3.512381076812744
                ],
                [
                    0.0,
                    0.9950652122497559,
                    -0.09922295808792114,
                    -0.3999805450439453
                ],
                [
                    0.0,
                    0.0,
                    0.0,
                    1.0
                ]
            ]
        },
        {
            "file_path": "/data/shapenet_blender/all_50_random/02958343/2fceea2bce91439ca26fdd1a1e470de9/r_29",
            "rotation": 0.12566370614359174,
            "transform_matrix": [
                [
                    -0.8330317735671997,
                    0.40783873200416565,
                    -0.37379878759384155,
                    -1.506831169128418
                ],
                [
                    -0.5532249808311462,
                    -0.614112913608551,
                    0.5628564357757568,
                    2.268946886062622
                ],
                [
                    -1.4901160305669237e-08,
                    0.675672173500061,
                    0.7372022271156311,
                    2.971757173538208
                ],
                [
                    0.0,
                    0.0,
                    0.0,
                    1.0
                ]
            ]
        },
        {
            "file_path": "/data/shapenet_blender/all_50_random/02958343/2fceea2bce91439ca26fdd1a1e470de9/r_30",
            "rotation": 0.12566370614359174,
            "transform_matrix": [
                [
                    0.9960451126098633,
                    -0.05887547880411148,
                    0.066541388630867,
                    0.2682369351387024
                ],
                [
                    0.08884862810373306,
                    0.6600285172462463,
                    -0.7459679245948792,
                    -3.0070931911468506
                ],
                [
                    0.0,
                    0.7489299774169922,
                    0.6626491546630859,
                    2.671224355697632
                ],
                [
                    0.0,
                    0.0,
                    0.0,
                    1.0
                ]
            ]
        },
        {
            "file_path": "/data/shapenet_blender/all_50_random/02958343/2fceea2bce91439ca26fdd1a1e470de9/r_31",
            "rotation": 0.12566370614359174,
            "transform_matrix": [
                [
                    0.37692713737487793,
                    -0.33029529452323914,
                    -0.8653501868247986,
                    -3.4883382320404053
                ],
                [
                    -0.9262429475784302,
                    -0.13441099226474762,
                    -0.35214728116989136,
                    -1.419551134109497
                ],
                [
                    1.4901161193847656e-08,
                    0.9342584013938904,
                    -0.35659682750701904,
                    -1.4374878406524658
                ],
                [
                    0.0,
                    0.0,
                    0.0,
                    1.0
                ]
            ]
        },
        {
            "file_path": "/data/shapenet_blender/all_50_random/02958343/2fceea2bce91439ca26fdd1a1e470de9/r_32",
            "rotation": 0.12566370614359174,
            "transform_matrix": [
                [
                    0.7454168200492859,
                    0.029639320448040962,
                    0.6659393310546875,
                    2.6844873428344727
                ],
                [
                    0.6665986180305481,
                    -0.03314385935664177,
                    -0.7446796298027039,
                    -3.0018997192382812
                ],
                [
                    1.862645149230957e-09,
                    0.9990110397338867,
                    -0.044463515281677246,
                    -0.17923817038536072
                ],
                [
                    0.0,
                    0.0,
                    0.0,
                    1.0
                ]
            ]
        },
        {
            "file_path": "/data/shapenet_blender/all_50_random/02958343/2fceea2bce91439ca26fdd1a1e470de9/r_33",
            "rotation": 0.12566370614359174,
            "transform_matrix": [
                [
                    -0.6076774597167969,
                    -0.24641238152980804,
                    -0.7549894452095032,
                    -3.043459892272949
                ],
                [
                    -0.7941839694976807,
                    0.18854480981826782,
                    0.5776874423027039,
                    2.328732490539551
                ],
                [
                    1.4901161193847656e-08,
                    0.9506481289863586,
                    -0.31027117371559143,
                    -1.2507431507110596
                ],
                [
                    0.0,
                    0.0,
                    0.0,
                    1.0
                ]
            ]
        },
        {
            "file_path": "/data/shapenet_blender/all_50_random/02958343/2fceea2bce91439ca26fdd1a1e470de9/r_34",
            "rotation": 0.12566370614359174,
            "transform_matrix": [
                [
                    0.8966142535209656,
                    -0.14278051257133484,
                    -0.41916176676750183,
                    -1.689695119857788
                ],
                [
                    -0.442812442779541,
                    -0.2891044616699219,
                    -0.8487259745597839,
                    -3.421323776245117
                ],
                [
                    -7.450580152834618e-09,
                    0.9465898871421814,
                    -0.32244014739990234,
                    -1.299797773361206
                ],
                [
                    0.0,
                    0.0,
                    0.0,
                    1.0
                ]
            ]
        },
        {
            "file_path": "/data/shapenet_blender/all_50_random/02958343/2fceea2bce91439ca26fdd1a1e470de9/r_35",
            "rotation": 0.12566370614359174,
            "transform_matrix": [
                [
                    0.648579478263855,
                    0.09983967989683151,
                    -0.754570484161377,
                    -3.0417709350585938
                ],
                [
                    -0.7611469030380249,
                    0.08507421612739563,
                    -0.6429756879806519,
                    -2.5919179916381836
                ],
                [
                    7.450580596923828e-09,
                    0.9913597702980042,
                    0.13117006421089172,
                    0.5287634134292603
                ],
                [
                    0.0,
                    0.0,
                    0.0,
                    1.0
                ]
            ]
        },
        {
            "file_path": "/data/shapenet_blender/all_50_random/02958343/2fceea2bce91439ca26fdd1a1e470de9/r_36",
            "rotation": 0.12566370614359174,
            "transform_matrix": [
                [
                    -0.9195992350578308,
                    -0.13521437346935272,
                    0.3688553273677826,
                    1.486903429031372
                ],
                [
                    0.39285770058631897,
                    -0.31650906801223755,
                    0.8634145855903625,
                    3.4805355072021484
                ],
                [
                    -7.450580596923828e-09,
                    0.9389029741287231,
                    0.3441815674304962,
                    1.3874403238296509
                ],
                [
                    0.0,
                    0.0,
                    0.0,
                    1.0
                ]
            ]
        },
        {
            "file_path": "/data/shapenet_blender/all_50_random/02958343/2fceea2bce91439ca26fdd1a1e470de9/r_37",
            "rotation": 0.12566370614359174,
            "transform_matrix": [
                [
                    -0.9141212701797485,
                    0.00041470848373137414,
                    -0.40544065833091736,
                    -1.6343833208084106
                ],
                [
                    -0.4054408371448517,
                    -0.0009350164909847081,
                    0.9141208529472351,
                    3.684938669204712
                ],
                [
                    -2.9103826987286752e-11,
                    0.9999995231628418,
                    0.00102285819593817,
                    0.004123272839933634
                ],
                [
                    0.0,
                    0.0,
                    0.0,
                    1.0
                ]
            ]
        },
        {
            "file_path": "/data/shapenet_blender/all_50_random/02958343/2fceea2bce91439ca26fdd1a1e470de9/r_38",
            "rotation": 0.12566370614359174,
            "transform_matrix": [
                [
                    -0.9855608344078064,
                    -0.12308701872825623,
                    0.11627332866191864,
                    0.46871277689933777
                ],
                [
                    0.16932189464569092,
                    -0.7164444923400879,
                    0.6767845153808594,
                    2.728205680847168
                ],
                [
                    0.0,
                    0.6866998672485352,
                    0.7269409894943237,
                    2.9303927421569824
                ],
                [
                    0.0,
                    0.0,
                    0.0,
                    1.0
                ]
            ]
        },
        {
            "file_path": "/data/shapenet_blender/all_50_random/02958343/2fceea2bce91439ca26fdd1a1e470de9/r_39",
            "rotation": 0.12566370614359174,
            "transform_matrix": [
                [
                    -0.4450501501560211,
                    0.0932280570268631,
                    -0.8906395435333252,
                    -3.590282917022705
                ],
                [
                    -0.8955056667327881,
                    -0.04633265733718872,
                    0.4426317811012268,
                    1.7843058109283447
                ],
                [
                    3.725290298461914e-09,
                    0.9945662021636963,
                    0.1041065976023674,
                    0.41966712474823
                ],
                [
                    0.0,
                    0.0,
                    0.0,
                    1.0
                ]
            ]
        },
        {
            "file_path": "/data/shapenet_blender/all_50_random/02958343/2fceea2bce91439ca26fdd1a1e470de9/r_40",
            "rotation": 0.12566370614359174,
            "transform_matrix": [
                [
                    -0.7039303779602051,
                    0.4620237946510315,
                    0.5394590497016907,
                    2.174628973007202
                ],
                [
                    0.7102689743041992,
                    0.4579005837440491,
                    0.5346447825431824,
                    2.155221939086914
                ],
                [
                    -1.4901161193847656e-08,
                    0.7595137357711792,
                    -0.6504912972450256,
                    -2.6222143173217773
                ],
                [
                    0.0,
                    0.0,
                    0.0,
                    1.0
                ]
            ]
        },
        {
            "file_path": "/data/shapenet_blender/all_50_random/02958343/2fceea2bce91439ca26fdd1a1e470de9/r_41",
            "rotation": 0.12566370614359174,
            "transform_matrix": [
                [
                    -0.8694100379943848,
                    0.44505003094673157,
                    0.2146083265542984,
                    0.8651137351989746
                ],
                [
                    0.49409136176109314,
                    0.7831162214279175,
                    0.37762781977653503,
                    1.5222662687301636
                ],
                [
