{
    "class": "02958343",
    "model": "db86af2f9e7669559ea4d0696ca601de",
    "remove_doubles": true,
    "edge_split": true,
    "denoise": true,
    "camera_angle_x": 0.6911112070083618,
    "scale_factor": 2.206747929153478,
    "hdri_file": "/data/IndoorHDRDataset2018/9C4A4945-808faac7bf.exr",
    "center_offset": [
        0.0,
        -4.656612873077393e-10,
        -3.725290298461914e-09
    ],
    "lights": [],
    "frames": [
        {
            "file_path": "/data/shapenet_blender/all_50_random/02958343/db86af2f9e7669559ea4d0696ca601de/r_0",
            "rotation": 0.12566370614359174,
            "transform_matrix": [
                [
                    -0.19694256782531738,
                    -0.539594292640686,
                    -0.8185667395591736,
                    -3.299748420715332
                ],
                [
                    -0.9804151058197021,
                    0.10839192569255829,
                    0.16443099081516266,
                    0.6628425717353821
                ],
                [
                    0.0,
                    0.8349186778068542,
                    -0.5503732562065125,
                    -2.218625783920288
                ],
                [
                    0.0,
                    0.0,
                    0.0,
                    1.0
                ]
            ]
        },
        {
            "file_path": "/data/shapenet_blender/all_50_random/02958343/db86af2f9e7669559ea4d0696ca601de/r_1",
            "rotation": 0.12566370614359174,
            "transform_matrix": [
                [
                    -0.49963706731796265,
                    -0.41093796491622925,
                    0.7625566720962524,
                    3.0739645957946777
                ],
                [
                    0.8662349581718445,
                    -0.23702557384967804,
                    0.4398362934589386,
                    1.7730369567871094
                ],
                [
                    0.0,
                    0.8803117275238037,
                    0.4743955731391907,
                    1.912349820137024
                ],
                [
                    0.0,
                    0.0,
                    0.0,
                    1.0
                ]
            ]
        },
        {
            "file_path": "/data/shapenet_blender/all_50_random/02958343/db86af2f9e7669559ea4d0696ca601de/r_2",
            "rotation": 0.12566370614359174,
            "transform_matrix": [
                [
                    -0.7810444831848145,
                    0.06307193636894226,
                    -0.621282160282135,
                    -2.5044684410095215
                ],
                [
                    -0.6244754791259766,
                    -0.07888538390398026,
                    0.7770504951477051,
                    3.1323907375335693
                ],
                [
                    -3.725290742551124e-09,
                    0.9948863983154297,
                    0.1009998619556427,
                    0.4071434736251831
                ],
                [
                    0.0,
                    0.0,
                    0.0,
                    1.0
                ]
            ]
        },
        {
            "file_path": "/data/shapenet_blender/all_50_random/02958343/db86af2f9e7669559ea4d0696ca601de/r_3",
            "rotation": 0.12566370614359174,
            "transform_matrix": [
                [
                    0.9442391395568848,
                    0.28953978419303894,
                    0.156777024269104,
                    0.6319884657859802
                ],
                [
                    0.3292602598667145,
                    -0.8303304314613342,
                    -0.4495987594127655,
                    -1.812390685081482
                ],
                [
                    0.0,
                    0.47614914178848267,
                    -0.8793643712997437,
                    -3.5448315143585205
                ],
                [
                    0.0,
                    0.0,
                    0.0,
                    1.0
                ]
            ]
        },
        {
            "file_path": "/data/shapenet_blender/all_50_random/02958343/db86af2f9e7669559ea4d0696ca601de/r_4",
            "rotation": 0.12566370614359174,
            "transform_matrix": [
                [
                    -0.7217981815338135,
                    -0.06489969044923782,
                    -0.6890538930892944,
                    -2.777665376663208
                ],
                [
                    -0.6921035647392273,
                    0.06768419593572617,
                    0.7186176776885986,
                    2.896840810775757
                ],
                [
                    -7.450580596923828e-09,
                    0.9955936670303345,
                    -0.09377162903547287,
                    -0.3780055642127991
                ],
                [
                    0.0,
                    0.0,
                    0.0,
                    1.0
                ]
            ]
        },
        {
            "file_path": "/data/shapenet_blender/all_50_random/02958343/db86af2f9e7669559ea4d0696ca601de/r_5",
            "rotation": 0.12566370614359174,
            "transform_matrix": [
                [
                    -0.04352598637342453,
                    -0.7233967781066895,
                    -0.6890591382980347,
                    -2.777686357498169
                ],
                [
                    -0.9990522861480713,
                    0.0315164253115654,
                    0.03002043068408966,
                    0.1210162341594696
                ],
                [
                    0.0,
                    0.6897127628326416,
                    -0.7240829467773438,
                    -2.9188718795776367
                ],
                [
                    0.0,
                    0.0,
                    0.0,
                    1.0
                ]
            ]
        },
        {
            "file_path": "/data/shapenet_blender/all_50_random/02958343/db86af2f9e7669559ea4d0696ca601de/r_6",
            "rotation": 0.12566370614359174,
            "transform_matrix": [
                [
                    0.8716906905174255,
                    0.4015447497367859,
                    -0.28092196583747864,
                    -1.1324325799942017
                ],
                [
                    -0.49005642533302307,
                    0.7142500281333923,
                    -0.49969154596328735,
                    -2.0143208503723145
                ],
                [
                    0.0,
                    0.573244035243988,
                    0.8193846940994263,
                    3.3030450344085693
                ],
                [
                    0.0,
                    0.0,
                    0.0,
                    1.0
                ]
            ]
        },
        {
            "file_path": "/data/shapenet_blender/all_50_random/02958343/db86af2f9e7669559ea4d0696ca601de/r_7",
            "rotation": 0.12566370614359174,
            "transform_matrix": [
                [
                    0.9979928731918335,
                    -0.022163672372698784,
                    -0.059321172535419464,
                    -0.23913130164146423
                ],
                [
                    -0.06332637369632721,
                    -0.3492887020111084,
                    -0.9348728060722351,
                    -3.7685928344726562
                ],
                [
                    -1.862645149230957e-09,
                    0.9367529153823853,
                    -0.34999117255210876,
                    -1.4108595848083496
                ],
                [
                    0.0,
                    0.0,
                    0.0,
                    1.0
                ]
            ]
        },
        {
            "file_path": "/data/shapenet_blender/all_50_random/02958343/db86af2f9e7669559ea4d0696ca601de/r_8",
            "rotation": 0.12566370614359174,
            "transform_matrix": [
                [
                    -0.7954359650611877,
                    -0.5128890872001648,
                    -0.3228411078453064,
                    -1.3014142513275146
                ],
                [
                    -0.6060376763343811,
                    0.6731767058372498,
                    0.423735111951828,
                    1.708130955696106
                ],
                [
                    0.0,
                    0.532707929611206,
                    -0.8462990522384644,
                    -3.4115407466888428
                ],
                [
                    0.0,
                    0.0,
                    0.0,
                    1.0
                ]
            ]
        },
        {
            "file_path": "/data/shapenet_blender/all_50_random/02958343/db86af2f9e7669559ea4d0696ca601de/r_9",
            "rotation": 0.12566370614359174,
            "transform_matrix": [
                [
                    -0.999532163143158,
                    -0.014214743860065937,
                    0.027080971747636795,
                    0.10916689038276672
                ],
                [
                    0.030584929510951042,
                    -0.4645455479621887,
                    0.885020911693573,
                    3.5676333904266357
                ],
                [
                    -9.313225191043273e-10,
                    0.885435163974762,
                    0.46476298570632935,
                    1.8735195398330688
                ],
                [
                    0.0,
                    0.0,
                    0.0,
                    1.0
                ]
            ]
        },
        {
            "file_path": "/data/shapenet_blender/all_50_random/02958343/db86af2f9e7669559ea4d0696ca601de/r_10",
            "rotation": 0.12566370614359174,
            "transform_matrix": [
                [
                    -0.7031092047691345,
                    0.45311370491981506,
                    -0.5480194091796875,
                    -2.209137201309204
                ],
                [
                    -0.7110817432403564,
                    -0.4480334520339966,
                    0.5418750643730164,
                    2.18436861038208
                ],
                [
                    0.0,
                    0.7706841826438904,
                    0.6372172236442566,
                    2.5687050819396973
                ],
                [
                    0.0,
                    0.0,
                    0.0,
                    1.0
                ]
            ]
        },
        {
            "file_path": "/data/shapenet_blender/all_50_random/02958343/db86af2f9e7669559ea4d0696ca601de/r_11",
            "rotation": 0.12566370614359174,
            "transform_matrix": [
                [
                    0.9146715402603149,
                    0.2929237484931946,
                    -0.27851685881614685,
                    -1.1227374076843262
                ],
                [
                    -0.40419793128967285,
                    0.6628658771514893,
                    -0.6302641034126282,
                    -2.5406758785247803
                ],
                [
                    0.0,
                    0.6890605092048645,
                    0.7247037291526794,
                    2.9213740825653076
                ],
                [
                    0.0,
                    0.0,
                    0.0,
                    1.0
                ]
            ]
        },
        {
            "file_path": "/data/shapenet_blender/all_50_random/02958343/db86af2f9e7669559ea4d0696ca601de/r_12",
            "rotation": 0.12566370614359174,
            "transform_matrix": [
                [
                    -0.19619899988174438,
                    0.6412628293037415,
                    0.7418138980865479,
                    2.990347385406494
                ],
                [
                    0.9805641174316406,
                    0.12830892205238342,
                    0.14842796325683594,
                    0.5983322858810425
                ],
                [
                    -7.450580596923828e-09,
                    0.7565175294876099,
                    -0.653973400592804,
                    -2.636251211166382
                ],
                [
                    0.0,
                    0.0,
                    0.0,
                    1.0
                ]
            ]
        },
        {
            "file_path": "/data/shapenet_blender/all_50_random/02958343/db86af2f9e7669559ea4d0696ca601de/r_13",
            "rotation": 0.12566370614359174,
            "transform_matrix": [
                [
                    -0.9893013834953308,
                    0.026546739041805267,
                    -0.1434508115053177,
                    -0.5782687664031982
                ],
                [
                    -0.14588651061058044,
                    -0.18002164363861084,
                    0.9727842807769775,
                    3.921419143676758
                ],
                [
                    -1.862645371275562e-09,
                    0.9833043217658997,
                    0.18196843564510345,
                    0.7335382699966431
                ],
                [
                    0.0,
                    0.0,
                    0.0,
                    1.0
                ]
            ]
        },
        {
            "file_path": "/data/shapenet_blender/all_50_random/02958343/db86af2f9e7669559ea4d0696ca601de/r_14",
            "rotation": 0.12566370614359174,
            "transform_matrix": [
                [
                    -0.9387974739074707,
                    -0.05116162449121475,
                    0.340649276971817,
                    1.3732011318206787
                ],
                [
                    0.3444697856903076,
                    -0.13943283259868622,
                    0.9283851981163025,
                    3.7424404621124268
                ],
                [
                    0.0,
                    0.9889088273048401,
                    0.14852285385131836,
                    0.5987147688865662
                ],
                [
                    0.0,
                    0.0,
                    0.0,
                    1.0
                ]
            ]
        },
        {
            "file_path": "/data/shapenet_blender/all_50_random/02958343/db86af2f9e7669559ea4d0696ca601de/r_15",
            "rotation": 0.12566370614359174,
            "transform_matrix": [
                [
                    0.5918739438056946,
                    -0.14578892290592194,
                    0.7927362322807312,
                    3.1956217288970947
                ],
                [
                    0.8060303330421448,
                    0.10705386847257614,
                    -0.5821119546890259,
                    -2.3465683460235596
                ],
                [
                    0.0,
                    0.983506441116333,
                    0.18087273836135864,
                    0.7291213274002075
                ],
                [
                    0.0,
                    0.0,
                    0.0,
                    1.0
                ]
            ]
        },
        {
            "file_path": "/data/shapenet_blender/all_50_random/02958343/db86af2f9e7669559ea4d0696ca601de/r_16",
            "rotation": 0.12566370614359174,
            "transform_matrix": [
                [
                    -0.9885879755020142,
                    0.039285846054553986,
                    0.14543192088603973,
                    0.5862548351287842
                ],
                [
                    0.1506446897983551,
                    0.25780871510505676,
                    0.9543797969818115,
                    3.8472280502319336
                ],
                [
                    0.0,
                    0.9653970003128052,
                    -0.2607848048210144,
                    -1.0512571334838867
                ],
                [
                    0.0,
                    0.0,
                    0.0,
                    1.0
                ]
            ]
        },
        {
            "file_path": "/data/shapenet_blender/all_50_random/02958343/db86af2f9e7669559ea4d0696ca601de/r_17",
            "rotation": 0.12566370614359174,
            "transform_matrix": [
                [
                    0.04891949146986008,
                    0.20506824553012848,
                    0.9775242805480957,
                    3.9405267238616943
                ],
                [
                    0.9988027215003967,
                    -0.010043859481811523,
                    -0.04787731170654297,
                    -0.19299963116645813
                ],
                [
                    0.0,
                    0.9786960482597351,
                    -0.205314040184021,
                    -0.8276474475860596
                ],
                [
                    0.0,
                    0.0,
                    0.0,
                    1.0
                ]
            ]
        },
        {
            "file_path": "/data/shapenet_blender/all_50_random/02958343/db86af2f9e7669559ea4d0696ca601de/r_18",
            "rotation": 0.12566370614359174,
            "transform_matrix": [
                [
                    -0.7907046675682068,
                    0.2143276035785675,
                    0.5734542608261108,
                    2.3116681575775146
                ],
                [
                    0.612197756767273,
                    0.276822030544281,
                    0.7406641244888306,
                    2.9857125282287598
                ],
                [
                    0.0,
                    0.9367140531539917,
                    -0.35009536147117615,
                    -1.411279559135437
                ],
                [
                    0.0,
                    0.0,
                    0.0,
                    1.0
                ]
            ]
        },
        {
            "file_path": "/data/shapenet_blender/all_50_random/02958343/db86af2f9e7669559ea4d0696ca601de/r_19",
            "rotation": 0.12566370614359174,
            "transform_matrix": [
                [
                    0.7814626693725586,
                    -0.2737264931201935,
                    0.56070476770401,
                    2.2602734565734863
                ],
                [
                    0.6239520311355591,
                    0.34282609820365906,
                    -0.7022492289543152,
                    -2.830857515335083
                ],
                [
                    -1.4901161193847656e-08,
                    0.8986345529556274,
                    0.4386979639530182,
                    1.7684482336044312
                ],
                [
                    0.0,
                    0.0,
                    0.0,
                    1.0
                ]
            ]
        },
        {
            "file_path": "/data/shapenet_blender/all_50_random/02958343/db86af2f9e7669559ea4d0696ca601de/r_20",
            "rotation": 0.12566370614359174,
            "transform_matrix": [
                [
                    0.647024393081665,
                    -0.0016280629206448793,
                    0.762467622756958,
                    3.0736048221588135
                ],
                [
                    0.7624693512916565,
                    0.0013815590646117926,
                    -0.6470229625701904,
                    -2.6082327365875244
                ],
                [
                    0.0,
                    0.9999976754188538,
                    0.0021352507174015045,
                    0.008607469499111176
                ],
                [
                    0.0,
                    0.0,
                    0.0,
                    1.0
                ]
            ]
        },
        {
            "file_path": "/data/shapenet_blender/all_50_random/02958343/db86af2f9e7669559ea4d0696ca601de/r_21",
            "rotation": 0.12566370614359174,
            "transform_matrix": [
                [
                    0.45591893792152405,
                    -0.013315283693373203,
                    -0.8899217247962952,
                    -3.5873892307281494
                ],
                [
                    -0.8900213837623596,
                    -0.00682083610445261,
                    -0.4558678865432739,
                    -1.8376622200012207
                ],
                [
                    0.0,
                    0.9998881220817566,
                    -0.014960634522140026,
                    -0.060308247804641724
                ],
                [
                    0.0,
                    0.0,
                    0.0,
                    1.0
                ]
            ]
        },
        {
            "file_path": "/data/shapenet_blender/all_50_random/02958343/db86af2f9e7669559ea4d0696ca601de/r_22",
            "rotation": 0.12566370614359174,
            "transform_matrix": [
                [
                    0.818710446357727,
                    0.10595636069774628,
                    0.5643460750579834,
                    2.274951934814453
                ],
                [
                    0.5742067098617554,
                    -0.15107378363609314,
                    -0.8046510219573975,
                    -3.24365234375
                ],
                [
                    0.0,
                    0.9828275442123413,
                    -0.18452651798725128,
                    -0.7438502311706543
                ],
                [
                    0.0,
                    0.0,
                    0.0,
                    1.0
                ]
            ]
        },
        {
            "file_path": "/data/shapenet_blender/all_50_random/02958343/db86af2f9e7669559ea4d0696ca601de/r_23",
            "rotation": 0.12566370614359174,
            "transform_matrix": [
                [
                    -0.6692682504653931,
                    0.45536282658576965,
                    -0.5871325731277466,
                    -2.366807460784912
                ],
                [
                    -0.7430208921432495,
                    -0.4101632833480835,
                    0.5288534760475159,
                    2.1318767070770264
                ],
                [
                    0.0,
                    0.7901966571807861,
                    0.6128532290458679,
                    2.4704906940460205
                ],
                [
                    0.0,
                    0.0,
                    0.0,
                    1.0
                ]
            ]
        },
        {
            "file_path": "/data/shapenet_blender/all_50_random/02958343/db86af2f9e7669559ea4d0696ca601de/r_24",
            "rotation": 0.12566370614359174,
            "transform_matrix": [
                [
                    0.738265335559845,
                    0.6520318388938904,
                    0.17268112301826477,
                    0.6960998773574829
                ],
                [
                    0.6745104193687439,
                    -0.7136621475219727,
                    -0.18900300562381744,
                    -0.761895477771759
                ],
                [
                    0.0,
                    0.25600937008857727,
                    -0.966674268245697,
                    -3.8967885971069336
                ],
                [
                    0.0,
                    0.0,
                    0.0,
                    1.0
                ]
            ]
        },
        {
            "file_path": "/data/shapenet_blender/all_50_random/02958343/db86af2f9e7669559ea4d0696ca601de/r_25",
            "rotation": 0.12566370614359174,
            "transform_matrix": [
                [
                    0.08088469505310059,
                    0.32114332914352417,
                    0.9435701370239258,
                    3.8036530017852783
                ],
                [
                    0.996723473072052,
                    -0.02606097422540188,
                    -0.0765712782740593,
                    -0.30866870284080505
                ],
                [
                    0.0,
                    0.9466718435287476,
                    -0.3221990764141083,
                    -1.298825979232788
                ],
                [
                    0.0,
                    0.0,
                    0.0,
                    1.0
                ]
            ]
        },
        {
            "file_path": "/data/shapenet_blender/all_50_random/02958343/db86af2f9e7669559ea4d0696ca601de/r_26",
            "rotation": 0.12566370614359174,
            "transform_matrix": [
                [
                    0.8968664407730103,
                    0.0288085974752903,
                    0.44136232137680054,
                    1.7791885137557983
                ],
                [
                    0.44230160117149353,
                    -0.05841594189405441,
                    -0.8949618935585022,
                    -3.6077070236206055
                ],
                [
                    -1.862645371275562e-09,
                    0.9978764653205872,
                    -0.06513338536024094,
                    -0.2625611126422882
                ],
                [
                    0.0,
                    0.0,
                    0.0,
                    1.0
                ]
            ]
        },
        {
            "file_path": "/data/shapenet_blender/all_50_random/02958343/db86af2f9e7669559ea4d0696ca601de/r_27",
            "rotation": 0.12566370614359174,
            "transform_matrix": [
                [
                    -0.9975102543830872,
                    -0.005553586408495903,
                    0.07030350714921951,
                    0.2834025025367737
                ],
                [
                    0.07052252441644669,
                    -0.07855305075645447,
                    0.994412362575531,
                    4.008604526519775
                ],
                [
                    0.0,
                    0.9968944787979126,
                    0.07874912768602371,
                    0.3174479007720947
                ],
                [
                    0.0,
                    0.0,
                    0.0,
                    1.0
                ]
            ]
        },
        {
            "file_path": "/data/shapenet_blender/all_50_random/02958343/db86af2f9e7669559ea4d0696ca601de/r_28",
            "rotation": 0.12566370614359174,
            "transform_matrix": [
                [
                    0.10301367938518524,
                    -0.8851479291915894,
                    0.4537633955478668,
                    1.829178810119629
                ],
                [
                    0.9946799278259277,
                    0.09167003631591797,
                    -0.04699384793639183,
                    -0.18943825364112854
                ],
                [
                    0.0,
                    0.4561903774738312,
                    0.8898821473121643,
                    3.5872297286987305
                ],
                [
                    0.0,
                    0.0,
                    0.0,
                    1.0
                ]
            ]
        },
        {
            "file_path": "/data/shapenet_blender/all_50_random/02958343/db86af2f9e7669559ea4d0696ca601de/r_29",
            "rotation": 0.12566370614359174,
            "transform_matrix": [
                [
                    -0.2405298352241516,
                    0.015191638842225075,
                    -0.9705227613449097,
                    -3.9123027324676514
                ],
                [
                    -0.9706418514251709,
                    -0.0037645630072802305,
                    0.2405003309249878,
                    0.9694879055023193
                ],
                [
                    0.0,
                    0.9998774528503418,
                    0.015651125460863113,
                    0.0630917102098465
                ],
                [
                    0.0,
                    0.0,
                    0.0,
                    1.0
                ]
            ]
        },
        {
            "file_path": "/data/shapenet_blender/all_50_random/02958343/db86af2f9e7669559ea4d0696ca601de/r_30",
            "rotation": 0.12566370614359174,
            "transform_matrix": [
                [
                    0.9614378809928894,
                    0.06243712827563286,
                    -0.26784127950668335,
                    -1.0797027349472046
                ],
                [
                    -0.2750224471092224,
                    0.21827095746994019,
                    -0.9363334774971008,
                    -3.7744810581207275
                ],
                [
                    0.0,
                    0.9738887548446655,
                    0.22702556848526,
                    0.915169358253479
                ],
                [
                    0.0,
                    0.0,
                    0.0,
                    1.0
                ]
            ]
        },
        {
            "file_path": "/data/shapenet_blender/all_50_random/02958343/db86af2f9e7669559ea4d0696ca601de/r_31",
            "rotation": 0.12566370614359174,
            "transform_matrix": [
                [
                    0.3315580189228058,
                    0.6064227819442749,
                    -0.7227175235748291,
                    -2.913367748260498
                ],
                [
                    -0.9434348940849304,
                    0.21311946213245392,
                    -0.25398972630500793,
                    -1.0238654613494873
                ],
                [
                    1.4901162970204496e-08,
                    0.7660492062568665,
                    0.6427817940711975,
                    2.5911364555358887
                ],
                [
                    0.0,
                    0.0,
                    0.0,
                    1.0
                ]
            ]
        },
        {
            "file_path": "/data/shapenet_blender/all_50_random/02958343/db86af2f9e7669559ea4d0696ca601de/r_32",
            "rotation": 0.12566370614359174,
            "transform_matrix": [
                [
                    -0.769171953201294,
                    0.5288773775100708,
                    0.3586966395378113,
                    1.4459524154663086
                ],
                [
                    0.6390419602394104,
                    0.6365742087364197,
                    0.43173906207084656,
                    1.7403957843780518
                ],
                [
                    -1.4901162970204496e-08,
                    0.5613036155700684,
                    -0.8276098966598511,
                    -3.3362021446228027
                ],
                [
                    0.0,
                    0.0,
                    0.0,
                    1.0
                ]
            ]
        },
        {
            "file_path": "/data/shapenet_blender/all_50_random/02958343/db86af2f9e7669559ea4d0696ca601de/r_33",
            "rotation": 0.12566370614359174,
            "transform_matrix": [
                [
                    -0.48115062713623047,
                    0.20726385712623596,
                    -0.851783812046051,
                    -3.433650493621826
                ],
                [
                    -0.8766379356384277,
                    -0.1137586385011673,
                    0.4675092399120331,
                    1.8845900297164917
                ],
                [
                    0.0,
                    0.9716484546661377,
                    0.23643037676811218,
                    0.9530813097953796
                ],
                [
                    0.0,
                    0.0,
                    0.0,
                    1.0
                ]
            ]
        },
        {
            "file_path": "/data/shapenet_blender/all_50_random/02958343/db86af2f9e7669559ea4d0696ca601de/r_34",
            "rotation": 0.12566370614359174,
            "transform_matrix": [
                [
                    -0.9420784115791321,
                    0.2367699295282364,
                    0.23754654824733734,
                    0.9575807452201843
                ],
                [
                    0.33539286255836487,
                    0.6650583744049072,
                    0.667239785194397,
                    2.689729690551758
                ],
                [
                    0.0,
                    0.7082635760307312,
                    -0.7059480547904968,
                    -2.8457677364349365
                ],
                [
                    0.0,
                    0.0,
                    0.0,
                    1.0
                ]
            ]
        },
        {
            "file_path": "/data/shapenet_blender/all_50_random/02958343/db86af2f9e7669559ea4d0696ca601de/r_35",
            "rotation": 0.12566370614359174,
            "transform_matrix": [
                [
                    0.9863125681877136,
                    0.013767792843282223,
                    0.164311021566391,
                    0.6623589396476746
                ],
                [
                    0.16488683223724365,
                    -0.0823555514216423,
                    -0.9828681945800781,
                    -3.9620683193206787
                ],
                [
                    -9.313225746154785e-10,
                    0.9965078830718994,
                    -0.08349844068288803,
                    -0.33659297227859497
                ],
                [
                    0.0,
                    0.0,
                    0.0,
                    1.0
                ]
            ]
        },
        {
            "file_path": "/data/shapenet_blender/all_50_random/02958343/db86af2f9e7669559ea4d0696ca601de/r_36",
            "rotation": 0.12566370614359174,
            "transform_matrix": [
                [
                    -0.9436838030815125,
                    -0.2612755298614502,
                    0.20296794176101685,
                    0.8181899785995483
                ],
                [
                    0.3308487832546234,
                    -0.7452391982078552,
                    0.578927755355835,
                    2.3337326049804688
                ],
                [
                    0.0,
                    0.6134764552116394,
                    0.7897129058837891,
                    3.1834347248077393
                ],
                [
                    0.0,
                    0.0,
                    0.0,
                    1.0
                ]
            ]
        },
        {
            "file_path": "/data/shapenet_blender/all_50_random/02958343/db86af2f9e7669559ea4d0696ca601de/r_37",
            "rotation": 0.12566370614359174,
            "transform_matrix": [
                [
                    -0.39943259954452515,
                    0.07175631076097488,
                    -0.9139500260353088,
                    -3.6842503547668457
                ],
                [
                    -0.9167625308036804,
                    -0.031264159828424454,
                    0.3982071876525879,
                    1.6052244901657104
                ],
                [
                    -1.8626449271863521e-09,
                    0.9969321489334106,
                    0.07827143371105194,
                    0.3155222535133362
                ],
                [
                    0.0,
                    0.0,
                    0.0,
                    1.0
                ]
            ]
        },
        {
            "file_path": "/data/shapenet_blender/all_50_random/02958343/db86af2f9e7669559ea4d0696ca601de/r_38",
            "rotation": 0.12566370614359174,
            "transform_matrix": [
                [
                    0.42965877056121826,
                    -0.7171646952629089,
                    -0.5486968159675598,
                    -2.211867570877075
                ],
                [
                    -0.9029914140701294,
                    -0.34123924374580383,
                    -0.261079341173172,
                    -1.0524444580078125
                ],
                [
                    0.0,
                    0.6076435446739197,
                    -0.794209897518158,
                    -3.2015624046325684
                ],
                [
                    0.0,
                    0.0,
                    0.0,
                    1.0
                ]
            ]
        },
        {
            "file_path": "/data/shapenet_blender/all_50_random/02958343/db86af2f9e7669559ea4d0696ca601de/r_39",
            "rotation": 0.12566370614359174,
            "transform_matrix": [
                [
                    0.548859715461731,
                    0.012650322169065475,
                    0.8358187675476074,
                    3.369293212890625
                ],
                [
                    0.8359145522117615,
                    -0.008306174539029598,
                    -0.5487968325614929,
                    -2.212270736694336
                ],
                [
                    4.656612873077393e-10,
                    0.9998854994773865,
                    -0.015133512206375599,
                    -0.061005137860774994
                ],
                [
                    0.0,
                    0.0,
                    0.0,
                    1.0
                ]
            ]
        },
        {
            "file_path": "/data/shapenet_blender/all_50_random/02958343/db86af2f9e7669559ea4d0696ca601de/r_40",
            "rotation": 0.12566370614359174,
            "transform_matrix": [
                [
                    0.30741366744041443,
                    0.003370865946635604,
                    -0.9515699744224548,
                    -3.8359012603759766
                ],
                [
                    -0.9515760540962219,
                    0.0010889831464737654,
                    -0.30741173028945923,
                    -1.2392163276672363
                ],
                [
                    -1.1641533570472262e-10,
                    0.9999936819076538,
                    0.003542403457686305,
                    0.014279885217547417
                ],
                [
                    0.0,
                    0.0,
                    0.0,
                    1.0
                ]
            ]
        },
        {
            "file_path": "/data/shapenet_blender/all_50_random/02958343/db86af2f9e7669559ea4d0696ca601de/r_41",
            "rotation": 0.12566370614359174,
            "transform_matrix": [
                [
                    -0.5189103484153748,
                    0.6831777691841125,
                    0.5138093829154968,
                    2.0712316036224365
                ],
                [
                    0.8548285961151123,
                    0.41471242904663086,
                    0.31189998984336853,
                    1.2573089599609375
                ],
                [
                    1.4901160305669237e-08,
                    0.6010670065879822,
