{
    "class": "02958343",
    "model": "94c0575659c6cdf2091b4cb93147ff9",
    "remove_doubles": true,
    "edge_split": true,
    "denoise": true,
    "camera_angle_x": 0.6911112070083618,
    "scale_factor": 2.262571425103606,
    "hdri_file": "/data/IndoorHDRDataset2018/AG8A0405-da5e623484.exr",
    "center_offset": [
        0.0,
        0.0,
        -1.862645149230957e-09
    ],
    "lights": [],
    "frames": [
        {
            "file_path": "/data/shapenet_blender/all_50_random/02958343/94c0575659c6cdf2091b4cb93147ff9/r_0",
            "rotation": 0.12566370614359174,
            "transform_matrix": [
                [
                    -0.6852554678916931,
                    -0.012863682582974434,
                    0.7281891703605652,
                    2.935424566268921
                ],
                [
                    0.7283028364181519,
                    -0.012103356420993805,
                    0.6851484775543213,
                    2.7619221210479736
                ],
                [
                    9.313225746154785e-10,
                    0.9998440146446228,
                    0.017662543803453445,
                    0.07119999825954437
                ],
                [
                    0.0,
                    0.0,
                    0.0,
                    1.0
                ]
            ]
        },
        {
            "file_path": "/data/shapenet_blender/all_50_random/02958343/94c0575659c6cdf2091b4cb93147ff9/r_1",
            "rotation": 0.12566370614359174,
            "transform_matrix": [
                [
                    0.5354529619216919,
                    0.28112298250198364,
                    -0.7964043617248535,
                    -3.210408926010132
                ],
                [
                    -0.8445650339126587,
                    0.17823153734207153,
                    -0.5049191117286682,
                    -2.0353941917419434
                ],
                [
                    0.0,
                    0.9429758191108704,
                    0.3328612148761749,
                    1.3418066501617432
                ],
                [
                    0.0,
                    0.0,
                    0.0,
                    1.0
                ]
            ]
        },
        {
            "file_path": "/data/shapenet_blender/all_50_random/02958343/94c0575659c6cdf2091b4cb93147ff9/r_2",
            "rotation": 0.12566370614359174,
            "transform_matrix": [
                [
                    -0.9598047137260437,
                    0.17279942333698273,
                    0.2211681455373764,
                    0.8915573358535767
                ],
                [
                    0.28066882491111755,
                    0.5909231305122375,
                    0.7563298344612122,
                    3.048863172531128
                ],
                [
                    -1.4901161193847656e-08,
                    0.7880039215087891,
                    -0.6156701445579529,
                    -2.4818458557128906
                ],
                [
                    0.0,
                    0.0,
                    0.0,
                    1.0
                ]
            ]
        },
        {
            "file_path": "/data/shapenet_blender/all_50_random/02958343/94c0575659c6cdf2091b4cb93147ff9/r_3",
            "rotation": 0.12566370614359174,
            "transform_matrix": [
                [
                    -0.8361634016036987,
                    -0.3209720253944397,
                    -0.44475576281547546,
                    -1.7928677797317505
                ],
                [
                    -0.5484803915023804,
                    0.48932477831840515,
                    0.678034245967865,
                    2.733243465423584
                ],
                [
                    -1.4901161193847656e-08,
                    0.8108872771263123,
                    -0.5852023959159851,
                    -2.3590264320373535
                ],
                [
                    0.0,
                    0.0,
                    0.0,
                    1.0
                ]
            ]
        },
        {
            "file_path": "/data/shapenet_blender/all_50_random/02958343/94c0575659c6cdf2091b4cb93147ff9/r_4",
            "rotation": 0.12566370614359174,
            "transform_matrix": [
                [
                    -0.7637581825256348,
                    -0.26505476236343384,
                    0.5885740518569946,
                    2.3726181983947754
                ],
                [
                    0.6455025672912598,
                    -0.31361261010169983,
                    0.6964004039764404,
                    2.8072800636291504
                ],
                [
                    0.0,
                    0.911807656288147,
                    0.4106176495552063,
                    1.6552529335021973
                ],
                [
                    0.0,
                    0.0,
                    0.0,
                    1.0
                ]
            ]
        },
        {
            "file_path": "/data/shapenet_blender/all_50_random/02958343/94c0575659c6cdf2091b4cb93147ff9/r_5",
            "rotation": 0.12566370614359174,
            "transform_matrix": [
                [
                    0.9955554604530334,
                    -0.08838541805744171,
                    -0.03251924365758896,
                    -0.13108927011489868
                ],
                [
                    -0.09417795389890671,
                    -0.9343226552009583,
                    -0.34376105666160583,
                    -1.3857451677322388
                ],
                [
                    0.0,
                    0.34529563784599304,
                    -0.9384939074516296,
                    -3.7831900119781494
                ],
                [
                    0.0,
                    0.0,
                    0.0,
                    1.0
                ]
            ]
        },
        {
            "file_path": "/data/shapenet_blender/all_50_random/02958343/94c0575659c6cdf2091b4cb93147ff9/r_6",
            "rotation": 0.12566370614359174,
            "transform_matrix": [
                [
                    0.6189260482788086,
                    0.6556800007820129,
                    -0.4324513375759125,
                    -1.7432671785354614
                ],
                [
                    -0.7854492664337158,
                    0.5166691541671753,
                    -0.3407672345638275,
                    -1.3736767768859863
                ],
                [
                    1.4901161193847656e-08,
                    0.5505784153938293,
                    0.8347833752632141,
                    3.365119695663452
                ],
                [
                    0.0,
                    0.0,
                    0.0,
                    1.0
                ]
            ]
        },
        {
            "file_path": "/data/shapenet_blender/all_50_random/02958343/94c0575659c6cdf2091b4cb93147ff9/r_7",
            "rotation": 0.12566370614359174,
            "transform_matrix": [
                [
                    0.8446084856987,
                    0.27338799834251404,
                    0.4603210985660553,
                    1.8556137084960938
                ],
                [
                    0.535384476184845,
                    -0.43128976225852966,
                    -0.7261905074119568,
                    -2.927367687225342
                ],
                [
                    0.0,
                    0.8597954511642456,
                    -0.5106386542320251,
                    -2.058450222015381
                ],
                [
                    0.0,
                    0.0,
                    0.0,
                    1.0
                ]
            ]
        },
        {
            "file_path": "/data/shapenet_blender/all_50_random/02958343/94c0575659c6cdf2091b4cb93147ff9/r_8",
            "rotation": 0.12566370614359174,
            "transform_matrix": [
                [
                    0.9537750482559204,
                    0.07175096124410629,
                    -0.2918304204940796,
                    -1.1764061450958252
                ],
                [
                    -0.300521582365036,
                    0.22771835327148438,
                    -0.9261916279792786,
                    -3.733598232269287
                ],
                [
                    7.450581485102248e-09,
                    0.9710798263549805,
                    0.2387547791004181,
                    0.9624513387680054
                ],
                [
                    0.0,
                    0.0,
                    0.0,
                    1.0
                ]
            ]
        },
        {
            "file_path": "/data/shapenet_blender/all_50_random/02958343/94c0575659c6cdf2091b4cb93147ff9/r_9",
            "rotation": 0.12566370614359174,
            "transform_matrix": [
                [
                    0.8622978329658508,
                    0.3222787380218506,
                    0.390613317489624,
                    1.5746127367019653
                ],
                [
                    0.5064013600349426,
                    -0.5487747192382812,
                    -0.6651344895362854,
                    -2.6812431812286377
                ],
                [
                    1.4901160305669237e-08,
                    0.7713512778282166,
                    -0.63640958070755,
                    -2.5654492378234863
                ],
                [
                    0.0,
                    0.0,
                    0.0,
                    1.0
                ]
            ]
        },
        {
            "file_path": "/data/shapenet_blender/all_50_random/02958343/94c0575659c6cdf2091b4cb93147ff9/r_10",
            "rotation": 0.12566370614359174,
            "transform_matrix": [
                [
                    0.9620757102966309,
                    -0.028549926355481148,
                    -0.27128443121910095,
                    -1.0935823917388916
                ],
                [
                    -0.2727825939655304,
                    -0.10069261491298676,
                    -0.9567919373512268,
                    -3.8569512367248535
                ],
                [
                    0.0,
                    0.9945078492164612,
                    -0.10466185212135315,
                    -0.42190536856651306
                ],
                [
                    0.0,
                    0.0,
                    0.0,
                    1.0
                ]
            ]
        },
        {
            "file_path": "/data/shapenet_blender/all_50_random/02958343/94c0575659c6cdf2091b4cb93147ff9/r_11",
            "rotation": 0.12566370614359174,
            "transform_matrix": [
                [
                    -0.9946575164794922,
                    0.018828297033905983,
                    0.10149900615215302,
                    0.40915557742118835
                ],
                [
                    0.10323058813810349,
                    0.18141627311706543,
                    0.977973222732544,
                    3.942336082458496
                ],
                [
                    -1.862645371275562e-09,
                    0.9832260012626648,
                    -0.1823907494544983,
                    -0.735240638256073
                ],
                [
                    0.0,
                    0.0,
                    0.0,
                    1.0
                ]
            ]
        },
        {
            "file_path": "/data/shapenet_blender/all_50_random/02958343/94c0575659c6cdf2091b4cb93147ff9/r_12",
            "rotation": 0.12566370614359174,
            "transform_matrix": [
                [
                    -0.9914748072624207,
                    0.04072487726807594,
                    0.1237715408205986,
                    0.49893903732299805
                ],
                [
                    0.13029931485652924,
                    0.30988410115242004,
                    0.941803514957428,
                    3.7965314388275146
                ],
                [
                    0.0,
                    0.9499016404151917,
                    -0.3125487267971039,
                    -1.2599241733551025
                ],
                [
                    0.0,
                    0.0,
                    0.0,
                    1.0
                ]
            ]
        },
        {
            "file_path": "/data/shapenet_blender/all_50_random/02958343/94c0575659c6cdf2091b4cb93147ff9/r_13",
            "rotation": 0.12566370614359174,
            "transform_matrix": [
                [
                    0.9369844794273376,
                    0.017488043755292892,
                    -0.34893327951431274,
                    -1.40659499168396
                ],
                [
                    -0.3493712544441223,
                    0.04690146818757057,
                    -0.9358097910881042,
                    -3.772369861602783
                ],
                [
                    1.862645371275562e-09,
                    0.9987463355064392,
                    0.050055764615535736,
                    0.2017812430858612
                ],
                [
                    0.0,
                    0.0,
                    0.0,
                    1.0
                ]
            ]
        },
        {
            "file_path": "/data/shapenet_blender/all_50_random/02958343/94c0575659c6cdf2091b4cb93147ff9/r_14",
            "rotation": 0.12566370614359174,
            "transform_matrix": [
                [
                    -0.8887476325035095,
                    -0.3706420958042145,
                    -0.26972582936286926,
                    -1.0872995853424072
                ],
                [
                    -0.4583967626094818,
                    0.7186074256896973,
                    0.5229491591453552,
                    2.1080753803253174
                ],
                [
                    1.4901160305669237e-08,
                    0.5884112119674683,
                    -0.8085618019104004,
                    -3.2594168186187744
                ],
                [
                    0.0,
                    0.0,
                    0.0,
                    1.0
                ]
            ]
        },
        {
            "file_path": "/data/shapenet_blender/all_50_random/02958343/94c0575659c6cdf2091b4cb93147ff9/r_15",
            "rotation": 0.12566370614359174,
            "transform_matrix": [
                [
                    0.9560308456420898,
                    0.15552635490894318,
                    -0.24862971901893616,
                    -1.002258539199829
                ],
                [
                    -0.2932664155960083,
                    0.5070065259933472,
                    -0.8105178475379944,
                    -3.2673022747039795
                ],
                [
                    0.0,
                    0.847794771194458,
                    0.530324399471283,
                    2.1378061771392822
                ],
                [
                    0.0,
                    0.0,
                    0.0,
                    1.0
                ]
            ]
        },
        {
            "file_path": "/data/shapenet_blender/all_50_random/02958343/94c0575659c6cdf2091b4cb93147ff9/r_16",
            "rotation": 0.12566370614359174,
            "transform_matrix": [
                [
                    -0.6469032168388367,
                    0.3275841176509857,
                    -0.6886252760887146,
                    -2.775937557220459
                ],
                [
                    -0.762572169303894,
                    -0.2778953015804291,
                    0.584172785282135,
                    2.3548760414123535
                ],
                [
                    0.0,
                    0.90302973985672,
                    0.4295778274536133,
                    1.7316838502883911
                ],
                [
                    0.0,
                    0.0,
                    0.0,
                    1.0
                ]
            ]
        },
        {
            "file_path": "/data/shapenet_blender/all_50_random/02958343/94c0575659c6cdf2091b4cb93147ff9/r_17",
            "rotation": 0.12566370614359174,
            "transform_matrix": [
                [
                    0.9853026270866394,
                    -0.15328150987625122,
                    -0.07538938522338867,
                    -0.30390432476997375
                ],
                [
                    -0.17081798613071442,
                    -0.8841497302055359,
                    -0.4348567724227905,
                    -1.752963662147522
                ],
                [
                    0.0,
                    0.4413432478904724,
                    -0.897338330745697,
                    -3.617286443710327
                ],
                [
                    0.0,
                    0.0,
                    0.0,
                    1.0
                ]
            ]
        },
        {
            "file_path": "/data/shapenet_blender/all_50_random/02958343/94c0575659c6cdf2091b4cb93147ff9/r_18",
            "rotation": 0.12566370614359174,
            "transform_matrix": [
                [
                    0.47920340299606323,
                    0.56426602602005,
                    0.6722855567932129,
                    2.7100698947906494
                ],
                [
                    0.8777039051055908,
                    -0.3080745041370392,
                    -0.3670503795146942,
                    -1.4796274900436401
                ],
                [
                    -1.4901161193847656e-08,
                    0.7659594416618347,
                    -0.6428887844085693,
                    -2.5915677547454834
                ],
                [
                    0.0,
                    0.0,
                    0.0,
                    1.0
                ]
            ]
        },
        {
            "file_path": "/data/shapenet_blender/all_50_random/02958343/94c0575659c6cdf2091b4cb93147ff9/r_19",
            "rotation": 0.12566370614359174,
            "transform_matrix": [
                [
                    -0.8822466135025024,
                    0.01841583475470543,
                    -0.4704273045063019,
                    -1.8963531255722046
                ],
                [
                    -0.4707876741886139,
                    -0.03451090306043625,
                    0.8815712928771973,
                    3.553727626800537
                ],
                [
                    0.0,
                    0.9992345571517944,
                    0.03911707177758217,
                    0.15768596529960632
                ],
                [
                    0.0,
                    0.0,
                    0.0,
                    1.0
                ]
            ]
        },
        {
            "file_path": "/data/shapenet_blender/all_50_random/02958343/94c0575659c6cdf2091b4cb93147ff9/r_20",
            "rotation": 0.12566370614359174,
            "transform_matrix": [
                [
                    0.08535949140787125,
                    0.04593462869524956,
                    -0.9952908158302307,
                    -4.012145519256592
                ],
                [
                    -0.9963502287864685,
                    0.00393531983718276,
                    -0.08526873588562012,
                    -0.34372925758361816
                ],
                [
                    4.656612873077393e-10,
                    0.9989365935325623,
                    0.046102896332740784,
                    0.1858467161655426
                ],
                [
                    0.0,
                    0.0,
                    0.0,
                    1.0
                ]
            ]
        },
        {
            "file_path": "/data/shapenet_blender/all_50_random/02958343/94c0575659c6cdf2091b4cb93147ff9/r_21",
            "rotation": 0.12566370614359174,
            "transform_matrix": [
                [
                    -0.19723142683506012,
                    -0.05240828916430473,
                    -0.978955090045929,
                    -3.9462943077087402
                ],
                [
                    -0.9803569912910461,
                    0.010543670505285263,
                    0.19694937765598297,
                    0.793928325176239
                ],
                [
                    0.0,
                    0.9985700249671936,
                    -0.05345837026834488,
                    -0.21549758315086365
                ],
                [
                    0.0,
                    0.0,
                    0.0,
                    1.0
                ]
            ]
        },
        {
            "file_path": "/data/shapenet_blender/all_50_random/02958343/94c0575659c6cdf2091b4cb93147ff9/r_22",
            "rotation": 0.12566370614359174,
            "transform_matrix": [
                [
                    0.0818052887916565,
                    0.2435852587223053,
                    0.9664232730865479,
                    3.8957769870758057
                ],
                [
                    0.996648371219635,
                    -0.019993573427200317,
                    -0.0793244019150734,
                    -0.31976690888404846
                ],
                [
                    -1.862645371275562e-09,
                    0.9696733355522156,
                    -0.24440442025661469,
                    -0.9852257966995239
                ],
                [
                    0.0,
                    0.0,
                    0.0,
                    1.0
                ]
            ]
        },
        {
            "file_path": "/data/shapenet_blender/all_50_random/02958343/94c0575659c6cdf2091b4cb93147ff9/r_23",
            "rotation": 0.12566370614359174,
            "transform_matrix": [
                [
                    0.8723614811897278,
                    0.13960422575473785,
                    0.46850407123565674,
                    1.8886003494262695
                ],
                [
                    0.4888613522052765,
                    -0.24912042915821075,
                    -0.8360344171524048,
                    -3.3701624870300293
                ],
                [
                    -7.450580152834618e-09,
                    0.9583578705787659,
                    -0.2855701446533203,
                    -1.151170015335083
                ],
                [
                    0.0,
                    0.0,
                    0.0,
                    1.0
                ]
            ]
        },
        {
            "file_path": "/data/shapenet_blender/all_50_random/02958343/94c0575659c6cdf2091b4cb93147ff9/r_24",
            "rotation": 0.12566370614359174,
            "transform_matrix": [
                [
                    -0.589591920375824,
                    -0.024655694141983986,
                    0.8073248863220215,
                    3.2544307708740234
                ],
                [
                    0.8077014088630676,
                    -0.017997736111283302,
                    0.5893170833587646,
                    2.375613212585449
                ],
                [
                    -9.31322685637781e-10,
                    0.9995339512825012,
                    0.030525755137205124,
                    0.12305325269699097
                ],
                [
                    0.0,
                    0.0,
                    0.0,
                    1.0
                ]
            ]
        },
        {
            "file_path": "/data/shapenet_blender/all_50_random/02958343/94c0575659c6cdf2091b4cb93147ff9/r_25",
            "rotation": 0.12566370614359174,
            "transform_matrix": [
                [
                    0.9787794947624207,
                    -0.16811461746692657,
                    0.11716755479574203,
                    0.47231754660606384
                ],
                [
                    0.20491650700569153,
                    0.802996039390564,
                    -0.5596484541893005,
                    -2.2560153007507324
                ],
                [
                    0.0,
                    0.5717819929122925,
                    0.8204054832458496,
                    3.3071606159210205
                ],
                [
                    0.0,
                    0.0,
                    0.0,
                    1.0
                ]
            ]
        },
        {
            "file_path": "/data/shapenet_blender/all_50_random/02958343/94c0575659c6cdf2091b4cb93147ff9/r_26",
            "rotation": 0.12566370614359174,
            "transform_matrix": [
                [
                    -0.5729726552963257,
                    -0.7985019683837891,
                    -0.18465359508991241,
                    -0.744362473487854
                ],
                [
                    -0.8195745944976807,
                    0.5582405924797058,
                    0.12909315526485443,
                    0.5203911662101746
                ],
                [
                    -7.450581485102248e-09,
                    0.2253042459487915,
                    -0.9742884635925293,
                    -3.9274823665618896
                ],
                [
                    0.0,
                    0.0,
                    0.0,
                    1.0
                ]
            ]
        },
        {
            "file_path": "/data/shapenet_blender/all_50_random/02958343/94c0575659c6cdf2091b4cb93147ff9/r_27",
            "rotation": 0.12566370614359174,
            "transform_matrix": [
                [
                    -0.9040046334266663,
                    0.1224980279803276,
                    0.40959733724594116,
                    1.6511398553848267
                ],
                [
                    0.4275228977203369,
                    0.2590242028236389,
                    0.8661007285118103,
                    3.491364002227783
                ],
                [
                    7.450581485102248e-09,
                    0.9580713510513306,
                    -0.2865297198295593,
                    -1.1550383567810059
                ],
                [
                    0.0,
                    0.0,
                    0.0,
                    1.0
                ]
            ]
        },
        {
            "file_path": "/data/shapenet_blender/all_50_random/02958343/94c0575659c6cdf2091b4cb93147ff9/r_28",
            "rotation": 0.12566370614359174,
            "transform_matrix": [
                [
                    0.9791114926338196,
                    0.07600938528776169,
                    -0.18858224153518677,
                    -0.760199248790741
                ],
                [
                    -0.203324094414711,
                    0.36602479219436646,
                    -0.9081218242645264,
                    -3.6607556343078613
                ],
                [
                    -7.450580596923828e-09,
                    0.9274957180023193,
                    0.37383371591567993,
                    1.5069717168807983
                ],
                [
                    0.0,
                    0.0,
                    0.0,
                    1.0
                ]
            ]
        },
        {
            "file_path": "/data/shapenet_blender/all_50_random/02958343/94c0575659c6cdf2091b4cb93147ff9/r_29",
            "rotation": 0.12566370614359174,
            "transform_matrix": [
                [
                    0.5846254229545593,
                    0.017457488924264908,
                    -0.8111154437065125,
                    -3.2697110176086426
                ],
                [
                    -0.8113033175468445,
                    0.012579872272908688,
                    -0.5844900608062744,
                    -2.3561549186706543
                ],
                [
                    0.0,
                    0.9997683763504028,
                    0.021517833694815636,
                    0.08674116432666779
                ],
                [
                    0.0,
                    0.0,
                    0.0,
                    1.0
                ]
            ]
        },
        {
            "file_path": "/data/shapenet_blender/all_50_random/02958343/94c0575659c6cdf2091b4cb93147ff9/r_30",
            "rotation": 0.12566370614359174,
            "transform_matrix": [
                [
                    -0.9931465983390808,
                    -0.07123348861932755,
                    -0.09265943616628647,
                    -0.3735221326351166
                ],
                [
                    -0.11687593162059784,
                    0.6053025126457214,
                    0.7873682975769043,
                    3.173983097076416
                ],
                [
                    0.0,
                    0.7928017973899841,
                    -0.609479546546936,
                    -2.45689058303833
                ],
                [
                    0.0,
                    0.0,
                    0.0,
                    1.0
                ]
            ]
        },
        {
            "file_path": "/data/shapenet_blender/all_50_random/02958343/94c0575659c6cdf2091b4cb93147ff9/r_31",
            "rotation": 0.12566370614359174,
            "transform_matrix": [
                [
                    -0.770442008972168,
                    -0.0385650210082531,
                    0.6363425850868225,
                    2.5651793479919434
                ],
                [
                    0.6375102400779724,
                    -0.046606481075286865,
                    0.7690308690071106,
                    3.100062847137451
                ],
                [
                    -1.862645371275562e-09,
                    0.9981685876846313,
                    0.06049317494034767,
                    0.2438558042049408
                ],
                [
                    0.0,
                    0.0,
                    0.0,
                    1.0
                ]
            ]
        },
        {
            "file_path": "/data/shapenet_blender/all_50_random/02958343/94c0575659c6cdf2091b4cb93147ff9/r_32",
            "rotation": 0.12566370614359174,
            "transform_matrix": [
                [
                    0.8094470500946045,
                    -0.4112556576728821,
                    -0.419123113155365,
                    -1.6895394325256348
                ],
                [
                    -0.5871928334236145,
                    -0.5669171214103699,
                    -0.5777624249458313,
                    -2.3290350437164307
                ],
                [
                    0.0,
                    0.7137741446495056,
                    -0.7003757953643799,
                    -2.823305368423462
                ],
                [
                    0.0,
                    0.0,
                    0.0,
                    1.0
                ]
            ]
        },
        {
            "file_path": "/data/shapenet_blender/all_50_random/02958343/94c0575659c6cdf2091b4cb93147ff9/r_33",
            "rotation": 0.12566370614359174,
            "transform_matrix": [
                [
                    -0.9579768776893616,
                    -0.013479827903211117,
                    -0.28652864694595337,
                    -1.1550339460372925
                ],
                [
                    -0.28684553503990173,
                    0.045018523931503296,
                    0.956918478012085,
                    3.85746169090271
                ],
                [
                    9.313225746154785e-10,
                    0.9988952279090881,
                    -0.046993330121040344,
                    -0.1894361674785614
                ],
                [
                    0.0,
                    0.0,
                    0.0,
                    1.0
                ]
            ]
        },
        {
            "file_path": "/data/shapenet_blender/all_50_random/02958343/94c0575659c6cdf2091b4cb93147ff9/r_34",
            "rotation": 0.12566370614359174,
            "transform_matrix": [
                [
                    -0.99674391746521,
                    0.01582549326121807,
                    0.07906366139650345,
                    0.31871578097343445
                ],
                [
                    0.08063192665576935,
                    0.19562928378582,
                    0.9773575663566589,
                    3.9398539066314697
                ],
                [
                    -9.313224635931761e-10,
                    0.9805501699447632,
                    -0.19626836478710175,
                    -0.7911829948425293
                ],
                [
                    0.0,
                    0.0,
                    0.0,
                    1.0
                ]
            ]
        },
        {
            "file_path": "/data/shapenet_blender/all_50_random/02958343/94c0575659c6cdf2091b4cb93147ff9/r_35",
            "rotation": 0.12566370614359174,
            "transform_matrix": [
                [
                    0.999639630317688,
                    0.024617569521069527,
                    0.010711666196584702,
                    0.043180108070373535
                ],
                [
                    0.02684706263244152,
                    -0.9166253805160522,
                    -0.3988446295261383,
                    -1.607794165611267
                ],
                [
                    -9.31322685637781e-10,
                    0.3989884555339813,
                    -0.9169559478759766,
                    -3.6963677406311035
                ],
                [
                    0.0,
                    0.0,
                    0.0,
                    1.0
                ]
            ]
        },
        {
            "file_path": "/data/shapenet_blender/all_50_random/02958343/94c0575659c6cdf2091b4cb93147ff9/r_36",
            "rotation": 0.12566370614359174,
            "transform_matrix": [
                [
                    -0.1291026771068573,
                    -0.03416343033313751,
                    -0.9910425543785095,
                    -3.9950203895568848
                ],
                [
                    -0.991631269454956,
                    0.004447813145816326,
                    0.12902604043483734,
                    0.5201206207275391
                ],
                [
                    0.0,
                    0.9994062781333923,
                    -0.03445174917578697,
                    -0.1388794481754303
                ],
                [
                    0.0,
                    0.0,
                    0.0,
                    1.0
                ]
            ]
        },
        {
            "file_path": "/data/shapenet_blender/all_50_random/02958343/94c0575659c6cdf2091b4cb93147ff9/r_37",
            "rotation": 0.12566370614359174,
            "transform_matrix": [
                [
                    -0.9400885105133057,
                    -0.06796807050704956,
                    -0.3340867757797241,
                    -1.3467469215393066
                ],
                [
                    -0.3409305512905121,
                    0.18741649389266968,
                    0.9212173819541931,
                    3.71354603767395
                ],
                [
                    0.0,
                    0.9799261093139648,
                    -0.19936053454875946,
                    -0.8036479949951172
                ],
                [
                    0.0,
                    0.0,
                    0.0,
                    1.0
                ]
            ]
        },
        {
            "file_path": "/data/shapenet_blender/all_50_random/02958343/94c0575659c6cdf2091b4cb93147ff9/r_38",
            "rotation": 0.12566370614359174,
            "transform_matrix": [
                [
                    0.4056650400161743,
                    -0.16481833159923553,
                    -0.8990389108657837,
                    -3.624141216278076
                ],
                [
                    -0.9140217900276184,
                    -0.07315037399530411,
                    -0.39901527762413025,
                    -1.6084818840026855
                ],
                [
                    0.0,
                    0.9836075901985168,
                    -0.18032212555408478,
                    -0.726901650428772
                ],
                [
                    0.0,
                    0.0,
                    0.0,
                    1.0
                ]
            ]
        },
        {
            "file_path": "/data/shapenet_blender/all_50_random/02958343/94c0575659c6cdf2091b4cb93147ff9/r_39",
            "rotation": 0.12566370614359174,
            "transform_matrix": [
                [
                    -0.999255895614624,
                    -0.025374049320816994,
                    0.029051849618554115,
                    0.11711175739765167
                ],
                [
                    0.03857269510626793,
                    -0.6573346257209778,
                    0.7526109218597412,
                    3.03387188911438
                ],
                [
                    0.0,
                    0.7531715035438538,
                    0.6578241586685181,
                    2.6517741680145264
                ],
                [
                    0.0,
                    0.0,
                    0.0,
                    1.0
                ]
            ]
        },
        {
            "file_path": "/data/shapenet_blender/all_50_random/02958343/94c0575659c6cdf2091b4cb93147ff9/r_40",
            "rotation": 0.12566370614359174,
            "transform_matrix": [
                [
                    -0.3707520663738251,
                    -0.2940727770328522,
                    -0.8809449672698975,
                    -3.5512030124664307
                ],
                [
                    -0.9287319779396057,
                    0.1173945739865303,
                    0.3516753613948822,
                    1.4176487922668457
                ],
                [
                    7.450581485102248e-09,
                    0.9485460519790649,
                    -0.3166390359401703,
                    -1.276412844657898
                ],
                [
                    0.0,
                    0.0,
                    0.0,
                    1.0
                ]
            ]
        },
        {
            "file_path": "/data/shapenet_blender/all_50_random/02958343/94c0575659c6cdf2091b4cb93147ff9/r_41",
            "rotation": 0.12566370614359174,
            "transform_matrix": [
                [
                    0.7653613686561584,
                    0.3842529058456421,
                    0.5163058042526245,
                    2.0812954902648926
                ],
                [
                    0.6436008214950562,
                    -0.45694833993911743,
                    -0.6139838695526123,
                    -2.475048303604126
                ],
                [
