{
    "class": "02958343",
    "model": "599aede2de805313a87928f1d77303e",
    "remove_doubles": true,
    "edge_split": true,
    "denoise": true,
    "camera_angle_x": 0.6911112070083618,
    "scale_factor": 2.398967443483896,
    "hdri_file": "/data/IndoorHDRDataset2018/9C4A1665-5b87a04322.exr",
    "center_offset": [
        0.0,
        0.0,
        -1.862645149230957e-09
    ],
    "lights": [],
    "frames": [
        {
            "file_path": "/data/shapenet_blender/all_50_random/02958343/599aede2de805313a87928f1d77303e/r_0",
            "rotation": 0.12566370614359174,
            "transform_matrix": [
                [
                    -0.7296952605247498,
                    0.2589145302772522,
                    -0.632857084274292,
                    -2.551128625869751
                ],
                [
                    -0.6837725639343262,
                    -0.2763034403324127,
                    0.6753602623939514,
                    2.7224643230438232
                ],
                [
                    0.0,
                    0.9255374670028687,
                    0.37865594029426575,
                    1.5264109373092651
                ],
                [
                    0.0,
                    0.0,
                    0.0,
                    1.0
                ]
            ]
        },
        {
            "file_path": "/data/shapenet_blender/all_50_random/02958343/599aede2de805313a87928f1d77303e/r_1",
            "rotation": 0.12566370614359174,
            "transform_matrix": [
                [
                    -0.9482641220092773,
                    -0.13230431079864502,
                    -0.2886013388633728,
                    -1.1633892059326172
                ],
                [
                    -0.3174825608730316,
                    0.39516952633857727,
                    0.8620010614395142,
                    3.4748375415802
                ],
                [
                    0.0,
                    0.9090306162834167,
                    -0.4167294204235077,
                    -1.6798900365829468
                ],
                [
                    0.0,
                    0.0,
                    0.0,
                    1.0
                ]
            ]
        },
        {
            "file_path": "/data/shapenet_blender/all_50_random/02958343/599aede2de805313a87928f1d77303e/r_2",
            "rotation": 0.12566370614359174,
            "transform_matrix": [
                [
                    -0.9814794659614563,
                    -0.005685188341885805,
                    0.19148306548595428,
                    0.7718929052352905
                ],
                [
                    0.19156746566295624,
                    -0.02912757731974125,
                    0.9810470938682556,
                    3.9547274112701416
                ],
                [
                    0.0,
                    0.9995595812797546,
                    0.02967721037566662,
                    0.11963266134262085
                ],
                [
                    0.0,
                    0.0,
                    0.0,
                    1.0
                ]
            ]
        },
        {
            "file_path": "/data/shapenet_blender/all_50_random/02958343/599aede2de805313a87928f1d77303e/r_3",
            "rotation": 0.12566370614359174,
            "transform_matrix": [
                [
                    -0.5325395464897156,
                    0.5311199426651001,
                    0.6590243577957153,
                    2.6566123962402344
                ],
                [
                    0.8464050889015198,
                    0.33416905999183655,
                    0.4146437346935272,
                    1.6714824438095093
                ],
                [
                    0.0,
                    0.7786158323287964,
                    -0.6275007724761963,
                    -2.529536724090576
                ],
                [
                    0.0,
                    0.0,
                    0.0,
                    1.0
                ]
            ]
        },
        {
            "file_path": "/data/shapenet_blender/all_50_random/02958343/599aede2de805313a87928f1d77303e/r_4",
            "rotation": 0.12566370614359174,
            "transform_matrix": [
                [
                    -0.48694393038749695,
                    -0.44307950139045715,
                    0.7527058720588684,
                    3.034254312515259
                ],
                [
                    0.8734331727027893,
                    -0.24701933562755585,
                    0.4196377694606781,
                    1.6916139125823975
                ],
                [
                    1.4901160305669237e-08,
                    0.8617782592773438,
                    0.5072849988937378,
                    2.044931173324585
                ],
                [
                    0.0,
                    0.0,
                    0.0,
                    1.0
                ]
            ]
        },
        {
            "file_path": "/data/shapenet_blender/all_50_random/02958343/599aede2de805313a87928f1d77303e/r_5",
            "rotation": 0.12566370614359174,
            "transform_matrix": [
                [
                    -0.5664185285568237,
                    -0.623780369758606,
                    -0.5385797619819641,
                    -2.171084403991699
                ],
                [
                    -0.8241177201271057,
                    0.42872607707977295,
                    0.37016746401786804,
                    1.4921927452087402
                ],
                [
                    0.0,
                    0.6535227298736572,
                    -0.7569067478179932,
                    -3.0511887073516846
                ],
                [
                    0.0,
                    0.0,
                    0.0,
                    1.0
                ]
            ]
        },
        {
            "file_path": "/data/shapenet_blender/all_50_random/02958343/599aede2de805313a87928f1d77303e/r_6",
            "rotation": 0.12566370614359174,
            "transform_matrix": [
                [
                    -0.9876499772071838,
                    -0.00998478289693594,
                    -0.15635836124420166,
                    -0.6303007006645203
                ],
                [
                    -0.15667684376239777,
                    0.06294146925210953,
                    0.9856423139572144,
                    3.9732513427734375
                ],
                [
                    9.313225746154785e-10,
                    0.9979672431945801,
                    -0.06372851878404617,
                    -0.25689786672592163
                ],
                [
                    0.0,
                    0.0,
                    0.0,
                    1.0
                ]
            ]
        },
        {
            "file_path": "/data/shapenet_blender/all_50_random/02958343/599aede2de805313a87928f1d77303e/r_7",
            "rotation": 0.12566370614359174,
            "transform_matrix": [
                [
                    -0.591454029083252,
                    0.18069778382778168,
                    0.7858310341835022,
                    3.167786121368408
                ],
                [
                    0.8063386678695679,
                    0.13254284858703613,
                    0.5764116048812866,
                    2.323589563369751
                ],
                [
                    1.4901160305669237e-08,
                    0.9745668768882751,
                    -0.2240966260433197,
                    -0.9033623933792114
                ],
                [
                    0.0,
                    0.0,
                    0.0,
                    1.0
                ]
            ]
        },
        {
            "file_path": "/data/shapenet_blender/all_50_random/02958343/599aede2de805313a87928f1d77303e/r_8",
            "rotation": 0.12566370614359174,
            "transform_matrix": [
                [
                    0.07468248158693314,
                    0.3756686747074127,
                    0.923740029335022,
                    3.723714828491211
                ],
                [
                    0.9972074031829834,
                    -0.028134439140558243,
                    -0.06918039172887802,
                    -0.27887505292892456
                ],
                [
                    1.862645149230957e-09,
                    0.9263268113136292,
                    -0.3767207860946655,
                    -1.518609881401062
                ],
                [
                    0.0,
                    0.0,
                    0.0,
                    1.0
                ]
            ]
        },
        {
            "file_path": "/data/shapenet_blender/all_50_random/02958343/599aede2de805313a87928f1d77303e/r_9",
            "rotation": 0.12566370614359174,
            "transform_matrix": [
                [
                    0.07501232624053955,
                    0.7790562510490417,
                    -0.6224502921104431,
                    -2.5091776847839355
                ],
                [
                    -0.9971826076507568,
                    0.058603934943675995,
                    -0.04682336747646332,
                    -0.18875104188919067
                ],
                [
                    0.0,
                    0.624208927154541,
                    0.7812573313713074,
                    3.1493492126464844
                ],
                [
                    0.0,
                    0.0,
                    0.0,
                    1.0
                ]
            ]
        },
        {
            "file_path": "/data/shapenet_blender/all_50_random/02958343/599aede2de805313a87928f1d77303e/r_10",
            "rotation": 0.12566370614359174,
            "transform_matrix": [
                [
                    0.3698497712612152,
                    0.2897195816040039,
                    -0.8827647566795349,
                    -3.5585386753082275
                ],
                [
                    -0.9290916323661804,
                    0.11533063650131226,
                    -0.35140812397003174,
                    -1.4165714979171753
                ],
                [
                    7.450581485102248e-09,
                    0.9501374959945679,
                    0.3118310570716858,
                    1.2570312023162842
                ],
                [
                    0.0,
                    0.0,
                    0.0,
                    1.0
                ]
            ]
        },
        {
            "file_path": "/data/shapenet_blender/all_50_random/02958343/599aede2de805313a87928f1d77303e/r_11",
            "rotation": 0.12566370614359174,
            "transform_matrix": [
                [
                    -0.835150420665741,
                    0.035598304122686386,
                    0.5488685369491577,
                    2.212559938430786
                ],
                [
                    0.550021767616272,
                    0.05405229330062866,
                    0.8333992958068848,
                    3.3595399856567383
                ],
                [
                    0.0,
                    0.9979032874107361,
                    -0.06472162902355194,
                    -0.26090124249458313
                ],
                [
                    0.0,
                    0.0,
                    0.0,
                    1.0
                ]
            ]
        },
        {
            "file_path": "/data/shapenet_blender/all_50_random/02958343/599aede2de805313a87928f1d77303e/r_12",
            "rotation": 0.12566370614359174,
            "transform_matrix": [
                [
                    -0.9652955532073975,
                    0.00572267547249794,
                    -0.26109734177589417,
                    -1.0525171756744385
                ],
                [
                    -0.26116010546684265,
                    -0.021152056753635406,
                    0.9650636911392212,
                    3.890296459197998
                ],
                [
                    0.0,
                    0.9997597336769104,
                    0.02191252075135708,
                    0.08833220601081848
                ],
                [
                    0.0,
                    0.0,
                    0.0,
                    1.0
                ]
            ]
        },
        {
            "file_path": "/data/shapenet_blender/all_50_random/02958343/599aede2de805313a87928f1d77303e/r_13",
            "rotation": 0.12566370614359174,
            "transform_matrix": [
                [
                    0.8447016477584839,
                    0.31844207644462585,
                    -0.43020203709602356,
                    -1.73419988155365
                ],
                [
                    -0.5352374315261841,
                    0.502559244632721,
                    -0.6789367198944092,
                    -2.7368814945220947
                ],
                [
                    -1.4901161193847656e-08,
                    0.8037592172622681,
                    0.5949546694755554,
                    2.398339033126831
                ],
                [
                    0.0,
                    0.0,
                    0.0,
                    1.0
                ]
            ]
        },
        {
            "file_path": "/data/shapenet_blender/all_50_random/02958343/599aede2de805313a87928f1d77303e/r_14",
            "rotation": 0.12566370614359174,
            "transform_matrix": [
                [
                    0.20602603256702423,
                    0.31000351905822754,
                    -0.9281439185142517,
                    -3.7414677143096924
                ],
                [
                    -0.9785465002059937,
                    0.06526903808116913,
                    -0.19541412591934204,
                    -0.7877395153045654
                ],
                [
                    -3.725290298461914e-09,
                    0.9484923481941223,
                    0.31679996848106384,
                    1.2770614624023438
                ],
                [
                    0.0,
                    0.0,
                    0.0,
                    1.0
                ]
            ]
        },
        {
            "file_path": "/data/shapenet_blender/all_50_random/02958343/599aede2de805313a87928f1d77303e/r_15",
            "rotation": 0.12566370614359174,
            "transform_matrix": [
                [
                    -0.9159553647041321,
                    0.20571231842041016,
                    0.3445407450199127,
                    1.3888881206512451
                ],
                [
                    0.40128031373023987,
                    0.4695553481578827,
                    0.7864426374435425,
                    3.1702516078948975
                ],
                [
                    -1.4901161193847656e-08,
                    0.8586037158966064,
                    -0.5126399397850037,
                    -2.0665175914764404
                ],
                [
                    0.0,
                    0.0,
                    0.0,
                    1.0
                ]
            ]
        },
        {
            "file_path": "/data/shapenet_blender/all_50_random/02958343/599aede2de805313a87928f1d77303e/r_16",
            "rotation": 0.12566370614359174,
            "transform_matrix": [
                [
                    0.7065508365631104,
                    0.3362450897693634,
                    -0.6226757168769836,
                    -2.5100862979888916
                ],
                [
                    -0.7076622843742371,
                    0.33571702241897583,
                    -0.6216977834701538,
                    -2.5061440467834473
                ],
                [
                    1.4901161193847656e-08,
                    0.8799052834510803,
                    0.47514909505844116,
                    1.9153873920440674
                ],
                [
                    0.0,
                    0.0,
                    0.0,
                    1.0
                ]
            ]
        },
        {
            "file_path": "/data/shapenet_blender/all_50_random/02958343/599aede2de805313a87928f1d77303e/r_17",
            "rotation": 0.12566370614359174,
            "transform_matrix": [
                [
                    -0.9997681379318237,
                    -0.013611274771392345,
                    -0.016690101474523544,
                    -0.06727994978427887
                ],
                [
                    -0.021536627784371376,
                    0.6318592429161072,
                    0.7747837901115417,
                    3.123253345489502
                ],
                [
                    0.0,
                    0.7749634981155396,
                    -0.6320059299468994,
                    -2.5476973056793213
                ],
                [
                    0.0,
                    0.0,
                    0.0,
                    1.0
                ]
            ]
        },
        {
            "file_path": "/data/shapenet_blender/all_50_random/02958343/599aede2de805313a87928f1d77303e/r_18",
            "rotation": 0.12566370614359174,
            "transform_matrix": [
                [
                    -0.9914897680282593,
                    -0.07043163478374481,
                    0.10948756337165833,
                    0.4413585066795349
                ],
                [
                    0.1301850527524948,
                    -0.5364075899124146,
                    0.8338577151298523,
                    3.3613882064819336
                ],
                [
                    0.0,
                    0.8410149812698364,
                    0.5410116910934448,
                    2.1808881759643555
                ],
                [
                    0.0,
                    0.0,
                    0.0,
                    1.0
                ]
            ]
        },
        {
            "file_path": "/data/shapenet_blender/all_50_random/02958343/599aede2de805313a87928f1d77303e/r_19",
            "rotation": 0.12566370614359174,
            "transform_matrix": [
                [
                    0.337995707988739,
                    0.6395087838172913,
                    -0.6904979944229126,
                    -2.7834863662719727
                ],
                [
                    -0.9411476850509644,
                    0.22966770827770233,
                    -0.247979536652565,
                    -0.9996374845504761
                ],
                [
                    0.0,
                    0.7336766123771667,
                    0.6794988512992859,
                    2.739147424697876
                ],
                [
                    0.0,
                    0.0,
                    0.0,
                    1.0
                ]
            ]
        },
        {
            "file_path": "/data/shapenet_blender/all_50_random/02958343/599aede2de805313a87928f1d77303e/r_20",
            "rotation": 0.12566370614359174,
            "transform_matrix": [
                [
                    0.4519459307193756,
                    0.6547121405601501,
                    -0.6058852076530457,
                    -2.44240140914917
                ],
                [
                    -0.8920453786849976,
                    0.33170339465141296,
                    -0.30696573853492737,
                    -1.2374184131622314
                ],
                [
                    -1.4901161193847656e-08,
                    0.6792089939117432,
                    0.7339448928833008,
                    2.9586265087127686
                ],
                [
                    0.0,
                    0.0,
                    0.0,
                    1.0
                ]
            ]
        },
        {
            "file_path": "/data/shapenet_blender/all_50_random/02958343/599aede2de805313a87928f1d77303e/r_21",
            "rotation": 0.12566370614359174,
            "transform_matrix": [
                [
                    0.8095405697822571,
                    -0.0861164927482605,
                    -0.5807133913040161,
                    -2.340930700302124
                ],
                [
                    -0.5870640277862549,
                    -0.11875160038471222,
                    -0.8007832169532776,
                    -3.228060722351074
                ],
                [
                    -7.450581485102248e-09,
                    0.9891824126243591,
                    -0.14669011533260345,
                    -0.5913268327713013
                ],
                [
                    0.0,
                    0.0,
                    0.0,
                    1.0
                ]
            ]
        },
        {
            "file_path": "/data/shapenet_blender/all_50_random/02958343/599aede2de805313a87928f1d77303e/r_22",
            "rotation": 0.12566370614359174,
            "transform_matrix": [
                [
                    -0.7991944551467896,
                    -0.4186820387840271,
                    -0.43126967549324036,
                    -1.7385036945343018
                ],
                [
                    -0.6010725498199463,
                    0.5566855072975159,
                    0.5734221935272217,
                    2.3115386962890625
                ],
                [
                    0.0,
                    0.7175002098083496,
                    -0.6965582370758057,
                    -2.8079161643981934
                ],
                [
                    0.0,
                    0.0,
                    0.0,
                    1.0
                ]
            ]
        },
        {
            "file_path": "/data/shapenet_blender/all_50_random/02958343/599aede2de805313a87928f1d77303e/r_23",
            "rotation": 0.12566370614359174,
            "transform_matrix": [
                [
                    0.797258198261261,
                    -0.5838836431503296,
                    0.1531640887260437,
                    0.6174241900444031
                ],
                [
                    0.6036385297775269,
                    0.7711668014526367,
                    -0.20229211449623108,
                    -0.8154655694961548
                ],
                [
                    0.0,
                    0.253734827041626,
                    0.9672738313674927,
                    3.899205446243286
                ],
                [
                    0.0,
                    0.0,
                    0.0,
                    1.0
                ]
            ]
        },
        {
            "file_path": "/data/shapenet_blender/all_50_random/02958343/599aede2de805313a87928f1d77303e/r_24",
            "rotation": 0.12566370614359174,
            "transform_matrix": [
                [
                    -0.19833652675151825,
                    -0.7407986521720886,
                    0.6417786478996277,
                    2.587092399597168
                ],
                [
                    0.9801339507102966,
                    -0.1499054729938507,
                    0.12986811995506287,
                    0.5235151052474976
                ],
                [
                    7.450580152834618e-09,
                    0.6547867059707642,
                    0.755813717842102,
                    3.0467824935913086
                ],
                [
                    0.0,
                    0.0,
                    0.0,
                    1.0
                ]
            ]
        },
        {
            "file_path": "/data/shapenet_blender/all_50_random/02958343/599aede2de805313a87928f1d77303e/r_25",
            "rotation": 0.12566370614359174,
            "transform_matrix": [
                [
                    -0.030371839180588722,
                    -0.44681063294410706,
                    -0.894112765789032,
                    -3.6042840480804443
                ],
                [
                    -0.9995386004447937,
                    0.013576725497841835,
                    0.027168385684490204,
                    0.10951927304267883
                ],
                [
                    0.0,
                    0.8945255279541016,
                    -0.44701680541038513,
                    -1.8019825220108032
                ],
                [
                    0.0,
                    0.0,
                    0.0,
                    1.0
                ]
            ]
        },
        {
            "file_path": "/data/shapenet_blender/all_50_random/02958343/599aede2de805313a87928f1d77303e/r_26",
            "rotation": 0.12566370614359174,
            "transform_matrix": [
                [
                    0.04428480193018913,
                    -0.009096275083720684,
                    -0.9989776015281677,
                    -4.027007102966309
                ],
                [
                    -0.9990189075469971,
                    -0.0004032223660033196,
                    -0.04428296908736229,
                    -0.17851033806800842
                ],
                [
                    -2.9103825252563276e-11,
                    0.9999585747718811,
                    -0.009105208329856396,
                    -0.03670426458120346
                ],
                [
                    0.0,
                    0.0,
                    0.0,
                    1.0
                ]
            ]
        },
        {
            "file_path": "/data/shapenet_blender/all_50_random/02958343/599aede2de805313a87928f1d77303e/r_27",
            "rotation": 0.12566370614359174,
            "transform_matrix": [
                [
                    -0.999701201915741,
                    -0.005319567862898111,
                    -0.02385864593088627,
                    -0.09617727994918823
                ],
                [
                    -0.02444448322057724,
                    0.21755331754684448,
                    0.9757422804832458,
                    3.933342933654785
                ],
                [
                    4.656612873077393e-10,
                    0.9760338664054871,
                    -0.21761836111545563,
                    -0.87724769115448
                ],
                [
                    0.0,
                    0.0,
                    0.0,
                    1.0
                ]
            ]
        },
        {
            "file_path": "/data/shapenet_blender/all_50_random/02958343/599aede2de805313a87928f1d77303e/r_28",
            "rotation": 0.12566370614359174,
            "transform_matrix": [
                [
                    -0.4010058045387268,
                    0.2989574372768402,
                    -0.8659207820892334,
                    -3.490638256072998
                ],
                [
                    -0.9160755276679993,
                    -0.13086655735969543,
                    0.3790508806705475,
                    1.5280029773712158
                ],
                [
                    7.450580596923828e-09,
                    0.9452503323554993,
                    0.32634586095809937,
                    1.315542221069336
                ],
                [
                    0.0,
                    0.0,
                    0.0,
                    1.0
                ]
            ]
        },
        {
            "file_path": "/data/shapenet_blender/all_50_random/02958343/599aede2de805313a87928f1d77303e/r_29",
            "rotation": 0.12566370614359174,
            "transform_matrix": [
                [
                    -0.4114392399787903,
                    -0.5063733458518982,
                    0.7578282952308655,
                    3.054903745651245
                ],
                [
                    0.9114372730255127,
                    -0.2285860776901245,
                    0.34209737181663513,
                    1.379038691520691
                ],
                [
                    0.0,
                    0.8314651846885681,
                    0.555576741695404,
                    2.2396016120910645
                ],
                [
                    0.0,
                    0.0,
                    0.0,
                    1.0
                ]
            ]
        },
        {
            "file_path": "/data/shapenet_blender/all_50_random/02958343/599aede2de805313a87928f1d77303e/r_30",
            "rotation": 0.12566370614359174,
            "transform_matrix": [
                [
                    -0.8940971493721008,
                    -0.17436574399471283,
                    0.4125370383262634,
                    1.6629900932312012
                ],
                [
                    0.4478730261325836,
                    -0.3480895459651947,
                    0.8235552310943604,
                    3.319857597351074
                ],
                [
                    1.4901161193847656e-08,
                    0.9211026430130005,
                    0.38931959867477417,
                    1.5693975687026978
                ],
                [
                    0.0,
                    0.0,
                    0.0,
                    1.0
                ]
            ]
        },
        {
            "file_path": "/data/shapenet_blender/all_50_random/02958343/599aede2de805313a87928f1d77303e/r_31",
            "rotation": 0.12566370614359174,
            "transform_matrix": [
                [
                    0.8271692991256714,
                    0.0066682216711342335,
                    0.5619131922721863,
                    2.2651448249816895
                ],
                [
                    0.5619528889656067,
                    -0.009815321303904057,
                    -0.8271109461784363,
                    -3.334191083908081
                ],
                [
                    0.0,
                    0.999929666519165,
                    -0.01186615601181984,
                    -0.04783400893211365
                ],
                [
                    0.0,
                    0.0,
                    0.0,
                    1.0
                ]
            ]
        },
        {
            "file_path": "/data/shapenet_blender/all_50_random/02958343/599aede2de805313a87928f1d77303e/r_32",
            "rotation": 0.12566370614359174,
            "transform_matrix": [
                [
                    -0.7093734741210938,
                    0.40718981623649597,
                    -0.5753135681152344,
                    -2.3191630840301514
                ],
                [
                    -0.7048327326774597,
                    -0.4098130464553833,
                    0.5790199041366577,
                    2.33410382270813
                ],
                [
                    1.4901160305669237e-08,
                    0.8162412047386169,
                    0.577711284160614,
                    2.3288285732269287
                ],
                [
                    0.0,
                    0.0,
                    0.0,
                    1.0
                ]
            ]
        },
        {
            "file_path": "/data/shapenet_blender/all_50_random/02958343/599aede2de805313a87928f1d77303e/r_33",
            "rotation": 0.12566370614359174,
            "transform_matrix": [
                [
                    0.6721935868263245,
                    0.6208400130271912,
                    -0.40337735414505005,
                    -1.6260662078857422
                ],
                [
                    -0.7403754591941833,
                    0.5636662840843201,
                    -0.36622995138168335,
                    -1.4763202667236328
                ],
                [
                    1.4901161193847656e-08,
                    0.5448281764984131,
                    0.8385477066040039,
                    3.38029408454895
                ],
                [
                    0.0,
                    0.0,
                    0.0,
                    1.0
                ]
            ]
        },
        {
            "file_path": "/data/shapenet_blender/all_50_random/02958343/599aede2de805313a87928f1d77303e/r_34",
            "rotation": 0.12566370614359174,
            "transform_matrix": [
                [
                    -0.9928317070007324,
                    -0.030648812651634216,
                    -0.11552485823631287,
                    -0.4656955897808075
                ],
                [
                    -0.11952131986618042,
                    0.2545914947986603,
                    0.9596341848373413,
                    3.8684091567993164
                ],
                [
                    0.0,
                    0.966562807559967,
                    -0.2564297318458557,
                    -1.0337013006210327
                ],
                [
                    0.0,
                    0.0,
                    0.0,
                    1.0
                ]
            ]
        },
        {
            "file_path": "/data/shapenet_blender/all_50_random/02958343/599aede2de805313a87928f1d77303e/r_35",
            "rotation": 0.12566370614359174,
            "transform_matrix": [
                [
                    -0.43474480509757996,
                    -0.87127685546875,
                    -0.22775764763355255,
                    -0.9181204438209534
                ],
                [
                    -0.9005537033081055,
                    0.42061135172843933,
                    0.10995064675807953,
                    0.443225234746933
                ],
                [
                    -7.450580596923828e-09,
                    0.25290849804878235,
                    -0.9674901962280273,
                    -3.9000778198242188
                ],
                [
                    0.0,
                    0.0,
                    0.0,
                    1.0
                ]
            ]
        },
        {
            "file_path": "/data/shapenet_blender/all_50_random/02958343/599aede2de805313a87928f1d77303e/r_36",
            "rotation": 0.12566370614359174,
            "transform_matrix": [
                [
                    0.1834063082933426,
                    0.5922051072120667,
                    -0.784636914730072,
                    -3.1629726886749268
                ],
                [
                    -0.9830372333526611,
                    0.11048834770917892,
                    -0.14639054238796234,
                    -0.5901191234588623
                ],
                [
                    7.450581485102248e-09,
                    0.7981761693954468,
                    0.6024240255355835,
                    2.4284489154815674
                ],
                [
                    0.0,
                    0.0,
                    0.0,
                    1.0
                ]
            ]
        },
        {
            "file_path": "/data/shapenet_blender/all_50_random/02958343/599aede2de805313a87928f1d77303e/r_37",
            "rotation": 0.12566370614359174,
            "transform_matrix": [
                [
                    -0.7227364778518677,
                    0.009881304576992989,
                    -0.6910530924797058,
                    -2.78572416305542
                ],
                [
                    -0.6911237835884094,
                    -0.010333285667002201,
                    0.7226625680923462,
                    2.9131460189819336
                ],
                [
                    0.0,
                    0.999897837638855,
                    0.014297445304691792,
                    0.05763484537601471
                ],
                [
                    0.0,
                    0.0,
                    0.0,
                    1.0
                ]
            ]
        },
        {
            "file_path": "/data/shapenet_blender/all_50_random/02958343/599aede2de805313a87928f1d77303e/r_38",
            "rotation": 0.12566370614359174,
            "transform_matrix": [
                [
                    -0.5453253388404846,
                    0.4918277859687805,
                    0.678767740726471,
                    2.7362003326416016
                ],
                [
                    0.838224470615387,
                    0.3199693560600281,
                    0.4415872395038605,
                    1.780095100402832
                ],
                [
                    -1.4901161193847656e-08,
                    0.8097684383392334,
                    -0.5867495536804199,
                    -2.3652632236480713
                ],
                [
                    0.0,
                    0.0,
                    0.0,
                    1.0
                ]
            ]
        },
        {
            "file_path": "/data/shapenet_blender/all_50_random/02958343/599aede2de805313a87928f1d77303e/r_39",
            "rotation": 0.12566370614359174,
            "transform_matrix": [
                [
                    -0.6501791477203369,
                    0.07335682213306427,
                    0.7562312483787537,
                    3.0484659671783447
                ],
                [
                    0.759781002998352,
                    0.06277476996183395,
                    0.6471415162086487,
                    2.6087112426757812
                ],
                [
                    3.725290742551124e-09,
                    0.9953281283378601,
                    -0.09654995054006577,
                    -0.38920533657073975
                ],
                [
                    0.0,
                    0.0,
                    0.0,
                    1.0
                ]
            ]
        },
        {
            "file_path": "/data/shapenet_blender/all_50_random/02958343/599aede2de805313a87928f1d77303e/r_40",
            "rotation": 0.12566370614359174,
            "transform_matrix": [
                [
                    0.14891405403614044,
                    -0.7857518196105957,
                    0.6003488302230835,
                    2.42008376121521
                ],
                [
                    0.9888502359390259,
                    0.11832883954048157,
                    -0.09040842205286026,
                    -0.36444804072380066
                ],
                [
                    0.0,
                    0.6071180701255798,
                    0.7946114540100098,
                    3.203181505203247
                ],
                [
                    0.0,
                    0.0,
                    0.0,
                    1.0
                ]
            ]
        },
        {
            "file_path": "/data/shapenet_blender/all_50_random/02958343/599aede2de805313a87928f1d77303e/r_41",
            "rotation": 0.12566370614359174,
            "transform_matrix": [
                [
                    0.7042758464813232,
                    -0.29324522614479065,
                    -0.6465312838554382,
                    -2.6062510013580322
                ],
                [
                    -0.7099263668060303,
                    -0.2909111976623535,
                    -0.6413853764533997,
                    -2.5855071544647217
                ],
                [
