{
    "class": "02958343",
    "model": "c52a2f6396ad8d5f97df6383472cc5b6",
    "remove_doubles": true,
    "edge_split": true,
    "denoise": true,
    "camera_angle_x": 0.6911112070083618,
    "scale_factor": 2.2628170813043162,
    "hdri_file": "/data/IndoorHDRDataset2018/9C4A1830-65ed5bab7f.exr",
    "center_offset": [
        0.0,
        0.0,
        -1.862645149230957e-09
    ],
    "lights": [],
    "frames": [
        {
            "file_path": "/data/shapenet_blender/all_50_random/02958343/c52a2f6396ad8d5f97df6383472cc5b6/r_0",
            "rotation": 0.12566370614359174,
            "transform_matrix": [
                [
                    -0.757062554359436,
                    0.4178520143032074,
                    -0.5022508502006531,
                    -2.0246381759643555
                ],
                [
                    -0.6533423662185669,
                    -0.4841873347759247,
                    0.5819847583770752,
                    2.346055746078491
                ],
                [
                    1.4901161193847656e-08,
                    0.7687406539916992,
                    0.6395604610443115,
                    2.578150987625122
                ],
                [
                    0.0,
                    0.0,
                    0.0,
                    1.0
                ]
            ]
        },
        {
            "file_path": "/data/shapenet_blender/all_50_random/02958343/c52a2f6396ad8d5f97df6383472cc5b6/r_1",
            "rotation": 0.12566370614359174,
            "transform_matrix": [
                [
                    0.4563837945461273,
                    -0.6626548767089844,
                    -0.5938032269477844,
                    -2.3936972618103027
                ],
                [
                    -0.8897830247879028,
                    -0.3398861885070801,
                    -0.30457109212875366,
                    -1.2277653217315674
                ],
                [
                    0.0,
                    0.6673573851585388,
                    -0.7447376251220703,
                    -3.002133369445801
                ],
                [
                    0.0,
                    0.0,
                    0.0,
                    1.0
                ]
            ]
        },
        {
            "file_path": "/data/shapenet_blender/all_50_random/02958343/c52a2f6396ad8d5f97df6383472cc5b6/r_2",
            "rotation": 0.12566370614359174,
            "transform_matrix": [
                [
                    -0.3979257345199585,
                    -0.8994449973106384,
                    -0.18070299923419952,
                    -0.728437066078186
                ],
                [
                    -0.9174176454544067,
                    0.3901301622390747,
                    0.07837910950183868,
                    0.3159562945365906
                ],
                [
                    -7.450580596923828e-09,
                    0.19696906208992004,
                    -0.9804096817970276,
                    -3.952157735824585
                ],
                [
                    0.0,
                    0.0,
                    0.0,
                    1.0
                ]
            ]
        },
        {
            "file_path": "/data/shapenet_blender/all_50_random/02958343/c52a2f6396ad8d5f97df6383472cc5b6/r_3",
            "rotation": 0.12566370614359174,
            "transform_matrix": [
                [
                    0.7380484938621521,
                    0.0962352454662323,
                    0.6678496599197388,
                    2.692188024520874
                ],
                [
                    0.67474764585495,
                    -0.10526347160339355,
                    -0.7305033802986145,
                    -2.944753408432007
                ],
                [
                    7.450580596923828e-09,
                    0.9897769093513489,
                    -0.14262405037879944,
                    -0.5749359130859375
                ],
                [
                    0.0,
                    0.0,
                    0.0,
                    1.0
                ]
            ]
        },
        {
            "file_path": "/data/shapenet_blender/all_50_random/02958343/c52a2f6396ad8d5f97df6383472cc5b6/r_4",
            "rotation": 0.12566370614359174,
            "transform_matrix": [
                [
                    -0.3955111503601074,
                    0.6829904913902283,
                    0.6140804290771484,
                    2.4754374027252197
                ],
                [
                    0.9184612035751343,
                    0.29411187767982483,
                    0.26443758606910706,
                    1.0659819841384888
                ],
                [
                    1.4901162970204496e-08,
                    0.6685969233512878,
                    -0.7436248660087585,
                    -2.997647762298584
                ],
                [
                    0.0,
                    0.0,
                    0.0,
                    1.0
                ]
            ]
        },
        {
            "file_path": "/data/shapenet_blender/all_50_random/02958343/c52a2f6396ad8d5f97df6383472cc5b6/r_5",
            "rotation": 0.12566370614359174,
            "transform_matrix": [
                [
                    0.7621766328811646,
                    0.4651980996131897,
                    -0.45019716024398804,
                    -1.8148027658462524
                ],
                [
                    -0.6473690867424011,
                    0.5476984977722168,
                    -0.5300372838973999,
                    -2.136648654937744
                ],
                [
                    -2.9802320611338473e-08,
                    0.6954257488250732,
                    0.718597948551178,
                    2.896760940551758
                ],
                [
                    0.0,
                    0.0,
                    0.0,
                    1.0
                ]
            ]
        },
        {
            "file_path": "/data/shapenet_blender/all_50_random/02958343/c52a2f6396ad8d5f97df6383472cc5b6/r_6",
            "rotation": 0.12566370614359174,
            "transform_matrix": [
                [
                    -0.6018299460411072,
                    0.14236722886562347,
                    0.7858321070671082,
                    3.1677908897399902
                ],
                [
                    0.7986241579055786,
                    0.10728558152914047,
                    0.5921900272369385,
                    2.3871946334838867
                ],
                [
                    0.0,
                    0.9839823842048645,
                    -0.17826558649539948,
                    -0.7186115980148315
                ],
                [
                    0.0,
                    0.0,
                    0.0,
                    1.0
                ]
            ]
        },
        {
            "file_path": "/data/shapenet_blender/all_50_random/02958343/c52a2f6396ad8d5f97df6383472cc5b6/r_7",
            "rotation": 0.12566370614359174,
            "transform_matrix": [
                [
                    0.3664189875125885,
                    0.3728015720844269,
                    -0.8524999022483826,
                    -3.436537027359009
                ],
                [
                    -0.930449903011322,
                    0.14681239426136017,
                    -0.33572161197662354,
                    -1.353337049484253
                ],
                [
                    0.0,
                    0.9162232875823975,
                    0.40066805481910706,
                    1.6151446104049683
                ],
                [
                    0.0,
                    0.0,
                    0.0,
                    1.0
                ]
            ]
        },
        {
            "file_path": "/data/shapenet_blender/all_50_random/02958343/c52a2f6396ad8d5f97df6383472cc5b6/r_8",
            "rotation": 0.12566370614359174,
            "transform_matrix": [
                [
                    -0.30138692259788513,
                    -0.028305331245064735,
                    -0.9530816674232483,
                    -3.8419952392578125
                ],
                [
                    -0.9535019397735596,
                    0.00894686859101057,
                    0.3012540638446808,
                    1.2143940925598145
                ],
                [
                    0.0,
                    0.9995592832565308,
                    -0.029685653746128082,
                    -0.1196667030453682
                ],
                [
                    0.0,
                    0.0,
                    0.0,
                    1.0
                ]
            ]
        },
        {
            "file_path": "/data/shapenet_blender/all_50_random/02958343/c52a2f6396ad8d5f97df6383472cc5b6/r_9",
            "rotation": 0.12566370614359174,
            "transform_matrix": [
                [
                    -0.9447605013847351,
                    0.0010862138587981462,
                    0.32775944471359253,
                    1.3212406635284424
                ],
                [
                    0.3277612626552582,
                    0.0031309742480516434,
                    0.9447553157806396,
                    3.8084306716918945
                ],
                [
                    0.0,
                    0.9999944567680359,
                    -0.0033140399027615786,
                    -0.013359323143959045
                ],
                [
                    0.0,
                    0.0,
                    0.0,
                    1.0
                ]
            ]
        },
        {
            "file_path": "/data/shapenet_blender/all_50_random/02958343/c52a2f6396ad8d5f97df6383472cc5b6/r_10",
            "rotation": 0.12566370614359174,
            "transform_matrix": [
                [
                    -0.9141322374343872,
                    -0.048199236392974854,
                    0.40254080295562744,
                    1.6226940155029297
                ],
                [
                    0.40541619062423706,
                    -0.10867960751056671,
                    0.9076488018035889,
                    3.6588494777679443
                ],
                [
                    -3.725290298461914e-09,
                    0.9929076433181763,
                    0.11888826638460159,
                    0.47925394773483276
                ],
                [
                    0.0,
                    0.0,
                    0.0,
                    1.0
                ]
            ]
        },
        {
            "file_path": "/data/shapenet_blender/all_50_random/02958343/c52a2f6396ad8d5f97df6383472cc5b6/r_11",
            "rotation": 0.12566370614359174,
            "transform_matrix": [
                [
                    -0.43074753880500793,
                    0.7403154969215393,
                    0.5161293148994446,
                    2.0805838108062744
                ],
                [
                    0.9024724960327148,
                    0.353350430727005,
                    0.24634703993797302,
                    0.9930566549301147
                ],
                [
                    1.4901161193847656e-08,
                    0.5719057321548462,
                    -0.8203192353248596,
                    -3.3068125247955322
                ],
                [
                    0.0,
                    0.0,
                    0.0,
                    1.0
                ]
            ]
        },
        {
            "file_path": "/data/shapenet_blender/all_50_random/02958343/c52a2f6396ad8d5f97df6383472cc5b6/r_12",
            "rotation": 0.12566370614359174,
            "transform_matrix": [
                [
                    0.24360740184783936,
                    0.23494330048561096,
                    -0.940987229347229,
                    -3.793241024017334
                ],
                [
                    -0.9698740243911743,
                    0.059011705219745636,
                    -0.23635177314281464,
                    -0.9527645111083984
                ],
                [
                    -7.450581485102248e-09,
                    0.9702160954475403,
                    0.2422410547733307,
                    0.9765049815177917
                ],
                [
                    0.0,
                    0.0,
                    0.0,
                    1.0
                ]
            ]
        },
        {
            "file_path": "/data/shapenet_blender/all_50_random/02958343/c52a2f6396ad8d5f97df6383472cc5b6/r_13",
            "rotation": 0.12566370614359174,
            "transform_matrix": [
                [
                    -0.9773021340370178,
                    -0.13175714015960693,
                    -0.16589316725730896,
                    -0.6687366962432861
                ],
                [
                    -0.2118501514196396,
                    0.6078189611434937,
                    0.7652944922447205,
                    3.085000514984131
                ],
                [
                    0.0,
                    0.7830684185028076,
                    -0.6219356060028076,
                    -2.5071022510528564
                ],
                [
                    0.0,
                    0.0,
                    0.0,
                    1.0
                ]
            ]
        },
        {
            "file_path": "/data/shapenet_blender/all_50_random/02958343/c52a2f6396ad8d5f97df6383472cc5b6/r_14",
            "rotation": 0.12566370614359174,
            "transform_matrix": [
                [
                    0.6698076725006104,
                    0.6592214107513428,
                    -0.3417379558086395,
                    -1.3775898218154907
                ],
                [
                    -0.7425346374511719,
                    0.5946544408798218,
                    -0.30826666951179504,
                    -1.2426626682281494
                ],
                [
                    0.0,
                    0.460231751203537,
                    0.8877988457679749,
                    3.578831672668457
                ],
                [
                    0.0,
                    0.0,
                    0.0,
                    1.0
                ]
            ]
        },
        {
            "file_path": "/data/shapenet_blender/all_50_random/02958343/c52a2f6396ad8d5f97df6383472cc5b6/r_15",
            "rotation": 0.12566370614359174,
            "transform_matrix": [
                [
                    0.7454990148544312,
                    -0.3903575539588928,
                    0.5402334928512573,
                    2.177750825881958
                ],
                [
                    0.6665067672729492,
                    0.4366214871406555,
                    -0.604260265827179,
                    -2.4358510971069336
                ],
                [
                    1.4901161193847656e-08,
                    0.8105446696281433,
                    0.5856767892837524,
                    2.360938549041748
                ],
                [
                    0.0,
                    0.0,
                    0.0,
                    1.0
                ]
            ]
        },
        {
            "file_path": "/data/shapenet_blender/all_50_random/02958343/c52a2f6396ad8d5f97df6383472cc5b6/r_16",
            "rotation": 0.12566370614359174,
            "transform_matrix": [
                [
                    0.50783771276474,
                    -0.8555793166160583,
                    0.10042296350002289,
                    0.40481793880462646
                ],
                [
                    0.8614527583122253,
                    0.5043752193450928,
                    -0.05920066311955452,
                    -0.2386455237865448
                ],
                [
                    3.725290076417309e-09,
                    0.11657405644655228,
                    0.9931820034980774,
                    4.003644943237305
                ],
                [
                    0.0,
                    0.0,
                    0.0,
                    1.0
                ]
            ]
        },
        {
            "file_path": "/data/shapenet_blender/all_50_random/02958343/c52a2f6396ad8d5f97df6383472cc5b6/r_17",
            "rotation": 0.12566370614359174,
            "transform_matrix": [
                [
                    0.6394007205963135,
                    -0.2659330368041992,
                    0.7214196920394897,
                    2.9081358909606934
                ],
                [
                    0.7688738107681274,
                    0.22115175426006317,
                    -0.5999376177787781,
                    -2.4184257984161377
                ],
                [
                    0.0,
                    0.9382811188697815,
                    0.34587350487709045,
                    1.3942606449127197
                ],
                [
                    0.0,
                    0.0,
                    0.0,
                    1.0
                ]
            ]
        },
        {
            "file_path": "/data/shapenet_blender/all_50_random/02958343/c52a2f6396ad8d5f97df6383472cc5b6/r_18",
            "rotation": 0.12566370614359174,
            "transform_matrix": [
                [
                    -0.7808877825737,
                    0.5726827383041382,
                    0.24949708580970764,
                    1.0057549476623535
                ],
                [
                    0.6246713399887085,
                    0.7158979773521423,
                    0.31189075112342834,
                    1.2572718858718872
                ],
                [
                    0.0,
                    0.399405300617218,
                    -0.9167743921279907,
                    -3.6956357955932617
                ],
                [
                    0.0,
                    0.0,
                    0.0,
                    1.0
                ]
            ]
        },
        {
            "file_path": "/data/shapenet_blender/all_50_random/02958343/c52a2f6396ad8d5f97df6383472cc5b6/r_19",
            "rotation": 0.12566370614359174,
            "transform_matrix": [
                [
                    -0.06642473489046097,
                    -0.6345033049583435,
                    0.7700605988502502,
                    3.1042134761810303
                ],
                [
                    0.9977914094924927,
                    -0.04224000498652458,
                    0.05126429721713066,
                    0.20665299892425537
                ],
                [
                    -3.7252898543727042e-09,
                    0.7717650532722473,
                    0.635907769203186,
                    2.5634262561798096
                ],
                [
                    0.0,
                    0.0,
                    0.0,
                    1.0
                ]
            ]
        },
        {
            "file_path": "/data/shapenet_blender/all_50_random/02958343/c52a2f6396ad8d5f97df6383472cc5b6/r_20",
            "rotation": 0.12566370614359174,
            "transform_matrix": [
                [
                    0.11750104278326035,
                    0.44478777050971985,
                    0.8878948092460632,
                    3.579218626022339
                ],
                [
                    0.9930726885795593,
                    -0.052627597004175186,
                    -0.10505633056163788,
                    -0.42349565029144287
                ],
                [
                    0.0,
                    0.8940884470939636,
                    -0.44789034128189087,
                    -1.8055038452148438
                ],
                [
                    0.0,
                    0.0,
                    0.0,
                    1.0
                ]
            ]
        },
        {
            "file_path": "/data/shapenet_blender/all_50_random/02958343/c52a2f6396ad8d5f97df6383472cc5b6/r_21",
            "rotation": 0.12566370614359174,
            "transform_matrix": [
                [
                    -0.6678828597068787,
                    -0.06802472472190857,
                    -0.7411513328552246,
                    -2.9876761436462402
                ],
                [
                    -0.7442665100097656,
                    0.0610433854162693,
                    0.6650874018669128,
                    2.6810526847839355
                ],
                [
                    0.0,
                    0.9958144426345825,
                    -0.09139835834503174,
                    -0.3684385120868683
                ],
                [
                    0.0,
                    0.0,
                    0.0,
                    1.0
                ]
            ]
        },
        {
            "file_path": "/data/shapenet_blender/all_50_random/02958343/c52a2f6396ad8d5f97df6383472cc5b6/r_22",
            "rotation": 0.12566370614359174,
            "transform_matrix": [
                [
                    -0.6530299186706543,
                    -0.2606261372566223,
                    0.7110737562179565,
                    2.8664300441741943
                ],
                [
                    0.7573319673538208,
                    -0.2247319221496582,
                    0.6131424903869629,
                    2.471656322479248
                ],
                [
                    0.0,
                    0.9389193654060364,
                    0.3441372513771057,
                    1.3872616291046143
                ],
                [
                    0.0,
                    0.0,
                    0.0,
                    1.0
                ]
            ]
        },
        {
            "file_path": "/data/shapenet_blender/all_50_random/02958343/c52a2f6396ad8d5f97df6383472cc5b6/r_23",
            "rotation": 0.12566370614359174,
            "transform_matrix": [
                [
                    0.9513225555419922,
                    -0.21600358188152313,
                    0.21983590722084045,
                    0.886186957359314
                ],
                [
                    0.3081969916820526,
                    0.6667459607124329,
                    -0.6785752773284912,
                    -2.735424757003784
                ],
                [
                    0.0,
                    0.7132968306541443,
                    0.7008619904518127,
                    2.825265407562256
                ],
                [
                    0.0,
                    0.0,
                    0.0,
                    1.0
                ]
            ]
        },
        {
            "file_path": "/data/shapenet_blender/all_50_random/02958343/c52a2f6396ad8d5f97df6383472cc5b6/r_24",
            "rotation": 0.12566370614359174,
            "transform_matrix": [
                [
                    -0.3644503951072693,
                    0.221785306930542,
                    -0.9044263958930969,
                    -3.645859479904175
                ],
                [
                    -0.9312228560447693,
                    -0.08679957687854767,
                    0.35396313667297363,
                    1.4268710613250732
                ],
                [
                    -7.450581485102248e-09,
                    0.9712244868278503,
                    0.23816567659378052,
                    0.9600765705108643
                ],
                [
                    0.0,
                    0.0,
                    0.0,
                    1.0
                ]
            ]
        },
        {
            "file_path": "/data/shapenet_blender/all_50_random/02958343/c52a2f6396ad8d5f97df6383472cc5b6/r_25",
            "rotation": 0.12566370614359174,
            "transform_matrix": [
                [
                    0.9177119731903076,
                    -0.023699313402175903,
                    0.3965390622615814,
                    1.5985002517700195
                ],
                [
                    0.39724671840667725,
                    0.05474971607327461,
                    -0.916077196598053,
                    -3.6928255558013916
                ],
                [
                    0.0,
                    0.9982187151908875,
                    0.05965893715620041,
                    0.24049288034439087
                ],
                [
                    0.0,
                    0.0,
                    0.0,
                    1.0
                ]
            ]
        },
        {
            "file_path": "/data/shapenet_blender/all_50_random/02958343/c52a2f6396ad8d5f97df6383472cc5b6/r_26",
            "rotation": 0.12566370614359174,
            "transform_matrix": [
                [
                    -0.9994739294052124,
                    0.017625192180275917,
                    -0.027224507182836533,
                    -0.10974550247192383
                ],
                [
                    -0.032431796193122864,
                    -0.5431682467460632,
                    0.8389972448348999,
                    3.382106065750122
                ],
                [
                    0.0,
                    0.8394387364387512,
                    0.5434541702270508,
                    2.1907339096069336
                ],
                [
                    0.0,
                    0.0,
                    0.0,
                    1.0
                ]
            ]
        },
        {
            "file_path": "/data/shapenet_blender/all_50_random/02958343/c52a2f6396ad8d5f97df6383472cc5b6/r_27",
            "rotation": 0.12566370614359174,
            "transform_matrix": [
                [
                    0.5650948882102966,
                    0.4006996154785156,
                    -0.7211847901344299,
                    -2.907188892364502
                ],
                [
                    -0.8250259160995483,
                    0.2744559943675995,
                    -0.49396976828575134,
                    -1.9912558794021606
                ],
                [
                    0.0,
                    0.8741359114646912,
                    0.48568129539489746,
                    1.9578438997268677
                ],
                [
                    0.0,
                    0.0,
                    0.0,
                    1.0
                ]
            ]
        },
        {
            "file_path": "/data/shapenet_blender/all_50_random/02958343/c52a2f6396ad8d5f97df6383472cc5b6/r_28",
            "rotation": 0.12566370614359174,
            "transform_matrix": [
                [
                    0.5192723870277405,
                    -0.5350050926208496,
                    0.6664276123046875,
                    2.686455726623535
                ],
                [
                    0.8546087145805359,
                    0.3250766694545746,
                    -0.40493085980415344,
                    -1.6323285102844238
                ],
                [
                    0.0,
                    0.7798043489456177,
                    0.6260233521461487,
                    2.52358078956604
                ],
                [
                    0.0,
                    0.0,
                    0.0,
                    1.0
                ]
            ]
        },
        {
            "file_path": "/data/shapenet_blender/all_50_random/02958343/c52a2f6396ad8d5f97df6383472cc5b6/r_29",
            "rotation": 0.12566370614359174,
            "transform_matrix": [
                [
                    -0.08747535198926926,
                    -0.4983412027359009,
                    0.8625568151473999,
                    3.4770772457122803
                ],
                [
                    0.9961667060852051,
                    -0.04376031830906868,
                    0.07574280351400375,
                    0.30532896518707275
                ],
                [
                    3.7252898543727042e-09,
                    0.8658759593963623,
                    0.5002588629722595,
                    2.0166077613830566
                ],
                [
                    0.0,
                    0.0,
                    0.0,
                    1.0
                ]
            ]
        },
        {
            "file_path": "/data/shapenet_blender/all_50_random/02958343/c52a2f6396ad8d5f97df6383472cc5b6/r_30",
            "rotation": 0.12566370614359174,
            "transform_matrix": [
                [
                    0.00185752275865525,
                    0.28287115693092346,
                    -0.9591560363769531,
                    -3.8664817810058594
                ],
                [
                    -0.9999982118606567,
                    0.0005254406132735312,
                    -0.0017816574545577168,
                    -0.007182091474533081
                ],
                [
                    5.8207657444020455e-11,
                    0.9591577053070068,
                    0.28287163376808167,
                    1.1402921676635742
                ],
                [
                    0.0,
                    0.0,
                    0.0,
                    1.0
                ]
            ]
        },
        {
            "file_path": "/data/shapenet_blender/all_50_random/02958343/c52a2f6396ad8d5f97df6383472cc5b6/r_31",
            "rotation": 0.12566370614359174,
            "transform_matrix": [
                [
                    -0.3629440367221832,
                    0.02743135578930378,
                    0.93140709400177,
                    3.754621982574463
                ],
                [
                    0.9318109154701233,
                    0.010684620589017868,
                    0.36278674006462097,
                    1.4624401330947876
                ],
                [
                    9.313224635931761e-10,
                    0.9995666146278381,
                    -0.02943875640630722,
                    -0.11867142468690872
                ],
                [
                    0.0,
                    0.0,
                    0.0,
                    1.0
                ]
            ]
        },
        {
            "file_path": "/data/shapenet_blender/all_50_random/02958343/c52a2f6396ad8d5f97df6383472cc5b6/r_32",
            "rotation": 0.12566370614359174,
            "transform_matrix": [
                [
                    -0.5479315519332886,
                    0.25570982694625854,
                    -0.7964819073677063,
                    -3.210721254348755
                ],
                [
                    -0.8365230560302734,
                    -0.16749267280101776,
                    0.5217041969299316,
                    2.1030569076538086
                ],
                [
                    1.4901160305669237e-08,
                    0.9521337151527405,
                    0.3056817054748535,
                    1.2322423458099365
                ],
                [
                    0.0,
                    0.0,
                    0.0,
                    1.0
                ]
            ]
        },
        {
            "file_path": "/data/shapenet_blender/all_50_random/02958343/c52a2f6396ad8d5f97df6383472cc5b6/r_33",
            "rotation": 0.12566370614359174,
            "transform_matrix": [
                [
                    0.8627839088439941,
                    0.4885629415512085,
                    0.1300395429134369,
                    0.5242061614990234
                ],
                [
                    0.505573034286499,
                    -0.833755373954773,
                    -0.221918523311615,
                    -0.8945821523666382
                ],
                [
                    0.0,
                    0.25721195340156555,
                    -0.9663549661636353,
                    -3.8955013751983643
                ],
                [
                    0.0,
                    0.0,
                    0.0,
                    1.0
                ]
            ]
        },
        {
            "file_path": "/data/shapenet_blender/all_50_random/02958343/c52a2f6396ad8d5f97df6383472cc5b6/r_34",
            "rotation": 0.12566370614359174,
            "transform_matrix": [
                [
                    0.04505295678973198,
                    -0.7300879955291748,
                    -0.6818662881851196,
                    -2.7486910820007324
                ],
                [
                    -0.998984694480896,
                    -0.0329260528087616,
                    -0.030751315876841545,
                    -0.12396252900362015
                ],
                [
                    0.0,
                    0.6825593113899231,
                    -0.7308300733566284,
                    -2.946070432662964
                ],
                [
                    0.0,
                    0.0,
                    0.0,
                    1.0
                ]
            ]
        },
        {
            "file_path": "/data/shapenet_blender/all_50_random/02958343/c52a2f6396ad8d5f97df6383472cc5b6/r_35",
            "rotation": 0.12566370614359174,
            "transform_matrix": [
                [
                    -0.6135209202766418,
                    0.25191500782966614,
                    0.7484188675880432,
                    3.0169732570648193
                ],
                [
                    0.7896785736083984,
                    0.19571904838085175,
                    0.5814652442932129,
                    2.343961715698242
                ],
                [
                    -1.4901162970204496e-08,
                    0.947751522064209,
                    -0.31900954246520996,
                    -1.2859686613082886
                ],
                [
                    0.0,
                    0.0,
                    0.0,
                    1.0
                ]
            ]
        },
        {
            "file_path": "/data/shapenet_blender/all_50_random/02958343/c52a2f6396ad8d5f97df6383472cc5b6/r_36",
            "rotation": 0.12566370614359174,
            "transform_matrix": [
                [
                    0.9959712624549866,
                    0.030714983120560646,
                    -0.08424882590770721,
                    -0.33961790800094604
                ],
                [
                    -0.08967316150665283,
                    0.3411415219306946,
                    -0.9357249140739441,
                    -3.7720279693603516
                ],
                [
                    0.0,
                    0.9395099878311157,
                    0.34252142906188965,
                    1.3807481527328491
                ],
                [
                    0.0,
                    0.0,
                    0.0,
                    1.0
                ]
            ]
        },
        {
            "file_path": "/data/shapenet_blender/all_50_random/02958343/c52a2f6396ad8d5f97df6383472cc5b6/r_37",
            "rotation": 0.12566370614359174,
            "transform_matrix": [
                [
                    -0.5029770135879517,
                    0.4461793005466461,
                    -0.7402284741401672,
                    -2.9839563369750977
                ],
                [
                    -0.8642998933792114,
                    -0.2596528232097626,
                    0.43077394366264343,
                    1.7365052700042725
                ],
                [
                    0.0,
                    0.8564486503601074,
                    0.5162321329116821,
                    2.080998182296753
                ],
                [
                    0.0,
                    0.0,
                    0.0,
                    1.0
                ]
            ]
        },
        {
            "file_path": "/data/shapenet_blender/all_50_random/02958343/c52a2f6396ad8d5f97df6383472cc5b6/r_38",
            "rotation": 0.12566370614359174,
            "transform_matrix": [
                [
                    -0.8959305286407471,
                    -0.18675757944583893,
                    -0.40302610397338867,
                    -1.624650239944458
                ],
                [
                    -0.44419410824775696,
                    0.3766862750053406,
                    0.8128954768180847,
                    3.276886463165283
                ],
                [
                    1.4901160305669237e-08,
                    0.9073197245597839,
                    -0.4204413592815399,
                    -1.6948533058166504
                ],
                [
                    0.0,
                    0.0,
                    0.0,
                    1.0
                ]
            ]
        },
        {
            "file_path": "/data/shapenet_blender/all_50_random/02958343/c52a2f6396ad8d5f97df6383472cc5b6/r_39",
            "rotation": 0.12566370614359174,
            "transform_matrix": [
                [
                    -0.013022320345044136,
                    0.4283640682697296,
                    0.9035122990608215,
                    3.64217472076416
                ],
                [
                    0.9999153017997742,
                    0.005578766576945782,
                    0.011766823008656502,
                    0.04743358492851257
                ],
                [
                    0.0,
                    0.9035888910293579,
                    -0.4284004271030426,
                    -1.7269375324249268
                ],
                [
                    0.0,
                    0.0,
                    0.0,
                    1.0
                ]
            ]
        },
        {
            "file_path": "/data/shapenet_blender/all_50_random/02958343/c52a2f6396ad8d5f97df6383472cc5b6/r_40",
            "rotation": 0.12566370614359174,
            "transform_matrix": [
                [
                    0.9471914172172546,
                    -0.22057786583900452,
                    -0.23275277018547058,
                    -0.9382563233375549
                ],
                [
                    -0.3206687271595001,
                    -0.6515429615974426,
                    -0.6875051856040955,
                    -2.7714216709136963
                ],
                [
                    0.0,
                    0.7258355021476746,
                    -0.6878683567047119,
                    -2.772885799407959
                ],
                [
                    0.0,
                    0.0,
                    0.0,
                    1.0
                ]
            ]
        },
        {
            "file_path": "/data/shapenet_blender/all_50_random/02958343/c52a2f6396ad8d5f97df6383472cc5b6/r_41",
            "rotation": 0.12566370614359174,
            "transform_matrix": [
                [
                    0.9311577081680298,
                    0.20150887966156006,
                    -0.30387434363365173,
                    -1.2249566316604614
                ],
                [
                    -0.36461687088012695,
                    0.5146128535270691,
                    -0.7760335206985474,
                    -3.128291130065918
                ],
                [
                    0.0,
