{
    "class": "02958343",
    "model": "5a728c7371f8fa3f1e0401312b984eca",
    "remove_doubles": true,
    "edge_split": true,
    "denoise": true,
    "camera_angle_x": 0.6911112070083618,
    "scale_factor": 2.2383206447433164,
    "hdri_file": "/data/IndoorHDRDataset2018/9C4A7234-45127bb0ef.exr",
    "center_offset": [
        0.0,
        -3.725290298461914e-09,
        0.0
    ],
    "lights": [],
    "frames": [
        {
            "file_path": "/data/shapenet_blender/all_50_random/02958343/5a728c7371f8fa3f1e0401312b984eca/r_0",
            "rotation": 0.12566370614359174,
            "transform_matrix": [
                [
                    0.6548770070075989,
                    0.00521959038451314,
                    0.7557175159454346,
                    3.0463943481445312
                ],
                [
                    0.755735456943512,
                    -0.004522997885942459,
                    -0.6548614501953125,
                    -2.6398305892944336
                ],
                [
                    2.3283061589829401e-10,
                    0.9999761581420898,
                    -0.006906637456268072,
                    -0.027841541916131973
                ],
                [
                    0.0,
                    0.0,
                    0.0,
                    1.0
                ]
            ]
        },
        {
            "file_path": "/data/shapenet_blender/all_50_random/02958343/5a728c7371f8fa3f1e0401312b984eca/r_1",
            "rotation": 0.12566370614359174,
            "transform_matrix": [
                [
                    0.13248738646507263,
                    0.09862834960222244,
                    -0.9862655401229858,
                    -3.9757630825042725
                ],
                [
                    -0.9911847710609436,
                    0.013183225877583027,
                    -0.1318298578262329,
                    -0.5314230918884277
                ],
                [
                    0.0,
                    0.9950369000434875,
                    0.09950554370880127,
                    0.4011196196079254
                ],
                [
                    0.0,
                    0.0,
                    0.0,
                    1.0
                ]
            ]
        },
        {
            "file_path": "/data/shapenet_blender/all_50_random/02958343/5a728c7371f8fa3f1e0401312b984eca/r_2",
            "rotation": 0.12566370614359174,
            "transform_matrix": [
                [
                    -0.40935802459716797,
                    0.4204697906970978,
                    -0.8097105026245117,
                    -3.264047622680664
                ],
                [
                    -0.912373960018158,
                    -0.18865364789962769,
                    0.36329564452171326,
                    1.4644917249679565
                ],
                [
                    0.0,
                    0.8874766826629639,
                    0.4608525037765503,
                    1.8577560186386108
                ],
                [
                    0.0,
                    0.0,
                    0.0,
                    1.0
                ]
            ]
        },
        {
            "file_path": "/data/shapenet_blender/all_50_random/02958343/5a728c7371f8fa3f1e0401312b984eca/r_3",
            "rotation": 0.12566370614359174,
            "transform_matrix": [
                [
                    0.345154345035553,
                    0.5100650787353516,
                    0.7878463864326477,
                    3.175910472869873
                ],
                [
                    0.9385459423065186,
                    -0.18757867813110352,
                    -0.2897339463233948,
                    -1.167954921722412
                ],
                [
                    0.0,
                    0.8394328951835632,
                    -0.5434631109237671,
                    -2.190769910812378
                ],
                [
                    0.0,
                    0.0,
                    0.0,
                    1.0
                ]
            ]
        },
        {
            "file_path": "/data/shapenet_blender/all_50_random/02958343/5a728c7371f8fa3f1e0401312b984eca/r_4",
            "rotation": 0.12566370614359174,
            "transform_matrix": [
                [
                    -0.4737924039363861,
                    0.6113153696060181,
                    -0.6338881254196167,
                    -2.5552849769592285
                ],
                [
                    -0.8806365132331848,
                    -0.32889458537101746,
                    0.3410389721393585,
                    1.3747721910476685
                ],
                [
                    -1.4901160305669237e-08,
                    0.7198066711425781,
                    0.6941744685173035,
                    2.798306941986084
                ],
                [
                    0.0,
                    0.0,
                    0.0,
                    1.0
                ]
            ]
        },
        {
            "file_path": "/data/shapenet_blender/all_50_random/02958343/5a728c7371f8fa3f1e0401312b984eca/r_5",
            "rotation": 0.12566370614359174,
            "transform_matrix": [
                [
                    0.9567955732345581,
                    -0.010156642645597458,
                    0.29058390855789185,
                    1.1713812351226807
                ],
                [
                    0.2907613515853882,
                    0.033422019332647324,
                    -0.9562116861343384,
                    -3.8546125888824463
                ],
                [
                    0.0,
                    0.9993897676467896,
                    0.03493119403719902,
                    0.14081214368343353
                ],
                [
                    0.0,
                    0.0,
                    0.0,
                    1.0
                ]
            ]
        },
        {
            "file_path": "/data/shapenet_blender/all_50_random/02958343/5a728c7371f8fa3f1e0401312b984eca/r_6",
            "rotation": 0.12566370614359174,
            "transform_matrix": [
                [
                    -0.9992544651031494,
                    0.01079006027430296,
                    -0.03707020357251167,
                    -0.14943477511405945
                ],
                [
                    -0.038608621805906296,
                    -0.2792644798755646,
                    0.9594377279281616,
                    3.867617130279541
                ],
                [
                    0.0,
                    0.9601536393165588,
                    0.27947282791137695,
                    1.1265909671783447
                ],
                [
                    0.0,
                    0.0,
                    0.0,
                    1.0
                ]
            ]
        },
        {
            "file_path": "/data/shapenet_blender/all_50_random/02958343/5a728c7371f8fa3f1e0401312b984eca/r_7",
            "rotation": 0.12566370614359174,
            "transform_matrix": [
                [
                    -0.9389665126800537,
                    0.04798872768878937,
                    0.340644896030426,
                    1.3731834888458252
                ],
                [
                    0.34400853514671326,
                    0.1309845745563507,
                    0.9297855496406555,
                    3.7480854988098145
                ],
                [
                    -3.725290298461914e-09,
                    0.9902222156524658,
                    -0.13949866592884064,
                    -0.5623371005058289
                ],
                [
                    0.0,
                    0.0,
                    0.0,
                    1.0
                ]
            ]
        },
        {
            "file_path": "/data/shapenet_blender/all_50_random/02958343/5a728c7371f8fa3f1e0401312b984eca/r_8",
            "rotation": 0.12566370614359174,
            "transform_matrix": [
                [
                    0.21794205904006958,
                    0.637270450592041,
                    0.7391804456710815,
                    2.979731321334839
                ],
                [
                    0.9759618043899536,
                    -0.14230889081954956,
                    -0.1650664061307907,
                    -0.6654039025306702
                ],
                [
                    0.0,
                    0.7573866844177246,
                    -0.6529666781425476,
                    -2.632192611694336
                ],
                [
                    0.0,
                    0.0,
                    0.0,
                    1.0
                ]
            ]
        },
        {
            "file_path": "/data/shapenet_blender/all_50_random/02958343/5a728c7371f8fa3f1e0401312b984eca/r_9",
            "rotation": 0.12566370614359174,
            "transform_matrix": [
                [
                    -0.294833779335022,
                    0.03965464234352112,
                    -0.9547253847122192,
                    -3.848621129989624
                ],
                [
                    -0.9555486440658569,
                    -0.012235408648848534,
                    0.29457974433898926,
                    1.1874889135360718
                ],
                [
                    -9.31322685637781e-10,
                    0.9991385340690613,
                    0.04149935021996498,
                    0.16728922724723816
                ],
                [
                    0.0,
                    0.0,
                    0.0,
                    1.0
                ]
            ]
        },
        {
            "file_path": "/data/shapenet_blender/all_50_random/02958343/5a728c7371f8fa3f1e0401312b984eca/r_10",
            "rotation": 0.12566370614359174,
            "transform_matrix": [
                [
                    -0.28486430644989014,
                    0.17256802320480347,
                    0.9429064989089966,
                    3.8009777069091797
                ],
                [
                    0.9585679173469543,
                    0.05128324031829834,
                    0.28021007776260376,
                    1.1295629739761353
                ],
                [
                    0.0,
                    0.9836617112159729,
                    -0.18002693355083466,
                    -0.7257117629051208
                ],
                [
                    0.0,
                    0.0,
                    0.0,
                    1.0
                ]
            ]
        },
        {
            "file_path": "/data/shapenet_blender/all_50_random/02958343/5a728c7371f8fa3f1e0401312b984eca/r_11",
            "rotation": 0.12566370614359174,
            "transform_matrix": [
                [
                    0.8412857055664062,
                    0.11807085573673248,
                    -0.5275392532348633,
                    -2.1265790462493896
                ],
                [
                    -0.5405908823013306,
                    0.1837458461523056,
                    -0.8209743499755859,
                    -3.3094537258148193
                ],
                [
                    7.450580596923828e-09,
                    0.9758570194244385,
                    0.21841071546077728,
                    0.8804418444633484
                ],
                [
                    0.0,
                    0.0,
                    0.0,
                    1.0
                ]
            ]
        },
        {
            "file_path": "/data/shapenet_blender/all_50_random/02958343/5a728c7371f8fa3f1e0401312b984eca/r_12",
            "rotation": 0.12566370614359174,
            "transform_matrix": [
                [
                    -0.2616898715496063,
                    0.7312097549438477,
                    0.6299608945846558,
                    2.5394537448883057
                ],
                [
                    0.9651520252227783,
                    0.19825910031795502,
                    0.1708066463470459,
                    0.6885436773300171
                ],
                [
                    7.450580596923828e-09,
                    0.6527064442634583,
                    -0.7576108574867249,
                    -3.0540273189544678
                ],
                [
                    0.0,
                    0.0,
                    0.0,
                    1.0
                ]
            ]
        },
        {
            "file_path": "/data/shapenet_blender/all_50_random/02958343/5a728c7371f8fa3f1e0401312b984eca/r_13",
            "rotation": 0.12566370614359174,
            "transform_matrix": [
                [
                    0.4230853319168091,
                    -0.34039101004600525,
                    -0.8397217392921448,
                    -3.3850269317626953
                ],
                [
                    -0.9060898423194885,
                    -0.15894056856632233,
                    -0.3920957148075104,
                    -1.580588459968567
                ],
                [
                    1.4901162970204496e-08,
                    0.9267532825469971,
                    -0.37567025423049927,
                    -1.5143753290176392
                ],
                [
                    0.0,
                    0.0,
                    0.0,
                    1.0
                ]
            ]
        },
        {
            "file_path": "/data/shapenet_blender/all_50_random/02958343/5a728c7371f8fa3f1e0401312b984eca/r_14",
            "rotation": 0.12566370614359174,
            "transform_matrix": [
                [
                    -0.30614134669303894,
                    -0.22758908569812775,
                    0.9243811964988708,
                    3.726300001144409
                ],
                [
                    0.9519860744476318,
                    -0.07318850606679916,
                    0.29726412892341614,
                    1.198310136795044
                ],
                [
                    0.0,
                    0.9710028767585754,
                    0.2390676587820053,
                    0.9637126326560974
                ],
                [
                    0.0,
                    0.0,
                    0.0,
                    1.0
                ]
            ]
        },
        {
            "file_path": "/data/shapenet_blender/all_50_random/02958343/5a728c7371f8fa3f1e0401312b984eca/r_15",
            "rotation": 0.12566370614359174,
            "transform_matrix": [
                [
                    -0.5146770477294922,
                    0.6072369813919067,
                    -0.60528564453125,
                    -2.4399845600128174
                ],
                [
                    -0.8573841452598572,
                    -0.36451685428619385,
                    0.36334550380706787,
                    1.4646925926208496
                ],
                [
                    1.4901161193847656e-08,
                    0.705967903137207,
                    0.7082438468933105,
                    2.8550221920013428
                ],
                [
                    0.0,
                    0.0,
                    0.0,
                    1.0
                ]
            ]
        },
        {
            "file_path": "/data/shapenet_blender/all_50_random/02958343/5a728c7371f8fa3f1e0401312b984eca/r_16",
            "rotation": 0.12566370614359174,
            "transform_matrix": [
                [
                    -0.9079385995864868,
                    0.35864707827568054,
                    -0.21684059500694275,
                    -0.8741124272346497
                ],
                [
                    -0.41910332441329956,
                    -0.7769672274589539,
                    0.4697599411010742,
                    1.893662929534912
                ],
                [
                    -1.4901161193847656e-08,
                    0.5173918008804321,
                    0.8557486534118652,
                    3.4496331214904785
                ],
                [
                    0.0,
                    0.0,
                    0.0,
                    1.0
                ]
            ]
        },
        {
            "file_path": "/data/shapenet_blender/all_50_random/02958343/5a728c7371f8fa3f1e0401312b984eca/r_17",
            "rotation": 0.12566370614359174,
            "transform_matrix": [
                [
                    0.976141631603241,
                    0.010316584259271622,
                    -0.21688994765281677,
                    -0.8743112683296204
                ],
                [
                    -0.21713514626026154,
                    0.04637870192527771,
                    -0.9750392436981201,
                    -3.9305083751678467
                ],
                [
                    0.0,
                    0.9988706111907959,
                    0.04751228168606758,
                    0.1915281116962433
                ],
                [
                    0.0,
                    0.0,
                    0.0,
                    1.0
                ]
            ]
        },
        {
            "file_path": "/data/shapenet_blender/all_50_random/02958343/5a728c7371f8fa3f1e0401312b984eca/r_18",
            "rotation": 0.12566370614359174,
            "transform_matrix": [
                [
                    -0.5004224181175232,
                    -0.002949637360870838,
                    -0.8657763600349426,
                    -3.490056037902832
                ],
                [
                    -0.8657814264297485,
                    0.001704893191345036,
                    0.500419557094574,
                    2.0172557830810547
                ],
                [
                    0.0,
                    0.999994158744812,
                    -0.0034069078974425793,
                    -0.01373368501663208
                ],
                [
                    0.0,
                    0.0,
                    0.0,
                    1.0
                ]
            ]
        },
        {
            "file_path": "/data/shapenet_blender/all_50_random/02958343/5a728c7371f8fa3f1e0401312b984eca/r_19",
            "rotation": 0.12566370614359174,
            "transform_matrix": [
                [
                    -0.7642048597335815,
                    -0.12090251594781876,
                    0.6335405111312866,
                    2.5538835525512695
                ],
                [
                    0.6449736952781677,
                    -0.14325280487537384,
                    0.7506581544876099,
                    3.0259997844696045
                ],
                [
                    -7.450580596923828e-09,
                    0.9822735786437988,
                    0.18745340406894684,
                    0.7556488513946533
                ],
                [
                    0.0,
                    0.0,
                    0.0,
                    1.0
                ]
            ]
        },
        {
            "file_path": "/data/shapenet_blender/all_50_random/02958343/5a728c7371f8fa3f1e0401312b984eca/r_20",
            "rotation": 0.12566370614359174,
            "transform_matrix": [
                [
                    0.015674998983740807,
                    0.021702460944652557,
                    0.9996415376663208,
                    4.029684066772461
                ],
                [
                    0.9998771548271179,
                    -0.0003402278234716505,
                    -0.015671303495764732,
                    -0.06317305564880371
                ],
                [
                    0.0,
                    0.9997642636299133,
                    -0.021705128252506256,
                    -0.08749617636203766
                ],
                [
                    0.0,
                    0.0,
                    0.0,
                    1.0
                ]
            ]
        },
        {
            "file_path": "/data/shapenet_blender/all_50_random/02958343/5a728c7371f8fa3f1e0401312b984eca/r_21",
            "rotation": 0.12566370614359174,
            "transform_matrix": [
                [
                    -0.2928142547607422,
                    -0.11243212968111038,
                    -0.9495360851287842,
                    -3.827702522277832
                ],
                [
                    -0.9561693668365479,
                    0.0344308540225029,
                    0.2907828688621521,
                    1.1721833944320679
                ],
                [
                    3.725290298461914e-09,
                    0.9930626749992371,
                    -0.11758599430322647,
                    -0.474004328250885
                ],
                [
                    0.0,
                    0.0,
                    0.0,
                    1.0
                ]
            ]
        },
        {
            "file_path": "/data/shapenet_blender/all_50_random/02958343/5a728c7371f8fa3f1e0401312b984eca/r_22",
            "rotation": 0.12566370614359174,
            "transform_matrix": [
                [
                    0.7006720304489136,
                    0.09227070212364197,
                    -0.7074918746948242,
                    -2.8519911766052246
                ],
                [
                    -0.7134835124015808,
                    0.09061387181282043,
                    -0.6947879791259766,
                    -2.8007800579071045
                ],
                [
                    0.0,
                    0.99160236120224,
                    0.12932421267032623,
                    0.5213226079940796
                ],
                [
                    0.0,
                    0.0,
                    0.0,
                    1.0
                ]
            ]
        },
        {
            "file_path": "/data/shapenet_blender/all_50_random/02958343/5a728c7371f8fa3f1e0401312b984eca/r_23",
            "rotation": 0.12566370614359174,
            "transform_matrix": [
                [
                    -0.9104116559028625,
                    -0.010244072414934635,
                    -0.41357672214508057,
                    -1.6671812534332275
                ],
                [
                    -0.41370365023612976,
                    0.022543486207723618,
                    0.9101323485374451,
                    3.668861150741577
                ],
                [
                    0.0,
                    0.9996933937072754,
                    -0.024761857464909554,
                    -0.09981824457645416
                ],
                [
                    0.0,
                    0.0,
                    0.0,
                    1.0
                ]
            ]
        },
        {
            "file_path": "/data/shapenet_blender/all_50_random/02958343/5a728c7371f8fa3f1e0401312b984eca/r_24",
            "rotation": 0.12566370614359174,
            "transform_matrix": [
                [
                    0.5140964388847351,
                    -0.043359141796827316,
                    -0.8566357493400574,
                    -3.453209161758423
                ],
                [
                    -0.857732355594635,
                    -0.025988036766648293,
                    -0.5134391784667969,
                    -2.069739580154419
                ],
                [
                    1.862645149230957e-09,
                    0.9987214207649231,
                    -0.05055089667439461,
                    -0.20377717912197113
                ],
                [
                    0.0,
                    0.0,
                    0.0,
                    1.0
                ]
            ]
        },
        {
            "file_path": "/data/shapenet_blender/all_50_random/02958343/5a728c7371f8fa3f1e0401312b984eca/r_25",
            "rotation": 0.12566370614359174,
            "transform_matrix": [
                [
                    -0.08508667349815369,
                    -0.8985421657562256,
                    -0.4305604100227356,
                    -1.7356445789337158
                ],
                [
                    -0.9963735938072205,
                    0.07673222571611404,
                    0.03676828742027283,
                    0.14821770787239075
                ],
                [
                    3.725290298461914e-09,
                    0.43212759494781494,
                    -0.9018124938011169,
                    -3.635322332382202
                ],
                [
                    0.0,
                    0.0,
                    0.0,
                    1.0
                ]
            ]
        },
        {
            "file_path": "/data/shapenet_blender/all_50_random/02958343/5a728c7371f8fa3f1e0401312b984eca/r_26",
            "rotation": 0.12566370614359174,
            "transform_matrix": [
                [
                    -0.03987634927034378,
                    -0.0301900003105402,
                    0.9987483620643616,
                    4.026083946228027
                ],
                [
                    0.9992046356201172,
                    -0.0012048253556713462,
                    0.0398581400513649,
                    0.1606733202934265
                ],
                [
                    0.0,
                    0.9995434880256653,
                    0.03021402657032013,
                    0.12179665267467499
                ],
                [
                    0.0,
                    0.0,
                    0.0,
                    1.0
                ]
            ]
        },
        {
            "file_path": "/data/shapenet_blender/all_50_random/02958343/5a728c7371f8fa3f1e0401312b984eca/r_27",
            "rotation": 0.12566370614359174,
            "transform_matrix": [
                [
                    -0.9979174137115479,
                    0.028475023806095123,
                    0.05787930637598038,
                    0.23331893980503082
                ],
                [
                    0.06450457870960236,
                    0.44052252173423767,
                    0.8954211473464966,
                    3.60955810546875
                ],
                [
                    0.0,
                    0.8972898721694946,
                    -0.4414418637752533,
                    -1.7795090675354004
                ],
                [
                    0.0,
                    0.0,
                    0.0,
                    1.0
                ]
            ]
        },
        {
            "file_path": "/data/shapenet_blender/all_50_random/02958343/5a728c7371f8fa3f1e0401312b984eca/r_28",
            "rotation": 0.12566370614359174,
            "transform_matrix": [
                [
                    -0.8527902960777283,
                    -0.028657522052526474,
                    -0.5214666128158569,
                    -2.1020991802215576
                ],
                [
                    -0.5222534537315369,
                    0.046795010566711426,
                    0.85150545835495,
                    3.432528257369995
                ],
                [
                    -1.862645149230957e-09,
                    0.9984933733940125,
                    -0.054872822016477585,
                    -0.2211994230747223
                ],
                [
                    0.0,
                    0.0,
                    0.0,
                    1.0
                ]
            ]
        },
        {
            "file_path": "/data/shapenet_blender/all_50_random/02958343/5a728c7371f8fa3f1e0401312b984eca/r_29",
            "rotation": 0.12566370614359174,
            "transform_matrix": [
                [
                    -0.7579972147941589,
                    -0.5451809763908386,
                    -0.3580752909183502,
                    -1.4434477090835571
                ],
                [
                    -0.6522578597068787,
                    0.6335618495941162,
                    0.4161238968372345,
                    1.677449107170105
                ],
                [
                    0.0,
                    0.5489780902862549,
                    -0.8358367085456848,
                    -3.3693654537200928
                ],
                [
                    0.0,
                    0.0,
                    0.0,
                    1.0
                ]
            ]
        },
        {
            "file_path": "/data/shapenet_blender/all_50_random/02958343/5a728c7371f8fa3f1e0401312b984eca/r_30",
            "rotation": 0.12566370614359174,
            "transform_matrix": [
                [
                    0.983202338218689,
                    0.03578665852546692,
                    -0.1789766252040863,
                    -0.7214778661727905
                ],
                [
                    -0.1825193613767624,
                    0.19277693331241608,
                    -0.9641181230545044,
                    -3.886484384536743
                ],
                [
                    -3.725290298461914e-09,
                    0.9805898070335388,
                    0.19607047736644745,
                    0.790385365486145
                ],
                [
                    0.0,
                    0.0,
                    0.0,
                    1.0
                ]
            ]
        },
        {
            "file_path": "/data/shapenet_blender/all_50_random/02958343/5a728c7371f8fa3f1e0401312b984eca/r_31",
            "rotation": 0.12566370614359174,
            "transform_matrix": [
                [
                    -0.5374915599822998,
                    -0.5054208636283875,
                    -0.6750203967094421,
                    -2.7210943698883057
                ],
                [
                    -0.8432691097259521,
                    0.3221503794193268,
                    0.43025144934654236,
                    1.7343990802764893
                ],
                [
                    2.9802322387695312e-08,
                    0.8004804253578186,
                    -0.599358856678009,
                    -2.416092872619629
                ],
                [
                    0.0,
                    0.0,
                    0.0,
                    1.0
                ]
            ]
        },
        {
            "file_path": "/data/shapenet_blender/all_50_random/02958343/5a728c7371f8fa3f1e0401312b984eca/r_32",
            "rotation": 0.12566370614359174,
            "transform_matrix": [
                [
                    0.8669137954711914,
                    -0.17390650510787964,
                    -0.4671371281147003,
                    -1.8830901384353638
                ],
                [
                    -0.49845826625823975,
                    -0.30245649814605713,
                    -0.8124403357505798,
                    -3.275052070617676
                ],
                [
                    0.0,
                    0.9371640682220459,
                    -0.3488887846469879,
                    -1.4064158201217651
                ],
                [
                    0.0,
                    0.0,
                    0.0,
                    1.0
                ]
            ]
        },
        {
            "file_path": "/data/shapenet_blender/all_50_random/02958343/5a728c7371f8fa3f1e0401312b984eca/r_33",
            "rotation": 0.12566370614359174,
            "transform_matrix": [
                [
                    0.7758879661560059,
                    0.34349438548088074,
                    0.5291592478752136,
                    2.1331090927124023
                ],
                [
                    0.6308707594871521,
                    -0.422452837228775,
                    -0.6507961750030518,
                    -2.623443365097046
                ],
                [
                    -1.4901161193847656e-08,
                    0.8387760519981384,
                    -0.5444766283035278,
                    -2.1948554515838623
                ],
                [
                    0.0,
                    0.0,
                    0.0,
                    1.0
                ]
            ]
        },
        {
            "file_path": "/data/shapenet_blender/all_50_random/02958343/5a728c7371f8fa3f1e0401312b984eca/r_34",
            "rotation": 0.12566370614359174,
            "transform_matrix": [
                [
                    -0.8978995084762573,
                    -0.046690117567777634,
                    0.4377174973487854,
                    1.764495611190796
                ],
                [
                    0.44020065665245056,
                    -0.09523619711399078,
                    0.8928345441818237,
                    3.5991311073303223
                ],
                [
                    0.0,
                    0.9943590760231018,
                    0.10606556385755539,
                    0.42756396532058716
                ],
                [
                    0.0,
                    0.0,
                    0.0,
                    1.0
                ]
            ]
        },
        {
            "file_path": "/data/shapenet_blender/all_50_random/02958343/5a728c7371f8fa3f1e0401312b984eca/r_35",
            "rotation": 0.12566370614359174,
            "transform_matrix": [
                [
                    -0.6586306691169739,
                    -0.6133015751838684,
                    0.4359664022922516,
                    1.757436752319336
                ],
                [
                    0.7524662613868713,
                    -0.5368204116821289,
                    0.38159963488578796,
                    1.5382773876190186
                ],
                [
                    1.4901160305669237e-08,
                    0.579383373260498,
                    0.8150551915168762,
                    3.285592555999756
                ],
                [
                    0.0,
                    0.0,
                    0.0,
                    1.0
                ]
            ]
        },
        {
            "file_path": "/data/shapenet_blender/all_50_random/02958343/5a728c7371f8fa3f1e0401312b984eca/r_36",
            "rotation": 0.12566370614359174,
            "transform_matrix": [
                [
                    -0.9999895691871643,
                    -0.0033183384221047163,
                    -0.003152579767629504,
                    -0.012708455324172974
                ],
                [
                    -0.004577131476253271,
                    0.724974513053894,
                    0.6887603998184204,
                    2.776481866836548
                ],
                [
                    -2.3283064365386963e-10,
                    0.6887676119804382,
                    -0.7249821424484253,
                    -2.9224965572357178
                ],
                [
                    0.0,
                    0.0,
                    0.0,
                    1.0
                ]
            ]
        },
        {
            "file_path": "/data/shapenet_blender/all_50_random/02958343/5a728c7371f8fa3f1e0401312b984eca/r_37",
            "rotation": 0.12566370614359174,
            "transform_matrix": [
                [
                    -0.06572801619768143,
                    0.7014376521110535,
                    -0.7096934914588928,
                    -2.8608663082122803
                ],
                [
                    -0.9978376626968384,
                    -0.046204015612602234,
                    0.046747829765081406,
                    0.1884465515613556
                ],
                [
                    0.0,
                    0.7112315893173218,
                    0.7029576897621155,
                    2.8337132930755615
                ],
                [
                    0.0,
                    0.0,
                    0.0,
                    1.0
                ]
            ]
        },
        {
            "file_path": "/data/shapenet_blender/all_50_random/02958343/5a728c7371f8fa3f1e0401312b984eca/r_38",
            "rotation": 0.12566370614359174,
            "transform_matrix": [
                [
                    0.0773223340511322,
                    0.4326229393482208,
                    -0.8982530832290649,
                    -3.620974063873291
                ],
                [
                    -0.9970061779022217,
                    0.033551860600709915,
                    -0.06966358423233032,
                    -0.28082290291786194
                ],
                [
                    0.0,
                    0.9009503722190857,
                    0.43392205238342285,
                    1.7491956949234009
                ],
                [
                    0.0,
                    0.0,
                    0.0,
                    1.0
                ]
            ]
        },
        {
            "file_path": "/data/shapenet_blender/all_50_random/02958343/5a728c7371f8fa3f1e0401312b984eca/r_39",
            "rotation": 0.12566370614359174,
            "transform_matrix": [
                [
                    -0.5234774351119995,
                    -0.5301161408424377,
                    -0.6670442819595337,
                    -2.688941717147827
                ],
                [
                    -0.8520395159721375,
                    0.32569360733032227,
                    0.40981975197792053,
                    1.652036428451538
                ],
                [
                    -1.4901161193847656e-08,
                    0.7828795909881592,
                    -0.6221731305122375,
                    -2.5080604553222656
                ],
                [
                    0.0,
                    0.0,
                    0.0,
                    1.0
                ]
            ]
        },
        {
            "file_path": "/data/shapenet_blender/all_50_random/02958343/5a728c7371f8fa3f1e0401312b984eca/r_40",
            "rotation": 0.12566370614359174,
            "transform_matrix": [
                [
                    -0.42299550771713257,
                    -0.7833297848701477,
                    0.45548805594444275,
                    1.8361310958862305
                ],
                [
                    0.9061318635940552,
                    -0.36566969752311707,
                    0.21262842416763306,
                    0.857132613658905
                ],
                [
                    0.0,
                    0.5026729702949524,
                    0.8644765615463257,
                    3.484816551208496
                ],
                [
                    0.0,
                    0.0,
                    0.0,
                    1.0
                ]
            ]
        },
        {
            "file_path": "/data/shapenet_blender/all_50_random/02958343/5a728c7371f8fa3f1e0401312b984eca/r_41",
            "rotation": 0.12566370614359174,
            "transform_matrix": [
                [
                    -0.3714825212955475,
                    -0.13378700613975525,
                    -0.9187501072883606,
                    -3.7036001682281494
                ],
                [
                    -0.9284399747848511,
                    0.05353015288710594,
                    0.3676054775714874,
                    1.4818650484085083
