{
    "class": "02958343",
    "model": "719a65d25f0f97b22935bed12a852dcf",
    "remove_doubles": true,
    "edge_split": true,
    "denoise": true,
    "camera_angle_x": 0.6911112070083618,
    "scale_factor": 2.305674935490858,
    "hdri_file": "/data/IndoorHDRDataset2018/AG8A1172-e85e165d1f.exr",
    "center_offset": [
        0.0,
        0.0,
        0.0
    ],
    "lights": [],
    "frames": [
        {
            "file_path": "/data/shapenet_blender/all_50_random/02958343/719a65d25f0f97b22935bed12a852dcf/r_0",
            "rotation": 0.12566370614359174,
            "transform_matrix": [
                [
                    0.5964992642402649,
                    0.40883979201316833,
                    0.6906797885894775,
                    2.784219264984131
                ],
                [
                    0.8026134967803955,
                    -0.30384814739227295,
                    -0.5133105516433716,
                    -2.069221019744873
                ],
                [
                    -1.4901160305669237e-08,
                    0.8605384230613708,
                    -0.5093855261802673,
                    -2.053398847579956
                ],
                [
                    0.0,
                    0.0,
                    0.0,
                    1.0
                ]
            ]
        },
        {
            "file_path": "/data/shapenet_blender/all_50_random/02958343/719a65d25f0f97b22935bed12a852dcf/r_1",
            "rotation": 0.12566370614359174,
            "transform_matrix": [
                [
                    0.9848597645759583,
                    -0.06906329095363617,
                    0.15900175273418427,
                    0.6409565806388855
                ],
                [
                    0.17335310578346252,
                    0.3923647999763489,
                    -0.9033263921737671,
                    -3.641425132751465
                ],
                [
                    3.725290298461914e-09,
                    0.9172132015228271,
                    0.39839664101600647,
                    1.6059882640838623
                ],
                [
                    0.0,
                    0.0,
                    0.0,
                    1.0
                ]
            ]
        },
        {
            "file_path": "/data/shapenet_blender/all_50_random/02958343/719a65d25f0f97b22935bed12a852dcf/r_2",
            "rotation": 0.12566370614359174,
            "transform_matrix": [
                [
                    0.9989670515060425,
                    -0.016744906082749367,
                    0.04224398359656334,
                    0.17029094696044922
                ],
                [
                    0.045441679656505585,
                    0.36811161041259766,
                    -0.9286704659461975,
                    -3.7435903549194336
                ],
                [
                    0.0,
                    0.9296307563781738,
                    0.3684923052787781,
                    1.4854400157928467
                ],
                [
                    0.0,
                    0.0,
                    0.0,
                    1.0
                ]
            ]
        },
        {
            "file_path": "/data/shapenet_blender/all_50_random/02958343/719a65d25f0f97b22935bed12a852dcf/r_3",
            "rotation": 0.12566370614359174,
            "transform_matrix": [
                [
                    0.251128613948822,
                    -0.08199744671583176,
                    -0.9644743800163269,
                    -3.887920379638672
                ],
                [
                    -0.9679538011550903,
                    -0.021273642778396606,
                    -0.25022587180137634,
                    -1.008692741394043
                ],
                [
                    1.862645149230957e-09,
                    0.9964054822921753,
                    -0.08471214771270752,
                    -0.3414855897426605
                ],
                [
                    0.0,
                    0.0,
                    0.0,
                    1.0
                ]
            ]
        },
        {
            "file_path": "/data/shapenet_blender/all_50_random/02958343/719a65d25f0f97b22935bed12a852dcf/r_4",
            "rotation": 0.12566370614359174,
            "transform_matrix": [
                [
                    -0.9967266321182251,
                    0.05270293727517128,
                    -0.06130577623844147,
                    -0.24713149666786194
                ],
                [
                    -0.08084551990032196,
                    -0.6497629284858704,
                    0.7558254599571228,
                    3.046830177307129
                ],
                [
                    0.0,
                    0.758307695388794,
                    0.6518967151641846,
                    2.6278798580169678
                ],
                [
                    0.0,
                    0.0,
                    0.0,
                    1.0
                ]
            ]
        },
        {
            "file_path": "/data/shapenet_blender/all_50_random/02958343/719a65d25f0f97b22935bed12a852dcf/r_5",
            "rotation": 0.12566370614359174,
            "transform_matrix": [
                [
                    -0.5518420934677124,
                    0.7171936631202698,
                    0.4255625009536743,
                    1.715497374534607
                ],
                [
                    0.83394855260849,
                    0.47458285093307495,
                    0.2816040813922882,
                    1.135182499885559
                ],
                [
                    1.4901160305669237e-08,
                    0.5102983117103577,
                    -0.8599973917007446,
                    -3.4667606353759766
                ],
                [
                    0.0,
                    0.0,
                    0.0,
                    1.0
                ]
            ]
        },
        {
            "file_path": "/data/shapenet_blender/all_50_random/02958343/719a65d25f0f97b22935bed12a852dcf/r_6",
            "rotation": 0.12566370614359174,
            "transform_matrix": [
                [
                    0.8977384567260742,
                    0.17591848969459534,
                    0.4038790762424469,
                    1.6280887126922607
                ],
                [
                    0.44052883982658386,
                    -0.358498215675354,
                    -0.8230512142181396,
                    -3.3178257942199707
                ],
                [
                    0.0,
                    0.9168050289154053,
                    -0.3993348181247711,
                    -1.6097702980041504
                ],
                [
                    0.0,
                    0.0,
                    0.0,
                    1.0
                ]
            ]
        },
        {
            "file_path": "/data/shapenet_blender/all_50_random/02958343/719a65d25f0f97b22935bed12a852dcf/r_7",
            "rotation": 0.12566370614359174,
            "transform_matrix": [
                [
                    0.574882447719574,
                    -0.10862541198730469,
                    0.8109936118125916,
                    3.2692201137542725
                ],
                [
                    0.8182361125946045,
                    0.07631885260343552,
                    -0.5697939395904541,
                    -2.2969131469726562
                ],
                [
                    0.0,
                    0.9911487102508545,
                    0.1327555775642395,
                    0.5351549386978149
                ],
                [
                    0.0,
                    0.0,
                    0.0,
                    1.0
                ]
            ]
        },
        {
            "file_path": "/data/shapenet_blender/all_50_random/02958343/719a65d25f0f97b22935bed12a852dcf/r_8",
            "rotation": 0.12566370614359174,
            "transform_matrix": [
                [
                    -0.9367128610610962,
                    -0.24391795694828033,
                    0.25114360451698303,
                    1.012392282485962
                ],
                [
                    0.3500986695289612,
                    -0.6526190042495728,
                    0.6719517707824707,
                    2.7087242603302
                ],
                [
                    -1.4901161193847656e-08,
                    0.717350959777832,
                    0.6967119574546814,
                    2.8085358142852783
                ],
                [
                    0.0,
                    0.0,
                    0.0,
                    1.0
                ]
            ]
        },
        {
            "file_path": "/data/shapenet_blender/all_50_random/02958343/719a65d25f0f97b22935bed12a852dcf/r_9",
            "rotation": 0.12566370614359174,
            "transform_matrix": [
                [
                    0.7874418497085571,
                    0.47873052954673767,
                    0.3882684111595154,
                    1.5651600360870361
                ],
                [
                    0.6163889169692993,
                    -0.6115821599960327,
                    -0.49601611495018005,
                    -1.9995049238204956
                ],
                [
                    -1.4901161193847656e-08,
                    0.6299081444740295,
                    -0.7766696214675903,
                    -3.1308553218841553
                ],
                [
                    0.0,
                    0.0,
                    0.0,
                    1.0
                ]
            ]
        },
        {
            "file_path": "/data/shapenet_blender/all_50_random/02958343/719a65d25f0f97b22935bed12a852dcf/r_10",
            "rotation": 0.12566370614359174,
            "transform_matrix": [
                [
                    0.06777522712945938,
                    -0.9595413208007812,
                    0.2732889652252197,
                    1.1016631126403809
                ],
                [
                    0.9977006912231445,
                    0.06518300622701645,
                    -0.01856490969657898,
                    -0.07483754307031631
                ],
                [
                    1.862645371275562e-09,
                    0.2739188075065613,
                    0.9617527723312378,
                    3.8769495487213135
                ],
                [
                    0.0,
                    0.0,
                    0.0,
                    1.0
                ]
            ]
        },
        {
            "file_path": "/data/shapenet_blender/all_50_random/02958343/719a65d25f0f97b22935bed12a852dcf/r_11",
            "rotation": 0.12566370614359174,
            "transform_matrix": [
                [
                    -0.8843581080436707,
                    0.3274691700935364,
                    -0.3326778709888458,
                    -1.3410671949386597
                ],
                [
                    -0.4668089747428894,
                    -0.6203823089599609,
                    0.6302500367164612,
                    2.540618896484375
                ],
                [
                    -1.4901160305669237e-08,
                    0.7126636505126953,
                    0.7015058398246765,
                    2.827860116958618
                ],
                [
                    0.0,
                    0.0,
                    0.0,
                    1.0
                ]
            ]
        },
        {
            "file_path": "/data/shapenet_blender/all_50_random/02958343/719a65d25f0f97b22935bed12a852dcf/r_12",
            "rotation": 0.12566370614359174,
            "transform_matrix": [
                [
                    -0.9472616314888,
                    0.09108448773622513,
                    0.30724406242370605,
                    1.2385404109954834
                ],
                [
                    0.3204610347747803,
                    0.26923972368240356,
                    0.908193051815033,
                    3.661043405532837
                ],
                [
                    -7.450580152834618e-09,
                    0.9587563276290894,
                    -0.28422945737838745,
                    -1.1457655429840088
                ],
                [
                    0.0,
                    0.0,
                    0.0,
                    1.0
                ]
            ]
        },
        {
            "file_path": "/data/shapenet_blender/all_50_random/02958343/719a65d25f0f97b22935bed12a852dcf/r_13",
            "rotation": 0.12566370614359174,
            "transform_matrix": [
                [
                    0.9589478373527527,
                    -0.2022523730993271,
                    -0.1987793743610382,
                    -0.8013052940368652
                ],
                [
                    -0.2835829257965088,
                    -0.6839250326156616,
                    -0.6721809506416321,
                    -2.7096481323242188
                ],
                [
                    0.0,
                    0.7009567618370056,
                    -0.7132036685943604,
                    -2.8750159740448
                ],
                [
                    0.0,
                    0.0,
                    0.0,
                    1.0
                ]
            ]
        },
        {
            "file_path": "/data/shapenet_blender/all_50_random/02958343/719a65d25f0f97b22935bed12a852dcf/r_14",
            "rotation": 0.12566370614359174,
            "transform_matrix": [
                [
                    0.13783365488052368,
                    0.3933487832546234,
                    -0.9089986085891724,
                    -3.6642909049987793
                ],
                [
                    -0.9904553890228271,
                    0.05473916232585907,
                    -0.12649796903133392,
                    -0.5099296569824219
                ],
                [
                    0.0,
                    0.9177583456039429,
                    0.3971392810344696,
                    1.6009197235107422
                ],
                [
                    0.0,
                    0.0,
                    0.0,
                    1.0
                ]
            ]
        },
        {
            "file_path": "/data/shapenet_blender/all_50_random/02958343/719a65d25f0f97b22935bed12a852dcf/r_15",
            "rotation": 0.12566370614359174,
            "transform_matrix": [
                [
                    -0.473026841878891,
                    0.1890985071659088,
                    0.8605156540870667,
                    3.4688498973846436
                ],
                [
                    0.8810480833053589,
                    0.10152530670166016,
                    0.4620032012462616,
                    1.8623945713043213
                ],
                [
                    0.0,
                    0.9766955375671387,
                    -0.21462903916835785,
                    -0.8651974201202393
                ],
                [
                    0.0,
                    0.0,
                    0.0,
                    1.0
                ]
            ]
        },
        {
            "file_path": "/data/shapenet_blender/all_50_random/02958343/719a65d25f0f97b22935bed12a852dcf/r_16",
            "rotation": 0.12566370614359174,
            "transform_matrix": [
                [
                    -0.9702936410903931,
                    0.04229922592639923,
                    0.23820406198501587,
                    0.9602313041687012
                ],
                [
                    0.24193057417869568,
                    0.1696464717388153,
                    0.9553479552268982,
                    3.851130723953247
                ],
                [
                    0.0,
                    0.984596848487854,
                    -0.17484034597873688,
                    -0.704804003238678
                ],
                [
                    0.0,
                    0.0,
                    0.0,
                    1.0
                ]
            ]
        },
        {
            "file_path": "/data/shapenet_blender/all_50_random/02958343/719a65d25f0f97b22935bed12a852dcf/r_17",
            "rotation": 0.12566370614359174,
            "transform_matrix": [
                [
                    0.7076243162155151,
                    0.2664550542831421,
                    0.6544229984283447,
                    2.638063430786133
                ],
                [
                    0.7065887451171875,
                    -0.26684558391571045,
                    -0.6553820967674255,
                    -2.6419296264648438
                ],
                [
                    1.4901161193847656e-08,
                    0.9261721968650818,
                    -0.3771006762981415,
                    -1.5201414823532104
                ],
                [
                    0.0,
                    0.0,
                    0.0,
                    1.0
                ]
            ]
        },
        {
            "file_path": "/data/shapenet_blender/all_50_random/02958343/719a65d25f0f97b22935bed12a852dcf/r_18",
            "rotation": 0.12566370614359174,
            "transform_matrix": [
                [
                    0.9536404609680176,
                    -0.010787894017994404,
                    -0.3007548749446869,
                    -1.2123814821243286
                ],
                [
                    -0.30094823241233826,
                    -0.034184519201517105,
                    -0.9530276656150818,
                    -3.8417768478393555
                ],
                [
                    9.313225191043273e-10,
                    0.9993572235107422,
                    -0.035846345126628876,
                    -0.1445012241601944
                ],
                [
                    0.0,
                    0.0,
                    0.0,
                    1.0
                ]
            ]
        },
        {
            "file_path": "/data/shapenet_blender/all_50_random/02958343/719a65d25f0f97b22935bed12a852dcf/r_19",
            "rotation": 0.12566370614359174,
            "transform_matrix": [
                [
                    -0.06433193385601044,
                    -0.2340591996908188,
                    -0.9700915217399597,
                    -3.9105641841888428
                ],
                [
                    -0.9979285597801208,
                    0.015088736079633236,
                    0.06253740191459656,
                    0.25209635496139526
                ],
                [
                    0.0,
                    0.9721052646636963,
                    -0.2345450073480606,
                    -0.9454812407493591
                ],
                [
                    0.0,
                    0.0,
                    0.0,
                    1.0
                ]
            ]
        },
        {
            "file_path": "/data/shapenet_blender/all_50_random/02958343/719a65d25f0f97b22935bed12a852dcf/r_20",
            "rotation": 0.12566370614359174,
            "transform_matrix": [
                [
                    -0.7889801263809204,
                    0.15072479844093323,
                    0.5956445336341858,
                    2.4011199474334717
                ],
                [
                    0.6144187450408936,
                    0.19354695081710815,
                    0.7648720145225525,
                    3.0832977294921875
                ],
                [
                    0.0,
                    0.9694439768791199,
                    -0.24531282484531403,
                    -0.9888876080513
                ],
                [
                    0.0,
                    0.0,
                    0.0,
                    1.0
                ]
            ]
        },
        {
            "file_path": "/data/shapenet_blender/all_50_random/02958343/719a65d25f0f97b22935bed12a852dcf/r_21",
            "rotation": 0.12566370614359174,
            "transform_matrix": [
                [
                    0.9271987676620483,
                    0.2005801796913147,
                    -0.3163384199142456,
                    -1.2752008438110352
                ],
                [
                    -0.3745695650577545,
                    0.49651041626930237,
                    -0.7830550074577332,
                    -3.156595230102539
                ],
                [
                    0.0,
                    0.8445383310317993,
                    0.5354951620101929,
                    2.1586496829986572
                ],
                [
                    0.0,
                    0.0,
                    0.0,
                    1.0
                ]
            ]
        },
        {
            "file_path": "/data/shapenet_blender/all_50_random/02958343/719a65d25f0f97b22935bed12a852dcf/r_22",
            "rotation": 0.12566370614359174,
            "transform_matrix": [
                [
                    -0.5937545299530029,
                    0.6847555637359619,
                    0.42256999015808105,
                    1.7034342288970947
                ],
                [
                    0.8046461939811707,
                    0.5052862763404846,
                    0.31181758642196655,
                    1.2569769620895386
                ],
                [
                    1.4901159417490817e-08,
                    0.5251625180244446,
                    -0.8510019779205322,
                    -3.4304988384246826
                ],
                [
                    0.0,
                    0.0,
                    0.0,
                    1.0
                ]
            ]
        },
        {
            "file_path": "/data/shapenet_blender/all_50_random/02958343/719a65d25f0f97b22935bed12a852dcf/r_23",
            "rotation": 0.12566370614359174,
            "transform_matrix": [
                [
                    0.34000158309936523,
                    0.6366302371025085,
                    -0.6921710968017578,
                    -2.7902309894561768
                ],
                [
                    -0.9404248595237732,
                    0.23016756772994995,
                    -0.2502478361129761,
                    -1.0087813138961792
                ],
                [
                    0.0,
                    0.736019492149353,
                    0.6769602298736572,
                    2.7289140224456787
                ],
                [
                    0.0,
                    0.0,
                    0.0,
                    1.0
                ]
            ]
        },
        {
            "file_path": "/data/shapenet_blender/all_50_random/02958343/719a65d25f0f97b22935bed12a852dcf/r_24",
            "rotation": 0.12566370614359174,
            "transform_matrix": [
                [
                    -0.2952295243740082,
                    -0.1539800614118576,
                    0.9429367184638977,
                    3.8010993003845215
                ],
                [
                    0.9554263353347778,
                    -0.047580286860466,
                    0.2913701832294464,
                    1.1745507717132568
                ],
                [
                    0.0,
                    0.9869276285171509,
                    0.16116371750831604,
                    0.649671733379364
                ],
                [
                    0.0,
                    0.0,
                    0.0,
                    1.0
                ]
            ]
        },
        {
            "file_path": "/data/shapenet_blender/all_50_random/02958343/719a65d25f0f97b22935bed12a852dcf/r_25",
            "rotation": 0.12566370614359174,
            "transform_matrix": [
                [
                    0.9909389019012451,
                    -0.132921040058136,
                    0.019292686134576797,
                    0.07777130603790283
                ],
                [
                    0.13431386649608612,
                    0.9806629419326782,
                    -0.14233729243278503,
                    -0.5737799406051636
                ],
                [
                    0.0,
                    0.14363907277584076,
                    0.9896302223205566,
                    3.9893267154693604
                ],
                [
                    0.0,
                    0.0,
                    0.0,
                    1.0
                ]
            ]
        },
        {
            "file_path": "/data/shapenet_blender/all_50_random/02958343/719a65d25f0f97b22935bed12a852dcf/r_26",
            "rotation": 0.12566370614359174,
            "transform_matrix": [
                [
                    0.18179918825626373,
                    -0.1772354245185852,
                    0.9672314524650574,
                    3.8990347385406494
                ],
                [
                    0.9833357334136963,
                    0.03276729956269264,
                    -0.17882183194160461,
                    -0.720853865146637
                ],
                [
                    0.0,
                    0.9836228489875793,
                    0.1802389770746231,
                    0.7265665531158447
                ],
                [
                    0.0,
                    0.0,
                    0.0,
                    1.0
                ]
            ]
        },
        {
            "file_path": "/data/shapenet_blender/all_50_random/02958343/719a65d25f0f97b22935bed12a852dcf/r_27",
            "rotation": 0.12566370614359174,
            "transform_matrix": [
                [
                    -0.5392904877662659,
                    0.03660241886973381,
                    -0.841323971748352,
                    -3.3914854526519775
                ],
                [
                    -0.8421198129653931,
                    -0.023440057411789894,
                    0.5387808084487915,
                    2.1718950271606445
                ],
                [
                    -1.862645149230957e-09,
                    0.9990549683570862,
                    0.04346461966633797,
                    0.17521148920059204
                ],
                [
                    0.0,
                    0.0,
                    0.0,
                    1.0
                ]
            ]
        },
        {
            "file_path": "/data/shapenet_blender/all_50_random/02958343/719a65d25f0f97b22935bed12a852dcf/r_28",
            "rotation": 0.12566370614359174,
            "transform_matrix": [
                [
                    0.7509816884994507,
                    0.2979368269443512,
                    -0.5892878174781799,
                    -2.375495433807373
                ],
                [
                    -0.6603230834007263,
                    0.33884182572364807,
                    -0.6701936721801758,
                    -2.7016372680664062
                ],
                [
                    -1.4901161193847656e-08,
                    0.8924236297607422,
                    0.4511985182762146,
                    1.8188395500183105
                ],
                [
                    0.0,
                    0.0,
                    0.0,
                    1.0
                ]
            ]
        },
        {
            "file_path": "/data/shapenet_blender/all_50_random/02958343/719a65d25f0f97b22935bed12a852dcf/r_29",
            "rotation": 0.12566370614359174,
            "transform_matrix": [
                [
                    0.5408087372779846,
                    -0.6041273474693298,
                    0.5852827429771423,
                    2.3593504428863525
                ],
                [
                    0.8411456942558289,
                    0.388419508934021,
                    -0.376303493976593,
                    -1.5169280767440796
                ],
                [
                    0.0,
                    0.6958162188529968,
                    0.7182197570800781,
                    2.8952367305755615
                ],
                [
                    0.0,
                    0.0,
                    0.0,
                    1.0
                ]
            ]
        },
        {
            "file_path": "/data/shapenet_blender/all_50_random/02958343/719a65d25f0f97b22935bed12a852dcf/r_30",
            "rotation": 0.12566370614359174,
            "transform_matrix": [
                [
                    0.6627787351608276,
                    0.5776551365852356,
                    0.4764856696128845,
                    1.920775294303894
                ],
                [
                    0.7488151788711548,
                    -0.5112844705581665,
                    -0.42173904180526733,
                    -1.7000845670700073
                ],
                [
                    0.0,
                    0.6363194584846497,
                    -0.7714255452156067,
                    -3.1097161769866943
                ],
                [
                    0.0,
                    0.0,
                    0.0,
                    1.0
                ]
            ]
        },
        {
            "file_path": "/data/shapenet_blender/all_50_random/02958343/719a65d25f0f97b22935bed12a852dcf/r_31",
            "rotation": 0.12566370614359174,
            "transform_matrix": [
                [
                    -0.9993056654930115,
                    0.00348474713973701,
                    0.0370962955057621,
                    0.14953994750976562
                ],
                [
                    0.03725961223244667,
                    0.09346118569374084,
                    0.9949254989624023,
                    4.0106730461120605
                ],
                [
                    0.0,
                    0.9956167936325073,
                    -0.09352613240480423,
                    -0.3770158886909485
                ],
                [
                    0.0,
                    0.0,
                    0.0,
                    1.0
                ]
            ]
        },
        {
            "file_path": "/data/shapenet_blender/all_50_random/02958343/719a65d25f0f97b22935bed12a852dcf/r_32",
            "rotation": 0.12566370614359174,
            "transform_matrix": [
                [
                    0.9981042146682739,
                    -0.016669299453496933,
                    -0.05924653261899948,
                    -0.23883041739463806
                ],
                [
                    -0.061546869575977325,
                    -0.270325630903244,
                    -0.9607996940612793,
                    -3.873107433319092
                ],
                [
                    1.8626450382086546e-09,
                    0.9626246690750122,
                    -0.2708390951156616,
                    -1.091787338256836
                ],
                [
                    0.0,
                    0.0,
                    0.0,
                    1.0
                ]
            ]
        },
        {
            "file_path": "/data/shapenet_blender/all_50_random/02958343/719a65d25f0f97b22935bed12a852dcf/r_33",
            "rotation": 0.12566370614359174,
            "transform_matrix": [
                [
                    -0.707591712474823,
                    0.004678188823163509,
                    0.7066060304641724,
                    2.8484199047088623
                ],
                [
                    0.7066215872764587,
                    0.004684612154960632,
                    0.7075762152671814,
                    2.8523309230804443
                ],
                [
                    0.0,
                    0.9999780654907227,
                    -0.006620502565056086,
                    -0.026688098907470703
                ],
                [
                    0.0,
                    0.0,
                    0.0,
                    1.0
                ]
            ]
        },
        {
            "file_path": "/data/shapenet_blender/all_50_random/02958343/719a65d25f0f97b22935bed12a852dcf/r_34",
            "rotation": 0.12566370614359174,
            "transform_matrix": [
                [
                    -0.6970700025558472,
                    0.3368927538394928,
                    0.6329270601272583,
                    2.551410675048828
                ],
                [
                    0.7170030474662781,
                    0.3275269567966461,
                    0.6153313517570496,
                    2.4804799556732178
                ],
                [
                    0.0,
                    0.8827396035194397,
                    -0.4698623716831207,
                    -1.8940757513046265
                ],
                [
                    0.0,
                    0.0,
                    0.0,
                    1.0
                ]
            ]
        },
        {
            "file_path": "/data/shapenet_blender/all_50_random/02958343/719a65d25f0f97b22935bed12a852dcf/r_35",
            "rotation": 0.12566370614359174,
            "transform_matrix": [
                [
                    -0.9934753179550171,
                    0.013300749473273754,
                    -0.11326964944601059,
                    -0.45660459995269775
                ],
                [
                    -0.11404791474342346,
                    -0.11586328595876694,
                    0.9866958260536194,
                    3.9774982929229736
                ],
                [
                    0.0,
                    0.9931759834289551,
                    0.11662423610687256,
                    0.4701273739337921
                ],
                [
                    0.0,
                    0.0,
                    0.0,
                    1.0
                ]
            ]
        },
        {
            "file_path": "/data/shapenet_blender/all_50_random/02958343/719a65d25f0f97b22935bed12a852dcf/r_36",
            "rotation": 0.12566370614359174,
            "transform_matrix": [
                [
                    -0.02303209714591503,
                    0.0006872490630485117,
                    -0.9997345209121704,
                    -4.03005838394165
                ],
                [
                    -0.9997347593307495,
                    -1.5832985809538513e-05,
                    0.023032091557979584,
                    0.09284532070159912
                ],
                [
                    1.8189894035458565e-12,
                    0.9999997615814209,
                    0.0006874313694424927,
                    0.002771124243736267
                ],
                [
                    0.0,
                    0.0,
                    0.0,
                    1.0
                ]
            ]
        },
        {
            "file_path": "/data/shapenet_blender/all_50_random/02958343/719a65d25f0f97b22935bed12a852dcf/r_37",
            "rotation": 0.12566370614359174,
            "transform_matrix": [
                [
                    0.030770665034651756,
                    0.29090768098831177,
                    -0.9562561511993408,
                    -3.8547918796539307
                ],
                [
                    -0.9995265007019043,
                    0.008955663070082664,
                    -0.029438577592372894,
                    -0.11867070198059082
                ],
                [
                    -9.313225746154785e-10,
                    0.9567092061042786,
                    0.29104551672935486,
                    1.1732419729232788
                ],
                [
                    0.0,
                    0.0,
                    0.0,
                    1.0
                ]
            ]
        },
        {
            "file_path": "/data/shapenet_blender/all_50_random/02958343/719a65d25f0f97b22935bed12a852dcf/r_38",
            "rotation": 0.12566370614359174,
            "transform_matrix": [
                [
                    0.23954957723617554,
                    -0.6338210701942444,
                    0.7354500889778137,
                    2.964694023132324
                ],
                [
                    0.9708842039108276,
                    0.15638484060764313,
                    -0.18146012723445892,
                    -0.7314891815185547
                ],
                [
                    7.450581485102248e-09,
                    0.7575053572654724,
                    0.6528287529945374,
                    2.63163685798645
                ],
                [
                    0.0,
                    0.0,
                    0.0,
                    1.0
                ]
            ]
        },
        {
            "file_path": "/data/shapenet_blender/all_50_random/02958343/719a65d25f0f97b22935bed12a852dcf/r_39",
            "rotation": 0.12566370614359174,
            "transform_matrix": [
                [
                    -0.7131473422050476,
                    -0.20000478625297546,
                    -0.6718772053718567,
                    -2.708423614501953
                ],
                [
                    -0.7010141611099243,
                    0.2034664750099182,
                    0.6835060715675354,
                    2.755300998687744
                ],
                [
                    0.0,
                    0.9584358930587769,
                    -0.28530779480934143,
                    -1.150112509727478
                ],
                [
                    0.0,
                    0.0,
                    0.0,
                    1.0
                ]
            ]
        },
        {
            "file_path": "/data/shapenet_blender/all_50_random/02958343/719a65d25f0f97b22935bed12a852dcf/r_40",
            "rotation": 0.12566370614359174,
            "transform_matrix": [
                [
                    -0.2008330523967743,
                    0.22491388022899628,
                    0.9534567594528198,
                    3.8435070514678955
                ],
                [
                    0.9796254634857178,
                    0.046109601855278015,
                    0.19546820223331451,
                    0.7879575490951538
                ],
                [
                    0.0,
                    0.973287045955658,
                    -0.22959169745445251,
                    -0.925513744354248
                ],
                [
                    0.0,
                    0.0,
                    0.0,
                    1.0
                ]
            ]
        },
        {
            "file_path": "/data/shapenet_blender/all_50_random/02958343/719a65d25f0f97b22935bed12a852dcf/r_41",
            "rotation": 0.12566370614359174,
            "transform_matrix": [
                [
                    -0.4906538426876068,
                    0.13595201075077057,
                    -0.8606833219528198,
                    -3.4695255756378174
                ],
                [
                    -0.8713545203208923,
                    -0.07655366510152817,
                    0.48464494943618774,
                    1.9536664485931396
                ],
                [
                    -7.4505797087454084e-09,
