{
    "class": "02958343",
    "model": "1f37a6fbdf7c807e7d439639178556bc",
    "remove_doubles": true,
    "edge_split": true,
    "denoise": true,
    "camera_angle_x": 0.6911112070083618,
    "scale_factor": 2.3438471904511635,
    "hdri_file": "/data/IndoorHDRDataset2018/AG8A0075-4a6276645b.exr",
    "center_offset": [
        0.0,
        -1.862645149230957e-09,
        -3.725290298461914e-09
    ],
    "lights": [],
    "frames": [
        {
            "file_path": "/data/shapenet_blender/all_50_random/02958343/1f37a6fbdf7c807e7d439639178556bc/r_0",
            "rotation": 0.12566370614359174,
            "transform_matrix": [
                [
                    -0.9075702428817749,
                    0.03287693113088608,
                    -0.41861140727996826,
                    -1.6874765157699585
                ],
                [
                    -0.419900506734848,
                    -0.07105999439954758,
                    0.9047840237617493,
                    3.647300958633423
                ],
                [
                    -3.725290742551124e-09,
                    0.9969300031661987,
                    0.07829698175191879,
                    0.31562522053718567
                ],
                [
                    0.0,
                    0.0,
                    0.0,
                    1.0
                ]
            ]
        },
        {
            "file_path": "/data/shapenet_blender/all_50_random/02958343/1f37a6fbdf7c807e7d439639178556bc/r_1",
            "rotation": 0.12566370614359174,
            "transform_matrix": [
                [
                    0.8635489344596863,
                    -0.14009453356266022,
                    0.48441389203071594,
                    1.9527348279953003
                ],
                [
                    0.5042651295661926,
                    0.23991045355796814,
                    -0.8295539021492004,
                    -3.344038724899292
                ],
                [
                    7.450580596923828e-09,
                    0.960633397102356,
                    0.2778191864490509,
                    1.1199249029159546
                ],
                [
                    0.0,
                    0.0,
                    0.0,
                    1.0
                ]
            ]
        },
        {
            "file_path": "/data/shapenet_blender/all_50_random/02958343/1f37a6fbdf7c807e7d439639178556bc/r_2",
            "rotation": 0.12566370614359174,
            "transform_matrix": [
                [
                    0.6670242547988892,
                    0.05084225907921791,
                    -0.743299126625061,
                    -2.9963347911834717
                ],
                [
                    -0.7450359463691711,
                    0.04551863297820091,
                    -0.6654692888259888,
                    -2.6825926303863525
                ],
                [
                    0.0,
                    0.9976687431335449,
                    0.06824134290218353,
                    0.27508968114852905
                ],
                [
                    0.0,
                    0.0,
                    0.0,
                    1.0
                ]
            ]
        },
        {
            "file_path": "/data/shapenet_blender/all_50_random/02958343/1f37a6fbdf7c807e7d439639178556bc/r_3",
            "rotation": 0.12566370614359174,
            "transform_matrix": [
                [
                    0.6835638284683228,
                    0.2867128252983093,
                    0.6712199449539185,
                    2.7057740688323975
                ],
                [
                    0.729890763759613,
                    -0.26851487159729004,
                    -0.6286169290542603,
                    -2.5340359210968018
                ],
                [
                    0.0,
                    0.9196169376373291,
                    -0.3928161561489105,
                    -1.5834925174713135
                ],
                [
                    0.0,
                    0.0,
                    0.0,
                    1.0
                ]
            ]
        },
        {
            "file_path": "/data/shapenet_blender/all_50_random/02958343/1f37a6fbdf7c807e7d439639178556bc/r_4",
            "rotation": 0.12566370614359174,
            "transform_matrix": [
                [
                    -0.9930649399757385,
                    -0.011634808033704758,
                    0.11698998510837555,
                    0.4716017544269562
                ],
                [
                    0.11756712198257446,
                    -0.09827680140733719,
                    0.9881900548934937,
                    3.9835216999053955
                ],
                [
                    0.0,
                    0.9950910806655884,
                    0.09896310418844223,
                    0.3989330530166626
                ],
                [
                    0.0,
                    0.0,
                    0.0,
                    1.0
                ]
            ]
        },
        {
            "file_path": "/data/shapenet_blender/all_50_random/02958343/1f37a6fbdf7c807e7d439639178556bc/r_5",
            "rotation": 0.12566370614359174,
            "transform_matrix": [
                [
                    -0.5894407033920288,
                    -0.2081092894077301,
                    0.7805448174476624,
                    3.1464767456054688
                ],
                [
                    0.8078116178512573,
                    -0.1518523246049881,
                    0.5695447325706482,
                    2.295908212661743
                ],
                [
                    0.0,
                    0.9662460684776306,
                    0.25762104988098145,
                    1.038503646850586
                ],
                [
                    0.0,
                    0.0,
                    0.0,
                    1.0
                ]
            ]
        },
        {
            "file_path": "/data/shapenet_blender/all_50_random/02958343/1f37a6fbdf7c807e7d439639178556bc/r_6",
            "rotation": 0.12566370614359174,
            "transform_matrix": [
                [
                    0.19233457744121552,
                    0.06428459286689758,
                    -0.979221522808075,
                    -3.9473683834075928
                ],
                [
                    -0.9813294410705566,
                    0.012599386274814606,
                    -0.1919214278459549,
                    -0.7736600637435913
                ],
                [
                    -9.313225746154785e-10,
                    0.997852087020874,
                    0.06550764292478561,
                    0.2640697956085205
                ],
                [
                    0.0,
                    0.0,
                    0.0,
                    1.0
                ]
            ]
        },
        {
            "file_path": "/data/shapenet_blender/all_50_random/02958343/1f37a6fbdf7c807e7d439639178556bc/r_7",
            "rotation": 0.12566370614359174,
            "transform_matrix": [
                [
                    0.7208921313285828,
                    -0.3589250445365906,
                    -0.5928636789321899,
                    -2.3899099826812744
                ],
                [
                    -0.693047285079956,
                    -0.3733457624912262,
                    -0.6166834235191345,
                    -2.4859304428100586
                ],
                [
                    -1.4901161193847656e-08,
                    0.8554447889328003,
                    -0.5178939700126648,
                    -2.0876972675323486
                ],
                [
                    0.0,
                    0.0,
                    0.0,
                    1.0
                ]
            ]
        },
        {
            "file_path": "/data/shapenet_blender/all_50_random/02958343/1f37a6fbdf7c807e7d439639178556bc/r_8",
            "rotation": 0.12566370614359174,
            "transform_matrix": [
                [
                    -0.35893991589546204,
                    0.4368872344493866,
                    -0.8247978687286377,
                    -3.324866771697998
                ],
                [
                    -0.9333606958389282,
                    -0.16801251471042633,
                    0.3171902298927307,
                    1.278634786605835
                ],
                [
                    0.0,
                    0.8836861252784729,
                    0.46807974576950073,
                    1.886889934539795
                ],
                [
                    0.0,
                    0.0,
                    0.0,
                    1.0
                ]
            ]
        },
        {
            "file_path": "/data/shapenet_blender/all_50_random/02958343/1f37a6fbdf7c807e7d439639178556bc/r_9",
            "rotation": 0.12566370614359174,
            "transform_matrix": [
                [
                    -0.9277622103691101,
                    0.009155948646366596,
                    -0.3730596601963043,
                    -1.5038516521453857
                ],
                [
                    -0.37317201495170593,
                    -0.022763077169656754,
                    0.9274828433990479,
                    3.738802909851074
                ],
                [
                    0.0,
                    0.9996989369392395,
                    0.024535464122891426,
                    0.09890562295913696
                ],
                [
                    0.0,
                    0.0,
                    0.0,
                    1.0
                ]
            ]
        },
        {
            "file_path": "/data/shapenet_blender/all_50_random/02958343/1f37a6fbdf7c807e7d439639178556bc/r_10",
            "rotation": 0.12566370614359174,
            "transform_matrix": [
                [
                    -0.2365856170654297,
                    0.6124482154846191,
                    0.7542773485183716,
                    3.0405893325805664
                ],
                [
                    0.9716106653213501,
                    0.14913013577461243,
                    0.18366530537605286,
                    0.7403784990310669
                ],
                [
                    7.450581485102248e-09,
                    0.7763164639472961,
                    -0.6303432583808899,
                    -2.540994882583618
                ],
                [
                    0.0,
                    0.0,
                    0.0,
                    1.0
                ]
            ]
        },
        {
            "file_path": "/data/shapenet_blender/all_50_random/02958343/1f37a6fbdf7c807e7d439639178556bc/r_11",
            "rotation": 0.12566370614359174,
            "transform_matrix": [
                [
                    -0.5687912702560425,
                    0.16327416896820068,
                    -0.8061128854751587,
                    -3.249545097351074
                ],
                [
                    -0.8224819898605347,
                    -0.11291303485631943,
                    0.5574712157249451,
                    2.2472383975982666
                ],
                [
                    0.0,
                    0.9800980687141418,
                    0.19851399958133698,
                    0.8002355098724365
                ],
                [
                    0.0,
                    0.0,
                    0.0,
                    1.0
                ]
            ]
        },
        {
            "file_path": "/data/shapenet_blender/all_50_random/02958343/1f37a6fbdf7c807e7d439639178556bc/r_12",
            "rotation": 0.12566370614359174,
            "transform_matrix": [
                [
                    -0.9496627449989319,
                    -0.19510532915592194,
                    0.24510128796100616,
                    0.9880349636077881
                ],
                [
                    0.31327423453330994,
                    -0.5914442539215088,
                    0.7430025339126587,
                    2.9951393604278564
                ],
                [
                    -1.4901162970204496e-08,
                    0.7823857665061951,
                    0.622793972492218,
                    2.5105631351470947
                ],
                [
                    0.0,
                    0.0,
                    0.0,
                    1.0
                ]
            ]
        },
        {
            "file_path": "/data/shapenet_blender/all_50_random/02958343/1f37a6fbdf7c807e7d439639178556bc/r_13",
            "rotation": 0.12566370614359174,
            "transform_matrix": [
                [
                    -0.10128898918628693,
                    -0.5278658866882324,
                    -0.8432662487030029,
                    -3.399315118789673
                ],
                [
                    -0.9948570132255554,
                    0.053743403404951096,
                    0.08585513383150101,
                    0.34609314799308777
                ],
                [
                    0.0,
                    0.8476256132125854,
                    -0.5305947065353394,
                    -2.1388959884643555
                ],
                [
                    0.0,
                    0.0,
                    0.0,
                    1.0
                ]
            ]
        },
        {
            "file_path": "/data/shapenet_blender/all_50_random/02958343/1f37a6fbdf7c807e7d439639178556bc/r_14",
            "rotation": 0.12566370614359174,
            "transform_matrix": [
                [
                    -0.3366335332393646,
                    0.7893067598342896,
                    0.5134905576705933,
                    2.069946765899658
                ],
                [
                    0.9416357278823853,
                    0.28217613697052,
                    0.1835722029209137,
                    0.740003228187561
                ],
                [
                    0.0,
                    0.5453175902366638,
                    -0.8382294774055481,
                    -3.3790111541748047
                ],
                [
                    0.0,
                    0.0,
                    0.0,
                    1.0
                ]
            ]
        },
        {
            "file_path": "/data/shapenet_blender/all_50_random/02958343/1f37a6fbdf7c807e7d439639178556bc/r_15",
            "rotation": 0.12566370614359174,
            "transform_matrix": [
                [
                    0.35011452436447144,
                    -0.5385845303535461,
                    -0.7663853168487549,
                    -3.089398145675659
                ],
                [
                    -0.9367069005966187,
                    -0.20130766928195953,
                    -0.28645312786102295,
                    -1.1547294855117798
                ],
                [
                    0.0,
                    0.8181697726249695,
                    -0.5749766230583191,
                    -2.3178048133850098
                ],
                [
                    0.0,
                    0.0,
                    0.0,
                    1.0
                ]
            ]
        },
        {
            "file_path": "/data/shapenet_blender/all_50_random/02958343/1f37a6fbdf7c807e7d439639178556bc/r_16",
            "rotation": 0.12566370614359174,
            "transform_matrix": [
                [
                    -0.9086410403251648,
                    0.11366333067417145,
                    -0.40181103348731995,
                    -1.619752049446106
                ],
                [
                    -0.4175780713558197,
                    -0.247328981757164,
                    0.8743322491645813,
                    3.5245461463928223
                ],
                [
                    7.450580152834618e-09,
                    0.9622416496276855,
                    0.27219656109809875,
                    1.0972594022750854
                ],
                [
                    0.0,
                    0.0,
                    0.0,
                    1.0
                ]
            ]
        },
        {
            "file_path": "/data/shapenet_blender/all_50_random/02958343/1f37a6fbdf7c807e7d439639178556bc/r_17",
            "rotation": 0.12566370614359174,
            "transform_matrix": [
                [
                    -0.7471930980682373,
                    0.3080108165740967,
                    -0.58892422914505,
                    -2.3740293979644775
                ],
                [
                    -0.6646069288253784,
                    -0.34628522396087646,
                    0.6621058583259583,
                    2.669034004211426
                ],
                [
                    1.4901161193847656e-08,
                    0.8861240148544312,
                    0.46344807744026184,
                    1.8682188987731934
                ],
                [
                    0.0,
                    0.0,
                    0.0,
                    1.0
                ]
            ]
        },
        {
            "file_path": "/data/shapenet_blender/all_50_random/02958343/1f37a6fbdf7c807e7d439639178556bc/r_18",
            "rotation": 0.12566370614359174,
            "transform_matrix": [
                [
                    0.9946158528327942,
                    0.01935938186943531,
                    0.10180693864822388,
                    0.410396933555603
                ],
                [
                    0.10363128781318665,
                    -0.18580441176891327,
                    -0.977106511592865,
                    -3.938842535018921
                ],
                [
                    1.862645371275562e-09,
                    0.9823960065841675,
                    -0.1868102103471756,
                    -0.7530561089515686
                ],
                [
                    0.0,
                    0.0,
                    0.0,
                    1.0
                ]
            ]
        },
        {
            "file_path": "/data/shapenet_blender/all_50_random/02958343/1f37a6fbdf7c807e7d439639178556bc/r_19",
            "rotation": 0.12566370614359174,
            "transform_matrix": [
                [
                    -0.7152437567710876,
                    -0.23014776408672333,
                    -0.6598926782608032,
                    -2.6601123809814453
                ],
                [
                    -0.6988750100135803,
                    0.23553819954395294,
                    0.6753484010696411,
                    2.722416400909424
                ],
                [
                    0.0,
                    0.9442212581634521,
                    -0.3293117582798004,
                    -1.327498197555542
                ],
                [
                    0.0,
                    0.0,
                    0.0,
                    1.0
                ]
            ]
        },
        {
            "file_path": "/data/shapenet_blender/all_50_random/02958343/1f37a6fbdf7c807e7d439639178556bc/r_20",
            "rotation": 0.12566370614359174,
            "transform_matrix": [
                [
                    0.7151013612747192,
                    0.12021046131849289,
                    -0.688606858253479,
                    -2.7758631706237793
                ],
                [
                    -0.6990208029747009,
                    0.12297583371400833,
                    -0.704447865486145,
                    -2.8397204875946045
                ],
                [
                    0.0,
                    0.9851022362709045,
                    0.17196975648403168,
                    0.6932322978973389
                ],
                [
                    0.0,
                    0.0,
                    0.0,
                    1.0
                ]
            ]
        },
        {
            "file_path": "/data/shapenet_blender/all_50_random/02958343/1f37a6fbdf7c807e7d439639178556bc/r_21",
            "rotation": 0.12566370614359174,
            "transform_matrix": [
                [
                    -0.06140675023198128,
                    0.9581463932991028,
                    -0.2796154320240021,
                    -1.1271659135818481
                ],
                [
                    -0.9981127977371216,
                    -0.05894790217280388,
                    0.01720273867249489,
                    0.06934645771980286
                ],
                [
                    0.0,
                    0.2801441252231598,
                    0.9599579572677612,
                    3.8697142601013184
                ],
                [
                    0.0,
                    0.0,
                    0.0,
                    1.0
                ]
            ]
        },
        {
            "file_path": "/data/shapenet_blender/all_50_random/02958343/1f37a6fbdf7c807e7d439639178556bc/r_22",
            "rotation": 0.12566370614359174,
            "transform_matrix": [
                [
                    -0.14124009013175964,
                    -0.40094196796417236,
                    0.9051501154899597,
                    3.6487767696380615
                ],
                [
                    0.9899753928184509,
                    -0.05720251426100731,
                    0.1291380524635315,
                    0.5205721259117126
                ],
                [
                    0.0,
                    0.9143158197402954,
                    0.4050019383430481,
                    1.632615089416504
                ],
                [
                    0.0,
                    0.0,
                    0.0,
                    1.0
                ]
            ]
        },
        {
            "file_path": "/data/shapenet_blender/all_50_random/02958343/1f37a6fbdf7c807e7d439639178556bc/r_23",
            "rotation": 0.12566370614359174,
            "transform_matrix": [
                [
                    0.9840441942214966,
                    -0.03101379983127117,
                    0.17519986629486084,
                    0.7062532305717468
                ],
                [
                    0.17792372405529022,
                    0.17152830958366394,
                    -0.9689794778823853,
                    -3.906080961227417
                ],
                [
                    -1.8626448161640496e-09,
                    0.9846909046173096,
                    0.17430955171585083,
                    0.7026642560958862
                ],
                [
                    0.0,
                    0.0,
                    0.0,
                    1.0
                ]
            ]
        },
        {
            "file_path": "/data/shapenet_blender/all_50_random/02958343/1f37a6fbdf7c807e7d439639178556bc/r_24",
            "rotation": 0.12566370614359174,
            "transform_matrix": [
                [
                    -0.6046189069747925,
                    -0.3310839831829071,
                    0.7244442701339722,
                    2.92032790184021
                ],
                [
                    0.7965149283409119,
                    -0.25131934881210327,
                    0.5499114394187927,
                    2.216763734817505
                ],
                [
                    -1.4901161193847656e-08,
                    0.9095174074172974,
                    0.41566580533981323,
                    1.6756021976470947
                ],
                [
                    0.0,
                    0.0,
                    0.0,
                    1.0
                ]
            ]
        },
        {
            "file_path": "/data/shapenet_blender/all_50_random/02958343/1f37a6fbdf7c807e7d439639178556bc/r_25",
            "rotation": 0.12566370614359174,
            "transform_matrix": [
                [
                    0.9184698462486267,
                    0.06532998383045197,
                    -0.3900579512119293,
                    -1.572373867034912
                ],
                [
                    -0.3954911530017853,
                    0.15171925723552704,
                    -0.9058520793914795,
                    -3.651606559753418
                ],
                [
                    0.0,
                    0.9862622618675232,
                    0.16518697142601013,
                    0.6658899784088135
                ],
                [
                    0.0,
                    0.0,
                    0.0,
                    1.0
                ]
            ]
        },
        {
            "file_path": "/data/shapenet_blender/all_50_random/02958343/1f37a6fbdf7c807e7d439639178556bc/r_26",
            "rotation": 0.12566370614359174,
            "transform_matrix": [
                [
                    0.9768044352531433,
                    0.17488358914852142,
                    0.12356649339199066,
                    0.4981124997138977
                ],
                [
                    0.21413302421569824,
                    -0.7977614402770996,
                    -0.5636696815490723,
                    -2.2722253799438477
                ],
                [
                    0.0,
                    0.5770546793937683,
                    -0.8167052865028381,
                    -3.2922446727752686
                ],
                [
                    0.0,
                    0.0,
                    0.0,
                    1.0
                ]
            ]
        },
        {
            "file_path": "/data/shapenet_blender/all_50_random/02958343/1f37a6fbdf7c807e7d439639178556bc/r_27",
            "rotation": 0.12566370614359174,
            "transform_matrix": [
                [
                    0.7133185863494873,
                    -0.3950163722038269,
                    -0.578911542892456,
                    -2.333667278289795
                ],
                [
                    -0.7008399367332458,
                    -0.4020497500896454,
                    -0.5892192125320435,
                    -2.3752188682556152
                ],
                [
                    0.0,
                    0.8260253071784973,
                    -0.5636327862739563,
                    -2.2720766067504883
                ],
                [
                    0.0,
                    0.0,
                    0.0,
                    1.0
                ]
            ]
        },
        {
            "file_path": "/data/shapenet_blender/all_50_random/02958343/1f37a6fbdf7c807e7d439639178556bc/r_28",
            "rotation": 0.12566370614359174,
            "transform_matrix": [
                [
                    -0.9288240075111389,
                    0.3308524191379547,
                    -0.16680164635181427,
                    -0.6723989248275757
                ],
                [
                    -0.3705214262008667,
                    -0.8293815851211548,
                    0.4181387722492218,
                    1.685571312904358
                ],
                [
                    1.4901162970204496e-08,
                    0.45018085837364197,
                    0.8929373621940613,
                    3.59954571723938
                ],
                [
                    0.0,
                    0.0,
                    0.0,
                    1.0
                ]
            ]
        },
        {
            "file_path": "/data/shapenet_blender/all_50_random/02958343/1f37a6fbdf7c807e7d439639178556bc/r_29",
            "rotation": 0.12566370614359174,
            "transform_matrix": [
                [
                    -0.1858784258365631,
                    0.7984394431114197,
                    0.5726637244224548,
                    2.308481216430664
                ],
                [
                    0.9825727939605713,
                    0.15104496479034424,
                    0.1083337813615799,
                    0.43670743703842163
                ],
                [
                    -7.450580596923828e-09,
                    0.58282071352005,
                    -0.8126007914543152,
                    -3.275698661804199
                ],
                [
                    0.0,
                    0.0,
                    0.0,
                    1.0
                ]
            ]
        },
        {
            "file_path": "/data/shapenet_blender/all_50_random/02958343/1f37a6fbdf7c807e7d439639178556bc/r_30",
            "rotation": 0.12566370614359174,
            "transform_matrix": [
                [
                    -0.19787457585334778,
                    0.4365418255329132,
                    -0.8776541948318481,
                    -3.5379371643066406
                ],
                [
                    -0.9802274107933044,
                    -0.08812294900417328,
                    0.17716853320598602,
                    0.7141892313957214
                ],
                [
                    0.0,
                    0.8953577280044556,
                    0.4453476071357727,
                    1.7952536344528198
                ],
                [
                    0.0,
                    0.0,
                    0.0,
                    1.0
                ]
            ]
        },
        {
            "file_path": "/data/shapenet_blender/all_50_random/02958343/1f37a6fbdf7c807e7d439639178556bc/r_31",
            "rotation": 0.12566370614359174,
            "transform_matrix": [
                [
                    -0.8855733275413513,
                    0.0050169541500508785,
                    0.4644725024700165,
                    1.8723485469818115
                ],
                [
                    0.4644995629787445,
                    0.009564876556396484,
                    0.8855217099189758,
                    3.5696520805358887
                ],
                [
                    0.0,
                    0.9999417662620544,
                    -0.010800772346556187,
                    -0.04353930428624153
                ],
                [
                    0.0,
                    0.0,
                    0.0,
                    1.0
                ]
            ]
        },
        {
            "file_path": "/data/shapenet_blender/all_50_random/02958343/1f37a6fbdf7c807e7d439639178556bc/r_32",
            "rotation": 0.12566370614359174,
            "transform_matrix": [
                [
                    0.7588817477226257,
                    -0.5646225810050964,
                    0.32449936866760254,
                    1.3080987930297852
                ],
                [
                    0.6512284278869629,
                    0.6579592227935791,
                    -0.3781416714191437,
                    -1.524337887763977
                ],
                [
                    -2.9802322387695312e-08,
                    0.49828797578811646,
                    0.8670114874839783,
                    3.495035171508789
                ],
                [
                    0.0,
                    0.0,
                    0.0,
                    1.0
                ]
            ]
        },
        {
            "file_path": "/data/shapenet_blender/all_50_random/02958343/1f37a6fbdf7c807e7d439639178556bc/r_33",
            "rotation": 0.12566370614359174,
            "transform_matrix": [
                [
                    0.7959145903587341,
                    0.15911142528057098,
                    -0.5841264128684998,
                    -2.354688882827759
                ],
                [
                    -0.6054090857505798,
                    0.2091793715953827,
                    -0.7679347991943359,
                    -3.095644235610962
                ],
                [
                    -7.450581485102248e-09,
                    0.9648458361625671,
                    0.2628163695335388,
                    1.0594466924667358
                ],
                [
                    0.0,
                    0.0,
                    0.0,
                    1.0
                ]
            ]
        },
        {
            "file_path": "/data/shapenet_blender/all_50_random/02958343/1f37a6fbdf7c807e7d439639178556bc/r_34",
            "rotation": 0.12566370614359174,
            "transform_matrix": [
                [
                    -0.038094282150268555,
                    0.2935543954372406,
                    0.9551829695701599,
                    3.850466012954712
                ],
                [
                    0.9992741346359253,
                    0.0111908670514822,
                    0.036413438618183136,
                    0.14678728580474854
                ],
                [
                    -9.313225746154785e-10,
                    0.955876886844635,
                    -0.2937676012516022,
                    -1.1842151880264282
                ],
                [
                    0.0,
                    0.0,
                    0.0,
                    1.0
                ]
            ]
        },
        {
            "file_path": "/data/shapenet_blender/all_50_random/02958343/1f37a6fbdf7c807e7d439639178556bc/r_35",
            "rotation": 0.12566370614359174,
            "transform_matrix": [
                [
                    0.8121929168701172,
                    -0.12355668097734451,
                    -0.5701547861099243,
                    -2.298367500305176
                ],
                [
                    -0.5833890438079834,
                    -0.17201533913612366,
                    -0.7937681674957275,
                    -3.199781894683838
                ],
                [
                    -7.450581485102248e-09,
                    0.9773148894309998,
                    -0.2117912322282791,
                    -0.8537577390670776
                ],
                [
                    0.0,
                    0.0,
                    0.0,
                    1.0
                ]
            ]
        },
        {
            "file_path": "/data/shapenet_blender/all_50_random/02958343/1f37a6fbdf7c807e7d439639178556bc/r_36",
            "rotation": 0.12566370614359174,
            "transform_matrix": [
                [
                    -0.738178014755249,
                    -0.018004313111305237,
                    0.6743656396865845,
                    2.7184550762176514
                ],
                [
                    0.6746060252189636,
                    -0.01970096491277218,
                    0.7379150390625,
                    2.974630832672119
                ],
                [
                    9.313225746154785e-10,
                    0.9996437430381775,
                    0.02668864093720913,
                    0.1075853630900383
                ],
                [
                    0.0,
                    0.0,
                    0.0,
                    1.0
                ]
            ]
        },
        {
            "file_path": "/data/shapenet_blender/all_50_random/02958343/1f37a6fbdf7c807e7d439639178556bc/r_37",
            "rotation": 0.12566370614359174,
            "transform_matrix": [
                [
                    0.8423469662666321,
                    0.39510437846183777,
                    -0.36652979254722595,
                    -1.4775288105010986
                ],
                [
                    -0.5389356017112732,
                    0.6175412535667419,
                    -0.5728796720504761,
                    -2.309351921081543
                ],
                [
                    0.0,
                    0.680099368095398,
                    0.7331199049949646,
                    2.955300807952881
                ],
                [
                    0.0,
                    0.0,
                    0.0,
                    1.0
                ]
            ]
        },
        {
            "file_path": "/data/shapenet_blender/all_50_random/02958343/1f37a6fbdf7c807e7d439639178556bc/r_38",
            "rotation": 0.12566370614359174,
            "transform_matrix": [
                [
                    -0.06512535363435745,
                    -0.06395459920167923,
                    -0.9958255887031555,
                    -4.014301300048828
                ],
                [
                    -0.9978770613670349,
                    0.004173926543444395,
                    0.06499145925045013,
                    0.26198893785476685
                ],
                [
                    0.0,
                    0.9979440569877625,
                    -0.06409066915512085,
                    -0.2583577632904053
                ],
                [
                    0.0,
                    0.0,
                    0.0,
                    1.0
                ]
            ]
        },
        {
            "file_path": "/data/shapenet_blender/all_50_random/02958343/1f37a6fbdf7c807e7d439639178556bc/r_39",
            "rotation": 0.12566370614359174,
            "transform_matrix": [
                [
                    -0.5641230940818787,
                    -0.036873333156108856,
                    0.8248670101165771,
                    3.3251447677612305
                ],
                [
                    0.825690746307373,
                    -0.02519235946238041,
                    0.5635603070259094,
                    2.2717840671539307
                ],
                [
                    -1.862645149230957e-09,
                    0.9990022778511047,
                    0.04465756192803383,
                    0.18002036213874817
                ],
                [
                    0.0,
                    0.0,
                    0.0,
                    1.0
                ]
            ]
        },
        {
            "file_path": "/data/shapenet_blender/all_50_random/02958343/1f37a6fbdf7c807e7d439639178556bc/r_40",
            "rotation": 0.12566370614359174,
            "transform_matrix": [
                [
                    -0.07613657414913177,
                    -0.08373051881790161,
                    -0.9935756325721741,
                    -4.005230903625488
                ],
                [
                    -0.997097373008728,
                    0.0063935136422514915,
                    0.0758676677942276,
                    0.3058323264122009
                ],
                [
                    4.656612040410124e-10,
                    0.9964679479598999,
                    -0.08397426456212997,
                    -0.33851104974746704
                ],
                [
                    0.0,
                    0.0,
                    0.0,
                    1.0
                ]
            ]
        },
        {
            "file_path": "/data/shapenet_blender/all_50_random/02958343/1f37a6fbdf7c807e7d439639178556bc/r_41",
            "rotation": 0.12566370614359174,
            "transform_matrix": [
                [
                    0.8708362579345703,
                    0.028009913861751556,
                    0.490774542093277,
                    1.9783755540847778
                ],
                [
                    0.4915732145309448,
                    -0.0496203787624836,
                    -0.8694213628768921,
                    -3.5047497749328613
                ],
                [
