{
    "class": "02958343",
    "model": "b12bcd0ba039b8d09362b924f11fb193",
    "remove_doubles": true,
    "edge_split": true,
    "denoise": true,
    "camera_angle_x": 0.6911112070083618,
    "scale_factor": 2.3238493097936446,
    "hdri_file": "/data/IndoorHDRDataset2018/AG8A6298-558dbd3434.exr",
    "center_offset": [
        0.0,
        0.0,
        1.57160684466362e-09
    ],
    "lights": [],
    "frames": [
        {
            "file_path": "/data/shapenet_blender/all_50_random/02958343/b12bcd0ba039b8d09362b924f11fb193/r_0",
            "rotation": 0.12566370614359174,
            "transform_matrix": [
                [
                    0.6634446382522583,
                    0.5212512016296387,
                    0.5367850065231323,
                    2.1638498306274414
                ],
                [
                    0.7482253313064575,
                    -0.4621887505054474,
                    -0.47596243023872375,
                    -1.9186660051345825
                ],
                [
                    0.0,
                    0.7174108624458313,
                    -0.6966500878334045,
                    -2.808286666870117
                ],
                [
                    0.0,
                    0.0,
                    0.0,
                    1.0
                ]
            ]
        },
        {
            "file_path": "/data/shapenet_blender/all_50_random/02958343/b12bcd0ba039b8d09362b924f11fb193/r_1",
            "rotation": 0.12566370614359174,
            "transform_matrix": [
                [
                    0.9558696150779724,
                    0.13284015655517578,
                    -0.2620435357093811,
                    -1.0563312768936157
                ],
                [
                    -0.2937912940979004,
                    0.43220433592796326,
                    -0.8525761365890503,
                    -3.4368441104888916
                ],
                [
                    7.450580152834618e-09,
                    0.8919376730918884,
                    0.45215827226638794,
                    1.822708249092102
                ],
                [
                    0.0,
                    0.0,
                    0.0,
                    1.0
                ]
            ]
        },
        {
            "file_path": "/data/shapenet_blender/all_50_random/02958343/b12bcd0ba039b8d09362b924f11fb193/r_2",
            "rotation": 0.12566370614359174,
            "transform_matrix": [
                [
                    -0.954623818397522,
                    0.13687627017498016,
                    0.264496386051178,
                    1.0662190914154053
                ],
                [
                    0.2978144884109497,
                    0.43874746561050415,
                    0.8478249311447144,
                    3.417691707611084
                ],
                [
                    0.0,
                    0.8881246447563171,
                    -0.4596025347709656,
                    -1.8527170419692993
                ],
                [
                    0.0,
                    0.0,
                    0.0,
                    1.0
                ]
            ]
        },
        {
            "file_path": "/data/shapenet_blender/all_50_random/02958343/b12bcd0ba039b8d09362b924f11fb193/r_3",
            "rotation": 0.12566370614359174,
            "transform_matrix": [
                [
                    -0.9970189332962036,
                    0.016677336767315865,
                    -0.07533300668001175,
                    -0.3036770522594452
                ],
                [
                    -0.07715695351362228,
                    -0.21550384163856506,
                    0.9734499454498291,
                    3.924102306365967
                ],
                [
                    0.0,
                    0.976360559463501,
                    0.21614818274974823,
                    0.8713212013244629
                ],
                [
                    0.0,
                    0.0,
                    0.0,
                    1.0
                ]
            ]
        },
        {
            "file_path": "/data/shapenet_blender/all_50_random/02958343/b12bcd0ba039b8d09362b924f11fb193/r_4",
            "rotation": 0.12566370614359174,
            "transform_matrix": [
                [
                    0.9906038641929626,
                    0.07211525738239288,
                    -0.11620483547449112,
                    -0.46843668818473816
                ],
                [
                    -0.13676322996616364,
                    0.5223454833030701,
                    -0.8416953086853027,
                    -3.392982244491577
                ],
                [
                    0.0,
                    0.8496789932250977,
                    0.5273001790046692,
                    2.125615119934082
                ],
                [
                    0.0,
                    0.0,
                    0.0,
                    1.0
                ]
            ]
        },
        {
            "file_path": "/data/shapenet_blender/all_50_random/02958343/b12bcd0ba039b8d09362b924f11fb193/r_5",
            "rotation": 0.12566370614359174,
            "transform_matrix": [
                [
                    0.2559133470058441,
                    0.7395971417427063,
                    0.6224985122680664,
                    2.509371757507324
                ],
                [
                    0.9666997790336609,
                    -0.19579271972179413,
                    -0.16479334235191345,
                    -0.664303183555603
                ],
                [
                    -7.450580596923828e-09,
                    0.6439418792724609,
                    -0.7650743722915649,
                    -3.084113359451294
                ],
                [
                    0.0,
                    0.0,
                    0.0,
                    1.0
                ]
            ]
        },
        {
            "file_path": "/data/shapenet_blender/all_50_random/02958343/b12bcd0ba039b8d09362b924f11fb193/r_6",
            "rotation": 0.12566370614359174,
            "transform_matrix": [
                [
                    0.7090839147567749,
                    -0.42209896445274353,
                    -0.5648296475410461,
                    -2.2769012451171875
                ],
                [
                    -0.7051241397857666,
                    -0.42446935176849365,
                    -0.5680015683174133,
                    -2.2896876335144043
                ],
                [
                    0.0,
                    0.8010358214378357,
                    -0.5986164212226868,
                    -2.413100004196167
                ],
                [
                    0.0,
                    0.0,
                    0.0,
                    1.0
                ]
            ]
        },
        {
            "file_path": "/data/shapenet_blender/all_50_random/02958343/b12bcd0ba039b8d09362b924f11fb193/r_7",
            "rotation": 0.12566370614359174,
            "transform_matrix": [
                [
                    0.7181962132453918,
                    -0.2856675088405609,
                    -0.6344984769821167,
                    -2.5577452182769775
                ],
                [
                    -0.6958406567573547,
                    -0.29484525322914124,
                    -0.6548832654953003,
                    -2.639918804168701
                ],
                [
                    1.4901161193847656e-08,
                    0.9118444919586182,
                    -0.4105357527732849,
                    -1.654922604560852
                ],
                [
                    0.0,
                    0.0,
                    0.0,
                    1.0
                ]
            ]
        },
        {
            "file_path": "/data/shapenet_blender/all_50_random/02958343/b12bcd0ba039b8d09362b924f11fb193/r_8",
            "rotation": 0.12566370614359174,
            "transform_matrix": [
                [
                    0.04781670868396759,
                    -0.5188007950782776,
                    -0.853556752204895,
                    -3.4407975673675537
                ],
                [
                    -0.9988561868667603,
                    -0.024835752323269844,
                    -0.04086100682616234,
                    -0.16471600532531738
                ],
                [
                    0.0,
                    0.8545342087745667,
                    -0.5193949341773987,
                    -2.093748092651367
                ],
                [
                    0.0,
                    0.0,
                    0.0,
                    1.0
                ]
            ]
        },
        {
            "file_path": "/data/shapenet_blender/all_50_random/02958343/b12bcd0ba039b8d09362b924f11fb193/r_9",
            "rotation": 0.12566370614359174,
            "transform_matrix": [
                [
                    0.7972937822341919,
                    -0.16164074838161469,
                    -0.5815452933311462,
                    -2.3442842960357666
                ],
                [
                    -0.6035915613174438,
                    -0.21351385116577148,
                    -0.7681725025177002,
                    -3.09660267829895
                ],
                [
                    0.0,
                    0.9634749889373779,
                    -0.26779818534851074,
                    -1.0795291662216187
                ],
                [
                    0.0,
                    0.0,
                    0.0,
                    1.0
                ]
            ]
        },
        {
            "file_path": "/data/shapenet_blender/all_50_random/02958343/b12bcd0ba039b8d09362b924f11fb193/r_10",
            "rotation": 0.12566370614359174,
            "transform_matrix": [
                [
                    0.9996318817138672,
                    0.0026438829954713583,
                    0.027003001421689987,
                    0.1088525652885437
                ],
                [
                    0.027132121846079826,
                    -0.09740889072418213,
                    -0.9948746562004089,
                    -4.010467529296875
                ],
                [
                    2.3283062977608182e-10,
                    0.9952408671379089,
                    -0.09744478017091751,
                    -0.39281243085861206
                ],
                [
                    0.0,
                    0.0,
                    0.0,
                    1.0
                ]
            ]
        },
        {
            "file_path": "/data/shapenet_blender/all_50_random/02958343/b12bcd0ba039b8d09362b924f11fb193/r_11",
            "rotation": 0.12566370614359174,
            "transform_matrix": [
                [
                    0.9801427721977234,
                    0.1743680238723755,
                    0.09442360699176788,
                    0.38063374161720276
                ],
                [
                    0.1982927769422531,
                    -0.8618848919868469,
                    -0.4667271077632904,
                    -1.8814371824264526
                ],
                [
                    0.0,
                    0.4761826694011688,
                    -0.8793463110923767,
                    -3.5447583198547363
                ],
                [
                    0.0,
                    0.0,
                    0.0,
                    1.0
                ]
            ]
        },
        {
            "file_path": "/data/shapenet_blender/all_50_random/02958343/b12bcd0ba039b8d09362b924f11fb193/r_12",
            "rotation": 0.12566370614359174,
            "transform_matrix": [
                [
                    0.9766443371772766,
                    0.05797853693366051,
                    0.2068917155265808,
                    0.834007203578949
                ],
                [
                    0.21486203372478485,
                    -0.2635384798049927,
                    -0.9404157400131226,
                    -3.7909371852874756
                ],
                [
                    0.0,
                    0.9629049301147461,
                    -0.2698407769203186,
                    -1.0877629518508911
                ],
                [
                    0.0,
                    0.0,
                    0.0,
                    1.0
                ]
            ]
        },
        {
            "file_path": "/data/shapenet_blender/all_50_random/02958343/b12bcd0ba039b8d09362b924f11fb193/r_13",
            "rotation": 0.12566370614359174,
            "transform_matrix": [
                [
                    -0.9720838665962219,
                    0.03306945785880089,
                    0.23229160904884338,
                    0.9363974928855896
                ],
                [
                    0.23463371396064758,
                    0.1370062381029129,
                    0.9623805284500122,
                    3.8794801235198975
                ],
                [
                    3.725290298461914e-09,
                    0.9900179505348206,
                    -0.14094078540802002,
                    -0.568150520324707
                ],
                [
                    0.0,
                    0.0,
                    0.0,
                    1.0
                ]
            ]
        },
        {
            "file_path": "/data/shapenet_blender/all_50_random/02958343/b12bcd0ba039b8d09362b924f11fb193/r_14",
            "rotation": 0.12566370614359174,
            "transform_matrix": [
                [
                    0.8838271498680115,
                    0.22160781919956207,
                    0.41199466586112976,
                    1.6608036756515503
                ],
                [
                    0.4678136706352234,
                    -0.4186773896217346,
                    -0.7783698439598083,
                    -3.137709140777588
                ],
                [
                    0.0,
                    0.880681037902832,
                    -0.4737096130847931,
                    -1.9095845222473145
                ],
                [
                    0.0,
                    0.0,
                    0.0,
                    1.0
                ]
            ]
        },
        {
            "file_path": "/data/shapenet_blender/all_50_random/02958343/b12bcd0ba039b8d09362b924f11fb193/r_15",
            "rotation": 0.12566370614359174,
            "transform_matrix": [
                [
                    0.8592163324356079,
                    -0.23391596972942352,
                    0.4550062417984009,
                    1.8341889381408691
                ],
                [
                    0.511612594127655,
                    0.39284494519233704,
                    -0.764150083065033,
                    -3.080387830734253
                ],
                [
                    1.4901162970204496e-08,
                    0.8893571496009827,
                    0.45721307396888733,
                    1.8430849313735962
                ],
                [
                    0.0,
                    0.0,
                    0.0,
                    1.0
                ]
            ]
        },
        {
            "file_path": "/data/shapenet_blender/all_50_random/02958343/b12bcd0ba039b8d09362b924f11fb193/r_16",
            "rotation": 0.12566370614359174,
            "transform_matrix": [
                [
                    0.8320438861846924,
                    0.08720884472131729,
                    0.5478118062019348,
                    2.2083001136779785
                ],
                [
                    0.5547100305557251,
                    -0.13080994784832,
                    -0.8216968178749084,
                    -3.312365770339966
                ],
                [
                    7.450581485102248e-09,
                    0.9875642657279968,
                    -0.15721525251865387,
                    -0.6337549686431885
                ],
                [
                    0.0,
                    0.0,
                    0.0,
                    1.0
                ]
            ]
        },
        {
            "file_path": "/data/shapenet_blender/all_50_random/02958343/b12bcd0ba039b8d09362b924f11fb193/r_17",
            "rotation": 0.12566370614359174,
            "transform_matrix": [
                [
                    -0.9065247178077698,
                    0.04971328377723694,
                    -0.41921547055244446,
                    -1.6899117231369019
                ],
                [
                    -0.42215290665626526,
                    -0.10675355046987534,
                    0.9002169370651245,
                    3.6288907527923584
                ],
                [
                    0.0,
                    0.9930419325828552,
                    0.11776132136583328,
                    0.4747110903263092
                ],
                [
                    0.0,
                    0.0,
                    0.0,
                    1.0
                ]
            ]
        },
        {
            "file_path": "/data/shapenet_blender/all_50_random/02958343/b12bcd0ba039b8d09362b924f11fb193/r_18",
            "rotation": 0.12566370614359174,
            "transform_matrix": [
                [
                    0.6055002212524414,
                    0.7631177306175232,
                    0.2258775234222412,
                    0.9105415344238281
                ],
                [
                    0.7958451509475708,
                    -0.580600380897522,
                    -0.1718536764383316,
                    -0.692764401435852
                ],
                [
                    0.0,
                    0.2838209867477417,
                    -0.9588771462440491,
                    -3.8653578758239746
                ],
                [
                    0.0,
                    0.0,
                    0.0,
                    1.0
                ]
            ]
        },
        {
            "file_path": "/data/shapenet_blender/all_50_random/02958343/b12bcd0ba039b8d09362b924f11fb193/r_19",
            "rotation": 0.12566370614359174,
            "transform_matrix": [
                [
                    0.9774098992347717,
                    0.14807072281837463,
                    0.150814026594162,
                    0.6079508066177368
                ],
                [
                    0.21135234832763672,
                    -0.6847607493400574,
                    -0.6974472999572754,
                    -2.811500072479248
                ],
                [
                    0.0,
                    0.7135668992996216,
                    -0.7005870938301086,
                    -2.8241569995880127
                ],
                [
                    0.0,
                    0.0,
                    0.0,
                    1.0
                ]
            ]
        },
        {
            "file_path": "/data/shapenet_blender/all_50_random/02958343/b12bcd0ba039b8d09362b924f11fb193/r_20",
            "rotation": 0.12566370614359174,
            "transform_matrix": [
                [
                    0.8168964982032776,
                    -0.07391536235809326,
                    0.5720285177230835,
                    2.3059206008911133
                ],
                [
                    0.5767843127250671,
                    0.104685939848423,
                    -0.8101609349250793,
                    -3.2658631801605225
                ],
                [
                    -3.725290298461914e-09,
                    0.9917547106742859,
                    0.1281507909297943,
                    0.5165923833847046
                ],
                [
                    0.0,
                    0.0,
                    0.0,
                    1.0
                ]
            ]
        },
        {
            "file_path": "/data/shapenet_blender/all_50_random/02958343/b12bcd0ba039b8d09362b924f11fb193/r_21",
            "rotation": 0.12566370614359174,
            "transform_matrix": [
                [
                    -0.6792779564857483,
                    0.00037068218807689846,
                    -0.733880877494812,
                    -2.9583687782287598
                ],
                [
                    -0.7338809967041016,
                    -0.00034310223418287933,
                    0.6792778372764587,
                    2.7382566928863525
                ],
                [
                    2.9103828722010228e-11,
                    0.9999998211860657,
                    0.0005050983745604753,
                    0.0020361170172691345
                ],
                [
                    0.0,
                    0.0,
                    0.0,
                    1.0
                ]
            ]
        },
        {
            "file_path": "/data/shapenet_blender/all_50_random/02958343/b12bcd0ba039b8d09362b924f11fb193/r_22",
            "rotation": 0.12566370614359174,
            "transform_matrix": [
                [
                    0.16053809225559235,
                    0.27535685896873474,
                    -0.9478428363800049,
                    -3.8208768367767334
                ],
                [
                    -0.9870297312736511,
                    0.044786155223846436,
                    -0.15416443347930908,
                    -0.6214567422866821
                ],
                [
                    0.0,
                    0.9602981805801392,
                    0.2789752781391144,
                    1.1245853900909424
                ],
                [
                    0.0,
                    0.0,
                    0.0,
                    1.0
                ]
            ]
        },
        {
            "file_path": "/data/shapenet_blender/all_50_random/02958343/b12bcd0ba039b8d09362b924f11fb193/r_23",
            "rotation": 0.12566370614359174,
            "transform_matrix": [
                [
                    -0.6154496669769287,
                    0.6093894243240356,
                    0.49986621737480164,
                    2.0150251388549805
                ],
                [
                    0.7881762385368347,
                    0.4758434593677521,
                    0.3903219699859619,
                    1.5734381675720215
                ],
                [
                    1.4901161193847656e-08,
                    0.6342061161994934,
                    -0.7731639742851257,
                    -3.1167237758636475
                ],
                [
                    0.0,
                    0.0,
                    0.0,
                    1.0
                ]
            ]
        },
        {
            "file_path": "/data/shapenet_blender/all_50_random/02958343/b12bcd0ba039b8d09362b924f11fb193/r_24",
            "rotation": 0.12566370614359174,
            "transform_matrix": [
                [
                    0.9865606427192688,
                    -0.09448696672916412,
                    0.13330557942390442,
                    0.5373719930648804
                ],
                [
                    0.1633957326412201,
                    0.5704991221427917,
                    -0.8048804998397827,
                    -3.244577169418335
                ],
                [
                    0.0,
                    0.8158448934555054,
                    0.578270673751831,
                    2.3310835361480713
                ],
                [
                    0.0,
                    0.0,
                    0.0,
                    1.0
                ]
            ]
        },
        {
            "file_path": "/data/shapenet_blender/all_50_random/02958343/b12bcd0ba039b8d09362b924f11fb193/r_25",
            "rotation": 0.12566370614359174,
            "transform_matrix": [
                [
                    -0.7207579016685486,
                    0.11186235398054123,
                    -0.684101402759552,
                    -2.7577011585235596
                ],
                [
                    -0.6931868195533752,
                    -0.11631160229444504,
                    0.7113111019134521,
                    2.867387056350708
                ],
                [
                    0.0,
                    0.9868932962417603,
                    0.16137400269508362,
                    0.6505194902420044
                ],
                [
                    0.0,
                    0.0,
                    0.0,
                    1.0
                ]
            ]
        },
        {
            "file_path": "/data/shapenet_blender/all_50_random/02958343/b12bcd0ba039b8d09362b924f11fb193/r_26",
            "rotation": 0.12566370614359174,
            "transform_matrix": [
                [
                    0.9991216063499451,
                    0.013236545957624912,
                    0.039759937673807144,
                    0.16027745604515076
                ],
                [
                    0.04190536215901375,
                    -0.31559014320373535,
                    -0.9479697346687317,
                    -3.8213884830474854
                ],
                [
                    0.0,
                    0.9488033056259155,
                    -0.3158675730228424,
                    -1.2733030319213867
                ],
                [
                    0.0,
                    0.0,
                    0.0,
                    1.0
                ]
            ]
        },
        {
            "file_path": "/data/shapenet_blender/all_50_random/02958343/b12bcd0ba039b8d09362b924f11fb193/r_27",
            "rotation": 0.12566370614359174,
            "transform_matrix": [
                [
                    -0.48708653450012207,
                    0.5915108323097229,
                    0.6425431370735168,
                    2.5901741981506348
                ],
                [
                    0.8733537197113037,
                    0.3298972249031067,
                    0.3583589196205139,
                    1.4445910453796387
                ],
                [
                    -2.9802322387695312e-08,
                    0.7357192039489746,
                    -0.677286684513092,
                    -2.7302298545837402
                ],
                [
                    0.0,
                    0.0,
                    0.0,
                    1.0
                ]
            ]
        },
        {
            "file_path": "/data/shapenet_blender/all_50_random/02958343/b12bcd0ba039b8d09362b924f11fb193/r_28",
            "rotation": 0.12566370614359174,
            "transform_matrix": [
                [
                    0.8581121563911438,
                    -0.15893010795116425,
                    -0.48824673891067505,
                    -1.968185544013977
                ],
                [
                    -0.5134624242782593,
                    -0.2656082212924957,
                    -0.8159709572792053,
                    -3.2892842292785645
                ],
                [
                    0.0,
                    0.9508909583091736,
                    -0.309526264667511,
                    -1.2477402687072754
                ],
                [
                    0.0,
                    0.0,
                    0.0,
                    1.0
                ]
            ]
        },
        {
            "file_path": "/data/shapenet_blender/all_50_random/02958343/b12bcd0ba039b8d09362b924f11fb193/r_29",
            "rotation": 0.12566370614359174,
            "transform_matrix": [
                [
                    -0.9229092597961426,
                    -0.14774426817893982,
                    -0.35554197430610657,
                    -1.4332356452941895
                ],
                [
                    -0.3850175440311432,
                    0.35415154695510864,
                    0.8522546887397766,
                    3.435548782348633
                ],
                [
                    0.0,
                    0.923443615436554,
                    -0.3837338984012604,
                    -1.5468809604644775
                ],
                [
                    0.0,
                    0.0,
                    0.0,
                    1.0
                ]
            ]
        },
        {
            "file_path": "/data/shapenet_blender/all_50_random/02958343/b12bcd0ba039b8d09362b924f11fb193/r_30",
            "rotation": 0.12566370614359174,
            "transform_matrix": [
                [
                    -0.9999377727508545,
                    0.005788557697087526,
                    -0.009537369944155216,
                    -0.03844636678695679
                ],
                [
                    -0.01115655992180109,
                    -0.5188156366348267,
                    0.8548133969306946,
                    3.4458630084991455
                ],
                [
                    0.0,
                    0.854866623878479,
                    0.5188478827476501,
                    2.0915427207946777
                ],
                [
                    0.0,
                    0.0,
                    0.0,
                    1.0
                ]
            ]
        },
        {
            "file_path": "/data/shapenet_blender/all_50_random/02958343/b12bcd0ba039b8d09362b924f11fb193/r_31",
            "rotation": 0.12566370614359174,
            "transform_matrix": [
                [
                    -0.5844005942344666,
                    0.7410246133804321,
                    0.33069372177124023,
                    1.333069086074829
                ],
                [
                    0.8114652037620544,
                    0.5336707234382629,
                    0.23815885186195374,
                    0.960049033164978
                ],
                [
                    1.4901161193847656e-08,
                    0.40752658247947693,
                    -0.9131932854652405,
                    -3.681199789047241
                ],
                [
                    0.0,
                    0.0,
                    0.0,
                    1.0
                ]
            ]
        },
        {
            "file_path": "/data/shapenet_blender/all_50_random/02958343/b12bcd0ba039b8d09362b924f11fb193/r_32",
            "rotation": 0.12566370614359174,
            "transform_matrix": [
                [
                    0.26066479086875916,
                    -0.02470286935567856,
                    -0.9651132822036743,
                    -3.890496015548706
                ],
                [
                    -0.9654293656349182,
                    -0.006669745780527592,
                    -0.2605794668197632,
                    -1.0504294633865356
                ],
                [
                    0.0,
                    0.999672532081604,
                    -0.02558744326233864,
                    -0.10314628481864929
                ],
                [
                    0.0,
                    0.0,
                    0.0,
                    1.0
                ]
            ]
        },
        {
            "file_path": "/data/shapenet_blender/all_50_random/02958343/b12bcd0ba039b8d09362b924f11fb193/r_33",
            "rotation": 0.12566370614359174,
            "transform_matrix": [
                [
                    0.23508301377296448,
                    -0.6098936200141907,
                    0.7568127512931824,
                    3.0508100986480713
                ],
                [
                    0.9719753861427307,
                    0.14750953018665314,
                    -0.18304355442523956,
                    -0.7378722429275513
                ],
                [
                    0.0,
                    0.7786337733268738,
                    0.6274784803390503,
                    2.529446840286255
                ],
                [
                    0.0,
                    0.0,
                    0.0,
                    1.0
                ]
            ]
        },
        {
            "file_path": "/data/shapenet_blender/all_50_random/02958343/b12bcd0ba039b8d09362b924f11fb193/r_34",
            "rotation": 0.12566370614359174,
            "transform_matrix": [
                [
                    0.28336191177368164,
                    0.43662360310554504,
                    -0.8538534641265869,
                    -3.441993474960327
                ],
                [
                    -0.959013044834137,
                    0.12901024520397186,
                    -0.25229018926620483,
                    -1.0170142650604248
                ],
                [
                    0.0,
                    0.8903459906578064,
                    0.45528435707092285,
                    1.8353099822998047
                ],
                [
                    0.0,
                    0.0,
                    0.0,
                    1.0
                ]
            ]
        },
        {
            "file_path": "/data/shapenet_blender/all_50_random/02958343/b12bcd0ba039b8d09362b924f11fb193/r_35",
            "rotation": 0.12566370614359174,
            "transform_matrix": [
                [
                    0.9733511805534363,
                    -0.011827153153717518,
                    -0.22901418805122375,
                    -0.9231857657432556
                ],
                [
                    -0.22931937873363495,
                    -0.05020061135292053,
                    -0.9720557332038879,
                    -3.9184823036193848
                ],
                [
                    0.0,
                    0.9986691474914551,
                    -0.05157501623034477,
                    -0.20790556073188782
                ],
                [
                    0.0,
                    0.0,
                    0.0,
                    1.0
                ]
            ]
        },
        {
            "file_path": "/data/shapenet_blender/all_50_random/02958343/b12bcd0ba039b8d09362b924f11fb193/r_36",
            "rotation": 0.12566370614359174,
            "transform_matrix": [
                [
                    0.7821512818336487,
                    -0.15938054025173187,
                    0.6023597121238708,
                    2.428189277648926
                ],
                [
                    0.623088538646698,
                    0.200067400932312,
                    -0.7561308145523071,
                    -3.048060417175293
                ],
                [
                    -7.4505797087454084e-09,
                    0.9667320847511292,
                    0.25579118728637695,
                    1.0311270952224731
                ],
                [
                    0.0,
                    0.0,
                    0.0,
                    1.0
                ]
            ]
        },
        {
            "file_path": "/data/shapenet_blender/all_50_random/02958343/b12bcd0ba039b8d09362b924f11fb193/r_37",
            "rotation": 0.12566370614359174,
            "transform_matrix": [
                [
                    0.8354214429855347,
                    0.004530905280262232,
                    0.549591064453125,
                    2.215472459793091
                ],
                [
                    0.5496096611022949,
                    -0.006887097377330065,
                    -0.8353931903839111,
                    -3.36757755279541
                ],
                [
                    -2.328306020205062e-10,
                    0.999966025352478,
                    -0.008243859745562077,
                    -0.03323206305503845
                ],
                [
                    0.0,
                    0.0,
                    0.0,
                    1.0
                ]
            ]
        },
        {
            "file_path": "/data/shapenet_blender/all_50_random/02958343/b12bcd0ba039b8d09362b924f11fb193/r_38",
            "rotation": 0.12566370614359174,
            "transform_matrix": [
                [
                    0.36238306760787964,
                    -0.2597545087337494,
                    0.8951011896133423,
                    3.6082682609558105
                ],
                [
                    0.9320293068885803,
                    0.10099536180496216,
                    -0.34802502393722534,
                    -1.4029337167739868
                ],
                [
                    0.0,
                    0.960378885269165,
                    0.27869775891304016,
                    1.1234666109085083
                ],
                [
                    0.0,
                    0.0,
                    0.0,
                    1.0
                ]
            ]
        },
        {
            "file_path": "/data/shapenet_blender/all_50_random/02958343/b12bcd0ba039b8d09362b924f11fb193/r_39",
            "rotation": 0.12566370614359174,
            "transform_matrix": [
                [
                    -0.23711135983467102,
                    -0.6602762341499329,
                    0.7126103043556213,
                    2.872623920440674
                ],
                [
                    0.971482515335083,
                    -0.16115473210811615,
                    0.17392799258232117,
                    0.7011261582374573
                ],
                [
                    0.0,
                    0.7335286140441895,
                    0.6796584725379944,
                    2.739790916442871
                ],
                [
                    0.0,
                    0.0,
                    0.0,
                    1.0
                ]
            ]
        },
        {
            "file_path": "/data/shapenet_blender/all_50_random/02958343/b12bcd0ba039b8d09362b924f11fb193/r_40",
            "rotation": 0.12566370614359174,
            "transform_matrix": [
                [
                    0.06754113733768463,
                    -0.4291050434112549,
                    0.900725781917572,
                    3.630941867828369
                ],
                [
                    0.9977165460586548,
                    0.029048575088381767,
                    -0.06097527965903282,
                    -0.2457992136478424
                ],
                [
                    0.0,
                    0.9027873277664185,
                    0.430087149143219,
                    1.7337367534637451
                ],
                [
                    0.0,
                    0.0,
                    0.0,
                    1.0
                ]
            ]
        },
        {
            "file_path": "/data/shapenet_blender/all_50_random/02958343/b12bcd0ba039b8d09362b924f11fb193/r_41",
            "rotation": 0.12566370614359174,
            "transform_matrix": [
                [
                    0.9238506555557251,
                    0.31896060705184937,
                    -0.2115752100944519,
                    -0.8528870344161987
                ],
                [
                    -0.3827531337738037,
                    0.7698747515678406,
                    -0.510678768157959,
                    -2.058612108230591
                ],
                [
                    0.0,
                    0.5527721047401428,
                    0.8333324193954468,
