{
    "class": "02958343",
    "model": "b812523dddd4a34a473f10e6caaeca56",
    "remove_doubles": true,
    "edge_split": true,
    "denoise": true,
    "camera_angle_x": 0.6911112070083618,
    "scale_factor": 2.278288308737294,
    "hdri_file": "/data/IndoorHDRDataset2018/9C4A9907-9db3143476.exr",
    "center_offset": [
        0.0,
        0.0,
        -2.7939677238464355e-09
    ],
    "lights": [],
    "frames": [
        {
            "file_path": "/data/shapenet_blender/all_50_random/02958343/b812523dddd4a34a473f10e6caaeca56/r_0",
            "rotation": 0.12566370614359174,
            "transform_matrix": [
                [
                    0.39461979269981384,
                    -0.27672263979911804,
                    -0.8761847615242004,
                    -3.5320138931274414
                ],
                [
                    -0.91884446144104,
                    -0.11884517222642899,
                    -0.37629857659339905,
                    -1.5169081687927246
                ],
                [
                    7.4505797087454084e-09,
                    0.9535725116729736,
                    -0.3011636734008789,
                    -1.2140296697616577
                ],
                [
                    0.0,
                    0.0,
                    0.0,
                    1.0
                ]
            ]
        },
        {
            "file_path": "/data/shapenet_blender/all_50_random/02958343/b812523dddd4a34a473f10e6caaeca56/r_1",
            "rotation": 0.12566370614359174,
            "transform_matrix": [
                [
                    -0.5576404333114624,
                    0.2886340022087097,
                    0.7782849669456482,
                    3.137367010116577
                ],
                [
                    0.8300825953483582,
                    0.1939011812210083,
                    0.5228433609008789,
                    2.107649087905884
                ],
                [
                    0.0,
                    0.9375994205474854,
                    -0.34771719574928284,
                    -1.4016928672790527
                ],
                [
                    0.0,
                    0.0,
                    0.0,
                    1.0
                ]
            ]
        },
        {
            "file_path": "/data/shapenet_blender/all_50_random/02958343/b812523dddd4a34a473f10e6caaeca56/r_2",
            "rotation": 0.12566370614359174,
            "transform_matrix": [
                [
                    0.3698464035987854,
                    -0.8865530490875244,
                    -0.27791592478752136,
                    -1.1203150749206543
                ],
                [
                    -0.9290929436683655,
                    -0.35291242599487305,
                    -0.11063071340322495,
                    -0.4459666907787323
                ],
                [
                    7.450580596923828e-09,
                    0.29912620782852173,
                    -0.954213559627533,
                    -3.846558094024658
                ],
                [
                    0.0,
                    0.0,
                    0.0,
                    1.0
                ]
            ]
        },
        {
            "file_path": "/data/shapenet_blender/all_50_random/02958343/b812523dddd4a34a473f10e6caaeca56/r_3",
            "rotation": 0.12566370614359174,
            "transform_matrix": [
                [
                    -0.41552847623825073,
                    0.2742762565612793,
                    -0.8672419190406799,
                    -3.4959640502929688
                ],
                [
                    -0.9095801711082458,
                    -0.1252991259098053,
                    0.39618685841560364,
                    1.5970803499221802
                ],
                [
                    -7.450580596923828e-09,
                    0.9534530639648438,
                    0.30154159665107727,
                    1.2155530452728271
                ],
                [
                    0.0,
                    0.0,
                    0.0,
                    1.0
                ]
            ]
        },
        {
            "file_path": "/data/shapenet_blender/all_50_random/02958343/b812523dddd4a34a473f10e6caaeca56/r_4",
            "rotation": 0.12566370614359174,
            "transform_matrix": [
                [
                    -0.8042356967926025,
                    -0.3642638325691223,
                    -0.4695920944213867,
                    -1.8929864168167114
                ],
                [
                    -0.594310462474823,
                    0.49293088912963867,
                    0.6354637145996094,
                    2.561636447906494
                ],
                [
                    -1.4901161193847656e-08,
                    0.7901461124420166,
                    -0.6129183769226074,
                    -2.4707531929016113
                ],
                [
                    0.0,
                    0.0,
                    0.0,
                    1.0
                ]
            ]
        },
        {
            "file_path": "/data/shapenet_blender/all_50_random/02958343/b812523dddd4a34a473f10e6caaeca56/r_5",
            "rotation": 0.12566370614359174,
            "transform_matrix": [
                [
                    0.9492673873901367,
                    0.25367310643196106,
                    -0.18585307896137238,
                    -0.7491977214813232
                ],
                [
                    -0.3144700527191162,
                    0.7657442092895508,
                    -0.5610209107398987,
                    -2.261547565460205
                ],
                [
                    0.0,
                    0.5910040140151978,
                    0.8066685795783997,
                    3.2517850399017334
                ],
                [
                    0.0,
                    0.0,
                    0.0,
                    1.0
                ]
            ]
        },
        {
            "file_path": "/data/shapenet_blender/all_50_random/02958343/b812523dddd4a34a473f10e6caaeca56/r_6",
            "rotation": 0.12566370614359174,
            "transform_matrix": [
                [
                    -0.44475680589675903,
                    0.25224176049232483,
                    0.859398365020752,
                    3.4643452167510986
                ],
                [
                    0.8956513404846191,
                    0.12525659799575806,
                    0.42675453424453735,
                    1.7203023433685303
                ],
                [
                    0.0,
                    0.9595232009887695,
                    -0.28162944316864014,
                    -1.135284423828125
                ],
                [
                    0.0,
                    0.0,
                    0.0,
                    1.0
                ]
            ]
        },
        {
            "file_path": "/data/shapenet_blender/all_50_random/02958343/b812523dddd4a34a473f10e6caaeca56/r_7",
            "rotation": 0.12566370614359174,
            "transform_matrix": [
                [
                    0.2267628163099289,
                    0.17301714420318604,
                    -0.9584590196609497,
                    -3.8636717796325684
                ],
                [
                    -0.9739500284194946,
                    0.04028322920203209,
                    -0.22315607964992523,
                    -0.8995709419250488
                ],
                [
                    -3.725290298461914e-09,
                    0.9840946197509766,
                    0.1776447892189026,
                    0.716109037399292
                ],
                [
                    0.0,
                    0.0,
                    0.0,
                    1.0
                ]
            ]
        },
        {
            "file_path": "/data/shapenet_blender/all_50_random/02958343/b812523dddd4a34a473f10e6caaeca56/r_8",
            "rotation": 0.12566370614359174,
            "transform_matrix": [
                [
                    0.12307363003492355,
                    0.49519041180610657,
                    -0.8600228428840637,
                    -3.466862916946411
                ],
                [
                    -0.9923975467681885,
                    0.06141176074743271,
                    -0.1066569834947586,
                    -0.4299480617046356
                ],
                [
                    0.0,
                    0.8666111826896667,
                    0.4989839494228363,
                    2.0114686489105225
                ],
                [
                    0.0,
                    0.0,
                    0.0,
                    1.0
                ]
            ]
        },
        {
            "file_path": "/data/shapenet_blender/all_50_random/02958343/b812523dddd4a34a473f10e6caaeca56/r_9",
            "rotation": 0.12566370614359174,
            "transform_matrix": [
                [
                    -0.9997695684432983,
                    0.014154803939163685,
                    0.01614418253302574,
                    0.06507927924394608
                ],
                [
                    0.021470753476023674,
                    0.6591078639030457,
                    0.7517417669296265,
                    3.0303680896759033
                ],
                [
                    -9.31322685637781e-10,
                    0.7519150972366333,
                    -0.6592599153518677,
                    -2.657561779022217
                ],
                [
                    0.0,
                    0.0,
                    0.0,
                    1.0
                ]
            ]
        },
        {
            "file_path": "/data/shapenet_blender/all_50_random/02958343/b812523dddd4a34a473f10e6caaeca56/r_10",
            "rotation": 0.12566370614359174,
            "transform_matrix": [
                [
                    0.5809043645858765,
                    -0.36787867546081543,
                    0.7260960340499878,
                    2.9269866943359375
                ],
                [
                    0.8139718770980835,
                    0.26254263520240784,
                    -0.518190324306488,
                    -2.0888919830322266
                ],
                [
                    0.0,
                    0.8920407891273499,
                    0.45195502042770386,
                    1.8218889236450195
                ],
                [
                    0.0,
                    0.0,
                    0.0,
                    1.0
                ]
            ]
        },
        {
            "file_path": "/data/shapenet_blender/all_50_random/02958343/b812523dddd4a34a473f10e6caaeca56/r_11",
            "rotation": 0.12566370614359174,
            "transform_matrix": [
                [
                    0.9996330738067627,
                    -0.006780193652957678,
                    -0.02622273378074169,
                    -0.10570722818374634
                ],
                [
                    -0.02708510495722294,
                    -0.250237375497818,
                    -0.9678055047988892,
                    -3.9013490676879883
                ],
                [
                    4.6566125955216364e-10,
                    0.9681607484817505,
                    -0.2503291666507721,
                    -1.0091092586517334
                ],
                [
                    0.0,
                    0.0,
                    0.0,
                    1.0
                ]
            ]
        },
        {
            "file_path": "/data/shapenet_blender/all_50_random/02958343/b812523dddd4a34a473f10e6caaeca56/r_12",
            "rotation": 0.12566370614359174,
            "transform_matrix": [
                [
                    0.4839772582054138,
                    -0.06600496917963028,
                    0.8725876808166504,
                    3.5175137519836426
                ],
                [
                    0.8750807046890259,
                    0.03650509566068649,
                    -0.4825984835624695,
                    -1.945416808128357
                ],
                [
                    0.0,
                    0.9971513152122498,
                    0.07542728632688522,
                    0.30405715107917786
                ],
                [
                    0.0,
                    0.0,
                    0.0,
                    1.0
                ]
            ]
        },
        {
            "file_path": "/data/shapenet_blender/all_50_random/02958343/b812523dddd4a34a473f10e6caaeca56/r_13",
            "rotation": 0.12566370614359174,
            "transform_matrix": [
                [
                    0.9419450163841248,
                    0.019623106345534325,
                    0.33519333600997925,
                    1.3512073755264282
                ],
                [
                    0.3357672393321991,
                    -0.05504970997571945,
                    -0.9403350949287415,
                    -3.790611505508423
                ],
                [
                    0.0,
                    0.9982907772064209,
                    -0.0584426075220108,
                    -0.2355896532535553
                ],
                [
                    0.0,
                    0.0,
                    0.0,
                    1.0
                ]
            ]
        },
        {
            "file_path": "/data/shapenet_blender/all_50_random/02958343/b812523dddd4a34a473f10e6caaeca56/r_14",
            "rotation": 0.12566370614359174,
            "transform_matrix": [
                [
                    -0.5717670917510986,
                    -0.02699856273829937,
                    0.8199715614318848,
                    3.3054113388061523
                ],
                [
                    0.8204160928726196,
                    -0.01881592720746994,
                    0.5714573264122009,
                    2.3036184310913086
                ],
                [
                    -9.31322685637781e-10,
                    0.9994583129882812,
                    0.032908376306295395,
                    0.13265793025493622
                ],
                [
                    0.0,
                    0.0,
                    0.0,
                    1.0
                ]
            ]
        },
        {
            "file_path": "/data/shapenet_blender/all_50_random/02958343/b812523dddd4a34a473f10e6caaeca56/r_15",
            "rotation": 0.12566370614359174,
            "transform_matrix": [
                [
                    0.19119583070278168,
                    -0.45522215962409973,
                    0.8696073293685913,
                    3.5054993629455566
                ],
                [
                    0.9815519452095032,
                    0.08867242187261581,
                    -0.1693902313709259,
                    -0.6828338503837585
                ],
                [
                    0.0,
                    0.8859514594078064,
                    0.46377798914909363,
                    1.8695489168167114
                ],
                [
                    0.0,
                    0.0,
                    0.0,
                    1.0
                ]
            ]
        },
        {
            "file_path": "/data/shapenet_blender/all_50_random/02958343/b812523dddd4a34a473f10e6caaeca56/r_16",
            "rotation": 0.12566370614359174,
            "transform_matrix": [
                [
                    -0.5200689435005188,
                    -0.4271969199180603,
                    -0.7396154403686523,
                    -2.98148512840271
                ],
                [
                    -0.8541242480278015,
                    0.2601165473461151,
                    0.45034554600715637,
                    1.8154009580612183
                ],
                [
                    0.0,
                    0.8659342527389526,
                    -0.5001577734947205,
                    -2.016200542449951
                ],
                [
                    0.0,
                    0.0,
                    0.0,
                    1.0
                ]
            ]
        },
        {
            "file_path": "/data/shapenet_blender/all_50_random/02958343/b812523dddd4a34a473f10e6caaeca56/r_17",
            "rotation": 0.12566370614359174,
            "transform_matrix": [
                [
                    -0.9938719868659973,
                    0.016217196360230446,
                    0.10934189707040787,
                    0.44077128171920776
                ],
                [
                    0.11053801327943802,
                    0.14581245183944702,
                    0.9831175208091736,
                    3.963073492050171
                ],
                [
                    0.0,
                    0.989179253578186,
                    -0.1467115432024002,
                    -0.591413140296936
                ],
                [
                    0.0,
                    0.0,
                    0.0,
                    1.0
                ]
            ]
        },
        {
            "file_path": "/data/shapenet_blender/all_50_random/02958343/b812523dddd4a34a473f10e6caaeca56/r_18",
            "rotation": 0.12566370614359174,
            "transform_matrix": [
                [
                    0.34142905473709106,
                    0.045217569917440414,
                    0.9388192296028137,
                    3.784501314163208
                ],
                [
                    0.9399075508117676,
                    -0.01642565056681633,
                    -0.3410337567329407,
                    -1.374751091003418
                ],
                [
                    -1.862645149230957e-09,
                    0.9988420605659485,
                    -0.0481085330247879,
                    -0.1939316987991333
                ],
                [
                    0.0,
                    0.0,
                    0.0,
                    1.0
                ]
            ]
        },
        {
            "file_path": "/data/shapenet_blender/all_50_random/02958343/b812523dddd4a34a473f10e6caaeca56/r_19",
            "rotation": 0.12566370614359174,
            "transform_matrix": [
                [
                    -0.2673042118549347,
                    0.0895000770688057,
                    0.9594467878341675,
                    3.8676538467407227
                ],
                [
                    0.9636121988296509,
                    0.024827152490615845,
                    0.26614871621131897,
                    1.0728799104690552
                ],
                [
                    0.0,
                    0.9956772923469543,
                    -0.0928797721862793,
                    -0.37441036105155945
                ],
                [
                    0.0,
                    0.0,
                    0.0,
                    1.0
                ]
            ]
        },
        {
            "file_path": "/data/shapenet_blender/all_50_random/02958343/b812523dddd4a34a473f10e6caaeca56/r_20",
            "rotation": 0.12566370614359174,
            "transform_matrix": [
                [
                    -0.9858129620552063,
                    -0.039943188428878784,
                    -0.16302531957626343,
                    -0.6571760177612305
                ],
                [
                    -0.16784727573394775,
                    0.234597310423851,
                    0.9574923515319824,
                    3.859774589538574
                ],
                [
                    3.7252896323280993e-09,
                    0.9712716937065125,
                    -0.23797345161437988,
                    -0.9593015313148499
                ],
                [
                    0.0,
                    0.0,
                    0.0,
                    1.0
                ]
            ]
        },
        {
            "file_path": "/data/shapenet_blender/all_50_random/02958343/b812523dddd4a34a473f10e6caaeca56/r_21",
            "rotation": 0.12566370614359174,
            "transform_matrix": [
                [
                    0.7176322340965271,
                    0.026812082156538963,
                    -0.6959059238433838,
                    -2.8052866458892822
                ],
                [
                    -0.696422278881073,
                    0.02762865647673607,
                    -0.7171000838279724,
                    -2.89072322845459
                ],
                [
                    0.0,
                    0.9992586374282837,
                    0.03849974274635315,
                    0.15519744157791138
                ],
                [
                    0.0,
                    0.0,
                    0.0,
                    1.0
                ]
            ]
        },
        {
            "file_path": "/data/shapenet_blender/all_50_random/02958343/b812523dddd4a34a473f10e6caaeca56/r_22",
            "rotation": 0.12566370614359174,
            "transform_matrix": [
                [
                    0.5620595216751099,
                    -0.7270911931991577,
                    -0.3942428231239319,
                    -1.5892436504364014
                ],
                [
                    -0.827096700668335,
                    -0.49410009384155273,
                    -0.26791056990623474,
                    -1.079982042312622
                ],
                [
                    0.0,
                    0.4766586422920227,
                    -0.8790884017944336,
                    -3.5437188148498535
                ],
                [
                    0.0,
                    0.0,
                    0.0,
                    1.0
                ]
            ]
        },
        {
            "file_path": "/data/shapenet_blender/all_50_random/02958343/b812523dddd4a34a473f10e6caaeca56/r_23",
            "rotation": 0.12566370614359174,
            "transform_matrix": [
                [
                    0.47860291600227356,
                    -0.06857222318649292,
                    -0.8753497004508972,
                    -3.5286474227905273
                ],
                [
                    -0.8780315518379211,
                    -0.037377770990133286,
                    -0.4771410822868347,
                    -1.9234172105789185
                ],
                [
                    3.725290742551124e-09,
                    0.9969456791877747,
                    -0.07809767872095108,
                    -0.3148218095302582
                ],
                [
                    0.0,
                    0.0,
                    0.0,
                    1.0
                ]
            ]
        },
        {
            "file_path": "/data/shapenet_blender/all_50_random/02958343/b812523dddd4a34a473f10e6caaeca56/r_24",
            "rotation": 0.12566370614359174,
            "transform_matrix": [
                [
                    0.2654980421066284,
                    -0.7347697615623474,
                    -0.6241987347602844,
                    -2.516225814819336
                ],
                [
                    -0.9641113877296448,
                    -0.202341690659523,
                    -0.17189253866672516,
                    -0.6929210424423218
                ],
                [
                    1.4901161193847656e-08,
                    0.6474342942237854,
                    -0.7621211409568787,
                    -3.072208881378174
                ],
                [
                    0.0,
                    0.0,
                    0.0,
                    1.0
                ]
            ]
        },
        {
            "file_path": "/data/shapenet_blender/all_50_random/02958343/b812523dddd4a34a473f10e6caaeca56/r_25",
            "rotation": 0.12566370614359174,
            "transform_matrix": [
                [
                    0.8856478333473206,
                    0.07654839009046555,
                    0.45800450444221497,
                    1.8462753295898438
                ],
                [
                    0.4643573760986328,
                    -0.1459972858428955,
                    -0.8735312819480896,
                    -3.521317481994629
                ],
                [
                    0.0,
                    0.9863189458847046,
                    -0.16484799981117249,
                    -0.6645236015319824
                ],
                [
                    0.0,
                    0.0,
                    0.0,
                    1.0
                ]
            ]
        },
        {
            "file_path": "/data/shapenet_blender/all_50_random/02958343/b812523dddd4a34a473f10e6caaeca56/r_26",
            "rotation": 0.12566370614359174,
            "transform_matrix": [
                [
                    -0.9533263444900513,
                    0.12160447239875793,
                    -0.27637186646461487,
                    -1.1140908002853394
                ],
                [
                    -0.30194219946861267,
                    -0.3839435279369354,
                    0.8725928068161011,
                    3.5175342559814453
                ],
                [
                    0.0,
                    0.9153139591217041,
                    0.4027409255504608,
                    1.6235007047653198
                ],
                [
                    0.0,
                    0.0,
                    0.0,
                    1.0
                ]
            ]
        },
        {
            "file_path": "/data/shapenet_blender/all_50_random/02958343/b812523dddd4a34a473f10e6caaeca56/r_27",
            "rotation": 0.12566370614359174,
            "transform_matrix": [
                [
                    0.3018780052661896,
                    -0.6690322756767273,
                    0.6791653037071228,
                    2.7378029823303223
                ],
                [
                    0.9533465504646301,
                    0.211849644780159,
                    -0.21505828201770782,
                    -0.8669276833534241
                ],
                [
                    0.0,
                    0.712401270866394,
                    0.7017723321914673,
                    2.828934669494629
                ],
                [
                    0.0,
                    0.0,
                    0.0,
                    1.0
                ]
            ]
        },
        {
            "file_path": "/data/shapenet_blender/all_50_random/02958343/b812523dddd4a34a473f10e6caaeca56/r_28",
            "rotation": 0.12566370614359174,
            "transform_matrix": [
                [
                    0.027060266584157944,
                    -0.5053309202194214,
                    0.8625012636184692,
                    3.476853847503662
                ],
                [
                    0.9996339082717896,
                    0.013679396361112595,
                    -0.023348061367869377,
                    -0.09411904215812683
                ],
                [
                    9.31322685637781e-10,
                    0.8628171682357788,
                    0.5055160522460938,
                    2.0378003120422363
                ],
                [
                    0.0,
                    0.0,
                    0.0,
                    1.0
                ]
            ]
        },
        {
            "file_path": "/data/shapenet_blender/all_50_random/02958343/b812523dddd4a34a473f10e6caaeca56/r_29",
            "rotation": 0.12566370614359174,
            "transform_matrix": [
                [
                    -0.9881380200386047,
                    0.024959946051239967,
                    -0.1515270173549652,
                    -0.6108249425888062
                ],
                [
                    -0.15356901288032532,
                    -0.16060447692871094,
                    0.9749988317489624,
                    3.9303460121154785
                ],
                [
                    1.862645371275562e-09,
                    0.9867031574249268,
                    0.16253244876861572,
                    0.6551892757415771
                ],
                [
                    0.0,
                    0.0,
                    0.0,
                    1.0
                ]
            ]
        },
        {
            "file_path": "/data/shapenet_blender/all_50_random/02958343/b812523dddd4a34a473f10e6caaeca56/r_30",
            "rotation": 0.12566370614359174,
            "transform_matrix": [
                [
                    -0.26562607288360596,
                    0.3044856786727905,
                    0.9147301316261292,
                    3.6873950958251953
                ],
                [
                    0.9640761613845825,
                    0.08389310538768768,
                    0.25203007459640503,
                    1.0159657001495361
                ],
                [
                    0.0,
                    0.9488152265548706,
                    -0.31583160161972046,
                    -1.2731579542160034
                ],
                [
                    0.0,
                    0.0,
                    0.0,
                    1.0
                ]
            ]
        },
        {
            "file_path": "/data/shapenet_blender/all_50_random/02958343/b812523dddd4a34a473f10e6caaeca56/r_31",
            "rotation": 0.12566370614359174,
            "transform_matrix": [
                [
                    0.9629262685775757,
                    -0.13160832226276398,
                    -0.23548294603824615,
                    -0.9492622017860413
                ],
                [
                    -0.26976466178894043,
                    -0.46977657079696655,
                    -0.8405574560165405,
                    -3.3883957862854004
                ],
                [
                    -7.450580596923828e-09,
                    0.8729197978973389,
                    -0.4878635108470917,
                    -1.966640830039978
                ],
                [
                    0.0,
                    0.0,
                    0.0,
                    1.0
                ]
            ]
        },
        {
            "file_path": "/data/shapenet_blender/all_50_random/02958343/b812523dddd4a34a473f10e6caaeca56/r_32",
            "rotation": 0.12566370614359174,
            "transform_matrix": [
                [
                    0.949370801448822,
                    -0.06944964081048965,
                    0.3063850700855255,
                    1.2350776195526123
                ],
                [
                    0.3141576647758484,
                    0.20987378060817719,
                    -0.9258823394775391,
                    -3.7323505878448486
                ],
                [
                    7.450580152834618e-09,
                    0.9752587676048279,
                    0.2210661917924881,
                    0.8911462426185608
                ],
                [
                    0.0,
                    0.0,
                    0.0,
                    1.0
                ]
            ]
        },
        {
            "file_path": "/data/shapenet_blender/all_50_random/02958343/b812523dddd4a34a473f10e6caaeca56/r_33",
            "rotation": 0.12566370614359174,
            "transform_matrix": [
                [
                    -0.6375855803489685,
                    0.6265117526054382,
                    0.44829413294792175,
                    1.8071315288543701
                ],
                [
                    0.7703796029090881,
                    0.5185169577598572,
                    0.37101954221725464,
                    1.495627760887146
                ],
                [
                    -1.4901161193847656e-08,
                    0.5819133520126343,
                    -0.8132507801055908,
                    -3.2783188819885254
                ],
                [
                    0.0,
                    0.0,
                    0.0,
                    1.0
                ]
            ]
        },
        {
            "file_path": "/data/shapenet_blender/all_50_random/02958343/b812523dddd4a34a473f10e6caaeca56/r_34",
            "rotation": 0.12566370614359174,
            "transform_matrix": [
                [
                    0.3365110158920288,
                    -0.20601016283035278,
                    0.9188689589500427,
                    3.7040791511535645
                ],
                [
                    0.9416795969009399,
                    0.07361812889575958,
                    -0.32835960388183594,
                    -1.323659896850586
                ],
                [
                    0.0,
                    0.975776731967926,
                    0.2187688648700714,
                    0.8818855285644531
                ],
                [
                    0.0,
                    0.0,
                    0.0,
                    1.0
                ]
            ]
        },
        {
            "file_path": "/data/shapenet_blender/all_50_random/02958343/b812523dddd4a34a473f10e6caaeca56/r_35",
            "rotation": 0.12566370614359174,
            "transform_matrix": [
                [
                    -0.6520360112190247,
                    0.4578286111354828,
                    -0.6043524742126465,
                    -2.436223030090332
                ],
                [
                    -0.758188009262085,
                    -0.39372918009757996,
                    0.5197386145591736,
                    2.0951335430145264
                ],
                [
                    0.0,
                    0.7971010804176331,
                    0.6038457155227661,
                    2.43418025970459
                ],
                [
                    0.0,
                    0.0,
                    0.0,
                    1.0
                ]
            ]
        },
        {
            "file_path": "/data/shapenet_blender/all_50_random/02958343/b812523dddd4a34a473f10e6caaeca56/r_36",
            "rotation": 0.12566370614359174,
            "transform_matrix": [
                [
                    0.9490914940834045,
                    0.25642478466033936,
                    0.1829526126384735,
                    0.7375055551528931
                ],
                [
                    0.3150005340576172,
                    -0.7726036906242371,
                    -0.5512332320213318,
                    -2.2220921516418457
                ],
                [
                    0.0,
                    0.5808008909225464,
                    -0.8140456080436707,
                    -3.281522750854492
                ],
                [
                    0.0,
                    0.0,
                    0.0,
                    1.0
                ]
            ]
        },
        {
            "file_path": "/data/shapenet_blender/all_50_random/02958343/b812523dddd4a34a473f10e6caaeca56/r_37",
            "rotation": 0.12566370614359174,
            "transform_matrix": [
                [
                    -0.6112621426582336,
                    0.1622338593006134,
                    -0.7746215462684631,
                    -3.1225996017456055
                ],
                [
                    -0.7914280295372009,
                    -0.12530186772346497,
                    0.5982815623283386,
                    2.411750316619873
                ],
                [
                    0.0,
                    0.9787641763687134,
                    0.2049887478351593,
                    0.826336145401001
                ],
                [
                    0.0,
                    0.0,
                    0.0,
                    1.0
                ]
            ]
        },
        {
            "file_path": "/data/shapenet_blender/all_50_random/02958343/b812523dddd4a34a473f10e6caaeca56/r_38",
            "rotation": 0.12566370614359174,
            "transform_matrix": [
                [
                    -0.9698973894119263,
                    -0.10929244011640549,
                    -0.21761009097099304,
                    -0.8772143125534058
                ],
                [
                    -0.243513822555542,
                    0.43530362844467163,
                    0.8667247891426086,
                    3.4938793182373047
                ],
                [
                    0.0,
                    0.8936251997947693,
                    -0.4488140940666199,
                    -1.809227466583252
                ],
                [
                    0.0,
                    0.0,
                    0.0,
                    1.0
                ]
            ]
        },
        {
            "file_path": "/data/shapenet_blender/all_50_random/02958343/b812523dddd4a34a473f10e6caaeca56/r_39",
            "rotation": 0.12566370614359174,
            "transform_matrix": [
                [
                    -0.9664071798324585,
                    0.04065687209367752,
                    -0.25377967953681946,
                    -1.0230185985565186
                ],
                [
                    -0.25701576471328735,
                    -0.15287424623966217,
                    0.9542391300201416,
                    3.846660852432251
                ],
                [
                    0.0,
                    0.9874089360237122,
                    0.15818823873996735,
                    0.6376771926879883
                ],
                [
                    0.0,
                    0.0,
                    0.0,
                    1.0
                ]
            ]
        },
        {
            "file_path": "/data/shapenet_blender/all_50_random/02958343/b812523dddd4a34a473f10e6caaeca56/r_40",
            "rotation": 0.12566370614359174,
            "transform_matrix": [
                [
                    0.9919317960739136,
                    0.10127237439155579,
                    -0.07625896483659744,
                    -0.30740973353385925
                ],
                [
                    -0.12677352130413055,
                    0.792399525642395,
                    -0.5966836810112,
                    -2.405308961868286
                ],
                [
                    -3.725290742551124e-09,
                    0.6015371084213257,
                    0.7988448739051819,
                    3.2202467918395996
                ],
                [
                    0.0,
                    0.0,
                    0.0,
                    1.0
                ]
            ]
        },
        {
            "file_path": "/data/shapenet_blender/all_50_random/02958343/b812523dddd4a34a473f10e6caaeca56/r_41",
            "rotation": 0.12566370614359174,
            "transform_matrix": [
                [
                    0.995658278465271,
                    -0.029493536800146103,
                    -0.08828888833522797,
                    -0.35590389370918274
                ],
                [
                    -0.0930848941206932,
                    -0.3154699206352234,
                    -0.9443590044975281,
                    -3.806833028793335
                ],
                [
                    -1.862645371275562e-09,
