{
    "class": "02958343",
    "model": "f4b86f895a221f353b0907d01b34682a",
    "remove_doubles": true,
    "edge_split": true,
    "denoise": true,
    "camera_angle_x": 0.6911112070083618,
    "scale_factor": 2.2727711581101304,
    "hdri_file": "/data/IndoorHDRDataset2018/9C4A3069-c0a736166e.exr",
    "center_offset": [
        0.0,
        -1.862645149230957e-09,
        0.0
    ],
    "lights": [],
    "frames": [
        {
            "file_path": "/data/shapenet_blender/all_50_random/02958343/f4b86f895a221f353b0907d01b34682a/r_0",
            "rotation": 0.12566370614359174,
            "transform_matrix": [
                [
                    -0.7930032014846802,
                    0.007336950860917568,
                    -0.6091732382774353,
                    -2.455655813217163
                ],
                [
                    -0.6092173457145691,
                    -0.009550327435135841,
                    0.7929457426071167,
                    3.1964664459228516
                ],
                [
                    0.0,
                    0.9999274611473083,
                    0.012043239548802376,
                    0.04854785278439522
                ],
                [
                    0.0,
                    0.0,
                    0.0,
                    1.0
                ]
            ]
        },
        {
            "file_path": "/data/shapenet_blender/all_50_random/02958343/f4b86f895a221f353b0907d01b34682a/r_1",
            "rotation": 0.12566370614359174,
            "transform_matrix": [
                [
                    0.8658490777015686,
                    0.033488962799310684,
                    0.4991832673549652,
                    2.0122718811035156
                ],
                [
                    0.5003053545951843,
                    -0.057957377284765244,
                    -0.8639071583747864,
                    -3.482520818710327
                ],
                [
                    -1.862645149230957e-09,
                    0.9977571964263916,
                    -0.06693705171346664,
                    -0.2698318660259247
                ],
                [
                    0.0,
                    0.0,
                    0.0,
                    1.0
                ]
            ]
        },
        {
            "file_path": "/data/shapenet_blender/all_50_random/02958343/f4b86f895a221f353b0907d01b34682a/r_2",
            "rotation": 0.12566370614359174,
            "transform_matrix": [
                [
                    0.4016174376010895,
                    -0.0012146808439865708,
                    0.9158066511154175,
                    3.691735029220581
                ],
                [
                    0.9158074855804443,
                    0.0005326851387508214,
                    -0.40161705017089844,
                    -1.618970274925232
                ],
                [
                    -5.8207657444020455e-11,
                    0.9999991655349731,
                    0.0013263493310660124,
                    0.0053466856479644775
                ],
                [
                    0.0,
                    0.0,
                    0.0,
                    1.0
                ]
            ]
        },
        {
            "file_path": "/data/shapenet_blender/all_50_random/02958343/f4b86f895a221f353b0907d01b34682a/r_3",
            "rotation": 0.12566370614359174,
            "transform_matrix": [
                [
                    0.5055052638053894,
                    0.3224295377731323,
                    -0.8003146648406982,
                    -3.2261717319488525
                ],
                [
                    -0.8628235459327698,
                    0.1889028549194336,
                    -0.4688829779624939,
                    -1.8901278972625732
                ],
                [
                    1.4901161193847656e-08,
                    0.9275531768798828,
                    0.3736911416053772,
                    1.5063972473144531
                ],
                [
                    0.0,
                    0.0,
                    0.0,
                    1.0
                ]
            ]
        },
        {
            "file_path": "/data/shapenet_blender/all_50_random/02958343/f4b86f895a221f353b0907d01b34682a/r_4",
            "rotation": 0.12566370614359174,
            "transform_matrix": [
                [
                    0.9898529052734375,
                    0.009974360466003418,
                    -0.14174556732177734,
                    -0.571394681930542
                ],
                [
                    -0.14209607243537903,
                    0.0694822147488594,
                    -0.9874112010002136,
                    -3.980381965637207
                ],
                [
                    9.313225191043273e-10,
                    0.9975334405899048,
                    0.07019447535276413,
                    0.28296297788619995
                ],
                [
                    0.0,
                    0.0,
                    0.0,
                    1.0
                ]
            ]
        },
        {
            "file_path": "/data/shapenet_blender/all_50_random/02958343/f4b86f895a221f353b0907d01b34682a/r_5",
            "rotation": 0.12566370614359174,
            "transform_matrix": [
                [
                    0.015634901821613312,
                    -0.9627563953399658,
                    0.26991772651672363,
                    1.0880731344223022
                ],
                [
                    0.9998778104782104,
                    0.015054442919790745,
                    -0.00422065332531929,
                    -0.017013996839523315
                ],
                [
                    0.0,
                    0.269950807094574,
                    0.9628741145133972,
                    3.8814697265625
                ],
                [
                    0.0,
                    0.0,
                    0.0,
                    1.0
                ]
            ]
        },
        {
            "file_path": "/data/shapenet_blender/all_50_random/02958343/f4b86f895a221f353b0907d01b34682a/r_6",
            "rotation": 0.12566370614359174,
            "transform_matrix": [
                [
                    -0.9992767572402954,
                    0.0037391595542430878,
                    -0.03784128278493881,
                    -0.15254312753677368
                ],
                [
                    -0.03802557662129402,
                    -0.09826163202524185,
                    0.9944337010383606,
                    4.008691310882568
                ],
                [
                    0.0,
                    0.995153546333313,
                    0.0983327329158783,
                    0.39639201760292053
                ],
                [
                    0.0,
                    0.0,
                    0.0,
                    1.0
                ]
            ]
        },
        {
            "file_path": "/data/shapenet_blender/all_50_random/02958343/f4b86f895a221f353b0907d01b34682a/r_7",
            "rotation": 0.12566370614359174,
            "transform_matrix": [
                [
                    -0.5597067475318909,
                    0.7625535130500793,
                    -0.3244077265262604,
                    -1.3077294826507568
                ],
                [
                    -0.828690767288208,
                    -0.5150368809700012,
                    0.2191084921360016,
                    0.8832546472549438
                ],
                [
                    0.0,
                    0.3914703130722046,
                    0.9201907515525818,
                    3.7094078063964844
                ],
                [
                    0.0,
                    0.0,
                    0.0,
                    1.0
                ]
            ]
        },
        {
            "file_path": "/data/shapenet_blender/all_50_random/02958343/f4b86f895a221f353b0907d01b34682a/r_8",
            "rotation": 0.12566370614359174,
            "transform_matrix": [
                [
                    0.9394472241401672,
                    -0.004642394836992025,
                    -0.34266212582588196,
                    -1.381314992904663
                ],
                [
                    -0.3426935374736786,
                    -0.012726487591862679,
                    -0.9393611550331116,
                    -3.7866854667663574
                ],
                [
                    0.0,
                    0.9999082684516907,
                    -0.013546783477067947,
                    -0.05460882559418678
                ],
                [
                    0.0,
                    0.0,
                    0.0,
                    1.0
                ]
            ]
        },
        {
            "file_path": "/data/shapenet_blender/all_50_random/02958343/f4b86f895a221f353b0907d01b34682a/r_9",
            "rotation": 0.12566370614359174,
            "transform_matrix": [
                [
                    0.7217869758605957,
                    0.34254634380340576,
                    0.6014028787612915,
                    2.424332857131958
                ],
                [
                    0.6921151876449585,
                    -0.35723167657852173,
                    -0.6271857023239136,
                    -2.528266668319702
                ],
                [
                    0.0,
                    0.8689346313476562,
                    -0.49492672085762024,
                    -1.995113492012024
                ],
                [
                    0.0,
                    0.0,
                    0.0,
                    1.0
                ]
            ]
        },
        {
            "file_path": "/data/shapenet_blender/all_50_random/02958343/f4b86f895a221f353b0907d01b34682a/r_10",
            "rotation": 0.12566370614359174,
            "transform_matrix": [
                [
                    0.3813543915748596,
                    -0.2312289923429489,
                    0.8950429558753967,
                    3.6080336570739746
                ],
                [
                    0.9244289398193359,
                    0.09538881480693817,
                    -0.36923179030418396,
                    -1.4884209632873535
                ],
                [
                    0.0,
                    0.9682117104530334,
                    0.2501316964626312,
                    1.0083131790161133
                ],
                [
                    0.0,
                    0.0,
                    0.0,
                    1.0
                ]
            ]
        },
        {
            "file_path": "/data/shapenet_blender/all_50_random/02958343/f4b86f895a221f353b0907d01b34682a/r_11",
            "rotation": 0.12566370614359174,
            "transform_matrix": [
                [
                    -0.9936057925224304,
                    -0.10993659496307373,
                    0.025719616562128067,
                    0.10367909073829651
                ],
                [
                    0.11290507018566132,
                    -0.9674821496009827,
                    0.22634200751781464,
                    0.9124138355255127
                ],
                [
                    0.0,
                    0.2277986705303192,
                    0.9737082719802856,
                    3.9251434803009033
                ],
                [
                    0.0,
                    0.0,
                    0.0,
                    1.0
                ]
            ]
        },
        {
            "file_path": "/data/shapenet_blender/all_50_random/02958343/f4b86f895a221f353b0907d01b34682a/r_12",
            "rotation": 0.12566370614359174,
            "transform_matrix": [
                [
                    -0.3528442978858948,
                    -0.14493727684020996,
                    0.9243884682655334,
                    3.7263290882110596
                ],
                [
                    0.9356821775436401,
                    -0.05465562641620636,
                    0.34858545660972595,
                    1.4051929712295532
                ],
                [
                    3.725291186640334e-09,
                    0.9879299998283386,
                    0.15490014851093292,
                    0.6244224905967712
                ],
                [
                    0.0,
                    0.0,
                    0.0,
                    1.0
                ]
            ]
        },
        {
            "file_path": "/data/shapenet_blender/all_50_random/02958343/f4b86f895a221f353b0907d01b34682a/r_13",
            "rotation": 0.12566370614359174,
            "transform_matrix": [
                [
                    0.9484267234802246,
                    -0.27409934997558594,
                    0.15923692286014557,
                    0.6419045329093933
                ],
                [
                    0.31699660420417786,
                    0.8200817704200745,
                    -0.4764232635498047,
                    -1.9205235242843628
                ],
                [
                    0.0,
                    0.5023301839828491,
                    0.8646759390830994,
                    3.4856200218200684
                ],
                [
                    0.0,
                    0.0,
                    0.0,
                    1.0
                ]
            ]
        },
        {
            "file_path": "/data/shapenet_blender/all_50_random/02958343/f4b86f895a221f353b0907d01b34682a/r_14",
            "rotation": 0.12566370614359174,
            "transform_matrix": [
                [
                    -0.9774337410926819,
                    0.17856618762016296,
                    0.11285955458879471,
                    0.4549514353275299
                ],
                [
                    0.2112419158220291,
                    0.8262403607368469,
                    0.5222103595733643,
                    2.105097532272339
                ],
                [
                    0.0,
                    0.5342667102813721,
                    -0.8453158140182495,
                    -3.4075772762298584
                ],
                [
                    0.0,
                    0.0,
                    0.0,
                    1.0
                ]
            ]
        },
        {
            "file_path": "/data/shapenet_blender/all_50_random/02958343/f4b86f895a221f353b0907d01b34682a/r_15",
            "rotation": 0.12566370614359174,
            "transform_matrix": [
                [
                    0.5683059096336365,
                    0.6608480215072632,
                    0.49021247029304504,
                    1.9761096239089966
                ],
                [
                    0.8228174448013306,
                    -0.4564363956451416,
                    -0.338581383228302,
                    -1.3648651838302612
                ],
                [
                    -2.980232594040899e-08,
                    0.5957730412483215,
                    -0.8031527996063232,
                    -3.23761248588562
                ],
                [
                    0.0,
                    0.0,
                    0.0,
                    1.0
                ]
            ]
        },
        {
            "file_path": "/data/shapenet_blender/all_50_random/02958343/f4b86f895a221f353b0907d01b34682a/r_16",
            "rotation": 0.12566370614359174,
            "transform_matrix": [
                [
                    0.9825667142868042,
                    0.17031455039978027,
                    -0.07453683763742447,
                    -0.3004676401615143
                ],
                [
                    -0.18591071665287018,
                    0.9001385569572449,
                    -0.3939386308193207,
                    -1.5880175828933716
                ],
                [
                    0.0,
                    0.4009281396865845,
                    0.9161093831062317,
                    3.692955255508423
                ],
                [
                    0.0,
                    0.0,
                    0.0,
                    1.0
                ]
            ]
        },
        {
            "file_path": "/data/shapenet_blender/all_50_random/02958343/f4b86f895a221f353b0907d01b34682a/r_17",
            "rotation": 0.12566370614359174,
            "transform_matrix": [
                [
                    0.8194799423217773,
                    -0.28170785307884216,
                    -0.4990924894809723,
                    -2.011906147003174
                ],
                [
                    -0.573107898235321,
                    -0.40281057357788086,
                    -0.7136462330818176,
                    -2.876800060272217
                ],
                [
                    1.4901161193847656e-08,
                    0.8708527088165283,
                    -0.49154412746429443,
                    -1.9814777374267578
                ],
                [
                    0.0,
                    0.0,
                    0.0,
                    1.0
                ]
            ]
        },
        {
            "file_path": "/data/shapenet_blender/all_50_random/02958343/f4b86f895a221f353b0907d01b34682a/r_18",
            "rotation": 0.12566370614359174,
            "transform_matrix": [
                [
                    0.9764932990074158,
                    0.13610994815826416,
                    0.16713708639144897,
                    0.6737512350082397
                ],
                [
                    0.21554753184318542,
                    -0.6166178584098816,
                    -0.7571799159049988,
                    -3.052290201187134
                ],
                [
                    -7.450580596923828e-09,
                    0.775407075881958,
                    -0.6314614415168762,
                    -2.5455026626586914
                ],
                [
                    0.0,
                    0.0,
                    0.0,
                    1.0
                ]
            ]
        },
        {
            "file_path": "/data/shapenet_blender/all_50_random/02958343/f4b86f895a221f353b0907d01b34682a/r_19",
            "rotation": 0.12566370614359174,
            "transform_matrix": [
                [
                    0.2516474723815918,
                    0.21786293387413025,
                    -0.9429789185523987,
                    -3.80126953125
                ],
                [
                    -0.9678189754486084,
                    0.056647639721632004,
                    -0.24518869817256927,
                    -0.9883872270584106
                ],
                [
                    0.0,
                    0.9743340015411377,
                    0.2251071184873581,
                    0.9074358344078064
                ],
                [
                    0.0,
                    0.0,
                    0.0,
                    1.0
                ]
            ]
        },
        {
            "file_path": "/data/shapenet_blender/all_50_random/02958343/f4b86f895a221f353b0907d01b34682a/r_20",
            "rotation": 0.12566370614359174,
            "transform_matrix": [
                [
                    -0.2546822428703308,
                    0.4235513210296631,
                    0.8693336844444275,
                    3.504396438598633
                ],
                [
                    0.9670247435569763,
                    0.11154938489198685,
                    0.22895368933677673,
                    0.9229419231414795
                ],
                [
                    0.0,
                    0.8989777565002441,
                    -0.43799424171447754,
                    -1.7656114101409912
                ],
                [
                    0.0,
                    0.0,
                    0.0,
                    1.0
                ]
            ]
        },
        {
            "file_path": "/data/shapenet_blender/all_50_random/02958343/f4b86f895a221f353b0907d01b34682a/r_21",
            "rotation": 0.12566370614359174,
            "transform_matrix": [
                [
                    -0.6915172934532166,
                    -0.16379159688949585,
                    0.7035453915596008,
                    2.8360822200775146
                ],
                [
                    0.7223598957061768,
                    -0.15679816901683807,
                    0.6735060811042786,
                    2.7149899005889893
                ],
                [
                    -7.450581485102248e-09,
                    0.9739540219306946,
                    0.22674515843391418,
                    0.9140389561653137
                ],
                [
                    0.0,
                    0.0,
                    0.0,
                    1.0
                ]
            ]
        },
        {
            "file_path": "/data/shapenet_blender/all_50_random/02958343/f4b86f895a221f353b0907d01b34682a/r_22",
            "rotation": 0.12566370614359174,
            "transform_matrix": [
                [
                    0.9921100735664368,
                    0.05729726329445839,
                    0.1115102767944336,
                    0.4495123028755188
                ],
                [
                    0.12536950409412384,
                    -0.4534211754798889,
                    -0.882435142993927,
                    -3.5572097301483154
                ],
                [
                    3.725290076417309e-09,
                    0.8894527554512024,
                    -0.45702704787254333,
                    -1.8423349857330322
                ],
                [
                    0.0,
                    0.0,
                    0.0,
                    1.0
                ]
            ]
        },
        {
            "file_path": "/data/shapenet_blender/all_50_random/02958343/f4b86f895a221f353b0907d01b34682a/r_23",
            "rotation": 0.12566370614359174,
            "transform_matrix": [
                [
                    0.9365963935852051,
                    0.24294014275074005,
                    -0.25252196192741394,
                    -1.0179486274719238
                ],
                [
                    -0.3504101634025574,
                    0.6493443846702576,
                    -0.6749552488327026,
                    -2.7208316326141357
                ],
                [
                    0.0,
                    0.720646858215332,
                    0.6933022737503052,
                    2.794790744781494
                ],
                [
                    0.0,
                    0.0,
                    0.0,
                    1.0
                ]
            ]
        },
        {
            "file_path": "/data/shapenet_blender/all_50_random/02958343/f4b86f895a221f353b0907d01b34682a/r_24",
            "rotation": 0.12566370614359174,
            "transform_matrix": [
                [
                    0.8354637026786804,
                    0.3214390277862549,
                    -0.4457324743270874,
                    -1.7968050241470337
                ],
                [
                    -0.5495457649230957,
                    0.4886774718761444,
                    -0.6776383519172668,
                    -2.731647491455078
                ],
                [
                    0.0,
                    0.8110924959182739,
                    0.5849177837371826,
                    2.3578789234161377
                ],
                [
                    0.0,
                    0.0,
                    0.0,
                    1.0
                ]
            ]
        },
        {
            "file_path": "/data/shapenet_blender/all_50_random/02958343/f4b86f895a221f353b0907d01b34682a/r_25",
            "rotation": 0.12566370614359174,
            "transform_matrix": [
                [
                    0.9884917736053467,
                    -0.03359442204236984,
                    -0.14749734103679657,
                    -0.5945807695388794
                ],
                [
                    -0.15127477049827576,
                    -0.21951982378959656,
                    -0.9638085961341858,
                    -3.8852365016937256
                ],
                [
                    0.0,
                    0.9750294089317322,
                    -0.22207553684711456,
                    -0.8952150940895081
                ],
                [
                    0.0,
                    0.0,
                    0.0,
                    1.0
                ]
            ]
        },
        {
            "file_path": "/data/shapenet_blender/all_50_random/02958343/f4b86f895a221f353b0907d01b34682a/r_26",
            "rotation": 0.12566370614359174,
            "transform_matrix": [
                [
                    0.9969912171363831,
                    -0.0008388764690607786,
                    0.07751094549894333,
                    0.3124566078186035
                ],
                [
                    0.07751549035310745,
                    0.010789487510919571,
                    -0.9969327449798584,
                    -4.018764495849609
                ],
                [
                    0.0,
                    0.9999415278434753,
                    0.010822049342095852,
                    0.04362507537007332
                ],
                [
                    0.0,
                    0.0,
                    0.0,
                    1.0
                ]
            ]
        },
        {
            "file_path": "/data/shapenet_blender/all_50_random/02958343/f4b86f895a221f353b0907d01b34682a/r_27",
            "rotation": 0.12566370614359174,
            "transform_matrix": [
                [
                    0.13845042884349823,
                    0.5073102712631226,
                    -0.8505690097808838,
                    -3.428753614425659
                ],
                [
                    -0.990369439125061,
                    0.07092032581567764,
                    -0.11890678852796555,
                    -0.47932863235473633
                ],
                [
                    -3.725290742551124e-09,
                    0.8588402271270752,
                    0.5122434496879578,
                    2.0649197101593018
                ],
                [
                    0.0,
                    0.0,
                    0.0,
                    1.0
                ]
            ]
        },
        {
            "file_path": "/data/shapenet_blender/all_50_random/02958343/f4b86f895a221f353b0907d01b34682a/r_28",
            "rotation": 0.12566370614359174,
            "transform_matrix": [
                [
                    0.9156039357185364,
                    0.08452068269252777,
                    0.3930976390838623,
                    1.584627389907837
                ],
                [
                    0.40208154916763306,
                    -0.19246713817119598,
                    -0.8951462507247925,
                    -3.608450174331665
                ],
                [
                    7.450581485102248e-09,
                    0.9776566624641418,
                    -0.21020784974098206,
                    -0.8473750352859497
                ],
                [
                    0.0,
                    0.0,
                    0.0,
                    1.0
                ]
            ]
        },
        {
            "file_path": "/data/shapenet_blender/all_50_random/02958343/f4b86f895a221f353b0907d01b34682a/r_29",
            "rotation": 0.12566370614359174,
            "transform_matrix": [
                [
                    0.8170247673988342,
                    0.05109242722392082,
                    0.5743343830108643,
                    2.315216302871704
                ],
                [
                    0.576602578163147,
                    -0.07239609956741333,
                    -0.8138108849525452,
                    -3.2805769443511963
                ],
                [
                    0.0,
                    0.9960664510726929,
                    -0.08860941976308823,
                    -0.35719603300094604
                ],
                [
                    0.0,
                    0.0,
                    0.0,
                    1.0
                ]
            ]
        },
        {
            "file_path": "/data/shapenet_blender/all_50_random/02958343/f4b86f895a221f353b0907d01b34682a/r_30",
            "rotation": 0.12566370614359174,
            "transform_matrix": [
                [
                    0.6144660711288452,
                    0.017066558822989464,
                    0.7887585163116455,
                    3.1795876026153564
                ],
                [
                    0.7889432907104492,
                    -0.013292238116264343,
                    -0.6143221855163574,
                    -2.476412296295166
                ],
                [
                    0.0,
                    0.9997658729553223,
                    -0.021632175892591476,
                    -0.08720209449529648
                ],
                [
                    0.0,
                    0.0,
                    0.0,
                    1.0
                ]
            ]
        },
        {
            "file_path": "/data/shapenet_blender/all_50_random/02958343/f4b86f895a221f353b0907d01b34682a/r_31",
            "rotation": 0.12566370614359174,
            "transform_matrix": [
                [
                    -0.5495184063911438,
                    -0.17537923157215118,
                    0.8168668746948242,
                    3.292895793914795
                ],
                [
                    0.8354814648628235,
                    -0.1153515949845314,
                    0.5372751355171204,
                    2.165825366973877
                ],
                [
                    -7.4505792646561986e-09,
                    0.9777199029922485,
                    0.2099139392375946,
                    0.8461901545524597
                ],
                [
                    0.0,
                    0.0,
                    0.0,
                    1.0
                ]
            ]
        },
        {
            "file_path": "/data/shapenet_blender/all_50_random/02958343/f4b86f895a221f353b0907d01b34682a/r_32",
            "rotation": 0.12566370614359174,
            "transform_matrix": [
                [
                    -0.5844331979751587,
                    -0.7593119144439697,
                    -0.28615236282348633,
                    -1.153517246246338
                ],
                [
                    -0.8114418387413025,
                    0.5468870997428894,
                    0.20609848201274872,
                    0.8308095932006836
                ],
                [
                    1.4901161193847656e-08,
                    0.3526468276977539,
                    -0.9357564449310303,
                    -3.7721550464630127
                ],
                [
                    0.0,
                    0.0,
                    0.0,
                    1.0
                ]
            ]
        },
        {
            "file_path": "/data/shapenet_blender/all_50_random/02958343/f4b86f895a221f353b0907d01b34682a/r_33",
            "rotation": 0.12566370614359174,
            "transform_matrix": [
                [
                    0.3499948978424072,
                    -0.04753522202372551,
                    0.9355447292327881,
                    3.771301507949829
                ],
                [
                    0.936751663684845,
                    0.017760399729013443,
                    -0.3495439291000366,
                    -1.4090566635131836
                ],
                [
                    0.0,
                    0.9987115859985352,
                    0.05074474588036537,
                    0.2045586109161377
                ],
                [
                    0.0,
                    0.0,
                    0.0,
                    1.0
                ]
            ]
        },
        {
            "file_path": "/data/shapenet_blender/all_50_random/02958343/f4b86f895a221f353b0907d01b34682a/r_34",
            "rotation": 0.12566370614359174,
            "transform_matrix": [
                [
                    0.8907721638679504,
                    -0.12423619627952576,
                    -0.43713876605033875,
                    -1.762162685394287
                ],
                [
                    -0.45445016026496887,
                    -0.24351657927036285,
                    -0.8568399548530579,
                    -3.4540324211120605
                ],
                [
                    0.0,
                    0.961906909942627,
                    -0.2733769416809082,
                    -1.1020176410675049
                ],
                [
                    0.0,
                    0.0,
                    0.0,
                    1.0
                ]
            ]
        },
        {
            "file_path": "/data/shapenet_blender/all_50_random/02958343/f4b86f895a221f353b0907d01b34682a/r_35",
            "rotation": 0.12566370614359174,
            "transform_matrix": [
                [
                    -0.35935336351394653,
                    0.3319374918937683,
                    -0.8721712231636047,
                    -3.5158345699310303
                ],
                [
                    -0.9332016110420227,
                    -0.12782110273838043,
                    0.3358520567417145,
                    1.353863000869751
                ],
                [
                    0.0,
                    0.9346010684967041,
                    0.35569754242897034,
                    1.4338626861572266
                ],
                [
                    0.0,
                    0.0,
                    0.0,
                    1.0
                ]
            ]
        },
        {
            "file_path": "/data/shapenet_blender/all_50_random/02958343/f4b86f895a221f353b0907d01b34682a/r_36",
            "rotation": 0.12566370614359174,
            "transform_matrix": [
                [
                    0.3613933026790619,
                    0.009973268024623394,
                    0.9323601126670837,
                    3.7584638595581055
                ],
                [
                    0.9324135184288025,
                    -0.0038655297830700874,
                    -0.36137261986732483,
                    -1.4567396640777588
                ],
                [
                    -2.3283064365386963e-10,
                    0.9999428391456604,
                    -0.010696184821426868,
                    -0.0431177020072937
                ],
                [
                    0.0,
                    0.0,
                    0.0,
                    1.0
                ]
            ]
        },
        {
            "file_path": "/data/shapenet_blender/all_50_random/02958343/f4b86f895a221f353b0907d01b34682a/r_37",
            "rotation": 0.12566370614359174,
            "transform_matrix": [
                [
                    0.4868254065513611,
                    0.724949300289154,
                    0.48728784918785095,
                    1.9643200635910034
                ],
                [
                    0.8734992146492004,
                    -0.40403440594673157,
                    -0.2715790569782257,
                    -1.0947701930999756
                ],
                [
                    0.0,
                    0.5578572750091553,
                    -0.8299369812011719,
                    -3.3455827236175537
                ],
                [
                    0.0,
                    0.0,
                    0.0,
                    1.0
                ]
            ]
        },
        {
            "file_path": "/data/shapenet_blender/all_50_random/02958343/f4b86f895a221f353b0907d01b34682a/r_38",
            "rotation": 0.12566370614359174,
            "transform_matrix": [
                [
                    0.8196444511413574,
                    -0.10076794773340225,
                    -0.5639405250549316,
                    -2.2733168601989746
                ],
                [
                    -0.5728726983070374,
                    -0.14417493343353271,
                    -0.8068646192550659,
                    -3.252575397491455
                ],
                [
                    7.450580596923828e-09,
                    0.9844081401824951,
                    -0.17589940130710602,
                    -0.7090731859207153
                ],
                [
                    0.0,
                    0.0,
                    0.0,
                    1.0
                ]
            ]
        },
        {
            "file_path": "/data/shapenet_blender/all_50_random/02958343/f4b86f895a221f353b0907d01b34682a/r_39",
            "rotation": 0.12566370614359174,
            "transform_matrix": [
                [
                    -0.003548539010807872,
                    0.05904143303632736,
                    0.9982491731643677,
                    4.024071216583252
                ],
                [
                    0.9999936819076538,
                    0.0002095121453749016,
                    0.0035423485096544027,
                    0.014279663562774658
                ],
                [
                    1.4551914361005114e-11,
                    0.9982556104660034,
                    -0.05904179811477661,
                    -0.23800510168075562
                ],
                [
                    0.0,
                    0.0,
                    0.0,
                    1.0
                ]
            ]
        },
        {
            "file_path": "/data/shapenet_blender/all_50_random/02958343/f4b86f895a221f353b0907d01b34682a/r_40",
            "rotation": 0.12566370614359174,
            "transform_matrix": [
                [
                    0.9825060367584229,
                    -0.07798725366592407,
                    -0.16911551356315613,
                    -0.6817264556884766
                ],
                [
                    -0.18623122572898865,
                    -0.41143983602523804,
                    -0.8922080397605896,
                    -3.5966055393218994
                ],
                [
                    -7.450580596923828e-09,
                    0.9080942869186401,
                    -0.41876572370529175,
                    -1.688098669052124
                ],
                [
                    0.0,
                    0.0,
                    0.0,
                    1.0
                ]
            ]
        },
        {
            "file_path": "/data/shapenet_blender/all_50_random/02958343/f4b86f895a221f353b0907d01b34682a/r_41",
            "rotation": 0.12566370614359174,
            "transform_matrix": [
                [
                    -0.967180609703064,
                    -0.01632116362452507,
                    -0.25356534123420715,
                    -1.0221545696258545
                ],
                [
                    -0.2540900409221649,
                    0.062125660479068756,
                    0.9651832580566406,
                    3.890778064727783
                ],
                [
