{
    "class": "02958343",
    "model": "86d9b82220d7ba342e56818be5fde856",
    "remove_doubles": true,
    "edge_split": true,
    "denoise": true,
    "camera_angle_x": 0.6911112070083618,
    "scale_factor": 2.817405284922122,
    "hdri_file": "/data/IndoorHDRDataset2018/AG8A4912-7a6d07d4f4.exr",
    "center_offset": [
        0.0,
        3.725290298461914e-09,
        0.0
    ],
    "lights": [],
    "frames": [
        {
            "file_path": "/data/shapenet_blender/all_50_random/02958343/86d9b82220d7ba342e56818be5fde856/r_0",
            "rotation": 0.12566370614359174,
            "transform_matrix": [
                [
                    0.5707648396492004,
                    0.56630539894104,
                    -0.5945801734924316,
                    -2.396829605102539
                ],
                [
                    -0.821113646030426,
                    0.39364489912986755,
                    -0.41329899430274963,
                    -1.6660616397857666
                ],
                [
                    1.4901164746561335e-08,
                    0.7241144180297852,
                    0.689679741859436,
                    2.7801883220672607
                ],
                [
                    0.0,
                    0.0,
                    0.0,
                    1.0
                ]
            ]
        },
        {
            "file_path": "/data/shapenet_blender/all_50_random/02958343/86d9b82220d7ba342e56818be5fde856/r_1",
            "rotation": 0.12566370614359174,
            "transform_matrix": [
                [
                    0.12061983346939087,
                    0.12601877748966217,
                    -0.9846675395965576,
                    -3.9693217277526855
                ],
                [
                    -0.9926987290382385,
                    0.015312162227928638,
                    -0.11964398622512817,
                    -0.482300341129303
                ],
                [
                    -9.313225191043273e-10,
                    0.9919096231460571,
                    0.12694565951824188,
                    0.5117343068122864
                ],
                [
                    0.0,
                    0.0,
                    0.0,
                    1.0
                ]
            ]
        },
        {
            "file_path": "/data/shapenet_blender/all_50_random/02958343/86d9b82220d7ba342e56818be5fde856/r_2",
            "rotation": 0.12566370614359174,
            "transform_matrix": [
                [
                    -0.10935281217098236,
                    0.01628551073372364,
                    0.9938695430755615,
                    4.006416320800781
                ],
                [
                    0.9940029978752136,
                    0.0017916107317432761,
                    0.10933812707662582,
                    0.44075608253479004
                ],
                [
                    0.0,
                    0.999865710735321,
                    -0.016383765265345573,
                    -0.06604506820440292
                ],
                [
                    0.0,
                    0.0,
                    0.0,
                    1.0
                ]
            ]
        },
        {
            "file_path": "/data/shapenet_blender/all_50_random/02958343/86d9b82220d7ba342e56818be5fde856/r_3",
            "rotation": 0.12566370614359174,
            "transform_matrix": [
                [
                    0.8050381541252136,
                    -0.2535421848297119,
                    0.5363113880157471,
                    2.161940336227417
                ],
                [
                    0.593222975730896,
                    0.34407150745391846,
                    -0.7278057932853699,
                    -2.9338788986206055
                ],
                [
                    0.0,
                    0.9040637612342834,
                    0.4273977279663086,
                    1.7228953838348389
                ],
                [
                    0.0,
                    0.0,
                    0.0,
                    1.0
                ]
            ]
        },
        {
            "file_path": "/data/shapenet_blender/all_50_random/02958343/86d9b82220d7ba342e56818be5fde856/r_4",
            "rotation": 0.12566370614359174,
            "transform_matrix": [
                [
                    0.354914128780365,
                    0.03603759780526161,
                    -0.9342039823532104,
                    -3.765897035598755
                ],
                [
                    -0.9348989129066467,
                    0.013680894859135151,
                    -0.3546503186225891,
                    -1.4296412467956543
                ],
                [
                    9.31322685637781e-10,
                    0.9992567300796509,
                    0.03854705020785332,
                    0.15538814663887024
                ],
                [
                    0.0,
                    0.0,
                    0.0,
                    1.0
                ]
            ]
        },
        {
            "file_path": "/data/shapenet_blender/all_50_random/02958343/86d9b82220d7ba342e56818be5fde856/r_5",
            "rotation": 0.12566370614359174,
            "transform_matrix": [
                [
                    -0.8544721603393555,
                    -0.4515121281147003,
                    0.2569323480129242,
                    1.0357275009155273
                ],
                [
                    0.5194973349571228,
                    -0.7426496744155884,
                    0.4226037859916687,
                    1.7035704851150513
                ],
                [
                    -1.4901162970204496e-08,
                    0.49457883834838867,
                    0.8691326975822449,
                    3.5035862922668457
                ],
                [
                    0.0,
                    0.0,
                    0.0,
                    1.0
                ]
            ]
        },
        {
            "file_path": "/data/shapenet_blender/all_50_random/02958343/86d9b82220d7ba342e56818be5fde856/r_6",
            "rotation": 0.12566370614359174,
            "transform_matrix": [
                [
                    0.7119570374488831,
                    0.05834820494055748,
                    0.6997947096824646,
                    2.820962905883789
                ],
                [
                    0.7022230625152588,
                    -0.05915699899196625,
                    -0.709494948387146,
                    -2.8600659370422363
                ],
                [
                    -3.725290298461914e-09,
                    0.9965420365333557,
                    -0.08309067785739899,
                    -0.334949254989624
                ],
                [
                    0.0,
                    0.0,
                    0.0,
                    1.0
                ]
            ]
        },
        {
            "file_path": "/data/shapenet_blender/all_50_random/02958343/86d9b82220d7ba342e56818be5fde856/r_7",
            "rotation": 0.12566370614359174,
            "transform_matrix": [
                [
                    0.9765272736549377,
                    -0.0010536243207752705,
                    -0.21539123356342316,
                    -0.8682699203491211
                ],
                [
                    -0.2153938263654709,
                    -0.004776798654347658,
                    -0.976515531539917,
                    -3.936460256576538
                ],
                [
                    0.0,
                    0.9999880790710449,
                    -0.004891617689281702,
                    -0.019718743860721588
                ],
                [
                    0.0,
                    0.0,
                    0.0,
                    1.0
                ]
            ]
        },
        {
            "file_path": "/data/shapenet_blender/all_50_random/02958343/86d9b82220d7ba342e56818be5fde856/r_8",
            "rotation": 0.12566370614359174,
            "transform_matrix": [
                [
                    0.9923090934753418,
                    -0.08297639340162277,
                    -0.09185671806335449,
                    -0.37028631567955017
                ],
                [
                    -0.12378506362438202,
                    -0.6651709675788879,
                    -0.7363590598106384,
                    -2.9683585166931152
                ],
                [
                    -3.725290742551124e-09,
                    0.7420662641525269,
                    -0.6703263521194458,
                    -2.70217227935791
                ],
                [
                    0.0,
                    0.0,
                    0.0,
                    1.0
                ]
            ]
        },
        {
            "file_path": "/data/shapenet_blender/all_50_random/02958343/86d9b82220d7ba342e56818be5fde856/r_9",
            "rotation": 0.12566370614359174,
            "transform_matrix": [
                [
                    0.9713558554649353,
                    0.0036261624190956354,
                    -0.23760220408439636,
                    -0.9578051567077637
                ],
                [
                    -0.23762992024421692,
                    0.014822603203356266,
                    -0.9712425470352173,
                    -3.9152042865753174
                ],
                [
                    0.0,
                    0.9998835921287537,
                    0.015259704552590847,
                    0.06151384115219116
                ],
                [
                    0.0,
                    0.0,
                    0.0,
                    1.0
                ]
            ]
        },
        {
            "file_path": "/data/shapenet_blender/all_50_random/02958343/86d9b82220d7ba342e56818be5fde856/r_10",
            "rotation": 0.12566370614359174,
            "transform_matrix": [
                [
                    0.37160950899124146,
                    -0.8526092171669006,
                    -0.36737439036369324,
                    -1.4809335470199585
                ],
                [
                    -0.9283891320228577,
                    -0.3412768244743347,
                    -0.14705021679401398,
                    -0.5927783846855164
                ],
                [
                    1.4901161193847656e-08,
                    0.3957115411758423,
                    -0.9183748364448547,
                    -3.70208740234375
                ],
                [
                    0.0,
                    0.0,
                    0.0,
                    1.0
                ]
            ]
        },
        {
            "file_path": "/data/shapenet_blender/all_50_random/02958343/86d9b82220d7ba342e56818be5fde856/r_11",
            "rotation": 0.12566370614359174,
            "transform_matrix": [
                [
                    0.9609197974205017,
                    -0.05365400388836861,
                    0.271577388048172,
                    1.0947635173797607
                ],
                [
                    0.2768266797065735,
                    0.18624356389045715,
                    -0.9426983594894409,
                    -3.8001387119293213
                ],
                [
                    0.0,
                    0.9810375571250916,
                    0.19381798803806305,
                    0.7813053131103516
                ],
                [
                    0.0,
                    0.0,
                    0.0,
                    1.0
                ]
            ]
        },
        {
            "file_path": "/data/shapenet_blender/all_50_random/02958343/86d9b82220d7ba342e56818be5fde856/r_12",
            "rotation": 0.12566370614359174,
            "transform_matrix": [
                [
                    0.9840586185455322,
                    0.14851044118404388,
                    -0.09784353524446487,
                    -0.39441990852355957
                ],
                [
                    -0.17784462869167328,
                    0.8217452168464661,
                    -0.5413926243782043,
                    -2.1824235916137695
                ],
                [
                    0.0,
                    0.5501630306243896,
                    0.835057258605957,
                    3.3662235736846924
                ],
                [
                    0.0,
                    0.0,
                    0.0,
                    1.0
                ]
            ]
        },
        {
            "file_path": "/data/shapenet_blender/all_50_random/02958343/86d9b82220d7ba342e56818be5fde856/r_13",
            "rotation": 0.12566370614359174,
            "transform_matrix": [
                [
                    0.6587411165237427,
                    0.16339130699634552,
                    0.7344136834144592,
                    2.9605162143707275
                ],
                [
                    0.7523697018623352,
                    -0.14305809140205383,
                    -0.6430196166038513,
                    -2.592094898223877
                ],
                [
                    7.450580596923828e-09,
                    0.9761339426040649,
                    -0.21716897189617157,
                    -0.8754361271858215
                ],
                [
                    0.0,
                    0.0,
                    0.0,
                    1.0
                ]
            ]
        },
        {
            "file_path": "/data/shapenet_blender/all_50_random/02958343/86d9b82220d7ba342e56818be5fde856/r_14",
            "rotation": 0.12566370614359174,
            "transform_matrix": [
                [
                    -0.9990597367286682,
                    0.02388133481144905,
                    0.0361873097717762,
                    0.1458757221698761
                ],
                [
                    0.04335712641477585,
                    0.5502874255180359,
                    0.833848774433136,
                    3.3613522052764893
                ],
                [
                    0.0,
                    0.8346336483955383,
                    -0.5508053302764893,
                    -2.220367431640625
                ],
                [
                    0.0,
                    0.0,
                    0.0,
                    1.0
                ]
            ]
        },
        {
            "file_path": "/data/shapenet_blender/all_50_random/02958343/86d9b82220d7ba342e56818be5fde856/r_15",
            "rotation": 0.12566370614359174,
            "transform_matrix": [
                [
                    -0.6431275606155396,
                    0.5180101990699768,
                    -0.5639611482620239,
                    -2.273400068283081
                ],
                [
                    -0.7657589912414551,
                    -0.435054212808609,
                    0.4736464023590088,
                    1.9093297719955444
                ],
                [
                    1.4901161193847656e-08,
                    0.7364733219146729,
                    0.6764664649963379,
                    2.7269234657287598
                ],
                [
                    0.0,
                    0.0,
                    0.0,
                    1.0
                ]
            ]
        },
        {
            "file_path": "/data/shapenet_blender/all_50_random/02958343/86d9b82220d7ba342e56818be5fde856/r_16",
            "rotation": 0.12566370614359174,
            "transform_matrix": [
                [
                    0.3182956576347351,
                    -0.7659450769424438,
                    -0.5585839152336121,
                    -2.2517240047454834
                ],
                [
                    -0.9479914307594299,
                    -0.257172167301178,
                    -0.18754899501800537,
                    -0.7560343146324158
                ],
                [
                    0.0,
                    0.5892289280891418,
                    -0.8079660534858704,
                    -3.2570157051086426
                ],
                [
                    0.0,
                    0.0,
                    0.0,
                    1.0
                ]
            ]
        },
        {
            "file_path": "/data/shapenet_blender/all_50_random/02958343/86d9b82220d7ba342e56818be5fde856/r_17",
            "rotation": 0.12566370614359174,
            "transform_matrix": [
                [
                    -0.3731081187725067,
                    -0.12910795211791992,
                    0.9187608361244202,
                    3.703643321990967
                ],
                [
                    0.9277878403663635,
                    -0.05192051827907562,
                    0.36947792768478394,
                    1.4894131422042847
                ],
                [
                    0.0,
                    0.9902703762054443,
                    0.1391567587852478,
                    0.5609588623046875
                ],
                [
                    0.0,
                    0.0,
                    0.0,
                    1.0
                ]
            ]
        },
        {
            "file_path": "/data/shapenet_blender/all_50_random/02958343/86d9b82220d7ba342e56818be5fde856/r_18",
            "rotation": 0.12566370614359174,
            "transform_matrix": [
                [
                    -0.8663899302482605,
                    0.03307974338531494,
                    -0.4982711970806122,
                    -2.0085954666137695
                ],
                [
                    -0.49936801195144653,
                    -0.057392459362745285,
                    0.8644869327545166,
                    3.484858274459839
                ],
                [
                    -3.725290076417309e-09,
                    0.9978034496307373,
                    0.06624322384595871,
                    0.26703497767448425
                ],
                [
                    0.0,
                    0.0,
                    0.0,
                    1.0
                ]
            ]
        },
        {
            "file_path": "/data/shapenet_blender/all_50_random/02958343/86d9b82220d7ba342e56818be5fde856/r_19",
            "rotation": 0.12566370614359174,
            "transform_matrix": [
                [
                    0.8051959276199341,
                    -0.07689110934734344,
                    -0.5880028009414673,
                    -2.370314836502075
                ],
                [
                    -0.593008816242218,
                    -0.10440385341644287,
                    -0.7983986735343933,
                    -3.218447685241699
                ],
                [
                    0.0,
                    0.9915581941604614,
                    -0.1296626776456833,
                    -0.5226868987083435
                ],
                [
                    0.0,
                    0.0,
                    0.0,
                    1.0
                ]
            ]
        },
        {
            "file_path": "/data/shapenet_blender/all_50_random/02958343/86d9b82220d7ba342e56818be5fde856/r_20",
            "rotation": 0.12566370614359174,
            "transform_matrix": [
                [
                    -0.9938197731971741,
                    0.009857702068984509,
                    0.11056673526763916,
                    0.4457087814807892
                ],
                [
                    0.11100531369447708,
                    0.08825505524873734,
                    0.9898932576179504,
                    3.9903876781463623
                ],
                [
                    0.0,
                    0.9960489869117737,
                    -0.08880387991666794,
                    -0.3579799234867096
                ],
                [
                    0.0,
                    0.0,
                    0.0,
                    1.0
                ]
            ]
        },
        {
            "file_path": "/data/shapenet_blender/all_50_random/02958343/86d9b82220d7ba342e56818be5fde856/r_21",
            "rotation": 0.12566370614359174,
            "transform_matrix": [
                [
                    0.523383617401123,
                    0.3650782108306885,
                    -0.7699268460273743,
                    -3.1036746501922607
                ],
                [
                    -0.8520970940589905,
                    0.22424201667308807,
                    -0.4729121923446655,
                    -1.9063701629638672
                ],
                [
                    1.4901160305669237e-08,
                    0.9035670757293701,
                    0.4284466803073883,
                    1.7271239757537842
                ],
                [
                    0.0,
                    0.0,
                    0.0,
                    1.0
                ]
            ]
        },
        {
            "file_path": "/data/shapenet_blender/all_50_random/02958343/86d9b82220d7ba342e56818be5fde856/r_22",
            "rotation": 0.12566370614359174,
            "transform_matrix": [
                [
                    -0.879031240940094,
                    -0.36455363035202026,
                    0.3072534203529358,
                    1.2385783195495605
                ],
                [
                    0.47676411271095276,
                    -0.6721437573432922,
                    0.5664967894554138,
                    2.2836217880249023
                ],
                [
                    0.0,
                    0.6444558501243591,
                    0.7646414041519165,
                    3.0823683738708496
                ],
                [
                    0.0,
                    0.0,
                    0.0,
                    1.0
                ]
            ]
        },
        {
            "file_path": "/data/shapenet_blender/all_50_random/02958343/86d9b82220d7ba342e56818be5fde856/r_23",
            "rotation": 0.12566370614359174,
            "transform_matrix": [
                [
                    -0.2519475221633911,
                    0.7922402024269104,
                    -0.5557677745819092,
                    -2.2403714656829834
                ],
                [
                    -0.9677410125732422,
                    -0.20625658333301544,
                    0.14469192922115326,
                    0.5832718014717102
                ],
                [
                    0.0,
                    0.5742937922477722,
                    0.8186491131782532,
                    3.3000800609588623
                ],
                [
                    0.0,
                    0.0,
                    0.0,
                    1.0
                ]
            ]
        },
        {
            "file_path": "/data/shapenet_blender/all_50_random/02958343/86d9b82220d7ba342e56818be5fde856/r_24",
            "rotation": 0.12566370614359174,
            "transform_matrix": [
                [
                    0.5880085229873657,
                    0.26888757944107056,
                    0.7628534436225891,
                    3.075160503387451
                ],
                [
                    0.8088546395301819,
                    -0.19547171890735626,
                    -0.554567277431488,
                    -2.235532283782959
                ],
                [
                    2.9802320611338473e-08,
                    0.9431279301643372,
                    -0.33243003487586975,
                    -1.3400683403015137
                ],
                [
                    0.0,
                    0.0,
                    0.0,
                    1.0
                ]
            ]
        },
        {
            "file_path": "/data/shapenet_blender/all_50_random/02958343/86d9b82220d7ba342e56818be5fde856/r_25",
            "rotation": 0.12566370614359174,
            "transform_matrix": [
                [
                    -0.8904447555541992,
                    0.21161596477031708,
                    0.40289798378944397,
                    1.6241337060928345
                ],
                [
                    0.45509132742881775,
                    0.41405388712882996,
                    0.7883217334747314,
                    3.1778266429901123
                ],
                [
                    -1.4901161193847656e-08,
                    0.8853122591972351,
                    -0.4649967551231384,
                    -1.8744618892669678
                ],
                [
                    0.0,
                    0.0,
                    0.0,
                    1.0
                ]
            ]
        },
        {
            "file_path": "/data/shapenet_blender/all_50_random/02958343/86d9b82220d7ba342e56818be5fde856/r_26",
            "rotation": 0.12566370614359174,
            "transform_matrix": [
                [
                    -0.18538077175617218,
                    -0.5554466247558594,
                    -0.8106250762939453,
                    -3.2677342891693115
                ],
                [
                    -0.9826668500900269,
                    0.10478539019823074,
                    0.15292498469352722,
                    0.6164603233337402
                ],
                [
                    -7.450581485102248e-09,
                    0.8249236345291138,
                    -0.5652440786361694,
                    -2.278571844100952
                ],
                [
                    0.0,
                    0.0,
                    0.0,
                    1.0
                ]
            ]
        },
        {
            "file_path": "/data/shapenet_blender/all_50_random/02958343/86d9b82220d7ba342e56818be5fde856/r_27",
            "rotation": 0.12566370614359174,
            "transform_matrix": [
                [
                    0.9018320441246033,
                    -0.22680528461933136,
                    -0.3677748441696167,
                    -1.4825477600097656
                ],
                [
                    -0.4320867955684662,
                    -0.4733777344226837,
                    -0.7676030397415161,
                    -3.0943069458007812
                ],
                [
                    0.0,
                    0.8511597514152527,
                    -0.5249067544937134,
                    -2.115966796875
                ],
                [
                    0.0,
                    0.0,
                    0.0,
                    1.0
                ]
            ]
        },
        {
            "file_path": "/data/shapenet_blender/all_50_random/02958343/86d9b82220d7ba342e56818be5fde856/r_28",
            "rotation": 0.12566370614359174,
            "transform_matrix": [
                [
                    0.07559917122125626,
                    0.7193360924720764,
                    0.6905362606048584,
                    2.7836408615112305
                ],
                [
                    0.997138261795044,
                    -0.05453728511929512,
                    -0.052353791892528534,
                    -0.21104490756988525
                ],
                [
                    3.7252898543727042e-09,
                    0.6925180554389954,
                    -0.7214004397392273,
                    -2.9080584049224854
                ],
                [
                    0.0,
                    0.0,
                    0.0,
                    1.0
                ]
            ]
        },
        {
            "file_path": "/data/shapenet_blender/all_50_random/02958343/86d9b82220d7ba342e56818be5fde856/r_29",
            "rotation": 0.12566370614359174,
            "transform_matrix": [
                [
                    -0.23716877400875092,
                    -0.25399157404899597,
                    -0.9376775622367859,
                    -3.7798991203308105
                ],
                [
                    -0.971468448638916,
                    0.06200806051492691,
                    0.22891925275325775,
                    0.9228030443191528
                ],
                [
                    3.725290298461914e-09,
                    0.9652165770530701,
                    -0.26145124435424805,
                    -1.0539436340332031
                ],
                [
                    0.0,
                    0.0,
                    0.0,
                    1.0
                ]
            ]
        },
        {
            "file_path": "/data/shapenet_blender/all_50_random/02958343/86d9b82220d7ba342e56818be5fde856/r_30",
            "rotation": 0.12566370614359174,
            "transform_matrix": [
                [
                    0.803270697593689,
                    0.15852217376232147,
                    0.574131429195404,
                    2.3143980503082275
                ],
                [
                    0.5956141948699951,
                    -0.21378976106643677,
                    -0.7742981314659119,
                    -3.121295928955078
                ],
                [
                    0.0,
                    0.9639319181442261,
                    -0.26614904403686523,
                    -1.0728812217712402
                ],
                [
                    0.0,
                    0.0,
                    0.0,
                    1.0
                ]
            ]
        },
        {
            "file_path": "/data/shapenet_blender/all_50_random/02958343/86d9b82220d7ba342e56818be5fde856/r_31",
            "rotation": 0.12566370614359174,
            "transform_matrix": [
                [
                    -0.27442997694015503,
                    0.878545880317688,
                    0.39095446467399597,
                    1.5759878158569336
                ],
                [
                    0.9616070985794067,
                    0.2507253885269165,
                    0.1115732491016388,
                    0.4497661590576172
                ],
                [
                    0.0,
                    0.40656349062919617,
                    -0.9136224985122681,
                    -3.6829299926757812
                ],
                [
                    0.0,
                    0.0,
                    0.0,
                    1.0
                ]
            ]
        },
        {
            "file_path": "/data/shapenet_blender/all_50_random/02958343/86d9b82220d7ba342e56818be5fde856/r_32",
            "rotation": 0.12566370614359174,
            "transform_matrix": [
                [
                    -0.8170593976974487,
                    -0.37349119782447815,
                    0.4392246901988983,
                    1.7705713510513306
                ],
                [
                    0.5765535831451416,
                    -0.5292907953262329,
                    0.6224445700645447,
                    2.5091543197631836
                ],
                [
                    2.9802322387695312e-08,
                    0.7618107199668884,
                    0.6477996706962585,
                    2.6113638877868652
                ],
                [
                    0.0,
                    0.0,
                    0.0,
                    1.0
                ]
            ]
        },
        {
            "file_path": "/data/shapenet_blender/all_50_random/02958343/86d9b82220d7ba342e56818be5fde856/r_33",
            "rotation": 0.12566370614359174,
            "transform_matrix": [
                [
                    0.541806697845459,
                    -0.0643414631485939,
                    0.8380367755889893,
                    3.378234386444092
                ],
                [
                    0.8405031561851501,
                    0.04147591441869736,
                    -0.540216863155365,
                    -2.1776838302612305
                ],
                [
                    3.725290298461914e-09,
                    0.997065544128418,
                    0.07655113935470581,
                    0.30858752131462097
                ],
                [
                    0.0,
                    0.0,
                    0.0,
                    1.0
                ]
            ]
        },
        {
            "file_path": "/data/shapenet_blender/all_50_random/02958343/86d9b82220d7ba342e56818be5fde856/r_34",
            "rotation": 0.12566370614359174,
            "transform_matrix": [
                [
                    0.5393529534339905,
                    0.4450918436050415,
                    0.7148367762565613,
                    2.881599187850952
                ],
                [
                    0.8420798182487488,
                    -0.28508177399635315,
                    -0.45785367488861084,
                    -1.8456672430038452
                ],
                [
                    0.0,
                    0.8488942384719849,
                    -0.528562605381012,
                    -2.130703926086426
                ],
                [
                    0.0,
                    0.0,
                    0.0,
                    1.0
                ]
            ]
        },
        {
            "file_path": "/data/shapenet_blender/all_50_random/02958343/86d9b82220d7ba342e56818be5fde856/r_35",
            "rotation": 0.12566370614359174,
            "transform_matrix": [
                [
                    0.39367204904556274,
                    -0.6400970220565796,
                    -0.6597712635993958,
                    -2.659623146057129
                ],
                [
                    -0.9192510843276978,
                    -0.2741234600543976,
                    -0.28254902362823486,
                    -1.1389915943145752
                ],
                [
                    0.0,
                    0.7177269458770752,
                    -0.6963245868682861,
                    -2.806974172592163
                ],
                [
                    0.0,
                    0.0,
                    0.0,
                    1.0
                ]
            ]
        },
        {
            "file_path": "/data/shapenet_blender/all_50_random/02958343/86d9b82220d7ba342e56818be5fde856/r_36",
            "rotation": 0.12566370614359174,
            "transform_matrix": [
                [
                    0.5897613763809204,
                    -0.42420870065689087,
                    -0.6871887445449829,
                    -2.770146608352661
                ],
                [
                    -0.8075774908065796,
                    -0.309793084859848,
                    -0.5018433332443237,
                    -2.0229954719543457
                ],
                [
                    0.0,
                    0.8509261608123779,
                    -0.5252853035926819,
                    -2.117492914199829
                ],
                [
                    0.0,
                    0.0,
                    0.0,
                    1.0
                ]
            ]
        },
        {
            "file_path": "/data/shapenet_blender/all_50_random/02958343/86d9b82220d7ba342e56818be5fde856/r_37",
            "rotation": 0.12566370614359174,
            "transform_matrix": [
                [
                    0.9984118342399597,
                    -0.010035659186542034,
                    0.05543569475412369,
                    0.22346845269203186
                ],
                [
                    0.056336767971515656,
                    0.1778540462255478,
                    -0.9824428558349609,
                    -3.9603540897369385
                ],
                [
                    -9.313225746154785e-10,
                    0.9840056300163269,
                    0.178136944770813,
                    0.7180930376052856
                ],
                [
                    0.0,
                    0.0,
                    0.0,
                    1.0
                ]
            ]
        },
        {
            "file_path": "/data/shapenet_blender/all_50_random/02958343/86d9b82220d7ba342e56818be5fde856/r_38",
            "rotation": 0.12566370614359174,
            "transform_matrix": [
                [
                    -0.49103569984436035,
                    -0.852034330368042,
                    0.1814427673816681,
                    0.7314192056655884
                ],
                [
                    0.871139407157898,
                    -0.4802667200565338,
                    0.10227395594120026,
                    0.41227951645851135
                ],
                [
                    0.0,
                    0.20828217267990112,
                    0.9780687689781189,
                    3.942721366882324
                ],
                [
                    0.0,
                    0.0,
                    0.0,
                    1.0
                ]
            ]
        },
        {
            "file_path": "/data/shapenet_blender/all_50_random/02958343/86d9b82220d7ba342e56818be5fde856/r_39",
            "rotation": 0.12566370614359174,
            "transform_matrix": [
                [
                    0.48117899894714355,
                    0.6090547442436218,
                    0.6304910778999329,
                    2.541590929031372
                ],
                [
                    0.8766224384307861,
                    -0.3343107998371124,
                    -0.34607720375061035,
                    -1.395081877708435
                ],
                [
                    1.4901162970204496e-08,
                    0.71922767162323,
                    -0.6947743892669678,
                    -2.800725221633911
                ],
                [
                    0.0,
                    0.0,
                    0.0,
                    1.0
                ]
            ]
        },
        {
            "file_path": "/data/shapenet_blender/all_50_random/02958343/86d9b82220d7ba342e56818be5fde856/r_40",
            "rotation": 0.12566370614359174,
            "transform_matrix": [
                [
                    0.36614078283309937,
                    -0.16911987960338593,
                    0.9150625467300415,
                    3.688735008239746
                ],
                [
                    0.930559515953064,
                    0.06654242426156998,
                    -0.3600432872772217,
                    -1.451380968093872
                ],
                [
                    -3.725290742551124e-09,
                    0.9833465218544006,
                    0.18174000084400177,
                    0.7326173782348633
                ],
                [
                    0.0,
                    0.0,
                    0.0,
                    1.0
                ]
            ]
        },
        {
            "file_path": "/data/shapenet_blender/all_50_random/02958343/86d9b82220d7ba342e56818be5fde856/r_41",
            "rotation": 0.12566370614359174,
            "transform_matrix": [
                [
                    -0.986366331577301,
                    0.1307048350572586,
                    -0.099989153444767,
                    -0.4030691981315613
                ],
                [
                    -0.16456486284732819,
                    -0.7834165692329407,
                    0.5993133783340454,
                    2.415909767150879
                ],
                [
