{
    "class": "02958343",
    "model": "2861ac374a2ea7f997692eea6221681c",
    "remove_doubles": true,
    "edge_split": true,
    "denoise": true,
    "camera_angle_x": 0.6911112070083618,
    "scale_factor": 2.2446185271293717,
    "hdri_file": "/data/IndoorHDRDataset2018/9C4A5547-6b5764187f.exr",
    "center_offset": [
        0.0,
        0.0,
        -1.862645149230957e-09
    ],
    "lights": [],
    "frames": [
        {
            "file_path": "/data/shapenet_blender/all_50_random/02958343/2861ac374a2ea7f997692eea6221681c/r_0",
            "rotation": 0.12566370614359174,
            "transform_matrix": [
                [
                    0.8154173493385315,
                    -0.08451838791370392,
                    0.5726702213287354,
                    2.3085074424743652
                ],
                [
                    0.5788734555244446,
                    0.11905495822429657,
                    -0.8066792488098145,
                    -3.2518279552459717
                ],
                [
                    0.0,
                    0.9892838001251221,
                    0.14600494503974915,
                    0.5885647535324097
                ],
                [
                    0.0,
                    0.0,
                    0.0,
                    1.0
                ]
            ]
        },
        {
            "file_path": "/data/shapenet_blender/all_50_random/02958343/2861ac374a2ea7f997692eea6221681c/r_1",
            "rotation": 0.12566370614359174,
            "transform_matrix": [
                [
                    -0.2351853996515274,
                    0.5427801609039307,
                    0.8062737584114075,
                    3.2501935958862305
                ],
                [
                    0.9719505310058594,
                    0.13133792579174042,
                    0.19509615004062653,
                    0.7864577174186707
                ],
                [
                    0.0,
                    0.8295419216156006,
                    -0.5584442615509033,
                    -2.2511608600616455
                ],
                [
                    0.0,
                    0.0,
                    0.0,
                    1.0
                ]
            ]
        },
        {
            "file_path": "/data/shapenet_blender/all_50_random/02958343/2861ac374a2ea7f997692eea6221681c/r_2",
            "rotation": 0.12566370614359174,
            "transform_matrix": [
                [
                    -0.5145025849342346,
                    0.7516231536865234,
                    -0.41273438930511475,
                    -1.6637855768203735
                ],
                [
                    -0.8574888706207275,
                    -0.450982004404068,
                    0.2476450800895691,
                    0.9982892274856567
                ],
                [
                    -1.4901162970204496e-08,
                    0.48132914304733276,
                    0.8765398859977722,
                    3.533445358276367
                ],
                [
                    0.0,
                    0.0,
                    0.0,
                    1.0
                ]
            ]
        },
        {
            "file_path": "/data/shapenet_blender/all_50_random/02958343/2861ac374a2ea7f997692eea6221681c/r_3",
            "rotation": 0.12566370614359174,
            "transform_matrix": [
                [
                    0.0486462339758873,
                    -0.9401404857635498,
                    0.33729708194732666,
                    1.35968816280365
                ],
                [
                    0.9988160729408264,
                    0.04578850418329239,
                    -0.01642768085002899,
                    -0.06622210890054703
                ],
                [
                    -9.313225746154785e-10,
                    0.3376968204975128,
                    0.9412548542022705,
                    3.7943198680877686
                ],
                [
                    0.0,
                    0.0,
                    0.0,
                    1.0
                ]
            ]
        },
        {
            "file_path": "/data/shapenet_blender/all_50_random/02958343/2861ac374a2ea7f997692eea6221681c/r_4",
            "rotation": 0.12566370614359174,
            "transform_matrix": [
                [
                    0.7889272570610046,
                    0.2387465536594391,
                    -0.566210150718689,
                    -2.282466173171997
                ],
                [
                    -0.6144866347312927,
                    0.3065219819545746,
                    -0.7269459962844849,
                    -2.930413007736206
                ],
                [
                    0.0,
                    0.921436071395874,
                    0.38853007555007935,
                    1.5662147998809814
                ],
                [
                    0.0,
                    0.0,
                    0.0,
                    1.0
                ]
            ]
        },
        {
            "file_path": "/data/shapenet_blender/all_50_random/02958343/2861ac374a2ea7f997692eea6221681c/r_5",
            "rotation": 0.12566370614359174,
            "transform_matrix": [
                [
                    0.23061195015907288,
                    0.5959228277206421,
                    -0.7692166566848755,
                    -3.10081148147583
                ],
                [
                    -0.973045825958252,
                    0.14123375713825226,
                    -0.18230441212654114,
                    -0.7348926067352295
                ],
                [
                    0.0,
                    0.7905245423316956,
                    0.6124303340911865,
                    2.468785524368286
                ],
                [
                    0.0,
                    0.0,
                    0.0,
                    1.0
                ]
            ]
        },
        {
            "file_path": "/data/shapenet_blender/all_50_random/02958343/2861ac374a2ea7f997692eea6221681c/r_6",
            "rotation": 0.12566370614359174,
            "transform_matrix": [
                [
                    -0.6910908818244934,
                    0.5025295615196228,
                    -0.5194780826568604,
                    -2.094083070755005
                ],
                [
                    -0.7227678894996643,
                    -0.4805050194263458,
                    0.4967106878757477,
                    2.002304792404175
                ],
                [
                    -1.4901162970204496e-08,
                    0.7187342643737793,
                    0.6952848434448242,
                    2.8027827739715576
                ],
                [
                    0.0,
                    0.0,
                    0.0,
                    1.0
                ]
            ]
        },
        {
            "file_path": "/data/shapenet_blender/all_50_random/02958343/2861ac374a2ea7f997692eea6221681c/r_7",
            "rotation": 0.12566370614359174,
            "transform_matrix": [
                [
                    -0.7347230315208435,
                    -0.38695940375328064,
                    -0.55717533826828,
                    -2.2460458278656006
                ],
                [
                    -0.6783670783042908,
                    0.4191063642501831,
                    0.6034631729125977,
                    2.432638168334961
                ],
                [
                    -1.4901160305669237e-08,
                    0.8213478326797485,
                    -0.5704275965690613,
                    -2.2994673252105713
                ],
                [
                    0.0,
                    0.0,
                    0.0,
                    1.0
                ]
            ]
        },
        {
            "file_path": "/data/shapenet_blender/all_50_random/02958343/2861ac374a2ea7f997692eea6221681c/r_8",
            "rotation": 0.12566370614359174,
            "transform_matrix": [
                [
                    -0.1883588582277298,
                    -0.6720883250236511,
                    0.7161131501197815,
                    2.886744260787964
                ],
                [
                    0.9821003079414368,
                    -0.12890107929706573,
                    0.13734468817710876,
                    0.553654134273529
                ],
                [
                    0.0,
                    0.7291650176048279,
                    0.6843379139900208,
                    2.7586543560028076
                ],
                [
                    0.0,
                    0.0,
                    0.0,
                    1.0
                ]
            ]
        },
        {
            "file_path": "/data/shapenet_blender/all_50_random/02958343/2861ac374a2ea7f997692eea6221681c/r_9",
            "rotation": 0.12566370614359174,
            "transform_matrix": [
                [
                    -0.9981087446212769,
                    -0.015109407715499401,
                    -0.059587739408016205,
                    -0.24020586907863617
                ],
                [
                    -0.06147352233529091,
                    0.24532240629196167,
                    0.9674904346466064,
                    3.9000790119171143
                ],
                [
                    0.0,
                    0.9693237543106079,
                    -0.24578724801540375,
                    -0.990800142288208
                ],
                [
                    0.0,
                    0.0,
                    0.0,
                    1.0
                ]
            ]
        },
        {
            "file_path": "/data/shapenet_blender/all_50_random/02958343/2861ac374a2ea7f997692eea6221681c/r_10",
            "rotation": 0.12566370614359174,
            "transform_matrix": [
                [
                    0.8612077832221985,
                    0.1464737355709076,
                    0.48668941855430603,
                    1.9619078636169434
                ],
                [
                    0.5082530379295349,
                    -0.2481919527053833,
                    -0.824669361114502,
                    -3.3243486881256104
                ],
                [
                    -7.450580596923828e-09,
                    0.9575730562210083,
                    -0.2881905436515808,
                    -1.1617333889007568
                ],
                [
                    0.0,
                    0.0,
                    0.0,
                    1.0
                ]
            ]
        },
        {
            "file_path": "/data/shapenet_blender/all_50_random/02958343/2861ac374a2ea7f997692eea6221681c/r_11",
            "rotation": 0.12566370614359174,
            "transform_matrix": [
                [
                    0.18763750791549683,
                    0.18717922270298004,
                    0.964238703250885,
                    3.886970043182373
                ],
                [
                    0.9822384119033813,
                    -0.03575694188475609,
                    -0.1841990202665329,
                    -0.7425299286842346
                ],
                [
                    0.0,
                    0.9816747903823853,
                    -0.19056397676467896,
                    -0.7681878805160522
                ],
                [
                    0.0,
                    0.0,
                    0.0,
                    1.0
                ]
            ]
        },
        {
            "file_path": "/data/shapenet_blender/all_50_random/02958343/2861ac374a2ea7f997692eea6221681c/r_12",
            "rotation": 0.12566370614359174,
            "transform_matrix": [
                [
                    -0.9702883958816528,
                    0.09618737548589706,
                    0.22200994193553925,
                    0.8949507474899292
                ],
                [
                    0.24195131659507751,
                    0.3857366740703583,
                    0.8903182744979858,
                    3.5889880657196045
                ],
                [
                    0.0,
                    0.9175812005996704,
                    -0.3975484371185303,
                    -1.6025691032409668
                ],
                [
                    0.0,
                    0.0,
                    0.0,
                    1.0
                ]
            ]
        },
        {
            "file_path": "/data/shapenet_blender/all_50_random/02958343/2861ac374a2ea7f997692eea6221681c/r_13",
            "rotation": 0.12566370614359174,
            "transform_matrix": [
                [
                    0.5668711066246033,
                    0.6547272801399231,
                    -0.49998921155929565,
                    -2.0155210494995117
                ],
                [
                    -0.8238065838813782,
                    0.4505256414413452,
                    -0.34404850006103516,
                    -1.386904001235962
                ],
                [
                    1.4901161193847656e-08,
                    0.6069256067276001,
                    0.794758677482605,
                    3.203774929046631
                ],
                [
                    0.0,
                    0.0,
                    0.0,
                    1.0
                ]
            ]
        },
        {
            "file_path": "/data/shapenet_blender/all_50_random/02958343/2861ac374a2ea7f997692eea6221681c/r_14",
            "rotation": 0.12566370614359174,
            "transform_matrix": [
                [
                    0.8799709677696228,
                    0.07024851441383362,
                    0.46980443596839905,
                    1.8938422203063965
                ],
                [
                    0.4750274419784546,
                    -0.13013282418251038,
                    -0.8702955842018127,
                    -3.5082736015319824
                ],
                [
                    3.725290298461914e-09,
                    0.9890047311782837,
                    -0.1478831022977829,
                    -0.5961358547210693
                ],
                [
                    0.0,
                    0.0,
                    0.0,
                    1.0
                ]
            ]
        },
        {
            "file_path": "/data/shapenet_blender/all_50_random/02958343/2861ac374a2ea7f997692eea6221681c/r_15",
            "rotation": 0.12566370614359174,
            "transform_matrix": [
                [
                    0.9795147776603699,
                    -0.14341630041599274,
                    -0.1413596123456955,
                    -0.5698388814926147
                ],
                [
                    -0.20137225091457367,
                    -0.6976054906845093,
                    -0.6876013875007629,
                    -2.7718100547790527
                ],
                [
                    0.0,
                    0.7019816637039185,
                    -0.7121949195861816,
                    -2.8709497451782227
                ],
                [
                    0.0,
                    0.0,
                    0.0,
                    1.0
                ]
            ]
        },
        {
            "file_path": "/data/shapenet_blender/all_50_random/02958343/2861ac374a2ea7f997692eea6221681c/r_16",
            "rotation": 0.12566370614359174,
            "transform_matrix": [
                [
                    -0.7724531888961792,
                    0.4518011212348938,
                    -0.44630903005599976,
                    -1.7991292476654053
                ],
                [
                    -0.6350716948509216,
                    -0.5495367050170898,
                    0.5428565740585327,
                    2.1883249282836914
                ],
                [
                    0.0,
                    0.7027695775032043,
                    0.711417555809021,
                    2.8678159713745117
                ],
                [
                    0.0,
                    0.0,
                    0.0,
                    1.0
                ]
            ]
        },
        {
            "file_path": "/data/shapenet_blender/all_50_random/02958343/2861ac374a2ea7f997692eea6221681c/r_17",
            "rotation": 0.12566370614359174,
            "transform_matrix": [
                [
                    0.444541335105896,
                    0.3840014934539795,
                    -0.8092748522758484,
                    -3.262291431427002
                ],
                [
                    -0.895758330821991,
                    0.19056986272335052,
                    -0.40162187814712524,
                    -1.6189897060394287
                ],
                [
                    0.0,
                    0.9034522175788879,
                    0.4286887049674988,
                    1.7280995845794678
                ],
                [
                    0.0,
                    0.0,
                    0.0,
                    1.0
                ]
            ]
        },
        {
            "file_path": "/data/shapenet_blender/all_50_random/02958343/2861ac374a2ea7f997692eea6221681c/r_18",
            "rotation": 0.12566370614359174,
            "transform_matrix": [
                [
                    0.34803086519241333,
                    -0.2796109616756439,
                    0.8948140740394592,
                    3.6071109771728516
                ],
                [
                    0.937483012676239,
                    0.10380268841981888,
                    -0.33219048380851746,
                    -1.3391026258468628
                ],
                [
                    -7.450580152834618e-09,
                    0.9544855952262878,
                    0.298257052898407,
                    1.2023125886917114
                ],
                [
                    0.0,
                    0.0,
                    0.0,
                    1.0
                ]
            ]
        },
        {
            "file_path": "/data/shapenet_blender/all_50_random/02958343/2861ac374a2ea7f997692eea6221681c/r_19",
            "rotation": 0.12566370614359174,
            "transform_matrix": [
                [
                    -0.6464759111404419,
                    0.2588348984718323,
                    0.717686116695404,
                    2.893085241317749
                ],
                [
                    0.7629343867301941,
                    0.21932491660118103,
                    0.6081345677375793,
                    2.4514689445495605
                ],
                [
                    0.0,
                    0.9406917095184326,
                    -0.33926236629486084,
                    -1.3676103353500366
                ],
                [
                    0.0,
                    0.0,
                    0.0,
                    1.0
                ]
            ]
        },
        {
            "file_path": "/data/shapenet_blender/all_50_random/02958343/2861ac374a2ea7f997692eea6221681c/r_20",
            "rotation": 0.12566370614359174,
            "transform_matrix": [
                [
                    0.9553264379501343,
                    -0.14984360337257385,
                    -0.25475141406059265,
                    -1.0269358158111572
                ],
                [
                    -0.29555270075798035,
                    -0.48434528708457947,
                    -0.8234428763389587,
                    -3.319404363632202
                ],
                [
                    0.0,
                    0.8619492053985596,
                    -0.5069945454597473,
                    -2.043760299682617
                ],
                [
                    0.0,
                    0.0,
                    0.0,
                    1.0
                ]
            ]
        },
        {
            "file_path": "/data/shapenet_blender/all_50_random/02958343/2861ac374a2ea7f997692eea6221681c/r_21",
            "rotation": 0.12566370614359174,
            "transform_matrix": [
                [
                    -0.7050676941871643,
                    -0.32577091455459595,
                    -0.6298832297325134,
                    -2.539140462875366
                ],
                [
                    -0.7091399431228638,
                    0.32390016317367554,
                    0.6262660622596741,
                    2.524559259414673
                ],
                [
                    1.4901160305669237e-08,
                    0.888235330581665,
                    -0.45938870310783386,
                    -1.8518550395965576
                ],
                [
                    0.0,
                    0.0,
                    0.0,
                    1.0
                ]
            ]
        },
        {
            "file_path": "/data/shapenet_blender/all_50_random/02958343/2861ac374a2ea7f997692eea6221681c/r_22",
            "rotation": 0.12566370614359174,
            "transform_matrix": [
                [
                    0.2862749397754669,
                    0.2776906192302704,
                    0.9170248508453369,
                    3.696645498275757
                ],
                [
                    0.9581475257873535,
                    -0.08296829462051392,
                    -0.2739883363246918,
                    -1.1044822931289673
                ],
                [
                    0.0,
                    0.9570810794830322,
                    -0.2898203134536743,
                    -1.1683030128479004
                ],
                [
                    0.0,
                    0.0,
                    0.0,
                    1.0
                ]
            ]
        },
        {
            "file_path": "/data/shapenet_blender/all_50_random/02958343/2861ac374a2ea7f997692eea6221681c/r_23",
            "rotation": 0.12566370614359174,
            "transform_matrix": [
                [
                    -0.6521279811859131,
                    0.32146546244621277,
                    -0.6865776777267456,
                    -2.767683506011963
                ],
                [
                    -0.758108913898468,
                    -0.2765257656574249,
                    0.590596616268158,
                    2.3807713985443115
                ],
                [
                    0.0,
                    0.9056452512741089,
                    0.4240359961986542,
                    1.7093439102172852
                ],
                [
                    0.0,
                    0.0,
                    0.0,
                    1.0
                ]
            ]
        },
        {
            "file_path": "/data/shapenet_blender/all_50_random/02958343/2861ac374a2ea7f997692eea6221681c/r_24",
            "rotation": 0.12566370614359174,
            "transform_matrix": [
                [
                    0.4525807499885559,
                    0.14967839419841766,
                    0.8790716528892517,
                    3.5436513423919678
                ],
                [
                    0.8917235136032104,
                    -0.07596699893474579,
                    -0.4461594820022583,
                    -1.7985265254974365
                ],
                [
                    0.0,
                    0.9858120083808899,
                    -0.16785292327404022,
                    -0.676636815071106
                ],
                [
                    0.0,
                    0.0,
                    0.0,
                    1.0
                ]
            ]
        },
        {
            "file_path": "/data/shapenet_blender/all_50_random/02958343/2861ac374a2ea7f997692eea6221681c/r_25",
            "rotation": 0.12566370614359174,
            "transform_matrix": [
                [
                    0.6259397268295288,
                    -0.03241400420665741,
                    0.7791974544525146,
                    3.141045570373535
                ],
                [
                    0.77987140417099,
                    0.026016099378466606,
                    -0.6253988146781921,
                    -2.5210635662078857
                ],
                [
                    1.862645149230957e-09,
                    0.9991358518600464,
                    0.041563261300325394,
                    0.16754688322544098
                ],
                [
                    0.0,
                    0.0,
                    0.0,
                    1.0
                ]
            ]
        },
        {
            "file_path": "/data/shapenet_blender/all_50_random/02958343/2861ac374a2ea7f997692eea6221681c/r_26",
            "rotation": 0.12566370614359174,
            "transform_matrix": [
                [
                    -0.9931333661079407,
                    0.025735406205058098,
                    -0.11412272602319717,
                    -0.46004343032836914
                ],
                [
                    -0.11698850989341736,
                    -0.21847179532051086,
                    0.9688053131103516,
                    3.905379056930542
                ],
                [
                    1.862645371275562e-09,
                    0.9755038619041443,
                    0.2199823409318924,
                    0.8867771625518799
                ],
                [
                    0.0,
                    0.0,
                    0.0,
                    1.0
                ]
            ]
        },
        {
            "file_path": "/data/shapenet_blender/all_50_random/02958343/2861ac374a2ea7f997692eea6221681c/r_27",
            "rotation": 0.12566370614359174,
            "transform_matrix": [
                [
                    0.8323436975479126,
                    -0.528745174407959,
                    0.16622981429100037,
                    0.6700938940048218
                ],
                [
                    0.554259717464447,
                    0.7940279245376587,
                    -0.249630868434906,
                    -1.0062942504882812
                ],
                [
                    0.0,
                    0.2999131679534912,
                    0.9539663791656494,
                    3.8455617427825928
                ],
                [
                    0.0,
                    0.0,
                    0.0,
                    1.0
                ]
            ]
        },
        {
            "file_path": "/data/shapenet_blender/all_50_random/02958343/2861ac374a2ea7f997692eea6221681c/r_28",
            "rotation": 0.12566370614359174,
            "transform_matrix": [
                [
                    -0.8945096135139465,
                    -0.2602539360523224,
                    0.36348360776901245,
                    1.4652493000030518
                ],
                [
                    0.4470485746860504,
                    -0.5207480192184448,
                    0.727302610874176,
                    2.9318506717681885
                ],
                [
                    0.0,
                    0.8130740523338318,
                    0.5821602940559387,
                    2.3467631340026855
                ],
                [
                    0.0,
                    0.0,
                    0.0,
                    1.0
                ]
            ]
        },
        {
            "file_path": "/data/shapenet_blender/all_50_random/02958343/2861ac374a2ea7f997692eea6221681c/r_29",
            "rotation": 0.12566370614359174,
            "transform_matrix": [
                [
                    0.7315196394920349,
                    0.37894412875175476,
                    0.5668160319328308,
                    2.2849085330963135
                ],
                [
                    0.6818203926086426,
                    -0.4065661132335663,
                    -0.6081323623657227,
                    -2.4514598846435547
                ],
                [
                    0.0,
                    0.8313274383544922,
                    -0.5557829141616821,
                    -2.2404325008392334
                ],
                [
                    0.0,
                    0.0,
                    0.0,
                    1.0
                ]
            ]
        },
        {
            "file_path": "/data/shapenet_blender/all_50_random/02958343/2861ac374a2ea7f997692eea6221681c/r_30",
            "rotation": 0.12566370614359174,
            "transform_matrix": [
                [
                    -0.059900980442762375,
                    0.3320685625076294,
                    0.9413512349128723,
                    3.794708490371704
                ],
                [
                    0.9982043504714966,
                    0.019927015528082848,
                    0.05648929998278618,
                    0.22771567106246948
                ],
                [
                    0.0,
                    0.9430447816848755,
                    -0.3326658606529236,
                    -1.3410191535949707
                ],
                [
                    0.0,
                    0.0,
                    0.0,
                    1.0
                ]
            ]
        },
        {
            "file_path": "/data/shapenet_blender/all_50_random/02958343/2861ac374a2ea7f997692eea6221681c/r_31",
            "rotation": 0.12566370614359174,
            "transform_matrix": [
                [
                    -0.36601629853248596,
                    0.3030669391155243,
                    -0.8798763751983643,
                    -3.5468952655792236
                ],
                [
                    -0.9306084513664246,
                    -0.11919883638620377,
                    0.34606295824050903,
                    1.3950245380401611
                ],
                [
                    7.450580596923828e-09,
                    0.94548499584198,
                    0.32566535472869873,
                    1.3127992153167725
                ],
                [
                    0.0,
                    0.0,
                    0.0,
                    1.0
                ]
            ]
        },
        {
            "file_path": "/data/shapenet_blender/all_50_random/02958343/2861ac374a2ea7f997692eea6221681c/r_32",
            "rotation": 0.12566370614359174,
            "transform_matrix": [
                [
                    -0.44819197058677673,
                    0.6831910014152527,
                    -0.5765188336372375,
                    -2.324021816253662
                ],
                [
                    -0.893937349319458,
                    -0.34253042936325073,
                    0.28904834389686584,
                    1.1651911735534668
                ],
                [
                    -1.4901161193847656e-08,
                    0.6449208855628967,
                    0.764249324798584,
                    3.0807876586914062
                ],
                [
                    0.0,
                    0.0,
                    0.0,
                    1.0
                ]
            ]
        },
        {
            "file_path": "/data/shapenet_blender/all_50_random/02958343/2861ac374a2ea7f997692eea6221681c/r_33",
            "rotation": 0.12566370614359174,
            "transform_matrix": [
                [
                    -0.9982995390892029,
                    0.005344047676771879,
                    0.05804802477359772,
                    0.2339990884065628
                ],
                [
                    0.058293506503105164,
                    0.09151894599199295,
                    0.9940955638885498,
                    4.007327556610107
                ],
                [
                    0.0,
                    0.9957889914512634,
                    -0.09167483448982239,
                    -0.3695531189441681
                ],
                [
                    0.0,
                    0.0,
                    0.0,
                    1.0
                ]
            ]
        },
        {
            "file_path": "/data/shapenet_blender/all_50_random/02958343/2861ac374a2ea7f997692eea6221681c/r_34",
            "rotation": 0.12566370614359174,
            "transform_matrix": [
                [
                    -0.9232739806175232,
                    -0.1745280623435974,
                    0.34220629930496216,
                    1.3794777393341064
                ],
                [
                    0.3841421604156494,
                    -0.41947290301322937,
                    0.8224824070930481,
                    3.315532684326172
                ],
                [
                    1.4901161193847656e-08,
                    0.8908324837684631,
                    0.4543319642543793,
                    1.8314707279205322
                ],
                [
                    0.0,
                    0.0,
                    0.0,
                    1.0
                ]
            ]
        },
        {
            "file_path": "/data/shapenet_blender/all_50_random/02958343/2861ac374a2ea7f997692eea6221681c/r_35",
            "rotation": 0.12566370614359174,
            "transform_matrix": [
                [
                    -0.9032238125801086,
                    0.3455444574356079,
                    -0.25453057885169983,
                    -1.026045560836792
                ],
                [
                    -0.4291698634624481,
                    -0.7272270917892456,
                    0.5356807708740234,
                    2.159398317337036
                ],
                [
                    -1.4901161193847656e-08,
                    0.5930764079093933,
                    0.8051460981369019,
                    3.245647668838501
                ],
                [
                    0.0,
                    0.0,
                    0.0,
                    1.0
                ]
            ]
        },
        {
            "file_path": "/data/shapenet_blender/all_50_random/02958343/2861ac374a2ea7f997692eea6221681c/r_36",
            "rotation": 0.12566370614359174,
            "transform_matrix": [
                [
                    0.2597102224826813,
                    -0.6151994466781616,
                    -0.7443656325340271,
                    -3.000633955001831
                ],
                [
                    -0.9656866192817688,
                    -0.165450781583786,
                    -0.2001885324716568,
                    -0.8069857954978943
                ],
                [
                    0.0,
                    0.7708148956298828,
                    -0.6370590925216675,
                    -2.5680673122406006
                ],
                [
                    0.0,
                    0.0,
                    0.0,
                    1.0
                ]
            ]
        },
        {
            "file_path": "/data/shapenet_blender/all_50_random/02958343/2861ac374a2ea7f997692eea6221681c/r_37",
            "rotation": 0.12566370614359174,
            "transform_matrix": [
                [
                    0.8928720951080322,
                    -0.3713328242301941,
                    -0.2547381520271301,
                    -1.026882290840149
                ],
                [
                    -0.4503105878829956,
                    -0.7362756729125977,
                    -0.5050926804542542,
                    -2.0360937118530273
                ],
                [
                    -1.4901162970204496e-08,
                    0.5656943321228027,
                    -0.824614942073822,
                    -3.324129104614258
                ],
                [
                    0.0,
                    0.0,
                    0.0,
                    1.0
                ]
            ]
        },
        {
            "file_path": "/data/shapenet_blender/all_50_random/02958343/2861ac374a2ea7f997692eea6221681c/r_38",
            "rotation": 0.12566370614359174,
            "transform_matrix": [
                [
                    0.321076899766922,
                    0.23650455474853516,
                    -0.9170469641685486,
                    -3.696734666824341
                ],
                [
                    -0.947053074836731,
                    0.08018151670694351,
                    -0.31090402603149414,
                    -1.2532942295074463
                ],
                [
                    7.450580596923828e-09,
                    0.9683161973953247,
                    0.24972683191299438,
                    1.0066810846328735
                ],
                [
                    0.0,
                    0.0,
                    0.0,
                    1.0
                ]
            ]
        },
        {
            "file_path": "/data/shapenet_blender/all_50_random/02958343/2861ac374a2ea7f997692eea6221681c/r_39",
            "rotation": 0.12566370614359174,
            "transform_matrix": [
                [
                    -0.9948874115943909,
                    -0.01607806421816349,
                    -0.09970270097255707,
                    -0.40191444754600525
                ],
                [
                    -0.10099077224731445,
                    0.1583893746137619,
                    0.9821983575820923,
                    3.9593682289123535
                ],
                [
                    0.0,
                    0.9872457385063171,
                    -0.15920333564281464,
                    -0.6417691707611084
                ],
                [
                    0.0,
                    0.0,
                    0.0,
                    1.0
                ]
            ]
        },
        {
            "file_path": "/data/shapenet_blender/all_50_random/02958343/2861ac374a2ea7f997692eea6221681c/r_40",
            "rotation": 0.12566370614359174,
            "transform_matrix": [
                [
                    0.7329012155532837,
                    -0.36081936955451965,
                    0.5767713785171509,
                    2.325039863586426
                ],
                [
                    0.6803351640701294,
                    0.3886980414390564,
                    -0.6213355660438538,
                    -2.50468373298645
                ],
                [
                    0.0,
                    0.847775399684906,
                    0.5303553938865662,
                    2.1379308700561523
                ],
                [
                    0.0,
                    0.0,
                    0.0,
                    1.0
                ]
            ]
        },
        {
            "file_path": "/data/shapenet_blender/all_50_random/02958343/2861ac374a2ea7f997692eea6221681c/r_41",
            "rotation": 0.12566370614359174,
            "transform_matrix": [
                [
                    0.7293252944946289,
                    -0.10806985944509506,
                    -0.6755779385566711,
                    -2.723341703414917
                ],
                [
                    -0.6841670870780945,
                    -0.11520297080278397,
                    -0.720169186592102,
                    -2.90309476852417
                ],
                [
                    -7.450580596923828e-09,
                    0.9874457120895386,
