{
    "class": "02958343",
    "model": "4baaabaced0c9e0ac0e3666c7d0ec7d0",
    "remove_doubles": true,
    "edge_split": true,
    "denoise": true,
    "camera_angle_x": 0.6911112070083618,
    "scale_factor": 2.2896865938849493,
    "hdri_file": "/data/IndoorHDRDataset2018/9C4A8369-1846fcbde4.exr",
    "center_offset": [
        0.0,
        -9.313225746154785e-10,
        0.0
    ],
    "lights": [],
    "frames": [
        {
            "file_path": "/data/shapenet_blender/all_50_random/02958343/4baaabaced0c9e0ac0e3666c7d0ec7d0/r_0",
            "rotation": 0.12566370614359174,
            "transform_matrix": [
                [
                    -0.9924765825271606,
                    0.013962953351438046,
                    0.12163600325584412,
                    0.49033045768737793
                ],
                [
                    0.1224348247051239,
                    0.11318597197532654,
                    0.9860012531280518,
                    3.974698543548584
                ],
                [
                    0.0,
                    0.9934756755828857,
                    -0.11404396593570709,
                    -0.4597259759902954
                ],
                [
                    0.0,
                    0.0,
                    0.0,
                    1.0
                ]
            ]
        },
        {
            "file_path": "/data/shapenet_blender/all_50_random/02958343/4baaabaced0c9e0ac0e3666c7d0ec7d0/r_1",
            "rotation": 0.12566370614359174,
            "transform_matrix": [
                [
                    -0.8114266991615295,
                    0.05013519898056984,
                    0.5822998285293579,
                    2.347325563430786
                ],
                [
                    0.5844540596008301,
                    0.06960519403219223,
                    0.80843585729599,
                    3.258908987045288
                ],
                [
                    0.0,
                    0.9963139891624451,
                    -0.08578123897314072,
                    -0.345795214176178
                ],
                [
                    0.0,
                    0.0,
                    0.0,
                    1.0
                ]
            ]
        },
        {
            "file_path": "/data/shapenet_blender/all_50_random/02958343/4baaabaced0c9e0ac0e3666c7d0ec7d0/r_2",
            "rotation": 0.12566370614359174,
            "transform_matrix": [
                [
                    -0.29991862177848816,
                    0.32934167981147766,
                    -0.8953115344047546,
                    -3.609116315841675
                ],
                [
                    -0.9539647698402405,
                    -0.10354231297969818,
                    0.28147855401039124,
                    1.1346763372421265
                ],
                [
                    -7.450580596923828e-09,
                    0.9385163187980652,
                    0.3452346622943878,
                    1.3916854858398438
                ],
                [
                    0.0,
                    0.0,
                    0.0,
                    1.0
                ]
            ]
        },
        {
            "file_path": "/data/shapenet_blender/all_50_random/02958343/4baaabaced0c9e0ac0e3666c7d0ec7d0/r_3",
            "rotation": 0.12566370614359174,
            "transform_matrix": [
                [
                    0.15361838042736053,
                    -0.0682034119963646,
                    -0.9857736229896545,
                    -3.973780632019043
                ],
                [
                    -0.9881303310394287,
                    -0.010603153146803379,
                    -0.1532520055770874,
                    -0.6177785992622375
                ],
                [
                    9.31322685637781e-10,
                    0.9976150393486023,
                    -0.06902270019054413,
                    -0.2782393991947174
                ],
                [
                    0.0,
                    0.0,
                    0.0,
                    1.0
                ]
            ]
        },
        {
            "file_path": "/data/shapenet_blender/all_50_random/02958343/4baaabaced0c9e0ac0e3666c7d0ec7d0/r_4",
            "rotation": 0.12566370614359174,
            "transform_matrix": [
                [
                    -0.39591920375823975,
                    -0.27020499110221863,
                    0.8776315450668335,
                    3.537846088409424
                ],
                [
                    0.9182853698730469,
                    -0.11649901419878006,
                    0.378391295671463,
                    1.5253442525863647
                ],
                [
                    -7.450580596923828e-09,
                    0.9557286500930786,
                    0.29424944519996643,
                    1.1861575841903687
                ],
                [
                    0.0,
                    0.0,
                    0.0,
                    1.0
                ]
            ]
        },
        {
            "file_path": "/data/shapenet_blender/all_50_random/02958343/4baaabaced0c9e0ac0e3666c7d0ec7d0/r_5",
            "rotation": 0.12566370614359174,
            "transform_matrix": [
                [
                    0.9803515076637268,
                    0.18823446333408356,
                    0.058981236070394516,
                    0.23776096105575562
                ],
                [
                    0.19725875556468964,
                    -0.9355019330978394,
                    -0.29312944412231445,
                    -1.1816425323486328
                ],
                [
                    -3.725290742551124e-09,
                    0.29900452494621277,
                    -0.9542517066001892,
                    -3.8467116355895996
                ],
                [
                    0.0,
                    0.0,
                    0.0,
                    1.0
                ]
            ]
        },
        {
            "file_path": "/data/shapenet_blender/all_50_random/02958343/4baaabaced0c9e0ac0e3666c7d0ec7d0/r_6",
            "rotation": 0.12566370614359174,
            "transform_matrix": [
                [
                    0.8361713290214539,
                    0.10243170708417892,
                    -0.5388182997703552,
                    -2.172046184539795
                ],
                [
                    -0.548468291759491,
                    0.1561630219221115,
                    -0.8214594125747681,
                    -3.3114089965820312
                ],
                [
                    7.450580596923828e-09,
                    0.9824056029319763,
                    0.1867595911026001,
                    0.7528520822525024
                ],
                [
                    0.0,
                    0.0,
                    0.0,
                    1.0
                ]
            ]
        },
        {
            "file_path": "/data/shapenet_blender/all_50_random/02958343/4baaabaced0c9e0ac0e3666c7d0ec7d0/r_7",
            "rotation": 0.12566370614359174,
            "transform_matrix": [
                [
                    -0.9891276955604553,
                    0.0025903626810759306,
                    0.14703647792339325,
                    0.59272301197052
                ],
                [
                    0.14705929160118103,
                    0.01742289774119854,
                    0.9889742136001587,
                    3.986682415008545
                ],
                [
                    2.3283064365386963e-10,
                    0.9998447299003601,
                    -0.01761441119015217,
                    -0.07100596278905869
                ],
                [
                    0.0,
                    0.0,
                    0.0,
                    1.0
                ]
            ]
        },
        {
            "file_path": "/data/shapenet_blender/all_50_random/02958343/4baaabaced0c9e0ac0e3666c7d0ec7d0/r_8",
            "rotation": 0.12566370614359174,
            "transform_matrix": [
                [
                    0.9228881001472473,
                    -0.3661766052246094,
                    0.1191314160823822,
                    0.4802340865135193
                ],
                [
                    0.3850683271884918,
                    0.8776106238365173,
                    -0.28552067279815674,
                    -1.150970697402954
                ],
                [
                    -7.450580596923828e-09,
                    0.3093772828578949,
                    0.9509392976760864,
                    3.8333590030670166
                ],
                [
                    0.0,
                    0.0,
                    0.0,
                    1.0
                ]
            ]
        },
        {
            "file_path": "/data/shapenet_blender/all_50_random/02958343/4baaabaced0c9e0ac0e3666c7d0ec7d0/r_9",
            "rotation": 0.12566370614359174,
            "transform_matrix": [
                [
                    -0.42604225873947144,
                    -0.14881396293640137,
                    -0.8923801183700562,
                    -3.597299575805664
                ],
                [
                    -0.9047032594680786,
                    0.07007937878370285,
                    0.42023906111717224,
                    1.694037914276123
                ],
                [
                    0.0,
                    0.9863788485527039,
                    -0.1644892543554306,
                    -0.6630774736404419
                ],
                [
                    0.0,
                    0.0,
                    0.0,
                    1.0
                ]
            ]
        },
        {
            "file_path": "/data/shapenet_blender/all_50_random/02958343/4baaabaced0c9e0ac0e3666c7d0ec7d0/r_10",
            "rotation": 0.12566370614359174,
            "transform_matrix": [
                [
                    -0.6358441710472107,
                    -0.7135320901870728,
                    -0.2942347824573517,
                    -1.1860984563827515
                ],
                [
                    -0.7718174457550049,
                    0.5878270864486694,
                    0.24239860475063324,
                    0.9771400690078735
                ],
                [
                    0.0,
                    0.38122323155403137,
                    -0.9244829416275024,
                    -3.726710081100464
                ],
                [
                    0.0,
                    0.0,
                    0.0,
                    1.0
                ]
            ]
        },
        {
            "file_path": "/data/shapenet_blender/all_50_random/02958343/4baaabaced0c9e0ac0e3666c7d0ec7d0/r_11",
            "rotation": 0.12566370614359174,
            "transform_matrix": [
                [
                    -0.9953625202178955,
                    0.08392877876758575,
                    -0.04700542986392975,
                    -0.18948495388031006
                ],
                [
                    -0.09619539231061935,
                    -0.8684362173080444,
                    0.4863792955875397,
                    1.9606575965881348
                ],
                [
                    3.725290742551124e-09,
                    0.4886453151702881,
                    0.8724824786186218,
                    3.517089366912842
                ],
                [
                    0.0,
                    0.0,
                    0.0,
                    1.0
                ]
            ]
        },
        {
            "file_path": "/data/shapenet_blender/all_50_random/02958343/4baaabaced0c9e0ac0e3666c7d0ec7d0/r_12",
            "rotation": 0.12566370614359174,
            "transform_matrix": [
                [
                    0.8642825484275818,
                    -0.36794915795326233,
                    0.34297093749046326,
                    1.3825600147247314
                ],
                [
                    0.5030065774917603,
                    0.6322223544120789,
                    -0.5893039703369141,
                    -2.3755602836608887
                ],
                [
                    1.4901161193847656e-08,
                    0.6818418502807617,
                    0.7314996123313904,
                    2.9487693309783936
                ],
                [
                    0.0,
                    0.0,
                    0.0,
                    1.0
                ]
            ]
        },
        {
            "file_path": "/data/shapenet_blender/all_50_random/02958343/4baaabaced0c9e0ac0e3666c7d0ec7d0/r_13",
            "rotation": 0.12566370614359174,
            "transform_matrix": [
                [
                    -0.018943319097161293,
                    0.6502668261528015,
                    0.7594695091247559,
                    3.0615198612213135
                ],
                [
                    0.9998205900192261,
                    0.012320421636104584,
                    0.014389454387128353,
                    0.05800575017929077
                ],
                [
                    0.0,
                    0.7596057653427124,
                    -0.6503835320472717,
                    -2.6217801570892334
                ],
                [
                    0.0,
                    0.0,
                    0.0,
                    1.0
                ]
            ]
        },
        {
            "file_path": "/data/shapenet_blender/all_50_random/02958343/4baaabaced0c9e0ac0e3666c7d0ec7d0/r_14",
            "rotation": 0.12566370614359174,
            "transform_matrix": [
                [
                    -0.697792649269104,
                    0.008262267336249352,
                    0.7162521481513977,
                    2.8873047828674316
                ],
                [
                    0.716299831867218,
                    0.00804879330098629,
                    0.697746217250824,
                    2.8127050399780273
                ],
                [
                    0.0,
                    0.9999334216117859,
                    -0.01153464987874031,
                    -0.046497661620378494
                ],
                [
                    0.0,
                    0.0,
                    0.0,
                    1.0
                ]
            ]
        },
        {
            "file_path": "/data/shapenet_blender/all_50_random/02958343/4baaabaced0c9e0ac0e3666c7d0ec7d0/r_15",
            "rotation": 0.12566370614359174,
            "transform_matrix": [
                [
                    -0.9858555197715759,
                    0.056205153465270996,
                    0.15789203345775604,
                    0.6364831924438477
                ],
                [
                    0.16759750247001648,
                    0.33061450719833374,
                    0.9287652969360352,
                    3.7439730167388916
                ],
                [
                    -3.725290298461914e-09,
                    0.9420908093452454,
                    -0.3353579044342041,
                    -1.351871132850647
                ],
                [
                    0.0,
                    0.0,
                    0.0,
                    1.0
                ]
            ]
        },
        {
            "file_path": "/data/shapenet_blender/all_50_random/02958343/4baaabaced0c9e0ac0e3666c7d0ec7d0/r_16",
            "rotation": 0.12566370614359174,
            "transform_matrix": [
                [
                    0.8908001780509949,
                    0.42635321617126465,
                    0.15715615451335907,
                    0.6335167288780212
                ],
                [
                    0.4543953537940979,
                    -0.8358262181282043,
                    -0.3080901503562927,
                    -1.2419511079788208
                ],
                [
                    1.4901161193847656e-08,
                    0.345857709646225,
                    -0.9382869601249695,
                    -3.782355785369873
                ],
                [
                    0.0,
                    0.0,
                    0.0,
                    1.0
                ]
            ]
        },
        {
            "file_path": "/data/shapenet_blender/all_50_random/02958343/4baaabaced0c9e0ac0e3666c7d0ec7d0/r_17",
            "rotation": 0.12566370614359174,
            "transform_matrix": [
                [
                    0.9111086130142212,
                    -0.038083191961050034,
                    -0.41040313243865967,
                    -1.6543878316879272
                ],
                [
                    -0.4121662974357605,
                    -0.08418428897857666,
                    -0.9072111248970032,
                    -3.6570847034454346
                ],
                [
                    0.0,
                    0.9957221746444702,
                    -0.09239764511585236,
                    -0.3724668025970459
                ],
                [
                    0.0,
                    0.0,
                    0.0,
                    1.0
                ]
            ]
        },
        {
            "file_path": "/data/shapenet_blender/all_50_random/02958343/4baaabaced0c9e0ac0e3666c7d0ec7d0/r_18",
            "rotation": 0.12566370614359174,
            "transform_matrix": [
                [
                    -0.4516831338405609,
                    -0.2815389037132263,
                    -0.8465920686721802,
                    -3.412721872329712
                ],
                [
                    -0.8921785354614258,
                    0.14253467321395874,
                    0.4286040961742401,
                    1.7277584075927734
                ],
                [
                    0.0,
                    0.9489043951034546,
                    -0.31556347012519836,
                    -1.2720770835876465
                ],
                [
                    0.0,
                    0.0,
                    0.0,
                    1.0
                ]
            ]
        },
        {
            "file_path": "/data/shapenet_blender/all_50_random/02958343/4baaabaced0c9e0ac0e3666c7d0ec7d0/r_19",
            "rotation": 0.12566370614359174,
            "transform_matrix": [
                [
                    -0.9729755520820618,
                    -0.22806429862976074,
                    0.03612757474184036,
                    0.14563491940498352
                ],
                [
                    0.23090802133083344,
                    -0.9609929323196411,
                    0.15223050117492676,
                    0.6136607527732849
                ],
                [
                    3.725290076417309e-09,
                    0.15645872056484222,
                    0.9876844882965088,
                    3.9814834594726562
                ],
                [
                    0.0,
                    0.0,
                    0.0,
                    1.0
                ]
            ]
        },
        {
            "file_path": "/data/shapenet_blender/all_50_random/02958343/4baaabaced0c9e0ac0e3666c7d0ec7d0/r_20",
            "rotation": 0.12566370614359174,
            "transform_matrix": [
                [
                    -0.22919684648513794,
                    -0.7911584377288818,
                    0.5670424103736877,
                    2.285820960998535
                ],
                [
                    0.9733800888061523,
                    -0.18629004061222076,
                    0.13351857662200928,
                    0.5382305979728699
                ],
                [
                    7.450580596923828e-09,
                    0.5825498104095459,
                    0.8127949833869934,
                    3.2764813899993896
                ],
                [
                    0.0,
                    0.0,
                    0.0,
                    1.0
                ]
            ]
        },
        {
            "file_path": "/data/shapenet_blender/all_50_random/02958343/4baaabaced0c9e0ac0e3666c7d0ec7d0/r_21",
            "rotation": 0.12566370614359174,
            "transform_matrix": [
                [
                    0.2868995666503906,
                    -0.1674490123987198,
                    -0.9432123303413391,
                    -3.802210569381714
                ],
                [
                    -0.9579607248306274,
                    -0.05014928802847862,
                    -0.2824825644493103,
                    -1.138723611831665
                ],
                [
                    0.0,
                    0.9846044778823853,
                    -0.17479737102985382,
                    -0.7046307325363159
                ],
                [
                    0.0,
                    0.0,
                    0.0,
                    1.0
                ]
            ]
        },
        {
            "file_path": "/data/shapenet_blender/all_50_random/02958343/4baaabaced0c9e0ac0e3666c7d0ec7d0/r_22",
            "rotation": 0.12566370614359174,
            "transform_matrix": [
                [
                    0.8196738362312317,
                    0.1832887977361679,
                    0.5427154302597046,
                    2.187755823135376
                ],
                [
                    0.5728304982185364,
                    -0.26227131485939026,
                    -0.7765815258026123,
                    -3.130500316619873
                ],
                [
                    0.0,
                    0.9474274516105652,
                    -0.31997036933898926,
                    -1.2898417711257935
                ],
                [
                    0.0,
                    0.0,
                    0.0,
                    1.0
                ]
            ]
        },
        {
            "file_path": "/data/shapenet_blender/all_50_random/02958343/4baaabaced0c9e0ac0e3666c7d0ec7d0/r_23",
            "rotation": 0.12566370614359174,
            "transform_matrix": [
                [
                    0.9413395524024963,
                    -0.2514475882053375,
                    -0.22506386041641235,
                    -0.9072613716125488
                ],
                [
                    -0.3374605178833008,
                    -0.7014081478118896,
                    -0.6278111934661865,
                    -2.530787706375122
                ],
                [
                    0.0,
                    0.6669338345527649,
                    -0.7451170086860657,
                    -3.003662586212158
                ],
                [
                    0.0,
                    0.0,
                    0.0,
                    1.0
                ]
            ]
        },
        {
            "file_path": "/data/shapenet_blender/all_50_random/02958343/4baaabaced0c9e0ac0e3666c7d0ec7d0/r_24",
            "rotation": 0.12566370614359174,
            "transform_matrix": [
                [
                    -0.3476899564266205,
                    0.8164644241333008,
                    0.4609746038913727,
                    1.8582481145858765
                ],
                [
                    0.9376096725463867,
                    0.3027661442756653,
                    0.1709413379430771,
                    0.6890865564346313
                ],
                [
                    1.4901162970204496e-08,
                    0.49164879322052,
                    -0.8707935810089111,
                    -3.5102810859680176
                ],
                [
                    0.0,
                    0.0,
                    0.0,
                    1.0
                ]
            ]
        },
        {
            "file_path": "/data/shapenet_blender/all_50_random/02958343/4baaabaced0c9e0ac0e3666c7d0ec7d0/r_25",
            "rotation": 0.12566370614359174,
            "transform_matrix": [
                [
                    0.8629835844039917,
                    -0.1277616173028946,
                    -0.48881101608276367,
                    -1.9704599380493164
                ],
                [
                    -0.5052317380905151,
                    -0.21822890639305115,
                    -0.8349353671073914,
                    -3.365731716156006
                ],
                [
                    0.0,
                    0.9674983620643616,
                    -0.25287723541259766,
                    -1.0193805694580078
                ],
                [
                    0.0,
                    0.0,
                    0.0,
                    1.0
                ]
            ]
        },
        {
            "file_path": "/data/shapenet_blender/all_50_random/02958343/4baaabaced0c9e0ac0e3666c7d0ec7d0/r_26",
            "rotation": 0.12566370614359174,
            "transform_matrix": [
                [
                    0.07409060001373291,
                    0.11643671244382858,
                    0.9904306530952454,
                    3.992553949356079
                ],
                [
                    0.9972515106201172,
                    -0.008650640957057476,
                    -0.07358384132385254,
                    -0.2966259717941284
                ],
                [
                    -9.313225746154785e-10,
                    0.9931604266166687,
                    -0.11675760895013809,
                    -0.47066500782966614
                ],
                [
                    0.0,
                    0.0,
                    0.0,
                    1.0
                ]
            ]
        },
        {
            "file_path": "/data/shapenet_blender/all_50_random/02958343/4baaabaced0c9e0ac0e3666c7d0ec7d0/r_27",
            "rotation": 0.12566370614359174,
            "transform_matrix": [
                [
                    0.9921661615371704,
                    -0.02713930793106556,
                    -0.12194149196147919,
                    -0.4915619194507599
                ],
                [
                    -0.12492506951093674,
                    -0.21554282307624817,
                    -0.9684703350067139,
                    -3.904029130935669
                ],
                [
                    1.862645149230957e-09,
                    0.9761172533035278,
                    -0.21724463999271393,
                    -0.8757412433624268
                ],
                [
                    0.0,
                    0.0,
                    0.0,
                    1.0
                ]
            ]
        },
        {
            "file_path": "/data/shapenet_blender/all_50_random/02958343/4baaabaced0c9e0ac0e3666c7d0ec7d0/r_28",
            "rotation": 0.12566370614359174,
            "transform_matrix": [
                [
                    0.8627331852912903,
                    0.3002389073371887,
                    -0.4068758487701416,
                    -1.6401690244674683
                ],
                [
                    -0.505659282207489,
                    0.5122541189193726,
                    -0.6941932439804077,
                    -2.798382520675659
                ],
                [
                    1.4901160305669237e-08,
                    0.8046441078186035,
                    0.5937573313713074,
                    2.39351224899292
                ],
                [
                    0.0,
                    0.0,
                    0.0,
                    1.0
                ]
            ]
        },
        {
            "file_path": "/data/shapenet_blender/all_50_random/02958343/4baaabaced0c9e0ac0e3666c7d0ec7d0/r_29",
            "rotation": 0.12566370614359174,
            "transform_matrix": [
                [
                    0.9999791383743286,
                    -0.003110066056251526,
                    -0.005648552905768156,
                    -0.022770047187805176
                ],
                [
                    -0.006448152009397745,
                    -0.482308954000473,
                    -0.8759773969650269,
                    -3.5311779975891113
                ],
                [
                    0.0,
                    0.8759956955909729,
                    -0.4823189079761505,
                    -1.9442898035049438
                ],
                [
                    0.0,
                    0.0,
                    0.0,
                    1.0
                ]
            ]
        },
        {
            "file_path": "/data/shapenet_blender/all_50_random/02958343/4baaabaced0c9e0ac0e3666c7d0ec7d0/r_30",
            "rotation": 0.12566370614359174,
            "transform_matrix": [
                [
                    0.4680337905883789,
                    0.11225385218858719,
                    -0.8765519857406616,
                    -3.533494234085083
                ],
                [
                    -0.8837106227874756,
                    0.05945226177573204,
                    -0.4642423987388611,
                    -1.8714210987091064
                ],
                [
                    0.0,
                    0.9918993711471558,
                    0.1270255744457245,
                    0.5120565295219421
                ],
                [
                    0.0,
                    0.0,
                    0.0,
                    1.0
                ]
            ]
        },
        {
            "file_path": "/data/shapenet_blender/all_50_random/02958343/4baaabaced0c9e0ac0e3666c7d0ec7d0/r_31",
            "rotation": 0.12566370614359174,
            "transform_matrix": [
                [
                    -0.7366405725479126,
                    0.000720570853445679,
                    0.6762840747833252,
                    2.7261884212493896
                ],
                [
                    0.6762844920158386,
                    0.0007848793757148087,
                    0.7366401553153992,
                    2.969491481781006
                ],
                [
                    0.0,
                    0.9999994039535522,
                    -0.0010654849465936422,
                    -0.00429510697722435
                ],
                [
                    0.0,
                    0.0,
                    0.0,
                    1.0
                ]
            ]
        },
        {
            "file_path": "/data/shapenet_blender/all_50_random/02958343/4baaabaced0c9e0ac0e3666c7d0ec7d0/r_32",
            "rotation": 0.12566370614359174,
            "transform_matrix": [
                [
                    -0.6827058792114258,
                    0.347469300031662,
                    0.6427890062332153,
                    2.591165542602539
                ],
                [
                    0.7306933403015137,
                    0.3246496617794037,
                    0.6005745530128479,
                    2.4209938049316406
                ],
                [
                    -1.4901162970204496e-08,
                    0.879697322845459,
                    -0.47553372383117676,
                    -1.9169378280639648
                ],
                [
                    0.0,
                    0.0,
                    0.0,
                    1.0
                ]
            ]
        },
        {
            "file_path": "/data/shapenet_blender/all_50_random/02958343/4baaabaced0c9e0ac0e3666c7d0ec7d0/r_33",
            "rotation": 0.12566370614359174,
            "transform_matrix": [
                [
                    0.909758985042572,
                    -0.36839911341667175,
                    0.1913652867078781,
                    0.7714182138442993
                ],
                [
                    0.41513684391975403,
                    0.8073347210884094,
                    -0.4193708598613739,
                    -1.6905381679534912
                ],
                [
                    1.4901161193847656e-08,
                    0.4609692394733429,
                    0.8874160051345825,
                    3.5772886276245117
                ],
                [
                    0.0,
                    0.0,
                    0.0,
                    1.0
                ]
            ]
        },
        {
            "file_path": "/data/shapenet_blender/all_50_random/02958343/4baaabaced0c9e0ac0e3666c7d0ec7d0/r_34",
            "rotation": 0.12566370614359174,
            "transform_matrix": [
                [
                    -0.9310243725776672,
                    0.10306476056575775,
                    0.35010167956352234,
                    1.4113051891326904
                ],
                [
                    0.36495691537857056,
                    0.26292362809181213,
                    0.8931278586387634,
                    3.600313901901245
                ],
                [
                    0.0,
                    0.959295928478241,
                    -0.28240251541137695,
                    -1.1384010314941406
                ],
                [
                    0.0,
                    0.0,
                    0.0,
                    1.0
                ]
            ]
        },
        {
            "file_path": "/data/shapenet_blender/all_50_random/02958343/4baaabaced0c9e0ac0e3666c7d0ec7d0/r_35",
            "rotation": 0.12566370614359174,
            "transform_matrix": [
                [
                    0.6243169903755188,
                    -0.3156714141368866,
                    0.7145485877990723,
                    2.8804376125335693
                ],
                [
                    0.7811709642410278,
                    0.2522866725921631,
                    -0.5710719227790833,
                    -2.302064895629883
                ],
                [
                    0.0,
                    0.9147146940231323,
                    0.4041001796722412,
                    1.628980040550232
                ],
                [
                    0.0,
                    0.0,
                    0.0,
                    1.0
                ]
            ]
        },
        {
            "file_path": "/data/shapenet_blender/all_50_random/02958343/4baaabaced0c9e0ac0e3666c7d0ec7d0/r_36",
            "rotation": 0.12566370614359174,
            "transform_matrix": [
                [
                    0.8073598742485046,
                    -0.06404765695333481,
                    0.5865731835365295,
                    2.3645520210266113
                ],
                [
                    0.5900594592094421,
                    0.08763437718153,
                    -0.8025895953178406,
                    -3.235342025756836
                ],
                [
                    7.450580596923828e-09,
                    0.9940916299819946,
                    0.10854440927505493,
                    0.43755650520324707
                ],
                [
                    0.0,
                    0.0,
                    0.0,
                    1.0
                ]
            ]
        },
        {
            "file_path": "/data/shapenet_blender/all_50_random/02958343/4baaabaced0c9e0ac0e3666c7d0ec7d0/r_37",
            "rotation": 0.12566370614359174,
            "transform_matrix": [
                [
                    0.41350314021110535,
                    0.5824369788169861,
                    -0.6998443603515625,
                    -2.8211631774902344
                ],
                [
                    -0.9105027318000793,
                    0.26451268792152405,
                    -0.3178330063819885,
                    -1.2812259197235107
                ],
                [
                    1.4901162970204496e-08,
                    0.768635094165802,
                    0.6396872997283936,
                    2.578662157058716
                ],
                [
                    0.0,
                    0.0,
                    0.0,
                    1.0
                ]
            ]
        },
        {
            "file_path": "/data/shapenet_blender/all_50_random/02958343/4baaabaced0c9e0ac0e3666c7d0ec7d0/r_38",
            "rotation": 0.12566370614359174,
            "transform_matrix": [
                [
                    0.8641250133514404,
                    -0.10319476574659348,
                    -0.4925839602947235,
                    -1.985669493675232
                ],
                [
                    -0.5032774209976196,
                    -0.17718492448329926,
                    -0.8457643389701843,
                    -3.4093852043151855
                ],
                [
                    0.0,
                    0.9787523746490479,
                    -0.20504550635814667,
                    -0.8265648484230042
                ],
                [
                    0.0,
                    0.0,
                    0.0,
                    1.0
                ]
            ]
        },
        {
            "file_path": "/data/shapenet_blender/all_50_random/02958343/4baaabaced0c9e0ac0e3666c7d0ec7d0/r_39",
            "rotation": 0.12566370614359174,
            "transform_matrix": [
                [
                    0.2726227939128876,
                    0.13470813632011414,
                    -0.9526440501213074,
                    -3.8402304649353027
                ],
                [
                    -0.9621210694313049,
                    0.03817036375403404,
                    -0.2699374258518219,
                    -1.0881524085998535
                ],
                [
                    3.725290298461914e-09,
                    0.990149736404419,
                    0.14001166820526123,
                    0.5644050240516663
                ],
                [
                    0.0,
                    0.0,
                    0.0,
                    1.0
                ]
            ]
        },
        {
            "file_path": "/data/shapenet_blender/all_50_random/02958343/4baaabaced0c9e0ac0e3666c7d0ec7d0/r_40",
            "rotation": 0.12566370614359174,
            "transform_matrix": [
                [
                    -0.004289950709789991,
                    -0.9210562109947205,
                    0.38940587639808655,
                    1.5697453022003174
                ],
                [
                    0.9999907612800598,
                    -0.003951322287321091,
                    0.001670547528192401,
                    0.006734192371368408
                ],
                [
                    -1.1641532182693481e-10,
                    0.38940951228141785,
                    0.9210647344589233,
                    3.712930679321289
                ],
                [
                    0.0,
                    0.0,
                    0.0,
                    1.0
                ]
            ]
        },
        {
            "file_path": "/data/shapenet_blender/all_50_random/02958343/4baaabaced0c9e0ac0e3666c7d0ec7d0/r_41",
            "rotation": 0.12566370614359174,
            "transform_matrix": [
                [
                    0.9118333458900452,
                    -0.23023155331611633,
                    -0.339931458234787,
                    -1.3703075647354126
                ],
                [
                    -0.4105605185031891,
                    -0.5113321542739868,
                    -0.7549698352813721,
