{
    "class": "02958343",
    "model": "5357fd81d212951a1c64dffb0265c4d6",
    "remove_doubles": true,
    "edge_split": true,
    "denoise": true,
    "camera_angle_x": 0.6911112070083618,
    "scale_factor": 2.3109364413194027,
    "hdri_file": "/data/IndoorHDRDataset2018/9C4A0891-380751a37a.exr",
    "center_offset": [
        0.0,
        -1.862645149230957e-09,
        -3.725290298461914e-09
    ],
    "lights": [],
    "frames": [
        {
            "file_path": "/data/shapenet_blender/all_50_random/02958343/5357fd81d212951a1c64dffb0265c4d6/r_0",
            "rotation": 0.12566370614359174,
            "transform_matrix": [
                [
                    0.19224634766578674,
                    -0.7709329724311829,
                    0.6072098016738892,
                    2.4477410316467285
                ],
                [
                    0.9813467264175415,
                    0.1510261744260788,
                    -0.11895271390676498,
                    -0.4795137345790863
                ],
                [
                    0.0,
                    0.6187516450881958,
                    0.7855867147445679,
                    3.1668014526367188
                ],
                [
                    0.0,
                    0.0,
                    0.0,
                    1.0
                ]
            ]
        },
        {
            "file_path": "/data/shapenet_blender/all_50_random/02958343/5357fd81d212951a1c64dffb0265c4d6/r_1",
            "rotation": 0.12566370614359174,
            "transform_matrix": [
                [
                    0.7363662719726562,
                    0.41102364659309387,
                    0.5374237298965454,
                    2.16642427444458
                ],
                [
                    0.6765830516815186,
                    -0.4473418891429901,
                    -0.5849107503890991,
                    -2.3578505516052246
                ],
                [
                    0.0,
                    0.7943204045295715,
                    -0.6074991226196289,
                    -2.4489073753356934
                ],
                [
                    0.0,
                    0.0,
                    0.0,
                    1.0
                ]
            ]
        },
        {
            "file_path": "/data/shapenet_blender/all_50_random/02958343/5357fd81d212951a1c64dffb0265c4d6/r_2",
            "rotation": 0.12566370614359174,
            "transform_matrix": [
                [
                    -0.4150737226009369,
                    -0.15494127571582794,
                    -0.8964970111846924,
                    -3.6138951778411865
                ],
                [
                    -0.9097877740859985,
                    0.07068907469511032,
                    0.4090100824832916,
                    1.6487724781036377
                ],
                [
                    0.0,
                    0.98539137840271,
                    -0.17030483484268188,
                    -0.6865208148956299
                ],
                [
                    0.0,
                    0.0,
                    0.0,
                    1.0
                ]
            ]
        },
        {
            "file_path": "/data/shapenet_blender/all_50_random/02958343/5357fd81d212951a1c64dffb0265c4d6/r_3",
            "rotation": 0.12566370614359174,
            "transform_matrix": [
                [
                    -0.7160289287567139,
                    -0.5555544495582581,
                    0.4226838946342468,
                    1.7038933038711548
                ],
                [
                    0.6980704665184021,
                    -0.5698465704917908,
                    0.43355780839920044,
                    1.747727394104004
                ],
                [
                    0.0,
                    0.6055032014846802,
                    0.7958428263664246,
                    3.2081451416015625
                ],
                [
                    0.0,
                    0.0,
                    0.0,
                    1.0
                ]
            ]
        },
        {
            "file_path": "/data/shapenet_blender/all_50_random/02958343/5357fd81d212951a1c64dffb0265c4d6/r_4",
            "rotation": 0.12566370614359174,
            "transform_matrix": [
                [
                    -0.5052225589752197,
                    -0.15207205712795258,
                    -0.8494846820831299,
                    -3.424382209777832
                ],
                [
                    -0.862989068031311,
                    0.08902805298566818,
                    0.4973166584968567,
                    2.0047476291656494
                ],
                [
                    0.0,
                    0.9843515157699585,
                    -0.1762154996395111,
                    -0.7103474140167236
                ],
                [
                    0.0,
                    0.0,
                    0.0,
                    1.0
                ]
            ]
        },
        {
            "file_path": "/data/shapenet_blender/all_50_random/02958343/5357fd81d212951a1c64dffb0265c4d6/r_5",
            "rotation": 0.12566370614359174,
            "transform_matrix": [
                [
                    0.9414905309677124,
                    -0.02715758979320526,
                    0.33594366908073425,
                    1.3542321920394897
                ],
                [
                    0.337039589881897,
                    0.0758623480796814,
                    -0.9384291768074036,
                    -3.782928943634033
                ],
                [
                    -1.862645149230957e-09,
                    0.9967483878135681,
                    0.08057686686515808,
                    0.3248157501220703
                ],
                [
                    0.0,
                    0.0,
                    0.0,
                    1.0
                ]
            ]
        },
        {
            "file_path": "/data/shapenet_blender/all_50_random/02958343/5357fd81d212951a1c64dffb0265c4d6/r_6",
            "rotation": 0.12566370614359174,
            "transform_matrix": [
                [
                    0.27748429775238037,
                    0.2608054578304291,
                    -0.9246528148651123,
                    -3.7273950576782227
                ],
                [
                    -0.9607301354408264,
                    0.07532752305269241,
                    -0.2670642137527466,
                    -1.0765703916549683
                ],
                [
                    0.0,
                    0.9624479413032532,
                    0.27146586775779724,
                    1.0943139791488647
                ],
                [
                    0.0,
                    0.0,
                    0.0,
                    1.0
                ]
            ]
        },
        {
            "file_path": "/data/shapenet_blender/all_50_random/02958343/5357fd81d212951a1c64dffb0265c4d6/r_7",
            "rotation": 0.12566370614359174,
            "transform_matrix": [
                [
                    -0.37867993116378784,
                    -0.8777729868888855,
                    0.29345518350601196,
                    1.1829557418823242
                ],
                [
                    0.9255276918411255,
                    -0.359141081571579,
                    0.1200672835111618,
                    0.48400670289993286
                ],
                [
                    0.0,
                    0.3170679807662964,
                    0.9484028220176697,
                    3.823133945465088
                ],
                [
                    0.0,
                    0.0,
                    0.0,
                    1.0
                ]
            ]
        },
        {
            "file_path": "/data/shapenet_blender/all_50_random/02958343/5357fd81d212951a1c64dffb0265c4d6/r_8",
            "rotation": 0.12566370614359174,
            "transform_matrix": [
                [
                    0.6295510530471802,
                    -0.4621070325374603,
                    -0.6245979070663452,
                    -2.5178346633911133
                ],
                [
                    -0.7769590020179749,
                    -0.37443411350250244,
                    -0.5060965418815613,
                    -2.040140390396118
                ],
                [
                    1.4901160305669237e-08,
                    0.8039006590843201,
                    -0.5947635769844055,
                    -2.397568702697754
                ],
                [
                    0.0,
                    0.0,
                    0.0,
                    1.0
                ]
            ]
        },
        {
            "file_path": "/data/shapenet_blender/all_50_random/02958343/5357fd81d212951a1c64dffb0265c4d6/r_9",
            "rotation": 0.12566370614359174,
            "transform_matrix": [
                [
                    0.3129361867904663,
                    0.34259480237960815,
                    -0.885832667350769,
                    -3.570905923843384
                ],
                [
                    -0.9497741460800171,
                    0.11287980526685715,
                    -0.2918684482574463,
                    -1.1765594482421875
                ],
                [
                    0.0,
                    0.9326772093772888,
                    0.36071187257766724,
                    1.4540761709213257
                ],
                [
                    0.0,
                    0.0,
                    0.0,
                    1.0
                ]
            ]
        },
        {
            "file_path": "/data/shapenet_blender/all_50_random/02958343/5357fd81d212951a1c64dffb0265c4d6/r_10",
            "rotation": 0.12566370614359174,
            "transform_matrix": [
                [
                    -0.495848149061203,
                    0.6294934153556824,
                    0.5982245802879333,
                    2.411520481109619
                ],
                [
                    0.8684092164039612,
                    0.3594309389591217,
                    0.3415769338607788,
                    1.3769406080245972
                ],
                [
                    1.4901160305669237e-08,
                    0.6888740658760071,
                    -0.7248810529708862,
                    -2.922089099884033
                ],
                [
                    0.0,
                    0.0,
                    0.0,
                    1.0
                ]
            ]
        },
        {
            "file_path": "/data/shapenet_blender/all_50_random/02958343/5357fd81d212951a1c64dffb0265c4d6/r_11",
            "rotation": 0.12566370614359174,
            "transform_matrix": [
                [
                    0.2781631052494049,
                    0.3702494502067566,
                    -0.8863072991371155,
                    -3.5728189945220947
                ],
                [
                    -0.960533857345581,
                    0.10722135752439499,
                    -0.25666770339012146,
                    -1.0346605777740479
                ],
                [
                    0.0,
                    0.922723650932312,
                    0.3854621946811676,
                    1.5538477897644043
                ],
                [
                    0.0,
                    0.0,
                    0.0,
                    1.0
                ]
            ]
        },
        {
            "file_path": "/data/shapenet_blender/all_50_random/02958343/5357fd81d212951a1c64dffb0265c4d6/r_12",
            "rotation": 0.12566370614359174,
            "transform_matrix": [
                [
                    0.5425643920898438,
                    -0.15685498714447021,
                    -0.8252395987510681,
                    -3.3266472816467285
                ],
                [
                    -0.8400142192840576,
                    -0.10131248831748962,
                    -0.5330214500427246,
                    -2.1486783027648926
                ],
                [
                    -7.450580596923828e-09,
                    0.9824115037918091,
                    -0.18672895431518555,
                    -0.7527284622192383
                ],
                [
                    0.0,
                    0.0,
                    0.0,
                    1.0
                ]
            ]
        },
        {
            "file_path": "/data/shapenet_blender/all_50_random/02958343/5357fd81d212951a1c64dffb0265c4d6/r_13",
            "rotation": 0.12566370614359174,
            "transform_matrix": [
                [
                    -0.4057669937610626,
                    0.03640369698405266,
                    0.9132512807846069,
                    3.68143367767334
                ],
                [
                    0.9139765501022339,
                    0.016161702573299408,
                    0.4054449796676636,
                    1.6344009637832642
                ],
                [
                    9.313225746154785e-10,
                    0.9992064833641052,
                    -0.039830006659030914,
                    -0.16055989265441895
                ],
                [
                    0.0,
                    0.0,
                    0.0,
                    1.0
                ]
            ]
        },
        {
            "file_path": "/data/shapenet_blender/all_50_random/02958343/5357fd81d212951a1c64dffb0265c4d6/r_14",
            "rotation": 0.12566370614359174,
            "transform_matrix": [
                [
                    -0.9000228047370911,
                    -0.07459969073534012,
                    0.4294111430644989,
                    1.7310116291046143
                ],
                [
                    0.43584293127059937,
                    -0.1540495902299881,
                    0.886741042137146,
                    3.5745675563812256
                ],
                [
                    7.450580596923828e-09,
                    0.9852429628372192,
                    0.17116187512874603,
                    0.6899755597114563
                ],
                [
                    0.0,
                    0.0,
                    0.0,
                    1.0
                ]
            ]
        },
        {
            "file_path": "/data/shapenet_blender/all_50_random/02958343/5357fd81d212951a1c64dffb0265c4d6/r_15",
            "rotation": 0.12566370614359174,
            "transform_matrix": [
                [
                    0.26146557927131653,
                    -0.09249410778284073,
                    -0.960770845413208,
                    -3.8729910850524902
                ],
                [
                    -0.9652128219604492,
                    -0.025055643171072006,
                    -0.26026231050491333,
                    -1.0491509437561035
                ],
                [
                    0.0,
                    0.9953979253768921,
                    -0.09582769125699997,
                    -0.38629376888275146
                ],
                [
                    0.0,
                    0.0,
                    0.0,
                    1.0
                ]
            ]
        },
        {
            "file_path": "/data/shapenet_blender/all_50_random/02958343/5357fd81d212951a1c64dffb0265c4d6/r_16",
            "rotation": 0.12566370614359174,
            "transform_matrix": [
                [
                    -0.6747387647628784,
                    -0.10123355686664581,
                    0.731080949306488,
                    2.9470815658569336
                ],
                [
                    0.7380566000938416,
                    -0.09254872798919678,
                    0.6683615446090698,
                    2.694251537322998
                ],
                [
                    0.0,
                    0.9905484914779663,
                    0.13716232776641846,
                    0.5529190301895142
                ],
                [
                    0.0,
                    0.0,
                    0.0,
                    1.0
                ]
            ]
        },
        {
            "file_path": "/data/shapenet_blender/all_50_random/02958343/5357fd81d212951a1c64dffb0265c4d6/r_17",
            "rotation": 0.12566370614359174,
            "transform_matrix": [
                [
                    0.9998167753219604,
                    -0.004436174873262644,
                    0.018620185554027557,
                    0.07506036758422852
                ],
                [
                    0.019141342490911484,
                    0.2317163646221161,
                    -0.9725950360298157,
                    -3.9206559658050537
                ],
                [
                    0.0,
                    0.9727731943130493,
                    0.23175883293151855,
                    0.934249758720398
                ],
                [
                    0.0,
                    0.0,
                    0.0,
                    1.0
                ]
            ]
        },
        {
            "file_path": "/data/shapenet_blender/all_50_random/02958343/5357fd81d212951a1c64dffb0265c4d6/r_18",
            "rotation": 0.12566370614359174,
            "transform_matrix": [
                [
                    0.986522376537323,
                    -0.10627899318933487,
                    -0.12441213428974152,
                    -0.5015214085578918
                ],
                [
                    -0.16362643241882324,
                    -0.6407681703567505,
                    -0.7500948905944824,
                    -3.0237298011779785
                ],
                [
                    0.0,
                    0.7603426575660706,
                    -0.6495221257209778,
                    -2.618307590484619
                ],
                [
                    0.0,
                    0.0,
                    0.0,
                    1.0
                ]
            ]
        },
        {
            "file_path": "/data/shapenet_blender/all_50_random/02958343/5357fd81d212951a1c64dffb0265c4d6/r_19",
            "rotation": 0.12566370614359174,
            "transform_matrix": [
                [
                    0.7505248188972473,
                    0.1704520583152771,
                    -0.6384814977645874,
                    -2.573801279067993
                ],
                [
                    -0.6608423590660095,
                    0.19358401000499725,
                    -0.7251294255256653,
                    -2.9230899810791016
                ],
                [
                    7.450580596923828e-09,
                    0.966163158416748,
                    0.25793153047561646,
                    1.0397552251815796
                ],
                [
                    0.0,
                    0.0,
                    0.0,
                    1.0
                ]
            ]
        },
        {
            "file_path": "/data/shapenet_blender/all_50_random/02958343/5357fd81d212951a1c64dffb0265c4d6/r_20",
            "rotation": 0.12566370614359174,
            "transform_matrix": [
                [
                    0.07979482412338257,
                    0.14937171339988708,
                    -0.9855561256408691,
                    -3.9729037284851074
                ],
                [
                    -0.9968113303184509,
                    0.011957216076552868,
                    -0.07889384031295776,
                    -0.3180312514305115
                ],
                [
                    0.0,
                    0.9887087941169739,
                    0.1498495489358902,
                    0.6040628552436829
                ],
                [
                    0.0,
                    0.0,
                    0.0,
                    1.0
                ]
            ]
        },
        {
            "file_path": "/data/shapenet_blender/all_50_random/02958343/5357fd81d212951a1c64dffb0265c4d6/r_21",
            "rotation": 0.12566370614359174,
            "transform_matrix": [
                [
                    -0.7917220592498779,
                    0.5624500513076782,
                    -0.2383822649717331,
                    -0.9609496593475342
                ],
                [
                    -0.6108814477920532,
                    -0.7289533615112305,
                    0.30895107984542847,
                    1.2454216480255127
                ],
                [
                    0.0,
                    0.39022666215896606,
                    0.920718789100647,
                    3.711536169052124
                ],
                [
                    0.0,
                    0.0,
                    0.0,
                    1.0
                ]
            ]
        },
        {
            "file_path": "/data/shapenet_blender/all_50_random/02958343/5357fd81d212951a1c64dffb0265c4d6/r_22",
            "rotation": 0.12566370614359174,
            "transform_matrix": [
                [
                    -0.5171599388122559,
                    0.20124967396259308,
                    -0.8318919539451599,
                    -3.353463649749756
                ],
                [
                    -0.855888843536377,
                    -0.12160255759954453,
                    0.5026601552963257,
                    2.026287794113159
                ],
                [
                    0.0,
                    0.9719626903533936,
                    0.2351352870464325,
                    0.9478606581687927
                ],
                [
                    0.0,
                    0.0,
                    0.0,
                    1.0
                ]
            ]
        },
        {
            "file_path": "/data/shapenet_blender/all_50_random/02958343/5357fd81d212951a1c64dffb0265c4d6/r_23",
            "rotation": 0.12566370614359174,
            "transform_matrix": [
                [
                    0.7466549277305603,
                    0.20279347896575928,
                    -0.6335465312004089,
                    -2.553907871246338
                ],
                [
                    -0.66521155834198,
                    0.227621927857399,
                    -0.7111130952835083,
                    -2.866588592529297
                ],
                [
                    -1.4901162970204496e-08,
                    0.9523985385894775,
                    0.3048555850982666,
                    1.228912115097046
                ],
                [
                    0.0,
                    0.0,
                    0.0,
                    1.0
                ]
            ]
        },
        {
            "file_path": "/data/shapenet_blender/all_50_random/02958343/5357fd81d212951a1c64dffb0265c4d6/r_24",
            "rotation": 0.12566370614359174,
            "transform_matrix": [
                [
                    -0.9323818683624268,
                    -0.27193254232406616,
                    -0.2381531298160553,
                    -0.9600260257720947
                ],
                [
                    -0.3614750802516937,
                    0.7014175653457642,
                    0.6142875552177429,
                    2.4762725830078125
                ],
                [
                    1.4901162970204496e-08,
                    0.6588369607925415,
                    -0.7522855997085571,
                    -3.0325605869293213
                ],
                [
                    0.0,
                    0.0,
                    0.0,
                    1.0
                ]
            ]
        },
        {
            "file_path": "/data/shapenet_blender/all_50_random/02958343/5357fd81d212951a1c64dffb0265c4d6/r_25",
            "rotation": 0.12566370614359174,
            "transform_matrix": [
                [
                    -0.8405245542526245,
                    0.2543392479419708,
                    0.4783618450164795,
                    1.9283382892608643
                ],
                [
                    0.5417734980583191,
                    0.39458999037742615,
                    0.7421457171440125,
                    2.991685152053833
                ],
                [
                    -1.4901161193847656e-08,
                    0.8829554915428162,
                    -0.4694567322731018,
                    -1.892440676689148
                ],
                [
                    0.0,
                    0.0,
                    0.0,
                    1.0
                ]
            ]
        },
        {
            "file_path": "/data/shapenet_blender/all_50_random/02958343/5357fd81d212951a1c64dffb0265c4d6/r_26",
            "rotation": 0.12566370614359174,
            "transform_matrix": [
                [
                    0.6039477586746216,
                    0.1331215500831604,
                    0.7858281135559082,
                    3.1677744388580322
                ],
                [
                    0.7970239520072937,
                    -0.10087333619594574,
                    -0.5954640507698059,
                    -2.4003922939300537
                ],
                [
                    7.450580596923828e-09,
                    0.9859529733657837,
                    -0.16702328622341156,
                    -0.6732923984527588
                ],
                [
                    0.0,
                    0.0,
                    0.0,
                    1.0
                ]
            ]
        },
        {
            "file_path": "/data/shapenet_blender/all_50_random/02958343/5357fd81d212951a1c64dffb0265c4d6/r_27",
            "rotation": 0.12566370614359174,
            "transform_matrix": [
                [
                    0.9338393807411194,
                    -0.12740373611450195,
                    -0.33423399925231934,
                    -1.3473403453826904
                ],
                [
                    -0.357692688703537,
                    -0.33261680603027344,
                    -0.872594952583313,
                    -3.517542839050293
                ],
                [
                    1.4901161193847656e-08,
                    0.9344164133071899,
                    -0.3561820983886719,
                    -1.4358159303665161
                ],
                [
                    0.0,
                    0.0,
                    0.0,
                    1.0
                ]
            ]
        },
        {
            "file_path": "/data/shapenet_blender/all_50_random/02958343/5357fd81d212951a1c64dffb0265c4d6/r_28",
            "rotation": 0.12566370614359174,
            "transform_matrix": [
                [
                    0.6615210175514221,
                    0.19836241006851196,
                    -0.7232166528701782,
                    -2.915379524230957
                ],
                [
                    -0.7499266266822815,
                    0.1749783158302307,
                    -0.6379597187042236,
                    -2.571697950363159
                ],
                [
                    0.0,
                    0.9643831849098206,
                    0.26450908184051514,
                    1.0662702322006226
                ],
                [
                    0.0,
                    0.0,
                    0.0,
                    1.0
                ]
            ]
        },
        {
            "file_path": "/data/shapenet_blender/all_50_random/02958343/5357fd81d212951a1c64dffb0265c4d6/r_29",
            "rotation": 0.12566370614359174,
            "transform_matrix": [
                [
                    0.7575317025184631,
                    -0.13647644221782684,
                    -0.6383728384971619,
                    -2.5733630657196045
                ],
                [
                    -0.6527983546257019,
                    -0.15837238729000092,
                    -0.7407917976379395,
                    -2.986227035522461
                ],
                [
                    0.0,
                    0.9779020547866821,
                    -0.20906370878219604,
                    -0.8427627086639404
                ],
                [
                    0.0,
                    0.0,
                    0.0,
                    1.0
                ]
            ]
        },
        {
            "file_path": "/data/shapenet_blender/all_50_random/02958343/5357fd81d212951a1c64dffb0265c4d6/r_30",
            "rotation": 0.12566370614359174,
            "transform_matrix": [
                [
                    -0.9688453078269958,
                    -0.14368589222431183,
                    0.2017255276441574,
                    0.8131816387176514
                ],
                [
                    0.24766677618026733,
                    -0.5620834827423096,
                    0.7891281843185425,
                    3.181077480316162
                ],
                [
                    0.0,
                    0.8145036697387695,
                    0.5801581740379333,
                    2.3386924266815186
                ],
                [
                    0.0,
                    0.0,
                    0.0,
                    1.0
                ]
            ]
        },
        {
            "file_path": "/data/shapenet_blender/all_50_random/02958343/5357fd81d212951a1c64dffb0265c4d6/r_31",
            "rotation": 0.12566370614359174,
            "transform_matrix": [
                [
                    -0.6226940155029297,
                    -0.2806416153907776,
                    -0.7304056882858276,
                    -2.94435977935791
                ],
                [
                    -0.7824655771255493,
                    0.22333742678165436,
                    0.5812641978263855,
                    2.343151092529297
                ],
                [
                    0.0,
                    0.9334670305252075,
                    -0.3586631715297699,
                    -1.4458175897598267
                ],
                [
                    0.0,
                    0.0,
                    0.0,
                    1.0
                ]
            ]
        },
        {
            "file_path": "/data/shapenet_blender/all_50_random/02958343/5357fd81d212951a1c64dffb0265c4d6/r_32",
            "rotation": 0.12566370614359174,
            "transform_matrix": [
                [
                    -0.9355505704879761,
                    0.048937611281871796,
                    -0.3497861325740814,
                    -1.4100329875946045
                ],
                [
                    -0.35319292545318604,
                    -0.1296277642250061,
                    0.9265264868736267,
                    3.734947681427002
                ],
                [
                    0.0,
                    0.9903542399406433,
                    0.13855774700641632,
                    0.5585441589355469
                ],
                [
                    0.0,
                    0.0,
                    0.0,
                    1.0
                ]
            ]
        },
        {
            "file_path": "/data/shapenet_blender/all_50_random/02958343/5357fd81d212951a1c64dffb0265c4d6/r_33",
            "rotation": 0.12566370614359174,
            "transform_matrix": [
                [
                    -0.3785535991191864,
                    -0.44455456733703613,
                    -0.8118302822113037,
                    -3.272592544555664
                ],
                [
                    -0.9255793690681458,
                    0.18181879818439484,
                    0.3320312201976776,
                    1.3384606838226318
                ],
                [
                    1.4901161193847656e-08,
                    0.8771048784255981,
                    -0.4802987277507782,
                    -1.9361461400985718
                ],
                [
                    0.0,
                    0.0,
                    0.0,
                    1.0
                ]
            ]
        },
        {
            "file_path": "/data/shapenet_blender/all_50_random/02958343/5357fd81d212951a1c64dffb0265c4d6/r_34",
            "rotation": 0.12566370614359174,
            "transform_matrix": [
                [
                    -0.8442866802215576,
                    -0.02731114625930786,
                    -0.5351954698562622,
                    -2.157442092895508
                ],
                [
                    -0.5358919501304626,
                    0.04302814230322838,
                    0.8431894183158875,
                    3.39900541305542
                ],
                [
                    -1.862645371275562e-09,
                    0.9987003803253174,
                    -0.05096391588449478,
                    -0.2054421305656433
                ],
                [
                    0.0,
                    0.0,
                    0.0,
                    1.0
                ]
            ]
        },
        {
            "file_path": "/data/shapenet_blender/all_50_random/02958343/5357fd81d212951a1c64dffb0265c4d6/r_35",
            "rotation": 0.12566370614359174,
            "transform_matrix": [
                [
                    0.10453321784734726,
                    0.21339254081249237,
                    0.9713580012321472,
                    3.9156694412231445
                ],
                [
                    0.9945213794708252,
                    -0.022429492324590683,
                    -0.10209853947162628,
                    -0.4115723669528961
                ],
                [
                    0.0,
                    0.9767090678215027,
                    -0.21456806361675262,
                    -0.8649515509605408
                ],
                [
                    0.0,
                    0.0,
                    0.0,
                    1.0
                ]
            ]
        },
        {
            "file_path": "/data/shapenet_blender/all_50_random/02958343/5357fd81d212951a1c64dffb0265c4d6/r_36",
            "rotation": 0.12566370614359174,
            "transform_matrix": [
                [
                    0.6807748079299927,
                    -0.4950668215751648,
                    -0.5398653745651245,
                    -2.176266670227051
                ],
                [
                    -0.7324928641319275,
                    -0.46011239290237427,
                    -0.5017479062080383,
                    -2.0226101875305176
                ],
                [
                    -1.4901159417490817e-08,
                    0.7370247840881348,
                    -0.6758657693862915,
                    -2.724501848220825
                ],
                [
                    0.0,
                    0.0,
                    0.0,
                    1.0
                ]
            ]
        },
        {
            "file_path": "/data/shapenet_blender/all_50_random/02958343/5357fd81d212951a1c64dffb0265c4d6/r_37",
            "rotation": 0.12566370614359174,
            "transform_matrix": [
                [
                    0.7370021343231201,
                    -0.5663057565689087,
                    0.3689519464969635,
                    1.487293004989624
                ],
                [
                    0.6758903861045837,
                    0.6175092458724976,
                    -0.4023113250732422,
                    -1.6217690706253052
                ],
                [
                    0.0,
                    0.5458753705024719,
                    0.8378661870956421,
                    3.377547025680542
                ],
                [
                    0.0,
                    0.0,
                    0.0,
                    1.0
                ]
            ]
        },
        {
            "file_path": "/data/shapenet_blender/all_50_random/02958343/5357fd81d212951a1c64dffb0265c4d6/r_38",
            "rotation": 0.12566370614359174,
            "transform_matrix": [
                [
                    0.9963054656982422,
                    -0.051142897456884384,
                    0.06899277865886688,
                    0.2781188189983368
                ],
                [
                    0.08588133007287979,
                    0.5933064818382263,
                    -0.8003821969032288,
                    -3.2264440059661865
                ],
                [
                    0.0,
                    0.8033503293991089,
                    0.5955066084861755,
                    2.400564193725586
                ],
                [
                    0.0,
                    0.0,
                    0.0,
                    1.0
                ]
            ]
        },
        {
            "file_path": "/data/shapenet_blender/all_50_random/02958343/5357fd81d212951a1c64dffb0265c4d6/r_39",
            "rotation": 0.12566370614359174,
            "transform_matrix": [
                [
                    -0.798968493938446,
                    -0.3083926737308502,
                    -0.5162783861160278,
                    -2.0811846256256104
                ],
                [
                    -0.6013729572296143,
                    0.4097225069999695,
                    0.6859140396118164,
                    2.765007972717285
                ],
                [
                    1.4901161193847656e-08,
                    0.8584995865821838,
                    -0.5128143429756165,
                    -2.067220687866211
                ],
                [
                    0.0,
                    0.0,
                    0.0,
                    1.0
                ]
            ]
        },
        {
            "file_path": "/data/shapenet_blender/all_50_random/02958343/5357fd81d212951a1c64dffb0265c4d6/r_40",
            "rotation": 0.12566370614359174,
            "transform_matrix": [
                [
                    0.22668078541755676,
                    -0.057496801018714905,
                    0.9722704887390137,
                    3.9193477630615234
                ],
                [
                    0.9739691615104675,
                    0.013381758704781532,
                    -0.2262854427099228,
                    -0.912185788154602
                ],
                [
                    0.0,
                    0.9982560276985168,
                    0.05903349071741104,
                    0.23797161877155304
                ],
                [
                    0.0,
                    0.0,
                    0.0,
                    1.0
                ]
            ]
        },
        {
            "file_path": "/data/shapenet_blender/all_50_random/02958343/5357fd81d212951a1c64dffb0265c4d6/r_41",
            "rotation": 0.12566370614359174,
            "transform_matrix": [
                [
                    -0.283290296792984,
                    -0.19662469625473022,
                    0.9386613965034485,
                    3.783865451812744
                ],
                [
                    0.959034264087677,
                    -0.05808120593428612,
                    0.2772723138332367,
                    1.117720603942871
                ],
                [
                    -3.725290298461914e-09,
                    0.9787570238113403,
