{
    "class": "02958343",
    "model": "18da5e80080352be294d52e32dbd135b",
    "remove_doubles": true,
    "edge_split": true,
    "denoise": true,
    "camera_angle_x": 0.6911112070083618,
    "scale_factor": 2.630488675536919,
    "hdri_file": "/data/IndoorHDRDataset2018/9C4A3993-a314a429b3.exr",
    "center_offset": [
        0.0,
        0.0,
        1.862645149230957e-09
    ],
    "lights": [],
    "frames": [
        {
            "file_path": "/data/shapenet_blender/all_50_random/02958343/18da5e80080352be294d52e32dbd135b/r_0",
            "rotation": 0.12566370614359174,
            "transform_matrix": [
                [
                    -0.8202124238014221,
                    0.2362772524356842,
                    -0.5209841132164001,
                    -2.100154399871826
                ],
                [
                    -0.572058916091919,
                    -0.3387719690799713,
                    0.7469818592071533,
                    3.0111804008483887
                ],
                [
                    0.0,
                    0.9107174277305603,
                    0.4130295515060425,
                    1.6649755239486694
                ],
                [
                    0.0,
                    0.0,
                    0.0,
                    1.0
                ]
            ]
        },
        {
            "file_path": "/data/shapenet_blender/all_50_random/02958343/18da5e80080352be294d52e32dbd135b/r_1",
            "rotation": 0.12566370614359174,
            "transform_matrix": [
                [
                    -0.5548192262649536,
                    -0.8001912832260132,
                    -0.22774866223335266,
                    -0.9180842041969299
                ],
                [
                    -0.8319710493087769,
                    0.5336261987686157,
                    0.15187950432300568,
                    0.6122458577156067
                ],
                [
                    0.0,
                    0.2737457752227783,
                    -0.9618020057678223,
                    -3.877147912979126
                ],
                [
                    0.0,
                    0.0,
                    0.0,
                    1.0
                ]
            ]
        },
        {
            "file_path": "/data/shapenet_blender/all_50_random/02958343/18da5e80080352be294d52e32dbd135b/r_2",
            "rotation": 0.12566370614359174,
            "transform_matrix": [
                [
                    -0.9562637805938721,
                    -0.03995237499475479,
                    -0.289764404296875,
                    -1.1680777072906494
                ],
                [
                    -0.29250574111938477,
                    0.13061285018920898,
                    0.9473017454147339,
                    3.818695545196533
                ],
                [
                    3.725290298461914e-09,
                    0.9906281232833862,
                    -0.13658663630485535,
                    -0.5505983233451843
                ],
                [
                    0.0,
                    0.0,
                    0.0,
                    1.0
                ]
            ]
        },
        {
            "file_path": "/data/shapenet_blender/all_50_random/02958343/18da5e80080352be294d52e32dbd135b/r_3",
            "rotation": 0.12566370614359174,
            "transform_matrix": [
                [
                    -0.7425075769424438,
                    -0.014780395664274693,
                    -0.6696745157241821,
                    -2.6995444297790527
                ],
                [
                    -0.6698375344276428,
                    0.016383906826376915,
                    0.7423268556594849,
                    2.992415189743042
                ],
                [
                    9.313225191043273e-10,
                    0.9997564554214478,
                    -0.02206564135849476,
                    -0.08894944190979004
                ],
                [
                    0.0,
                    0.0,
                    0.0,
                    1.0
                ]
            ]
        },
        {
            "file_path": "/data/shapenet_blender/all_50_random/02958343/18da5e80080352be294d52e32dbd135b/r_4",
            "rotation": 0.12566370614359174,
            "transform_matrix": [
                [
                    0.416476845741272,
                    -0.5900390148162842,
                    0.6916654109954834,
                    2.7881927490234375
                ],
                [
                    0.9091464281082153,
                    0.27029484510421753,
                    -0.31684955954551697,
                    -1.27726149559021
                ],
                [
                    1.4901161193847656e-08,
                    0.7607856392860413,
                    0.6490032076835632,
                    2.616215944290161
                ],
                [
                    0.0,
                    0.0,
                    0.0,
                    1.0
                ]
            ]
        },
        {
            "file_path": "/data/shapenet_blender/all_50_random/02958343/18da5e80080352be294d52e32dbd135b/r_5",
            "rotation": 0.12566370614359174,
            "transform_matrix": [
                [
                    -0.044946152716875076,
                    0.1654559075832367,
                    0.9851924180984497,
                    3.971437931060791
                ],
                [
                    0.9989894032478333,
                    0.007444129325449467,
                    0.04432540386915207,
                    0.17868143320083618
                ],
                [
                    0.0,
                    0.9861891269683838,
                    -0.1656232476234436,
                    -0.6676487326622009
                ],
                [
                    0.0,
                    0.0,
                    0.0,
                    1.0
                ]
            ]
        },
        {
            "file_path": "/data/shapenet_blender/all_50_random/02958343/18da5e80080352be294d52e32dbd135b/r_6",
            "rotation": 0.12566370614359174,
            "transform_matrix": [
                [
                    -0.7079668045043945,
                    0.3141860365867615,
                    0.6325109601020813,
                    2.5497331619262695
                ],
                [
                    0.7062457203865051,
                    0.31495168805122375,
                    0.6340523958206177,
                    2.5559470653533936
                ],
                [
                    1.4901161193847656e-08,
                    0.8955962061882019,
                    -0.4448678493499756,
                    -1.7933197021484375
                ],
                [
                    0.0,
                    0.0,
                    0.0,
                    1.0
                ]
            ]
        },
        {
            "file_path": "/data/shapenet_blender/all_50_random/02958343/18da5e80080352be294d52e32dbd135b/r_7",
            "rotation": 0.12566370614359174,
            "transform_matrix": [
                [
                    0.9999669790267944,
                    -0.0017549939220771194,
                    0.007938948459923267,
                    0.032002925872802734
                ],
                [
                    0.008130615577101707,
                    0.21584294736385345,
                    -0.9763942360877991,
                    -3.9359710216522217
                ],
                [
                    -1.1641532182693481e-10,
                    0.9764265418052673,
                    0.21585005521774292,
                    0.8701193928718567
                ],
                [
                    0.0,
                    0.0,
                    0.0,
                    1.0
                ]
            ]
        },
        {
            "file_path": "/data/shapenet_blender/all_50_random/02958343/18da5e80080352be294d52e32dbd135b/r_8",
            "rotation": 0.12566370614359174,
            "transform_matrix": [
                [
                    -0.1383122205734253,
                    -0.06337808072566986,
                    0.9883587956428528,
                    3.984201192855835
                ],
                [
                    0.9903886318206787,
                    -0.008851032704114914,
                    0.13802874088287354,
                    0.5564115643501282
                ],
                [
                    -9.313225191043273e-10,
                    0.9979502558708191,
                    0.06399314850568771,
                    0.2579646110534668
                ],
                [
                    0.0,
                    0.0,
                    0.0,
                    1.0
                ]
            ]
        },
        {
            "file_path": "/data/shapenet_blender/all_50_random/02958343/18da5e80080352be294d52e32dbd135b/r_9",
            "rotation": 0.12566370614359174,
            "transform_matrix": [
                [
                    -0.23125848174095154,
                    0.815481960773468,
                    0.5305737257003784,
                    2.1388113498687744
                ],
                [
                    0.9728924036026001,
                    0.19384168088436127,
                    0.12611842155456543,
                    0.5083996653556824
                ],
                [
                    -7.450581485102248e-09,
                    0.5453571677207947,
                    -0.8382037878036499,
                    -3.3789076805114746
                ],
                [
                    0.0,
                    0.0,
                    0.0,
                    1.0
                ]
            ]
        },
        {
            "file_path": "/data/shapenet_blender/all_50_random/02958343/18da5e80080352be294d52e32dbd135b/r_10",
            "rotation": 0.12566370614359174,
            "transform_matrix": [
                [
                    -0.6796658635139465,
                    -0.007588967215269804,
                    0.7334825992584229,
                    2.95676326751709
                ],
                [
                    0.7335219383239746,
                    -0.007031775079667568,
                    0.6796293258666992,
                    2.739673614501953
                ],
                [
                    0.0,
                    0.9999464154243469,
                    0.01034593116492033,
                    0.04170578718185425
                ],
                [
                    0.0,
                    0.0,
                    0.0,
                    1.0
                ]
            ]
        },
        {
            "file_path": "/data/shapenet_blender/all_50_random/02958343/18da5e80080352be294d52e32dbd135b/r_11",
            "rotation": 0.12566370614359174,
            "transform_matrix": [
                [
                    0.37723442912101746,
                    0.7036252617835999,
                    -0.6021673679351807,
                    -2.4274144172668457
                ],
                [
                    -0.9261177778244019,
                    0.2866068184375763,
                    -0.24528010189533234,
                    -0.9887557029724121
                ],
                [
                    0.0,
                    0.6502059698104858,
                    0.759757936000824,
                    3.0626821517944336
                ],
                [
                    0.0,
                    0.0,
                    0.0,
                    1.0
                ]
            ]
        },
        {
            "file_path": "/data/shapenet_blender/all_50_random/02958343/18da5e80080352be294d52e32dbd135b/r_12",
            "rotation": 0.12566370614359174,
            "transform_matrix": [
                [
                    0.9954227209091187,
                    -0.006951427552849054,
                    -0.0953163355588913,
                    -0.38423243165016174
                ],
                [
                    -0.09556947648525238,
                    -0.07240395992994308,
                    -0.9927860498428345,
                    -4.002048492431641
                ],
                [
                    4.6566125955216364e-10,
                    0.9973511695861816,
                    -0.07273688912391663,
                    -0.29321178793907166
                ],
                [
                    0.0,
                    0.0,
                    0.0,
                    1.0
                ]
            ]
        },
        {
            "file_path": "/data/shapenet_blender/all_50_random/02958343/18da5e80080352be294d52e32dbd135b/r_13",
            "rotation": 0.12566370614359174,
            "transform_matrix": [
                [
                    0.8391677737236023,
                    -0.20311307907104492,
                    -0.5045221447944641,
                    -2.0337939262390137
                ],
                [
                    -0.5438727140426636,
                    -0.31339308619499207,
                    -0.7784518003463745,
                    -3.1380395889282227
                ],
                [
                    0.0,
                    0.9276474118232727,
                    -0.37345701456069946,
                    -1.50545334815979
                ],
                [
                    0.0,
                    0.0,
                    0.0,
                    1.0
                ]
            ]
        },
        {
            "file_path": "/data/shapenet_blender/all_50_random/02958343/18da5e80080352be294d52e32dbd135b/r_14",
            "rotation": 0.12566370614359174,
            "transform_matrix": [
                [
                    0.9275115728378296,
                    -0.28299573063850403,
                    -0.24420446157455444,
                    -0.9844197034835815
                ],
                [
                    -0.37379464507102966,
                    -0.7022085785865784,
                    -0.6059542298316956,
                    -2.4426798820495605
                ],
                [
                    0.0,
                    0.6533119082450867,
                    -0.7570887804031372,
                    -3.0519227981567383
                ],
                [
                    0.0,
                    0.0,
                    0.0,
                    1.0
                ]
            ]
        },
        {
            "file_path": "/data/shapenet_blender/all_50_random/02958343/18da5e80080352be294d52e32dbd135b/r_15",
            "rotation": 0.12566370614359174,
            "transform_matrix": [
                [
                    0.9968243837356567,
                    0.012681825086474419,
                    0.07861548662185669,
                    0.31690919399261475
                ],
                [
                    0.07963181287050247,
                    -0.1587500274181366,
                    -0.9841021299362183,
                    -3.967042922973633
                ],
                [
                    9.31322685637781e-10,
                    0.987237274646759,
                    -0.1592557579278946,
                    -0.6419805288314819
                ],
                [
                    0.0,
                    0.0,
                    0.0,
                    1.0
                ]
            ]
        },
        {
            "file_path": "/data/shapenet_blender/all_50_random/02958343/18da5e80080352be294d52e32dbd135b/r_16",
            "rotation": 0.12566370614359174,
            "transform_matrix": [
                [
                    -0.32188931107521057,
                    -0.13183914124965668,
                    -0.9375529885292053,
                    -3.7793970108032227
                ],
                [
                    -0.9467772841453552,
                    0.04482322558760643,
                    0.3187532126903534,
                    1.2849353551864624
                ],
                [
                    0.0,
                    0.9902571439743042,
                    -0.13925042748451233,
                    -0.5613363981246948
                ],
                [
                    0.0,
                    0.0,
                    0.0,
                    1.0
                ]
            ]
        },
        {
            "file_path": "/data/shapenet_blender/all_50_random/02958343/18da5e80080352be294d52e32dbd135b/r_17",
            "rotation": 0.12566370614359174,
            "transform_matrix": [
                [
                    -0.9922048449516296,
                    0.06731395423412323,
                    -0.1048736646771431,
                    -0.4227592647075653
                ],
                [
                    -0.1246180385351181,
                    -0.535951554775238,
                    0.83500075340271,
                    3.3659956455230713
                ],
                [
                    0.0,
                    0.8415608406066895,
                    0.5401622653007507,
                    2.1774637699127197
                ],
                [
                    0.0,
                    0.0,
                    0.0,
                    1.0
                ]
            ]
        },
        {
            "file_path": "/data/shapenet_blender/all_50_random/02958343/18da5e80080352be294d52e32dbd135b/r_18",
            "rotation": 0.12566370614359174,
            "transform_matrix": [
                [
                    0.7714009284973145,
                    -0.6193802356719971,
                    0.1459747552871704,
                    0.5884431004524231
                ],
                [
                    0.6363493800163269,
                    0.7508304119110107,
                    -0.17695476114749908,
                    -0.7133275270462036
                ],
                [
                    0.0,
                    0.22939389944076538,
                    0.9733335375785828,
                    3.923633337020874
                ],
                [
                    0.0,
                    0.0,
                    0.0,
                    1.0
                ]
            ]
        },
        {
            "file_path": "/data/shapenet_blender/all_50_random/02958343/18da5e80080352be294d52e32dbd135b/r_19",
            "rotation": 0.12566370614359174,
            "transform_matrix": [
                [
                    -0.22598706185817719,
                    0.18368595838546753,
                    0.9566551446914673,
                    3.856400728225708
                ],
                [
                    0.9741303324699402,
                    0.04261303320527077,
                    0.2219330072402954,
                    0.8946406841278076
                ],
                [
                    0.0,
                    0.9820608496665955,
                    -0.1885640174150467,
                    -0.760125994682312
                ],
                [
                    0.0,
                    0.0,
                    0.0,
                    1.0
                ]
            ]
        },
        {
            "file_path": "/data/shapenet_blender/all_50_random/02958343/18da5e80080352be294d52e32dbd135b/r_20",
            "rotation": 0.12566370614359174,
            "transform_matrix": [
                [
                    -0.8835054636001587,
                    0.2907106280326843,
                    -0.3672947585582733,
                    -1.4806126356124878
                ],
                [
                    -0.46842095255851746,
                    -0.5483196973800659,
                    0.6927677392959595,
                    2.7926363945007324
                ],
                [
                    -1.4901161193847656e-08,
                    0.7841126918792725,
                    0.6206183433532715,
                    2.5017929077148438
                ],
                [
                    0.0,
                    0.0,
                    0.0,
                    1.0
                ]
            ]
        },
        {
            "file_path": "/data/shapenet_blender/all_50_random/02958343/18da5e80080352be294d52e32dbd135b/r_21",
            "rotation": 0.12566370614359174,
            "transform_matrix": [
                [
                    -0.9735977649688721,
                    -0.20908445119857788,
                    0.09160362929105759,
                    0.3692660331726074
                ],
                [
                    0.2282707691192627,
                    -0.8917661905288696,
                    0.3906986713409424,
                    1.5749567747116089
                ],
                [
                    7.450581485102248e-09,
                    0.40129372477531433,
                    0.9159494042396545,
                    3.692310094833374
                ],
                [
                    0.0,
                    0.0,
                    0.0,
                    1.0
                ]
            ]
        },
        {
            "file_path": "/data/shapenet_blender/all_50_random/02958343/18da5e80080352be294d52e32dbd135b/r_22",
            "rotation": 0.12566370614359174,
            "transform_matrix": [
                [
                    -0.8150110840797424,
                    0.2068089097738266,
                    -0.5412826538085938,
                    -2.1819801330566406
                ],
                [
                    -0.5794452428817749,
                    -0.2908843457698822,
                    0.7613340020179749,
                    3.069035291671753
                ],
                [
                    0.0,
                    0.9341394305229187,
                    0.35690838098526,
                    1.4387435913085938
                ],
                [
                    0.0,
                    0.0,
                    0.0,
                    1.0
                ]
            ]
        },
        {
            "file_path": "/data/shapenet_blender/all_50_random/02958343/18da5e80080352be294d52e32dbd135b/r_23",
            "rotation": 0.12566370614359174,
            "transform_matrix": [
                [
                    -0.8152192234992981,
                    -0.5290156602859497,
                    -0.23571182787418365,
                    -0.9501848220825195
                ],
                [
                    -0.5791526436805725,
                    0.7446461319923401,
                    0.3317895829677582,
                    1.337486743927002
                ],
                [
                    0.0,
                    0.4069942831993103,
                    -0.9134305715560913,
                    -3.682156562805176
                ],
                [
                    0.0,
                    0.0,
                    0.0,
                    1.0
                ]
            ]
        },
        {
            "file_path": "/data/shapenet_blender/all_50_random/02958343/18da5e80080352be294d52e32dbd135b/r_24",
            "rotation": 0.12566370614359174,
            "transform_matrix": [
                [
                    -0.017737291753292084,
                    -0.3170933425426483,
                    0.9482283592224121,
                    3.8224310874938965
                ],
                [
                    0.9998427629470825,
                    -0.0056252614594995975,
                    0.016821647062897682,
                    0.06781023740768433
                ],
                [
                    0.0,
                    0.9483776688575745,
                    0.31714317202568054,
                    1.2784451246261597
                ],
                [
                    0.0,
                    0.0,
                    0.0,
                    1.0
                ]
            ]
        },
        {
            "file_path": "/data/shapenet_blender/all_50_random/02958343/18da5e80080352be294d52e32dbd135b/r_25",
            "rotation": 0.12566370614359174,
            "transform_matrix": [
                [
                    -0.313401460647583,
                    -0.6104250550270081,
                    0.7274343371391296,
                    2.9323816299438477
                ],
                [
                    0.9496207237243652,
                    -0.20145739614963531,
                    0.24007374048233032,
                    0.9677681922912598
                ],
                [
                    1.4901161193847656e-08,
                    0.7660262584686279,
                    0.6428093314170837,
                    2.591247320175171
                ],
                [
                    0.0,
                    0.0,
                    0.0,
                    1.0
                ]
            ]
        },
        {
            "file_path": "/data/shapenet_blender/all_50_random/02958343/18da5e80080352be294d52e32dbd135b/r_26",
            "rotation": 0.12566370614359174,
            "transform_matrix": [
                [
                    -0.5888552665710449,
                    0.35643309354782104,
                    -0.725399911403656,
                    -2.924180507659912
                ],
                [
                    -0.8082385659217834,
                    -0.25968509912490845,
                    0.5285018086433411,
                    2.1304588317871094
                ],
                [
                    -1.4901161193847656e-08,
                    0.8975071907043457,
                    0.4409998655319214,
                    1.7777273654937744
                ],
                [
                    0.0,
                    0.0,
                    0.0,
                    1.0
                ]
            ]
        },
        {
            "file_path": "/data/shapenet_blender/all_50_random/02958343/18da5e80080352be294d52e32dbd135b/r_27",
            "rotation": 0.12566370614359174,
            "transform_matrix": [
                [
                    -0.10405071079730988,
                    -0.9675755500793457,
                    -0.2301543951034546,
                    -0.9277819395065308
                ],
                [
                    -0.9945720434188843,
                    0.10122637450695038,
                    0.024078426882624626,
                    0.09706322848796844
                ],
                [
                    -1.862645149230957e-09,
                    0.23141033947467804,
                    -0.9728562831878662,
                    -3.921708583831787
                ],
                [
                    0.0,
                    0.0,
                    0.0,
                    1.0
                ]
            ]
        },
        {
            "file_path": "/data/shapenet_blender/all_50_random/02958343/18da5e80080352be294d52e32dbd135b/r_28",
            "rotation": 0.12566370614359174,
            "transform_matrix": [
                [
                    0.4915245473384857,
                    -0.44944849610328674,
                    0.7459219098091125,
                    3.0069074630737305
                ],
                [
                    0.8708637356758118,
                    0.25367340445518494,
                    -0.42100608348846436,
                    -1.6971298456192017
                ],
                [
                    -1.4901162970204496e-08,
                    0.8565311431884766,
                    0.5160951614379883,
                    2.080446243286133
                ],
                [
                    0.0,
                    0.0,
                    0.0,
                    1.0
                ]
            ]
        },
        {
            "file_path": "/data/shapenet_blender/all_50_random/02958343/18da5e80080352be294d52e32dbd135b/r_29",
            "rotation": 0.12566370614359174,
            "transform_matrix": [
                [
                    0.8856742978096008,
                    -0.17962151765823364,
                    -0.42815539240837097,
                    -1.7259496450424194
                ],
                [
                    -0.46430692076683044,
                    -0.342631459236145,
                    -0.8167145848274231,
                    -3.2922818660736084
                ],
                [
                    1.4901160305669237e-08,
                    0.9221386909484863,
                    -0.3868594169616699,
                    -1.5594801902770996
                ],
                [
                    0.0,
                    0.0,
                    0.0,
                    1.0
                ]
            ]
        },
        {
            "file_path": "/data/shapenet_blender/all_50_random/02958343/18da5e80080352be294d52e32dbd135b/r_30",
            "rotation": 0.12566370614359174,
            "transform_matrix": [
                [
                    -0.8648931384086609,
                    -0.0022092049475759268,
                    -0.501951277256012,
                    -2.023430109024048
                ],
                [
                    -0.5019561052322388,
                    0.0038065603002905846,
                    0.8648847937583923,
                    3.486461639404297
                ],
                [
                    0.0,
                    0.9999903440475464,
                    -0.004401191603392363,
                    -0.017741769552230835
                ],
                [
                    0.0,
                    0.0,
                    0.0,
                    1.0
                ]
            ]
        },
        {
            "file_path": "/data/shapenet_blender/all_50_random/02958343/18da5e80080352be294d52e32dbd135b/r_31",
            "rotation": 0.12566370614359174,
            "transform_matrix": [
                [
                    -0.8051381707191467,
                    0.5607961416244507,
                    0.19302910566329956,
                    0.7781252264976501
                ],
                [
                    0.5930874347686768,
                    0.761301577091217,
                    0.26204416155815125,
                    1.0563337802886963
                ],
                [
                    0.0,
                    0.32546472549438477,
                    -0.9455541372299194,
                    -3.8116507530212402
                ],
                [
                    0.0,
                    0.0,
                    0.0,
                    1.0
                ]
            ]
        },
        {
            "file_path": "/data/shapenet_blender/all_50_random/02958343/18da5e80080352be294d52e32dbd135b/r_32",
            "rotation": 0.12566370614359174,
            "transform_matrix": [
                [
                    -0.8883652687072754,
                    -0.0940668061375618,
                    -0.4493981599807739,
                    -1.811582088470459
                ],
                [
                    -0.45913761854171753,
                    0.18200574815273285,
                    0.8695208430290222,
                    3.50515079498291
                ],
                [
                    0.0,
                    0.9787876605987549,
                    -0.20487716794013977,
                    -0.8258863687515259
                ],
                [
                    0.0,
                    0.0,
                    0.0,
                    1.0
                ]
            ]
        },
        {
            "file_path": "/data/shapenet_blender/all_50_random/02958343/18da5e80080352be294d52e32dbd135b/r_33",
            "rotation": 0.12566370614359174,
            "transform_matrix": [
                [
                    -0.43549835681915283,
                    -0.5152679085731506,
                    0.7381327748298645,
                    2.975508689880371
                ],
                [
                    0.9001896381378174,
                    -0.2492789924144745,
                    0.35709765553474426,
                    1.4395067691802979
                ],
                [
                    1.4901162970204496e-08,
                    0.8199748992919922,
                    0.572399377822876,
                    2.3074159622192383
                ],
                [
                    0.0,
                    0.0,
                    0.0,
                    1.0
                ]
            ]
        },
        {
            "file_path": "/data/shapenet_blender/all_50_random/02958343/18da5e80080352be294d52e32dbd135b/r_34",
            "rotation": 0.12566370614359174,
            "transform_matrix": [
                [
                    0.6510217189788818,
                    -0.1575518399477005,
                    -0.7425281405448914,
                    -2.9932267665863037
                ],
                [
                    -0.7590590119361877,
                    -0.13512738049030304,
                    -0.6368436813354492,
                    -2.5671989917755127
                ],
                [
                    7.450580152834618e-09,
                    0.9782218337059021,
                    -0.20756199955940247,
                    -0.836709201335907
                ],
                [
                    0.0,
                    0.0,
                    0.0,
                    1.0
                ]
            ]
        },
        {
            "file_path": "/data/shapenet_blender/all_50_random/02958343/18da5e80080352be294d52e32dbd135b/r_35",
            "rotation": 0.12566370614359174,
            "transform_matrix": [
                [
                    0.24947400391101837,
                    -0.3833320140838623,
                    0.8892802000045776,
                    3.5848031044006348
                ],
                [
                    0.9683815836906433,
                    0.09875380992889404,
                    -0.2290959507226944,
                    -0.9235153198242188
                ],
                [
                    7.450581485102248e-09,
                    0.9183158874511719,
                    0.3958481550216675,
                    1.5957149267196655
                ],
                [
                    0.0,
                    0.0,
                    0.0,
                    1.0
                ]
            ]
        },
        {
            "file_path": "/data/shapenet_blender/all_50_random/02958343/18da5e80080352be294d52e32dbd135b/r_36",
            "rotation": 0.12566370614359174,
            "transform_matrix": [
                [
                    -0.474370539188385,
                    -0.04633750393986702,
                    0.8791047930717468,
                    3.5437850952148438
                ],
                [
                    0.8803252577781677,
                    -0.024969346821308136,
                    0.47371289134025574,
                    1.9095978736877441
                ],
                [
                    -1.862645149230957e-09,
                    0.9986135959625244,
                    0.05263679474592209,
                    0.21218572556972504
                ],
                [
                    0.0,
                    0.0,
                    0.0,
                    1.0
                ]
            ]
        },
        {
            "file_path": "/data/shapenet_blender/all_50_random/02958343/18da5e80080352be294d52e32dbd135b/r_37",
            "rotation": 0.12566370614359174,
            "transform_matrix": [
                [
                    0.21265774965286255,
                    0.8542697429656982,
                    -0.47434136271476746,
                    -1.9121313095092773
                ],
                [
                    -0.9771268367767334,
                    0.1859196573495865,
                    -0.10323364287614822,
                    -0.4161481559276581
                ],
                [
                    0.0,
                    0.4854449927806854,
                    0.8742671012878418,
                    3.5242836475372314
                ],
                [
                    0.0,
                    0.0,
                    0.0,
                    1.0
                ]
            ]
        },
        {
            "file_path": "/data/shapenet_blender/all_50_random/02958343/18da5e80080352be294d52e32dbd135b/r_38",
            "rotation": 0.12566370614359174,
            "transform_matrix": [
                [
                    0.32501301169395447,
                    0.13199619948863983,
                    0.9364526867866516,
                    3.774961233139038
                ],
                [
                    0.9457095265388489,
                    -0.04536327347159386,
                    -0.32183167338371277,
                    -1.2973449230194092
                ],
                [
                    0.0,
                    0.9902116060256958,
                    -0.13957373797893524,
                    -0.5626397132873535
                ],
                [
                    0.0,
                    0.0,
                    0.0,
                    1.0
                ]
            ]
        },
        {
            "file_path": "/data/shapenet_blender/all_50_random/02958343/18da5e80080352be294d52e32dbd135b/r_39",
            "rotation": 0.12566370614359174,
            "transform_matrix": [
                [
                    -0.4541427493095398,
                    0.6365708112716675,
                    -0.6233233213424683,
                    -2.5126967430114746
                ],
                [
                    -0.8909289836883545,
                    -0.32448604702949524,
                    0.3177332282066345,
                    1.2808235883712769
                ],
                [
                    -1.4901161193847656e-08,
                    0.6996329426765442,
                    0.7145023941993713,
                    2.880251169204712
                ],
                [
                    0.0,
                    0.0,
                    0.0,
                    1.0
                ]
            ]
        },
        {
            "file_path": "/data/shapenet_blender/all_50_random/02958343/18da5e80080352be294d52e32dbd135b/r_40",
            "rotation": 0.12566370614359174,
            "transform_matrix": [
                [
                    -0.9257058501243591,
                    0.1463373303413391,
                    0.3487894833087921,
                    1.406015396118164
                ],
                [
                    0.37824422121047974,
                    0.3581424653530121,
                    0.8536189794540405,
                    3.4410481452941895
                ],
                [
                    0.0,
                    0.9221276640892029,
                    -0.38688579201698303,
                    -1.559586524963379
                ],
                [
                    0.0,
                    0.0,
                    0.0,
                    1.0
                ]
            ]
        },
        {
            "file_path": "/data/shapenet_blender/all_50_random/02958343/18da5e80080352be294d52e32dbd135b/r_41",
            "rotation": 0.12566370614359174,
            "transform_matrix": [
                [
                    0.034334082156419754,
                    -0.08166354894638062,
                    0.9960684180259705,
                    4.015280246734619
                ],
                [
                    0.9994103908538818,
                    0.002805496798828244,
                    -0.03421926870942116,
                    -0.13794228434562683
                ],
