{
    "class": "02958343",
    "model": "b44b09bdef8fa2209473806fbdf65cb6",
    "remove_doubles": true,
    "edge_split": true,
    "denoise": true,
    "camera_angle_x": 0.6911112070083618,
    "scale_factor": 2.275152386258593,
    "hdri_file": "/data/IndoorHDRDataset2018/9C4A2376-b881210637.exr",
    "center_offset": [
        0.0,
        7.450580596923828e-09,
        0.0
    ],
    "lights": [],
    "frames": [
        {
            "file_path": "/data/shapenet_blender/all_50_random/02958343/b44b09bdef8fa2209473806fbdf65cb6/r_0",
            "rotation": 0.12566370614359174,
            "transform_matrix": [
                [
                    -0.8421627283096313,
                    -0.3977077007293701,
                    -0.3641298711299896,
                    -1.467854619026184
                ],
                [
                    -0.5392235517501831,
                    0.6211423873901367,
                    0.5687003135681152,
                    2.2925045490264893
                ],
                [
                    1.4901161193847656e-08,
                    0.6752855777740479,
                    -0.7375562191009521,
                    -2.97318434715271
                ],
                [
                    0.0,
                    0.0,
                    0.0,
                    1.0
                ]
            ]
        },
        {
            "file_path": "/data/shapenet_blender/all_50_random/02958343/b44b09bdef8fa2209473806fbdf65cb6/r_1",
            "rotation": 0.12566370614359174,
            "transform_matrix": [
                [
                    -0.4085461497306824,
                    0.8501130938529968,
                    0.3322616517543793,
                    1.3393895626068115
                ],
                [
                    0.9127376675605774,
                    0.38051506876945496,
                    0.14872205257415771,
                    0.5995177626609802
                ],
                [
                    0.0,
                    0.3640274405479431,
                    -0.9313881993293762,
                    -3.7545456886291504
                ],
                [
                    0.0,
                    0.0,
                    0.0,
                    1.0
                ]
            ]
        },
        {
            "file_path": "/data/shapenet_blender/all_50_random/02958343/b44b09bdef8fa2209473806fbdf65cb6/r_2",
            "rotation": 0.12566370614359174,
            "transform_matrix": [
                [
                    0.7727859020233154,
                    -0.17014890909194946,
                    0.6114338040351868,
                    2.464768171310425
                ],
                [
                    0.6346667408943176,
                    0.20717753469944,
                    -0.7444969415664673,
                    -3.0011627674102783
                ],
                [
                    -1.4901159417490817e-08,
                    0.9633933901786804,
                    0.26809173822402954,
                    1.0807121992111206
                ],
                [
                    0.0,
                    0.0,
                    0.0,
                    1.0
                ]
            ]
        },
        {
            "file_path": "/data/shapenet_blender/all_50_random/02958343/b44b09bdef8fa2209473806fbdf65cb6/r_3",
            "rotation": 0.12566370614359174,
            "transform_matrix": [
                [
                    0.9998593926429749,
                    -0.005912995897233486,
                    0.015693945810198784,
                    0.06326432526111603
                ],
                [
                    0.01677091233432293,
                    0.35252487659454346,
                    -0.9356520771980286,
                    -3.7717344760894775
                ],
                [
                    4.656612873077393e-10,
                    0.9357836842536926,
                    0.3525744676589966,
                    1.4212732315063477
                ],
                [
                    0.0,
                    0.0,
                    0.0,
                    1.0
                ]
            ]
        },
        {
            "file_path": "/data/shapenet_blender/all_50_random/02958343/b44b09bdef8fa2209473806fbdf65cb6/r_4",
            "rotation": 0.12566370614359174,
            "transform_matrix": [
                [
                    -0.8167247176170349,
                    -0.0599626824259758,
                    0.5739034414291382,
                    2.313478708267212
                ],
                [
                    0.577027440071106,
                    -0.08487119525671005,
                    0.8123030066490173,
                    3.274498224258423
                ],
                [
                    3.725290076417309e-09,
                    0.9945860505104065,
                    0.10391651093959808,
                    0.41890084743499756
                ],
                [
                    0.0,
                    0.0,
                    0.0,
                    1.0
                ]
            ]
        },
        {
            "file_path": "/data/shapenet_blender/all_50_random/02958343/b44b09bdef8fa2209473806fbdf65cb6/r_5",
            "rotation": 0.12566370614359174,
            "transform_matrix": [
                [
                    0.9512385129928589,
                    0.16167375445365906,
                    0.26269155740737915,
                    1.058943510055542
                ],
                [
                    0.3084562420845032,
                    -0.49858060479164124,
                    -0.8101062178611755,
                    -3.2656426429748535
                ],
                [
                    1.4901161193847656e-08,
                    0.8516330718994141,
                    -0.5241383910179138,
                    -2.1128695011138916
                ],
                [
                    0.0,
                    0.0,
                    0.0,
                    1.0
                ]
            ]
        },
        {
            "file_path": "/data/shapenet_blender/all_50_random/02958343/b44b09bdef8fa2209473806fbdf65cb6/r_6",
            "rotation": 0.12566370614359174,
            "transform_matrix": [
                [
                    0.7010115385055542,
                    0.09521547704935074,
                    0.7067649364471436,
                    2.8490607738494873
                ],
                [
                    0.7131498456001282,
                    -0.09359484910964966,
                    -0.6947352886199951,
                    -2.800567865371704
                ],
                [
                    7.450580596923828e-09,
                    0.9910469055175781,
                    -0.13351395726203918,
                    -0.5382120609283447
                ],
                [
                    0.0,
                    0.0,
                    0.0,
                    1.0
                ]
            ]
        },
        {
            "file_path": "/data/shapenet_blender/all_50_random/02958343/b44b09bdef8fa2209473806fbdf65cb6/r_7",
            "rotation": 0.12566370614359174,
            "transform_matrix": [
                [
                    0.8589285016059875,
                    -0.4598979353904724,
                    -0.22524604201316833,
                    -0.9079957008361816
                ],
                [
                    -0.51209557056427,
                    -0.7713783383369446,
                    -0.37780100107192993,
                    -1.522964358329773
                ],
                [
                    -2.9802322387695312e-08,
                    0.4398514926433563,
                    -0.8980705738067627,
                    -3.6202378273010254
                ],
                [
                    0.0,
                    0.0,
                    0.0,
                    1.0
                ]
            ]
        },
        {
            "file_path": "/data/shapenet_blender/all_50_random/02958343/b44b09bdef8fa2209473806fbdf65cb6/r_8",
            "rotation": 0.12566370614359174,
            "transform_matrix": [
                [
                    0.17112720012664795,
                    0.2433387041091919,
                    0.9547259211540222,
                    3.848623514175415
                ],
                [
                    0.9852489233016968,
                    -0.042265329509973526,
                    -0.16582567989826202,
                    -0.6684647798538208
                ],
                [
                    0.0,
                    0.9690200686454773,
                    -0.2469819337129593,
                    -0.99561607837677
                ],
                [
                    0.0,
                    0.0,
                    0.0,
                    1.0
                ]
            ]
        },
        {
            "file_path": "/data/shapenet_blender/all_50_random/02958343/b44b09bdef8fa2209473806fbdf65cb6/r_9",
            "rotation": 0.12566370614359174,
            "transform_matrix": [
                [
                    -0.660963237285614,
                    -0.009923643432557583,
                    -0.750352680683136,
                    -3.024768352508545
                ],
                [
                    -0.7504183650016785,
                    0.008740676566958427,
                    0.6609054207801819,
                    2.6641950607299805
                ],
                [
                    4.656612873077393e-10,
                    0.9999126195907593,
                    -0.013224149122834206,
                    -0.05330824851989746
                ],
                [
                    0.0,
                    0.0,
                    0.0,
                    1.0
                ]
            ]
        },
        {
            "file_path": "/data/shapenet_blender/all_50_random/02958343/b44b09bdef8fa2209473806fbdf65cb6/r_10",
            "rotation": 0.12566370614359174,
            "transform_matrix": [
                [
                    0.9426800608634949,
                    -0.2000952661037445,
                    -0.26705119013786316,
                    -1.0765178203582764
                ],
                [
                    -0.33369818329811096,
                    -0.5652586817741394,
                    -0.7544057369232178,
                    -3.041106700897217
                ],
                [
                    0.0,
                    0.800277590751648,
                    -0.5996295809745789,
                    -2.4171841144561768
                ],
                [
                    0.0,
                    0.0,
                    0.0,
                    1.0
                ]
            ]
        },
        {
            "file_path": "/data/shapenet_blender/all_50_random/02958343/b44b09bdef8fa2209473806fbdf65cb6/r_11",
            "rotation": 0.12566370614359174,
            "transform_matrix": [
                [
                    -0.47691065073013306,
                    0.8081628084182739,
                    -0.34558501839637756,
                    -1.3930978775024414
                ],
                [
                    -0.8789517879486084,
                    -0.4385012686252594,
                    0.18751108646392822,
                    0.7558814287185669
                ],
                [
                    2.9802322387695312e-08,
                    0.39317870140075684,
                    0.9194620251655579,
                    3.706470251083374
                ],
                [
                    0.0,
                    0.0,
                    0.0,
                    1.0
                ]
            ]
        },
        {
            "file_path": "/data/shapenet_blender/all_50_random/02958343/b44b09bdef8fa2209473806fbdf65cb6/r_12",
            "rotation": 0.12566370614359174,
            "transform_matrix": [
                [
                    -0.9589155316352844,
                    -0.009213879704475403,
                    0.28354203701019287,
                    1.1429945230484009
                ],
                [
                    0.2836917042732239,
                    -0.03114413283765316,
                    0.9584096670150757,
                    3.8634727001190186
                ],
                [
                    0.0,
                    0.9994723796844482,
                    0.03247849643230438,
                    0.1309249997138977
                ],
                [
                    0.0,
                    0.0,
                    0.0,
                    1.0
                ]
            ]
        },
        {
            "file_path": "/data/shapenet_blender/all_50_random/02958343/b44b09bdef8fa2209473806fbdf65cb6/r_13",
            "rotation": 0.12566370614359174,
            "transform_matrix": [
                [
                    0.2781040072441101,
                    -0.7910590171813965,
                    -0.5448703169822693,
                    -2.1964428424835205
                ],
                [
                    -0.9605510234832764,
                    -0.2290317565202713,
                    -0.1577538549900055,
                    -0.6359261870384216
                ],
                [
                    0.0,
                    0.567247748374939,
                    -0.8235471248626709,
                    -3.3198249340057373
                ],
                [
                    0.0,
                    0.0,
                    0.0,
                    1.0
                ]
            ]
        },
        {
            "file_path": "/data/shapenet_blender/all_50_random/02958343/b44b09bdef8fa2209473806fbdf65cb6/r_14",
            "rotation": 0.12566370614359174,
            "transform_matrix": [
                [
                    -0.9360923171043396,
                    0.2972327768802643,
                    0.1881057173013687,
                    0.7582784295082092
                ],
                [
                    0.35175421833992004,
                    0.7909991145133972,
                    0.5005890130996704,
                    2.0179388523101807
                ],
                [
                    0.0,
                    0.5347645282745361,
                    -0.8450010418891907,
                    -3.406308174133301
                ],
                [
                    0.0,
                    0.0,
                    0.0,
                    1.0
                ]
            ]
        },
        {
            "file_path": "/data/shapenet_blender/all_50_random/02958343/b44b09bdef8fa2209473806fbdf65cb6/r_15",
            "rotation": 0.12566370614359174,
            "transform_matrix": [
                [
                    0.3425106704235077,
                    0.02018248848617077,
                    -0.9392971396446228,
                    -3.7864279747009277
                ],
                [
                    -0.9395139217376709,
                    0.007357759866863489,
                    -0.3424316346645355,
                    -1.3803861141204834
                ],
                [
                    0.0,
                    0.9997692108154297,
                    0.021481841802597046,
                    0.08659607172012329
                ],
                [
                    0.0,
                    0.0,
                    0.0,
                    1.0
                ]
            ]
        },
        {
            "file_path": "/data/shapenet_blender/all_50_random/02958343/b44b09bdef8fa2209473806fbdf65cb6/r_16",
            "rotation": 0.12566370614359174,
            "transform_matrix": [
                [
                    0.9998331069946289,
                    0.014685975387692451,
                    -0.01087208092212677,
                    -0.04382675886154175
                ],
                [
                    -0.018272385001182556,
                    0.8035910129547119,
                    -0.5949013233184814,
                    -2.3981239795684814
                ],
                [
                    9.313225746154785e-10,
                    0.595000684261322,
                    0.8037251234054565,
                    3.239919662475586
                ],
                [
                    0.0,
                    0.0,
                    0.0,
                    1.0
                ]
            ]
        },
        {
            "file_path": "/data/shapenet_blender/all_50_random/02958343/b44b09bdef8fa2209473806fbdf65cb6/r_17",
            "rotation": 0.12566370614359174,
            "transform_matrix": [
                [
                    -0.3434064984321594,
                    -0.008790862746536732,
                    -0.9391458034515381,
                    -3.7858173847198486
                ],
                [
                    -0.9391868710517883,
                    0.0032143115531653166,
                    0.34339144825935364,
                    1.384255051612854
                ],
                [
                    2.3283061589829401e-10,
                    0.9999562501907349,
                    -0.009360077790915966,
                    -0.037731677293777466
                ],
                [
                    0.0,
                    0.0,
                    0.0,
                    1.0
                ]
            ]
        },
        {
            "file_path": "/data/shapenet_blender/all_50_random/02958343/b44b09bdef8fa2209473806fbdf65cb6/r_18",
            "rotation": 0.12566370614359174,
            "transform_matrix": [
                [
                    0.39499735832214355,
                    0.07426925003528595,
                    0.9156752824783325,
                    3.6912050247192383
                ],
                [
                    0.9186822175979614,
                    -0.03193287178874016,
                    -0.39370450377464294,
                    -1.587073564529419
                ],
                [
                    3.7252898543727042e-09,
                    0.9967268109321594,
                    -0.0808432549238205,
                    -0.32588958740234375
                ],
                [
                    0.0,
                    0.0,
                    0.0,
                    1.0
                ]
            ]
        },
        {
            "file_path": "/data/shapenet_blender/all_50_random/02958343/b44b09bdef8fa2209473806fbdf65cb6/r_19",
            "rotation": 0.12566370614359174,
            "transform_matrix": [
                [
                    -0.17564743757247925,
                    -0.4106777012348175,
                    -0.8947020769119263,
                    -3.606659412384033
                ],
                [
                    -0.9844531416893005,
                    0.073273666203022,
                    0.15963394939899445,
                    0.6435050368309021
                ],
                [
                    -7.450580152834618e-09,
                    0.9088315963745117,
                    -0.41716328263282776,
                    -1.6816389560699463
                ],
                [
                    0.0,
                    0.0,
                    0.0,
                    1.0
                ]
            ]
        },
        {
            "file_path": "/data/shapenet_blender/all_50_random/02958343/b44b09bdef8fa2209473806fbdf65cb6/r_20",
            "rotation": 0.12566370614359174,
            "transform_matrix": [
                [
                    0.9574558734893799,
                    -0.13022537529468536,
                    -0.2575260400772095,
                    -1.0381207466125488
                ],
                [
                    -0.2885798513889313,
                    -0.4320642650127411,
                    -0.8544249534606934,
                    -3.4442973136901855
                ],
                [
                    7.450580596923828e-09,
                    0.8923910856246948,
                    -0.45126286149024963,
                    -1.819098949432373
                ],
                [
                    0.0,
                    0.0,
                    0.0,
                    1.0
                ]
            ]
        },
        {
            "file_path": "/data/shapenet_blender/all_50_random/02958343/b44b09bdef8fa2209473806fbdf65cb6/r_21",
            "rotation": 0.12566370614359174,
            "transform_matrix": [
                [
                    0.8631030321121216,
                    -0.009929153136909008,
                    -0.5049303770065308,
                    -2.0354394912719727
                ],
                [
                    -0.5050280094146729,
                    -0.016969121992588043,
                    -0.8629361391067505,
                    -3.478606939315796
                ],
                [
                    0.0,
                    0.9998066425323486,
                    -0.019660601392388344,
                    -0.07925441861152649
                ],
                [
                    0.0,
                    0.0,
                    0.0,
                    1.0
                ]
            ]
        },
        {
            "file_path": "/data/shapenet_blender/all_50_random/02958343/b44b09bdef8fa2209473806fbdf65cb6/r_22",
            "rotation": 0.12566370614359174,
            "transform_matrix": [
                [
                    -0.19123588502407074,
                    -0.17551551759243011,
                    0.9657241702079773,
                    3.892958641052246
                ],
                [
                    0.9815441370010376,
                    -0.03419598191976547,
                    0.18815365433692932,
                    0.758471667766571
                ],
                [
                    0.0,
                    0.9838825464248657,
                    0.17881572246551514,
                    0.7208292484283447
                ],
                [
                    0.0,
                    0.0,
                    0.0,
                    1.0
                ]
            ]
        },
        {
            "file_path": "/data/shapenet_blender/all_50_random/02958343/b44b09bdef8fa2209473806fbdf65cb6/r_23",
            "rotation": 0.12566370614359174,
            "transform_matrix": [
                [
                    0.9996497631072998,
                    -0.021282639354467392,
                    0.015733281150460243,
                    0.06342288851737976
                ],
                [
                    0.026466716080904007,
                    0.8038467168807983,
                    -0.5942471623420715,
                    -2.395486831665039
                ],
                [
                    9.31322685637781e-10,
                    0.5944553017616272,
                    0.8041285872459412,
                    3.2415459156036377
                ],
                [
                    0.0,
                    0.0,
                    0.0,
                    1.0
                ]
            ]
        },
        {
            "file_path": "/data/shapenet_blender/all_50_random/02958343/b44b09bdef8fa2209473806fbdf65cb6/r_24",
            "rotation": 0.12566370614359174,
            "transform_matrix": [
                [
                    -0.9238265156745911,
                    0.22049760818481445,
                    0.31293007731437683,
                    1.2614614963531494
                ],
                [
                    0.38281115889549255,
                    0.5321201682090759,
                    0.7551845908164978,
                    3.0442464351654053
                ],
                [
                    -1.4901158529312397e-08,
                    0.8174527883529663,
                    -0.5759956240653992,
                    -2.3219125270843506
                ],
                [
                    0.0,
                    0.0,
                    0.0,
                    1.0
                ]
            ]
        },
        {
            "file_path": "/data/shapenet_blender/all_50_random/02958343/b44b09bdef8fa2209473806fbdf65cb6/r_25",
            "rotation": 0.12566370614359174,
            "transform_matrix": [
                [
                    0.474516898393631,
                    0.4375254213809967,
                    -0.7638096213340759,
                    -3.079015016555786
                ],
                [
                    -0.8802463412284851,
                    0.23585808277130127,
                    -0.411749005317688,
                    -1.6598132848739624
                ],
                [
                    1.4901160305669237e-08,
                    0.8677225112915039,
                    0.49704885482788086,
                    2.0036680698394775
                ],
                [
                    0.0,
                    0.0,
                    0.0,
                    1.0
                ]
            ]
        },
        {
            "file_path": "/data/shapenet_blender/all_50_random/02958343/b44b09bdef8fa2209473806fbdf65cb6/r_26",
            "rotation": 0.12566370614359174,
            "transform_matrix": [
                [
                    -0.13836538791656494,
                    -0.18597249686717987,
                    -0.97276371717453,
                    -3.9213359355926514
                ],
                [
                    -0.9903813600540161,
                    0.025982066988945007,
                    0.13590402901172638,
                    0.5478466749191284
                ],
                [
                    1.862645371275562e-09,
                    0.9822113513946533,
                    -0.18777869641780853,
                    -0.7569601535797119
                ],
                [
                    0.0,
                    0.0,
                    0.0,
                    1.0
                ]
            ]
        },
        {
            "file_path": "/data/shapenet_blender/all_50_random/02958343/b44b09bdef8fa2209473806fbdf65cb6/r_27",
            "rotation": 0.12566370614359174,
            "transform_matrix": [
                [
                    -0.8008180260658264,
                    -0.10981445014476776,
                    -0.5887539982795715,
                    -2.3733432292938232
                ],
                [
                    -0.5989077687263489,
                    0.1468362808227539,
                    0.7872411012649536,
                    3.1734704971313477
                ],
                [
                    0.0,
                    0.9830462336540222,
                    -0.1833578497171402,
                    -0.7391391396522522
                ],
                [
                    0.0,
                    0.0,
                    0.0,
                    1.0
                ]
            ]
        },
        {
            "file_path": "/data/shapenet_blender/all_50_random/02958343/b44b09bdef8fa2209473806fbdf65cb6/r_28",
            "rotation": 0.12566370614359174,
            "transform_matrix": [
                [
                    0.8228054046630859,
                    0.04609600082039833,
                    -0.5664506554603577,
                    -2.283435583114624
                ],
                [
                    -0.5683231949806213,
                    0.06673675030469894,
                    -0.8200944662094116,
                    -3.3059065341949463
                ],
                [
                    0.0,
                    0.9967052340507507,
                    0.08110878616571426,
                    0.3269599676132202
                ],
                [
                    0.0,
                    0.0,
                    0.0,
                    1.0
                ]
            ]
        },
        {
            "file_path": "/data/shapenet_blender/all_50_random/02958343/b44b09bdef8fa2209473806fbdf65cb6/r_29",
            "rotation": 0.12566370614359174,
            "transform_matrix": [
                [
                    -0.7857175469398499,
                    -0.18798942863941193,
                    0.589328408241272,
                    2.3756587505340576
                ],
                [
                    0.6185855269432068,
                    -0.23878121376037598,
                    0.7485556602478027,
                    3.017524480819702
                ],
                [
                    0.0,
                    0.9527032971382141,
                    0.3039020895957947,
                    1.22506844997406
                ],
                [
                    0.0,
                    0.0,
                    0.0,
                    1.0
                ]
            ]
        },
        {
            "file_path": "/data/shapenet_blender/all_50_random/02958343/b44b09bdef8fa2209473806fbdf65cb6/r_30",
            "rotation": 0.12566370614359174,
            "transform_matrix": [
                [
                    -0.10100692510604858,
                    0.8066762685775757,
                    0.5822979807853699,
                    2.347318172454834
                ],
                [
                    0.9948858022689819,
                    0.08189873397350311,
                    0.059118472039699554,
                    0.2383141815662384
                ],
                [
                    0.0,
                    0.58529132604599,
                    -0.8108230829238892,
                    -3.2685322761535645
                ],
                [
                    0.0,
                    0.0,
                    0.0,
                    1.0
                ]
            ]
        },
        {
            "file_path": "/data/shapenet_blender/all_50_random/02958343/b44b09bdef8fa2209473806fbdf65cb6/r_31",
            "rotation": 0.12566370614359174,
            "transform_matrix": [
                [
                    -0.7933348417282104,
                    0.5049273371696472,
                    -0.34010010957717896,
                    -1.3709874153137207
                ],
                [
                    -0.6087855100631714,
                    -0.6579928398132324,
                    0.4431992769241333,
                    1.7865934371948242
                ],
                [
                    0.0,
                    0.5586533546447754,
                    0.8294011950492859,
                    3.3434231281280518
                ],
                [
                    0.0,
                    0.0,
                    0.0,
                    1.0
                ]
            ]
        },
        {
            "file_path": "/data/shapenet_blender/all_50_random/02958343/b44b09bdef8fa2209473806fbdf65cb6/r_32",
            "rotation": 0.12566370614359174,
            "transform_matrix": [
                [
                    0.9690935015678406,
                    -0.0003548663225956261,
                    -0.24669323861598969,
                    -0.9944522380828857
                ],
                [
                    -0.2466934770345688,
                    -0.0013940321514382958,
                    -0.9690924882888794,
                    -3.906536817550659
                ],
                [
                    -2.9103828722010228e-11,
                    0.999998927116394,
                    -0.0014384908135980368,
                    -0.005798742175102234
                ],
                [
                    0.0,
                    0.0,
                    0.0,
                    1.0
                ]
            ]
        },
        {
            "file_path": "/data/shapenet_blender/all_50_random/02958343/b44b09bdef8fa2209473806fbdf65cb6/r_33",
            "rotation": 0.12566370614359174,
            "transform_matrix": [
                [
                    0.08237221091985703,
                    -0.8181943893432617,
                    -0.569010317325592,
                    -2.2937538623809814
                ],
                [
                    -0.9966016411781311,
                    -0.06762629747390747,
                    -0.04703046381473541,
                    -0.1895858645439148
                ],
                [
                    0.0,
                    0.5709506273269653,
                    -0.820984423160553,
                    -3.3094940185546875
                ],
                [
                    0.0,
                    0.0,
                    0.0,
                    1.0
                ]
            ]
        },
        {
            "file_path": "/data/shapenet_blender/all_50_random/02958343/b44b09bdef8fa2209473806fbdf65cb6/r_34",
            "rotation": 0.12566370614359174,
            "transform_matrix": [
                [
                    0.491658478975296,
                    0.6855171322822571,
                    -0.5369712114334106,
                    -2.164600372314453
                ],
                [
                    -0.8707880973815918,
                    0.3870520293712616,
                    -0.3031810522079468,
                    -1.2221620082855225
                ],
                [
                    0.0,
                    0.6166496276855469,
                    0.7872375845909119,
                    3.1734564304351807
                ],
                [
                    0.0,
                    0.0,
                    0.0,
                    1.0
                ]
            ]
        },
        {
            "file_path": "/data/shapenet_blender/all_50_random/02958343/b44b09bdef8fa2209473806fbdf65cb6/r_35",
            "rotation": 0.12566370614359174,
            "transform_matrix": [
                [
                    -0.93452388048172,
                    0.1236208975315094,
                    -0.333741158246994,
                    -1.345353603363037
                ],
                [
                    -0.35590070486068726,
                    -0.3246036767959595,
                    0.8763373494148254,
                    3.5326287746429443
                ],
                [
                    0.0,
                    0.9377368092536926,
                    0.34734663367271423,
                    1.400199055671692
                ],
                [
                    0.0,
                    0.0,
                    0.0,
                    1.0
                ]
            ]
        },
        {
            "file_path": "/data/shapenet_blender/all_50_random/02958343/b44b09bdef8fa2209473806fbdf65cb6/r_36",
            "rotation": 0.12566370614359174,
            "transform_matrix": [
                [
                    0.8683185577392578,
                    0.22784355282783508,
                    0.44057947397232056,
                    1.77603280544281
                ],
                [
                    0.4960070550441742,
                    -0.3988668620586395,
                    -0.7712860703468323,
                    -3.1091537475585938
                ],
                [
                    0.0,
                    0.8882524967193604,
                    -0.45935550332069397,
                    -1.8517214059829712
                ],
                [
                    0.0,
                    0.0,
                    0.0,
                    1.0
                ]
            ]
        },
        {
            "file_path": "/data/shapenet_blender/all_50_random/02958343/b44b09bdef8fa2209473806fbdf65cb6/r_37",
            "rotation": 0.12566370614359174,
            "transform_matrix": [
                [
                    -0.7972086071968079,
                    0.006693701259791851,
                    -0.6036667823791504,
                    -2.4334585666656494
                ],
                [
                    -0.6037039160728455,
                    -0.008839228190481663,
                    0.7971596121788025,
                    3.2134532928466797
                ],
                [
                    0.0,
                    0.9999384880065918,
                    0.011087723076343536,
                    0.04469604045152664
                ],
                [
                    0.0,
                    0.0,
                    0.0,
                    1.0
                ]
            ]
        },
        {
            "file_path": "/data/shapenet_blender/all_50_random/02958343/b44b09bdef8fa2209473806fbdf65cb6/r_38",
            "rotation": 0.12566370614359174,
            "transform_matrix": [
                [
                    -0.7024251818656921,
                    0.17285355925559998,
                    -0.6904494762420654,
                    -2.7832908630371094
                ],
                [
                    -0.7117576003074646,
                    -0.17058715224266052,
                    0.681396484375,
                    2.7467970848083496
                ],
                [
                    0.0,
                    0.9700626730918884,
                    0.2428545504808426,
                    0.9789779782295227
                ],
                [
                    0.0,
                    0.0,
                    0.0,
                    1.0
                ]
            ]
        },
        {
            "file_path": "/data/shapenet_blender/all_50_random/02958343/b44b09bdef8fa2209473806fbdf65cb6/r_39",
            "rotation": 0.12566370614359174,
            "transform_matrix": [
                [
                    -0.011153792031109333,
                    -0.013713633641600609,
                    0.9998436570167542,
                    4.03049898147583
                ],
                [
                    0.9999377727508545,
                    -0.0001529685250716284,
                    0.011152741499245167,
                    0.044958144426345825
                ],
                [
                    0.0,
                    0.9999058842658997,
                    0.013714485801756382,
                    0.05528486520051956
                ],
                [
                    0.0,
                    0.0,
                    0.0,
                    1.0
                ]
            ]
        },
        {
            "file_path": "/data/shapenet_blender/all_50_random/02958343/b44b09bdef8fa2209473806fbdf65cb6/r_40",
            "rotation": 0.12566370614359174,
            "transform_matrix": [
                [
                    0.8793171048164368,
                    -0.09226334095001221,
                    -0.46721410751342773,
                    -1.8834004402160645
                ],
                [
                    -0.4762369394302368,
                    -0.1703537255525589,
                    -0.8626574873924255,
                    -3.4774837493896484
                ],
                [
                    0.0,
                    0.9810540676116943,
                    -0.19373410940170288,
                    -0.7809672355651855
                ],
                [
                    0.0,
                    0.0,
                    0.0,
                    1.0
                ]
            ]
        },
        {
            "file_path": "/data/shapenet_blender/all_50_random/02958343/b44b09bdef8fa2209473806fbdf65cb6/r_41",
            "rotation": 0.12566370614359174,
            "transform_matrix": [
                [
                    -0.08489327877759933,
                    -0.40335455536842346,
                    0.9110971689224243,
                    3.672750473022461
                ],
                [
                    0.9963900446891785,
                    -0.03436615318059921,
                    0.07762626558542252,
                    0.31292152404785156
                ],
                [
