{
    "class": "02958343",
    "model": "ea3561150f4f2790253c03b7df20edd5",
    "remove_doubles": true,
    "edge_split": true,
    "denoise": true,
    "camera_angle_x": 0.6911112070083618,
    "scale_factor": 2.2272384556835103,
    "hdri_file": "/data/IndoorHDRDataset2018/AG8A3669-1e8c6de004.exr",
    "center_offset": [
        0.0,
        -1.862645149230957e-09,
        -1.862645149230957e-09
    ],
    "lights": [],
    "frames": [
        {
            "file_path": "/data/shapenet_blender/all_50_random/02958343/ea3561150f4f2790253c03b7df20edd5/r_0",
            "rotation": 0.12566370614359174,
            "transform_matrix": [
                [
                    0.98683762550354,
                    0.0023705498315393925,
                    0.16169682145118713,
                    0.651820719242096
                ],
                [
                    0.16171419620513916,
                    -0.01446593925356865,
                    -0.9867315888404846,
                    -3.977642297744751
                ],
                [
                    -2.3283061589829401e-10,
                    0.9998925924301147,
                    -0.014658885076642036,
                    -0.059091854840517044
                ],
                [
                    0.0,
                    0.0,
                    0.0,
                    1.0
                ]
            ]
        },
        {
            "file_path": "/data/shapenet_blender/all_50_random/02958343/ea3561150f4f2790253c03b7df20edd5/r_1",
            "rotation": 0.12566370614359174,
            "transform_matrix": [
                [
                    -0.6404784321784973,
                    -0.5681375861167908,
                    -0.5167272090911865,
                    -2.082994222640991
                ],
                [
                    -0.7679762840270996,
                    0.4738166332244873,
                    0.43094128370285034,
                    1.7371799945831299
                ],
                [
                    1.4901162970204496e-08,
                    0.672842800617218,
                    -0.739785373210907,
                    -2.982170581817627
                ],
                [
                    0.0,
                    0.0,
                    0.0,
                    1.0
                ]
            ]
        },
        {
            "file_path": "/data/shapenet_blender/all_50_random/02958343/ea3561150f4f2790253c03b7df20edd5/r_2",
            "rotation": 0.12566370614359174,
            "transform_matrix": [
                [
                    -0.7590430378913879,
                    -0.383228063583374,
                    -0.5262983441352844,
                    -2.1215765476226807
                ],
                [
                    -0.6510405540466309,
                    0.44680255651474,
                    0.6136071085929871,
                    2.47352933883667
                ],
                [
                    -1.4901161193847656e-08,
                    0.8083958029747009,
                    -0.5886393189430237,
                    -2.3728809356689453
                ],
                [
                    0.0,
                    0.0,
                    0.0,
                    1.0
                ]
            ]
        },
        {
            "file_path": "/data/shapenet_blender/all_50_random/02958343/ea3561150f4f2790253c03b7df20edd5/r_3",
            "rotation": 0.12566370614359174,
            "transform_matrix": [
                [
                    0.8972001671791077,
                    0.02977110631763935,
                    0.44061946868896484,
                    1.7761938571929932
                ],
                [
                    0.44162407517433167,
                    -0.060482755303382874,
                    -0.8951591849327087,
                    -3.608502149581909
                ],
                [
                    0.0,
                    0.9977251291275024,
                    -0.06741277128458023,
                    -0.2717495858669281
                ],
                [
                    0.0,
                    0.0,
                    0.0,
                    1.0
                ]
            ]
        },
        {
            "file_path": "/data/shapenet_blender/all_50_random/02958343/ea3561150f4f2790253c03b7df20edd5/r_4",
            "rotation": 0.12566370614359174,
            "transform_matrix": [
                [
                    -0.3713845908641815,
                    -0.7591003179550171,
                    0.5346401929855347,
                    2.1552035808563232
                ],
                [
                    0.9284791946411133,
                    -0.3036343455314636,
                    0.21385198831558228,
                    0.8620649576187134
                ],
                [
                    1.4901162970204496e-08,
                    0.5758236050605774,
                    0.8175739645957947,
                    3.295746088027954
                ],
                [
                    0.0,
                    0.0,
                    0.0,
                    1.0
                ]
            ]
        },
        {
            "file_path": "/data/shapenet_blender/all_50_random/02958343/ea3561150f4f2790253c03b7df20edd5/r_5",
            "rotation": 0.12566370614359174,
            "transform_matrix": [
                [
                    -0.8813223838806152,
                    -0.1935005635023117,
                    -0.4310782551765442,
                    -1.737732172012329
                ],
                [
                    -0.4725155830383301,
                    0.36091163754463196,
                    0.8040346503257751,
                    3.2411675453186035
                ],
                [
                    0.0,
                    0.9123049378395081,
                    -0.4095115065574646,
                    -1.6507937908172607
                ],
                [
                    0.0,
                    0.0,
                    0.0,
                    1.0
                ]
            ]
        },
        {
            "file_path": "/data/shapenet_blender/all_50_random/02958343/ea3561150f4f2790253c03b7df20edd5/r_6",
            "rotation": 0.12566370614359174,
            "transform_matrix": [
                [
                    0.7558355927467346,
                    -0.21976101398468018,
                    -0.616780161857605,
                    -2.4863202571868896
                ],
                [
                    -0.654761552810669,
                    -0.25368496775627136,
                    -0.711991012096405,
                    -2.8701276779174805
                ],
                [
                    1.4901162970204496e-08,
                    0.9419920444488525,
                    -0.33563515543937683,
                    -1.352988600730896
                ],
                [
                    0.0,
                    0.0,
                    0.0,
                    1.0
                ]
            ]
        },
        {
            "file_path": "/data/shapenet_blender/all_50_random/02958343/ea3561150f4f2790253c03b7df20edd5/r_7",
            "rotation": 0.12566370614359174,
            "transform_matrix": [
                [
                    0.9050406217575073,
                    0.32022449374198914,
                    0.2799246609210968,
                    1.1284123659133911
                ],
                [
                    0.4253252148628235,
                    -0.6813989281654358,
                    -0.5956457853317261,
                    -2.401124954223633
                ],
                [
                    -1.4901162970204496e-08,
                    0.6581425666809082,
                    -0.7528932094573975,
                    -3.0350096225738525
                ],
                [
                    0.0,
                    0.0,
                    0.0,
                    1.0
                ]
            ]
        },
        {
            "file_path": "/data/shapenet_blender/all_50_random/02958343/ea3561150f4f2790253c03b7df20edd5/r_8",
            "rotation": 0.12566370614359174,
            "transform_matrix": [
                [
                    -0.7918129563331604,
                    -0.04083128273487091,
                    0.6093971133232117,
                    2.4565582275390625
                ],
                [
                    0.6107634902000427,
                    -0.05293496325612068,
                    0.7900416254997253,
                    3.1847596168518066
                ],
                [
                    3.7252896323280993e-09,
                    0.99776291847229,
                    0.06685284525156021,
                    0.2694924473762512
                ],
                [
                    0.0,
                    0.0,
                    0.0,
                    1.0
                ]
            ]
        },
        {
            "file_path": "/data/shapenet_blender/all_50_random/02958343/ea3561150f4f2790253c03b7df20edd5/r_9",
            "rotation": 0.12566370614359174,
            "transform_matrix": [
                [
                    0.2202109396457672,
                    -0.06511902809143066,
                    0.9732763171195984,
                    3.9234018325805664
                ],
                [
                    0.975452184677124,
                    0.014700796455144882,
                    -0.21971973776817322,
                    -0.8857184648513794
                ],
                [
                    0.0,
                    0.9977691769599915,
                    0.06675779819488525,
                    0.26910924911499023
                ],
                [
                    0.0,
                    0.0,
                    0.0,
                    1.0
                ]
            ]
        },
        {
            "file_path": "/data/shapenet_blender/all_50_random/02958343/ea3561150f4f2790253c03b7df20edd5/r_10",
            "rotation": 0.12566370614359174,
            "transform_matrix": [
                [
                    0.7604668736457825,
                    -0.020015772432088852,
                    0.6490681171417236,
                    2.6164774894714355
                ],
                [
                    0.6493767499923706,
                    0.023439908400177956,
                    -0.7601054310798645,
                    -3.0640833377838135
                ],
                [
                    0.0,
                    0.9995247721672058,
                    0.030823050066828728,
                    0.12425169348716736
                ],
                [
                    0.0,
                    0.0,
                    0.0,
                    1.0
                ]
            ]
        },
        {
            "file_path": "/data/shapenet_blender/all_50_random/02958343/ea3561150f4f2790253c03b7df20edd5/r_11",
            "rotation": 0.12566370614359174,
            "transform_matrix": [
                [
                    -0.2755611538887024,
                    -0.10656305402517319,
                    0.9553587436676025,
                    3.8511743545532227
                ],
                [
                    0.9612836241722107,
                    -0.03054732270538807,
                    0.27386274933815,
                    1.1039760112762451
                ],
                [
                    1.862645371275562e-09,
                    0.993836522102356,
                    0.11085496842861176,
                    0.44687068462371826
                ],
                [
                    0.0,
                    0.0,
                    0.0,
                    1.0
                ]
            ]
        },
        {
            "file_path": "/data/shapenet_blender/all_50_random/02958343/ea3561150f4f2790253c03b7df20edd5/r_12",
            "rotation": 0.12566370614359174,
            "transform_matrix": [
                [
                    0.22000743448734283,
                    -0.44272398948669434,
                    -0.8692480325698853,
                    -3.5040509700775146
                ],
                [
                    -0.9754981994628906,
                    -0.09984904527664185,
                    -0.196044459939003,
                    -0.7902805209159851
                ],
                [
                    0.0,
                    0.8910810947418213,
                    -0.45384401082992554,
                    -1.8295037746429443
                ],
                [
                    0.0,
                    0.0,
                    0.0,
                    1.0
                ]
            ]
        },
        {
            "file_path": "/data/shapenet_blender/all_50_random/02958343/ea3561150f4f2790253c03b7df20edd5/r_13",
            "rotation": 0.12566370614359174,
            "transform_matrix": [
                [
                    -0.6708554029464722,
                    0.7411412000656128,
                    -0.02574220672249794,
                    -0.10377015173435211
                ],
                [
                    -0.7415882349014282,
                    -0.6704510450363159,
                    0.023286912590265274,
                    0.0938725471496582
                ],
                [
                    0.0,
                    0.0347130112349987,
                    0.9993972778320312,
                    4.0286993980407715
                ],
                [
                    0.0,
                    0.0,
                    0.0,
                    1.0
                ]
            ]
        },
        {
            "file_path": "/data/shapenet_blender/all_50_random/02958343/ea3561150f4f2790253c03b7df20edd5/r_14",
            "rotation": 0.12566370614359174,
            "transform_matrix": [
                [
                    0.9999918937683105,
                    -0.0013701634015887976,
                    -0.003806568682193756,
                    -0.015344768762588501
                ],
                [
                    -0.004045653622597456,
                    -0.3386726379394531,
                    -0.9408956170082092,
                    -3.7928714752197266
                ],
                [
                    0.0,
                    0.9409033060073853,
                    -0.3386754095554352,
                    -1.3652442693710327
                ],
                [
                    0.0,
                    0.0,
                    0.0,
                    1.0
                ]
            ]
        },
        {
            "file_path": "/data/shapenet_blender/all_50_random/02958343/ea3561150f4f2790253c03b7df20edd5/r_15",
            "rotation": 0.12566370614359174,
            "transform_matrix": [
                [
                    0.28689467906951904,
                    -0.39651554822921753,
                    -0.8720475435256958,
                    -3.515336036682129
                ],
                [
                    -0.957962155342102,
                    -0.1187502071261406,
                    -0.2611646056175232,
                    -1.052788257598877
                ],
                [
                    0.0,
                    0.9103153347969055,
                    -0.41391563415527344,
                    -1.66854727268219
                ],
                [
                    0.0,
                    0.0,
                    0.0,
                    1.0
                ]
            ]
        },
        {
            "file_path": "/data/shapenet_blender/all_50_random/02958343/ea3561150f4f2790253c03b7df20edd5/r_16",
            "rotation": 0.12566370614359174,
            "transform_matrix": [
                [
                    -0.9956496357917786,
                    0.016126474365592003,
                    -0.09176993370056152,
                    -0.369936466217041
                ],
                [
                    -0.09317608922719955,
                    -0.17232228815555573,
                    0.9806238412857056,
                    3.953021287918091
                ],
                [
                    0.0,
                    0.9849086403846741,
                    0.17307519912719727,
                    0.6976885199546814
                ],
                [
                    0.0,
                    0.0,
                    0.0,
                    1.0
                ]
            ]
        },
        {
            "file_path": "/data/shapenet_blender/all_50_random/02958343/ea3561150f4f2790253c03b7df20edd5/r_17",
            "rotation": 0.12566370614359174,
            "transform_matrix": [
                [
                    0.4969734847545624,
                    -0.074244923889637,
                    -0.8645837306976318,
                    -3.485248565673828
                ],
                [
                    -0.8677657246589661,
                    -0.04252041131258011,
                    -0.4951511323451996,
                    -1.9960180521011353
                ],
                [
                    3.725290298461914e-09,
                    0.9963330626487732,
                    -0.08555871993303299,
                    -0.3448982238769531
                ],
                [
                    0.0,
                    0.0,
                    0.0,
                    1.0
                ]
            ]
        },
        {
            "file_path": "/data/shapenet_blender/all_50_random/02958343/ea3561150f4f2790253c03b7df20edd5/r_18",
            "rotation": 0.12566370614359174,
            "transform_matrix": [
                [
                    0.3815598785877228,
                    0.0668797418475151,
                    -0.9219215512275696,
                    -3.716384172439575
                ],
                [
                    -0.9243441820144653,
                    0.027607278898358345,
                    -0.3805598318576813,
                    -1.5340855121612549
                ],
                [
                    1.862645149230957e-09,
                    0.997378945350647,
                    0.07235374301671982,
                    0.29166722297668457
                ],
                [
                    0.0,
                    0.0,
                    0.0,
                    1.0
                ]
            ]
        },
        {
            "file_path": "/data/shapenet_blender/all_50_random/02958343/ea3561150f4f2790253c03b7df20edd5/r_19",
            "rotation": 0.12566370614359174,
            "transform_matrix": [
                [
                    0.5430696606636047,
                    0.49460357427597046,
                    0.6785592436790466,
                    2.7353599071502686
                ],
                [
                    0.8396877646446228,
                    -0.31988582015037537,
                    -0.4388594925403595,
                    -1.769099235534668
                ],
                [
                    1.4901162970204496e-08,
                    0.8081091046333313,
                    -0.589032769203186,
                    -2.374467134475708
                ],
                [
                    0.0,
                    0.0,
                    0.0,
                    1.0
                ]
            ]
        },
        {
            "file_path": "/data/shapenet_blender/all_50_random/02958343/ea3561150f4f2790253c03b7df20edd5/r_20",
            "rotation": 0.12566370614359174,
            "transform_matrix": [
                [
                    -0.15915937721729279,
                    -0.44048160314559937,
                    0.8835407495498657,
                    3.56166672706604
                ],
                [
                    0.9872530102729797,
                    -0.0710119679570198,
                    0.14243948459625244,
                    0.5741919279098511
                ],
                [
                    -7.450581485102248e-09,
                    0.8949487209320068,
                    0.4461689293384552,
                    1.7985644340515137
                ],
                [
                    0.0,
                    0.0,
                    0.0,
                    1.0
                ]
            ]
        },
        {
            "file_path": "/data/shapenet_blender/all_50_random/02958343/ea3561150f4f2790253c03b7df20edd5/r_21",
            "rotation": 0.12566370614359174,
            "transform_matrix": [
                [
                    -0.414646714925766,
                    -0.8760474324226379,
                    -0.24618861079216003,
                    -0.9924180507659912
                ],
                [
                    -0.9099825620651245,
                    0.3991836905479431,
                    0.11217940598726273,
                    0.4522096514701843
                ],
                [
                    0.0,
                    0.270542174577713,
                    -0.9627081155776978,
                    -3.880800485610962
                ],
                [
                    0.0,
                    0.0,
                    0.0,
                    1.0
                ]
            ]
        },
        {
            "file_path": "/data/shapenet_blender/all_50_random/02958343/ea3561150f4f2790253c03b7df20edd5/r_22",
            "rotation": 0.12566370614359174,
            "transform_matrix": [
                [
                    0.343082457780838,
                    0.12439292669296265,
                    -0.931032121181488,
                    -3.753110408782959
                ],
                [
                    -0.9393052458763123,
                    0.04543468356132507,
                    -0.3400607109069824,
                    -1.3708285093307495
                ],
                [
                    0.0,
                    0.9911922216415405,
                    0.1324307769536972,
                    0.5338455438613892
                ],
                [
                    0.0,
                    0.0,
                    0.0,
                    1.0
                ]
            ]
        },
        {
            "file_path": "/data/shapenet_blender/all_50_random/02958343/ea3561150f4f2790253c03b7df20edd5/r_23",
            "rotation": 0.12566370614359174,
            "transform_matrix": [
                [
                    0.2353118360042572,
                    0.7350005507469177,
                    0.6359266042709351,
                    2.563502073287964
                ],
                [
                    0.9719198942184448,
                    -0.17795121669769287,
                    -0.15396438539028168,
                    -0.6206502914428711
                ],
                [
                    0.0,
                    0.6542993783950806,
                    -0.756235659122467,
                    -3.048483371734619
                ],
                [
                    0.0,
                    0.0,
                    0.0,
                    1.0
                ]
            ]
        },
        {
            "file_path": "/data/shapenet_blender/all_50_random/02958343/ea3561150f4f2790253c03b7df20edd5/r_24",
            "rotation": 0.12566370614359174,
            "transform_matrix": [
                [
                    0.14598320424556732,
                    0.01242026500403881,
                    0.9892091155052185,
                    3.9876294136047363
                ],
                [
                    0.9892870783805847,
                    -0.0018327845027670264,
                    -0.14597170054912567,
                    -0.5884307622909546
                ],
                [
                    0.0,
                    0.9999211430549622,
                    -0.012554763816297054,
                    -0.05060987174510956
                ],
                [
                    0.0,
                    0.0,
                    0.0,
                    1.0
                ]
            ]
        },
        {
            "file_path": "/data/shapenet_blender/all_50_random/02958343/ea3561150f4f2790253c03b7df20edd5/r_25",
            "rotation": 0.12566370614359174,
            "transform_matrix": [
                [
                    0.42159271240234375,
                    -0.3352739214897156,
                    0.8425264954566956,
                    3.3963332176208496
                ],
                [
                    0.906785249710083,
                    0.15587928891181946,
                    -0.3917168080806732,
                    -1.5790610313415527
                ],
                [
                    0.0,
                    0.9291356801986694,
                    0.36973899602890015,
                    1.4904656410217285
                ],
                [
                    0.0,
                    0.0,
                    0.0,
                    1.0
                ]
            ]
        },
        {
            "file_path": "/data/shapenet_blender/all_50_random/02958343/ea3561150f4f2790253c03b7df20edd5/r_26",
            "rotation": 0.12566370614359174,
            "transform_matrix": [
                [
                    0.6425705552101135,
                    0.7413676977157593,
                    0.193589985370636,
                    0.780386209487915
                ],
                [
                    0.7662265300750732,
                    -0.621723473072052,
                    -0.16234782338142395,
                    -0.6544449925422668
                ],
                [
                    0.0,
                    0.25265368819236755,
                    -0.9675567746162415,
                    -3.900346040725708
                ],
                [
                    0.0,
                    0.0,
                    0.0,
                    1.0
                ]
            ]
        },
        {
            "file_path": "/data/shapenet_blender/all_50_random/02958343/ea3561150f4f2790253c03b7df20edd5/r_27",
            "rotation": 0.12566370614359174,
            "transform_matrix": [
                [
                    -0.015412591397762299,
                    0.5115193724632263,
                    0.8591334223747253,
                    3.463277816772461
                ],
                [
                    0.9998812675476074,
                    0.007884775288403034,
                    0.013243044726550579,
                    0.05338442325592041
                ],
                [
                    0.0,
                    0.8592355251312256,
                    -0.5115801095962524,
                    -2.0622456073760986
                ],
                [
                    0.0,
                    0.0,
                    0.0,
                    1.0
                ]
            ]
        },
        {
            "file_path": "/data/shapenet_blender/all_50_random/02958343/ea3561150f4f2790253c03b7df20edd5/r_28",
            "rotation": 0.12566370614359174,
            "transform_matrix": [
                [
                    0.9966031312942505,
                    -0.07246484607458115,
                    -0.03912847489118576,
                    -0.15773190557956696
                ],
                [
                    -0.08235406875610352,
                    -0.8769292831420898,
                    -0.4735110402107239,
                    -1.9087837934494019
                ],
                [
                    0.0,
                    0.47512492537498474,
                    -0.8799184560775757,
                    -3.5470643043518066
                ],
                [
                    0.0,
                    0.0,
                    0.0,
                    1.0
                ]
            ]
        },
        {
            "file_path": "/data/shapenet_blender/all_50_random/02958343/ea3561150f4f2790253c03b7df20edd5/r_29",
            "rotation": 0.12566370614359174,
            "transform_matrix": [
                [
                    -0.9977644681930542,
                    -0.02417610213160515,
                    0.062303539365530014,
                    0.2511536180973053
                ],
                [
                    0.06682976335287094,
                    -0.3609478175640106,
                    0.9301882982254028,
                    3.749709129333496
                ],
                [
                    0.0,
                    0.9322725534439087,
                    0.3617565631866455,
                    1.4582874774932861
                ],
                [
                    0.0,
                    0.0,
                    0.0,
                    1.0
                ]
            ]
        },
        {
            "file_path": "/data/shapenet_blender/all_50_random/02958343/ea3561150f4f2790253c03b7df20edd5/r_30",
            "rotation": 0.12566370614359174,
            "transform_matrix": [
                [
                    0.8295997381210327,
                    -0.10809804499149323,
                    0.5477948784828186,
                    2.2082316875457764
                ],
                [
                    0.5583587288856506,
                    0.16061019897460938,
                    -0.8139041066169739,
                    -3.2809524536132812
                ],
                [
                    -7.450581485102248e-09,
                    0.9810805916786194,
                    0.1935996562242508,
                    0.7804251909255981
                ],
                [
                    0.0,
                    0.0,
                    0.0,
                    1.0
                ]
            ]
        },
        {
            "file_path": "/data/shapenet_blender/all_50_random/02958343/ea3561150f4f2790253c03b7df20edd5/r_31",
            "rotation": 0.12566370614359174,
            "transform_matrix": [
                [
                    -0.9853995442390442,
                    -0.0030248838011175394,
                    -0.17023099958896637,
                    -0.6862231492996216
                ],
                [
                    -0.17025789618492126,
                    0.017507081851363182,
                    0.9852439165115356,
                    3.9716455936431885
                ],
                [
                    -2.3283067140944524e-10,
                    0.9998420476913452,
                    -0.017766481265425682,
                    -0.07161898165941238
                ],
                [
                    0.0,
                    0.0,
                    0.0,
                    1.0
                ]
            ]
        },
        {
            "file_path": "/data/shapenet_blender/all_50_random/02958343/ea3561150f4f2790253c03b7df20edd5/r_32",
            "rotation": 0.12566370614359174,
            "transform_matrix": [
                [
                    0.8409351110458374,
                    0.4882880449295044,
                    0.23324428498744965,
                    0.940237820148468
                ],
                [
                    0.5411360263824463,
                    -0.7588084936141968,
                    -0.36246585845947266,
                    -1.4611467123031616
                ],
                [
                    -1.4901161193847656e-08,
                    0.43102729320526123,
                    -0.9023389220237732,
                    -3.6374447345733643
                ],
                [
                    0.0,
                    0.0,
                    0.0,
                    1.0
                ]
            ]
        },
        {
            "file_path": "/data/shapenet_blender/all_50_random/02958343/ea3561150f4f2790253c03b7df20edd5/r_33",
            "rotation": 0.12566370614359174,
            "transform_matrix": [
                [
                    -0.5722721219062805,
                    0.5400688648223877,
                    -0.6171143651008606,
                    -2.4876675605773926
                ],
                [
                    -0.8200637102127075,
                    -0.3768809139728546,
                    0.43064624071121216,
                    1.7359905242919922
                ],
                [
                    0.0,
                    0.752519965171814,
                    0.6585693955421448,
                    2.654778242111206
                ],
                [
                    0.0,
                    0.0,
                    0.0,
                    1.0
                ]
            ]
        },
        {
            "file_path": "/data/shapenet_blender/all_50_random/02958343/ea3561150f4f2790253c03b7df20edd5/r_34",
            "rotation": 0.12566370614359174,
            "transform_matrix": [
                [
                    0.047531500458717346,
                    0.0013217955129221082,
                    0.9988688826560974,
                    4.026569366455078
                ],
                [
                    0.998869776725769,
                    -6.289801240200177e-05,
                    -0.04753145948052406,
                    -0.19160544872283936
                ],
                [
                    0.0,
                    0.9999992251396179,
                    -0.001323290984146297,
                    -0.005334356799721718
                ],
                [
                    0.0,
                    0.0,
                    0.0,
                    1.0
                ]
            ]
        },
        {
            "file_path": "/data/shapenet_blender/all_50_random/02958343/ea3561150f4f2790253c03b7df20edd5/r_35",
            "rotation": 0.12566370614359174,
            "transform_matrix": [
                [
                    0.27580419182777405,
                    0.001969432458281517,
                    -0.9612118005752563,
                    -3.8747687339782715
                ],
                [
                    -0.9612138867378235,
                    0.0005650956300087273,
                    -0.2758035957813263,
                    -1.1117998361587524
                ],
                [
                    5.820766091346741e-11,
                    0.9999979138374329,
                    0.002048901515081525,
                    0.008259385824203491
                ],
                [
                    0.0,
                    0.0,
                    0.0,
                    1.0
                ]
            ]
        },
        {
            "file_path": "/data/shapenet_blender/all_50_random/02958343/ea3561150f4f2790253c03b7df20edd5/r_36",
            "rotation": 0.12566370614359174,
            "transform_matrix": [
                [
                    -0.9836046099662781,
                    0.11675797402858734,
                    -0.13743972778320312,
                    -0.55403733253479
                ],
                [
                    -0.18033885955810547,
                    -0.6368215680122375,
                    0.7496240139007568,
                    3.0218312740325928
                ],
                [
                    -7.450580596923828e-09,
                    0.7621194124221802,
                    0.6474364399909973,
                    2.6098999977111816
                ],
                [
                    0.0,
                    0.0,
                    0.0,
                    1.0
                ]
            ]
        },
        {
            "file_path": "/data/shapenet_blender/all_50_random/02958343/ea3561150f4f2790253c03b7df20edd5/r_37",
            "rotation": 0.12566370614359174,
            "transform_matrix": [
                [
                    0.2527911365032196,
                    -0.07228817045688629,
                    -0.9648165106773376,
                    -3.8893001079559326
                ],
                [
                    -0.9675208926200867,
                    -0.018887249752879143,
                    -0.25208452343940735,
                    -1.0161852836608887
                ],
                [
                    0.0,
                    0.9972049593925476,
                    -0.07471482455730438,
                    -0.30118513107299805
                ],
                [
                    0.0,
                    0.0,
                    0.0,
                    1.0
                ]
            ]
        },
        {
            "file_path": "/data/shapenet_blender/all_50_random/02958343/ea3561150f4f2790253c03b7df20edd5/r_38",
            "rotation": 0.12566370614359174,
            "transform_matrix": [
                [
                    0.16180677711963654,
                    -0.08442241698503494,
                    0.9832046627998352,
                    3.9634246826171875
                ],
                [
                    0.9868224859237671,
                    0.013842528685927391,
                    -0.16121357679367065,
                    -0.6498727202415466
                ],
                [
                    9.31322685637781e-10,
                    0.9963338375091553,
                    0.08554975688457489,
                    0.34486210346221924
                ],
                [
                    0.0,
                    0.0,
                    0.0,
                    1.0
                ]
            ]
        },
        {
            "file_path": "/data/shapenet_blender/all_50_random/02958343/ea3561150f4f2790253c03b7df20edd5/r_39",
            "rotation": 0.12566370614359174,
            "transform_matrix": [
                [
                    0.9903995990753174,
                    -0.031659409403800964,
                    -0.13455991446971893,
                    -0.5424283742904663
                ],
                [
                    -0.1382341831922531,
                    -0.22682860493659973,
                    -0.9640747308731079,
                    -3.8863093852996826
                ],
                [
                    0.0,
                    0.9734199643135071,
                    -0.2290273755788803,
                    -0.9232388138771057
                ],
                [
                    0.0,
                    0.0,
                    0.0,
                    1.0
                ]
            ]
        },
        {
            "file_path": "/data/shapenet_blender/all_50_random/02958343/ea3561150f4f2790253c03b7df20edd5/r_40",
            "rotation": 0.12566370614359174,
            "transform_matrix": [
                [
                    0.694771409034729,
                    -0.18634971976280212,
                    -0.6946699619293213,
                    -2.800304412841797
                ],
                [
                    -0.7192305326461792,
                    -0.18001244962215424,
                    -0.6710460186004639,
                    -2.705073356628418
                ],
                [
                    0.0,
                    0.9658515453338623,
                    -0.2590959072113037,
                    -1.0444490909576416
                ],
                [
                    0.0,
                    0.0,
                    0.0,
                    1.0
                ]
            ]
        },
        {
            "file_path": "/data/shapenet_blender/all_50_random/02958343/ea3561150f4f2790253c03b7df20edd5/r_41",
            "rotation": 0.12566370614359174,
            "transform_matrix": [
                [
                    -0.9005403518676758,
                    0.23011618852615356,
                    -0.36888161301612854,
                    -1.4870092868804932
                ],
                [
                    -0.4347725212574005,
                    -0.4766375720500946,
                    0.7640611529350281,
                    3.080029010772705
