{
    "class": "02958343",
    "model": "e8745e2d659061ee4a15d27f5dbfc7ba",
    "remove_doubles": true,
    "edge_split": true,
    "denoise": true,
    "camera_angle_x": 0.6911112070083618,
    "scale_factor": 2.2506327769046224,
    "hdri_file": "/data/IndoorHDRDataset2018/9C4A6257-3cc71c714b.exr",
    "center_offset": [
        0.0,
        0.0,
        -1.862645149230957e-09
    ],
    "lights": [],
    "frames": [
        {
            "file_path": "/data/shapenet_blender/all_50_random/02958343/e8745e2d659061ee4a15d27f5dbfc7ba/r_0",
            "rotation": 0.12566370614359174,
            "transform_matrix": [
                [
                    0.6880838871002197,
                    0.11112640053033829,
                    0.7170713543891907,
                    2.8906071186065674
                ],
                [
                    0.7256309986114502,
                    -0.10537626594305038,
                    -0.6799671649932861,
                    -2.741035223007202
                ],
                [
                    -7.450580152834618e-09,
                    0.9882038235664368,
                    -0.1531444787979126,
                    -0.6173451542854309
                ],
                [
                    0.0,
                    0.0,
                    0.0,
                    1.0
                ]
            ]
        },
        {
            "file_path": "/data/shapenet_blender/all_50_random/02958343/e8745e2d659061ee4a15d27f5dbfc7ba/r_1",
            "rotation": 0.12566370614359174,
            "transform_matrix": [
                [
                    0.4238695800304413,
                    -0.1601962149143219,
                    -0.8914435505867004,
                    -3.593524217605591
                ],
                [
                    -0.9057232737541199,
                    -0.07497025281190872,
                    -0.41718679666519165,
                    -1.6817338466644287
                ],
                [
                    0.0,
                    0.9842340350151062,
                    -0.17687103152275085,
                    -0.7129899859428406
                ],
                [
                    0.0,
                    0.0,
                    0.0,
                    1.0
                ]
            ]
        },
        {
            "file_path": "/data/shapenet_blender/all_50_random/02958343/e8745e2d659061ee4a15d27f5dbfc7ba/r_2",
            "rotation": 0.12566370614359174,
            "transform_matrix": [
                [
                    0.9674468636512756,
                    -0.18015895783901215,
                    0.17773349583148956,
                    0.7164666652679443
                ],
                [
                    0.2530739903450012,
                    0.6887085437774658,
                    -0.6794365644454956,
                    -2.738896369934082
                ],
                [
                    7.450580152834618e-09,
                    0.7022985219955444,
                    0.7118825316429138,
                    2.869690179824829
                ],
                [
                    0.0,
                    0.0,
                    0.0,
                    1.0
                ]
            ]
        },
        {
            "file_path": "/data/shapenet_blender/all_50_random/02958343/e8745e2d659061ee4a15d27f5dbfc7ba/r_3",
            "rotation": 0.12566370614359174,
            "transform_matrix": [
                [
                    -0.8990395069122314,
                    -0.22243744134902954,
                    -0.3771597445011139,
                    -1.520379662513733
                ],
                [
                    -0.43786749243736267,
                    0.45671361684799194,
                    0.7743930220603943,
                    3.121678352355957
                ],
                [
                    -1.4901161193847656e-08,
                    0.8613559007644653,
                    -0.5080017447471619,
                    -2.047820806503296
                ],
                [
                    0.0,
                    0.0,
                    0.0,
                    1.0
                ]
            ]
        },
        {
            "file_path": "/data/shapenet_blender/all_50_random/02958343/e8745e2d659061ee4a15d27f5dbfc7ba/r_4",
            "rotation": 0.12566370614359174,
            "transform_matrix": [
                [
                    -0.005690576042979956,
                    0.542249321937561,
                    0.8401983380317688,
                    3.3869478702545166
                ],
                [
                    0.9999839067459106,
                    0.0030857608653604984,
                    0.004781289957463741,
                    0.019273996353149414
                ],
                [
                    0.0,
                    0.8402118682861328,
                    -0.5422581434249878,
                    -2.185912609100342
                ],
                [
                    0.0,
                    0.0,
                    0.0,
                    1.0
                ]
            ]
        },
        {
            "file_path": "/data/shapenet_blender/all_50_random/02958343/e8745e2d659061ee4a15d27f5dbfc7ba/r_5",
            "rotation": 0.12566370614359174,
            "transform_matrix": [
                [
                    -0.9336674809455872,
                    0.3469664752483368,
                    -0.0887654721736908,
                    -0.3578251004219055
                ],
                [
                    -0.35814109444618225,
                    -0.9045354127883911,
                    0.23140999674797058,
                    0.9328435659408569
                ],
                [
                    0.0,
                    0.24785061180591583,
                    0.9687982201576233,
                    3.905350685119629
                ],
                [
                    0.0,
                    0.0,
                    0.0,
                    1.0
                ]
            ]
        },
        {
            "file_path": "/data/shapenet_blender/all_50_random/02958343/e8745e2d659061ee4a15d27f5dbfc7ba/r_6",
            "rotation": 0.12566370614359174,
            "transform_matrix": [
                [
                    0.9149313569068909,
                    0.1411447674036026,
                    -0.3781253397464752,
                    -1.5242719650268555
                ],
                [
                    -0.4036095142364502,
                    0.31995725631713867,
                    -0.8571619987487793,
                    -3.4553306102752686
                ],
                [
                    1.4901161193847656e-08,
                    0.9368593096733093,
                    0.3497062921524048,
                    1.4097111225128174
                ],
                [
                    0.0,
                    0.0,
                    0.0,
                    1.0
                ]
            ]
        },
        {
            "file_path": "/data/shapenet_blender/all_50_random/02958343/e8745e2d659061ee4a15d27f5dbfc7ba/r_7",
            "rotation": 0.12566370614359174,
            "transform_matrix": [
                [
                    -0.8542616963386536,
                    -0.22408311069011688,
                    0.469066858291626,
                    1.8908690214157104
                ],
                [
                    0.5198432207107544,
                    -0.3682371973991394,
                    0.7708205580711365,
                    3.1072771549224854
                ],
                [
                    0.0,
                    0.9023236632347107,
                    0.43105900287628174,
                    1.737654447555542
                ],
                [
                    0.0,
                    0.0,
                    0.0,
                    1.0
                ]
            ]
        },
        {
            "file_path": "/data/shapenet_blender/all_50_random/02958343/e8745e2d659061ee4a15d27f5dbfc7ba/r_8",
            "rotation": 0.12566370614359174,
            "transform_matrix": [
                [
                    -0.5485942363739014,
                    0.06236174330115318,
                    -0.8337598443031311,
                    -3.3609931468963623
                ],
                [
                    -0.8360887765884399,
                    -0.0409182570874691,
                    0.5470661520957947,
                    2.205293893814087
                ],
                [
                    0.0,
                    0.9972144365310669,
                    0.07458747178316116,
                    0.30067166686058044
                ],
                [
                    0.0,
                    0.0,
                    0.0,
                    1.0
                ]
            ]
        },
        {
            "file_path": "/data/shapenet_blender/all_50_random/02958343/e8745e2d659061ee4a15d27f5dbfc7ba/r_9",
            "rotation": 0.12566370614359174,
            "transform_matrix": [
                [
                    0.9331400394439697,
                    -0.007060607895255089,
                    0.3594437539577484,
                    1.4489641189575195
                ],
                [
                    0.3595131039619446,
                    0.018326273187994957,
                    -0.9329600930213928,
                    -3.7608823776245117
                ],
                [
                    9.313225746154785e-10,
                    0.9998070597648621,
                    0.01963936537504196,
                    0.07916881144046783
                ],
                [
                    0.0,
                    0.0,
                    0.0,
                    1.0
                ]
            ]
        },
        {
            "file_path": "/data/shapenet_blender/all_50_random/02958343/e8745e2d659061ee4a15d27f5dbfc7ba/r_10",
            "rotation": 0.12566370614359174,
            "transform_matrix": [
                [
                    -0.4936727285385132,
                    0.20986509323120117,
                    0.8439454436302185,
                    3.402052879333496
                ],
                [
                    0.8696478605270386,
                    0.11913404613733292,
                    0.47908222675323486,
                    1.9312422275543213
                ],
                [
                    0.0,
                    0.9704450368881226,
                    -0.24132195115089417,
                    -0.9727998971939087
                ],
                [
                    0.0,
                    0.0,
                    0.0,
                    1.0
                ]
            ]
        },
        {
            "file_path": "/data/shapenet_blender/all_50_random/02958343/e8745e2d659061ee4a15d27f5dbfc7ba/r_11",
            "rotation": 0.12566370614359174,
            "transform_matrix": [
                [
                    -0.9975860714912415,
                    0.023371433839201927,
                    -0.06539051979780197,
                    -0.26359760761260986
                ],
                [
                    -0.06944166123867035,
                    -0.33574971556663513,
                    0.93938809633255,
                    3.786794424057007
                ],
                [
                    0.0,
                    0.9416612982749939,
                    0.3365621268749237,
                    1.3567253351211548
                ],
                [
                    0.0,
                    0.0,
                    0.0,
                    1.0
                ]
            ]
        },
        {
            "file_path": "/data/shapenet_blender/all_50_random/02958343/e8745e2d659061ee4a15d27f5dbfc7ba/r_12",
            "rotation": 0.12566370614359174,
            "transform_matrix": [
                [
                    -0.05852508544921875,
                    -0.7220985889434814,
                    -0.6893100738525391,
                    -2.7786977291107178
                ],
                [
                    -0.9982860088348389,
                    0.042333442717790604,
                    0.040411196649074554,
                    0.16290274262428284
                ],
                [
                    0.0,
                    0.6904935836791992,
                    -0.7233384847640991,
                    -2.9158706665039062
                ],
                [
                    0.0,
                    0.0,
                    0.0,
                    1.0
                ]
            ]
        },
        {
            "file_path": "/data/shapenet_blender/all_50_random/02958343/e8745e2d659061ee4a15d27f5dbfc7ba/r_13",
            "rotation": 0.12566370614359174,
            "transform_matrix": [
                [
                    -0.019329916685819626,
                    0.07587719708681107,
                    0.9969298243522644,
                    4.018752574920654
                ],
                [
                    0.9998131394386292,
                    0.001466974033974111,
                    0.01927417330443859,
                    0.07769668102264404
                ],
                [
                    1.1641532182693481e-10,
                    0.9971160292625427,
                    -0.0758913904428482,
                    -0.30592799186706543
                ],
                [
                    0.0,
                    0.0,
                    0.0,
                    1.0
                ]
            ]
        },
        {
            "file_path": "/data/shapenet_blender/all_50_random/02958343/e8745e2d659061ee4a15d27f5dbfc7ba/r_14",
            "rotation": 0.12566370614359174,
            "transform_matrix": [
                [
                    0.7652184367179871,
                    -0.6140247583389282,
                    0.1934281289577484,
                    0.7797337174415588
                ],
                [
                    0.6437708735466003,
                    0.7298606634140015,
                    -0.22991840541362762,
                    -0.9268307089805603
                ],
                [
                    1.4901162970204496e-08,
                    0.300461083650589,
                    0.9537940621376038,
                    3.8448667526245117
                ],
                [
                    0.0,
                    0.0,
                    0.0,
                    1.0
                ]
            ]
        },
        {
            "file_path": "/data/shapenet_blender/all_50_random/02958343/e8745e2d659061ee4a15d27f5dbfc7ba/r_15",
            "rotation": 0.12566370614359174,
            "transform_matrix": [
                [
                    -0.9998382925987244,
                    0.008640294894576073,
                    0.015772921964526176,
                    0.06358268857002258
                ],
                [
                    0.017984433099627495,
                    0.4803541600704193,
                    0.8768901228904724,
                    3.5348572731018066
                ],
                [
                    4.656612873077393e-10,
                    0.8770319819450378,
                    -0.4804318845272064,
                    -1.936682939529419
                ],
                [
                    0.0,
                    0.0,
                    0.0,
                    1.0
                ]
            ]
        },
        {
            "file_path": "/data/shapenet_blender/all_50_random/02958343/e8745e2d659061ee4a15d27f5dbfc7ba/r_16",
            "rotation": 0.12566370614359174,
            "transform_matrix": [
                [
                    -0.5381315350532532,
                    0.6811060905456543,
                    0.49649661779403687,
                    2.0014419555664062
                ],
                [
                    0.8428608179092407,
                    0.43485790491104126,
                    0.3169924318790436,
                    1.2778375148773193
                ],
                [
                    1.4901159417490817e-08,
                    0.5890611410140991,
                    -0.8080883622169495,
                    -3.2575085163116455
                ],
                [
                    0.0,
                    0.0,
                    0.0,
                    1.0
                ]
            ]
        },
        {
            "file_path": "/data/shapenet_blender/all_50_random/02958343/e8745e2d659061ee4a15d27f5dbfc7ba/r_17",
            "rotation": 0.12566370614359174,
            "transform_matrix": [
                [
                    -0.9627386331558228,
                    0.22831101715564728,
                    -0.14494335651397705,
                    -0.5842853784561157
                ],
                [
                    -0.2704339325428009,
                    -0.8127819895744324,
                    0.5159950256347656,
                    2.0800423622131348
                ],
                [
                    0.0,
                    0.5359659194946289,
                    0.8442395925521851,
                    3.4032387733459473
                ],
                [
                    0.0,
                    0.0,
                    0.0,
                    1.0
                ]
            ]
        },
        {
            "file_path": "/data/shapenet_blender/all_50_random/02958343/e8745e2d659061ee4a15d27f5dbfc7ba/r_18",
            "rotation": 0.12566370614359174,
            "transform_matrix": [
                [
                    -0.9895442724227905,
                    -0.1245713159441948,
                    -0.07269257307052612,
                    -0.2930331230163574
                ],
                [
                    -0.14422975480556488,
                    0.8546699285507202,
                    0.4987356662750244,
                    2.010467767715454
                ],
                [
                    0.0,
                    0.5040053725242615,
                    -0.8637005090713501,
                    -3.4816880226135254
                ],
                [
                    0.0,
                    0.0,
                    0.0,
                    1.0
                ]
            ]
        },
        {
            "file_path": "/data/shapenet_blender/all_50_random/02958343/e8745e2d659061ee4a15d27f5dbfc7ba/r_19",
            "rotation": 0.12566370614359174,
            "transform_matrix": [
                [
                    -0.4488299489021301,
                    0.6764901876449585,
                    -0.5838773846626282,
                    -2.353684663772583
                ],
                [
                    -0.8936172127723694,
                    -0.33977532386779785,
                    0.2932594120502472,
                    1.182166337966919
                ],
                [
                    -1.4901161193847656e-08,
                    0.6533863544464111,
                    0.7570245862007141,
                    3.051663398742676
                ],
                [
                    0.0,
                    0.0,
                    0.0,
                    1.0
                ]
            ]
        },
        {
            "file_path": "/data/shapenet_blender/all_50_random/02958343/e8745e2d659061ee4a15d27f5dbfc7ba/r_20",
            "rotation": 0.12566370614359174,
            "transform_matrix": [
                [
                    -0.995917558670044,
                    0.003740270622074604,
                    0.0901888832449913,
                    0.36356300115585327
                ],
                [
                    0.0902663990855217,
                    0.041266750544309616,
                    0.9950622916221619,
                    4.011224269866943
                ],
                [
                    0.0,
                    0.9991412162780762,
                    -0.04143590107560158,
                    -0.16703344881534576
                ],
                [
                    0.0,
                    0.0,
                    0.0,
                    1.0
                ]
            ]
        },
        {
            "file_path": "/data/shapenet_blender/all_50_random/02958343/e8745e2d659061ee4a15d27f5dbfc7ba/r_21",
            "rotation": 0.12566370614359174,
            "transform_matrix": [
                [
                    -0.12490508705377579,
                    -0.2579660713672638,
                    0.958046019077301,
                    3.8620071411132812
                ],
                [
                    0.9921687841415405,
                    -0.03247559815645218,
                    0.1206093356013298,
                    0.4861917793750763
                ],
                [
                    1.862645371275562e-09,
                    0.9656080007553101,
                    0.2600022554397583,
                    1.048102617263794
                ],
                [
                    0.0,
                    0.0,
                    0.0,
                    1.0
                ]
            ]
        },
        {
            "file_path": "/data/shapenet_blender/all_50_random/02958343/e8745e2d659061ee4a15d27f5dbfc7ba/r_22",
            "rotation": 0.12566370614359174,
            "transform_matrix": [
                [
                    -0.03720187768340111,
                    -0.12188980728387833,
                    0.9918462634086609,
                    3.9982597827911377
                ],
                [
                    0.9993078112602234,
                    -0.004537670407444239,
                    0.036924101412296295,
                    0.14884579181671143
                ],
                [
                    -4.656612873077393e-10,
                    0.992533266544342,
                    0.12197424471378326,
                    0.4916938543319702
                ],
                [
                    0.0,
                    0.0,
                    0.0,
                    1.0
                ]
            ]
        },
        {
            "file_path": "/data/shapenet_blender/all_50_random/02958343/e8745e2d659061ee4a15d27f5dbfc7ba/r_23",
            "rotation": 0.12566370614359174,
            "transform_matrix": [
                [
                    -0.26400578022003174,
                    0.11730609834194183,
                    0.9573610424995422,
                    3.859246015548706
                ],
                [
                    0.9645211696624756,
                    0.03210866451263428,
                    0.2620459198951721,
                    1.0563410520553589
                ],
                [
                    1.862645371275562e-09,
                    0.992576539516449,
                    -0.12162107974290848,
                    -0.4902702867984772
                ],
                [
                    0.0,
                    0.0,
                    0.0,
                    1.0
                ]
            ]
        },
        {
            "file_path": "/data/shapenet_blender/all_50_random/02958343/e8745e2d659061ee4a15d27f5dbfc7ba/r_24",
            "rotation": 0.12566370614359174,
            "transform_matrix": [
                [
                    -0.6858581900596619,
                    -0.6171371936798096,
                    0.38566854596138,
                    1.5546796321868896
                ],
                [
                    0.7277351021766663,
                    -0.5816245079040527,
                    0.3634755611419678,
                    1.465216875076294
                ],
                [
                    -1.4901160305669237e-08,
                    0.5299572944641113,
                    0.848024308681488,
                    3.4184954166412354
                ],
                [
                    0.0,
                    0.0,
                    0.0,
                    1.0
                ]
            ]
        },
        {
            "file_path": "/data/shapenet_blender/all_50_random/02958343/e8745e2d659061ee4a15d27f5dbfc7ba/r_25",
            "rotation": 0.12566370614359174,
            "transform_matrix": [
                [
                    0.04771218076348305,
                    -0.7730227112770081,
                    -0.6325812935829163,
                    -2.5500171184539795
                ],
                [
                    -0.9988611340522766,
                    -0.03692464902997017,
                    -0.030216246843338013,
                    -0.1218055933713913
                ],
                [
                    0.0,
                    0.6333025693893433,
                    -0.7739041447639465,
                    -3.1197075843811035
                ],
                [
                    0.0,
                    0.0,
                    0.0,
                    1.0
                ]
            ]
        },
        {
            "file_path": "/data/shapenet_blender/all_50_random/02958343/e8745e2d659061ee4a15d27f5dbfc7ba/r_26",
            "rotation": 0.12566370614359174,
            "transform_matrix": [
                [
                    0.048273857682943344,
                    -0.716707706451416,
                    -0.6957008242607117,
                    -2.804459810256958
                ],
                [
                    -0.9988340735435486,
                    -0.03463863208889961,
                    -0.03362336754798889,
                    -0.13554012775421143
                ],
                [
                    0.0,
                    0.6965128183364868,
                    -0.7175442576408386,
                    -2.8925135135650635
                ],
                [
                    0.0,
                    0.0,
                    0.0,
                    1.0
                ]
            ]
        },
        {
            "file_path": "/data/shapenet_blender/all_50_random/02958343/e8745e2d659061ee4a15d27f5dbfc7ba/r_27",
            "rotation": 0.12566370614359174,
            "transform_matrix": [
                [
                    -0.9955257177352905,
                    0.0562240369617939,
                    -0.0759429857134819,
                    -0.30613598227500916
                ],
                [
                    -0.09449062496423721,
                    -0.5923600792884827,
                    0.8001131415367126,
                    3.2253592014312744
                ],
                [
                    0.0,
                    0.8037092089653015,
                    0.5950223207473755,
                    2.3986117839813232
                ],
                [
                    0.0,
                    0.0,
                    0.0,
                    1.0
                ]
            ]
        },
        {
            "file_path": "/data/shapenet_blender/all_50_random/02958343/e8745e2d659061ee4a15d27f5dbfc7ba/r_28",
            "rotation": 0.12566370614359174,
            "transform_matrix": [
                [
                    -0.06268034875392914,
                    -0.4989723861217499,
                    -0.8643481135368347,
                    -3.4842987060546875
                ],
                [
                    -0.9980336427688599,
                    0.03133738413453102,
                    0.054284386336803436,
                    0.21882736682891846
                ],
                [
                    -1.862645149230957e-09,
                    0.8660510778427124,
                    -0.4999554455280304,
                    -2.0153849124908447
                ],
                [
                    0.0,
                    0.0,
                    0.0,
                    1.0
                ]
            ]
        },
        {
            "file_path": "/data/shapenet_blender/all_50_random/02958343/e8745e2d659061ee4a15d27f5dbfc7ba/r_29",
            "rotation": 0.12566370614359174,
            "transform_matrix": [
                [
                    -0.37438905239105225,
                    -0.4130175709724426,
                    0.8302103281021118,
                    3.3466851711273193
                ],
                [
                    0.9272717237472534,
                    -0.16675721108913422,
                    0.3352001905441284,
                    1.351235270500183
                ],
                [
                    -1.4901161193847656e-08,
                    0.8953258395195007,
                    0.4454115331172943,
                    1.7955114841461182
                ],
                [
                    0.0,
                    0.0,
                    0.0,
                    1.0
                ]
            ]
        },
        {
            "file_path": "/data/shapenet_blender/all_50_random/02958343/e8745e2d659061ee4a15d27f5dbfc7ba/r_30",
            "rotation": 0.12566370614359174,
            "transform_matrix": [
                [
                    -0.7377660870552063,
                    0.20728568732738495,
                    -0.6424435377120972,
                    -2.5897727012634277
                ],
                [
                    -0.6750563383102417,
                    -0.22654162347316742,
                    0.702123761177063,
                    2.8303513526916504
                ],
                [
                    1.4901161193847656e-08,
                    0.9516886472702026,
                    0.30706432461738586,
                    1.2378158569335938
                ],
                [
                    0.0,
                    0.0,
                    0.0,
                    1.0
                ]
            ]
        },
        {
            "file_path": "/data/shapenet_blender/all_50_random/02958343/e8745e2d659061ee4a15d27f5dbfc7ba/r_31",
            "rotation": 0.12566370614359174,
            "transform_matrix": [
                [
                    0.027045581489801407,
                    -0.3632109463214874,
                    -0.9313142895698547,
                    -3.7542479038238525
                ],
                [
                    -0.9996342658996582,
                    -0.0098268436267972,
                    -0.02519715018570423,
                    -0.10157296061515808
                ],
                [
                    9.31322685637781e-10,
                    0.9316549897193909,
                    -0.36334389448165894,
                    -1.4646860361099243
                ],
                [
                    0.0,
                    0.0,
                    0.0,
                    1.0
                ]
            ]
        },
        {
            "file_path": "/data/shapenet_blender/all_50_random/02958343/e8745e2d659061ee4a15d27f5dbfc7ba/r_32",
            "rotation": 0.12566370614359174,
            "transform_matrix": [
                [
                    -0.44929471611976624,
                    -0.4596405327320099,
                    0.7660709619522095,
                    3.0881309509277344
                ],
                [
                    0.8933835625648499,
                    -0.23115947842597961,
                    0.3852674961090088,
                    1.5530630350112915
                ],
                [
                    1.4901160305669237e-08,
                    0.8574938774108887,
                    0.5144940614700317,
                    2.0739922523498535
                ],
                [
                    0.0,
                    0.0,
                    0.0,
                    1.0
                ]
            ]
        },
        {
            "file_path": "/data/shapenet_blender/all_50_random/02958343/e8745e2d659061ee4a15d27f5dbfc7ba/r_33",
            "rotation": 0.12566370614359174,
            "transform_matrix": [
                [
                    -0.13113343715667725,
                    0.9303227066993713,
                    0.3424960970878601,
                    1.3806458711624146
                ],
                [
                    0.9913646578788757,
                    0.12305907905101776,
                    0.04530390724539757,
                    0.1826258897781372
                ],
                [
                    0.0,
                    0.34547942876815796,
                    -0.9384263157844543,
                    -3.7829174995422363
                ],
                [
                    0.0,
                    0.0,
                    0.0,
                    1.0
                ]
            ]
        },
        {
            "file_path": "/data/shapenet_blender/all_50_random/02958343/e8745e2d659061ee4a15d27f5dbfc7ba/r_34",
            "rotation": 0.12566370614359174,
            "transform_matrix": [
                [
                    -0.7132134437561035,
                    -0.16131485998630524,
                    -0.6821319460868835,
                    -2.7497618198394775
                ],
                [
                    -0.7009468078613281,
                    0.16413787007331848,
                    0.6940693259239197,
                    2.7978830337524414
                ],
                [
                    -7.450580152834618e-09,
                    0.9731578826904297,
                    -0.23013849556446075,
                    -0.927717924118042
                ],
                [
                    0.0,
                    0.0,
                    0.0,
                    1.0
                ]
            ]
        },
        {
            "file_path": "/data/shapenet_blender/all_50_random/02958343/e8745e2d659061ee4a15d27f5dbfc7ba/r_35",
            "rotation": 0.12566370614359174,
            "transform_matrix": [
                [
                    0.1292753368616104,
                    0.23417876660823822,
                    0.9635601043701172,
                    3.884235143661499
                ],
                [
                    0.9916087985038757,
                    -0.030529718846082687,
                    -0.12561863660812378,
                    -0.5063849687576294
                ],
                [
                    0.0,
                    0.9717140793800354,
                    -0.23616044223308563,
                    -0.9519932270050049
                ],
                [
                    0.0,
                    0.0,
                    0.0,
                    1.0
                ]
            ]
        },
        {
            "file_path": "/data/shapenet_blender/all_50_random/02958343/e8745e2d659061ee4a15d27f5dbfc7ba/r_36",
            "rotation": 0.12566370614359174,
            "transform_matrix": [
                [
                    0.18074288964271545,
                    -0.05244159325957298,
                    0.9821313619613647,
                    3.9590978622436523
                ],
                [
                    0.9835304617881775,
                    0.009637163951992989,
                    -0.1804857701063156,
                    -0.727561354637146
                ],
                [
                    0.0,
                    0.9985774159431458,
                    0.05331975221633911,
                    0.21493878960609436
                ],
                [
                    0.0,
                    0.0,
                    0.0,
                    1.0
                ]
            ]
        },
        {
            "file_path": "/data/shapenet_blender/all_50_random/02958343/e8745e2d659061ee4a15d27f5dbfc7ba/r_37",
            "rotation": 0.12566370614359174,
            "transform_matrix": [
                [
                    -0.5499390959739685,
                    -0.6793599128723145,
                    0.4858364164829254,
                    1.9584693908691406
                ],
                [
                    0.8352047801017761,
                    -0.4473233222961426,
                    0.3198981285095215,
                    1.28955078125
                ],
                [
                    -1.4901162970204496e-08,
                    0.5816974639892578,
                    0.8134050965309143,
                    3.2789411544799805
                ],
                [
                    0.0,
                    0.0,
                    0.0,
                    1.0
                ]
            ]
        },
        {
            "file_path": "/data/shapenet_blender/all_50_random/02958343/e8745e2d659061ee4a15d27f5dbfc7ba/r_38",
            "rotation": 0.12566370614359174,
            "transform_matrix": [
                [
                    0.12679749727249146,
                    0.2965658903121948,
                    0.9465574622154236,
                    3.81569504737854
                ],
                [
                    0.9919286966323853,
                    -0.037909794598817825,
                    -0.12099773436784744,
                    -0.48775744438171387
                ],
                [
                    0.0,
                    0.9542596340179443,
                    -0.2989790737628937,
                    -1.2052232027053833
                ],
                [
                    0.0,
                    0.0,
                    0.0,
                    1.0
                ]
            ]
        },
        {
            "file_path": "/data/shapenet_blender/all_50_random/02958343/e8745e2d659061ee4a15d27f5dbfc7ba/r_39",
            "rotation": 0.12566370614359174,
            "transform_matrix": [
                [
                    -0.8306384086608887,
                    -0.1173132061958313,
                    -0.5443137884140015,
                    -2.194199323654175
                ],
                [
                    -0.5568123459815979,
                    0.17500481009483337,
                    0.8119933605194092,
                    3.273250102996826
                ],
                [
                    -7.450581485102248e-09,
                    0.9775535464286804,
                    -0.21068713068962097,
                    -0.8493070602416992
                ],
                [
                    0.0,
                    0.0,
                    0.0,
                    1.0
                ]
            ]
        },
        {
            "file_path": "/data/shapenet_blender/all_50_random/02958343/e8745e2d659061ee4a15d27f5dbfc7ba/r_40",
            "rotation": 0.12566370614359174,
            "transform_matrix": [
                [
                    0.4180431067943573,
                    0.6959590315818787,
                    -0.583850085735321,
                    -2.3535752296447754
                ],
                [
                    -0.9084271788597107,
                    0.32026877999305725,
                    -0.26867809891700745,
                    -1.0830762386322021
                ],
                [
                    1.4901160305669237e-08,
                    0.6427044868469238,
                    0.7661141753196716,
                    3.0883052349090576
                ],
                [
                    0.0,
                    0.0,
                    0.0,
                    1.0
                ]
            ]
        },
        {
            "file_path": "/data/shapenet_blender/all_50_random/02958343/e8745e2d659061ee4a15d27f5dbfc7ba/r_41",
            "rotation": 0.12566370614359174,
            "transform_matrix": [
                [
                    -0.5624768733978271,
                    -0.1439337283372879,
                    -0.8141883611679077,
                    -3.2820985317230225
                ],
                [
                    -0.8268129825592041,
                    0.09791742265224457,
                    0.5538883805274963,
