{
    "class": "02958343",
    "model": "294331fc6c86a51ec805dfe4ca9f2fdb",
    "remove_doubles": true,
    "edge_split": true,
    "denoise": true,
    "camera_angle_x": 0.6911112070083618,
    "scale_factor": 2.2096053046702515,
    "hdri_file": "/data/IndoorHDRDataset2018/AG8A5750-775ec6d714.exr",
    "center_offset": [
        0.0,
        0.0,
        0.0
    ],
    "lights": [],
    "frames": [
        {
            "file_path": "/data/shapenet_blender/all_50_random/02958343/294331fc6c86a51ec805dfe4ca9f2fdb/r_0",
            "rotation": 0.12566370614359174,
            "transform_matrix": [
                [
                    0.9893779754638672,
                    -0.08573919534683228,
                    -0.1173887774348259,
                    -0.47320929169654846
                ],
                [
                    -0.14536623656749725,
                    -0.5835500955581665,
                    -0.7989605069160461,
                    -3.220712900161743
                ],
                [
                    0.0,
                    0.8075383901596069,
                    -0.589815080165863,
                    -2.3776206970214844
                ],
                [
                    0.0,
                    0.0,
                    0.0,
                    1.0
                ]
            ]
        },
        {
            "file_path": "/data/shapenet_blender/all_50_random/02958343/294331fc6c86a51ec805dfe4ca9f2fdb/r_1",
            "rotation": 0.12566370614359174,
            "transform_matrix": [
                [
                    0.5853427052497864,
                    -0.33044230937957764,
                    -0.7403929233551025,
                    -2.984619379043579
                ],
                [
                    -0.8107859492301941,
                    -0.23856113851070404,
                    -0.5345228910446167,
                    -2.154730796813965
                ],
                [
                    0.0,
                    0.9131792783737183,
                    -0.40755799412727356,
                    -1.6429188251495361
                ],
                [
                    0.0,
                    0.0,
                    0.0,
                    1.0
                ]
            ]
        },
        {
            "file_path": "/data/shapenet_blender/all_50_random/02958343/294331fc6c86a51ec805dfe4ca9f2fdb/r_2",
            "rotation": 0.12566370614359174,
            "transform_matrix": [
                [
                    -0.9973464012145996,
                    0.062039438635110855,
                    -0.03809745982289314,
                    -0.15357579290866852
                ],
                [
                    -0.07280322909355164,
                    -0.8498910069465637,
                    0.5219049453735352,
                    2.1038663387298584
                ],
                [
                    3.725290742551124e-09,
                    0.5232936143875122,
                    0.8521523475646973,
                    3.435136318206787
                ],
                [
                    0.0,
                    0.0,
                    0.0,
                    1.0
                ]
            ]
        },
        {
            "file_path": "/data/shapenet_blender/all_50_random/02958343/294331fc6c86a51ec805dfe4ca9f2fdb/r_3",
            "rotation": 0.12566370614359174,
            "transform_matrix": [
                [
                    -0.9644467830657959,
                    -0.13687805831432343,
                    0.2260681539773941,
                    0.9113098382949829
                ],
                [
                    0.2642771601676941,
                    -0.49951955676078796,
                    0.8250077366828918,
                    3.3257124423980713
                ],
                [
                    7.450581485102248e-09,
                    0.8554205894470215,
                    0.51793372631073,
                    2.087857723236084
                ],
                [
                    0.0,
                    0.0,
                    0.0,
                    1.0
                ]
            ]
        },
        {
            "file_path": "/data/shapenet_blender/all_50_random/02958343/294331fc6c86a51ec805dfe4ca9f2fdb/r_4",
            "rotation": 0.12566370614359174,
            "transform_matrix": [
                [
                    0.45986196398735046,
                    -0.4850890338420868,
                    0.7437846064567566,
                    2.9982917308807373
                ],
                [
                    0.8879902958869934,
                    0.2512122094631195,
                    -0.3851824402809143,
                    -1.552720069885254
                ],
                [
                    0.0,
                    0.8376044034957886,
                    0.5462773442268372,
                    2.2021143436431885
                ],
                [
                    0.0,
                    0.0,
                    0.0,
                    1.0
                ]
            ]
        },
        {
            "file_path": "/data/shapenet_blender/all_50_random/02958343/294331fc6c86a51ec805dfe4ca9f2fdb/r_5",
            "rotation": 0.12566370614359174,
            "transform_matrix": [
                [
                    -0.03534655272960663,
                    -0.08283878117799759,
                    -0.99593585729599,
                    -4.014746189117432
                ],
                [
                    -0.9993751645088196,
                    0.0029298963490873575,
                    0.03522491082549095,
                    0.14199617505073547
                ],
                [
                    0.0,
                    0.9965586066246033,
                    -0.0828905701637268,
                    -0.3341425955295563
                ],
                [
                    0.0,
                    0.0,
                    0.0,
                    1.0
                ]
            ]
        },
        {
            "file_path": "/data/shapenet_blender/all_50_random/02958343/294331fc6c86a51ec805dfe4ca9f2fdb/r_6",
            "rotation": 0.12566370614359174,
            "transform_matrix": [
                [
                    0.9719132781028748,
                    -0.01951894536614418,
                    -0.23452864587306976,
                    -0.9454152584075928
                ],
                [
                    -0.23533952236175537,
                    -0.0806100144982338,
                    -0.968564510345459,
                    -3.9044086933135986
                ],
                [
                    0.0,
                    0.9965545535087585,
                    -0.082939513027668,
                    -0.3343398869037628
                ],
                [
                    0.0,
                    0.0,
                    0.0,
                    1.0
                ]
            ]
        },
        {
            "file_path": "/data/shapenet_blender/all_50_random/02958343/294331fc6c86a51ec805dfe4ca9f2fdb/r_7",
            "rotation": 0.12566370614359174,
            "transform_matrix": [
                [
                    -0.913295328617096,
                    -0.012868376448750496,
                    0.4070945978164673,
                    1.6410508155822754
                ],
                [
                    0.40729790925979614,
                    -0.028855115175247192,
                    0.912839412689209,
                    3.6797733306884766
                ],
                [
                    0.0,
                    0.9995007514953613,
                    0.03159450739622116,
                    0.12736153602600098
                ],
                [
                    0.0,
                    0.0,
                    0.0,
                    1.0
                ]
            ]
        },
        {
            "file_path": "/data/shapenet_blender/all_50_random/02958343/294331fc6c86a51ec805dfe4ca9f2fdb/r_8",
            "rotation": 0.12566370614359174,
            "transform_matrix": [
                [
                    -0.280238538980484,
                    -0.30725032091140747,
                    0.9094303250312805,
                    3.6660311222076416
                ],
                [
                    0.9599303603172302,
                    -0.08969752490520477,
                    0.2654957175254822,
                    1.0702475309371948
                ],
                [
                    -7.4505797087454084e-09,
                    0.9473919868469238,
                    0.3200756013393402,
                    1.2902661561965942
                ],
                [
                    0.0,
                    0.0,
                    0.0,
                    1.0
                ]
            ]
        },
        {
            "file_path": "/data/shapenet_blender/all_50_random/02958343/294331fc6c86a51ec805dfe4ca9f2fdb/r_9",
            "rotation": 0.12566370614359174,
            "transform_matrix": [
                [
                    -0.7829481959342957,
                    -0.0955003947019577,
                    -0.6147128343582153,
                    -2.4779868125915527
                ],
                [
                    -0.6220870018005371,
                    0.120195172727108,
                    0.7736671566963196,
                    3.1187520027160645
                ],
                [
                    0.0,
                    0.9881461262702942,
                    -0.15351612865924835,
                    -0.6188433170318604
                ],
                [
                    0.0,
                    0.0,
                    0.0,
                    1.0
                ]
            ]
        },
        {
            "file_path": "/data/shapenet_blender/all_50_random/02958343/294331fc6c86a51ec805dfe4ca9f2fdb/r_10",
            "rotation": 0.12566370614359174,
            "transform_matrix": [
                [
                    0.2132115364074707,
                    -0.32114341855049133,
                    0.9227175116539001,
                    3.7195935249328613
                ],
                [
                    0.9770060777664185,
                    0.07008296251296997,
                    -0.2013641744852066,
                    -0.8117250204086304
                ],
                [
                    7.450580596923828e-09,
                    0.944433867931366,
                    0.3287014961242676,
                    1.325038194656372
                ],
                [
                    0.0,
                    0.0,
                    0.0,
                    1.0
                ]
            ]
        },
        {
            "file_path": "/data/shapenet_blender/all_50_random/02958343/294331fc6c86a51ec805dfe4ca9f2fdb/r_11",
            "rotation": 0.12566370614359174,
            "transform_matrix": [
                [
                    -0.48114487528800964,
                    -0.5518991351127625,
                    0.6811071038246155,
                    2.7456305027008057
                ],
                [
                    0.8766409754753113,
                    -0.3029101490974426,
                    0.3738259971141815,
                    1.5069408416748047
                ],
                [
                    1.4901158529312397e-08,
                    0.7769509553909302,
                    0.6295611262321472,
                    2.537842035293579
                ],
                [
                    0.0,
                    0.0,
                    0.0,
                    1.0
                ]
            ]
        },
        {
            "file_path": "/data/shapenet_blender/all_50_random/02958343/294331fc6c86a51ec805dfe4ca9f2fdb/r_12",
            "rotation": 0.12566370614359174,
            "transform_matrix": [
                [
                    0.7609462738037109,
                    0.032072439789772034,
                    0.6480216383934021,
                    2.6122584342956543
                ],
                [
                    0.6488147377967834,
                    -0.03761536628007889,
                    -0.760016143321991,
                    -3.063722610473633
                ],
                [
                    -1.8626448161640496e-09,
                    0.998777449131012,
                    -0.049432359635829926,
                    -0.1992681920528412
                ],
                [
                    0.0,
                    0.0,
                    0.0,
                    1.0
                ]
            ]
        },
        {
            "file_path": "/data/shapenet_blender/all_50_random/02958343/294331fc6c86a51ec805dfe4ca9f2fdb/r_13",
            "rotation": 0.12566370614359174,
            "transform_matrix": [
                [
                    -0.025619717314839363,
                    -0.35612577199935913,
                    -0.934086799621582,
                    -3.7654242515563965
                ],
                [
                    -0.9996716976165771,
                    0.009126837365329266,
                    0.023938897997140884,
                    0.09650078415870667
                ],
                [
                    0.0,
                    0.9343933463096619,
                    -0.35624274611473083,
                    -1.4360604286193848
                ],
                [
                    0.0,
                    0.0,
                    0.0,
                    1.0
                ]
            ]
        },
        {
            "file_path": "/data/shapenet_blender/all_50_random/02958343/294331fc6c86a51ec805dfe4ca9f2fdb/r_14",
            "rotation": 0.12566370614359174,
            "transform_matrix": [
                [
                    -0.9032651782035828,
                    0.2700626254081726,
                    0.3334338366985321,
                    1.3441147804260254
                ],
                [
                    0.4290826916694641,
                    0.568510890007019,
                    0.7019140720367432,
                    2.8295061588287354
                ],
                [
                    -1.4901161193847656e-08,
                    0.7770852446556091,
                    -0.6293953061103821,
                    -2.5371737480163574
                ],
                [
                    0.0,
                    0.0,
                    0.0,
                    1.0
                ]
            ]
        },
        {
            "file_path": "/data/shapenet_blender/all_50_random/02958343/294331fc6c86a51ec805dfe4ca9f2fdb/r_15",
            "rotation": 0.12566370614359174,
            "transform_matrix": [
                [
                    0.5247412919998169,
                    -0.7332474589347839,
                    -0.43242886662483215,
                    -1.7431766986846924
                ],
                [
                    -0.8512617349624634,
                    -0.45199400186538696,
                    -0.2665610909461975,
                    -1.0745422840118408
                ],
                [
                    0.0,
                    0.5079858303070068,
                    -0.8613653182983398,
                    -3.4722750186920166
                ],
                [
                    0.0,
                    0.0,
                    0.0,
                    1.0
                ]
            ]
        },
        {
            "file_path": "/data/shapenet_blender/all_50_random/02958343/294331fc6c86a51ec805dfe4ca9f2fdb/r_16",
            "rotation": 0.12566370614359174,
            "transform_matrix": [
                [
                    -0.24666866660118103,
                    -0.23269842565059662,
                    0.9407474994659424,
                    3.7922747135162354
                ],
                [
                    0.9690998792648315,
                    -0.05922961235046387,
                    0.2394520342350006,
                    0.9652620553970337
                ],
                [
                    0.0,
                    0.9707435369491577,
                    0.2401181161403656,
                    0.9679471254348755
                ],
                [
                    0.0,
                    0.0,
                    0.0,
                    1.0
                ]
            ]
        },
        {
            "file_path": "/data/shapenet_blender/all_50_random/02958343/294331fc6c86a51ec805dfe4ca9f2fdb/r_17",
            "rotation": 0.12566370614359174,
            "transform_matrix": [
                [
                    -0.3122159242630005,
                    -0.7298773527145386,
                    0.6081120371818542,
                    2.451378345489502
                ],
                [
                    0.9500111937522888,
                    -0.23987019062042236,
                    0.19985269010066986,
                    0.8056319952011108
                ],
                [
                    0.0,
                    0.640110433101654,
                    0.7682827711105347,
                    3.0970470905303955
                ],
                [
                    0.0,
                    0.0,
                    0.0,
                    1.0
                ]
            ]
        },
        {
            "file_path": "/data/shapenet_blender/all_50_random/02958343/294331fc6c86a51ec805dfe4ca9f2fdb/r_18",
            "rotation": 0.12566370614359174,
            "transform_matrix": [
                [
                    -0.027248341590166092,
                    0.37564313411712646,
                    0.9263637065887451,
                    3.7342915534973145
                ],
                [
                    0.9996287822723389,
                    0.010239453054964542,
                    0.025251246988773346,
                    0.10179103165864944
                ],
                [
                    -9.31322685637781e-10,
                    0.9267077445983887,
                    -0.37578269839286804,
                    -1.5148285627365112
                ],
                [
                    0.0,
                    0.0,
                    0.0,
                    1.0
                ]
            ]
        },
        {
            "file_path": "/data/shapenet_blender/all_50_random/02958343/294331fc6c86a51ec805dfe4ca9f2fdb/r_19",
            "rotation": 0.12566370614359174,
            "transform_matrix": [
                [
                    -0.460906445980072,
                    0.19439899921417236,
                    0.8658950924873352,
                    3.490534782409668
                ],
                [
                    0.887448787689209,
                    0.100963294506073,
                    0.44971227645874023,
                    1.8128482103347778
                ],
                [
                    -7.450580596923828e-09,
                    0.975712776184082,
                    -0.21905378997325897,
                    -0.8830340504646301
                ],
                [
                    0.0,
                    0.0,
                    0.0,
                    1.0
                ]
            ]
        },
        {
            "file_path": "/data/shapenet_blender/all_50_random/02958343/294331fc6c86a51ec805dfe4ca9f2fdb/r_20",
            "rotation": 0.12566370614359174,
            "transform_matrix": [
                [
                    -0.8623415231704712,
                    0.29469722509384155,
                    -0.4117288589477539,
                    -1.6597319841384888
                ],
                [
                    -0.5063270926475525,
                    -0.5019080638885498,
                    0.7012282609939575,
                    2.8267414569854736
                ],
                [
                    -1.4901161193847656e-08,
                    0.8131676316261292,
                    0.582029402256012,
                    2.346235513687134
                ],
                [
                    0.0,
                    0.0,
                    0.0,
                    1.0
                ]
            ]
        },
        {
            "file_path": "/data/shapenet_blender/all_50_random/02958343/294331fc6c86a51ec805dfe4ca9f2fdb/r_21",
            "rotation": 0.12566370614359174,
            "transform_matrix": [
                [
                    0.27555176615715027,
                    0.1410231590270996,
                    -0.9508857131004333,
                    -3.8331429958343506
                ],
                [
                    -0.9612862467765808,
                    0.040424153208732605,
                    -0.2725704610347748,
                    -1.0987666845321655
                ],
                [
                    0.0,
                    0.9891806840896606,
                    0.14670255780220032,
                    0.5913769006729126
                ],
                [
                    0.0,
                    0.0,
                    0.0,
                    1.0
                ]
            ]
        },
        {
            "file_path": "/data/shapenet_blender/all_50_random/02958343/294331fc6c86a51ec805dfe4ca9f2fdb/r_22",
            "rotation": 0.12566370614359174,
            "transform_matrix": [
                [
                    -0.9938859939575195,
                    -0.06433120369911194,
                    -0.08973407000303268,
                    -0.36172959208488464
                ],
                [
                    -0.11041153967380524,
                    0.57908695936203,
                    0.807754635810852,
                    3.2561631202697754
                ],
                [
                    0.0,
                    0.8127237558364868,
                    -0.582649290561676,
                    -2.3487343788146973
                ],
                [
                    0.0,
                    0.0,
                    0.0,
                    1.0
                ]
            ]
        },
        {
            "file_path": "/data/shapenet_blender/all_50_random/02958343/294331fc6c86a51ec805dfe4ca9f2fdb/r_23",
            "rotation": 0.12566370614359174,
            "transform_matrix": [
                [
                    0.1007222905755043,
                    -0.17947323620319366,
                    0.9785929918289185,
                    3.9448347091674805
                ],
                [
                    0.9949145317077637,
                    0.018169356510043144,
                    -0.09906994551420212,
                    -0.39936375617980957
                ],
                [
                    -1.8626450382086546e-09,
                    0.983595073223114,
                    0.18039056658744812,
                    0.7271776795387268
                ],
                [
                    0.0,
                    0.0,
                    0.0,
                    1.0
                ]
            ]
        },
        {
            "file_path": "/data/shapenet_blender/all_50_random/02958343/294331fc6c86a51ec805dfe4ca9f2fdb/r_24",
            "rotation": 0.12566370614359174,
            "transform_matrix": [
                [
                    0.12300055474042892,
                    0.11030455678701401,
                    0.9862574338912964,
                    3.9757308959960938
                ],
                [
                    0.9924066662788391,
                    -0.013671333901584148,
                    -0.1222384124994278,
                    -0.4927588105201721
                ],
                [
                    9.313225746154785e-10,
                    0.9938037395477295,
                    -0.11114856600761414,
                    -0.4480541944503784
                ],
                [
                    0.0,
                    0.0,
                    0.0,
                    1.0
                ]
            ]
        },
        {
            "file_path": "/data/shapenet_blender/all_50_random/02958343/294331fc6c86a51ec805dfe4ca9f2fdb/r_25",
            "rotation": 0.12566370614359174,
            "transform_matrix": [
                [
                    -0.24214068055152893,
                    0.3084474802017212,
                    -0.919906497001648,
                    -3.708261728286743
                ],
                [
                    -0.9702411890029907,
                    -0.07697848230600357,
                    0.22957877814769745,
                    0.9254616498947144
                ],
                [
                    -1.4901161193847656e-08,
                    0.9481214284896851,
                    0.3179081082344055,
                    1.2815285921096802
                ],
                [
                    0.0,
                    0.0,
                    0.0,
                    1.0
                ]
            ]
        },
        {
            "file_path": "/data/shapenet_blender/all_50_random/02958343/294331fc6c86a51ec805dfe4ca9f2fdb/r_26",
            "rotation": 0.12566370614359174,
            "transform_matrix": [
                [
                    -0.7399010062217712,
                    0.5299940705299377,
                    -0.4143100380897522,
                    -1.6701371669769287
                ],
                [
                    -0.6727158427238464,
                    -0.5829254388809204,
                    0.45568785071372986,
                    1.8369364738464355
                ],
                [
                    -1.4901162970204496e-08,
                    0.6158767938613892,
                    0.7878424525260925,
                    3.1758944988250732
                ],
                [
                    0.0,
                    0.0,
                    0.0,
                    1.0
                ]
            ]
        },
        {
            "file_path": "/data/shapenet_blender/all_50_random/02958343/294331fc6c86a51ec805dfe4ca9f2fdb/r_27",
            "rotation": 0.12566370614359174,
            "transform_matrix": [
                [
                    -0.8217751979827881,
                    0.35200265049934387,
                    -0.44808438420295715,
                    -1.806286096572876
                ],
                [
                    -0.5698118209838867,
                    -0.5076536536216736,
                    0.6462214589118958,
                    2.6050021648406982
                ],
                [
                    0.0,
                    0.7863725423812866,
                    0.6177524328231812,
                    2.4902398586273193
                ],
                [
                    0.0,
                    0.0,
                    0.0,
                    1.0
                ]
            ]
        },
        {
            "file_path": "/data/shapenet_blender/all_50_random/02958343/294331fc6c86a51ec805dfe4ca9f2fdb/r_28",
            "rotation": 0.12566370614359174,
            "transform_matrix": [
                [
                    0.3865225911140442,
                    -0.42696061730384827,
                    0.8174992203712463,
                    3.2954447269439697
                ],
                [
                    0.922279953956604,
                    0.1789368987083435,
                    -0.34260955452919006,
                    -1.381103277206421
                ],
                [
                    0.0,
                    0.886389434337616,
                    0.4629403352737427,
                    1.866172194480896
                ],
                [
                    0.0,
                    0.0,
                    0.0,
                    1.0
                ]
            ]
        },
        {
            "file_path": "/data/shapenet_blender/all_50_random/02958343/294331fc6c86a51ec805dfe4ca9f2fdb/r_29",
            "rotation": 0.12566370614359174,
            "transform_matrix": [
                [
                    -0.9980891346931458,
                    3.716722858371213e-06,
                    -0.061792027205228806,
                    -0.24909162521362305
                ],
                [
                    -0.0617920346558094,
                    -6.003396265441552e-05,
                    0.9980890154838562,
                    4.023425579071045
                ],
                [
                    0.0,
                    1.0,
                    6.0148900956846774e-05,
                    0.0002424679696559906
                ],
                [
                    0.0,
                    0.0,
                    0.0,
                    1.0
                ]
            ]
        },
        {
            "file_path": "/data/shapenet_blender/all_50_random/02958343/294331fc6c86a51ec805dfe4ca9f2fdb/r_30",
            "rotation": 0.12566370614359174,
            "transform_matrix": [
                [
                    0.11823870241641998,
                    -0.6325382590293884,
                    0.7654508352279663,
                    3.0856308937072754
                ],
                [
                    0.992985188961029,
                    0.0753188505768776,
                    -0.09114528447389603,
                    -0.36741840839385986
                ],
                [
                    3.725290298461914e-09,
                    0.7708582282066345,
                    0.6370067000389099,
                    2.5678560733795166
                ],
                [
                    0.0,
                    0.0,
                    0.0,
                    1.0
                ]
            ]
        },
        {
            "file_path": "/data/shapenet_blender/all_50_random/02958343/294331fc6c86a51ec805dfe4ca9f2fdb/r_31",
            "rotation": 0.12566370614359174,
            "transform_matrix": [
                [
                    0.8977457284927368,
                    -0.13448359072208405,
                    -0.41948410868644714,
                    -1.6909945011138916
                ],
                [
                    -0.4405142366886139,
                    -0.27407076954841614,
                    -0.8548873662948608,
                    -3.4461612701416016
                ],
                [
                    -7.450581485102248e-09,
                    0.9522601366043091,
                    -0.30528774857521057,
                    -1.230654239654541
                ],
                [
                    0.0,
                    0.0,
                    0.0,
                    1.0
                ]
            ]
        },
        {
            "file_path": "/data/shapenet_blender/all_50_random/02958343/294331fc6c86a51ec805dfe4ca9f2fdb/r_32",
            "rotation": 0.12566370614359174,
            "transform_matrix": [
                [
                    0.28505393862724304,
                    0.0385475754737854,
                    0.957736074924469,
                    3.86075758934021
                ],
                [
                    0.9585114121437073,
                    -0.011463753879070282,
                    -0.28482335805892944,
                    -1.1481596231460571
                ],
                [
                    9.313225191043273e-10,
                    0.9991908669471741,
                    -0.04021609202027321,
                    -0.16211625933647156
                ],
                [
                    0.0,
                    0.0,
                    0.0,
                    1.0
                ]
            ]
        },
        {
            "file_path": "/data/shapenet_blender/all_50_random/02958343/294331fc6c86a51ec805dfe4ca9f2fdb/r_33",
            "rotation": 0.12566370614359174,
            "transform_matrix": [
                [
                    0.7080027461051941,
                    -0.14832474291324615,
                    -0.6904577612876892,
                    -2.7833242416381836
                ],
                [
                    -0.7062097191810608,
                    -0.14870132505893707,
                    -0.6922107934951782,
                    -2.790390968322754
                ],
                [
                    0.0,
                    0.9776950478553772,
                    -0.21002933382987976,
                    -0.8466553092002869
                ],
                [
                    0.0,
                    0.0,
                    0.0,
                    1.0
                ]
            ]
        },
        {
            "file_path": "/data/shapenet_blender/all_50_random/02958343/294331fc6c86a51ec805dfe4ca9f2fdb/r_34",
            "rotation": 0.12566370614359174,
            "transform_matrix": [
                [
                    0.7637408375740051,
                    0.5425902009010315,
                    -0.3497081696987152,
                    -1.4097188711166382
                ],
                [
                    -0.645522952079773,
                    0.6419574022293091,
                    -0.4137519598007202,
                    -1.667887568473816
                ],
                [
                    -1.4901161193847656e-08,
                    0.5417439341545105,
                    0.8405435085296631,
                    3.3883395195007324
                ],
                [
                    0.0,
                    0.0,
                    0.0,
                    1.0
                ]
            ]
        },
        {
            "file_path": "/data/shapenet_blender/all_50_random/02958343/294331fc6c86a51ec805dfe4ca9f2fdb/r_35",
            "rotation": 0.12566370614359174,
            "transform_matrix": [
                [
                    0.7542590498924255,
                    0.0010163787519559264,
                    -0.6565762162208557,
                    -2.6467432975769043
                ],
                [
                    -0.6565769910812378,
                    0.0011675902642309666,
                    -0.7542581558227539,
                    -3.0405118465423584
                ],
                [
                    5.820766091346741e-11,
                    0.9999988079071045,
                    0.0015479966532438993,
                    0.006240174174308777
                ],
                [
                    0.0,
                    0.0,
                    0.0,
                    1.0
                ]
            ]
        },
        {
            "file_path": "/data/shapenet_blender/all_50_random/02958343/294331fc6c86a51ec805dfe4ca9f2fdb/r_36",
            "rotation": 0.12566370614359174,
            "transform_matrix": [
                [
                    -0.9873673915863037,
                    -0.12298354506492615,
                    -0.09990379959344864,
                    -0.40272513031959534
                ],
                [
                    -0.15844787657260895,
                    0.7663715481758118,
                    0.6225501894950867,
                    2.509580373764038
                ],
                [
                    0.0,
                    0.6305152773857117,
                    -0.7761766910552979,
                    -3.128868579864502
                ],
                [
                    0.0,
                    0.0,
                    0.0,
                    1.0
                ]
            ]
        },
        {
            "file_path": "/data/shapenet_blender/all_50_random/02958343/294331fc6c86a51ec805dfe4ca9f2fdb/r_37",
            "rotation": 0.12566370614359174,
            "transform_matrix": [
                [
                    -0.5176951289176941,
                    0.05816924571990967,
                    0.8535854816436768,
                    3.4409127235412598
                ],
                [
                    0.8555651307106018,
                    0.03519771248102188,
                    0.5164972543716431,
                    2.082066774368286
                ],
                [
                    0.0,
                    0.9976860880851746,
                    -0.06798926740884781,
                    -0.2740734815597534
                ],
                [
                    0.0,
                    0.0,
                    0.0,
                    1.0
                ]
            ]
        },
        {
            "file_path": "/data/shapenet_blender/all_50_random/02958343/294331fc6c86a51ec805dfe4ca9f2fdb/r_38",
            "rotation": 0.12566370614359174,
            "transform_matrix": [
                [
                    -0.8692319989204407,
                    0.03495149314403534,
                    -0.49316760897636414,
                    -1.9880222082138062
                ],
                [
                    -0.494404673576355,
                    -0.061449579894542694,
                    0.8670570850372314,
                    3.4952189922332764
                ],
                [
                    -1.862645371275562e-09,
                    0.9974980354309082,
                    0.07069411128759384,
                    0.2849770784378052
                ],
                [
                    0.0,
                    0.0,
                    0.0,
                    1.0
                ]
            ]
        },
        {
            "file_path": "/data/shapenet_blender/all_50_random/02958343/294331fc6c86a51ec805dfe4ca9f2fdb/r_39",
            "rotation": 0.12566370614359174,
            "transform_matrix": [
                [
                    -0.4158470630645752,
                    0.7502106428146362,
                    0.5140575766563416,
                    2.072232484817505
                ],
                [
                    0.9094345569610596,
                    0.3430405259132385,
                    0.23505742847919464,
                    0.9475467801094055
                ],
                [
                    1.4901161193847656e-08,
                    0.5652496814727783,
                    -0.8249198794364929,
                    -3.3253583908081055
                ],
                [
                    0.0,
                    0.0,
                    0.0,
                    1.0
                ]
            ]
        },
        {
            "file_path": "/data/shapenet_blender/all_50_random/02958343/294331fc6c86a51ec805dfe4ca9f2fdb/r_40",
            "rotation": 0.12566370614359174,
            "transform_matrix": [
                [
                    -0.9669049978256226,
                    0.1077333316206932,
                    0.23127546906471252,
                    0.9323012828826904
                ],
                [
                    0.2551368772983551,
                    0.40828242897987366,
                    0.8764762282371521,
                    3.533188819885254
                ],
                [
                    -7.450580596923828e-09,
                    0.9064760804176331,
                    -0.42225706577301025,
                    -1.7021727561950684
                ],
                [
                    0.0,
                    0.0,
                    0.0,
                    1.0
                ]
            ]
        },
        {
            "file_path": "/data/shapenet_blender/all_50_random/02958343/294331fc6c86a51ec805dfe4ca9f2fdb/r_41",
            "rotation": 0.12566370614359174,
            "transform_matrix": [
                [
                    0.989223837852478,
                    -0.01000920869410038,
                    0.14606906473636627,
                    0.5888233184814453
                ],
                [
                    0.14641162753105164,
                    0.06762678921222687,
                    -0.9869093894958496,
                    -3.9783592224121094
                ],
