{
    "class": "02958343",
    "model": "1a7125aefa9af6b6597505fd7d99b613",
    "remove_doubles": true,
    "edge_split": true,
    "denoise": true,
    "camera_angle_x": 0.6911112070083618,
    "scale_factor": 2.350449678650859,
    "hdri_file": "/data/IndoorHDRDataset2018/9C4A4500-93ae593054.exr",
    "center_offset": [
        0.0,
        0.0,
        -9.313225746154785e-10
    ],
    "lights": [],
    "frames": [
        {
            "file_path": "/data/shapenet_blender/all_50_random/02958343/1a7125aefa9af6b6597505fd7d99b613/r_0",
            "rotation": 0.12566370614359174,
            "transform_matrix": [
                [
                    -0.680303156375885,
                    0.19600820541381836,
                    -0.706235408782959,
                    -2.846925735473633
                ],
                [
                    -0.7329308390617371,
                    -0.1819339394569397,
                    0.6555245518684387,
                    2.6425037384033203
                ],
                [
                    0.0,
                    0.9635770320892334,
                    0.26743069291114807,
                    1.078047513961792
                ],
                [
                    0.0,
                    0.0,
                    0.0,
                    1.0
                ]
            ]
        },
        {
            "file_path": "/data/shapenet_blender/all_50_random/02958343/1a7125aefa9af6b6597505fd7d99b613/r_1",
            "rotation": 0.12566370614359174,
            "transform_matrix": [
                [
                    0.562761664390564,
                    -0.16223834455013275,
                    -0.8105418682098389,
                    -3.2673988342285156
                ],
                [
                    -0.8266192674636841,
                    -0.11045171320438385,
                    -0.5518161654472351,
                    -2.2244420051574707
                ],
                [
                    7.450580596923828e-09,
                    0.9805504083633423,
                    -0.19626730680465698,
                    -0.791178822517395
                ],
                [
                    0.0,
                    0.0,
                    0.0,
                    1.0
                ]
            ]
        },
        {
            "file_path": "/data/shapenet_blender/all_50_random/02958343/1a7125aefa9af6b6597505fd7d99b613/r_2",
            "rotation": 0.12566370614359174,
            "transform_matrix": [
                [
                    -0.754082441329956,
                    -0.534073531627655,
                    0.38226318359375,
                    1.5409523248672485
                ],
                [
                    0.6567797660827637,
                    -0.6131970882415771,
                    0.4388958513736725,
                    1.7692458629608154
                ],
                [
                    1.4901161193847656e-08,
                    0.5820264220237732,
                    0.8131697773933411,
                    3.2779924869537354
                ],
                [
                    0.0,
                    0.0,
                    0.0,
                    1.0
                ]
            ]
        },
        {
            "file_path": "/data/shapenet_blender/all_50_random/02958343/1a7125aefa9af6b6597505fd7d99b613/r_3",
            "rotation": 0.12566370614359174,
            "transform_matrix": [
                [
                    0.19059844315052032,
                    0.22184906899929047,
                    0.9562714695930481,
                    3.854853630065918
                ],
                [
                    0.9816681146621704,
                    -0.043073710054159164,
                    -0.185667484998703,
                    -0.7484495639801025
                ],
                [
                    0.0,
                    0.9741291999816895,
                    -0.22599191963672638,
                    -0.9110025763511658
                ],
                [
                    0.0,
                    0.0,
                    0.0,
                    1.0
                ]
            ]
        },
        {
            "file_path": "/data/shapenet_blender/all_50_random/02958343/1a7125aefa9af6b6597505fd7d99b613/r_4",
            "rotation": 0.12566370614359174,
            "transform_matrix": [
                [
                    0.987871527671814,
                    -0.02334311045706272,
                    0.15350903570652008,
                    0.6188147664070129
                ],
                [
                    0.15527372062206268,
                    0.1485118716955185,
                    -0.9766442775726318,
                    -3.9369795322418213
                ],
                [
                    1.862645149230957e-09,
                    0.9886350035667419,
                    0.15033522248268127,
                    0.6060207486152649
                ],
                [
                    0.0,
                    0.0,
                    0.0,
                    1.0
                ]
            ]
        },
        {
            "file_path": "/data/shapenet_blender/all_50_random/02958343/1a7125aefa9af6b6597505fd7d99b613/r_5",
            "rotation": 0.12566370614359174,
            "transform_matrix": [
                [
                    -0.9419701099395752,
                    -0.013449212536215782,
                    -0.3354273736476898,
                    -1.3521510362625122
                ],
                [
                    -0.33569690585136414,
                    0.03773867338895798,
                    0.9412137866020203,
                    3.794154167175293
                ],
                [
                    0.0,
                    0.9991970658302307,
                    -0.040063560009002686,
                    -0.16150137782096863
                ],
                [
                    0.0,
                    0.0,
                    0.0,
                    1.0
                ]
            ]
        },
        {
            "file_path": "/data/shapenet_blender/all_50_random/02958343/1a7125aefa9af6b6597505fd7d99b613/r_6",
            "rotation": 0.12566370614359174,
            "transform_matrix": [
                [
                    0.0696588009595871,
                    0.24298469722270966,
                    0.9675257802009583,
                    3.9002208709716797
                ],
                [
                    0.9975708723068237,
                    -0.01696723699569702,
                    -0.06756079196929932,
                    -0.27234625816345215
                ],
                [
                    1.8626450382086546e-09,
                    0.9698816537857056,
                    -0.24357642233371735,
                    -0.981887936592102
                ],
                [
                    0.0,
                    0.0,
                    0.0,
                    1.0
                ]
            ]
        },
        {
            "file_path": "/data/shapenet_blender/all_50_random/02958343/1a7125aefa9af6b6597505fd7d99b613/r_7",
            "rotation": 0.12566370614359174,
            "transform_matrix": [
                [
                    0.3111710250377655,
                    -0.29066410660743713,
                    -0.904813289642334,
                    -3.64741849899292
                ],
                [
                    -0.9503539800643921,
                    -0.09517112374305725,
                    -0.2962597906589508,
                    -1.1942613124847412
                ],
                [
                    -7.450580596923828e-09,
                    0.9520801901817322,
                    -0.3058483302593231,
                    -1.232913851737976
                ],
                [
                    0.0,
                    0.0,
                    0.0,
                    1.0
                ]
            ]
        },
        {
            "file_path": "/data/shapenet_blender/all_50_random/02958343/1a7125aefa9af6b6597505fd7d99b613/r_8",
            "rotation": 0.12566370614359174,
            "transform_matrix": [
                [
                    -0.2078786939382553,
                    -0.12098643183708191,
                    -0.9706434011459351,
                    -3.9127888679504395
                ],
                [
                    -0.9781545996665955,
                    0.02571219578385353,
                    0.20628240704536438,
                    0.8315510153770447
                ],
                [
                    0.0,
                    0.9923210740089417,
                    -0.12368845194578171,
                    -0.4986041188240051
                ],
                [
                    0.0,
                    0.0,
                    0.0,
                    1.0
                ]
            ]
        },
        {
            "file_path": "/data/shapenet_blender/all_50_random/02958343/1a7125aefa9af6b6597505fd7d99b613/r_9",
            "rotation": 0.12566370614359174,
            "transform_matrix": [
                [
                    -0.999408483505249,
                    -0.002203000709414482,
                    0.03431733697652817,
                    0.1383376121520996
                ],
                [
                    0.034387972205877304,
                    -0.06402522325515747,
                    0.9973556399345398,
                    4.0204691886901855
                ],
                [
                    -2.3283062977608182e-10,
                    0.9979458451271057,
                    0.06406310945749283,
                    0.25824666023254395
                ],
                [
                    0.0,
                    0.0,
                    0.0,
                    1.0
                ]
            ]
        },
        {
            "file_path": "/data/shapenet_blender/all_50_random/02958343/1a7125aefa9af6b6597505fd7d99b613/r_10",
            "rotation": 0.12566370614359174,
            "transform_matrix": [
                [
                    0.8653097748756409,
                    0.2790679335594177,
                    -0.41636529564857483,
                    -1.678422212600708
                ],
                [
                    -0.5012374520301819,
                    0.4817681610584259,
                    -0.7187910079956055,
                    -2.8975391387939453
                ],
                [
                    2.9802322387695312e-08,
                    0.8306747674942017,
                    0.556757926940918,
                    2.2443630695343018
                ],
                [
                    0.0,
                    0.0,
                    0.0,
                    1.0
                ]
            ]
        },
        {
            "file_path": "/data/shapenet_blender/all_50_random/02958343/1a7125aefa9af6b6597505fd7d99b613/r_11",
            "rotation": 0.12566370614359174,
            "transform_matrix": [
                [
                    0.7196558117866516,
                    0.42216235399246216,
                    0.5512479543685913,
                    2.222151756286621
                ],
                [
                    0.6943308711051941,
                    -0.4375602602958679,
                    -0.57135409116745,
                    -2.3032021522521973
                ],
                [
                    0.0,
                    0.7939268946647644,
                    -0.6080130934715271,
                    -2.450979471206665
                ],
                [
                    0.0,
                    0.0,
                    0.0,
                    1.0
                ]
            ]
        },
        {
            "file_path": "/data/shapenet_blender/all_50_random/02958343/1a7125aefa9af6b6597505fd7d99b613/r_12",
            "rotation": 0.12566370614359174,
            "transform_matrix": [
                [
                    -0.9971473813056946,
                    -0.056817565113306046,
                    -0.04968605190515518,
                    -0.20029088854789734
                ],
                [
                    -0.07547807693481445,
                    0.7506217956542969,
                    0.6564067602157593,
                    2.6460602283477783
                ],
                [
                    0.0,
                    0.6582845449447632,
                    -0.7527691721916199,
                    -3.0345096588134766
                ],
                [
                    0.0,
                    0.0,
                    0.0,
                    1.0
                ]
            ]
        },
        {
            "file_path": "/data/shapenet_blender/all_50_random/02958343/1a7125aefa9af6b6597505fd7d99b613/r_13",
            "rotation": 0.12566370614359174,
            "transform_matrix": [
                [
                    0.17247232794761658,
                    0.9273130297660828,
                    0.3321804404258728,
                    1.339062213897705
                ],
                [
                    0.9850143790245056,
                    -0.162369042634964,
                    -0.05816354975104332,
                    -0.23446476459503174
                ],
                [
                    0.0,
                    0.33723413944244385,
                    -0.9414207935333252,
                    -3.7949886322021484
                ],
                [
                    0.0,
                    0.0,
                    0.0,
                    1.0
                ]
            ]
        },
        {
            "file_path": "/data/shapenet_blender/all_50_random/02958343/1a7125aefa9af6b6597505fd7d99b613/r_14",
            "rotation": 0.12566370614359174,
            "transform_matrix": [
                [
                    0.2639094591140747,
                    -0.9221321940422058,
                    0.2828850746154785,
                    1.1403462886810303
                ],
                [
                    0.9645475149154663,
                    0.25230422616004944,
                    -0.0774000808596611,
                    -0.3120097219944
                ],
                [
                    7.450581485102248e-09,
                    0.293282687664032,
                    0.9560256600379944,
                    3.853863000869751
                ],
                [
                    0.0,
                    0.0,
                    0.0,
                    1.0
                ]
            ]
        },
        {
            "file_path": "/data/shapenet_blender/all_50_random/02958343/1a7125aefa9af6b6597505fd7d99b613/r_15",
            "rotation": 0.12566370614359174,
            "transform_matrix": [
                [
                    -0.5913009643554688,
                    0.34208571910858154,
                    0.7303016185760498,
                    2.9439399242401123
                ],
                [
                    0.8064509034156799,
                    0.25082194805145264,
                    0.5354672074317932,
                    2.1585373878479004
                ],
                [
                    1.4901159417490817e-08,
                    0.9055747389793396,
                    -0.42418667674064636,
                    -1.7099510431289673
                ],
                [
                    0.0,
                    0.0,
                    0.0,
                    1.0
                ]
            ]
        },
        {
            "file_path": "/data/shapenet_blender/all_50_random/02958343/1a7125aefa9af6b6597505fd7d99b613/r_16",
            "rotation": 0.12566370614359174,
            "transform_matrix": [
                [
                    -0.09613505005836487,
                    -0.21351060271263123,
                    -0.9721992015838623,
                    -3.919060230255127
                ],
                [
                    -0.9953683614730835,
                    0.020621363073587418,
                    0.09389732033014297,
                    0.3785122036933899
                ],
                [
                    0.0,
                    0.9767229557037354,
                    -0.21450413763523102,
                    -0.864693820476532
                ],
                [
                    0.0,
                    0.0,
                    0.0,
                    1.0
                ]
            ]
        },
        {
            "file_path": "/data/shapenet_blender/all_50_random/02958343/1a7125aefa9af6b6597505fd7d99b613/r_17",
            "rotation": 0.12566370614359174,
            "transform_matrix": [
                [
                    0.688381552696228,
                    0.09168579429388046,
                    0.7195308208465576,
                    2.9005215167999268
                ],
                [
                    0.7253487706184387,
                    -0.08701305091381073,
                    -0.6828600764274597,
                    -2.752696990966797
                ],
                [
                    0.0,
                    0.9919791221618652,
                    -0.126402348279953,
                    -0.5095441937446594
                ],
                [
                    0.0,
                    0.0,
                    0.0,
                    1.0
                ]
            ]
        },
        {
            "file_path": "/data/shapenet_blender/all_50_random/02958343/1a7125aefa9af6b6597505fd7d99b613/r_18",
            "rotation": 0.12566370614359174,
            "transform_matrix": [
                [
                    -0.9375290870666504,
                    -0.025399595499038696,
                    0.34697872400283813,
                    1.3987160921096802
                ],
                [
                    0.3479071855545044,
                    -0.06844600290060043,
                    0.9350270628929138,
                    3.7692148685455322
                ],
                [
                    -1.862645371275562e-09,
                    0.9973313808441162,
                    0.07300680875778198,
                    0.2942999005317688
                ],
                [
                    0.0,
                    0.0,
                    0.0,
                    1.0
                ]
            ]
        },
        {
            "file_path": "/data/shapenet_blender/all_50_random/02958343/1a7125aefa9af6b6597505fd7d99b613/r_19",
            "rotation": 0.12566370614359174,
            "transform_matrix": [
                [
                    0.8252804279327393,
                    -0.04066576436161995,
                    0.5632570385932922,
                    2.270561695098877
                ],
                [
                    0.5647230744361877,
                    0.05942852050065994,
                    -0.8231379389762878,
                    -3.3181750774383545
                ],
                [
                    3.725290076417309e-09,
                    0.9974038600921631,
                    0.0720100998878479,
                    0.2902819812297821
                ],
                [
                    0.0,
                    0.0,
                    0.0,
                    1.0
                ]
            ]
        },
        {
            "file_path": "/data/shapenet_blender/all_50_random/02958343/1a7125aefa9af6b6597505fd7d99b613/r_20",
            "rotation": 0.12566370614359174,
            "transform_matrix": [
                [
                    0.8934494853019714,
                    -0.4174864590167999,
                    0.1656896322965622,
                    0.6679162979125977
                ],
                [
                    0.4491637349128723,
                    0.8304389715194702,
                    -0.3295798599720001,
                    -1.3285789489746094
                ],
                [
                    0.0,
                    0.368884801864624,
                    0.9294751882553101,
                    3.7468342781066895
                ],
                [
                    0.0,
                    0.0,
                    0.0,
                    1.0
                ]
            ]
        },
        {
            "file_path": "/data/shapenet_blender/all_50_random/02958343/1a7125aefa9af6b6597505fd7d99b613/r_21",
            "rotation": 0.12566370614359174,
            "transform_matrix": [
                [
                    -0.7617086172103882,
                    -0.4532417953014374,
                    -0.4630032479763031,
                    -1.8664257526397705
                ],
                [
                    -0.6479198932647705,
                    0.5328407883644104,
                    0.5443165898323059,
                    2.1942102909088135
                ],
                [
                    0.0,
                    0.7145995497703552,
                    -0.6995337009429932,
                    -2.8199105262756348
                ],
                [
                    0.0,
                    0.0,
                    0.0,
                    1.0
                ]
            ]
        },
        {
            "file_path": "/data/shapenet_blender/all_50_random/02958343/1a7125aefa9af6b6597505fd7d99b613/r_22",
            "rotation": 0.12566370614359174,
            "transform_matrix": [
                [
                    0.7118802070617676,
                    0.33134403824806213,
                    0.6192233562469482,
                    2.496169090270996
                ],
                [
                    0.7023007869720459,
                    -0.3358635902404785,
                    -0.627669632434845,
                    -2.530217170715332
                ],
                [
                    -1.4901161193847656e-08,
                    0.8817065954208374,
                    -0.471797913312912,
                    -1.9018782377243042
                ],
                [
                    0.0,
                    0.0,
                    0.0,
                    1.0
                ]
            ]
        },
        {
            "file_path": "/data/shapenet_blender/all_50_random/02958343/1a7125aefa9af6b6597505fd7d99b613/r_23",
            "rotation": 0.12566370614359174,
            "transform_matrix": [
                [
                    -0.1323889046907425,
                    0.014799817465245724,
                    0.9910873174667358,
                    3.9952008724212646
                ],
                [
                    0.991197943687439,
                    0.0019767307676374912,
                    0.1323741227388382,
                    0.5336171388626099
                ],
                [
                    0.0,
                    0.9998884797096252,
                    -0.01493124570697546,
                    -0.06018977612257004
                ],
                [
                    0.0,
                    0.0,
                    0.0,
                    1.0
                ]
            ]
        },
        {
            "file_path": "/data/shapenet_blender/all_50_random/02958343/1a7125aefa9af6b6597505fd7d99b613/r_24",
            "rotation": 0.12566370614359174,
            "transform_matrix": [
                [
                    0.5500760674476624,
                    -0.7790295481681824,
                    -0.30088064074516296,
                    -1.2128888368606567
                ],
                [
                    -0.8351145386695862,
                    -0.5131338238716125,
                    -0.19818508625030518,
                    -0.7989097237586975
                ],
                [
                    0.0,
                    0.360286682844162,
                    -0.9328415393829346,
                    -3.7604048252105713
                ],
                [
                    0.0,
                    0.0,
                    0.0,
                    1.0
                ]
            ]
        },
        {
            "file_path": "/data/shapenet_blender/all_50_random/02958343/1a7125aefa9af6b6597505fd7d99b613/r_25",
            "rotation": 0.12566370614359174,
            "transform_matrix": [
                [
                    0.9517609477043152,
                    0.30143609642982483,
                    -0.05733456462621689,
                    -0.23112303018569946
                ],
                [
                    -0.30684027075767517,
                    0.9349982142448425,
                    -0.17784106731414795,
                    -0.7169002890586853
                ],
                [
                    0.0,
                    0.18685461580753326,
                    0.9823875427246094,
                    3.9601309299468994
                ],
                [
                    0.0,
                    0.0,
                    0.0,
                    1.0
                ]
            ]
        },
        {
            "file_path": "/data/shapenet_blender/all_50_random/02958343/1a7125aefa9af6b6597505fd7d99b613/r_26",
            "rotation": 0.12566370614359174,
            "transform_matrix": [
                [
                    -0.5034330487251282,
                    0.009758081287145615,
                    0.8639790415763855,
                    3.482811212539673
                ],
                [
                    0.8640342354774475,
                    0.0056855869479477406,
                    0.5034009218215942,
                    2.0292742252349854
                ],
                [
                    -4.656612873077393e-10,
                    0.9999362230300903,
                    -0.011293628253042698,
                    -0.04552607610821724
                ],
                [
                    0.0,
                    0.0,
                    0.0,
                    1.0
                ]
            ]
        },
        {
            "file_path": "/data/shapenet_blender/all_50_random/02958343/1a7125aefa9af6b6597505fd7d99b613/r_27",
            "rotation": 0.12566370614359174,
            "transform_matrix": [
                [
                    -0.25441884994506836,
                    -0.7952814102172852,
                    0.5502712726593018,
                    2.218214750289917
                ],
                [
                    0.9670941829681396,
                    -0.2092190980911255,
                    0.14476293325424194,
                    0.5835580825805664
                ],
                [
                    -7.450580596923828e-09,
                    0.5689945220947266,
                    0.8223412036895752,
                    3.3149635791778564
                ],
                [
                    0.0,
                    0.0,
                    0.0,
                    1.0
                ]
            ]
        },
        {
            "file_path": "/data/shapenet_blender/all_50_random/02958343/1a7125aefa9af6b6597505fd7d99b613/r_28",
            "rotation": 0.12566370614359174,
            "transform_matrix": [
                [
                    -0.10602981597185135,
                    0.920595645904541,
                    -0.37584736943244934,
                    -1.5150892734527588
                ],
                [
                    -0.9943628907203674,
                    -0.09816395491361618,
                    0.04007694497704506,
                    0.16155534982681274
                ],
                [
                    -3.725290076417309e-09,
                    0.3779779374599457,
                    0.9258145093917847,
                    3.7320778369903564
                ],
                [
                    0.0,
                    0.0,
                    0.0,
                    1.0
                ]
            ]
        },
        {
            "file_path": "/data/shapenet_blender/all_50_random/02958343/1a7125aefa9af6b6597505fd7d99b613/r_29",
            "rotation": 0.12566370614359174,
            "transform_matrix": [
                [
                    -0.7147829532623291,
                    0.039488695561885834,
                    0.6982306241989136,
                    2.814657688140869
                ],
                [
                    0.6993464231491089,
                    0.04036032035946846,
                    0.7136425375938416,
                    2.8767850399017334
                ],
                [
                    1.862645149230957e-09,
                    0.9984045624732971,
                    -0.05646514892578125,
                    -0.2276182919740677
                ],
                [
                    0.0,
                    0.0,
                    0.0,
                    1.0
                ]
            ]
        },
        {
            "file_path": "/data/shapenet_blender/all_50_random/02958343/1a7125aefa9af6b6597505fd7d99b613/r_30",
            "rotation": 0.12566370614359174,
            "transform_matrix": [
                [
                    0.9982106685638428,
                    -0.04319145902991295,
                    -0.041352853178977966,
                    -0.16669869422912598
                ],
                [
                    -0.05979600176215172,
                    -0.7210210561752319,
                    -0.6903281211853027,
                    -2.782801866531372
                ],
                [
                    0.0,
                    0.6915656924247742,
                    -0.7223135232925415,
                    -2.9117391109466553
                ],
                [
                    0.0,
                    0.0,
                    0.0,
                    1.0
                ]
            ]
        },
        {
            "file_path": "/data/shapenet_blender/all_50_random/02958343/1a7125aefa9af6b6597505fd7d99b613/r_31",
            "rotation": 0.12566370614359174,
            "transform_matrix": [
                [
                    -0.9994599223136902,
                    -0.020531123504042625,
                    -0.025655778124928474,
                    -0.10342174768447876
                ],
                [
                    -0.03285948559641838,
                    0.624478280544281,
                    0.7803506255149841,
                    3.1456940174102783
                ],
                [
                    1.862645149230957e-09,
                    0.7807722091674805,
                    -0.6248157024383545,
                    -2.5187127590179443
                ],
                [
                    0.0,
                    0.0,
                    0.0,
                    1.0
                ]
            ]
        },
        {
            "file_path": "/data/shapenet_blender/all_50_random/02958343/1a7125aefa9af6b6597505fd7d99b613/r_32",
            "rotation": 0.12566370614359174,
            "transform_matrix": [
                [
                    0.7294515371322632,
                    -0.09210998564958572,
                    -0.6778025031089783,
                    -2.732309341430664
                ],
                [
                    -0.6840324997901917,
                    -0.09822598099708557,
                    -0.7228078246116638,
                    -2.913731575012207
                ],
                [
                    0.0,
                    0.990892231464386,
                    -0.13465732336044312,
                    -0.5428210496902466
                ],
                [
                    0.0,
                    0.0,
                    0.0,
                    1.0
                ]
            ]
        },
        {
            "file_path": "/data/shapenet_blender/all_50_random/02958343/1a7125aefa9af6b6597505fd7d99b613/r_33",
            "rotation": 0.12566370614359174,
            "transform_matrix": [
                [
                    0.9302616715431213,
                    0.023348895832896233,
                    -0.3661530911922455,
                    -1.4760103225708008
                ],
                [
                    -0.36689677834510803,
                    0.059200797230005264,
                    -0.9283759593963623,
                    -3.742403268814087
                ],
                [
                    1.862645149230957e-09,
                    0.9979729056358337,
                    0.06363886594772339,
                    0.25653648376464844
                ],
                [
                    0.0,
                    0.0,
                    0.0,
                    1.0
                ]
            ]
        },
        {
            "file_path": "/data/shapenet_blender/all_50_random/02958343/1a7125aefa9af6b6597505fd7d99b613/r_34",
            "rotation": 0.12566370614359174,
            "transform_matrix": [
                [
                    0.53946852684021,
                    0.8139188289642334,
                    0.21566113829612732,
                    0.8693577647209167
                ],
                [
                    0.8420056104660034,
                    -0.5214734077453613,
                    -0.1381729394197464,
                    -0.5569928884506226
                ],
                [
                    -7.4505792646561986e-09,
                    0.2561277747154236,
                    -0.9666429758071899,
                    -3.8966619968414307
                ],
                [
                    0.0,
                    0.0,
                    0.0,
                    1.0
                ]
            ]
        },
        {
            "file_path": "/data/shapenet_blender/all_50_random/02958343/1a7125aefa9af6b6597505fd7d99b613/r_35",
            "rotation": 0.12566370614359174,
            "transform_matrix": [
                [
                    0.8389583826065063,
                    0.14915139973163605,
                    -0.5233572125434875,
                    -2.109720468521118
                ],
                [
                    -0.5441956520080566,
                    0.22993901371955872,
                    -0.8068327307701111,
                    -3.2524468898773193
                ],
                [
                    7.450580596923828e-09,
                    0.9617077708244324,
                    0.27407678961753845,
                    1.1048388481140137
                ],
                [
                    0.0,
                    0.0,
                    0.0,
                    1.0
                ]
            ]
        },
        {
            "file_path": "/data/shapenet_blender/all_50_random/02958343/1a7125aefa9af6b6597505fd7d99b613/r_36",
            "rotation": 0.12566370614359174,
            "transform_matrix": [
                [
                    -0.9978030920028687,
                    0.01982196420431137,
                    -0.06321348249912262,
                    -0.2548217177391052
                ],
                [
                    -0.06624843180179596,
                    -0.29854920506477356,
                    0.9520921111106873,
                    3.8380062580108643
                ],
                [
                    0.0,
                    0.9541882872581482,
                    0.2992064952850342,
                    1.2061400413513184
                ],
                [
                    0.0,
                    0.0,
                    0.0,
                    1.0
                ]
            ]
        },
        {
            "file_path": "/data/shapenet_blender/all_50_random/02958343/1a7125aefa9af6b6597505fd7d99b613/r_37",
            "rotation": 0.12566370614359174,
            "transform_matrix": [
                [
                    -0.928000807762146,
                    0.024984005838632584,
                    0.37173935770988464,
                    1.498529314994812
                ],
                [
                    0.372577965259552,
                    0.062229059636592865,
                    0.9259120225906372,
                    3.732470750808716
                ],
                [
                    0.0,
                    0.9977491497993469,
                    -0.06705711036920547,
                    -0.27031585574150085
                ],
                [
                    0.0,
                    0.0,
                    0.0,
                    1.0
                ]
            ]
        },
        {
            "file_path": "/data/shapenet_blender/all_50_random/02958343/1a7125aefa9af6b6597505fd7d99b613/r_38",
            "rotation": 0.12566370614359174,
            "transform_matrix": [
                [
                    0.9858799576759338,
                    0.02460663765668869,
                    -0.1656353920698166,
                    -0.6676976680755615
                ],
                [
                    -0.16745318472385406,
                    0.14487147331237793,
                    -0.9751777052879333,
                    -3.9310672283172607
                ],
                [
                    -1.8626450382086546e-09,
                    0.9891444444656372,
                    0.14694632589817047,
                    0.5923596620559692
                ],
                [
                    0.0,
                    0.0,
                    0.0,
                    1.0
                ]
            ]
        },
        {
            "file_path": "/data/shapenet_blender/all_50_random/02958343/1a7125aefa9af6b6597505fd7d99b613/r_39",
            "rotation": 0.12566370614359174,
            "transform_matrix": [
                [
                    0.12084224820137024,
                    -0.5454726815223694,
                    0.8293712735176086,
                    3.3433024883270264
                ],
                [
                    0.9926717281341553,
                    0.06640276312828064,
                    -0.10096297413110733,
                    -0.4069947600364685
                ],
                [
                    0.0,
                    0.8354940414428711,
                    0.5494995713233948,
                    2.2151036262512207
                ],
                [
                    0.0,
                    0.0,
                    0.0,
                    1.0
                ]
            ]
        },
        {
            "file_path": "/data/shapenet_blender/all_50_random/02958343/1a7125aefa9af6b6597505fd7d99b613/r_40",
            "rotation": 0.12566370614359174,
            "transform_matrix": [
                [
                    0.6195276975631714,
                    0.5353028774261475,
                    0.5741395354270935,
                    2.3144304752349854
                ],
                [
                    0.7849748730659485,
                    -0.42247843742370605,
                    -0.4531296193599701,
                    -1.8266239166259766
                ],
                [
                    -1.4901164746561335e-08,
                    0.7314113974571228,
                    -0.6819363832473755,
                    -2.7489736080169678
                ],
                [
                    0.0,
                    0.0,
                    0.0,
                    1.0
                ]
            ]
        },
        {
            "file_path": "/data/shapenet_blender/all_50_random/02958343/1a7125aefa9af6b6597505fd7d99b613/r_41",
            "rotation": 0.12566370614359174,
            "transform_matrix": [
                [
                    0.9749841690063477,
                    0.031127342954277992,
                    0.2200840562582016,
                    0.8871872425079346
                ],
                [
                    0.22227443754673004,
                    -0.13653692603111267,
                    -0.9653763771057129,
                    -3.891556978225708
