{
    "class": "02958343",
    "model": "b09f4d5af99be6c5f5f45e906b41d1f0",
    "remove_doubles": true,
    "edge_split": true,
    "denoise": true,
    "camera_angle_x": 0.6911112070083618,
    "scale_factor": 2.34254860757196,
    "hdri_file": "/data/IndoorHDRDataset2018/9C4A1109-d30b43bcb0.exr",
    "center_offset": [
        0.0,
        -9.313225746154785e-10,
        0.0
    ],
    "lights": [],
    "frames": [
        {
            "file_path": "/data/shapenet_blender/all_50_random/02958343/b09f4d5af99be6c5f5f45e906b41d1f0/r_0",
            "rotation": 0.12566370614359174,
            "transform_matrix": [
                [
                    0.9258599281311035,
                    0.3713020086288452,
                    0.07013009488582611,
                    0.2827034592628479
                ],
                [
                    0.3778669238090515,
                    -0.9097743630409241,
                    -0.17183467745780945,
                    -0.6926877498626709
                ],
                [
                    0.0,
                    0.18559478223323822,
                    -0.9826263785362244,
                    -3.9610936641693115
                ],
                [
                    0.0,
                    0.0,
                    0.0,
                    1.0
                ]
            ]
        },
        {
            "file_path": "/data/shapenet_blender/all_50_random/02958343/b09f4d5af99be6c5f5f45e906b41d1f0/r_1",
            "rotation": 0.12566370614359174,
            "transform_matrix": [
                [
                    -0.5264749526977539,
                    -0.11924900114536285,
                    -0.8417860865592957,
                    -3.393348217010498
                ],
                [
                    -0.8501906991004944,
                    0.07384415715932846,
                    0.5212704539299011,
                    2.1013083457946777
                ],
                [
                    3.725290298461914e-09,
                    0.9901145696640015,
                    -0.1402614563703537,
                    -0.5654120445251465
                ],
                [
                    0.0,
                    0.0,
                    0.0,
                    1.0
                ]
            ]
        },
        {
            "file_path": "/data/shapenet_blender/all_50_random/02958343/b09f4d5af99be6c5f5f45e906b41d1f0/r_2",
            "rotation": 0.12566370614359174,
            "transform_matrix": [
                [
                    -0.7853468656539917,
                    0.31844237446784973,
                    -0.5308716297149658,
                    -2.140011787414551
                ],
                [
                    -0.6190558671951294,
                    -0.4039824903011322,
                    0.6734746098518372,
                    2.714862585067749
                ],
                [
                    1.4901159417490817e-08,
                    0.8575502634048462,
                    0.514400064945221,
                    2.073612689971924
                ],
                [
                    0.0,
                    0.0,
                    0.0,
                    1.0
                ]
            ]
        },
        {
            "file_path": "/data/shapenet_blender/all_50_random/02958343/b09f4d5af99be6c5f5f45e906b41d1f0/r_3",
            "rotation": 0.12566370614359174,
            "transform_matrix": [
                [
                    0.6129656434059143,
                    0.6555882096290588,
                    0.4409956932067871,
                    1.7777105569839478
                ],
                [
                    0.7901094555854797,
                    -0.5086042881011963,
                    -0.34212374687194824,
                    -1.3791449069976807
                ],
                [
                    0.0,
                    0.5581449270248413,
                    -0.8297433853149414,
                    -3.3448026180267334
                ],
                [
                    0.0,
                    0.0,
                    0.0,
                    1.0
                ]
            ]
        },
        {
            "file_path": "/data/shapenet_blender/all_50_random/02958343/b09f4d5af99be6c5f5f45e906b41d1f0/r_4",
            "rotation": 0.12566370614359174,
            "transform_matrix": [
                [
                    0.9856381416320801,
                    -0.016736432909965515,
                    -0.1680396944284439,
                    -0.6773896813392639
                ],
                [
                    -0.16887108981609344,
                    -0.09768437594175339,
                    -0.9807855486869812,
                    -3.9536728858947754
                ],
                [
                    0.0,
                    0.9950766563415527,
                    -0.0991077572107315,
                    -0.39951613545417786
                ],
                [
                    0.0,
                    0.0,
                    0.0,
                    1.0
                ]
            ]
        },
        {
            "file_path": "/data/shapenet_blender/all_50_random/02958343/b09f4d5af99be6c5f5f45e906b41d1f0/r_5",
            "rotation": 0.12566370614359174,
            "transform_matrix": [
                [
                    0.9934413433074951,
                    0.008649693801999092,
                    0.11401604115962982,
                    0.4596133828163147
                ],
                [
                    0.11434368789196014,
                    -0.07515031099319458,
                    -0.9905946850776672,
                    -3.9932150840759277
                ],
                [
                    9.31322685637781e-10,
                    0.9971346259117126,
                    -0.07564645260572433,
                    -0.3049406409263611
                ],
                [
                    0.0,
                    0.0,
                    0.0,
                    1.0
                ]
            ]
        },
        {
            "file_path": "/data/shapenet_blender/all_50_random/02958343/b09f4d5af99be6c5f5f45e906b41d1f0/r_6",
            "rotation": 0.12566370614359174,
            "transform_matrix": [
                [
                    -0.6505213379859924,
                    0.3593246340751648,
                    -0.6691096425056458,
                    -2.697267532348633
                ],
                [
                    -0.759488046169281,
                    -0.3077709376811981,
                    0.5731099247932434,
                    2.3102803230285645
                ],
                [
                    1.4901161193847656e-08,
                    0.8810011148452759,
                    0.4731142222881317,
                    1.9071846008300781
                ],
                [
                    0.0,
                    0.0,
                    0.0,
                    1.0
                ]
            ]
        },
        {
            "file_path": "/data/shapenet_blender/all_50_random/02958343/b09f4d5af99be6c5f5f45e906b41d1f0/r_7",
            "rotation": 0.12566370614359174,
            "transform_matrix": [
                [
                    -0.8591763377189636,
                    -0.23299632966518402,
                    -0.4555531442165375,
                    -1.8363934755325317
                ],
                [
                    -0.511679470539093,
                    0.39123108983039856,
                    0.7649328112602234,
                    3.083542823791504
                ],
                [
                    1.4901160305669237e-08,
                    0.8903093934059143,
                    -0.45535600185394287,
                    -1.8355987071990967
                ],
                [
                    0.0,
                    0.0,
                    0.0,
                    1.0
                ]
            ]
        },
        {
            "file_path": "/data/shapenet_blender/all_50_random/02958343/b09f4d5af99be6c5f5f45e906b41d1f0/r_8",
            "rotation": 0.12566370614359174,
            "transform_matrix": [
                [
                    -0.5277544856071472,
                    -0.02063833177089691,
                    -0.8491461277008057,
                    -3.423017740249634
                ],
                [
                    -0.8493970036506653,
                    0.012823183089494705,
                    0.5275986194610596,
                    2.1268184185028076
                ],
                [
                    9.31322685637781e-10,
                    0.9997046589851379,
                    -0.024297630414366722,
                    -0.0979468896985054
                ],
                [
                    0.0,
                    0.0,
                    0.0,
                    1.0
                ]
            ]
        },
        {
            "file_path": "/data/shapenet_blender/all_50_random/02958343/b09f4d5af99be6c5f5f45e906b41d1f0/r_9",
            "rotation": 0.12566370614359174,
            "transform_matrix": [
                [
                    0.9966731071472168,
                    4.8316014726879075e-05,
                    0.08150315284729004,
                    0.32854974269866943
                ],
                [
                    0.08150318264961243,
                    -0.0005908391322009265,
                    -0.9966728091239929,
                    -4.017716884613037
                ],
                [
                    -3.637978807091713e-12,
                    0.9999998211860657,
                    -0.0005928113241679966,
                    -0.0023896992206573486
                ],
                [
                    0.0,
                    0.0,
                    0.0,
                    1.0
                ]
            ]
        },
        {
            "file_path": "/data/shapenet_blender/all_50_random/02958343/b09f4d5af99be6c5f5f45e906b41d1f0/r_10",
            "rotation": 0.12566370614359174,
            "transform_matrix": [
                [
                    -0.6935006380081177,
                    0.10399727523326874,
                    -0.7129104733467102,
                    -2.8738341331481934
                ],
                [
                    -0.7204559445381165,
                    -0.10010629892349243,
                    0.6862374544143677,
                    2.7663116455078125
                ],
                [
                    0.0,
                    0.989526629447937,
                    0.14434926211833954,
                    0.5818904638290405
                ],
                [
                    0.0,
                    0.0,
                    0.0,
                    1.0
                ]
            ]
        },
        {
            "file_path": "/data/shapenet_blender/all_50_random/02958343/b09f4d5af99be6c5f5f45e906b41d1f0/r_11",
            "rotation": 0.12566370614359174,
            "transform_matrix": [
                [
                    0.6107980012893677,
                    0.3042749762535095,
                    -0.7309873700141907,
                    -2.946704387664795
                ],
                [
                    -0.7917865514755249,
                    0.2347230613231659,
                    -0.5638964772224426,
                    -2.273139476776123
                ],
                [
                    0.0,
                    0.9232126474380493,
                    0.3842892050743103,
                    1.5491193532943726
                ],
                [
                    0.0,
                    0.0,
                    0.0,
                    1.0
                ]
            ]
        },
        {
            "file_path": "/data/shapenet_blender/all_50_random/02958343/b09f4d5af99be6c5f5f45e906b41d1f0/r_12",
            "rotation": 0.12566370614359174,
            "transform_matrix": [
                [
                    0.6468536257743835,
                    -0.6304672360420227,
                    -0.4290587306022644,
                    -1.7295910120010376
                ],
                [
                    -0.7626141905784607,
                    -0.534765899181366,
                    -0.3639300465583801,
                    -1.4670488834381104
                ],
                [
                    -1.4901161193847656e-08,
                    0.5626157522201538,
                    -0.8267185091972351,
                    -3.332608938217163
                ],
                [
                    0.0,
                    0.0,
                    0.0,
                    1.0
                ]
            ]
        },
        {
            "file_path": "/data/shapenet_blender/all_50_random/02958343/b09f4d5af99be6c5f5f45e906b41d1f0/r_13",
            "rotation": 0.12566370614359174,
            "transform_matrix": [
                [
                    0.9976217150688171,
                    0.004187023267149925,
                    -0.06879913061857224,
                    -0.2773381471633911
                ],
                [
                    -0.06892640888690948,
                    0.06060181185603142,
                    -0.9957794547080994,
                    -4.014114856719971
                ],
                [
                    0.0,
                    0.9981532692909241,
                    0.06074627861380577,
                    0.24487605690956116
                ],
                [
                    0.0,
                    0.0,
                    0.0,
                    1.0
                ]
            ]
        },
        {
            "file_path": "/data/shapenet_blender/all_50_random/02958343/b09f4d5af99be6c5f5f45e906b41d1f0/r_14",
            "rotation": 0.12566370614359174,
            "transform_matrix": [
                [
                    -0.6823530793190002,
                    -0.5209293365478516,
                    0.5128613710403442,
                    2.067410469055176
                ],
                [
                    0.7310227751731873,
                    -0.486247181892395,
                    0.47871634364128113,
                    1.929767370223999
                ],
                [
                    1.4901162970204496e-08,
                    0.7015668749809265,
                    0.7126034498214722,
                    2.8725967407226562
                ],
                [
                    0.0,
                    0.0,
                    0.0,
                    1.0
                ]
            ]
        },
        {
            "file_path": "/data/shapenet_blender/all_50_random/02958343/b09f4d5af99be6c5f5f45e906b41d1f0/r_15",
            "rotation": 0.12566370614359174,
            "transform_matrix": [
                [
                    0.33439886569976807,
                    -0.8772676587104797,
                    0.3443528711795807,
                    1.388130784034729
                ],
                [
                    0.9424316883087158,
                    0.31127700209617615,
                    -0.12218520790338516,
                    -0.4925443232059479
                ],
                [
                    7.450580596923828e-09,
                    0.3653877079486847,
                    0.9308554530143738,
                    3.7523982524871826
                ],
                [
                    0.0,
                    0.0,
                    0.0,
                    1.0
                ]
            ]
        },
        {
            "file_path": "/data/shapenet_blender/all_50_random/02958343/b09f4d5af99be6c5f5f45e906b41d1f0/r_16",
            "rotation": 0.12566370614359174,
            "transform_matrix": [
                [
                    -0.7664204835891724,
                    0.3568674325942993,
                    0.5340835452079773,
                    2.1529595851898193
                ],
                [
                    0.6423391699790955,
                    0.42580392956733704,
                    0.6372530460357666,
                    2.5688490867614746
                ],
                [
                    -1.4901161193847656e-08,
                    0.831466555595398,
                    -0.5555747747421265,
                    -2.239593505859375
                ],
                [
                    0.0,
                    0.0,
                    0.0,
                    1.0
                ]
            ]
        },
        {
            "file_path": "/data/shapenet_blender/all_50_random/02958343/b09f4d5af99be6c5f5f45e906b41d1f0/r_17",
            "rotation": 0.12566370614359174,
            "transform_matrix": [
                [
                    -0.7909767627716064,
                    -0.44251692295074463,
                    0.42253345251083374,
                    1.70328688621521
                ],
                [
                    0.6118462085723877,
                    -0.5720729231834412,
                    0.5462388396263123,
                    2.2019591331481934
                ],
                [
                    1.4901161193847656e-08,
                    0.6905876994132996,
                    0.7232486605644226,
                    2.915508508682251
                ],
                [
                    0.0,
                    0.0,
                    0.0,
                    1.0
                ]
            ]
        },
        {
            "file_path": "/data/shapenet_blender/all_50_random/02958343/b09f4d5af99be6c5f5f45e906b41d1f0/r_18",
            "rotation": 0.12566370614359174,
            "transform_matrix": [
                [
                    -0.7327215671539307,
                    -0.5641252398490906,
                    -0.3806333839893341,
                    -1.5343822240829468
                ],
                [
                    -0.6805285811424255,
                    0.6073907017707825,
                    0.40982601046562195,
                    1.6520614624023438
                ],
                [
                    -1.4901161193847656e-08,
                    0.5593202710151672,
                    -0.8289517164230347,
                    -3.34161114692688
                ],
                [
                    0.0,
                    0.0,
                    0.0,
                    1.0
                ]
            ]
        },
        {
            "file_path": "/data/shapenet_blender/all_50_random/02958343/b09f4d5af99be6c5f5f45e906b41d1f0/r_19",
            "rotation": 0.12566370614359174,
            "transform_matrix": [
                [
                    -0.6755062341690063,
                    -0.07647686451673508,
                    0.7333773970603943,
                    2.956339120864868
                ],
                [
                    0.7373541593551636,
                    -0.07006212323904037,
                    0.6718630194664001,
                    2.708366632461548
                ],
                [
                    0.0,
                    0.9946066737174988,
                    0.10371794551610947,
                    0.4181004464626312
                ],
                [
                    0.0,
                    0.0,
                    0.0,
                    1.0
                ]
            ]
        },
        {
            "file_path": "/data/shapenet_blender/all_50_random/02958343/b09f4d5af99be6c5f5f45e906b41d1f0/r_20",
            "rotation": 0.12566370614359174,
            "transform_matrix": [
                [
                    0.6099444031715393,
                    0.5902675986289978,
                    -0.5287267565727234,
                    -2.1313657760620117
                ],
                [
                    -0.7924442887306213,
                    0.4543290138244629,
                    -0.40696102380752563,
                    -1.6405123472213745
                ],
                [
                    0.0,
                    0.667210042476654,
                    0.744869589805603,
                    3.0026652812957764
                ],
                [
                    0.0,
                    0.0,
                    0.0,
                    1.0
                ]
            ]
        },
        {
            "file_path": "/data/shapenet_blender/all_50_random/02958343/b09f4d5af99be6c5f5f45e906b41d1f0/r_21",
            "rotation": 0.12566370614359174,
            "transform_matrix": [
                [
                    0.5986543297767639,
                    -0.2435210645198822,
                    0.7630927562713623,
                    3.076125144958496
                ],
                [
                    0.8010076284408569,
                    0.18200193345546722,
                    -0.5703176259994507,
                    -2.2990238666534424
                ],
                [
                    0.0,
                    0.9526661038398743,
                    0.30401843786239624,
                    1.2255375385284424
                ],
                [
                    0.0,
                    0.0,
                    0.0,
                    1.0
                ]
            ]
        },
        {
            "file_path": "/data/shapenet_blender/all_50_random/02958343/b09f4d5af99be6c5f5f45e906b41d1f0/r_22",
            "rotation": 0.12566370614359174,
            "transform_matrix": [
                [
                    -0.8944894671440125,
                    -0.13898184895515442,
                    0.4249383807182312,
                    1.7129814624786377
                ],
                [
                    0.4470890164375305,
                    -0.27806052565574646,
                    0.850172758102417,
                    3.4271559715270996
                ],
                [
                    7.450580596923828e-09,
                    0.9504557847976685,
                    0.3108595013618469,
                    1.2531147003173828
                ],
                [
                    0.0,
                    0.0,
                    0.0,
                    1.0
                ]
            ]
        },
        {
            "file_path": "/data/shapenet_blender/all_50_random/02958343/b09f4d5af99be6c5f5f45e906b41d1f0/r_23",
            "rotation": 0.12566370614359174,
            "transform_matrix": [
                [
                    0.2312239557504654,
                    -0.00997272040694952,
                    0.972849428653717,
                    3.9216814041137695
                ],
                [
                    0.9729005098342896,
                    0.0023701621685177088,
                    -0.2312118262052536,
                    -0.9320446848869324
                ],
                [
                    0.0,
                    0.9999474883079529,
                    0.010250503197312355,
                    0.04132109880447388
                ],
                [
                    0.0,
                    0.0,
                    0.0,
                    1.0
                ]
            ]
        },
        {
            "file_path": "/data/shapenet_blender/all_50_random/02958343/b09f4d5af99be6c5f5f45e906b41d1f0/r_24",
            "rotation": 0.12566370614359174,
            "transform_matrix": [
                [
                    0.17874489724636078,
                    -0.4599256217479706,
                    -0.8697808384895325,
                    -3.5061986446380615
                ],
                [
                    -0.9838955402374268,
                    -0.08355496823787689,
                    -0.15801361203193665,
                    -0.6369732618331909
                ],
                [
                    -7.450581485102248e-09,
                    0.8840174674987793,
                    -0.4674537479877472,
                    -1.8843662738800049
                ],
                [
                    0.0,
                    0.0,
                    0.0,
                    1.0
                ]
            ]
        },
        {
            "file_path": "/data/shapenet_blender/all_50_random/02958343/b09f4d5af99be6c5f5f45e906b41d1f0/r_25",
            "rotation": 0.12566370614359174,
            "transform_matrix": [
                [
                    -0.6901406049728394,
                    -0.3898216187953949,
                    -0.6097089052200317,
                    -2.457815408706665
                ],
                [
                    -0.7236752510070801,
                    0.37175753712654114,
                    0.5814553499221802,
                    2.343921661376953
                ],
                [
                    1.4901161193847656e-08,
                    0.8425171971321106,
                    -0.5386691689491272,
                    -2.17144513130188
                ],
                [
                    0.0,
                    0.0,
                    0.0,
                    1.0
                ]
            ]
        },
        {
            "file_path": "/data/shapenet_blender/all_50_random/02958343/b09f4d5af99be6c5f5f45e906b41d1f0/r_26",
            "rotation": 0.12566370614359174,
            "transform_matrix": [
                [
                    0.5897443294525146,
                    -0.5157751441001892,
                    -0.621431827545166,
                    -2.5050718784332275
                ],
                [
                    -0.8075900077819824,
                    -0.37664592266082764,
                    -0.4538019597530365,
                    -1.8293342590332031
                ],
                [
                    1.4901161193847656e-08,
                    0.7694892883300781,
                    -0.638659656047821,
                    -2.574519395828247
                ],
                [
                    0.0,
                    0.0,
                    0.0,
                    1.0
                ]
            ]
        },
        {
            "file_path": "/data/shapenet_blender/all_50_random/02958343/b09f4d5af99be6c5f5f45e906b41d1f0/r_27",
            "rotation": 0.12566370614359174,
            "transform_matrix": [
                [
                    -0.985975980758667,
                    0.07514353096485138,
                    0.1490132212638855,
                    0.6006914973258972
                ],
                [
                    0.16688767075538635,
                    0.4439496397972107,
                    0.8803733587265015,
                    3.548898458480835
                ],
                [
                    -7.450581485102248e-09,
                    0.8928953409194946,
                    -0.45026418566703796,
                    -1.815073013305664
                ],
                [
                    0.0,
                    0.0,
                    0.0,
                    1.0
                ]
            ]
        },
        {
            "file_path": "/data/shapenet_blender/all_50_random/02958343/b09f4d5af99be6c5f5f45e906b41d1f0/r_28",
            "rotation": 0.12566370614359174,
            "transform_matrix": [
                [
                    0.6764533519744873,
                    -0.0005102388677187264,
                    0.7364853620529175,
                    2.968867063522339
                ],
                [
                    0.7364855408668518,
                    0.00046864847536198795,
                    -0.6764532327651978,
                    -2.726869821548462
                ],
                [
                    0.0,
                    0.9999997019767761,
                    0.000692802423145622,
                    0.0027927756309509277
                ],
                [
                    0.0,
                    0.0,
                    0.0,
                    1.0
                ]
            ]
        },
        {
            "file_path": "/data/shapenet_blender/all_50_random/02958343/b09f4d5af99be6c5f5f45e906b41d1f0/r_29",
            "rotation": 0.12566370614359174,
            "transform_matrix": [
                [
                    0.8723253011703491,
                    -0.23892049491405487,
                    -0.4265742599964142,
                    -1.7195758819580078
                ],
                [
                    -0.4889259934425354,
                    -0.4262738823890686,
                    -0.7610794305801392,
                    -3.068009376525879
                ],
                [
                    0.0,
                    0.8724721074104309,
                    -0.48866385221481323,
                    -1.9698669910430908
                ],
                [
                    0.0,
                    0.0,
                    0.0,
                    1.0
                ]
            ]
        },
        {
            "file_path": "/data/shapenet_blender/all_50_random/02958343/b09f4d5af99be6c5f5f45e906b41d1f0/r_30",
            "rotation": 0.12566370614359174,
            "transform_matrix": [
                [
                    0.7864788770675659,
                    -0.24350203573703766,
                    -0.5675894618034363,
                    -2.2880265712738037
                ],
                [
                    -0.6176173090934753,
                    -0.310077428817749,
                    -0.7227729558944702,
                    -2.913591146469116
                ],
                [
                    0.0,
                    0.9189987182617188,
                    -0.39426037669181824,
                    -1.589314579963684
                ],
                [
                    0.0,
                    0.0,
                    0.0,
                    1.0
                ]
            ]
        },
        {
            "file_path": "/data/shapenet_blender/all_50_random/02958343/b09f4d5af99be6c5f5f45e906b41d1f0/r_31",
            "rotation": 0.12566370614359174,
            "transform_matrix": [
                [
                    0.11216575652360916,
                    -0.09414779394865036,
                    0.9892193078994751,
                    3.9876708984375
                ],
                [
                    0.9936895370483398,
                    0.010627219453454018,
                    -0.1116611585021019,
                    -0.45012056827545166
                ],
                [
                    1.862645149230957e-09,
                    0.9955014586448669,
                    0.09474567323923111,
                    0.3819320499897003
                ],
                [
                    0.0,
                    0.0,
                    0.0,
                    1.0
                ]
            ]
        },
        {
            "file_path": "/data/shapenet_blender/all_50_random/02958343/b09f4d5af99be6c5f5f45e906b41d1f0/r_32",
            "rotation": 0.12566370614359174,
            "transform_matrix": [
                [
                    0.499580979347229,
                    0.19274674355983734,
                    -0.8445516228675842,
                    -3.404496669769287
                ],
                [
                    -0.866267204284668,
                    0.1111580953001976,
                    -0.48705750703811646,
                    -1.9633917808532715
                ],
                [
                    0.0,
                    0.974932074546814,
                    0.22250263392925262,
                    0.8969368934631348
                ],
                [
                    0.0,
                    0.0,
                    0.0,
                    1.0
                ]
            ]
        },
        {
            "file_path": "/data/shapenet_blender/all_50_random/02958343/b09f4d5af99be6c5f5f45e906b41d1f0/r_33",
            "rotation": 0.12566370614359174,
            "transform_matrix": [
                [
                    -0.579456627368927,
                    -0.623069703578949,
                    -0.5253705978393555,
                    -2.1178367137908936
                ],
                [
                    -0.8150031566619873,
                    0.44299444556236267,
                    0.373531699180603,
                    1.5057544708251953
                ],
                [
                    -2.9802322387695312e-08,
                    0.6446240544319153,
                    -0.7644997239112854,
                    -3.081796884536743
                ],
                [
                    0.0,
                    0.0,
                    0.0,
                    1.0
                ]
            ]
        },
        {
            "file_path": "/data/shapenet_blender/all_50_random/02958343/b09f4d5af99be6c5f5f45e906b41d1f0/r_34",
            "rotation": 0.12566370614359174,
            "transform_matrix": [
                [
                    0.9705374836921692,
                    -0.13801397383213043,
                    0.19750729203224182,
                    0.7961773872375488
                ],
                [
                    0.24095019698143005,
                    0.555914580821991,
                    -0.7955513000488281,
                    -3.206969976425171
                ],
                [
                    7.450581485102248e-09,
                    0.8197017908096313,
                    0.5727904438972473,
                    2.3089921474456787
                ],
                [
                    0.0,
                    0.0,
                    0.0,
                    1.0
                ]
            ]
        },
        {
            "file_path": "/data/shapenet_blender/all_50_random/02958343/b09f4d5af99be6c5f5f45e906b41d1f0/r_35",
            "rotation": 0.12566370614359174,
            "transform_matrix": [
                [
                    -0.8910724520683289,
                    0.1289476752281189,
                    0.4351578652858734,
                    1.754177451133728
                ],
                [
                    0.4538610875606537,
                    0.25316494703292847,
                    0.8543521165847778,
                    3.4440035820007324
                ],
                [
                    0.0,
                    0.9587907791137695,
                    -0.28411269187927246,
                    -1.1452949047088623
                ],
                [
                    0.0,
                    0.0,
                    0.0,
                    1.0
                ]
            ]
        },
        {
            "file_path": "/data/shapenet_blender/all_50_random/02958343/b09f4d5af99be6c5f5f45e906b41d1f0/r_36",
            "rotation": 0.12566370614359174,
            "transform_matrix": [
                [
                    0.1527944654226303,
                    -0.12584851682186127,
                    0.9802122116088867,
                    3.951361894607544
                ],
                [
                    0.9882580637931824,
                    0.01945742592215538,
                    -0.1515505015850067,
                    -0.6109195947647095
                ],
                [
                    0.0,
                    0.991858720779419,
                    0.1273437738418579,
                    0.5133391618728638
                ],
                [
                    0.0,
                    0.0,
                    0.0,
                    1.0
                ]
            ]
        },
        {
            "file_path": "/data/shapenet_blender/all_50_random/02958343/b09f4d5af99be6c5f5f45e906b41d1f0/r_37",
            "rotation": 0.12566370614359174,
            "transform_matrix": [
                [
                    -0.7998209595680237,
                    -0.008582591079175472,
                    -0.6001772880554199,
                    -2.4193921089172363
                ],
                [
                    -0.6002386808395386,
                    0.011436345987021923,
                    0.7997391819953918,
                    3.2238516807556152
                ],
                [
                    9.313225746154785e-10,
                    0.999897837638855,
                    -0.014298631809651852,
                    -0.057639628648757935
                ],
                [
                    0.0,
                    0.0,
                    0.0,
                    1.0
                ]
            ]
        },
        {
            "file_path": "/data/shapenet_blender/all_50_random/02958343/b09f4d5af99be6c5f5f45e906b41d1f0/r_38",
            "rotation": 0.12566370614359174,
            "transform_matrix": [
                [
                    -0.4222518503665924,
                    -0.35849708318710327,
                    0.8325762152671814,
                    3.356222152709961
                ],
                [
                    0.9064785838127136,
                    -0.16699352860450745,
                    0.38782697916030884,
                    1.5633805990219116
                ],
                [
                    0.0,
                    0.9184731245040894,
                    0.39548325538635254,
                    1.5942440032958984
                ],
                [
                    0.0,
                    0.0,
                    0.0,
                    1.0
                ]
            ]
        },
        {
            "file_path": "/data/shapenet_blender/all_50_random/02958343/b09f4d5af99be6c5f5f45e906b41d1f0/r_39",
            "rotation": 0.12566370614359174,
            "transform_matrix": [
                [
                    0.7880426049232483,
                    0.24818581342697144,
                    -0.563376247882843,
                    -2.2710423469543457
                ],
                [
                    -0.6156208515167236,
                    0.31769710779190063,
                    -0.7211653590202332,
                    -2.9071104526519775
                ],
                [
                    -1.4901162970204496e-08,
                    0.9151351451873779,
                    0.4031471908092499,
                    1.625138282775879
                ],
                [
                    0.0,
                    0.0,
                    0.0,
                    1.0
                ]
            ]
        },
        {
            "file_path": "/data/shapenet_blender/all_50_random/02958343/b09f4d5af99be6c5f5f45e906b41d1f0/r_40",
            "rotation": 0.12566370614359174,
            "transform_matrix": [
                [
                    -0.9946306943893433,
                    -0.030429886654019356,
                    -0.09891405701637268,
                    -0.39873531460762024
                ],
                [
                    -0.103488989174366,
                    0.2924610376358032,
                    0.9506611227989197,
                    3.832237482070923
                ],
                [
                    -1.862645371275562e-09,
                    0.955793023109436,
                    -0.29403990507125854,
                    -1.1853127479553223
                ],
                [
                    0.0,
                    0.0,
                    0.0,
                    1.0
                ]
            ]
        },
        {
            "file_path": "/data/shapenet_blender/all_50_random/02958343/b09f4d5af99be6c5f5f45e906b41d1f0/r_41",
            "rotation": 0.12566370614359174,
            "transform_matrix": [
                [
                    -0.9371804594993591,
                    0.025832565501332283,
                    -0.3478870987892151,
                    -1.4023778438568115
                ],
                [
                    -0.3488449454307556,
                    -0.06939981877803802,
                    0.9346072673797607,
