{
    "class": "02958343",
    "model": "4c1504f3463445dbbda733a39f84326d",
    "remove_doubles": true,
    "edge_split": true,
    "denoise": true,
    "camera_angle_x": 0.6911112070083618,
    "scale_factor": 2.223986506460043,
    "hdri_file": "/data/IndoorHDRDataset2018/9C4A6311-8a018788b8.exr",
    "center_offset": [
        0.0,
        0.0,
        3.725290298461914e-09
    ],
    "lights": [],
    "frames": [
        {
            "file_path": "/data/shapenet_blender/all_50_random/02958343/4c1504f3463445dbbda733a39f84326d/r_0",
            "rotation": 0.12566370614359174,
            "transform_matrix": [
                [
                    -0.9784846305847168,
                    -0.0648965984582901,
                    0.19584769010543823,
                    0.7894873023033142
                ],
                [
                    0.2063198834657669,
                    -0.3077760934829712,
                    0.9288195967674255,
                    3.7441916465759277
                ],
                [
                    3.725290742551124e-09,
                    0.949242889881134,
                    0.31454363465309143,
                    1.2679659128189087
                ],
                [
                    0.0,
                    0.0,
                    0.0,
                    1.0
                ]
            ]
        },
        {
            "file_path": "/data/shapenet_blender/all_50_random/02958343/4c1504f3463445dbbda733a39f84326d/r_1",
            "rotation": 0.12566370614359174,
            "transform_matrix": [
                [
                    0.30352842807769775,
                    -0.6161638498306274,
                    0.7267823815345764,
                    2.929753541946411
                ],
                [
                    0.9528224468231201,
                    0.19628342986106873,
                    -0.23152177035808563,
                    -0.9332941174507141
                ],
                [
                    0.0,
                    0.7627679705619812,
                    0.646672248840332,
                    2.6068191528320312
                ],
                [
                    0.0,
                    0.0,
                    0.0,
                    1.0
                ]
            ]
        },
        {
            "file_path": "/data/shapenet_blender/all_50_random/02958343/4c1504f3463445dbbda733a39f84326d/r_2",
            "rotation": 0.12566370614359174,
            "transform_matrix": [
                [
                    0.972088098526001,
                    -0.17461371421813965,
                    0.15669961273670197,
                    0.6316763162612915
                ],
                [
                    0.23461613059043884,
                    0.7234793305397034,
                    -0.6492555737495422,
                    -2.6172330379486084
                ],
                [
                    0.0,
                    0.6678979396820068,
                    0.7442528605461121,
                    3.0001792907714844
                ],
                [
                    0.0,
                    0.0,
                    0.0,
                    1.0
                ]
            ]
        },
        {
            "file_path": "/data/shapenet_blender/all_50_random/02958343/4c1504f3463445dbbda733a39f84326d/r_3",
            "rotation": 0.12566370614359174,
            "transform_matrix": [
                [
                    0.9675595760345459,
                    0.23189905285835266,
                    0.10025651752948761,
                    0.4041469693183899
                ],
                [
                    0.2526431083679199,
                    -0.8881150484085083,
                    -0.38395723700523376,
                    -1.547781229019165
                ],
                [
                    0.0,
                    0.3968305289745331,
                    -0.9178917407989502,
                    -3.7001402378082275
                ],
                [
                    0.0,
                    0.0,
                    0.0,
                    1.0
                ]
            ]
        },
        {
            "file_path": "/data/shapenet_blender/all_50_random/02958343/4c1504f3463445dbbda733a39f84326d/r_4",
            "rotation": 0.12566370614359174,
            "transform_matrix": [
                [
                    -0.4550754129886627,
                    0.4851300120353699,
                    0.7466961741447449,
                    3.010028839111328
                ],
                [
                    0.8904529809951782,
                    0.24793080985546112,
                    0.38160696625709534,
                    1.5383069515228271
                ],
                [
                    0.0,
                    0.838557779788971,
                    -0.5448125600814819,
                    -2.1962099075317383
                ],
                [
                    0.0,
                    0.0,
                    0.0,
                    1.0
                ]
            ]
        },
        {
            "file_path": "/data/shapenet_blender/all_50_random/02958343/4c1504f3463445dbbda733a39f84326d/r_5",
            "rotation": 0.12566370614359174,
            "transform_matrix": [
                [
                    0.19023531675338745,
                    0.045173678547143936,
                    -0.9806985855102539,
                    -3.953322649002075
                ],
                [
                    -0.9817386269569397,
                    0.008753479458391666,
                    -0.19003377854824066,
                    -0.7660506963729858
                ],
                [
                    0.0,
                    0.998940646648407,
                    0.0460139624774456,
                    0.18548822402954102
                ],
                [
                    0.0,
                    0.0,
                    0.0,
                    1.0
                ]
            ]
        },
        {
            "file_path": "/data/shapenet_blender/all_50_random/02958343/4c1504f3463445dbbda733a39f84326d/r_6",
            "rotation": 0.12566370614359174,
            "transform_matrix": [
                [
                    0.6860101819038391,
                    0.04650326073169708,
                    0.7261043787002563,
                    2.9270200729370117
                ],
                [
                    0.7275919914245605,
                    -0.04384560137987137,
                    -0.6846075654029846,
                    -2.7597410678863525
                ],
                [
                    0.0,
                    0.9979555010795593,
                    -0.06391391903162003,
                    -0.25764521956443787
                ],
                [
                    0.0,
                    0.0,
                    0.0,
                    1.0
                ]
            ]
        },
        {
            "file_path": "/data/shapenet_blender/all_50_random/02958343/4c1504f3463445dbbda733a39f84326d/r_7",
            "rotation": 0.12566370614359174,
            "transform_matrix": [
                [
                    0.30141448974609375,
                    0.2510456442832947,
                    0.919850766658783,
                    3.7080366611480713
                ],
                [
                    0.9534931182861328,
                    -0.07935956120491028,
                    -0.29077959060668945,
                    -1.1721699237823486
                ],
                [
                    7.4505792646561986e-09,
                    0.9647166132926941,
                    -0.2632904648780823,
                    -1.0613577365875244
                ],
                [
                    0.0,
                    0.0,
                    0.0,
                    1.0
                ]
            ]
        },
        {
            "file_path": "/data/shapenet_blender/all_50_random/02958343/4c1504f3463445dbbda733a39f84326d/r_8",
            "rotation": 0.12566370614359174,
            "transform_matrix": [
                [
                    -0.67119300365448,
                    -0.334236741065979,
                    -0.6616537570953369,
                    -2.6672117710113525
                ],
                [
                    -0.7412826418876648,
                    0.30263400077819824,
                    0.5990931391716003,
                    2.4150218963623047
                ],
                [
                    -1.4901161193847656e-08,
                    0.8925796747207642,
                    -0.4508896470069885,
                    -1.8175945281982422
                ],
                [
                    0.0,
                    0.0,
                    0.0,
                    1.0
                ]
            ]
        },
        {
            "file_path": "/data/shapenet_blender/all_50_random/02958343/4c1504f3463445dbbda733a39f84326d/r_9",
            "rotation": 0.12566370614359174,
            "transform_matrix": [
                [
                    -0.9999802708625793,
                    -0.003912011627107859,
                    0.0049241678789258,
                    0.019849956035614014
                ],
                [
                    0.006288980133831501,
                    -0.6220300197601318,
                    0.7829680442810059,
                    3.156245231628418
                ],
                [
                    0.0,
                    0.7829834222793579,
                    0.6220424175262451,
                    2.507533073425293
                ],
                [
                    0.0,
                    0.0,
                    0.0,
                    1.0
                ]
            ]
        },
        {
            "file_path": "/data/shapenet_blender/all_50_random/02958343/4c1504f3463445dbbda733a39f84326d/r_10",
            "rotation": 0.12566370614359174,
            "transform_matrix": [
                [
                    -0.9584404826164246,
                    0.1216181069612503,
                    -0.2580717206001282,
                    -1.0403203964233398
                ],
                [
                    -0.2852928042411804,
                    -0.40857571363449097,
                    0.8669912815093994,
                    3.4949536323547363
                ],
                [
                    0.0,
                    0.9045854806900024,
                    0.4262922704219818,
                    1.7184391021728516
                ],
                [
                    0.0,
                    0.0,
                    0.0,
                    1.0
                ]
            ]
        },
        {
            "file_path": "/data/shapenet_blender/all_50_random/02958343/4c1504f3463445dbbda733a39f84326d/r_11",
            "rotation": 0.12566370614359174,
            "transform_matrix": [
                [
                    0.31596216559410095,
                    0.03185896947979927,
                    -0.9482367634773254,
                    -3.82246470451355
                ],
                [
                    -0.9487718939781189,
                    0.010609746910631657,
                    -0.3157839775085449,
                    -1.272965908050537
                ],
                [
                    0.0,
                    0.9994360208511353,
                    0.03357917070388794,
                    0.13536196947097778
                ],
                [
                    0.0,
                    0.0,
                    0.0,
                    1.0
                ]
            ]
        },
        {
            "file_path": "/data/shapenet_blender/all_50_random/02958343/4c1504f3463445dbbda733a39f84326d/r_12",
            "rotation": 0.12566370614359174,
            "transform_matrix": [
                [
                    -0.21096083521842957,
                    0.47204169631004333,
                    -0.8559626936912537,
                    -3.450495958328247
                ],
                [
                    -0.977494478225708,
                    -0.10187506675720215,
                    0.1847321093082428,
                    0.7446789741516113
                ],
                [
                    0.0,
                    0.8756701350212097,
                    0.4829098582267761,
                    1.946671962738037
                ],
                [
                    0.0,
                    0.0,
                    0.0,
                    1.0
                ]
            ]
        },
        {
            "file_path": "/data/shapenet_blender/all_50_random/02958343/4c1504f3463445dbbda733a39f84326d/r_13",
            "rotation": 0.12566370614359174,
            "transform_matrix": [
                [
                    -0.4231708347797394,
                    0.7888334393501282,
                    -0.4457220435142517,
                    -1.7967631816864014
                ],
                [
                    -0.906049907207489,
                    -0.3684248626232147,
                    0.20817458629608154,
                    0.8391786813735962
                ],
                [
                    0.0,
                    0.4919397830963135,
                    0.870629072189331,
                    3.5096182823181152
                ],
                [
                    0.0,
                    0.0,
                    0.0,
                    1.0
                ]
            ]
        },
        {
            "file_path": "/data/shapenet_blender/all_50_random/02958343/4c1504f3463445dbbda733a39f84326d/r_14",
            "rotation": 0.12566370614359174,
            "transform_matrix": [
                [
                    -0.49140024185180664,
                    0.6513203978538513,
                    -0.5781933069229126,
                    -2.3307719230651855
                ],
                [
                    -0.8709338903427124,
                    -0.36748942732810974,
                    0.3262295126914978,
                    1.3150733709335327
                ],
                [
                    0.0,
                    0.6638774275779724,
                    0.7478413581848145,
                    3.0146450996398926
                ],
                [
                    0.0,
                    0.0,
                    0.0,
                    1.0
                ]
            ]
        },
        {
            "file_path": "/data/shapenet_blender/all_50_random/02958343/4c1504f3463445dbbda733a39f84326d/r_15",
            "rotation": 0.12566370614359174,
            "transform_matrix": [
                [
                    -0.984575629234314,
                    0.0016759471036493778,
                    -0.17495137453079224,
                    -0.7052516341209412
                ],
                [
                    -0.17495940625667572,
                    -0.009431310929358006,
                    0.9845304489135742,
                    3.9687693119049072
                ],
                [
                    1.1641530794914701e-10,
                    0.9999541640281677,
                    0.009579061530530453,
                    0.038614436984062195
                ],
                [
                    0.0,
                    0.0,
                    0.0,
                    1.0
                ]
            ]
        },
        {
            "file_path": "/data/shapenet_blender/all_50_random/02958343/4c1504f3463445dbbda733a39f84326d/r_16",
            "rotation": 0.12566370614359174,
            "transform_matrix": [
                [
                    0.8515053987503052,
                    0.24312350153923035,
                    0.4645746648311615,
                    1.8727601766586304
                ],
                [
                    0.5243459343910217,
                    -0.3948175609111786,
                    -0.7544405460357666,
                    -3.0412466526031494
                ],
                [
                    1.4901161193847656e-08,
                    0.8860079050064087,
                    -0.46367016434669495,
                    -1.8691140413284302
                ],
                [
                    0.0,
                    0.0,
                    0.0,
                    1.0
                ]
            ]
        },
        {
            "file_path": "/data/shapenet_blender/all_50_random/02958343/4c1504f3463445dbbda733a39f84326d/r_17",
            "rotation": 0.12566370614359174,
            "transform_matrix": [
                [
                    0.170880526304245,
                    -0.04599201679229736,
                    0.9842177629470825,
                    3.967508554458618
                ],
                [
                    0.9852918386459351,
                    0.007976459339261055,
                    -0.1706942468881607,
                    -0.6880905032157898
                ],
                [
                    0.0,
                    0.9989098906517029,
                    0.046678576618433,
                    0.18816734850406647
                ],
                [
                    0.0,
                    0.0,
                    0.0,
                    1.0
                ]
            ]
        },
        {
            "file_path": "/data/shapenet_blender/all_50_random/02958343/4c1504f3463445dbbda733a39f84326d/r_18",
            "rotation": 0.12566370614359174,
            "transform_matrix": [
                [
                    0.48437175154685974,
                    -0.18385714292526245,
                    -0.8553246855735779,
                    -3.4479246139526367
                ],
                [
                    -0.8748623132705688,
                    -0.10179340094327927,
                    -0.47355467081069946,
                    -1.908960223197937
                ],
                [
                    0.0,
                    0.9776679277420044,
                    -0.21015548706054688,
                    -0.8471639752388
                ],
                [
                    0.0,
                    0.0,
                    0.0,
                    1.0
                ]
            ]
        },
        {
            "file_path": "/data/shapenet_blender/all_50_random/02958343/4c1504f3463445dbbda733a39f84326d/r_19",
            "rotation": 0.12566370614359174,
            "transform_matrix": [
                [
                    -0.9232068657875061,
                    0.055397678166627884,
                    -0.38028961420059204,
                    -1.532996416091919
                ],
                [
                    -0.38430339097976685,
                    -0.1330810934305191,
                    0.9135646224021912,
                    3.68269681930542
                ],
                [
                    0.0,
                    0.9895555973052979,
                    0.14415091276168823,
                    0.5810909271240234
                ],
                [
                    0.0,
                    0.0,
                    0.0,
                    1.0
                ]
            ]
        },
        {
            "file_path": "/data/shapenet_blender/all_50_random/02958343/4c1504f3463445dbbda733a39f84326d/r_20",
            "rotation": 0.12566370614359174,
            "transform_matrix": [
                [
                    0.8777944445610046,
                    -0.2937203645706177,
                    0.3784245252609253,
                    1.5254781246185303
                ],
                [
                    0.4790373146533966,
                    0.5382171869277954,
                    -0.6934301853179932,
                    -2.79530668258667
                ],
                [
                    -1.4901160305669237e-08,
                    0.789968729019165,
                    0.6131470203399658,
                    2.471674919128418
                ],
                [
                    0.0,
                    0.0,
                    0.0,
                    1.0
                ]
            ]
        },
        {
            "file_path": "/data/shapenet_blender/all_50_random/02958343/4c1504f3463445dbbda733a39f84326d/r_21",
            "rotation": 0.12566370614359174,
            "transform_matrix": [
                [
                    -0.15782326459884644,
                    0.32083186507225037,
                    -0.9338943958282471,
                    -3.764648675918579
                ],
                [
                    -0.987467348575592,
                    -0.05127737671136856,
                    0.14926089346408844,
                    0.6016899347305298
                ],
                [
                    0.0,
                    0.9457470774650574,
                    0.32490378618240356,
                    1.3097290992736816
                ],
                [
                    0.0,
                    0.0,
                    0.0,
                    1.0
                ]
            ]
        },
        {
            "file_path": "/data/shapenet_blender/all_50_random/02958343/4c1504f3463445dbbda733a39f84326d/r_22",
            "rotation": 0.12566370614359174,
            "transform_matrix": [
                [
                    0.648597776889801,
                    -0.20575271546840668,
                    0.7327938079833984,
                    2.953986406326294
                ],
                [
                    0.7611314654350281,
                    0.17533206939697266,
                    -0.6244499087333679,
                    -2.517238140106201
                ],
                [
                    0.0,
                    0.962769091129303,
                    0.27032485604286194,
                    1.0897144079208374
                ],
                [
                    0.0,
                    0.0,
                    0.0,
                    1.0
                ]
            ]
        },
        {
            "file_path": "/data/shapenet_blender/all_50_random/02958343/4c1504f3463445dbbda733a39f84326d/r_23",
            "rotation": 0.12566370614359174,
            "transform_matrix": [
                [
                    0.935491681098938,
                    0.14317487180233002,
                    -0.3230424225330353,
                    -1.3022258281707764
                ],
                [
                    -0.353348970413208,
                    0.37905558943748474,
                    -0.8552550673484802,
                    -3.447643756866455
                ],
                [
                    0.0,
                    0.9142306447029114,
                    0.4051939845085144,
                    1.6333893537521362
                ],
                [
                    0.0,
                    0.0,
                    0.0,
                    1.0
                ]
            ]
        },
        {
            "file_path": "/data/shapenet_blender/all_50_random/02958343/4c1504f3463445dbbda733a39f84326d/r_24",
            "rotation": 0.12566370614359174,
            "transform_matrix": [
                [
                    0.9926792979240417,
                    -0.004072010517120361,
                    -0.12071198970079422,
                    -0.48660561442375183
                ],
                [
                    -0.12078067660331726,
                    -0.03346727788448334,
                    -0.992114782333374,
                    -3.999342918395996
                ],
                [
                    4.656613428188905e-10,
                    0.9994315505027771,
                    -0.03371408209204674,
                    -0.13590583205223083
                ],
                [
                    0.0,
                    0.0,
                    0.0,
                    1.0
                ]
            ]
        },
        {
            "file_path": "/data/shapenet_blender/all_50_random/02958343/4c1504f3463445dbbda733a39f84326d/r_25",
            "rotation": 0.12566370614359174,
            "transform_matrix": [
                [
                    -0.8046724200248718,
                    0.03477871045470238,
                    -0.5926994681358337,
                    -2.3892481327056885
                ],
                [
                    -0.5937190055847168,
                    -0.04713588207960129,
                    0.803290605545044,
                    3.238168239593506
                ],
                [
                    -1.862645149230957e-09,
                    0.9982827305793762,
                    0.058577731251716614,
                    0.23613440990447998
                ],
                [
                    0.0,
                    0.0,
                    0.0,
                    1.0
                ]
            ]
        },
        {
            "file_path": "/data/shapenet_blender/all_50_random/02958343/4c1504f3463445dbbda733a39f84326d/r_26",
            "rotation": 0.12566370614359174,
            "transform_matrix": [
                [
                    -0.705863893032074,
                    0.06326501071453094,
                    0.7055165767669678,
                    2.8440284729003906
                ],
                [
                    0.708347499370575,
                    0.06304319202899933,
                    0.7030428647994995,
                    2.8340566158294678
                ],
                [
                    -3.725290298461914e-09,
                    0.9960035085678101,
                    -0.08931352198123932,
                    -0.36003434658050537
                ],
                [
                    0.0,
                    0.0,
                    0.0,
                    1.0
                ]
            ]
        },
        {
            "file_path": "/data/shapenet_blender/all_50_random/02958343/4c1504f3463445dbbda733a39f84326d/r_27",
            "rotation": 0.12566370614359174,
            "transform_matrix": [
                [
                    0.627059817314148,
                    -0.6733320355415344,
                    0.3916885554790497,
                    1.578946828842163
                ],
                [
                    0.7789711952209473,
                    0.5420218706130981,
                    -0.315303236246109,
                    -1.2710278034210205
                ],
                [
                    0.0,
                    0.5028280019760132,
                    0.8643865585327148,
                    3.4844532012939453
                ],
                [
                    0.0,
                    0.0,
                    0.0,
                    1.0
                ]
            ]
        },
        {
            "file_path": "/data/shapenet_blender/all_50_random/02958343/4c1504f3463445dbbda733a39f84326d/r_28",
            "rotation": 0.12566370614359174,
            "transform_matrix": [
                [
                    0.8788906335830688,
                    0.015926802530884743,
                    -0.47675731778144836,
                    -1.9218703508377075
                ],
                [
                    -0.47702333331108093,
                    0.029344303533434868,
                    -0.8784005641937256,
                    -3.5409462451934814
                ],
                [
                    -9.313225746154785e-10,
                    0.999442458152771,
                    0.033387888222932816,
                    0.13459089398384094
                ],
                [
                    0.0,
                    0.0,
                    0.0,
                    1.0
                ]
            ]
        },
        {
            "file_path": "/data/shapenet_blender/all_50_random/02958343/4c1504f3463445dbbda733a39f84326d/r_29",
            "rotation": 0.12566370614359174,
            "transform_matrix": [
                [
                    0.4396403133869171,
                    0.18319852650165558,
                    0.8792920708656311,
                    3.5445399284362793
                ],
                [
                    0.8981738686561584,
                    -0.08967245370149612,
                    -0.43039798736572266,
                    -1.734989881515503
                ],
                [
                    0.0,
                    0.9789775609970093,
                    -0.20396776497364044,
                    -0.8222204446792603
                ],
                [
                    0.0,
                    0.0,
                    0.0,
                    1.0
                ]
            ]
        },
        {
            "file_path": "/data/shapenet_blender/all_50_random/02958343/4c1504f3463445dbbda733a39f84326d/r_30",
            "rotation": 0.12566370614359174,
            "transform_matrix": [
                [
                    -0.988190233707428,
                    -0.1077924370765686,
                    0.10890822857618332,
                    0.43902313709259033
                ],
                [
                    0.15323255956172943,
                    -0.695148766040802,
                    0.7023444771766663,
                    2.8312413692474365
                ],
                [
                    0.0,
                    0.7107382416725159,
                    0.703456461429596,
                    2.835723876953125
                ],
                [
                    0.0,
                    0.0,
                    0.0,
                    1.0
                ]
            ]
        },
        {
            "file_path": "/data/shapenet_blender/all_50_random/02958343/4c1504f3463445dbbda733a39f84326d/r_31",
            "rotation": 0.12566370614359174,
            "transform_matrix": [
                [
                    0.6960347890853882,
                    -0.6902653574943542,
                    0.1976594477891922,
                    0.7967907190322876
                ],
                [
                    0.7180079817771912,
                    0.6691412329673767,
                    -0.19161048531532288,
                    -0.7724065780639648
                ],
                [
                    0.0,
                    0.275288462638855,
                    0.9613616466522217,
                    3.8753726482391357
                ],
                [
                    0.0,
                    0.0,
                    0.0,
                    1.0
                ]
            ]
        },
        {
            "file_path": "/data/shapenet_blender/all_50_random/02958343/4c1504f3463445dbbda733a39f84326d/r_32",
            "rotation": 0.12566370614359174,
            "transform_matrix": [
                [
                    0.9965884685516357,
                    -0.02176661230623722,
                    -0.07961012423038483,
                    -0.3209187090396881
                ],
                [
                    -0.08253216743469238,
                    -0.2628351151943207,
                    -0.9613043069839478,
                    -3.8751418590545654
                ],
                [
                    0.0,
                    0.9645951390266418,
                    -0.2637348473072052,
                    -1.063149333000183
                ],
                [
                    0.0,
                    0.0,
                    0.0,
                    1.0
                ]
            ]
        },
        {
            "file_path": "/data/shapenet_blender/all_50_random/02958343/4c1504f3463445dbbda733a39f84326d/r_33",
            "rotation": 0.12566370614359174,
            "transform_matrix": [
                [
                    -0.9386875033378601,
                    -0.20652419328689575,
                    -0.2760680615901947,
                    -1.1128660440444946
                ],
                [
                    -0.3447692394256592,
                    0.5622939467430115,
                    0.751637876033783,
                    3.029949426651001
                ],
                [
                    0.0,
                    0.8007327914237976,
                    -0.5990214943885803,
                    -2.4147331714630127
                ],
                [
                    0.0,
                    0.0,
                    0.0,
                    1.0
                ]
            ]
        },
        {
            "file_path": "/data/shapenet_blender/all_50_random/02958343/4c1504f3463445dbbda733a39f84326d/r_34",
            "rotation": 0.12566370614359174,
            "transform_matrix": [
                [
                    -0.9226844906806946,
                    0.21955955028533936,
                    -0.31693342328071594,
                    -1.277599573135376
                ],
                [
                    -0.3855557143688202,
                    -0.5254342555999756,
                    0.7584625482559204,
                    3.0574605464935303
                ],
                [
                    0.0,
                    0.8220171928405762,
                    0.5694625377655029,
                    2.295577049255371
                ],
                [
                    0.0,
                    0.0,
                    0.0,
                    1.0
                ]
            ]
        },
        {
            "file_path": "/data/shapenet_blender/all_50_random/02958343/4c1504f3463445dbbda733a39f84326d/r_35",
            "rotation": 0.12566370614359174,
            "transform_matrix": [
                [
                    0.995692789554596,
                    0.08875953406095505,
                    0.026786455884575844,
                    0.1079796552658081
                ],
                [
                    0.0927133709192276,
                    -0.9532306790351868,
                    -0.2876724302768707,
                    -1.159644603729248
                ],
                [
                    0.0,
                    0.2889169156551361,
                    -0.9573541879653931,
                    -3.859218120574951
                ],
                [
                    0.0,
                    0.0,
                    0.0,
                    1.0
                ]
            ]
        },
        {
            "file_path": "/data/shapenet_blender/all_50_random/02958343/4c1504f3463445dbbda733a39f84326d/r_36",
            "rotation": 0.12566370614359174,
            "transform_matrix": [
                [
                    -0.7981176972389221,
                    -0.574461042881012,
                    -0.181666299700737,
                    -0.7323203086853027
                ],
                [
                    -0.602501630783081,
                    0.7609730958938599,
                    0.24064847826957703,
                    0.970085084438324
                ],
                [
                    -1.4901161193847656e-08,
                    0.30152007937431335,
                    -0.9534597396850586,
                    -3.843519449234009
                ],
                [
                    0.0,
                    0.0,
                    0.0,
                    1.0
                ]
            ]
        },
        {
            "file_path": "/data/shapenet_blender/all_50_random/02958343/4c1504f3463445dbbda733a39f84326d/r_37",
            "rotation": 0.12566370614359174,
            "transform_matrix": [
                [
                    0.03997083753347397,
                    -0.2748143672943115,
                    -0.9606660604476929,
                    -3.8725688457489014
                ],
                [
                    -0.9992008209228516,
                    -0.010993347503244877,
                    -0.038429342210292816,
                    -0.15491363406181335
                ],
                [
                    0.0,
                    0.9614343643188477,
                    -0.27503418922424316,
                    -1.1086982488632202
                ],
                [
                    0.0,
                    0.0,
                    0.0,
                    1.0
                ]
            ]
        },
        {
            "file_path": "/data/shapenet_blender/all_50_random/02958343/4c1504f3463445dbbda733a39f84326d/r_38",
            "rotation": 0.12566370614359174,
            "transform_matrix": [
                [
                    -0.8313195705413818,
                    0.13754433393478394,
                    -0.5385065674781799,
                    -2.1707897186279297
                ],
                [
                    -0.5557947158813477,
                    -0.20572935044765472,
                    0.8054611086845398,
                    3.246917724609375
                ],
                [
                    0.0,
                    0.9688947796821594,
                    0.24747321009635925,
                    0.9975965023040771
                ],
                [
                    0.0,
                    0.0,
                    0.0,
                    1.0
                ]
            ]
        },
        {
            "file_path": "/data/shapenet_blender/all_50_random/02958343/4c1504f3463445dbbda733a39f84326d/r_39",
            "rotation": 0.12566370614359174,
            "transform_matrix": [
                [
                    -0.5306065678596497,
                    0.403225302696228,
                    0.7455641627311707,
                    3.005465507507324
                ],
                [
                    0.8476182818412781,
                    0.2524178624153137,
                    0.4667210280895233,
                    1.8814127445220947
                ],
                [
                    0.0,
                    0.8795989751815796,
                    -0.475715696811676,
                    -1.9176714420318604
                ],
                [
                    0.0,
                    0.0,
                    0.0,
                    1.0
                ]
            ]
        },
        {
            "file_path": "/data/shapenet_blender/all_50_random/02958343/4c1504f3463445dbbda733a39f84326d/r_40",
            "rotation": 0.12566370614359174,
            "transform_matrix": [
                [
                    0.8510167002677917,
                    -0.3137921690940857,
                    0.42107605934143066,
                    1.6974120140075684
                ],
                [
                    0.5251386165618896,
                    0.5085178017616272,
                    -0.6823773384094238,
                    -2.750751256942749
                ],
                [
                    0.0,
                    0.8018377423286438,
                    0.5975415110588074,
                    2.4087672233581543
                ],
                [
                    0.0,
                    0.0,
                    0.0,
                    1.0
                ]
            ]
        },
        {
            "file_path": "/data/shapenet_blender/all_50_random/02958343/4c1504f3463445dbbda733a39f84326d/r_41",
            "rotation": 0.12566370614359174,
            "transform_matrix": [
                [
                    -0.01314541231840849,
                    0.5747337341308594,
                    -0.818234920501709,
                    -3.298410415649414
                ],
                [
                    -0.9999136328697205,
                    -0.007555763702839613,
                    0.01075696386396885,
                    0.043362706899642944
                ],
                [
                    0.0,
                    0.8183055520057678,
                    0.574783444404602,
                    2.317026138305664
                ],
                [
                    0.0,
