{
    "class": "02958343",
    "model": "65332c9a15126b924b3ff698267962d8",
    "remove_doubles": true,
    "edge_split": true,
    "denoise": true,
    "camera_angle_x": 0.6911112070083618,
    "scale_factor": 2.305650853892029,
    "hdri_file": "/data/IndoorHDRDataset2018/AG8A6267-a7acfc754d.exr",
    "center_offset": [
        0.0,
        0.0,
        2.7939677238464355e-09
    ],
    "lights": [],
    "frames": [
        {
            "file_path": "/data/shapenet_blender/all_50_random/02958343/65332c9a15126b924b3ff698267962d8/r_0",
            "rotation": 0.12566370614359174,
            "transform_matrix": [
                [
                    -0.082266665995121,
                    -0.5639017224311829,
                    -0.8217340707778931,
                    -3.312516212463379
                ],
                [
                    -0.9966103434562683,
                    0.04654809832572937,
                    0.06783124804496765,
                    0.2734365463256836
                ],
                [
                    -3.725290076417309e-09,
                    0.8245289325714111,
                    -0.5658196210861206,
                    -2.2808921337127686
                ],
                [
                    0.0,
                    0.0,
                    0.0,
                    1.0
                ]
            ]
        },
        {
            "file_path": "/data/shapenet_blender/all_50_random/02958343/65332c9a15126b924b3ff698267962d8/r_1",
            "rotation": 0.12566370614359174,
            "transform_matrix": [
                [
                    0.877954363822937,
                    -0.11454641819000244,
                    -0.4648389518260956,
                    -1.8738257884979248
                ],
                [
                    -0.4787443280220032,
                    -0.2100631147623062,
                    -0.8524537086486816,
                    -3.4363508224487305
                ],
                [
                    0.0,
                    0.970954418182373,
                    -0.23926429450511932,
                    -0.9645051956176758
                ],
                [
                    0.0,
                    0.0,
                    0.0,
                    1.0
                ]
            ]
        },
        {
            "file_path": "/data/shapenet_blender/all_50_random/02958343/65332c9a15126b924b3ff698267962d8/r_2",
            "rotation": 0.12566370614359174,
            "transform_matrix": [
                [
                    0.4268585443496704,
                    0.05433638021349907,
                    0.9026845693588257,
                    3.6388375759124756
                ],
                [
                    0.9043184518814087,
                    -0.02564798668026924,
                    -0.42608731985092163,
                    -1.717612862586975
                ],
                [
                    0.0,
                    0.9981931447982788,
                    -0.06008546054363251,
                    -0.2422122210264206
                ],
                [
                    0.0,
                    0.0,
                    0.0,
                    1.0
                ]
            ]
        },
        {
            "file_path": "/data/shapenet_blender/all_50_random/02958343/65332c9a15126b924b3ff698267962d8/r_3",
            "rotation": 0.12566370614359174,
            "transform_matrix": [
                [
                    -0.023068496957421303,
                    -0.08449708670377731,
                    0.996156632900238,
                    4.015635967254639
                ],
                [
                    0.9997338056564331,
                    -0.0019497396424412727,
                    0.022985953837633133,
                    0.0926593542098999
                ],
                [
                    -1.164153010102531e-10,
                    0.9964218735694885,
                    0.08451957255601883,
                    0.3407093286514282
                ],
                [
                    0.0,
                    0.0,
                    0.0,
                    1.0
                ]
            ]
        },
        {
            "file_path": "/data/shapenet_blender/all_50_random/02958343/65332c9a15126b924b3ff698267962d8/r_4",
            "rotation": 0.12566370614359174,
            "transform_matrix": [
                [
                    0.9939393997192383,
                    0.010764418169856071,
                    0.1094018965959549,
                    0.4410131573677063
                ],
                [
                    0.10993020236492157,
                    -0.09732701629400253,
                    -0.9891626834869385,
                    -3.9874422550201416
                ],
                [
                    -9.31322685637781e-10,
                    0.995194137096405,
                    -0.0979204922914505,
                    -0.3947301208972931
                ],
                [
                    0.0,
                    0.0,
                    0.0,
                    1.0
                ]
            ]
        },
        {
            "file_path": "/data/shapenet_blender/all_50_random/02958343/65332c9a15126b924b3ff698267962d8/r_5",
            "rotation": 0.12566370614359174,
            "transform_matrix": [
                [
                    0.8554397225379944,
                    0.426302433013916,
                    -0.2940903902053833,
                    -1.1855162382125854
                ],
                [
                    -0.5179024934768677,
                    0.7041403651237488,
                    -0.48576056957244873,
                    -1.9581634998321533
                ],
                [
                    0.0,
                    0.5678490400314331,
                    0.8231326937675476,
                    3.3181540966033936
                ],
                [
                    0.0,
                    0.0,
                    0.0,
                    1.0
                ]
            ]
        },
        {
            "file_path": "/data/shapenet_blender/all_50_random/02958343/65332c9a15126b924b3ff698267962d8/r_6",
            "rotation": 0.12566370614359174,
            "transform_matrix": [
                [
                    0.9331357479095459,
                    0.029187854379415512,
                    -0.35833740234375,
                    -1.4445043802261353
                ],
                [
                    -0.3595242202281952,
                    0.07575631141662598,
                    -0.9300554394721985,
                    -3.749173641204834
                ],
                [
                    -1.862645149230957e-09,
                    0.9966990351676941,
                    0.08118466287851334,
                    0.3272658884525299
                ],
                [
                    0.0,
                    0.0,
                    0.0,
                    1.0
                ]
            ]
        },
        {
            "file_path": "/data/shapenet_blender/all_50_random/02958343/65332c9a15126b924b3ff698267962d8/r_7",
            "rotation": 0.12566370614359174,
            "transform_matrix": [
                [
                    0.6557427048683167,
                    -0.08835074305534363,
                    -0.7497971653938293,
                    -3.022528648376465
                ],
                [
                    -0.7549845576286316,
                    -0.07673713564872742,
                    -0.6512371897697449,
                    -2.625220775604248
                ],
                [
                    3.725290298461914e-09,
                    0.9931291937828064,
                    -0.11702325195074081,
                    -0.47173577547073364
                ],
                [
                    0.0,
                    0.0,
                    0.0,
                    1.0
                ]
            ]
        },
        {
            "file_path": "/data/shapenet_blender/all_50_random/02958343/65332c9a15126b924b3ff698267962d8/r_8",
            "rotation": 0.12566370614359174,
            "transform_matrix": [
                [
                    0.5342549085617065,
                    -0.4000239074230194,
                    0.744682788848877,
                    3.0019123554229736
                ],
                [
                    0.8453234434127808,
                    0.25282010436058044,
                    -0.47064879536628723,
                    -1.89724600315094
                ],
                [
                    -2.9802322387695312e-08,
                    0.8809442520141602,
                    0.47321999073028564,
                    1.9076107740402222
                ],
                [
                    0.0,
                    0.0,
                    0.0,
                    1.0
                ]
            ]
        },
        {
            "file_path": "/data/shapenet_blender/all_50_random/02958343/65332c9a15126b924b3ff698267962d8/r_9",
            "rotation": 0.12566370614359174,
            "transform_matrix": [
                [
                    -0.7524613738059998,
                    0.44687867164611816,
                    0.48384004831314087,
                    1.950421690940857
                ],
                [
                    0.6586362719535828,
                    0.5105381011962891,
                    0.5527647733688354,
                    2.2282662391662598
                ],
                [
                    0.0,
                    0.7346088290214539,
                    -0.6784907579421997,
                    -2.735084056854248
                ],
                [
                    0.0,
                    0.0,
                    0.0,
                    1.0
                ]
            ]
        },
        {
            "file_path": "/data/shapenet_blender/all_50_random/02958343/65332c9a15126b924b3ff698267962d8/r_10",
            "rotation": 0.12566370614359174,
            "transform_matrix": [
                [
                    0.4482405483722687,
                    0.5912674069404602,
                    0.6704351902008057,
                    2.702610731124878
                ],
                [
                    0.8939130306243896,
                    -0.29648301005363464,
                    -0.3361806273460388,
                    -1.3551874160766602
                ],
                [
                    -1.4901161193847656e-08,
                    0.7500004768371582,
                    -0.6614372730255127,
                    -2.6663389205932617
                ],
                [
                    0.0,
                    0.0,
                    0.0,
                    1.0
                ]
            ]
        },
        {
            "file_path": "/data/shapenet_blender/all_50_random/02958343/65332c9a15126b924b3ff698267962d8/r_11",
            "rotation": 0.12566370614359174,
            "transform_matrix": [
                [
                    -0.44261908531188965,
                    -0.3200618326663971,
                    -0.8376447558403015,
                    -3.3766541481018066
                ],
                [
                    -0.8967097997665405,
                    0.15798363089561462,
                    0.41346439719200134,
                    1.6667283773422241
                ],
                [
                    -1.4901161193847656e-08,
                    0.9341315031051636,
                    -0.35692906379699707,
                    -1.4388271570205688
                ],
                [
                    0.0,
                    0.0,
                    0.0,
                    1.0
                ]
            ]
        },
        {
            "file_path": "/data/shapenet_blender/all_50_random/02958343/65332c9a15126b924b3ff698267962d8/r_12",
            "rotation": 0.12566370614359174,
            "transform_matrix": [
                [
                    -0.31239211559295654,
                    0.02123156376183033,
                    0.9497159123420715,
                    3.828427314758301
                ],
                [
                    0.9499532580375671,
                    0.006981999613344669,
                    0.31231409311294556,
                    1.2589783668518066
                ],
                [
                    4.6566125955216364e-10,
                    0.9997503161430359,
                    -0.022350110113620758,
                    -0.09009617567062378
                ],
                [
                    0.0,
                    0.0,
                    0.0,
                    1.0
                ]
            ]
        },
        {
            "file_path": "/data/shapenet_blender/all_50_random/02958343/65332c9a15126b924b3ff698267962d8/r_13",
            "rotation": 0.12566370614359174,
            "transform_matrix": [
                [
                    0.04333784058690071,
                    0.07875969260931015,
                    0.9959511160850525,
                    4.01480770111084
                ],
                [
                    0.9990605115890503,
                    -0.003416484920307994,
                    -0.0432029590010643,
                    -0.17415671050548553
                ],
                [
                    0.0,
                    0.996887743473053,
                    -0.07883375883102417,
                    -0.31778907775878906
                ],
                [
                    0.0,
                    0.0,
                    0.0,
                    1.0
                ]
            ]
        },
        {
            "file_path": "/data/shapenet_blender/all_50_random/02958343/65332c9a15126b924b3ff698267962d8/r_14",
            "rotation": 0.12566370614359174,
            "transform_matrix": [
                [
                    -0.7387567758560181,
                    0.6628327965736389,
                    -0.12202925235033035,
                    -0.49191558361053467
                ],
                [
                    -0.6739721298217773,
                    -0.7265466451644897,
                    0.13375914096832275,
                    0.5392003059387207
                ],
                [
                    0.0,
                    0.18105961382389069,
                    0.9834721684455872,
                    3.9645025730133057
                ],
                [
                    0.0,
                    0.0,
                    0.0,
                    1.0
                ]
            ]
        },
        {
            "file_path": "/data/shapenet_blender/all_50_random/02958343/65332c9a15126b924b3ff698267962d8/r_15",
            "rotation": 0.12566370614359174,
            "transform_matrix": [
                [
                    -0.3106990158557892,
                    -0.20724083483219147,
                    0.9276407361030579,
                    3.7394394874572754
                ],
                [
                    0.9505083560943604,
                    -0.06774219125509262,
                    0.303224116563797,
                    1.2223354578018188
                ],
                [
                    0.0,
                    0.9759416580200195,
                    0.21803158521652222,
                    0.8789134621620178
                ],
                [
                    0.0,
                    0.0,
                    0.0,
                    1.0
                ]
            ]
        },
        {
            "file_path": "/data/shapenet_blender/all_50_random/02958343/65332c9a15126b924b3ff698267962d8/r_16",
            "rotation": 0.12566370614359174,
            "transform_matrix": [
                [
                    0.9869186282157898,
                    0.07843796908855438,
                    -0.14085127413272858,
                    -0.5677896738052368
                ],
                [
                    -0.16121909022331238,
                    0.4801658093929291,
                    -0.8622350096702576,
                    -3.475780487060547
                ],
                [
                    7.450580596923828e-09,
                    0.8736636638641357,
                    0.4865303337574005,
                    1.9612665176391602
                ],
                [
                    0.0,
                    0.0,
                    0.0,
                    1.0
                ]
            ]
        },
        {
            "file_path": "/data/shapenet_blender/all_50_random/02958343/65332c9a15126b924b3ff698267962d8/r_17",
            "rotation": 0.12566370614359174,
            "transform_matrix": [
                [
                    -0.6343438029289246,
                    0.4513850510120392,
                    0.6275820732116699,
                    2.529864549636841
                ],
                [
                    0.7730509638786316,
                    0.37039387226104736,
                    0.5149762034416199,
                    2.0759356021881104
                ],
                [
                    0.0,
                    0.8118249773979187,
                    -0.5839006900787354,
                    -2.3537793159484863
                ],
                [
                    0.0,
                    0.0,
                    0.0,
                    1.0
                ]
            ]
        },
        {
            "file_path": "/data/shapenet_blender/all_50_random/02958343/65332c9a15126b924b3ff698267962d8/r_18",
            "rotation": 0.12566370614359174,
            "transform_matrix": [
                [
                    -0.5552456974983215,
                    -0.02760840207338333,
                    0.8312280178070068,
                    3.3507871627807617
                ],
                [
                    0.8316864371299744,
                    -0.018431762233376503,
                    0.5549396276473999,
                    2.2370331287384033
                ],
                [
                    9.313225746154785e-10,
                    0.9994488954544067,
                    0.03319568559527397,
                    0.13381609320640564
                ],
                [
                    0.0,
                    0.0,
                    0.0,
                    1.0
                ]
            ]
        },
        {
            "file_path": "/data/shapenet_blender/all_50_random/02958343/65332c9a15126b924b3ff698267962d8/r_19",
            "rotation": 0.12566370614359174,
            "transform_matrix": [
                [
                    -0.45419731736183167,
                    -0.18855300545692444,
                    0.8707194924354553,
                    3.5099828243255615
                ],
                [
                    0.8909010291099548,
                    -0.0961276963353157,
                    0.4439083933830261,
                    1.789452075958252
                ],
                [
                    -7.450580152834618e-09,
                    0.9773470163345337,
                    0.2116430103778839,
                    0.8531603217124939
                ],
                [
                    0.0,
                    0.0,
                    0.0,
                    1.0
                ]
            ]
        },
        {
            "file_path": "/data/shapenet_blender/all_50_random/02958343/65332c9a15126b924b3ff698267962d8/r_20",
            "rotation": 0.12566370614359174,
            "transform_matrix": [
                [
                    -0.9958928823471069,
                    0.06835470348596573,
                    -0.05937273055315018,
                    -0.23933912813663483
                ],
                [
                    -0.09053997695446014,
                    -0.751866340637207,
                    0.6530693173408508,
                    2.6326065063476562
                ],
                [
                    0.0,
                    0.6557625532150269,
                    0.7549671530723572,
                    3.043370008468628
                ],
                [
                    0.0,
                    0.0,
                    0.0,
                    1.0
                ]
            ]
        },
        {
            "file_path": "/data/shapenet_blender/all_50_random/02958343/65332c9a15126b924b3ff698267962d8/r_21",
            "rotation": 0.12566370614359174,
            "transform_matrix": [
                [
                    0.976527750492096,
                    0.06605658680200577,
                    0.20501258969306946,
                    0.8264322280883789
                ],
                [
                    0.2153918594121933,
                    -0.2994824945926666,
                    -0.9294710159301758,
                    -3.7468178272247314
                ],
                [
                    0.0,
                    0.9518122673034668,
                    -0.3066810071468353,
                    -1.236270785331726
                ],
                [
                    0.0,
                    0.0,
                    0.0,
                    1.0
                ]
            ]
        },
        {
            "file_path": "/data/shapenet_blender/all_50_random/02958343/65332c9a15126b924b3ff698267962d8/r_22",
            "rotation": 0.12566370614359174,
            "transform_matrix": [
                [
                    -0.7151200771331787,
                    -0.09106293320655823,
                    -0.6930446028709412,
                    -2.7937521934509277
                ],
                [
                    -0.6990015506744385,
                    0.09316278249025345,
                    0.7090256810188293,
                    2.8581738471984863
                ],
                [
                    7.450580596923828e-09,
                    0.9914776682853699,
                    -0.13027575612068176,
                    -0.5251583456993103
                ],
                [
                    0.0,
                    0.0,
                    0.0,
                    1.0
                ]
            ]
        },
        {
            "file_path": "/data/shapenet_blender/all_50_random/02958343/65332c9a15126b924b3ff698267962d8/r_23",
            "rotation": 0.12566370614359174,
            "transform_matrix": [
                [
                    -0.026328271254897118,
                    0.2341182976961136,
                    -0.971851646900177,
                    -3.917658805847168
                ],
                [
                    -0.9996533989906311,
                    -0.006166067440062761,
                    0.025596044957637787,
                    0.10318094491958618
                ],
                [
                    -4.656612873077393e-10,
                    0.9721885323524475,
                    0.23419952392578125,
                    0.944088339805603
                ],
                [
                    0.0,
                    0.0,
                    0.0,
                    1.0
                ]
            ]
        },
        {
            "file_path": "/data/shapenet_blender/all_50_random/02958343/65332c9a15126b924b3ff698267962d8/r_24",
            "rotation": 0.12566370614359174,
            "transform_matrix": [
                [
                    0.061849966645240784,
                    0.01048444863408804,
                    -0.9980303645133972,
                    -4.023189067840576
                ],
                [
                    -0.9980854988098145,
                    0.0006497066933661699,
                    -0.061846550554037094,
                    -0.2493114173412323
                ],
                [
                    0.0,
                    0.999944806098938,
                    0.01050456054508686,
                    0.042345236986875534
                ],
                [
                    0.0,
                    0.0,
                    0.0,
                    1.0
                ]
            ]
        },
        {
            "file_path": "/data/shapenet_blender/all_50_random/02958343/65332c9a15126b924b3ff698267962d8/r_25",
            "rotation": 0.12566370614359174,
            "transform_matrix": [
                [
                    0.26829174160957336,
                    -0.026529761031270027,
                    -0.9629724025726318,
                    -3.8818655014038086
                ],
                [
                    -0.9633377194404602,
                    -0.0073885987512767315,
                    -0.2681899964809418,
                    -1.0811083316802979
                ],
                [
                    0.0,
                    0.9996207356452942,
                    -0.027539420872926712,
                    -0.1110149398446083
                ],
                [
                    0.0,
                    0.0,
                    0.0,
                    1.0
                ]
            ]
        },
        {
            "file_path": "/data/shapenet_blender/all_50_random/02958343/65332c9a15126b924b3ff698267962d8/r_26",
            "rotation": 0.12566370614359174,
            "transform_matrix": [
                [
                    -0.9034938216209412,
                    -0.0695657879114151,
                    0.4229179322719574,
                    1.7048368453979492
                ],
                [
                    0.4286012351512909,
                    -0.14664506912231445,
                    0.8915134072303772,
                    3.5938057899475098
                ],
                [
                    -3.725290298461914e-09,
                    0.9867400527000427,
                    0.16230887174606323,
                    0.6542880535125732
                ],
                [
                    0.0,
                    0.0,
                    0.0,
                    1.0
                ]
            ]
        },
        {
            "file_path": "/data/shapenet_blender/all_50_random/02958343/65332c9a15126b924b3ff698267962d8/r_27",
            "rotation": 0.12566370614359174,
            "transform_matrix": [
                [
                    -0.044446151703596115,
                    0.2562282085418701,
                    0.9655939936637878,
                    3.8924334049224854
                ],
                [
                    0.9990118741989136,
                    0.01139962300658226,
                    0.042959388345479965,
                    0.17317481338977814
                ],
                [
                    0.0,
                    0.9665490388870239,
                    -0.25648170709609985,
                    -1.0339107513427734
                ],
                [
                    0.0,
                    0.0,
                    0.0,
                    1.0
                ]
            ]
        },
        {
            "file_path": "/data/shapenet_blender/all_50_random/02958343/65332c9a15126b924b3ff698267962d8/r_28",
            "rotation": 0.12566370614359174,
            "transform_matrix": [
                [
                    0.9995979070663452,
                    0.021270854398608208,
                    -0.018748432397842407,
                    -0.07557734847068787
                ],
                [
                    -0.028354065492749214,
                    0.7498854994773865,
                    -0.6609597206115723,
                    -2.6644139289855957
                ],
                [
                    -9.313225191043273e-10,
                    0.6612255573272705,
                    0.75018709897995,
                    3.0241010189056396
                ],
                [
                    0.0,
                    0.0,
                    0.0,
                    1.0
                ]
            ]
        },
        {
            "file_path": "/data/shapenet_blender/all_50_random/02958343/65332c9a15126b924b3ff698267962d8/r_29",
            "rotation": 0.12566370614359174,
            "transform_matrix": [
                [
                    -0.9738550186157227,
                    -0.09429294615983963,
                    -0.20667697489261627,
                    -0.833141565322876
                ],
                [
                    -0.22717075049877167,
                    0.40422311425209045,
                    0.8860005736351013,
                    3.571582794189453
                ],
                [
                    0.0,
                    0.909787118434906,
                    -0.4150751829147339,
                    -1.6732217073440552
                ],
                [
                    0.0,
                    0.0,
                    0.0,
                    1.0
                ]
            ]
        },
        {
            "file_path": "/data/shapenet_blender/all_50_random/02958343/65332c9a15126b924b3ff698267962d8/r_30",
            "rotation": 0.12566370614359174,
            "transform_matrix": [
                [
                    -0.8103223443031311,
                    0.2818889319896698,
                    0.5137278437614441,
                    2.0709030628204346
                ],
                [
                    0.5859842896461487,
                    0.38980719447135925,
                    0.7104032039642334,
                    2.863726854324341
                ],
                [
                    -1.4901160305669237e-08,
                    0.8766920566558838,
                    -0.481052041053772,
                    -1.9391827583312988
                ],
                [
                    0.0,
                    0.0,
                    0.0,
                    1.0
                ]
            ]
        },
        {
            "file_path": "/data/shapenet_blender/all_50_random/02958343/65332c9a15126b924b3ff698267962d8/r_31",
            "rotation": 0.12566370614359174,
            "transform_matrix": [
                [
                    -0.0748617947101593,
                    0.8938212394714355,
                    0.44213008880615234,
                    1.7822835445404053
                ],
                [
                    0.9971939325332642,
                    0.06710135191679001,
                    0.03319179266691208,
                    0.1338004171848297
                ],
                [
                    1.862645371275562e-09,
                    0.44337427616119385,
                    -0.8963364958763123,
                    -3.613248109817505
                ],
                [
                    0.0,
                    0.0,
                    0.0,
                    1.0
                ]
            ]
        },
        {
            "file_path": "/data/shapenet_blender/all_50_random/02958343/65332c9a15126b924b3ff698267962d8/r_32",
            "rotation": 0.12566370614359174,
            "transform_matrix": [
                [
                    -0.3904341459274292,
                    -0.17902743816375732,
                    -0.9030560255050659,
                    -3.6403355598449707
                ],
                [
                    -0.9206308126449585,
                    0.07592449337244034,
                    0.3829807937145233,
                    1.5438450574874878
                ],
                [
                    0.0,
                    0.9809101223945618,
                    -0.1944616585969925,
                    -0.7839000821113586
                ],
                [
                    0.0,
                    0.0,
                    0.0,
                    1.0
                ]
            ]
        },
        {
            "file_path": "/data/shapenet_blender/all_50_random/02958343/65332c9a15126b924b3ff698267962d8/r_33",
            "rotation": 0.12566370614359174,
            "transform_matrix": [
                [
                    0.979624330997467,
                    0.07533805072307587,
                    -0.18617340922355652,
                    -0.7504889965057373
                ],
                [
                    -0.20083916187286377,
                    0.3674730360507965,
                    -0.908089816570282,
                    -3.6606271266937256
                ],
                [
                    -1.4901162970204496e-08,
                    0.9269776940345764,
                    0.3751163184642792,
                    1.512142300605774
                ],
                [
                    0.0,
                    0.0,
                    0.0,
                    1.0
                ]
            ]
        },
        {
            "file_path": "/data/shapenet_blender/all_50_random/02958343/65332c9a15126b924b3ff698267962d8/r_34",
            "rotation": 0.12566370614359174,
            "transform_matrix": [
                [
                    -0.9168631434440613,
                    -0.29085665941238403,
                    0.2734304964542389,
                    1.1022335290908813
                ],
                [
                    0.3992014527320862,
                    -0.6680229902267456,
                    0.6279995441436768,
                    2.5315470695495605
                ],
                [
                    0.0,
                    0.6849435567855835,
                    0.7285960912704468,
                    2.9370648860931396
                ],
                [
                    0.0,
                    0.0,
                    0.0,
                    1.0
                ]
            ]
        },
        {
            "file_path": "/data/shapenet_blender/all_50_random/02958343/65332c9a15126b924b3ff698267962d8/r_35",
            "rotation": 0.12566370614359174,
            "transform_matrix": [
                [
                    -0.7629438638687134,
                    -0.5299742817878723,
                    0.37019434571266174,
                    1.4923012256622314
                ],
                [
                    0.6464647650718689,
                    -0.6254643201828003,
                    0.4368954598903656,
                    1.7611820697784424
                ],
                [
                    0.0,
                    0.5726444125175476,
                    0.8198038935661316,
                    3.3047354221343994
                ],
                [
                    0.0,
                    0.0,
                    0.0,
                    1.0
                ]
            ]
        },
        {
            "file_path": "/data/shapenet_blender/all_50_random/02958343/65332c9a15126b924b3ff698267962d8/r_36",
            "rotation": 0.12566370614359174,
            "transform_matrix": [
                [
                    -0.1378939300775528,
                    -0.4460079073905945,
                    -0.8843427896499634,
                    -3.5648999214172363
                ],
                [
                    -0.9904471039772034,
                    0.06209497153759003,
                    0.12312167882919312,
                    0.49631935358047485
                ],
                [
                    0.0,
                    0.8928724527359009,
                    -0.450309693813324,
                    -1.8152564764022827
                ],
                [
                    0.0,
                    0.0,
                    0.0,
                    1.0
                ]
            ]
        },
        {
            "file_path": "/data/shapenet_blender/all_50_random/02958343/65332c9a15126b924b3ff698267962d8/r_37",
            "rotation": 0.12566370614359174,
            "transform_matrix": [
                [
                    -0.47257885336875916,
                    0.2607288956642151,
                    0.8418371081352234,
                    3.3935537338256836
                ],
                [
                    0.881288468837738,
                    0.13981227576732635,
                    0.45142361521720886,
                    1.819746732711792
                ],
                [
                    1.4901161193847656e-08,
                    0.9552344083786011,
                    -0.29584968090057373,
                    -1.1926082372665405
                ],
                [
                    0.0,
                    0.0,
                    0.0,
                    1.0
                ]
            ]
        },
        {
            "file_path": "/data/shapenet_blender/all_50_random/02958343/65332c9a15126b924b3ff698267962d8/r_38",
            "rotation": 0.12566370614359174,
            "transform_matrix": [
                [
                    -0.5888481140136719,
                    0.7623753547668457,
                    0.2684054970741272,
                    1.081977128982544
                ],
                [
                    0.8082438111305237,
                    0.5554305911064148,
                    0.19554752111434937,
                    0.788277268409729
                ],
                [
                    0.0,
                    0.3320847749710083,
                    -0.943249523639679,
                    -3.8023605346679688
                ],
                [
                    0.0,
                    0.0,
                    0.0,
                    1.0
                ]
            ]
        },
        {
            "file_path": "/data/shapenet_blender/all_50_random/02958343/65332c9a15126b924b3ff698267962d8/r_39",
            "rotation": 0.12566370614359174,
            "transform_matrix": [
                [
                    0.9901860356330872,
                    0.12121199816465378,
                    0.06956583261489868,
                    0.28042882680892944
                ],
                [
                    0.13975606858730316,
                    -0.858799397945404,
                    -0.49288102984428406,
                    -1.9868669509887695
                ],
                [
                    0.0,
                    0.49776601791381836,
                    -0.8673112988471985,
                    -3.496243715286255
                ],
                [
                    0.0,
                    0.0,
                    0.0,
                    1.0
                ]
            ]
        },
        {
            "file_path": "/data/shapenet_blender/all_50_random/02958343/65332c9a15126b924b3ff698267962d8/r_40",
            "rotation": 0.12566370614359174,
            "transform_matrix": [
                [
                    -0.8282220363616943,
                    0.3045084476470947,
                    0.4704497754573822,
                    1.8964438438415527
                ],
                [
                    0.5604002475738525,
                    0.45003652572631836,
                    0.6952831149101257,
                    2.8027760982513428
                ],
                [
                    0.0,
                    0.8394889235496521,
                    -0.5433766841888428,
                    -2.1904218196868896
                ],
                [
                    0.0,
                    0.0,
                    0.0,
                    1.0
                ]
            ]
        },
        {
            "file_path": "/data/shapenet_blender/all_50_random/02958343/65332c9a15126b924b3ff698267962d8/r_41",
            "rotation": 0.12566370614359174,
            "transform_matrix": [
                [
                    -0.522072434425354,
                    -0.7736103534698486,
                    -0.3591202199459076,
                    -1.447659969329834
                ],
                [
                    -0.8529011607170105,
                    0.473537415266037,
                    0.21982237696647644,
                    0.8861323595046997
                ],
                [
