{
    "class": "02958343",
    "model": "8402d2237afac94a1cf6f8e565096a1e",
    "remove_doubles": true,
    "edge_split": true,
    "denoise": true,
    "camera_angle_x": 0.6911112070083618,
    "scale_factor": 2.1400719453918122,
    "hdri_file": "/data/IndoorHDRDataset2018/AG8A1844-04336da96a.exr",
    "center_offset": [
        0.0,
        0.0,
        -4.6566128730773926e-09
    ],
    "lights": [],
    "frames": [
        {
            "file_path": "/data/shapenet_blender/all_50_random/02958343/8402d2237afac94a1cf6f8e565096a1e/r_0",
            "rotation": 0.12566370614359174,
            "transform_matrix": [
                [
                    0.2506907880306244,
                    0.0934983417391777,
                    -0.9635415077209473,
                    -3.884160041809082
                ],
                [
                    -0.9680671691894531,
                    0.024212341755628586,
                    -0.24951882660388947,
                    -1.0058425664901733
                ],
                [
                    0.0,
                    0.9953249096870422,
                    0.09658249467611313,
                    0.389336496591568
                ],
                [
                    0.0,
                    0.0,
                    0.0,
                    1.0
                ]
            ]
        },
        {
            "file_path": "/data/shapenet_blender/all_50_random/02958343/8402d2237afac94a1cf6f8e565096a1e/r_1",
            "rotation": 0.12566370614359174,
            "transform_matrix": [
                [
                    -0.8092848658561707,
                    0.09540607780218124,
                    -0.5796168446540833,
                    -2.336510419845581
                ],
                [
                    -0.5874165296554565,
                    -0.1314411461353302,
                    0.7985392808914185,
                    3.219015121459961
                ],
                [
                    0.0,
                    0.9867222905158997,
                    0.16241641342639923,
                    0.6547215580940247
                ],
                [
                    0.0,
                    0.0,
                    0.0,
                    1.0
                ]
            ]
        },
        {
            "file_path": "/data/shapenet_blender/all_50_random/02958343/8402d2237afac94a1cf6f8e565096a1e/r_2",
            "rotation": 0.12566370614359174,
            "transform_matrix": [
                [
                    -0.18820586800575256,
                    -0.16607685387134552,
                    -0.9679861068725586,
                    -3.9020767211914062
                ],
                [
                    -0.9821295738220215,
                    0.03182537108659744,
                    0.1854955554008484,
                    0.7477564811706543
                ],
                [
                    0.0,
                    0.9855991005897522,
                    -0.16909871995449066,
                    -0.6816587448120117
                ],
                [
                    0.0,
                    0.0,
                    0.0,
                    1.0
                ]
            ]
        },
        {
            "file_path": "/data/shapenet_blender/all_50_random/02958343/8402d2237afac94a1cf6f8e565096a1e/r_3",
            "rotation": 0.12566370614359174,
            "transform_matrix": [
                [
                    -0.9781410098075867,
                    -0.06298528611660004,
                    0.19817446172237396,
                    0.7988668084144592
                ],
                [
                    0.207942932844162,
                    -0.29627591371536255,
                    0.9321911334991455,
                    3.7577826976776123
                ],
                [
                    -7.450580596923828e-09,
                    0.953023374080658,
                    0.3028969466686249,
                    1.2210166454315186
                ],
                [
                    0.0,
                    0.0,
                    0.0,
                    1.0
                ]
            ]
        },
        {
            "file_path": "/data/shapenet_blender/all_50_random/02958343/8402d2237afac94a1cf6f8e565096a1e/r_4",
            "rotation": 0.12566370614359174,
            "transform_matrix": [
                [
                    0.27551400661468506,
                    -0.06289369612932205,
                    0.9592373967170715,
                    3.866809606552124
                ],
                [
                    0.9612971544265747,
                    0.01802574098110199,
                    -0.2749236822128296,
                    -1.108252763748169
                ],
                [
                    1.862645371275562e-09,
                    0.9978574514389038,
                    0.06542586535215378,
                    0.26374009251594543
                ],
                [
                    0.0,
                    0.0,
                    0.0,
                    1.0
                ]
            ]
        },
        {
            "file_path": "/data/shapenet_blender/all_50_random/02958343/8402d2237afac94a1cf6f8e565096a1e/r_5",
            "rotation": 0.12566370614359174,
            "transform_matrix": [
                [
                    -0.8920788168907166,
                    -0.23131383955478668,
                    -0.38818711042404175,
                    -1.5648324489593506
                ],
                [
                    -0.4518797993659973,
                    0.4566483795642853,
                    0.7663398385047913,
                    3.089215040206909
                ],
                [
                    1.4901161193847656e-08,
                    0.8590495586395264,
                    -0.5118923187255859,
                    -2.063504219055176
                ],
                [
                    0.0,
                    0.0,
                    0.0,
                    1.0
                ]
            ]
        },
        {
            "file_path": "/data/shapenet_blender/all_50_random/02958343/8402d2237afac94a1cf6f8e565096a1e/r_6",
            "rotation": 0.12566370614359174,
            "transform_matrix": [
                [
                    0.6205312609672546,
                    -0.3761536777019501,
                    -0.6880766153335571,
                    -2.7737252712249756
                ],
                [
                    -0.7841816544532776,
                    -0.2976543605327606,
                    -0.5444822907447815,
                    -2.194878101348877
                ],
                [
                    0.0,
                    0.8774452805519104,
                    -0.4796766936779022,
                    -1.933638334274292
                ],
                [
                    0.0,
                    0.0,
                    0.0,
                    1.0
                ]
            ]
        },
        {
            "file_path": "/data/shapenet_blender/all_50_random/02958343/8402d2237afac94a1cf6f8e565096a1e/r_7",
            "rotation": 0.12566370614359174,
            "transform_matrix": [
                [
                    0.4759017527103424,
                    -0.21488483250141144,
                    0.8528435826301575,
                    3.4379220008850098
                ],
                [
                    0.8794984817504883,
                    0.11627543717622757,
                    -0.4614786207675934,
                    -1.8602795600891113
                ],
                [
                    -7.4505797087454084e-09,
                    0.9696930050849915,
                    0.2443266063928604,
                    0.9849119186401367
                ],
                [
                    0.0,
                    0.0,
                    0.0,
                    1.0
                ]
            ]
        },
        {
            "file_path": "/data/shapenet_blender/all_50_random/02958343/8402d2237afac94a1cf6f8e565096a1e/r_8",
            "rotation": 0.12566370614359174,
            "transform_matrix": [
                [
                    0.7444950938224792,
                    -0.025591803714632988,
                    -0.6671372056007385,
                    -2.6893162727355957
                ],
                [
                    -0.6676279306411743,
                    -0.028538309037685394,
                    -0.7439478635787964,
                    -2.9989500045776367
                ],
                [
                    0.0,
                    0.9992650747299194,
                    -0.03833242878317833,
                    -0.15452298521995544
                ],
                [
                    0.0,
                    0.0,
                    0.0,
                    1.0
                ]
            ]
        },
        {
            "file_path": "/data/shapenet_blender/all_50_random/02958343/8402d2237afac94a1cf6f8e565096a1e/r_9",
            "rotation": 0.12566370614359174,
            "transform_matrix": [
                [
                    0.9641301035881042,
                    0.12405993044376373,
                    0.234653502702713,
                    0.9459185600280762
                ],
                [
                    0.2654300928115845,
                    -0.45062676072120667,
                    -0.8523392677307129,
                    -3.435889720916748
                ],
                [
                    0.0,
                    0.8840500712394714,
                    -0.46739208698272705,
                    -1.884117841720581
                ],
                [
                    0.0,
                    0.0,
                    0.0,
                    1.0
                ]
            ]
        },
        {
            "file_path": "/data/shapenet_blender/all_50_random/02958343/8402d2237afac94a1cf6f8e565096a1e/r_10",
            "rotation": 0.12566370614359174,
            "transform_matrix": [
                [
                    -0.2847244143486023,
                    0.03800468519330025,
                    -0.9578557014465332,
                    -3.8612399101257324
                ],
                [
                    -0.9586094617843628,
                    -0.011288083158433437,
                    0.2845005691051483,
                    1.1468584537506104
                ],
                [
                    -9.31322685637781e-10,
                    0.999213695526123,
                    0.03964564576745033,
                    0.159816712141037
                ],
                [
                    0.0,
                    0.0,
                    0.0,
                    1.0
                ]
            ]
        },
        {
            "file_path": "/data/shapenet_blender/all_50_random/02958343/8402d2237afac94a1cf6f8e565096a1e/r_11",
            "rotation": 0.12566370614359174,
            "transform_matrix": [
                [
                    -0.5333446264266968,
                    0.07056500762701035,
                    -0.8429496884346008,
                    -3.398038864135742
                ],
                [
                    -0.8458980917930603,
                    -0.0444917269051075,
                    0.5314856171607971,
                    2.142487049102783
                ],
                [
                    0.0,
                    0.9965143799781799,
                    0.08342023938894272,
                    0.3362777531147003
                ],
                [
                    0.0,
                    0.0,
                    0.0,
                    1.0
                ]
            ]
        },
        {
            "file_path": "/data/shapenet_blender/all_50_random/02958343/8402d2237afac94a1cf6f8e565096a1e/r_12",
            "rotation": 0.12566370614359174,
            "transform_matrix": [
                [
                    0.05732707306742668,
                    0.9066571593284607,
                    0.41795480251312256,
                    1.6848297119140625
                ],
                [
                    0.9983554482460022,
                    -0.052061621099710464,
                    -0.023999594151973724,
                    -0.09674546122550964
                ],
                [
                    0.0,
                    0.41864311695098877,
                    -0.9081507921218872,
                    -3.6608729362487793
                ],
                [
                    0.0,
                    0.0,
                    0.0,
                    1.0
                ]
            ]
        },
        {
            "file_path": "/data/shapenet_blender/all_50_random/02958343/8402d2237afac94a1cf6f8e565096a1e/r_13",
            "rotation": 0.12566370614359174,
            "transform_matrix": [
                [
                    -0.40699946880340576,
                    -0.39293956756591797,
                    0.824590802192688,
                    3.324031352996826
                ],
                [
                    0.9134283661842346,
                    -0.1750834584236145,
                    0.36741581559181213,
                    1.48110032081604
                ],
                [
                    0.0,
                    0.9027426242828369,
                    0.430181086063385,
                    1.7341152429580688
                ],
                [
                    0.0,
                    0.0,
                    0.0,
                    1.0
                ]
            ]
        },
        {
            "file_path": "/data/shapenet_blender/all_50_random/02958343/8402d2237afac94a1cf6f8e565096a1e/r_14",
            "rotation": 0.12566370614359174,
            "transform_matrix": [
                [
                    0.6520269513130188,
                    0.4590147137641907,
                    -0.6034619808197021,
                    -2.4326331615448
                ],
                [
                    -0.7581958770751953,
                    0.39473965764045715,
                    -0.5189602375030518,
                    -2.0919957160949707
                ],
                [
                    0.0,
                    0.7959184646606445,
                    0.6054039001464844,
                    2.4404611587524414
                ],
                [
                    0.0,
                    0.0,
                    0.0,
                    1.0
                ]
            ]
        },
        {
            "file_path": "/data/shapenet_blender/all_50_random/02958343/8402d2237afac94a1cf6f8e565096a1e/r_15",
            "rotation": 0.12566370614359174,
            "transform_matrix": [
                [
                    0.38043519854545593,
                    0.08526469767093658,
                    -0.9208686351776123,
                    -3.712139844894409
                ],
                [
                    -0.924807608127594,
                    0.035075075924396515,
                    -0.3788148760795593,
                    -1.5270514488220215
                ],
                [
                    3.725290076417309e-09,
                    0.9957407116889954,
                    0.0921972393989563,
                    0.37165892124176025
                ],
                [
                    0.0,
                    0.0,
                    0.0,
                    1.0
                ]
            ]
        },
        {
            "file_path": "/data/shapenet_blender/all_50_random/02958343/8402d2237afac94a1cf6f8e565096a1e/r_16",
            "rotation": 0.12566370614359174,
            "transform_matrix": [
                [
                    0.7271643877029419,
                    -0.19917505979537964,
                    -0.6569332480430603,
                    -2.6481826305389404
                ],
                [
                    -0.6864634156227112,
                    -0.21098430454730988,
                    -0.6958833336830139,
                    -2.8051953315734863
                ],
                [
                    0.0,
                    0.9569821953773499,
                    -0.2901466488838196,
                    -1.1696186065673828
                ],
                [
                    0.0,
                    0.0,
                    0.0,
                    1.0
                ]
            ]
        },
        {
            "file_path": "/data/shapenet_blender/all_50_random/02958343/8402d2237afac94a1cf6f8e565096a1e/r_17",
            "rotation": 0.12566370614359174,
            "transform_matrix": [
                [
                    -0.6260901093482971,
                    -0.3803899586200714,
                    0.6806721091270447,
                    2.7438771724700928
                ],
                [
                    0.779750645160675,
                    -0.3054289221763611,
                    0.546536386013031,
                    2.2031588554382324
                ],
                [
                    -1.4901160305669237e-08,
                    0.8729356527328491,
                    0.4878353476524353,
                    1.9665273427963257
                ],
                [
                    0.0,
                    0.0,
                    0.0,
                    1.0
                ]
            ]
        },
        {
            "file_path": "/data/shapenet_blender/all_50_random/02958343/8402d2237afac94a1cf6f8e565096a1e/r_18",
            "rotation": 0.12566370614359174,
            "transform_matrix": [
                [
                    -0.39225730299949646,
                    -0.05640370026230812,
                    0.9181246161460876,
                    3.7010786533355713
                ],
                [
                    0.9198554754257202,
                    -0.024052435532212257,
                    0.3915192186832428,
                    1.5782644748687744
                ],
                [
                    1.8626450382086546e-09,
                    0.9981182217597961,
                    0.06131800264120102,
                    0.24718077480793
                ],
                [
                    0.0,
                    0.0,
                    0.0,
                    1.0
                ]
            ]
        },
        {
            "file_path": "/data/shapenet_blender/all_50_random/02958343/8402d2237afac94a1cf6f8e565096a1e/r_19",
            "rotation": 0.12566370614359174,
            "transform_matrix": [
                [
                    -0.24762988090515137,
                    0.10539228469133377,
                    -0.9631052613258362,
                    -3.882401704788208
                ],
                [
                    -0.9688546657562256,
                    -0.026937248185276985,
                    0.2461603879928589,
                    0.9923043251037598
                ],
                [
                    0.0,
                    0.9940658211708069,
                    0.10878025740385056,
                    0.4385072588920593
                ],
                [
                    0.0,
                    0.0,
                    0.0,
                    1.0
                ]
            ]
        },
        {
            "file_path": "/data/shapenet_blender/all_50_random/02958343/8402d2237afac94a1cf6f8e565096a1e/r_20",
            "rotation": 0.12566370614359174,
            "transform_matrix": [
                [
                    -0.017411498352885246,
                    0.3235403299331665,
                    0.9460541009902954,
                    3.813666343688965
                ],
                [
                    0.999848484992981,
                    0.005634175147861242,
                    0.016474714502692223,
                    0.06641170382499695
                ],
                [
                    4.656613428188905e-10,
                    0.946197509765625,
                    -0.32358938455581665,
                    -1.304430603981018
                ],
                [
                    0.0,
                    0.0,
                    0.0,
                    1.0
                ]
            ]
        },
        {
            "file_path": "/data/shapenet_blender/all_50_random/02958343/8402d2237afac94a1cf6f8e565096a1e/r_21",
            "rotation": 0.12566370614359174,
            "transform_matrix": [
                [
                    0.13682684302330017,
                    -0.4566924273967743,
                    -0.8790395259857178,
                    -3.5435216426849365
                ],
                [
                    -0.9905950427055359,
                    -0.0630810558795929,
                    -0.12141814082860947,
                    -0.48945218324661255
                ],
                [
                    3.725290298461914e-09,
                    0.8873854279518127,
                    -0.4610283672809601,
                    -1.8584648370742798
                ],
                [
                    0.0,
                    0.0,
                    0.0,
                    1.0
                ]
            ]
        },
        {
            "file_path": "/data/shapenet_blender/all_50_random/02958343/8402d2237afac94a1cf6f8e565096a1e/r_22",
            "rotation": 0.12566370614359174,
            "transform_matrix": [
                [
                    -0.9973224401473999,
                    -0.008777100592851639,
                    0.07260213047266006,
                    0.29266855120658875
                ],
                [
                    0.07313075661659241,
                    -0.1196979209780693,
                    0.9901133179664612,
                    3.991274356842041
                ],
                [
                    -9.313225746154785e-10,
                    0.9927716255187988,
                    0.12001928687095642,
                    0.48381322622299194
                ],
                [
                    0.0,
                    0.0,
                    0.0,
                    1.0
                ]
            ]
        },
        {
            "file_path": "/data/shapenet_blender/all_50_random/02958343/8402d2237afac94a1cf6f8e565096a1e/r_23",
            "rotation": 0.12566370614359174,
            "transform_matrix": [
                [
                    -0.7798947691917419,
                    0.212904691696167,
                    -0.5885878801345825,
                    -2.372673749923706
                ],
                [
                    -0.6259106397628784,
                    -0.26528269052505493,
                    0.7333900332450867,
                    2.956389904022217
                ],
                [
                    0.0,
                    0.9403704404830933,
                    0.34015193581581116,
                    1.3711962699890137
                ],
                [
                    0.0,
                    0.0,
                    0.0,
                    1.0
                ]
            ]
        },
        {
            "file_path": "/data/shapenet_blender/all_50_random/02958343/8402d2237afac94a1cf6f8e565096a1e/r_24",
            "rotation": 0.12566370614359174,
            "transform_matrix": [
                [
                    -0.9153517484664917,
                    0.06765298545360565,
                    -0.3969310522079468,
                    -1.6000802516937256
                ],
                [
                    -0.4026552140712738,
                    -0.15379482507705688,
                    0.9023391604423523,
                    3.6374454498291016
                ],
                [
                    -3.725290298461914e-09,
                    0.985784113407135,
                    0.16801717877388,
                    0.677298903465271
                ],
                [
                    0.0,
                    0.0,
                    0.0,
                    1.0
                ]
            ]
        },
        {
            "file_path": "/data/shapenet_blender/all_50_random/02958343/8402d2237afac94a1cf6f8e565096a1e/r_25",
            "rotation": 0.12566370614359174,
            "transform_matrix": [
                [
                    0.46139463782310486,
                    -0.21473059058189392,
                    0.8608168959617615,
                    3.4700639247894287
                ],
                [
                    0.8871949315071106,
                    0.1116727963089943,
                    -0.4476764500141144,
                    -1.8046414852142334
                ],
                [
                    0.0,
                    0.9702680110931396,
                    0.24203313887119293,
                    0.9756667613983154
                ],
                [
                    0.0,
                    0.0,
                    0.0,
                    1.0
                ]
            ]
        },
        {
            "file_path": "/data/shapenet_blender/all_50_random/02958343/8402d2237afac94a1cf6f8e565096a1e/r_26",
            "rotation": 0.12566370614359174,
            "transform_matrix": [
                [
                    -0.7431787252426147,
                    0.015397654846310616,
                    -0.6689156889915466,
                    -2.6964855194091797
                ],
                [
                    -0.6690929532051086,
                    -0.017102569341659546,
                    0.7429818511009216,
                    2.995055913925171
                ],
                [
                    9.313225746154785e-10,
                    0.9997351765632629,
                    0.02301272563636303,
                    0.09276726841926575
                ],
                [
                    0.0,
                    0.0,
                    0.0,
                    1.0
                ]
            ]
        },
        {
            "file_path": "/data/shapenet_blender/all_50_random/02958343/8402d2237afac94a1cf6f8e565096a1e/r_27",
            "rotation": 0.12566370614359174,
            "transform_matrix": [
                [
                    -0.5863722562789917,
                    0.6610463261604309,
                    -0.46817219257354736,
                    -1.8872624635696411
                ],
                [
                    -0.8100415468215942,
                    -0.4785177409648895,
                    0.3389001488685608,
                    1.366150140762329
                ],
                [
                    1.4901158529312397e-08,
                    0.5779606103897095,
                    0.8160646557807922,
                    3.2896618843078613
                ],
                [
                    0.0,
                    0.0,
                    0.0,
                    1.0
                ]
            ]
        },
        {
            "file_path": "/data/shapenet_blender/all_50_random/02958343/8402d2237afac94a1cf6f8e565096a1e/r_28",
            "rotation": 0.12566370614359174,
            "transform_matrix": [
                [
                    0.2503667175769806,
                    0.2598879337310791,
                    -0.9326171875,
                    -3.759500026702881
                ],
                [
                    -0.9681511521339417,
                    0.06720778346061707,
                    -0.2411775439977646,
                    -0.9722177982330322
                ],
                [
                    0.0,
                    0.9632971286773682,
                    0.2684374153614044,
                    1.0821058750152588
                ],
                [
                    0.0,
                    0.0,
                    0.0,
                    1.0
                ]
            ]
        },
        {
            "file_path": "/data/shapenet_blender/all_50_random/02958343/8402d2237afac94a1cf6f8e565096a1e/r_29",
            "rotation": 0.12566370614359174,
            "transform_matrix": [
                [
                    0.8697335720062256,
                    -0.24595683813095093,
                    0.42786577343940735,
                    1.724782109260559
                ],
                [
                    0.493522047996521,
                    0.4334495961666107,
                    -0.7540275454521179,
                    -3.0395822525024414
                ],
                [
                    -1.4901164746561335e-08,
                    0.8669639825820923,
                    0.4983706772327423,
                    2.0089964866638184
                ],
                [
                    0.0,
                    0.0,
                    0.0,
                    1.0
                ]
            ]
        },
        {
            "file_path": "/data/shapenet_blender/all_50_random/02958343/8402d2237afac94a1cf6f8e565096a1e/r_30",
            "rotation": 0.12566370614359174,
            "transform_matrix": [
                [
                    0.975818932056427,
                    -0.02706782892346382,
                    -0.2168981283903122,
                    -0.8743443489074707
                ],
                [
                    -0.21858057379722595,
                    -0.12084010988473892,
                    -0.9683079123497009,
                    -3.903373956680298
                ],
                [
                    0.0,
                    0.9923027753829956,
                    -0.12383457273244858,
                    -0.49919313192367554
                ],
                [
                    0.0,
                    0.0,
                    0.0,
                    1.0
                ]
            ]
        },
        {
            "file_path": "/data/shapenet_blender/all_50_random/02958343/8402d2237afac94a1cf6f8e565096a1e/r_31",
            "rotation": 0.12566370614359174,
            "transform_matrix": [
                [
                    -0.41616642475128174,
                    -0.24381858110427856,
                    0.8759897351264954,
                    3.5312275886535645
                ],
                [
                    0.9092885255813599,
                    -0.11159176379442215,
                    0.4009261429309845,
                    1.616184949874878
                ],
                [
                    0.0,
                    0.9633793234825134,
                    0.2681421637535095,
                    1.0809156894683838
                ],
                [
                    0.0,
                    0.0,
                    0.0,
                    1.0
                ]
            ]
        },
        {
            "file_path": "/data/shapenet_blender/all_50_random/02958343/8402d2237afac94a1cf6f8e565096a1e/r_32",
            "rotation": 0.12566370614359174,
            "transform_matrix": [
                [
                    0.001990519231185317,
                    -0.1638343334197998,
                    0.9864858388900757,
                    3.976651430130005
                ],
                [
                    0.9999980926513672,
                    0.00032611601636745036,
                    -0.001963622635230422,
                    -0.007915616035461426
                ],
                [
                    0.0,
                    0.9864878058433533,
                    0.16383464634418488,
                    0.6604385375976562
                ],
                [
                    0.0,
                    0.0,
                    0.0,
                    1.0
                ]
            ]
        },
        {
            "file_path": "/data/shapenet_blender/all_50_random/02958343/8402d2237afac94a1cf6f8e565096a1e/r_33",
            "rotation": 0.12566370614359174,
            "transform_matrix": [
                [
                    0.5694016218185425,
                    -0.16077478229999542,
                    -0.8061842918395996,
                    -3.24983286857605
                ],
                [
                    -0.8220593929290771,
                    -0.11136109381914139,
                    -0.5584057569503784,
                    -2.2510056495666504
                ],
                [
                    0.0,
                    0.9806885123252869,
                    -0.19557562470436096,
                    -0.788390576839447
                ],
                [
                    0.0,
                    0.0,
                    0.0,
                    1.0
                ]
            ]
        },
        {
            "file_path": "/data/shapenet_blender/all_50_random/02958343/8402d2237afac94a1cf6f8e565096a1e/r_34",
            "rotation": 0.12566370614359174,
            "transform_matrix": [
                [
                    0.9846409559249878,
                    0.169011190533638,
                    0.04378920793533325,
                    0.1765199601650238
                ],
                [
                    0.1745917648077011,
                    -0.9531683325767517,
                    -0.2469569444656372,
                    -0.9955153465270996
                ],
                [
                    0.0,
                    0.2508092224597931,
                    -0.9680364727973938,
                    -3.90228009223938
                ],
                [
                    0.0,
                    0.0,
                    0.0,
                    1.0
                ]
            ]
        },
        {
            "file_path": "/data/shapenet_blender/all_50_random/02958343/8402d2237afac94a1cf6f8e565096a1e/r_35",
            "rotation": 0.12566370614359174,
            "transform_matrix": [
                [
                    -0.22208935022354126,
                    -0.6534813046455383,
                    -0.723628580570221,
                    -2.9170401096343994
                ],
                [
                    -0.9750263690948486,
                    0.1488485336303711,
                    0.16482652723789215,
                    0.6644369959831238
                ],
                [
                    0.0,
                    0.7421631217002869,
                    -0.6702191829681396,
                    -2.701740026473999
                ],
                [
                    0.0,
                    0.0,
                    0.0,
                    1.0
                ]
            ]
        },
        {
            "file_path": "/data/shapenet_blender/all_50_random/02958343/8402d2237afac94a1cf6f8e565096a1e/r_36",
            "rotation": 0.12566370614359174,
            "transform_matrix": [
                [
                    -0.08205650001764297,
                    -0.01892624795436859,
                    -0.9964480400085449,
                    -4.016810417175293
                ],
                [
                    -0.9966276288032532,
                    0.0015582767082378268,
                    0.08204171061515808,
                    0.3307207226753235
                ],
                [
                    0.0,
                    0.9998196959495544,
                    -0.0189902912825346,
                    -0.07655230909585953
                ],
                [
                    0.0,
                    0.0,
                    0.0,
                    1.0
                ]
            ]
        },
        {
            "file_path": "/data/shapenet_blender/all_50_random/02958343/8402d2237afac94a1cf6f8e565096a1e/r_37",
            "rotation": 0.12566370614359174,
            "transform_matrix": [
                [
                    0.20082975924015045,
                    -0.2770772874355316,
                    -0.9396252036094666,
                    -3.787750482559204
                ],
                [
                    -0.9796261787414551,
                    -0.056802649050951004,
                    -0.19262929260730743,
                    -0.7765135765075684
                ],
                [
                    3.725290298461914e-09,
                    0.9591671824455261,
                    -0.2828397750854492,
                    -1.140163779258728
                ],
                [
                    0.0,
                    0.0,
                    0.0,
                    1.0
                ]
            ]
        },
        {
            "file_path": "/data/shapenet_blender/all_50_random/02958343/8402d2237afac94a1cf6f8e565096a1e/r_38",
            "rotation": 0.12566370614359174,
            "transform_matrix": [
                [
                    0.999727725982666,
                    0.0006786316516809165,
                    -0.023325946182012558,
                    -0.09402990341186523
                ],
                [
                    -0.023335818201303482,
                    0.02907319739460945,
                    -0.9993047714233398,
                    -4.028326511383057
                ],
                [
                    0.0,
                    0.9995771050453186,
                    0.029081111773848534,
                    0.11722972244024277
                ],
                [
                    0.0,
                    0.0,
                    0.0,
                    1.0
                ]
            ]
        },
        {
            "file_path": "/data/shapenet_blender/all_50_random/02958343/8402d2237afac94a1cf6f8e565096a1e/r_39",
            "rotation": 0.12566370614359174,
            "transform_matrix": [
                [
                    -0.42607200145721436,
                    -0.700736939907074,
                    0.5722153186798096,
                    2.306673765182495
                ],
                [
                    0.9046893119812012,
                    -0.3300187289714813,
                    0.26949024200439453,
                    1.0863499641418457
                ],
                [
                    1.4901162970204496e-08,
                    0.6324992179870605,
                    0.7745608687400818,
                    3.122354745864868
                ],
                [
                    0.0,
                    0.0,
                    0.0,
                    1.0
                ]
            ]
        },
        {
            "file_path": "/data/shapenet_blender/all_50_random/02958343/8402d2237afac94a1cf6f8e565096a1e/r_40",
            "rotation": 0.12566370614359174,
            "transform_matrix": [
                [
                    0.9407856464385986,
                    0.04421854019165039,
                    0.3361058533191681,
                    1.3548860549926758
                ],
                [
                    0.3390021324157715,
                    -0.1227135881781578,
                    -0.932748019695282,
                    -3.7600276470184326
                ],
                [
                    -3.725290742551124e-09,
                    0.9914564490318298,
                    -0.13043735921382904,
                    -0.5258098244667053
                ],
                [
                    0.0,
                    0.0,
                    0.0,
                    1.0
                ]
            ]
        },
        {
            "file_path": "/data/shapenet_blender/all_50_random/02958343/8402d2237afac94a1cf6f8e565096a1e/r_41",
            "rotation": 0.12566370614359174,
            "transform_matrix": [
                [
                    -0.6074466705322266,
                    0.274668425321579,
                    -0.7453628778457642,
                    -3.0046539306640625
                ],
                [
                    -0.7943605184555054,
                    -0.2100386619567871,
                    0.5699782371520996,
                    2.2976558208465576
                ],
                [
                    0.0,
