{
    "class": "02958343",
    "model": "c41fc68f756437b2511afe12ef4fe731",
    "remove_doubles": true,
    "edge_split": true,
    "denoise": true,
    "camera_angle_x": 0.6911112070083618,
    "scale_factor": 2.101997366679868,
    "hdri_file": "/data/IndoorHDRDataset2018/9C4A5001-33efe6bc42.exr",
    "center_offset": [
        0.0,
        0.0,
        0.0
    ],
    "lights": [],
    "frames": [
        {
            "file_path": "/data/shapenet_blender/all_50_random/02958343/c41fc68f756437b2511afe12ef4fe731/r_0",
            "rotation": 0.12566370614359174,
            "transform_matrix": [
                [
                    -0.4887773394584656,
                    0.18276745080947876,
                    0.853049099445343,
                    3.438750982284546
                ],
                [
                    0.8724085688591003,
                    0.10239765048027039,
                    0.4779309332370758,
                    1.9266011714935303
                ],
                [
                    -7.450580596923828e-09,
                    0.9778091907501221,
                    -0.20949754118919373,
                    -0.8445116281509399
                ],
                [
                    0.0,
                    0.0,
                    0.0,
                    1.0
                ]
            ]
        },
        {
            "file_path": "/data/shapenet_blender/all_50_random/02958343/c41fc68f756437b2511afe12ef4fe731/r_1",
            "rotation": 0.12566370614359174,
            "transform_matrix": [
                [
                    0.033745571970939636,
                    0.07038772851228714,
                    -0.9969487190246582,
                    -4.018828868865967
                ],
                [
                    -0.9994304776191711,
                    0.0023766278754919767,
                    -0.033661775290966034,
                    -0.1356949508190155
                ],
                [
                    2.3283067140944524e-10,
                    0.9975168108940125,
                    0.07042784243822098,
                    0.28390371799468994
                ],
                [
                    0.0,
                    0.0,
                    0.0,
                    1.0
                ]
            ]
        },
        {
            "file_path": "/data/shapenet_blender/all_50_random/02958343/c41fc68f756437b2511afe12ef4fe731/r_2",
            "rotation": 0.12566370614359174,
            "transform_matrix": [
                [
                    -0.6414728760719299,
                    -0.7242811918258667,
                    -0.2528421878814697,
                    -1.0192394256591797
                ],
                [
                    -0.7671456933021545,
                    0.6056303977966309,
                    0.2114219218492508,
                    0.8522690534591675
                ],
                [
                    0.0,
                    0.3295881748199463,
                    -0.9441247582435608,
                    -3.8058886528015137
                ],
                [
                    0.0,
                    0.0,
                    0.0,
                    1.0
                ]
            ]
        },
        {
            "file_path": "/data/shapenet_blender/all_50_random/02958343/c41fc68f756437b2511afe12ef4fe731/r_3",
            "rotation": 0.12566370614359174,
            "transform_matrix": [
                [
                    0.6626262068748474,
                    -0.41787877678871155,
                    -0.6215333938598633,
                    -2.505481243133545
                ],
                [
                    -0.7489502429962158,
                    -0.36971405148506165,
                    -0.5498954057693481,
                    -2.2166993618011475
                ],
                [
                    -1.4901162970204496e-08,
                    0.8298727869987488,
                    -0.5579526424407959,
                    -2.2491791248321533
                ],
                [
                    0.0,
                    0.0,
                    0.0,
                    1.0
                ]
            ]
        },
        {
            "file_path": "/data/shapenet_blender/all_50_random/02958343/c41fc68f756437b2511afe12ef4fe731/r_4",
            "rotation": 0.12566370614359174,
            "transform_matrix": [
                [
                    -0.22223107516765594,
                    -0.033992115408182144,
                    0.9744012355804443,
                    3.9279372692108154
                ],
                [
                    0.9749940633773804,
                    -0.0077478475868701935,
                    0.22209596633911133,
                    0.8952975273132324
                ],
                [
                    0.0,
                    0.999392032623291,
                    0.034863922744989395,
                    0.1405409872531891
                ],
                [
                    0.0,
                    0.0,
                    0.0,
                    1.0
                ]
            ]
        },
        {
            "file_path": "/data/shapenet_blender/all_50_random/02958343/c41fc68f756437b2511afe12ef4fe731/r_5",
            "rotation": 0.12566370614359174,
            "transform_matrix": [
                [
                    -0.803187370300293,
                    -0.40819358825683594,
                    -0.4338986277580261,
                    -1.7491014003753662
                ],
                [
                    -0.595726490020752,
                    0.5503464341163635,
                    0.585003137588501,
                    2.3582231998443604
                ],
                [
                    4.470348358154297e-08,
                    0.7283520698547363,
                    -0.685202956199646,
                    -2.762141704559326
                ],
                [
                    0.0,
                    0.0,
                    0.0,
                    1.0
                ]
            ]
        },
        {
            "file_path": "/data/shapenet_blender/all_50_random/02958343/c41fc68f756437b2511afe12ef4fe731/r_6",
            "rotation": 0.12566370614359174,
            "transform_matrix": [
                [
                    0.9522786140441895,
                    0.2195170670747757,
                    -0.2120799571275711,
                    -0.8549216985702515
                ],
                [
                    -0.3052305281162262,
                    0.6848639845848083,
                    -0.6616612076759338,
                    -2.6672418117523193
                ],
                [
                    0.0,
                    0.6948191523551941,
                    0.7191844582557678,
                    2.899125576019287
                ],
                [
                    0.0,
                    0.0,
                    0.0,
                    1.0
                ]
            ]
        },
        {
            "file_path": "/data/shapenet_blender/all_50_random/02958343/c41fc68f756437b2511afe12ef4fe731/r_7",
            "rotation": 0.12566370614359174,
            "transform_matrix": [
                [
                    0.99887615442276,
                    -0.039187248796224594,
                    -0.026660798117518425,
                    -0.10747312009334564
                ],
                [
                    -0.04739661514759064,
                    -0.8258650898933411,
                    -0.561872124671936,
                    -2.264979124069214
                ],
                [
                    1.862645149230957e-09,
                    0.5625042915344238,
                    -0.8267942667007446,
                    -3.3329145908355713
                ],
                [
                    0.0,
                    0.0,
                    0.0,
                    1.0
                ]
            ]
        },
        {
            "file_path": "/data/shapenet_blender/all_50_random/02958343/c41fc68f756437b2511afe12ef4fe731/r_8",
            "rotation": 0.12566370614359174,
            "transform_matrix": [
                [
                    -0.4921702742576599,
                    0.8466961979866028,
                    -0.20217281579971313,
                    -0.8149846792221069
                ],
                [
                    -0.8704989552497864,
                    -0.4787124693393707,
                    0.11430622637271881,
                    0.46078312397003174
                ],
                [
                    0.0,
                    0.23224931955337524,
                    0.97265625,
                    3.920902729034424
                ],
                [
                    0.0,
                    0.0,
                    0.0,
                    1.0
                ]
            ]
        },
        {
            "file_path": "/data/shapenet_blender/all_50_random/02958343/c41fc68f756437b2511afe12ef4fe731/r_9",
            "rotation": 0.12566370614359174,
            "transform_matrix": [
                [
                    0.6752618551254272,
                    0.033933985978364944,
                    0.7367970943450928,
                    2.9701240062713623
                ],
                [
                    0.7375780940055847,
                    -0.031066983938217163,
                    -0.6745468378067017,
                    -2.7191853523254395
                ],
                [
                    0.0,
                    0.9989410638809204,
                    -0.046007316559553146,
                    -0.18546143174171448
                ],
                [
                    0.0,
                    0.0,
                    0.0,
                    1.0
                ]
            ]
        },
        {
            "file_path": "/data/shapenet_blender/all_50_random/02958343/c41fc68f756437b2511afe12ef4fe731/r_10",
            "rotation": 0.12566370614359174,
            "transform_matrix": [
                [
                    -0.9939865469932556,
                    0.027666212990880013,
                    0.10594964772462845,
                    0.4270966947078705
                ],
                [
                    0.10950227081775665,
                    0.2511349320411682,
                    0.9617382884025574,
                    3.8768911361694336
                ],
                [
                    0.0,
                    0.9675566554069519,
                    -0.25265422463417053,
                    -1.018481731414795
                ],
                [
                    0.0,
                    0.0,
                    0.0,
                    1.0
                ]
            ]
        },
        {
            "file_path": "/data/shapenet_blender/all_50_random/02958343/c41fc68f756437b2511afe12ef4fe731/r_11",
            "rotation": 0.12566370614359174,
            "transform_matrix": [
                [
                    0.315589964389801,
                    0.010964971967041492,
                    -0.9488322734832764,
                    -3.8248653411865234
                ],
                [
                    -0.9488957524299622,
                    0.0036468023899942636,
                    -0.31556886434555054,
                    -1.2720987796783447
                ],
                [
                    0.0,
                    0.9999332427978516,
                    0.011555507779121399,
                    0.04658174142241478
                ],
                [
                    0.0,
                    0.0,
                    0.0,
                    1.0
                ]
            ]
        },
        {
            "file_path": "/data/shapenet_blender/all_50_random/02958343/c41fc68f756437b2511afe12ef4fe731/r_12",
            "rotation": 0.12566370614359174,
            "transform_matrix": [
                [
                    -0.46963074803352356,
                    -0.42391759157180786,
                    -0.774429440498352,
                    -3.1218245029449463
                ],
                [
                    -0.88286292552948,
                    0.22549903392791748,
                    0.41195055842399597,
                    1.6606255769729614
                ],
                [
                    0.0,
                    0.8771796822547913,
                    -0.4801624119281769,
                    -1.9355963468551636
                ],
                [
                    0.0,
                    0.0,
                    0.0,
                    1.0
                ]
            ]
        },
        {
            "file_path": "/data/shapenet_blender/all_50_random/02958343/c41fc68f756437b2511afe12ef4fe731/r_13",
            "rotation": 0.12566370614359174,
            "transform_matrix": [
                [
                    0.6460892558097839,
                    0.03321261331439018,
                    -0.7625389099121094,
                    -3.073892593383789
                ],
                [
                    -0.7632618546485901,
                    0.02811395935714245,
                    -0.645477294921875,
                    -2.6020021438598633
                ],
                [
                    0.0,
                    0.9990528225898743,
                    0.04351405054330826,
                    0.17541074752807617
                ],
                [
                    0.0,
                    0.0,
                    0.0,
                    1.0
                ]
            ]
        },
        {
            "file_path": "/data/shapenet_blender/all_50_random/02958343/c41fc68f756437b2511afe12ef4fe731/r_14",
            "rotation": 0.12566370614359174,
            "transform_matrix": [
                [
                    0.9113457798957825,
                    0.057668063789606094,
                    -0.40758219361305237,
                    -1.6430163383483887
                ],
                [
                    -0.4116416275501251,
                    0.12767304480075836,
                    -0.9023584127426147,
                    -3.6375231742858887
                ],
                [
                    0.0,
                    0.9901382923126221,
                    0.1400928944349289,
                    0.5647324919700623
                ],
                [
                    0.0,
                    0.0,
                    0.0,
                    1.0
                ]
            ]
        },
        {
            "file_path": "/data/shapenet_blender/all_50_random/02958343/c41fc68f756437b2511afe12ef4fe731/r_15",
            "rotation": 0.12566370614359174,
            "transform_matrix": [
                [
                    0.3628093898296356,
                    -0.21967674791812897,
                    0.9056000709533691,
                    3.650590658187866
                ],
                [
                    0.9318633079528809,
                    0.0855284035205841,
                    -0.3525841236114502,
                    -1.4213120937347412
                ],
                [
                    0.0,
                    0.9718163013458252,
                    0.23573923110961914,
                    0.9502952098846436
                ],
                [
                    0.0,
                    0.0,
                    0.0,
                    1.0
                ]
            ]
        },
        {
            "file_path": "/data/shapenet_blender/all_50_random/02958343/c41fc68f756437b2511afe12ef4fe731/r_16",
            "rotation": 0.12566370614359174,
            "transform_matrix": [
                [
                    -0.998349130153656,
                    0.0019858081359416246,
                    -0.057401034981012344,
                    -0.23139095306396484
                ],
                [
                    -0.05743536725640297,
                    -0.034517575055360794,
                    0.99775230884552,
                    4.022068023681641
                ],
                [
                    0.0,
                    0.9994021654129028,
                    0.03457464650273323,
                    0.13937485218048096
                ],
                [
                    0.0,
                    0.0,
                    0.0,
                    1.0
                ]
            ]
        },
        {
            "file_path": "/data/shapenet_blender/all_50_random/02958343/c41fc68f756437b2511afe12ef4fe731/r_17",
            "rotation": 0.12566370614359174,
            "transform_matrix": [
                [
                    -0.07093933969736099,
                    -0.28420290350914,
                    0.9561361074447632,
                    3.8543078899383545
                ],
                [
                    0.9974806904792786,
                    -0.02021208591759205,
                    0.0679989755153656,
                    0.27411264181137085
                ],
                [
                    0.0,
                    0.9585510492324829,
                    0.28492075204849243,
                    1.1485522985458374
                ],
                [
                    0.0,
                    0.0,
                    0.0,
                    1.0
                ]
            ]
        },
        {
            "file_path": "/data/shapenet_blender/all_50_random/02958343/c41fc68f756437b2511afe12ef4fe731/r_18",
            "rotation": 0.12566370614359174,
            "transform_matrix": [
                [
                    0.04983922094106674,
                    -0.3055419623851776,
                    0.9508733153343201,
                    3.8330929279327393
                ],
                [
                    0.9987572431564331,
                    0.01524692215025425,
                    -0.0474497526884079,
                    -0.19127607345581055
                ],
                [
                    -9.313225746154785e-10,
                    0.9520565867424011,
                    0.30592218041419983,
                    1.2332117557525635
                ],
                [
                    0.0,
                    0.0,
                    0.0,
                    1.0
                ]
            ]
        },
        {
            "file_path": "/data/shapenet_blender/all_50_random/02958343/c41fc68f756437b2511afe12ef4fe731/r_19",
            "rotation": 0.12566370614359174,
            "transform_matrix": [
                [
                    0.18719278275966644,
                    -0.7966505885124207,
                    -0.5747230648994446,
                    -2.3167827129364014
                ],
                [
                    -0.9823232293128967,
                    -0.15181076526641846,
                    -0.10951996594667435,
                    -0.4414891004562378
                ],
                [
                    0.0,
                    0.5850651264190674,
                    -0.8109862804412842,
                    -3.2691903114318848
                ],
                [
                    0.0,
                    0.0,
                    0.0,
                    1.0
                ]
            ]
        },
        {
            "file_path": "/data/shapenet_blender/all_50_random/02958343/c41fc68f756437b2511afe12ef4fe731/r_20",
            "rotation": 0.12566370614359174,
            "transform_matrix": [
                [
                    -0.8272244930267334,
                    -0.32478225231170654,
                    0.4584934115409851,
                    1.8482460975646973
                ],
                [
                    0.5618716478347778,
                    -0.478165864944458,
                    0.6750242114067078,
                    2.721109628677368
                ],
                [
                    1.4901162970204496e-08,
                    0.8160109519958496,
                    0.578036367893219,
                    2.33013916015625
                ],
                [
                    0.0,
                    0.0,
                    0.0,
                    1.0
                ]
            ]
        },
        {
            "file_path": "/data/shapenet_blender/all_50_random/02958343/c41fc68f756437b2511afe12ef4fe731/r_21",
            "rotation": 0.12566370614359174,
            "transform_matrix": [
                [
                    0.7114542722702026,
                    0.3238549530506134,
                    -0.6236591339111328,
                    -2.5140504837036133
                ],
                [
                    -0.7027323246002197,
                    0.32787448167800903,
                    -0.6313996911048889,
                    -2.5452535152435303
                ],
                [
                    0.0,
                    0.887477457523346,
                    0.4608510136604309,
                    1.8577498197555542
                ],
                [
                    0.0,
                    0.0,
                    0.0,
                    1.0
                ]
            ]
        },
        {
            "file_path": "/data/shapenet_blender/all_50_random/02958343/c41fc68f756437b2511afe12ef4fe731/r_22",
            "rotation": 0.12566370614359174,
            "transform_matrix": [
                [
                    -0.28984948992729187,
                    0.48582184314727783,
                    0.82459956407547,
                    3.3240671157836914
                ],
                [
                    0.9570723176002502,
                    0.14713121950626373,
                    0.24973009526729584,
                    1.0066941976547241
                ],
                [
                    -7.450580596923828e-09,
                    0.8615854382514954,
                    -0.5076125264167786,
                    -2.0462515354156494
                ],
                [
                    0.0,
                    0.0,
                    0.0,
                    1.0
                ]
            ]
        },
        {
            "file_path": "/data/shapenet_blender/all_50_random/02958343/c41fc68f756437b2511afe12ef4fe731/r_23",
            "rotation": 0.12566370614359174,
            "transform_matrix": [
                [
                    0.789391040802002,
                    -0.042870473116636276,
                    0.6123919486999512,
                    2.468630790710449
                ],
                [
                    0.6138907074928284,
                    0.0551263764500618,
                    -0.7874638438224792,
                    -3.174368381500244
                ],
                [
                    -3.725290298461914e-09,
                    0.9975586533546448,
                    0.06983405351638794,
                    0.2815100848674774
                ],
                [
                    0.0,
                    0.0,
                    0.0,
                    1.0
                ]
            ]
        },
        {
            "file_path": "/data/shapenet_blender/all_50_random/02958343/c41fc68f756437b2511afe12ef4fe731/r_24",
            "rotation": 0.12566370614359174,
            "transform_matrix": [
                [
                    -0.41880732774734497,
                    0.5259366035461426,
                    0.7402641773223877,
                    2.984100341796875
                ],
                [
                    0.9080750942230225,
                    0.24256375432014465,
                    0.34141239523887634,
                    1.3762773275375366
                ],
                [
                    1.4901161193847656e-08,
                    0.8152015209197998,
                    -0.5791774392127991,
                    -2.3347389698028564
                ],
                [
                    0.0,
                    0.0,
                    0.0,
                    1.0
                ]
            ]
        },
        {
            "file_path": "/data/shapenet_blender/all_50_random/02958343/c41fc68f756437b2511afe12ef4fe731/r_25",
            "rotation": 0.12566370614359174,
            "transform_matrix": [
                [
                    -0.3685513138771057,
                    -0.3932936489582062,
                    0.8423123359680176,
                    3.3954696655273438
                ],
                [
                    0.9296073913574219,
                    -0.15592484176158905,
                    0.33394235372543335,
                    1.3461647033691406
                ],
                [
                    1.4901161193847656e-08,
                    0.9060946702957153,
                    0.42307499051094055,
                    1.7054698467254639
                ],
                [
                    0.0,
                    0.0,
                    0.0,
                    1.0
                ]
            ]
        },
        {
            "file_path": "/data/shapenet_blender/all_50_random/02958343/c41fc68f756437b2511afe12ef4fe731/r_26",
            "rotation": 0.12566370614359174,
            "transform_matrix": [
                [
                    -0.7979162335395813,
                    -0.22956937551498413,
                    -0.5573396682739258,
                    -2.246708393096924
                ],
                [
                    -0.6027683615684509,
                    0.3038930594921112,
                    0.7377798557281494,
                    2.974086046218872
                ],
                [
                    1.4901162970204496e-08,
                    0.924633264541626,
                    -0.38085833191871643,
                    -1.5352891683578491
                ],
                [
                    0.0,
                    0.0,
                    0.0,
                    1.0
                ]
            ]
        },
        {
            "file_path": "/data/shapenet_blender/all_50_random/02958343/c41fc68f756437b2511afe12ef4fe731/r_27",
            "rotation": 0.12566370614359174,
            "transform_matrix": [
                [
                    -0.9422179460525513,
                    0.023655958473682404,
                    0.33416426181793213,
                    1.3470593690872192
                ],
                [
                    0.33500057458877563,
                    0.06653441488742828,
                    0.9398657083511353,
                    3.78872013092041
                ],
                [
                    0.0,
                    0.9975035786628723,
                    -0.07061468064785004,
                    -0.28465691208839417
                ],
                [
                    0.0,
                    0.0,
                    0.0,
                    1.0
                ]
            ]
        },
        {
            "file_path": "/data/shapenet_blender/all_50_random/02958343/c41fc68f756437b2511afe12ef4fe731/r_28",
            "rotation": 0.12566370614359174,
            "transform_matrix": [
                [
                    0.08592380583286285,
                    -0.3465389311313629,
                    0.9340919256210327,
                    3.7654452323913574
                ],
                [
                    0.9963017702102661,
                    0.02988647110760212,
                    -0.0805586576461792,
                    -0.3247423768043518
                ],
                [
                    1.862645371275562e-09,
                    0.9375592470169067,
                    0.347825288772583,
                    1.4021286964416504
                ],
                [
                    0.0,
                    0.0,
                    0.0,
                    1.0
                ]
            ]
        },
        {
            "file_path": "/data/shapenet_blender/all_50_random/02958343/c41fc68f756437b2511afe12ef4fe731/r_29",
            "rotation": 0.12566370614359174,
            "transform_matrix": [
                [
                    -0.9790825247764587,
                    0.13171708583831787,
                    -0.15507440268993378,
                    -0.625124990940094
                ],
                [
                    -0.20346367359161377,
                    -0.6338325142860413,
                    0.7462297081947327,
                    3.008148431777954
                ],
                [
                    0.0,
                    0.7621724605560303,
                    0.6473739147186279,
                    2.6096479892730713
                ],
                [
                    0.0,
                    0.0,
                    0.0,
                    1.0
                ]
            ]
        },
        {
            "file_path": "/data/shapenet_blender/all_50_random/02958343/c41fc68f756437b2511afe12ef4fe731/r_30",
            "rotation": 0.12566370614359174,
            "transform_matrix": [
                [
                    -0.9489724040031433,
                    0.26747816801071167,
                    -0.16705375909805298,
                    -0.6734152436256409
                ],
                [
                    -0.3153593838214874,
                    -0.8048893213272095,
                    0.5026944279670715,
                    2.026426076889038
                ],
                [
                    -1.4901162970204496e-08,
                    0.5297250747680664,
                    0.8481693863868713,
                    3.4190802574157715
                ],
                [
                    0.0,
                    0.0,
                    0.0,
                    1.0
                ]
            ]
        },
        {
            "file_path": "/data/shapenet_blender/all_50_random/02958343/c41fc68f756437b2511afe12ef4fe731/r_31",
            "rotation": 0.12566370614359174,
            "transform_matrix": [
                [
                    -0.2863354980945587,
                    -0.21568457782268524,
                    0.9335374236106873,
                    3.763209819793701
                ],
                [
                    0.9581294655799866,
                    -0.064457006752491,
                    0.27898621559143066,
                    1.1246293783187866
                ],
                [
                    3.725290298461914e-09,
                    0.9743334054946899,
                    0.22511005401611328,
                    0.9074476361274719
                ],
                [
                    0.0,
                    0.0,
                    0.0,
                    1.0
                ]
            ]
        },
        {
            "file_path": "/data/shapenet_blender/all_50_random/02958343/c41fc68f756437b2511afe12ef4fe731/r_32",
            "rotation": 0.12566370614359174,
            "transform_matrix": [
                [
                    0.9887740015983582,
                    -0.03300400823354721,
                    -0.14572854340076447,
                    -0.5874506235122681
                ],
                [
                    -0.1494191288948059,
                    -0.2184024304151535,
                    -0.9643516540527344,
                    -3.8874261379241943
                ],
                [
                    0.0,
                    0.9753005504608154,
                    -0.22088201344013214,
                    -0.8904039263725281
                ],
                [
                    0.0,
                    0.0,
                    0.0,
                    1.0
                ]
            ]
        },
        {
            "file_path": "/data/shapenet_blender/all_50_random/02958343/c41fc68f756437b2511afe12ef4fe731/r_33",
            "rotation": 0.12566370614359174,
            "transform_matrix": [
                [
                    0.9803048968315125,
                    0.14939884841442108,
                    -0.12915952503681183,
                    -0.5206586718559265
                ],
                [
                    -0.19748976826667786,
                    0.7415900230407715,
                    -0.641125500202179,
                    -2.5844595432281494
                ],
                [
                    0.0,
                    0.6540060639381409,
                    0.7564892172813416,
                    3.0495054721832275
                ],
                [
                    0.0,
                    0.0,
                    0.0,
                    1.0
                ]
            ]
        },
        {
            "file_path": "/data/shapenet_blender/all_50_random/02958343/c41fc68f756437b2511afe12ef4fe731/r_34",
            "rotation": 0.12566370614359174,
            "transform_matrix": [
                [
                    -0.9500057101249695,
                    -0.30173322558403015,
                    -0.08028876781463623,
                    -0.3236543536186218
                ],
                [
                    -0.31223264336586,
                    0.9180600047111511,
                    0.2442883402109146,
                    0.9847577214241028
                ],
                [
                    0.0,
                    0.2571440637111664,
                    -0.966373085975647,
                    -3.8955743312835693
                ],
                [
                    0.0,
                    0.0,
                    0.0,
                    1.0
                ]
            ]
        },
        {
            "file_path": "/data/shapenet_blender/all_50_random/02958343/c41fc68f756437b2511afe12ef4fe731/r_35",
            "rotation": 0.12566370614359174,
            "transform_matrix": [
                [
                    -0.18546944856643677,
                    -0.25936704874038696,
                    -0.9478025436401367,
                    -3.8207144737243652
                ],
                [
                    -0.9826500415802002,
                    0.04895401373505592,
                    0.17889218032360077,
                    0.721137523651123
                ],
                [
                    -3.725290298461914e-09,
                    0.9645372629165649,
                    -0.2639464735984802,
                    -1.0640023946762085
                ],
                [
                    0.0,
                    0.0,
                    0.0,
                    1.0
                ]
            ]
        },
        {
            "file_path": "/data/shapenet_blender/all_50_random/02958343/c41fc68f756437b2511afe12ef4fe731/r_36",
            "rotation": 0.12566370614359174,
            "transform_matrix": [
                [
                    -0.6557105779647827,
                    0.3703943192958832,
                    0.6579145789146423,
                    2.6521387100219727
                ],
                [
                    0.7550123929977417,
                    0.3216788172721863,
                    0.5713834166526794,
                    2.3033204078674316
                ],
                [
                    -1.4901161193847656e-08,
                    0.8713957667350769,
                    -0.4905804991722107,
                    -1.9775934219360352
                ],
                [
                    0.0,
                    0.0,
                    0.0,
                    1.0
                ]
            ]
        },
        {
            "file_path": "/data/shapenet_blender/all_50_random/02958343/c41fc68f756437b2511afe12ef4fe731/r_37",
            "rotation": 0.12566370614359174,
            "transform_matrix": [
                [
                    0.8918181657791138,
                    0.040041133761405945,
                    -0.4506184160709381,
                    -1.8165009021759033
                ],
                [
                    -0.45239388942718506,
                    0.07893433421850204,
                    -0.8883181214332581,
                    -3.5809249877929688
                ],
                [
                    0.0,
                    0.9960753321647644,
                    0.0885094404220581,
                    0.35679295659065247
                ],
                [
                    0.0,
                    0.0,
                    0.0,
                    1.0
                ]
            ]
        },
        {
            "file_path": "/data/shapenet_blender/all_50_random/02958343/c41fc68f756437b2511afe12ef4fe731/r_38",
            "rotation": 0.12566370614359174,
            "transform_matrix": [
                [
                    0.6071992516517639,
                    0.46185216307640076,
                    -0.6465305089950562,
                    -2.606247901916504
                ],
                [
                    -0.7945497035980225,
                    0.35294991731643677,
                    -0.49408215284347534,
                    -1.9917088747024536
                ],
                [
                    -1.4901162970204496e-08,
                    0.8137068748474121,
                    0.5812753438949585,
                    2.343195915222168
                ],
                [
                    0.0,
                    0.0,
                    0.0,
                    1.0
                ]
            ]
        },
        {
            "file_path": "/data/shapenet_blender/all_50_random/02958343/c41fc68f756437b2511afe12ef4fe731/r_39",
            "rotation": 0.12566370614359174,
            "transform_matrix": [
                [
                    0.7877315282821655,
                    0.5431760549545288,
                    -0.2905837893486023,
                    -1.1713807582855225
                ],
                [
                    -0.6160188317298889,
                    0.6945841312408447,
                    -0.3715828061103821,
                    -1.4978982210159302
                ],
                [
                    0.0,
                    0.4717124104499817,
                    0.8817524313926697,
                    3.554457664489746
                ],
                [
                    0.0,
                    0.0,
                    0.0,
                    1.0
                ]
            ]
        },
        {
            "file_path": "/data/shapenet_blender/all_50_random/02958343/c41fc68f756437b2511afe12ef4fe731/r_40",
            "rotation": 0.12566370614359174,
            "transform_matrix": [
                [
                    0.9980964660644531,
                    0.05694522708654404,
                    0.02368287928402424,
                    0.09546874463558197
                ],
                [
                    0.06167364493012428,
                    -0.921574056148529,
                    -0.38327229022979736,
                    -1.5450201034545898
                ],
                [
                    0.0,
                    0.3840031623840332,
                    -0.9233316779136658,
                    -3.722069263458252
                ],
                [
                    0.0,
                    0.0,
                    0.0,
                    1.0
                ]
            ]
        },
        {
            "file_path": "/data/shapenet_blender/all_50_random/02958343/c41fc68f756437b2511afe12ef4fe731/r_41",
            "rotation": 0.12566370614359174,
            "transform_matrix": [
                [
                    -0.5419706702232361,
                    -0.04939178377389908,
                    0.8389447927474976,
                    3.381894111633301
                ],
                [
                    0.8403973579406738,
                    -0.03185267001390457,
                    0.5410338640213013,
                    2.1809771060943604
                ],
                [
                    1.8626448161640496e-09,
