{
    "class": "02958343",
    "model": "99c2ddb7e6169412cb9ff477a2867fc",
    "remove_doubles": true,
    "edge_split": true,
    "denoise": true,
    "camera_angle_x": 0.6911112070083618,
    "scale_factor": 2.298026519627006,
    "hdri_file": "/data/IndoorHDRDataset2018/9C4A0563-d585505ff3.exr",
    "center_offset": [
        0.0,
        -2.7939677238464355e-09,
        -7.450580596923828e-09
    ],
    "lights": [],
    "frames": [
        {
            "file_path": "/data/shapenet_blender/all_50_random/02958343/99c2ddb7e6169412cb9ff477a2867fc/r_0",
            "rotation": 0.12566370614359174,
            "transform_matrix": [
                [
                    0.9945630431175232,
                    0.037775371223688126,
                    0.09704333543777466,
                    0.3911941945552826
                ],
                [
                    0.1041364073753357,
                    -0.36077672243118286,
                    -0.9268201589584351,
                    -3.7361316680908203
                ],
                [
                    0.0,
                    0.9318867921829224,
                    -0.36274901032447815,
                    -1.4622880220413208
                ],
                [
                    0.0,
                    0.0,
                    0.0,
                    1.0
                ]
            ]
        },
        {
            "file_path": "/data/shapenet_blender/all_50_random/02958343/99c2ddb7e6169412cb9ff477a2867fc/r_1",
            "rotation": 0.12566370614359174,
            "transform_matrix": [
                [
                    0.47850775718688965,
                    -0.06722118705511093,
                    -0.875506579875946,
                    -3.5292794704437256
                ],
                [
                    -0.8780832886695862,
                    -0.03663190081715584,
                    -0.4771035611629486,
                    -1.9232656955718994
                ],
                [
                    -3.725290076417309e-09,
                    0.9970653653144836,
                    -0.07655446976423264,
                    -0.30860090255737305
                ],
                [
                    0.0,
                    0.0,
                    0.0,
                    1.0
                ]
            ]
        },
        {
            "file_path": "/data/shapenet_blender/all_50_random/02958343/99c2ddb7e6169412cb9ff477a2867fc/r_2",
            "rotation": 0.12566370614359174,
            "transform_matrix": [
                [
                    0.5008971691131592,
                    -0.814674437046051,
                    -0.2922457754611969,
                    -1.1780805587768555
                ],
                [
                    -0.8655067086219788,
                    -0.4714788496494293,
                    -0.16913221776485443,
                    -0.6817938089370728
                ],
                [
                    -1.4901160305669237e-08,
                    0.3376585841178894,
                    -0.9412685632705688,
                    -3.79437518119812
                ],
                [
                    0.0,
                    0.0,
                    0.0,
                    1.0
                ]
            ]
        },
        {
            "file_path": "/data/shapenet_blender/all_50_random/02958343/99c2ddb7e6169412cb9ff477a2867fc/r_3",
            "rotation": 0.12566370614359174,
            "transform_matrix": [
                [
                    0.8341014385223389,
                    -0.36630839109420776,
                    0.4124232828617096,
                    1.6625313758850098
                ],
                [
                    0.5516111254692078,
                    0.553901731967926,
                    -0.6236329674720764,
                    -2.5139448642730713
                ],
                [
                    1.4901161193847656e-08,
                    0.7476702928543091,
                    0.6640700101852417,
                    2.6769518852233887
                ],
                [
                    0.0,
                    0.0,
                    0.0,
                    1.0
                ]
            ]
        },
        {
            "file_path": "/data/shapenet_blender/all_50_random/02958343/99c2ddb7e6169412cb9ff477a2867fc/r_4",
            "rotation": 0.12566370614359174,
            "transform_matrix": [
                [
                    -0.6992364525794983,
                    -0.18032066524028778,
                    0.6917752027511597,
                    2.788635015487671
                ],
                [
                    0.7148905396461487,
                    -0.17637214064598083,
                    0.6766272783279419,
                    2.727571725845337
                ],
                [
                    -7.450581485102248e-09,
                    0.9676658511161804,
                    0.25223538279533386,
                    1.0167933702468872
                ],
                [
                    0.0,
                    0.0,
                    0.0,
                    1.0
                ]
            ]
        },
        {
            "file_path": "/data/shapenet_blender/all_50_random/02958343/99c2ddb7e6169412cb9ff477a2867fc/r_5",
            "rotation": 0.12566370614359174,
            "transform_matrix": [
                [
                    -0.9985840320587158,
                    0.03480890393257141,
                    0.04022934287786484,
                    0.1621696650981903
                ],
                [
                    0.05319831520318985,
                    0.6533969640731812,
                    0.7551438808441162,
                    3.0440824031829834
                ],
                [
                    1.862645371275562e-09,
                    0.7562146186828613,
                    -0.6543235182762146,
                    -2.637662410736084
                ],
                [
                    0.0,
                    0.0,
                    0.0,
                    1.0
                ]
            ]
        },
        {
            "file_path": "/data/shapenet_blender/all_50_random/02958343/99c2ddb7e6169412cb9ff477a2867fc/r_6",
            "rotation": 0.12566370614359174,
            "transform_matrix": [
                [
                    0.7764614820480347,
                    0.12280789017677307,
                    0.6180824041366577,
                    2.491569757461548
                ],
                [
                    0.6301647424697876,
                    -0.1513185054063797,
                    -0.7615740895271301,
                    -3.0700032711029053
                ],
                [
                    -7.450580596923828e-09,
                    0.9808266758918762,
                    -0.19488218426704407,
                    -0.7855952382087708
                ],
                [
                    0.0,
                    0.0,
                    0.0,
                    1.0
                ]
            ]
        },
        {
            "file_path": "/data/shapenet_blender/all_50_random/02958343/99c2ddb7e6169412cb9ff477a2867fc/r_7",
            "rotation": 0.12566370614359174,
            "transform_matrix": [
                [
                    -0.2098049521446228,
                    -0.4880334138870239,
                    -0.8472338914871216,
                    -3.415308952331543
                ],
                [
                    -0.9777432680130005,
                    0.10472261160612106,
                    0.18180014193058014,
                    0.7328597903251648
                ],
                [
                    0.0,
                    0.8665198087692261,
                    -0.49914276599884033,
                    -2.01210880279541
                ],
                [
                    0.0,
                    0.0,
                    0.0,
                    1.0
                ]
            ]
        },
        {
            "file_path": "/data/shapenet_blender/all_50_random/02958343/99c2ddb7e6169412cb9ff477a2867fc/r_8",
            "rotation": 0.12566370614359174,
            "transform_matrix": [
                [
                    0.6672384738922119,
                    -0.6048141717910767,
                    0.43473270535469055,
                    1.7524635791778564
                ],
                [
                    0.7448440790176392,
                    0.5417983531951904,
                    -0.3894377052783966,
                    -1.569873571395874
                ],
                [
                    -1.4901161193847656e-08,
                    0.5836557745933533,
                    0.81200110912323,
                    3.2732810974121094
                ],
                [
                    0.0,
                    0.0,
                    0.0,
                    1.0
                ]
            ]
        },
        {
            "file_path": "/data/shapenet_blender/all_50_random/02958343/99c2ddb7e6169412cb9ff477a2867fc/r_9",
            "rotation": 0.12566370614359174,
            "transform_matrix": [
                [
                    -0.6640198230743408,
                    0.7381346821784973,
                    -0.11930929869413376,
                    -0.4809511601924896
                ],
                [
                    -0.7477148771286011,
                    -0.6555119752883911,
                    0.10595448315143585,
                    0.42711618542671204
                ],
                [
                    7.450580152834618e-09,
                    0.15956531465053558,
                    0.987187385559082,
                    3.9794795513153076
                ],
                [
                    0.0,
                    0.0,
                    0.0,
                    1.0
                ]
            ]
        },
        {
            "file_path": "/data/shapenet_blender/all_50_random/02958343/99c2ddb7e6169412cb9ff477a2867fc/r_10",
            "rotation": 0.12566370614359174,
            "transform_matrix": [
                [
                    -0.9996454119682312,
                    -0.016503047198057175,
                    -0.02089649625122547,
                    -0.08423648029565811
                ],
                [
                    -0.026627322658896446,
                    0.6195589303970337,
                    0.7844982147216797,
                    3.1624135971069336
                ],
                [
                    0.0,
                    0.7847764492034912,
                    -0.6197787523269653,
                    -2.498408317565918
                ],
                [
                    0.0,
                    0.0,
                    0.0,
                    1.0
                ]
            ]
        },
        {
            "file_path": "/data/shapenet_blender/all_50_random/02958343/99c2ddb7e6169412cb9ff477a2867fc/r_11",
            "rotation": 0.12566370614359174,
            "transform_matrix": [
                [
                    -0.34631791710853577,
                    0.8467270731925964,
                    -0.4038776755332947,
                    -1.6280829906463623
                ],
                [
                    -0.9381171464920044,
                    -0.3125801086425781,
                    0.14909659326076508,
                    0.6010276079177856
                ],
                [
                    0.0,
                    0.4305194020271301,
                    0.9025813341140747,
                    3.6384217739105225
                ],
                [
                    0.0,
                    0.0,
                    0.0,
                    1.0
                ]
            ]
        },
        {
            "file_path": "/data/shapenet_blender/all_50_random/02958343/99c2ddb7e6169412cb9ff477a2867fc/r_12",
            "rotation": 0.12566370614359174,
            "transform_matrix": [
                [
                    0.8414581418037415,
                    0.5165817737579346,
                    0.1584027111530304,
                    0.6385417580604553
                ],
                [
                    0.5403223633766174,
                    -0.8044863343238831,
                    -0.24668468534946442,
                    -0.9944177865982056
                ],
                [
                    0.0,
                    0.29316335916519165,
                    -0.9560623168945312,
                    -3.854010581970215
                ],
                [
                    0.0,
                    0.0,
                    0.0,
                    1.0
                ]
            ]
        },
        {
            "file_path": "/data/shapenet_blender/all_50_random/02958343/99c2ddb7e6169412cb9ff477a2867fc/r_13",
            "rotation": 0.12566370614359174,
            "transform_matrix": [
                [
                    -0.058874886482954025,
                    0.2677312195301056,
                    0.9616931080818176,
                    3.876709222793579
                ],
                [
                    0.9982653856277466,
                    0.01579003408551216,
                    0.05671795457601547,
                    0.22863739728927612
                ],
                [
                    0.0,
                    0.9633642435073853,
                    -0.2681964039802551,
                    -1.0811344385147095
                ],
                [
                    0.0,
                    0.0,
                    0.0,
                    1.0
                ]
            ]
        },
        {
            "file_path": "/data/shapenet_blender/all_50_random/02958343/99c2ddb7e6169412cb9ff477a2867fc/r_14",
            "rotation": 0.12566370614359174,
            "transform_matrix": [
                [
                    5.182993845664896e-05,
                    0.5270217657089233,
                    -0.8498517274856567,
                    -3.4258620738983154
                ],
                [
                    -1.0,
                    2.731550921453163e-05,
                    -4.4047767005395144e-05,
                    -0.00017756223678588867
                ],
                [
                    0.0,
                    0.8498518466949463,
                    0.5270217061042786,
                    2.124492645263672
                ],
                [
                    0.0,
                    0.0,
                    0.0,
                    1.0
                ]
            ]
        },
        {
            "file_path": "/data/shapenet_blender/all_50_random/02958343/99c2ddb7e6169412cb9ff477a2867fc/r_15",
            "rotation": 0.12566370614359174,
            "transform_matrix": [
                [
                    -0.7599401473999023,
                    -0.37953171133995056,
                    0.5276803970336914,
                    2.127147674560547
                ],
                [
                    0.6499930024147034,
                    -0.44373002648353577,
                    0.6169382333755493,
                    2.486957550048828
                ],
                [
                    1.4901159417490817e-08,
                    0.8118247389793396,
                    0.5839012265205383,
                    2.353781223297119
                ],
                [
                    0.0,
                    0.0,
                    0.0,
                    1.0
                ]
            ]
        },
        {
            "file_path": "/data/shapenet_blender/all_50_random/02958343/99c2ddb7e6169412cb9ff477a2867fc/r_16",
            "rotation": 0.12566370614359174,
            "transform_matrix": [
                [
                    0.9309253692626953,
                    -0.13289538025856018,
                    0.34017181396484375,
                    1.3712764978408813
                ],
                [
                    0.3652096092700958,
                    0.33875250816345215,
                    -0.8671035766601562,
                    -3.49540638923645
                ],
                [
                    7.450581485102248e-09,
                    0.9314426183700562,
                    0.3638879954814911,
                    1.4668794870376587
                ],
                [
                    0.0,
                    0.0,
                    0.0,
                    1.0
                ]
            ]
        },
        {
            "file_path": "/data/shapenet_blender/all_50_random/02958343/99c2ddb7e6169412cb9ff477a2867fc/r_17",
            "rotation": 0.12566370614359174,
            "transform_matrix": [
                [
                    0.9756192564964294,
                    0.01123388484120369,
                    -0.2191825807094574,
                    -0.8835532665252686
                ],
                [
                    -0.2194703072309494,
                    0.049938395619392395,
                    -0.9743402600288391,
                    -3.9276912212371826
                ],
                [
                    0.0,
                    0.9986890554428101,
                    0.05118636041879654,
                    0.2063388228416443
                ],
                [
                    0.0,
                    0.0,
                    0.0,
                    1.0
                ]
            ]
        },
        {
            "file_path": "/data/shapenet_blender/all_50_random/02958343/99c2ddb7e6169412cb9ff477a2867fc/r_18",
            "rotation": 0.12566370614359174,
            "transform_matrix": [
                [
                    0.457017719745636,
                    0.22626537084579468,
                    -0.8601968288421631,
                    -3.467564821243286
                ],
                [
                    -0.889457643032074,
                    0.11625880748033524,
                    -0.44198304414749146,
                    -1.7816908359527588
                ],
                [
                    0.0,
                    0.9671028256416321,
                    0.25438573956489563,
                    1.0254617929458618
                ],
                [
                    0.0,
                    0.0,
                    0.0,
                    1.0
                ]
            ]
        },
        {
            "file_path": "/data/shapenet_blender/all_50_random/02958343/99c2ddb7e6169412cb9ff477a2867fc/r_19",
            "rotation": 0.12566370614359174,
            "transform_matrix": [
                [
                    0.16684532165527344,
                    0.0011064368300139904,
                    -0.9859824180603027,
                    -3.9746224880218506
                ],
                [
                    -0.9859830141067505,
                    0.00018722818640526384,
                    -0.16684521734714508,
                    -0.6725746393203735
                ],
                [
                    0.0,
                    0.999999463558197,
                    0.001122166053391993,
                    0.004523596726357937
                ],
                [
                    0.0,
                    0.0,
                    0.0,
                    1.0
                ]
            ]
        },
        {
            "file_path": "/data/shapenet_blender/all_50_random/02958343/99c2ddb7e6169412cb9ff477a2867fc/r_20",
            "rotation": 0.12566370614359174,
            "transform_matrix": [
                [
                    -0.1062852144241333,
                    0.22265754640102386,
                    0.9690857529640198,
                    3.9065091609954834
                ],
                [
                    0.9943357110023499,
                    0.023800015449523926,
                    0.10358623415231705,
                    0.41756942868232727
                ],
                [
                    1.8626450382086546e-09,
                    0.9746061563491821,
                    -0.22392594814300537,
                    -0.9026742577552795
                ],
                [
                    0.0,
                    0.0,
                    0.0,
                    1.0
                ]
            ]
        },
        {
            "file_path": "/data/shapenet_blender/all_50_random/02958343/99c2ddb7e6169412cb9ff477a2867fc/r_21",
            "rotation": 0.12566370614359174,
            "transform_matrix": [
                [
                    0.9974814653396606,
                    -0.05999922752380371,
                    -0.037828411906957626,
                    -0.15249121189117432
                ],
                [
                    -0.07092881947755814,
                    -0.8437771201133728,
                    -0.5319859981536865,
                    -2.1445040702819824
                ],
                [
                    0.0,
                    0.5333291888237,
                    -0.8459077477455139,
                    -3.4099631309509277
                ],
                [
                    0.0,
                    0.0,
                    0.0,
                    1.0
                ]
            ]
        },
        {
            "file_path": "/data/shapenet_blender/all_50_random/02958343/99c2ddb7e6169412cb9ff477a2867fc/r_22",
            "rotation": 0.12566370614359174,
            "transform_matrix": [
                [
                    -0.003631229978054762,
                    0.025059117004275322,
                    0.999679446220398,
                    4.029836177825928
                ],
                [
                    0.9999934434890747,
                    9.099600720219314e-05,
                    0.0036300895735621452,
                    0.014633357524871826
                ],
                [
                    0.0,
                    0.9996858835220337,
                    -0.025059286504983902,
                    -0.10101719945669174
                ],
                [
                    0.0,
                    0.0,
                    0.0,
                    1.0
                ]
            ]
        },
        {
            "file_path": "/data/shapenet_blender/all_50_random/02958343/99c2ddb7e6169412cb9ff477a2867fc/r_23",
            "rotation": 0.12566370614359174,
            "transform_matrix": [
                [
                    -0.9542856216430664,
                    -0.26233676075935364,
                    0.14324268698692322,
                    0.5774297714233398
                ],
                [
                    0.2988964319229126,
                    -0.8375617265701294,
                    0.4573304355144501,
                    1.8435581922531128
                ],
                [
                    0.0,
                    0.4792385399341583,
                    0.8776845335960388,
                    3.538059949874878
                ],
                [
                    0.0,
                    0.0,
                    0.0,
                    1.0
                ]
            ]
        },
        {
            "file_path": "/data/shapenet_blender/all_50_random/02958343/99c2ddb7e6169412cb9ff477a2867fc/r_24",
            "rotation": 0.12566370614359174,
            "transform_matrix": [
                [
                    -0.9896762371063232,
                    0.02529982291162014,
                    0.1410706639289856,
                    0.5686740875244141
                ],
                [
                    0.14332139492034912,
                    0.1747026890516281,
                    0.9741343855857849,
                    3.926861524581909
                ],
                [
                    1.862645371275562e-09,
                    0.9842960834503174,
                    -0.1765250861644745,
                    -0.7115954160690308
                ],
                [
                    0.0,
                    0.0,
                    0.0,
                    1.0
                ]
            ]
        },
        {
            "file_path": "/data/shapenet_blender/all_50_random/02958343/99c2ddb7e6169412cb9ff477a2867fc/r_25",
            "rotation": 0.12566370614359174,
            "transform_matrix": [
                [
                    -0.48583123087882996,
                    -0.596176266670227,
                    0.6391727924346924,
                    2.5765879154205322
                ],
                [
                    0.8740525841712952,
                    -0.3313771188259125,
                    0.3552761971950531,
                    1.432164192199707
                ],
                [
                    0.0,
                    0.7312748432159424,
                    0.6820828318595886,
                    2.7495639324188232
                ],
                [
                    0.0,
                    0.0,
                    0.0,
                    1.0
                ]
            ]
        },
        {
            "file_path": "/data/shapenet_blender/all_50_random/02958343/99c2ddb7e6169412cb9ff477a2867fc/r_26",
            "rotation": 0.12566370614359174,
            "transform_matrix": [
                [
                    -0.3420967757701874,
                    -0.8498727679252625,
                    0.40085649490356445,
                    1.6159040927886963
                ],
                [
                    0.9396647214889526,
                    -0.3094068765640259,
                    0.14593684673309326,
                    0.5882902145385742
                ],
                [
                    0.0,
                    0.4265954792499542,
                    0.9044426679611206,
                    3.6459248065948486
                ],
                [
                    0.0,
                    0.0,
                    0.0,
                    1.0
                ]
            ]
        },
        {
            "file_path": "/data/shapenet_blender/all_50_random/02958343/99c2ddb7e6169412cb9ff477a2867fc/r_27",
            "rotation": 0.12566370614359174,
            "transform_matrix": [
                [
                    0.2640574872493744,
                    -0.9078502058982849,
                    -0.3257017135620117,
                    -1.3129456043243408
                ],
                [
                    -0.9645070433616638,
                    -0.24854625761508942,
                    -0.08916883170604706,
                    -0.3594510555267334
                ],
                [
                    0.0,
                    0.337687224149704,
                    -0.9412583708763123,
                    -3.7943339347839355
                ],
                [
                    0.0,
                    0.0,
                    0.0,
                    1.0
                ]
            ]
        },
        {
            "file_path": "/data/shapenet_blender/all_50_random/02958343/99c2ddb7e6169412cb9ff477a2867fc/r_28",
            "rotation": 0.12566370614359174,
            "transform_matrix": [
                [
                    -0.776943027973175,
                    -0.576606035232544,
                    -0.252754807472229,
                    -1.0188871622085571
                ],
                [
                    -0.6295708417892456,
                    0.7115800380706787,
                    0.3119205832481384,
                    1.2573920488357544
                ],
                [
                    -1.4901159417490817e-08,
                    0.4014715850353241,
                    -0.9158715009689331,
                    -3.6919960975646973
                ],
                [
                    0.0,
                    0.0,
                    0.0,
                    1.0
                ]
            ]
        },
        {
            "file_path": "/data/shapenet_blender/all_50_random/02958343/99c2ddb7e6169412cb9ff477a2867fc/r_29",
            "rotation": 0.12566370614359174,
            "transform_matrix": [
                [
                    0.9763637781143188,
                    -0.057892851531505585,
                    0.20823584496974945,
                    0.8394256234169006
                ],
                [
                    0.21613365411758423,
                    0.26152560114860535,
                    -0.9406861662864685,
                    -3.792027473449707
                ],
                [
                    0.0,
                    0.963458776473999,
                    0.2678566575050354,
                    1.0797648429870605
                ],
                [
                    0.0,
                    0.0,
                    0.0,
                    1.0
                ]
            ]
        },
        {
            "file_path": "/data/shapenet_blender/all_50_random/02958343/99c2ddb7e6169412cb9ff477a2867fc/r_30",
            "rotation": 0.12566370614359174,
            "transform_matrix": [
                [
                    0.854023814201355,
                    -0.11224213242530823,
                    0.5079814791679382,
                    2.047738552093506
                ],
                [
                    0.5202340483665466,
                    0.1842583268880844,
                    -0.833909809589386,
                    -3.3615975379943848
                ],
                [
                    0.0,
                    0.9764478802680969,
                    0.2157531976699829,
                    0.8697288632392883
                ],
                [
                    0.0,
                    0.0,
                    0.0,
                    1.0
                ]
            ]
        },
        {
            "file_path": "/data/shapenet_blender/all_50_random/02958343/99c2ddb7e6169412cb9ff477a2867fc/r_31",
            "rotation": 0.12566370614359174,
            "transform_matrix": [
                [
                    -0.2315279245376587,
                    0.21376262605190277,
                    -0.9490522742271423,
                    -3.8257522583007812
                ],
                [
                    -0.9728283286094666,
                    -0.05087435618042946,
                    0.2258693426847458,
                    0.9105085134506226
                ],
                [
                    0.0,
                    0.9755600094795227,
                    0.2197331339120865,
                    0.8857726454734802
                ],
                [
                    0.0,
                    0.0,
                    0.0,
                    1.0
                ]
            ]
        },
        {
            "file_path": "/data/shapenet_blender/all_50_random/02958343/99c2ddb7e6169412cb9ff477a2867fc/r_32",
            "rotation": 0.12566370614359174,
            "transform_matrix": [
                [
                    0.9092565774917603,
                    0.14059937000274658,
                    0.3917709290981293,
                    1.5792791843414307
                ],
                [
                    0.41623634099960327,
                    -0.30713534355163574,
                    -0.8558125495910645,
                    -3.4498908519744873
                ],
                [
                    -7.450581485102248e-09,
                    0.9412223696708679,
                    -0.337787389755249,
                    -1.3616645336151123
                ],
                [
                    0.0,
                    0.0,
                    0.0,
                    1.0
                ]
            ]
        },
        {
            "file_path": "/data/shapenet_blender/all_50_random/02958343/99c2ddb7e6169412cb9ff477a2867fc/r_33",
            "rotation": 0.12566370614359174,
            "transform_matrix": [
                [
                    -0.984533429145813,
                    0.06299296021461487,
                    0.16348077356815338,
                    0.6590120792388916
                ],
                [
                    0.1751972734928131,
                    0.3539934456348419,
                    0.9186917543411255,
                    3.703364849090576
                ],
                [
                    -7.450581485102248e-09,
                    0.9331239461898804,
                    -0.35955455899238586,
                    -1.4494107961654663
                ],
                [
                    0.0,
                    0.0,
                    0.0,
                    1.0
                ]
            ]
        },
        {
            "file_path": "/data/shapenet_blender/all_50_random/02958343/99c2ddb7e6169412cb9ff477a2867fc/r_34",
            "rotation": 0.12566370614359174,
            "transform_matrix": [
                [
                    0.8616504669189453,
                    -0.1582263857126236,
                    -0.4822062849998474,
                    -1.943835735321045
                ],
                [
                    -0.5075022578239441,
                    -0.2686408460140228,
                    -0.8187023401260376,
                    -3.3002946376800537
                ],
                [
                    0.0,
                    0.950156033039093,
                    -0.3117747902870178,
                    -1.256804347038269
                ],
                [
                    0.0,
                    0.0,
                    0.0,
                    1.0
                ]
            ]
        },
        {
            "file_path": "/data/shapenet_blender/all_50_random/02958343/99c2ddb7e6169412cb9ff477a2867fc/r_35",
            "rotation": 0.12566370614359174,
            "transform_matrix": [
                [
                    0.8731273412704468,
                    -0.33400431275367737,
                    0.3550909757614136,
                    1.431417465209961
                ],
                [
                    0.4874919652938843,
                    0.5982217788696289,
                    -0.635989248752594,
                    -2.5637545585632324
                ],
                [
                    -1.4901158529312397e-08,
                    0.7284036874771118,
                    0.6851482391357422,
                    2.761920928955078
                ],
                [
                    0.0,
                    0.0,
                    0.0,
                    1.0
                ]
            ]
        },
        {
            "file_path": "/data/shapenet_blender/all_50_random/02958343/99c2ddb7e6169412cb9ff477a2867fc/r_36",
            "rotation": 0.12566370614359174,
            "transform_matrix": [
                [
                    -0.9710097312927246,
                    -0.023635726422071457,
                    0.23786845803260803,
                    0.9588783979415894
                ],
                [
                    0.2390398383140564,
                    -0.09601128101348877,
                    0.9662514328956604,
                    3.8950839042663574
                ],
                [
                    0.0,
                    0.9950994849205017,
                    0.09887778013944626,
                    0.3985890746116638
                ],
                [
                    0.0,
                    0.0,
                    0.0,
                    1.0
                ]
            ]
        },
        {
            "file_path": "/data/shapenet_blender/all_50_random/02958343/99c2ddb7e6169412cb9ff477a2867fc/r_37",
            "rotation": 0.12566370614359174,
            "transform_matrix": [
                [
                    0.5191013216972351,
                    -0.6537399291992188,
                    0.5505977869033813,
                    2.2195305824279785
                ],
                [
                    0.8547127842903137,
                    0.3970424234867096,
                    -0.33440008759498596,
                    -1.3480098247528076
                ],
                [
                    1.4901162970204496e-08,
                    0.6441904306411743,
                    0.7648651003837585,
                    3.0832698345184326
                ],
                [
                    0.0,
                    0.0,
                    0.0,
                    1.0
                ]
            ]
        },
        {
            "file_path": "/data/shapenet_blender/all_50_random/02958343/99c2ddb7e6169412cb9ff477a2867fc/r_38",
            "rotation": 0.12566370614359174,
            "transform_matrix": [
                [
                    -0.832664430141449,
                    -0.3772386312484741,
                    0.4054146111011505,
                    1.6342785358428955
                ],
                [
                    0.5537779331207275,
                    -0.5672186017036438,
                    0.6095842123031616,
                    2.45731258392334
                ],
                [
                    0.0,
                    0.7320887446403503,
                    0.6812092065811157,
                    2.746042251586914
                ],
                [
                    0.0,
                    0.0,
                    0.0,
                    1.0
                ]
            ]
        },
        {
            "file_path": "/data/shapenet_blender/all_50_random/02958343/99c2ddb7e6169412cb9ff477a2867fc/r_39",
            "rotation": 0.12566370614359174,
            "transform_matrix": [
                [
                    -0.40066397190093994,
                    0.3925577700138092,
                    0.8278687596321106,
                    3.3372459411621094
                ],
                [
                    0.9162251949310303,
                    0.17166496813297272,
                    0.36202582716941833,
                    1.459372878074646
                ],
                [
                    0.0,
                    0.9035649299621582,
                    -0.42845118045806885,
                    -1.727142095565796
                ],
                [
                    0.0,
                    0.0,
                    0.0,
                    1.0
                ]
            ]
        },
        {
            "file_path": "/data/shapenet_blender/all_50_random/02958343/99c2ddb7e6169412cb9ff477a2867fc/r_40",
            "rotation": 0.12566370614359174,
            "transform_matrix": [
                [
                    0.5086073279380798,
                    0.31482720375061035,
                    0.8013752102851868,
                    3.2304470539093018
                ],
                [
                    0.8609986305236816,
                    -0.18597407639026642,
                    -0.4733867347240448,
                    -1.9082831144332886
                ],
                [
                    -1.4901162970204496e-08,
                    0.9307509064674377,
                    -0.3656535744667053,
                    -1.473996877670288
                ],
                [
                    0.0,
                    0.0,
                    0.0,
                    1.0
                ]
            ]
        },
        {
            "file_path": "/data/shapenet_blender/all_50_random/02958343/99c2ddb7e6169412cb9ff477a2867fc/r_41",
            "rotation": 0.12566370614359174,
            "transform_matrix": [
                [
                    0.6281500458717346,
                    -0.07329615950584412,
                    -0.7746322154998779,
                    -3.1226425170898438
                ],
                [
                    -0.7780922055244446,
                    -0.059171631932258606,
                    -0.6253567934036255,
                    -2.5208940505981445
                ],
                [
                    0.0,
                    0.9955533146858215,
