{
    "class": "02958343",
    "model": "adc6f0f3274cf92cd4f6529a209c5dc0",
    "remove_doubles": true,
    "edge_split": true,
    "denoise": true,
    "camera_angle_x": 0.6911112070083618,
    "scale_factor": 2.294220053853377,
    "hdri_file": "/data/IndoorHDRDataset2018/9C4A1019-522396b543.exr",
    "center_offset": [
        0.0,
        0.0,
        3.725290298461914e-09
    ],
    "lights": [],
    "frames": [
        {
            "file_path": "/data/shapenet_blender/all_50_random/02958343/adc6f0f3274cf92cd4f6529a209c5dc0/r_0",
            "rotation": 0.12566370614359174,
            "transform_matrix": [
                [
                    -0.46700894832611084,
                    0.5502997040748596,
                    0.692150890827179,
                    2.790149450302124
                ],
                [
                    0.8842524290084839,
                    0.29063519835472107,
                    0.36555248498916626,
                    1.4735891819000244
                ],
                [
                    1.4901159417490817e-08,
                    0.7827524542808533,
                    -0.6223331689834595,
                    -2.5087051391601562
                ],
                [
                    0.0,
                    0.0,
                    0.0,
                    1.0
                ]
            ]
        },
        {
            "file_path": "/data/shapenet_blender/all_50_random/02958343/adc6f0f3274cf92cd4f6529a209c5dc0/r_1",
            "rotation": 0.12566370614359174,
            "transform_matrix": [
                [
                    0.9826460480690002,
                    0.01142948865890503,
                    -0.18513837456703186,
                    -0.74631667137146
                ],
                [
                    -0.18549084663391113,
                    0.06054823100566864,
                    -0.9807788133621216,
                    -3.953645944595337
                ],
                [
                    9.313225746154785e-10,
                    0.9980998635292053,
                    0.061617542058229446,
                    0.24838826060295105
                ],
                [
                    0.0,
                    0.0,
                    0.0,
                    1.0
                ]
            ]
        },
        {
            "file_path": "/data/shapenet_blender/all_50_random/02958343/adc6f0f3274cf92cd4f6529a209c5dc0/r_2",
            "rotation": 0.12566370614359174,
            "transform_matrix": [
                [
                    0.17995618283748627,
                    -0.8412277102470398,
                    -0.5098546147346497,
                    -2.0552899837493896
                ],
                [
                    -0.9836746454238892,
                    -0.1538965404033661,
                    -0.09327423572540283,
                    -0.3760004937648773
                ],
                [
                    7.450580596923828e-09,
                    0.5183163285255432,
                    -0.8551889061927795,
                    -3.4473769664764404
                ],
                [
                    0.0,
                    0.0,
                    0.0,
                    1.0
                ]
            ]
        },
        {
            "file_path": "/data/shapenet_blender/all_50_random/02958343/adc6f0f3274cf92cd4f6529a209c5dc0/r_3",
            "rotation": 0.12566370614359174,
            "transform_matrix": [
                [
                    0.9817656874656677,
                    0.01053762249648571,
                    -0.18980321288108826,
                    -0.7651212215423584
                ],
                [
                    -0.19009554386138916,
                    0.05442251265048981,
                    -0.9802560210227966,
                    -3.951538324356079
                ],
                [
                    0.0,
                    0.9984623789787292,
                    0.05543331056833267,
                    0.22345882654190063
                ],
                [
                    0.0,
                    0.0,
                    0.0,
                    1.0
                ]
            ]
        },
        {
            "file_path": "/data/shapenet_blender/all_50_random/02958343/adc6f0f3274cf92cd4f6529a209c5dc0/r_4",
            "rotation": 0.12566370614359174,
            "transform_matrix": [
                [
                    -0.7360946536064148,
                    -0.03651990368962288,
                    -0.6758926510810852,
                    -2.7246103286743164
                ],
                [
                    -0.6768785119056702,
                    0.03971481695771217,
                    0.7350225448608398,
                    2.962970733642578
                ],
                [
                    1.862645149230957e-09,
                    0.9985434412956238,
                    -0.05395340546965599,
                    -0.21749313175678253
                ],
                [
                    0.0,
                    0.0,
                    0.0,
                    1.0
                ]
            ]
        },
        {
            "file_path": "/data/shapenet_blender/all_50_random/02958343/adc6f0f3274cf92cd4f6529a209c5dc0/r_5",
            "rotation": 0.12566370614359174,
            "transform_matrix": [
                [
                    0.4208492636680603,
                    -0.21477971971035004,
                    0.8813372850418091,
                    3.5527844429016113
                ],
                [
                    0.9071305990219116,
                    0.09964374452829361,
                    -0.40888285636901855,
                    -1.6482596397399902
                ],
                [
                    -7.450580596923828e-09,
                    0.9715660810470581,
                    0.23676824569702148,
                    0.9544433951377869
                ],
                [
                    0.0,
                    0.0,
                    0.0,
                    1.0
                ]
            ]
        },
        {
            "file_path": "/data/shapenet_blender/all_50_random/02958343/adc6f0f3274cf92cd4f6529a209c5dc0/r_6",
            "rotation": 0.12566370614359174,
            "transform_matrix": [
                [
                    0.6609998941421509,
                    0.12848763167858124,
                    -0.7393037676811218,
                    -2.980228900909424
                ],
                [
                    -0.750386118888855,
                    0.11318214982748032,
                    -0.6512377262115479,
                    -2.625223159790039
                ],
                [
                    -7.450581485102248e-09,
                    0.9852312207221985,
                    0.17122870683670044,
                    0.6902449727058411
                ],
                [
                    0.0,
                    0.0,
                    0.0,
                    1.0
                ]
            ]
        },
        {
            "file_path": "/data/shapenet_blender/all_50_random/02958343/adc6f0f3274cf92cd4f6529a209c5dc0/r_7",
            "rotation": 0.12566370614359174,
            "transform_matrix": [
                [
                    0.658356249332428,
                    -0.5252888202667236,
                    -0.5391089916229248,
                    -2.173218011856079
                ],
                [
                    -0.7527063488960266,
                    -0.459445059299469,
                    -0.4715328812599182,
                    -1.9008100032806396
                ],
                [
                    -2.9802320611338473e-08,
                    0.7162275314331055,
                    -0.6978667974472046,
                    -2.8131911754608154
                ],
                [
                    0.0,
                    0.0,
                    0.0,
                    1.0
                ]
            ]
        },
        {
            "file_path": "/data/shapenet_blender/all_50_random/02958343/adc6f0f3274cf92cd4f6529a209c5dc0/r_8",
            "rotation": 0.12566370614359174,
            "transform_matrix": [
                [
                    -0.15106827020645142,
                    -0.21288356184959412,
                    -0.9653284549713135,
                    -3.8913633823394775
                ],
                [
                    -0.9885234236717224,
                    0.032533321529626846,
                    0.14752356708049774,
                    0.5946865081787109
                ],
                [
                    0.0,
                    0.9765356779098511,
                    -0.21535515785217285,
                    -0.8681244254112244
                ],
                [
                    0.0,
                    0.0,
                    0.0,
                    1.0
                ]
            ]
        },
        {
            "file_path": "/data/shapenet_blender/all_50_random/02958343/adc6f0f3274cf92cd4f6529a209c5dc0/r_9",
            "rotation": 0.12566370614359174,
            "transform_matrix": [
                [
                    -0.4922095239162445,
                    0.06017947569489479,
                    0.8683940768241882,
                    3.500608444213867
                ],
                [
                    0.8704768419265747,
                    0.034028373658657074,
                    0.49103185534477234,
                    1.9794126749038696
                ],
                [
                    1.862645149230957e-09,
                    0.997607409954071,
                    -0.06913392245769501,
                    -0.2786877453327179
                ],
                [
                    0.0,
                    0.0,
                    0.0,
                    1.0
                ]
            ]
        },
        {
            "file_path": "/data/shapenet_blender/all_50_random/02958343/adc6f0f3274cf92cd4f6529a209c5dc0/r_10",
            "rotation": 0.12566370614359174,
            "transform_matrix": [
                [
                    -0.9794707894325256,
                    -0.05929889529943466,
                    -0.1926673799753189,
                    -0.776667058467865
                ],
                [
                    -0.20158642530441284,
                    0.2881222665309906,
                    0.9361348152160645,
                    3.7736802101135254
                ],
                [
                    0.0,
                    0.9557557702064514,
                    -0.2941611707210541,
                    -1.18580162525177
                ],
                [
                    0.0,
                    0.0,
                    0.0,
                    1.0
                ]
            ]
        },
        {
            "file_path": "/data/shapenet_blender/all_50_random/02958343/adc6f0f3274cf92cd4f6529a209c5dc0/r_11",
            "rotation": 0.12566370614359174,
            "transform_matrix": [
                [
                    -0.08476008474826813,
                    -0.9900802969932556,
                    0.11205706000328064,
                    0.45171645283699036
                ],
                [
                    0.9964014291763306,
                    -0.08422236889600754,
                    0.009532268159091473,
                    0.03842580318450928
                ],
                [
                    0.0,
                    0.11246158927679062,
                    0.9936560392379761,
                    4.005555629730225
                ],
                [
                    0.0,
                    0.0,
                    0.0,
                    1.0
                ]
            ]
        },
        {
            "file_path": "/data/shapenet_blender/all_50_random/02958343/adc6f0f3274cf92cd4f6529a209c5dc0/r_12",
            "rotation": 0.12566370614359174,
            "transform_matrix": [
                [
                    -0.27457863092422485,
                    -0.2784498333930969,
                    -0.9203652739524841,
                    -3.710111141204834
                ],
                [
                    -0.9615646600723267,
                    0.07951246201992035,
                    0.2628139853477478,
                    1.0594370365142822
                ],
                [
                    0.0,
                    0.9571537971496582,
                    -0.28957992792129517,
                    -1.1673340797424316
                ],
                [
                    0.0,
                    0.0,
                    0.0,
                    1.0
                ]
            ]
        },
        {
            "file_path": "/data/shapenet_blender/all_50_random/02958343/adc6f0f3274cf92cd4f6529a209c5dc0/r_13",
            "rotation": 0.12566370614359174,
            "transform_matrix": [
                [
                    0.8490383625030518,
                    0.1122804805636406,
                    -0.5162624716758728,
                    -2.081120491027832
                ],
                [
                    -0.5283312201499939,
                    0.1804368942975998,
                    -0.829643726348877,
                    -3.3444008827209473
                ],
                [
                    0.0,
                    0.9771568775177002,
                    0.21251912415027618,
                    0.8566920161247253
                ],
                [
                    0.0,
                    0.0,
                    0.0,
                    1.0
                ]
            ]
        },
        {
            "file_path": "/data/shapenet_blender/all_50_random/02958343/adc6f0f3274cf92cd4f6529a209c5dc0/r_14",
            "rotation": 0.12566370614359174,
            "transform_matrix": [
                [
                    0.8210874795913696,
                    0.15933896601200104,
                    -0.5481116771697998,
                    -2.2095091342926025
                ],
                [
                    -0.5708023905754089,
                    0.22920581698417664,
                    -0.7884473204612732,
                    -3.178333044052124
                ],
                [
                    0.0,
                    0.960247814655304,
                    0.27914902567863464,
                    1.1252858638763428
                ],
                [
                    0.0,
                    0.0,
                    0.0,
                    1.0
                ]
            ]
        },
        {
            "file_path": "/data/shapenet_blender/all_50_random/02958343/adc6f0f3274cf92cd4f6529a209c5dc0/r_15",
            "rotation": 0.12566370614359174,
            "transform_matrix": [
                [
                    -0.5084081292152405,
                    0.15903477370738983,
                    0.8463032841682434,
                    3.411557197570801
                ],
                [
                    0.8611162304878235,
                    0.0938950628042221,
                    0.49966245889663696,
                    2.0142035484313965
                ],
                [
                    7.4505797087454084e-09,
                    0.9827979207038879,
                    -0.18468445539474487,
                    -0.7444867491722107
                ],
                [
                    0.0,
                    0.0,
                    0.0,
                    1.0
                ]
            ]
        },
        {
            "file_path": "/data/shapenet_blender/all_50_random/02958343/adc6f0f3274cf92cd4f6529a209c5dc0/r_16",
            "rotation": 0.12566370614359174,
            "transform_matrix": [
                [
                    -0.8646332025527954,
                    0.4445643424987793,
                    0.23403388261795044,
                    0.9434207677841187
                ],
                [
                    0.5024034976959229,
                    0.7650923728942871,
                    0.4027708172798157,
                    1.6236211061477661
                ],
                [
                    0.0,
                    0.4658283293247223,
                    -0.8848750591278076,
                    -3.5670454502105713
                ],
                [
                    0.0,
                    0.0,
                    0.0,
                    1.0
                ]
            ]
        },
        {
            "file_path": "/data/shapenet_blender/all_50_random/02958343/adc6f0f3274cf92cd4f6529a209c5dc0/r_17",
            "rotation": 0.12566370614359174,
            "transform_matrix": [
                [
                    0.5486114025115967,
                    -0.48122555017471313,
                    0.68370121717453,
                    2.7560877799987793
                ],
                [
                    0.8360774517059326,
                    0.31576719880104065,
                    -0.448626309633255,
                    -1.8084704875946045
                ],
                [
                    1.4901161193847656e-08,
                    0.8177486658096313,
                    0.5755754113197327,
                    2.320218801498413
                ],
                [
                    0.0,
                    0.0,
                    0.0,
                    1.0
                ]
            ]
        },
        {
            "file_path": "/data/shapenet_blender/all_50_random/02958343/adc6f0f3274cf92cd4f6529a209c5dc0/r_18",
            "rotation": 0.12566370614359174,
            "transform_matrix": [
                [
                    -0.49986013770103455,
                    0.5348426699638367,
                    -0.6812363862991333,
                    -2.746151924133301
                ],
                [
                    -0.8661061525344849,
                    -0.3086763918399811,
                    0.39316534996032715,
                    1.5849003791809082
                ],
                [
                    1.4901161193847656e-08,
                    0.7865507006645203,
                    0.6175255179405212,
                    2.4893252849578857
                ],
                [
                    0.0,
                    0.0,
                    0.0,
                    1.0
                ]
            ]
        },
        {
            "file_path": "/data/shapenet_blender/all_50_random/02958343/adc6f0f3274cf92cd4f6529a209c5dc0/r_19",
            "rotation": 0.12566370614359174,
            "transform_matrix": [
                [
                    0.4910891056060791,
                    0.7825339436531067,
                    -0.3827165961265564,
                    -1.5427799224853516
                ],
                [
                    -0.8711093664169312,
                    0.4411546289920807,
                    -0.21575701236724854,
                    -0.8697443604469299
                ],
                [
                    0.0,
                    0.4393438994884491,
                    0.8983189463615417,
                    3.621239423751831
                ],
                [
                    0.0,
                    0.0,
                    0.0,
                    1.0
                ]
            ]
        },
        {
            "file_path": "/data/shapenet_blender/all_50_random/02958343/adc6f0f3274cf92cd4f6529a209c5dc0/r_20",
            "rotation": 0.12566370614359174,
            "transform_matrix": [
                [
                    0.236833393573761,
                    0.5175002813339233,
                    -0.82225501537323,
                    -3.3146159648895264
                ],
                [
                    -0.9715503454208374,
                    0.12615028023719788,
                    -0.20043988525867462,
                    -0.8079990148544312
                ],
                [
                    7.450581485102248e-09,
                    0.846332848072052,
                    0.5326541662216187,
                    2.147197723388672
                ],
                [
                    0.0,
                    0.0,
                    0.0,
                    1.0
                ]
            ]
        },
        {
            "file_path": "/data/shapenet_blender/all_50_random/02958343/adc6f0f3274cf92cd4f6529a209c5dc0/r_21",
            "rotation": 0.12566370614359174,
            "transform_matrix": [
                [
                    0.43379080295562744,
                    0.11496689915657043,
                    -0.8936486840248108,
                    -3.6024134159088135
                ],
                [
                    -0.9010136723518372,
                    0.05535052716732025,
                    -0.43024495244026184,
                    -1.7343729734420776
                ],
                [
                    -3.725290298461914e-09,
                    0.9918259978294373,
                    0.12759727239608765,
                    0.5143611431121826
                ],
                [
                    0.0,
                    0.0,
                    0.0,
                    1.0
                ]
            ]
        },
        {
            "file_path": "/data/shapenet_blender/all_50_random/02958343/adc6f0f3274cf92cd4f6529a209c5dc0/r_22",
            "rotation": 0.12566370614359174,
            "transform_matrix": [
                [
                    0.6513076424598694,
                    -0.4649244248867035,
                    -0.5997028350830078,
                    -2.4174797534942627
                ],
                [
                    -0.7588137984275818,
                    -0.3990555703639984,
                    -0.5147390365600586,
                    -2.074979782104492
                ],
                [
                    0.0,
                    0.7903162837028503,
                    -0.6126988530158997,
                    -2.4698684215545654
                ],
                [
                    0.0,
                    0.0,
                    0.0,
                    1.0
                ]
            ]
        },
        {
            "file_path": "/data/shapenet_blender/all_50_random/02958343/adc6f0f3274cf92cd4f6529a209c5dc0/r_23",
            "rotation": 0.12566370614359174,
            "transform_matrix": [
                [
                    0.24937587976455688,
                    -0.7041528820991516,
                    -0.6648159623146057,
                    -2.6799588203430176
                ],
                [
                    -0.9684067964553833,
                    -0.1813274621963501,
                    -0.171197772026062,
                    -0.690120279788971
                ],
                [
                    1.4901161193847656e-08,
                    0.6865048408508301,
                    -0.7271251678466797,
                    -2.931135416030884
                ],
                [
                    0.0,
                    0.0,
                    0.0,
                    1.0
                ]
            ]
        },
        {
            "file_path": "/data/shapenet_blender/all_50_random/02958343/adc6f0f3274cf92cd4f6529a209c5dc0/r_24",
            "rotation": 0.12566370614359174,
            "transform_matrix": [
                [
                    0.7420406937599182,
                    -0.050660666078329086,
                    0.6684377193450928,
                    2.69455885887146
                ],
                [
                    0.6703547835350037,
                    0.05607818067073822,
                    -0.7399186491966248,
                    -2.9827077388763428
                ],
                [
                    0.0,
                    0.9971402287483215,
                    0.0755729079246521,
                    0.3046441674232483
                ],
                [
                    0.0,
                    0.0,
                    0.0,
                    1.0
                ]
            ]
        },
        {
            "file_path": "/data/shapenet_blender/all_50_random/02958343/adc6f0f3274cf92cd4f6529a209c5dc0/r_25",
            "rotation": 0.12566370614359174,
            "transform_matrix": [
                [
                    0.4945550262928009,
                    0.6926339268684387,
                    -0.525046169757843,
                    -2.1165289878845215
                ],
                [
                    -0.8691463470458984,
                    0.3941172659397125,
                    -0.29875776171684265,
                    -1.2043311595916748
                ],
                [
                    0.0,
                    0.6040940880775452,
                    0.7969128489494324,
                    3.212458848953247
                ],
                [
                    0.0,
                    0.0,
                    0.0,
                    1.0
                ]
            ]
        },
        {
            "file_path": "/data/shapenet_blender/all_50_random/02958343/adc6f0f3274cf92cd4f6529a209c5dc0/r_26",
            "rotation": 0.12566370614359174,
            "transform_matrix": [
                [
                    -0.9174270033836365,
                    -0.029815107583999634,
                    -0.3967854380607605,
                    -1.5994932651519775
                ],
                [
                    -0.39790400862693787,
                    0.06874316930770874,
                    0.9148479700088501,
                    3.6878700256347656
                ],
                [
                    -1.8626450382086546e-09,
                    0.9971886873245239,
                    -0.07493039965629578,
                    -0.30205410718917847
                ],
                [
                    0.0,
                    0.0,
                    0.0,
                    1.0
                ]
            ]
        },
        {
            "file_path": "/data/shapenet_blender/all_50_random/02958343/adc6f0f3274cf92cd4f6529a209c5dc0/r_27",
            "rotation": 0.12566370614359174,
            "transform_matrix": [
                [
                    -0.5477349162101746,
                    0.6758520603179932,
                    0.4931637644767761,
                    1.9880067110061646
                ],
                [
                    0.8366520404815674,
                    0.4424632489681244,
                    0.32286185026168823,
                    1.3014976978302002
                ],
                [
                    1.4901162970204496e-08,
                    0.5894490480422974,
                    -0.8078054785728455,
                    -3.2563681602478027
                ],
                [
                    0.0,
                    0.0,
                    0.0,
                    1.0
                ]
            ]
        },
        {
            "file_path": "/data/shapenet_blender/all_50_random/02958343/adc6f0f3274cf92cd4f6529a209c5dc0/r_28",
            "rotation": 0.12566370614359174,
            "transform_matrix": [
                [
                    0.9987600445747375,
                    0.00130726199131459,
                    -0.04976803436875343,
                    -0.2006213665008545
                ],
                [
                    -0.049785204231739044,
                    0.026225484907627106,
                    -0.9984156489372253,
                    -4.024742126464844
                ],
                [
                    0.0,
                    0.9996550679206848,
                    0.02625805139541626,
                    0.10584959387779236
                ],
                [
                    0.0,
                    0.0,
                    0.0,
                    1.0
                ]
            ]
        },
        {
            "file_path": "/data/shapenet_blender/all_50_random/02958343/adc6f0f3274cf92cd4f6529a209c5dc0/r_29",
            "rotation": 0.12566370614359174,
            "transform_matrix": [
                [
                    -0.9150894284248352,
                    -0.1885855495929718,
                    -0.35643646121025085,
                    -1.436841368675232
                ],
                [
                    -0.40325117111206055,
                    0.4279532730579376,
                    0.808853805065155,
                    3.260593891143799
                ],
                [
                    1.4901162970204496e-08,
                    0.883906900882721,
                    -0.46766284108161926,
                    -1.8852092027664185
                ],
                [
                    0.0,
                    0.0,
                    0.0,
                    1.0
                ]
            ]
        },
        {
            "file_path": "/data/shapenet_blender/all_50_random/02958343/adc6f0f3274cf92cd4f6529a209c5dc0/r_30",
            "rotation": 0.12566370614359174,
            "transform_matrix": [
                [
                    0.9999935030937195,
                    -0.002757635433226824,
                    0.002296523889526725,
                    0.009257584810256958
                ],
                [
                    0.0035886734258383512,
                    0.768422544002533,
                    -0.6399325728416443,
                    -2.57965087890625
                ],
                [
                    0.0,
                    0.6399367451667786,
                    0.7684274911880493,
                    3.097630500793457
                ],
                [
                    0.0,
                    0.0,
                    0.0,
                    1.0
                ]
            ]
        },
        {
            "file_path": "/data/shapenet_blender/all_50_random/02958343/adc6f0f3274cf92cd4f6529a209c5dc0/r_31",
            "rotation": 0.12566370614359174,
            "transform_matrix": [
                [
                    0.9890018701553345,
                    0.01416266243904829,
                    0.14722386002540588,
                    0.5934783816337585
                ],
                [
                    0.14790351688861847,
                    -0.09470295161008835,
                    -0.9844571352005005,
                    -3.9684736728668213
                ],
                [
                    0.0,
                    0.995404839515686,
                    -0.09575609117746353,
                    -0.386005163192749
                ],
                [
                    0.0,
                    0.0,
                    0.0,
                    1.0
                ]
            ]
        },
        {
            "file_path": "/data/shapenet_blender/all_50_random/02958343/adc6f0f3274cf92cd4f6529a209c5dc0/r_32",
            "rotation": 0.12566370614359174,
            "transform_matrix": [
                [
                    0.9376698136329651,
                    4.155254646320827e-05,
                    0.34752726554870605,
                    1.4009273052215576
                ],
                [
                    0.34752726554870605,
                    -0.00011211370292585343,
                    -0.9376698136329651,
                    -3.7798681259155273
                ],
                [
                    0.0,
                    0.9999999403953552,
                    -0.00011956628441112116,
                    -0.00048198713921010494
                ],
                [
                    0.0,
                    0.0,
                    0.0,
                    1.0
                ]
            ]
        },
        {
            "file_path": "/data/shapenet_blender/all_50_random/02958343/adc6f0f3274cf92cd4f6529a209c5dc0/r_33",
            "rotation": 0.12566370614359174,
            "transform_matrix": [
                [
                    0.9991384744644165,
                    0.024567244574427605,
                    0.03345045447349548,
                    0.134843111038208
                ],
                [
                    0.041502807289361954,
                    -0.591431736946106,
                    -0.805286169052124,
                    -3.2462127208709717
                ],
                [
                    -1.862645371275562e-09,
                    0.8059806823730469,
                    -0.5919417142868042,
                    -2.3861935138702393
                ],
                [
                    0.0,
                    0.0,
                    0.0,
                    1.0
                ]
            ]
        },
        {
            "file_path": "/data/shapenet_blender/all_50_random/02958343/adc6f0f3274cf92cd4f6529a209c5dc0/r_34",
            "rotation": 0.12566370614359174,
            "transform_matrix": [
                [
                    0.9680474996566772,
                    -0.14159844815731049,
                    0.20696383714675903,
                    0.8342978954315186
                ],
                [
                    0.25076714158058167,
                    0.5466187596321106,
                    -0.7989516854286194,
                    -3.220677137374878
                ],
                [
                    0.0,
                    0.8253228664398193,
                    0.5646611452102661,
                    2.276221752166748
                ],
                [
                    0.0,
                    0.0,
                    0.0,
                    1.0
                ]
            ]
        },
        {
            "file_path": "/data/shapenet_blender/all_50_random/02958343/adc6f0f3274cf92cd4f6529a209c5dc0/r_35",
            "rotation": 0.12566370614359174,
            "transform_matrix": [
                [
                    0.9292598366737366,
                    -0.1320885717868805,
                    -0.34500572085380554,
                    -1.3907625675201416
                ],
                [
                    -0.3694270849227905,
                    -0.33225661516189575,
                    -0.8678300976753235,
                    -3.498335123062134
                ],
                [
                    7.450581485102248e-09,
                    0.9338939785957336,
                    -0.357549786567688,
                    -1.4413292407989502
                ],
                [
                    0.0,
                    0.0,
                    0.0,
                    1.0
                ]
            ]
        },
        {
            "file_path": "/data/shapenet_blender/all_50_random/02958343/adc6f0f3274cf92cd4f6529a209c5dc0/r_36",
            "rotation": 0.12566370614359174,
            "transform_matrix": [
                [
                    0.08331779390573502,
                    0.7879948019981384,
                    -0.6100183129310608,
                    -2.4590625762939453
                ],
                [
                    -0.9965229630470276,
                    0.06588306277990341,
                    -0.05100271850824356,
                    -0.20559853315353394
                ],
                [
                    -3.725290076417309e-09,
                    0.6121467351913452,
                    0.7907441854476929,
                    3.187591791152954
                ],
                [
                    0.0,
                    0.0,
                    0.0,
                    1.0
                ]
            ]
        },
        {
            "file_path": "/data/shapenet_blender/all_50_random/02958343/adc6f0f3274cf92cd4f6529a209c5dc0/r_37",
            "rotation": 0.12566370614359174,
            "transform_matrix": [
                [
                    -0.7235183119773865,
                    -0.3513675332069397,
                    0.5941902995109558,
                    2.3952577114105225
                ],
                [
                    0.690305233001709,
                    -0.3682730793952942,
                    0.6227789521217346,
                    2.510502338409424
                ],
                [
                    -1.4901161193847656e-08,
                    0.8607646226882935,
                    0.5090031623840332,
                    2.0518574714660645
                ],
                [
                    0.0,
                    0.0,
                    0.0,
                    1.0
                ]
            ]
        },
        {
            "file_path": "/data/shapenet_blender/all_50_random/02958343/adc6f0f3274cf92cd4f6529a209c5dc0/r_38",
            "rotation": 0.12566370614359174,
            "transform_matrix": [
                [
                    -0.895814061164856,
                    -0.27665141224861145,
                    -0.34782350063323975,
                    -1.4021215438842773
                ],
                [
                    -0.44442909955978394,
                    0.5576327443122864,
                    0.7010908722877502,
                    2.8261878490448
                ],
                [
                    0.0,
                    0.7826300263404846,
                    -0.6224870681762695,
                    -2.5093259811401367
                ],
                [
                    0.0,
                    0.0,
                    0.0,
                    1.0
                ]
            ]
        },
        {
            "file_path": "/data/shapenet_blender/all_50_random/02958343/adc6f0f3274cf92cd4f6529a209c5dc0/r_39",
            "rotation": 0.12566370614359174,
            "transform_matrix": [
                [
                    -0.7163553833961487,
                    -0.06662772595882416,
                    0.6945471167564392,
                    2.799808979034424
                ],
                [
                    0.697735607624054,
                    -0.06840575486421585,
                    0.7130818367004395,
                    2.8745248317718506
                ],
                [
                    -3.725290298461914e-09,
                    0.9954302906990051,
                    0.09549136459827423,
                    0.38493800163269043
                ],
                [
                    0.0,
                    0.0,
                    0.0,
                    1.0
                ]
            ]
        },
        {
            "file_path": "/data/shapenet_blender/all_50_random/02958343/adc6f0f3274cf92cd4f6529a209c5dc0/r_40",
            "rotation": 0.12566370614359174,
            "transform_matrix": [
                [
                    -0.9983201026916504,
                    0.009188632480800152,
                    0.05720633640885353,
                    0.2306061089038849
                ],
                [
                    0.05793958529829979,
                    0.1583234816789627,
                    0.9856859445571899,
                    3.9734268188476562
                ],
                [
                    -9.313224635931761e-10,
                    0.9873445630073547,
                    -0.1585898995399475,
                    -0.639296293258667
                ],
                [
                    0.0,
                    0.0,
                    0.0,
                    1.0
                ]
            ]
        },
        {
            "file_path": "/data/shapenet_blender/all_50_random/02958343/adc6f0f3274cf92cd4f6529a209c5dc0/r_41",
            "rotation": 0.12566370614359174,
            "transform_matrix": [
                [
                    -0.13817168772220612,
                    -0.7832744121551514,
                    0.6061269044876099,
                    2.443375587463379
                ],
                [
                    0.9904082417488098,
                    -0.1092744916677475,
                    0.08456066995859146,
