{
    "class": "02958343",
    "model": "7f0f750d6ca959b6ac5eab1f4e9b0f1a",
    "remove_doubles": true,
    "edge_split": true,
    "denoise": true,
    "camera_angle_x": 0.6911112070083618,
    "scale_factor": 2.2857089918609534,
    "hdri_file": "/data/IndoorHDRDataset2018/9C4A4895-b235532a3a.exr",
    "center_offset": [
        0.0,
        -1.862645149230957e-09,
        -7.450580596923828e-09
    ],
    "lights": [],
    "frames": [
        {
            "file_path": "/data/shapenet_blender/all_50_random/02958343/7f0f750d6ca959b6ac5eab1f4e9b0f1a/r_0",
            "rotation": 0.12566370614359174,
            "transform_matrix": [
                [
                    0.9911647439002991,
                    -0.004217654932290316,
                    -0.13256914913654327,
                    -0.5344033241271973
                ],
                [
                    -0.13263621926307678,
                    -0.031517717987298965,
                    -0.9906635284423828,
                    -3.993492364883423
                ],
                [
                    -4.656612873077393e-10,
                    0.999494194984436,
                    -0.03179866820573807,
                    -0.12818452715873718
                ],
                [
                    0.0,
                    0.0,
                    0.0,
                    1.0
                ]
            ]
        },
        {
            "file_path": "/data/shapenet_blender/all_50_random/02958343/7f0f750d6ca959b6ac5eab1f4e9b0f1a/r_1",
            "rotation": 0.12566370614359174,
            "transform_matrix": [
                [
                    -0.18975749611854553,
                    0.6882157325744629,
                    -0.7002507448196411,
                    -2.822801113128662
                ],
                [
                    -0.9818310141563416,
                    -0.13301075994968414,
                    0.1353367567062378,
                    0.5455599427223206
                ],
                [
                    0.0,
                    0.7132089138031006,
                    0.7009513974189758,
                    2.825625419616699
                ],
                [
                    0.0,
                    0.0,
                    0.0,
                    1.0
                ]
            ]
        },
        {
            "file_path": "/data/shapenet_blender/all_50_random/02958343/7f0f750d6ca959b6ac5eab1f4e9b0f1a/r_2",
            "rotation": 0.12566370614359174,
            "transform_matrix": [
                [
                    -0.30554303526878357,
                    0.599809467792511,
                    -0.7395080327987671,
                    -2.9810519218444824
                ],
                [
                    -0.9521781802177429,
                    -0.19247198104858398,
                    0.23729963600635529,
                    0.9565852880477905
                ],
                [
                    -1.4901158529312397e-08,
                    0.7766487002372742,
                    0.6299340128898621,
                    2.5393450260162354
                ],
                [
                    0.0,
                    0.0,
                    0.0,
                    1.0
                ]
            ]
        },
        {
            "file_path": "/data/shapenet_blender/all_50_random/02958343/7f0f750d6ca959b6ac5eab1f4e9b0f1a/r_3",
            "rotation": 0.12566370614359174,
            "transform_matrix": [
                [
                    0.34239646792411804,
                    -0.14746931195259094,
                    0.9279102683067322,
                    3.740525722503662
                ],
                [
                    0.9395555257797241,
                    0.05374133586883545,
                    -0.3381526470184326,
                    -1.363136887550354
                ],
                [
                    3.7252898543727042e-09,
                    0.9876053929328918,
                    0.15695646405220032,
                    0.6327117085456848
                ],
                [
                    0.0,
                    0.0,
                    0.0,
                    1.0
                ]
            ]
        },
        {
            "file_path": "/data/shapenet_blender/all_50_random/02958343/7f0f750d6ca959b6ac5eab1f4e9b0f1a/r_4",
            "rotation": 0.12566370614359174,
            "transform_matrix": [
                [
                    -0.8708991408348083,
                    0.12461923807859421,
                    -0.47539955377578735,
                    -1.9163968563079834
                ],
                [
                    -0.4914618134498596,
                    -0.22083260118961334,
                    0.842435896396637,
                    3.395967721939087
                ],
                [
                    0.0,
                    0.9673174023628235,
                    0.25356850028038025,
                    1.0221673250198364
                ],
                [
                    0.0,
                    0.0,
                    0.0,
                    1.0
                ]
            ]
        },
        {
            "file_path": "/data/shapenet_blender/all_50_random/02958343/7f0f750d6ca959b6ac5eab1f4e9b0f1a/r_5",
            "rotation": 0.12566370614359174,
            "transform_matrix": [
                [
                    -0.8909298181533813,
                    0.2825126647949219,
                    -0.3555709719657898,
                    -1.4333524703979492
                ],
                [
                    -0.45414113998413086,
                    -0.5542306900024414,
                    0.6975558400154114,
                    2.8119375705718994
                ],
                [
                    1.4901161193847656e-08,
                    0.7829526662826538,
                    0.6220812797546387,
                    2.507689952850342
                ],
                [
                    0.0,
                    0.0,
                    0.0,
                    1.0
                ]
            ]
        },
        {
            "file_path": "/data/shapenet_blender/all_50_random/02958343/7f0f750d6ca959b6ac5eab1f4e9b0f1a/r_6",
            "rotation": 0.12566370614359174,
            "transform_matrix": [
                [
                    -0.7120669484138489,
                    -0.6071328520774841,
                    0.3526335060596466,
                    1.421511173248291
                ],
                [
                    0.7021116614341736,
                    -0.6157413721084595,
                    0.357633501291275,
                    1.4416667222976685
                ],
                [
                    0.0,
                    0.5022469758987427,
                    0.8647241592407227,
                    3.4858145713806152
                ],
                [
                    0.0,
                    0.0,
                    0.0,
                    1.0
                ]
            ]
        },
        {
            "file_path": "/data/shapenet_blender/all_50_random/02958343/7f0f750d6ca959b6ac5eab1f4e9b0f1a/r_7",
            "rotation": 0.12566370614359174,
            "transform_matrix": [
                [
                    0.7506882548332214,
                    0.5347519516944885,
                    -0.3879527747631073,
                    -1.5638878345489502
                ],
                [
                    -0.6606564521789551,
                    0.6076259613037109,
                    -0.4408215582370758,
                    -1.7770086526870728
                ],
                [
                    0.0,
                    0.5872231721878052,
                    0.8094249963760376,
                    3.262896776199341
                ],
                [
                    0.0,
                    0.0,
                    0.0,
                    1.0
                ]
            ]
        },
        {
            "file_path": "/data/shapenet_blender/all_50_random/02958343/7f0f750d6ca959b6ac5eab1f4e9b0f1a/r_8",
            "rotation": 0.12566370614359174,
            "transform_matrix": [
                [
                    -0.43822604417800903,
                    -0.048812106251716614,
                    -0.8975384831428528,
                    -3.618093252182007
                ],
                [
                    -0.8988648056983948,
                    0.023797500878572464,
                    0.4375793933868408,
                    1.7639389038085938
                ],
                [
                    1.862645149230957e-09,
                    0.9985243678092957,
                    -0.05430417135357857,
                    -0.21890711784362793
                ],
                [
                    0.0,
                    0.0,
                    0.0,
                    1.0
                ]
            ]
        },
        {
            "file_path": "/data/shapenet_blender/all_50_random/02958343/7f0f750d6ca959b6ac5eab1f4e9b0f1a/r_9",
            "rotation": 0.12566370614359174,
            "transform_matrix": [
                [
                    0.07969648391008377,
                    0.7253827452659607,
                    -0.6837165355682373,
                    -2.7561495304107666
                ],
                [
                    -0.9968191385269165,
                    0.05799492821097374,
                    -0.054663680493831635,
                    -0.22035634517669678
                ],
                [
                    0.0,
                    0.6858982443809509,
                    0.7276974320411682,
                    2.9334421157836914
                ],
                [
                    0.0,
                    0.0,
                    0.0,
                    1.0
                ]
            ]
        },
        {
            "file_path": "/data/shapenet_blender/all_50_random/02958343/7f0f750d6ca959b6ac5eab1f4e9b0f1a/r_10",
            "rotation": 0.12566370614359174,
            "transform_matrix": [
                [
                    0.5189380049705505,
                    0.13955557346343994,
                    -0.8433430194854736,
                    -3.3996243476867676
                ],
                [
                    -0.8548117280006409,
                    0.08472122997045517,
                    -0.5119756460189819,
                    -2.063839912414551
                ],
                [
                    0.0,
                    0.9865832924842834,
                    0.16325883567333221,
                    0.658117413520813
                ],
                [
                    0.0,
                    0.0,
                    0.0,
                    1.0
                ]
            ]
        },
        {
            "file_path": "/data/shapenet_blender/all_50_random/02958343/7f0f750d6ca959b6ac5eab1f4e9b0f1a/r_11",
            "rotation": 0.12566370614359174,
            "transform_matrix": [
                [
                    0.7597567439079285,
                    0.2519187927246094,
                    -0.5994219779968262,
                    -2.4163472652435303
                ],
                [
                    -0.65020751953125,
                    0.2943629324436188,
                    -0.7004146575927734,
                    -2.8234617710113525
                ],
                [
                    0.0,
                    0.9218933582305908,
                    0.3874436616897583,
                    1.5618354082107544
                ],
                [
                    0.0,
                    0.0,
                    0.0,
                    1.0
                ]
            ]
        },
        {
            "file_path": "/data/shapenet_blender/all_50_random/02958343/7f0f750d6ca959b6ac5eab1f4e9b0f1a/r_12",
            "rotation": 0.12566370614359174,
            "transform_matrix": [
                [
                    0.8441237807273865,
                    -0.2595667243003845,
                    -0.4691270589828491,
                    -1.8911116123199463
                ],
                [
                    -0.5361483693122864,
                    -0.40866756439208984,
                    -0.738603949546814,
                    -2.977407693862915
                ],
                [
                    0.0,
                    0.8749948143959045,
                    -0.4841322600841522,
                    -1.9515995979309082
                ],
                [
                    0.0,
                    0.0,
                    0.0,
                    1.0
                ]
            ]
        },
        {
            "file_path": "/data/shapenet_blender/all_50_random/02958343/7f0f750d6ca959b6ac5eab1f4e9b0f1a/r_13",
            "rotation": 0.12566370614359174,
            "transform_matrix": [
                [
                    -0.09728413820266724,
                    -0.4369475543498993,
                    -0.8942106366157532,
                    -3.6046783924102783
                ],
                [
                    -0.9952566623687744,
                    0.04271065443754196,
                    0.08740710467100143,
                    0.35234931111335754
                ],
                [
                    0.0,
                    0.8984724283218384,
                    -0.4390300214290619,
                    -1.7697865962982178
                ],
                [
                    0.0,
                    0.0,
                    0.0,
                    1.0
                ]
            ]
        },
        {
            "file_path": "/data/shapenet_blender/all_50_random/02958343/7f0f750d6ca959b6ac5eab1f4e9b0f1a/r_14",
            "rotation": 0.12566370614359174,
            "transform_matrix": [
                [
                    0.5664794445037842,
                    -0.37758153676986694,
                    0.7324841618537903,
                    2.9527382850646973
                ],
                [
                    0.8240758180618286,
                    0.25955402851104736,
                    -0.503518283367157,
                    -2.029747247695923
                ],
                [
                    0.0,
                    0.8888553380966187,
                    0.45818784832954407,
                    1.8470144271850586
                ],
                [
                    0.0,
                    0.0,
                    0.0,
                    1.0
                ]
            ]
        },
        {
            "file_path": "/data/shapenet_blender/all_50_random/02958343/7f0f750d6ca959b6ac5eab1f4e9b0f1a/r_15",
            "rotation": 0.12566370614359174,
            "transform_matrix": [
                [
                    0.6354639530181885,
                    -0.08665018528699875,
                    -0.7672531604766846,
                    -3.092895984649658
                ],
                [
                    -0.7721304893493652,
                    -0.07131315767765045,
                    -0.6314498782157898,
                    -2.5454554557800293
                ],
                [
                    3.7252898543727042e-09,
                    0.9936830997467041,
                    -0.11222222447395325,
                    -0.4523822069168091
                ],
                [
                    0.0,
                    0.0,
                    0.0,
                    1.0
                ]
            ]
        },
        {
            "file_path": "/data/shapenet_blender/all_50_random/02958343/7f0f750d6ca959b6ac5eab1f4e9b0f1a/r_16",
            "rotation": 0.12566370614359174,
            "transform_matrix": [
                [
                    0.9702203869819641,
                    0.15421143174171448,
                    -0.18679183721542358,
                    -0.752981960773468
                ],
                [
                    -0.2422237992286682,
                    0.6176894307136536,
                    -0.7481892704963684,
                    -3.016047477722168
                ],
                [
                    7.450581485102248e-09,
                    0.7711538672447205,
                    0.6366486549377441,
                    2.566412925720215
                ],
                [
                    0.0,
                    0.0,
                    0.0,
                    1.0
                ]
            ]
        },
        {
            "file_path": "/data/shapenet_blender/all_50_random/02958343/7f0f750d6ca959b6ac5eab1f4e9b0f1a/r_17",
            "rotation": 0.12566370614359174,
            "transform_matrix": [
                [
                    0.7613962888717651,
                    -0.5325075387954712,
                    0.36974504590034485,
                    1.4904899597167969
                ],
                [
                    0.648286759853363,
                    0.6254165172576904,
                    -0.43425610661506653,
                    -1.750542402267456
                ],
                [
                    0.0,
                    0.5703417658805847,
                    0.8214074373245239,
                    3.311199188232422
                ],
                [
                    0.0,
                    0.0,
                    0.0,
                    1.0
                ]
            ]
        },
        {
            "file_path": "/data/shapenet_blender/all_50_random/02958343/7f0f750d6ca959b6ac5eab1f4e9b0f1a/r_18",
            "rotation": 0.12566370614359174,
            "transform_matrix": [
                [
                    -0.9098619222640991,
                    -0.3822587728500366,
                    0.16133704781532288,
                    0.6503704190254211
                ],
                [
                    0.41491132974624634,
                    -0.838257908821106,
                    0.35379716753959656,
                    1.4262020587921143
                ],
                [
                    -1.4901161193847656e-08,
                    0.3888470232486725,
                    0.921302318572998,
                    3.71388840675354
                ],
                [
                    0.0,
                    0.0,
                    0.0,
                    1.0
                ]
            ]
        },
        {
            "file_path": "/data/shapenet_blender/all_50_random/02958343/7f0f750d6ca959b6ac5eab1f4e9b0f1a/r_19",
            "rotation": 0.12566370614359174,
            "transform_matrix": [
                [
                    0.9023983478546143,
                    -0.0682242214679718,
                    0.4254675805568695,
                    1.7151145935058594
                ],
                [
                    0.43090277910232544,
                    0.14287546277046204,
                    -0.8910159468650818,
                    -3.5917999744415283
                ],
                [
                    -7.4505797087454084e-09,
                    0.9873864650726318,
                    0.1583286076784134,
                    0.6382430195808411
                ],
                [
                    0.0,
                    0.0,
                    0.0,
                    1.0
                ]
            ]
        },
        {
            "file_path": "/data/shapenet_blender/all_50_random/02958343/7f0f750d6ca959b6ac5eab1f4e9b0f1a/r_20",
            "rotation": 0.12566370614359174,
            "transform_matrix": [
                [
                    0.6188616156578064,
                    -0.05879250168800354,
                    -0.7832965850830078,
                    -3.1575698852539062
                ],
                [
                    -0.7855000495910645,
                    -0.04632008075714111,
                    -0.6171256303787231,
                    -2.48771333694458
                ],
                [
                    0.0,
                    0.9971950054168701,
                    -0.07484722137451172,
                    -0.3017188310623169
                ],
                [
                    0.0,
                    0.0,
                    0.0,
                    1.0
                ]
            ]
        },
        {
            "file_path": "/data/shapenet_blender/all_50_random/02958343/7f0f750d6ca959b6ac5eab1f4e9b0f1a/r_21",
            "rotation": 0.12566370614359174,
            "transform_matrix": [
                [
                    0.9232062697410583,
                    0.07112685590982437,
                    0.3776654899120331,
                    1.5224182605743408
                ],
                [
                    0.384304940700531,
                    -0.17086629569530487,
                    -0.907256543636322,
                    -3.6572680473327637
                ],
                [
                    0.0,
                    0.9827235341072083,
                    -0.18507924675941467,
                    -0.7460783123970032
                ],
                [
                    0.0,
                    0.0,
                    0.0,
                    1.0
                ]
            ]
        },
        {
            "file_path": "/data/shapenet_blender/all_50_random/02958343/7f0f750d6ca959b6ac5eab1f4e9b0f1a/r_22",
            "rotation": 0.12566370614359174,
            "transform_matrix": [
                [
                    0.19384855031967163,
                    0.056523535400629044,
                    -0.9794017672538757,
                    -3.9480948448181152
                ],
                [
                    -0.9810314774513245,
                    0.011168861761689186,
                    -0.1935265213251114,
                    -0.7801303863525391
                ],
                [
                    0.0,
                    0.9983387589454651,
                    0.05761643499135971,
                    0.23225927352905273
                ],
                [
                    0.0,
                    0.0,
                    0.0,
                    1.0
                ]
            ]
        },
        {
            "file_path": "/data/shapenet_blender/all_50_random/02958343/7f0f750d6ca959b6ac5eab1f4e9b0f1a/r_23",
            "rotation": 0.12566370614359174,
            "transform_matrix": [
                [
                    -0.3932655155658722,
                    0.006674047093838453,
                    0.919400691986084,
                    3.7062227725982666
                ],
                [
                    0.9194248914718628,
                    0.002854689722880721,
                    0.39325520396232605,
                    1.585262417793274
                ],
                [
                    0.0,
                    0.9999736547470093,
                    -0.007258936297148466,
                    -0.02926170825958252
                ],
                [
                    0.0,
                    0.0,
                    0.0,
                    1.0
                ]
            ]
        },
        {
            "file_path": "/data/shapenet_blender/all_50_random/02958343/7f0f750d6ca959b6ac5eab1f4e9b0f1a/r_24",
            "rotation": 0.12566370614359174,
            "transform_matrix": [
                [
                    -0.9554346799850464,
                    -0.17375320196151733,
                    0.23865123093128204,
                    0.9620338678359985
                ],
                [
                    0.2952026426792145,
                    -0.5623589158058167,
                    0.77240389585495,
                    3.113659620285034
                ],
                [
                    0.0,
                    0.8084319233894348,
                    0.5885896682739258,
                    2.372680902481079
                ],
                [
                    0.0,
                    0.0,
                    0.0,
                    1.0
                ]
            ]
        },
        {
            "file_path": "/data/shapenet_blender/all_50_random/02958343/7f0f750d6ca959b6ac5eab1f4e9b0f1a/r_25",
            "rotation": 0.12566370614359174,
            "transform_matrix": [
                [
                    -0.7811682820320129,
                    -0.016337867826223373,
                    0.6241068243980408,
                    2.515855073928833
                ],
                [
                    0.6243206858634949,
                    -0.0204424187541008,
                    0.7809006571769714,
                    3.1479110717773438
                ],
                [
                    9.31322685637781e-10,
                    0.999657392501831,
                    0.02616904117166996,
                    0.1054907739162445
                ],
                [
                    0.0,
                    0.0,
                    0.0,
                    1.0
                ]
            ]
        },
        {
            "file_path": "/data/shapenet_blender/all_50_random/02958343/7f0f750d6ca959b6ac5eab1f4e9b0f1a/r_26",
            "rotation": 0.12566370614359174,
            "transform_matrix": [
                [
                    -0.030460745096206665,
                    -0.05717657878994942,
                    -0.9978992938995361,
                    -4.022660732269287
                ],
                [
                    -0.9995359778404236,
                    0.0017424497054889798,
                    0.03041086718440056,
                    0.12259012460708618
                ],
                [
                    0.0,
                    0.9983625411987305,
                    -0.05720312520861626,
                    -0.23059317469596863
                ],
                [
                    0.0,
                    0.0,
                    0.0,
                    1.0
                ]
            ]
        },
        {
            "file_path": "/data/shapenet_blender/all_50_random/02958343/7f0f750d6ca959b6ac5eab1f4e9b0f1a/r_27",
            "rotation": 0.12566370614359174,
            "transform_matrix": [
                [
                    -0.42420879006385803,
                    -0.0038212519139051437,
                    -0.905556321144104,
                    -3.650414228439331
                ],
                [
                    -0.9055644273757935,
                    0.0017900533275678754,
                    0.4242050051689148,
                    1.7100250720977783
                ],
                [
                    -1.1641532182693481e-10,
                    0.9999910593032837,
                    -0.004219745751470327,
                    -0.017010338604450226
                ],
                [
                    0.0,
                    0.0,
                    0.0,
                    1.0
                ]
            ]
        },
        {
            "file_path": "/data/shapenet_blender/all_50_random/02958343/7f0f750d6ca959b6ac5eab1f4e9b0f1a/r_28",
            "rotation": 0.12566370614359174,
            "transform_matrix": [
                [
                    -0.5495687127113342,
                    -0.7774642705917358,
                    -0.30581605434417725,
                    -1.2327840328216553
                ],
                [
                    -0.8354484438896179,
                    0.5114259719848633,
                    0.20116974413394928,
                    0.810941219329834
                ],
                [
                    0.0,
                    0.3660501539707184,
                    -0.9305950403213501,
                    -3.7513487339019775
                ],
                [
                    0.0,
                    0.0,
                    0.0,
                    1.0
                ]
            ]
        },
        {
            "file_path": "/data/shapenet_blender/all_50_random/02958343/7f0f750d6ca959b6ac5eab1f4e9b0f1a/r_29",
            "rotation": 0.12566370614359174,
            "transform_matrix": [
                [
                    0.5483251214027405,
                    -0.1259354203939438,
                    0.8267284631729126,
                    3.332648992538452
                ],
                [
                    0.8362653255462646,
                    0.08257374167442322,
                    -0.5420719385147095,
                    -2.185161828994751
                ],
                [
                    -7.450580596923828e-09,
                    0.9885959029197693,
                    0.15059268474578857,
                    0.6070585250854492
                ],
                [
                    0.0,
                    0.0,
                    0.0,
                    1.0
                ]
            ]
        },
        {
            "file_path": "/data/shapenet_blender/all_50_random/02958343/7f0f750d6ca959b6ac5eab1f4e9b0f1a/r_30",
            "rotation": 0.12566370614359174,
            "transform_matrix": [
                [
                    -0.9976800084114075,
                    -0.0001400607288815081,
                    -0.06807830184698105,
                    -0.2744324207305908
                ],
                [
                    -0.06807845085859299,
                    0.0020525699947029352,
                    0.9976778626441956,
                    4.021768093109131
                ],
                [
                    -1.4551915228366852e-11,
                    0.9999978542327881,
                    -0.002057343255728483,
                    -0.00829341635107994
                ],
                [
                    0.0,
                    0.0,
                    0.0,
                    1.0
                ]
            ]
        },
        {
            "file_path": "/data/shapenet_blender/all_50_random/02958343/7f0f750d6ca959b6ac5eab1f4e9b0f1a/r_31",
            "rotation": 0.12566370614359174,
            "transform_matrix": [
                [
                    -0.07140514999628067,
                    -0.7396045327186584,
                    -0.6692431569099426,
                    -2.697805643081665
                ],
                [
                    -0.9974473714828491,
                    0.052946727722883224,
                    0.047909706830978394,
                    0.193130224943161
                ],
                [
                    0.0,
                    0.6709559559822083,
                    -0.7414971590042114,
                    -2.9890708923339844
                ],
                [
                    0.0,
                    0.0,
                    0.0,
                    1.0
                ]
            ]
        },
        {
            "file_path": "/data/shapenet_blender/all_50_random/02958343/7f0f750d6ca959b6ac5eab1f4e9b0f1a/r_32",
            "rotation": 0.12566370614359174,
            "transform_matrix": [
                [
                    -0.9999963641166687,
                    -0.0010130847804248333,
                    -0.0025159346405416727,
                    -0.01014205813407898
                ],
                [
                    -0.002712244400754571,
                    0.3735212981700897,
                    0.9276175498962402,
                    3.7393462657928467
                ],
                [
                    -5.820766091346741e-11,
                    0.927621066570282,
                    -0.3735226094722748,
                    -1.5057178735733032
                ],
                [
                    0.0,
                    0.0,
                    0.0,
                    1.0
                ]
            ]
        },
        {
            "file_path": "/data/shapenet_blender/all_50_random/02958343/7f0f750d6ca959b6ac5eab1f4e9b0f1a/r_33",
            "rotation": 0.12566370614359174,
            "transform_matrix": [
                [
                    0.9918107390403748,
                    0.12180131673812866,
                    -0.038417987525463104,
                    -0.15486785769462585
                ],
                [
                    -0.12771649658679962,
                    0.9458751082420349,
                    -0.2983434200286865,
                    -1.2026607990264893
                ],
                [
                    0.0,
                    0.30080682039260864,
                    0.9536851048469543,
                    3.8444275856018066
                ],
                [
                    0.0,
                    0.0,
                    0.0,
                    1.0
                ]
            ]
        },
        {
            "file_path": "/data/shapenet_blender/all_50_random/02958343/7f0f750d6ca959b6ac5eab1f4e9b0f1a/r_34",
            "rotation": 0.12566370614359174,
            "transform_matrix": [
                [
                    0.8736016750335693,
                    0.066838838160038,
                    0.48202982544898987,
                    1.943124532699585
                ],
                [
                    0.4866417944431305,
                    -0.1199866533279419,
                    -0.8653224110603333,
                    -3.4882264137268066
                ],
                [
                    3.725290298461914e-09,
                    0.9905230402946472,
                    -0.13734708726406097,
                    -0.5536638498306274
                ],
                [
                    0.0,
                    0.0,
                    0.0,
                    1.0
                ]
            ]
        },
        {
            "file_path": "/data/shapenet_blender/all_50_random/02958343/7f0f750d6ca959b6ac5eab1f4e9b0f1a/r_35",
            "rotation": 0.12566370614359174,
            "transform_matrix": [
                [
                    -0.6840590834617615,
                    0.09333653002977371,
                    -0.723430335521698,
                    -2.916240930557251
                ],
                [
                    -0.7294265627861023,
                    -0.08753135800361633,
                    0.6784358024597168,
                    2.7348620891571045
                ],
                [
                    0.0,
                    0.9917794466018677,
                    0.1279587745666504,
                    0.5158182978630066
                ],
                [
                    0.0,
                    0.0,
                    0.0,
                    1.0
                ]
            ]
        },
        {
            "file_path": "/data/shapenet_blender/all_50_random/02958343/7f0f750d6ca959b6ac5eab1f4e9b0f1a/r_36",
            "rotation": 0.12566370614359174,
            "transform_matrix": [
                [
                    -0.914292573928833,
                    -0.15509825944900513,
                    -0.37418368458747864,
                    -1.5083826780319214
                ],
                [
                    -0.40505415201187134,
                    0.3500894606113434,
                    0.844611406326294,
                    3.4047372341156006
                ],
                [
                    1.4901158529312397e-08,
                    0.9237866401672363,
                    -0.382907509803772,
                    -1.5435495376586914
                ],
                [
                    0.0,
                    0.0,
                    0.0,
                    1.0
                ]
            ]
        },
        {
            "file_path": "/data/shapenet_blender/all_50_random/02958343/7f0f750d6ca959b6ac5eab1f4e9b0f1a/r_37",
            "rotation": 0.12566370614359174,
            "transform_matrix": [
                [
                    -0.7603670358657837,
                    -0.582573652267456,
                    -0.28714096546173096,
                    -1.157502293586731
                ],
                [
                    -0.6494937539100647,
                    0.6820231676101685,
                    0.3361579477787018,
                    1.3550959825515747
                ],
                [
                    2.980232594040899e-08,
                    0.44209957122802734,
                    -0.8969659209251404,
                    -3.6157853603363037
                ],
                [
                    0.0,
                    0.0,
                    0.0,
                    1.0
                ]
            ]
        },
        {
            "file_path": "/data/shapenet_blender/all_50_random/02958343/7f0f750d6ca959b6ac5eab1f4e9b0f1a/r_38",
            "rotation": 0.12566370614359174,
            "transform_matrix": [
                [
                    -0.1746041625738144,
                    -0.09696586430072784,
                    0.9798524975776672,
                    3.9499118328094482
                ],
                [
                    0.9846386909484863,
                    -0.017194775864481926,
                    0.1737554371356964,
                    0.7004305720329285
                ],
                [
                    -1.862645149230957e-09,
                    0.9951391220092773,
                    0.09847861528396606,
                    0.3969799876213074
                ],
                [
                    0.0,
                    0.0,
                    0.0,
                    1.0
                ]
            ]
        },
        {
            "file_path": "/data/shapenet_blender/all_50_random/02958343/7f0f750d6ca959b6ac5eab1f4e9b0f1a/r_39",
            "rotation": 0.12566370614359174,
            "transform_matrix": [
                [
                    0.5828375220298767,
                    0.10881918668746948,
                    0.8052693605422974,
                    3.2461445331573486
                ],
                [
                    0.8125885725021362,
                    -0.07805167138576508,
                    -0.5775877237319946,
                    -2.3283305168151855
                ],
                [
                    -7.450580152834618e-09,
                    0.990992546081543,
                    -0.1339166760444641,
                    -0.5398353934288025
                ],
                [
                    0.0,
                    0.0,
                    0.0,
                    1.0
                ]
            ]
        },
        {
            "file_path": "/data/shapenet_blender/all_50_random/02958343/7f0f750d6ca959b6ac5eab1f4e9b0f1a/r_40",
            "rotation": 0.12566370614359174,
            "transform_matrix": [
                [
                    0.9857406616210938,
                    0.09712240099906921,
                    0.13741417229175568,
                    0.5539343357086182
                ],
                [
                    0.16827185451984406,
                    -0.5689453482627869,
                    -0.8049755692481995,
                    -3.2449605464935303
                ],
                [
                    0.0,
                    0.8166200518608093,
                    -0.577175498008728,
                    -2.3266689777374268
                ],
                [
                    0.0,
                    0.0,
                    0.0,
                    1.0
                ]
            ]
        },
        {
            "file_path": "/data/shapenet_blender/all_50_random/02958343/7f0f750d6ca959b6ac5eab1f4e9b0f1a/r_41",
            "rotation": 0.12566370614359174,
            "transform_matrix": [
                [
                    -0.9990003705024719,
                    0.011799420230090618,
                    -0.04311607778072357,
                    -0.17380648851394653
                ],
                [
                    -0.04470148682594299,
                    -0.26369649171829224,
                    0.9635692834854126,
                    3.884272336959839
                ],
