{
    "class": "02958343",
    "model": "f578a26ffc6771b21767453ad70570c6",
    "remove_doubles": true,
    "edge_split": true,
    "denoise": true,
    "camera_angle_x": 0.6911112070083618,
    "scale_factor": 2.273086324276919,
    "hdri_file": "/data/IndoorHDRDataset2018/9C4A5463-bed9fb35dc.exr",
    "center_offset": [
        0.0,
        -1.862645149230957e-09,
        0.0
    ],
    "lights": [],
    "frames": [
        {
            "file_path": "/data/shapenet_blender/all_50_random/02958343/f578a26ffc6771b21767453ad70570c6/r_0",
            "rotation": 0.12566370614359174,
            "transform_matrix": [
                [
                    0.9985955953598022,
                    0.003285433864220977,
                    -0.052876777946949005,
                    -0.21315312385559082
                ],
                [
                    -0.0529787503182888,
                    0.06192709133028984,
                    -0.9966735243797302,
                    -4.017719745635986
                ],
                [
                    0.0,
                    0.9980752468109131,
                    0.062014177441596985,
                    0.2499871551990509
                ],
                [
                    0.0,
                    0.0,
                    0.0,
                    1.0
                ]
            ]
        },
        {
            "file_path": "/data/shapenet_blender/all_50_random/02958343/f578a26ffc6771b21767453ad70570c6/r_1",
            "rotation": 0.12566370614359174,
            "transform_matrix": [
                [
                    -0.8631942272186279,
                    -0.05140714347362518,
                    -0.5022478103637695,
                    -2.0246260166168213
                ],
                [
                    -0.5048718452453613,
                    0.08789230138063431,
                    0.858707845211029,
                    3.461562395095825
                ],
                [
                    0.0,
                    0.9948026537895203,
                    -0.1018221378326416,
                    -0.41045820713043213
                ],
                [
                    0.0,
                    0.0,
                    0.0,
                    1.0
                ]
            ]
        },
        {
            "file_path": "/data/shapenet_blender/all_50_random/02958343/f578a26ffc6771b21767453ad70570c6/r_2",
            "rotation": 0.12566370614359174,
            "transform_matrix": [
                [
                    0.4894067645072937,
                    0.019497621804475784,
                    0.8718376755714417,
                    3.5144901275634766
                ],
                [
                    0.87205570936203,
                    -0.010942269116640091,
                    -0.4892843961715698,
                    -1.9723684787750244
                ],
                [
                    9.313225746154785e-10,
                    0.9997501969337463,
                    -0.022358227521181107,
                    -0.09012889862060547
                ],
                [
                    0.0,
                    0.0,
                    0.0,
                    1.0
                ]
            ]
        },
        {
            "file_path": "/data/shapenet_blender/all_50_random/02958343/f578a26ffc6771b21767453ad70570c6/r_3",
            "rotation": 0.12566370614359174,
            "transform_matrix": [
                [
                    0.7341222167015076,
                    -0.3394002616405487,
                    -0.5881087779998779,
                    -2.3707425594329834
                ],
                [
                    -0.6790173649787903,
                    -0.366943895816803,
                    -0.6358360648155212,
                    -2.5631372928619385
                ],
                [
                    0.0,
                    0.866117537021637,
                    -0.49984031915664673,
                    -2.014920949935913
                ],
                [
                    0.0,
                    0.0,
                    0.0,
                    1.0
                ]
            ]
        },
        {
            "file_path": "/data/shapenet_blender/all_50_random/02958343/f578a26ffc6771b21767453ad70570c6/r_4",
            "rotation": 0.12566370614359174,
            "transform_matrix": [
                [
                    -0.1610071063041687,
                    -0.27384573221206665,
                    0.9482009410858154,
                    3.8223204612731934
                ],
                [
                    0.9869532585144043,
                    -0.04467396065592766,
                    0.15468522906303406,
                    0.6235561370849609
                ],
                [
                    3.725290298461914e-09,
                    0.960735559463501,
                    0.27746570110321045,
                    1.1185001134872437
                ],
                [
                    0.0,
                    0.0,
                    0.0,
                    1.0
                ]
            ]
        },
        {
            "file_path": "/data/shapenet_blender/all_50_random/02958343/f578a26ffc6771b21767453ad70570c6/r_5",
            "rotation": 0.12566370614359174,
            "transform_matrix": [
                [
                    -0.2602907717227936,
                    -0.2957718074321747,
                    -0.9191124439239502,
                    -3.7050609588623047
                ],
                [
                    -0.9655303359031677,
                    0.07973511517047882,
                    0.2477772831916809,
                    0.9988222122192383
                ],
                [
                    0.0,
                    0.9519250392913818,
                    -0.30633094906806946,
                    -1.2348597049713135
                ],
                [
                    0.0,
                    0.0,
                    0.0,
                    1.0
                ]
            ]
        },
        {
            "file_path": "/data/shapenet_blender/all_50_random/02958343/f578a26ffc6771b21767453ad70570c6/r_6",
            "rotation": 0.12566370614359174,
            "transform_matrix": [
                [
                    0.25552061200141907,
                    -0.007709762081503868,
                    -0.9667728543281555,
                    -3.897186040878296
                ],
                [
                    -0.9668037295341492,
                    -0.0020376453176140785,
                    -0.25551244616508484,
                    -1.0300036668777466
                ],
                [
                    0.0,
                    0.9999682307243347,
                    -0.00797448493540287,
                    -0.03214617818593979
                ],
                [
                    0.0,
                    0.0,
                    0.0,
                    1.0
                ]
            ]
        },
        {
            "file_path": "/data/shapenet_blender/all_50_random/02958343/f578a26ffc6771b21767453ad70570c6/r_7",
            "rotation": 0.12566370614359174,
            "transform_matrix": [
                [
                    0.8896265029907227,
                    0.255125492811203,
                    0.37878191471099854,
                    1.526918888092041
                ],
                [
                    0.45668894052505493,
                    -0.4969824552536011,
                    -0.7378641366958618,
                    -2.974425792694092
                ],
                [
                    1.4901162970204496e-08,
                    0.8294090032577515,
                    -0.5586416721343994,
                    -2.2519569396972656
                ],
                [
                    0.0,
                    0.0,
                    0.0,
                    1.0
                ]
            ]
        },
        {
            "file_path": "/data/shapenet_blender/all_50_random/02958343/f578a26ffc6771b21767453ad70570c6/r_8",
            "rotation": 0.12566370614359174,
            "transform_matrix": [
                [
                    0.7990998029708862,
                    -0.1489986628293991,
                    0.582442045211792,
                    2.3478989601135254
                ],
                [
                    0.6011982560157776,
                    0.19804584980010986,
                    -0.7741695046424866,
                    -3.120777130126953
                ],
                [
                    -7.450580152834618e-09,
                    0.9688019752502441,
                    0.2478361427783966,
                    0.9990594387054443
                ],
                [
                    0.0,
                    0.0,
                    0.0,
                    1.0
                ]
            ]
        },
        {
            "file_path": "/data/shapenet_blender/all_50_random/02958343/f578a26ffc6771b21767453ad70570c6/r_9",
            "rotation": 0.12566370614359174,
            "transform_matrix": [
                [
                    0.0012598911998793483,
                    0.860392689704895,
                    -0.5096299648284912,
                    -2.0543837547302246
                ],
                [
                    -0.9999992251396179,
                    0.0010840019676834345,
                    -0.0006420787540264428,
                    -0.00258830189704895
                ],
                [
                    5.820766091346741e-11,
                    0.5096302628517151,
                    0.8603935241699219,
                    3.4683568477630615
                ],
                [
                    0.0,
                    0.0,
                    0.0,
                    1.0
                ]
            ]
        },
        {
            "file_path": "/data/shapenet_blender/all_50_random/02958343/f578a26ffc6771b21767453ad70570c6/r_10",
            "rotation": 0.12566370614359174,
            "transform_matrix": [
                [
                    -0.1405353993177414,
                    0.3760291337966919,
                    -0.9158886671066284,
                    -3.6920647621154785
                ],
                [
                    -0.9900755882263184,
                    -0.05337512493133545,
                    0.13000501692295074,
                    0.5240669250488281
                ],
                [
                    0.0,
                    0.925069272518158,
                    0.37979844212532043,
                    1.5310163497924805
                ],
                [
                    0.0,
                    0.0,
                    0.0,
                    1.0
                ]
            ]
        },
        {
            "file_path": "/data/shapenet_blender/all_50_random/02958343/f578a26ffc6771b21767453ad70570c6/r_11",
            "rotation": 0.12566370614359174,
            "transform_matrix": [
                [
                    -0.3489811420440674,
                    0.30423250794410706,
                    0.8863717317581177,
                    3.5730786323547363
                ],
                [
                    0.9371297359466553,
                    0.11329424381256104,
                    0.33007916808128357,
                    1.3305916786193848
                ],
                [
                    0.0,
                    0.9458366632461548,
                    -0.3246428668498993,
                    -1.3086771965026855
                ],
                [
                    0.0,
                    0.0,
                    0.0,
                    1.0
                ]
            ]
        },
        {
            "file_path": "/data/shapenet_blender/all_50_random/02958343/f578a26ffc6771b21767453ad70570c6/r_12",
            "rotation": 0.12566370614359174,
            "transform_matrix": [
                [
                    -0.9314008355140686,
                    0.33189985156059265,
                    0.14944927394390106,
                    0.6024492979049683
                ],
                [
                    0.36399534344673157,
                    0.8492740392684937,
                    0.38241469860076904,
                    1.5415629148483276
                ],
                [
                    0.0,
                    0.4105801284313202,
                    -0.9118244647979736,
                    -3.6756820678710938
                ],
                [
                    0.0,
                    0.0,
                    0.0,
                    1.0
                ]
            ]
        },
        {
            "file_path": "/data/shapenet_blender/all_50_random/02958343/f578a26ffc6771b21767453ad70570c6/r_13",
            "rotation": 0.12566370614359174,
            "transform_matrix": [
                [
                    -0.8735971450805664,
                    -0.1971549093723297,
                    -0.4449245035648346,
                    -1.7935481071472168
                ],
                [
                    -0.48664960265159607,
                    0.35391777753829956,
                    0.7986953258514404,
                    3.219644069671631
                ],
                [
                    -1.4901158529312397e-08,
                    0.9142605066299438,
                    -0.4051269292831421,
                    -1.633118987083435
                ],
                [
                    0.0,
                    0.0,
                    0.0,
                    1.0
                ]
            ]
        },
        {
            "file_path": "/data/shapenet_blender/all_50_random/02958343/f578a26ffc6771b21767453ad70570c6/r_14",
            "rotation": 0.12566370614359174,
            "transform_matrix": [
                [
                    -0.8821243643760681,
                    -0.4341679513454437,
                    -0.1826329082250595,
                    -0.7362167835235596
                ],
                [
                    -0.4710165858268738,
                    0.8131138682365417,
                    0.3420366644859314,
                    1.3787939548492432
                ],
                [
                    0.0,
                    0.38774189352989197,
                    -0.9217678904533386,
                    -3.7157652378082275
                ],
                [
                    0.0,
                    0.0,
                    0.0,
                    1.0
                ]
            ]
        },
        {
            "file_path": "/data/shapenet_blender/all_50_random/02958343/f578a26ffc6771b21767453ad70570c6/r_15",
            "rotation": 0.12566370614359174,
            "transform_matrix": [
                [
                    -0.11000392585992813,
                    -0.09326446801424026,
                    0.9895458221435547,
                    3.9889867305755615
                ],
                [
                    0.993931233882904,
                    -0.01032210048288107,
                    0.10951857268810272,
                    0.4414834976196289
                ],
                [
                    9.313225746154785e-10,
                    0.9955878257751465,
                    0.09383395314216614,
                    0.37825676798820496
                ],
                [
                    0.0,
                    0.0,
                    0.0,
                    1.0
                ]
            ]
        },
        {
            "file_path": "/data/shapenet_blender/all_50_random/02958343/f578a26ffc6771b21767453ad70570c6/r_16",
            "rotation": 0.12566370614359174,
            "transform_matrix": [
                [
                    0.995597779750824,
                    -0.039278484880924225,
                    0.08510204404592514,
                    0.3430573046207428
                ],
                [
                    0.093729168176651,
                    0.41721880435943604,
                    -0.9039598107337952,
                    -3.6439785957336426
                ],
                [
                    -3.725290298461914e-09,
                    0.9079568982124329,
                    0.41906359791755676,
                    1.6892993450164795
                ],
                [
                    0.0,
                    0.0,
                    0.0,
                    1.0
                ]
            ]
        },
        {
            "file_path": "/data/shapenet_blender/all_50_random/02958343/f578a26ffc6771b21767453ad70570c6/r_17",
            "rotation": 0.12566370614359174,
            "transform_matrix": [
                [
                    0.808442234992981,
                    -0.10826218873262405,
                    0.5785329341888428,
                    2.332141160964966
                ],
                [
                    0.5885754823684692,
                    0.14870432019233704,
                    -0.7946481704711914,
                    -3.203329563140869
                ],
                [
                    0.0,
                    0.9829376935958862,
                    0.18393929302692413,
                    0.7414830923080444
                ],
                [
                    0.0,
                    0.0,
                    0.0,
                    1.0
                ]
            ]
        },
        {
            "file_path": "/data/shapenet_blender/all_50_random/02958343/f578a26ffc6771b21767453ad70570c6/r_18",
            "rotation": 0.12566370614359174,
            "transform_matrix": [
                [
                    0.8652517795562744,
                    0.010923895053565502,
                    -0.5012186169624329,
                    -2.020476818084717
                ],
                [
                    -0.5013375878334045,
                    0.01885339990258217,
                    -0.8650463223457336,
                    -3.4871132373809814
                ],
                [
                    0.0,
                    0.9997624754905701,
                    0.02178949862718582,
                    0.08783628046512604
                ],
                [
                    0.0,
                    0.0,
                    0.0,
                    1.0
                ]
            ]
        },
        {
            "file_path": "/data/shapenet_blender/all_50_random/02958343/f578a26ffc6771b21767453ad70570c6/r_19",
            "rotation": 0.12566370614359174,
            "transform_matrix": [
                [
                    -0.9904264807701111,
                    0.008862742222845554,
                    0.13775688409805298,
                    0.5553157329559326
                ],
                [
                    0.138041689991951,
                    0.06358872354030609,
                    0.9883830547332764,
                    3.984299421310425
                ],
                [
                    0.0,
                    0.9979368448257446,
                    -0.06420338153839111,
                    -0.2588120996952057
                ],
                [
                    0.0,
                    0.0,
                    0.0,
                    1.0
                ]
            ]
        },
        {
            "file_path": "/data/shapenet_blender/all_50_random/02958343/f578a26ffc6771b21767453ad70570c6/r_20",
            "rotation": 0.12566370614359174,
            "transform_matrix": [
                [
                    0.03274047374725342,
                    -0.5578479766845703,
                    0.8292970061302185,
                    3.343003273010254
                ],
                [
                    0.9994639754295349,
                    0.018274003639817238,
                    -0.02716613933444023,
                    -0.10951021313667297
                ],
                [
                    0.0,
                    0.8297418355941772,
                    0.5581473112106323,
                    2.2499637603759766
                ],
                [
                    0.0,
                    0.0,
                    0.0,
                    1.0
                ]
            ]
        },
        {
            "file_path": "/data/shapenet_blender/all_50_random/02958343/f578a26ffc6771b21767453ad70570c6/r_21",
            "rotation": 0.12566370614359174,
            "transform_matrix": [
                [
                    -0.5194199085235596,
                    -0.8321307897567749,
                    0.19432315230369568,
                    0.7833417654037476
                ],
                [
                    0.8545191884040833,
                    -0.5058110952377319,
                    0.11811941117048264,
                    0.4761545956134796
                ],
                [
                    7.450580596923828e-09,
                    0.22740626335144043,
                    0.9737998843193054,
                    3.9255130290985107
                ],
                [
                    0.0,
                    0.0,
                    0.0,
                    1.0
                ]
            ]
        },
        {
            "file_path": "/data/shapenet_blender/all_50_random/02958343/f578a26ffc6771b21767453ad70570c6/r_22",
            "rotation": 0.12566370614359174,
            "transform_matrix": [
                [
                    0.49817517399787903,
                    -0.45128801465034485,
                    0.7403786182403564,
                    2.9845616817474365
                ],
                [
                    0.8670763373374939,
                    0.25928565859794617,
                    -0.42538151144981384,
                    -1.7147676944732666
                ],
                [
                    1.4901161193847656e-08,
                    0.8538792729377747,
                    0.5204709768295288,
                    2.098085641860962
                ],
                [
                    0.0,
                    0.0,
                    0.0,
                    1.0
                ]
            ]
        },
        {
            "file_path": "/data/shapenet_blender/all_50_random/02958343/f578a26ffc6771b21767453ad70570c6/r_23",
            "rotation": 0.12566370614359174,
            "transform_matrix": [
                [
                    -0.5301443934440613,
                    -0.5353975296020508,
                    0.6574925184249878,
                    2.650437116622925
                ],
                [
                    0.8479074239730835,
                    -0.3347511887550354,
                    0.411089688539505,
                    1.6571555137634277
                ],
                [
                    0.0,
                    0.7754297256469727,
                    0.63143390417099,
                    2.54539155960083
                ],
                [
                    0.0,
                    0.0,
                    0.0,
                    1.0
                ]
            ]
        },
        {
            "file_path": "/data/shapenet_blender/all_50_random/02958343/f578a26ffc6771b21767453ad70570c6/r_24",
            "rotation": 0.12566370614359174,
            "transform_matrix": [
                [
                    0.9890619516372681,
                    0.03491121903061867,
                    0.14330944418907166,
                    0.577698826789856
                ],
                [
                    0.14750045537948608,
                    -0.23409660160541534,
                    -0.9609590768814087,
                    -3.8737499713897705
                ],
                [
                    0.0,
                    0.9715862274169922,
                    -0.23668549954891205,
                    -0.954109787940979
                ],
                [
                    0.0,
                    0.0,
                    0.0,
                    1.0
                ]
            ]
        },
        {
            "file_path": "/data/shapenet_blender/all_50_random/02958343/f578a26ffc6771b21767453ad70570c6/r_25",
            "rotation": 0.12566370614359174,
            "transform_matrix": [
                [
                    0.7135864496231079,
                    0.3756111264228821,
                    0.5913633704185486,
                    2.383862018585205
                ],
                [
                    0.7005671858787537,
                    -0.38259145617485046,
                    -0.6023532152175903,
                    -2.428163528442383
                ],
                [
                    0.0,
                    0.8441208004951477,
                    -0.5361529588699341,
                    -2.161301612854004
                ],
                [
                    0.0,
                    0.0,
                    0.0,
                    1.0
                ]
            ]
        },
        {
            "file_path": "/data/shapenet_blender/all_50_random/02958343/f578a26ffc6771b21767453ad70570c6/r_26",
            "rotation": 0.12566370614359174,
            "transform_matrix": [
                [
                    -0.6267216205596924,
                    0.0014296600129455328,
                    -0.7792418599128723,
                    -3.1412246227264404
                ],
                [
                    -0.7792432308197021,
                    -0.001149832154624164,
                    0.6267205476760864,
                    2.5263915061950684
                ],
                [
                    -5.820766091346741e-11,
                    0.9999982714653015,
                    0.001834677648730576,
                    0.0073958225548267365
                ],
                [
                    0.0,
                    0.0,
                    0.0,
                    1.0
                ]
            ]
        },
        {
            "file_path": "/data/shapenet_blender/all_50_random/02958343/f578a26ffc6771b21767453ad70570c6/r_27",
            "rotation": 0.12566370614359174,
            "transform_matrix": [
                [
                    -0.22012808918952942,
                    0.7712729573249817,
                    -0.5972283482551575,
                    -2.4075045585632324
                ],
                [
                    -0.975471019744873,
                    -0.1740480661392212,
                    0.13477256894111633,
                    0.543285608291626
                ],
                [
                    0.0,
                    0.6122460961341858,
                    0.7906671762466431,
                    3.187281370162964
                ],
                [
                    0.0,
                    0.0,
                    0.0,
                    1.0
                ]
            ]
        },
        {
            "file_path": "/data/shapenet_blender/all_50_random/02958343/f578a26ffc6771b21767453ad70570c6/r_28",
            "rotation": 0.12566370614359174,
            "transform_matrix": [
                [
                    0.9554556608200073,
                    -0.06458274275064468,
                    0.28798168897628784,
                    1.1608914136886597
                ],
                [
                    0.2951345145702362,
                    0.20907734334468842,
                    -0.9322993755340576,
                    -3.7582192420959473
                ],
                [
                    3.725290076417309e-09,
                    0.9757642149925232,
                    0.21882471442222595,
                    0.8821107149124146
                ],
                [
                    0.0,
                    0.0,
                    0.0,
                    1.0
                ]
            ]
        },
        {
            "file_path": "/data/shapenet_blender/all_50_random/02958343/f578a26ffc6771b21767453ad70570c6/r_29",
            "rotation": 0.12566370614359174,
            "transform_matrix": [
                [
                    0.2817322313785553,
                    -0.3437550663948059,
                    -0.8958008885383606,
                    -3.6110892295837402
                ],
                [
                    -0.9594931602478027,
                    -0.10093546658754349,
                    -0.2630305290222168,
                    -1.0603101253509521
                ],
                [
                    0.0,
                    0.9336190223693848,
                    -0.35826733708381653,
                    -1.4442219734191895
                ],
                [
                    0.0,
                    0.0,
                    0.0,
                    1.0
                ]
            ]
        },
        {
            "file_path": "/data/shapenet_blender/all_50_random/02958343/f578a26ffc6771b21767453ad70570c6/r_30",
            "rotation": 0.12566370614359174,
            "transform_matrix": [
                [
                    0.6870315670967102,
                    -0.4931701719760895,
                    0.5336391925811768,
                    2.1511685848236084
                ],
                [
                    0.72662752866745,
                    0.46629589796066284,
                    -0.5045596361160278,
                    -2.033945083618164
                ],
                [
                    0.0,
                    0.7344054579734802,
                    0.6787109971046448,
                    2.735971689224243
                ],
                [
                    0.0,
                    0.0,
                    0.0,
                    1.0
                ]
            ]
        },
        {
            "file_path": "/data/shapenet_blender/all_50_random/02958343/f578a26ffc6771b21767453ad70570c6/r_31",
            "rotation": 0.12566370614359174,
            "transform_matrix": [
                [
                    -0.9660282135009766,
                    0.12906600534915924,
                    0.22390055656433105,
                    0.9025720357894897
                ],
                [
                    0.2584366202354431,
                    0.48244476318359375,
                    0.8369333744049072,
                    3.373786449432373
                ],
                [
                    0.0,
                    0.866365373134613,
                    -0.49941062927246094,
                    -2.013188600540161
                ],
                [
                    0.0,
                    0.0,
                    0.0,
                    1.0
                ]
            ]
        },
        {
            "file_path": "/data/shapenet_blender/all_50_random/02958343/f578a26ffc6771b21767453ad70570c6/r_32",
            "rotation": 0.12566370614359174,
            "transform_matrix": [
                [
                    0.9626670479774475,
                    0.20616000890731812,
                    0.17541462182998657,
                    0.7071189284324646
                ],
                [
                    0.2706884741783142,
                    -0.7331802248954773,
                    -0.6238384246826172,
                    -2.51477313041687
                ],
                [
                    0.0,
                    0.6480314135551453,
                    -0.7616136074066162,
                    -3.070162773132324
                ],
                [
                    0.0,
                    0.0,
                    0.0,
                    1.0
                ]
            ]
        },
        {
            "file_path": "/data/shapenet_blender/all_50_random/02958343/f578a26ffc6771b21767453ad70570c6/r_33",
            "rotation": 0.12566370614359174,
            "transform_matrix": [
                [
                    -0.5449647903442383,
                    0.7600222826004028,
                    0.35408973693847656,
                    1.4273815155029297
                ],
                [
                    0.8384590148925781,
                    0.49398404359817505,
                    0.23014415800571442,
                    0.9277408123016357
                ],
                [
                    1.4901162970204496e-08,
                    0.42231008410453796,
                    -0.9064513444900513,
                    -3.654022455215454
                ],
                [
                    0.0,
                    0.0,
                    0.0,
                    1.0
                ]
            ]
        },
        {
            "file_path": "/data/shapenet_blender/all_50_random/02958343/f578a26ffc6771b21767453ad70570c6/r_34",
            "rotation": 0.12566370614359174,
            "transform_matrix": [
                [
                    -0.5981616973876953,
                    -0.6869196891784668,
                    -0.4127272963523865,
                    -1.6637572050094604
                ],
                [
                    -0.8013753890991211,
                    0.5127297639846802,
                    0.3080674409866333,
                    1.2418596744537354
                ],
                [
                    -1.4901161193847656e-08,
                    0.5150236487388611,
                    -0.8571757078170776,
                    -3.4553864002227783
                ],
                [
                    0.0,
                    0.0,
                    0.0,
                    1.0
                ]
            ]
        },
        {
            "file_path": "/data/shapenet_blender/all_50_random/02958343/f578a26ffc6771b21767453ad70570c6/r_35",
            "rotation": 0.12566370614359174,
            "transform_matrix": [
                [
                    -0.46576419472694397,
                    -0.12364447116851807,
                    -0.8762282133102417,
                    -3.5321884155273438
                ],
                [
                    -0.8849088549613953,
                    0.0650792047381401,
                    0.4611952006816864,
                    1.8591370582580566
                ],
                [
                    0.0,
                    0.9901901483535767,
                    -0.1397256851196289,
                    -0.5632522106170654
                ],
                [
                    0.0,
                    0.0,
                    0.0,
                    1.0
                ]
            ]
        },
        {
            "file_path": "/data/shapenet_blender/all_50_random/02958343/f578a26ffc6771b21767453ad70570c6/r_36",
            "rotation": 0.12566370614359174,
            "transform_matrix": [
                [
                    -0.8645355701446533,
                    0.025258267298340797,
                    -0.5019364953041077,
                    -2.0233707427978516
                ],
                [
                    -0.502571702003479,
                    -0.04344986379146576,
                    0.8634429574012756,
                    3.480649948120117
                ],
                [
                    0.0,
                    0.9987362027168274,
                    0.05025804042816162,
                    0.20259663462638855
                ],
                [
                    0.0,
                    0.0,
                    0.0,
                    1.0
                ]
            ]
        },
        {
            "file_path": "/data/shapenet_blender/all_50_random/02958343/f578a26ffc6771b21767453ad70570c6/r_37",
            "rotation": 0.12566370614359174,
            "transform_matrix": [
                [
                    0.8586068749427795,
                    0.48611393570899963,
                    0.1627499908208847,
                    0.6560662388801575
                ],
                [
                    0.5126346945762634,
                    -0.8141875267028809,
                    -0.2725883722305298,
                    -1.0988390445709229
                ],
                [
                    0.0,
                    0.3174775242805481,
                    -0.9482657313346863,
                    -3.8225817680358887
                ],
                [
                    0.0,
                    0.0,
                    0.0,
                    1.0
                ]
            ]
        },
        {
            "file_path": "/data/shapenet_blender/all_50_random/02958343/f578a26ffc6771b21767453ad70570c6/r_38",
            "rotation": 0.12566370614359174,
            "transform_matrix": [
                [
                    0.9965174198150635,
                    -0.041528742760419846,
                    0.07230781018733978,
                    0.2914821207523346
                ],
                [
                    0.08338499069213867,
                    0.49630171060562134,
                    -0.864136278629303,
                    -3.4834446907043457
                ],
                [
                    3.725290298461914e-09,
                    0.8671561479568481,
                    0.4980361759662628,
                    2.00764799118042
                ],
                [
                    0.0,
                    0.0,
                    0.0,
                    1.0
                ]
            ]
        },
        {
            "file_path": "/data/shapenet_blender/all_50_random/02958343/f578a26ffc6771b21767453ad70570c6/r_39",
            "rotation": 0.12566370614359174,
            "transform_matrix": [
                [
                    -0.5448436141014099,
                    0.4398863613605499,
                    0.7138945460319519,
                    2.877800941467285
                ],
                [
                    0.8385377526283264,
                    0.28581809997558594,
                    0.46385613083839417,
                    1.8698638677597046
                ],
                [
                    0.0,
                    0.8513565063476562,
                    -0.5245874524116516,
                    -2.1146795749664307
                ],
                [
                    0.0,
                    0.0,
                    0.0,
                    1.0
                ]
            ]
        },
        {
            "file_path": "/data/shapenet_blender/all_50_random/02958343/f578a26ffc6771b21767453ad70570c6/r_40",
            "rotation": 0.12566370614359174,
            "transform_matrix": [
                [
                    0.979468584060669,
                    -0.06178830564022064,
                    -0.19189448654651642,
                    -0.7735514044761658
                ],
                [
                    -0.20159684121608734,
                    -0.3002016246318817,
                    -0.9323291182518005,
                    -3.7583389282226562
                ],
                [
                    -3.725290298461914e-09,
                    0.9518724083900452,
                    -0.3064943850040436,
                    -1.2355183362960815
                ],
                [
                    0.0,
                    0.0,
                    0.0,
                    1.0
                ]
            ]
        },
        {
            "file_path": "/data/shapenet_blender/all_50_random/02958343/f578a26ffc6771b21767453ad70570c6/r_41",
            "rotation": 0.12566370614359174,
            "transform_matrix": [
                [
                    -0.8409990668296814,
                    0.026137884706258774,
                    0.5404048562049866,
                    2.1784417629241943
                ],
                [
                    0.5410366058349609,
                    0.04062929376959801,
                    0.8400170207023621,
                    3.386216878890991
                ],
                [
                    1.862645371275562e-09,
                    0.9988322854042053,
