{
    "class": "02958343",
    "model": "2ab27beb8a37ba37ac00fd1150223027",
    "remove_doubles": true,
    "edge_split": true,
    "denoise": true,
    "camera_angle_x": 0.6911112070083618,
    "scale_factor": 2.2630398964062546,
    "hdri_file": "/data/IndoorHDRDataset2018/AG8A9003-c20a7d4e5d.exr",
    "center_offset": [
        0.0,
        0.0,
        -3.725290298461914e-09
    ],
    "lights": [],
    "frames": [
        {
            "file_path": "/data/shapenet_blender/all_50_random/02958343/2ab27beb8a37ba37ac00fd1150223027/r_0",
            "rotation": 0.12566370614359174,
            "transform_matrix": [
                [
                    0.08304943144321442,
                    0.18536390364170074,
                    0.9791541695594788,
                    3.947096824645996
                ],
                [
                    0.9965454339981079,
                    -0.015447733923792839,
                    -0.08160009980201721,
                    -0.3289405107498169
                ],
                [
                    0.0,
                    0.9825485348701477,
                    -0.18600647151470184,
                    -0.7498160600662231
                ],
                [
                    0.0,
                    0.0,
                    0.0,
                    1.0
                ]
            ]
        },
        {
            "file_path": "/data/shapenet_blender/all_50_random/02958343/2ab27beb8a37ba37ac00fd1150223027/r_1",
            "rotation": 0.12566370614359174,
            "transform_matrix": [
                [
                    0.16472472250461578,
                    -0.870883584022522,
                    0.4630632698535919,
                    1.8666677474975586
                ],
                [
                    0.9863395690917969,
                    0.1454428732395172,
                    -0.07733438909053802,
                    -0.31174489855766296
                ],
                [
                    -7.450580596923828e-09,
                    0.46947652101516724,
                    0.8829449415206909,
                    3.559264898300171
                ],
                [
                    0.0,
                    0.0,
                    0.0,
                    1.0
                ]
            ]
        },
        {
            "file_path": "/data/shapenet_blender/all_50_random/02958343/2ab27beb8a37ba37ac00fd1150223027/r_2",
            "rotation": 0.12566370614359174,
            "transform_matrix": [
                [
                    0.22230927646160126,
                    0.12551981210708618,
                    0.9668626189231873,
                    3.897547960281372
                ],
                [
                    0.9749762415885925,
                    -0.028620410710573196,
                    -0.22045926749706268,
                    -0.8886997103691101
                ],
                [
                    0.0,
                    0.9916782379150391,
                    -0.12874139845371246,
                    -0.518973171710968
                ],
                [
                    0.0,
                    0.0,
                    0.0,
                    1.0
                ]
            ]
        },
        {
            "file_path": "/data/shapenet_blender/all_50_random/02958343/2ab27beb8a37ba37ac00fd1150223027/r_3",
            "rotation": 0.12566370614359174,
            "transform_matrix": [
                [
                    0.33389315009117126,
                    0.0828467458486557,
                    -0.9389630556106567,
                    -3.785081386566162
                ],
                [
                    -0.9426109790802002,
                    0.029346106573939323,
                    -0.33260098099708557,
                    -1.3407576084136963
                ],
                [
                    -1.862645149230957e-09,
                    0.996130108833313,
                    0.08789070695638657,
                    0.35429880023002625
                ],
                [
                    0.0,
                    0.0,
                    0.0,
                    1.0
                ]
            ]
        },
        {
            "file_path": "/data/shapenet_blender/all_50_random/02958343/2ab27beb8a37ba37ac00fd1150223027/r_4",
            "rotation": 0.12566370614359174,
            "transform_matrix": [
                [
                    -0.6259562969207764,
                    -0.0021755641791969538,
                    -0.7798550724983215,
                    -3.1436965465545654
                ],
                [
                    -0.7798581719398499,
                    0.001746225287206471,
                    0.6259537935256958,
                    2.5233006477355957
                ],
                [
                    0.0,
                    0.9999961256980896,
                    -0.0027896917890757322,
                    -0.01124560832977295
                ],
                [
                    0.0,
                    0.0,
                    0.0,
                    1.0
                ]
            ]
        },
        {
            "file_path": "/data/shapenet_blender/all_50_random/02958343/2ab27beb8a37ba37ac00fd1150223027/r_5",
            "rotation": 0.12566370614359174,
            "transform_matrix": [
                [
                    0.7461931705474854,
                    0.6299522519111633,
                    -0.21530404686927795,
                    -0.8679183721542358
                ],
                [
                    -0.6657295227050781,
                    0.7060917019844055,
                    -0.24132686853408813,
                    -0.9728197455406189
                ],
                [
                    0.0,
                    0.32341060042381287,
                    0.9462586641311646,
                    3.814490795135498
                ],
                [
                    0.0,
                    0.0,
                    0.0,
                    1.0
                ]
            ]
        },
        {
            "file_path": "/data/shapenet_blender/all_50_random/02958343/2ab27beb8a37ba37ac00fd1150223027/r_6",
            "rotation": 0.12566370614359174,
            "transform_matrix": [
                [
                    -0.9953835010528564,
                    -0.08057688176631927,
                    0.05214444175362587,
                    0.2102009654045105
                ],
                [
                    0.09597748517990112,
                    -0.8356637358665466,
                    0.5407905578613281,
                    2.1799964904785156
                ],
                [
                    3.725290298461914e-09,
                    0.5432986617088318,
                    0.8395394682884216,
                    3.384291887283325
                ],
                [
                    0.0,
                    0.0,
                    0.0,
                    1.0
                ]
            ]
        },
        {
            "file_path": "/data/shapenet_blender/all_50_random/02958343/2ab27beb8a37ba37ac00fd1150223027/r_7",
            "rotation": 0.12566370614359174,
            "transform_matrix": [
                [
                    0.9476388692855835,
                    -0.0895993560552597,
                    -0.30651676654815674,
                    -1.2356085777282715
                ],
                [
                    -0.3193439841270447,
                    -0.2658820152282715,
                    -0.9095746874809265,
                    -3.6666128635406494
                ],
                [
                    7.450580596923828e-09,
                    0.9598326086997986,
                    -0.28057318925857544,
                    -1.1310267448425293
                ],
                [
                    0.0,
                    0.0,
                    0.0,
                    1.0
                ]
            ]
        },
        {
            "file_path": "/data/shapenet_blender/all_50_random/02958343/2ab27beb8a37ba37ac00fd1150223027/r_8",
            "rotation": 0.12566370614359174,
            "transform_matrix": [
                [
                    -0.5011726021766663,
                    0.04508647695183754,
                    0.8641719818115234,
                    3.483588695526123
                ],
                [
                    0.8653473258018494,
                    0.026112183928489685,
                    0.5004919171333313,
                    2.017547369003296
                ],
                [
                    0.0,
                    0.9986417293548584,
                    -0.05210217460989952,
                    -0.21003058552742004
                ],
                [
                    0.0,
                    0.0,
                    0.0,
                    1.0
                ]
            ]
        },
        {
            "file_path": "/data/shapenet_blender/all_50_random/02958343/2ab27beb8a37ba37ac00fd1150223027/r_9",
            "rotation": 0.12566370614359174,
            "transform_matrix": [
                [
                    -0.966572642326355,
                    0.10961762815713882,
                    0.23177854716777802,
                    0.9343292117118835
                ],
                [
                    0.2563928961753845,
                    0.4132462441921234,
                    0.873779296875,
                    3.5223169326782227
                ],
                [
                    0.0,
                    0.9039974808692932,
                    -0.427537739276886,
                    -1.7234597206115723
                ],
                [
                    0.0,
                    0.0,
                    0.0,
                    1.0
                ]
            ]
        },
        {
            "file_path": "/data/shapenet_blender/all_50_random/02958343/2ab27beb8a37ba37ac00fd1150223027/r_10",
            "rotation": 0.12566370614359174,
            "transform_matrix": [
                [
                    -0.9999083876609802,
                    0.003737392369657755,
                    -0.013011761009693146,
                    -0.05245208740234375
                ],
                [
                    -0.013537874445319176,
                    -0.2760440707206726,
                    0.9610496163368225,
                    3.874114990234375
                ],
                [
                    0.0,
                    0.9611377120018005,
                    0.2760693430900574,
                    1.1128711700439453
                ],
                [
                    0.0,
                    0.0,
                    0.0,
                    1.0
                ]
            ]
        },
        {
            "file_path": "/data/shapenet_blender/all_50_random/02958343/2ab27beb8a37ba37ac00fd1150223027/r_11",
            "rotation": 0.12566370614359174,
            "transform_matrix": [
                [
                    -0.9998303055763245,
                    -0.004265556111931801,
                    -0.017921453341841698,
                    -0.07224369049072266
                ],
                [
                    -0.018422091379761696,
                    0.23150639235973358,
                    0.9726589322090149,
                    3.9209134578704834
                ],
                [
                    -4.656612873077393e-10,
                    0.9728240370750427,
                    -0.23154568672180176,
                    -0.9333904981613159
                ],
                [
                    0.0,
                    0.0,
                    0.0,
                    1.0
                ]
            ]
        },
        {
            "file_path": "/data/shapenet_blender/all_50_random/02958343/2ab27beb8a37ba37ac00fd1150223027/r_12",
            "rotation": 0.12566370614359174,
            "transform_matrix": [
                [
                    -0.6669440865516663,
                    -0.08462470769882202,
                    -0.740286648273468,
                    -2.9841909408569336
                ],
                [
                    -0.7451077699661255,
                    0.07574734836816788,
                    0.6626286506652832,
                    2.6711416244506836
                ],
                [
                    -7.450580596923828e-09,
                    0.9935295581817627,
                    -0.11357377469539642,
                    -0.4578305184841156
                ],
                [
                    0.0,
                    0.0,
                    0.0,
                    1.0
                ]
            ]
        },
        {
            "file_path": "/data/shapenet_blender/all_50_random/02958343/2ab27beb8a37ba37ac00fd1150223027/r_13",
            "rotation": 0.12566370614359174,
            "transform_matrix": [
                [
                    -0.9812390804290771,
                    0.03746890276670456,
                    0.18911899626255035,
                    0.762363076210022
                ],
                [
                    0.1927950233221054,
                    0.1906997114419937,
                    0.9625298380851746,
                    3.88008189201355
                ],
                [
                    0.0,
                    0.9809330701828003,
                    -0.19434583187103271,
                    -0.7834330797195435
                ],
                [
                    0.0,
                    0.0,
                    0.0,
                    1.0
                ]
            ]
        },
        {
            "file_path": "/data/shapenet_blender/all_50_random/02958343/2ab27beb8a37ba37ac00fd1150223027/r_14",
            "rotation": 0.12566370614359174,
            "transform_matrix": [
                [
                    0.8937250375747681,
                    -0.05161988362669945,
                    -0.4456355571746826,
                    -1.7964144945144653
                ],
                [
                    -0.44861531257629395,
                    -0.10283640027046204,
                    -0.8877887725830078,
                    -3.5787911415100098
                ],
                [
                    -3.725290298461914e-09,
                    0.9933580160140991,
                    -0.11506492644548416,
                    -0.46384158730506897
                ],
                [
                    0.0,
                    0.0,
                    0.0,
                    1.0
                ]
            ]
        },
        {
            "file_path": "/data/shapenet_blender/all_50_random/02958343/2ab27beb8a37ba37ac00fd1150223027/r_15",
            "rotation": 0.12566370614359174,
            "transform_matrix": [
                [
                    -0.9176515340805054,
                    0.014106523245573044,
                    0.39713555574417114,
                    1.6009047031402588
                ],
                [
                    0.3973860740661621,
                    0.032575055956840515,
                    0.9170730710029602,
                    3.6968400478363037
                ],
                [
                    -9.313225746154785e-10,
                    0.999369740486145,
                    -0.035498280078172684,
                    -0.1430981606245041
                ],
                [
                    0.0,
                    0.0,
                    0.0,
                    1.0
                ]
            ]
        },
        {
            "file_path": "/data/shapenet_blender/all_50_random/02958343/2ab27beb8a37ba37ac00fd1150223027/r_16",
            "rotation": 0.12566370614359174,
            "transform_matrix": [
                [
                    -0.8693086504936218,
                    -0.008218404836952686,
                    0.49420133233070374,
                    1.9921891689300537
                ],
                [
                    0.4942696690559387,
                    -0.014454317279160023,
                    0.8691884875297546,
                    3.5038106441497803
                ],
                [
                    0.0,
                    0.9998617768287659,
                    0.016627371311187744,
                    0.06702707707881927
                ],
                [
                    0.0,
                    0.0,
                    0.0,
                    1.0
                ]
            ]
        },
        {
            "file_path": "/data/shapenet_blender/all_50_random/02958343/2ab27beb8a37ba37ac00fd1150223027/r_17",
            "rotation": 0.12566370614359174,
            "transform_matrix": [
                [
                    0.7203232049942017,
                    0.20543019473552704,
                    -0.6625201106071472,
                    -2.6707041263580322
                ],
                [
                    -0.6936386227607727,
                    0.2133331596851349,
                    -0.6880074739456177,
                    -2.773447036743164
                ],
                [
                    0.0,
                    0.9551371932029724,
                    0.2961631715297699,
                    1.193872094154358
                ],
                [
                    0.0,
                    0.0,
                    0.0,
                    1.0
                ]
            ]
        },
        {
            "file_path": "/data/shapenet_blender/all_50_random/02958343/2ab27beb8a37ba37ac00fd1150223027/r_18",
            "rotation": 0.12566370614359174,
            "transform_matrix": [
                [
                    -0.36884453892707825,
                    0.03425975888967514,
                    -0.9288595914840698,
                    -3.744352340698242
                ],
                [
                    -0.9294910430908203,
                    -0.013595102354884148,
                    0.3685939610004425,
                    1.4858496189117432
                ],
                [
                    -9.313224080820248e-10,
                    0.9993204474449158,
                    0.03685862943530083,
                    0.1485818773508072
                ],
                [
                    0.0,
                    0.0,
                    0.0,
                    1.0
                ]
            ]
        },
        {
            "file_path": "/data/shapenet_blender/all_50_random/02958343/2ab27beb8a37ba37ac00fd1150223027/r_19",
            "rotation": 0.12566370614359174,
            "transform_matrix": [
                [
                    -0.608720600605011,
                    0.0042216358706355095,
                    0.7933734059333801,
                    3.198190212249756
                ],
                [
                    0.7933844923973083,
                    0.003239030484110117,
                    0.6087120771408081,
                    2.453796625137329
                ],
                [
                    0.0,
                    0.9999858736991882,
                    -0.005321045871824026,
                    -0.021449819207191467
                ],
                [
                    0.0,
                    0.0,
                    0.0,
                    1.0
                ]
            ]
        },
        {
            "file_path": "/data/shapenet_blender/all_50_random/02958343/2ab27beb8a37ba37ac00fd1150223027/r_20",
            "rotation": 0.12566370614359174,
            "transform_matrix": [
                [
                    -0.8564791083335876,
                    -0.4798383414745331,
                    0.19025960564613342,
                    0.7669609785079956
                ],
                [
                    0.5161817669868469,
                    -0.796176016330719,
                    0.31568992137908936,
                    1.2725868225097656
                ],
                [
                    1.4901161193847656e-08,
                    0.36859050393104553,
                    0.929591953754425,
                    3.747304916381836
                ],
                [
                    0.0,
                    0.0,
                    0.0,
                    1.0
                ]
            ]
        },
        {
            "file_path": "/data/shapenet_blender/all_50_random/02958343/2ab27beb8a37ba37ac00fd1150223027/r_21",
            "rotation": 0.12566370614359174,
            "transform_matrix": [
                [
                    -0.9124677181243896,
                    0.1725904643535614,
                    0.37096527218818665,
                    1.4954087734222412
                ],
                [
                    0.40914878249168396,
                    0.38490456342697144,
                    0.8273123502731323,
                    3.3350026607513428
                ],
                [
                    0.0,
                    0.9066758155822754,
                    -0.42182815074920654,
                    -1.7004436254501343
                ],
                [
                    0.0,
                    0.0,
                    0.0,
                    1.0
                ]
            ]
        },
        {
            "file_path": "/data/shapenet_blender/all_50_random/02958343/2ab27beb8a37ba37ac00fd1150223027/r_22",
            "rotation": 0.12566370614359174,
            "transform_matrix": [
                [
                    0.5072169899940491,
                    -0.18358297646045685,
                    0.842038094997406,
                    3.39436411857605
                ],
                [
                    0.8618183135986328,
                    0.10804644972085953,
                    -0.495575487613678,
                    -1.997728705406189
                ],
                [
                    0.0,
                    0.9770480990409851,
                    0.21301817893981934,
                    0.8587037324905396
                ],
                [
                    0.0,
                    0.0,
                    0.0,
                    1.0
                ]
            ]
        },
        {
            "file_path": "/data/shapenet_blender/all_50_random/02958343/2ab27beb8a37ba37ac00fd1150223027/r_23",
            "rotation": 0.12566370614359174,
            "transform_matrix": [
                [
                    0.9556511640548706,
                    -0.27838069200515747,
                    -0.09609904140233994,
                    -0.38738763332366943
                ],
                [
                    -0.29450100660324097,
                    -0.9033410549163818,
                    -0.31183987855911255,
                    -1.2570667266845703
                ],
                [
                    -7.450580596923828e-09,
                    0.32631129026412964,
                    -0.9452623128890991,
                    -3.810474157333374
                ],
                [
                    0.0,
                    0.0,
                    0.0,
                    1.0
                ]
            ]
        },
        {
            "file_path": "/data/shapenet_blender/all_50_random/02958343/2ab27beb8a37ba37ac00fd1150223027/r_24",
            "rotation": 0.12566370614359174,
            "transform_matrix": [
                [
                    -0.0339997224509716,
                    -0.19458287954330444,
                    0.9802965521812439,
                    3.951702117919922
                ],
                [
                    0.9994218349456787,
                    -0.006619590800255537,
                    0.033349089324474335,
                    0.13443449139595032
                ],
                [
                    0.0,
                    0.9808637499809265,
                    0.19469541311264038,
                    0.7848423719406128
                ],
                [
                    0.0,
                    0.0,
                    0.0,
                    1.0
                ]
            ]
        },
        {
            "file_path": "/data/shapenet_blender/all_50_random/02958343/2ab27beb8a37ba37ac00fd1150223027/r_25",
            "rotation": 0.12566370614359174,
            "transform_matrix": [
                [
                    -0.4951091408729553,
                    -0.05783144384622574,
                    0.8669039607048035,
                    3.4946017265319824
                ],
                [
                    0.8688309192657471,
                    -0.03295563533902168,
                    0.4940110445022583,
                    1.991422176361084
                ],
                [
                    -1.862645371275562e-09,
                    0.997782289981842,
                    0.06656236946582794,
                    0.2683214843273163
                ],
                [
                    0.0,
                    0.0,
                    0.0,
                    1.0
                ]
            ]
        },
        {
            "file_path": "/data/shapenet_blender/all_50_random/02958343/2ab27beb8a37ba37ac00fd1150223027/r_26",
            "rotation": 0.12566370614359174,
            "transform_matrix": [
                [
                    -0.6462073922157288,
                    0.5547810792922974,
                    0.5240551233291626,
                    2.1125338077545166
                ],
                [
                    0.7631617784500122,
                    0.46976104378700256,
                    0.44374382495880127,
                    1.7887885570526123
                ],
                [
                    0.0,
                    0.6866893172264099,
                    -0.7269508838653564,
                    -2.9304327964782715
                ],
                [
                    0.0,
                    0.0,
                    0.0,
                    1.0
                ]
            ]
        },
        {
            "file_path": "/data/shapenet_blender/all_50_random/02958343/2ab27beb8a37ba37ac00fd1150223027/r_27",
            "rotation": 0.12566370614359174,
            "transform_matrix": [
                [
                    -0.691963255405426,
                    0.24571631848812103,
                    0.678830087184906,
                    2.7364516258239746
                ],
                [
                    0.7219327092170715,
                    0.23551593720912933,
                    0.6506499648094177,
                    2.6228537559509277
                ],
                [
                    0.0,
                    0.9402955174446106,
                    -0.34035903215408325,
                    -1.3720310926437378
                ],
                [
                    0.0,
                    0.0,
                    0.0,
                    1.0
                ]
            ]
        },
        {
            "file_path": "/data/shapenet_blender/all_50_random/02958343/2ab27beb8a37ba37ac00fd1150223027/r_28",
            "rotation": 0.12566370614359174,
            "transform_matrix": [
                [
                    -0.018359338864684105,
                    0.5649229288101196,
                    -0.8249393701553345,
                    -3.325437068939209
                ],
                [
                    -0.9998315572738647,
                    -0.010373358614742756,
                    0.015147893689572811,
                    0.06106311082839966
                ],
                [
                    0.0,
                    0.8250784277915955,
                    0.5650181770324707,
                    2.277661085128784
                ],
                [
                    0.0,
                    0.0,
                    0.0,
                    1.0
                ]
            ]
        },
        {
            "file_path": "/data/shapenet_blender/all_50_random/02958343/2ab27beb8a37ba37ac00fd1150223027/r_29",
            "rotation": 0.12566370614359174,
            "transform_matrix": [
                [
                    -0.8668769598007202,
                    -0.11933060735464096,
                    0.4840293526649475,
                    1.951184868812561
                ],
                [
                    0.4985220432281494,
                    -0.2075032740831375,
                    0.8416756987571716,
                    3.3929035663604736
                ],
                [
                    0.0,
                    0.9709287285804749,
                    0.2393687218427658,
                    0.9649262428283691
                ],
                [
                    0.0,
                    0.0,
                    0.0,
                    1.0
                ]
            ]
        },
        {
            "file_path": "/data/shapenet_blender/all_50_random/02958343/2ab27beb8a37ba37ac00fd1150223027/r_30",
            "rotation": 0.12566370614359174,
            "transform_matrix": [
                [
                    -0.1708495318889618,
                    -0.12093943357467651,
                    -0.9778465628623962,
                    -3.9418258666992188
                ],
                [
                    -0.9852971434593201,
                    0.020970776677131653,
                    0.1695576012134552,
                    0.6835086345672607
                ],
                [
                    1.862645371275562e-09,
                    0.9924383163452148,
                    -0.1227441132068634,
                    -0.49479737877845764
                ],
                [
                    0.0,
                    0.0,
                    0.0,
                    1.0
                ]
            ]
        },
        {
            "file_path": "/data/shapenet_blender/all_50_random/02958343/2ab27beb8a37ba37ac00fd1150223027/r_31",
            "rotation": 0.12566370614359174,
            "transform_matrix": [
                [
                    0.9718002676963806,
                    -0.03818152844905853,
                    0.2326938360929489,
                    0.9380189180374146
                ],
                [
                    0.23580557107925415,
                    0.1573534607887268,
                    -0.9589762687683105,
                    -3.8657572269439697
                ],
                [
                    0.0,
                    0.9868039488792419,
                    0.16191953420639038,
                    0.6527186036109924
                ],
                [
                    0.0,
                    0.0,
                    0.0,
                    1.0
                ]
            ]
        },
        {
            "file_path": "/data/shapenet_blender/all_50_random/02958343/2ab27beb8a37ba37ac00fd1150223027/r_32",
            "rotation": 0.12566370614359174,
            "transform_matrix": [
                [
                    0.9363314509391785,
                    0.3283124566078186,
                    0.12447626888751984,
                    0.5017799139022827
                ],
                [
                    0.3511173725128174,
                    -0.8755171298980713,
                    -0.33194324374198914,
                    -1.3381061553955078
                ],
                [
                    0.0,
                    0.3545147180557251,
                    -0.935050368309021,
                    -3.7693088054656982
                ],
                [
                    0.0,
                    0.0,
                    0.0,
                    1.0
                ]
            ]
        },
        {
            "file_path": "/data/shapenet_blender/all_50_random/02958343/2ab27beb8a37ba37ac00fd1150223027/r_33",
            "rotation": 0.12566370614359174,
            "transform_matrix": [
                [
                    0.9966421723365784,
                    -0.013673776760697365,
                    0.08073048293590546,
                    0.32543498277664185
                ],
                [
                    0.08188030123710632,
                    0.16643640398979187,
                    -0.9826467037200928,
                    -3.9611756801605225
                ],
                [
                    0.0,
                    0.9859573245048523,
                    0.16699716448783875,
                    0.6731870770454407
                ],
                [
                    0.0,
                    0.0,
                    0.0,
                    1.0
                ]
            ]
        },
        {
            "file_path": "/data/shapenet_blender/all_50_random/02958343/2ab27beb8a37ba37ac00fd1150223027/r_34",
            "rotation": 0.12566370614359174,
            "transform_matrix": [
                [
                    0.8294914364814758,
                    -0.007326886057853699,
                    -0.5584713220596313,
                    -2.251269817352295
                ],
                [
                    -0.5585193634033203,
                    -0.010881609283387661,
                    -0.8294200897216797,
                    -3.3434994220733643
                ],
                [
                    0.0,
                    0.9999139904975891,
                    -0.013118408620357513,
                    -0.05288199707865715
                ],
                [
                    0.0,
                    0.0,
                    0.0,
                    1.0
                ]
            ]
        },
        {
            "file_path": "/data/shapenet_blender/all_50_random/02958343/2ab27beb8a37ba37ac00fd1150223027/r_35",
            "rotation": 0.12566370614359174,
            "transform_matrix": [
                [
                    0.973066508769989,
                    0.1489904373884201,
                    -0.1759076565504074,
                    -0.7091064453125
                ],
                [
                    -0.23052476346492767,
                    0.6289024949073792,
                    -0.7425225973129272,
                    -2.993204116821289
                ],
                [
                    0.0,
                    0.7630748748779297,
                    0.6463099718093872,
                    2.605358839035034
                ],
                [
                    0.0,
                    0.0,
                    0.0,
                    1.0
                ]
            ]
        },
        {
            "file_path": "/data/shapenet_blender/all_50_random/02958343/2ab27beb8a37ba37ac00fd1150223027/r_36",
            "rotation": 0.12566370614359174,
            "transform_matrix": [
                [
                    0.33055564761161804,
                    0.07337302714586258,
                    0.9409300684928894,
                    3.7930104732513428
                ],
                [
                    0.94378662109375,
                    -0.02569846622645855,
                    -0.3295551538467407,
                    -1.328479290008545
                ],
                [
                    -1.862645371275562e-09,
                    0.9969733357429504,
                    -0.07774325460195541,
                    -0.31339308619499207
                ],
                [
                    0.0,
                    0.0,
                    0.0,
                    1.0
                ]
            ]
        },
        {
            "file_path": "/data/shapenet_blender/all_50_random/02958343/2ab27beb8a37ba37ac00fd1150223027/r_37",
            "rotation": 0.12566370614359174,
            "transform_matrix": [
                [
                    0.5455328226089478,
                    0.36262503266334534,
                    0.7555772066116333,
                    3.0458290576934814
                ],
                [
                    0.8380893468856812,
                    -0.23604150116443634,
                    -0.4918237030506134,
                    -1.982604742050171
                ],
                [
                    -1.4901160305669237e-08,
                    0.9015472531318665,
                    -0.432680606842041,
                    -1.744191288948059
                ],
                [
                    0.0,
                    0.0,
                    0.0,
                    1.0
                ]
            ]
        },
        {
            "file_path": "/data/shapenet_blender/all_50_random/02958343/2ab27beb8a37ba37ac00fd1150223027/r_38",
            "rotation": 0.12566370614359174,
            "transform_matrix": [
                [
                    0.597687304019928,
                    0.3036177456378937,
                    -0.7420149445533752,
                    -2.9911580085754395
                ],
                [
                    -0.8017293810844421,
                    0.22634628415107727,
                    -0.5531703233718872,
                    -2.22990083694458
                ],
                [
                    0.0,
                    0.9255179762840271,
                    0.3787035346031189,
                    1.5266027450561523
                ],
                [
                    0.0,
                    0.0,
                    0.0,
                    1.0
                ]
            ]
        },
        {
            "file_path": "/data/shapenet_blender/all_50_random/02958343/2ab27beb8a37ba37ac00fd1150223027/r_39",
            "rotation": 0.12566370614359174,
            "transform_matrix": [
                [
                    -0.8600524663925171,
                    0.23873206973075867,
                    -0.45090651512145996,
                    -1.8176623582839966
                ],
                [
                    -0.5102055072784424,
                    -0.4024301767349243,
                    0.7600921988487244,
                    3.0640296936035156
                ],
                [
                    0.0,
                    0.8837742209434509,
                    0.46791350841522217,
                    1.8862197399139404
                ],
                [
                    0.0,
                    0.0,
                    0.0,
                    1.0
                ]
            ]
        },
        {
            "file_path": "/data/shapenet_blender/all_50_random/02958343/2ab27beb8a37ba37ac00fd1150223027/r_40",
            "rotation": 0.12566370614359174,
            "transform_matrix": [
                [
                    0.7430770993232727,
                    -0.38254478573799133,
                    -0.5490863919258118,
                    -2.213437795639038
                ],
                [
                    -0.6692057251930237,
                    -0.42477259039878845,
                    -0.6096981763839722,
                    -2.4577717781066895
                ],
                [
                    1.4901160305669237e-08,
                    0.8205045461654663,
                    -0.5716400146484375,
                    -2.304354429244995
                ],
                [
                    0.0,
                    0.0,
                    0.0,
                    1.0
                ]
            ]
        },
        {
            "file_path": "/data/shapenet_blender/all_50_random/02958343/2ab27beb8a37ba37ac00fd1150223027/r_41",
            "rotation": 0.12566370614359174,
            "transform_matrix": [
                [
                    -0.7419993877410889,
                    0.26284119486808777,
                    0.6167263984680176,
                    2.4861035346984863
                ],
                [
                    0.6704005599021912,
                    0.29091259837150574,
                    0.6825927495956421,
                    2.751619338989258
                ],
                [
                    1.4901161193847656e-08,
