{
    "class": "02958343",
    "model": "17c32e15723ed6e0cd0bf4a0e76b8df5",
    "remove_doubles": true,
    "edge_split": true,
    "denoise": true,
    "camera_angle_x": 0.6911112070083618,
    "scale_factor": 2.054778360646743,
    "hdri_file": "/data/IndoorHDRDataset2018/9C4A1906-c605d60f43.exr",
    "center_offset": [
        0.0,
        -9.313225746154785e-10,
        9.313225746154785e-10
    ],
    "lights": [],
    "frames": [
        {
            "file_path": "/data/shapenet_blender/all_50_random/02958343/17c32e15723ed6e0cd0bf4a0e76b8df5/r_0",
            "rotation": 0.12566370614359174,
            "transform_matrix": [
                [
                    -0.07286938279867172,
                    -0.5940183997154236,
                    -0.8011442422866821,
                    -3.22951602935791
                ],
                [
                    -0.9973414540290833,
                    0.043401144444942474,
                    0.05853451043367386,
                    0.23596017062664032
                ],
                [
                    0.0,
                    0.8032798171043396,
                    -0.5956017374992371,
                    -2.4009475708007812
                ],
                [
                    0.0,
                    0.0,
                    0.0,
                    1.0
                ]
            ]
        },
        {
            "file_path": "/data/shapenet_blender/all_50_random/02958343/17c32e15723ed6e0cd0bf4a0e76b8df5/r_1",
            "rotation": 0.12566370614359174,
            "transform_matrix": [
                [
                    0.5190014243125916,
                    0.31655383110046387,
                    -0.7939968705177307,
                    -3.2007040977478027
                ],
                [
                    -0.8547734022140503,
                    0.19220520555973053,
                    -0.48209914565086365,
                    -1.943403959274292
                ],
                [
                    0.0,
                    0.9288976192474365,
                    0.37033653259277344,
                    1.4928743839263916
                ],
                [
                    0.0,
                    0.0,
                    0.0,
                    1.0
                ]
            ]
        },
        {
            "file_path": "/data/shapenet_blender/all_50_random/02958343/17c32e15723ed6e0cd0bf4a0e76b8df5/r_2",
            "rotation": 0.12566370614359174,
            "transform_matrix": [
                [
                    0.611872673034668,
                    -0.5966890454292297,
                    0.5192052125930786,
                    2.0929832458496094
                ],
                [
                    0.7909563183784485,
                    0.4615902304649353,
                    -0.4016498327255249,
                    -1.6191022396087646
                ],
                [
                    0.0,
                    0.656427264213562,
                    0.7543893456459045,
                    3.0410406589508057
                ],
                [
                    0.0,
                    0.0,
                    0.0,
                    1.0
                ]
            ]
        },
        {
            "file_path": "/data/shapenet_blender/all_50_random/02958343/17c32e15723ed6e0cd0bf4a0e76b8df5/r_3",
            "rotation": 0.12566370614359174,
            "transform_matrix": [
                [
                    0.5556051135063171,
                    0.7107880711555481,
                    -0.431373655796051,
                    -1.7389229536056519
                ],
                [
                    -0.8314464092254639,
                    0.47497648000717163,
                    -0.2882607877254486,
                    -1.16201651096344
                ],
                [
                    0.0,
                    0.5188232064247131,
                    0.8548814654350281,
                    3.4461376667022705
                ],
                [
                    0.0,
                    0.0,
                    0.0,
                    1.0
                ]
            ]
        },
        {
            "file_path": "/data/shapenet_blender/all_50_random/02958343/17c32e15723ed6e0cd0bf4a0e76b8df5/r_4",
            "rotation": 0.12566370614359174,
            "transform_matrix": [
                [
                    -0.34287920594215393,
                    0.6581465601921082,
                    0.6702811121940613,
                    2.7019896507263184
                ],
                [
                    0.9393795132637024,
                    0.24022750556468964,
                    0.24465668201446533,
                    0.9862426519393921
                ],
                [
                    0.0,
                    0.7135360240936279,
                    -0.7006185054779053,
                    -2.8242835998535156
                ],
                [
                    0.0,
                    0.0,
                    0.0,
                    1.0
                ]
            ]
        },
        {
            "file_path": "/data/shapenet_blender/all_50_random/02958343/17c32e15723ed6e0cd0bf4a0e76b8df5/r_5",
            "rotation": 0.12566370614359174,
            "transform_matrix": [
                [
                    0.0838693380355835,
                    -0.3547225296497345,
                    -0.9312023520469666,
                    -3.7537968158721924
                ],
                [
                    -0.9964768290519714,
                    -0.029855530709028244,
                    -0.07837545871734619,
                    -0.31594157218933105
                ],
                [
                    1.862645149230957e-09,
                    0.9344949126243591,
                    -0.3559767007827759,
                    -1.434988021850586
                ],
                [
                    0.0,
                    0.0,
                    0.0,
                    1.0
                ]
            ]
        },
        {
            "file_path": "/data/shapenet_blender/all_50_random/02958343/17c32e15723ed6e0cd0bf4a0e76b8df5/r_6",
            "rotation": 0.12566370614359174,
            "transform_matrix": [
                [
                    0.7010813355445862,
                    -0.2840384840965271,
                    0.6540696024894714,
                    2.636638879776001
                ],
                [
                    0.7130813002586365,
                    0.2792586088180542,
                    -0.6430627107620239,
                    -2.592268705368042
                ],
                [
                    -1.4901161193847656e-08,
                    0.9172440767288208,
                    0.3983255922794342,
                    1.6057018041610718
                ],
                [
                    0.0,
                    0.0,
                    0.0,
                    1.0
                ]
            ]
        },
        {
            "file_path": "/data/shapenet_blender/all_50_random/02958343/17c32e15723ed6e0cd0bf4a0e76b8df5/r_7",
            "rotation": 0.12566370614359174,
            "transform_matrix": [
                [
                    -0.8905078768730164,
                    0.3842475414276123,
                    -0.24361765384674072,
                    -0.9820542335510254
                ],
                [
                    -0.4549678564071655,
                    -0.7520871162414551,
                    0.47683244943618774,
                    1.922173261642456
                ],
                [
                    0.0,
                    0.5354612469673157,
                    0.8445597290992737,
                    3.404529333114624
                ],
                [
                    0.0,
                    0.0,
                    0.0,
                    1.0
                ]
            ]
        },
        {
            "file_path": "/data/shapenet_blender/all_50_random/02958343/17c32e15723ed6e0cd0bf4a0e76b8df5/r_8",
            "rotation": 0.12566370614359174,
            "transform_matrix": [
                [
                    -0.974445104598999,
                    0.014171190559864044,
                    0.22417829930782318,
                    0.9036916494369507
                ],
                [
                    0.22462573647499084,
                    0.06147579848766327,
                    0.9725040197372437,
                    3.9202890396118164
                ],
                [
                    0.0,
                    0.9980080127716064,
                    -0.06308799982070923,
                    -0.2543158531188965
                ],
                [
                    0.0,
                    0.0,
                    0.0,
                    1.0
                ]
            ]
        },
        {
            "file_path": "/data/shapenet_blender/all_50_random/02958343/17c32e15723ed6e0cd0bf4a0e76b8df5/r_9",
            "rotation": 0.12566370614359174,
            "transform_matrix": [
                [
                    0.771376371383667,
                    0.36438632011413574,
                    0.5217289924621582,
                    2.103156566619873
                ],
                [
                    0.6363791823387146,
                    -0.4416847825050354,
                    -0.6324050426483154,
                    -2.5493059158325195
                ],
                [
                    0.0,
                    0.8198396563529968,
                    -0.572593092918396,
                    -2.3081963062286377
                ],
                [
                    0.0,
                    0.0,
                    0.0,
                    1.0
                ]
            ]
        },
        {
            "file_path": "/data/shapenet_blender/all_50_random/02958343/17c32e15723ed6e0cd0bf4a0e76b8df5/r_10",
            "rotation": 0.12566370614359174,
            "transform_matrix": [
                [
                    -0.9957754611968994,
                    -0.03244797885417938,
                    -0.0858984962105751,
                    -0.3462679386138916
                ],
                [
                    -0.0918227881193161,
                    0.351883202791214,
                    0.93152916431427,
                    3.7551143169403076
                ],
                [
                    0.0,
                    0.9354813098907471,
                    -0.3533760905265808,
                    -1.4245047569274902
                ],
                [
                    0.0,
                    0.0,
                    0.0,
                    1.0
                ]
            ]
        },
        {
            "file_path": "/data/shapenet_blender/all_50_random/02958343/17c32e15723ed6e0cd0bf4a0e76b8df5/r_11",
            "rotation": 0.12566370614359174,
            "transform_matrix": [
                [
                    -0.7342327833175659,
                    0.2057316154241562,
                    -0.6469749808311462,
                    -2.608039379119873
                ],
                [
                    -0.6788976788520813,
                    -0.22250023484230042,
                    0.6997081637382507,
                    2.8206136226654053
                ],
                [
                    1.4901158529312397e-08,
                    0.9529784917831421,
                    0.30303773283958435,
                    1.2215842008590698
                ],
                [
                    0.0,
                    0.0,
                    0.0,
                    1.0
                ]
            ]
        },
        {
            "file_path": "/data/shapenet_blender/all_50_random/02958343/17c32e15723ed6e0cd0bf4a0e76b8df5/r_12",
            "rotation": 0.12566370614359174,
            "transform_matrix": [
                [
                    0.4644429385662079,
                    -0.3862628936767578,
                    0.7969276905059814,
                    3.2125182151794434
                ],
                [
                    0.8856030106544495,
                    0.20257052779197693,
                    -0.41793832182884216,
                    -1.6847633123397827
                ],
                [
                    0.0,
                    0.8998700976371765,
                    0.43615803122520447,
                    1.758209228515625
                ],
                [
                    0.0,
                    0.0,
                    0.0,
                    1.0
                ]
            ]
        },
        {
            "file_path": "/data/shapenet_blender/all_50_random/02958343/17c32e15723ed6e0cd0bf4a0e76b8df5/r_13",
            "rotation": 0.12566370614359174,
            "transform_matrix": [
                [
                    -0.784379243850708,
                    0.5089060068130493,
                    -0.35463207960128784,
                    -1.4295676946640015
                ],
                [
                    -0.6202816963195801,
                    -0.6435387134552002,
                    0.44845113158226013,
                    1.8077642917633057
                ],
                [
                    0.0,
                    0.571727454662323,
                    0.8204435706138611,
                    3.307313919067383
                ],
                [
                    0.0,
                    0.0,
                    0.0,
                    1.0
                ]
            ]
        },
        {
            "file_path": "/data/shapenet_blender/all_50_random/02958343/17c32e15723ed6e0cd0bf4a0e76b8df5/r_14",
            "rotation": 0.12566370614359174,
            "transform_matrix": [
                [
                    -0.9831700325012207,
                    0.1807604879140854,
                    0.02650241181254387,
                    0.10683465003967285
                ],
                [
                    0.1826930046081543,
                    0.972770094871521,
                    0.14262382686138153,
                    0.5749350786209106
                ],
                [
                    0.0,
                    0.14506541192531586,
                    -0.9894220232963562,
                    -3.988487958908081
                ],
                [
                    0.0,
                    0.0,
                    0.0,
                    1.0
                ]
            ]
        },
        {
            "file_path": "/data/shapenet_blender/all_50_random/02958343/17c32e15723ed6e0cd0bf4a0e76b8df5/r_15",
            "rotation": 0.12566370614359174,
            "transform_matrix": [
                [
                    -0.775861918926239,
                    -0.2743498384952545,
                    0.5681289434432983,
                    2.290201187133789
                ],
                [
                    0.630902886390686,
                    -0.3373856246471405,
                    0.6986647248268127,
                    2.8164079189300537
                ],
                [
                    -1.4901162970204496e-08,
                    0.900501549243927,
                    0.4348527193069458,
                    1.752947449684143
                ],
                [
                    0.0,
                    0.0,
                    0.0,
                    1.0
                ]
            ]
        },
        {
            "file_path": "/data/shapenet_blender/all_50_random/02958343/17c32e15723ed6e0cd0bf4a0e76b8df5/r_16",
            "rotation": 0.12566370614359174,
            "transform_matrix": [
                [
                    0.9971209764480591,
                    -0.03427499160170555,
                    -0.06763866543769836,
                    -0.2726602256298065
                ],
                [
                    -0.0758272036910057,
                    -0.4507130980491638,
                    -0.8894424438476562,
                    -3.5854573249816895
                ],
                [
                    0.0,
                    0.8920106291770935,
                    -0.45201441645622253,
                    -1.8221285343170166
                ],
                [
                    0.0,
                    0.0,
                    0.0,
                    1.0
                ]
            ]
        },
        {
            "file_path": "/data/shapenet_blender/all_50_random/02958343/17c32e15723ed6e0cd0bf4a0e76b8df5/r_17",
            "rotation": 0.12566370614359174,
            "transform_matrix": [
                [
                    -0.4418390393257141,
                    -0.1753137856721878,
                    -0.8797973394393921,
                    -3.546576499938965
                ],
                [
                    -0.8970943689346313,
                    0.08634595572948456,
                    0.4333198666572571,
                    1.7467682361602783
                ],
                [
                    -7.450580596923828e-09,
                    0.9807188510894775,
                    -0.19542405009269714,
                    -0.7877795696258545
                ],
                [
                    0.0,
                    0.0,
                    0.0,
                    1.0
                ]
            ]
        },
        {
            "file_path": "/data/shapenet_blender/all_50_random/02958343/17c32e15723ed6e0cd0bf4a0e76b8df5/r_18",
            "rotation": 0.12566370614359174,
            "transform_matrix": [
                [
                    -0.13517345488071442,
                    0.2622218132019043,
                    0.9554935097694397,
                    3.851717472076416
                ],
                [
                    0.9908220171928406,
                    0.035773761570453644,
                    0.13035374879837036,
                    0.5254727602005005
                ],
                [
                    -3.725290742551124e-09,
                    0.9643442630767822,
                    -0.264650821685791,
                    -1.0668416023254395
                ],
                [
                    0.0,
                    0.0,
                    0.0,
                    1.0
                ]
            ]
        },
        {
            "file_path": "/data/shapenet_blender/all_50_random/02958343/17c32e15723ed6e0cd0bf4a0e76b8df5/r_19",
            "rotation": 0.12566370614359174,
            "transform_matrix": [
                [
                    0.32159969210624695,
                    0.8884024620056152,
                    0.3275890052318573,
                    1.3205536603927612
                ],
                [
                    0.9468756318092346,
                    -0.3017396628856659,
                    -0.11126329749822617,
                    -0.44851675629615784
                ],
                [
                    7.450580152834618e-09,
                    0.3459683656692505,
                    -0.9382460713386536,
                    -3.782191276550293
                ],
                [
                    0.0,
                    0.0,
                    0.0,
                    1.0
                ]
            ]
        },
        {
            "file_path": "/data/shapenet_blender/all_50_random/02958343/17c32e15723ed6e0cd0bf4a0e76b8df5/r_20",
            "rotation": 0.12566370614359174,
            "transform_matrix": [
                [
                    -0.921662449836731,
                    0.05033888295292854,
                    0.38471323251724243,
                    1.550828456878662
                ],
                [
                    0.3879925608634949,
                    0.11957821995019913,
                    0.913872480392456,
                    3.6839373111724854
                ],
                [
                    -3.725290076417309e-09,
                    0.991547703742981,
                    -0.12974190711975098,
                    -0.5230063199996948
                ],
                [
                    0.0,
                    0.0,
                    0.0,
                    1.0
                ]
            ]
        },
        {
            "file_path": "/data/shapenet_blender/all_50_random/02958343/17c32e15723ed6e0cd0bf4a0e76b8df5/r_21",
            "rotation": 0.12566370614359174,
            "transform_matrix": [
                [
                    -0.8853639364242554,
                    -0.08240308612585068,
                    0.4575374126434326,
                    1.8443922996520996
                ],
                [
                    0.4648986756801605,
                    -0.1569303572177887,
                    0.8713449835777283,
                    3.5125038623809814
                ],
                [
                    -7.450580596923828e-09,
                    0.9841659665107727,
                    0.17724955081939697,
                    0.7145158052444458
                ],
                [
                    0.0,
                    0.0,
                    0.0,
                    1.0
                ]
            ]
        },
        {
            "file_path": "/data/shapenet_blender/all_50_random/02958343/17c32e15723ed6e0cd0bf4a0e76b8df5/r_22",
            "rotation": 0.12566370614359174,
            "transform_matrix": [
                [
                    -0.7872114777565002,
                    0.19242346286773682,
                    -0.5858935713768005,
                    -2.3618125915527344
                ],
                [
                    -0.6166831851005554,
                    -0.24563337862491608,
                    0.747907817363739,
                    3.0149128437042236
                ],
                [
                    -1.4901161193847656e-08,
                    0.9500722885131836,
                    0.31202971935272217,
                    1.2578320503234863
                ],
                [
                    0.0,
                    0.0,
                    0.0,
                    1.0
                ]
            ]
        },
        {
            "file_path": "/data/shapenet_blender/all_50_random/02958343/17c32e15723ed6e0cd0bf4a0e76b8df5/r_23",
            "rotation": 0.12566370614359174,
            "transform_matrix": [
                [
                    -0.7504459619522095,
                    -0.2746744751930237,
                    -0.6011528372764587,
                    -2.4233245849609375
                ],
                [
                    -0.6609317660331726,
                    0.3118754029273987,
                    0.6825708150863647,
                    2.751530885696411
                ],
                [
                    0.0,
                    0.9095536470413208,
                    -0.4155867099761963,
                    -1.675283670425415
                ],
                [
                    0.0,
                    0.0,
                    0.0,
                    1.0
                ]
            ]
        },
        {
            "file_path": "/data/shapenet_blender/all_50_random/02958343/17c32e15723ed6e0cd0bf4a0e76b8df5/r_24",
            "rotation": 0.12566370614359174,
            "transform_matrix": [
                [
                    0.7390528917312622,
                    0.09726414084434509,
                    -0.6665887236595154,
                    -2.6871047019958496
                ],
                [
                    -0.6736473441123962,
                    0.10670768469572067,
                    -0.7313089966773987,
                    -2.948000431060791
                ],
                [
                    0.0,
                    0.9895216226577759,
                    0.14438436925411224,
                    0.5820319652557373
                ],
                [
                    0.0,
                    0.0,
                    0.0,
                    1.0
                ]
            ]
        },
        {
            "file_path": "/data/shapenet_blender/all_50_random/02958343/17c32e15723ed6e0cd0bf4a0e76b8df5/r_25",
            "rotation": 0.12566370614359174,
            "transform_matrix": [
                [
                    -0.999826192855835,
                    6.305511487880722e-05,
                    0.018643232062458992,
                    0.07515326142311096
                ],
                [
                    0.01864333637058735,
                    0.003381591523066163,
                    0.9998205304145813,
                    4.030405044555664
                ],
                [
                    7.275957180502557e-12,
                    0.9999942183494568,
                    -0.0033821798861026764,
                    -0.013634001836180687
                ],
                [
                    0.0,
                    0.0,
                    0.0,
                    1.0
                ]
            ]
        },
        {
            "file_path": "/data/shapenet_blender/all_50_random/02958343/17c32e15723ed6e0cd0bf4a0e76b8df5/r_26",
            "rotation": 0.12566370614359174,
            "transform_matrix": [
                [
                    -0.855495274066925,
                    0.14830154180526733,
                    0.4961194694042206,
                    1.9999216794967651
                ],
                [
                    0.5178107023239136,
                    0.2450147420167923,
                    0.8196582794189453,
                    3.3041484355926514
                ],
                [
                    1.4901162970204496e-08,
                    0.9581097364425659,
                    -0.28640103340148926,
                    -1.1545195579528809
                ],
                [
                    0.0,
                    0.0,
                    0.0,
                    1.0
                ]
            ]
        },
        {
            "file_path": "/data/shapenet_blender/all_50_random/02958343/17c32e15723ed6e0cd0bf4a0e76b8df5/r_27",
            "rotation": 0.12566370614359174,
            "transform_matrix": [
                [
                    0.35903245210647583,
                    0.04904527589678764,
                    0.9320354461669922,
                    3.757155656814575
                ],
                [
                    0.9333250522613525,
                    -0.01886678673326969,
                    -0.35853636264801025,
                    -1.445306420326233
                ],
                [
                    0.0,
                    0.9986183643341064,
                    -0.05254896730184555,
                    -0.2118316888809204
                ],
                [
                    0.0,
                    0.0,
                    0.0,
                    1.0
                ]
            ]
        },
        {
            "file_path": "/data/shapenet_blender/all_50_random/02958343/17c32e15723ed6e0cd0bf4a0e76b8df5/r_28",
            "rotation": 0.12566370614359174,
            "transform_matrix": [
                [
                    0.387237012386322,
                    0.540544867515564,
                    -0.746899425983429,
                    -3.010847806930542
                ],
                [
                    -0.9219802618026733,
                    0.22703197598457336,
                    -0.3137020766735077,
                    -1.264573574066162
                ],
                [
                    1.4901161193847656e-08,
                    0.8101035952568054,
                    0.5862868428230286,
                    2.3633978366851807
                ],
                [
                    0.0,
                    0.0,
                    0.0,
                    1.0
                ]
            ]
        },
        {
            "file_path": "/data/shapenet_blender/all_50_random/02958343/17c32e15723ed6e0cd0bf4a0e76b8df5/r_29",
            "rotation": 0.12566370614359174,
            "transform_matrix": [
                [
                    -0.8486408591270447,
                    0.04006827622652054,
                    -0.5274497270584106,
                    -2.12621808052063
                ],
                [
                    -0.5289695262908936,
                    -0.06428267806768417,
                    0.8462026119232178,
                    3.4111521244049072
                ],
                [
                    -3.725290298461914e-09,
                    0.9971270561218262,
                    0.0757477879524231,
                    0.3053491413593292
                ],
                [
                    0.0,
                    0.0,
                    0.0,
                    1.0
                ]
            ]
        },
        {
            "file_path": "/data/shapenet_blender/all_50_random/02958343/17c32e15723ed6e0cd0bf4a0e76b8df5/r_30",
            "rotation": 0.12566370614359174,
            "transform_matrix": [
                [
                    0.9503676295280457,
                    -0.21327625215053558,
                    0.22652707993984222,
                    0.9131598472595215
                ],
                [
                    0.31112900376319885,
                    0.651468813419342,
                    -0.6919444799423218,
                    -2.7893173694610596
                ],
                [
                    -1.4901160305669237e-08,
                    0.7280808091163635,
                    0.6854912638664246,
                    2.763303756713867
                ],
                [
                    0.0,
                    0.0,
                    0.0,
                    1.0
                ]
            ]
        },
        {
            "file_path": "/data/shapenet_blender/all_50_random/02958343/17c32e15723ed6e0cd0bf4a0e76b8df5/r_31",
            "rotation": 0.12566370614359174,
            "transform_matrix": [
                [
                    -0.9160968065261841,
                    -0.0436912439763546,
                    0.3985694348812103,
                    1.6066848039627075
                ],
                [
                    0.40095698833465576,
                    -0.0998246893286705,
                    0.9106417894363403,
                    3.6709144115448
                ],
                [
                    -3.725290076417309e-09,
                    0.9940453767776489,
                    0.1089673861861229,
                    0.4392615854740143
                ],
                [
                    0.0,
                    0.0,
                    0.0,
                    1.0
                ]
            ]
        },
        {
            "file_path": "/data/shapenet_blender/all_50_random/02958343/17c32e15723ed6e0cd0bf4a0e76b8df5/r_32",
            "rotation": 0.12566370614359174,
            "transform_matrix": [
                [
                    -0.3012653589248657,
                    0.6336023807525635,
                    -0.7125918865203857,
                    -2.8725500106811523
                ],
                [
                    -0.9535404443740845,
                    -0.20018287003040314,
                    0.22513914108276367,
                    0.9075649380683899
                ],
                [
                    1.4901161193847656e-08,
                    0.7473118305206299,
                    0.6644734740257263,
                    2.6785783767700195
                ],
                [
                    0.0,
                    0.0,
                    0.0,
                    1.0
                ]
            ]
        },
        {
            "file_path": "/data/shapenet_blender/all_50_random/02958343/17c32e15723ed6e0cd0bf4a0e76b8df5/r_33",
            "rotation": 0.12566370614359174,
            "transform_matrix": [
                [
                    -0.9948304295539856,
                    0.033476322889328,
                    -0.09587468951940536,
                    -0.38648325204849243
                ],
                [
                    -0.10155108571052551,
                    -0.32794591784477234,
                    0.9392223954200745,
                    3.7861268520355225
                ],
                [
                    0.0,
                    0.9441030621528625,
                    0.3296501040458679,
                    1.328862190246582
                ],
                [
                    0.0,
                    0.0,
                    0.0,
                    1.0
                ]
            ]
        },
        {
            "file_path": "/data/shapenet_blender/all_50_random/02958343/17c32e15723ed6e0cd0bf4a0e76b8df5/r_34",
            "rotation": 0.12566370614359174,
            "transform_matrix": [
                [
                    -0.7372893691062927,
                    0.11162301152944565,
                    0.6662917137145996,
                    2.6859078407287598
                ],
                [
                    0.6755770444869995,
                    0.12181949615478516,
                    0.7271558046340942,
                    2.9312589168548584
                ],
                [
                    0.0,
                    0.9862555861473083,
                    -0.16522617638111115,
                    -0.6660480499267578
                ],
                [
                    0.0,
                    0.0,
                    0.0,
                    1.0
                ]
            ]
        },
        {
            "file_path": "/data/shapenet_blender/all_50_random/02958343/17c32e15723ed6e0cd0bf4a0e76b8df5/r_35",
            "rotation": 0.12566370614359174,
            "transform_matrix": [
                [
                    0.7208789587020874,
                    -0.021665984764695168,
                    -0.6927221417427063,
                    -2.792452573776245
                ],
                [
                    -0.6930609345436096,
                    -0.02253561280667782,
                    -0.7205265760421753,
                    -2.9045357704162598
                ],
                [
                    0.0,
                    0.9995112419128418,
                    -0.031261295080184937,
                    -0.12601833045482635
                ],
                [
                    0.0,
                    0.0,
                    0.0,
                    1.0
                ]
            ]
        },
        {
            "file_path": "/data/shapenet_blender/all_50_random/02958343/17c32e15723ed6e0cd0bf4a0e76b8df5/r_36",
            "rotation": 0.12566370614359174,
            "transform_matrix": [
                [
                    0.8407591581344604,
                    0.036063384264707565,
                    0.5402069091796875,
                    2.1776437759399414
                ],
                [
                    0.5414093136787415,
                    -0.056003138422966,
                    -0.838891863822937,
                    -3.381681203842163
                ],
                [
                    0.0,
                    0.9977790117263794,
                    -0.06661020964384079,
                    -0.26851433515548706
                ],
                [
                    0.0,
                    0.0,
                    0.0,
                    1.0
                ]
            ]
        },
        {
            "file_path": "/data/shapenet_blender/all_50_random/02958343/17c32e15723ed6e0cd0bf4a0e76b8df5/r_37",
            "rotation": 0.12566370614359174,
            "transform_matrix": [
                [
                    0.49077510833740234,
                    -0.1956486850976944,
                    -0.8490355610847473,
                    -3.422571897506714
                ],
                [
                    -0.8712863326072693,
                    -0.1102043092250824,
                    -0.47824177145957947,
                    -1.927854299545288
                ],
                [
                    -7.450580596923828e-09,
                    0.9744622707366943,
                    -0.22455154359340668,
                    -0.9051962494850159
                ],
                [
                    0.0,
                    0.0,
                    0.0,
                    1.0
                ]
            ]
        },
        {
            "file_path": "/data/shapenet_blender/all_50_random/02958343/17c32e15723ed6e0cd0bf4a0e76b8df5/r_38",
            "rotation": 0.12566370614359174,
            "transform_matrix": [
                [
                    -0.8858511447906494,
                    0.3628412187099457,
                    -0.28916066884994507,
                    -1.1656439304351807
                ],
                [
                    -0.4639694392681122,
                    -0.6927682757377625,
                    0.5520908832550049,
                    2.2255494594573975
                ],
                [
                    0.0,
                    0.6232320666313171,
                    0.7820369005203247,
                    3.152491569519043
                ],
                [
                    0.0,
                    0.0,
                    0.0,
                    1.0
                ]
            ]
        },
        {
            "file_path": "/data/shapenet_blender/all_50_random/02958343/17c32e15723ed6e0cd0bf4a0e76b8df5/r_39",
            "rotation": 0.12566370614359174,
            "transform_matrix": [
                [
                    -0.9990392327308655,
                    -0.005798519589006901,
                    0.04343996196985245,
                    0.17511208355426788
                ],
                [
                    0.04382525756955147,
                    -0.13218286633491516,
                    0.9902560114860535,
                    3.991849660873413
                ],
                [
                    0.0,
                    0.9912083745002747,
                    0.13230998814105988,
                    0.533358633518219
                ],
                [
                    0.0,
                    0.0,
                    0.0,
                    1.0
                ]
            ]
        },
        {
            "file_path": "/data/shapenet_blender/all_50_random/02958343/17c32e15723ed6e0cd0bf4a0e76b8df5/r_40",
            "rotation": 0.12566370614359174,
            "transform_matrix": [
                [
                    0.45203307271003723,
                    0.3740895986557007,
                    -0.8097673058509827,
                    -3.2642765045166016
                ],
                [
                    -0.892001211643219,
                    0.1895747035741806,
                    -0.4103599786758423,
                    -1.6542140245437622
                ],
                [
                    -1.4901161193847656e-08,
                    0.9078097343444824,
                    0.41938236355781555,
                    1.690584421157837
                ],
                [
                    0.0,
                    0.0,
                    0.0,
                    1.0
                ]
            ]
        },
        {
            "file_path": "/data/shapenet_blender/all_50_random/02958343/17c32e15723ed6e0cd0bf4a0e76b8df5/r_41",
            "rotation": 0.12566370614359174,
            "transform_matrix": [
                [
                    -0.8981484174728394,
                    -0.1797945648431778,
                    0.40125221014022827,
                    1.6174993515014648
                ],
                [
                    0.4396924376487732,
                    -0.36726173758506775,
                    0.819627583026886,
                    3.3040244579315186
                ],
                [
                    0.0,
