{
    "class": "02958343",
    "model": "9c10e71c06558c3b1bb46d2556ba67d",
    "remove_doubles": true,
    "edge_split": true,
    "denoise": true,
    "camera_angle_x": 0.6911112070083618,
    "scale_factor": 2.2380226576700477,
    "hdri_file": "/data/IndoorHDRDataset2018/9C4A2285-d5ef0f4f37.exr",
    "center_offset": [
        0.0,
        0.0,
        -2.3283064365386963e-09
    ],
    "lights": [],
    "frames": [
        {
            "file_path": "/data/shapenet_blender/all_50_random/02958343/9c10e71c06558c3b1bb46d2556ba67d/r_0",
            "rotation": 0.12566370614359174,
            "transform_matrix": [
                [
                    0.7645263075828552,
                    -0.0017189688514918089,
                    -0.6445901393890381,
                    -2.598426103591919
                ],
                [
                    -0.6445924639701843,
                    -0.0020388029515743256,
                    -0.7645236253738403,
                    -3.0818934440612793
                ],
                [
                    0.0,
                    0.9999964833259583,
                    -0.0026667527854442596,
                    -0.010750025510787964
                ],
                [
                    0.0,
                    0.0,
                    0.0,
                    1.0
                ]
            ]
        },
        {
            "file_path": "/data/shapenet_blender/all_50_random/02958343/9c10e71c06558c3b1bb46d2556ba67d/r_1",
            "rotation": 0.12566370614359174,
            "transform_matrix": [
                [
                    -0.5663793087005615,
                    -0.4452900290489197,
                    -0.6934921741485596,
                    -2.79555606842041
                ],
                [
                    -0.8241446614265442,
                    0.3060179352760315,
                    0.4765906035900116,
                    1.9211978912353516
                ],
                [
                    1.4901161193847656e-08,
                    0.841468870639801,
                    -0.5403056144714355,
                    -2.178041458129883
                ],
                [
                    0.0,
                    0.0,
                    0.0,
                    1.0
                ]
            ]
        },
        {
            "file_path": "/data/shapenet_blender/all_50_random/02958343/9c10e71c06558c3b1bb46d2556ba67d/r_2",
            "rotation": 0.12566370614359174,
            "transform_matrix": [
                [
                    0.7365774512290955,
                    -0.43046170473098755,
                    -0.5216860175132751,
                    -2.1029837131500244
                ],
                [
                    -0.6763532161712646,
                    -0.468791127204895,
                    -0.5681383013725281,
                    -2.290238857269287
                ],
                [
                    0.0,
                    0.7713217735290527,
                    -0.6364452242851257,
                    -2.5655927658081055
                ],
                [
                    0.0,
                    0.0,
                    0.0,
                    1.0
                ]
            ]
        },
        {
            "file_path": "/data/shapenet_blender/all_50_random/02958343/9c10e71c06558c3b1bb46d2556ba67d/r_3",
            "rotation": 0.12566370614359174,
            "transform_matrix": [
                [
                    -0.9249565601348877,
                    -0.3072086274623871,
                    0.22378158569335938,
                    0.9020923972129822
                ],
                [
                    0.38007277250289917,
                    -0.7476321458816528,
                    0.544601559638977,
                    2.195358991622925
                ],
                [
                    0.0,
                    0.5887861847877502,
                    0.8082888722419739,
                    3.2583167552948
                ],
                [
                    0.0,
                    0.0,
                    0.0,
                    1.0
                ]
            ]
        },
        {
            "file_path": "/data/shapenet_blender/all_50_random/02958343/9c10e71c06558c3b1bb46d2556ba67d/r_4",
            "rotation": 0.12566370614359174,
            "transform_matrix": [
                [
                    -0.762443482875824,
                    -0.6318473815917969,
                    -0.1394597291946411,
                    -0.5621801614761353
                ],
                [
                    -0.6470549702644348,
                    0.7445238828659058,
                    0.1643294095993042,
                    0.6624330282211304
                ],
                [
                    -7.450581485102248e-09,
                    0.21553000807762146,
                    -0.9764971733093262,
                    -3.9363861083984375
                ],
                [
                    0.0,
                    0.0,
                    0.0,
                    1.0
                ]
            ]
        },
        {
            "file_path": "/data/shapenet_blender/all_50_random/02958343/9c10e71c06558c3b1bb46d2556ba67d/r_5",
            "rotation": 0.12566370614359174,
            "transform_matrix": [
                [
                    -0.9919815063476562,
                    -0.053442131727933884,
                    0.11452790349721909,
                    0.4616767168045044
                ],
                [
                    0.12638314068317413,
                    -0.41946732997894287,
                    0.8989295959472656,
                    3.6237008571624756
                ],
                [
                    0.0,
                    0.9061958193778992,
                    0.4228580892086029,
                    1.7045954465866089
                ],
                [
                    0.0,
                    0.0,
                    0.0,
                    1.0
                ]
            ]
        },
        {
            "file_path": "/data/shapenet_blender/all_50_random/02958343/9c10e71c06558c3b1bb46d2556ba67d/r_6",
            "rotation": 0.12566370614359174,
            "transform_matrix": [
                [
                    -0.4463651478290558,
                    -0.6454066634178162,
                    -0.6198452711105347,
                    -2.4986765384674072
                ],
                [
                    -0.8948509693145752,
                    0.32193857431411743,
                    0.30918818712234497,
                    1.2463775873184204
                ],
                [
                    -1.4901162970204496e-08,
                    0.6926799416542053,
                    -0.7212449312210083,
                    -2.9074316024780273
                ],
                [
                    0.0,
                    0.0,
                    0.0,
                    1.0
                ]
            ]
        },
        {
            "file_path": "/data/shapenet_blender/all_50_random/02958343/9c10e71c06558c3b1bb46d2556ba67d/r_7",
            "rotation": 0.12566370614359174,
            "transform_matrix": [
                [
                    0.04977614805102348,
                    -0.10907626152038574,
                    -0.9927863478660583,
                    -4.002049446105957
                ],
                [
                    -0.9987604022026062,
                    -0.005436135455965996,
                    -0.04947841539978981,
                    -0.19945386052131653
                ],
                [
                    0.0,
                    0.9940184950828552,
                    -0.10921164602041245,
                    -0.44024619460105896
                ],
                [
                    0.0,
                    0.0,
                    0.0,
                    1.0
                ]
            ]
        },
        {
            "file_path": "/data/shapenet_blender/all_50_random/02958343/9c10e71c06558c3b1bb46d2556ba67d/r_8",
            "rotation": 0.12566370614359174,
            "transform_matrix": [
                [
                    0.9658173322677612,
                    -0.19660164415836334,
                    -0.16895157098770142,
                    -0.6810656189918518
                ],
                [
                    -0.2592235207557678,
                    -0.7325001358985901,
                    -0.6294812560081482,
                    -2.537520408630371
                ],
                [
                    0.0,
                    0.6517601609230042,
                    -0.7584250569343567,
                    -3.05730938911438
                ],
                [
                    0.0,
                    0.0,
                    0.0,
                    1.0
                ]
            ]
        },
        {
            "file_path": "/data/shapenet_blender/all_50_random/02958343/9c10e71c06558c3b1bb46d2556ba67d/r_9",
            "rotation": 0.12566370614359174,
            "transform_matrix": [
                [
                    -0.16985303163528442,
                    0.26224201917648315,
                    0.9499363303184509,
                    3.8293159008026123
                ],
                [
                    0.985469400882721,
                    0.045199379324913025,
                    0.16372863948345184,
                    0.6600112318992615
                ],
                [
                    -3.725290298461914e-09,
                    0.9639430642127991,
                    -0.2661087214946747,
                    -1.072718620300293
                ],
                [
                    0.0,
                    0.0,
                    0.0,
                    1.0
                ]
            ]
        },
        {
            "file_path": "/data/shapenet_blender/all_50_random/02958343/9c10e71c06558c3b1bb46d2556ba67d/r_10",
            "rotation": 0.12566370614359174,
            "transform_matrix": [
                [
                    0.08862100541591644,
                    -0.2501811981201172,
                    0.9641346335411072,
                    3.8865511417388916
                ],
                [
                    0.9960654377937317,
                    0.02225888893008232,
                    -0.0857800841331482,
                    -0.3457905650138855
                ],
                [
                    0.0,
                    0.9679430723190308,
                    0.25116944313049316,
                    1.0124963521957397
                ],
                [
                    0.0,
                    0.0,
                    0.0,
                    1.0
                ]
            ]
        },
        {
            "file_path": "/data/shapenet_blender/all_50_random/02958343/9c10e71c06558c3b1bb46d2556ba67d/r_11",
            "rotation": 0.12566370614359174,
            "transform_matrix": [
                [
                    -0.9889402389526367,
                    0.029582031071186066,
                    -0.145334854722023,
                    -0.5858635902404785
                ],
                [
                    -0.1483149528503418,
                    -0.19724822044372559,
                    0.9690694808959961,
                    3.9064443111419678
                ],
                [
                    1.862645371275562e-09,
                    0.9799070954322815,
                    0.1994541436433792,
                    0.804025411605835
                ],
                [
                    0.0,
                    0.0,
                    0.0,
                    1.0
                ]
            ]
        },
        {
            "file_path": "/data/shapenet_blender/all_50_random/02958343/9c10e71c06558c3b1bb46d2556ba67d/r_12",
            "rotation": 0.12566370614359174,
            "transform_matrix": [
                [
                    0.5370228290557861,
                    0.5581470131874084,
                    -0.6325175166130066,
                    -2.549759864807129
                ],
                [
                    -0.8435677289962769,
                    0.3553214371204376,
                    -0.4026663303375244,
                    -1.6232001781463623
                ],
                [
                    0.0,
                    0.7498124241828918,
                    0.6616503596305847,
                    2.6671981811523438
                ],
                [
                    0.0,
                    0.0,
                    0.0,
                    1.0
                ]
            ]
        },
        {
            "file_path": "/data/shapenet_blender/all_50_random/02958343/9c10e71c06558c3b1bb46d2556ba67d/r_13",
            "rotation": 0.12566370614359174,
            "transform_matrix": [
                [
                    -0.8713314533233643,
                    -0.0920611098408699,
                    0.4819815754890442,
                    1.9429298639297485
                ],
                [
                    0.49069494009017944,
                    -0.16347374022006989,
                    0.8558590412139893,
                    3.450078248977661
                ],
                [
                    -7.450581485102248e-09,
                    0.98224276304245,
                    0.18761374056339264,
                    0.7562952041625977
                ],
                [
                    0.0,
                    0.0,
                    0.0,
                    1.0
                ]
            ]
        },
        {
            "file_path": "/data/shapenet_blender/all_50_random/02958343/9c10e71c06558c3b1bb46d2556ba67d/r_14",
            "rotation": 0.12566370614359174,
            "transform_matrix": [
                [
                    -0.6194692850112915,
                    0.33585408329963684,
                    -0.709549069404602,
                    -2.860283851623535
                ],
                [
                    -0.7850209474563599,
                    -0.26502639055252075,
                    0.5599135160446167,
                    2.2570836544036865
                ],
                [
                    0.0,
                    0.9038600921630859,
                    0.42782819271087646,
                    1.72463059425354
                ],
                [
                    0.0,
                    0.0,
                    0.0,
                    1.0
                ]
            ]
        },
        {
            "file_path": "/data/shapenet_blender/all_50_random/02958343/9c10e71c06558c3b1bb46d2556ba67d/r_15",
            "rotation": 0.12566370614359174,
            "transform_matrix": [
                [
                    0.9893592000007629,
                    -0.0753370150923729,
                    -0.12446914613246918,
                    -0.501751184463501
                ],
                [
                    -0.1454930603504181,
                    -0.5122950077056885,
                    -0.8463956117630005,
                    -3.4119298458099365
                ],
                [
                    0.0,
                    0.8554987907409668,
                    -0.5178048610687256,
                    -2.0873382091522217
                ],
                [
                    0.0,
                    0.0,
                    0.0,
                    1.0
                ]
            ]
        },
        {
            "file_path": "/data/shapenet_blender/all_50_random/02958343/9c10e71c06558c3b1bb46d2556ba67d/r_16",
            "rotation": 0.12566370614359174,
            "transform_matrix": [
                [
                    0.08964928984642029,
                    0.002587768714874983,
                    0.9959699511528015,
                    4.014883518218994
                ],
                [
                    0.9959734678268433,
                    -0.0002329295384697616,
                    -0.08964896947145462,
                    -0.36138659715652466
                ],
                [
                    1.4551915228366852e-11,
                    0.9999966621398926,
                    -0.002598230494186282,
                    -0.01047380268573761
                ],
                [
                    0.0,
                    0.0,
                    0.0,
                    1.0
                ]
            ]
        },
        {
            "file_path": "/data/shapenet_blender/all_50_random/02958343/9c10e71c06558c3b1bb46d2556ba67d/r_17",
            "rotation": 0.12566370614359174,
            "transform_matrix": [
                [
                    -0.16422738134860992,
                    -0.8153157830238342,
                    0.5552381873130798,
                    2.238236904144287
                ],
                [
                    0.9864225387573242,
                    -0.13574017584323883,
                    0.0924404188990593,
                    0.3726392686367035
                ],
                [
                    0.0,
                    0.5628805756568909,
                    0.8265380263328552,
                    3.331881523132324
                ],
                [
                    0.0,
                    0.0,
                    0.0,
                    1.0
                ]
            ]
        },
        {
            "file_path": "/data/shapenet_blender/all_50_random/02958343/9c10e71c06558c3b1bb46d2556ba67d/r_18",
            "rotation": 0.12566370614359174,
            "transform_matrix": [
                [
                    0.7909561991691589,
                    -0.06276838481426239,
                    -0.6086448431015015,
                    -2.4535257816314697
                ],
                [
                    -0.6118729114532471,
                    -0.0811394676566124,
                    -0.7867832779884338,
                    -3.1716248989105225
                ],
                [
                    -3.725290742551124e-09,
                    0.9947243332862854,
                    -0.10258402675390244,
                    -0.4135294258594513
                ],
                [
                    0.0,
                    0.0,
                    0.0,
                    1.0
                ]
            ]
        },
        {
            "file_path": "/data/shapenet_blender/all_50_random/02958343/9c10e71c06558c3b1bb46d2556ba67d/r_19",
            "rotation": 0.12566370614359174,
            "transform_matrix": [
                [
                    0.9630036354064941,
                    0.04443384334445,
                    0.265799880027771,
                    1.0714735984802246
                ],
                [
                    0.26948827505111694,
                    -0.1587822288274765,
                    -0.949823260307312,
                    -3.82886004447937
                ],
                [
                    0.0,
                    0.9863132238388062,
                    -0.16488227248191833,
                    -0.664661705493927
                ],
                [
                    0.0,
                    0.0,
                    0.0,
                    1.0
                ]
            ]
        },
        {
            "file_path": "/data/shapenet_blender/all_50_random/02958343/9c10e71c06558c3b1bb46d2556ba67d/r_20",
            "rotation": 0.12566370614359174,
            "transform_matrix": [
                [
                    -0.9520543217658997,
                    -0.10419301688671112,
                    -0.287639319896698,
                    -1.1595112085342407
                ],
                [
                    -0.3059290051460266,
                    0.3242497444152832,
                    0.8951365351676941,
                    3.6084108352661133
                ],
                [
                    0.0,
                    0.9402158856391907,
                    -0.3405790328979492,
                    -1.3729180097579956
                ],
                [
                    0.0,
                    0.0,
                    0.0,
                    1.0
                ]
            ]
        },
        {
            "file_path": "/data/shapenet_blender/all_50_random/02958343/9c10e71c06558c3b1bb46d2556ba67d/r_21",
            "rotation": 0.12566370614359174,
            "transform_matrix": [
                [
                    0.910662055015564,
                    0.32477492094039917,
                    0.2553737461566925,
                    1.0294444561004639
                ],
                [
                    0.41315194964408875,
                    -0.715863049030304,
                    -0.5628902316093445,
                    -2.269083023071289
                ],
                [
                    0.0,
                    0.6181109547615051,
                    -0.7860909104347229,
                    -3.1688337326049805
                ],
                [
                    0.0,
                    0.0,
                    0.0,
                    1.0
                ]
            ]
        },
        {
            "file_path": "/data/shapenet_blender/all_50_random/02958343/9c10e71c06558c3b1bb46d2556ba67d/r_22",
            "rotation": 0.12566370614359174,
            "transform_matrix": [
                [
                    -0.9991493225097656,
                    -0.0030371323227882385,
                    0.04112610965967178,
                    0.16578465700149536
                ],
                [
                    0.041238099336624146,
                    -0.07358604669570923,
                    0.9964359402656555,
                    4.016761779785156
                ],
                [
                    0.0,
                    0.9972842931747437,
                    0.07364869117736816,
                    0.2968873679637909
                ],
                [
                    0.0,
                    0.0,
                    0.0,
                    1.0
                ]
            ]
        },
        {
            "file_path": "/data/shapenet_blender/all_50_random/02958343/9c10e71c06558c3b1bb46d2556ba67d/r_23",
            "rotation": 0.12566370614359174,
            "transform_matrix": [
                [
                    -0.7266620397567749,
                    -0.3535919487476349,
                    0.5890119075775146,
                    2.3743832111358643
                ],
                [
                    0.6869952082633972,
                    -0.3740081787109375,
                    0.6230211853981018,
                    2.511478900909424
                ],
                [
                    0.0,
                    0.8573742508888245,
                    0.5146933794021606,
                    2.074795722961426
                ],
                [
                    0.0,
                    0.0,
                    0.0,
                    1.0
                ]
            ]
        },
        {
            "file_path": "/data/shapenet_blender/all_50_random/02958343/9c10e71c06558c3b1bb46d2556ba67d/r_24",
            "rotation": 0.12566370614359174,
            "transform_matrix": [
                [
                    0.8420252203941345,
                    -0.48594680428504944,
                    -0.2341991662979126,
                    -0.944087028503418
                ],
                [
                    -0.5394381284713745,
                    -0.7585288882255554,
                    -0.36556848883628845,
                    -1.4736536741256714
                ],
                [
                    1.4901161193847656e-08,
                    0.43415382504463196,
                    -0.9008387327194214,
                    -3.631397008895874
                ],
                [
                    0.0,
                    0.0,
                    0.0,
                    1.0
                ]
            ]
        },
        {
            "file_path": "/data/shapenet_blender/all_50_random/02958343/9c10e71c06558c3b1bb46d2556ba67d/r_25",
            "rotation": 0.12566370614359174,
            "transform_matrix": [
                [
                    0.27633926272392273,
                    -0.014678376726806164,
                    -0.9609480500221252,
                    -3.8737053871154785
                ],
                [
                    -0.9610602259635925,
                    -0.004220559261739254,
                    -0.27630698680877686,
                    -1.1138291358947754
                ],
                [
                    0.0,
                    0.9998833537101746,
                    -0.015273110009729862,
                    -0.061567872762680054
                ],
                [
                    0.0,
                    0.0,
                    0.0,
                    1.0
                ]
            ]
        },
        {
            "file_path": "/data/shapenet_blender/all_50_random/02958343/9c10e71c06558c3b1bb46d2556ba67d/r_26",
            "rotation": 0.12566370614359174,
            "transform_matrix": [
                [
                    0.9915425777435303,
                    1.8035116227110848e-05,
                    -0.1297825127840042,
                    -0.5231700539588928
                ],
                [
                    -0.1297825276851654,
                    0.0001377888402203098,
                    -0.9915424585342407,
                    -3.997035503387451
                ],
                [
                    -1.818989620386291e-12,
                    0.9999999403953552,
                    0.00013896414020564407,
                    0.0005601823795586824
                ],
                [
                    0.0,
                    0.0,
                    0.0,
                    1.0
                ]
            ]
        },
        {
            "file_path": "/data/shapenet_blender/all_50_random/02958343/9c10e71c06558c3b1bb46d2556ba67d/r_27",
            "rotation": 0.12566370614359174,
            "transform_matrix": [
                [
                    0.4103435277938843,
                    0.1424180567264557,
                    -0.9007415175437927,
                    -3.63100528717041
                ],
                [
                    -0.9119311571121216,
                    0.06408414244651794,
                    -0.40530848503112793,
                    -1.6338508129119873
                ],
                [
                    0.0,
                    0.9877297878265381,
                    0.15617196261882782,
                    0.6295493245124817
                ],
                [
                    0.0,
                    0.0,
                    0.0,
                    1.0
                ]
            ]
        },
        {
            "file_path": "/data/shapenet_blender/all_50_random/02958343/9c10e71c06558c3b1bb46d2556ba67d/r_28",
            "rotation": 0.12566370614359174,
            "transform_matrix": [
                [
                    -0.41691625118255615,
                    0.42774051427841187,
                    0.8020092248916626,
                    3.2330026626586914
                ],
                [
                    0.9089447259902954,
                    0.19619672000408173,
                    0.3678669035434723,
                    1.4829189777374268
                ],
                [
                    0.0,
                    0.8823519945144653,
                    -0.47059011459350586,
                    -1.8970093727111816
                ],
                [
                    0.0,
                    0.0,
                    0.0,
                    1.0
                ]
            ]
        },
        {
            "file_path": "/data/shapenet_blender/all_50_random/02958343/9c10e71c06558c3b1bb46d2556ba67d/r_29",
            "rotation": 0.12566370614359174,
            "transform_matrix": [
                [
                    0.9749695062637329,
                    0.0621454231441021,
                    0.21347682178020477,
                    0.8605526089668274
                ],
                [
                    0.2223384976387024,
                    -0.27251192927360535,
                    -0.9361104369163513,
                    -3.7735819816589355
                ],
                [
                    0.0,
                    0.9601433873176575,
                    -0.279508113861084,
                    -1.1267333030700684
                ],
                [
                    0.0,
                    0.0,
                    0.0,
                    1.0
                ]
            ]
        },
        {
            "file_path": "/data/shapenet_blender/all_50_random/02958343/9c10e71c06558c3b1bb46d2556ba67d/r_30",
            "rotation": 0.12566370614359174,
            "transform_matrix": [
                [
                    0.3976060450077057,
                    0.01448773592710495,
                    0.9174418449401855,
                    3.698326349258423
                ],
                [
                    0.9175562858581543,
                    -0.006277992855757475,
                    -0.39755645394325256,
                    -1.6026012897491455
                ],
                [
                    4.656612873077393e-10,
                    0.9998753070831299,
                    -0.01578948087990284,
                    -0.06364943087100983
                ],
                [
                    0.0,
                    0.0,
                    0.0,
                    1.0
                ]
            ]
        },
        {
            "file_path": "/data/shapenet_blender/all_50_random/02958343/9c10e71c06558c3b1bb46d2556ba67d/r_31",
            "rotation": 0.12566370614359174,
            "transform_matrix": [
                [
                    0.9865342378616333,
                    0.06291858106851578,
                    0.15096840262413025,
                    0.6085730791091919
                ],
                [
                    0.16355490684509277,
                    -0.3795137405395508,
                    -0.9106146693229675,
                    -3.6708052158355713
                ],
                [
                    0.0,
                    0.9230440855026245,
                    -0.38469398021698,
                    -1.5507510900497437
                ],
                [
                    0.0,
                    0.0,
                    0.0,
                    1.0
                ]
            ]
        },
        {
            "file_path": "/data/shapenet_blender/all_50_random/02958343/9c10e71c06558c3b1bb46d2556ba67d/r_32",
            "rotation": 0.12566370614359174,
            "transform_matrix": [
                [
                    0.7258910536766052,
                    -0.3007172644138336,
                    -0.6185880303382874,
                    -2.493607997894287
                ],
                [
                    -0.6878095269203186,
                    -0.31736692786216736,
                    -0.6528370380401611,
                    -2.6316702365875244
                ],
                [
                    -1.4901160305669237e-08,
                    0.8993593454360962,
                    -0.4372100830078125,
                    -1.7624502182006836
                ],
                [
                    0.0,
                    0.0,
                    0.0,
                    1.0
                ]
            ]
        },
        {
            "file_path": "/data/shapenet_blender/all_50_random/02958343/9c10e71c06558c3b1bb46d2556ba67d/r_33",
            "rotation": 0.12566370614359174,
            "transform_matrix": [
                [
                    -0.8335818648338318,
                    -0.017466982826590538,
                    0.5521196126937866,
                    2.225665330886841
                ],
                [
                    0.552395761013031,
                    -0.02635820023715496,
                    0.8331651091575623,
                    3.358595848083496
                ],
                [
                    -9.313224080820248e-10,
                    0.9994999766349792,
                    0.03162040561437607,
                    0.12746593356132507
                ],
                [
                    0.0,
                    0.0,
                    0.0,
                    1.0
                ]
            ]
        },
        {
            "file_path": "/data/shapenet_blender/all_50_random/02958343/9c10e71c06558c3b1bb46d2556ba67d/r_34",
            "rotation": 0.12566370614359174,
            "transform_matrix": [
                [
                    -0.819394052028656,
                    0.07198367267847061,
                    0.5686931014060974,
                    2.2924752235412598
                ],
                [
                    0.5732308030128479,
                    0.10289572179317474,
                    0.8129077553749084,
                    3.2769360542297363
                ],
                [
                    -3.725290742551124e-09,
                    0.9920839071273804,
                    -0.12557540833950043,
                    -0.5062106847763062
                ],
                [
                    0.0,
                    0.0,
                    0.0,
                    1.0
                ]
            ]
        },
        {
            "file_path": "/data/shapenet_blender/all_50_random/02958343/9c10e71c06558c3b1bb46d2556ba67d/r_35",
            "rotation": 0.12566370614359174,
            "transform_matrix": [
                [
                    -0.9968329071998596,
                    -0.005562193691730499,
                    0.07933079451322556,
                    0.3197927176952362
                ],
                [
                    0.07952556759119034,
                    -0.06972069293260574,
                    0.9943915009498596,
                    4.00852108001709
                ],
                [
                    0.0,
                    0.9975510239601135,
                    0.06994220614433289,
                    0.2819461226463318
                ],
                [
                    0.0,
                    0.0,
                    0.0,
                    1.0
                ]
            ]
        },
        {
            "file_path": "/data/shapenet_blender/all_50_random/02958343/9c10e71c06558c3b1bb46d2556ba67d/r_36",
            "rotation": 0.12566370614359174,
            "transform_matrix": [
                [
                    0.9818574786186218,
                    0.009028193540871143,
                    0.18940523266792297,
                    0.763516902923584
                ],
                [
                    0.18962028622627258,
                    -0.04674816131591797,
                    -0.9807440042495728,
                    -3.953505277633667
                ],
                [
                    0.0,
                    0.9988658428192139,
                    -0.04761197045445442,
                    -0.19192998111248016
                ],
                [
                    0.0,
                    0.0,
                    0.0,
                    1.0
                ]
            ]
        },
        {
            "file_path": "/data/shapenet_blender/all_50_random/02958343/9c10e71c06558c3b1bb46d2556ba67d/r_37",
            "rotation": 0.12566370614359174,
            "transform_matrix": [
                [
                    -0.9962128400802612,
                    -0.036324769258499146,
                    -0.07899720966815948,
                    -0.31844794750213623
                ],
                [
                    -0.08694853633642197,
                    0.416191041469574,
                    0.9051104784011841,
                    3.6486170291900635
                ],
                [
                    0.0,
                    0.9085513949394226,
                    -0.41777315735816956,
                    -1.684097409248352
                ],
                [
                    0.0,
                    0.0,
                    0.0,
                    1.0
                ]
            ]
        },
        {
            "file_path": "/data/shapenet_blender/all_50_random/02958343/9c10e71c06558c3b1bb46d2556ba67d/r_38",
            "rotation": 0.12566370614359174,
            "transform_matrix": [
                [
                    -0.4281904697418213,
                    0.4661429822444916,
                    0.7741857767105103,
                    3.120842695236206
                ],
                [
                    0.9036884903907776,
                    0.22087031602859497,
                    0.3668287992477417,
                    1.4787341356277466
                ],
                [
                    1.4901161193847656e-08,
                    0.8566953539848328,
                    -0.5158226490020752,
                    -2.079347610473633
                ],
                [
                    0.0,
                    0.0,
                    0.0,
                    1.0
                ]
            ]
        },
        {
            "file_path": "/data/shapenet_blender/all_50_random/02958343/9c10e71c06558c3b1bb46d2556ba67d/r_39",
            "rotation": 0.12566370614359174,
            "transform_matrix": [
                [
                    -0.9868915677070618,
                    0.14462153613567352,
                    -0.07162203639745712,
                    -0.288717657327652
                ],
                [
                    -0.1613849699497223,
                    -0.8843808174133301,
                    0.43797874450683594,
                    1.765548825263977
                ],
                [
                    7.450580596923828e-09,
                    0.4437960386276245,
                    0.8961277604103088,
                    3.6124064922332764
                ],
                [
                    0.0,
                    0.0,
                    0.0,
                    1.0
                ]
            ]
        },
        {
            "file_path": "/data/shapenet_blender/all_50_random/02958343/9c10e71c06558c3b1bb46d2556ba67d/r_40",
            "rotation": 0.12566370614359174,
            "transform_matrix": [
                [
                    0.18492722511291504,
                    -0.16546101868152618,
                    0.9687231183052063,
                    3.90504789352417
                ],
                [
                    0.9827521443367004,
                    0.03113526664674282,
                    -0.18228735029697418,
                    -0.7348238229751587
                ],
                [
                    -1.8626450382086546e-09,
                    0.9857247471809387,
                    0.16836494207382202,
                    0.6787008047103882
                ],
                [
                    0.0,
                    0.0,
                    0.0,
                    1.0
                ]
            ]
        },
        {
            "file_path": "/data/shapenet_blender/all_50_random/02958343/9c10e71c06558c3b1bb46d2556ba67d/r_41",
            "rotation": 0.12566370614359174,
            "transform_matrix": [
                [
                    0.8392754793167114,
                    0.026285849511623383,
                    0.5430707931518555,
                    2.1891884803771973
                ],
                [
                    0.5437065958976746,
                    -0.040575314313173294,
                    -0.8382939696311951,
                    -3.3792710304260254
                ],
                [
                    -1.862645371275562e-09,
