{
    "class": "02958343",
    "model": "47fcc0e1aee36584b1bb46d2556ba67d",
    "remove_doubles": true,
    "edge_split": true,
    "denoise": true,
    "camera_angle_x": 0.6911112070083618,
    "scale_factor": 2.3127430127166835,
    "hdri_file": "/data/IndoorHDRDataset2018/AG8A8416-e775940e93.exr",
    "center_offset": [
        0.0,
        0.0,
        -1.862645149230957e-09
    ],
    "lights": [],
    "frames": [
        {
            "file_path": "/data/shapenet_blender/all_50_random/02958343/47fcc0e1aee36584b1bb46d2556ba67d/r_0",
            "rotation": 0.12566370614359174,
            "transform_matrix": [
                [
                    -0.9868583083152771,
                    0.021413620561361313,
                    -0.1601625680923462,
                    -0.6456359028816223
                ],
                [
                    -0.1615877002477646,
                    -0.13077856600284576,
                    0.9781546592712402,
                    3.9430670738220215
                ],
                [
                    1.8626450382086546e-09,
                    0.9911803007125854,
                    0.13252010941505432,
                    0.5342055559158325
                ],
                [
                    0.0,
                    0.0,
                    0.0,
                    1.0
                ]
            ]
        },
        {
            "file_path": "/data/shapenet_blender/all_50_random/02958343/47fcc0e1aee36584b1bb46d2556ba67d/r_1",
            "rotation": 0.12566370614359174,
            "transform_matrix": [
                [
                    -0.2838771343231201,
                    -0.7282570600509644,
                    -0.6237429976463318,
                    -2.5143885612487793
                ],
                [
                    -0.9588605761528015,
                    0.21560543775558472,
                    0.1846633404493332,
                    0.744401752948761
                ],
                [
                    0.0,
                    0.6505043506622314,
                    -0.7595025300979614,
                    -3.061652660369873
                ],
                [
                    0.0,
                    0.0,
                    0.0,
                    1.0
                ]
            ]
        },
        {
            "file_path": "/data/shapenet_blender/all_50_random/02958343/47fcc0e1aee36584b1bb46d2556ba67d/r_2",
            "rotation": 0.12566370614359174,
            "transform_matrix": [
                [
                    0.4268181324005127,
                    0.04826079308986664,
                    0.9030487537384033,
                    3.640306234359741
                ],
                [
                    0.9043375253677368,
                    -0.022777536883950233,
                    -0.42620986700057983,
                    -1.7181071043014526
                ],
                [
                    0.0,
                    0.9985750913619995,
                    -0.05336590111255646,
                    -0.21512484550476074
                ],
                [
                    0.0,
                    0.0,
                    0.0,
                    1.0
                ]
            ]
        },
        {
            "file_path": "/data/shapenet_blender/all_50_random/02958343/47fcc0e1aee36584b1bb46d2556ba67d/r_3",
            "rotation": 0.12566370614359174,
            "transform_matrix": [
                [
                    0.9899755716323853,
                    -0.0558180995285511,
                    -0.12974078953266144,
                    -0.5230019092559814
                ],
                [
                    -0.14123858511447906,
                    -0.3912426233291626,
                    -0.9093847870826721,
                    -3.6658475399017334
                ],
                [
                    3.725290742551124e-09,
                    0.9185931086540222,
                    -0.3952043056488037,
                    -1.5931196212768555
                ],
                [
                    0.0,
                    0.0,
                    0.0,
                    1.0
                ]
            ]
        },
        {
            "file_path": "/data/shapenet_blender/all_50_random/02958343/47fcc0e1aee36584b1bb46d2556ba67d/r_4",
            "rotation": 0.12566370614359174,
            "transform_matrix": [
                [
                    -0.5440496802330017,
                    -0.006135470699518919,
                    0.8390305638313293,
                    3.3822402954101562
                ],
                [
                    0.8390530943870544,
                    -0.003978294786065817,
                    0.5440350770950317,
                    2.193075656890869
                ],
                [
                    -2.3283064365386963e-10,
                    0.9999732971191406,
                    0.007312375120818615,
                    0.029477126896381378
                ],
                [
                    0.0,
                    0.0,
                    0.0,
                    1.0
                ]
            ]
        },
        {
            "file_path": "/data/shapenet_blender/all_50_random/02958343/47fcc0e1aee36584b1bb46d2556ba67d/r_5",
            "rotation": 0.12566370614359174,
            "transform_matrix": [
                [
                    0.17345944046974182,
                    0.46468988060951233,
                    0.8683174252510071,
                    3.5002994537353516
                ],
                [
                    0.9848410487174988,
                    -0.08184553682804108,
                    -0.1529362052679062,
                    -0.6165055632591248
                ],
                [
                    0.0,
                    0.881682813167572,
                    -0.47184252738952637,
                    -1.9020581245422363
                ],
                [
                    0.0,
                    0.0,
                    0.0,
                    1.0
                ]
            ]
        },
        {
            "file_path": "/data/shapenet_blender/all_50_random/02958343/47fcc0e1aee36584b1bb46d2556ba67d/r_6",
            "rotation": 0.12566370614359174,
            "transform_matrix": [
                [
                    0.858622670173645,
                    -0.027193399146199226,
                    0.5118864178657532,
                    2.0634801387786865
                ],
                [
                    0.5126082897186279,
                    0.045549146831035614,
                    -0.8574135899543762,
                    -3.4563448429107666
                ],
                [
                    0.0,
                    0.9985918402671814,
                    0.05304909124970436,
                    0.21384772658348083
                ],
                [
                    0.0,
                    0.0,
                    0.0,
                    1.0
                ]
            ]
        },
        {
            "file_path": "/data/shapenet_blender/all_50_random/02958343/47fcc0e1aee36584b1bb46d2556ba67d/r_7",
            "rotation": 0.12566370614359174,
            "transform_matrix": [
                [
                    0.9742547273635864,
                    -0.20461390912532806,
                    0.09466169029474258,
                    0.3815934360027313
                ],
                [
                    0.22544999420642853,
                    0.8842141628265381,
                    -0.4090690016746521,
                    -1.6490097045898438
                ],
                [
                    0.0,
                    0.4198789596557617,
                    0.9075801968574524,
                    3.6585724353790283
                ],
                [
                    0.0,
                    0.0,
                    0.0,
                    1.0
                ]
            ]
        },
        {
            "file_path": "/data/shapenet_blender/all_50_random/02958343/47fcc0e1aee36584b1bb46d2556ba67d/r_8",
            "rotation": 0.12566370614359174,
            "transform_matrix": [
                [
                    0.48564809560775757,
                    -0.014174006879329681,
                    0.8740394115447998,
                    3.5233657360076904
                ],
                [
                    0.8741543889045715,
                    0.007874558679759502,
                    -0.48558422923088074,
                    -1.9574527740478516
                ],
                [
                    -4.656612873077393e-10,
                    0.9998685121536255,
                    0.016214530915021896,
                    0.06536287069320679
                ],
                [
                    0.0,
                    0.0,
                    0.0,
                    1.0
                ]
            ]
        },
        {
            "file_path": "/data/shapenet_blender/all_50_random/02958343/47fcc0e1aee36584b1bb46d2556ba67d/r_9",
            "rotation": 0.12566370614359174,
            "transform_matrix": [
                [
                    -0.7841382026672363,
                    0.15190669894218445,
                    0.6017073392868042,
                    2.4255597591400146
                ],
                [
                    0.6205863952636719,
                    0.1919407993555069,
                    0.7602837085723877,
                    3.0648016929626465
                ],
                [
                    0.0,
                    0.9695788025856018,
                    -0.2447793185710907,
                    -0.9867370128631592
                ],
                [
                    0.0,
                    0.0,
                    0.0,
                    1.0
                ]
            ]
        },
        {
            "file_path": "/data/shapenet_blender/all_50_random/02958343/47fcc0e1aee36584b1bb46d2556ba67d/r_10",
            "rotation": 0.12566370614359174,
            "transform_matrix": [
                [
                    0.11599056422710419,
                    0.17025360465049744,
                    -0.9785498380661011,
                    -3.9446609020233154
                ],
                [
                    -0.9932502508163452,
                    0.01988201029598713,
                    -0.11427386850118637,
                    -0.46065273880958557
                ],
                [
                    0.0,
                    0.9851995706558228,
                    0.17141057550907135,
                    0.6909781694412231
                ],
                [
                    0.0,
                    0.0,
                    0.0,
                    1.0
                ]
            ]
        },
        {
            "file_path": "/data/shapenet_blender/all_50_random/02958343/47fcc0e1aee36584b1bb46d2556ba67d/r_11",
            "rotation": 0.12566370614359174,
            "transform_matrix": [
                [
                    -0.828458309173584,
                    0.004337994381785393,
                    -0.560033917427063,
                    -2.257568836212158
                ],
                [
                    -0.5600507259368896,
                    -0.006417003460228443,
                    0.8284334540367126,
                    3.339522123336792
                ],
                [
                    0.0,
                    0.999970018863678,
                    0.007745716720819473,
                    0.031223982572555542
                ],
                [
                    0.0,
                    0.0,
                    0.0,
                    1.0
                ]
            ]
        },
        {
            "file_path": "/data/shapenet_blender/all_50_random/02958343/47fcc0e1aee36584b1bb46d2556ba67d/r_12",
            "rotation": 0.12566370614359174,
            "transform_matrix": [
                [
                    -0.9391995072364807,
                    0.10378003120422363,
                    -0.327313095331192,
                    -1.319441318511963
                ],
                [
                    -0.343371719121933,
                    -0.28386190533638,
                    0.8952755331993103,
                    3.608971118927002
                ],
                [
                    0.0,
                    0.9532324075698853,
                    0.3022381365299225,
                    1.2183609008789062
                ],
                [
                    0.0,
                    0.0,
                    0.0,
                    1.0
                ]
            ]
        },
        {
            "file_path": "/data/shapenet_blender/all_50_random/02958343/47fcc0e1aee36584b1bb46d2556ba67d/r_13",
            "rotation": 0.12566370614359174,
            "transform_matrix": [
                [
                    0.1616167426109314,
                    0.2434399574995041,
                    -0.9563561677932739,
                    -3.855194568634033
                ],
                [
                    -0.9868535399436951,
                    0.03986809775233269,
                    -0.15662220120429993,
                    -0.6313642263412476
                ],
                [
                    0.0,
                    0.9690961241722107,
                    0.2466830015182495,
                    0.9944108724594116
                ],
                [
                    0.0,
                    0.0,
                    0.0,
                    1.0
                ]
            ]
        },
        {
            "file_path": "/data/shapenet_blender/all_50_random/02958343/47fcc0e1aee36584b1bb46d2556ba67d/r_14",
            "rotation": 0.12566370614359174,
            "transform_matrix": [
                [
                    -0.41400888562202454,
                    0.6121494770050049,
                    -0.6736984252929688,
                    -2.7157652378082275
                ],
                [
                    -0.9102727770805359,
                    -0.2784169316291809,
                    0.3064105212688446,
                    1.235180377960205
                ],
                [
                    -1.4901160305669237e-08,
                    0.7401061058044434,
                    0.672490119934082,
                    2.7108943462371826
                ],
                [
                    0.0,
                    0.0,
                    0.0,
                    1.0
                ]
            ]
        },
        {
            "file_path": "/data/shapenet_blender/all_50_random/02958343/47fcc0e1aee36584b1bb46d2556ba67d/r_15",
            "rotation": 0.12566370614359174,
            "transform_matrix": [
                [
                    -0.7872697114944458,
                    0.4974479377269745,
                    0.3643515706062317,
                    1.4687483310699463
                ],
                [
                    0.6166089177131653,
                    0.6351281404495239,
                    0.4651942849159241,
                    1.875258207321167
                ],
                [
                    0.0,
                    0.5908957123756409,
                    -0.8067477941513062,
                    -3.2521045207977295
                ],
                [
                    0.0,
                    0.0,
                    0.0,
                    1.0
                ]
            ]
        },
        {
            "file_path": "/data/shapenet_blender/all_50_random/02958343/47fcc0e1aee36584b1bb46d2556ba67d/r_16",
            "rotation": 0.12566370614359174,
            "transform_matrix": [
                [
                    0.8008109927177429,
                    -0.09606606513261795,
                    -0.5911625027656555,
                    -2.383051872253418
                ],
                [
                    -0.5989171266555786,
                    -0.12844976782798767,
                    -0.7904422879219055,
                    -3.1863744258880615
                ],
                [
                    -7.450580152834618e-09,
                    0.9870520830154419,
                    -0.1603996455669403,
                    -0.6465916037559509
                ],
                [
                    0.0,
                    0.0,
                    0.0,
                    1.0
                ]
            ]
        },
        {
            "file_path": "/data/shapenet_blender/all_50_random/02958343/47fcc0e1aee36584b1bb46d2556ba67d/r_17",
            "rotation": 0.12566370614359174,
            "transform_matrix": [
                [
                    -0.7090190052986145,
                    -0.11828846484422684,
                    -0.6951976418495178,
                    -2.802431583404541
                ],
                [
                    -0.7051894068717957,
                    0.11893085390329361,
                    0.6989730596542358,
                    2.81765079498291
                ],
                [
                    0.0,
                    0.9858313202857971,
                    -0.16773997247219086,
                    -0.6761814951896667
                ],
                [
                    0.0,
                    0.0,
                    0.0,
                    1.0
                ]
            ]
        },
        {
            "file_path": "/data/shapenet_blender/all_50_random/02958343/47fcc0e1aee36584b1bb46d2556ba67d/r_18",
            "rotation": 0.12566370614359174,
            "transform_matrix": [
                [
                    -0.679314911365509,
                    0.5211976766586304,
                    0.5166084170341492,
                    2.082515239715576
                ],
                [
                    0.73384690284729,
                    0.4824676215648651,
                    0.4782193899154663,
                    1.9277640581130981
                ],
                [
                    0.0,
                    0.7039729952812195,
                    -0.7102267146110535,
                    -2.8630154132843018
                ],
                [
                    0.0,
                    0.0,
                    0.0,
                    1.0
                ]
            ]
        },
        {
            "file_path": "/data/shapenet_blender/all_50_random/02958343/47fcc0e1aee36584b1bb46d2556ba67d/r_19",
            "rotation": 0.12566370614359174,
            "transform_matrix": [
                [
                    -0.38749146461486816,
                    0.36642318964004517,
                    -0.8459222316741943,
                    -3.4100215435028076
                ],
                [
                    -0.9218732714653015,
                    -0.15401886403560638,
                    0.35556694865226746,
                    1.4333362579345703
                ],
                [
                    0.0,
                    0.9176121950149536,
                    0.39747676253318787,
                    1.6022800207138062
                ],
                [
                    0.0,
                    0.0,
                    0.0,
                    1.0
                ]
            ]
        },
        {
            "file_path": "/data/shapenet_blender/all_50_random/02958343/47fcc0e1aee36584b1bb46d2556ba67d/r_20",
            "rotation": 0.12566370614359174,
            "transform_matrix": [
                [
                    0.2336186319589615,
                    -0.32010865211486816,
                    0.9181246161460876,
                    3.7010786533355713
                ],
                [
                    0.9723283052444458,
                    0.07691162079572678,
                    -0.22059525549411774,
                    -0.8892478942871094
                ],
                [
                    0.0,
                    0.9442536234855652,
                    0.32921871542930603,
                    1.3271230459213257
                ],
                [
                    0.0,
                    0.0,
                    0.0,
                    1.0
                ]
            ]
        },
        {
            "file_path": "/data/shapenet_blender/all_50_random/02958343/47fcc0e1aee36584b1bb46d2556ba67d/r_21",
            "rotation": 0.12566370614359174,
            "transform_matrix": [
                [
                    -0.16050779819488525,
                    -0.9284070730209351,
                    -0.3351081609725952,
                    -1.350864291191101
                ],
                [
                    -0.9870346784591675,
                    0.15097400546073914,
                    0.05449400469660759,
                    0.21967238187789917
                ],
                [
                    3.725290742551124e-09,
                    0.33951008319854736,
                    -0.9406023621559143,
                    -3.79168963432312
                ],
                [
                    0.0,
                    0.0,
                    0.0,
                    1.0
                ]
            ]
        },
        {
            "file_path": "/data/shapenet_blender/all_50_random/02958343/47fcc0e1aee36584b1bb46d2556ba67d/r_22",
            "rotation": 0.12566370614359174,
            "transform_matrix": [
                [
                    -0.9862426519393921,
                    0.08736603707075119,
                    -0.14033080637454987,
                    -0.5656915903091431
                ],
                [
                    -0.16530445218086243,
                    -0.5212449431419373,
                    0.8372443914413452,
                    3.375040054321289
                ],
                [
                    0.0,
                    0.8489232659339905,
                    0.5285159945487976,
                    2.1305160522460938
                ],
                [
                    0.0,
                    0.0,
                    0.0,
                    1.0
                ]
            ]
        },
        {
            "file_path": "/data/shapenet_blender/all_50_random/02958343/47fcc0e1aee36584b1bb46d2556ba67d/r_23",
            "rotation": 0.12566370614359174,
            "transform_matrix": [
                [
                    0.01627812534570694,
                    -0.00845289882272482,
                    0.9998317956924438,
                    4.030450820922852
                ],
                [
                    0.9998674988746643,
                    0.00013761557056568563,
                    -0.01627754420042038,
                    -0.06561687588691711
                ],
                [
                    1.4551914361005114e-11,
                    0.9999642968177795,
                    0.008454018272459507,
                    0.03407923877239227
                ],
                [
                    0.0,
                    0.0,
                    0.0,
                    1.0
                ]
            ]
        },
        {
            "file_path": "/data/shapenet_blender/all_50_random/02958343/47fcc0e1aee36584b1bb46d2556ba67d/r_24",
            "rotation": 0.12566370614359174,
            "transform_matrix": [
                [
                    0.8453217148780823,
                    -0.018603695556521416,
                    -0.5339336395263672,
                    -2.152355194091797
                ],
                [
                    -0.5342575907707214,
                    -0.02943543903529644,
                    -0.8448091149330139,
                    -3.405534029006958
                ],
                [
                    0.0,
                    0.9993936419487,
                    -0.03482158109545708,
                    -0.14037026464939117
                ],
                [
                    0.0,
                    0.0,
                    0.0,
                    1.0
                ]
            ]
        },
        {
            "file_path": "/data/shapenet_blender/all_50_random/02958343/47fcc0e1aee36584b1bb46d2556ba67d/r_25",
            "rotation": 0.12566370614359174,
            "transform_matrix": [
                [
                    -0.48523232340812683,
                    0.09496241807937622,
                    -0.8692132830619812,
                    -3.503910779953003
                ],
                [
                    -0.8743852972984314,
                    -0.05269854515790939,
                    0.48236215114593506,
                    1.9444639682769775
                ],
                [
                    3.725290076417309e-09,
                    0.9940850138664246,
                    0.10860477387905121,
                    0.4377998411655426
                ],
                [
                    0.0,
                    0.0,
                    0.0,
                    1.0
                ]
            ]
        },
        {
            "file_path": "/data/shapenet_blender/all_50_random/02958343/47fcc0e1aee36584b1bb46d2556ba67d/r_26",
            "rotation": 0.12566370614359174,
            "transform_matrix": [
                [
                    0.9511266946792603,
                    -0.29048624634742737,
                    0.10476551204919815,
                    0.4223232865333557
                ],
                [
                    0.3088010549545288,
                    0.8947159647941589,
                    -0.3226843774318695,
                    -1.300782322883606
                ],
                [
                    0.0,
                    0.3392654359340668,
                    0.9406906962394714,
                    3.7920455932617188
                ],
                [
                    0.0,
                    0.0,
                    0.0,
                    1.0
                ]
            ]
        },
        {
            "file_path": "/data/shapenet_blender/all_50_random/02958343/47fcc0e1aee36584b1bb46d2556ba67d/r_27",
            "rotation": 0.12566370614359174,
            "transform_matrix": [
                [
                    0.29127389192581177,
                    -0.2525935173034668,
                    0.9226894974708557,
                    3.719480514526367
                ],
                [
                    0.9566397070884705,
                    0.07690867781639099,
                    -0.2809368371963501,
                    -1.1324927806854248
                ],
                [
                    0.0,
                    0.9645110964775085,
                    0.2640424370765686,
                    1.0643892288208008
                ],
                [
                    0.0,
                    0.0,
                    0.0,
                    1.0
                ]
            ]
        },
        {
            "file_path": "/data/shapenet_blender/all_50_random/02958343/47fcc0e1aee36584b1bb46d2556ba67d/r_28",
            "rotation": 0.12566370614359174,
            "transform_matrix": [
                [
                    0.5797733664512634,
                    0.5598573684692383,
                    0.5919649600982666,
                    2.386286973953247
                ],
                [
                    0.814777672290802,
                    -0.39837902784347534,
                    -0.42122596502304077,
                    -1.6980161666870117
                ],
                [
                    -2.9802320611338473e-08,
                    0.7265353798866272,
                    -0.6871289610862732,
                    -2.7699053287506104
                ],
                [
                    0.0,
                    0.0,
                    0.0,
                    1.0
                ]
            ]
        },
        {
            "file_path": "/data/shapenet_blender/all_50_random/02958343/47fcc0e1aee36584b1bb46d2556ba67d/r_29",
            "rotation": 0.12566370614359174,
            "transform_matrix": [
                [
                    -0.9327446818351746,
                    0.22128784656524658,
                    -0.2846381962299347,
                    -1.1474132537841797
                ],
                [
                    -0.3605373799800873,
                    -0.5724928379058838,
                    0.736386239528656,
                    2.968467950820923
                ],
                [
                    -1.4901160305669237e-08,
                    0.7894830703735352,
                    0.6137722730636597,
                    2.4741952419281006
                ],
                [
                    0.0,
                    0.0,
                    0.0,
                    1.0
                ]
            ]
        },
        {
            "file_path": "/data/shapenet_blender/all_50_random/02958343/47fcc0e1aee36584b1bb46d2556ba67d/r_30",
            "rotation": 0.12566370614359174,
            "transform_matrix": [
                [
                    -0.520630955696106,
                    -0.4478282332420349,
                    0.7269065976142883,
                    2.9302544593811035
                ],
                [
                    0.8537818193435669,
                    -0.2730829119682312,
                    0.4432632029056549,
                    1.7868512868881226
                ],
                [
                    0.0,
                    0.8513962626457214,
                    0.5245229601860046,
                    2.114419937133789
                ],
                [
                    0.0,
                    0.0,
                    0.0,
                    1.0
                ]
            ]
        },
        {
            "file_path": "/data/shapenet_blender/all_50_random/02958343/47fcc0e1aee36584b1bb46d2556ba67d/r_31",
            "rotation": 0.12566370614359174,
            "transform_matrix": [
                [
                    -0.011434988118708134,
                    0.018515126779675484,
                    -0.9997631907463074,
                    -4.030174255371094
                ],
                [
                    -0.9999346137046814,
                    -0.00021173409186303616,
                    0.011433027684688568,
                    0.04608801007270813
                ],
                [
                    1.4551915228366852e-11,
                    0.9998285174369812,
                    0.018516337499022484,
                    0.07464174181222916
                ],
                [
                    0.0,
                    0.0,
                    0.0,
                    1.0
                ]
            ]
        },
        {
            "file_path": "/data/shapenet_blender/all_50_random/02958343/47fcc0e1aee36584b1bb46d2556ba67d/r_32",
            "rotation": 0.12566370614359174,
            "transform_matrix": [
                [
                    -0.785798966884613,
                    -0.03066430613398552,
                    0.617721438407898,
                    2.490114688873291
                ],
                [
                    0.6184821128845215,
                    -0.03895986080169678,
                    0.7848324775695801,
                    3.1637609004974365
                ],
                [
                    -1.862645371275562e-09,
                    0.9987701177597046,
                    0.04957994073629379,
                    0.19986313581466675
                ],
                [
                    0.0,
                    0.0,
                    0.0,
                    1.0
                ]
            ]
        },
        {
            "file_path": "/data/shapenet_blender/all_50_random/02958343/47fcc0e1aee36584b1bb46d2556ba67d/r_33",
            "rotation": 0.12566370614359174,
            "transform_matrix": [
                [
                    -0.7463391423225403,
                    -0.639492928981781,
                    0.18446320295333862,
                    0.7435949444770813
                ],
                [
                    0.6655658483505249,
                    -0.7171019911766052,
                    0.20684970915317535,
                    0.8338378667831421
                ],
                [
                    1.4901162970204496e-08,
                    0.27715232968330383,
                    0.9608259201049805,
                    3.873213291168213
                ],
                [
                    0.0,
                    0.0,
                    0.0,
                    1.0
                ]
            ]
        },
        {
            "file_path": "/data/shapenet_blender/all_50_random/02958343/47fcc0e1aee36584b1bb46d2556ba67d/r_34",
            "rotation": 0.12566370614359174,
            "transform_matrix": [
                [
                    -0.42218393087387085,
                    -0.8186175227165222,
                    -0.3893919289112091,
                    -1.5696890354156494
                ],
                [
                    -0.9065102934837341,
                    0.38125014305114746,
                    0.18134932219982147,
                    0.7310425043106079
                ],
                [
                    0.0,
                    0.429550439119339,
                    -0.9030428528785706,
                    -3.640282154083252
                ],
                [
                    0.0,
                    0.0,
                    0.0,
                    1.0
                ]
            ]
        },
        {
            "file_path": "/data/shapenet_blender/all_50_random/02958343/47fcc0e1aee36584b1bb46d2556ba67d/r_35",
            "rotation": 0.12566370614359174,
            "transform_matrix": [
                [
                    0.06518001109361649,
                    -0.009353657253086567,
                    0.9978295564651489,
                    4.0223798751831055
                ],
                [
                    0.9978735446929932,
                    0.0006109707173891366,
                    -0.06517713516950607,
                    -0.2627374529838562
                ],
                [
                    -5.820766091346741e-11,
                    0.9999560713768005,
                    0.009373589418828487,
                    0.037786152213811874
                ],
                [
                    0.0,
                    0.0,
                    0.0,
                    1.0
                ]
            ]
        },
        {
            "file_path": "/data/shapenet_blender/all_50_random/02958343/47fcc0e1aee36584b1bb46d2556ba67d/r_36",
            "rotation": 0.12566370614359174,
            "transform_matrix": [
                [
                    -0.3892914056777954,
                    -0.17607273161411285,
                    -0.904129683971405,
                    -3.6446633338928223
                ],
                [
                    -0.9211145639419556,
                    0.07441376894712448,
                    0.3821130692958832,
                    1.5403470993041992
                ],
                [
                    7.450580152834618e-09,
                    0.981560468673706,
                    -0.19115181267261505,
                    -0.7705575823783875
                ],
                [
                    0.0,
                    0.0,
                    0.0,
                    1.0
                ]
            ]
        },
        {
            "file_path": "/data/shapenet_blender/all_50_random/02958343/47fcc0e1aee36584b1bb46d2556ba67d/r_37",
            "rotation": 0.12566370614359174,
            "transform_matrix": [
                [
                    -0.9456635117530823,
                    -0.10946669429540634,
                    -0.3061659336090088,
                    -1.2341943979263306
                ],
                [
                    -0.32514694333076477,
                    0.31837502121925354,
                    0.8904587626457214,
                    3.5895540714263916
                ],
                [
                    7.450580596923828e-09,
                    0.9416231513023376,
                    -0.3366684019565582,
                    -1.3571537733078003
                ],
                [
                    0.0,
                    0.0,
                    0.0,
                    1.0
                ]
            ]
        },
        {
            "file_path": "/data/shapenet_blender/all_50_random/02958343/47fcc0e1aee36584b1bb46d2556ba67d/r_38",
            "rotation": 0.12566370614359174,
            "transform_matrix": [
                [
                    0.997420608997345,
                    0.0403764508664608,
                    -0.059345439076423645,
                    -0.23922911286354065
                ],
                [
                    -0.07177840173244476,
                    0.5610643625259399,
                    -0.824654221534729,
                    -3.3242874145507812
                ],
                [
                    0.0,
                    0.8267867565155029,
                    0.562515377998352,
                    2.2675719261169434
                ],
                [
                    0.0,
                    0.0,
                    0.0,
                    1.0
                ]
            ]
        },
        {
            "file_path": "/data/shapenet_blender/all_50_random/02958343/47fcc0e1aee36584b1bb46d2556ba67d/r_39",
            "rotation": 0.12566370614359174,
            "transform_matrix": [
                [
                    0.28817835450172424,
                    -0.2452211230993271,
                    -0.9256457090377808,
                    -3.7313966751098633
                ],
                [
                    -0.9575767517089844,
                    -0.07379817962646484,
                    -0.2785688638687134,
                    -1.122946858406067
                ],
                [
                    0.0,
                    0.9666541814804077,
                    -0.2560851275920868,
                    -1.032312035560608
                ],
                [
                    0.0,
                    0.0,
                    0.0,
                    1.0
                ]
            ]
        },
        {
            "file_path": "/data/shapenet_blender/all_50_random/02958343/47fcc0e1aee36584b1bb46d2556ba67d/r_40",
            "rotation": 0.12566370614359174,
            "transform_matrix": [
                [
                    -0.2604576051235199,
                    0.14413894712924957,
                    -0.9546652436256409,
                    -3.8483786582946777
                ],
                [
                    -0.9654852747917175,
                    -0.03888416290283203,
                    0.25753870606422424,
                    1.0381717681884766
                ],
                [
                    0.0,
                    0.9887931942939758,
                    0.14929170906543732,
                    0.6018141508102417
                ],
                [
                    0.0,
                    0.0,
                    0.0,
                    1.0
                ]
            ]
        },
        {
            "file_path": "/data/shapenet_blender/all_50_random/02958343/47fcc0e1aee36584b1bb46d2556ba67d/r_41",
            "rotation": 0.12566370614359174,
            "transform_matrix": [
                [
                    -0.9546230435371399,
                    0.12279517203569412,
                    -0.27132323384284973,
                    -1.0937390327453613
                ],
                [
                    -0.29781702160835266,
                    -0.3936077654361725,
                    0.8696998357772827,
                    3.5058724880218506
                ],
                [
                    0.0,
