{
    "class": "02958343",
    "model": "ae6827651ce624f6f5a0534aa77bf2",
    "remove_doubles": true,
    "edge_split": true,
    "denoise": true,
    "camera_angle_x": 0.6911112070083618,
    "scale_factor": 2.3764512675117073,
    "hdri_file": "/data/IndoorHDRDataset2018/AG8A9792-6c1bf0fdb8.exr",
    "center_offset": [
        0.0,
        -6.984919309616089e-10,
        0.0
    ],
    "lights": [],
    "frames": [
        {
            "file_path": "/data/shapenet_blender/all_50_random/02958343/ae6827651ce624f6f5a0534aa77bf2/r_0",
            "rotation": 0.12566370614359174,
            "transform_matrix": [
                [
                    0.4579034149646759,
                    0.06030853092670441,
                    0.8869539499282837,
                    3.575425624847412
                ],
                [
                    0.8890019655227661,
                    -0.031063467264175415,
                    -0.4568485617637634,
                    -1.8416153192520142
                ],
                [
                    0.0,
                    0.9976963996887207,
                    -0.06783846020698547,
                    -0.2734655737876892
                ],
                [
                    0.0,
                    0.0,
                    0.0,
                    1.0
                ]
            ]
        },
        {
            "file_path": "/data/shapenet_blender/all_50_random/02958343/ae6827651ce624f6f5a0534aa77bf2/r_1",
            "rotation": 0.12566370614359174,
            "transform_matrix": [
                [
                    -0.61353999376297,
                    -0.23906604945659637,
                    0.752606213092804,
                    3.0338525772094727
                ],
                [
                    0.7896636724472046,
                    -0.18574562668800354,
                    0.5847476720809937,
                    2.3571932315826416
                ],
                [
                    0.0,
                    0.9530717134475708,
                    0.30274417996406555,
                    1.2204008102416992
                ],
                [
                    0.0,
                    0.0,
                    0.0,
                    1.0
                ]
            ]
        },
        {
            "file_path": "/data/shapenet_blender/all_50_random/02958343/ae6827651ce624f6f5a0534aa77bf2/r_2",
            "rotation": 0.12566370614359174,
            "transform_matrix": [
                [
                    0.9664317965507507,
                    0.1419394463300705,
                    0.21415603160858154,
                    0.8632906079292297
                ],
                [
                    0.2569233775138855,
                    -0.533913254737854,
                    -0.8055600523948669,
                    -3.247316598892212
                ],
                [
                    -7.450580596923828e-09,
                    0.8335405588150024,
                    -0.5524582266807556,
                    -2.2270305156707764
                ],
                [
                    0.0,
                    0.0,
                    0.0,
                    1.0
                ]
            ]
        },
        {
            "file_path": "/data/shapenet_blender/all_50_random/02958343/ae6827651ce624f6f5a0534aa77bf2/r_3",
            "rotation": 0.12566370614359174,
            "transform_matrix": [
                [
                    0.7695434093475342,
                    -0.20931105315685272,
                    -0.603317379951477,
                    -2.4320502281188965
                ],
                [
                    -0.6385945677757263,
                    -0.2522319257259369,
                    -0.7270323634147644,
                    -2.9307610988616943
                ],
                [
                    1.4901161193847656e-08,
                    0.9447580575942993,
                    -0.32776832580566406,
                    -1.3212764263153076
                ],
                [
                    0.0,
                    0.0,
                    0.0,
                    1.0
                ]
            ]
        },
        {
            "file_path": "/data/shapenet_blender/all_50_random/02958343/ae6827651ce624f6f5a0534aa77bf2/r_4",
            "rotation": 0.12566370614359174,
            "transform_matrix": [
                [
                    0.541634202003479,
                    0.2753713130950928,
                    0.794231116771698,
                    3.201647996902466
                ],
                [
                    0.8406142592430115,
                    -0.1774303913116455,
                    -0.5117480754852295,
                    -2.062922477722168
                ],
                [
                    -1.4901159417490817e-08,
                    0.9448222517967224,
                    -0.3275834321975708,
                    -1.3205310106277466
                ],
                [
                    0.0,
                    0.0,
                    0.0,
                    1.0
                ]
            ]
        },
        {
            "file_path": "/data/shapenet_blender/all_50_random/02958343/ae6827651ce624f6f5a0534aa77bf2/r_5",
            "rotation": 0.12566370614359174,
            "transform_matrix": [
                [
                    -0.9936574697494507,
                    -0.009175651706755161,
                    -0.11207453906536102,
                    -0.45178693532943726
                ],
                [
                    -0.1124495342373848,
                    0.08108042180538177,
                    0.9903438687324524,
                    3.992203950881958
                ],
                [
                    0.0,
                    0.9966652393341064,
                    -0.0815979540348053,
                    -0.32893189787864685
                ],
                [
                    0.0,
                    0.0,
                    0.0,
                    1.0
                ]
            ]
        },
        {
            "file_path": "/data/shapenet_blender/all_50_random/02958343/ae6827651ce624f6f5a0534aa77bf2/r_6",
            "rotation": 0.12566370614359174,
            "transform_matrix": [
                [
                    -0.1164427325129509,
                    -0.32612448930740356,
                    -0.9381279349327087,
                    -3.7817142009735107
                ],
                [
                    -0.993197500705719,
                    0.03823491930961609,
                    0.10998637229204178,
                    0.44336920976638794
                ],
                [
                    -3.725290298461914e-09,
                    0.9445531964302063,
                    -0.3283582627773285,
                    -1.323654294013977
                ],
                [
                    0.0,
                    0.0,
                    0.0,
                    1.0
                ]
            ]
        },
        {
            "file_path": "/data/shapenet_blender/all_50_random/02958343/ae6827651ce624f6f5a0534aa77bf2/r_7",
            "rotation": 0.12566370614359174,
            "transform_matrix": [
                [
                    0.09124479442834854,
                    0.007038111332803965,
                    0.9958034753799438,
                    4.014212608337402
                ],
                [
                    0.9958285093307495,
                    -0.0006448811618611217,
                    -0.09124250710010529,
                    -0.36781033873558044
                ],
                [
                    0.0,
                    0.9999750256538391,
                    -0.007067592814564705,
                    -0.028490381315350533
                ],
                [
                    0.0,
                    0.0,
                    0.0,
                    1.0
                ]
            ]
        },
        {
            "file_path": "/data/shapenet_blender/all_50_random/02958343/ae6827651ce624f6f5a0534aa77bf2/r_8",
            "rotation": 0.12566370614359174,
            "transform_matrix": [
                [
                    -0.288271427154541,
                    -0.1229717954993248,
                    -0.9496196508407593,
                    -3.8280394077301025
                ],
                [
                    -0.9575487375259399,
                    0.037020839750766754,
                    0.28588438034057617,
                    1.1524369716644287
                ],
                [
                    -3.725290298461914e-09,
                    0.9917193651199341,
                    -0.1284235417842865,
                    -0.5176919102668762
                ],
                [
                    0.0,
                    0.0,
                    0.0,
                    1.0
                ]
            ]
        },
        {
            "file_path": "/data/shapenet_blender/all_50_random/02958343/ae6827651ce624f6f5a0534aa77bf2/r_9",
            "rotation": 0.12566370614359174,
            "transform_matrix": [
                [
                    0.7281649708747864,
                    0.17136920988559723,
                    0.6636325120925903,
                    2.6751885414123535
                ],
                [
                    0.6854017376899719,
                    -0.18206119537353516,
                    -0.705037534236908,
                    -2.842097520828247
                ],
                [
                    0.0,
                    0.9682387113571167,
                    -0.2500273287296295,
                    -1.0078924894332886
                ],
                [
                    0.0,
                    0.0,
                    0.0,
                    1.0
                ]
            ]
        },
        {
            "file_path": "/data/shapenet_blender/all_50_random/02958343/ae6827651ce624f6f5a0534aa77bf2/r_10",
            "rotation": 0.12566370614359174,
            "transform_matrix": [
                [
                    0.9249698519706726,
                    0.09969858080148697,
                    -0.3667301833629608,
                    -1.4783368110656738
                ],
                [
                    -0.38004064559936523,
                    0.242653489112854,
                    -0.8925739526748657,
                    -3.59808087348938
                ],
                [
                    0.0,
                    0.9649763107299805,
                    0.2623366415500641,
                    1.0575129985809326
                ],
                [
                    0.0,
                    0.0,
                    0.0,
                    1.0
                ]
            ]
        },
        {
            "file_path": "/data/shapenet_blender/all_50_random/02958343/ae6827651ce624f6f5a0534aa77bf2/r_11",
            "rotation": 0.12566370614359174,
            "transform_matrix": [
                [
                    0.8352983593940735,
                    -0.0015629343688488007,
                    0.5497946739196777,
                    2.2162935733795166
                ],
                [
                    0.5497970581054688,
                    0.0023745426442474127,
                    -0.8352948427200317,
                    -3.3671815395355225
                ],
                [
                    0.0,
                    0.9999958872795105,
                    0.0028427480719983578,
                    0.011459484696388245
                ],
                [
                    0.0,
                    0.0,
                    0.0,
                    1.0
                ]
            ]
        },
        {
            "file_path": "/data/shapenet_blender/all_50_random/02958343/ae6827651ce624f6f5a0534aa77bf2/r_12",
            "rotation": 0.12566370614359174,
            "transform_matrix": [
                [
                    0.9998683333396912,
                    -0.009357117116451263,
                    -0.013260775245726109,
                    -0.053455889225006104
                ],
                [
                    -0.016229720786213875,
                    -0.5764662027359009,
                    -0.8169598579406738,
                    -3.2932701110839844
                ],
                [
                    4.656612873077393e-10,
                    0.8170674443244934,
                    -0.5765421390533447,
                    -2.324115514755249
                ],
                [
                    0.0,
                    0.0,
                    0.0,
                    1.0
                ]
            ]
        },
        {
            "file_path": "/data/shapenet_blender/all_50_random/02958343/ae6827651ce624f6f5a0534aa77bf2/r_13",
            "rotation": 0.12566370614359174,
            "transform_matrix": [
                [
                    -0.19448183476924896,
                    0.34885939955711365,
                    -0.9167735576629639,
                    -3.6956326961517334
                ],
                [
                    -0.980906069278717,
                    -0.06916749477386475,
                    0.18176643550395966,
                    0.7327240109443665
                ],
                [
                    0.0,
                    0.9346191883087158,
                    0.3556500971317291,
                    1.433671474456787
                ],
                [
                    0.0,
                    0.0,
                    0.0,
                    1.0
                ]
            ]
        },
        {
            "file_path": "/data/shapenet_blender/all_50_random/02958343/ae6827651ce624f6f5a0534aa77bf2/r_14",
            "rotation": 0.12566370614359174,
            "transform_matrix": [
                [
                    0.20669345557689667,
                    -0.08598842471837997,
                    -0.9746198654174805,
                    -3.9288182258605957
                ],
                [
                    -0.978405773639679,
                    -0.01816551573574543,
                    -0.20589368045330048,
                    -0.8299839496612549
                ],
                [
                    1.8626449271863521e-09,
                    0.9961305260658264,
                    -0.0878862664103508,
                    -0.35428085923194885
                ],
                [
                    0.0,
                    0.0,
                    0.0,
                    1.0
                ]
            ]
        },
        {
            "file_path": "/data/shapenet_blender/all_50_random/02958343/ae6827651ce624f6f5a0534aa77bf2/r_15",
            "rotation": 0.12566370614359174,
            "transform_matrix": [
                [
                    0.590108335018158,
                    -0.7656262516975403,
                    0.25610241293907166,
                    1.0323818922042847
                ],
                [
                    0.8073239922523499,
                    0.5596296191215515,
                    -0.18719643354415894,
                    -0.754612922668457
                ],
                [
                    0.0,
                    0.3172239363193512,
                    0.9483506679534912,
                    3.8229236602783203
                ],
                [
                    0.0,
                    0.0,
                    0.0,
                    1.0
                ]
            ]
        },
        {
            "file_path": "/data/shapenet_blender/all_50_random/02958343/ae6827651ce624f6f5a0534aa77bf2/r_16",
            "rotation": 0.12566370614359174,
            "transform_matrix": [
                [
                    -0.2380550503730774,
                    0.45950573682785034,
                    0.8556775450706482,
                    3.4493470191955566
                ],
                [
                    0.9712517261505127,
                    0.11262544244527817,
                    0.20972765982151031,
                    0.8454393744468689
                ],
                [
                    0.0,
                    0.8810051083564758,
                    -0.47310671210289,
                    -1.9071544408798218
                ],
                [
                    0.0,
                    0.0,
                    0.0,
                    1.0
                ]
            ]
        },
        {
            "file_path": "/data/shapenet_blender/all_50_random/02958343/ae6827651ce624f6f5a0534aa77bf2/r_17",
            "rotation": 0.12566370614359174,
            "transform_matrix": [
                [
                    0.8558273315429688,
                    0.2737134099006653,
                    -0.43890833854675293,
                    -1.7692961692810059
                ],
                [
                    -0.5172616243362427,
                    0.45286834239959717,
                    -0.7261890769004822,
                    -2.9273619651794434
                ],
                [
                    0.0,
                    0.848522961139679,
                    0.5291584730148315,
                    2.133106231689453
                ],
                [
                    0.0,
                    0.0,
                    0.0,
                    1.0
                ]
            ]
        },
        {
            "file_path": "/data/shapenet_blender/all_50_random/02958343/ae6827651ce624f6f5a0534aa77bf2/r_18",
            "rotation": 0.12566370614359174,
            "transform_matrix": [
                [
                    0.8231841921806335,
                    -0.5205913782119751,
                    -0.2266109138727188,
                    -0.913497805595398
                ],
                [
                    -0.5677744746208191,
                    -0.7547760009765625,
                    -0.3285503387451172,
                    -1.3244287967681885
                ],
                [
                    0.0,
                    0.39912131428718567,
                    -0.9168981313705444,
                    -3.696134567260742
                ],
                [
                    0.0,
                    0.0,
                    0.0,
                    1.0
                ]
            ]
        },
        {
            "file_path": "/data/shapenet_blender/all_50_random/02958343/ae6827651ce624f6f5a0534aa77bf2/r_19",
            "rotation": 0.12566370614359174,
            "transform_matrix": [
                [
                    0.9442316889762878,
                    -0.06569429486989975,
                    0.32266223430633545,
                    1.3006930351257324
                ],
                [
                    0.32928207516670227,
                    0.18838144838809967,
                    -0.9252490401268005,
                    -3.7297980785369873
                ],
                [
                    3.725290742551124e-09,
                    0.9798962473869324,
                    0.1995076835155487,
                    0.8042411804199219
                ],
                [
                    0.0,
                    0.0,
                    0.0,
                    1.0
                ]
            ]
        },
        {
            "file_path": "/data/shapenet_blender/all_50_random/02958343/ae6827651ce624f6f5a0534aa77bf2/r_20",
            "rotation": 0.12566370614359174,
            "transform_matrix": [
                [
                    0.6805655360221863,
                    0.313082754611969,
                    0.6624270677566528,
                    2.6703290939331055
                ],
                [
                    0.73268723487854,
                    -0.290810763835907,
                    -0.6153035759925842,
                    -2.4803683757781982
                ],
                [
                    -1.4901161193847656e-08,
                    0.9041063785552979,
                    -0.42730748653411865,
                    -1.7225316762924194
                ],
                [
                    0.0,
                    0.0,
                    0.0,
                    1.0
                ]
            ]
        },
        {
            "file_path": "/data/shapenet_blender/all_50_random/02958343/ae6827651ce624f6f5a0534aa77bf2/r_21",
            "rotation": 0.12566370614359174,
            "transform_matrix": [
                [
                    -0.7233128547668457,
                    -0.11763060837984085,
                    0.6804274320602417,
                    2.7428905963897705
                ],
                [
                    0.6905203461647034,
                    -0.12321683019399643,
                    0.7127406001091003,
                    2.8731491565704346
                ],
                [
                    0.0,
                    0.9853834509849548,
                    0.17035067081451416,
                    0.6867055296897888
                ],
                [
                    0.0,
                    0.0,
                    0.0,
                    1.0
                ]
            ]
        },
        {
            "file_path": "/data/shapenet_blender/all_50_random/02958343/ae6827651ce624f6f5a0534aa77bf2/r_22",
            "rotation": 0.12566370614359174,
            "transform_matrix": [
                [
                    0.9910314679145813,
                    -0.03399519622325897,
                    0.12923215329647064,
                    0.520951509475708
                ],
                [
                    0.13362868130207062,
                    0.2521188259124756,
                    -0.9584254026412964,
                    -3.8635365962982178
                ],
                [
                    0.0,
                    0.9670988917350769,
                    0.2544004023075104,
                    1.025520920753479
                ],
                [
                    0.0,
                    0.0,
                    0.0,
                    1.0
                ]
            ]
        },
        {
            "file_path": "/data/shapenet_blender/all_50_random/02958343/ae6827651ce624f6f5a0534aa77bf2/r_23",
            "rotation": 0.12566370614359174,
            "transform_matrix": [
                [
                    0.4597569704055786,
                    -0.7206234931945801,
                    0.5189655423164368,
                    2.09201717376709
                ],
                [
                    0.8880448937416077,
                    0.3730798661708832,
                    -0.26867789030075073,
                    -1.0830752849578857
                ],
                [
                    0.0,
                    0.5843911170959473,
                    0.8114719986915588,
                    3.271148443222046
                ],
                [
                    0.0,
                    0.0,
                    0.0,
                    1.0
                ]
            ]
        },
        {
            "file_path": "/data/shapenet_blender/all_50_random/02958343/ae6827651ce624f6f5a0534aa77bf2/r_24",
            "rotation": 0.12566370614359174,
            "transform_matrix": [
                [
                    -0.2108617126941681,
                    -0.03843686357140541,
                    0.9767598509788513,
                    3.9374451637268066
                ],
                [
                    0.9775159358978271,
                    -0.008291284553706646,
                    0.21069861948490143,
                    0.8493533730506897
                ],
                [
                    -9.313225191043273e-10,
                    0.9992266893386841,
                    0.03932094946503639,
                    0.158507838845253
                ],
                [
                    0.0,
                    0.0,
                    0.0,
                    1.0
                ]
            ]
        },
        {
            "file_path": "/data/shapenet_blender/all_50_random/02958343/ae6827651ce624f6f5a0534aa77bf2/r_25",
            "rotation": 0.12566370614359174,
            "transform_matrix": [
                [
                    0.9296653270721436,
                    -0.07667718082666397,
                    0.36033737659454346,
                    1.452566385269165
                ],
                [
                    0.3684052526950836,
                    0.19349375367164612,
                    -0.9093061685562134,
                    -3.6655304431915283
                ],
                [
                    0.0,
                    0.978100597858429,
                    0.20813271403312683,
                    0.8390098214149475
                ],
                [
                    0.0,
                    0.0,
                    0.0,
                    1.0
                ]
            ]
        },
        {
            "file_path": "/data/shapenet_blender/all_50_random/02958343/ae6827651ce624f6f5a0534aa77bf2/r_26",
            "rotation": 0.12566370614359174,
            "transform_matrix": [
                [
                    0.029249532148241997,
                    -0.004152963403612375,
                    0.999563455581665,
                    4.029369354248047
                ],
                [
                    0.9995721578598022,
                    0.00012152421550126746,
                    -0.029249276965856552,
                    -0.11790761351585388
                ],
                [
                    7.275957614183426e-12,
                    0.9999914169311523,
                    0.004154739901423454,
                    0.016748294234275818
                ],
                [
                    0.0,
                    0.0,
                    0.0,
                    1.0
                ]
            ]
        },
        {
            "file_path": "/data/shapenet_blender/all_50_random/02958343/ae6827651ce624f6f5a0534aa77bf2/r_27",
            "rotation": 0.12566370614359174,
            "transform_matrix": [
                [
                    -0.9197759628295898,
                    0.10812244564294815,
                    0.377255380153656,
                    1.5207650661468506
                ],
                [
                    0.3924437165260315,
                    0.2534081041812897,
                    0.8841788172721863,
                    3.5642387866973877
                ],
                [
                    0.0,
                    0.9612979888916016,
                    -0.2755106985569,
                    -1.1106191873550415
                ],
                [
                    0.0,
                    0.0,
                    0.0,
                    1.0
                ]
            ]
        },
        {
            "file_path": "/data/shapenet_blender/all_50_random/02958343/ae6827651ce624f6f5a0534aa77bf2/r_28",
            "rotation": 0.12566370614359174,
            "transform_matrix": [
                [
                    -0.8832034468650818,
                    -0.3225702941417694,
                    -0.3404410481452942,
                    -1.3723617792129517
                ],
                [
                    -0.46899011731147766,
                    0.6074652671813965,
                    0.6411194801330566,
                    2.584435224533081
                ],
                [
                    1.4901162970204496e-08,
                    0.7259023785591125,
                    -0.6877976655960083,
                    -2.7726011276245117
                ],
                [
                    0.0,
                    0.0,
                    0.0,
                    1.0
                ]
            ]
        },
        {
            "file_path": "/data/shapenet_blender/all_50_random/02958343/ae6827651ce624f6f5a0534aa77bf2/r_29",
            "rotation": 0.12566370614359174,
            "transform_matrix": [
                [
                    -0.2971274256706238,
                    0.5364327430725098,
                    0.7899083495140076,
                    3.1842219829559326
                ],
                [
                    0.9548378586769104,
                    0.16692771017551422,
                    0.24580450356006622,
                    0.9908695220947266
                ],
                [
                    0.0,
                    0.8272694945335388,
                    -0.5618051886558533,
                    -2.264708995819092
                ],
                [
                    0.0,
                    0.0,
                    0.0,
                    1.0
                ]
            ]
        },
        {
            "file_path": "/data/shapenet_blender/all_50_random/02958343/ae6827651ce624f6f5a0534aa77bf2/r_30",
            "rotation": 0.12566370614359174,
            "transform_matrix": [
                [
                    -0.9618210792541504,
                    -0.23182545602321625,
                    0.14545540511608124,
                    0.5863495469093323
                ],
                [
                    0.273679256439209,
                    -0.814729630947113,
                    0.511189877986908,
                    2.0606725215911865
                ],
                [
                    0.0,
                    0.5314813256263733,
                    0.8470699191093445,
                    3.4146482944488525
                ],
                [
                    0.0,
                    0.0,
                    0.0,
                    1.0
                ]
            ]
        },
        {
            "file_path": "/data/shapenet_blender/all_50_random/02958343/ae6827651ce624f6f5a0534aa77bf2/r_31",
            "rotation": 0.12566370614359174,
            "transform_matrix": [
                [
                    -0.9806696176528931,
                    0.17162175476551056,
                    0.09398400038480759,
                    0.37886157631874084
                ],
                [
                    0.19567067921161652,
                    0.8601402640342712,
                    0.4710324704647064,
                    1.8987923860549927
                ],
                [
                    0.0,
                    0.48031723499298096,
                    -0.8770949840545654,
                    -3.535682439804077
                ],
                [
                    0.0,
                    0.0,
                    0.0,
                    1.0
                ]
            ]
        },
        {
            "file_path": "/data/shapenet_blender/all_50_random/02958343/ae6827651ce624f6f5a0534aa77bf2/r_32",
            "rotation": 0.12566370614359174,
            "transform_matrix": [
                [
                    0.8022515773773193,
                    0.4510055184364319,
                    0.3911348581314087,
                    1.5767149925231934
                ],
                [
                    0.5969861745834351,
                    -0.6060774922370911,
                    -0.5256211161613464,
                    -2.1188464164733887
                ],
                [
                    0.0,
                    0.655182421207428,
                    -0.7554707527160645,
                    -3.0453999042510986
                ],
                [
                    0.0,
                    0.0,
                    0.0,
                    1.0
                ]
            ]
        },
        {
            "file_path": "/data/shapenet_blender/all_50_random/02958343/ae6827651ce624f6f5a0534aa77bf2/r_33",
            "rotation": 0.12566370614359174,
            "transform_matrix": [
                [
                    0.671885073184967,
                    0.2904910147190094,
                    -0.6813114881515503,
                    -2.7464547157287598
                ],
                [
                    -0.7406554222106934,
                    0.26351872086524963,
                    -0.6180512309074402,
                    -2.4914443492889404
                ],
                [
                    1.4901161193847656e-08,
                    0.9198765754699707,
                    0.39220795035362244,
                    1.5810409784317017
                ],
                [
                    0.0,
                    0.0,
                    0.0,
                    1.0
                ]
            ]
        },
        {
            "file_path": "/data/shapenet_blender/all_50_random/02958343/ae6827651ce624f6f5a0534aa77bf2/r_34",
            "rotation": 0.12566370614359174,
            "transform_matrix": [
                [
                    0.9397755265235901,
                    0.142205610871315,
                    -0.3108048439025879,
                    -1.2528945207595825
                ],
                [
                    -0.3417925238609314,
                    0.391001433134079,
                    -0.8545733690261841,
                    -3.4448957443237305
                ],
                [
                    1.4901162970204496e-08,
                    0.9093379378318787,
                    0.4160582721233368,
                    1.6771847009658813
                ],
                [
                    0.0,
                    0.0,
                    0.0,
                    1.0
                ]
            ]
        },
        {
            "file_path": "/data/shapenet_blender/all_50_random/02958343/ae6827651ce624f6f5a0534aa77bf2/r_35",
            "rotation": 0.12566370614359174,
            "transform_matrix": [
                [
                    -0.8127741813659668,
                    0.08137425780296326,
                    0.5768676996231079,
                    2.3254282474517822
                ],
                [
                    0.5825789570808411,
                    0.11352778971195221,
                    0.8048062920570374,
                    3.2442781925201416
                ],
                [
                    0.0,
                    0.9901968240737915,
                    -0.13967934250831604,
                    -0.5630655288696289
                ],
                [
                    0.0,
                    0.0,
                    0.0,
                    1.0
                ]
            ]
        },
        {
            "file_path": "/data/shapenet_blender/all_50_random/02958343/ae6827651ce624f6f5a0534aa77bf2/r_36",
            "rotation": 0.12566370614359174,
            "transform_matrix": [
                [
                    0.5307935476303101,
                    0.3280062675476074,
                    0.7814538478851318,
                    3.1501412391662598
                ],
                [
                    0.8475011587142944,
                    -0.20543169975280762,
                    -0.4894278049468994,
                    -1.9729466438293457
                ],
                [
                    1.4901161193847656e-08,
                    0.922068178653717,
                    -0.38702744245529175,
                    -1.5601575374603271
                ],
                [
                    0.0,
                    0.0,
                    0.0,
                    1.0
                ]
            ]
        },
        {
            "file_path": "/data/shapenet_blender/all_50_random/02958343/ae6827651ce624f6f5a0534aa77bf2/r_37",
            "rotation": 0.12566370614359174,
            "transform_matrix": [
                [
                    -0.14460186660289764,
                    -0.1261930614709854,
                    -0.9814099669456482,
                    -3.9561901092529297
                ],
                [
                    -0.9894899725914001,
                    0.01844157464802265,
                    0.14342108368873596,
                    0.5781489014625549
                ],
                [
                    0.0,
                    0.9918342232704163,
                    -0.1275334358215332,
                    -0.5141037106513977
                ],
                [
                    0.0,
                    0.0,
                    0.0,
                    1.0
                ]
            ]
        },
        {
            "file_path": "/data/shapenet_blender/all_50_random/02958343/ae6827651ce624f6f5a0534aa77bf2/r_38",
            "rotation": 0.12566370614359174,
            "transform_matrix": [
                [
                    -0.4169871509075165,
                    0.08084134012460709,
                    -0.9053101539611816,
                    -3.6494219303131104
                ],
                [
                    -0.9089124798774719,
                    -0.0370880626142025,
                    0.4153344929218292,
                    1.6742669343948364
                ],
                [
                    0.0,
                    0.99603670835495,
                    0.08894294500350952,
                    0.35854047536849976
                ],
                [
                    0.0,
                    0.0,
                    0.0,
                    1.0
                ]
            ]
        },
        {
            "file_path": "/data/shapenet_blender/all_50_random/02958343/ae6827651ce624f6f5a0534aa77bf2/r_39",
            "rotation": 0.12566370614359174,
            "transform_matrix": [
                [
                    0.5412874221801758,
                    0.006200070027261972,
                    0.8408148288726807,
                    3.389432668685913
                ],
                [
                    0.8408375978469849,
                    -0.003991281613707542,
                    -0.541272759437561,
                    -2.1819400787353516
                ],
                [
                    0.0,
                    0.9999727606773376,
                    -0.007373683620244265,
                    -0.02972426638007164
                ],
                [
                    0.0,
                    0.0,
                    0.0,
                    1.0
                ]
            ]
        },
        {
            "file_path": "/data/shapenet_blender/all_50_random/02958343/ae6827651ce624f6f5a0534aa77bf2/r_40",
            "rotation": 0.12566370614359174,
            "transform_matrix": [
                [
                    -0.9851494431495667,
                    -0.09961964190006256,
                    0.13984531164169312,
                    0.5637344717979431
                ],
                [
                    0.17169970273971558,
                    -0.571580708026886,
                    0.8023806810379028,
                    3.234499931335449
                ],
                [
                    7.450581485102248e-09,
                    0.8144761323928833,
                    0.5801969766616821,
                    2.338848829269409
                ],
                [
                    0.0,
                    0.0,
                    0.0,
                    1.0
                ]
            ]
        },
        {
            "file_path": "/data/shapenet_blender/all_50_random/02958343/ae6827651ce624f6f5a0534aa77bf2/r_41",
            "rotation": 0.12566370614359174,
            "transform_matrix": [
                [
                    -0.8746927380561829,
                    -0.0035202456638216972,
                    -0.4846650958061218,
                    -1.953747272491455
                ],
                [
                    -0.48467788100242615,
                    0.006352948024868965,
                    0.8746697306632996,
                    3.5259060859680176
                ],
                [
                    -2.3283061589829401e-10,
                    0.999973714351654,
                    -0.0072630625218153,
                    -0.029278337955474854
