{
    "class": "02958343",
    "model": "d8c7f76320624fef02d716c401defb1",
    "remove_doubles": true,
    "edge_split": true,
    "denoise": true,
    "camera_angle_x": 0.6911112070083618,
    "scale_factor": 2.3049362396652207,
    "hdri_file": "/data/IndoorHDRDataset2018/AG8A7195-8ad3096336.exr",
    "center_offset": [
        0.0,
        -1.862645149230957e-09,
        -3.725290298461914e-09
    ],
    "lights": [],
    "frames": [
        {
            "file_path": "/data/shapenet_blender/all_50_random/02958343/d8c7f76320624fef02d716c401defb1/r_0",
            "rotation": 0.12566370614359174,
            "transform_matrix": [
                [
                    -0.9665039777755737,
                    -0.14064757525920868,
                    0.21468177437782288,
                    0.8654099702835083
                ],
                [
                    0.25665155053138733,
                    -0.5296537280082703,
                    0.8084533214569092,
                    3.2589797973632812
                ],
                [
                    0.0,
                    0.8364717364311218,
                    0.5480098724365234,
                    2.2090985774993896
                ],
                [
                    0.0,
                    0.0,
                    0.0,
                    1.0
                ]
            ]
        },
        {
            "file_path": "/data/shapenet_blender/all_50_random/02958343/d8c7f76320624fef02d716c401defb1/r_1",
            "rotation": 0.12566370614359174,
            "transform_matrix": [
                [
                    0.4738842248916626,
                    -0.393263578414917,
                    -0.7878943085670471,
                    -3.1761035919189453
                ],
                [
                    -0.8805872201919556,
                    -0.2116331309080124,
                    -0.4240019619464874,
                    -1.7092065811157227
                ],
                [
                    0.0,
                    0.8947373032569885,
                    -0.4465925395488739,
                    -1.8002721071243286
                ],
                [
                    0.0,
                    0.0,
                    0.0,
                    1.0
                ]
            ]
        },
        {
            "file_path": "/data/shapenet_blender/all_50_random/02958343/d8c7f76320624fef02d716c401defb1/r_2",
            "rotation": 0.12566370614359174,
            "transform_matrix": [
                [
                    -0.9967480897903442,
                    0.015195482410490513,
                    0.07913575321435928,
                    0.31900638341903687
                ],
                [
                    0.08058144897222519,
                    0.1879597306251526,
                    0.9788656234741211,
                    3.9459331035614014
                ],
                [
                    0.0,
                    0.982059121131897,
                    -0.18857301771640778,
                    -0.7601620554924011
                ],
                [
                    0.0,
                    0.0,
                    0.0,
                    1.0
                ]
            ]
        },
        {
            "file_path": "/data/shapenet_blender/all_50_random/02958343/d8c7f76320624fef02d716c401defb1/r_3",
            "rotation": 0.12566370614359174,
            "transform_matrix": [
                [
                    -0.8826552629470825,
                    -0.13867472112178802,
                    -0.4490981698036194,
                    -1.8103725910186768
                ],
                [
                    -0.47002115845680237,
                    0.26041802763938904,
                    0.843363881111145,
                    3.3997085094451904
                ],
                [
                    7.450581485102248e-09,
                    0.9554850459098816,
                    -0.2950393855571747,
                    -1.1893417835235596
                ],
                [
                    0.0,
                    0.0,
                    0.0,
                    1.0
                ]
            ]
        },
        {
            "file_path": "/data/shapenet_blender/all_50_random/02958343/d8c7f76320624fef02d716c401defb1/r_4",
            "rotation": 0.12566370614359174,
            "transform_matrix": [
                [
                    0.2579892873764038,
                    -0.6472464203834534,
                    -0.7172961235046387,
                    -2.8915131092071533
                ],
                [
                    -0.966147780418396,
                    -0.1728334277868271,
                    -0.1915387213230133,
                    -0.7721172571182251
                ],
                [
                    0.0,
                    0.7424289584159851,
                    -0.669924795627594,
                    -2.7005531787872314
                ],
                [
                    0.0,
                    0.0,
                    0.0,
                    1.0
                ]
            ]
        },
        {
            "file_path": "/data/shapenet_blender/all_50_random/02958343/d8c7f76320624fef02d716c401defb1/r_5",
            "rotation": 0.12566370614359174,
            "transform_matrix": [
                [
                    -0.9701908230781555,
                    -0.001536133117042482,
                    0.24233722686767578,
                    0.9768925905227661
                ],
                [
                    0.24234208464622498,
                    -0.006149745546281338,
                    0.970171332359314,
                    3.910885810852051
                ],
                [
                    0.0,
                    0.9999799132347107,
                    0.006338696461170912,
                    0.02555210329592228
                ],
                [
                    0.0,
                    0.0,
                    0.0,
                    1.0
                ]
            ]
        },
        {
            "file_path": "/data/shapenet_blender/all_50_random/02958343/d8c7f76320624fef02d716c401defb1/r_6",
            "rotation": 0.12566370614359174,
            "transform_matrix": [
                [
                    0.06714262068271637,
                    0.6849632263183594,
                    0.7254772186279297,
                    2.924492120742798
                ],
                [
                    0.9977434277534485,
                    -0.04609424248337746,
                    -0.048820607364177704,
                    -0.19680216908454895
                ],
                [
                    0.0,
                    0.7271178960800171,
                    -0.6865124702453613,
                    -2.7674202919006348
                ],
                [
                    0.0,
                    0.0,
                    0.0,
                    1.0
                ]
            ]
        },
        {
            "file_path": "/data/shapenet_blender/all_50_random/02958343/d8c7f76320624fef02d716c401defb1/r_7",
            "rotation": 0.12566370614359174,
            "transform_matrix": [
                [
                    -0.244436576962471,
                    0.7762453556060791,
                    -0.5811144113540649,
                    -2.3425471782684326
                ],
                [
                    -0.9696652293205261,
                    -0.19567862153053284,
                    0.14648933708667755,
                    0.5905174016952515
                ],
                [
                    0.0,
                    0.5992938280105591,
                    0.8005291223526001,
                    3.2270359992980957
                ],
                [
                    0.0,
                    0.0,
                    0.0,
                    1.0
                ]
            ]
        },
        {
            "file_path": "/data/shapenet_blender/all_50_random/02958343/d8c7f76320624fef02d716c401defb1/r_8",
            "rotation": 0.12566370614359174,
            "transform_matrix": [
                [
                    0.8282842636108398,
                    0.2744032144546509,
                    -0.48851603269577026,
                    -1.969271183013916
                ],
                [
                    -0.5603079199790955,
                    0.40564095973968506,
                    -0.7221566438674927,
                    -2.911106824874878
                ],
                [
                    0.0,
                    0.8718705177307129,
                    0.4897363483905792,
                    1.9741904735565186
                ],
                [
                    0.0,
                    0.0,
                    0.0,
                    1.0
                ]
            ]
        },
        {
            "file_path": "/data/shapenet_blender/all_50_random/02958343/d8c7f76320624fef02d716c401defb1/r_9",
            "rotation": 0.12566370614359174,
            "transform_matrix": [
                [
                    0.821519136428833,
                    -0.0010287623153999448,
                    0.5701800584793091,
                    2.2984695434570312
                ],
                [
                    0.570181131362915,
                    0.0014822445809841156,
                    -0.8215175867080688,
                    -3.311643600463867
                ],
                [
                    0.0,
                    0.9999983310699463,
                    0.0018042727606371045,
                    0.007273256778717041
                ],
                [
                    0.0,
                    0.0,
                    0.0,
                    1.0
                ]
            ]
        },
        {
            "file_path": "/data/shapenet_blender/all_50_random/02958343/d8c7f76320624fef02d716c401defb1/r_10",
            "rotation": 0.12566370614359174,
            "transform_matrix": [
                [
                    -0.6743896007537842,
                    -0.11612942814826965,
                    0.7291862964630127,
                    2.939444065093994
                ],
                [
                    0.738375723361969,
                    -0.10606588423252106,
                    0.6659964919090271,
                    2.6847176551818848
                ],
                [
                    0.0,
                    0.9875544905662537,
                    0.15727688372135162,
                    0.6340034008026123
                ],
                [
                    0.0,
                    0.0,
                    0.0,
                    1.0
                ]
            ]
        },
        {
            "file_path": "/data/shapenet_blender/all_50_random/02958343/d8c7f76320624fef02d716c401defb1/r_11",
            "rotation": 0.12566370614359174,
            "transform_matrix": [
                [
                    0.2792215645313263,
                    0.07591879367828369,
                    -0.9572207927703857,
                    -3.858680486679077
                ],
                [
                    -0.9602267146110535,
                    0.022076211869716644,
                    -0.2783474922180176,
                    -1.1220545768737793
                ],
                [
                    3.725290298461914e-09,
                    0.9968694448471069,
                    0.07906342297792435,
                    0.31871485710144043
                ],
                [
                    0.0,
                    0.0,
                    0.0,
                    1.0
                ]
            ]
        },
        {
            "file_path": "/data/shapenet_blender/all_50_random/02958343/d8c7f76320624fef02d716c401defb1/r_12",
            "rotation": 0.12566370614359174,
            "transform_matrix": [
                [
                    0.996852457523346,
                    -0.010909750126302242,
                    -0.07852591574192047,
                    -0.31654807925224304
                ],
                [
                    -0.07928016036748886,
                    -0.13717696070671082,
                    -0.9873687624931335,
                    -3.980210781097412
                ],
                [
                    -9.31322685637781e-10,
                    0.9904864430427551,
                    -0.13761010766029358,
                    -0.5547240972518921
                ],
                [
                    0.0,
                    0.0,
                    0.0,
                    1.0
                ]
            ]
        },
        {
            "file_path": "/data/shapenet_blender/all_50_random/02958343/d8c7f76320624fef02d716c401defb1/r_13",
            "rotation": 0.12566370614359174,
            "transform_matrix": [
                [
                    -0.0021042285952717066,
                    -0.6708025336265564,
                    0.741632878780365,
                    2.9896180629730225
                ],
                [
                    0.9999978542327881,
                    -0.0014115249505266547,
                    0.0015605684602633119,
                    0.006290853023529053
                ],
                [
                    0.0,
                    0.7416345477104187,
                    0.6708040237426758,
                    2.7040977478027344
                ],
                [
                    0.0,
                    0.0,
                    0.0,
                    1.0
                ]
            ]
        },
        {
            "file_path": "/data/shapenet_blender/all_50_random/02958343/d8c7f76320624fef02d716c401defb1/r_14",
            "rotation": 0.12566370614359174,
            "transform_matrix": [
                [
                    0.7946181893348694,
                    -0.277328759431839,
                    -0.5400654077529907,
                    -2.1770730018615723
                ],
                [
                    -0.6071093678474426,
                    -0.36298316717147827,
                    -0.7068673968315125,
                    -2.849473237991333
                ],
                [
                    0.0,
                    0.8895684480667114,
                    -0.4568019509315491,
                    -1.8414273262023926
                ],
                [
                    0.0,
                    0.0,
                    0.0,
                    1.0
                ]
            ]
        },
        {
            "file_path": "/data/shapenet_blender/all_50_random/02958343/d8c7f76320624fef02d716c401defb1/r_15",
            "rotation": 0.12566370614359174,
            "transform_matrix": [
                [
                    -0.9062115550041199,
                    -0.000996625516563654,
                    0.42282333970069885,
                    1.7044552564620972
                ],
                [
                    0.42282453179359436,
                    -0.002136001130566001,
                    0.9062090516090393,
                    3.653045415878296
                ],
                [
                    5.8207653974573503e-11,
                    0.9999973177909851,
                    0.0023570663761347532,
                    0.009501637890934944
                ],
                [
                    0.0,
                    0.0,
                    0.0,
                    1.0
                ]
            ]
        },
        {
            "file_path": "/data/shapenet_blender/all_50_random/02958343/d8c7f76320624fef02d716c401defb1/r_16",
            "rotation": 0.12566370614359174,
            "transform_matrix": [
                [
                    0.3950747847557068,
                    -0.7628593444824219,
                    -0.5118218660354614,
                    -2.0632200241088867
                ],
                [
                    -0.918648898601532,
                    -0.3280757963657379,
                    -0.22011443972587585,
                    -0.8873096704483032
                ],
                [
                    -1.4901160305669237e-08,
                    0.5571461915969849,
                    -0.8304144144058228,
                    -3.3475074768066406
                ],
                [
                    0.0,
                    0.0,
                    0.0,
                    1.0
                ]
            ]
        },
        {
            "file_path": "/data/shapenet_blender/all_50_random/02958343/d8c7f76320624fef02d716c401defb1/r_17",
            "rotation": 0.12566370614359174,
            "transform_matrix": [
                [
                    0.6741989254951477,
                    -0.06062285974621773,
                    0.7360574007034302,
                    2.9671425819396973
                ],
                [
                    0.7385496497154236,
                    0.0553407147526741,
                    -0.671923816204071,
                    -2.7086117267608643
                ],
                [
                    3.725290076417309e-09,
                    0.9966253638267517,
                    0.08208364993333817,
                    0.33088982105255127
                ],
                [
                    0.0,
                    0.0,
                    0.0,
                    1.0
                ]
            ]
        },
        {
            "file_path": "/data/shapenet_blender/all_50_random/02958343/d8c7f76320624fef02d716c401defb1/r_18",
            "rotation": 0.12566370614359174,
            "transform_matrix": [
                [
                    -0.5418718457221985,
                    -0.16962289810180664,
                    0.8231663703918457,
                    3.3182899951934814
                ],
                [
                    0.8404611349105835,
                    -0.10936124622821808,
                    0.5307213664054871,
                    2.139406442642212
                ],
                [
                    0.0,
                    0.9794223308563232,
                    0.2018212378025055,
                    0.8135675191879272
                ],
                [
                    0.0,
                    0.0,
                    0.0,
                    1.0
                ]
            ]
        },
        {
            "file_path": "/data/shapenet_blender/all_50_random/02958343/d8c7f76320624fef02d716c401defb1/r_19",
            "rotation": 0.12566370614359174,
            "transform_matrix": [
                [
                    0.3128499984741211,
                    -0.9290639758110046,
                    0.19739536941051483,
                    0.7957261800765991
                ],
                [
                    0.949802577495575,
                    0.30601903796195984,
                    -0.0650189220905304,
                    -0.26209965348243713
                ],
                [
                    -3.725290742551124e-09,
                    0.20782774686813354,
                    0.9781654477119446,
                    3.943110942840576
                ],
                [
                    0.0,
                    0.0,
                    0.0,
                    1.0
                ]
            ]
        },
        {
            "file_path": "/data/shapenet_blender/all_50_random/02958343/d8c7f76320624fef02d716c401defb1/r_20",
            "rotation": 0.12566370614359174,
            "transform_matrix": [
                [
                    0.8154439330101013,
                    0.1906752735376358,
                    -0.5465290546417236,
                    -2.203129291534424
                ],
                [
                    -0.5788359642028809,
                    0.2686166763305664,
                    -0.7699310779571533,
                    -3.103691577911377
                ],
                [
                    1.4901160305669237e-08,
                    0.9441863894462585,
                    0.3294115364551544,
                    1.3279005289077759
                ],
                [
                    0.0,
                    0.0,
                    0.0,
                    1.0
                ]
            ]
        },
        {
            "file_path": "/data/shapenet_blender/all_50_random/02958343/d8c7f76320624fef02d716c401defb1/r_21",
            "rotation": 0.12566370614359174,
            "transform_matrix": [
                [
                    -0.9999697208404541,
                    0.003534347750246525,
                    0.006934417877346277,
                    0.027953535318374634
                ],
                [
                    0.007783173117786646,
                    0.45408743619918823,
                    0.890923023223877,
                    3.591425895690918
                ],
                [
                    -2.3283064365386963e-10,
                    0.8909500241279602,
                    -0.45410120487213135,
                    -1.830540657043457
                ],
                [
                    0.0,
                    0.0,
                    0.0,
                    1.0
                ]
            ]
        },
        {
            "file_path": "/data/shapenet_blender/all_50_random/02958343/d8c7f76320624fef02d716c401defb1/r_22",
            "rotation": 0.12566370614359174,
            "transform_matrix": [
                [
                    -0.9682604670524597,
                    0.08899682015180588,
                    -0.23356232047080994,
                    -0.9415197372436523
                ],
                [
                    -0.2499435842037201,
                    -0.344766229391098,
                    0.9048008322715759,
                    3.6473684310913086
                ],
                [
                    0.0,
                    0.9344601035118103,
                    0.3560677170753479,
                    1.4353547096252441
                ],
                [
                    0.0,
                    0.0,
                    0.0,
                    1.0
                ]
            ]
        },
        {
            "file_path": "/data/shapenet_blender/all_50_random/02958343/d8c7f76320624fef02d716c401defb1/r_23",
            "rotation": 0.12566370614359174,
            "transform_matrix": [
                [
                    0.9641769528388977,
                    -0.20663493871688843,
                    0.16632702946662903,
                    0.6704856753349304
                ],
                [
                    0.26525962352752686,
                    0.7510854601860046,
                    -0.6045725345611572,
                    -2.4371097087860107
                ],
                [
                    0.0,
                    0.6270349025726318,
                    0.7789912223815918,
                    3.140213966369629
                ],
                [
                    0.0,
                    0.0,
                    0.0,
                    1.0
                ]
            ]
        },
        {
            "file_path": "/data/shapenet_blender/all_50_random/02958343/d8c7f76320624fef02d716c401defb1/r_24",
            "rotation": 0.12566370614359174,
            "transform_matrix": [
                [
                    -0.9999274015426636,
                    0.0009738643420860171,
                    0.012009596452116966,
                    0.04841223359107971
                ],
                [
                    0.012049016542732716,
                    0.08081933856010437,
                    0.9966559410095215,
                    4.017648696899414
                ],
                [
                    0.0,
                    0.9967281818389893,
                    -0.08082521706819534,
                    -0.3258168697357178
                ],
                [
                    0.0,
                    0.0,
                    0.0,
                    1.0
                ]
            ]
        },
        {
            "file_path": "/data/shapenet_blender/all_50_random/02958343/d8c7f76320624fef02d716c401defb1/r_25",
            "rotation": 0.12566370614359174,
            "transform_matrix": [
                [
                    0.9853740334510803,
                    0.0557943694293499,
                    0.161012202501297,
                    0.6490609645843506
                ],
                [
                    0.17040520906448364,
                    -0.32263287901878357,
                    -0.9310585856437683,
                    -3.7532172203063965
                ],
                [
                    3.725290298461914e-09,
                    0.944878101348877,
                    -0.32742175459861755,
                    -1.3198792934417725
                ],
                [
                    0.0,
                    0.0,
                    0.0,
                    1.0
                ]
            ]
        },
        {
            "file_path": "/data/shapenet_blender/all_50_random/02958343/d8c7f76320624fef02d716c401defb1/r_26",
            "rotation": 0.12566370614359174,
            "transform_matrix": [
                [
                    -0.8937331438064575,
                    0.38837605714797974,
                    0.22451071441173553,
                    0.905031681060791
                ],
                [
                    0.4485990107059479,
                    0.7737524509429932,
                    0.44728735089302063,
                    1.8030730485916138
                ],
                [
                    -1.4901161193847656e-08,
                    0.500470757484436,
                    -0.8657533526420593,
                    -3.4899635314941406
                ],
                [
                    0.0,
                    0.0,
                    0.0,
                    1.0
                ]
            ]
        },
        {
            "file_path": "/data/shapenet_blender/all_50_random/02958343/d8c7f76320624fef02d716c401defb1/r_27",
            "rotation": 0.12566370614359174,
            "transform_matrix": [
                [
                    -0.9734113216400146,
                    -0.0533987432718277,
                    0.2227533608675003,
                    0.8979476094245911
                ],
                [
                    0.22906440496444702,
                    -0.22691845893859863,
                    0.9465925097465515,
                    3.8158366680145264
                ],
                [
                    -3.725290742551124e-09,
                    0.9724487066268921,
                    0.2331167459487915,
                    0.9397237300872803
                ],
                [
                    0.0,
                    0.0,
                    0.0,
                    1.0
                ]
            ]
        },
        {
            "file_path": "/data/shapenet_blender/all_50_random/02958343/d8c7f76320624fef02d716c401defb1/r_28",
            "rotation": 0.12566370614359174,
            "transform_matrix": [
                [
                    -0.7611750960350037,
                    -0.20745795965194702,
                    -0.6144700646400452,
                    -2.47700834274292
                ],
                [
                    -0.6485462784767151,
                    0.24348583817481995,
                    0.7211810946464539,
                    2.9071741104125977
                ],
                [
                    0.0,
                    0.947457492351532,
                    -0.3198814392089844,
                    -1.2894834280014038
                ],
                [
                    0.0,
                    0.0,
                    0.0,
                    1.0
                ]
            ]
        },
        {
            "file_path": "/data/shapenet_blender/all_50_random/02958343/d8c7f76320624fef02d716c401defb1/r_29",
            "rotation": 0.12566370614359174,
            "transform_matrix": [
                [
                    0.9874568581581116,
                    -0.05477660894393921,
                    0.1480826586484909,
                    0.5969402194023132
                ],
                [
                    0.15788902342319489,
                    0.3425794243812561,
                    -0.9261265993118286,
                    -3.733335256576538
                ],
                [
                    3.725290076417309e-09,
                    0.9378905296325684,
                    0.346931129693985,
                    1.3985239267349243
                ],
                [
                    0.0,
                    0.0,
                    0.0,
                    1.0
                ]
            ]
        },
        {
            "file_path": "/data/shapenet_blender/all_50_random/02958343/d8c7f76320624fef02d716c401defb1/r_30",
            "rotation": 0.12566370614359174,
            "transform_matrix": [
                [
                    0.06256688386201859,
                    0.5278254747390747,
                    0.8470451831817627,
                    3.414548397064209
                ],
                [
                    0.9980407357215881,
                    -0.033089227974414825,
                    -0.05310101807117462,
                    -0.214057058095932
                ],
                [
                    1.8626450382086546e-09,
                    0.8487079739570618,
                    -0.5288617014884949,
                    -2.1319096088409424
                ],
                [
                    0.0,
                    0.0,
                    0.0,
                    1.0
                ]
            ]
        },
        {
            "file_path": "/data/shapenet_blender/all_50_random/02958343/d8c7f76320624fef02d716c401defb1/r_31",
            "rotation": 0.12566370614359174,
            "transform_matrix": [
                [
                    0.3923814296722412,
                    0.4224419593811035,
                    -0.8170554041862488,
                    -3.2936556339263916
                ],
                [
                    -0.9198026061058044,
                    0.18021081387996674,
                    -0.3485502004623413,
                    -1.4050507545471191
                ],
                [
                    -1.4901162970204496e-08,
                    0.8882942199707031,
                    0.45927461981773376,
                    1.8513952493667603
                ],
                [
                    0.0,
                    0.0,
                    0.0,
                    1.0
                ]
            ]
        },
        {
            "file_path": "/data/shapenet_blender/all_50_random/02958343/d8c7f76320624fef02d716c401defb1/r_32",
            "rotation": 0.12566370614359174,
            "transform_matrix": [
                [
                    0.5323309302330017,
                    -0.43039625883102417,
                    -0.7289600968360901,
                    -2.9385321140289307
                ],
                [
                    -0.84653639793396,
                    -0.2706478536128998,
                    -0.45839494466781616,
                    -1.8478491306304932
                ],
                [
                    -2.9802322387695312e-08,
                    0.8611090183258057,
                    -0.5084202885627747,
                    -2.0495078563690186
                ],
                [
                    0.0,
                    0.0,
                    0.0,
                    1.0
                ]
            ]
        },
        {
            "file_path": "/data/shapenet_blender/all_50_random/02958343/d8c7f76320624fef02d716c401defb1/r_33",
            "rotation": 0.12566370614359174,
            "transform_matrix": [
                [
                    0.897968590259552,
                    0.0143403559923172,
                    0.43982577323913574,
                    1.7729945182800293
                ],
                [
                    0.44005951285362244,
                    -0.02926238253712654,
                    -0.8974916338920593,
                    -3.6179046630859375
                ],
                [
                    9.313225746154785e-10,
                    0.9994688630104065,
                    -0.032587308436632156,
                    -0.1313636600971222
                ],
                [
                    0.0,
                    0.0,
                    0.0,
                    1.0
                ]
            ]
        },
        {
            "file_path": "/data/shapenet_blender/all_50_random/02958343/d8c7f76320624fef02d716c401defb1/r_34",
            "rotation": 0.12566370614359174,
            "transform_matrix": [
                [
                    0.5700041651725769,
                    -0.11971981823444366,
                    -0.8128728270530701,
                    -3.2767953872680664
                ],
                [
                    -0.8216416835784912,
                    -0.08305419981479645,
                    -0.5639208555221558,
                    -2.273237943649292
                ],
                [
                    7.450580152834618e-09,
                    0.9893276691436768,
                    -0.14570802450180054,
                    -0.5873678922653198
                ],
                [
                    0.0,
                    0.0,
                    0.0,
                    1.0
                ]
            ]
        },
        {
            "file_path": "/data/shapenet_blender/all_50_random/02958343/d8c7f76320624fef02d716c401defb1/r_35",
            "rotation": 0.12566370614359174,
            "transform_matrix": [
                [
                    0.3623746931552887,
                    -0.6825333833694458,
                    -0.6346911191940308,
                    -2.5585215091705322
                ],
                [
                    -0.9320324659347534,
                    -0.26536932587623596,
                    -0.24676823616027832,
                    -0.994754433631897
                ],
                [
                    0.0,
                    0.6809751987457275,
                    -0.7323064208030701,
                    -2.952021360397339
                ],
                [
                    0.0,
                    0.0,
                    0.0,
                    1.0
                ]
            ]
        },
        {
            "file_path": "/data/shapenet_blender/all_50_random/02958343/d8c7f76320624fef02d716c401defb1/r_36",
            "rotation": 0.12566370614359174,
            "transform_matrix": [
                [
                    0.9892823100090027,
                    -0.10640201717615128,
                    0.09999560564756393,
                    0.40309518575668335
                ],
                [
                    0.14601543545722961,
                    0.7208938002586365,
                    -0.677489161491394,
                    -2.731046199798584
                ],
                [
                    0.0,
                    0.6848289966583252,
                    0.7287037968635559,
                    2.9374990463256836
                ],
                [
                    0.0,
                    0.0,
                    0.0,
                    1.0
                ]
            ]
        },
        {
            "file_path": "/data/shapenet_blender/all_50_random/02958343/d8c7f76320624fef02d716c401defb1/r_37",
            "rotation": 0.12566370614359174,
            "transform_matrix": [
                [
                    -0.9229219555854797,
                    0.08578693866729736,
                    0.3753073811531067,
                    1.5129122734069824
                ],
                [
                    0.3849869966506958,
                    0.20565538108348846,
                    0.8997171521186829,
                    3.626875400543213
                ],
                [
                    -7.4505797087454084e-09,
                    0.9748570919036865,
                    -0.22283075749874115,
                    -0.8982594013214111
                ],
                [
                    0.0,
                    0.0,
                    0.0,
                    1.0
                ]
            ]
        },
        {
            "file_path": "/data/shapenet_blender/all_50_random/02958343/d8c7f76320624fef02d716c401defb1/r_38",
            "rotation": 0.12566370614359174,
            "transform_matrix": [
                [
                    -0.7055720686912537,
                    0.011521791107952595,
                    0.7085444331169128,
                    2.856234073638916
                ],
                [
                    0.708638072013855,
                    0.011471941135823727,
                    0.705478847026825,
                    2.8438761234283447
                ],
                [
                    -9.313225746154785e-10,
                    0.9998677968978882,
                    -0.01625906117260456,
                    -0.06554237008094788
                ],
                [
                    0.0,
                    0.0,
                    0.0,
                    1.0
                ]
            ]
        },
        {
            "file_path": "/data/shapenet_blender/all_50_random/02958343/d8c7f76320624fef02d716c401defb1/r_39",
            "rotation": 0.12566370614359174,
            "transform_matrix": [
                [
                    0.7915312647819519,
                    -0.5091257691383362,
                    -0.3380371332168579,
                    -1.3626713752746582
                ],
                [
                    -0.611128568649292,
                    -0.6594176888465881,
                    -0.4378243088722229,
                    -1.7649263143539429
                ],
                [
                    -2.9802320611338473e-08,
                    0.5531357526779175,
                    -0.8330910205841064,
                    -3.35829758644104
                ],
                [
                    0.0,
                    0.0,
                    0.0,
                    1.0
                ]
            ]
        },
        {
            "file_path": "/data/shapenet_blender/all_50_random/02958343/d8c7f76320624fef02d716c401defb1/r_40",
            "rotation": 0.12566370614359174,
            "transform_matrix": [
                [
                    0.7611396312713623,
                    -0.4919282793998718,
                    -0.4226972758769989,
                    -1.7039471864700317
                ],
                [
                    -0.6485880613327026,
                    -0.5772941708564758,
                    -0.49604931473731995,
                    -1.9996387958526611
                ],
                [
                    0.0,
                    0.6517191529273987,
                    -0.758460283279419,
                    -3.0574512481689453
                ],
                [
                    0.0,
                    0.0,
                    0.0,
                    1.0
                ]
            ]
        },
        {
            "file_path": "/data/shapenet_blender/all_50_random/02958343/d8c7f76320624fef02d716c401defb1/r_41",
            "rotation": 0.12566370614359174,
            "transform_matrix": [
                [
                    0.7051824927330017,
                    0.4470112919807434,
                    -0.5503621697425842,
                    -2.218581199645996
                ],
                [
                    -0.7090259194374084,
                    0.44458818435668945,
                    -0.5473788380622864,
                    -2.206554889678955
                ],
