{
    "class": "02958343",
    "model": "58569e7feac27d3e5da8146fec888d45",
    "remove_doubles": true,
    "edge_split": true,
    "denoise": true,
    "camera_angle_x": 0.6911112070083618,
    "scale_factor": 2.2474183219903376,
    "hdri_file": "/data/IndoorHDRDataset2018/AG8A5792-db79c07e52.exr",
    "center_offset": [
        0.0,
        0.0,
        -2.3283064365386963e-09
    ],
    "lights": [],
    "frames": [
        {
            "file_path": "/data/shapenet_blender/all_50_random/02958343/58569e7feac27d3e5da8146fec888d45/r_0",
            "rotation": 0.12566370614359174,
            "transform_matrix": [
                [
                    0.4621133804321289,
                    0.4876304566860199,
                    0.7407210469245911,
                    2.9859423637390137
                ],
                [
                    0.8868209719657898,
                    -0.2540992498397827,
                    -0.3859821856021881,
                    -1.5559440851211548
                ],
                [
                    0.0,
                    0.835254430770874,
                    -0.5498635172843933,
                    -2.216571092605591
                ],
                [
                    0.0,
                    0.0,
                    0.0,
                    1.0
                ]
            ]
        },
        {
            "file_path": "/data/shapenet_blender/all_50_random/02958343/58569e7feac27d3e5da8146fec888d45/r_1",
            "rotation": 0.12566370614359174,
            "transform_matrix": [
                [
                    -0.9966842532157898,
                    -0.02227560244500637,
                    -0.07825727015733719,
                    -0.31546515226364136
                ],
                [
                    -0.08136585354804993,
                    0.27286311984062195,
                    0.9586058855056763,
                    3.8642640113830566
                ],
                [
                    -1.8626450382086546e-09,
                    0.9617949724197388,
                    -0.27377083897590637,
                    -1.1036055088043213
                ],
                [
                    0.0,
                    0.0,
                    0.0,
                    1.0
                ]
            ]
        },
        {
            "file_path": "/data/shapenet_blender/all_50_random/02958343/58569e7feac27d3e5da8146fec888d45/r_2",
            "rotation": 0.12566370614359174,
            "transform_matrix": [
                [
                    0.9928498268127441,
                    0.02630571834743023,
                    0.11643578112125397,
                    0.469367653131485
                ],
                [
                    0.11937035620212555,
                    -0.21879492700099945,
                    -0.9684417843818665,
                    -3.903913736343384
                ],
                [
                    1.862645149230957e-09,
                    0.9754161834716797,
                    -0.22037062048912048,
                    -0.8883423805236816
                ],
                [
                    0.0,
                    0.0,
                    0.0,
                    1.0
                ]
            ]
        },
        {
            "file_path": "/data/shapenet_blender/all_50_random/02958343/58569e7feac27d3e5da8146fec888d45/r_3",
            "rotation": 0.12566370614359174,
            "transform_matrix": [
                [
                    0.5450530052185059,
                    -0.11589056998491287,
                    0.8303532600402832,
                    3.3472609519958496
                ],
                [
                    0.8384014368057251,
                    0.07534159719944,
                    -0.5398208498954773,
                    -2.1760873794555664
                ],
                [
                    0.0,
                    0.9904004335403442,
                    0.13822801411151886,
                    0.5572149753570557
                ],
                [
                    0.0,
                    0.0,
                    0.0,
                    1.0
                ]
            ]
        },
        {
            "file_path": "/data/shapenet_blender/all_50_random/02958343/58569e7feac27d3e5da8146fec888d45/r_4",
            "rotation": 0.12566370614359174,
            "transform_matrix": [
                [
                    0.9996377229690552,
                    -0.006690347567200661,
                    0.026072893291711807,
                    0.10510319471359253
                ],
                [
                    0.02691759169101715,
                    0.24845923483371735,
                    -0.9682682752609253,
                    -3.9032142162323
                ],
                [
                    0.0,
                    0.9686192274093628,
                    0.24854929745197296,
                    1.001934289932251
                ],
                [
                    0.0,
                    0.0,
                    0.0,
                    1.0
                ]
            ]
        },
        {
            "file_path": "/data/shapenet_blender/all_50_random/02958343/58569e7feac27d3e5da8146fec888d45/r_5",
            "rotation": 0.12566370614359174,
            "transform_matrix": [
                [
                    -0.7918556928634644,
                    0.032126184552907944,
                    0.6098626852035522,
                    2.45843505859375
                ],
                [
                    0.6107082366943359,
                    0.04165540635585785,
                    0.790759265422821,
                    3.187652587890625
                ],
                [
                    0.0,
                    0.9986153244972229,
                    -0.0526048019528389,
                    -0.2120567411184311
                ],
                [
                    0.0,
                    0.0,
                    0.0,
                    1.0
                ]
            ]
        },
        {
            "file_path": "/data/shapenet_blender/all_50_random/02958343/58569e7feac27d3e5da8146fec888d45/r_6",
            "rotation": 0.12566370614359174,
            "transform_matrix": [
                [
                    0.03672631084918976,
                    -0.3205321431159973,
                    -0.9465253949165344,
                    -3.815565586090088
                ],
                [
                    -0.9993252754211426,
                    -0.011779913678765297,
                    -0.034785859286785126,
                    -0.14022627472877502
                ],
                [
                    -9.313224080820248e-10,
                    0.9471642971038818,
                    -0.32074862718582153,
                    -1.2929790019989014
                ],
                [
                    0.0,
                    0.0,
                    0.0,
                    1.0
                ]
            ]
        },
        {
            "file_path": "/data/shapenet_blender/all_50_random/02958343/58569e7feac27d3e5da8146fec888d45/r_7",
            "rotation": 0.12566370614359174,
            "transform_matrix": [
                [
                    -0.19265906512737274,
                    0.0692075714468956,
                    -0.9788220524787903,
                    -3.945758104324341
                ],
                [
                    -0.9812657833099365,
                    -0.013588027097284794,
                    0.19217926263809204,
                    0.7746994495391846
                ],
                [
                    0.0,
                    0.997509777545929,
                    0.07052886486053467,
                    0.2843109667301178
                ],
                [
                    0.0,
                    0.0,
                    0.0,
                    1.0
                ]
            ]
        },
        {
            "file_path": "/data/shapenet_blender/all_50_random/02958343/58569e7feac27d3e5da8146fec888d45/r_8",
            "rotation": 0.12566370614359174,
            "transform_matrix": [
                [
                    0.9332259893417358,
                    0.2043628841638565,
                    0.29550808668136597,
                    1.191231369972229
                ],
                [
                    0.35928991436958313,
                    -0.5308157205581665,
                    -0.7675579190254211,
                    -3.094125270843506
                ],
                [
                    0.0,
                    0.8224780559539795,
                    -0.5687965750694275,
                    -2.2928926944732666
                ],
                [
                    0.0,
                    0.0,
                    0.0,
                    1.0
                ]
            ]
        },
        {
            "file_path": "/data/shapenet_blender/all_50_random/02958343/58569e7feac27d3e5da8146fec888d45/r_9",
            "rotation": 0.12566370614359174,
            "transform_matrix": [
                [
                    0.6317266821861267,
                    0.19272474944591522,
                    0.7508518099784851,
                    3.026780605316162
                ],
                [
                    0.7751911878585815,
                    -0.15705722570419312,
                    -0.6118918061256409,
                    -2.4666149616241455
                ],
                [
                    7.450580152834618e-09,
                    0.968602180480957,
                    -0.24861577153205872,
                    -1.0022022724151611
                ],
                [
                    0.0,
                    0.0,
                    0.0,
                    1.0
                ]
            ]
        },
        {
            "file_path": "/data/shapenet_blender/all_50_random/02958343/58569e7feac27d3e5da8146fec888d45/r_10",
            "rotation": 0.12566370614359174,
            "transform_matrix": [
                [
                    0.4536377787590027,
                    0.404125839471817,
                    -0.7942889928817749,
                    -3.2018814086914062
                ],
                [
                    -0.8911861777305603,
                    0.20571094751358032,
                    -0.40431448817253113,
                    -1.629843831062317
                ],
                [
                    1.4901161193847656e-08,
                    0.891271710395813,
                    0.4534696638584137,
                    1.827994704246521
                ],
                [
                    0.0,
                    0.0,
                    0.0,
                    1.0
                ]
            ]
        },
        {
            "file_path": "/data/shapenet_blender/all_50_random/02958343/58569e7feac27d3e5da8146fec888d45/r_11",
            "rotation": 0.12566370614359174,
            "transform_matrix": [
                [
                    -0.9186012744903564,
                    0.3060867488384247,
                    0.24996544420719147,
                    1.0076429843902588
                ],
                [
                    0.3951858878135681,
                    0.7114921808242798,
                    0.5810394287109375,
                    2.342245101928711
                ],
                [
                    1.4901162970204496e-08,
                    0.6325263381004333,
                    -0.7745387554168701,
                    -3.1222658157348633
                ],
                [
                    0.0,
                    0.0,
                    0.0,
                    1.0
                ]
            ]
        },
        {
            "file_path": "/data/shapenet_blender/all_50_random/02958343/58569e7feac27d3e5da8146fec888d45/r_12",
            "rotation": 0.12566370614359174,
            "transform_matrix": [
                [
                    -0.8344534635543823,
                    0.5100269317626953,
                    0.20871007442474365,
                    0.841337263584137
                ],
                [
                    0.5510783195495605,
                    0.7722926735877991,
                    0.31603285670280457,
                    1.273969292640686
                ],
                [
                    0.0,
                    0.3787303566932678,
                    -0.9255070090293884,
                    -3.7308382987976074
                ],
                [
                    0.0,
                    0.0,
                    0.0,
                    1.0
                ]
            ]
        },
        {
            "file_path": "/data/shapenet_blender/all_50_random/02958343/58569e7feac27d3e5da8146fec888d45/r_13",
            "rotation": 0.12566370614359174,
            "transform_matrix": [
                [
                    -0.9381383657455444,
                    0.249980166554451,
                    0.2395962029695511,
                    0.9658432006835938
                ],
                [
                    0.346260666847229,
                    0.6772816181182861,
                    0.6491479277610779,
                    2.6167988777160645
                ],
                [
                    0.0,
                    0.6919533014297485,
                    -0.7219422459602356,
                    -2.9102423191070557
                ],
                [
                    0.0,
                    0.0,
                    0.0,
                    1.0
                ]
            ]
        },
        {
            "file_path": "/data/shapenet_blender/all_50_random/02958343/58569e7feac27d3e5da8146fec888d45/r_14",
            "rotation": 0.12566370614359174,
            "transform_matrix": [
                [
                    0.9559981822967529,
                    0.014921610243618488,
                    0.29299306869506836,
                    1.1810928583145142
                ],
                [
                    0.29337283968925476,
                    -0.048624247312545776,
                    -0.954760730266571,
                    -3.8487634658813477
                ],
                [
                    9.313225746154785e-10,
                    0.9987057447433472,
                    -0.050862282514572144,
                    -0.20503240823745728
                ],
                [
                    0.0,
                    0.0,
                    0.0,
                    1.0
                ]
            ]
        },
        {
            "file_path": "/data/shapenet_blender/all_50_random/02958343/58569e7feac27d3e5da8146fec888d45/r_15",
            "rotation": 0.12566370614359174,
            "transform_matrix": [
                [
                    0.8976255655288696,
                    0.22347168624401093,
                    -0.37990623712539673,
                    -1.5314509868621826
                ],
                [
                    -0.4407588243484497,
                    0.4551103413105011,
                    -0.7736964821815491,
                    -3.118870258331299
                ],
                [
                    -1.4901161193847656e-08,
                    0.8619366884231567,
                    0.5070157647132874,
                    2.0438458919525146
                ],
                [
                    0.0,
                    0.0,
                    0.0,
                    1.0
                ]
            ]
        },
        {
            "file_path": "/data/shapenet_blender/all_50_random/02958343/58569e7feac27d3e5da8146fec888d45/r_16",
            "rotation": 0.12566370614359174,
            "transform_matrix": [
                [
                    -0.23165525496006012,
                    0.9334022402763367,
                    0.2740364968776703,
                    1.1046764850616455
                ],
                [
                    0.9727979898452759,
                    0.2222738265991211,
                    0.06525711715221405,
                    0.2630598545074463
                ],
                [
                    0.0,
                    0.28169915080070496,
                    -0.9595026969909668,
                    -3.8678791522979736
                ],
                [
                    0.0,
                    0.0,
                    0.0,
                    1.0
                ]
            ]
        },
        {
            "file_path": "/data/shapenet_blender/all_50_random/02958343/58569e7feac27d3e5da8146fec888d45/r_17",
            "rotation": 0.12566370614359174,
            "transform_matrix": [
                [
                    -0.08655895292758942,
                    -0.4926169216632843,
                    0.8659307360649109,
                    3.490678548812866
                ],
                [
                    0.9962468147277832,
                    -0.04280104860663414,
                    0.07523643970489502,
                    0.3032878041267395
                ],
                [
                    0.0,
                    0.8691930770874023,
                    0.49447280168533325,
                    1.9932836294174194
                ],
                [
                    0.0,
                    0.0,
                    0.0,
                    1.0
                ]
            ]
        },
        {
            "file_path": "/data/shapenet_blender/all_50_random/02958343/58569e7feac27d3e5da8146fec888d45/r_18",
            "rotation": 0.12566370614359174,
            "transform_matrix": [
                [
                    0.31433260440826416,
                    0.45181697607040405,
                    0.8348990082740784,
                    3.3655855655670166
                ],
                [
                    0.9493128657341003,
                    -0.14960378408432007,
                    -0.2764483392238617,
                    -1.1143989562988281
                ],
                [
                    7.450580596923828e-09,
                    0.8794770836830139,
                    -0.4759410619735718,
                    -1.9185798168182373
                ],
                [
                    0.0,
                    0.0,
                    0.0,
                    1.0
                ]
            ]
        },
        {
            "file_path": "/data/shapenet_blender/all_50_random/02958343/58569e7feac27d3e5da8146fec888d45/r_19",
            "rotation": 0.12566370614359174,
            "transform_matrix": [
                [
                    -0.9467146396636963,
                    -0.20200856029987335,
                    -0.25084659457206726,
                    -1.0111949443817139
                ],
                [
                    -0.32207369804382324,
                    0.5937910079956055,
                    0.7373471856117249,
                    2.972341537475586
                ],
                [
                    1.4901161193847656e-08,
                    0.7788483500480652,
                    -0.6272122263908386,
                    -2.5283732414245605
                ],
                [
                    0.0,
                    0.0,
                    0.0,
                    1.0
                ]
            ]
        },
        {
            "file_path": "/data/shapenet_blender/all_50_random/02958343/58569e7feac27d3e5da8146fec888d45/r_20",
            "rotation": 0.12566370614359174,
            "transform_matrix": [
                [
                    -0.028014883399009705,
                    0.8815194368362427,
                    -0.47131574153900146,
                    -1.8999346494674683
                ],
                [
                    -0.999607503414154,
                    -0.02470535971224308,
                    0.01320903841406107,
                    0.05324734002351761
                ],
                [
                    -9.313225746154785e-10,
                    0.47150084376335144,
                    0.8818655610084534,
                    3.5549139976501465
                ],
                [
                    0.0,
                    0.0,
                    0.0,
                    1.0
                ]
            ]
        },
        {
            "file_path": "/data/shapenet_blender/all_50_random/02958343/58569e7feac27d3e5da8146fec888d45/r_21",
            "rotation": 0.12566370614359174,
            "transform_matrix": [
                [
                    0.9781478047370911,
                    0.18758009374141693,
                    0.08966872096061707,
                    0.3614661693572998
                ],
                [
                    0.20791049301624298,
                    -0.8825002908706665,
                    -0.4218607246875763,
                    -1.7005749940872192
                ],
                [
                    -7.450580152834618e-09,
                    0.43128523230552673,
                    -0.9022156000137329,
                    -3.6369473934173584
                ],
                [
                    0.0,
                    0.0,
                    0.0,
                    1.0
                ]
            ]
        },
        {
            "file_path": "/data/shapenet_blender/all_50_random/02958343/58569e7feac27d3e5da8146fec888d45/r_22",
            "rotation": 0.12566370614359174,
            "transform_matrix": [
                [
                    -0.492849200963974,
                    0.02851959504187107,
                    -0.8696471452713013,
                    -3.505660057067871
                ],
                [
                    -0.8701146841049194,
                    -0.016154028475284576,
                    0.49258437752723694,
                    1.9856712818145752
                ],
                [
                    1.862645149230957e-09,
                    0.9994625449180603,
                    0.03277682140469551,
                    0.13212761282920837
                ],
                [
                    0.0,
                    0.0,
                    0.0,
                    1.0
                ]
            ]
        },
        {
            "file_path": "/data/shapenet_blender/all_50_random/02958343/58569e7feac27d3e5da8146fec888d45/r_23",
            "rotation": 0.12566370614359174,
            "transform_matrix": [
                [
                    -0.16999293863773346,
                    0.41879892349243164,
                    0.8920257091522217,
                    3.5958707332611084
                ],
                [
                    0.9854453802108765,
                    0.07224434614181519,
                    0.15387770533561707,
                    0.6203008890151978
                ],
                [
                    7.450581485102248e-09,
                    0.9052006006240845,
                    -0.4249844551086426,
                    -1.7131671905517578
                ],
                [
                    0.0,
                    0.0,
                    0.0,
                    1.0
                ]
            ]
        },
        {
            "file_path": "/data/shapenet_blender/all_50_random/02958343/58569e7feac27d3e5da8146fec888d45/r_24",
            "rotation": 0.12566370614359174,
            "transform_matrix": [
                [
                    0.03052409738302231,
                    -0.6499151587486267,
                    0.7593935132026672,
                    3.061213493347168
                ],
                [
                    0.9995339512825012,
                    0.019847322255373,
                    -0.023190608248114586,
                    -0.09348434209823608
                ],
                [
                    9.313225191043273e-10,
                    0.7597475647926331,
                    0.6502180695533752,
                    2.6211130619049072
                ],
                [
                    0.0,
                    0.0,
                    0.0,
                    1.0
                ]
            ]
        },
        {
            "file_path": "/data/shapenet_blender/all_50_random/02958343/58569e7feac27d3e5da8146fec888d45/r_25",
            "rotation": 0.12566370614359174,
            "transform_matrix": [
                [
                    -0.9815158247947693,
                    0.00935657974332571,
                    -0.19115228950977325,
                    -0.770559549331665
                ],
                [
                    -0.19138117134571075,
                    -0.04798607528209686,
                    0.9803420305252075,
                    3.951885223388672
                ],
                [
                    0.0,
                    0.9988041520118713,
                    0.04888975992798805,
                    0.19708092510700226
                ],
                [
                    0.0,
                    0.0,
                    0.0,
                    1.0
                ]
            ]
        },
        {
            "file_path": "/data/shapenet_blender/all_50_random/02958343/58569e7feac27d3e5da8146fec888d45/r_26",
            "rotation": 0.12566370614359174,
            "transform_matrix": [
                [
                    -0.9768107533454895,
                    -0.024831678718328476,
                    -0.2126595824956894,
                    -0.8572580814361572
                ],
                [
                    -0.21410442888736725,
                    0.11328981816768646,
                    0.9702189564704895,
                    3.9110772609710693
                ],
                [
                    0.0,
                    0.993251621723175,
                    -0.11597929894924164,
                    -0.46752744913101196
                ],
                [
                    0.0,
                    0.0,
                    0.0,
                    1.0
                ]
            ]
        },
        {
            "file_path": "/data/shapenet_blender/all_50_random/02958343/58569e7feac27d3e5da8146fec888d45/r_27",
            "rotation": 0.12566370614359174,
            "transform_matrix": [
                [
                    0.6884675025939941,
                    -0.23101180791854858,
                    -0.6874926090240479,
                    -2.771371364593506
                ],
                [
                    -0.7252672910690308,
                    -0.2192903459072113,
                    -0.6526094675064087,
                    -2.6307528018951416
                ],
                [
                    0.0,
                    0.9479161500930786,
                    -0.31851959228515625,
                    -1.2839934825897217
                ],
                [
                    0.0,
                    0.0,
                    0.0,
                    1.0
                ]
            ]
        },
        {
            "file_path": "/data/shapenet_blender/all_50_random/02958343/58569e7feac27d3e5da8146fec888d45/r_28",
            "rotation": 0.12566370614359174,
            "transform_matrix": [
                [
                    0.7559052109718323,
                    0.004516939632594585,
                    0.654665470123291,
                    2.639040946960449
                ],
                [
                    0.6546810865402222,
                    -0.0052153305150568485,
                    -0.7558872103691101,
                    -3.047078847885132
                ],
                [
                    -2.3283064365386963e-10,
                    0.9999762177467346,
                    -0.006899449974298477,
                    -0.027812572196125984
                ],
                [
                    0.0,
                    0.0,
                    0.0,
                    1.0
                ]
            ]
        },
        {
            "file_path": "/data/shapenet_blender/all_50_random/02958343/58569e7feac27d3e5da8146fec888d45/r_29",
            "rotation": 0.12566370614359174,
            "transform_matrix": [
                [
                    -0.6099397540092468,
                    -0.465986967086792,
                    -0.6409599184989929,
                    -2.583792209625244
                ],
                [
                    -0.7924479246139526,
                    0.3586658239364624,
                    0.4933408796787262,
                    1.9887207746505737
                ],
                [
                    0.0,
                    0.8088354468345642,
                    -0.5880348682403564,
                    -2.3704445362091064
                ],
                [
                    0.0,
                    0.0,
                    0.0,
                    1.0
                ]
            ]
        },
        {
            "file_path": "/data/shapenet_blender/all_50_random/02958343/58569e7feac27d3e5da8146fec888d45/r_30",
            "rotation": 0.12566370614359174,
            "transform_matrix": [
                [
                    0.9999781847000122,
                    0.0031194272451102734,
                    -0.005831035319715738,
                    -0.02350565791130066
                ],
                [
                    -0.0066130030900239944,
                    0.47170084714889526,
                    -0.8817337155342102,
                    -3.554382801055908
                ],
                [
                    0.0,
                    0.8817529678344727,
                    0.4717111587524414,
                    1.9015287160873413
                ],
                [
                    0.0,
                    0.0,
                    0.0,
                    1.0
                ]
            ]
        },
        {
            "file_path": "/data/shapenet_blender/all_50_random/02958343/58569e7feac27d3e5da8146fec888d45/r_31",
            "rotation": 0.12566370614359174,
            "transform_matrix": [
                [
                    0.5685014724731445,
                    -0.4125332832336426,
                    0.7117740511894226,
                    2.869252920150757
                ],
                [
                    0.8226822018623352,
                    0.2850745618343353,
                    -0.49186018109321594,
                    -1.9827518463134766
                ],
                [
                    1.4901161193847656e-08,
                    0.8651870489120483,
                    0.5014491677284241,
                    2.0214061737060547
                ],
                [
                    0.0,
                    0.0,
                    0.0,
                    1.0
                ]
            ]
        },
        {
            "file_path": "/data/shapenet_blender/all_50_random/02958343/58569e7feac27d3e5da8146fec888d45/r_32",
            "rotation": 0.12566370614359174,
            "transform_matrix": [
                [
                    -0.9471874833106995,
                    0.2582634687423706,
                    0.19009466469287872,
                    0.7662960886955261
                ],
                [
                    0.32068052887916565,
                    0.762827455997467,
                    0.5614786744117737,
                    2.263392925262451
                ],
                [
                    0.0,
                    0.5927852392196655,
                    -0.8053606152534485,
                    -3.2465124130249023
                ],
                [
                    0.0,
                    0.0,
                    0.0,
                    1.0
                ]
            ]
        },
        {
            "file_path": "/data/shapenet_blender/all_50_random/02958343/58569e7feac27d3e5da8146fec888d45/r_33",
            "rotation": 0.12566370614359174,
            "transform_matrix": [
                [
                    -0.26638156175613403,
                    -0.7167430520057678,
                    0.6444534063339233,
                    2.597874879837036
                ],
                [
                    0.9638676643371582,
                    -0.19808438420295715,
                    0.178105890750885,
                    0.7179678082466125
                ],
                [
                    -1.4901161193847656e-08,
                    0.6686118841171265,
                    0.7436115145683289,
                    2.997593879699707
                ],
                [
                    0.0,
                    0.0,
                    0.0,
                    1.0
                ]
            ]
        },
        {
            "file_path": "/data/shapenet_blender/all_50_random/02958343/58569e7feac27d3e5da8146fec888d45/r_34",
            "rotation": 0.12566370614359174,
            "transform_matrix": [
                [
                    0.8412477970123291,
                    -0.022477440536022186,
                    0.54018235206604,
                    2.1775448322296143
                ],
                [
                    0.5406498908996582,
                    0.034974753856658936,
                    -0.8405203223228455,
                    -3.3882460594177246
                ],
                [
                    0.0,
                    0.9991353154182434,
                    0.041574858129024506,
                    0.16759362816810608
                ],
                [
                    0.0,
                    0.0,
                    0.0,
                    1.0
                ]
            ]
        },
        {
            "file_path": "/data/shapenet_blender/all_50_random/02958343/58569e7feac27d3e5da8146fec888d45/r_35",
            "rotation": 0.12566370614359174,
            "transform_matrix": [
                [
                    -0.3844936192035675,
                    0.2880105972290039,
                    -0.8770487308502197,
                    -3.535496711730957
                ],
                [
                    -0.9231276512145996,
                    -0.11995983123779297,
                    0.3653011918067932,
                    1.472576379776001
                ],
                [
                    0.0,
                    0.95008385181427,
                    0.311994343996048,
                    1.2576895952224731
                ],
                [
                    0.0,
                    0.0,
                    0.0,
                    1.0
                ]
            ]
        },
        {
            "file_path": "/data/shapenet_blender/all_50_random/02958343/58569e7feac27d3e5da8146fec888d45/r_36",
            "rotation": 0.12566370614359174,
            "transform_matrix": [
                [
                    -0.9639061093330383,
                    -0.13011538982391357,
                    0.23228228092193604,
                    0.9363598823547363
                ],
                [
                    0.26624250411987305,
                    -0.4710705578327179,
                    0.8409562110900879,
                    3.390003204345703
                ],
                [
                    0.0,
                    0.8724462389945984,
                    0.4887100160121918,
                    1.9700531959533691
                ],
                [
                    0.0,
                    0.0,
                    0.0,
                    1.0
                ]
            ]
        },
        {
            "file_path": "/data/shapenet_blender/all_50_random/02958343/58569e7feac27d3e5da8146fec888d45/r_37",
            "rotation": 0.12566370614359174,
            "transform_matrix": [
                [
                    0.7504886984825134,
                    -0.1629328429698944,
                    0.6404839158058167,
                    2.5818731784820557
                ],
                [
                    0.6608832478523254,
                    0.1850239485502243,
                    -0.7273234128952026,
                    -2.931934356689453
                ],
                [
                    7.450580596923828e-09,
                    0.9691330194473267,
                    0.24653799831867218,
                    0.9938264489173889
                ],
                [
                    0.0,
                    0.0,
                    0.0,
                    1.0
                ]
            ]
        },
        {
            "file_path": "/data/shapenet_blender/all_50_random/02958343/58569e7feac27d3e5da8146fec888d45/r_38",
            "rotation": 0.12566370614359174,
            "transform_matrix": [
                [
                    0.6486088633537292,
                    0.12285154312849045,
                    -0.7511417269706726,
                    -3.027949333190918
                ],
                [
                    -0.7611218690872192,
                    0.10469099134206772,
                    -0.6401040554046631,
                    -2.5803422927856445
                ],
                [
                    0.0,
                    0.9868877530097961,
                    0.16140848398208618,
                    0.6506584882736206
                ],
                [
                    0.0,
                    0.0,
                    0.0,
                    1.0
                ]
            ]
        },
        {
            "file_path": "/data/shapenet_blender/all_50_random/02958343/58569e7feac27d3e5da8146fec888d45/r_39",
            "rotation": 0.12566370614359174,
            "transform_matrix": [
                [
                    0.9218351244926453,
                    -0.18580080568790436,
                    -0.3401441276073456,
                    -1.3711647987365723
                ],
                [
                    -0.3875821530818939,
                    -0.44191327691078186,
                    -0.8090072870254517,
                    -3.2612125873565674
                ],
                [
                    0.0,
                    0.877605140209198,
                    -0.47938427329063416,
                    -1.932459831237793
                ],
                [
                    0.0,
                    0.0,
                    0.0,
                    1.0
                ]
            ]
        },
        {
            "file_path": "/data/shapenet_blender/all_50_random/02958343/58569e7feac27d3e5da8146fec888d45/r_40",
            "rotation": 0.12566370614359174,
            "transform_matrix": [
                [
                    0.3592333197593689,
                    -0.45260313153266907,
                    0.8161506056785583,
                    3.290008306503296
                ],
                [
                    0.9332478046417236,
                    0.17421968281269073,
                    -0.3141593337059021,
                    -1.2664167881011963
                ],
                [
                    0.0,
                    0.8745272755622864,
                    0.4849763810634613,
                    1.9550023078918457
                ],
                [
                    0.0,
                    0.0,
                    0.0,
                    1.0
                ]
            ]
        },
        {
            "file_path": "/data/shapenet_blender/all_50_random/02958343/58569e7feac27d3e5da8146fec888d45/r_41",
            "rotation": 0.12566370614359174,
            "transform_matrix": [
                [
                    -0.15093807876110077,
                    0.2776075303554535,
                    -0.9487632513046265,
                    -3.824587106704712
                ],
                [
                    -0.9885432124137878,
                    -0.04238716885447502,
                    0.14486418664455414,
                    0.5839661955833435
                ],
                [
                    0.0,
