{
    "class": "02958343",
    "model": "16bd0438de54fc91b1bb46d2556ba67d",
    "remove_doubles": true,
    "edge_split": true,
    "denoise": true,
    "camera_angle_x": 0.6911112070083618,
    "scale_factor": 2.2926813203061553,
    "hdri_file": "/data/IndoorHDRDataset2018/9C4A9589-9886285a68.exr",
    "center_offset": [
        0.0,
        -9.313225746154785e-10,
        -9.313225746154785e-10
    ],
    "lights": [],
    "frames": [
        {
            "file_path": "/data/shapenet_blender/all_50_random/02958343/16bd0438de54fc91b1bb46d2556ba67d/r_0",
            "rotation": 0.12566370614359174,
            "transform_matrix": [
                [
                    -0.9697287678718567,
                    0.1379232108592987,
                    -0.20150239765644073,
                    -0.812282145023346
                ],
                [
                    -0.24418440461158752,
                    -0.5477340221405029,
                    0.8002258539199829,
                    3.225813627243042
                ],
                [
                    0.0,
                    0.8252058625221252,
                    0.5648321509361267,
                    2.2769112586975098
                ],
                [
                    0.0,
                    0.0,
                    0.0,
                    1.0
                ]
            ]
        },
        {
            "file_path": "/data/shapenet_blender/all_50_random/02958343/16bd0438de54fc91b1bb46d2556ba67d/r_1",
            "rotation": 0.12566370614359174,
            "transform_matrix": [
                [
                    0.021278180181980133,
                    0.6789256930351257,
                    0.7338985204696655,
                    2.958439826965332
                ],
                [
                    0.9997736215591431,
                    -0.01444957498461008,
                    -0.015619562938809395,
                    -0.06296447664499283
                ],
                [
                    -9.313225746154785e-10,
                    0.7340648174285889,
                    -0.6790793538093567,
                    -2.7374565601348877
                ],
                [
                    0.0,
                    0.0,
                    0.0,
                    1.0
                ]
            ]
        },
        {
            "file_path": "/data/shapenet_blender/all_50_random/02958343/16bd0438de54fc91b1bb46d2556ba67d/r_2",
            "rotation": 0.12566370614359174,
            "transform_matrix": [
                [
                    0.17191378772258759,
                    0.5237181186676025,
                    0.8343650102615356,
                    3.3634328842163086
                ],
                [
                    0.9851120710372925,
                    -0.0913950502872467,
                    -0.1456066370010376,
                    -0.5869591236114502
                ],
                [
                    0.0,
                    0.8469747304916382,
                    -0.5316330790519714,
                    -2.1430814266204834
                ],
                [
                    0.0,
                    0.0,
                    0.0,
                    1.0
                ]
            ]
        },
        {
            "file_path": "/data/shapenet_blender/all_50_random/02958343/16bd0438de54fc91b1bb46d2556ba67d/r_3",
            "rotation": 0.12566370614359174,
            "transform_matrix": [
                [
                    -0.7476750016212463,
                    0.5440508127212524,
                    -0.3807765543460846,
                    -1.5349595546722412
                ],
                [
                    -0.6640648245811462,
                    -0.6125504374504089,
                    0.42871883511543274,
                    1.72822105884552
                ],
                [
                    -1.4901161193847656e-08,
                    0.5734027028083801,
                    0.8192735910415649,
                    3.302597761154175
                ],
                [
                    0.0,
                    0.0,
                    0.0,
                    1.0
                ]
            ]
        },
        {
            "file_path": "/data/shapenet_blender/all_50_random/02958343/16bd0438de54fc91b1bb46d2556ba67d/r_4",
            "rotation": 0.12566370614359174,
            "transform_matrix": [
                [
                    0.9993157982826233,
                    0.030241727828979492,
                    -0.02129431441426277,
                    -0.0858401283621788
                ],
                [
                    -0.03698661923408508,
                    0.8170801997184753,
                    -0.5753362774848938,
                    -2.3192546367645264
                ],
                [
                    -1.862645149230957e-09,
                    0.5757302045822144,
                    0.8176397085189819,
                    3.296010971069336
                ],
                [
                    0.0,
                    0.0,
                    0.0,
                    1.0
                ]
            ]
        },
        {
            "file_path": "/data/shapenet_blender/all_50_random/02958343/16bd0438de54fc91b1bb46d2556ba67d/r_5",
            "rotation": 0.12566370614359174,
            "transform_matrix": [
                [
                    0.23154345154762268,
                    0.06550366431474686,
                    0.9706167578697205,
                    3.9126813411712646
                ],
                [
                    0.9728246331214905,
                    -0.015590625815093517,
                    -0.23101794719696045,
                    -0.9312631487846375
                ],
                [
                    9.31322685637781e-10,
                    0.9977304935455322,
                    -0.06733348220586777,
                    -0.27142995595932007
                ],
                [
                    0.0,
                    0.0,
                    0.0,
                    1.0
                ]
            ]
        },
        {
            "file_path": "/data/shapenet_blender/all_50_random/02958343/16bd0438de54fc91b1bb46d2556ba67d/r_6",
            "rotation": 0.12566370614359174,
            "transform_matrix": [
                [
                    -0.07018639147281647,
                    -0.07168728113174438,
                    0.9949547052383423,
                    4.010790824890137
                ],
                [
                    0.9975338578224182,
                    -0.005043910816311836,
                    0.07000492513179779,
                    0.28219887614250183
                ],
                [
                    0.0,
                    0.9974144101142883,
                    0.07186450809240341,
                    0.2896950840950012
                ],
                [
                    0.0,
                    0.0,
                    0.0,
                    1.0
                ]
            ]
        },
        {
            "file_path": "/data/shapenet_blender/all_50_random/02958343/16bd0438de54fc91b1bb46d2556ba67d/r_7",
            "rotation": 0.12566370614359174,
            "transform_matrix": [
                [
                    0.5993609428405762,
                    -0.10922694951295853,
                    0.7929917573928833,
                    3.1966516971588135
                ],
                [
                    0.8004788160324097,
                    0.08178400993347168,
                    -0.5937550067901611,
                    -2.393502712249756
                ],
                [
                    7.450580152834618e-09,
                    0.9906466007232666,
                    0.13645203411579132,
                    0.5500556826591492
                ],
                [
                    0.0,
                    0.0,
                    0.0,
                    1.0
                ]
            ]
        },
        {
            "file_path": "/data/shapenet_blender/all_50_random/02958343/16bd0438de54fc91b1bb46d2556ba67d/r_8",
            "rotation": 0.12566370614359174,
            "transform_matrix": [
                [
                    -0.9397224187850952,
                    0.09630268067121506,
                    0.3280966877937317,
                    1.3226001262664795
                ],
                [
                    0.3419380784034729,
                    0.2646613121032715,
                    0.9016830921173096,
                    3.6348013877868652
                ],
                [
                    7.450580152834618e-09,
                    0.9595208764076233,
                    -0.28163766860961914,
                    -1.1353179216384888
                ],
                [
                    0.0,
                    0.0,
                    0.0,
                    1.0
                ]
            ]
        },
        {
            "file_path": "/data/shapenet_blender/all_50_random/02958343/16bd0438de54fc91b1bb46d2556ba67d/r_9",
            "rotation": 0.12566370614359174,
            "transform_matrix": [
                [
                    -0.7338277101516724,
                    -0.04292595013976097,
                    0.6779780387878418,
                    2.7330172061920166
                ],
                [
                    0.6793357133865356,
                    -0.046369198709726334,
                    0.7323611378669739,
                    2.952242374420166
                ],
                [
                    0.0,
                    0.9980015754699707,
                    0.06318812072277069,
                    0.25471949577331543
                ],
                [
                    0.0,
                    0.0,
                    0.0,
                    1.0
                ]
            ]
        },
        {
            "file_path": "/data/shapenet_blender/all_50_random/02958343/16bd0438de54fc91b1bb46d2556ba67d/r_10",
            "rotation": 0.12566370614359174,
            "transform_matrix": [
                [
                    -0.7136081457138062,
                    0.05162014812231064,
                    -0.6986405849456787,
                    -2.816310405731201
                ],
                [
                    -0.7005450129508972,
                    -0.052582718431949615,
                    0.7116681933403015,
                    2.868826389312744
                ],
                [
                    -3.725290076417309e-09,
                    0.9972814321517944,
                    0.07368569821119308,
                    0.2970365881919861
                ],
                [
                    0.0,
                    0.0,
                    0.0,
                    1.0
                ]
            ]
        },
        {
            "file_path": "/data/shapenet_blender/all_50_random/02958343/16bd0438de54fc91b1bb46d2556ba67d/r_11",
            "rotation": 0.12566370614359174,
            "transform_matrix": [
                [
                    -0.31559523940086365,
                    0.2465423047542572,
                    -0.9163058400154114,
                    -3.6937472820281982
                ],
                [
                    -0.9488939642906189,
                    -0.08199818432331085,
                    0.30475667119026184,
                    1.2285135984420776
                ],
                [
                    0.0,
                    0.9656568169593811,
                    0.25982069969177246,
                    1.0473709106445312
                ],
                [
                    0.0,
                    0.0,
                    0.0,
                    1.0
                ]
            ]
        },
        {
            "file_path": "/data/shapenet_blender/all_50_random/02958343/16bd0438de54fc91b1bb46d2556ba67d/r_12",
            "rotation": 0.12566370614359174,
            "transform_matrix": [
                [
                    0.3854360282421112,
                    0.5765969157218933,
                    0.7203992009162903,
                    2.904022216796875
                ],
                [
                    0.9227345585823059,
                    -0.24085065722465515,
                    -0.3009184002876282,
                    -1.2130409479141235
                ],
                [
                    -1.4901160305669237e-08,
                    0.7807221412658691,
                    -0.6248783469200134,
                    -2.518965482711792
                ],
                [
                    0.0,
                    0.0,
                    0.0,
                    1.0
                ]
            ]
        },
        {
            "file_path": "/data/shapenet_blender/all_50_random/02958343/16bd0438de54fc91b1bb46d2556ba67d/r_13",
            "rotation": 0.12566370614359174,
            "transform_matrix": [
                [
                    0.376877099275589,
                    0.04532725363969803,
                    0.9251534938812256,
                    3.7294132709503174
                ],
                [
                    0.9262633323669434,
                    -0.018442707136273384,
                    -0.37642550468444824,
                    -1.5174198150634766
                ],
                [
                    1.862645149230957e-09,
                    0.9988018870353699,
                    -0.04893560707569122,
                    -0.19726575911045074
                ],
                [
                    0.0,
                    0.0,
                    0.0,
                    1.0
                ]
            ]
        },
        {
            "file_path": "/data/shapenet_blender/all_50_random/02958343/16bd0438de54fc91b1bb46d2556ba67d/r_14",
            "rotation": 0.12566370614359174,
            "transform_matrix": [
                [
                    0.16091373562812805,
                    -0.9744165539741516,
                    0.15690462291240692,
                    0.6325027942657471
                ],
                [
                    0.9869685173034668,
                    0.15886729955673218,
                    -0.02558147720992565,
                    -0.10312223434448242
                ],
                [
                    0.0,
                    0.15897612273693085,
                    0.987282395362854,
                    3.979862689971924
                ],
                [
                    0.0,
                    0.0,
                    0.0,
                    1.0
                ]
            ]
        },
        {
            "file_path": "/data/shapenet_blender/all_50_random/02958343/16bd0438de54fc91b1bb46d2556ba67d/r_15",
            "rotation": 0.12566370614359174,
            "transform_matrix": [
                [
                    -0.5505549311637878,
                    -0.022435085847973824,
                    0.8344973921775818,
                    3.363966226577759
                ],
                [
                    0.8347988128662109,
                    -0.014796078205108643,
                    0.5503562092781067,
                    2.2185566425323486
                ],
                [
                    0.0,
                    0.9996388554573059,
                    0.02687484212219715,
                    0.108335942029953
                ],
                [
                    0.0,
                    0.0,
                    0.0,
                    1.0
                ]
            ]
        },
        {
            "file_path": "/data/shapenet_blender/all_50_random/02958343/16bd0438de54fc91b1bb46d2556ba67d/r_16",
            "rotation": 0.12566370614359174,
            "transform_matrix": [
                [
                    -0.3152514398097992,
                    0.8943033218383789,
                    0.3175501525402069,
                    1.2800856828689575
                ],
                [
                    0.9490081667900085,
                    0.29707902669906616,
                    0.10548713803291321,
                    0.42523229122161865
                ],
                [
                    7.450580596923828e-09,
                    0.3346126675605774,
                    -0.9423556327819824,
                    -3.798757314682007
                ],
                [
                    0.0,
                    0.0,
                    0.0,
                    1.0
                ]
            ]
        },
        {
            "file_path": "/data/shapenet_blender/all_50_random/02958343/16bd0438de54fc91b1bb46d2556ba67d/r_17",
            "rotation": 0.12566370614359174,
            "transform_matrix": [
                [
                    0.959204912185669,
                    0.05612826719880104,
                    -0.2770839333534241,
                    -1.1169610023498535
                ],
                [
                    -0.2827116549015045,
                    0.19043610990047455,
                    -0.9401107430458069,
                    -3.789707660675049
                ],
                [
                    0.0,
                    0.9800937175750732,
                    0.19853538274765015,
                    0.8003216981887817
                ],
                [
                    0.0,
                    0.0,
                    0.0,
                    1.0
                ]
            ]
        },
        {
            "file_path": "/data/shapenet_blender/all_50_random/02958343/16bd0438de54fc91b1bb46d2556ba67d/r_18",
            "rotation": 0.12566370614359174,
            "transform_matrix": [
                [
                    -0.8240922689437866,
                    -0.12666383385658264,
                    -0.5521124601364136,
                    -2.2256364822387695
                ],
                [
                    -0.5664555430412292,
                    0.1842733919620514,
                    0.803225576877594,
                    3.237905979156494
                ],
                [
                    0.0,
                    0.9746791124343872,
                    -0.22360773384571075,
                    -0.9013916254043579
                ],
                [
                    0.0,
                    0.0,
                    0.0,
                    1.0
                ]
            ]
        },
        {
            "file_path": "/data/shapenet_blender/all_50_random/02958343/16bd0438de54fc91b1bb46d2556ba67d/r_19",
            "rotation": 0.12566370614359174,
            "transform_matrix": [
                [
                    0.9943441152572632,
                    0.07493467628955841,
                    -0.07526363432407379,
                    -0.30339741706848145
                ],
                [
                    -0.10620652139186859,
                    0.7015658020973206,
                    -0.7046456336975098,
                    -2.840517520904541
                ],
                [
                    -3.725290742551124e-09,
                    0.7086536288261414,
                    0.7055564522743225,
                    2.844188928604126
                ],
                [
                    0.0,
                    0.0,
                    0.0,
                    1.0
                ]
            ]
        },
        {
            "file_path": "/data/shapenet_blender/all_50_random/02958343/16bd0438de54fc91b1bb46d2556ba67d/r_20",
            "rotation": 0.12566370614359174,
            "transform_matrix": [
                [
                    0.9674059152603149,
                    0.17478524148464203,
                    0.1832374483346939,
                    0.7386537790298462
                ],
                [
                    0.25323083996772766,
                    -0.6677238941192627,
                    -0.7000135183334351,
                    -2.8218448162078857
                ],
                [
                    -1.4901162970204496e-08,
                    0.7235985398292542,
                    -0.6902210712432861,
                    -2.782370090484619
                ],
                [
                    0.0,
                    0.0,
                    0.0,
                    1.0
                ]
            ]
        },
        {
            "file_path": "/data/shapenet_blender/all_50_random/02958343/16bd0438de54fc91b1bb46d2556ba67d/r_21",
            "rotation": 0.12566370614359174,
            "transform_matrix": [
                [
                    0.7525061368942261,
                    0.0829496756196022,
                    -0.6533403992652893,
                    -2.633699655532837
                ],
                [
                    -0.6585850715637207,
                    0.09477915614843369,
                    -0.7465134859085083,
                    -3.0092923641204834
                ],
                [
                    0.0,
                    0.9920363426208496,
                    0.12595131993293762,
                    0.5077260732650757
                ],
                [
                    0.0,
                    0.0,
                    0.0,
                    1.0
                ]
            ]
        },
        {
            "file_path": "/data/shapenet_blender/all_50_random/02958343/16bd0438de54fc91b1bb46d2556ba67d/r_22",
            "rotation": 0.12566370614359174,
            "transform_matrix": [
                [
                    0.5678437352180481,
                    0.2925929129123688,
                    -0.769378125667572,
                    -3.1014626026153564
                ],
                [
                    -0.8231362104415894,
                    0.20184637606143951,
                    -0.5307585000991821,
                    -2.1395561695098877
                ],
                [
                    0.0,
                    0.9346911907196045,
                    0.3554610013961792,
                    1.4329092502593994
                ],
                [
                    0.0,
                    0.0,
                    0.0,
                    1.0
                ]
            ]
        },
        {
            "file_path": "/data/shapenet_blender/all_50_random/02958343/16bd0438de54fc91b1bb46d2556ba67d/r_23",
            "rotation": 0.12566370614359174,
            "transform_matrix": [
                [
                    0.8457911014556885,
                    -0.1479841023683548,
                    -0.5125799179077148,
                    -2.0662760734558105
                ],
                [
                    -0.5335143804550171,
                    -0.234602153301239,
                    -0.8126032948493958,
                    -3.2757089138031006
                ],
                [
                    1.4901162970204496e-08,
                    0.9607614278793335,
                    -0.2773759961128235,
                    -1.1181385517120361
                ],
                [
                    0.0,
                    0.0,
                    0.0,
                    1.0
                ]
            ]
        },
        {
            "file_path": "/data/shapenet_blender/all_50_random/02958343/16bd0438de54fc91b1bb46d2556ba67d/r_24",
            "rotation": 0.12566370614359174,
            "transform_matrix": [
                [
                    -0.7406692504882812,
                    -0.30435341596603394,
                    -0.5989808440208435,
                    -2.4145689010620117
                ],
                [
                    -0.6718698143959045,
                    0.3355191946029663,
                    0.6603164672851562,
                    2.661820888519287
                ],
                [
                    0.0,
                    0.8915132880210876,
                    -0.45299461483955383,
                    -1.8260797262191772
                ],
                [
                    0.0,
                    0.0,
                    0.0,
                    1.0
                ]
            ]
        },
        {
            "file_path": "/data/shapenet_blender/all_50_random/02958343/16bd0438de54fc91b1bb46d2556ba67d/r_25",
            "rotation": 0.12566370614359174,
            "transform_matrix": [
                [
                    -0.5894246101379395,
                    0.7378291487693787,
                    -0.328917533159256,
                    -1.32590913772583
                ],
                [
                    -0.8078233599662781,
                    -0.538353681564331,
                    0.23999318480491638,
                    0.967443585395813
                ],
                [
                    0.0,
                    0.4071652591228485,
                    0.9133543968200684,
                    3.681849718093872
                ],
                [
                    0.0,
                    0.0,
                    0.0,
                    1.0
                ]
            ]
        },
        {
            "file_path": "/data/shapenet_blender/all_50_random/02958343/16bd0438de54fc91b1bb46d2556ba67d/r_26",
            "rotation": 0.12566370614359174,
            "transform_matrix": [
                [
                    0.2875368595123291,
                    0.24926303327083588,
                    0.9247651696205139,
                    3.727847099304199
                ],
                [
                    0.9577695727348328,
                    -0.07483252137899399,
                    -0.27762845158576965,
                    -1.119156002998352
                ],
                [
                    0.0,
                    0.9655402898788452,
                    -0.2602536678314209,
                    -1.0491160154342651
                ],
                [
                    0.0,
                    0.0,
                    0.0,
                    1.0
                ]
            ]
        },
        {
            "file_path": "/data/shapenet_blender/all_50_random/02958343/16bd0438de54fc91b1bb46d2556ba67d/r_27",
            "rotation": 0.12566370614359174,
            "transform_matrix": [
                [
                    -0.8661651015281677,
                    0.011663819663226604,
                    -0.49962183833122253,
                    -2.014039993286133
                ],
                [
                    -0.49975791573524475,
                    -0.02021537348628044,
                    0.8659291863441467,
                    3.4906721115112305
                ],
                [
                    -9.313224635931761e-10,
                    0.9997276067733765,
                    0.023338938131928444,
                    0.09408226609230042
                ],
                [
                    0.0,
                    0.0,
                    0.0,
                    1.0
                ]
            ]
        },
        {
            "file_path": "/data/shapenet_blender/all_50_random/02958343/16bd0438de54fc91b1bb46d2556ba67d/r_28",
            "rotation": 0.12566370614359174,
            "transform_matrix": [
                [
                    0.3894757926464081,
                    -0.6204031109809875,
                    0.6807410717010498,
                    2.744155168533325
                ],
                [
                    0.9210367798805237,
                    0.2623478174209595,
                    -0.28786271810531616,
                    -1.1604118347167969
                ],
                [
                    0.0,
                    0.7391030788421631,
                    0.673592209815979,
                    2.7153372764587402
                ],
                [
                    0.0,
                    0.0,
                    0.0,
                    1.0
                ]
            ]
        },
        {
            "file_path": "/data/shapenet_blender/all_50_random/02958343/16bd0438de54fc91b1bb46d2556ba67d/r_29",
            "rotation": 0.12566370614359174,
            "transform_matrix": [
                [
                    -0.13452348113059998,
                    0.5243614315986633,
                    -0.8408023118972778,
                    -3.3893826007843018
                ],
                [
                    -0.9909104108810425,
                    -0.07118597626686096,
                    0.1141451895236969,
                    0.46013396978378296
                ],
                [
                    0.0,
                    0.8485149145126343,
                    0.529171347618103,
                    2.133157968521118
                ],
                [
                    0.0,
                    0.0,
                    0.0,
                    1.0
                ]
            ]
        },
        {
            "file_path": "/data/shapenet_blender/all_50_random/02958343/16bd0438de54fc91b1bb46d2556ba67d/r_30",
            "rotation": 0.12566370614359174,
            "transform_matrix": [
                [
                    0.2982271909713745,
                    -0.23187164962291718,
                    0.9259028434753418,
                    3.732433795928955
                ],
                [
                    0.9544950127601624,
                    0.07244714349508286,
                    -0.28929373621940613,
                    -1.1661803722381592
                ],
                [
                    0.0,
                    0.9700447916984558,
                    0.24292601644992828,
                    0.9792661070823669
                ],
                [
                    0.0,
                    0.0,
                    0.0,
                    1.0
                ]
            ]
        },
        {
            "file_path": "/data/shapenet_blender/all_50_random/02958343/16bd0438de54fc91b1bb46d2556ba67d/r_31",
            "rotation": 0.12566370614359174,
            "transform_matrix": [
                [
                    0.902476966381073,
                    -0.0191099401563406,
                    0.43031418323516846,
                    1.7346519231796265
                ],
                [
                    0.43073832988739014,
                    0.040038879960775375,
                    -0.9015882611274719,
                    -3.634418487548828
                ],
                [
                    0.0,
                    0.9990153312683105,
                    0.044365547597408295,
                    0.17884324491024017
                ],
                [
                    0.0,
                    0.0,
                    0.0,
                    1.0
                ]
            ]
        },
        {
            "file_path": "/data/shapenet_blender/all_50_random/02958343/16bd0438de54fc91b1bb46d2556ba67d/r_32",
            "rotation": 0.12566370614359174,
            "transform_matrix": [
                [
                    -0.9400074481964111,
                    -0.030130287632346153,
                    0.3398207724094391,
                    1.369861364364624
                ],
                [
                    0.34115391969680786,
                    -0.08302028477191925,
                    0.9363341331481934,
                    3.7744836807250977
                ],
                [
                    0.0,
                    0.9960922598838806,
                    0.08831875026226044,
                    0.35602426528930664
                ],
                [
                    0.0,
                    0.0,
                    0.0,
                    1.0
                ]
            ]
        },
        {
            "file_path": "/data/shapenet_blender/all_50_random/02958343/16bd0438de54fc91b1bb46d2556ba67d/r_33",
            "rotation": 0.12566370614359174,
            "transform_matrix": [
                [
                    -0.9711110591888428,
                    0.18740709125995636,
                    -0.14772213995456696,
                    -0.5954870581626892
                ],
                [
                    -0.2386278212070465,
                    -0.7626650333404541,
                    0.6011645793914795,
                    2.423372268676758
                ],
                [
                    -7.4505797087454084e-09,
                    0.6190482378005981,
                    0.785352885723114,
                    3.1658589839935303
                ],
                [
                    0.0,
                    0.0,
                    0.0,
                    1.0
                ]
            ]
        },
        {
            "file_path": "/data/shapenet_blender/all_50_random/02958343/16bd0438de54fc91b1bb46d2556ba67d/r_34",
            "rotation": 0.12566370614359174,
            "transform_matrix": [
                [
                    0.9528430700302124,
                    -0.28710219264030457,
                    0.09829753637313843,
                    0.39625000953674316
                ],
                [
                    0.30346354842185974,
                    0.9014702439308167,
                    -0.30864375829696655,
                    -1.2441825866699219
                ],
                [
                    0.0,
                    0.3239189088344574,
                    0.9460849761962891,
                    3.8137900829315186
                ],
                [
                    0.0,
                    0.0,
                    0.0,
                    1.0
                ]
            ]
        },
        {
            "file_path": "/data/shapenet_blender/all_50_random/02958343/16bd0438de54fc91b1bb46d2556ba67d/r_35",
            "rotation": 0.12566370614359174,
            "transform_matrix": [
                [
                    -0.9992619752883911,
                    0.006357935722917318,
                    -0.03788392245769501,
                    -0.15271498262882233
                ],
                [
                    -0.03841373696923256,
                    -0.16538988053798676,
                    0.9854798913002014,
                    3.9725964069366455
                ],
                [
                    4.656612873077393e-10,
                    0.9862077832221985,
                    0.1655120551586151,
                    0.6672004461288452
                ],
                [
                    0.0,
                    0.0,
                    0.0,
                    1.0
                ]
            ]
        },
        {
            "file_path": "/data/shapenet_blender/all_50_random/02958343/16bd0438de54fc91b1bb46d2556ba67d/r_36",
            "rotation": 0.12566370614359174,
            "transform_matrix": [
                [
                    -0.90996915102005,
                    -0.0676061287522316,
                    -0.40912777185440063,
                    -1.6492466926574707
                ],
                [
                    -0.41467592120170593,
                    0.1483556032180786,
                    0.897794246673584,
                    3.619124174118042
                ],
                [
                    3.7252896323280993e-09,
                    0.9866205453872681,
                    -0.16303367912769318,
                    -0.6572097539901733
                ],
                [
                    0.0,
                    0.0,
                    0.0,
                    1.0
                ]
            ]
        },
        {
            "file_path": "/data/shapenet_blender/all_50_random/02958343/16bd0438de54fc91b1bb46d2556ba67d/r_37",
            "rotation": 0.12566370614359174,
            "transform_matrix": [
                [
                    0.9037868976593018,
                    0.173968106508255,
                    -0.39102983474731445,
                    -1.5762916803359985
                ],
                [
                    -0.42798277735710144,
                    0.36737483739852905,
                    -0.8257520198822021,
                    -3.3287129402160645
                ],
                [
                    1.4901161193847656e-08,
                    0.9136578440666199,
                    0.406483918428421,
                    1.6385891437530518
                ],
                [
                    0.0,
                    0.0,
                    0.0,
                    1.0
                ]
            ]
        },
        {
            "file_path": "/data/shapenet_blender/all_50_random/02958343/16bd0438de54fc91b1bb46d2556ba67d/r_38",
            "rotation": 0.12566370614359174,
            "transform_matrix": [
                [
                    0.6149951815605164,
                    -0.2407773733139038,
                    0.750870943069458,
                    3.026857614517212
                ],
                [
                    0.7885310053825378,
                    0.18778836727142334,
                    -0.5856232643127441,
                    -2.360722780227661
                ],
                [
                    0.0,
                    0.9522402286529541,
                    0.3053493797779083,
                    1.2309026718139648
                ],
                [
                    0.0,
                    0.0,
                    0.0,
                    1.0
                ]
            ]
        },
        {
            "file_path": "/data/shapenet_blender/all_50_random/02958343/16bd0438de54fc91b1bb46d2556ba67d/r_39",
            "rotation": 0.12566370614359174,
            "transform_matrix": [
                [
                    0.11560505628585815,
                    0.63189697265625,
                    0.7663822174072266,
                    3.089385509490967
                ],
                [
                    0.9932953119277954,
                    -0.07354356348514557,
                    -0.08919568359851837,
                    -0.3595592975616455
                ],
                [
                    -3.725290742551124e-09,
                    0.7715552449226379,
                    -0.636162281036377,
                    -2.5644521713256836
                ],
                [
                    0.0,
                    0.0,
                    0.0,
                    1.0
                ]
            ]
        },
        {
            "file_path": "/data/shapenet_blender/all_50_random/02958343/16bd0438de54fc91b1bb46d2556ba67d/r_40",
            "rotation": 0.12566370614359174,
            "transform_matrix": [
                [
                    0.24698148667812347,
                    -0.5185077786445618,
                    -0.8186267018318176,
                    -3.299989938735962
                ],
                [
                    -0.9690201878547668,
                    -0.13215599954128265,
                    -0.20864957571029663,
                    -0.8410934209823608
                ],
                [
                    -7.450580152834618e-09,
                    0.8447983860969543,
                    -0.53508460521698,
                    -2.1569952964782715
                ],
                [
                    0.0,
                    0.0,
                    0.0,
                    1.0
                ]
            ]
        },
        {
            "file_path": "/data/shapenet_blender/all_50_random/02958343/16bd0438de54fc91b1bb46d2556ba67d/r_41",
            "rotation": 0.12566370614359174,
            "transform_matrix": [
                [
                    -0.3084169924259186,
                    0.7328601479530334,
                    0.6064608693122864,
                    2.4447219371795654
                ],
                [
                    0.9512512683868408,
                    0.23760972917079926,
                    0.19662824273109436,
                    0.7926337718963623
                ],
                [
