{
    "class": "02958343",
    "model": "dbd0651a6d5bdad69bc489396a21b465",
    "remove_doubles": true,
    "edge_split": true,
    "denoise": true,
    "camera_angle_x": 0.6911112070083618,
    "scale_factor": 2.1905589391757236,
    "hdri_file": "/data/IndoorHDRDataset2018/9C4A2334-9fb80602f2.exr",
    "center_offset": [
        0.0,
        0.0,
        3.725290298461914e-09
    ],
    "lights": [],
    "frames": [
        {
            "file_path": "/data/shapenet_blender/all_50_random/02958343/dbd0651a6d5bdad69bc489396a21b465/r_0",
            "rotation": 0.12566370614359174,
            "transform_matrix": [
                [
                    -0.6752506494522095,
                    -0.14635582268238068,
                    -0.7229220271110535,
                    -2.9141921997070312
                ],
                [
                    -0.7375881671905518,
                    0.13398651778697968,
                    0.6618240475654602,
                    2.667898416519165
                ],
                [
                    0.0,
                    0.9801160097122192,
                    -0.1984248161315918,
                    -0.7998760938644409
                ],
                [
                    0.0,
                    0.0,
                    0.0,
                    1.0
                ]
            ]
        },
        {
            "file_path": "/data/shapenet_blender/all_50_random/02958343/dbd0651a6d5bdad69bc489396a21b465/r_1",
            "rotation": 0.12566370614359174,
            "transform_matrix": [
                [
                    0.039268676191568375,
                    -0.44316932559013367,
                    0.8955774307250977,
                    3.6101880073547363
                ],
                [
                    0.9992287158966064,
                    0.017416104674339294,
                    -0.035195283591747284,
                    -0.1418767273426056
                ],
                [
                    -9.313225191043273e-10,
                    0.8962687253952026,
                    0.443511426448822,
                    1.7878516912460327
                ],
                [
                    0.0,
                    0.0,
                    0.0,
                    1.0
                ]
            ]
        },
        {
            "file_path": "/data/shapenet_blender/all_50_random/02958343/dbd0651a6d5bdad69bc489396a21b465/r_2",
            "rotation": 0.12566370614359174,
            "transform_matrix": [
                [
                    -0.7883093953132629,
                    -0.3213755488395691,
                    -0.5246770977973938,
                    -2.1150410175323486
                ],
                [
                    -0.6152790188789368,
                    0.4117536246776581,
                    0.6722281575202942,
                    2.709838390350342
                ],
                [
                    0.0,
                    0.8527465462684631,
                    -0.5223248600959778,
                    -2.1055588722229004
                ],
                [
                    0.0,
                    0.0,
                    0.0,
                    1.0
                ]
            ]
        },
        {
            "file_path": "/data/shapenet_blender/all_50_random/02958343/dbd0651a6d5bdad69bc489396a21b465/r_3",
            "rotation": 0.12566370614359174,
            "transform_matrix": [
                [
                    -0.7720078229904175,
                    0.25050586462020874,
                    -0.5841667056083679,
                    -2.354851245880127
                ],
                [
                    -0.6356130242347717,
                    -0.30426135659217834,
                    0.7095217704772949,
                    2.8601737022399902
                ],
                [
                    1.4901161193847656e-08,
                    0.9190602898597717,
                    0.39411693811416626,
                    1.5887361764907837
                ],
                [
                    0.0,
                    0.0,
                    0.0,
                    1.0
                ]
            ]
        },
        {
            "file_path": "/data/shapenet_blender/all_50_random/02958343/dbd0651a6d5bdad69bc489396a21b465/r_4",
            "rotation": 0.12566370614359174,
            "transform_matrix": [
                [
                    -0.9513110518455505,
                    -0.23016232252120972,
                    -0.2050182819366455,
                    -0.8264551162719727
                ],
                [
                    -0.3082323372364044,
                    0.710360050201416,
                    0.6327569484710693,
                    2.550724744796753
                ],
                [
                    -1.4901160305669237e-08,
                    0.6651419997215271,
                    -0.7467169165611267,
                    -3.0101122856140137
                ],
                [
                    0.0,
                    0.0,
                    0.0,
                    1.0
                ]
            ]
        },
        {
            "file_path": "/data/shapenet_blender/all_50_random/02958343/dbd0651a6d5bdad69bc489396a21b465/r_5",
            "rotation": 0.12566370614359174,
            "transform_matrix": [
                [
                    -0.5688118934631348,
                    0.04054974764585495,
                    -0.8214674592018127,
                    -3.31144118309021
                ],
                [
                    -0.8224676847457886,
                    -0.028043871745467186,
                    0.5681201219558716,
                    2.290165424346924
                ],
                [
                    0.0,
                    0.9987838864326477,
                    0.04930254444479942,
                    0.19874490797519684
                ],
                [
                    0.0,
                    0.0,
                    0.0,
                    1.0
                ]
            ]
        },
        {
            "file_path": "/data/shapenet_blender/all_50_random/02958343/dbd0651a6d5bdad69bc489396a21b465/r_6",
            "rotation": 0.12566370614359174,
            "transform_matrix": [
                [
                    0.04192095994949341,
                    0.005782351829111576,
                    -0.9991042017936707,
                    -4.027517795562744
                ],
                [
                    -0.9991209506988525,
                    0.0002426149876555428,
                    -0.041920255869627,
                    -0.16898596286773682
                ],
                [
                    -1.4551915228366852e-11,
                    0.9999832510948181,
                    0.005787439178675413,
                    0.02332991361618042
                ],
                [
                    0.0,
                    0.0,
                    0.0,
                    1.0
                ]
            ]
        },
        {
            "file_path": "/data/shapenet_blender/all_50_random/02958343/dbd0651a6d5bdad69bc489396a21b465/r_7",
            "rotation": 0.12566370614359174,
            "transform_matrix": [
                [
                    0.4590737521648407,
                    -0.2751409709453583,
                    0.8447180986404419,
                    3.405167579650879
                ],
                [
                    0.8883981108665466,
                    0.14217723906040192,
                    -0.4365023672580719,
                    -1.7595973014831543
                ],
                [
                    0.0,
                    0.950832724571228,
                    0.30970460176467896,
                    1.2484592199325562
                ],
                [
                    0.0,
                    0.0,
                    0.0,
                    1.0
                ]
            ]
        },
        {
            "file_path": "/data/shapenet_blender/all_50_random/02958343/dbd0651a6d5bdad69bc489396a21b465/r_8",
            "rotation": 0.12566370614359174,
            "transform_matrix": [
                [
                    0.4675227105617523,
                    0.3642544448375702,
                    0.8054447174072266,
                    3.2468514442443848
                ],
                [
                    0.8839810490608215,
                    -0.1926480382680893,
                    -0.4259861409664154,
                    -1.7172050476074219
                ],
                [
                    0.0,
                    0.9111560583114624,
                    -0.4120613932609558,
                    -1.6610726118087769
                ],
                [
                    0.0,
                    0.0,
                    0.0,
                    1.0
                ]
            ]
        },
        {
            "file_path": "/data/shapenet_blender/all_50_random/02958343/dbd0651a6d5bdad69bc489396a21b465/r_9",
            "rotation": 0.12566370614359174,
            "transform_matrix": [
                [
                    0.28521931171417236,
                    -0.0109242619946599,
                    0.9584000110626221,
                    3.863433837890625
                ],
                [
                    0.9584621787071228,
                    0.0032508436124771833,
                    -0.2852008044719696,
                    -1.1496812105178833
                ],
                [
                    -2.328306020205062e-10,
                    0.9999350309371948,
                    0.011397697031497955,
                    0.045945584774017334
                ],
                [
                    0.0,
                    0.0,
                    0.0,
                    1.0
                ]
            ]
        },
        {
            "file_path": "/data/shapenet_blender/all_50_random/02958343/dbd0651a6d5bdad69bc489396a21b465/r_10",
            "rotation": 0.12566370614359174,
            "transform_matrix": [
                [
                    0.7911986708641052,
                    0.3071039319038391,
                    0.5288588404655457,
                    2.1318984031677246
                ],
                [
                    0.6115590929985046,
                    -0.3973127603530884,
                    -0.6842060089111328,
                    -2.7581229209899902
                ],
                [
                    1.4901160305669237e-08,
                    0.8647714257240295,
                    -0.5021654963493347,
                    -2.024294137954712
                ],
                [
                    0.0,
                    0.0,
                    0.0,
                    1.0
                ]
            ]
        },
        {
            "file_path": "/data/shapenet_blender/all_50_random/02958343/dbd0651a6d5bdad69bc489396a21b465/r_11",
            "rotation": 0.12566370614359174,
            "transform_matrix": [
                [
                    0.6623526215553284,
                    0.4362524449825287,
                    -0.6090753078460693,
                    -2.455260992050171
                ],
                [
                    -0.7491921782493591,
                    0.3856860101222992,
                    -0.538476824760437,
                    -2.1706695556640625
                ],
                [
                    0.0,
                    0.8129759430885315,
                    0.582297146320343,
                    2.3473148345947266
                ],
                [
                    0.0,
                    0.0,
                    0.0,
                    1.0
                ]
            ]
        },
        {
            "file_path": "/data/shapenet_blender/all_50_random/02958343/dbd0651a6d5bdad69bc489396a21b465/r_12",
            "rotation": 0.12566370614359174,
            "transform_matrix": [
                [
                    0.8247056007385254,
                    -0.4213503897190094,
                    0.3772593140602112,
                    1.5207809209823608
                ],
                [
                    0.56556236743927,
                    0.6144150495529175,
                    -0.5501212477684021,
                    -2.2176096439361572
                ],
                [
                    0.0,
                    0.6670516729354858,
                    0.7450113892555237,
                    3.003237009048462
                ],
                [
                    0.0,
                    0.0,
                    0.0,
                    1.0
                ]
            ]
        },
        {
            "file_path": "/data/shapenet_blender/all_50_random/02958343/dbd0651a6d5bdad69bc489396a21b465/r_13",
            "rotation": 0.12566370614359174,
            "transform_matrix": [
                [
                    0.6950053572654724,
                    -0.2919028103351593,
                    0.6570846438407898,
                    2.6487932205200195
                ],
                [
                    0.7190046310424805,
                    0.28215956687927246,
                    -0.6351522207260132,
                    -2.560380697250366
                ],
                [
                    0.0,
                    0.9138811826705933,
                    0.4059818387031555,
                    1.6365652084350586
                ],
                [
                    0.0,
                    0.0,
                    0.0,
                    1.0
                ]
            ]
        },
        {
            "file_path": "/data/shapenet_blender/all_50_random/02958343/dbd0651a6d5bdad69bc489396a21b465/r_14",
            "rotation": 0.12566370614359174,
            "transform_matrix": [
                [
                    0.2215714007616043,
                    -0.42606163024902344,
                    0.8771416544914246,
                    3.5358712673187256
                ],
                [
                    0.9751441478729248,
                    0.09680934995412827,
                    -0.19930335879325867,
                    -0.8034176230430603
                ],
                [
                    0.0,
                    0.8994995355606079,
                    0.4369216859340668,
                    1.761287808418274
                ],
                [
                    0.0,
                    0.0,
                    0.0,
                    1.0
                ]
            ]
        },
        {
            "file_path": "/data/shapenet_blender/all_50_random/02958343/dbd0651a6d5bdad69bc489396a21b465/r_15",
            "rotation": 0.12566370614359174,
            "transform_matrix": [
                [
                    -0.9560725688934326,
                    0.03671753406524658,
                    -0.2908216118812561,
                    -1.1723394393920898
                ],
                [
                    -0.2931303381919861,
                    -0.119757741689682,
                    0.9485424160957336,
                    3.8236968517303467
                ],
                [
                    -3.725290742551124e-09,
                    0.9921238422393799,
                    0.1252601146697998,
                    0.5049396753311157
                ],
                [
                    0.0,
                    0.0,
                    0.0,
                    1.0
                ]
            ]
        },
        {
            "file_path": "/data/shapenet_blender/all_50_random/02958343/dbd0651a6d5bdad69bc489396a21b465/r_16",
            "rotation": 0.12566370614359174,
            "transform_matrix": [
                [
                    0.07253015786409378,
                    -0.7844492197036743,
                    0.6159374117851257,
                    2.4829227924346924
                ],
                [
                    0.9973662495613098,
                    0.05704647675156593,
                    -0.04479201138019562,
                    -0.1805623471736908
                ],
                [
                    0.0,
                    0.6175638437271118,
                    0.7865207195281982,
                    3.1705660820007324
                ],
                [
                    0.0,
                    0.0,
                    0.0,
                    1.0
                ]
            ]
        },
        {
            "file_path": "/data/shapenet_blender/all_50_random/02958343/dbd0651a6d5bdad69bc489396a21b465/r_17",
            "rotation": 0.12566370614359174,
            "transform_matrix": [
                [
                    -0.6903502345085144,
                    -0.6828490495681763,
                    0.23902663588523865,
                    0.9635472297668457
                ],
                [
                    0.7234753966331482,
                    -0.6515840291976929,
                    0.228082537651062,
                    0.9194301962852478
                ],
                [
                    0.0,
                    0.33038681745529175,
                    0.9438456296920776,
                    3.8047635555267334
                ],
                [
                    0.0,
                    0.0,
                    0.0,
                    1.0
                ]
            ]
        },
        {
            "file_path": "/data/shapenet_blender/all_50_random/02958343/dbd0651a6d5bdad69bc489396a21b465/r_18",
            "rotation": 0.12566370614359174,
            "transform_matrix": [
                [
                    0.9513479471206665,
                    0.24763008952140808,
                    -0.18334771692752838,
                    -0.739098310470581
                ],
                [
                    -0.3081185519695282,
                    0.7645835876464844,
                    -0.56610506772995,
                    -2.2820425033569336
                ],
                [
                    1.4901159417490817e-08,
                    0.5950556397438049,
                    0.8036844730377197,
                    3.239755630493164
                ],
                [
                    0.0,
                    0.0,
                    0.0,
                    1.0
                ]
            ]
        },
        {
            "file_path": "/data/shapenet_blender/all_50_random/02958343/dbd0651a6d5bdad69bc489396a21b465/r_19",
            "rotation": 0.12566370614359174,
            "transform_matrix": [
                [
                    -0.5844499468803406,
                    -0.2609994113445282,
                    -0.7683082818984985,
                    -3.09714937210083
                ],
                [
                    -0.8114297389984131,
                    0.18799050152301788,
                    0.5533908009529114,
                    2.2307894229888916
                ],
                [
                    -1.4901160305669237e-08,
                    0.9468573927879333,
                    -0.32165372371673584,
                    -1.2966275215148926
                ],
                [
                    0.0,
                    0.0,
                    0.0,
                    1.0
                ]
            ]
        },
        {
            "file_path": "/data/shapenet_blender/all_50_random/02958343/dbd0651a6d5bdad69bc489396a21b465/r_20",
            "rotation": 0.12566370614359174,
            "transform_matrix": [
                [
                    -0.19433431327342987,
                    -0.8994239568710327,
                    0.3914981484413147,
                    1.5781794786453247
                ],
                [
                    0.980935275554657,
                    -0.17818599939346313,
                    0.0775601863861084,
                    0.31265512108802795
                ],
                [
                    0.0,
                    0.3991069495677948,
                    0.9169043302536011,
                    3.696159601211548
                ],
                [
                    0.0,
                    0.0,
                    0.0,
                    1.0
                ]
            ]
        },
        {
            "file_path": "/data/shapenet_blender/all_50_random/02958343/dbd0651a6d5bdad69bc489396a21b465/r_21",
            "rotation": 0.12566370614359174,
            "transform_matrix": [
                [
                    -0.25086504220962524,
                    0.08646000921726227,
                    0.9641532301902771,
                    3.8866260051727295
                ],
                [
                    0.9680221080780029,
                    0.02240629866719246,
                    0.249862402677536,
                    1.0072275400161743
                ],
                [
                    0.0,
                    0.9960033297538757,
                    -0.08931615948677063,
                    -0.3600449562072754
                ],
                [
                    0.0,
                    0.0,
                    0.0,
                    1.0
                ]
            ]
        },
        {
            "file_path": "/data/shapenet_blender/all_50_random/02958343/dbd0651a6d5bdad69bc489396a21b465/r_22",
            "rotation": 0.12566370614359174,
            "transform_matrix": [
                [
                    0.10726780444383621,
                    0.5811575651168823,
                    -0.8066903352737427,
                    -3.251873016357422
                ],
                [
                    -0.9942302107810974,
                    0.0627012699842453,
                    -0.08703406900167465,
                    -0.3508455753326416
                ],
                [
                    0.0,
                    0.8113718032836914,
                    0.5845301747322083,
                    2.3563168048858643
                ],
                [
                    0.0,
                    0.0,
                    0.0,
                    1.0
                ]
            ]
        },
        {
            "file_path": "/data/shapenet_blender/all_50_random/02958343/dbd0651a6d5bdad69bc489396a21b465/r_23",
            "rotation": 0.12566370614359174,
            "transform_matrix": [
                [
                    -0.9627364277839661,
                    0.06036018580198288,
                    0.2636197805404663,
                    1.062685489654541
                ],
                [
                    0.27044177055358887,
                    0.21487414836883545,
                    0.9384509921073914,
                    3.783017158508301
                ],
                [
                    -3.725290298461914e-09,
                    0.9747747182846069,
                    -0.2231910526752472,
                    -0.8997119665145874
                ],
                [
                    0.0,
                    0.0,
                    0.0,
                    1.0
                ]
            ]
        },
        {
            "file_path": "/data/shapenet_blender/all_50_random/02958343/dbd0651a6d5bdad69bc489396a21b465/r_24",
            "rotation": 0.12566370614359174,
            "transform_matrix": [
                [
                    0.9712049961090088,
                    0.1292884647846222,
                    0.20011307299137115,
                    0.8066816329956055
                ],
                [
                    0.2382451444864273,
                    -0.5270436406135559,
                    -0.8157597780227661,
                    -3.288433074951172
                ],
                [
                    -7.450580152834618e-09,
                    0.8399460315704346,
                    -0.5426698327064514,
                    -2.1875722408294678
                ],
                [
                    0.0,
                    0.0,
                    0.0,
                    1.0
                ]
            ]
        },
        {
            "file_path": "/data/shapenet_blender/all_50_random/02958343/dbd0651a6d5bdad69bc489396a21b465/r_25",
            "rotation": 0.12566370614359174,
            "transform_matrix": [
                [
                    -0.4493803381919861,
                    0.08238665759563446,
                    -0.8895334601402283,
                    -3.5858240127563477
                ],
                [
                    -0.8933406472206116,
                    -0.04144325479865074,
                    0.4474652111530304,
                    1.8037899732589722
                ],
                [
                    0.0,
                    0.9957383275032043,
                    0.09222312271595001,
                    0.37176328897476196
                ],
                [
                    0.0,
                    0.0,
                    0.0,
                    1.0
                ]
            ]
        },
        {
            "file_path": "/data/shapenet_blender/all_50_random/02958343/dbd0651a6d5bdad69bc489396a21b465/r_26",
            "rotation": 0.12566370614359174,
            "transform_matrix": [
                [
                    0.649196207523346,
                    -0.17686641216278076,
                    -0.7397719025611877,
                    -2.9821159839630127
                ],
                [
                    -0.7606208920478821,
                    -0.150956928730011,
                    -0.6314014196395874,
                    -2.545260429382324
                ],
                [
                    7.450580152834618e-09,
                    0.972589373588562,
                    -0.23252898454666138,
                    -0.937354326248169
                ],
                [
                    0.0,
                    0.0,
                    0.0,
                    1.0
                ]
            ]
        },
        {
            "file_path": "/data/shapenet_blender/all_50_random/02958343/dbd0651a6d5bdad69bc489396a21b465/r_27",
            "rotation": 0.12566370614359174,
            "transform_matrix": [
                [
                    -0.846648097038269,
                    0.14306913316249847,
                    0.5125604271888733,
                    2.066197395324707
                ],
                [
                    0.5321532487869263,
                    0.2276209443807602,
                    0.8154762983322144,
                    3.287290334701538
                ],
                [
                    -7.450580596923828e-09,
                    0.9631821513175964,
                    -0.26884952187538147,
                    -1.0837671756744385
                ],
                [
                    0.0,
                    0.0,
                    0.0,
                    1.0
                ]
            ]
        },
        {
            "file_path": "/data/shapenet_blender/all_50_random/02958343/dbd0651a6d5bdad69bc489396a21b465/r_28",
            "rotation": 0.12566370614359174,
            "transform_matrix": [
                [
                    -0.07889698445796967,
                    -0.18513810634613037,
                    -0.979540228843689,
                    -3.948652982711792
                ],
                [
                    -0.9968827962875366,
                    0.014652513898909092,
                    0.07752443850040436,
                    0.31251099705696106
                ],
                [
                    -9.313225746154785e-10,
                    0.9826032519340515,
                    -0.18571701645851135,
                    -0.7486492395401001
                ],
                [
                    0.0,
                    0.0,
                    0.0,
                    1.0
                ]
            ]
        },
        {
            "file_path": "/data/shapenet_blender/all_50_random/02958343/dbd0651a6d5bdad69bc489396a21b465/r_29",
            "rotation": 0.12566370614359174,
            "transform_matrix": [
                [
                    -0.8981845378875732,
                    0.0044934749603271484,
                    -0.43959563970565796,
                    -1.7720669507980347
                ],
                [
                    -0.43961870670318604,
                    -0.009180614724755287,
                    0.8981374502182007,
                    3.6205084323883057
                ],
                [
                    0.0,
                    0.9999478459358215,
                    0.010221299715340137,
                    0.04120337963104248
                ],
                [
                    0.0,
                    0.0,
                    0.0,
                    1.0
                ]
            ]
        },
        {
            "file_path": "/data/shapenet_blender/all_50_random/02958343/dbd0651a6d5bdad69bc489396a21b465/r_30",
            "rotation": 0.12566370614359174,
            "transform_matrix": [
                [
                    -0.5102161169052124,
                    0.46165329217910767,
                    -0.7256415486335754,
                    -2.925154685974121
                ],
                [
                    -0.8600461483001709,
                    -0.2738724648952484,
                    0.43048158288002014,
                    1.7353267669677734
                ],
                [
                    0.0,
                    0.8437239527702332,
                    0.5367773175239563,
                    2.163818597793579
                ],
                [
                    0.0,
                    0.0,
                    0.0,
                    1.0
                ]
            ]
        },
        {
            "file_path": "/data/shapenet_blender/all_50_random/02958343/dbd0651a6d5bdad69bc489396a21b465/r_31",
            "rotation": 0.12566370614359174,
            "transform_matrix": [
                [
                    0.5169564485549927,
                    -0.1401151418685913,
                    0.8444665670394897,
                    3.40415358543396
                ],
                [
                    0.856011688709259,
                    0.08461733162403107,
                    -0.5099841952323914,
                    -2.055812120437622
                ],
                [
                    0.0,
                    0.9865128397941589,
                    0.1636837124824524,
                    0.6598301529884338
                ],
                [
                    0.0,
                    0.0,
                    0.0,
                    1.0
                ]
            ]
        },
        {
            "file_path": "/data/shapenet_blender/all_50_random/02958343/dbd0651a6d5bdad69bc489396a21b465/r_32",
            "rotation": 0.12566370614359174,
            "transform_matrix": [
                [
                    -0.6681364178657532,
                    -0.3554973900318146,
                    0.6536169648170471,
                    2.634814500808716
                ],
                [
                    0.7440387010574341,
                    -0.31923171877861023,
                    0.5869389772415161,
                    2.3660268783569336
                ],
                [
                    0.0,
                    0.8784716725349426,
                    0.47779417037963867,
                    1.926050066947937
                ],
                [
                    0.0,
                    0.0,
                    0.0,
                    1.0
                ]
            ]
        },
        {
            "file_path": "/data/shapenet_blender/all_50_random/02958343/dbd0651a6d5bdad69bc489396a21b465/r_33",
            "rotation": 0.12566370614359174,
            "transform_matrix": [
                [
                    -0.97260981798172,
                    -0.19675278663635254,
                    0.12376738339662552,
                    0.49892228841781616
                ],
                [
                    0.23244358599185944,
                    -0.8232694268226624,
                    0.5178778171539307,
                    2.087632179260254
                ],
                [
                    0.0,
                    0.5324620008468628,
                    0.846453845500946,
                    3.4121646881103516
                ],
                [
                    0.0,
                    0.0,
                    0.0,
                    1.0
                ]
            ]
        },
        {
            "file_path": "/data/shapenet_blender/all_50_random/02958343/dbd0651a6d5bdad69bc489396a21b465/r_34",
            "rotation": 0.12566370614359174,
            "transform_matrix": [
                [
                    -0.9470329880714417,
                    0.0735541507601738,
                    0.3125995397567749,
                    1.2601290941238403
                ],
                [
                    0.32113659381866455,
                    0.21691147983074188,
                    0.9218571782112122,
                    3.716125249862671
                ],
                [
                    -7.450581485102248e-09,
                    0.973416268825531,
                    -0.22904321551322937,
                    -0.9233027100563049
                ],
                [
                    0.0,
                    0.0,
                    0.0,
                    1.0
                ]
            ]
        },
        {
            "file_path": "/data/shapenet_blender/all_50_random/02958343/dbd0651a6d5bdad69bc489396a21b465/r_35",
            "rotation": 0.12566370614359174,
            "transform_matrix": [
                [
                    -0.24103471636772156,
                    -0.21423020958900452,
                    -0.9465768337249756,
                    -3.8157732486724854
                ],
                [
                    -0.970516562461853,
                    0.05320560559630394,
                    0.23508912324905396,
                    0.947674572467804
                ],
                [
                    3.725290298461914e-09,
                    0.975333034992218,
                    -0.22073835134506226,
                    -0.8898247480392456
                ],
                [
                    0.0,
                    0.0,
                    0.0,
                    1.0
                ]
            ]
        },
        {
            "file_path": "/data/shapenet_blender/all_50_random/02958343/dbd0651a6d5bdad69bc489396a21b465/r_36",
            "rotation": 0.12566370614359174,
            "transform_matrix": [
                [
                    -0.6002221703529358,
                    0.3613908290863037,
                    0.713533341884613,
                    2.876345157623291
                ],
                [
                    0.7998332381248474,
                    0.2712000012397766,
                    0.5354597568511963,
                    2.1585075855255127
                ],
                [
                    0.0,
                    0.8921026587486267,
                    -0.45183268189430237,
                    -1.8213958740234375
                ],
                [
                    0.0,
                    0.0,
                    0.0,
                    1.0
                ]
            ]
        },
        {
            "file_path": "/data/shapenet_blender/all_50_random/02958343/dbd0651a6d5bdad69bc489396a21b465/r_37",
            "rotation": 0.12566370614359174,
            "transform_matrix": [
                [
                    -0.03272615745663643,
                    -0.3896551728248596,
                    0.920379102230072,
                    3.710167169570923
                ],
                [
                    0.9994643926620483,
                    -0.012758750468492508,
                    0.03013661317527294,
                    0.12148457765579224
                ],
                [
                    0.0,
                    0.9208725094795227,
                    0.38986390829086304,
                    1.571591854095459
                ],
                [
                    0.0,
                    0.0,
                    0.0,
                    1.0
                ]
            ]
        },
        {
            "file_path": "/data/shapenet_blender/all_50_random/02958343/dbd0651a6d5bdad69bc489396a21b465/r_38",
            "rotation": 0.12566370614359174,
            "transform_matrix": [
                [
                    -0.7501503825187683,
                    0.20040686428546906,
                    0.6301677823066711,
                    2.540287494659424
                ],
                [
                    0.6612672805786133,
                    0.22734422981739044,
                    0.7148707509040833,
                    2.8817362785339355
                ],
                [
                    0.0,
                    0.9529699683189392,
                    -0.30306482315063477,
                    -1.2216933965682983
                ],
                [
                    0.0,
                    0.0,
                    0.0,
                    1.0
                ]
            ]
        },
        {
            "file_path": "/data/shapenet_blender/all_50_random/02958343/dbd0651a6d5bdad69bc489396a21b465/r_39",
            "rotation": 0.12566370614359174,
            "transform_matrix": [
                [
                    -0.10890611261129379,
                    0.16949822008609772,
                    -0.9794947504997253,
                    -3.9484691619873047
                ],
                [
                    -0.9940520524978638,
                    -0.018569843843579292,
                    0.10731124877929688,
                    0.4325854182243347
                ],
                [
                    0.0,
                    0.9853554964065552,
                    0.17051242291927338,
                    0.687357485294342
                ],
                [
                    0.0,
                    0.0,
                    0.0,
                    1.0
                ]
            ]
        },
        {
            "file_path": "/data/shapenet_blender/all_50_random/02958343/dbd0651a6d5bdad69bc489396a21b465/r_40",
            "rotation": 0.12566370614359174,
            "transform_matrix": [
                [
                    0.7694931030273438,
                    -0.2757945954799652,
                    0.5760362148284912,
                    2.3220763206481934
                ],
                [
                    0.6386551856994629,
                    0.33229514956474304,
                    -0.6940456628799438,
                    -2.797787666320801
                ],
                [
                    0.0,
                    0.901951789855957,
                    0.43183648586273193,
                    1.7407885789871216
                ],
                [
                    0.0,
                    0.0,
                    0.0,
                    1.0
                ]
            ]
        },
        {
            "file_path": "/data/shapenet_blender/all_50_random/02958343/dbd0651a6d5bdad69bc489396a21b465/r_41",
            "rotation": 0.12566370614359174,
            "transform_matrix": [
                [
                    0.4351838529109955,
                    -0.04196827486157417,
                    -0.8993629217147827,
                    -3.625447988510132
                ],
                [
                    -0.9003415703773499,
                    -0.02028553932905197,
                    -0.4347108006477356,
                    -1.7523752450942993
                ],
                [
                    0.0,
                    0.9989128708839417,
                    -0.04661373049020767,
