{
    "class": "02958343",
    "model": "2f13fc44e7e06816a134736201a79843",
    "remove_doubles": true,
    "edge_split": true,
    "denoise": true,
    "camera_angle_x": 0.6911112070083618,
    "scale_factor": 2.2612054211354953,
    "hdri_file": "/data/IndoorHDRDataset2018/9C4A7695-949644a9ec.exr",
    "center_offset": [
        0.0,
        0.0,
        0.0
    ],
    "lights": [],
    "frames": [
        {
            "file_path": "/data/shapenet_blender/all_50_random/02958343/2f13fc44e7e06816a134736201a79843/r_0",
            "rotation": 0.12566370614359174,
            "transform_matrix": [
                [
                    -0.8749597668647766,
                    -0.006603197194635868,
                    -0.4841507077217102,
                    -1.9516738653182983
                ],
                [
                    -0.4841957688331604,
                    0.011932223103940487,
                    0.8748783469200134,
                    3.526747226715088
                ],
                [
                    0.0,
                    0.9999068975448608,
                    -0.01363745704293251,
                    -0.05497434362769127
                ],
                [
                    0.0,
                    0.0,
                    0.0,
                    1.0
                ]
            ]
        },
        {
            "file_path": "/data/shapenet_blender/all_50_random/02958343/2f13fc44e7e06816a134736201a79843/r_1",
            "rotation": 0.12566370614359174,
            "transform_matrix": [
                [
                    -0.07970248907804489,
                    -0.20057639479637146,
                    0.9764304757118225,
                    3.93611741065979
                ],
                [
                    0.9968187808990479,
                    -0.016037456691265106,
                    0.07807230204343796,
                    0.314719557762146
                ],
                [
                    0.0,
                    0.9795467853546143,
                    0.20121650397777557,
                    0.8111297488212585
                ],
                [
                    0.0,
                    0.0,
                    0.0,
                    1.0
                ]
            ]
        },
        {
            "file_path": "/data/shapenet_blender/all_50_random/02958343/2f13fc44e7e06816a134736201a79843/r_2",
            "rotation": 0.12566370614359174,
            "transform_matrix": [
                [
                    0.8212527632713318,
                    0.48514866828918457,
                    -0.3002913296222687,
                    -1.2105131149291992
                ],
                [
                    -0.5705647468566895,
                    0.6983075141906738,
                    -0.43222975730895996,
                    -1.7423738241195679
                ],
                [
                    0.0,
                    0.5263053178787231,
                    0.8502956032752991,
                    3.4276511669158936
                ],
                [
                    0.0,
                    0.0,
                    0.0,
                    1.0
                ]
            ]
        },
        {
            "file_path": "/data/shapenet_blender/all_50_random/02958343/2f13fc44e7e06816a134736201a79843/r_3",
            "rotation": 0.12566370614359174,
            "transform_matrix": [
                [
                    0.7811673879623413,
                    -0.26287826895713806,
                    -0.5662797093391418,
                    -2.2827465534210205
                ],
                [
                    -0.6243218183517456,
                    -0.3289199769496918,
                    -0.7085435390472412,
                    -2.8562302589416504
                ],
                [
                    -1.4901162970204496e-08,
                    0.9070317149162292,
                    -0.421062171459198,
                    -1.69735586643219
                ],
                [
                    0.0,
                    0.0,
                    0.0,
                    1.0
                ]
            ]
        },
        {
            "file_path": "/data/shapenet_blender/all_50_random/02958343/2f13fc44e7e06816a134736201a79843/r_4",
            "rotation": 0.12566370614359174,
            "transform_matrix": [
                [
                    0.2656015157699585,
                    -0.6533253192901611,
                    0.7089582681655884,
                    2.8579025268554688
                ],
                [
                    0.9640830159187317,
                    0.17998884618282318,
                    -0.19531553983688354,
                    -0.7873421907424927
                ],
                [
                    1.4901162970204496e-08,
                    0.7353706955909729,
                    0.6776649951934814,
                    2.731755256652832
                ],
                [
                    0.0,
                    0.0,
                    0.0,
                    1.0
                ]
            ]
        },
        {
            "file_path": "/data/shapenet_blender/all_50_random/02958343/2f13fc44e7e06816a134736201a79843/r_5",
            "rotation": 0.12566370614359174,
            "transform_matrix": [
                [
                    -0.9847833514213562,
                    -0.1428869217634201,
                    -0.09891920536756516,
                    -0.39875608682632446
                ],
                [
                    -0.17378629744052887,
                    0.8096879124641418,
                    0.5605388879776001,
                    2.2596046924591064
                ],
                [
                    7.450580152834618e-09,
                    0.5692002773284912,
                    -0.8221988677978516,
                    -3.314389944076538
                ],
                [
                    0.0,
                    0.0,
                    0.0,
                    1.0
                ]
            ]
        },
        {
            "file_path": "/data/shapenet_blender/all_50_random/02958343/2f13fc44e7e06816a134736201a79843/r_6",
            "rotation": 0.12566370614359174,
            "transform_matrix": [
                [
                    -0.2676164209842682,
                    0.006001519970595837,
                    -0.9635066986083984,
                    -3.8840200901031494
                ],
                [
                    -0.9635255336761475,
                    -0.0016669048927724361,
                    0.26761120557785034,
                    1.078775405883789
                ],
                [
                    0.0,
                    0.9999805688858032,
                    0.006228708196431398,
                    0.02510872855782509
                ],
                [
                    0.0,
                    0.0,
                    0.0,
                    1.0
                ]
            ]
        },
        {
            "file_path": "/data/shapenet_blender/all_50_random/02958343/2f13fc44e7e06816a134736201a79843/r_7",
            "rotation": 0.12566370614359174,
            "transform_matrix": [
                [
                    -0.7722886204719543,
                    -0.4596494138240814,
                    -0.4385119378566742,
                    -1.7676981687545776
                ],
                [
                    -0.6352718472480774,
                    0.5587875843048096,
                    0.533091127872467,
                    2.148959159851074
                ],
                [
                    0.0,
                    0.6902745366096497,
                    -0.7235475778579712,
                    -2.9167134761810303
                ],
                [
                    0.0,
                    0.0,
                    0.0,
                    1.0
                ]
            ]
        },
        {
            "file_path": "/data/shapenet_blender/all_50_random/02958343/2f13fc44e7e06816a134736201a79843/r_8",
            "rotation": 0.12566370614359174,
            "transform_matrix": [
                [
                    -0.5895612835884094,
                    -0.06093009561300278,
                    -0.8054221868515015,
                    -3.246760845184326
                ],
                [
                    -0.8077236413955688,
                    0.04447316750884056,
                    0.5878815054893494,
                    2.369826316833496
                ],
                [
                    0.0,
                    0.9971506595611572,
                    -0.07543434202671051,
                    -0.3040855824947357
                ],
                [
                    0.0,
                    0.0,
                    0.0,
                    1.0
                ]
            ]
        },
        {
            "file_path": "/data/shapenet_blender/all_50_random/02958343/2f13fc44e7e06816a134736201a79843/r_9",
            "rotation": 0.12566370614359174,
            "transform_matrix": [
                [
                    -0.8616634607315063,
                    -0.38975104689598083,
                    -0.32500794529914856,
                    -1.3101489543914795
                ],
                [
                    -0.5074800848960876,
                    0.6617683172225952,
                    0.5518393516540527,
                    2.2245354652404785
                ],
                [
                    0.0,
                    0.6404349207878113,
                    -0.7680124640464783,
                    -3.0959572792053223
                ],
                [
                    0.0,
                    0.0,
                    0.0,
                    1.0
                ]
            ]
        },
        {
            "file_path": "/data/shapenet_blender/all_50_random/02958343/2f13fc44e7e06816a134736201a79843/r_10",
            "rotation": 0.12566370614359174,
            "transform_matrix": [
                [
                    -0.7693324089050293,
                    0.11110891401767731,
                    0.6291124820709229,
                    2.5360331535339355
                ],
                [
                    0.6388487219810486,
                    0.13380269706249237,
                    0.7576075792312622,
                    3.05401349067688
                ],
                [
                    0.0,
                    0.9847595691680908,
                    -0.17392057180404663,
                    -0.7010961771011353
                ],
                [
                    0.0,
                    0.0,
                    0.0,
                    1.0
                ]
            ]
        },
        {
            "file_path": "/data/shapenet_blender/all_50_random/02958343/2f13fc44e7e06816a134736201a79843/r_11",
            "rotation": 0.12566370614359174,
            "transform_matrix": [
                [
                    0.8357803225517273,
                    0.42504820227622986,
                    -0.34757038950920105,
                    -1.4011012315750122
                ],
                [
                    -0.5490639209747314,
                    0.6470046639442444,
                    -0.529068648815155,
                    -2.132744073867798
                ],
                [
                    -1.4901161193847656e-08,
                    0.6330235004425049,
                    0.7741324305534363,
                    3.1206278800964355
                ],
                [
                    0.0,
                    0.0,
                    0.0,
                    1.0
                ]
            ]
        },
        {
            "file_path": "/data/shapenet_blender/all_50_random/02958343/2f13fc44e7e06816a134736201a79843/r_12",
            "rotation": 0.12566370614359174,
            "transform_matrix": [
                [
                    -0.9437777996063232,
                    0.19848644733428955,
                    -0.2643606960773468,
                    -1.0656721591949463
                ],
                [
                    -0.330580472946167,
                    -0.5666611194610596,
                    0.754726231098175,
                    3.0423991680145264
                ],
                [
                    0.0,
                    0.7996864318847656,
                    0.6004178524017334,
                    2.4203619956970215
                ],
                [
                    0.0,
                    0.0,
                    0.0,
                    1.0
                ]
            ]
        },
        {
            "file_path": "/data/shapenet_blender/all_50_random/02958343/2f13fc44e7e06816a134736201a79843/r_13",
            "rotation": 0.12566370614359174,
            "transform_matrix": [
                [
                    -0.9381316900253296,
                    0.24666523933410645,
                    -0.2430334985256195,
                    -0.9796993732452393
                ],
                [
                    -0.3462788462638855,
                    -0.6682605147361755,
                    0.6584214568138123,
                    2.654181718826294
                ],
                [
                    0.0,
                    0.7018433809280396,
                    0.7123312950134277,
                    2.8714993000030518
                ],
                [
                    0.0,
                    0.0,
                    0.0,
                    1.0
                ]
            ]
        },
        {
            "file_path": "/data/shapenet_blender/all_50_random/02958343/2f13fc44e7e06816a134736201a79843/r_14",
            "rotation": 0.12566370614359174,
            "transform_matrix": [
                [
                    0.988960325717926,
                    -0.00037052412517368793,
                    0.14817962050437927,
                    0.5973311066627502
                ],
                [
                    0.1481800526380539,
                    0.002472894499078393,
                    -0.988957405090332,
                    -3.986614227294922
                ],
                [
                    0.0,
                    0.9999969601631165,
                    0.002500499365851283,
                    0.01007983461022377
                ],
                [
                    0.0,
                    0.0,
                    0.0,
                    1.0
                ]
            ]
        },
        {
            "file_path": "/data/shapenet_blender/all_50_random/02958343/2f13fc44e7e06816a134736201a79843/r_15",
            "rotation": 0.12566370614359174,
            "transform_matrix": [
                [
                    0.8678086996078491,
                    0.17922767996788025,
                    0.46344953775405884,
                    1.868224859237671
                ],
                [
                    0.4968984127044678,
                    -0.31301236152648926,
                    -0.8093918561935425,
                    -3.262763023376465
                ],
                [
                    0.0,
                    0.932684600353241,
                    -0.3606927990913391,
                    -1.4539991617202759
                ],
                [
                    0.0,
                    0.0,
                    0.0,
                    1.0
                ]
            ]
        },
        {
            "file_path": "/data/shapenet_blender/all_50_random/02958343/2f13fc44e7e06816a134736201a79843/r_16",
            "rotation": 0.12566370614359174,
            "transform_matrix": [
                [
                    -0.9360652565956116,
                    0.11599882692098618,
                    0.3321536183357239,
                    1.338954210281372
                ],
                [
                    0.3518263101577759,
                    0.308625191450119,
                    0.8837242722511292,
                    3.5624067783355713
                ],
                [
                    7.450580152834618e-09,
                    0.944084107875824,
                    -0.3297047019004822,
                    -1.3290822505950928
                ],
                [
                    0.0,
                    0.0,
                    0.0,
                    1.0
                ]
            ]
        },
        {
            "file_path": "/data/shapenet_blender/all_50_random/02958343/2f13fc44e7e06816a134736201a79843/r_17",
            "rotation": 0.12566370614359174,
            "transform_matrix": [
                [
                    -0.7113696932792664,
                    -0.10487580299377441,
                    0.6949490308761597,
                    2.801429510116577
                ],
                [
                    0.7028181552886963,
                    -0.10615187883377075,
                    0.7034048438072205,
                    2.8355159759521484
                ],
                [
                    0.0,
                    0.9888036251068115,
                    0.14922182261943817,
                    0.6015324592590332
                ],
                [
                    0.0,
                    0.0,
                    0.0,
                    1.0
                ]
            ]
        },
        {
            "file_path": "/data/shapenet_blender/all_50_random/02958343/2f13fc44e7e06816a134736201a79843/r_18",
            "rotation": 0.12566370614359174,
            "transform_matrix": [
                [
                    0.6805717945098877,
                    0.23583020269870758,
                    -0.6936901211738586,
                    -2.7963545322418213
                ],
                [
                    -0.732681393623352,
                    0.21905755996704102,
                    -0.6443536877632141,
                    -2.59747314453125
                ],
                [
                    0.0,
                    0.9467829465866089,
                    0.321872740983963,
                    1.2975106239318848
                ],
                [
                    0.0,
                    0.0,
                    0.0,
                    1.0
                ]
            ]
        },
        {
            "file_path": "/data/shapenet_blender/all_50_random/02958343/2f13fc44e7e06816a134736201a79843/r_19",
            "rotation": 0.12566370614359174,
            "transform_matrix": [
                [
                    0.047010909765958786,
                    -0.46372532844543457,
                    0.884730875492096,
                    3.5664641857147217
                ],
                [
                    0.998894453048706,
                    0.021824276074767113,
                    -0.04163803532719612,
                    -0.16784828901290894
                ],
                [
                    1.862645371275562e-09,
                    0.8857100605964661,
                    0.46423861384391785,
                    1.8714057207107544
                ],
                [
                    0.0,
                    0.0,
                    0.0,
                    1.0
                ]
            ]
        },
        {
            "file_path": "/data/shapenet_blender/all_50_random/02958343/2f13fc44e7e06816a134736201a79843/r_20",
            "rotation": 0.12566370614359174,
            "transform_matrix": [
                [
                    -0.9011534452438354,
                    -0.2821789085865021,
                    -0.32908594608306885,
                    -1.3265879154205322
                ],
                [
                    -0.4335003197193146,
                    0.586588978767395,
                    0.6840985417366028,
                    2.7576894760131836
                ],
                [
                    1.4901162970204496e-08,
                    0.7591365575790405,
                    -0.6509312987327576,
                    -2.623987913131714
                ],
                [
                    0.0,
                    0.0,
                    0.0,
                    1.0
                ]
            ]
        },
        {
            "file_path": "/data/shapenet_blender/all_50_random/02958343/2f13fc44e7e06816a134736201a79843/r_21",
            "rotation": 0.12566370614359174,
            "transform_matrix": [
                [
                    -0.9967918395996094,
                    0.00568231288343668,
                    0.07983653247356415,
                    0.3218313455581665
                ],
                [
                    0.08003849536180496,
                    0.07076697796583176,
                    0.9942765831947327,
                    4.008057117462158
                ],
                [
                    4.656612873077393e-10,
                    0.9974766969680786,
                    -0.07099475711584091,
                    -0.2861890196800232
                ],
                [
                    0.0,
                    0.0,
                    0.0,
                    1.0
                ]
            ]
        },
        {
            "file_path": "/data/shapenet_blender/all_50_random/02958343/2f13fc44e7e06816a134736201a79843/r_22",
            "rotation": 0.12566370614359174,
            "transform_matrix": [
                [
                    -0.7159836292266846,
                    0.011290975846350193,
                    -0.698025643825531,
                    -2.8138315677642822
                ],
                [
                    -0.6981170773506165,
                    -0.011579940095543861,
                    0.7158899307250977,
                    2.8858449459075928
                ],
                [
                    9.313225746154785e-10,
                    0.999869167804718,
                    0.0161734689027071,
                    0.06519734859466553
                ],
                [
                    0.0,
                    0.0,
                    0.0,
                    1.0
                ]
            ]
        },
        {
            "file_path": "/data/shapenet_blender/all_50_random/02958343/2f13fc44e7e06816a134736201a79843/r_23",
            "rotation": 0.12566370614359174,
            "transform_matrix": [
                [
                    0.9900950789451599,
                    0.013303114101290703,
                    -0.1397671401500702,
                    -0.5634194016456604
                ],
                [
                    -0.14039883017539978,
                    0.09381380677223206,
                    -0.9856404662132263,
                    -3.9732439517974854
                ],
                [
                    0.0,
                    0.9955008625984192,
                    0.09475232660770416,
                    0.38195887207984924
                ],
                [
                    0.0,
                    0.0,
                    0.0,
                    1.0
                ]
            ]
        },
        {
            "file_path": "/data/shapenet_blender/all_50_random/02958343/2f13fc44e7e06816a134736201a79843/r_24",
            "rotation": 0.12566370614359174,
            "transform_matrix": [
                [
                    0.9961423277854919,
                    -0.0386766716837883,
                    0.07876918464899063,
                    0.31752878427505493
                ],
                [
                    0.0877523347735405,
                    0.43904784321784973,
                    -0.894167959690094,
                    -3.604506492614746
                ],
                [
                    0.0,
                    0.8976306915283203,
                    0.4407481253147125,
                    1.7767126560211182
                ],
                [
                    0.0,
                    0.0,
                    0.0,
                    1.0
                ]
            ]
        },
        {
            "file_path": "/data/shapenet_blender/all_50_random/02958343/2f13fc44e7e06816a134736201a79843/r_25",
            "rotation": 0.12566370614359174,
            "transform_matrix": [
                [
                    -0.6166408658027649,
                    0.31363436579704285,
                    -0.722071647644043,
                    -2.91076397895813
                ],
                [
                    -0.7872445583343506,
                    -0.2456667125225067,
                    0.56559157371521,
                    2.279972553253174
                ],
                [
                    -1.4901161193847656e-08,
                    0.9172138571739197,
                    0.3983951210975647,
                    1.6059820652008057
                ],
                [
                    0.0,
                    0.0,
                    0.0,
                    1.0
                ]
            ]
        },
        {
            "file_path": "/data/shapenet_blender/all_50_random/02958343/2f13fc44e7e06816a134736201a79843/r_26",
            "rotation": 0.12566370614359174,
            "transform_matrix": [
                [
                    -0.4037608802318573,
                    0.5765085816383362,
                    0.7103625535964966,
                    2.863563060760498
                ],
                [
                    0.9148646593093872,
                    0.2544328272342682,
                    0.3135071396827698,
                    1.2637877464294434
                ],
                [
                    1.4901162970204496e-08,
                    0.7764673829078674,
                    -0.6301573514938354,
                    -2.540245532989502
                ],
                [
                    0.0,
                    0.0,
                    0.0,
                    1.0
                ]
            ]
        },
        {
            "file_path": "/data/shapenet_blender/all_50_random/02958343/2f13fc44e7e06816a134736201a79843/r_27",
            "rotation": 0.12566370614359174,
            "transform_matrix": [
                [
                    -0.1445917934179306,
                    -0.0023695998825132847,
                    -0.9894885420799255,
                    -3.988755941390991
                ],
                [
                    -0.9894914031028748,
                    0.00034626343403942883,
                    0.14459137618541718,
                    0.5828664898872375
                ],
                [
                    0.0,
                    0.9999971389770508,
                    -0.002394765615463257,
                    -0.009653609246015549
                ],
                [
                    0.0,
                    0.0,
                    0.0,
                    1.0
                ]
            ]
        },
        {
            "file_path": "/data/shapenet_blender/all_50_random/02958343/2f13fc44e7e06816a134736201a79843/r_28",
            "rotation": 0.12566370614359174,
            "transform_matrix": [
                [
                    0.9810222387313843,
                    -0.03610619530081749,
                    0.1905037760734558,
                    0.7679453492164612
                ],
                [
                    0.19389522075653076,
                    0.18268103897571564,
                    -0.9638631343841553,
                    -3.8854568004608154
                ],
                [
                    0.0,
                    0.9825090169906616,
                    0.18621496856212616,
                    0.7506566047668457
                ],
                [
                    0.0,
                    0.0,
                    0.0,
                    1.0
                ]
            ]
        },
        {
            "file_path": "/data/shapenet_blender/all_50_random/02958343/2f13fc44e7e06816a134736201a79843/r_29",
            "rotation": 0.12566370614359174,
            "transform_matrix": [
                [
                    -0.09267561137676239,
                    0.5133983492851257,
                    -0.8531315326690674,
                    -3.4390830993652344
                ],
                [
                    -0.9956964254379272,
                    -0.04778515174984932,
                    0.07940621674060822,
                    0.3200967013835907
                ],
                [
                    0.0,
                    0.8568189740180969,
                    0.515617311000824,
                    2.078519821166992
                ],
                [
                    0.0,
                    0.0,
                    0.0,
                    1.0
                ]
            ]
        },
        {
            "file_path": "/data/shapenet_blender/all_50_random/02958343/2f13fc44e7e06816a134736201a79843/r_30",
            "rotation": 0.12566370614359174,
            "transform_matrix": [
                [
                    0.9904143810272217,
                    0.04088861122727394,
                    0.13193753361701965,
                    0.5318572521209717
                ],
                [
                    0.13812819123268127,
                    -0.29318177700042725,
                    -0.9460258483886719,
                    -3.8135523796081543
                ],
                [
                    0.0,
                    0.9551818370819092,
                    -0.2960193157196045,
                    -1.1932921409606934
                ],
                [
                    0.0,
                    0.0,
                    0.0,
                    1.0
                ]
            ]
        },
        {
            "file_path": "/data/shapenet_blender/all_50_random/02958343/2f13fc44e7e06816a134736201a79843/r_31",
            "rotation": 0.12566370614359174,
            "transform_matrix": [
                [
                    0.9243519306182861,
                    0.10878891497850418,
                    -0.36570292711257935,
                    -1.4741955995559692
                ],
                [
                    -0.3815411627292633,
                    0.2635606527328491,
                    -0.8859809041023254,
                    -3.571503162384033
                ],
                [
                    7.450580596923828e-09,
                    0.9584888219833374,
                    0.28513023257255554,
                    1.1493967771530151
                ],
                [
                    0.0,
                    0.0,
                    0.0,
                    1.0
                ]
            ]
        },
        {
            "file_path": "/data/shapenet_blender/all_50_random/02958343/2f13fc44e7e06816a134736201a79843/r_32",
            "rotation": 0.12566370614359174,
            "transform_matrix": [
                [
                    0.8183450698852539,
                    0.28404664993286133,
                    0.4996287524700165,
                    2.0140678882598877
                ],
                [
                    0.5747272372245789,
                    -0.40444955229759216,
                    -0.7114135026931763,
                    -2.8677995204925537
                ],
                [
                    0.0,
                    0.8693318963050842,
                    -0.49422866106033325,
                    -1.9922994375228882
                ],
                [
                    0.0,
                    0.0,
                    0.0,
                    1.0
                ]
            ]
        },
        {
            "file_path": "/data/shapenet_blender/all_50_random/02958343/2f13fc44e7e06816a134736201a79843/r_33",
            "rotation": 0.12566370614359174,
            "transform_matrix": [
                [
                    -0.19744300842285156,
                    0.11224900186061859,
                    -0.9738668203353882,
                    -3.9257822036743164
                ],
                [
                    -0.9803143739700317,
                    -0.0226078312844038,
                    0.19614443182945251,
                    0.790683388710022
                ],
                [
                    0.0,
                    0.9934229254722595,
                    0.11450309306383133,
                    0.4615766704082489
                ],
                [
                    0.0,
                    0.0,
                    0.0,
                    1.0
                ]
            ]
        },
        {
            "file_path": "/data/shapenet_blender/all_50_random/02958343/2f13fc44e7e06816a134736201a79843/r_34",
            "rotation": 0.12566370614359174,
            "transform_matrix": [
                [
                    -0.8903746008872986,
                    0.13504014909267426,
                    -0.43473801016807556,
                    -1.752484917640686
                ],
                [
                    -0.4552285075187683,
                    -0.26412302255630493,
                    0.8502975702285767,
                    3.427659034729004
                ],
                [
                    -7.450580152834618e-09,
                    0.9549885392189026,
                    0.29664260149002075,
                    1.1958045959472656
                ],
                [
                    0.0,
                    0.0,
                    0.0,
                    1.0
                ]
            ]
        },
        {
            "file_path": "/data/shapenet_blender/all_50_random/02958343/2f13fc44e7e06816a134736201a79843/r_35",
            "rotation": 0.12566370614359174,
            "transform_matrix": [
                [
                    -0.9271777868270874,
                    0.034199684858322144,
                    0.37305721640586853,
                    1.503841757774353
                ],
                [
                    0.37462151050567627,
                    0.08464325964450836,
                    0.9233061075210571,
                    3.721966028213501
                ],
                [
                    0.0,
                    0.9958242774009705,
                    -0.09129127860069275,
                    -0.3680069148540497
                ],
                [
                    0.0,
                    0.0,
                    0.0,
                    1.0
                ]
            ]
        },
        {
            "file_path": "/data/shapenet_blender/all_50_random/02958343/2f13fc44e7e06816a134736201a79843/r_36",
            "rotation": 0.12566370614359174,
            "transform_matrix": [
                [
                    0.903751790523529,
                    0.19221888482570648,
                    -0.38247179985046387,
                    -1.5417931079864502
                ],
                [
                    -0.4280570447444916,
                    0.40582945942878723,
                    -0.8075082302093506,
                    -3.2551698684692383
                ],
                [
                    -1.4901162970204496e-08,
                    0.8935067653656006,
                    0.4490497410297394,
                    1.8101774454116821
                ],
                [
                    0.0,
                    0.0,
                    0.0,
                    1.0
                ]
            ]
        },
        {
            "file_path": "/data/shapenet_blender/all_50_random/02958343/2f13fc44e7e06816a134736201a79843/r_37",
            "rotation": 0.12566370614359174,
            "transform_matrix": [
                [
                    -0.7571674585342407,
                    0.5791701078414917,
                    0.3020918369293213,
                    1.2177711725234985
                ],
                [
                    0.6532208323478699,
                    0.6713330745697021,
                    0.3501635193824768,
                    1.4115543365478516
                ],
                [
                    0.0,
                    0.4624650180339813,
                    -0.8866375088691711,
                    -3.5741500854492188
                ],
                [
                    0.0,
                    0.0,
                    0.0,
                    1.0
                ]
            ]
        },
        {
            "file_path": "/data/shapenet_blender/all_50_random/02958343/2f13fc44e7e06816a134736201a79843/r_38",
            "rotation": 0.12566370614359174,
            "transform_matrix": [
                [
                    0.009094162844121456,
                    -0.15390346944332123,
                    -0.988044023513794,
                    -3.9829330444335938
                ],
                [
                    -0.9999586343765259,
                    -0.0013996809720993042,
                    -0.008985803462564945,
                    -0.03622293472290039
                ],
                [
                    0.0,
                    0.9880849123001099,
                    -0.153909832239151,
                    -0.6204304099082947
                ],
                [
                    0.0,
                    0.0,
                    0.0,
                    1.0
                ]
            ]
        },
        {
            "file_path": "/data/shapenet_blender/all_50_random/02958343/2f13fc44e7e06816a134736201a79843/r_39",
            "rotation": 0.12566370614359174,
            "transform_matrix": [
                [
                    0.5118910670280457,
                    0.3157722055912018,
                    -0.7989089488983154,
                    -3.2205049991607666
                ],
                [
                    -0.8590505123138428,
                    0.18816237151622772,
                    -0.476053923368454,
                    -1.919034719467163
                ],
                [
                    0.0,
                    0.9299907684326172,
                    0.36758285760879517,
                    1.481773853302002
                ],
                [
                    0.0,
                    0.0,
                    0.0,
                    1.0
                ]
            ]
        },
        {
            "file_path": "/data/shapenet_blender/all_50_random/02958343/2f13fc44e7e06816a134736201a79843/r_40",
            "rotation": 0.12566370614359174,
            "transform_matrix": [
                [
                    -0.4999391734600067,
                    0.46076589822769165,
                    0.7333181500434875,
                    2.9560999870300293
                ],
                [
                    0.8660604357719421,
                    0.26598018407821655,
                    0.42331281304359436,
                    1.7064284086227417
                ],
                [
                    0.0,
                    0.8467284440994263,
                    -0.5320250988006592,
                    -2.1446616649627686
                ],
                [
                    0.0,
                    0.0,
                    0.0,
                    1.0
                ]
            ]
        },
        {
            "file_path": "/data/shapenet_blender/all_50_random/02958343/2f13fc44e7e06816a134736201a79843/r_41",
            "rotation": 0.12566370614359174,
            "transform_matrix": [
                [
                    0.7930103540420532,
                    0.3381006121635437,
                    0.5067764520645142,
                    2.042881488800049
                ],
                [
                    0.6092080473899841,
                    -0.44010794162750244,
                    -0.6596744656562805,
                    -2.6592330932617188
                ],
                [
                    0.0,
                    0.831861138343811,
                    -0.5549837350845337,
                    -2.237211227416992
