{
    "class": "02958343",
    "model": "d4f910cd784c38dc90b4e3bfacd1b5e3",
    "remove_doubles": true,
    "edge_split": true,
    "denoise": true,
    "camera_angle_x": 0.6911112070083618,
    "scale_factor": 2.306105637439556,
    "hdri_file": "/data/IndoorHDRDataset2018/9C4A0506-a2c5835c9d.exr",
    "center_offset": [
        0.0,
        0.0,
        3.725290298461914e-09
    ],
    "lights": [],
    "frames": [
        {
            "file_path": "/data/shapenet_blender/all_50_random/02958343/d4f910cd784c38dc90b4e3bfacd1b5e3/r_0",
            "rotation": 0.12566370614359174,
            "transform_matrix": [
                [
                    -0.9086689352989197,
                    -0.16975218057632446,
                    -0.3814511299133301,
                    -1.5376787185668945
                ],
                [
                    -0.41751736402511597,
                    0.3694421648979187,
                    0.8301756978034973,
                    3.3465452194213867
                ],
                [
                    -1.4901161193847656e-08,
                    0.9136173725128174,
                    -0.406575083732605,
                    -1.6389565467834473
                ],
                [
                    0.0,
                    0.0,
                    0.0,
                    1.0
                ]
            ]
        },
        {
            "file_path": "/data/shapenet_blender/all_50_random/02958343/d4f910cd784c38dc90b4e3bfacd1b5e3/r_1",
            "rotation": 0.12566370614359174,
            "transform_matrix": [
                [
                    0.503382682800293,
                    0.17034001648426056,
                    -0.84710693359375,
                    -3.414797306060791
                ],
                [
                    -0.8640636801719666,
                    0.09923599660396576,
                    -0.4935041069984436,
                    -1.9893786907196045
                ],
                [
                    0.0,
                    0.9803755879402161,
                    0.19713829457759857,
                    0.7946898937225342
                ],
                [
                    0.0,
                    0.0,
                    0.0,
                    1.0
                ]
            ]
        },
        {
            "file_path": "/data/shapenet_blender/all_50_random/02958343/d4f910cd784c38dc90b4e3bfacd1b5e3/r_2",
            "rotation": 0.12566370614359174,
            "transform_matrix": [
                [
                    -0.9493796825408936,
                    -0.008300465531647205,
                    0.3140213191509247,
                    1.2658604383468628
                ],
                [
                    0.3141310214996338,
                    -0.02508600614964962,
                    0.9490481615066528,
                    3.825735330581665
                ],
                [
                    -9.313225746154785e-10,
                    0.999650776386261,
                    0.026423580944538116,
                    0.10651685297489166
                ],
                [
                    0.0,
                    0.0,
                    0.0,
                    1.0
                ]
            ]
        },
        {
            "file_path": "/data/shapenet_blender/all_50_random/02958343/d4f910cd784c38dc90b4e3bfacd1b5e3/r_3",
            "rotation": 0.12566370614359174,
            "transform_matrix": [
                [
                    -0.7958409786224365,
                    -0.3052879571914673,
                    0.5229113698005676,
                    2.1079235076904297
                ],
                [
                    0.6055057048797607,
                    -0.40125250816345215,
                    0.6872839331626892,
                    2.7705304622650146
                ],
                [
                    0.0,
                    0.8635945916175842,
                    0.504186749458313,
                    2.032442092895508
                ],
                [
                    0.0,
                    0.0,
                    0.0,
                    1.0
                ]
            ]
        },
        {
            "file_path": "/data/shapenet_blender/all_50_random/02958343/d4f910cd784c38dc90b4e3bfacd1b5e3/r_4",
            "rotation": 0.12566370614359174,
            "transform_matrix": [
                [
                    0.1007273867726326,
                    -0.14035406708717346,
                    -0.9849643111228943,
                    -3.970518112182617
                ],
                [
                    -0.9949140548706055,
                    -0.014209767803549767,
                    -0.0997200533747673,
                    -0.40198439359664917
                ],
                [
                    9.313225746154785e-10,
                    0.9899993538856506,
                    -0.14107154309749603,
                    -0.5686776041984558
                ],
                [
                    0.0,
                    0.0,
                    0.0,
                    1.0
                ]
            ]
        },
        {
            "file_path": "/data/shapenet_blender/all_50_random/02958343/d4f910cd784c38dc90b4e3bfacd1b5e3/r_5",
            "rotation": 0.12566370614359174,
            "transform_matrix": [
                [
                    -0.39240050315856934,
                    0.07602453231811523,
                    0.9166472554206848,
                    3.6951231956481934
                ],
                [
                    0.919794499874115,
                    0.0324333980679512,
                    0.3910578191280365,
                    1.5764044523239136
                ],
                [
                    3.725290298461914e-09,
                    0.9965783357620239,
                    -0.08265382796525955,
                    -0.3331882357597351
                ],
                [
                    0.0,
                    0.0,
                    0.0,
                    1.0
                ]
            ]
        },
        {
            "file_path": "/data/shapenet_blender/all_50_random/02958343/d4f910cd784c38dc90b4e3bfacd1b5e3/r_6",
            "rotation": 0.12566370614359174,
            "transform_matrix": [
                [
                    0.9787071347236633,
                    -0.09332416951656342,
                    0.1828194260597229,
                    0.7369686961174011
                ],
                [
                    0.20526164770126343,
                    0.4449785351753235,
                    -0.8717004656791687,
                    -3.513936996459961
                ],
                [
                    0.0,
                    0.8906651139259338,
                    0.45465967059135437,
                    1.832791805267334
                ],
                [
                    0.0,
                    0.0,
                    0.0,
                    1.0
                ]
            ]
        },
        {
            "file_path": "/data/shapenet_blender/all_50_random/02958343/d4f910cd784c38dc90b4e3bfacd1b5e3/r_7",
            "rotation": 0.12566370614359174,
            "transform_matrix": [
                [
                    -0.473207950592041,
                    0.1551423817873001,
                    0.867182195186615,
                    3.4957234859466553
                ],
                [
                    0.8809508085250854,
                    0.08333565294742584,
                    0.465812087059021,
                    1.877748727798462
                ],
                [
                    7.450580596923828e-09,
                    0.9843708872795105,
                    -0.17610786855220795,
                    -0.7099136114120483
                ],
                [
                    0.0,
                    0.0,
                    0.0,
                    1.0
                ]
            ]
        },
        {
            "file_path": "/data/shapenet_blender/all_50_random/02958343/d4f910cd784c38dc90b4e3bfacd1b5e3/r_8",
            "rotation": 0.12566370614359174,
            "transform_matrix": [
                [
                    -0.20857028663158417,
                    -0.47299566864967346,
                    -0.8560218811035156,
                    -3.4507346153259277
                ],
                [
                    -0.978007435798645,
                    0.1008712574839592,
                    0.18255560100078583,
                    0.7359051704406738
                ],
                [
                    -7.450581485102248e-09,
                    0.8752713203430176,
                    -0.48363205790519714,
                    -1.9495831727981567
                ],
                [
                    0.0,
                    0.0,
                    0.0,
                    1.0
                ]
            ]
        },
        {
            "file_path": "/data/shapenet_blender/all_50_random/02958343/d4f910cd784c38dc90b4e3bfacd1b5e3/r_9",
            "rotation": 0.12566370614359174,
            "transform_matrix": [
                [
                    -0.44183313846588135,
                    0.5473546385765076,
                    -0.7107647061347961,
                    -2.8651838302612305
                ],
                [
                    -0.8970972299575806,
                    -0.2695799469947815,
                    0.35006171464920044,
                    1.4111437797546387
                ],
                [
                    -1.4901159417490817e-08,
                    0.7922938466072083,
                    0.610139787197113,
                    2.4595518112182617
                ],
                [
                    0.0,
                    0.0,
                    0.0,
                    1.0
                ]
            ]
        },
        {
            "file_path": "/data/shapenet_blender/all_50_random/02958343/d4f910cd784c38dc90b4e3bfacd1b5e3/r_10",
            "rotation": 0.12566370614359174,
            "transform_matrix": [
                [
                    -0.7315889000892639,
                    -0.051285695284605026,
                    -0.6798142194747925,
                    -2.7404189109802246
                ],
                [
                    -0.6817460656166077,
                    0.055035222321748734,
                    0.7295158505439758,
                    2.940772771835327
                ],
                [
                    -3.725290298461914e-09,
                    0.9971663355827332,
                    -0.07522697746753693,
                    -0.30324968695640564
                ],
                [
                    0.0,
                    0.0,
                    0.0,
                    1.0
                ]
            ]
        },
        {
            "file_path": "/data/shapenet_blender/all_50_random/02958343/d4f910cd784c38dc90b4e3bfacd1b5e3/r_11",
            "rotation": 0.12566370614359174,
            "transform_matrix": [
                [
                    -0.30905547738075256,
                    0.0022242178674787283,
                    -0.9510414004325867,
                    -3.833770513534546
                ],
                [
                    -0.9510440230369568,
                    -0.0007227916503325105,
                    0.3090546131134033,
                    1.24583899974823
                ],
                [
                    0.0,
                    0.9999972581863403,
                    0.0023387118708342314,
                    0.009427648968994617
                ],
                [
                    0.0,
                    0.0,
                    0.0,
                    1.0
                ]
            ]
        },
        {
            "file_path": "/data/shapenet_blender/all_50_random/02958343/d4f910cd784c38dc90b4e3bfacd1b5e3/r_12",
            "rotation": 0.12566370614359174,
            "transform_matrix": [
                [
                    -0.9836211204528809,
                    -0.11069090664386749,
                    -0.14225715398788452,
                    -0.5734570026397705
                ],
                [
                    -0.18024864792823792,
                    0.6040428280830383,
                    0.7763005495071411,
                    3.1293678283691406
                ],
                [
                    7.450580596923828e-09,
                    0.7892272472381592,
                    -0.6141011118888855,
                    -2.4755210876464844
                ],
                [
                    0.0,
                    0.0,
                    0.0,
                    1.0
                ]
            ]
        },
        {
            "file_path": "/data/shapenet_blender/all_50_random/02958343/d4f910cd784c38dc90b4e3bfacd1b5e3/r_13",
            "rotation": 0.12566370614359174,
            "transform_matrix": [
                [
                    -0.8662843704223633,
                    -0.4182624816894531,
                    -0.27314454317092896,
                    -1.1010808944702148
                ],
                [
                    -0.49955126643180847,
                    0.7253194451332092,
                    0.473666787147522,
                    1.909411907196045
                ],
                [
                    0.0,
                    0.5467796921730042,
                    -0.8372764587402344,
                    -3.375169277191162
                ],
                [
                    0.0,
                    0.0,
                    0.0,
                    1.0
                ]
            ]
        },
        {
            "file_path": "/data/shapenet_blender/all_50_random/02958343/d4f910cd784c38dc90b4e3bfacd1b5e3/r_14",
            "rotation": 0.12566370614359174,
            "transform_matrix": [
                [
                    -0.9634961485862732,
                    -0.026574673131108284,
                    0.26639968156814575,
                    1.0738914012908936
                ],
                [
                    0.26772183179855347,
                    -0.09563878923654556,
                    0.958737850189209,
                    3.864795684814453
                ],
                [
                    -1.8626445941194447e-09,
                    0.9950613379478455,
                    0.09926223754882812,
                    0.40013885498046875
                ],
                [
                    0.0,
                    0.0,
                    0.0,
                    1.0
                ]
            ]
        },
        {
            "file_path": "/data/shapenet_blender/all_50_random/02958343/d4f910cd784c38dc90b4e3bfacd1b5e3/r_15",
            "rotation": 0.12566370614359174,
            "transform_matrix": [
                [
                    0.988105297088623,
                    -0.03635501116514206,
                    -0.14941932260990143,
                    -0.6023285388946533
                ],
                [
                    -0.15377846360206604,
                    -0.23359955847263336,
                    -0.9600955247879028,
                    -3.8702688217163086
                ],
                [
                    -3.725290076417309e-09,
                    0.9716529250144958,
                    -0.23641160130500793,
                    -0.9530056715011597
                ],
                [
                    0.0,
                    0.0,
                    0.0,
                    1.0
                ]
            ]
        },
        {
            "file_path": "/data/shapenet_blender/all_50_random/02958343/d4f910cd784c38dc90b4e3bfacd1b5e3/r_16",
            "rotation": 0.12566370614359174,
            "transform_matrix": [
                [
                    0.2284954935312271,
                    0.7353583574295044,
                    0.6379950642585754,
                    2.571840524673462
                ],
                [
                    0.9735450744628906,
                    -0.17259196937084198,
                    -0.14974036812782288,
                    -0.6036227941513062
                ],
                [
                    -7.450581485102248e-09,
                    0.6553319096565247,
                    -0.7553409337997437,
                    -3.044877052307129
                ],
                [
                    0.0,
                    0.0,
                    0.0,
                    1.0
                ]
            ]
        },
        {
            "file_path": "/data/shapenet_blender/all_50_random/02958343/d4f910cd784c38dc90b4e3bfacd1b5e3/r_17",
            "rotation": 0.12566370614359174,
            "transform_matrix": [
                [
                    -0.9590245485305786,
                    0.16490665078163147,
                    -0.23038609325885773,
                    -0.9287161231040955
                ],
                [
                    -0.2833230793476105,
                    -0.5581949949264526,
                    0.7798373103141785,
                    3.143625020980835
                ],
                [
                    -1.4901161193847656e-08,
                    0.8131568431854248,
                    0.5820445418357849,
                    2.346296787261963
                ],
                [
                    0.0,
                    0.0,
                    0.0,
                    1.0
                ]
            ]
        },
        {
            "file_path": "/data/shapenet_blender/all_50_random/02958343/d4f910cd784c38dc90b4e3bfacd1b5e3/r_18",
            "rotation": 0.12566370614359174,
            "transform_matrix": [
                [
                    -0.08657631278038025,
                    -0.15331342816352844,
                    0.9843778014183044,
                    3.968153476715088
                ],
                [
                    0.9962452054023743,
                    -0.013323336839675903,
                    0.08554499596357346,
                    0.3448428809642792
                ],
                [
                    9.313224635931761e-10,
                    0.9880877733230591,
                    0.15389126539230347,
                    0.620355486869812
                ],
                [
                    0.0,
                    0.0,
                    0.0,
                    1.0
                ]
            ]
        },
        {
            "file_path": "/data/shapenet_blender/all_50_random/02958343/d4f910cd784c38dc90b4e3bfacd1b5e3/r_19",
            "rotation": 0.12566370614359174,
            "transform_matrix": [
                [
                    0.9634748697280884,
                    -0.17378081381320953,
                    0.20375607907772064,
                    0.8213670253753662
                ],
                [
                    0.26779904961586,
                    0.6252204775810242,
                    -0.7330641150474548,
                    -2.955075979232788
                ],
                [
                    0.0,
                    0.7608543634414673,
                    0.6489225625991821,
                    2.6158905029296875
                ],
                [
                    0.0,
                    0.0,
                    0.0,
                    1.0
                ]
            ]
        },
        {
            "file_path": "/data/shapenet_blender/all_50_random/02958343/d4f910cd784c38dc90b4e3bfacd1b5e3/r_20",
            "rotation": 0.12566370614359174,
            "transform_matrix": [
                [
                    -0.3994791805744171,
                    0.26565390825271606,
                    0.8774077892303467,
                    3.5369439125061035
                ],
                [
                    0.9167423844337463,
                    0.11576121300458908,
                    0.3823387622833252,
                    1.5412569046020508
                ],
                [
                    0.0,
                    0.9570931196212769,
                    -0.2897803485393524,
                    -1.1681419610977173
                ],
                [
                    0.0,
                    0.0,
                    0.0,
                    1.0
                ]
            ]
        },
        {
            "file_path": "/data/shapenet_blender/all_50_random/02958343/d4f910cd784c38dc90b4e3bfacd1b5e3/r_21",
            "rotation": 0.12566370614359174,
            "transform_matrix": [
                [
                    -0.9603356122970581,
                    -0.00956745445728302,
                    -0.2786824405193329,
                    -1.1234049797058105
                ],
                [
                    -0.2788466513156891,
                    0.032949890941381454,
                    0.959770143032074,
                    3.86895751953125
                ],
                [
                    0.0,
                    0.9994111061096191,
                    -0.034310806542634964,
                    -0.13831129670143127
                ],
                [
                    0.0,
                    0.0,
                    0.0,
                    1.0
                ]
            ]
        },
        {
            "file_path": "/data/shapenet_blender/all_50_random/02958343/d4f910cd784c38dc90b4e3bfacd1b5e3/r_22",
            "rotation": 0.12566370614359174,
            "transform_matrix": [
                [
                    -0.7263861894607544,
                    0.20145851373672485,
                    0.6570978164672852,
                    2.64884614944458
                ],
                [
                    0.6872867941856384,
                    0.21291938424110413,
                    0.694479763507843,
                    2.7995376586914062
                ],
                [
                    0.0,
                    0.956075131893158,
                    -0.29312145709991455,
                    -1.1816104650497437
                ],
                [
                    0.0,
                    0.0,
                    0.0,
                    1.0
                ]
            ]
        },
        {
            "file_path": "/data/shapenet_blender/all_50_random/02958343/d4f910cd784c38dc90b4e3bfacd1b5e3/r_23",
            "rotation": 0.12566370614359174,
            "transform_matrix": [
                [
                    -0.9536957144737244,
                    -0.0593893863260746,
                    0.2948514223098755,
                    1.1885840892791748
                ],
                [
                    0.30077308416366577,
                    -0.18831272423267365,
                    0.9349191784858704,
                    3.7687795162200928
                ],
                [
                    0.0,
                    0.9803117513656616,
                    0.1974557787179947,
                    0.7959696650505066
                ],
                [
                    0.0,
                    0.0,
                    0.0,
                    1.0
                ]
            ]
        },
        {
            "file_path": "/data/shapenet_blender/all_50_random/02958343/d4f910cd784c38dc90b4e3bfacd1b5e3/r_24",
            "rotation": 0.12566370614359174,
            "transform_matrix": [
                [
                    0.9202483296394348,
                    0.015030558221042156,
                    0.3910461664199829,
                    1.5763574838638306
                ],
                [
                    0.3913348913192749,
                    -0.03534528985619545,
                    -0.9195693135261536,
                    -3.706902265548706
                ],
                [
                    9.313224080820248e-10,
                    0.9992621541023254,
                    -0.038408420979976654,
                    -0.15482929348945618
                ],
                [
                    0.0,
                    0.0,
                    0.0,
                    1.0
                ]
            ]
        },
        {
            "file_path": "/data/shapenet_blender/all_50_random/02958343/d4f910cd784c38dc90b4e3bfacd1b5e3/r_25",
            "rotation": 0.12566370614359174,
            "transform_matrix": [
                [
                    -0.5134100317955017,
                    -0.36725470423698425,
                    0.7755862474441528,
                    3.126488447189331
                ],
                [
                    0.8581435084342957,
                    -0.21972112357616425,
                    0.46401771903038025,
                    1.8705153465270996
                ],
                [
                    -1.4901161193847656e-08,
                    0.9037956595420837,
                    0.4279642105102539,
                    1.7251790761947632
                ],
                [
                    0.0,
                    0.0,
                    0.0,
                    1.0
                ]
            ]
        },
        {
            "file_path": "/data/shapenet_blender/all_50_random/02958343/d4f910cd784c38dc90b4e3bfacd1b5e3/r_26",
            "rotation": 0.12566370614359174,
            "transform_matrix": [
                [
                    0.9908283352851868,
                    -0.0002459482930134982,
                    -0.1351270079612732,
                    -0.5447144508361816
                ],
                [
                    -0.1351272612810135,
                    -0.0018034299137070775,
                    -0.9908265471458435,
                    -3.994149923324585
                ],
                [
                    0.0,
                    0.9999982714653015,
                    -0.0018201236380264163,
                    -0.007337153423577547
                ],
                [
                    0.0,
                    0.0,
                    0.0,
                    1.0
                ]
            ]
        },
        {
            "file_path": "/data/shapenet_blender/all_50_random/02958343/d4f910cd784c38dc90b4e3bfacd1b5e3/r_27",
            "rotation": 0.12566370614359174,
            "transform_matrix": [
                [
                    0.9400059580802917,
                    -0.039037514477968216,
                    -0.33891740441322327,
                    -1.3662197589874268
                ],
                [
                    -0.3411582410335541,
                    -0.10756151378154755,
                    -0.9338316917419434,
                    -3.7643959522247314
                ],
                [
                    0.0,
                    0.9934317469596863,
                    -0.11442642658948898,
                    -0.4612676799297333
                ],
                [
                    0.0,
                    0.0,
                    0.0,
                    1.0
                ]
            ]
        },
        {
            "file_path": "/data/shapenet_blender/all_50_random/02958343/d4f910cd784c38dc90b4e3bfacd1b5e3/r_28",
            "rotation": 0.12566370614359174,
            "transform_matrix": [
                [
                    0.3301587998867035,
                    0.5599691271781921,
                    0.7598880529403687,
                    3.063206672668457
                ],
                [
                    0.9439253807067871,
                    -0.1958615779876709,
                    -0.26578766107559204,
                    -1.0714243650436401
                ],
                [
                    -1.4901161193847656e-08,
                    0.8050296902656555,
                    -0.5932344794273376,
                    -2.391404628753662
                ],
                [
                    0.0,
                    0.0,
                    0.0,
                    1.0
                ]
            ]
        },
        {
            "file_path": "/data/shapenet_blender/all_50_random/02958343/d4f910cd784c38dc90b4e3bfacd1b5e3/r_29",
            "rotation": 0.12566370614359174,
            "transform_matrix": [
                [
                    -0.9599524736404419,
                    0.008105415850877762,
                    0.28004562854766846,
                    1.1288999319076538
                ],
                [
                    0.28016284108161926,
                    0.02777246944606304,
                    0.9595507383346558,
                    3.868072271347046
                ],
                [
                    -4.6566125955216364e-10,
                    0.9995813369750977,
                    -0.028931088745594025,
                    -0.11662493646144867
                ],
                [
                    0.0,
                    0.0,
                    0.0,
                    1.0
                ]
            ]
        },
        {
            "file_path": "/data/shapenet_blender/all_50_random/02958343/d4f910cd784c38dc90b4e3bfacd1b5e3/r_30",
            "rotation": 0.12566370614359174,
            "transform_matrix": [
                [
                    -0.7924137115478516,
                    0.042456574738025665,
                    -0.6085047125816345,
                    -2.452960968017578
                ],
                [
                    -0.6099840402603149,
                    -0.05515417829155922,
                    0.7904918789863586,
                    3.186574697494507
                ],
                [
                    0.0,
                    0.9975746870040894,
                    0.06960275769233704,
                    0.280577689409256
                ],
                [
                    0.0,
                    0.0,
                    0.0,
                    1.0
                ]
            ]
        },
        {
            "file_path": "/data/shapenet_blender/all_50_random/02958343/d4f910cd784c38dc90b4e3bfacd1b5e3/r_31",
            "rotation": 0.12566370614359174,
            "transform_matrix": [
                [
                    -0.29056525230407715,
                    0.026407279074192047,
                    -0.956490695476532,
                    -3.8557374477386475
                ],
                [
                    -0.956855297088623,
                    -0.00801901612430811,
                    0.29045453667640686,
                    1.1708598136901855
                ],
                [
                    0.0,
                    0.9996190667152405,
                    0.02759799174964428,
                    0.11125107109546661
                ],
                [
                    0.0,
                    0.0,
                    0.0,
                    1.0
                ]
            ]
        },
        {
            "file_path": "/data/shapenet_blender/all_50_random/02958343/d4f910cd784c38dc90b4e3bfacd1b5e3/r_32",
            "rotation": 0.12566370614359174,
            "transform_matrix": [
                [
                    -0.8240833282470703,
                    0.3964454233646393,
                    0.40462052822113037,
                    1.6310772895812988
                ],
                [
                    0.5664687156677246,
                    0.5767380595207214,
                    0.5886309742927551,
                    2.372847080230713
                ],
                [
                    -1.4901161193847656e-08,
                    0.714285671710968,
                    -0.6998541951179504,
                    -2.821202278137207
                ],
                [
                    0.0,
                    0.0,
                    0.0,
                    1.0
                ]
            ]
        },
        {
            "file_path": "/data/shapenet_blender/all_50_random/02958343/d4f910cd784c38dc90b4e3bfacd1b5e3/r_33",
            "rotation": 0.12566370614359174,
            "transform_matrix": [
                [
                    0.6281150579452515,
                    -0.3330675959587097,
                    0.703233540058136,
                    2.834825038909912
                ],
                [
                    0.7781204581260681,
                    0.2688591182231903,
                    -0.5676648020744324,
                    -2.288330078125
                ],
                [
                    0.0,
                    0.9037593007087708,
                    0.42804113030433655,
                    1.7254890203475952
                ],
                [
                    0.0,
                    0.0,
                    0.0,
                    1.0
                ]
            ]
        },
        {
            "file_path": "/data/shapenet_blender/all_50_random/02958343/d4f910cd784c38dc90b4e3bfacd1b5e3/r_34",
            "rotation": 0.12566370614359174,
            "transform_matrix": [
                [
                    -0.45432817935943604,
                    0.19220107793807983,
                    0.8698533177375793,
                    3.506490468978882
                ],
                [
                    0.890834391117096,
                    0.09802312403917313,
                    0.4436277449131012,
                    1.7883204221725464
                ],
                [
                    -7.450580152834618e-09,
                    0.9764477014541626,
                    -0.21575404703617096,
                    -0.8697322607040405
                ],
                [
                    0.0,
                    0.0,
                    0.0,
                    1.0
                ]
            ]
        },
        {
            "file_path": "/data/shapenet_blender/all_50_random/02958343/d4f910cd784c38dc90b4e3bfacd1b5e3/r_35",
            "rotation": 0.12566370614359174,
            "transform_matrix": [
                [
                    0.8768489360809326,
                    -0.19427475333213806,
                    0.4397650361061096,
                    1.772749662399292
                ],
                [
                    0.4807661175727844,
                    0.35432949662208557,
                    -0.802068829536438,
                    -3.233243227005005
                ],
                [
                    0.0,
                    0.9147173166275024,
                    0.4040941298007965,
                    1.628955602645874
                ],
                [
                    0.0,
                    0.0,
                    0.0,
                    1.0
                ]
            ]
        },
        {
            "file_path": "/data/shapenet_blender/all_50_random/02958343/d4f910cd784c38dc90b4e3bfacd1b5e3/r_36",
            "rotation": 0.12566370614359174,
            "transform_matrix": [
                [
                    -0.8077158331871033,
                    0.21060971915721893,
                    0.5506709814071655,
                    2.2198259830474854
                ],
                [
                    0.5895718932151794,
                    0.2885361909866333,
                    0.7544214725494385,
                    3.041170358657837
                ],
                [
                    -1.4901159417490817e-08,
                    0.9340184926986694,
                    -0.3572247624397278,
                    -1.4400192499160767
                ],
                [
                    0.0,
                    0.0,
                    0.0,
                    1.0
                ]
            ]
        },
        {
            "file_path": "/data/shapenet_blender/all_50_random/02958343/d4f910cd784c38dc90b4e3bfacd1b5e3/r_37",
            "rotation": 0.12566370614359174,
            "transform_matrix": [
                [
                    0.5298405289649963,
                    -0.28254249691963196,
                    0.7996491193771362,
                    3.2234888076782227
                ],
                [
                    0.8480973243713379,
                    0.17651568353176117,
                    -0.4995730221271515,
                    -2.013843297958374
                ],
                [
                    0.0,
                    0.9428741931915283,
                    0.33314868807792664,
                    1.3429653644561768
                ],
                [
                    0.0,
                    0.0,
                    0.0,
                    1.0
                ]
            ]
        },
        {
            "file_path": "/data/shapenet_blender/all_50_random/02958343/d4f910cd784c38dc90b4e3bfacd1b5e3/r_38",
            "rotation": 0.12566370614359174,
            "transform_matrix": [
                [
                    0.9881666302680969,
                    -0.038942862302064896,
                    -0.14835834503173828,
                    -0.5980516672134399
                ],
                [
                    -0.15338431298732758,
                    -0.25088638067245483,
                    -0.9557870626449585,
                    -3.8529014587402344
                ],
                [
                    -3.725290298461914e-09,
                    0.9672328233718872,
                    -0.2538907527923584,
                    -1.0234664678573608
                ],
                [
                    0.0,
                    0.0,
                    0.0,
                    1.0
                ]
            ]
        },
        {
            "file_path": "/data/shapenet_blender/all_50_random/02958343/d4f910cd784c38dc90b4e3bfacd1b5e3/r_39",
            "rotation": 0.12566370614359174,
            "transform_matrix": [
                [
                    0.2545628249645233,
                    0.2032902091741562,
                    -0.9454473853111267,
                    -3.811220407485962
                ],
                [
                    -0.9670562744140625,
                    0.053513053804636,
                    -0.24887461960315704,
                    -1.0032457113265991
                ],
                [
                    0.0,
                    0.9776549935340881,
                    0.2102154940366745,
                    0.8474057912826538
                ],
                [
                    0.0,
                    0.0,
                    0.0,
                    1.0
                ]
            ]
        },
        {
            "file_path": "/data/shapenet_blender/all_50_random/02958343/d4f910cd784c38dc90b4e3bfacd1b5e3/r_40",
            "rotation": 0.12566370614359174,
            "transform_matrix": [
                [
                    -0.9941903352737427,
                    0.06239400431513786,
                    0.08770784735679626,
                    0.3535616397857666
                ],
                [
                    0.10763679444789886,
                    0.576304018497467,
                    0.8101160526275635,
                    3.2656822204589844
                ],
                [
                    0.0,
                    0.8148500919342041,
                    -0.5796717405319214,
                    -2.336731433868408
                ],
                [
                    0.0,
                    0.0,
                    0.0,
                    1.0
                ]
            ]
        },
        {
            "file_path": "/data/shapenet_blender/all_50_random/02958343/d4f910cd784c38dc90b4e3bfacd1b5e3/r_41",
            "rotation": 0.12566370614359174,
            "transform_matrix": [
                [
                    0.9433389902114868,
                    0.0012592446291819215,
                    -0.33182811737060547,
                    -1.337641954421997
                ],
                [
                    -0.3318304717540741,
                    0.0035798235330730677,
                    -0.9433322548866272,
                    -3.8026938438415527
