{
    "class": "02958343",
    "model": "6fcd4ab4d968a975715e04edb8af9c53",
    "remove_doubles": true,
    "edge_split": true,
    "denoise": true,
    "camera_angle_x": 0.6911112070083618,
    "scale_factor": 2.1993490131339835,
    "hdri_file": "/data/IndoorHDRDataset2018/9C4A8957-2a59cb809e.exr",
    "center_offset": [
        0.0,
        0.0,
        -2.561137080192566e-09
    ],
    "lights": [],
    "frames": [
        {
            "file_path": "/data/shapenet_blender/all_50_random/02958343/6fcd4ab4d968a975715e04edb8af9c53/r_0",
            "rotation": 0.12566370614359174,
            "transform_matrix": [
                [
                    0.6412246227264404,
                    -0.7278681993484497,
                    -0.2429790198802948,
                    -0.9794797301292419
                ],
                [
                    -0.7673532366752625,
                    -0.6082297563552856,
                    -0.2030409872531891,
                    -0.8184844255447388
                ],
                [
                    1.4901161193847656e-08,
                    0.3166455626487732,
                    -0.948543906211853,
                    -3.823702812194824
                ],
                [
                    0.0,
                    0.0,
                    0.0,
                    1.0
                ]
            ]
        },
        {
            "file_path": "/data/shapenet_blender/all_50_random/02958343/6fcd4ab4d968a975715e04edb8af9c53/r_1",
            "rotation": 0.12566370614359174,
            "transform_matrix": [
                [
                    -0.3316550850868225,
                    0.5151243805885315,
                    0.7903491854667664,
                    3.1859993934631348
                ],
                [
                    0.9434007406234741,
                    0.18109336495399475,
                    0.27784937620162964,
                    1.120046615600586
                ],
                [
                    0.0,
                    0.837766170501709,
                    -0.5460292100906372,
                    -2.2011141777038574
                ],
                [
                    0.0,
                    0.0,
                    0.0,
                    1.0
                ]
            ]
        },
        {
            "file_path": "/data/shapenet_blender/all_50_random/02958343/6fcd4ab4d968a975715e04edb8af9c53/r_2",
            "rotation": 0.12566370614359174,
            "transform_matrix": [
                [
                    0.9993406534194946,
                    0.005760019179433584,
                    -0.03584717959165573,
                    -0.1445046067237854
                ],
                [
                    -0.03630699962377548,
                    0.15854302048683167,
                    -0.986684262752533,
                    -3.9774515628814697
                ],
                [
                    0.0,
                    0.9873352646827698,
                    0.15864761173725128,
                    0.6395289897918701
                ],
                [
                    0.0,
                    0.0,
                    0.0,
                    1.0
                ]
            ]
        },
        {
            "file_path": "/data/shapenet_blender/all_50_random/02958343/6fcd4ab4d968a975715e04edb8af9c53/r_3",
            "rotation": 0.12566370614359174,
            "transform_matrix": [
                [
                    0.5874163508415222,
                    0.08750796318054199,
                    -0.8045398592948914,
                    -3.24320387840271
                ],
                [
                    -0.8092849254608154,
                    0.06351732462644577,
                    -0.583972156047821,
                    -2.354067087173462
                ],
                [
                    7.450580596923828e-09,
                    0.9941368103027344,
                    0.10812997072935104,
                    0.43588584661483765
                ],
                [
                    0.0,
                    0.0,
                    0.0,
                    1.0
                ]
            ]
        },
        {
            "file_path": "/data/shapenet_blender/all_50_random/02958343/6fcd4ab4d968a975715e04edb8af9c53/r_4",
            "rotation": 0.12566370614359174,
            "transform_matrix": [
                [
                    0.9853690266609192,
                    0.06669647246599197,
                    0.1568428874015808,
                    0.632253885269165
                ],
                [
                    0.1704350858926773,
                    -0.385605126619339,
                    -0.9067858457565308,
                    -3.6553707122802734
                ],
                [
                    3.725290742551124e-09,
                    0.9202501177787781,
                    -0.39133068919181824,
                    -1.5775045156478882
                ],
                [
                    0.0,
                    0.0,
                    0.0,
                    1.0
                ]
            ]
        },
        {
            "file_path": "/data/shapenet_blender/all_50_random/02958343/6fcd4ab4d968a975715e04edb8af9c53/r_5",
            "rotation": 0.12566370614359174,
            "transform_matrix": [
                [
                    0.5683745741844177,
                    0.11399411410093307,
                    -0.814834713935852,
                    -3.2847037315368652
                ],
                [
                    -0.8227699398994446,
                    0.07874784618616104,
                    -0.5628929138183594,
                    -2.2690939903259277
                ],
                [
                    0.0,
                    0.9903555512428284,
                    0.13854919373989105,
                    0.5585096478462219
                ],
                [
                    0.0,
                    0.0,
                    0.0,
                    1.0
                ]
            ]
        },
        {
            "file_path": "/data/shapenet_blender/all_50_random/02958343/6fcd4ab4d968a975715e04edb8af9c53/r_6",
            "rotation": 0.12566370614359174,
            "transform_matrix": [
                [
                    -0.8964446783065796,
                    -0.05391492694616318,
                    0.4398636817932129,
                    1.7731473445892334
                ],
                [
                    0.4431556165218353,
                    -0.10906270891427994,
                    0.8897855281829834,
                    3.5868403911590576
                ],
                [
                    3.725290076417309e-09,
                    0.9925717115402222,
                    0.12166137248277664,
                    0.4904327094554901
                ],
                [
                    0.0,
                    0.0,
                    0.0,
                    1.0
                ]
            ]
        },
        {
            "file_path": "/data/shapenet_blender/all_50_random/02958343/6fcd4ab4d968a975715e04edb8af9c53/r_7",
            "rotation": 0.12566370614359174,
            "transform_matrix": [
                [
                    -0.9953536987304688,
                    -0.020814312621951103,
                    0.09400885552167892,
                    0.37896183133125305
                ],
                [
                    0.09628551453351974,
                    -0.21516844630241394,
                    0.9718186855316162,
                    3.9175264835357666
                ],
                [
                    1.8626450382086546e-09,
                    0.9763551354408264,
                    0.21617281436920166,
                    0.8714205026626587
                ],
                [
                    0.0,
                    0.0,
                    0.0,
                    1.0
                ]
            ]
        },
        {
            "file_path": "/data/shapenet_blender/all_50_random/02958343/6fcd4ab4d968a975715e04edb8af9c53/r_8",
            "rotation": 0.12566370614359174,
            "transform_matrix": [
                [
                    -0.18370403349399567,
                    -0.1182069182395935,
                    0.9758482575416565,
                    3.9337704181671143
                ],
                [
                    0.9829816222190857,
                    -0.022091040387749672,
                    0.18237091600894928,
                    0.7351607084274292
                ],
                [
                    -1.862645149230957e-09,
                    0.9927432537078857,
                    0.12025342881679535,
                    0.48475709557533264
                ],
                [
                    0.0,
                    0.0,
                    0.0,
                    1.0
                ]
            ]
        },
        {
            "file_path": "/data/shapenet_blender/all_50_random/02958343/6fcd4ab4d968a975715e04edb8af9c53/r_9",
            "rotation": 0.12566370614359174,
            "transform_matrix": [
                [
                    -0.9216163754463196,
                    -0.010613511316478252,
                    -0.3879571259021759,
                    -1.5639052391052246
                ],
                [
                    -0.38810229301452637,
                    0.025203624740242958,
                    0.9212716221809387,
                    3.7137646675109863
                ],
                [
                    -9.313225746154785e-10,
                    0.9996259808540344,
                    -0.027347201481461525,
                    -0.11024009436368942
                ],
                [
                    0.0,
                    0.0,
                    0.0,
                    1.0
                ]
            ]
        },
        {
            "file_path": "/data/shapenet_blender/all_50_random/02958343/6fcd4ab4d968a975715e04edb8af9c53/r_10",
            "rotation": 0.12566370614359174,
            "transform_matrix": [
                [
                    0.997555136680603,
                    -0.025876132771372795,
                    -0.06491824984550476,
                    -0.2616938352584839
                ],
                [
                    -0.06988529860973358,
                    -0.3693605065345764,
                    -0.9266546368598938,
                    -3.735464334487915
                ],
                [
                    1.862645371275562e-09,
                    0.9289258122444153,
                    -0.37026581168174744,
                    -1.4925892353057861
                ],
                [
                    0.0,
                    0.0,
                    0.0,
                    1.0
                ]
            ]
        },
        {
            "file_path": "/data/shapenet_blender/all_50_random/02958343/6fcd4ab4d968a975715e04edb8af9c53/r_11",
            "rotation": 0.12566370614359174,
            "transform_matrix": [
                [
                    -0.9979342222213745,
                    0.01269020140171051,
                    0.06297749280929565,
                    0.25387042760849
                ],
                [
                    0.06424333155155182,
                    0.19712528586387634,
                    0.9782710671424866,
                    3.9435369968414307
                ],
                [
                    -9.313225191043273e-10,
                    0.9802961349487305,
                    -0.19753332436084747,
                    -0.7962823510169983
                ],
                [
                    0.0,
                    0.0,
                    0.0,
                    1.0
                ]
            ]
        },
        {
            "file_path": "/data/shapenet_blender/all_50_random/02958343/6fcd4ab4d968a975715e04edb8af9c53/r_12",
            "rotation": 0.12566370614359174,
            "transform_matrix": [
                [
                    -0.9915443658828735,
                    -0.1156965121626854,
                    0.058772433549165726,
                    0.23691925406455994
                ],
                [
                    0.12976858019828796,
                    -0.8840215802192688,
                    0.44907233119010925,
                    1.810268521308899
                ],
                [
                    -3.725290742551124e-09,
                    0.4529018998146057,
                    0.8915603160858154,
                    3.593994617462158
                ],
                [
                    0.0,
                    0.0,
                    0.0,
                    1.0
                ]
            ]
        },
        {
            "file_path": "/data/shapenet_blender/all_50_random/02958343/6fcd4ab4d968a975715e04edb8af9c53/r_13",
            "rotation": 0.12566370614359174,
            "transform_matrix": [
                [
                    -0.854766309261322,
                    0.43260544538497925,
                    0.2867523729801178,
                    1.1559357643127441
                ],
                [
                    0.5190128684043884,
                    0.7124612331390381,
                    0.4722547233104706,
                    1.9037196636199951
                ],
                [
                    1.4901160305669237e-08,
                    0.5524957180023193,
                    -0.8335157632827759,
                    -3.3600094318389893
                ],
                [
                    0.0,
                    0.0,
                    0.0,
                    1.0
                ]
            ]
        },
        {
            "file_path": "/data/shapenet_blender/all_50_random/02958343/6fcd4ab4d968a975715e04edb8af9c53/r_14",
            "rotation": 0.12566370614359174,
            "transform_matrix": [
                [
                    -0.17914848029613495,
                    0.8874383568763733,
                    -0.424686998128891,
                    -1.7119680643081665
                ],
                [
                    -0.9838221073150635,
                    -0.16159753501415253,
                    0.07733312249183655,
                    0.31173980236053467
                ],
                [
                    7.450580596923828e-09,
                    0.4316704571247101,
                    0.9020313024520874,
                    3.636204481124878
                ],
                [
                    0.0,
                    0.0,
                    0.0,
                    1.0
                ]
            ]
        },
        {
            "file_path": "/data/shapenet_blender/all_50_random/02958343/6fcd4ab4d968a975715e04edb8af9c53/r_15",
            "rotation": 0.12566370614359174,
            "transform_matrix": [
                [
                    -0.645668089389801,
                    0.48695728182792664,
                    -0.5882050395011902,
                    -2.3711307048797607
                ],
                [
                    -0.7636180520057678,
                    -0.41174089908599854,
                    0.4973497688770294,
                    2.0048811435699463
                ],
                [
                    1.4901160305669237e-08,
                    0.7702869772911072,
                    0.6376973390579224,
                    2.5706403255462646
                ],
                [
                    0.0,
                    0.0,
                    0.0,
                    1.0
                ]
            ]
        },
        {
            "file_path": "/data/shapenet_blender/all_50_random/02958343/6fcd4ab4d968a975715e04edb8af9c53/r_16",
            "rotation": 0.12566370614359174,
            "transform_matrix": [
                [
                    -0.8936780691146851,
                    -0.26170656085014343,
                    -0.36448487639427185,
                    -1.469285488128662
                ],
                [
                    -0.44870874285697937,
                    0.5212321281433105,
                    0.7259321808815002,
                    2.926326274871826
                ],
                [
                    1.4901161193847656e-08,
                    0.8122972249984741,
                    -0.583243727684021,
                    -2.351130723953247
                ],
                [
                    0.0,
                    0.0,
                    0.0,
                    1.0
                ]
            ]
        },
        {
            "file_path": "/data/shapenet_blender/all_50_random/02958343/6fcd4ab4d968a975715e04edb8af9c53/r_17",
            "rotation": 0.12566370614359174,
            "transform_matrix": [
                [
                    -0.9711648225784302,
                    0.10614943504333496,
                    -0.21347446739673615,
                    -0.8605431318283081
                ],
                [
                    -0.23840945959091187,
                    -0.43240147829055786,
                    0.8695917725563049,
                    3.505436658859253
                ],
                [
                    0.0,
                    0.8954111933708191,
                    0.4452400803565979,
                    1.7948201894760132
                ],
                [
                    0.0,
                    0.0,
                    0.0,
                    1.0
                ]
            ]
        },
        {
            "file_path": "/data/shapenet_blender/all_50_random/02958343/6fcd4ab4d968a975715e04edb8af9c53/r_18",
            "rotation": 0.12566370614359174,
            "transform_matrix": [
                [
                    -0.9999698996543884,
                    -0.00391734205186367,
                    0.006698898505419493,
                    0.027004122734069824
                ],
                [
                    0.0077602071687579155,
                    -0.5047834515571594,
                    0.8632110953330994,
                    3.479715347290039
                ],
                [
                    0.0,
                    0.8632370829582214,
                    0.5047985911369324,
                    2.0349082946777344
                ],
                [
                    0.0,
                    0.0,
                    0.0,
                    1.0
                ]
            ]
        },
        {
            "file_path": "/data/shapenet_blender/all_50_random/02958343/6fcd4ab4d968a975715e04edb8af9c53/r_19",
            "rotation": 0.12566370614359174,
            "transform_matrix": [
                [
                    0.8989986181259155,
                    -0.05822166055440903,
                    -0.4340642988681793,
                    -1.7497692108154297
                ],
                [
                    -0.43795159459114075,
                    -0.11951363831758499,
                    -0.8910190463066101,
                    -3.5918126106262207
                ],
                [
                    3.725290298461914e-09,
                    0.9911239147186279,
                    -0.132940873503685,
                    -0.5359017848968506
                ],
                [
                    0.0,
                    0.0,
                    0.0,
                    1.0
                ]
            ]
        },
        {
            "file_path": "/data/shapenet_blender/all_50_random/02958343/6fcd4ab4d968a975715e04edb8af9c53/r_20",
            "rotation": 0.12566370614359174,
            "transform_matrix": [
                [
                    -0.5189738869667053,
                    0.839577317237854,
                    0.16054943203926086,
                    0.6471954584121704
                ],
                [
                    0.854790210723877,
                    0.5097376108169556,
                    0.0974753350019455,
                    0.3929356336593628
                ],
                [
                    -7.450581485102248e-09,
                    0.1878231316804886,
                    -0.9822028279304504,
                    -3.9593863487243652
                ],
                [
                    0.0,
                    0.0,
                    0.0,
                    1.0
                ]
            ]
        },
        {
            "file_path": "/data/shapenet_blender/all_50_random/02958343/6fcd4ab4d968a975715e04edb8af9c53/r_21",
            "rotation": 0.12566370614359174,
            "transform_matrix": [
                [
                    -0.7478740811347961,
                    -0.006778530310839415,
                    0.6638059616088867,
                    2.6758875846862793
                ],
                [
                    0.6638405919075012,
                    -0.007636602967977524,
                    0.7478350400924683,
                    3.014619827270508
                ],
                [
                    4.6566125955216364e-10,
                    0.9999479651451111,
                    0.010211079381406307,
                    0.04116218164563179
                ],
                [
                    0.0,
                    0.0,
                    0.0,
                    1.0
                ]
            ]
        },
        {
            "file_path": "/data/shapenet_blender/all_50_random/02958343/6fcd4ab4d968a975715e04edb8af9c53/r_22",
            "rotation": 0.12566370614359174,
            "transform_matrix": [
                [
                    -0.10435575246810913,
                    0.28382211923599243,
                    0.9531814455986023,
                    3.8423972129821777
                ],
                [
                    0.9945400953292847,
                    0.029781073331832886,
                    0.1000160425901413,
                    0.40317755937576294
                ],
                [
                    0.0,
                    0.9584143161773682,
                    -0.2853803038597107,
                    -1.1504048109054565
                ],
                [
                    0.0,
                    0.0,
                    0.0,
                    1.0
                ]
            ]
        },
        {
            "file_path": "/data/shapenet_blender/all_50_random/02958343/6fcd4ab4d968a975715e04edb8af9c53/r_23",
            "rotation": 0.12566370614359174,
            "transform_matrix": [
                [
                    0.290042519569397,
                    0.5687901973724365,
                    -0.7696446776390076,
                    -3.102536916732788
                ],
                [
                    -0.9570137858390808,
                    0.17238347232341766,
                    -0.2332565039396286,
                    -0.9402869939804077
                ],
                [
                    1.4901161193847656e-08,
                    0.8042148947715759,
                    0.594338595867157,
                    2.39585542678833
                ],
                [
                    0.0,
                    0.0,
                    0.0,
                    1.0
                ]
            ]
        },
        {
            "file_path": "/data/shapenet_blender/all_50_random/02958343/6fcd4ab4d968a975715e04edb8af9c53/r_24",
            "rotation": 0.12566370614359174,
            "transform_matrix": [
                [
                    -0.9550191760063171,
                    0.09661463648080826,
                    -0.2803642153739929,
                    -1.1301844120025635
                ],
                [
                    -0.29654428362846375,
                    -0.31114688515663147,
                    0.902911365032196,
                    3.6397523880004883
                ],
                [
                    0.0,
                    0.9454380869865417,
                    0.32580170035362244,
                    1.3133487701416016
                ],
                [
                    0.0,
                    0.0,
                    0.0,
                    1.0
                ]
            ]
        },
        {
            "file_path": "/data/shapenet_blender/all_50_random/02958343/6fcd4ab4d968a975715e04edb8af9c53/r_25",
            "rotation": 0.12566370614359174,
            "transform_matrix": [
                [
                    0.9103643894195557,
                    0.1556513011455536,
                    -0.38341817259788513,
                    -1.5456080436706543
                ],
                [
                    -0.41380777955055237,
                    0.3424280881881714,
                    -0.843508243560791,
                    -3.4002904891967773
                ],
                [
                    0.0,
                    0.9265611171722412,
                    0.37614408135414124,
                    1.5162853002548218
                ],
                [
                    0.0,
                    0.0,
                    0.0,
                    1.0
                ]
            ]
        },
        {
            "file_path": "/data/shapenet_blender/all_50_random/02958343/6fcd4ab4d968a975715e04edb8af9c53/r_26",
            "rotation": 0.12566370614359174,
            "transform_matrix": [
                [
                    -0.06199783831834793,
                    -0.17324469983577728,
                    0.9829254746437073,
                    3.962299346923828
                ],
                [
                    0.9980763792991638,
                    -0.010761497542262077,
                    0.0610567070543766,
                    0.24612745642662048
                ],
                [
                    -9.31322685637781e-10,
                    0.9848199486732483,
                    0.17357860505580902,
                    0.6997177600860596
                ],
                [
                    0.0,
                    0.0,
                    0.0,
                    1.0
                ]
            ]
        },
        {
            "file_path": "/data/shapenet_blender/all_50_random/02958343/6fcd4ab4d968a975715e04edb8af9c53/r_27",
            "rotation": 0.12566370614359174,
            "transform_matrix": [
                [
                    0.18979348242282867,
                    -0.03903436288237572,
                    0.9810476899147034,
                    3.9547300338745117
                ],
                [
                    0.9818240404129028,
                    0.007545615546405315,
                    -0.18964338302612305,
                    -0.764477014541626
                ],
                [
                    4.656613428188905e-10,
                    0.9992092847824097,
                    0.039756983518600464,
                    0.16026553511619568
                ],
                [
                    0.0,
                    0.0,
                    0.0,
                    1.0
                ]
            ]
        },
        {
            "file_path": "/data/shapenet_blender/all_50_random/02958343/6fcd4ab4d968a975715e04edb8af9c53/r_28",
            "rotation": 0.12566370614359174,
            "transform_matrix": [
                [
                    -0.512228786945343,
                    0.6296299695968628,
                    -0.5841127634048462,
                    -2.3546338081359863
                ],
                [
                    -0.8588491678237915,
                    -0.3755194842815399,
                    0.3483724594116211,
                    1.404334306716919
                ],
                [
                    1.4901162970204496e-08,
                    0.6801110506057739,
                    0.7331090569496155,
                    2.9552571773529053
                ],
                [
                    0.0,
                    0.0,
                    0.0,
                    1.0
                ]
            ]
        },
        {
            "file_path": "/data/shapenet_blender/all_50_random/02958343/6fcd4ab4d968a975715e04edb8af9c53/r_29",
            "rotation": 0.12566370614359174,
            "transform_matrix": [
                [
                    0.23527082800865173,
                    -0.13625693321228027,
                    0.9623314142227173,
                    3.879281997680664
                ],
                [
                    0.9719299077987671,
                    0.032983116805553436,
                    -0.23294734954833984,
                    -0.9390407800674438
                ],
                [
                    3.725290298461914e-09,
                    0.9901243448257446,
                    0.1401921510696411,
                    0.5651326179504395
                ],
                [
                    0.0,
                    0.0,
                    0.0,
                    1.0
                ]
            ]
        },
        {
            "file_path": "/data/shapenet_blender/all_50_random/02958343/6fcd4ab4d968a975715e04edb8af9c53/r_30",
            "rotation": 0.12566370614359174,
            "transform_matrix": [
                [
                    0.902083694934845,
                    0.12931378185749054,
                    0.4117317199707031,
                    1.6597436666488647
                ],
                [
                    0.4315611720085144,
                    -0.27030202746391296,
                    -0.8606345057487488,
                    -3.4693286418914795
                ],
                [
                    1.4901161193847656e-08,
                    0.954051673412323,
                    -0.299641877412796,
                    -1.207895040512085
                ],
                [
                    0.0,
                    0.0,
                    0.0,
                    1.0
                ]
            ]
        },
        {
            "file_path": "/data/shapenet_blender/all_50_random/02958343/6fcd4ab4d968a975715e04edb8af9c53/r_31",
            "rotation": 0.12566370614359174,
            "transform_matrix": [
                [
                    -0.2460821568965912,
                    -0.018581025302410126,
                    0.9690708518028259,
                    3.906449317932129
                ],
                [
                    0.9692490100860596,
                    -0.00471752742305398,
                    0.24603691697120667,
                    0.9918065071105957
                ],
                [
                    0.0,
                    0.9998161792755127,
                    0.01917053945362568,
                    0.07727891206741333
                ],
                [
                    0.0,
                    0.0,
                    0.0,
                    1.0
                ]
            ]
        },
        {
            "file_path": "/data/shapenet_blender/all_50_random/02958343/6fcd4ab4d968a975715e04edb8af9c53/r_32",
            "rotation": 0.12566370614359174,
            "transform_matrix": [
                [
                    0.9018650054931641,
                    0.26516982913017273,
                    -0.34106385707855225,
                    -1.3748723268508911
                ],
                [
                    -0.43201810121536255,
                    0.5535587668418884,
                    -0.7119923233985901,
                    -2.8701329231262207
                ],
                [
                    0.0,
                    0.7894666194915771,
                    0.6137934327125549,
                    2.47428035736084
                ],
                [
                    0.0,
                    0.0,
                    0.0,
                    1.0
                ]
            ]
        },
        {
            "file_path": "/data/shapenet_blender/all_50_random/02958343/6fcd4ab4d968a975715e04edb8af9c53/r_33",
            "rotation": 0.12566370614359174,
            "transform_matrix": [
                [
                    0.09853565692901611,
                    -0.266111820936203,
                    -0.9588927030563354,
                    -3.86542010307312
                ],
                [
                    -0.9951335191726685,
                    -0.026349736377596855,
                    -0.09494718164205551,
                    -0.38274434208869934
                ],
                [
                    -1.862645149230957e-09,
                    0.9635819792747498,
                    -0.2674131691455841,
                    -1.077976942062378
                ],
                [
                    0.0,
                    0.0,
                    0.0,
                    1.0
                ]
            ]
        },
        {
            "file_path": "/data/shapenet_blender/all_50_random/02958343/6fcd4ab4d968a975715e04edb8af9c53/r_34",
            "rotation": 0.12566370614359174,
            "transform_matrix": [
                [
                    0.6722572445869446,
                    -0.0340108647942543,
                    0.7395359873771667,
                    2.9811649322509766
                ],
                [
                    0.740317702293396,
                    0.03088410571217537,
                    -0.6715474128723145,
                    -2.707094192504883
                ],
                [
                    0.0,
                    0.9989441633224487,
                    0.045940905809402466,
                    0.1851937174797058
                ],
                [
                    0.0,
                    0.0,
                    0.0,
                    1.0
                ]
            ]
        },
        {
            "file_path": "/data/shapenet_blender/all_50_random/02958343/6fcd4ab4d968a975715e04edb8af9c53/r_35",
            "rotation": 0.12566370614359174,
            "transform_matrix": [
                [
                    -0.9352465867996216,
                    -0.25039762258529663,
                    0.2502298951148987,
                    1.0087089538574219
                ],
                [
                    0.3539971709251404,
                    -0.6615406274795532,
                    0.661097526550293,
                    2.6649694442749023
                ],
                [
                    -1.4901162970204496e-08,
                    0.7068698406219482,
                    0.7073436379432678,
                    2.851393461227417
                ],
                [
                    0.0,
                    0.0,
                    0.0,
                    1.0
                ]
            ]
        },
        {
            "file_path": "/data/shapenet_blender/all_50_random/02958343/6fcd4ab4d968a975715e04edb8af9c53/r_36",
            "rotation": 0.12566370614359174,
            "transform_matrix": [
                [
                    0.9906397461891174,
                    0.04507345333695412,
                    0.12884657084941864,
                    0.5193971395492554
                ],
                [
                    0.1365029513835907,
                    -0.32711055874824524,
                    -0.9350752234458923,
                    -3.769408702850342
                ],
                [
                    3.725290742551124e-09,
                    0.9439104199409485,
                    -0.3302013874053955,
                    -1.3310843706130981
                ],
                [
                    0.0,
                    0.0,
                    0.0,
                    1.0
                ]
            ]
        },
        {
            "file_path": "/data/shapenet_blender/all_50_random/02958343/6fcd4ab4d968a975715e04edb8af9c53/r_37",
            "rotation": 0.12566370614359174,
            "transform_matrix": [
                [
                    0.9109949469566345,
                    0.06991543620824814,
                    0.406448096036911,
                    1.6384446620941162
                ],
                [
                    0.41241756081581116,
                    -0.15443718433380127,
                    -0.8978089094161987,
                    -3.6191835403442383
                ],
                [
                    0.0,
                    0.9855257272720337,
                    -0.16952583193778992,
                    -0.6833804845809937
                ],
                [
                    0.0,
                    0.0,
                    0.0,
                    1.0
                ]
            ]
        },
        {
            "file_path": "/data/shapenet_blender/all_50_random/02958343/6fcd4ab4d968a975715e04edb8af9c53/r_38",
            "rotation": 0.12566370614359174,
            "transform_matrix": [
                [
                    -0.5454911589622498,
                    -0.18680578470230103,
                    0.817033052444458,
                    3.293565273284912
                ],
                [
                    0.8381165266036987,
                    -0.12158322334289551,
                    0.5317689180374146,
                    2.1436288356781006
                ],
                [
                    0.0,
                    0.9748441576957703,
                    0.22288762032985687,
                    0.8984886407852173
                ],
                [
                    0.0,
                    0.0,
                    0.0,
                    1.0
                ]
            ]
        },
        {
            "file_path": "/data/shapenet_blender/all_50_random/02958343/6fcd4ab4d968a975715e04edb8af9c53/r_39",
            "rotation": 0.12566370614359174,
            "transform_matrix": [
                [
                    0.7455847263336182,
                    0.12100498378276825,
                    -0.6553329229354858,
                    -2.6417315006256104
                ],
                [
                    -0.6664108633995056,
                    0.13538114726543427,
                    -0.733190655708313,
                    -2.9555859565734863
                ],
                [
                    7.4505797087454084e-09,
                    0.983376681804657,
                    0.1815771460533142,
                    0.7319608926773071
                ],
                [
                    0.0,
                    0.0,
                    0.0,
                    1.0
                ]
            ]
        },
        {
            "file_path": "/data/shapenet_blender/all_50_random/02958343/6fcd4ab4d968a975715e04edb8af9c53/r_40",
            "rotation": 0.12566370614359174,
            "transform_matrix": [
                [
                    -0.9419075846672058,
                    -0.20624712109565735,
                    -0.2650891840457916,
                    -1.0686086416244507
                ],
                [
                    -0.33587223291397095,
                    0.5783917307853699,
                    0.7434062361717224,
                    2.9967663288116455
                ],
                [
                    0.0,
                    0.7892560362815857,
                    -0.6140641570091248,
                    -2.475371837615967
                ],
                [
                    0.0,
                    0.0,
                    0.0,
                    1.0
                ]
            ]
        },
        {
            "file_path": "/data/shapenet_blender/all_50_random/02958343/6fcd4ab4d968a975715e04edb8af9c53/r_41",
            "rotation": 0.12566370614359174,
            "transform_matrix": [
                [
                    0.24939624965190887,
                    -0.3407210111618042,
                    0.9064825177192688,
                    3.6541481018066406
                ],
                [
                    0.9684015512466431,
                    0.08774721622467041,
