{
    "class": "02958343",
    "model": "2b5a333c1a5aede3b5449ea1678de914",
    "remove_doubles": true,
    "edge_split": true,
    "denoise": true,
    "camera_angle_x": 0.6911112070083618,
    "scale_factor": 2.3215861140024283,
    "hdri_file": "/data/IndoorHDRDataset2018/9C4A9499-145bdcf85c.exr",
    "center_offset": [
        0.0,
        0.0,
        9.313225746154785e-10
    ],
    "lights": [],
    "frames": [
        {
            "file_path": "/data/shapenet_blender/all_50_random/02958343/2b5a333c1a5aede3b5449ea1678de914/r_0",
            "rotation": 0.12566370614359174,
            "transform_matrix": [
                [
                    0.9897162318229675,
                    0.032617345452308655,
                    -0.13927648961544037,
                    -0.5614414215087891
                ],
                [
                    -0.1430448442697525,
                    0.22567690908908844,
                    -0.9636432528495789,
                    -3.8845696449279785
                ],
                [
                    0.0,
                    0.9736559987068176,
                    0.22802184522151947,
                    0.9191853404045105
                ],
                [
                    0.0,
                    0.0,
                    0.0,
                    1.0
                ]
            ]
        },
        {
            "file_path": "/data/shapenet_blender/all_50_random/02958343/2b5a333c1a5aede3b5449ea1678de914/r_1",
            "rotation": 0.12566370614359174,
            "transform_matrix": [
                [
                    0.8041495680809021,
                    0.10981056839227676,
                    0.584196150302887,
                    2.3549699783325195
                ],
                [
                    0.5944271087646484,
                    -0.14855331182479858,
                    -0.7903090119361877,
                    -3.185837507247925
                ],
                [
                    -7.450582373280668e-09,
                    0.9827885031700134,
                    -0.18473348021507263,
                    -0.7446844577789307
                ],
                [
                    0.0,
                    0.0,
                    0.0,
                    1.0
                ]
            ]
        },
        {
            "file_path": "/data/shapenet_blender/all_50_random/02958343/2b5a333c1a5aede3b5449ea1678de914/r_2",
            "rotation": 0.12566370614359174,
            "transform_matrix": [
                [
                    0.9859729409217834,
                    0.061983220279216766,
                    -0.15496909618377686,
                    -0.6247003078460693
                ],
                [
                    -0.16690517961978912,
                    0.366158664226532,
                    -0.9154619574546814,
                    -3.69034481048584
                ],
                [
                    0.0,
                    0.9284858703613281,
                    0.371367871761322,
                    1.497031569480896
                ],
                [
                    0.0,
                    0.0,
                    0.0,
                    1.0
                ]
            ]
        },
        {
            "file_path": "/data/shapenet_blender/all_50_random/02958343/2b5a333c1a5aede3b5449ea1678de914/r_3",
            "rotation": 0.12566370614359174,
            "transform_matrix": [
                [
                    -0.9407668113708496,
                    -0.09077191352844238,
                    0.32667768001556396,
                    1.3168798685073853
                ],
                [
                    0.3390543460845947,
                    -0.25186285376548767,
                    0.9064254760742188,
                    3.6539180278778076
                ],
                [
                    0.0,
                    0.9634965062141418,
                    0.2677208185195923,
                    1.0792171955108643
                ],
                [
                    0.0,
                    0.0,
                    0.0,
                    1.0
                ]
            ]
        },
        {
            "file_path": "/data/shapenet_blender/all_50_random/02958343/2b5a333c1a5aede3b5449ea1678de914/r_4",
            "rotation": 0.12566370614359174,
            "transform_matrix": [
                [
                    -0.7049192786216736,
                    0.22950705885887146,
                    0.6711297631263733,
                    2.705410957336426
                ],
                [
                    0.7092874646186829,
                    0.22809360921382904,
                    0.6669965386390686,
                    2.688749313354492
                ],
                [
                    0.0,
                    0.94620281457901,
                    -0.323574036359787,
                    -1.3043687343597412
                ],
                [
                    0.0,
                    0.0,
                    0.0,
                    1.0
                ]
            ]
        },
        {
            "file_path": "/data/shapenet_blender/all_50_random/02958343/2b5a333c1a5aede3b5449ea1678de914/r_5",
            "rotation": 0.12566370614359174,
            "transform_matrix": [
                [
                    -0.9962373375892639,
                    -0.07421208918094635,
                    -0.04476339742541313,
                    -0.1804470419883728
                ],
                [
                    -0.08666715025901794,
                    0.8530665636062622,
                    0.5145543813705444,
                    2.074235200881958
                ],
                [
                    0.0,
                    0.516497790813446,
                    -0.8562884330749512,
                    -3.4518094062805176
                ],
                [
                    0.0,
                    0.0,
                    0.0,
                    1.0
                ]
            ]
        },
        {
            "file_path": "/data/shapenet_blender/all_50_random/02958343/2b5a333c1a5aede3b5449ea1678de914/r_6",
            "rotation": 0.12566370614359174,
            "transform_matrix": [
                [
                    0.7503907084465027,
                    0.0022106494288891554,
                    0.6609908938407898,
                    2.6645395755767822
                ],
                [
                    0.6609946489334106,
                    -0.002509628189727664,
                    -0.7503864169120789,
                    -3.024904489517212
                ],
                [
                    0.0,
                    0.9999943375587463,
                    -0.0033444291912019253,
                    -0.013481825590133667
                ],
                [
                    0.0,
                    0.0,
                    0.0,
                    1.0
                ]
            ]
        },
        {
            "file_path": "/data/shapenet_blender/all_50_random/02958343/2b5a333c1a5aede3b5449ea1678de914/r_7",
            "rotation": 0.12566370614359174,
            "transform_matrix": [
                [
                    -0.6454896926879883,
                    -0.41920045018196106,
                    0.638446569442749,
                    2.5736606121063232
                ],
                [
                    0.7637690305709839,
                    -0.3542819321155548,
                    0.5395749807357788,
                    2.1750965118408203
                ],
                [
                    0.0,
                    0.8359158039093018,
                    0.548857569694519,
                    2.2125158309936523
                ],
                [
                    0.0,
                    0.0,
                    0.0,
                    1.0
                ]
            ]
        },
        {
            "file_path": "/data/shapenet_blender/all_50_random/02958343/2b5a333c1a5aede3b5449ea1678de914/r_8",
            "rotation": 0.12566370614359174,
            "transform_matrix": [
                [
                    0.8332601189613342,
                    -0.5396332740783691,
                    0.12030597776174545,
                    0.4849689304828644
                ],
                [
                    0.5528813004493713,
                    0.8132937550544739,
                    -0.18131589889526367,
                    -0.7309077978134155
                ],
                [
                    -7.450581485102248e-09,
                    0.21759814023971558,
                    0.9760383367538452,
                    3.9345366954803467
                ],
                [
                    0.0,
                    0.0,
                    0.0,
                    1.0
                ]
            ]
        },
        {
            "file_path": "/data/shapenet_blender/all_50_random/02958343/2b5a333c1a5aede3b5449ea1678de914/r_9",
            "rotation": 0.12566370614359174,
            "transform_matrix": [
                [
                    0.8917260766029358,
                    0.16080407798290253,
                    -0.423044353723526,
                    -1.7053463459014893
                ],
                [
                    -0.45257535576820374,
                    0.3168382942676544,
                    -0.8335400223731995,
                    -3.360107421875
                ],
                [
                    1.4901160305669237e-08,
                    0.9347489476203918,
                    0.3553089499473572,
                    1.4322961568832397
                ],
                [
                    0.0,
                    0.0,
                    0.0,
                    1.0
                ]
            ]
        },
        {
            "file_path": "/data/shapenet_blender/all_50_random/02958343/2b5a333c1a5aede3b5449ea1678de914/r_10",
            "rotation": 0.12566370614359174,
            "transform_matrix": [
                [
                    -0.6614076495170593,
                    0.23804496228694916,
                    -0.7112483978271484,
                    -2.8671343326568604
                ],
                [
                    -0.7500264644622803,
                    -0.20991894602775574,
                    0.6272113919258118,
                    2.5283701419830322
                ],
                [
                    0.0,
                    0.9482977390289307,
                    0.3173820376396179,
                    1.2794079780578613
                ],
                [
                    0.0,
                    0.0,
                    0.0,
                    1.0
                ]
            ]
        },
        {
            "file_path": "/data/shapenet_blender/all_50_random/02958343/2b5a333c1a5aede3b5449ea1678de914/r_11",
            "rotation": 0.12566370614359174,
            "transform_matrix": [
                [
                    0.9889765381813049,
                    -0.0746925100684166,
                    0.12785299122333527,
                    0.5153919458389282
                ],
                [
                    0.14807213842868805,
                    0.4988726079463959,
                    -0.8539324402809143,
                    -3.442312002182007
                ],
                [
                    0.0,
                    0.8634507060050964,
                    0.5044331550598145,
                    2.033435344696045
                ],
                [
                    0.0,
                    0.0,
                    0.0,
                    1.0
                ]
            ]
        },
        {
            "file_path": "/data/shapenet_blender/all_50_random/02958343/2b5a333c1a5aede3b5449ea1678de914/r_12",
            "rotation": 0.12566370614359174,
            "transform_matrix": [
                [
                    0.8738365173339844,
                    0.038144342601299286,
                    -0.48472142219543457,
                    -1.953974723815918
                ],
                [
                    -0.48622000217437744,
                    0.06855316460132599,
                    -0.8711432218551636,
                    -3.511690855026245
                ],
                [
                    3.725290298461914e-09,
                    0.9969179630279541,
                    0.07845079153776169,
                    0.31624528765678406
                ],
                [
                    0.0,
                    0.0,
                    0.0,
                    1.0
                ]
            ]
        },
        {
            "file_path": "/data/shapenet_blender/all_50_random/02958343/2b5a333c1a5aede3b5449ea1678de914/r_13",
            "rotation": 0.12566370614359174,
            "transform_matrix": [
                [
                    0.7247042059898376,
                    -0.49372875690460205,
                    -0.4806617200374603,
                    -1.937609314918518
                ],
                [
                    -0.6890601515769958,
                    -0.5192685723304749,
                    -0.5055256485939026,
                    -2.03783917427063
                ],
                [
                    1.4901162970204496e-08,
                    0.6975613236427307,
                    -0.7165249586105347,
                    -2.888404607772827
                ],
                [
                    0.0,
                    0.0,
                    0.0,
                    1.0
                ]
            ]
        },
        {
            "file_path": "/data/shapenet_blender/all_50_random/02958343/2b5a333c1a5aede3b5449ea1678de914/r_14",
            "rotation": 0.12566370614359174,
            "transform_matrix": [
                [
                    -0.608211874961853,
                    0.5528839230537415,
                    0.5695592164993286,
                    2.295966863632202
                ],
                [
                    0.7937747836112976,
                    0.42363476753234863,
                    0.4364118278026581,
                    1.759232521057129
                ],
                [
                    -1.4901161193847656e-08,
                    0.7175325751304626,
                    -0.6965248584747314,
                    -2.80778169631958
                ],
                [
                    0.0,
                    0.0,
                    0.0,
                    1.0
                ]
            ]
        },
        {
            "file_path": "/data/shapenet_blender/all_50_random/02958343/2b5a333c1a5aede3b5449ea1678de914/r_15",
            "rotation": 0.12566370614359174,
            "transform_matrix": [
                [
                    -0.9940403699874878,
                    -0.011079668998718262,
                    0.10844855010509491,
                    0.4371701180934906
                ],
                [
                    0.10901308059692383,
                    -0.10103042423725128,
                    0.9888927340507507,
                    3.986354351043701
                ],
                [
                    -9.31322685637781e-10,
                    0.9948216080665588,
                    0.10163614153862,
                    0.4097084105014801
                ],
                [
                    0.0,
                    0.0,
                    0.0,
                    1.0
                ]
            ]
        },
        {
            "file_path": "/data/shapenet_blender/all_50_random/02958343/2b5a333c1a5aede3b5449ea1678de914/r_16",
            "rotation": 0.12566370614359174,
            "transform_matrix": [
                [
                    -0.14027190208435059,
                    0.06751273572444916,
                    -0.9878085851669312,
                    -3.9819836616516113
                ],
                [
                    -0.9901130795478821,
                    -0.00956470612436533,
                    0.13994541764259338,
                    0.5641379952430725
                ],
                [
                    -9.313225746154785e-10,
                    0.9976724982261658,
                    0.06818690896034241,
                    0.27487021684646606
                ],
                [
                    0.0,
                    0.0,
                    0.0,
                    1.0
                ]
            ]
        },
        {
            "file_path": "/data/shapenet_blender/all_50_random/02958343/2b5a333c1a5aede3b5449ea1678de914/r_17",
            "rotation": 0.12566370614359174,
            "transform_matrix": [
                [
                    -0.541022539138794,
                    -0.4049272835254669,
                    -0.7371081709861755,
                    -2.9713780879974365
                ],
                [
                    -0.8410080671310425,
                    0.2604907155036926,
                    0.47418349981307983,
                    1.9114948511123657
                ],
                [
                    0.0,
                    0.8764578700065613,
                    -0.4814785122871399,
                    -1.9409019947052002
                ],
                [
                    0.0,
                    0.0,
                    0.0,
                    1.0
                ]
            ]
        },
        {
            "file_path": "/data/shapenet_blender/all_50_random/02958343/2b5a333c1a5aede3b5449ea1678de914/r_18",
            "rotation": 0.12566370614359174,
            "transform_matrix": [
                [
                    0.252652645111084,
                    -0.8899877667427063,
                    0.379589706659317,
                    1.5301750898361206
                ],
                [
                    0.9675570726394653,
                    0.2323974221944809,
                    -0.09912008792161942,
                    -0.39956584572792053
                ],
                [
                    0.0,
                    0.39231762290000916,
                    0.919829785823822,
                    3.7079524993896484
                ],
                [
                    0.0,
                    0.0,
                    0.0,
                    1.0
                ]
            ]
        },
        {
            "file_path": "/data/shapenet_blender/all_50_random/02958343/2b5a333c1a5aede3b5449ea1678de914/r_19",
            "rotation": 0.12566370614359174,
            "transform_matrix": [
                [
                    -0.9609578847885132,
                    -0.19779738783836365,
                    -0.19348427653312683,
                    -0.7799601554870605
                ],
                [
                    -0.27669474482536316,
                    0.6869482398033142,
                    0.6719687581062317,
                    2.7087929248809814
                ],
                [
                    1.4901161193847656e-08,
                    0.699269711971283,
                    -0.7148577570915222,
                    -2.8816840648651123
                ],
                [
                    0.0,
                    0.0,
                    0.0,
                    1.0
                ]
            ]
        },
        {
            "file_path": "/data/shapenet_blender/all_50_random/02958343/2b5a333c1a5aede3b5449ea1678de914/r_20",
            "rotation": 0.12566370614359174,
            "transform_matrix": [
                [
                    0.02058672532439232,
                    -0.3743237257003784,
                    0.9270695447921753,
                    3.7371368408203125
                ],
                [
                    0.9997881054878235,
                    0.007707733195275068,
                    -0.01908937096595764,
                    -0.07695171236991882
                ],
                [
                    0.0,
                    0.9272660613059998,
                    0.37440311908721924,
                    1.5092672109603882
                ],
                [
                    0.0,
                    0.0,
                    0.0,
                    1.0
                ]
            ]
        },
        {
            "file_path": "/data/shapenet_blender/all_50_random/02958343/2b5a333c1a5aede3b5449ea1678de914/r_21",
            "rotation": 0.12566370614359174,
            "transform_matrix": [
                [
                    -0.20445649325847626,
                    -0.17185454070568085,
                    -0.9636719226837158,
                    -3.884685754776001
                ],
                [
                    -0.9788756370544434,
                    0.03589503467082977,
                    0.20128090679645538,
                    0.8113892674446106
                ],
                [
                    0.0,
                    0.9844681620597839,
                    -0.17556320130825043,
                    -0.7077178955078125
                ],
                [
                    0.0,
                    0.0,
                    0.0,
                    1.0
                ]
            ]
        },
        {
            "file_path": "/data/shapenet_blender/all_50_random/02958343/2b5a333c1a5aede3b5449ea1678de914/r_22",
            "rotation": 0.12566370614359174,
            "transform_matrix": [
                [
                    -0.25467467308044434,
                    -0.4466460347175598,
                    0.8576992750167847,
                    3.4574966430664062
                ],
                [
                    0.9670268297195435,
                    -0.11762800067663193,
                    0.22588233649730682,
                    0.9105609059333801
                ],
                [
                    0.0,
                    0.8869447708129883,
                    0.4618755280971527,
                    1.8618799448013306
                ],
                [
                    0.0,
                    0.0,
                    0.0,
                    1.0
                ]
            ]
        },
        {
            "file_path": "/data/shapenet_blender/all_50_random/02958343/2b5a333c1a5aede3b5449ea1678de914/r_23",
            "rotation": 0.12566370614359174,
            "transform_matrix": [
                [
                    -0.11670659482479095,
                    -0.1323537975549698,
                    0.9843078255653381,
                    3.967871904373169
                ],
                [
                    0.993166446685791,
                    -0.015552843920886517,
                    0.11566562205553055,
                    0.4662630558013916
                ],
                [
                    9.313225746154785e-10,
                    0.9910804629325867,
                    0.1332644671201706,
                    0.5372062921524048
                ],
                [
                    0.0,
                    0.0,
                    0.0,
                    1.0
                ]
            ]
        },
        {
            "file_path": "/data/shapenet_blender/all_50_random/02958343/2b5a333c1a5aede3b5449ea1678de914/r_24",
            "rotation": 0.12566370614359174,
            "transform_matrix": [
                [
                    -0.6865245699882507,
                    -0.09181750565767288,
                    -0.7212860584259033,
                    -2.907597064971924
                ],
                [
                    -0.7271066308021545,
                    0.08669288456439972,
                    0.6810288429260254,
                    2.7453150749206543
                ],
                [
                    0.0,
                    0.9919947981834412,
                    -0.12627792358398438,
                    -0.5090426206588745
                ],
                [
                    0.0,
                    0.0,
                    0.0,
                    1.0
                ]
            ]
        },
        {
            "file_path": "/data/shapenet_blender/all_50_random/02958343/2b5a333c1a5aede3b5449ea1678de914/r_25",
            "rotation": 0.12566370614359174,
            "transform_matrix": [
                [
                    0.9922326803207397,
                    -0.09973686933517456,
                    -0.07434254139661789,
                    -0.29968440532684326
                ],
                [
                    -0.12439556419849396,
                    -0.7955442667007446,
                    -0.5929881930351257,
                    -2.3904120922088623
                ],
                [
                    0.0,
                    0.5976302027702332,
                    -0.8017717599868774,
                    -3.2320456504821777
                ],
                [
                    0.0,
                    0.0,
                    0.0,
                    1.0
                ]
            ]
        },
        {
            "file_path": "/data/shapenet_blender/all_50_random/02958343/2b5a333c1a5aede3b5449ea1678de914/r_26",
            "rotation": 0.12566370614359174,
            "transform_matrix": [
                [
                    -0.8889486789703369,
                    0.32775548100471497,
                    0.3199164867401123,
                    1.2896244525909424
                ],
                [
                    0.45800670981407166,
                    0.6361430883407593,
                    0.6209282875061035,
                    2.5030417442321777
                ],
                [
                    -1.4901158529312397e-08,
                    0.6984972953796387,
                    -0.7156127691268921,
                    -2.8847270011901855
                ],
                [
                    0.0,
                    0.0,
                    0.0,
                    1.0
                ]
            ]
        },
        {
            "file_path": "/data/shapenet_blender/all_50_random/02958343/2b5a333c1a5aede3b5449ea1678de914/r_27",
            "rotation": 0.12566370614359174,
            "transform_matrix": [
                [
                    -0.8924334645271301,
                    -0.0031440204475075006,
                    -0.4511680006980896,
                    -1.8187165260314941
                ],
                [
                    -0.45117899775505066,
                    0.006218882743269205,
                    0.8924117088317871,
                    3.5974268913269043
                ],
                [
                    2.3283064365386963e-10,
                    0.9999757409095764,
                    -0.0069684539921581745,
                    -0.028090737760066986
                ],
                [
                    0.0,
                    0.0,
                    0.0,
                    1.0
                ]
            ]
        },
        {
            "file_path": "/data/shapenet_blender/all_50_random/02958343/2b5a333c1a5aede3b5449ea1678de914/r_28",
            "rotation": 0.12566370614359174,
            "transform_matrix": [
                [
                    0.7543419599533081,
                    0.055291734635829926,
                    -0.654149055480957,
                    -2.6369590759277344
                ],
                [
                    -0.6564815640449524,
                    0.0635339617729187,
                    -0.7516617178916931,
                    -3.0300452709198
                ],
                [
                    0.0,
                    0.9964467883110046,
                    0.08422435820102692,
                    0.3395192623138428
                ],
                [
                    0.0,
                    0.0,
                    0.0,
                    1.0
                ]
            ]
        },
        {
            "file_path": "/data/shapenet_blender/all_50_random/02958343/2b5a333c1a5aede3b5449ea1678de914/r_29",
            "rotation": 0.12566370614359174,
            "transform_matrix": [
                [
                    0.7655090093612671,
                    -0.12085181474685669,
                    0.6319736838340759,
                    2.54756760597229
                ],
                [
                    0.6434251070022583,
                    0.14378230273723602,
                    -0.7518846988677979,
                    -3.030944347381592
                ],
                [
                    0.0,
                    0.982202410697937,
                    0.18782572448253632,
                    0.7571497559547424
                ],
                [
                    0.0,
                    0.0,
                    0.0,
                    1.0
                ]
            ]
        },
        {
            "file_path": "/data/shapenet_blender/all_50_random/02958343/2b5a333c1a5aede3b5449ea1678de914/r_30",
            "rotation": 0.12566370614359174,
            "transform_matrix": [
                [
                    -0.7329609990119934,
                    0.41278746724128723,
                    -0.540716826915741,
                    -2.179699420928955
                ],
                [
                    -0.6802707314491272,
                    -0.44475987553596497,
                    0.5825979709625244,
                    2.348527669906616
                ],
                [
                    0.0,
                    0.7948554158210754,
                    0.6067987680435181,
                    2.4460842609405518
                ],
                [
                    0.0,
                    0.0,
                    0.0,
                    1.0
                ]
            ]
        },
        {
            "file_path": "/data/shapenet_blender/all_50_random/02958343/2b5a333c1a5aede3b5449ea1678de914/r_31",
            "rotation": 0.12566370614359174,
            "transform_matrix": [
                [
                    0.9930006265640259,
                    -0.01735757105052471,
                    -0.11682664602994919,
                    -0.47094327211380005
                ],
                [
                    -0.11810906231403351,
                    -0.145933598279953,
                    -0.9822187423706055,
                    -3.9594504833221436
                ],
                [
                    -1.862645371275562e-09,
                    0.9891419410705566,
                    -0.1469622552394867,
                    -0.5924237966537476
                ],
                [
                    0.0,
                    0.0,
                    0.0,
                    1.0
                ]
            ]
        },
        {
            "file_path": "/data/shapenet_blender/all_50_random/02958343/2b5a333c1a5aede3b5449ea1678de914/r_32",
            "rotation": 0.12566370614359174,
            "transform_matrix": [
                [
                    0.33008483052253723,
                    -0.07135806232690811,
                    -0.941250205039978,
                    -3.7943010330200195
                ],
                [
                    -0.9439513683319092,
                    -0.024952782317996025,
                    -0.3291402757167816,
                    -1.326806902885437
                ],
                [
                    0.0,
                    0.9971386194229126,
                    -0.07559505850076675,
                    -0.30473342537879944
                ],
                [
                    0.0,
                    0.0,
                    0.0,
                    1.0
                ]
            ]
        },
        {
            "file_path": "/data/shapenet_blender/all_50_random/02958343/2b5a333c1a5aede3b5449ea1678de914/r_33",
            "rotation": 0.12566370614359174,
            "transform_matrix": [
                [
                    0.9998559951782227,
                    0.0023218579590320587,
                    -0.01681637018918991,
                    -0.06778895854949951
                ],
                [
                    -0.01697590760886669,
                    0.13675403594970703,
                    -0.9904595613479614,
                    -3.9926702976226807
                ],
                [
                    0.0,
                    0.9906023144721985,
                    0.1367737352848053,
                    0.5513525605201721
                ],
                [
                    0.0,
                    0.0,
                    0.0,
                    1.0
                ]
            ]
        },
        {
            "file_path": "/data/shapenet_blender/all_50_random/02958343/2b5a333c1a5aede3b5449ea1678de914/r_34",
            "rotation": 0.12566370614359174,
            "transform_matrix": [
                [
                    0.9726005792617798,
                    -0.10774843394756317,
                    0.20600588619709015,
                    0.8304363489151001
                ],
                [
                    0.23248262703418732,
                    0.45076999068260193,
                    -0.8618341088294983,
                    -3.4741647243499756
                ],
                [
                    0.0,
                    0.886113166809082,
                    0.4634688198566437,
                    1.8683027029037476
                ],
                [
                    0.0,
                    0.0,
                    0.0,
                    1.0
                ]
            ]
        },
        {
            "file_path": "/data/shapenet_blender/all_50_random/02958343/2b5a333c1a5aede3b5449ea1678de914/r_35",
            "rotation": 0.12566370614359174,
            "transform_matrix": [
                [
                    0.34771928191185,
                    -0.04643094539642334,
                    -0.9364483952522278,
                    -3.7749438285827637
                ],
                [
                    -0.9375987648963928,
                    -0.01721945032477379,
                    -0.34729263186454773,
                    -1.3999812602996826
                ],
                [
                    -1.862645149230957e-09,
                    0.9987730383872986,
                    -0.04952113702893257,
                    -0.19962605834007263
                ],
                [
                    0.0,
                    0.0,
                    0.0,
                    1.0
                ]
            ]
        },
        {
            "file_path": "/data/shapenet_blender/all_50_random/02958343/2b5a333c1a5aede3b5449ea1678de914/r_36",
            "rotation": 0.12566370614359174,
            "transform_matrix": [
                [
                    0.9872914552688599,
                    -0.047882936894893646,
                    -0.15153509378433228,
                    -0.6108575463294983
                ],
                [
                    -0.1589203178882599,
                    -0.29747244715690613,
                    -0.9414108395576477,
                    -3.7949488162994385
                ],
                [
                    -3.725290298461914e-09,
                    0.9535289406776428,
                    -0.301301509141922,
                    -1.214585304260254
                ],
                [
                    0.0,
                    0.0,
                    0.0,
                    1.0
                ]
            ]
        },
        {
            "file_path": "/data/shapenet_blender/all_50_random/02958343/2b5a333c1a5aede3b5449ea1678de914/r_37",
            "rotation": 0.12566370614359174,
            "transform_matrix": [
                [
                    0.9807485342025757,
                    -0.08123011887073517,
                    -0.17757810652256012,
                    -0.715840220451355
                ],
                [
                    -0.1952749639749527,
                    -0.40796995162963867,
                    -0.8918678164482117,
                    -3.5952341556549072
                ],
                [
                    -7.450580152834618e-09,
                    0.9093746542930603,
                    -0.4159781038761139,
                    -1.6768614053726196
                ],
                [
                    0.0,
                    0.0,
                    0.0,
                    1.0
                ]
            ]
        },
        {
            "file_path": "/data/shapenet_blender/all_50_random/02958343/2b5a333c1a5aede3b5449ea1678de914/r_38",
            "rotation": 0.12566370614359174,
            "transform_matrix": [
                [
                    -0.6851648092269897,
                    -0.19291596114635468,
                    -0.7023763656616211,
                    -2.8313698768615723
                ],
                [
                    -0.7283880710601807,
                    0.18146812915802002,
                    0.6606966257095337,
                    2.663353443145752
                ],
                [
                    0.0,
                    0.9642887115478516,
                    -0.26485323905944824,
                    -1.067657709121704
                ],
                [
                    0.0,
                    0.0,
                    0.0,
                    1.0
                ]
            ]
        },
        {
            "file_path": "/data/shapenet_blender/all_50_random/02958343/2b5a333c1a5aede3b5449ea1678de914/r_39",
            "rotation": 0.12566370614359174,
            "transform_matrix": [
                [
                    -0.9522813558578491,
                    0.11383198201656342,
                    -0.2832005023956299,
                    -1.141617774963379
                ],
                [
                    -0.3052216172218323,
                    -0.3551520109176636,
                    0.8835761547088623,
                    3.5618093013763428
                ],
                [
                    0.0,
                    0.9278519749641418,
                    0.37294861674308777,
                    1.503403902053833
                ],
                [
                    0.0,
                    0.0,
                    0.0,
                    1.0
                ]
            ]
        },
        {
            "file_path": "/data/shapenet_blender/all_50_random/02958343/2b5a333c1a5aede3b5449ea1678de914/r_40",
            "rotation": 0.12566370614359174,
            "transform_matrix": [
                [
                    -0.9847724437713623,
                    -0.07047358900308609,
                    0.15892423689365387,
                    0.6406440734863281
                ],
                [
                    0.17384891211986542,
                    -0.39919978380203247,
                    0.900231122970581,
                    3.6289477348327637
                ],
                [
                    0.0,
                    0.9141514301300049,
                    0.4053727388381958,
                    1.6341097354888916
                ],
                [
                    0.0,
                    0.0,
                    0.0,
                    1.0
                ]
            ]
        },
        {
            "file_path": "/data/shapenet_blender/all_50_random/02958343/2b5a333c1a5aede3b5449ea1678de914/r_41",
            "rotation": 0.12566370614359174,
            "transform_matrix": [
                [
                    0.37471330165863037,
                    0.48867887258529663,
                    0.7878977656364441,
                    3.176117181777954
                ],
                [
                    0.9271407127380371,
                    -0.19750450551509857,
                    -0.318436861038208,
                    -1.2836599349975586
                ],
                [
                    0.0,
                    0.8498145341873169,
