{
    "class": "02958343",
    "model": "c299ad24d291a4b6756936223b42a971",
    "remove_doubles": true,
    "edge_split": true,
    "denoise": true,
    "camera_angle_x": 0.6911112070083618,
    "scale_factor": 2.2568599648998697,
    "hdri_file": "/data/IndoorHDRDataset2018/AG8A9487-46c13d2ea9.exr",
    "center_offset": [
        0.0,
        0.0,
        -3.725290298461914e-09
    ],
    "lights": [],
    "frames": [
        {
            "file_path": "/data/shapenet_blender/all_50_random/02958343/c299ad24d291a4b6756936223b42a971/r_0",
            "rotation": 0.12566370614359174,
            "transform_matrix": [
                [
                    -0.8809176087379456,
                    0.006672071758657694,
                    0.4732227325439453,
                    1.9076218605041504
                ],
                [
                    0.4732697904109955,
                    0.012419017031788826,
                    0.8808299899101257,
                    3.550739288330078
                ],
                [
                    -4.656612873077393e-10,
                    0.9999006986618042,
                    -0.014097818173468113,
                    -0.05683012306690216
                ],
                [
                    0.0,
                    0.0,
                    0.0,
                    1.0
                ]
            ]
        },
        {
            "file_path": "/data/shapenet_blender/all_50_random/02958343/c299ad24d291a4b6756936223b42a971/r_1",
            "rotation": 0.12566370614359174,
            "transform_matrix": [
                [
                    -0.9550628662109375,
                    0.054173171520233154,
                    0.2914105951786041,
                    1.1747137308120728
                ],
                [
                    0.2964031994342804,
                    0.17455540597438812,
                    0.9389757513999939,
                    3.78513240814209
                ],
                [
                    -3.725290298461914e-09,
                    0.9831559062004089,
                    -0.18276850879192352,
                    -0.7367634177207947
                ],
                [
                    0.0,
                    0.0,
                    0.0,
                    1.0
                ]
            ]
        },
        {
            "file_path": "/data/shapenet_blender/all_50_random/02958343/c299ad24d291a4b6756936223b42a971/r_2",
            "rotation": 0.12566370614359174,
            "transform_matrix": [
                [
                    0.46571987867355347,
                    -0.12587878108024597,
                    -0.8759335279464722,
                    -3.531001091003418
                ],
                [
                    -0.884932279586792,
                    -0.06624715775251389,
                    -0.4609840214252472,
                    -1.8582860231399536
                ],
                [
                    0.0,
                    0.9898312091827393,
                    -0.1422467976808548,
                    -0.5734151601791382
                ],
                [
                    0.0,
                    0.0,
                    0.0,
                    1.0
                ]
            ]
        },
        {
            "file_path": "/data/shapenet_blender/all_50_random/02958343/c299ad24d291a4b6756936223b42a971/r_3",
            "rotation": 0.12566370614359174,
            "transform_matrix": [
                [
                    -0.9809864163398743,
                    -0.10482077300548553,
                    -0.16333484649658203,
                    -0.6584238409996033
                ],
                [
                    -0.19407644867897034,
                    0.5298311710357666,
                    0.8255987167358398,
                    3.328094959259033
                ],
                [
                    0.0,
                    0.8416005373001099,
                    -0.5401004552841187,
                    -2.1772146224975586
                ],
                [
                    0.0,
                    0.0,
                    0.0,
                    1.0
                ]
            ]
        },
        {
            "file_path": "/data/shapenet_blender/all_50_random/02958343/c299ad24d291a4b6756936223b42a971/r_4",
            "rotation": 0.12566370614359174,
            "transform_matrix": [
                [
                    0.9836480021476746,
                    0.10283394157886505,
                    -0.14785687625408173,
                    -0.5960301160812378
                ],
                [
                    -0.18010129034519196,
                    0.5616417527198792,
                    -0.8075407147407532,
                    -3.255300760269165
                ],
                [
                    7.450580152834618e-09,
                    0.820965051651001,
                    0.5709784030914307,
                    2.301687479019165
                ],
                [
                    0.0,
                    0.0,
                    0.0,
                    1.0
                ]
            ]
        },
        {
            "file_path": "/data/shapenet_blender/all_50_random/02958343/c299ad24d291a4b6756936223b42a971/r_5",
            "rotation": 0.12566370614359174,
            "transform_matrix": [
                [
                    -0.5927450656890869,
                    -0.10814451426267624,
                    0.7980965971946716,
                    3.2172298431396484
                ],
                [
                    0.8053901195526123,
                    -0.07959139347076416,
                    0.5873771905899048,
                    2.367792844772339
                ],
                [
                    0.0,
                    0.9909440279006958,
                    0.13427592813968658,
                    0.5412834882736206
                ],
                [
                    0.0,
                    0.0,
                    0.0,
                    1.0
                ]
            ]
        },
        {
            "file_path": "/data/shapenet_blender/all_50_random/02958343/c299ad24d291a4b6756936223b42a971/r_6",
            "rotation": 0.12566370614359174,
            "transform_matrix": [
                [
                    -0.9151798486709595,
                    0.12639930844306946,
                    0.3827127516269684,
                    1.54276442527771
                ],
                [
                    0.403045654296875,
                    0.2870098948478699,
                    0.8690106272697449,
                    3.503093719482422
                ],
                [
                    -7.4505797087454084e-09,
                    0.9495517015457153,
                    -0.31361037492752075,
                    -1.2642037868499756
                ],
                [
                    0.0,
                    0.0,
                    0.0,
                    1.0
                ]
            ]
        },
        {
            "file_path": "/data/shapenet_blender/all_50_random/02958343/c299ad24d291a4b6756936223b42a971/r_7",
            "rotation": 0.12566370614359174,
            "transform_matrix": [
                [
                    0.8755446076393127,
                    -0.3493712842464447,
                    0.33370861411094666,
                    1.3452225923538208
                ],
                [
                    0.48313742876052856,
                    0.6331327557563782,
                    -0.6047487854957581,
                    -2.4378206729888916
                ],
                [
                    0.0,
                    0.6907116174697876,
                    0.7231301665306091,
                    2.9150311946868896
                ],
                [
                    0.0,
                    0.0,
                    0.0,
                    1.0
                ]
            ]
        },
        {
            "file_path": "/data/shapenet_blender/all_50_random/02958343/c299ad24d291a4b6756936223b42a971/r_8",
            "rotation": 0.12566370614359174,
            "transform_matrix": [
                [
                    0.40057384967803955,
                    0.5441349744796753,
                    0.7371958494186401,
                    2.971731424331665
                ],
                [
                    0.9162645936012268,
                    -0.23788569867610931,
                    -0.32228830456733704,
                    -1.2991857528686523
                ],
                [
                    0.0,
                    0.804566502571106,
                    -0.5938624143600464,
                    -2.3939359188079834
                ],
                [
                    0.0,
                    0.0,
                    0.0,
                    1.0
                ]
            ]
        },
        {
            "file_path": "/data/shapenet_blender/all_50_random/02958343/c299ad24d291a4b6756936223b42a971/r_9",
            "rotation": 0.12566370614359174,
            "transform_matrix": [
                [
                    -0.53502357006073,
                    0.09163322299718857,
                    -0.8398529291152954,
                    -3.3855557441711426
                ],
                [
                    -0.8448370695114136,
                    -0.05803005397319794,
                    0.5318672060966492,
                    2.1440255641937256
                ],
                [
                    -3.725290076417309e-09,
                    0.9941005706787109,
                    0.10846258699893951,
                    0.43722671270370483
                ],
                [
                    0.0,
                    0.0,
                    0.0,
                    1.0
                ]
            ]
        },
        {
            "file_path": "/data/shapenet_blender/all_50_random/02958343/c299ad24d291a4b6756936223b42a971/r_10",
            "rotation": 0.12566370614359174,
            "transform_matrix": [
                [
                    -0.2895694971084595,
                    0.5124120116233826,
                    0.8084450364112854,
                    3.258946180343628
                ],
                [
                    0.9571569561958313,
                    0.15502044558525085,
                    0.24457956850528717,
                    0.9859317541122437
                ],
                [
                    0.0,
                    0.844631552696228,
                    -0.5353479385375977,
                    -2.1580564975738525
                ],
                [
                    0.0,
                    0.0,
                    0.0,
                    1.0
                ]
            ]
        },
        {
            "file_path": "/data/shapenet_blender/all_50_random/02958343/c299ad24d291a4b6756936223b42a971/r_11",
            "rotation": 0.12566370614359174,
            "transform_matrix": [
                [
                    0.9624231457710266,
                    -0.05532335862517357,
                    -0.2658592164516449,
                    -1.0717127323150635
                ],
                [
                    -0.2715544104576111,
                    -0.19607295095920563,
                    -0.9422385692596436,
                    -3.7982852458953857
                ],
                [
                    0.0,
                    0.9790273308753967,
                    -0.20372845232486725,
                    -0.8212556838989258
                ],
                [
                    0.0,
                    0.0,
                    0.0,
                    1.0
                ]
            ]
        },
        {
            "file_path": "/data/shapenet_blender/all_50_random/02958343/c299ad24d291a4b6756936223b42a971/r_12",
            "rotation": 0.12566370614359174,
            "transform_matrix": [
                [
                    -0.6687518358230591,
                    -0.05737192556262016,
                    0.7412687540054321,
                    2.988149881362915
                ],
                [
                    0.7434856295585632,
                    -0.05160500854253769,
                    0.6667578220367432,
                    2.687786817550659
                ],
                [
                    0.0,
                    0.9970182776451111,
                    0.07716614753007889,
                    0.3110666871070862
                ],
                [
                    0.0,
                    0.0,
                    0.0,
                    1.0
                ]
            ]
        },
        {
            "file_path": "/data/shapenet_blender/all_50_random/02958343/c299ad24d291a4b6756936223b42a971/r_13",
            "rotation": 0.12566370614359174,
            "transform_matrix": [
                [
                    0.6680730581283569,
                    -0.0015728581929579377,
                    -0.7440939545631409,
                    -2.9995388984680176
                ],
                [
                    -0.7440956830978394,
                    -0.0014121626736596227,
                    -0.6680715084075928,
                    -2.693082571029663
                ],
                [
                    0.0,
                    0.9999977350234985,
                    -0.0021137844305485487,
                    -0.008520938456058502
                ],
                [
                    0.0,
                    0.0,
                    0.0,
                    1.0
                ]
            ]
        },
        {
            "file_path": "/data/shapenet_blender/all_50_random/02958343/c299ad24d291a4b6756936223b42a971/r_14",
            "rotation": 0.12566370614359174,
            "transform_matrix": [
                [
                    0.12042349576950073,
                    0.027308672666549683,
                    0.9923469424247742,
                    4.000278472900391
                ],
                [
                    0.9927225708961487,
                    -0.0033127141650766134,
                    -0.12037793546915054,
                    -0.48525896668434143
                ],
                [
                    0.0,
                    0.9996215105056763,
                    -0.027508866041898727,
                    -0.11089178919792175
                ],
                [
                    0.0,
                    0.0,
                    0.0,
                    1.0
                ]
            ]
        },
        {
            "file_path": "/data/shapenet_blender/all_50_random/02958343/c299ad24d291a4b6756936223b42a971/r_15",
            "rotation": 0.12566370614359174,
            "transform_matrix": [
                [
                    -0.9996904134750366,
                    -0.011741657741367817,
                    -0.021939072757959366,
                    -0.0884392261505127
                ],
                [
                    -0.024883516132831573,
                    0.47171875834465027,
                    0.8813979029655457,
                    3.5530283451080322
                ],
                [
                    0.0,
                    0.8816709518432617,
                    -0.47186487913131714,
                    -1.9021480083465576
                ],
                [
                    0.0,
                    0.0,
                    0.0,
                    1.0
                ]
            ]
        },
        {
            "file_path": "/data/shapenet_blender/all_50_random/02958343/c299ad24d291a4b6756936223b42a971/r_16",
            "rotation": 0.12566370614359174,
            "transform_matrix": [
                [
                    0.9544849395751953,
                    0.27230581641197205,
                    0.12168867886066437,
                    0.49054276943206787
                ],
                [
                    0.29825931787490845,
                    -0.8714289665222168,
                    -0.38942626118659973,
                    -1.5698274374008179
                ],
                [
                    0.0,
                    0.40799617767333984,
                    -0.9129835963249207,
                    -3.680354595184326
                ],
                [
                    0.0,
                    0.0,
                    0.0,
                    1.0
                ]
            ]
        },
        {
            "file_path": "/data/shapenet_blender/all_50_random/02958343/c299ad24d291a4b6756936223b42a971/r_17",
            "rotation": 0.12566370614359174,
            "transform_matrix": [
                [
                    0.8102405667304993,
                    -0.1975478082895279,
                    -0.5518016219139099,
                    -2.224383592605591
                ],
                [
                    -0.5860974192619324,
                    -0.2730966806411743,
                    -0.7628289461135864,
                    -3.075061798095703
                ],
                [
                    0.0,
                    0.9414843320846558,
                    -0.33705633878707886,
                    -1.3587175607681274
                ],
                [
                    0.0,
                    0.0,
                    0.0,
                    1.0
                ]
            ]
        },
        {
            "file_path": "/data/shapenet_blender/all_50_random/02958343/c299ad24d291a4b6756936223b42a971/r_18",
            "rotation": 0.12566370614359174,
            "transform_matrix": [
                [
                    0.8287567496299744,
                    0.01302450243383646,
                    0.5594574213027954,
                    2.2552452087402344
                ],
                [
                    0.5596091151237488,
                    -0.019288722425699234,
                    -0.8285321593284607,
                    -3.3399202823638916
                ],
                [
                    0.0,
                    0.9997290968894958,
                    -0.023274287581443787,
                    -0.09382165968418121
                ],
                [
                    0.0,
                    0.0,
                    0.0,
                    1.0
                ]
            ]
        },
        {
            "file_path": "/data/shapenet_blender/all_50_random/02958343/c299ad24d291a4b6756936223b42a971/r_19",
            "rotation": 0.12566370614359174,
            "transform_matrix": [
                [
                    -0.950395405292511,
                    -0.25264161825180054,
                    -0.18144111335277557,
                    -0.7314125895500183
                ],
                [
                    -0.31104448437690735,
                    0.771945595741272,
                    0.5543926358222961,
                    2.234828472137451
                ],
                [
                    0.0,
                    0.583328366279602,
                    -0.8122362494468689,
                    -3.2742292881011963
                ],
                [
                    0.0,
                    0.0,
                    0.0,
                    1.0
                ]
            ]
        },
        {
            "file_path": "/data/shapenet_blender/all_50_random/02958343/c299ad24d291a4b6756936223b42a971/r_20",
            "rotation": 0.12566370614359174,
            "transform_matrix": [
                [
                    0.9605125784873962,
                    -0.0010319157736375928,
                    -0.2782346308231354,
                    -1.1215996742248535
                ],
                [
                    -0.2782365083694458,
                    -0.0035623216535896063,
                    -0.9605059623718262,
                    -3.8719234466552734
                ],
                [
                    0.0,
                    0.9999931454658508,
                    -0.0037087714299559593,
                    -0.01495053619146347
                ],
                [
                    0.0,
                    0.0,
                    0.0,
                    1.0
                ]
            ]
        },
        {
            "file_path": "/data/shapenet_blender/all_50_random/02958343/c299ad24d291a4b6756936223b42a971/r_21",
            "rotation": 0.12566370614359174,
            "transform_matrix": [
                [
                    0.9991837739944458,
                    0.009394349530339241,
                    -0.039288073778152466,
                    -0.1583753079175949
                ],
                [
                    -0.04039562866091728,
                    0.23236873745918274,
                    -0.9717884659767151,
                    -3.917404890060425
                ],
                [
                    0.0,
                    0.9725823998451233,
                    0.23255854845046997,
                    0.9374735355377197
                ],
                [
                    0.0,
                    0.0,
                    0.0,
                    1.0
                ]
            ]
        },
        {
            "file_path": "/data/shapenet_blender/all_50_random/02958343/c299ad24d291a4b6756936223b42a971/r_22",
            "rotation": 0.12566370614359174,
            "transform_matrix": [
                [
                    0.9677556157112122,
                    -0.05727192759513855,
                    0.2452940046787262,
                    0.988811731338501
                ],
                [
                    0.2518913149833679,
                    0.22003629803657532,
                    -0.9424090385437012,
                    -3.7989723682403564
                ],
                [
                    -3.725290742551124e-09,
                    0.9738088846206665,
                    0.22736766934394836,
                    0.9165483713150024
                ],
                [
                    0.0,
                    0.0,
                    0.0,
                    1.0
                ]
            ]
        },
        {
            "file_path": "/data/shapenet_blender/all_50_random/02958343/c299ad24d291a4b6756936223b42a971/r_23",
            "rotation": 0.12566370614359174,
            "transform_matrix": [
                [
                    0.7444229125976562,
                    0.08992511034011841,
                    0.6616251468658447,
                    2.6670966148376465
                ],
                [
                    0.6677083969116211,
                    -0.10025682300329208,
                    -0.7376407980918884,
                    -2.9735255241394043
                ],
                [
                    0.0,
                    0.9908894896507263,
                    -0.1346772164106369,
                    -0.5429012775421143
                ],
                [
                    0.0,
                    0.0,
                    0.0,
                    1.0
                ]
            ]
        },
        {
            "file_path": "/data/shapenet_blender/all_50_random/02958343/c299ad24d291a4b6756936223b42a971/r_24",
            "rotation": 0.12566370614359174,
            "transform_matrix": [
                [
                    -0.7252746820449829,
                    -0.44828158617019653,
                    0.5225135087966919,
                    2.1063194274902344
                ],
                [
                    0.6884596943855286,
                    -0.4722531735897064,
                    0.5504546165466309,
                    2.2189536094665527
                ],
                [
                    0.0,
                    0.7589601874351501,
                    0.6511369943618774,
                    2.624817132949829
                ],
                [
                    0.0,
                    0.0,
                    0.0,
                    1.0
                ]
            ]
        },
        {
            "file_path": "/data/shapenet_blender/all_50_random/02958343/c299ad24d291a4b6756936223b42a971/r_25",
            "rotation": 0.12566370614359174,
            "transform_matrix": [
                [
                    -0.8730390071868896,
                    0.0893532782793045,
                    0.4793942868709564,
                    1.9325003623962402
                ],
                [
                    0.48765042424201965,
                    0.15996889770030975,
                    0.858258068561554,
                    3.459749221801758
                ],
                [
                    0.0,
                    0.9830695390701294,
                    -0.18323223292827606,
                    -0.7386327981948853
                ],
                [
                    0.0,
                    0.0,
                    0.0,
                    1.0
                ]
            ]
        },
        {
            "file_path": "/data/shapenet_blender/all_50_random/02958343/c299ad24d291a4b6756936223b42a971/r_26",
            "rotation": 0.12566370614359174,
            "transform_matrix": [
                [
                    -0.697574257850647,
                    -0.41585785150527954,
                    -0.5834829807281494,
                    -2.352095127105713
                ],
                [
                    -0.7165124416351318,
                    0.4048662781715393,
                    0.5680608749389648,
                    2.289926528930664
                ],
                [
                    0.0,
                    0.814337432384491,
                    -0.5803916454315186,
                    -2.3396334648132324
                ],
                [
                    0.0,
                    0.0,
                    0.0,
                    1.0
                ]
            ]
        },
        {
            "file_path": "/data/shapenet_blender/all_50_random/02958343/c299ad24d291a4b6756936223b42a971/r_27",
            "rotation": 0.12566370614359174,
            "transform_matrix": [
                [
                    0.09972193092107773,
                    0.37988194823265076,
                    -0.9196440577507019,
                    -3.7072038650512695
                ],
                [
                    -0.9950154423713684,
                    0.03807233273983002,
                    -0.09216809272766113,
                    -0.37154147028923035
                ],
                [
                    0.0,
                    0.924251139163971,
                    0.3817850351333618,
                    1.5390247106552124
                ],
                [
                    0.0,
                    0.0,
                    0.0,
                    1.0
                ]
            ]
        },
        {
            "file_path": "/data/shapenet_blender/all_50_random/02958343/c299ad24d291a4b6756936223b42a971/r_28",
            "rotation": 0.12566370614359174,
            "transform_matrix": [
                [
                    0.83518385887146,
                    -0.3775675296783447,
                    0.3998883366584778,
                    1.6120014190673828
                ],
                [
                    0.5499708652496338,
                    0.5733727216720581,
                    -0.6072690486907959,
                    -2.4479799270629883
                ],
                [
                    0.0,
                    0.7271081805229187,
                    0.686522901058197,
                    2.7674622535705566
                ],
                [
                    0.0,
                    0.0,
                    0.0,
                    1.0
                ]
            ]
        },
        {
            "file_path": "/data/shapenet_blender/all_50_random/02958343/c299ad24d291a4b6756936223b42a971/r_29",
            "rotation": 0.12566370614359174,
            "transform_matrix": [
                [
                    0.11780799180269241,
                    -0.1861845701932907,
                    -0.9754263162612915,
                    -3.9320693016052246
                ],
                [
                    -0.9930364489555359,
                    -0.022087836638092995,
                    -0.11571882665157318,
                    -0.46647751331329346
                ],
                [
                    3.725290742551124e-09,
                    0.9822664856910706,
                    -0.18749016523361206,
                    -0.7557970285415649
                ],
                [
                    0.0,
                    0.0,
                    0.0,
                    1.0
                ]
            ]
        },
        {
            "file_path": "/data/shapenet_blender/all_50_random/02958343/c299ad24d291a4b6756936223b42a971/r_30",
            "rotation": 0.12566370614359174,
            "transform_matrix": [
                [
                    0.9241078495979309,
                    0.02938866801559925,
                    -0.38100001215934753,
                    -1.535860300064087
                ],
                [
                    -0.3821318447589874,
                    0.07107049226760864,
                    -0.921370804309845,
                    -3.7141647338867188
                ],
                [
                    -1.862645149230957e-09,
                    0.9970383048057556,
                    0.07690713554620743,
                    0.31002262234687805
                ],
                [
                    0.0,
                    0.0,
                    0.0,
                    1.0
                ]
            ]
        },
        {
            "file_path": "/data/shapenet_blender/all_50_random/02958343/c299ad24d291a4b6756936223b42a971/r_31",
            "rotation": 0.12566370614359174,
            "transform_matrix": [
                [
                    0.6941559910774231,
                    -0.3883773982524872,
                    0.6060614585876465,
                    2.4431118965148926
                ],
                [
                    0.7198246121406555,
                    0.37452802062034607,
                    -0.5844495296478271,
                    -2.3559913635253906
                ],
                [
                    -1.4901162970204496e-08,
                    0.8419570326805115,
                    0.5395445227622986,
                    2.174973487854004
                ],
                [
                    0.0,
                    0.0,
                    0.0,
                    1.0
                ]
            ]
        },
        {
            "file_path": "/data/shapenet_blender/all_50_random/02958343/c299ad24d291a4b6756936223b42a971/r_32",
            "rotation": 0.12566370614359174,
            "transform_matrix": [
                [
                    0.9332464337348938,
                    0.07507798075675964,
                    -0.35130393505096436,
                    -1.4161514043807983
                ],
                [
                    -0.3592369258403778,
                    0.19504192471504211,
                    -0.9126376509666443,
                    -3.678960084915161
                ],
                [
                    7.450580596923828e-09,
                    0.9779171347618103,
                    0.20899295806884766,
                    0.842477560043335
                ],
                [
                    0.0,
                    0.0,
                    0.0,
                    1.0
                ]
            ]
        },
        {
            "file_path": "/data/shapenet_blender/all_50_random/02958343/c299ad24d291a4b6756936223b42a971/r_33",
            "rotation": 0.12566370614359174,
            "transform_matrix": [
                [
                    0.5124443769454956,
                    -0.21975265443325043,
                    -0.8301262259483337,
                    -3.346345901489258
                ],
                [
                    -0.8587205410003662,
                    -0.1311381459236145,
                    -0.4953806400299072,
                    -1.9969432353973389
                ],
                [
                    -7.450581485102248e-09,
                    0.9667013883590698,
                    -0.2559070885181427,
                    -1.0315945148468018
                ],
                [
                    0.0,
                    0.0,
                    0.0,
                    1.0
                ]
            ]
        },
        {
            "file_path": "/data/shapenet_blender/all_50_random/02958343/c299ad24d291a4b6756936223b42a971/r_34",
            "rotation": 0.12566370614359174,
            "transform_matrix": [
                [
                    0.03232710063457489,
                    -0.825069010257721,
                    0.564106285572052,
                    2.2739851474761963
                ],
                [
                    0.9994772672653198,
                    0.026686040684580803,
                    -0.018245460465550423,
                    -0.07354980707168579
                ],
                [
                    9.313225746154785e-10,
                    0.5644011497497559,
                    0.8255005478858948,
                    3.3276991844177246
                ],
                [
                    0.0,
                    0.0,
                    0.0,
                    1.0
                ]
            ]
        },
        {
            "file_path": "/data/shapenet_blender/all_50_random/02958343/c299ad24d291a4b6756936223b42a971/r_35",
            "rotation": 0.12566370614359174,
            "transform_matrix": [
                [
                    -0.8327957987785339,
                    0.08697646111249924,
                    0.5467048287391663,
                    2.2038378715515137
                ],
                [
                    0.5535802841186523,
                    0.13084575533866882,
                    0.8224525451660156,
                    3.3154125213623047
                ],
                [
                    0.0,
                    0.9875800609588623,
                    -0.15711624920368195,
                    -0.6333559155464172
                ],
                [
                    0.0,
                    0.0,
                    0.0,
                    1.0
                ]
            ]
        },
        {
            "file_path": "/data/shapenet_blender/all_50_random/02958343/c299ad24d291a4b6756936223b42a971/r_36",
            "rotation": 0.12566370614359174,
            "transform_matrix": [
                [
                    0.8450411558151245,
                    -0.12160438299179077,
                    0.520689845085144,
                    2.0989677906036377
                ],
                [
                    0.5347013473510742,
                    0.19218336045742035,
                    -0.8228973150253296,
                    -3.3172051906585693
                ],
                [
                    0.0,
                    0.9737955331802368,
                    0.22742488980293274,
                    0.9167790412902832
                ],
                [
                    0.0,
                    0.0,
                    0.0,
                    1.0
                ]
            ]
        },
        {
            "file_path": "/data/shapenet_blender/all_50_random/02958343/c299ad24d291a4b6756936223b42a971/r_37",
            "rotation": 0.12566370614359174,
            "transform_matrix": [
                [
                    -0.2393650859594345,
                    -0.3253263235092163,
                    0.9148043394088745,
                    3.687694549560547
                ],
                [
                    0.9709296226501465,
                    -0.08020330220460892,
                    0.22552840411663055,
                    0.9091341495513916
                ],
                [
                    0.0,
                    0.9421943426132202,
                    0.3350668251514435,
                    1.350697636604309
                ],
                [
                    0.0,
                    0.0,
                    0.0,
                    1.0
                ]
            ]
        },
        {
            "file_path": "/data/shapenet_blender/all_50_random/02958343/c299ad24d291a4b6756936223b42a971/r_38",
            "rotation": 0.12566370614359174,
            "transform_matrix": [
                [
                    0.873005211353302,
                    -0.10219129920005798,
                    0.476884663105011,
                    1.9223835468292236
                ],
                [
                    0.4877110719680786,
                    0.18292291462421417,
                    -0.8536258935928345,
                    -3.4410760402679443
                ],
                [
                    7.450581485102248e-09,
                    0.9778015613555908,
                    0.2095324993133545,
                    0.844652533531189
                ],
                [
                    0.0,
                    0.0,
                    0.0,
                    1.0
                ]
            ]
        },
        {
            "file_path": "/data/shapenet_blender/all_50_random/02958343/c299ad24d291a4b6756936223b42a971/r_39",
            "rotation": 0.12566370614359174,
            "transform_matrix": [
                [
                    -0.25188615918159485,
                    -0.03698733076453209,
                    -0.9670497179031372,
                    -3.8983023166656494
                ],
                [
                    -0.9677569270133972,
                    0.00962700042873621,
                    0.25170207023620605,
                    1.014643669128418
                ],
                [
                    -9.31322685637781e-10,
                    0.9992692470550537,
                    -0.038219649344682693,
                    -0.15406835079193115
                ],
                [
                    0.0,
                    0.0,
                    0.0,
                    1.0
                ]
            ]
        },
        {
            "file_path": "/data/shapenet_blender/all_50_random/02958343/c299ad24d291a4b6756936223b42a971/r_40",
            "rotation": 0.12566370614359174,
            "transform_matrix": [
                [
                    -0.041502807289361954,
                    -0.8931309580802917,
                    0.4478779137134552,
                    1.8054537773132324
                ],
                [
                    0.9991384744644165,
                    -0.037099406123161316,
                    0.01860421895980835,
                    0.07499600946903229
                ],
                [
                    0.0,
                    0.4482642412185669,
                    0.8939010500907898,
                    3.60343074798584
                ],
                [
                    0.0,
                    0.0,
                    0.0,
                    1.0
                ]
            ]
        },
        {
            "file_path": "/data/shapenet_blender/all_50_random/02958343/c299ad24d291a4b6756936223b42a971/r_41",
            "rotation": 0.12566370614359174,
            "transform_matrix": [
                [
                    -0.3389521539211273,
                    0.22854024171829224,
                    0.9126229882240295,
                    3.678900957107544
                ],
                [
                    0.9408035278320312,
                    0.082338348031044,
                    0.328799307346344,
                    1.3254324197769165
                ],
                [
                    7.450580152834618e-09,
                    0.9700461626052856,
