{
    "class": "02958343",
    "model": "b51d8c15d8f603c350937622ac92802",
    "remove_doubles": true,
    "edge_split": true,
    "denoise": true,
    "camera_angle_x": 0.6911112070083618,
    "scale_factor": 2.2973111180169683,
    "hdri_file": "/data/IndoorHDRDataset2018/AG8A0153-08c69d2a93.exr",
    "center_offset": [
        0.0,
        -1.862645149230957e-09,
        0.0
    ],
    "lights": [],
    "frames": [
        {
            "file_path": "/data/shapenet_blender/all_50_random/02958343/b51d8c15d8f603c350937622ac92802/r_0",
            "rotation": 0.12566370614359174,
            "transform_matrix": [
                [
                    0.8961399793624878,
                    0.28521406650543213,
                    -0.33997946977615356,
                    -1.370501160621643
                ],
                [
                    -0.44377151131629944,
                    0.575953483581543,
                    -0.686545193195343,
                    -2.767552375793457
                ],
                [
                    1.4901161193847656e-08,
                    0.7661138772964478,
                    0.6427047848701477,
                    2.5908260345458984
                ],
                [
                    0.0,
                    0.0,
                    0.0,
                    1.0
                ]
            ]
        },
        {
            "file_path": "/data/shapenet_blender/all_50_random/02958343/b51d8c15d8f603c350937622ac92802/r_1",
            "rotation": 0.12566370614359174,
            "transform_matrix": [
                [
                    -0.587834894657135,
                    -0.029181908816099167,
                    0.8084543943405151,
                    3.258984088897705
                ],
                [
                    0.8089809417724609,
                    -0.0212046317756176,
                    0.587452232837677,
                    2.368095874786377
                ],
                [
                    1.8626449271863521e-09,
                    0.9993492364883423,
                    0.03607242554426193,
                    0.1454126089811325
                ],
                [
                    0.0,
                    0.0,
                    0.0,
                    1.0
                ]
            ]
        },
        {
            "file_path": "/data/shapenet_blender/all_50_random/02958343/b51d8c15d8f603c350937622ac92802/r_2",
            "rotation": 0.12566370614359174,
            "transform_matrix": [
                [
                    -0.7607290744781494,
                    0.004206888843327761,
                    0.6490559577941895,
                    2.6164283752441406
                ],
                [
                    0.6490696668624878,
                    0.0049305991269648075,
                    0.7607129812240601,
                    3.0665323734283447
                ],
                [
                    2.3283064365386963e-10,
                    0.9999790191650391,
                    -0.006481412798166275,
                    -0.026127412915229797
                ],
                [
                    0.0,
                    0.0,
                    0.0,
                    1.0
                ]
            ]
        },
        {
            "file_path": "/data/shapenet_blender/all_50_random/02958343/b51d8c15d8f603c350937622ac92802/r_3",
            "rotation": 0.12566370614359174,
            "transform_matrix": [
                [
                    0.1273333728313446,
                    -0.591909646987915,
                    -0.795882523059845,
                    -3.2083053588867188
                ],
                [
                    -0.9918599724769592,
                    -0.07598840445280075,
                    -0.10217411071062088,
                    -0.4118770360946655
                ],
                [
                    0.0,
                    0.8024141788482666,
                    -0.5967673659324646,
                    -2.405646324157715
                ],
                [
                    0.0,
                    0.0,
                    0.0,
                    1.0
                ]
            ]
        },
        {
            "file_path": "/data/shapenet_blender/all_50_random/02958343/b51d8c15d8f603c350937622ac92802/r_4",
            "rotation": 0.12566370614359174,
            "transform_matrix": [
                [
                    0.8654802441596985,
                    -0.11477464437484741,
                    -0.48761746287345886,
                    -1.965648889541626
                ],
                [
                    -0.5009431838989258,
                    -0.19829632341861725,
                    -0.8424574136734009,
                    -3.39605450630188
                ],
                [
                    0.0,
                    0.973398745059967,
                    -0.22911714017391205,
                    -0.9236007332801819
                ],
                [
                    0.0,
                    0.0,
                    0.0,
                    1.0
                ]
            ]
        },
        {
            "file_path": "/data/shapenet_blender/all_50_random/02958343/b51d8c15d8f603c350937622ac92802/r_5",
            "rotation": 0.12566370614359174,
            "transform_matrix": [
                [
                    -0.18809691071510315,
                    0.9185113906860352,
                    -0.34778788685798645,
                    -1.401977777481079
                ],
                [
                    -0.9821504950523376,
                    -0.17590904235839844,
                    0.06660672277212143,
                    0.26850029826164246
                ],
                [
                    0.0,
                    0.3541085422039032,
                    0.9352043867111206,
                    3.7699294090270996
                ],
                [
                    0.0,
                    0.0,
                    0.0,
                    1.0
                ]
            ]
        },
        {
            "file_path": "/data/shapenet_blender/all_50_random/02958343/b51d8c15d8f603c350937622ac92802/r_6",
            "rotation": 0.12566370614359174,
            "transform_matrix": [
                [
                    0.8120487332344055,
                    0.3282264769077301,
                    -0.48253944516181946,
                    -1.945178747177124
                ],
                [
                    -0.5835897326469421,
                    0.45671796798706055,
                    -0.6714401245117188,
                    -2.7066617012023926
                ],
                [
                    0.0,
                    0.8268471360206604,
                    0.562426745891571,
                    2.267214775085449
                ],
                [
                    0.0,
                    0.0,
                    0.0,
                    1.0
                ]
            ]
        },
        {
            "file_path": "/data/shapenet_blender/all_50_random/02958343/b51d8c15d8f603c350937622ac92802/r_7",
            "rotation": 0.12566370614359174,
            "transform_matrix": [
                [
                    -0.7749966979026794,
                    0.3932131230831146,
                    -0.4947359263896942,
                    -1.9943444728851318
                ],
                [
                    -0.6319653987884521,
                    -0.48220816254615784,
                    0.6067083477973938,
                    2.4457197189331055
                ],
                [
                    0.0,
                    0.7828530073165894,
                    0.6222066879272461,
                    2.508195638656616
                ],
                [
                    0.0,
                    0.0,
                    0.0,
                    1.0
                ]
            ]
        },
        {
            "file_path": "/data/shapenet_blender/all_50_random/02958343/b51d8c15d8f603c350937622ac92802/r_8",
            "rotation": 0.12566370614359174,
            "transform_matrix": [
                [
                    0.9986665844917297,
                    0.0037999392952769995,
                    0.05148559436202049,
                    0.20754507184028625
                ],
                [
                    0.05162563547492027,
                    -0.07350752502679825,
                    -0.995957612991333,
                    -4.014833450317383
                ],
                [
                    0.0,
                    0.9972874522209167,
                    -0.07360567152500153,
                    -0.2967139482498169
                ],
                [
                    0.0,
                    0.0,
                    0.0,
                    1.0
                ]
            ]
        },
        {
            "file_path": "/data/shapenet_blender/all_50_random/02958343/b51d8c15d8f603c350937622ac92802/r_9",
            "rotation": 0.12566370614359174,
            "transform_matrix": [
                [
                    0.5718854069709778,
                    -0.4571911096572876,
                    0.6811190843582153,
                    2.7456791400909424
                ],
                [
                    0.8203336000442505,
                    0.3187251389026642,
                    -0.47483378648757935,
                    -1.914116382598877
                ],
                [
                    1.4901162970204496e-08,
                    0.8302954435348511,
                    0.5573233962059021,
                    2.246642827987671
                ],
                [
                    0.0,
                    0.0,
                    0.0,
                    1.0
                ]
            ]
        },
        {
            "file_path": "/data/shapenet_blender/all_50_random/02958343/b51d8c15d8f603c350937622ac92802/r_10",
            "rotation": 0.12566370614359174,
            "transform_matrix": [
                [
                    0.656100332736969,
                    0.6694976091384888,
                    0.34828895330429077,
                    1.403997540473938
                ],
                [
                    0.7546737194061279,
                    -0.5820496678352356,
                    -0.3027964234352112,
                    -1.220611333847046
                ],
                [
                    -1.4901159417490817e-08,
                    0.46150949597358704,
                    -0.8871354460716248,
                    -3.5761568546295166
                ],
                [
                    0.0,
                    0.0,
                    0.0,
                    1.0
                ]
            ]
        },
        {
            "file_path": "/data/shapenet_blender/all_50_random/02958343/b51d8c15d8f603c350937622ac92802/r_11",
            "rotation": 0.12566370614359174,
            "transform_matrix": [
                [
                    0.8863652944564819,
                    -0.026178626343607903,
                    0.46224579215049744,
                    1.8633722066879272
                ],
                [
                    0.46298646926879883,
                    0.050117719918489456,
                    -0.8849473595619202,
                    -3.5673365592956543
                ],
                [
                    1.8626450382086546e-09,
                    0.998400092124939,
                    0.05654297024011612,
                    0.22793197631835938
                ],
                [
                    0.0,
                    0.0,
                    0.0,
                    1.0
                ]
            ]
        },
        {
            "file_path": "/data/shapenet_blender/all_50_random/02958343/b51d8c15d8f603c350937622ac92802/r_12",
            "rotation": 0.12566370614359174,
            "transform_matrix": [
                [
                    -0.4056498110294342,
                    0.33969846367836,
                    -0.8485594391822815,
                    -3.4206528663635254
                ],
                [
                    -0.9140286445617676,
                    -0.15075963735580444,
                    0.37659430503845215,
                    1.518100380897522
                ],
                [
                    -1.4901161193847656e-08,
                    0.9283730983734131,
                    0.3716496527194977,
                    1.4981677532196045
                ],
                [
                    0.0,
                    0.0,
                    0.0,
                    1.0
                ]
            ]
        },
        {
            "file_path": "/data/shapenet_blender/all_50_random/02958343/b51d8c15d8f603c350937622ac92802/r_13",
            "rotation": 0.12566370614359174,
            "transform_matrix": [
                [
                    0.742206335067749,
                    0.07024544477462769,
                    -0.6664796471595764,
                    -2.6866655349731445
                ],
                [
                    -0.6701712608337402,
                    0.07779596000909805,
                    -0.7381178736686707,
                    -2.9754486083984375
                ],
                [
                    3.725290298461914e-09,
                    0.9944913983345032,
                    0.10481715202331543,
                    0.42253148555755615
                ],
                [
                    0.0,
                    0.0,
                    0.0,
                    1.0
                ]
            ]
        },
        {
            "file_path": "/data/shapenet_blender/all_50_random/02958343/b51d8c15d8f603c350937622ac92802/r_14",
            "rotation": 0.12566370614359174,
            "transform_matrix": [
                [
                    0.6013945937156677,
                    -0.4959559738636017,
                    0.6263801455497742,
                    2.525019407272339
                ],
                [
                    0.7989521622657776,
                    0.3733205497264862,
                    -0.4714946746826172,
                    -1.90065598487854
                ],
                [
                    1.4901161193847656e-08,
                    0.7840021848678589,
                    0.6207579970359802,
                    2.5023558139801025
                ],
                [
                    0.0,
                    0.0,
                    0.0,
                    1.0
                ]
            ]
        },
        {
            "file_path": "/data/shapenet_blender/all_50_random/02958343/b51d8c15d8f603c350937622ac92802/r_15",
            "rotation": 0.12566370614359174,
            "transform_matrix": [
                [
                    -0.5310604572296143,
                    -0.12675583362579346,
                    0.8377991914749146,
                    3.37727689743042
                ],
                [
                    0.8473338484764099,
                    -0.07944332808256149,
                    0.5250847339630127,
                    2.1166844367980957
                ],
                [
                    -7.450580596923828e-09,
                    0.9887474179267883,
                    0.14959372580051422,
                    0.6030316352844238
                ],
                [
                    0.0,
                    0.0,
                    0.0,
                    1.0
                ]
            ]
        },
        {
            "file_path": "/data/shapenet_blender/all_50_random/02958343/b51d8c15d8f603c350937622ac92802/r_16",
            "rotation": 0.12566370614359174,
            "transform_matrix": [
                [
                    -0.8803924322128296,
                    -0.35171443223953247,
                    0.31812915205955505,
                    1.2824196815490723
                ],
                [
                    0.47424590587615967,
                    -0.6529244184494019,
                    0.5905765295028687,
                    2.380690097808838
                ],
                [
                    0.0,
                    0.6708105206489563,
                    0.7416287660598755,
                    2.9896011352539062
                ],
                [
                    0.0,
                    0.0,
                    0.0,
                    1.0
                ]
            ]
        },
        {
            "file_path": "/data/shapenet_blender/all_50_random/02958343/b51d8c15d8f603c350937622ac92802/r_17",
            "rotation": 0.12566370614359174,
            "transform_matrix": [
                [
                    0.3080337345600128,
                    0.3103852868080139,
                    0.8993197679519653,
                    3.625274181365967
                ],
                [
                    0.951375424861908,
                    -0.10049570351839066,
                    -0.2911792993545532,
                    -1.173781394958496
                ],
                [
                    0.0,
                    0.945283830165863,
                    -0.32624900341033936,
                    -1.3151519298553467
                ],
                [
                    0.0,
                    0.0,
                    0.0,
                    1.0
                ]
            ]
        },
        {
            "file_path": "/data/shapenet_blender/all_50_random/02958343/b51d8c15d8f603c350937622ac92802/r_18",
            "rotation": 0.12566370614359174,
            "transform_matrix": [
                [
                    0.9788206219673157,
                    -0.13937635719776154,
                    -0.14994847774505615,
                    -0.604461669921875
                ],
                [
                    -0.20472010970115662,
                    -0.6663950085639954,
                    -0.716943085193634,
                    -2.890089988708496
                ],
                [
                    0.0,
                    0.7324560284614563,
                    -0.6808143258094788,
                    -2.744450330734253
                ],
                [
                    0.0,
                    0.0,
                    0.0,
                    1.0
                ]
            ]
        },
        {
            "file_path": "/data/shapenet_blender/all_50_random/02958343/b51d8c15d8f603c350937622ac92802/r_19",
            "rotation": 0.12566370614359174,
            "transform_matrix": [
                [
                    -0.9860501885414124,
                    0.09830677509307861,
                    0.134316548705101,
                    0.5414473414421082
                ],
                [
                    0.1664486676454544,
                    0.5823741555213928,
                    0.7956978678703308,
                    3.2075607776641846
                ],
                [
                    0.0,
                    0.8069548010826111,
                    -0.5906131863594055,
                    -2.380837917327881
                ],
                [
                    0.0,
                    0.0,
                    0.0,
                    1.0
                ]
            ]
        },
        {
            "file_path": "/data/shapenet_blender/all_50_random/02958343/b51d8c15d8f603c350937622ac92802/r_20",
            "rotation": 0.12566370614359174,
            "transform_matrix": [
                [
                    0.6997373104095459,
                    0.23482653498649597,
                    0.6747030019760132,
                    2.7198147773742676
                ],
                [
                    0.7144001722335815,
                    -0.23000678420066833,
                    -0.6608549356460571,
                    -2.6639914512634277
                ],
                [
                    0.0,
                    0.94443279504776,
                    -0.32870447635650635,
                    -1.3250501155853271
                ],
                [
                    0.0,
                    0.0,
                    0.0,
                    1.0
                ]
            ]
        },
        {
            "file_path": "/data/shapenet_blender/all_50_random/02958343/b51d8c15d8f603c350937622ac92802/r_21",
            "rotation": 0.12566370614359174,
            "transform_matrix": [
                [
                    0.9999144077301025,
                    -4.369298494566465e-06,
                    -0.01307707093656063,
                    -0.05271536111831665
                ],
                [
                    -0.01307707093656063,
                    -0.00033409043680876493,
                    -0.9999144077301025,
                    -4.0307841300964355
                ],
                [
                    0.0,
                    0.9999999403953552,
                    -0.000334118987666443,
                    -0.0013468768447637558
                ],
                [
                    0.0,
                    0.0,
                    0.0,
                    1.0
                ]
            ]
        },
        {
            "file_path": "/data/shapenet_blender/all_50_random/02958343/b51d8c15d8f603c350937622ac92802/r_22",
            "rotation": 0.12566370614359174,
            "transform_matrix": [
                [
                    0.06487423181533813,
                    0.9544135928153992,
                    -0.2913518249988556,
                    -1.1744768619537354
                ],
                [
                    -0.9978934526443481,
                    0.062047556042671204,
                    -0.018941126763820648,
                    -0.07635413110256195
                ],
                [
                    -1.862645149230957e-09,
                    0.2919670641422272,
                    0.9564284086227417,
                    3.8554863929748535
                ],
                [
                    0.0,
                    0.0,
                    0.0,
                    1.0
                ]
            ]
        },
        {
            "file_path": "/data/shapenet_blender/all_50_random/02958343/b51d8c15d8f603c350937622ac92802/r_23",
            "rotation": 0.12566370614359174,
            "transform_matrix": [
                [
                    0.11756614595651627,
                    -0.23664240539073944,
                    0.9644575715065002,
                    3.8878531455993652
                ],
                [
                    0.9930649995803833,
                    0.028015421703457832,
                    -0.11417939513921738,
                    -0.4602718949317932
                ],
                [
                    1.8626450382086546e-09,
                    0.9711927771568298,
                    0.23829495906829834,
                    0.9605977535247803
                ],
                [
                    0.0,
                    0.0,
                    0.0,
                    1.0
                ]
            ]
        },
        {
            "file_path": "/data/shapenet_blender/all_50_random/02958343/b51d8c15d8f603c350937622ac92802/r_24",
            "rotation": 0.12566370614359174,
            "transform_matrix": [
                [
                    0.5672716498374939,
                    0.09441772848367691,
                    0.8181002736091614,
                    3.297868013381958
                ],
                [
                    0.8235308527946472,
                    -0.06503764539957047,
                    -0.5635309219360352,
                    -2.2716660499572754
                ],
                [
                    3.725290742551124e-09,
                    0.9934059381484985,
                    -0.11464990675449371,
                    -0.4621685743331909
                ],
                [
                    0.0,
                    0.0,
                    0.0,
                    1.0
                ]
            ]
        },
        {
            "file_path": "/data/shapenet_blender/all_50_random/02958343/b51d8c15d8f603c350937622ac92802/r_25",
            "rotation": 0.12566370614359174,
            "transform_matrix": [
                [
                    0.21649989485740662,
                    -0.22582601010799408,
                    0.9498053789138794,
                    3.8287882804870605
                ],
                [
                    0.9762826561927795,
                    0.05007905140519142,
                    -0.21062831580638885,
                    -0.8490699529647827
                ],
                [
                    0.0,
                    0.9728795289993286,
                    0.2313121110200882,
                    0.9324489831924438
                ],
                [
                    0.0,
                    0.0,
                    0.0,
                    1.0
                ]
            ]
        },
        {
            "file_path": "/data/shapenet_blender/all_50_random/02958343/b51d8c15d8f603c350937622ac92802/r_26",
            "rotation": 0.12566370614359174,
            "transform_matrix": [
                [
                    0.9948430061340332,
                    0.08024058490991592,
                    -0.06203977391123772,
                    -0.2500903308391571
                ],
                [
                    -0.10142724215984344,
                    0.7870349884033203,
                    -0.6085134148597717,
                    -2.452996015548706
                ],
                [
                    0.0,
                    0.6116677522659302,
                    0.7911147475242615,
                    3.1890854835510254
                ],
                [
                    0.0,
                    0.0,
                    0.0,
                    1.0
                ]
            ]
        },
        {
            "file_path": "/data/shapenet_blender/all_50_random/02958343/b51d8c15d8f603c350937622ac92802/r_27",
            "rotation": 0.12566370614359174,
            "transform_matrix": [
                [
                    0.9046581983566284,
                    -0.02685515582561493,
                    0.42529067397117615,
                    1.7144017219543457
                ],
                [
                    0.4261377453804016,
                    0.05701147019863129,
                    -0.9028599858283997,
                    -3.639545202255249
                ],
                [
                    -1.8626450382086546e-09,
                    0.9980123043060303,
                    0.06301988661289215,
                    0.25404131412506104
                ],
                [
                    0.0,
                    0.0,
                    0.0,
                    1.0
                ]
            ]
        },
        {
            "file_path": "/data/shapenet_blender/all_50_random/02958343/b51d8c15d8f603c350937622ac92802/r_28",
            "rotation": 0.12566370614359174,
            "transform_matrix": [
                [
                    -0.9121017456054688,
                    -0.2774711549282074,
                    -0.3017948865890503,
                    -1.2165741920471191
                ],
                [
                    -0.4099639058113098,
                    0.6173273324966431,
                    0.6714435815811157,
                    2.7066760063171387
                ],
                [
                    1.4901161193847656e-08,
                    0.7361499667167664,
                    -0.6768183708190918,
                    -2.728342294692993
                ],
                [
                    0.0,
                    0.0,
                    0.0,
                    1.0
                ]
            ]
        },
        {
            "file_path": "/data/shapenet_blender/all_50_random/02958343/b51d8c15d8f603c350937622ac92802/r_29",
            "rotation": 0.12566370614359174,
            "transform_matrix": [
                [
                    -0.8850408792495728,
                    0.047997746616601944,
                    0.4630320966243744,
                    1.8665419816970825
                ],
                [
                    0.46551311016082764,
                    0.0912540853023529,
                    0.8803239464759827,
                    3.548699140548706
                ],
                [
                    -3.7252896323280993e-09,
                    0.9946702718734741,
                    -0.10310718417167664,
                    -0.4156383275985718
                ],
                [
                    0.0,
                    0.0,
                    0.0,
                    1.0
                ]
            ]
        },
        {
            "file_path": "/data/shapenet_blender/all_50_random/02958343/b51d8c15d8f603c350937622ac92802/r_30",
            "rotation": 0.12566370614359174,
            "transform_matrix": [
                [
                    -0.9195992350578308,
                    0.20239080488681793,
                    0.336712121963501,
                    1.357330083847046
                ],
                [
                    0.3928576409816742,
                    0.47375544905662537,
                    0.7881741523742676,
                    3.177231788635254
                ],
                [
                    0.0,
                    0.8570843935012817,
                    -0.5151758790016174,
                    -2.0767407417297363
                ],
                [
                    0.0,
                    0.0,
                    0.0,
                    1.0
                ]
            ]
        },
        {
            "file_path": "/data/shapenet_blender/all_50_random/02958343/b51d8c15d8f603c350937622ac92802/r_31",
            "rotation": 0.12566370614359174,
            "transform_matrix": [
                [
                    0.6291770339012146,
                    0.10931972414255142,
                    0.7695358395576477,
                    3.1020984649658203
                ],
                [
                    0.7772619724273682,
                    -0.08849198371171951,
                    -0.6229228377342224,
                    -2.511082410812378
                ],
                [
                    -7.450580152834618e-09,
                    0.9900597929954529,
                    -0.14064717292785645,
                    -0.5669669508934021
                ],
                [
                    0.0,
                    0.0,
                    0.0,
                    1.0
                ]
            ]
        },
        {
            "file_path": "/data/shapenet_blender/all_50_random/02958343/b51d8c15d8f603c350937622ac92802/r_32",
            "rotation": 0.12566370614359174,
            "transform_matrix": [
                [
                    -0.22534047067165375,
                    -0.5824885964393616,
                    0.7809792757034302,
                    3.148228168487549
                ],
                [
                    0.974280059337616,
                    -0.13472333550453186,
                    0.180632084608078,
                    0.7281512022018433
                ],
                [
                    0.0,
                    0.8015962839126587,
                    0.597865641117096,
                    2.4100735187530518
                ],
                [
                    0.0,
                    0.0,
                    0.0,
                    1.0
                ]
            ]
        },
        {
            "file_path": "/data/shapenet_blender/all_50_random/02958343/b51d8c15d8f603c350937622ac92802/r_33",
            "rotation": 0.12566370614359174,
            "transform_matrix": [
                [
                    0.33844807744026184,
                    -0.00500257546082139,
                    0.9409717917442322,
                    3.7931785583496094
                ],
                [
                    0.9409851431846619,
                    0.001799297402612865,
                    -0.3384432792663574,
                    -1.364308476448059
                ],
                [
                    0.0,
                    0.999985933303833,
                    0.005316317547112703,
                    0.021430760622024536
                ],
                [
                    0.0,
                    0.0,
                    0.0,
                    1.0
                ]
            ]
        },
        {
            "file_path": "/data/shapenet_blender/all_50_random/02958343/b51d8c15d8f603c350937622ac92802/r_34",
            "rotation": 0.12566370614359174,
            "transform_matrix": [
                [
                    0.9950177669525146,
                    -0.029763828963041306,
                    -0.09515206515789032,
                    -0.38357025384902954
                ],
                [
                    -0.09969856590032578,
                    -0.2970508337020874,
                    -0.9496425986289978,
                    -3.828131675720215
                ],
                [
                    -1.862645371275562e-09,
                    0.9543975591659546,
                    -0.29853829741477966,
                    -1.203446388244629
                ],
                [
                    0.0,
                    0.0,
                    0.0,
                    1.0
                ]
            ]
        },
        {
            "file_path": "/data/shapenet_blender/all_50_random/02958343/b51d8c15d8f603c350937622ac92802/r_35",
            "rotation": 0.12566370614359174,
            "transform_matrix": [
                [
                    0.8690102100372314,
                    0.10055750608444214,
                    -0.48446834087371826,
                    -1.9529541730880737
                ],
                [
                    -0.4947942793369293,
                    0.17660973966121674,
                    -0.850874662399292,
                    -3.4299850463867188
                ],
                [
                    -7.450580596923828e-09,
                    0.979130744934082,
                    0.20323099195957184,
                    0.819250226020813
                ],
                [
                    0.0,
                    0.0,
                    0.0,
                    1.0
                ]
            ]
        },
        {
            "file_path": "/data/shapenet_blender/all_50_random/02958343/b51d8c15d8f603c350937622ac92802/r_36",
            "rotation": 0.12566370614359174,
            "transform_matrix": [
                [
                    -0.24445046484470367,
                    -0.6680800318717957,
                    -0.7027894854545593,
                    -2.8330352306365967
                ],
                [
                    -0.9696617722511292,
                    0.16842210292816162,
                    0.17717231810092926,
                    0.7142044901847839
                ],
                [
                    0.0,
                    0.7247779965400696,
                    -0.6889824271202087,
                    -2.777377128601074
                ],
                [
                    0.0,
                    0.0,
                    0.0,
                    1.0
                ]
            ]
        },
        {
            "file_path": "/data/shapenet_blender/all_50_random/02958343/b51d8c15d8f603c350937622ac92802/r_37",
            "rotation": 0.12566370614359174,
            "transform_matrix": [
                [
                    0.9889074563980103,
                    0.04469791427254677,
                    -0.14164826273918152,
                    -0.5710024237632751
                ],
                [
                    -0.14853328466415405,
                    0.2975905239582062,
                    -0.943068265914917,
                    -3.8016295433044434
                ],
                [
                    -3.725290298461914e-09,
                    0.9536466598510742,
                    0.30092859268188477,
                    1.213081955909729
                ],
                [
                    0.0,
                    0.0,
                    0.0,
                    1.0
                ]
            ]
        },
        {
            "file_path": "/data/shapenet_blender/all_50_random/02958343/b51d8c15d8f603c350937622ac92802/r_38",
            "rotation": 0.12566370614359174,
            "transform_matrix": [
                [
                    -0.406533420085907,
                    -0.34588420391082764,
                    -0.8456327319145203,
                    -3.4088544845581055
                ],
                [
                    -0.9136359691619873,
                    0.15390536189079285,
                    0.3762745261192322,
                    1.5168111324310303
                ],
                [
                    0.0,
                    0.9255685806274414,
                    -0.37857991456985474,
                    -1.52610445022583
                ],
                [
                    0.0,
                    0.0,
                    0.0,
                    1.0
                ]
            ]
        },
        {
            "file_path": "/data/shapenet_blender/all_50_random/02958343/b51d8c15d8f603c350937622ac92802/r_39",
            "rotation": 0.12566370614359174,
            "transform_matrix": [
                [
                    0.999675452709198,
                    -0.0006800279952585697,
                    0.025468695908784866,
                    0.10266759991645813
                ],
                [
                    0.025477776303887367,
                    0.02668236568570137,
                    -0.9993192553520203,
                    -4.028384685516357
                ],
                [
                    0.0,
                    0.9996437430381775,
                    0.02669103443622589,
                    0.10759500414133072
                ],
                [
                    0.0,
                    0.0,
                    0.0,
                    1.0
                ]
            ]
        },
        {
            "file_path": "/data/shapenet_blender/all_50_random/02958343/b51d8c15d8f603c350937622ac92802/r_40",
            "rotation": 0.12566370614359174,
            "transform_matrix": [
                [
                    -0.46247178316116333,
                    -0.18359492719173431,
                    -0.8674172759056091,
                    -3.496670961380005
                ],
                [
                    -0.8866340517997742,
                    0.09576382488012314,
                    0.4524482190608978,
                    1.8238770961761475
                ],
                [
                    -7.450580596923828e-09,
                    0.9783262610435486,
                    -0.2070695459842682,
                    -0.8347240686416626
                ],
                [
                    0.0,
                    0.0,
                    0.0,
                    1.0
                ]
            ]
        },
        {
            "file_path": "/data/shapenet_blender/all_50_random/02958343/b51d8c15d8f603c350937622ac92802/r_41",
            "rotation": 0.12566370614359174,
            "transform_matrix": [
                [
                    0.35219573974609375,
                    -0.5749325752258301,
                    -0.7385191917419434,
                    -2.9770662784576416
                ],
                [
                    -0.9359263181686401,
                    -0.2163512259721756,
                    -0.2779100239276886,
                    -1.1202912330627441
                ],
                [
                    0.0,
