{
    "class": "02958343",
    "model": "6283a8fcea4976fe47bff85f09fd66b",
    "remove_doubles": true,
    "edge_split": true,
    "denoise": true,
    "camera_angle_x": 0.6911112070083618,
    "scale_factor": 2.2891676703335357,
    "hdri_file": "/data/IndoorHDRDataset2018/9C4A2806-fb8abb7257.exr",
    "center_offset": [
        0.0,
        -3.725290298461914e-09,
        0.0
    ],
    "lights": [],
    "frames": [
        {
            "file_path": "/data/shapenet_blender/all_50_random/02958343/6283a8fcea4976fe47bff85f09fd66b/r_0",
            "rotation": 0.12566370614359174,
            "transform_matrix": [
                [
                    -0.9752669930458069,
                    -0.016370510682463646,
                    -0.2204231321811676,
                    -0.8885541558265686
                ],
                [
                    -0.22103022038936615,
                    0.07223273813724518,
                    0.972588300704956,
                    3.9206290245056152
                ],
                [
                    0.0,
                    0.9972534775733948,
                    -0.07406457513570786,
                    -0.2985638678073883
                ],
                [
                    0.0,
                    0.0,
                    0.0,
                    1.0
                ]
            ]
        },
        {
            "file_path": "/data/shapenet_blender/all_50_random/02958343/6283a8fcea4976fe47bff85f09fd66b/r_1",
            "rotation": 0.12566370614359174,
            "transform_matrix": [
                [
                    -0.16525128483772278,
                    -0.5686451196670532,
                    -0.8058130741119385,
                    -3.2483363151550293
                ],
                [
                    -0.9862515330314636,
                    0.09527929127216339,
                    0.13501794636249542,
                    0.5442747473716736
                ],
                [
                    0.0,
                    0.8170461058616638,
                    -0.5765721797943115,
                    -2.3242368698120117
                ],
                [
                    0.0,
                    0.0,
                    0.0,
                    1.0
                ]
            ]
        },
        {
            "file_path": "/data/shapenet_blender/all_50_random/02958343/6283a8fcea4976fe47bff85f09fd66b/r_2",
            "rotation": 0.12566370614359174,
            "transform_matrix": [
                [
                    -0.15189984440803528,
                    0.37113097310066223,
                    0.9160721898078918,
                    3.692805051803589
                ],
                [
                    0.9883959293365479,
                    0.057036589831113815,
                    0.14078488945960999,
                    0.5675220489501953
                ],
                [
                    0.0,
                    0.9268271327018738,
                    -0.3754882514476776,
                    -1.513641595840454
                ],
                [
                    0.0,
                    0.0,
                    0.0,
                    1.0
                ]
            ]
        },
        {
            "file_path": "/data/shapenet_blender/all_50_random/02958343/6283a8fcea4976fe47bff85f09fd66b/r_3",
            "rotation": 0.12566370614359174,
            "transform_matrix": [
                [
                    -0.9507144093513489,
                    -0.0804317444562912,
                    -0.29945436120033264,
                    -1.207139253616333
                ],
                [
                    -0.3100680410861969,
                    0.24661560356616974,
                    0.918171226978302,
                    3.7012667655944824
                ],
                [
                    7.450580596923828e-09,
                    0.9657698273658752,
                    -0.25940027832984924,
                    -1.0456761121749878
                ],
                [
                    0.0,
                    0.0,
                    0.0,
                    1.0
                ]
            ]
        },
        {
            "file_path": "/data/shapenet_blender/all_50_random/02958343/6283a8fcea4976fe47bff85f09fd66b/r_4",
            "rotation": 0.12566370614359174,
            "transform_matrix": [
                [
                    0.37677305936813354,
                    -0.5666967630386353,
                    -0.732732355594635,
                    -2.9537389278411865
                ],
                [
                    -0.9263056516647339,
                    -0.23050279915332794,
                    -0.29803746938705444,
                    -1.2014275789260864
                ],
                [
                    1.4901162970204496e-08,
                    0.7910267114639282,
                    -0.6117815375328064,
                    -2.4661705493927
                ],
                [
                    0.0,
                    0.0,
                    0.0,
                    1.0
                ]
            ]
        },
        {
            "file_path": "/data/shapenet_blender/all_50_random/02958343/6283a8fcea4976fe47bff85f09fd66b/r_5",
            "rotation": 0.12566370614359174,
            "transform_matrix": [
                [
                    0.5176985263824463,
                    -0.5492693781852722,
                    -0.6559659838676453,
                    -2.6442832946777344
                ],
                [
                    -0.8555631637573242,
                    -0.3323611319065094,
                    -0.3969229459762573,
                    -1.6000474691390991
                ],
                [
                    1.4901161193847656e-08,
                    0.7667067050933838,
                    -0.6419974565505981,
                    -2.5879745483398438
                ],
                [
                    0.0,
                    0.0,
                    0.0,
                    1.0
                ]
            ]
        },
        {
            "file_path": "/data/shapenet_blender/all_50_random/02958343/6283a8fcea4976fe47bff85f09fd66b/r_6",
            "rotation": 0.12566370614359174,
            "transform_matrix": [
                [
                    -0.3043517470359802,
                    -0.22464780509471893,
                    -0.925690770149231,
                    -3.731578826904297
                ],
                [
                    -0.952559769153595,
                    0.07177707552909851,
                    0.2957668602466583,
                    1.1922743320465088
                ],
                [
                    0.0,
                    0.9717929363250732,
                    -0.23583590984344482,
                    -0.9506849646568298
                ],
                [
                    0.0,
                    0.0,
                    0.0,
                    1.0
                ]
            ]
        },
        {
            "file_path": "/data/shapenet_blender/all_50_random/02958343/6283a8fcea4976fe47bff85f09fd66b/r_7",
            "rotation": 0.12566370614359174,
            "transform_matrix": [
                [
                    -0.09795836359262466,
                    -0.16904276609420776,
                    0.9807285666465759,
                    3.9534435272216797
                ],
                [
                    0.9951905012130737,
                    -0.01663918048143387,
                    0.0965348482131958,
                    0.3891444504261017
                ],
                [
                    1.862645149230957e-09,
                    0.9854682683944702,
                    0.16985969245433807,
                    0.684726357460022
                ],
                [
                    0.0,
                    0.0,
                    0.0,
                    1.0
                ]
            ]
        },
        {
            "file_path": "/data/shapenet_blender/all_50_random/02958343/6283a8fcea4976fe47bff85f09fd66b/r_8",
            "rotation": 0.12566370614359174,
            "transform_matrix": [
                [
                    -0.9238254427909851,
                    0.04020987078547478,
                    -0.38069620728492737,
                    -1.5346355438232422
                ],
                [
                    -0.38281381130218506,
                    -0.09703647345304489,
                    0.9187151193618774,
                    3.7034590244293213
                ],
                [
                    0.0,
                    0.9944682121276855,
                    0.10503765195608139,
                    0.4234203100204468
                ],
                [
                    0.0,
                    0.0,
                    0.0,
                    1.0
                ]
            ]
        },
        {
            "file_path": "/data/shapenet_blender/all_50_random/02958343/6283a8fcea4976fe47bff85f09fd66b/r_9",
            "rotation": 0.12566370614359174,
            "transform_matrix": [
                [
                    0.9861813187599182,
                    0.0427510067820549,
                    -0.16005845367908478,
                    -0.6452163457870483
                ],
                [
                    -0.16566942632198334,
                    0.2544841170310974,
                    -0.9527808427810669,
                    -3.840782642364502
                ],
                [
                    -3.725290076417309e-09,
                    0.9661315083503723,
                    0.25805002450942993,
                    1.0402330160140991
                ],
                [
                    0.0,
                    0.0,
                    0.0,
                    1.0
                ]
            ]
        },
        {
            "file_path": "/data/shapenet_blender/all_50_random/02958343/6283a8fcea4976fe47bff85f09fd66b/r_10",
            "rotation": 0.12566370614359174,
            "transform_matrix": [
                [
                    -0.4993327260017395,
                    -0.2804984450340271,
                    -0.8197484016418457,
                    -3.304511547088623
                ],
                [
                    -0.8664103150367737,
                    0.1616578847169876,
                    0.47244036197662354,
                    1.904468059539795
                ],
                [
                    1.4901161193847656e-08,
                    0.9461433291435242,
                    -0.323747843503952,
                    -1.3050693273544312
                ],
                [
                    0.0,
                    0.0,
                    0.0,
                    1.0
                ]
            ]
        },
        {
            "file_path": "/data/shapenet_blender/all_50_random/02958343/6283a8fcea4976fe47bff85f09fd66b/r_11",
            "rotation": 0.12566370614359174,
            "transform_matrix": [
                [
                    -0.5641016960144043,
                    -0.683093786239624,
                    -0.46386659145355225,
                    -1.8699060678482056
                ],
                [
                    -0.8257054090499878,
                    0.4666729271411896,
                    0.3169022798538208,
                    1.2774739265441895
                ],
                [
                    0.0,
                    0.5617822408676147,
                    -0.8272851705551147,
                    -3.334893226623535
                ],
                [
                    0.0,
                    0.0,
                    0.0,
                    1.0
                ]
            ]
        },
        {
            "file_path": "/data/shapenet_blender/all_50_random/02958343/6283a8fcea4976fe47bff85f09fd66b/r_12",
            "rotation": 0.12566370614359174,
            "transform_matrix": [
                [
                    0.5243979096412659,
                    -0.5625591278076172,
                    0.6391665935516357,
                    2.5765631198883057
                ],
                [
                    0.851473331451416,
                    0.34646397829055786,
                    -0.3936442732810974,
                    -1.5868310928344727
                ],
                [
                    -1.4901161193847656e-08,
                    0.7506596446037292,
                    0.6606890559196472,
                    2.663322925567627
                ],
                [
                    0.0,
                    0.0,
                    0.0,
                    1.0
                ]
            ]
        },
        {
            "file_path": "/data/shapenet_blender/all_50_random/02958343/6283a8fcea4976fe47bff85f09fd66b/r_13",
            "rotation": 0.12566370614359174,
            "transform_matrix": [
                [
                    0.837270200252533,
                    0.3162572383880615,
                    -0.44604939222335815,
                    -1.798082709312439
                ],
                [
                    -0.5467895269393921,
                    0.4842681586742401,
                    -0.683012068271637,
                    -2.753309965133667
                ],
                [
                    0.0,
                    0.8157607913017273,
                    0.5783893465995789,
                    2.3315622806549072
                ],
                [
                    0.0,
                    0.0,
                    0.0,
                    1.0
                ]
            ]
        },
        {
            "file_path": "/data/shapenet_blender/all_50_random/02958343/6283a8fcea4976fe47bff85f09fd66b/r_14",
            "rotation": 0.12566370614359174,
            "transform_matrix": [
                [
                    0.10264109820127487,
                    0.06986778974533081,
                    -0.9922616481781006,
                    -3.9999349117279053
                ],
                [
                    -0.9947185516357422,
                    0.007209382951259613,
                    -0.10238757729530334,
                    -0.41273754835128784
                ],
                [
                    4.656613428188905e-10,
                    0.9975301027297974,
                    0.07023876160383224,
                    0.28314152359962463
                ],
                [
                    0.0,
                    0.0,
                    0.0,
                    1.0
                ]
            ]
        },
        {
            "file_path": "/data/shapenet_blender/all_50_random/02958343/6283a8fcea4976fe47bff85f09fd66b/r_15",
            "rotation": 0.12566370614359174,
            "transform_matrix": [
                [
                    0.6099014282226562,
                    0.11701343953609467,
                    -0.7837908267974854,
                    -3.159562110900879
                ],
                [
                    -0.7924773693084717,
                    0.09005514532327652,
                    -0.6032161116600037,
                    -2.4316420555114746
                ],
                [
                    0.0,
                    0.9890389442443848,
                    0.14765523374080658,
                    0.5952173471450806
                ],
                [
                    0.0,
                    0.0,
                    0.0,
                    1.0
                ]
            ]
        },
        {
            "file_path": "/data/shapenet_blender/all_50_random/02958343/6283a8fcea4976fe47bff85f09fd66b/r_16",
            "rotation": 0.12566370614359174,
            "transform_matrix": [
                [
                    0.34185856580734253,
                    -0.7355989217758179,
                    0.5848307609558105,
                    2.3575282096862793
                ],
                [
                    0.939751386642456,
                    0.2675928771495819,
                    -0.21274712681770325,
                    -0.8576111197471619
                ],
                [
                    1.4901161193847656e-08,
                    0.6223248839378357,
                    0.7827589511871338,
                    3.155402183532715
                ],
                [
                    0.0,
                    0.0,
                    0.0,
                    1.0
                ]
            ]
        },
        {
            "file_path": "/data/shapenet_blender/all_50_random/02958343/6283a8fcea4976fe47bff85f09fd66b/r_17",
            "rotation": 0.12566370614359174,
            "transform_matrix": [
                [
                    0.33019155263900757,
                    0.09112496674060822,
                    -0.9395050406455994,
                    -3.7872660160064697
                ],
                [
                    -0.9439139366149902,
                    0.03187652304768562,
                    -0.32864928245544434,
                    -1.3248276710510254
                ],
                [
                    0.0,
                    0.9953291416168213,
                    0.09653948247432709,
                    0.3891631066799164
                ],
                [
                    0.0,
                    0.0,
                    0.0,
                    1.0
                ]
            ]
        },
        {
            "file_path": "/data/shapenet_blender/all_50_random/02958343/6283a8fcea4976fe47bff85f09fd66b/r_18",
            "rotation": 0.12566370614359174,
            "transform_matrix": [
                [
                    0.45613181591033936,
                    -0.660895586013794,
                    0.595953643321991,
                    2.4023661613464355
                ],
                [
                    0.8899122476577759,
                    0.33874744176864624,
                    -0.30546092987060547,
                    -1.2313525676727295
                ],
                [
                    1.4901161193847656e-08,
                    0.6696770191192627,
                    0.742652416229248,
                    2.993727922439575
                ],
                [
                    0.0,
                    0.0,
                    0.0,
                    1.0
                ]
            ]
        },
        {
            "file_path": "/data/shapenet_blender/all_50_random/02958343/6283a8fcea4976fe47bff85f09fd66b/r_19",
            "rotation": 0.12566370614359174,
            "transform_matrix": [
                [
                    -0.9567887783050537,
                    -0.0003619882627390325,
                    -0.2907835841178894,
                    -1.1721861362457275
                ],
                [
                    -0.2907837927341461,
                    0.0011910784523934126,
                    0.9567880630493164,
                    3.856935739517212
                ],
                [
                    2.9103825252563276e-11,
                    0.9999992251396179,
                    -0.001244870712980628,
                    -0.0050182342529296875
                ],
                [
                    0.0,
                    0.0,
                    0.0,
                    1.0
                ]
            ]
        },
        {
            "file_path": "/data/shapenet_blender/all_50_random/02958343/6283a8fcea4976fe47bff85f09fd66b/r_20",
            "rotation": 0.12566370614359174,
            "transform_matrix": [
                [
                    -0.9326623678207397,
                    -0.06391872465610504,
                    -0.35504254698753357,
                    -1.4312222003936768
                ],
                [
                    -0.36075034737586975,
                    0.16525165736675262,
                    0.9179058074951172,
                    3.7001965045928955
                ],
                [
                    3.7252898543727042e-09,
                    0.9841778874397278,
                    -0.17718273401260376,
                    -0.714246392250061
                ],
                [
                    0.0,
                    0.0,
                    0.0,
                    1.0
                ]
            ]
        },
        {
            "file_path": "/data/shapenet_blender/all_50_random/02958343/6283a8fcea4976fe47bff85f09fd66b/r_21",
            "rotation": 0.12566370614359174,
            "transform_matrix": [
                [
                    0.980923056602478,
                    -0.19150695204734802,
                    0.03339367359876633,
                    0.13461419939994812
                ],
                [
                    0.19439665973186493,
                    0.9663416743278503,
                    -0.1685040444135666,
                    -0.6792615056037903
                ],
                [
                    -3.725290298461914e-09,
                    0.17178121209144592,
                    0.9851351976394653,
                    3.9712069034576416
                ],
                [
                    0.0,
                    0.0,
                    0.0,
                    1.0
                ]
            ]
        },
        {
            "file_path": "/data/shapenet_blender/all_50_random/02958343/6283a8fcea4976fe47bff85f09fd66b/r_22",
            "rotation": 0.12566370614359174,
            "transform_matrix": [
                [
                    0.9801180362701416,
                    -0.1340668797492981,
                    -0.14626996219158173,
                    -0.589633047580719
                ],
                [
                    -0.1984158307313919,
                    -0.6622524857521057,
                    -0.7225322127342224,
                    -2.9126205444335938
                ],
                [
                    -7.450581485102248e-09,
                    0.7371890544891357,
                    -0.6756865382194519,
                    -2.7237794399261475
                ],
                [
                    0.0,
                    0.0,
                    0.0,
                    1.0
                ]
            ]
        },
        {
            "file_path": "/data/shapenet_blender/all_50_random/02958343/6283a8fcea4976fe47bff85f09fd66b/r_23",
            "rotation": 0.12566370614359174,
            "transform_matrix": [
                [
                    0.5402949452400208,
                    0.14000721275806427,
                    0.8297466039657593,
                    3.344815492630005
                ],
                [
                    0.841475784778595,
                    -0.08989585191011429,
                    -0.5327638387680054,
                    -2.147639751434326
                ],
                [
                    0.0,
                    0.9860612750053406,
                    -0.16638293862342834,
                    -0.670711100101471
                ],
                [
                    0.0,
                    0.0,
                    0.0,
                    1.0
                ]
            ]
        },
        {
            "file_path": "/data/shapenet_blender/all_50_random/02958343/6283a8fcea4976fe47bff85f09fd66b/r_24",
            "rotation": 0.12566370614359174,
            "transform_matrix": [
                [
                    -0.9919540286064148,
                    0.008270643651485443,
                    0.1263284534215927,
                    0.5092463493347168
                ],
                [
                    0.12659892439842224,
                    0.06480386108160019,
                    0.9898347854614258,
                    3.99015212059021
                ],
                [
                    -9.31322685637781e-10,
                    0.9978636503219604,
                    -0.06532950699329376,
                    -0.263351708650589
                ],
                [
                    0.0,
                    0.0,
                    0.0,
                    1.0
                ]
            ]
        },
        {
            "file_path": "/data/shapenet_blender/all_50_random/02958343/6283a8fcea4976fe47bff85f09fd66b/r_25",
            "rotation": 0.12566370614359174,
            "transform_matrix": [
                [
                    0.9487371444702148,
                    -0.24651280045509338,
                    0.19781124591827393,
                    0.7974026203155518
                ],
                [
                    0.3160662055015564,
                    0.7399584650993347,
                    -0.5937708020210266,
                    -2.393566608428955
                ],
                [
                    0.0,
                    0.6258537769317627,
                    0.7799403667449951,
                    3.144040107727051
                ],
                [
                    0.0,
                    0.0,
                    0.0,
                    1.0
                ]
            ]
        },
        {
            "file_path": "/data/shapenet_blender/all_50_random/02958343/6283a8fcea4976fe47bff85f09fd66b/r_26",
            "rotation": 0.12566370614359174,
            "transform_matrix": [
                [
                    -0.8225597143173218,
                    -0.10516482591629028,
                    0.558870255947113,
                    2.252877712249756
                ],
                [
                    0.5686787962913513,
                    -0.1521146148443222,
                    0.8083722591400146,
                    3.258652448654175
                ],
                [
                    0.0,
                    0.9827518463134766,
                    0.18492837250232697,
                    0.7454700469970703
                ],
                [
                    0.0,
                    0.0,
                    0.0,
                    1.0
                ]
            ]
        },
        {
            "file_path": "/data/shapenet_blender/all_50_random/02958343/6283a8fcea4976fe47bff85f09fd66b/r_27",
            "rotation": 0.12566370614359174,
            "transform_matrix": [
                [
                    0.4807671308517456,
                    0.014231785200536251,
                    -0.8767328262329102,
                    -3.5342230796813965
                ],
                [
                    -0.8768483400344849,
                    0.0078031443990767,
                    -0.48070380091667175,
                    -1.9377789497375488
                ],
                [
                    -4.656612873077393e-10,
                    0.9998681545257568,
                    0.016230612993240356,
                    0.06542769074440002
                ],
                [
                    0.0,
                    0.0,
                    0.0,
                    1.0
                ]
            ]
        },
        {
            "file_path": "/data/shapenet_blender/all_50_random/02958343/6283a8fcea4976fe47bff85f09fd66b/r_28",
            "rotation": 0.12566370614359174,
            "transform_matrix": [
                [
                    0.9283528327941895,
                    0.16566573083400726,
                    -0.33274003863334656,
                    -1.341318130493164
                ],
                [
                    -0.371700257062912,
                    0.4137641191482544,
                    -0.8310463428497314,
                    -3.35005521774292
                ],
                [
                    -1.4901162970204496e-08,
                    0.895183801651001,
                    0.44569700956344604,
                    1.7966622114181519
                ],
                [
                    0.0,
                    0.0,
                    0.0,
                    1.0
                ]
            ]
        },
        {
            "file_path": "/data/shapenet_blender/all_50_random/02958343/6283a8fcea4976fe47bff85f09fd66b/r_29",
            "rotation": 0.12566370614359174,
            "transform_matrix": [
                [
                    -0.9999905824661255,
                    -0.0019473766442388296,
                    -0.0038621125277131796,
                    -0.015568673610687256
                ],
                [
                    -0.004325295798480511,
                    0.4502254128456116,
                    0.8929044604301453,
                    3.5994129180908203
                ],
                [
                    -1.1641531488804091e-10,
                    0.8929126858711243,
                    -0.450229674577713,
                    -1.8149338960647583
                ],
                [
                    0.0,
                    0.0,
                    0.0,
                    1.0
                ]
            ]
        },
        {
            "file_path": "/data/shapenet_blender/all_50_random/02958343/6283a8fcea4976fe47bff85f09fd66b/r_30",
            "rotation": 0.12566370614359174,
            "transform_matrix": [
                [
                    -0.8069292902946472,
                    0.0495845228433609,
                    0.588563084602356,
                    2.3725736141204834
                ],
                [
                    0.5906480550765991,
                    0.06774118542671204,
                    0.8040808439254761,
                    3.2413535118103027
                ],
                [
                    3.725290298461914e-09,
                    0.9964699149131775,
                    -0.08394936472177505,
                    -0.33841070532798767
                ],
                [
                    0.0,
                    0.0,
                    0.0,
                    1.0
                ]
            ]
        },
        {
            "file_path": "/data/shapenet_blender/all_50_random/02958343/6283a8fcea4976fe47bff85f09fd66b/r_31",
            "rotation": 0.12566370614359174,
            "transform_matrix": [
                [
                    0.06358402222394943,
                    0.14429648220539093,
                    0.9874895215034485,
                    3.9806976318359375
                ],
                [
                    0.9979764819145203,
                    -0.00919355358928442,
                    -0.0629158690571785,
                    -0.25362199544906616
                ],
                [
                    -9.313225746154785e-10,
                    0.9894917607307434,
                    -0.14458905160427094,
                    -0.5828571319580078
                ],
                [
                    0.0,
                    0.0,
                    0.0,
                    1.0
                ]
            ]
        },
        {
            "file_path": "/data/shapenet_blender/all_50_random/02958343/6283a8fcea4976fe47bff85f09fd66b/r_32",
            "rotation": 0.12566370614359174,
            "transform_matrix": [
                [
                    -0.9429035186767578,
                    -0.1961039900779724,
                    0.269214004278183,
                    1.0852363109588623
                ],
                [
                    0.33306601643562317,
                    -0.5551667213439941,
                    0.7621397376060486,
                    3.0722835063934326
                ],
                [
                    1.4901161193847656e-08,
                    0.8082903027534485,
                    0.5887842178344727,
                    2.373465061187744
                ],
                [
                    0.0,
                    0.0,
                    0.0,
                    1.0
                ]
            ]
        },
        {
            "file_path": "/data/shapenet_blender/all_50_random/02958343/6283a8fcea4976fe47bff85f09fd66b/r_33",
            "rotation": 0.12566370614359174,
            "transform_matrix": [
                [
                    0.4247869551181793,
                    -0.19984738528728485,
                    -0.882959246635437,
                    -3.5593225955963135
                ],
                [
                    -0.9052934050559998,
                    -0.09377354383468628,
                    -0.41430720686912537,
                    -1.6701257228851318
                ],
                [
                    -7.450581485102248e-09,
                    0.9753293395042419,
                    -0.22075431048870087,
                    -0.8898890614509583
                ],
                [
                    0.0,
                    0.0,
                    0.0,
                    1.0
                ]
            ]
        },
        {
            "file_path": "/data/shapenet_blender/all_50_random/02958343/6283a8fcea4976fe47bff85f09fd66b/r_34",
            "rotation": 0.12566370614359174,
            "transform_matrix": [
                [
                    -0.38861337304115295,
                    -0.586338222026825,
                    -0.7107651233673096,
                    -2.8651859760284424
                ],
                [
                    -0.9214009046554565,
                    0.24729613959789276,
                    0.2997748553752899,
                    1.2084311246871948
                ],
                [
                    2.9802322387695312e-08,
                    0.7713961601257324,
                    -0.6363551616668701,
                    -2.565229654312134
                ],
                [
                    0.0,
                    0.0,
                    0.0,
                    1.0
                ]
            ]
        },
        {
            "file_path": "/data/shapenet_blender/all_50_random/02958343/6283a8fcea4976fe47bff85f09fd66b/r_35",
            "rotation": 0.12566370614359174,
            "transform_matrix": [
                [
                    0.9512068033218384,
                    -0.29997748136520386,
                    0.07224404811859131,
                    0.2912250757217407
                ],
                [
                    0.30855420231819153,
                    0.9247666597366333,
                    -0.22271300852298737,
                    -0.8977848291397095
                ],
                [
                    0.0,
                    0.2341371327638626,
                    0.9722035527229309,
                    3.9190778732299805
                ],
                [
                    0.0,
                    0.0,
                    0.0,
                    1.0
                ]
            ]
        },
        {
            "file_path": "/data/shapenet_blender/all_50_random/02958343/6283a8fcea4976fe47bff85f09fd66b/r_36",
            "rotation": 0.12566370614359174,
            "transform_matrix": [
                [
                    0.6822699308395386,
                    -0.5337159633636475,
                    0.49965474009513855,
                    2.0141727924346924
                ],
                [
                    0.73110032081604,
                    0.4980689585208893,
                    -0.4662826359272003,
                    -1.879645586013794
                ],
                [
                    -1.4901161193847656e-08,
                    0.6834284067153931,
                    0.7300174236297607,
                    2.9427945613861084
                ],
                [
                    0.0,
                    0.0,
                    0.0,
                    1.0
                ]
            ]
        },
        {
            "file_path": "/data/shapenet_blender/all_50_random/02958343/6283a8fcea4976fe47bff85f09fd66b/r_37",
            "rotation": 0.12566370614359174,
            "transform_matrix": [
                [
                    0.6464983224868774,
                    -0.4500424265861511,
                    -0.616037130355835,
                    -2.4833250045776367
                ],
                [
                    -0.7629154920578003,
                    -0.38136813044548035,
                    -0.5220328569412231,
                    -2.104381799697876
                ],
                [
                    1.4901161193847656e-08,
                    0.8074775338172913,
                    -0.5898982286453247,
                    -2.377955675125122
                ],
                [
                    0.0,
                    0.0,
                    0.0,
                    1.0
                ]
            ]
        },
        {
            "file_path": "/data/shapenet_blender/all_50_random/02958343/6283a8fcea4976fe47bff85f09fd66b/r_38",
            "rotation": 0.12566370614359174,
            "transform_matrix": [
                [
                    -0.8225586414337158,
                    0.5210008025169373,
                    -0.22793744504451752,
                    -0.9188452363014221
                ],
                [
                    -0.5686804056167603,
                    -0.7535932660102844,
                    0.3296964764595032,
                    1.329048991203308
                ],
                [
                    0.0,
                    0.40081822872161865,
                    0.916157603263855,
                    3.6931493282318115
                ],
                [
                    0.0,
                    0.0,
                    0.0,
                    1.0
                ]
            ]
        },
        {
            "file_path": "/data/shapenet_blender/all_50_random/02958343/6283a8fcea4976fe47bff85f09fd66b/r_39",
            "rotation": 0.12566370614359174,
            "transform_matrix": [
                [
                    -0.3934308588504791,
                    0.8911816477775574,
                    0.22584806382656097,
                    0.910422682762146
                ],
                [
                    0.9193543195724487,
                    0.3813745379447937,
                    0.09664999693632126,
                    0.38960859179496765
                ],
                [
                    7.450581485102248e-09,
                    0.24565918743610382,
                    -0.9693562388420105,
                    -3.907599925994873
                ],
                [
                    0.0,
                    0.0,
                    0.0,
                    1.0
                ]
            ]
        },
        {
            "file_path": "/data/shapenet_blender/all_50_random/02958343/6283a8fcea4976fe47bff85f09fd66b/r_40",
            "rotation": 0.12566370614359174,
            "transform_matrix": [
                [
                    -0.10172529518604279,
                    0.5477309823036194,
                    -0.830447256565094,
                    -3.347640037536621
                ],
                [
                    -0.9948126077651978,
                    -0.05600863695144653,
                    0.08491799235343933,
                    0.3423153758049011
                ],
                [
                    -3.725290742551124e-09,
                    0.8347777128219604,
                    0.5505871176719666,
                    2.2194876670837402
                ],
                [
                    0.0,
                    0.0,
                    0.0,
                    1.0
                ]
            ]
        },
        {
            "file_path": "/data/shapenet_blender/all_50_random/02958343/6283a8fcea4976fe47bff85f09fd66b/r_41",
            "rotation": 0.12566370614359174,
            "transform_matrix": [
                [
                    0.6132062673568726,
                    -0.6695497035980225,
                    -0.4191434383392334,
                    -1.6896212100982666
                ],
                [
                    -0.789922833442688,
                    -0.5197622776031494,
