{
    "class": "02958343",
    "model": "444829c02bec2ede60d2daa56695faba",
    "remove_doubles": true,
    "edge_split": true,
    "denoise": true,
    "camera_angle_x": 0.6911112070083618,
    "scale_factor": 2.477203655943477,
    "hdri_file": "/data/IndoorHDRDataset2018/AG8A8042-a8afaf592c.exr",
    "center_offset": [
        0.0,
        -1.862645149230957e-09,
        -1.862645149230957e-09
    ],
    "lights": [],
    "frames": [
        {
            "file_path": "/data/shapenet_blender/all_50_random/02958343/444829c02bec2ede60d2daa56695faba/r_0",
            "rotation": 0.12566370614359174,
            "transform_matrix": [
                [
                    -0.9976811408996582,
                    0.015725675970315933,
                    -0.0662207379937172,
                    -0.2669443190097809
                ],
                [
                    -0.06806235015392303,
                    -0.230512335896492,
                    0.970686137676239,
                    3.912961006164551
                ],
                [
                    -1.862645371275562e-09,
                    0.9729422926902771,
                    0.231048122048378,
                    0.9313847422599792
                ],
                [
                    0.0,
                    0.0,
                    0.0,
                    1.0
                ]
            ]
        },
        {
            "file_path": "/data/shapenet_blender/all_50_random/02958343/444829c02bec2ede60d2daa56695faba/r_1",
            "rotation": 0.12566370614359174,
            "transform_matrix": [
                [
                    -0.9543728232383728,
                    -0.10192596167325974,
                    0.28068414330482483,
                    1.1314740180969238
                ],
                [
                    0.2986176311969757,
                    -0.32575225830078125,
                    0.8970578908920288,
                    3.6161561012268066
                ],
                [
                    7.450581485102248e-09,
                    0.9399448037147522,
                    0.3413259983062744,
                    1.3759291172027588
                ],
                [
                    0.0,
                    0.0,
                    0.0,
                    1.0
                ]
            ]
        },
        {
            "file_path": "/data/shapenet_blender/all_50_random/02958343/444829c02bec2ede60d2daa56695faba/r_2",
            "rotation": 0.12566370614359174,
            "transform_matrix": [
                [
                    -0.3977794647216797,
                    0.8213473558425903,
                    0.4088519811630249,
                    1.6481351852416992
                ],
                [
                    0.9174810647964478,
                    0.3561001121997833,
                    0.17726024985313416,
                    0.7145589590072632
                ],
                [
                    0.0,
                    0.4456244111061096,
                    -0.8952198624610901,
                    -3.6087470054626465
                ],
                [
                    0.0,
                    0.0,
                    0.0,
                    1.0
                ]
            ]
        },
        {
            "file_path": "/data/shapenet_blender/all_50_random/02958343/444829c02bec2ede60d2daa56695faba/r_3",
            "rotation": 0.12566370614359174,
            "transform_matrix": [
                [
                    -0.44342106580734253,
                    0.7119650840759277,
                    0.544502854347229,
                    2.1949615478515625
                ],
                [
                    0.8963134288787842,
                    0.35222089290618896,
                    0.2693745493888855,
                    1.085883617401123
                ],
                [
                    -1.4901161193847656e-08,
                    0.6074916124343872,
                    -0.7943260073661804,
                    -3.202030897140503
                ],
                [
                    0.0,
                    0.0,
                    0.0,
                    1.0
                ]
            ]
        },
        {
            "file_path": "/data/shapenet_blender/all_50_random/02958343/444829c02bec2ede60d2daa56695faba/r_4",
            "rotation": 0.12566370614359174,
            "transform_matrix": [
                [
                    0.9623614549636841,
                    0.04564841836690903,
                    0.2679116427898407,
                    1.0799864530563354
                ],
                [
                    0.2717728018760681,
                    -0.1616434007883072,
                    -0.9486889839172363,
                    -3.8242878913879395
                ],
                [
                    0.0,
                    0.985792875289917,
                    -0.1679653525352478,
                    -0.677090048789978
                ],
                [
                    0.0,
                    0.0,
                    0.0,
                    1.0
                ]
            ]
        },
        {
            "file_path": "/data/shapenet_blender/all_50_random/02958343/444829c02bec2ede60d2daa56695faba/r_5",
            "rotation": 0.12566370614359174,
            "transform_matrix": [
                [
                    -0.9728865027427673,
                    -0.01716795191168785,
                    -0.23064537346363068,
                    -0.9297612309455872
                ],
                [
                    -0.23128347098827362,
                    0.0722164437174797,
                    0.9702023863792419,
                    3.911010980606079
                ],
                [
                    1.862645371275562e-09,
                    0.9972412586212158,
                    -0.07422904670238495,
                    -0.299226850271225
                ],
                [
                    0.0,
                    0.0,
                    0.0,
                    1.0
                ]
            ]
        },
        {
            "file_path": "/data/shapenet_blender/all_50_random/02958343/444829c02bec2ede60d2daa56695faba/r_6",
            "rotation": 0.12566370614359174,
            "transform_matrix": [
                [
                    0.5381835103034973,
                    0.024983184412121773,
                    -0.8424573540687561,
                    -3.396054267883301
                ],
                [
                    -0.8428276181221008,
                    0.01595289073884487,
                    -0.5379469990730286,
                    -2.1685338020324707
                ],
                [
                    9.313224635931761e-10,
                    0.9995606541633606,
                    0.029642101377248764,
                    0.11949113011360168
                ],
                [
                    0.0,
                    0.0,
                    0.0,
                    1.0
                ]
            ]
        },
        {
            "file_path": "/data/shapenet_blender/all_50_random/02958343/444829c02bec2ede60d2daa56695faba/r_7",
            "rotation": 0.12566370614359174,
            "transform_matrix": [
                [
                    0.629298210144043,
                    0.0033964274916797876,
                    -0.7771564722061157,
                    -3.1328179836273193
                ],
                [
                    -0.7771639227867126,
                    0.002750212326645851,
                    -0.6292921900749207,
                    -2.5367579460144043
                ],
                [
                    0.0,
                    0.9999904036521912,
                    0.004370284732431173,
                    0.017617180943489075
                ],
                [
                    0.0,
                    0.0,
                    0.0,
                    1.0
                ]
            ]
        },
        {
            "file_path": "/data/shapenet_blender/all_50_random/02958343/444829c02bec2ede60d2daa56695faba/r_8",
            "rotation": 0.12566370614359174,
            "transform_matrix": [
                [
                    -0.9773486256599426,
                    0.18008853495121002,
                    0.11116642504930496,
                    0.4481261968612671
                ],
                [
                    0.21163617074489594,
                    0.8316597938537598,
                    0.5133732557296753,
                    2.0694737434387207
                ],
                [
                    -7.450581485102248e-09,
                    0.5252715349197388,
                    -0.8509346842765808,
                    -3.430227518081665
                ],
                [
                    0.0,
                    0.0,
                    0.0,
                    1.0
                ]
            ]
        },
        {
            "file_path": "/data/shapenet_blender/all_50_random/02958343/444829c02bec2ede60d2daa56695faba/r_9",
            "rotation": 0.12566370614359174,
            "transform_matrix": [
                [
                    0.9886740446090698,
                    0.005268423818051815,
                    0.1499863862991333,
                    0.6046144366264343
                ],
                [
                    0.1500788927078247,
                    -0.03470677137374878,
                    -0.9880646467208862,
                    -3.983016014099121
                ],
                [
                    0.0,
                    0.9993836879730225,
                    -0.035104360431432724,
                    -0.14151020348072052
                ],
                [
                    0.0,
                    0.0,
                    0.0,
                    1.0
                ]
            ]
        },
        {
            "file_path": "/data/shapenet_blender/all_50_random/02958343/444829c02bec2ede60d2daa56695faba/r_10",
            "rotation": 0.12566370614359174,
            "transform_matrix": [
                [
                    0.9970055818557739,
                    -0.05240343138575554,
                    0.05686722695827484,
                    0.22923913598060608
                ],
                [
                    0.07733047753572464,
                    0.6756263971328735,
                    -0.7331771850585938,
                    -2.9555320739746094
                ],
                [
                    3.725290742551124e-09,
                    0.7353793978691101,
                    0.6776555776596069,
                    2.731717348098755
                ],
                [
                    0.0,
                    0.0,
                    0.0,
                    1.0
                ]
            ]
        },
        {
            "file_path": "/data/shapenet_blender/all_50_random/02958343/444829c02bec2ede60d2daa56695faba/r_11",
            "rotation": 0.12566370614359174,
            "transform_matrix": [
                [
                    0.9932414889335632,
                    -0.05697725713253021,
                    0.10111822187900543,
                    0.4076206088066101
                ],
                [
                    0.11606595665216446,
                    0.4875863492488861,
                    -0.865325391292572,
                    -3.488238573074341
                ],
                [
                    3.725290298461914e-09,
                    0.8712135553359985,
                    0.4909040629863739,
                    1.9788976907730103
                ],
                [
                    0.0,
                    0.0,
                    0.0,
                    1.0
                ]
            ]
        },
        {
            "file_path": "/data/shapenet_blender/all_50_random/02958343/444829c02bec2ede60d2daa56695faba/r_12",
            "rotation": 0.12566370614359174,
            "transform_matrix": [
                [
                    -0.9433844089508057,
                    -0.3245222866535187,
                    -0.06863823533058167,
                    -0.2766895890235901
                ],
                [
                    -0.3317016065120697,
                    0.922965943813324,
                    0.19521234929561615,
                    0.7869261503219604
                ],
                [
                    -7.450580596923828e-09,
                    0.20692776143550873,
                    -0.9783562421798706,
                    -3.943880081176758
                ],
                [
                    0.0,
                    0.0,
                    0.0,
                    1.0
                ]
            ]
        },
        {
            "file_path": "/data/shapenet_blender/all_50_random/02958343/444829c02bec2ede60d2daa56695faba/r_13",
            "rotation": 0.12566370614359174,
            "transform_matrix": [
                [
                    0.01731215789914131,
                    0.7603898644447327,
                    -0.6492360234260559,
                    -2.617154121398926
                ],
                [
                    -0.9998501539230347,
                    0.013165962882339954,
                    -0.011241361498832703,
                    -0.04531537741422653
                ],
                [
                    0.0,
                    0.6493332386016846,
                    0.760503888130188,
                    3.0656893253326416
                ],
                [
                    0.0,
                    0.0,
                    0.0,
                    1.0
                ]
            ]
        },
        {
            "file_path": "/data/shapenet_blender/all_50_random/02958343/444829c02bec2ede60d2daa56695faba/r_14",
            "rotation": 0.12566370614359174,
            "transform_matrix": [
                [
                    -0.9990359544754028,
                    0.028097808361053467,
                    -0.03373034670948982,
                    -0.13597139716148376
                ],
                [
                    -0.043900154531002045,
                    -0.6394218802452087,
                    0.7676016688346863,
                    3.094301462173462
                ],
                [
                    1.862645149230957e-09,
                    0.7683423757553101,
                    0.6400389671325684,
                    2.5800797939300537
                ],
                [
                    0.0,
                    0.0,
                    0.0,
                    1.0
                ]
            ]
        },
        {
            "file_path": "/data/shapenet_blender/all_50_random/02958343/444829c02bec2ede60d2daa56695faba/r_15",
            "rotation": 0.12566370614359174,
            "transform_matrix": [
                [
                    -0.9063497185707092,
                    -0.31564727425575256,
                    -0.28088608384132385,
                    -1.1322880983352661
                ],
                [
                    -0.42252832651138306,
                    0.6770831346511841,
                    0.6025182008743286,
                    2.428828716278076
                ],
                [
                    0.0,
                    0.6647745370864868,
                    -0.7470439672470093,
                    -3.0114307403564453
                ],
                [
                    0.0,
                    0.0,
                    0.0,
                    1.0
                ]
            ]
        },
        {
            "file_path": "/data/shapenet_blender/all_50_random/02958343/444829c02bec2ede60d2daa56695faba/r_16",
            "rotation": 0.12566370614359174,
            "transform_matrix": [
                [
                    0.828380823135376,
                    0.013954832218587399,
                    0.5599915981292725,
                    2.2573981285095215
                ],
                [
                    0.5601654052734375,
                    -0.020636608824133873,
                    -0.8281237483024597,
                    -3.338273286819458
                ],
                [
                    0.0,
                    0.9996895790100098,
                    -0.024911988526582718,
                    -0.1004234254360199
                ],
                [
                    0.0,
                    0.0,
                    0.0,
                    1.0
                ]
            ]
        },
        {
            "file_path": "/data/shapenet_blender/all_50_random/02958343/444829c02bec2ede60d2daa56695faba/r_17",
            "rotation": 0.12566370614359174,
            "transform_matrix": [
                [
                    0.7918341755867004,
                    0.22148339450359344,
                    -0.5691605806350708,
                    -2.2943596839904785
                ],
                [
                    -0.6107361316680908,
                    0.2871585488319397,
                    -0.737930417060852,
                    -2.9746925830841064
                ],
                [
                    0.0,
                    0.9319254755973816,
                    0.3626498878002167,
                    1.4618884325027466
                ],
                [
                    0.0,
                    0.0,
                    0.0,
                    1.0
                ]
            ]
        },
        {
            "file_path": "/data/shapenet_blender/all_50_random/02958343/444829c02bec2ede60d2daa56695faba/r_18",
            "rotation": 0.12566370614359174,
            "transform_matrix": [
                [
                    0.6588611006736755,
                    -0.2711119055747986,
                    0.7017123103141785,
                    2.828693151473999
                ],
                [
                    0.7522645592689514,
                    0.23744983971118927,
                    -0.6145856380462646,
                    -2.4774742126464844
                ],
                [
                    1.4901160305669237e-08,
                    0.9328001141548157,
                    0.36039429903030396,
                    1.4527959823608398
                ],
                [
                    0.0,
                    0.0,
                    0.0,
                    1.0
                ]
            ]
        },
        {
            "file_path": "/data/shapenet_blender/all_50_random/02958343/444829c02bec2ede60d2daa56695faba/r_19",
            "rotation": 0.12566370614359174,
            "transform_matrix": [
                [
                    -0.36797574162483215,
                    0.14238423109054565,
                    -0.918869137763977,
                    -3.704080104827881
                ],
                [
                    -0.9298353791236877,
                    -0.05634755641222,
                    0.36363592743873596,
                    1.4658634662628174
                ],
                [
                    -3.725290076417309e-09,
                    0.9882062673568726,
                    0.15312843024730682,
                    0.6172804832458496
                ],
                [
                    0.0,
                    0.0,
                    0.0,
                    1.0
                ]
            ]
        },
        {
            "file_path": "/data/shapenet_blender/all_50_random/02958343/444829c02bec2ede60d2daa56695faba/r_20",
            "rotation": 0.12566370614359174,
            "transform_matrix": [
                [
                    -0.9790710210800171,
                    0.01591542176902294,
                    0.20289579033851624,
                    0.8178991675376892
                ],
                [
                    0.2035190910100937,
                    0.07656446099281311,
                    0.9760726094245911,
                    3.9346747398376465
                ],
                [
                    9.31322685637781e-10,
                    0.9969375133514404,
                    -0.07820113748311996,
                    -0.315238893032074
                ],
                [
                    0.0,
                    0.0,
                    0.0,
                    1.0
                ]
            ]
        },
        {
            "file_path": "/data/shapenet_blender/all_50_random/02958343/444829c02bec2ede60d2daa56695faba/r_21",
            "rotation": 0.12566370614359174,
            "transform_matrix": [
                [
                    0.9444413185119629,
                    -0.24027247726917267,
                    0.22427599132061005,
                    0.9040855169296265
                ],
                [
                    0.3286800682544708,
                    0.6904076933860779,
                    -0.6444427967071533,
                    -2.597832202911377
                ],
                [
                    -1.4901159417490817e-08,
                    0.6823534965515137,
                    0.731022298336029,
                    2.946845293045044
                ],
                [
                    0.0,
                    0.0,
                    0.0,
                    1.0
                ]
            ]
        },
        {
            "file_path": "/data/shapenet_blender/all_50_random/02958343/444829c02bec2ede60d2daa56695faba/r_22",
            "rotation": 0.12566370614359174,
            "transform_matrix": [
                [
                    -0.9466158151626587,
                    0.034587644040584564,
                    -0.3205030560493469,
                    -1.2919889688491821
                ],
                [
                    -0.322363942861557,
                    -0.10156598687171936,
                    0.9411514401435852,
                    3.7939023971557617
                ],
                [
                    0.0,
                    0.9942273497581482,
                    0.10729379206895828,
                    0.43251505494117737
                ],
                [
                    0.0,
                    0.0,
                    0.0,
                    1.0
                ]
            ]
        },
        {
            "file_path": "/data/shapenet_blender/all_50_random/02958343/444829c02bec2ede60d2daa56695faba/r_23",
            "rotation": 0.12566370614359174,
            "transform_matrix": [
                [
                    0.8057571649551392,
                    -0.5314393639564514,
                    0.2613956332206726,
                    1.0537196397781372
                ],
                [
                    0.5922461152076721,
                    0.7230288982391357,
                    -0.355631560087204,
                    -1.4335968494415283
                ],
                [
                    1.4901161193847656e-08,
                    0.44136324524879456,
                    0.8973284363746643,
                    3.6172468662261963
                ],
                [
                    0.0,
                    0.0,
                    0.0,
                    1.0
                ]
            ]
        },
        {
            "file_path": "/data/shapenet_blender/all_50_random/02958343/444829c02bec2ede60d2daa56695faba/r_24",
            "rotation": 0.12566370614359174,
            "transform_matrix": [
                [
                    -0.9061288833618164,
                    -0.32507747411727905,
                    0.27065688371658325,
                    1.0910528898239136
                ],
                [
                    0.42300185561180115,
                    -0.696361243724823,
                    0.5797847509384155,
                    2.3371872901916504
                ],
                [
                    0.0,
                    0.639847993850708,
                    0.7685012817382812,
                    3.097928047180176
                ],
                [
                    0.0,
                    0.0,
                    0.0,
                    1.0
                ]
            ]
        },
        {
            "file_path": "/data/shapenet_blender/all_50_random/02958343/444829c02bec2ede60d2daa56695faba/r_25",
            "rotation": 0.12566370614359174,
            "transform_matrix": [
                [
                    -0.823194146156311,
                    -0.327119916677475,
                    0.4640517830848694,
                    1.8706525564193726
                ],
                [
                    0.5677600502967834,
                    -0.47429049015045166,
                    0.6728277206420898,
                    2.7122552394866943
                ],
                [
                    0.0,
                    0.8173378705978394,
                    0.5761586427688599,
                    2.3225698471069336
                ],
                [
                    0.0,
                    0.0,
                    0.0,
                    1.0
                ]
            ]
        },
        {
            "file_path": "/data/shapenet_blender/all_50_random/02958343/444829c02bec2ede60d2daa56695faba/r_26",
            "rotation": 0.12566370614359174,
            "transform_matrix": [
                [
                    0.11411510407924652,
                    0.5721861124038696,
                    0.8121457695960999,
                    3.273864507675171
                ],
                [
                    0.9934675693511963,
                    -0.06572441756725311,
                    -0.09328749030828476,
                    -0.37605392932891846
                ],
                [
                    0.0,
                    0.8174859881401062,
                    -0.5759484171867371,
                    -2.3217225074768066
                ],
                [
                    0.0,
                    0.0,
                    0.0,
                    1.0
                ]
            ]
        },
        {
            "file_path": "/data/shapenet_blender/all_50_random/02958343/444829c02bec2ede60d2daa56695faba/r_27",
            "rotation": 0.12566370614359174,
            "transform_matrix": [
                [
                    0.9314327239990234,
                    0.11420296132564545,
                    -0.3455298840999603,
                    -1.3928756713867188
                ],
                [
                    -0.36391377449035645,
                    0.2923010289669037,
                    -0.8843793272972107,
                    -3.565047264099121
                ],
                [
                    7.450581485102248e-09,
                    0.9494828581809998,
                    0.31381872296333313,
                    1.26504385471344
                ],
                [
                    0.0,
                    0.0,
                    0.0,
                    1.0
                ]
            ]
        },
        {
            "file_path": "/data/shapenet_blender/all_50_random/02958343/444829c02bec2ede60d2daa56695faba/r_28",
            "rotation": 0.12566370614359174,
            "transform_matrix": [
                [
                    0.724465548992157,
                    0.4770519733428955,
                    0.49756503105163574,
                    2.005748748779297
                ],
                [
                    0.6893109083175659,
                    -0.5013814568519592,
                    -0.5229406952857971,
                    -2.108041286468506
                ],
                [
                    0.0,
                    0.7218295335769653,
                    -0.6920708417892456,
                    -2.7898268699645996
                ],
                [
                    0.0,
                    0.0,
                    0.0,
                    1.0
                ]
            ]
        },
        {
            "file_path": "/data/shapenet_blender/all_50_random/02958343/444829c02bec2ede60d2daa56695faba/r_29",
            "rotation": 0.12566370614359174,
            "transform_matrix": [
                [
                    -0.958393394947052,
                    -0.16419240832328796,
                    -0.23350098729133606,
                    -0.9412726759910583
                ],
                [
                    -0.2854502499103546,
                    0.5512726306915283,
                    0.7839747667312622,
                    3.1603035926818848
                ],
                [
                    0.0,
                    0.8180092573165894,
                    -0.5752049088478088,
                    -2.318725347518921
                ],
                [
                    0.0,
                    0.0,
                    0.0,
                    1.0
                ]
            ]
        },
        {
            "file_path": "/data/shapenet_blender/all_50_random/02958343/444829c02bec2ede60d2daa56695faba/r_30",
            "rotation": 0.12566370614359174,
            "transform_matrix": [
                [
                    0.18323662877082825,
                    -0.06130992993712425,
                    0.9811552166938782,
                    3.955162763595581
                ],
                [
                    0.9830688834190369,
                    0.011427707970142365,
                    -0.18287993967533112,
                    -0.7372125387191772
                ],
                [
                    9.313225746154785e-10,
                    0.998053252696991,
                    0.06236586719751358,
                    0.2514048218727112
                ],
                [
                    0.0,
                    0.0,
                    0.0,
                    1.0
                ]
            ]
        },
        {
            "file_path": "/data/shapenet_blender/all_50_random/02958343/444829c02bec2ede60d2daa56695faba/r_31",
            "rotation": 0.12566370614359174,
            "transform_matrix": [
                [
                    0.13267554342746735,
                    0.23593010008335114,
                    0.9626703262329102,
                    3.880648136138916
                ],
                [
                    0.9911594986915588,
                    -0.03158135339617729,
                    -0.12886203825473785,
                    -0.5194594860076904
                ],
                [
                    -1.8626450382086546e-09,
                    0.9712567329406738,
                    -0.2380344271659851,
                    -0.9595474600791931
                ],
                [
                    0.0,
                    0.0,
                    0.0,
                    1.0
                ]
            ]
        },
        {
            "file_path": "/data/shapenet_blender/all_50_random/02958343/444829c02bec2ede60d2daa56695faba/r_32",
            "rotation": 0.12566370614359174,
            "transform_matrix": [
                [
                    0.8604738116264343,
                    0.05551249906420708,
                    -0.5064612627029419,
                    -2.0416107177734375
                ],
                [
                    -0.5094944834709167,
                    0.09375381469726562,
                    -0.8553510904312134,
                    -3.448030471801758
                ],
                [
                    0.0,
                    0.9940465092658997,
                    0.10895603150129318,
                    0.4392158091068268
                ],
                [
                    0.0,
                    0.0,
                    0.0,
                    1.0
                ]
            ]
        },
        {
            "file_path": "/data/shapenet_blender/all_50_random/02958343/444829c02bec2ede60d2daa56695faba/r_33",
            "rotation": 0.12566370614359174,
            "transform_matrix": [
                [
                    0.9630331993103027,
                    0.26822683215141296,
                    0.024927638471126556,
                    0.10048650950193405
                ],
                [
                    0.26938268542289734,
                    -0.9589011073112488,
                    -0.08911538869142532,
                    -0.35923558473587036
                ],
                [
                    1.8626450382086546e-09,
                    0.09253662079572678,
                    -0.9957094192504883,
                    -4.0138325691223145
                ],
                [
                    0.0,
                    0.0,
                    0.0,
                    1.0
                ]
            ]
        },
        {
            "file_path": "/data/shapenet_blender/all_50_random/02958343/444829c02bec2ede60d2daa56695faba/r_34",
            "rotation": 0.12566370614359174,
            "transform_matrix": [
                [
                    0.5559726357460022,
                    -0.3040074408054352,
                    -0.7736108899116516,
                    -3.118525505065918
                ],
                [
                    -0.8312007188796997,
                    -0.2033441811800003,
                    -0.5174520015716553,
                    -2.085916042327881
                ],
                [
                    0.0,
                    0.930715024471283,
                    -0.3657449781894684,
                    -1.474365234375
                ],
                [
                    0.0,
                    0.0,
                    0.0,
                    1.0
                ]
            ]
        },
        {
            "file_path": "/data/shapenet_blender/all_50_random/02958343/444829c02bec2ede60d2daa56695faba/r_35",
            "rotation": 0.12566370614359174,
            "transform_matrix": [
                [
                    0.6238950490951538,
                    0.3987893760204315,
                    -0.6721026301383972,
                    -2.7093324661254883
                ],
                [
                    -0.781508207321167,
                    0.3183622658252716,
                    -0.536554217338562,
                    -2.162919282913208
                ],
                [
                    0.0,
                    0.8600071668624878,
                    0.5102818012237549,
                    2.057011842727661
                ],
                [
                    0.0,
                    0.0,
                    0.0,
                    1.0
                ]
            ]
        },
        {
            "file_path": "/data/shapenet_blender/all_50_random/02958343/444829c02bec2ede60d2daa56695faba/r_36",
            "rotation": 0.12566370614359174,
            "transform_matrix": [
                [
                    0.3979911208152771,
                    0.8914609551429749,
                    0.21656495332717896,
                    0.873001217842102
                ],
                [
                    0.9173892736434937,
                    -0.38674265146255493,
                    -0.09395240992307663,
                    -0.3787342607975006
                ],
                [
                    0.0,
                    0.2360668033361435,
                    -0.9717369079589844,
                    -3.91719651222229
                ],
                [
                    0.0,
                    0.0,
                    0.0,
                    1.0
                ]
            ]
        },
        {
            "file_path": "/data/shapenet_blender/all_50_random/02958343/444829c02bec2ede60d2daa56695faba/r_37",
            "rotation": 0.12566370614359174,
            "transform_matrix": [
                [
                    -0.9989365935325623,
                    0.0298011414706707,
                    0.035178136080503464,
                    0.14180758595466614
                ],
                [
                    0.04610432684421539,
                    0.6456975936889648,
                    0.7622002363204956,
                    3.0725271701812744
                ],
                [
                    0.0,
                    0.7630115151405334,
                    -0.6463848948478699,
                    -2.6056604385375977
                ],
                [
                    0.0,
                    0.0,
                    0.0,
                    1.0
                ]
            ]
        },
        {
            "file_path": "/data/shapenet_blender/all_50_random/02958343/444829c02bec2ede60d2daa56695faba/r_38",
            "rotation": 0.12566370614359174,
            "transform_matrix": [
                [
                    0.862500786781311,
                    0.020614970475435257,
                    -0.505635678768158,
                    -2.038282632827759
                ],
                [
                    -0.5060557723045349,
                    0.035135313868522644,
                    -0.861784815788269,
                    -3.473965644836426
                ],
                [
                    0.0,
                    0.9991699457168579,
                    0.04073655605316162,
                    0.16421431303024292
                ],
                [
                    0.0,
                    0.0,
                    0.0,
                    1.0
                ]
            ]
        },
        {
            "file_path": "/data/shapenet_blender/all_50_random/02958343/444829c02bec2ede60d2daa56695faba/r_39",
            "rotation": 0.12566370614359174,
            "transform_matrix": [
                [
                    0.6628490090370178,
                    -0.18873518705368042,
                    0.7245758771896362,
                    2.920858860015869
                ],
                [
                    0.7487530708312988,
                    0.16708168387413025,
                    -0.6414456367492676,
                    -2.585750102996826
                ],
                [
                    7.450580596923828e-09,
                    0.9677099585533142,
                    0.2520660161972046,
                    1.0161106586456299
                ],
                [
                    0.0,
                    0.0,
                    0.0,
                    1.0
                ]
            ]
        },
        {
            "file_path": "/data/shapenet_blender/all_50_random/02958343/444829c02bec2ede60d2daa56695faba/r_40",
            "rotation": 0.12566370614359174,
            "transform_matrix": [
                [
                    -0.32840868830680847,
                    0.492582768201828,
                    -0.8059217929840088,
                    -3.248774766921997
                ],
                [
                    -0.9445357322692871,
                    -0.17126770317554474,
                    0.2802135646343231,
                    1.1295770406723022
                ],
                [
                    0.0,
                    0.8532465100288391,
                    0.5215077996253967,
                    2.1022651195526123
                ],
                [
                    0.0,
                    0.0,
                    0.0,
                    1.0
                ]
            ]
        },
        {
            "file_path": "/data/shapenet_blender/all_50_random/02958343/444829c02bec2ede60d2daa56695faba/r_41",
            "rotation": 0.12566370614359174,
            "transform_matrix": [
                [
                    0.0844048410654068,
                    0.4137720763683319,
                    -0.9064593315124512,
                    -3.6540544033050537
                ],
                [
                    -0.9964315891265869,
                    0.0350494347512722,
                    -0.07678355276584625,
                    -0.30952438712120056
                ],
                [
                    0.0,
