{
    "class": "02958343",
    "model": "2faa3cff00d98abdf5274507f44ab711",
    "remove_doubles": true,
    "edge_split": true,
    "denoise": true,
    "camera_angle_x": 0.6911112070083618,
    "scale_factor": 2.392330268227862,
    "hdri_file": "/data/IndoorHDRDataset2018/9C4A6478-eaf5eab2c2.exr",
    "center_offset": [
        0.0,
        -1.862645149230957e-09,
        0.0
    ],
    "lights": [],
    "frames": [
        {
            "file_path": "/data/shapenet_blender/all_50_random/02958343/2faa3cff00d98abdf5274507f44ab711/r_0",
            "rotation": 0.12566370614359174,
            "transform_matrix": [
                [
                    -0.8626956939697266,
                    0.0421302504837513,
                    -0.5039654970169067,
                    -2.0315499305725098
                ],
                [
                    -0.5057234764099121,
                    -0.07186849415302277,
                    0.8596968650817871,
                    3.4655487537384033
                ],
                [
                    0.0,
                    0.996523916721344,
                    0.08330688625574112,
                    0.3358207941055298
                ],
                [
                    0.0,
                    0.0,
                    0.0,
                    1.0
                ]
            ]
        },
        {
            "file_path": "/data/shapenet_blender/all_50_random/02958343/2faa3cff00d98abdf5274507f44ab711/r_1",
            "rotation": 0.12566370614359174,
            "transform_matrix": [
                [
                    -0.9148792028427124,
                    0.3469095230102539,
                    0.2065187245607376,
                    0.8325036764144897
                ],
                [
                    0.4037279486656189,
                    0.7861242294311523,
                    0.46798768639564514,
                    1.8865188360214233
                ],
                [
                    0.0,
                    0.5115295648574829,
                    -0.8592656254768372,
                    -3.463810682296753
                ],
                [
                    0.0,
                    0.0,
                    0.0,
                    1.0
                ]
            ]
        },
        {
            "file_path": "/data/shapenet_blender/all_50_random/02958343/2faa3cff00d98abdf5274507f44ab711/r_2",
            "rotation": 0.12566370614359174,
            "transform_matrix": [
                [
                    0.26681527495384216,
                    -0.1920330673456192,
                    -0.9444220066070557,
                    -3.807086944580078
                ],
                [
                    -0.9637476801872253,
                    -0.05316469445824623,
                    -0.261464923620224,
                    -1.0539988279342651
                ],
                [
                    3.725290298461914e-09,
                    0.9799472689628601,
                    -0.19925658404827118,
                    -0.8032289743423462
                ],
                [
                    0.0,
                    0.0,
                    0.0,
                    1.0
                ]
            ]
        },
        {
            "file_path": "/data/shapenet_blender/all_50_random/02958343/2faa3cff00d98abdf5274507f44ab711/r_3",
            "rotation": 0.12566370614359174,
            "transform_matrix": [
                [
                    -0.7722950577735901,
                    0.33005788922309875,
                    -0.5427911281585693,
                    -2.188061237335205
                ],
                [
                    -0.6352640986442566,
                    -0.40125367045402527,
                    0.6598749756813049,
                    2.660041332244873
                ],
                [
                    1.4901161193847656e-08,
                    0.8544339537620544,
                    0.5195600390434265,
                    2.0944137573242188
                ],
                [
                    0.0,
                    0.0,
                    0.0,
                    1.0
                ]
            ]
        },
        {
            "file_path": "/data/shapenet_blender/all_50_random/02958343/2faa3cff00d98abdf5274507f44ab711/r_4",
            "rotation": 0.12566370614359174,
            "transform_matrix": [
                [
                    -0.41332972049713135,
                    -0.21757341921329498,
                    0.8842060565948486,
                    3.5643486976623535
                ],
                [
                    0.9105814695358276,
                    -0.09876058250665665,
                    0.40135741233825684,
                    1.6179234981536865
                ],
                [
                    0.0,
                    0.9710344672203064,
                    0.23893901705741882,
                    0.9631940126419067
                ],
                [
                    0.0,
                    0.0,
                    0.0,
                    1.0
                ]
            ]
        },
        {
            "file_path": "/data/shapenet_blender/all_50_random/02958343/2faa3cff00d98abdf5274507f44ab711/r_5",
            "rotation": 0.12566370614359174,
            "transform_matrix": [
                [
                    -0.6455032229423523,
                    0.01975097320973873,
                    -0.7635021805763245,
                    -3.077775716781616
                ],
                [
                    -0.7637576460838318,
                    -0.016692884266376495,
                    0.6452873349189758,
                    2.601236343383789
                ],
                [
                    -9.31322685637781e-10,
                    0.9996654987335205,
                    0.025860268622636795,
                    0.10424607992172241
                ],
                [
                    0.0,
                    0.0,
                    0.0,
                    1.0
                ]
            ]
        },
        {
            "file_path": "/data/shapenet_blender/all_50_random/02958343/2faa3cff00d98abdf5274507f44ab711/r_6",
            "rotation": 0.12566370614359174,
            "transform_matrix": [
                [
                    0.9987715482711792,
                    -0.0057239411398768425,
                    0.04922157898545265,
                    0.198418527841568
                ],
                [
                    0.049553282558918,
                    0.11536894738674164,
                    -0.992085874080658,
                    -3.9992260932922363
                ],
                [
                    -4.656613983300417e-10,
                    0.993306040763855,
                    0.11551085859537125,
                    0.4656391739845276
                ],
                [
                    0.0,
                    0.0,
                    0.0,
                    1.0
                ]
            ]
        },
        {
            "file_path": "/data/shapenet_blender/all_50_random/02958343/2faa3cff00d98abdf5274507f44ab711/r_7",
            "rotation": 0.12566370614359174,
            "transform_matrix": [
                [
                    0.7802737355232239,
                    -0.33749663829803467,
                    -0.5265633463859558,
                    -2.1226449012756348
                ],
                [
                    -0.6254382133483887,
                    -0.4210483729839325,
                    -0.6569210290908813,
                    -2.6481335163116455
                ],
                [
                    0.0,
                    0.8419109582901001,
                    -0.5396162271499634,
                    -2.175262928009033
                ],
                [
                    0.0,
                    0.0,
                    0.0,
                    1.0
                ]
            ]
        },
        {
            "file_path": "/data/shapenet_blender/all_50_random/02958343/2faa3cff00d98abdf5274507f44ab711/r_8",
            "rotation": 0.12566370614359174,
            "transform_matrix": [
                [
                    -0.75687575340271,
                    0.22732095420360565,
                    0.6127514243125916,
                    2.4700796604156494
                ],
                [
                    0.6535587310791016,
                    0.26325666904449463,
                    0.7096174359321594,
                    2.8605589866638184
                ],
                [
                    1.4901159417490817e-08,
                    0.9375612139701843,
                    -0.3478202521800995,
                    -1.402108073234558
                ],
                [
                    0.0,
                    0.0,
                    0.0,
                    1.0
                ]
            ]
        },
        {
            "file_path": "/data/shapenet_blender/all_50_random/02958343/2faa3cff00d98abdf5274507f44ab711/r_9",
            "rotation": 0.12566370614359174,
            "transform_matrix": [
                [
                    0.15402938425540924,
                    -0.6323225498199463,
                    -0.7592383623123169,
                    -3.0605878829956055
                ],
                [
                    -0.9880663156509399,
                    -0.09857260435819626,
                    -0.11835747212171555,
                    -0.4771142601966858
                ],
                [
                    0.0,
                    0.7684082984924316,
                    -0.6399596929550171,
                    -2.5797603130340576
                ],
                [
                    0.0,
                    0.0,
                    0.0,
                    1.0
                ]
            ]
        },
        {
            "file_path": "/data/shapenet_blender/all_50_random/02958343/2faa3cff00d98abdf5274507f44ab711/r_10",
            "rotation": 0.12566370614359174,
            "transform_matrix": [
                [
                    0.6418561339378357,
                    -0.2627289593219757,
                    0.7204124331474304,
                    2.9040756225585938
                ],
                [
                    0.7668250203132629,
                    0.21991223096847534,
                    -0.6030073165893555,
                    -2.430800437927246
                ],
                [
                    -1.4901160305669237e-08,
                    0.93947434425354,
                    0.3426191806793213,
                    1.381142258644104
                ],
                [
                    0.0,
                    0.0,
                    0.0,
                    1.0
                ]
            ]
        },
        {
            "file_path": "/data/shapenet_blender/all_50_random/02958343/2faa3cff00d98abdf5274507f44ab711/r_11",
            "rotation": 0.12566370614359174,
            "transform_matrix": [
                [
                    0.18543711304664612,
                    -0.48684781789779663,
                    0.853576123714447,
                    3.44087553024292
                ],
                [
                    0.9826561212539673,
                    0.09187308698892593,
                    -0.16107842326164246,
                    -0.6493278741836548
                ],
                [
                    0.0,
                    0.86864173412323,
                    0.49544069170951843,
                    1.9971853494644165
                ],
                [
                    0.0,
                    0.0,
                    0.0,
                    1.0
                ]
            ]
        },
        {
            "file_path": "/data/shapenet_blender/all_50_random/02958343/2faa3cff00d98abdf5274507f44ab711/r_12",
            "rotation": 0.12566370614359174,
            "transform_matrix": [
                [
                    0.604430615901947,
                    0.6956533789634705,
                    0.38823965191841125,
                    1.5650440454483032
                ],
                [
                    0.796657919883728,
                    -0.5277977585792542,
                    -0.2945604920387268,
                    -1.1874113082885742
                ],
                [
                    1.4901162970204496e-08,
                    0.4873354732990265,
                    -0.8732147812843323,
                    -3.5200414657592773
                ],
                [
                    0.0,
                    0.0,
                    0.0,
                    1.0
                ]
            ]
        },
        {
            "file_path": "/data/shapenet_blender/all_50_random/02958343/2faa3cff00d98abdf5274507f44ab711/r_13",
            "rotation": 0.12566370614359174,
            "transform_matrix": [
                [
                    0.9986258745193481,
                    -0.006353913806378841,
                    0.05201955512166023,
                    0.20969754457473755
                ],
                [
                    0.052406176924705505,
                    0.12107700854539871,
                    -0.9912586808204651,
                    -3.995891809463501
                ],
                [
                    0.0,
                    0.9926227331161499,
                    0.12124361097812653,
                    0.4887486696243286
                ],
                [
                    0.0,
                    0.0,
                    0.0,
                    1.0
                ]
            ]
        },
        {
            "file_path": "/data/shapenet_blender/all_50_random/02958343/2faa3cff00d98abdf5274507f44ab711/r_14",
            "rotation": 0.12566370614359174,
            "transform_matrix": [
                [
                    -0.4153277277946472,
                    0.8551746606826782,
                    -0.3101279139518738,
                    -1.2501657009124756
                ],
                [
                    -0.9096719026565552,
                    -0.3904459774494171,
                    0.14159469306468964,
                    0.5707865357398987
                ],
                [
                    0.0,
                    0.3409227132797241,
                    0.9400912523269653,
                    3.7896292209625244
                ],
                [
                    0.0,
                    0.0,
                    0.0,
                    1.0
                ]
            ]
        },
        {
            "file_path": "/data/shapenet_blender/all_50_random/02958343/2faa3cff00d98abdf5274507f44ab711/r_15",
            "rotation": 0.12566370614359174,
            "transform_matrix": [
                [
                    0.71966552734375,
                    0.23316337168216705,
                    -0.6540002226829529,
                    -2.636359453201294
                ],
                [
                    -0.6943209171295166,
                    0.24167446792125702,
                    -0.6778730154037476,
                    -2.7325937747955322
                ],
                [
                    0.0,
                    0.9419279098510742,
                    0.3358149528503418,
                    1.3537135124206543
                ],
                [
                    0.0,
                    0.0,
                    0.0,
                    1.0
                ]
            ]
        },
        {
            "file_path": "/data/shapenet_blender/all_50_random/02958343/2faa3cff00d98abdf5274507f44ab711/r_16",
            "rotation": 0.12566370614359174,
            "transform_matrix": [
                [
                    -0.8469801545143127,
                    -0.4489048719406128,
                    -0.2847965955734253,
                    -1.1480518579483032
                ],
                [
                    -0.5316246151924133,
                    0.715191662311554,
                    0.45373567938804626,
                    1.8290669918060303
                ],
                [
                    0.0,
                    0.5357098579406738,
                    -0.844402015209198,
                    -3.40389347076416
                ],
                [
                    0.0,
                    0.0,
                    0.0,
                    1.0
                ]
            ]
        },
        {
            "file_path": "/data/shapenet_blender/all_50_random/02958343/2faa3cff00d98abdf5274507f44ab711/r_17",
            "rotation": 0.12566370614359174,
            "transform_matrix": [
                [
                    -0.04579056054353714,
                    -0.7502004504203796,
                    -0.6596230268478394,
                    -2.6590254306793213
                ],
                [
                    -0.9989510774612427,
                    0.03438816964626312,
                    0.030236227437853813,
                    0.12188613414764404
                ],
                [
                    -1.8626450382086546e-09,
                    0.6603155732154846,
                    -0.7509881854057312,
                    -3.027330160140991
                ],
                [
                    0.0,
                    0.0,
                    0.0,
                    1.0
                ]
            ]
        },
        {
            "file_path": "/data/shapenet_blender/all_50_random/02958343/2faa3cff00d98abdf5274507f44ab711/r_18",
            "rotation": 0.12566370614359174,
            "transform_matrix": [
                [
                    -0.4102133810520172,
                    0.5150042772293091,
                    0.7526589035987854,
                    3.0340652465820312
                ],
                [
                    0.9119895100593567,
                    0.23164920508861542,
                    0.33854639530181885,
                    1.3647242784500122
                ],
                [
                    2.9802320611338473e-08,
                    0.8252933621406555,
                    -0.5647041201591492,
                    -2.276395320892334
                ],
                [
                    0.0,
                    0.0,
                    0.0,
                    1.0
                ]
            ]
        },
        {
            "file_path": "/data/shapenet_blender/all_50_random/02958343/2faa3cff00d98abdf5274507f44ab711/r_19",
            "rotation": 0.12566370614359174,
            "transform_matrix": [
                [
                    -0.9365466833114624,
                    0.03402458131313324,
                    0.3488878309726715,
                    1.40641188621521
                ],
                [
                    0.3505430221557617,
                    0.09090355783700943,
                    0.9321244955062866,
                    3.757513999938965
                ],
                [
                    3.725290742551124e-09,
                    0.9952782392501831,
                    -0.09706249833106995,
                    -0.3912714421749115
                ],
                [
                    0.0,
                    0.0,
                    0.0,
                    1.0
                ]
            ]
        },
        {
            "file_path": "/data/shapenet_blender/all_50_random/02958343/2faa3cff00d98abdf5274507f44ab711/r_20",
            "rotation": 0.12566370614359174,
            "transform_matrix": [
                [
                    0.7596494555473328,
                    0.27235502004623413,
                    -0.5905551910400391,
                    -2.3806042671203613
                ],
                [
                    -0.6503327488899231,
                    0.3181360960006714,
                    -0.689823567867279,
                    -2.7807679176330566
                ],
                [
                    1.4901161193847656e-08,
                    0.9080815315246582,
                    0.41879329085350037,
                    1.688209891319275
                ],
                [
                    0.0,
                    0.0,
                    0.0,
                    1.0
                ]
            ]
        },
        {
            "file_path": "/data/shapenet_blender/all_50_random/02958343/2faa3cff00d98abdf5274507f44ab711/r_21",
            "rotation": 0.12566370614359174,
            "transform_matrix": [
                [
                    -0.9460431933403015,
                    0.022414321079850197,
                    0.3232644200325012,
                    1.303120732307434
                ],
                [
                    0.32404062151908875,
                    0.06543907523155212,
                    0.9437770843505859,
                    3.804487466812134
                ],
                [
                    -1.862645149230957e-09,
                    0.9976048469543457,
                    -0.06917131692171097,
                    -0.27883851528167725
                ],
                [
                    0.0,
                    0.0,
                    0.0,
                    1.0
                ]
            ]
        },
        {
            "file_path": "/data/shapenet_blender/all_50_random/02958343/2faa3cff00d98abdf5274507f44ab711/r_22",
            "rotation": 0.12566370614359174,
            "transform_matrix": [
                [
                    0.6309001445770264,
                    0.07708261907100677,
                    -0.7720253467559814,
                    -3.112133741378784
                ],
                [
                    -0.7758638858795166,
                    0.06268037110567093,
                    -0.6277788281440735,
                    -2.5306572914123535
                ],
                [
                    0.0,
                    0.9950525164604187,
                    0.09935068339109421,
                    0.40049540996551514
                ],
                [
                    0.0,
                    0.0,
                    0.0,
                    1.0
                ]
            ]
        },
        {
            "file_path": "/data/shapenet_blender/all_50_random/02958343/2faa3cff00d98abdf5274507f44ab711/r_23",
            "rotation": 0.12566370614359174,
            "transform_matrix": [
                [
                    0.7909741997718811,
                    -0.06621857732534409,
                    0.6082556247711182,
                    2.4519567489624023
                ],
                [
                    0.6118494868278503,
                    0.0856046974658966,
                    -0.7863281965255737,
                    -3.169790267944336
                ],
                [
                    -3.725290298461914e-09,
                    0.9941262006759644,
                    0.10822691023349762,
                    0.4362766444683075
                ],
                [
                    0.0,
                    0.0,
                    0.0,
                    1.0
                ]
            ]
        },
        {
            "file_path": "/data/shapenet_blender/all_50_random/02958343/2faa3cff00d98abdf5274507f44ab711/r_24",
            "rotation": 0.12566370614359174,
            "transform_matrix": [
                [
                    0.3506910502910614,
                    0.06690984219312668,
                    0.9340978860855103,
                    3.7654690742492676
                ],
                [
                    0.9364912509918213,
                    -0.025055957958102226,
                    -0.34979480504989624,
                    -1.4100679159164429
                ],
                [
                    1.862645149230957e-09,
                    0.9974443316459656,
                    -0.07144738733768463,
                    -0.28801363706588745
                ],
                [
                    0.0,
                    0.0,
                    0.0,
                    1.0
                ]
            ]
        },
        {
            "file_path": "/data/shapenet_blender/all_50_random/02958343/2faa3cff00d98abdf5274507f44ab711/r_25",
            "rotation": 0.12566370614359174,
            "transform_matrix": [
                [
                    0.8423503041267395,
                    0.05502115190029144,
                    -0.536114513874054,
                    -2.161146640777588
                ],
                [
                    -0.5389305353164673,
                    0.08599824458360672,
                    -0.8379487991333008,
                    -3.3778796195983887
                ],
                [
                    0.0,
                    0.9947748184204102,
                    0.10209321975708008,
                    0.41155093908309937
                ],
                [
                    0.0,
                    0.0,
                    0.0,
                    1.0
                ]
            ]
        },
        {
            "file_path": "/data/shapenet_blender/all_50_random/02958343/2faa3cff00d98abdf5274507f44ab711/r_26",
            "rotation": 0.12566370614359174,
            "transform_matrix": [
                [
                    0.13656778633594513,
                    0.02280285581946373,
                    0.9903682470321655,
                    3.992302179336548
                ],
                [
                    0.9906307458877563,
                    -0.00314358901232481,
                    -0.13653160631656647,
                    -0.5503765344619751
                ],
                [
                    2.3283064365386963e-10,
                    0.9997350573539734,
                    -0.023018522188067436,
                    -0.0927906334400177
                ],
                [
                    0.0,
                    0.0,
                    0.0,
                    1.0
                ]
            ]
        },
        {
            "file_path": "/data/shapenet_blender/all_50_random/02958343/2faa3cff00d98abdf5274507f44ab711/r_27",
            "rotation": 0.12566370614359174,
            "transform_matrix": [
                [
                    0.8177340626716614,
                    -0.09283317625522614,
                    0.5680608153343201,
                    2.289926528930664
                ],
                [
                    0.5755963921546936,
                    0.1318855583667755,
                    -0.8070284724235535,
                    -3.2532360553741455
                ],
                [
                    0.0,
                    0.9869083762168884,
                    0.16128171980381012,
                    0.6501474976539612
                ],
                [
                    0.0,
                    0.0,
                    0.0,
                    1.0
                ]
            ]
        },
        {
            "file_path": "/data/shapenet_blender/all_50_random/02958343/2faa3cff00d98abdf5274507f44ab711/r_28",
            "rotation": 0.12566370614359174,
            "transform_matrix": [
                [
                    -0.7680378556251526,
                    -0.2010989934206009,
                    0.6080107688903809,
                    2.450969696044922
                ],
                [
                    0.640404462814331,
                    -0.2411782592535019,
                    0.7291879653930664,
                    2.939450740814209
                ],
                [
                    1.4901161193847656e-08,
                    0.9494167566299438,
                    0.31401872634887695,
                    1.2658499479293823
                ],
                [
                    0.0,
                    0.0,
                    0.0,
                    1.0
                ]
            ]
        },
        {
            "file_path": "/data/shapenet_blender/all_50_random/02958343/2faa3cff00d98abdf5274507f44ab711/r_29",
            "rotation": 0.12566370614359174,
            "transform_matrix": [
                [
                    0.3261295557022095,
                    -0.718556821346283,
                    -0.614260196685791,
                    -2.4761619567871094
                ],
                [
                    -0.9453251361846924,
                    -0.24789634346961975,
                    -0.21191483736038208,
                    -0.8542560338973999
                ],
                [
                    0.0,
                    0.6497873067855835,
                    -0.7601161003112793,
                    -3.0641260147094727
                ],
                [
                    0.0,
                    0.0,
                    0.0,
                    1.0
                ]
            ]
        },
        {
            "file_path": "/data/shapenet_blender/all_50_random/02958343/2faa3cff00d98abdf5274507f44ab711/r_30",
            "rotation": 0.12566370614359174,
            "transform_matrix": [
                [
                    0.33603596687316895,
                    -0.031117063015699387,
                    0.9413349628448486,
                    3.794642686843872
                ],
                [
                    0.9418491721153259,
                    0.011102044954895973,
                    -0.3358525037765503,
                    -1.3538647890090942
                ],
                [
                    0.0,
                    0.9994540810585022,
                    0.03303826227784157,
                    0.13318149745464325
                ],
                [
                    0.0,
                    0.0,
                    0.0,
                    1.0
                ]
            ]
        },
        {
            "file_path": "/data/shapenet_blender/all_50_random/02958343/2faa3cff00d98abdf5274507f44ab711/r_31",
            "rotation": 0.12566370614359174,
            "transform_matrix": [
                [
                    0.9126073122024536,
                    0.3803718388080597,
                    0.14988376200199127,
                    0.6042008399963379
                ],
                [
                    0.4088371992111206,
                    -0.8490668535232544,
                    -0.33457088470458984,
                    -1.3486984968185425
                ],
                [
                    -1.4901161193847656e-08,
                    0.3666098415851593,
                    -0.9303746223449707,
                    -3.750460386276245
                ],
                [
                    0.0,
                    0.0,
                    0.0,
                    1.0
                ]
            ]
        },
        {
            "file_path": "/data/shapenet_blender/all_50_random/02958343/2faa3cff00d98abdf5274507f44ab711/r_32",
            "rotation": 0.12566370614359174,
            "transform_matrix": [
                [
                    -0.9908148646354675,
                    0.00147786654997617,
                    -0.13521777093410492,
                    -0.5450802445411682
                ],
                [
                    -0.13522586226463318,
                    -0.010828492231667042,
                    0.9907556176185608,
                    3.993863582611084
                ],
                [
                    0.0,
                    0.9999402165412903,
                    0.010928877629339695,
                    0.04405571520328522
                ],
                [
                    0.0,
                    0.0,
                    0.0,
                    1.0
                ]
            ]
        },
        {
            "file_path": "/data/shapenet_blender/all_50_random/02958343/2faa3cff00d98abdf5274507f44ab711/r_33",
            "rotation": 0.12566370614359174,
            "transform_matrix": [
                [
                    -0.2247534841299057,
                    0.009813995100557804,
                    -0.9743662476539612,
                    -3.927795886993408
                ],
                [
                    -0.9744157195091248,
                    -0.0022636433131992817,
                    0.2247420698404312,
                    0.9059642553329468
                ],
                [
                    -2.3283064365386963e-10,
                    0.9999493360519409,
                    0.010071671567857265,
                    0.04060020670294762
                ],
                [
                    0.0,
                    0.0,
                    0.0,
                    1.0
                ]
            ]
        },
        {
            "file_path": "/data/shapenet_blender/all_50_random/02958343/2faa3cff00d98abdf5274507f44ab711/r_34",
            "rotation": 0.12566370614359174,
            "transform_matrix": [
                [
                    0.34821438789367676,
                    -0.049020200967788696,
                    0.9361323118209839,
                    3.773670196533203
                ],
                [
                    0.9374149441719055,
                    0.01820915937423706,
                    -0.3477379381656647,
                    -1.4017765522003174
                ],
                [
                    1.862645149230957e-09,
                    0.9986317157745361,
                    0.05229296535253525,
                    0.2107996940612793
                ],
                [
                    0.0,
                    0.0,
                    0.0,
                    1.0
                ]
            ]
        },
        {
            "file_path": "/data/shapenet_blender/all_50_random/02958343/2faa3cff00d98abdf5274507f44ab711/r_35",
            "rotation": 0.12566370614359174,
            "transform_matrix": [
                [
                    -0.998870849609375,
                    -0.006538684945553541,
                    -0.04705672338604927,
                    -0.1896917223930359
                ],
                [
                    -0.0475088432431221,
                    0.13747549057006836,
                    0.9893651008605957,
                    3.9882583618164062
                ],
                [
                    -4.656613428188905e-10,
                    0.9904834628105164,
                    -0.13763092458248138,
                    -0.5548080205917358
                ],
                [
                    0.0,
                    0.0,
                    0.0,
                    1.0
                ]
            ]
        },
        {
            "file_path": "/data/shapenet_blender/all_50_random/02958343/2faa3cff00d98abdf5274507f44ab711/r_36",
            "rotation": 0.12566370614359174,
            "transform_matrix": [
                [
                    0.2777673006057739,
                    -0.8925878405570984,
                    0.3551509380340576,
                    1.43165922164917
                ],
                [
                    0.9606484770774841,
                    0.2580878436565399,
                    -0.10269033908843994,
                    -0.41395798325538635
                ],
                [
                    7.450581485102248e-09,
                    0.3696991801261902,
                    0.9291514754295349,
                    3.7455294132232666
                ],
                [
                    0.0,
                    0.0,
                    0.0,
                    1.0
                ]
            ]
        },
        {
            "file_path": "/data/shapenet_blender/all_50_random/02958343/2faa3cff00d98abdf5274507f44ab711/r_37",
            "rotation": 0.12566370614359174,
            "transform_matrix": [
                [
                    -0.9809305667877197,
                    0.003388031153008342,
                    -0.19432905316352844,
                    -0.7833654880523682
                ],
                [
                    -0.19435858726501465,
                    -0.017099441960453987,
                    0.9807814955711365,
                    3.9536566734313965
                ],
                [
                    -2.3283064365386963e-10,
                    0.9998480081558228,
                    0.01743185892701149,
                    0.07027006894350052
                ],
                [
                    0.0,
                    0.0,
                    0.0,
                    1.0
                ]
            ]
        },
        {
            "file_path": "/data/shapenet_blender/all_50_random/02958343/2faa3cff00d98abdf5274507f44ab711/r_38",
            "rotation": 0.12566370614359174,
            "transform_matrix": [
                [
                    -0.9996517300605774,
                    -0.007047295104712248,
                    0.025431247428059578,
                    0.10251663625240326
                ],
                [
                    0.026389632374048233,
                    -0.26695483922958374,
                    0.9633476138114929,
                    3.883378505706787
                ],
                [
                    -4.656612873077393e-10,
                    0.9636832475662231,
                    0.26704785227775574,
                    1.0765043497085571
                ],
                [
                    0.0,
                    0.0,
                    0.0,
                    1.0
                ]
            ]
        },
        {
            "file_path": "/data/shapenet_blender/all_50_random/02958343/2faa3cff00d98abdf5274507f44ab711/r_39",
            "rotation": 0.12566370614359174,
            "transform_matrix": [
                [
                    -0.10398036986589432,
                    -0.3325471878051758,
                    -0.937336802482605,
                    -3.7785255908966064
                ],
                [
                    -0.9945794343948364,
                    0.03476683795452118,
                    0.097995825111866,
                    0.3950338065624237
                ],
                [
                    0.0,
                    0.9424455165863037,
                    -0.33435967564582825,
                    -1.3478469848632812
                ],
                [
                    0.0,
                    0.0,
                    0.0,
                    1.0
                ]
            ]
        },
        {
            "file_path": "/data/shapenet_blender/all_50_random/02958343/2faa3cff00d98abdf5274507f44ab711/r_40",
            "rotation": 0.12566370614359174,
            "transform_matrix": [
                [
                    -0.9449580907821655,
                    0.11321140080690384,
                    -0.3069811761379242,
                    -1.2374807596206665
                ],
                [
                    -0.3271915018558502,
                    -0.32696452736854553,
                    0.8865888714790344,
                    3.5739541053771973
                ],
                [
                    7.450581485102248e-09,
                    0.9382308721542358,
                    0.34600961208343506,
                    1.394809365272522
                ],
                [
                    0.0,
                    0.0,
                    0.0,
                    1.0
                ]
            ]
        },
        {
            "file_path": "/data/shapenet_blender/all_50_random/02958343/2faa3cff00d98abdf5274507f44ab711/r_41",
            "rotation": 0.12566370614359174,
            "transform_matrix": [
                [
                    0.17560975253582,
                    -0.3270660638809204,
                    0.9285412430763245,
                    3.743069648742676
                ],
                [
                    0.9844598770141602,
                    0.058342643082141876,
                    -0.165634885430336,
