{
    "class": "02958343",
    "model": "bafacc7f28509d4157abc6fa0d632bc7",
    "remove_doubles": true,
    "edge_split": true,
    "denoise": true,
    "camera_angle_x": 0.6911112070083618,
    "scale_factor": 2.2498706914297215,
    "hdri_file": "/data/IndoorHDRDataset2018/AG8A6070-31b449860e.exr",
    "center_offset": [
        0.0,
        -1.862645149230957e-09,
        -3.725290298461914e-09
    ],
    "lights": [],
    "frames": [
        {
            "file_path": "/data/shapenet_blender/all_50_random/02958343/bafacc7f28509d4157abc6fa0d632bc7/r_0",
            "rotation": 0.12566370614359174,
            "transform_matrix": [
                [
                    -0.5768148899078369,
                    -0.6338399052619934,
                    -0.5152974724769592,
                    -2.077230453491211
                ],
                [
                    -0.8168748021125793,
                    0.4475695788860321,
                    0.3638639450073242,
                    1.4667824506759644
                ],
                [
                    -2.9802320611338473e-08,
                    0.6308155655860901,
                    -0.7759327292442322,
                    -3.127884864807129
                ],
                [
                    0.0,
                    0.0,
                    0.0,
                    1.0
                ]
            ]
        },
        {
            "file_path": "/data/shapenet_blender/all_50_random/02958343/bafacc7f28509d4157abc6fa0d632bc7/r_1",
            "rotation": 0.12566370614359174,
            "transform_matrix": [
                [
                    0.8958614468574524,
                    0.03246147558093071,
                    -0.4431462585926056,
                    -1.7863796949386597
                ],
                [
                    -0.44433367252349854,
                    0.06544853001832962,
                    -0.8934674263000488,
                    -3.601682424545288
                ],
                [
                    0.0,
                    0.9973278045654297,
                    0.07305653393268585,
                    0.29450032114982605
                ],
                [
                    0.0,
                    0.0,
                    0.0,
                    1.0
                ]
            ]
        },
        {
            "file_path": "/data/shapenet_blender/all_50_random/02958343/bafacc7f28509d4157abc6fa0d632bc7/r_2",
            "rotation": 0.12566370614359174,
            "transform_matrix": [
                [
                    0.8436165452003479,
                    -0.046879611909389496,
                    0.534895658493042,
                    2.156233310699463
                ],
                [
                    0.5369459986686707,
                    0.07365435361862183,
                    -0.8403950929641724,
                    -3.3877410888671875
                ],
                [
                    3.725290076417309e-09,
                    0.9961814284324646,
                    0.08730784803628922,
                    0.35194918513298035
                ],
                [
                    0.0,
                    0.0,
                    0.0,
                    1.0
                ]
            ]
        },
        {
            "file_path": "/data/shapenet_blender/all_50_random/02958343/bafacc7f28509d4157abc6fa0d632bc7/r_3",
            "rotation": 0.12566370614359174,
            "transform_matrix": [
                [
                    0.23723770678043365,
                    0.28897663950920105,
                    0.9274755120277405,
                    3.7387733459472656
                ],
                [
                    0.9714515805244446,
                    -0.07057084143161774,
                    -0.2264983355998993,
                    -0.9130439758300781
                ],
                [
                    0.0,
                    0.9547314643859863,
                    -0.297468900680542,
                    -1.1991355419158936
                ],
                [
                    0.0,
                    0.0,
                    0.0,
                    1.0
                ]
            ]
        },
        {
            "file_path": "/data/shapenet_blender/all_50_random/02958343/bafacc7f28509d4157abc6fa0d632bc7/r_4",
            "rotation": 0.12566370614359174,
            "transform_matrix": [
                [
                    -0.11475305259227753,
                    -0.8998057842254639,
                    0.42092910408973694,
                    1.696819543838501
                ],
                [
                    0.9933940768241882,
                    -0.10394208878278732,
                    0.048624102026224136,
                    0.196010023355484
                ],
                [
                    0.0,
                    0.4237281382083893,
                    0.905789315700531,
                    3.651353597640991
                ],
                [
                    0.0,
                    0.0,
                    0.0,
                    1.0
                ]
            ]
        },
        {
            "file_path": "/data/shapenet_blender/all_50_random/02958343/bafacc7f28509d4157abc6fa0d632bc7/r_5",
            "rotation": 0.12566370614359174,
            "transform_matrix": [
                [
                    -0.9884483814239502,
                    0.016246747225522995,
                    -0.15068452060222626,
                    -0.6074287295341492
                ],
                [
                    -0.15155784785747528,
                    -0.10596001893281937,
                    0.9827526211738586,
                    3.9616024494171143
                ],
                [
                    -1.862645149230957e-09,
                    0.9942376017570496,
                    0.10719835758209229,
                    0.4321303963661194
                ],
                [
                    0.0,
                    0.0,
                    0.0,
                    1.0
                ]
            ]
        },
        {
            "file_path": "/data/shapenet_blender/all_50_random/02958343/bafacc7f28509d4157abc6fa0d632bc7/r_6",
            "rotation": 0.12566370614359174,
            "transform_matrix": [
                [
                    -0.7618638277053833,
                    0.41550540924072266,
                    0.4969092011451721,
                    2.0031051635742188
                ],
                [
                    0.6477373242378235,
                    0.4887143671512604,
                    0.5844609141349792,
                    2.3560376167297363
                ],
                [
                    1.4901162970204496e-08,
                    0.7671462893486023,
                    -0.6414721012115479,
                    -2.5858569145202637
                ],
                [
                    0.0,
                    0.0,
                    0.0,
                    1.0
                ]
            ]
        },
        {
            "file_path": "/data/shapenet_blender/all_50_random/02958343/bafacc7f28509d4157abc6fa0d632bc7/r_7",
            "rotation": 0.12566370614359174,
            "transform_matrix": [
                [
                    -0.9996240139007568,
                    -0.0019478623289614916,
                    0.02735380083322525,
                    0.11026668548583984
                ],
                [
                    0.027423067018389702,
                    -0.07100335508584976,
                    0.9970991015434265,
                    4.019434452056885
                ],
                [
                    -1.1641532182693481e-10,
                    0.997474193572998,
                    0.07103007286787033,
                    0.2863313555717468
                ],
                [
                    0.0,
                    0.0,
                    0.0,
                    1.0
                ]
            ]
        },
        {
            "file_path": "/data/shapenet_blender/all_50_random/02958343/bafacc7f28509d4157abc6fa0d632bc7/r_8",
            "rotation": 0.12566370614359174,
            "transform_matrix": [
                [
                    0.5557429790496826,
                    0.13727031648159027,
                    0.8199430704116821,
                    3.3052961826324463
                ],
                [
                    0.8313542008399963,
                    -0.09176235646009445,
                    -0.5481148958206177,
                    -2.209521770477295
                ],
                [
                    7.450580596923828e-09,
                    0.9862740635871887,
                    -0.165116548538208,
                    -0.6656060814857483
                ],
                [
                    0.0,
                    0.0,
                    0.0,
                    1.0
                ]
            ]
        },
        {
            "file_path": "/data/shapenet_blender/all_50_random/02958343/bafacc7f28509d4157abc6fa0d632bc7/r_9",
            "rotation": 0.12566370614359174,
            "transform_matrix": [
                [
                    -0.7052921056747437,
                    -0.023102009668946266,
                    0.7085402607917786,
                    2.8562171459198
                ],
                [
                    0.7089168429374695,
                    -0.022983890026807785,
                    0.7049174904823303,
                    2.841613292694092
                ],
                [
                    0.0,
                    0.9994689226150513,
                    0.03258775547146797,
                    0.13136544823646545
                ],
                [
                    0.0,
                    0.0,
                    0.0,
                    1.0
                ]
            ]
        },
        {
            "file_path": "/data/shapenet_blender/all_50_random/02958343/bafacc7f28509d4157abc6fa0d632bc7/r_10",
            "rotation": 0.12566370614359174,
            "transform_matrix": [
                [
                    0.021491870284080505,
                    0.9473177790641785,
                    0.3195731043815613,
                    1.2882404327392578
                ],
                [
                    0.9997690320014954,
                    -0.02036433480679989,
                    -0.00686981063336134,
                    -0.027693092823028564
                ],
                [
                    4.656612873077393e-10,
                    0.3196469247341156,
                    -0.9475367069244385,
                    -3.8196425437927246
                ],
                [
                    0.0,
                    0.0,
                    0.0,
                    1.0
                ]
            ]
        },
        {
            "file_path": "/data/shapenet_blender/all_50_random/02958343/bafacc7f28509d4157abc6fa0d632bc7/r_11",
            "rotation": 0.12566370614359174,
            "transform_matrix": [
                [
                    -0.32514214515686035,
                    -0.39154472947120667,
                    -0.8607991933822632,
                    -3.4699923992156982
                ],
                [
                    -0.9456651210784912,
                    0.13462238013744354,
                    0.29596319794654846,
                    1.1930657625198364
                ],
                [
                    0.0,
                    0.9102579355239868,
                    -0.414041668176651,
                    -1.6690552234649658
                ],
                [
                    0.0,
                    0.0,
                    0.0,
                    1.0
                ]
            ]
        },
        {
            "file_path": "/data/shapenet_blender/all_50_random/02958343/bafacc7f28509d4157abc6fa0d632bc7/r_12",
            "rotation": 0.12566370614359174,
            "transform_matrix": [
                [
                    0.17491665482521057,
                    0.008491995744407177,
                    0.9845466017723083,
                    3.968834400177002
                ],
                [
                    0.9845832586288452,
                    -0.0015086501371115446,
                    -0.17491015791893005,
                    -0.7050853967666626
                ],
                [
                    0.0,
                    0.9999628067016602,
                    -0.008624965324997902,
                    -0.034768346697092056
                ],
                [
                    0.0,
                    0.0,
                    0.0,
                    1.0
                ]
            ]
        },
        {
            "file_path": "/data/shapenet_blender/all_50_random/02958343/bafacc7f28509d4157abc6fa0d632bc7/r_13",
            "rotation": 0.12566370614359174,
            "transform_matrix": [
                [
                    -0.9111618995666504,
                    0.0156342051923275,
                    0.4117518365383148,
                    1.6598248481750488
                ],
                [
                    0.4120486080646515,
                    0.034571874886751175,
                    0.9105057120323181,
                    3.670366048812866
                ],
                [
                    0.0,
                    0.9992799162864685,
                    -0.03794262185692787,
                    -0.15295161306858063
                ],
                [
                    0.0,
                    0.0,
                    0.0,
                    1.0
                ]
            ]
        },
        {
            "file_path": "/data/shapenet_blender/all_50_random/02958343/bafacc7f28509d4157abc6fa0d632bc7/r_14",
            "rotation": 0.12566370614359174,
            "transform_matrix": [
                [
                    -0.16243836283683777,
                    -0.1837187260389328,
                    0.9694643616676331,
                    3.90803599357605
                ],
                [
                    0.9867186546325684,
                    -0.030244657769799232,
                    0.15959787368774414,
                    0.6433596611022949
                ],
                [
                    -1.8626450382086546e-09,
                    0.9825134873390198,
                    0.18619155883789062,
                    0.7505622506141663
                ],
                [
                    0.0,
                    0.0,
                    0.0,
                    1.0
                ]
            ]
        },
        {
            "file_path": "/data/shapenet_blender/all_50_random/02958343/bafacc7f28509d4157abc6fa0d632bc7/r_15",
            "rotation": 0.12566370614359174,
            "transform_matrix": [
                [
                    0.3358794152736664,
                    0.027250975370407104,
                    -0.9415106773376465,
                    -3.795351028442383
                ],
                [
                    -0.9419050216674805,
                    0.00971758458763361,
                    -0.33573877811431885,
                    -1.353406310081482
                ],
                [
                    0.0,
                    0.9995812773704529,
                    0.028931768611073494,
                    0.11662769317626953
                ],
                [
                    0.0,
                    0.0,
                    0.0,
                    1.0
                ]
            ]
        },
        {
            "file_path": "/data/shapenet_blender/all_50_random/02958343/bafacc7f28509d4157abc6fa0d632bc7/r_16",
            "rotation": 0.12566370614359174,
            "transform_matrix": [
                [
                    0.8882808685302734,
                    -0.24631895124912262,
                    -0.38766494393348694,
                    -1.562727451324463
                ],
                [
                    -0.459300696849823,
                    -0.4763771891593933,
                    -0.7497382760047913,
                    -3.022291898727417
                ],
                [
                    0.0,
                    0.8440330028533936,
                    -0.5362911820411682,
                    -2.1618590354919434
                ],
                [
                    0.0,
                    0.0,
                    0.0,
                    1.0
                ]
            ]
        },
        {
            "file_path": "/data/shapenet_blender/all_50_random/02958343/bafacc7f28509d4157abc6fa0d632bc7/r_17",
            "rotation": 0.12566370614359174,
            "transform_matrix": [
                [
                    0.7582714557647705,
                    0.35158130526542664,
                    -0.5490127205848694,
                    -2.2131412029266357
                ],
                [
                    -0.6519390344619751,
                    0.4089248478412628,
                    -0.6385576725006104,
                    -2.574108600616455
                ],
                [
                    0.0,
                    0.8421229720115662,
                    0.5392855405807495,
                    2.1739296913146973
                ],
                [
                    0.0,
                    0.0,
                    0.0,
                    1.0
                ]
            ]
        },
        {
            "file_path": "/data/shapenet_blender/all_50_random/02958343/bafacc7f28509d4157abc6fa0d632bc7/r_18",
            "rotation": 0.12566370614359174,
            "transform_matrix": [
                [
                    0.33983302116394043,
                    -0.16904830932617188,
                    -0.9251682162284851,
                    -3.7294723987579346
                ],
                [
                    -0.9404858350753784,
                    -0.061083536595106125,
                    -0.33429819345474243,
                    -1.3475991487503052
                ],
                [
                    0.0,
                    0.9837130904197693,
                    -0.17974576354026794,
                    -0.724578320980072
                ],
                [
                    0.0,
                    0.0,
                    0.0,
                    1.0
                ]
            ]
        },
        {
            "file_path": "/data/shapenet_blender/all_50_random/02958343/bafacc7f28509d4157abc6fa0d632bc7/r_19",
            "rotation": 0.12566370614359174,
            "transform_matrix": [
                [
                    -0.05848342180252075,
                    0.20233511924743652,
                    -0.9775684475898743,
                    -3.940704584121704
                ],
                [
                    -0.9982883930206299,
                    -0.011853539384901524,
                    0.05726957321166992,
                    0.23086105287075043
                ],
                [
                    0.0,
                    0.9792445302009583,
                    0.20268204808235168,
                    0.8170375227928162
                ],
                [
                    0.0,
                    0.0,
                    0.0,
                    1.0
                ]
            ]
        },
        {
            "file_path": "/data/shapenet_blender/all_50_random/02958343/bafacc7f28509d4157abc6fa0d632bc7/r_20",
            "rotation": 0.12566370614359174,
            "transform_matrix": [
                [
                    -0.9939056634902954,
                    -0.011233389377593994,
                    -0.10966060310602188,
                    -0.4420560300350189
                ],
                [
                    -0.11023446917533875,
                    0.1012834683060646,
                    0.9887315034866333,
                    3.985704183578491
                ],
                [
                    0.0,
                    0.9947941899299622,
                    -0.10190451145172119,
                    -0.41079023480415344
                ],
                [
                    0.0,
                    0.0,
                    0.0,
                    1.0
                ]
            ]
        },
        {
            "file_path": "/data/shapenet_blender/all_50_random/02958343/bafacc7f28509d4157abc6fa0d632bc7/r_21",
            "rotation": 0.12566370614359174,
            "transform_matrix": [
                [
                    0.6620765924453735,
                    0.6390594840049744,
                    -0.3914811313152313,
                    -1.578110933303833
                ],
                [
                    -0.74943608045578,
                    0.5645662546157837,
                    -0.34584736824035645,
                    -1.3941553831100464
                ],
                [
                    0.0,
                    0.5223674774169922,
                    0.8527203798294067,
                    3.4374258518218994
                ],
                [
                    0.0,
                    0.0,
                    0.0,
                    1.0
                ]
            ]
        },
        {
            "file_path": "/data/shapenet_blender/all_50_random/02958343/bafacc7f28509d4157abc6fa0d632bc7/r_22",
            "rotation": 0.12566370614359174,
            "transform_matrix": [
                [
                    0.1713939905166626,
                    0.09507452696561813,
                    -0.9806042313575745,
                    -3.9529426097869873
                ],
                [
                    -0.9852026104927063,
                    0.01653994992375374,
                    -0.1705940216779709,
                    -0.687686562538147
                ],
                [
                    0.0,
                    0.9953327178955078,
                    0.09650249779224396,
                    0.3890140652656555
                ],
                [
                    0.0,
                    0.0,
                    0.0,
                    1.0
                ]
            ]
        },
        {
            "file_path": "/data/shapenet_blender/all_50_random/02958343/bafacc7f28509d4157abc6fa0d632bc7/r_23",
            "rotation": 0.12566370614359174,
            "transform_matrix": [
                [
                    0.2969123423099518,
                    0.13698488473892212,
                    -0.9450281262397766,
                    -3.809530258178711
                ],
                [
                    -0.9549047946929932,
                    0.04259325563907623,
                    -0.2938413619995117,
                    -1.1845123767852783
                ],
                [
                    0.0,
                    0.9896569848060608,
                    0.14345397055149078,
                    0.5782814621925354
                ],
                [
                    0.0,
                    0.0,
                    0.0,
                    1.0
                ]
            ]
        },
        {
            "file_path": "/data/shapenet_blender/all_50_random/02958343/bafacc7f28509d4157abc6fa0d632bc7/r_24",
            "rotation": 0.12566370614359174,
            "transform_matrix": [
                [
                    -0.7724707126617432,
                    0.21635887026786804,
                    -0.5970577001571655,
                    -2.4068167209625244
                ],
                [
                    -0.6350505352020264,
                    -0.2631773054599762,
                    0.7262564897537231,
                    2.927633762359619
                ],
                [
                    -1.4901162970204496e-08,
                    0.9401735067367554,
                    0.3406955599784851,
                    1.3733878135681152
                ],
                [
                    0.0,
                    0.0,
                    0.0,
                    1.0
                ]
            ]
        },
        {
            "file_path": "/data/shapenet_blender/all_50_random/02958343/bafacc7f28509d4157abc6fa0d632bc7/r_25",
            "rotation": 0.12566370614359174,
            "transform_matrix": [
                [
                    -0.9996135830879211,
                    0.001167163485661149,
                    0.027774985879659653,
                    0.11196455359458923
                ],
                [
                    0.02779950387775898,
                    0.041968826204538345,
                    0.9987319707870483,
                    4.026017665863037
                ],
                [
                    0.0,
                    0.9991182684898376,
                    -0.04198504611849785,
                    -0.16924715042114258
                ],
                [
                    0.0,
                    0.0,
                    0.0,
                    1.0
                ]
            ]
        },
        {
            "file_path": "/data/shapenet_blender/all_50_random/02958343/bafacc7f28509d4157abc6fa0d632bc7/r_26",
            "rotation": 0.12566370614359174,
            "transform_matrix": [
                [
                    0.5269584059715271,
                    0.4749789237976074,
                    0.704776406288147,
                    2.8410446643829346
                ],
                [
                    0.8498910069465637,
                    -0.2945014536380768,
                    -0.4369829297065735,
                    -1.761534571647644
                ],
                [
                    0.0,
                    0.8292549848556519,
                    -0.5588703751564026,
                    -2.252878427505493
                ],
                [
                    0.0,
                    0.0,
                    0.0,
                    1.0
                ]
            ]
        },
        {
            "file_path": "/data/shapenet_blender/all_50_random/02958343/bafacc7f28509d4157abc6fa0d632bc7/r_27",
            "rotation": 0.12566370614359174,
            "transform_matrix": [
                [
                    0.9987006187438965,
                    0.003924157004803419,
                    -0.05081147700548172,
                    -0.20482763648033142
                ],
                [
                    -0.050962790846824646,
                    0.07690038532018661,
                    -0.9957354068756104,
                    -4.013937950134277
                ],
                [
                    0.0,
                    0.9970309734344482,
                    0.0770004466176033,
                    0.31039875745773315
                ],
                [
                    0.0,
                    0.0,
                    0.0,
                    1.0
                ]
            ]
        },
        {
            "file_path": "/data/shapenet_blender/all_50_random/02958343/bafacc7f28509d4157abc6fa0d632bc7/r_28",
            "rotation": 0.12566370614359174,
            "transform_matrix": [
                [
                    -0.7267393469810486,
                    0.20334884524345398,
                    0.6561244130134583,
                    2.6449220180511475
                ],
                [
                    0.6869133710861206,
                    0.21513862907886505,
                    0.6941652894020081,
                    2.798269748687744
                ],
                [
                    1.4901161193847656e-08,
                    0.9551777839660645,
                    -0.29603275656700134,
                    -1.1933462619781494
                ],
                [
                    0.0,
                    0.0,
                    0.0,
                    1.0
                ]
            ]
        },
        {
            "file_path": "/data/shapenet_blender/all_50_random/02958343/bafacc7f28509d4157abc6fa0d632bc7/r_29",
            "rotation": 0.12566370614359174,
            "transform_matrix": [
                [
                    -0.9420719146728516,
                    -0.12980182468891144,
                    -0.3092767000198364,
                    -1.2467342615127563
                ],
                [
                    -0.33541107177734375,
                    0.36457547545433044,
                    0.8686680197715759,
                    3.5017127990722656
                ],
                [
                    7.450580596923828e-09,
                    0.9220826029777527,
                    -0.3869931995868683,
                    -1.5600194931030273
                ],
                [
                    0.0,
                    0.0,
                    0.0,
                    1.0
                ]
            ]
        },
        {
            "file_path": "/data/shapenet_blender/all_50_random/02958343/bafacc7f28509d4157abc6fa0d632bc7/r_30",
            "rotation": 0.12566370614359174,
            "transform_matrix": [
                [
                    -0.0865885391831398,
                    -0.41444703936576843,
                    0.90594482421875,
                    3.651980400085449
                ],
                [
                    0.9962441921234131,
                    -0.036021653562784195,
                    0.07874017208814621,
                    0.31741178035736084
                ],
                [
                    0.0,
                    0.9093602299690247,
                    0.4160095453262329,
                    1.676988124847412
                ],
                [
                    0.0,
                    0.0,
                    0.0,
                    1.0
                ]
            ]
        },
        {
            "file_path": "/data/shapenet_blender/all_50_random/02958343/bafacc7f28509d4157abc6fa0d632bc7/r_31",
            "rotation": 0.12566370614359174,
            "transform_matrix": [
                [
                    -0.6268389821052551,
                    0.000833513040561229,
                    -0.7791482210159302,
                    -3.1408474445343018
                ],
                [
                    -0.7791488170623779,
                    -0.0006705759442411363,
                    0.6268385648727417,
                    2.526867389678955
                ],
                [
                    0.0,
                    0.9999994039535522,
                    0.0010697736870497465,
                    0.004312396049499512
                ],
                [
                    0.0,
                    0.0,
                    0.0,
                    1.0
                ]
            ]
        },
        {
            "file_path": "/data/shapenet_blender/all_50_random/02958343/bafacc7f28509d4157abc6fa0d632bc7/r_32",
            "rotation": 0.12566370614359174,
            "transform_matrix": [
                [
                    -0.551669180393219,
                    -0.4666691720485687,
                    0.6912893056869507,
                    2.7866764068603516
                ],
                [
                    0.834062933921814,
                    -0.3086661696434021,
                    0.45723530650138855,
                    1.8431744575500488
                ],
                [
                    0.0,
                    0.8288214206695557,
                    0.5595131516456604,
                    2.255469560623169
                ],
                [
                    0.0,
                    0.0,
                    0.0,
                    1.0
                ]
            ]
        },
        {
            "file_path": "/data/shapenet_blender/all_50_random/02958343/bafacc7f28509d4157abc6fa0d632bc7/r_33",
            "rotation": 0.12566370614359174,
            "transform_matrix": [
                [
                    -0.028455950319767,
                    -0.3419955372810364,
                    0.939270555973053,
                    3.786320924758911
                ],
                [
                    0.999595046043396,
                    -0.00973575096577406,
                    0.026738664135336876,
                    0.10778701305389404
                ],
                [
                    0.0,
                    0.9396510124206543,
                    0.3421340584754944,
                    1.3791866302490234
                ],
                [
                    0.0,
                    0.0,
                    0.0,
                    1.0
                ]
            ]
        },
        {
            "file_path": "/data/shapenet_blender/all_50_random/02958343/bafacc7f28509d4157abc6fa0d632bc7/r_34",
            "rotation": 0.12566370614359174,
            "transform_matrix": [
                [
                    -0.24902288615703583,
                    0.725151538848877,
                    -0.6419834494590759,
                    -2.5879180431365967
                ],
                [
                    -0.9684976935386658,
                    -0.18645302951335907,
                    0.1650686115026474,
                    0.6654128432273865
                ],
                [
                    0.0,
                    0.662865161895752,
                    0.748738706111908,
                    3.0182621479034424
                ],
                [
                    0.0,
                    0.0,
                    0.0,
                    1.0
                ]
            ]
        },
        {
            "file_path": "/data/shapenet_blender/all_50_random/02958343/bafacc7f28509d4157abc6fa0d632bc7/r_35",
            "rotation": 0.12566370614359174,
            "transform_matrix": [
                [
                    0.35224008560180664,
                    0.5422700047492981,
                    -0.7628040909767151,
                    -3.0749616622924805
                ],
                [
                    -0.9359096884727478,
                    0.20408940315246582,
                    -0.28708985447883606,
                    -1.1572961807250977
                ],
                [
                    0.0,
                    0.8150402307510376,
                    0.5794042944908142,
                    2.335653305053711
                ],
                [
                    0.0,
                    0.0,
                    0.0,
                    1.0
                ]
            ]
        },
        {
            "file_path": "/data/shapenet_blender/all_50_random/02958343/bafacc7f28509d4157abc6fa0d632bc7/r_36",
            "rotation": 0.12566370614359174,
            "transform_matrix": [
                [
                    -0.1988065093755722,
                    0.7876736521720886,
                    -0.5831347703933716,
                    -2.350691556930542
                ],
                [
                    -0.9800387620925903,
                    -0.15978413820266724,
                    0.11829224228858948,
                    0.47685128450393677
                ],
                [
                    -7.450580596923828e-09,
                    0.5950119495391846,
                    0.803716778755188,
                    3.2398860454559326
                ],
                [
                    0.0,
                    0.0,
                    0.0,
                    1.0
                ]
            ]
        },
        {
            "file_path": "/data/shapenet_blender/all_50_random/02958343/bafacc7f28509d4157abc6fa0d632bc7/r_37",
            "rotation": 0.12566370614359174,
            "transform_matrix": [
                [
                    0.8650723099708557,
                    0.004958395846188068,
                    0.50162273645401,
                    2.0221056938171387
                ],
                [
                    0.5016471743583679,
                    -0.008550573140382767,
                    -0.8650301098823547,
                    -3.4870474338531494
                ],
                [
                    0.0,
                    0.999951183795929,
                    -0.009884228929877281,
                    -0.03984459489583969
                ],
                [
                    0.0,
                    0.0,
                    0.0,
                    1.0
                ]
            ]
        },
        {
            "file_path": "/data/shapenet_blender/all_50_random/02958343/bafacc7f28509d4157abc6fa0d632bc7/r_38",
            "rotation": 0.12566370614359174,
            "transform_matrix": [
                [
                    -0.8376491069793701,
                    -0.3100261688232422,
                    0.449697345495224,
                    1.8127880096435547
                ],
                [
                    0.5462086796760559,
                    -0.4754467010498047,
                    0.6896421909332275,
                    2.780036687850952
                ],
                [
                    -1.4901161193847656e-08,
                    0.8233067393302917,
                    0.5675965547561646,
                    2.288054943084717
                ],
                [
                    0.0,
                    0.0,
                    0.0,
                    1.0
                ]
            ]
        },
        {
            "file_path": "/data/shapenet_blender/all_50_random/02958343/bafacc7f28509d4157abc6fa0d632bc7/r_39",
            "rotation": 0.12566370614359174,
            "transform_matrix": [
                [
                    0.23498767614364624,
                    -0.4234968423843384,
                    0.8748892545700073,
                    3.5267913341522217
                ],
                [
                    0.9719984531402588,
                    0.10238343477249146,
                    -0.2115108221769333,
                    -0.8526273965835571
                ],
                [
                    0.0,
                    0.9000933766365051,
                    0.435697078704834,
                    1.756351113319397
                ],
                [
                    0.0,
                    0.0,
                    0.0,
                    1.0
                ]
            ]
        },
        {
            "file_path": "/data/shapenet_blender/all_50_random/02958343/bafacc7f28509d4157abc6fa0d632bc7/r_40",
            "rotation": 0.12566370614359174,
            "transform_matrix": [
                [
                    -0.9158399105072021,
                    0.03786817565560341,
                    -0.3997538089752197,
                    -1.6114592552185059
                ],
                [
                    -0.40154340863227844,
                    -0.08636970818042755,
                    0.9117581844329834,
                    3.6754150390625
                ],
                [
                    -3.725290076417309e-09,
                    0.9955432415008545,
                    0.09430654346942902,
                    0.380161851644516
                ],
                [
                    0.0,
                    0.0,
                    0.0,
                    1.0
                ]
            ]
        },
        {
            "file_path": "/data/shapenet_blender/all_50_random/02958343/bafacc7f28509d4157abc6fa0d632bc7/r_41",
            "rotation": 0.12566370614359174,
            "transform_matrix": [
                [
                    0.2897716164588928,
                    0.3222893476486206,
                    -0.9012001752853394,
                    -3.632854461669922
                ],
                [
                    -0.9570958614349365,
                    0.09757674485445023,
                    -0.27284854650497437,
                    -1.0998878479003906
                ],
                [
                    -7.450582373280668e-09,
                    0.9415987133979797,
