{
    "class": "02958343",
    "model": "7c9136f3fdbd6c5938948312b270283a",
    "remove_doubles": true,
    "edge_split": true,
    "denoise": true,
    "camera_angle_x": 0.6911112070083618,
    "scale_factor": 2.2716250108150273,
    "hdri_file": "/data/IndoorHDRDataset2018/AG8A0201-6b57c2f334.exr",
    "center_offset": [
        0.0,
        0.0,
        3.725290298461914e-09
    ],
    "lights": [],
    "frames": [
        {
            "file_path": "/data/shapenet_blender/all_50_random/02958343/7c9136f3fdbd6c5938948312b270283a/r_0",
            "rotation": 0.12566370614359174,
            "transform_matrix": [
                [
                    0.3560180068016052,
                    -0.49775734543800354,
                    -0.7908785343170166,
                    -3.1881332397460938
                ],
                [
                    -0.9344790577888489,
                    -0.18963567912578583,
                    -0.3013090491294861,
                    -1.2146155834197998
                ],
                [
                    0.0,
                    0.8463309407234192,
                    -0.5326575040817261,
                    -2.1472110748291016
                ],
                [
                    0.0,
                    0.0,
                    0.0,
                    1.0
                ]
            ]
        },
        {
            "file_path": "/data/shapenet_blender/all_50_random/02958343/7c9136f3fdbd6c5938948312b270283a/r_1",
            "rotation": 0.12566370614359174,
            "transform_matrix": [
                [
                    0.6164843440055847,
                    -0.15996137261390686,
                    -0.7709471583366394,
                    -3.1077873706817627
                ],
                [
                    -0.7873672842979431,
                    -0.12524482607841492,
                    -0.6036278605461121,
                    -2.4333016872406006
                ],
                [
                    -7.450581485102248e-09,
                    0.9791454672813416,
                    -0.20315983891487122,
                    -0.8189635276794434
                ],
                [
                    0.0,
                    0.0,
                    0.0,
                    1.0
                ]
            ]
        },
        {
            "file_path": "/data/shapenet_blender/all_50_random/02958343/7c9136f3fdbd6c5938948312b270283a/r_2",
            "rotation": 0.12566370614359174,
            "transform_matrix": [
                [
                    0.932253897190094,
                    -0.34288129210472107,
                    0.11547809094190598,
                    0.46550706028938293
                ],
                [
                    0.36180493235588074,
                    0.8834938406944275,
                    -0.2975495457649231,
                    -1.1994606256484985
                ],
                [
                    -7.450581485102248e-09,
                    0.31917211413383484,
                    0.9476967453956604,
                    3.8202877044677734
                ],
                [
                    0.0,
                    0.0,
                    0.0,
                    1.0
                ]
            ]
        },
        {
            "file_path": "/data/shapenet_blender/all_50_random/02958343/7c9136f3fdbd6c5938948312b270283a/r_3",
            "rotation": 0.12566370614359174,
            "transform_matrix": [
                [
                    -0.27629560232162476,
                    -0.463510125875473,
                    -0.8419138193130493,
                    -3.3938634395599365
                ],
                [
                    -0.9610728025436401,
                    0.13325297832489014,
                    0.2420390099287033,
                    0.9756905436515808
                ],
                [
                    -7.450582373280668e-09,
                    0.8760146498680115,
                    -0.48228421807289124,
                    -1.9441499710083008
                ],
                [
                    0.0,
                    0.0,
                    0.0,
                    1.0
                ]
            ]
        },
        {
            "file_path": "/data/shapenet_blender/all_50_random/02958343/7c9136f3fdbd6c5938948312b270283a/r_4",
            "rotation": 0.12566370614359174,
            "transform_matrix": [
                [
                    0.9573804140090942,
                    -0.002500834409147501,
                    0.2888193428516388,
                    1.1642680168151855
                ],
                [
                    0.2888301908969879,
                    0.008289472199976444,
                    -0.9573444724082947,
                    -3.8591790199279785
                ],
                [
                    0.0,
                    0.999962568283081,
                    0.008658493869006634,
                    0.03490350395441055
                ],
                [
                    0.0,
                    0.0,
                    0.0,
                    1.0
                ]
            ]
        },
        {
            "file_path": "/data/shapenet_blender/all_50_random/02958343/7c9136f3fdbd6c5938948312b270283a/r_5",
            "rotation": 0.12566370614359174,
            "transform_matrix": [
                [
                    0.6357828378677368,
                    0.06770019233226776,
                    -0.7688932418823242,
                    -3.099508047103882
                ],
                [
                    -0.7718680500984192,
                    0.05576421692967415,
                    -0.6333324909210205,
                    -2.5530452728271484
                ],
                [
                    -3.725290298461914e-09,
                    0.9961461424827576,
                    0.08770952373743057,
                    0.353568434715271
                ],
                [
                    0.0,
                    0.0,
                    0.0,
                    1.0
                ]
            ]
        },
        {
            "file_path": "/data/shapenet_blender/all_50_random/02958343/7c9136f3fdbd6c5938948312b270283a/r_6",
            "rotation": 0.12566370614359174,
            "transform_matrix": [
                [
                    0.3409976065158844,
                    -0.8585675954818726,
                    0.3828607499599457,
                    1.5433611869812012
                ],
                [
                    0.9400641322135925,
                    0.3114356994628906,
                    -0.13887841999530792,
                    -0.5598368644714355
                ],
                [
                    7.450580152834618e-09,
                    0.40727075934410095,
                    0.9133073687553406,
                    3.6816599369049072
                ],
                [
                    0.0,
                    0.0,
                    0.0,
                    1.0
                ]
            ]
        },
        {
            "file_path": "/data/shapenet_blender/all_50_random/02958343/7c9136f3fdbd6c5938948312b270283a/r_7",
            "rotation": 0.12566370614359174,
            "transform_matrix": [
                [
                    0.19248831272125244,
                    0.7157595157623291,
                    0.6712946891784668,
                    2.706075668334961
                ],
                [
                    0.9812992215156555,
                    -0.1404009461402893,
                    -0.13167887926101685,
                    -0.5308145880699158
                ],
                [
                    0.0,
                    0.6840876936912537,
                    -0.7293996810913086,
                    -2.9403045177459717
                ],
                [
                    0.0,
                    0.0,
                    0.0,
                    1.0
                ]
            ]
        },
        {
            "file_path": "/data/shapenet_blender/all_50_random/02958343/7c9136f3fdbd6c5938948312b270283a/r_8",
            "rotation": 0.12566370614359174,
            "transform_matrix": [
                [
                    -0.5124490857124329,
                    0.2422732412815094,
                    0.8238322734832764,
                    3.320974111557007
                ],
                [
                    0.858717679977417,
                    0.1445792019367218,
                    0.491630882024765,
                    1.9818274974822998
                ],
                [
                    -7.450581485102248e-09,
                    0.9593750238418579,
                    -0.2821337878704071,
                    -1.1373176574707031
                ],
                [
                    0.0,
                    0.0,
                    0.0,
                    1.0
                ]
            ]
        },
        {
            "file_path": "/data/shapenet_blender/all_50_random/02958343/7c9136f3fdbd6c5938948312b270283a/r_9",
            "rotation": 0.12566370614359174,
            "transform_matrix": [
                [
                    -0.6403535604476929,
                    -0.2318611890077591,
                    0.7322483062744141,
                    2.9517874717712402
                ],
                [
                    0.7680802941322327,
                    -0.19330421090126038,
                    0.6104802489280701,
                    2.4609248638153076
                ],
                [
                    0.0,
                    0.953348696231842,
                    0.30187103152275085,
                    1.2168811559677124
                ],
                [
                    0.0,
                    0.0,
                    0.0,
                    1.0
                ]
            ]
        },
        {
            "file_path": "/data/shapenet_blender/all_50_random/02958343/7c9136f3fdbd6c5938948312b270283a/r_10",
            "rotation": 0.12566370614359174,
            "transform_matrix": [
                [
                    -0.37128353118896484,
                    0.1572541892528534,
                    -0.9151062965393066,
                    -3.6889116764068604
                ],
                [
                    -0.9285196661949158,
                    -0.06288062036037445,
                    0.3659200072288513,
                    1.475070834159851
                ],
                [
                    3.725290742551124e-09,
                    0.9855541586875916,
                    0.16936013102531433,
                    0.6827126145362854
                ],
                [
                    0.0,
                    0.0,
                    0.0,
                    1.0
                ]
            ]
        },
        {
            "file_path": "/data/shapenet_blender/all_50_random/02958343/7c9136f3fdbd6c5938948312b270283a/r_11",
            "rotation": 0.12566370614359174,
            "transform_matrix": [
                [
                    0.5489887595176697,
                    0.5607337951660156,
                    -0.6198295950889587,
                    -2.498613119125366
                ],
                [
                    -0.8358296751976013,
                    0.36830058693885803,
                    -0.4071158468723297,
                    -1.6411365270614624
                ],
                [
                    -1.4901161193847656e-08,
                    0.7415739893913269,
                    0.6708709597587585,
                    2.7043673992156982
                ],
                [
                    0.0,
                    0.0,
                    0.0,
                    1.0
                ]
            ]
        },
        {
            "file_path": "/data/shapenet_blender/all_50_random/02958343/7c9136f3fdbd6c5938948312b270283a/r_12",
            "rotation": 0.12566370614359174,
            "transform_matrix": [
                [
                    0.9721106290817261,
                    0.017187217250466347,
                    -0.2338925004005432,
                    -0.9428508281707764
                ],
                [
                    -0.23452317714691162,
                    0.07124190777540207,
                    -0.969496488571167,
                    -3.908165454864502
                ],
                [
                    1.862645371275562e-09,
                    0.9973109364509583,
                    0.07328581064939499,
                    0.29542455077171326
                ],
                [
                    0.0,
                    0.0,
                    0.0,
                    1.0
                ]
            ]
        },
        {
            "file_path": "/data/shapenet_blender/all_50_random/02958343/7c9136f3fdbd6c5938948312b270283a/r_13",
            "rotation": 0.12566370614359174,
            "transform_matrix": [
                [
                    0.9364879131317139,
                    -0.13769039511680603,
                    0.3225397765636444,
                    1.3001995086669922
                ],
                [
                    0.35070013999938965,
                    0.3676798641681671,
                    -0.8612902164459229,
                    -3.4719722270965576
                ],
                [
                    7.450581485102248e-09,
                    0.9197025895118713,
                    0.3926157057285309,
                    1.5826846361160278
                ],
                [
                    0.0,
                    0.0,
                    0.0,
                    1.0
                ]
            ]
        },
        {
            "file_path": "/data/shapenet_blender/all_50_random/02958343/7c9136f3fdbd6c5938948312b270283a/r_14",
            "rotation": 0.12566370614359174,
            "transform_matrix": [
                [
                    -0.9141501188278198,
                    -0.2129567712545395,
                    -0.34493348002433777,
                    -1.390471339225769
                ],
                [
                    -0.40537601709365845,
                    0.48023176193237305,
                    0.7778481245040894,
                    3.135606050491333
                ],
                [
                    -1.4901162970204496e-08,
                    0.8508976101875305,
                    -0.5253314971923828,
                    -2.1176791191101074
                ],
                [
                    0.0,
                    0.0,
                    0.0,
                    1.0
                ]
            ]
        },
        {
            "file_path": "/data/shapenet_blender/all_50_random/02958343/7c9136f3fdbd6c5938948312b270283a/r_15",
            "rotation": 0.12566370614359174,
            "transform_matrix": [
                [
                    0.08339028805494308,
                    0.8682498931884766,
                    -0.48906847834587097,
                    -1.9714982509613037
                ],
                [
                    -0.99651700258255,
                    0.07265666872262955,
                    -0.04092610254883766,
                    -0.16497841477394104
                ],
                [
                    0.0,
                    0.4907778799533844,
                    0.8712846040725708,
                    3.512260913848877
                ],
                [
                    0.0,
                    0.0,
                    0.0,
                    1.0
                ]
            ]
        },
        {
            "file_path": "/data/shapenet_blender/all_50_random/02958343/7c9136f3fdbd6c5938948312b270283a/r_16",
            "rotation": 0.12566370614359174,
            "transform_matrix": [
                [
                    -0.06848452240228653,
                    -0.04595831409096718,
                    0.9965930581092834,
                    4.01739501953125
                ],
                [
                    0.9976522326469421,
                    -0.003154840087518096,
                    0.06841181963682175,
                    0.27577686309814453
                ],
                [
                    -2.3283067140944524e-10,
                    0.9989382028579712,
                    0.04606647789478302,
                    0.18569990992546082
                ],
                [
                    0.0,
                    0.0,
                    0.0,
                    1.0
                ]
            ]
        },
        {
            "file_path": "/data/shapenet_blender/all_50_random/02958343/7c9136f3fdbd6c5938948312b270283a/r_17",
            "rotation": 0.12566370614359174,
            "transform_matrix": [
                [
                    0.7239179611206055,
                    0.41438427567481995,
                    0.5515690445899963,
                    2.2234458923339844
                ],
                [
                    0.6898860335350037,
                    -0.4348257780075073,
                    -0.5787778496742249,
                    -2.3331282138824463
                ],
                [
                    0.0,
                    0.7995074391365051,
                    -0.6006561517715454,
                    -2.4213223457336426
                ],
                [
                    0.0,
                    0.0,
                    0.0,
                    1.0
                ]
            ]
        },
        {
            "file_path": "/data/shapenet_blender/all_50_random/02958343/7c9136f3fdbd6c5938948312b270283a/r_18",
            "rotation": 0.12566370614359174,
            "transform_matrix": [
                [
                    -0.685633659362793,
                    0.568659782409668,
                    0.4544585943222046,
                    1.8319811820983887
                ],
                [
                    0.7279467582702637,
                    0.5356054902076721,
                    0.428042471408844,
                    1.725494384765625
                ],
                [
                    2.9802318834981634e-08,
                    0.6243020296096802,
                    -0.7811830639839172,
                    -3.149049758911133
                ],
                [
                    0.0,
                    0.0,
                    0.0,
                    1.0
                ]
            ]
        },
        {
            "file_path": "/data/shapenet_blender/all_50_random/02958343/7c9136f3fdbd6c5938948312b270283a/r_19",
            "rotation": 0.12566370614359174,
            "transform_matrix": [
                [
                    0.17335814237594604,
                    0.03449903801083565,
                    0.9842543601989746,
                    3.967656373977661
                ],
                [
                    0.9848588705062866,
                    -0.006072635762393475,
                    -0.17325173318386078,
                    -0.6984001398086548
                ],
                [
                    0.0,
                    0.9993863105773926,
                    -0.035029418766498566,
                    -0.14120811223983765
                ],
                [
                    0.0,
                    0.0,
                    0.0,
                    1.0
                ]
            ]
        },
        {
            "file_path": "/data/shapenet_blender/all_50_random/02958343/7c9136f3fdbd6c5938948312b270283a/r_20",
            "rotation": 0.12566370614359174,
            "transform_matrix": [
                [
                    0.9927700161933899,
                    -0.11685676127672195,
                    0.027424929663538933,
                    0.11055341362953186
                ],
                [
                    0.12003179639577866,
                    0.9665096998214722,
                    -0.2268286496400833,
                    -0.9143754243850708
                ],
                [
                    0.0,
                    0.2284805327653885,
                    0.9735485315322876,
                    3.924499273300171
                ],
                [
                    0.0,
                    0.0,
                    0.0,
                    1.0
                ]
            ]
        },
        {
            "file_path": "/data/shapenet_blender/all_50_random/02958343/7c9136f3fdbd6c5938948312b270283a/r_21",
            "rotation": 0.12566370614359174,
            "transform_matrix": [
                [
                    0.9456793069839478,
                    0.2630946934223175,
                    0.19097617268562317,
                    0.7698496580123901
                ],
                [
                    0.3251011371612549,
                    -0.7653101086616516,
                    -0.5555261969566345,
                    -2.2393980026245117
                ],
                [
                    0.0,
                    0.5874361395835876,
                    -0.8092703819274902,
                    -3.2622735500335693
                ],
                [
                    0.0,
                    0.0,
                    0.0,
                    1.0
                ]
            ]
        },
        {
            "file_path": "/data/shapenet_blender/all_50_random/02958343/7c9136f3fdbd6c5938948312b270283a/r_22",
            "rotation": 0.12566370614359174,
            "transform_matrix": [
                [
                    0.9683983325958252,
                    0.1761009842157364,
                    -0.17661574482917786,
                    -0.7119609117507935
                ],
                [
                    -0.24940866231918335,
                    0.6837608814239502,
                    -0.6857596039772034,
                    -2.76438570022583
                ],
                [
                    0.0,
                    0.7081379890441895,
                    0.7060739398002625,
                    2.8462753295898438
                ],
                [
                    0.0,
                    0.0,
                    0.0,
                    1.0
                ]
            ]
        },
        {
            "file_path": "/data/shapenet_blender/all_50_random/02958343/7c9136f3fdbd6c5938948312b270283a/r_23",
            "rotation": 0.12566370614359174,
            "transform_matrix": [
                [
                    0.9834442734718323,
                    -0.059659212827682495,
                    -0.1711086481809616,
                    -0.6897610425949097
                ],
                [
                    -0.18121090531349182,
                    -0.3237747251987457,
                    -0.9286186099052429,
                    -3.7433812618255615
                ],
                [
                    -3.725290298461914e-09,
                    0.9442513585090637,
                    -0.3292253017425537,
                    -1.3271496295928955
                ],
                [
                    0.0,
                    0.0,
                    0.0,
                    1.0
                ]
            ]
        },
        {
            "file_path": "/data/shapenet_blender/all_50_random/02958343/7c9136f3fdbd6c5938948312b270283a/r_24",
            "rotation": 0.12566370614359174,
            "transform_matrix": [
                [
                    -0.950407862663269,
                    0.00588243966922164,
                    0.3109505772590637,
                    1.2534818649291992
                ],
                [
                    0.31100621819496155,
                    0.017976224422454834,
                    0.9502378702163696,
                    3.830531358718872
                ],
                [
                    -4.656612873077393e-10,
                    0.9998210668563843,
                    -0.018914220854640007,
                    -0.07624566555023193
                ],
                [
                    0.0,
                    0.0,
                    0.0,
                    1.0
                ]
            ]
        },
        {
            "file_path": "/data/shapenet_blender/all_50_random/02958343/7c9136f3fdbd6c5938948312b270283a/r_25",
            "rotation": 0.12566370614359174,
            "transform_matrix": [
                [
                    -0.23956601321697235,
                    0.7181280255317688,
                    -0.6533759832382202,
                    -2.633842945098877
                ],
                [
                    -0.9708800911903381,
                    -0.1771990954875946,
                    0.1612214297056198,
                    0.6499043703079224
                ],
                [
                    -7.450580596923828e-09,
                    0.6729729175567627,
                    0.7396671175956726,
                    2.9816935062408447
                ],
                [
                    0.0,
                    0.0,
                    0.0,
                    1.0
                ]
            ]
        },
        {
            "file_path": "/data/shapenet_blender/all_50_random/02958343/7c9136f3fdbd6c5938948312b270283a/r_26",
            "rotation": 0.12566370614359174,
            "transform_matrix": [
                [
                    0.7893404960632324,
                    -0.3843739926815033,
                    -0.478746622800827,
                    -1.9298893213272095
                ],
                [
                    -0.6139557957649231,
                    -0.4941755533218384,
                    -0.6155069470405579,
                    -2.4811878204345703
                ],
                [
                    -1.4901162970204496e-08,
                    0.7797737717628479,
                    -0.6260613799095154,
                    -2.5237340927124023
                ],
                [
                    0.0,
                    0.0,
                    0.0,
                    1.0
                ]
            ]
        },
        {
            "file_path": "/data/shapenet_blender/all_50_random/02958343/7c9136f3fdbd6c5938948312b270283a/r_27",
            "rotation": 0.12566370614359174,
            "transform_matrix": [
                [
                    0.3508460521697998,
                    0.6242304444313049,
                    -0.6980281472206116,
                    -2.8138415813446045
                ],
                [
                    -0.9364331960678101,
                    0.23387552797794342,
                    -0.2615247070789337,
                    -1.0542398691177368
                ],
                [
                    1.4901162970204496e-08,
                    0.7454116344451904,
                    0.6666043996810913,
                    2.6871683597564697
                ],
                [
                    0.0,
                    0.0,
                    0.0,
                    1.0
                ]
            ]
        },
        {
            "file_path": "/data/shapenet_blender/all_50_random/02958343/7c9136f3fdbd6c5938948312b270283a/r_28",
            "rotation": 0.12566370614359174,
            "transform_matrix": [
                [
                    0.19100511074066162,
                    0.4507361352443695,
                    0.871982753276825,
                    3.5150749683380127
                ],
                [
                    0.981589138507843,
                    -0.08770768344402313,
                    -0.16967706382274628,
                    -0.6839901208877563
                ],
                [
                    0.0,
                    0.8883378505706787,
                    -0.4591902494430542,
                    -1.8510551452636719
                ],
                [
                    0.0,
                    0.0,
                    0.0,
                    1.0
                ]
            ]
        },
        {
            "file_path": "/data/shapenet_blender/all_50_random/02958343/7c9136f3fdbd6c5938948312b270283a/r_29",
            "rotation": 0.12566370614359174,
            "transform_matrix": [
                [
                    -0.28800225257873535,
                    0.7440101504325867,
                    -0.6029125452041626,
                    -2.4304182529449463
                ],
                [
                    -0.9576297998428345,
                    -0.22375725209712982,
                    0.1813228726387024,
                    0.7309358716011047
                ],
                [
                    0.0,
                    0.6295884251594543,
                    0.7769288420677185,
                    3.1319003105163574
                ],
                [
                    0.0,
                    0.0,
                    0.0,
                    1.0
                ]
            ]
        },
        {
            "file_path": "/data/shapenet_blender/all_50_random/02958343/7c9136f3fdbd6c5938948312b270283a/r_30",
            "rotation": 0.12566370614359174,
            "transform_matrix": [
                [
                    -0.34249112010002136,
                    0.19638077914714813,
                    -0.9187678098678589,
                    -3.70367169380188
                ],
                [
                    -0.9395211338996887,
                    -0.07158824801445007,
                    0.33492574095726013,
                    1.3501290082931519
                ],
                [
                    0.0,
                    0.9779109358787537,
                    0.20902219414710999,
                    0.8425954580307007
                ],
                [
                    0.0,
                    0.0,
                    0.0,
                    1.0
                ]
            ]
        },
        {
            "file_path": "/data/shapenet_blender/all_50_random/02958343/7c9136f3fdbd6c5938948312b270283a/r_31",
            "rotation": 0.12566370614359174,
            "transform_matrix": [
                [
                    0.2667301297187805,
                    -0.020843571051955223,
                    0.9635457396507263,
                    3.8841774463653564
                ],
                [
                    0.9637712836265564,
                    0.00576859712600708,
                    -0.2666676938533783,
                    -1.0749720335006714
                ],
                [
                    0.0,
                    0.9997660517692566,
                    0.021627090871334076,
                    0.08718159794807434
                ],
                [
                    0.0,
                    0.0,
                    0.0,
                    1.0
                ]
            ]
        },
        {
            "file_path": "/data/shapenet_blender/all_50_random/02958343/7c9136f3fdbd6c5938948312b270283a/r_32",
            "rotation": 0.12566370614359174,
            "transform_matrix": [
                [
                    -0.982107400894165,
                    -0.08346100151538849,
                    0.16881754994392395,
                    0.6805253028869629
                ],
                [
                    0.1883217990398407,
                    -0.43525317311286926,
                    0.8803917169570923,
                    3.5489726066589355
                ],
                [
                    0.0,
                    0.8964312076568604,
                    0.44318288564682007,
                    1.786527395248413
                ],
                [
                    0.0,
                    0.0,
                    0.0,
                    1.0
                ]
            ]
        },
        {
            "file_path": "/data/shapenet_blender/all_50_random/02958343/7c9136f3fdbd6c5938948312b270283a/r_33",
            "rotation": 0.12566370614359174,
            "transform_matrix": [
                [
                    0.14446257054805756,
                    -0.527581512928009,
                    -0.8371309638023376,
                    -3.3745827674865723
                ],
                [
                    -0.9895102381706238,
                    -0.07702374458312988,
                    -0.1222161129117012,
                    -0.49266889691352844
                ],
                [
                    0.0,
                    0.8460053205490112,
                    -0.5331743955612183,
                    -2.149294853210449
                ],
                [
                    0.0,
                    0.0,
                    0.0,
                    1.0
                ]
            ]
        },
        {
            "file_path": "/data/shapenet_blender/all_50_random/02958343/7c9136f3fdbd6c5938948312b270283a/r_34",
            "rotation": 0.12566370614359174,
            "transform_matrix": [
                [
                    0.2823122441768646,
                    0.17423312366008759,
                    -0.9433676600456238,
                    -3.8028366565704346
                ],
                [
                    -0.9593226909637451,
                    0.051273830235004425,
                    -0.2776169776916504,
                    -1.119109869003296
                ],
                [
                    0.0,
                    0.9833685755729675,
                    0.1816210001707077,
                    0.7321376800537109
                ],
                [
                    0.0,
                    0.0,
                    0.0,
                    1.0
                ]
            ]
        },
        {
            "file_path": "/data/shapenet_blender/all_50_random/02958343/7c9136f3fdbd6c5938948312b270283a/r_35",
            "rotation": 0.12566370614359174,
            "transform_matrix": [
                [
                    0.17940622568130493,
                    0.03514410927891731,
                    -0.9831470847129822,
                    -3.9631927013397217
                ],
                [
                    -0.9837750792503357,
                    0.006409057881683111,
                    -0.17929169535636902,
                    -0.7227479219436646
                ],
                [
                    -9.31322685637781e-10,
                    0.9993616342544556,
                    0.0357237234711647,
                    0.14400693774223328
                ],
                [
                    0.0,
                    0.0,
                    0.0,
                    1.0
                ]
            ]
        },
        {
            "file_path": "/data/shapenet_blender/all_50_random/02958343/7c9136f3fdbd6c5938948312b270283a/r_36",
            "rotation": 0.12566370614359174,
            "transform_matrix": [
                [
                    0.8092614412307739,
                    -0.09022592753171921,
                    0.5804785490036011,
                    2.3399839401245117
                ],
                [
                    0.58744877576828,
                    0.1242939904332161,
                    -0.799659252166748,
                    -3.223529577255249
                ],
                [
                    7.450581485102248e-09,
                    0.9881347417831421,
                    0.15358944237232208,
                    0.6191388368606567
                ],
                [
                    0.0,
                    0.0,
                    0.0,
                    1.0
                ]
            ]
        },
        {
            "file_path": "/data/shapenet_blender/all_50_random/02958343/7c9136f3fdbd6c5938948312b270283a/r_37",
            "rotation": 0.12566370614359174,
            "transform_matrix": [
                [
                    0.10697028785943985,
                    0.4570414423942566,
                    0.8829894065856934,
                    3.5594444274902344
                ],
                [
                    0.9942622780799866,
                    -0.04917198792099953,
                    -0.09499870240688324,
                    -0.3829520344734192
                ],
                [
                    0.0,
                    0.8880850672721863,
                    -0.4596790075302124,
                    -1.8530254364013672
                ],
                [
                    0.0,
                    0.0,
                    0.0,
                    1.0
                ]
            ]
        },
        {
            "file_path": "/data/shapenet_blender/all_50_random/02958343/7c9136f3fdbd6c5938948312b270283a/r_38",
            "rotation": 0.12566370614359174,
            "transform_matrix": [
                [
                    0.6618987321853638,
                    0.18836615979671478,
                    -0.725540041923523,
                    -2.9247450828552246
                ],
                [
                    -0.7495933175086975,
                    0.1663292795419693,
                    -0.6406594514846802,
                    -2.58258056640625
                ],
                [
                    -7.450580596923828e-09,
                    0.967911422252655,
                    0.2512912154197693,
                    1.0129871368408203
                ],
                [
                    0.0,
                    0.0,
                    0.0,
                    1.0
                ]
            ]
        },
        {
            "file_path": "/data/shapenet_blender/all_50_random/02958343/7c9136f3fdbd6c5938948312b270283a/r_39",
            "rotation": 0.12566370614359174,
            "transform_matrix": [
                [
                    0.8701222538948059,
                    -0.3192812502384186,
                    0.3754287362098694,
                    1.513401746749878
                ],
                [
                    0.49283599853515625,
                    0.5637041926383972,
                    -0.6628349423408508,
                    -2.671973466873169
                ],
                [
                    1.4901161193847656e-08,
                    0.7617722153663635,
                    0.6478448510169983,
                    2.611546277999878
                ],
                [
                    0.0,
                    0.0,
                    0.0,
                    1.0
                ]
            ]
        },
        {
            "file_path": "/data/shapenet_blender/all_50_random/02958343/7c9136f3fdbd6c5938948312b270283a/r_40",
            "rotation": 0.12566370614359174,
            "transform_matrix": [
                [
                    0.7930795550346375,
                    0.43303510546684265,
                    -0.4283752739429474,
                    -1.7268359661102295
                ],
                [
                    -0.6091180443763733,
                    0.5638172626495361,
                    -0.5577501058578491,
                    -2.2483625411987305
                ],
                [
                    0.0,
                    0.7032712697982788,
                    0.7109215259552002,
                    2.865816354751587
                ],
                [
                    0.0,
                    0.0,
                    0.0,
                    1.0
                ]
            ]
        },
        {
            "file_path": "/data/shapenet_blender/all_50_random/02958343/7c9136f3fdbd6c5938948312b270283a/r_41",
            "rotation": 0.12566370614359174,
            "transform_matrix": [
                [
                    -0.6401249766349792,
                    0.06921852380037308,
                    0.7651461958885193,
                    3.0844030380249023
                ],
                [
                    0.7682707905769348,
                    0.05767304077744484,
                    0.6375216245651245,
                    2.569931983947754
                ],
