{
    "class": "02958343",
    "model": "354c1c380911fd2f4fa6b747e2cb679",
    "remove_doubles": true,
    "edge_split": true,
    "denoise": true,
    "camera_angle_x": 0.6911112070083618,
    "scale_factor": 2.2671239503690432,
    "hdri_file": "/data/IndoorHDRDataset2018/AG8A0251-ece968a2a4.exr",
    "center_offset": [
        0.0,
        0.0,
        -3.725290298461914e-09
    ],
    "lights": [],
    "frames": [
        {
            "file_path": "/data/shapenet_blender/all_50_random/02958343/354c1c380911fd2f4fa6b747e2cb679/r_0",
            "rotation": 0.12566370614359174,
            "transform_matrix": [
                [
                    0.9808602929115295,
                    -0.023988541215658188,
                    0.19322969019412994,
                    0.7789338231086731
                ],
                [
                    0.1947130560874939,
                    0.12084145098924637,
                    -0.9733879566192627,
                    -3.9238524436950684
                ],
                [
                    0.0,
                    0.9923819899559021,
                    0.1231994479894638,
                    0.4966328740119934
                ],
                [
                    0.0,
                    0.0,
                    0.0,
                    1.0
                ]
            ]
        },
        {
            "file_path": "/data/shapenet_blender/all_50_random/02958343/354c1c380911fd2f4fa6b747e2cb679/r_1",
            "rotation": 0.12566370614359174,
            "transform_matrix": [
                [
                    0.4588545858860016,
                    -0.7545536160469055,
                    -0.46914950013160706,
                    -1.8912020921707153
                ],
                [
                    -0.8885114789009094,
                    -0.3896746337413788,
                    -0.2422831952571869,
                    -0.9766747951507568
                ],
                [
                    0.0,
                    0.5280173420906067,
                    -0.8492335081100464,
                    -3.423369884490967
                ],
                [
                    0.0,
                    0.0,
                    0.0,
                    1.0
                ]
            ]
        },
        {
            "file_path": "/data/shapenet_blender/all_50_random/02958343/354c1c380911fd2f4fa6b747e2cb679/r_2",
            "rotation": 0.12566370614359174,
            "transform_matrix": [
                [
                    -0.560869574546814,
                    0.0037717174272984266,
                    -0.8278955221176147,
                    -3.3373539447784424
                ],
                [
                    -0.8279042840003967,
                    -0.002555176615715027,
                    0.5608636736869812,
                    2.2609140872955322
                ],
                [
                    0.0,
                    0.9999895691871643,
                    0.00455574132502079,
                    0.018364783376455307
                ],
                [
                    0.0,
                    0.0,
                    0.0,
                    1.0
                ]
            ]
        },
        {
            "file_path": "/data/shapenet_blender/all_50_random/02958343/354c1c380911fd2f4fa6b747e2cb679/r_3",
            "rotation": 0.12566370614359174,
            "transform_matrix": [
                [
                    -0.9928255081176758,
                    0.06704720109701157,
                    0.09900590777397156,
                    0.3991055488586426
                ],
                [
                    0.11957214027643204,
                    0.5567029714584351,
                    0.8220609426498413,
                    3.313833475112915
                ],
                [
                    3.725290076417309e-09,
                    0.8280013799667358,
                    -0.5607259273529053,
                    -2.2603585720062256
                ],
                [
                    0.0,
                    0.0,
                    0.0,
                    1.0
                ]
            ]
        },
        {
            "file_path": "/data/shapenet_blender/all_50_random/02958343/354c1c380911fd2f4fa6b747e2cb679/r_4",
            "rotation": 0.12566370614359174,
            "transform_matrix": [
                [
                    0.744153618812561,
                    -0.2441566288471222,
                    0.6217900514602661,
                    2.506516218185425
                ],
                [
                    0.66800856590271,
                    0.27198758721351624,
                    -0.69266676902771,
                    -2.792229413986206
                ],
                [
                    0.0,
                    0.9308116436004639,
                    0.36549922823905945,
                    1.473374605178833
                ],
                [
                    0.0,
                    0.0,
                    0.0,
                    1.0
                ]
            ]
        },
        {
            "file_path": "/data/shapenet_blender/all_50_random/02958343/354c1c380911fd2f4fa6b747e2cb679/r_5",
            "rotation": 0.12566370614359174,
            "transform_matrix": [
                [
                    -0.9795751571655273,
                    -0.004498668480664492,
                    0.20102834701538086,
                    0.8103711605072021
                ],
                [
                    0.20107866823673248,
                    -0.021915718913078308,
                    0.9793299436569214,
                    3.9478049278259277
                ],
                [
                    0.0,
                    0.9997497797012329,
                    0.02237267792224884,
                    0.09018714725971222
                ],
                [
                    0.0,
                    0.0,
                    0.0,
                    1.0
                ]
            ]
        },
        {
            "file_path": "/data/shapenet_blender/all_50_random/02958343/354c1c380911fd2f4fa6b747e2cb679/r_6",
            "rotation": 0.12566370614359174,
            "transform_matrix": [
                [
                    0.4116101562976837,
                    -0.712608277797699,
                    0.5681253671646118,
                    2.290186643600464
                ],
                [
                    0.9113601446151733,
                    0.3218451142311096,
                    -0.2565902769565582,
                    -1.034348487854004
                ],
                [
                    -2.980232594040899e-08,
                    0.6233818531036377,
                    0.7819175124168396,
                    3.152010202407837
                ],
                [
                    0.0,
                    0.0,
                    0.0,
                    1.0
                ]
            ]
        },
        {
            "file_path": "/data/shapenet_blender/all_50_random/02958343/354c1c380911fd2f4fa6b747e2cb679/r_7",
            "rotation": 0.12566370614359174,
            "transform_matrix": [
                [
                    -0.7471849918365479,
                    -0.16802477836608887,
                    -0.643025815486908,
                    -2.5921201705932617
                ],
                [
                    -0.6646162271499634,
                    0.18889939785003662,
                    0.7229123711585999,
                    2.9141533374786377
                ],
                [
                    0.0,
                    0.9675146341323853,
                    -0.25281473994255066,
                    -1.0191289186477661
                ],
                [
                    0.0,
                    0.0,
                    0.0,
                    1.0
                ]
            ]
        },
        {
            "file_path": "/data/shapenet_blender/all_50_random/02958343/354c1c380911fd2f4fa6b747e2cb679/r_8",
            "rotation": 0.12566370614359174,
            "transform_matrix": [
                [
                    0.4516306519508362,
                    0.6419562697410583,
                    -0.6196141242980957,
                    -2.497744560241699
                ],
                [
                    -0.892204999923706,
                    0.3249557614326477,
                    -0.31364622712135315,
                    -1.2643485069274902
                ],
                [
                    1.4901161193847656e-08,
                    0.6944751143455505,
                    0.7195166349411011,
                    2.9004645347595215
                ],
                [
                    0.0,
                    0.0,
                    0.0,
                    1.0
                ]
            ]
        },
        {
            "file_path": "/data/shapenet_blender/all_50_random/02958343/354c1c380911fd2f4fa6b747e2cb679/r_9",
            "rotation": 0.12566370614359174,
            "transform_matrix": [
                [
                    -0.33755674958229065,
                    -0.007085150573402643,
                    0.9412784576416016,
                    3.79441499710083
                ],
                [
                    0.9413052201271057,
                    -0.0025407704524695873,
                    0.3375471532344818,
                    1.3606961965560913
                ],
                [
                    0.0,
                    0.9999716281890869,
                    0.007526942528784275,
                    0.03034207783639431
                ],
                [
                    0.0,
                    0.0,
                    0.0,
                    1.0
                ]
            ]
        },
        {
            "file_path": "/data/shapenet_blender/all_50_random/02958343/354c1c380911fd2f4fa6b747e2cb679/r_10",
            "rotation": 0.12566370614359174,
            "transform_matrix": [
                [
                    0.2378610223531723,
                    0.04854954034090042,
                    0.970085084438324,
                    3.9105379581451416
                ],
                [
                    0.9712992310523987,
                    -0.01188927423208952,
                    -0.23756368458271027,
                    -0.957649827003479
                ],
                [
                    0.0,
                    0.9987500905990601,
                    -0.04998411983251572,
                    -0.20149242877960205
                ],
                [
                    0.0,
                    0.0,
                    0.0,
                    1.0
                ]
            ]
        },
        {
            "file_path": "/data/shapenet_blender/all_50_random/02958343/354c1c380911fd2f4fa6b747e2cb679/r_11",
            "rotation": 0.12566370614359174,
            "transform_matrix": [
                [
                    -0.29311779141426086,
                    0.1955292522907257,
                    -0.9358687400817871,
                    -3.7726075649261475
                ],
                [
                    -0.9560763239860535,
                    -0.05994616076350212,
                    0.2869224548339844,
                    1.1566214561462402
                ],
                [
                    -7.450580596923828e-09,
                    0.9788640141487122,
                    0.20451220870018005,
                    0.8244150876998901
                ],
                [
                    0.0,
                    0.0,
                    0.0,
                    1.0
                ]
            ]
        },
        {
            "file_path": "/data/shapenet_blender/all_50_random/02958343/354c1c380911fd2f4fa6b747e2cb679/r_12",
            "rotation": 0.12566370614359174,
            "transform_matrix": [
                [
                    -0.9465007781982422,
                    0.12329777330160141,
                    -0.2982180118560791,
                    -1.2021552324295044
                ],
                [
                    -0.322701632976532,
                    -0.3616388440132141,
                    0.8746891021728516,
                    3.525984525680542
                ],
                [
                    0.0,
                    0.92412930727005,
                    0.3820798397064209,
                    1.5402131080627441
                ],
                [
                    0.0,
                    0.0,
                    0.0,
                    1.0
                ]
            ]
        },
        {
            "file_path": "/data/shapenet_blender/all_50_random/02958343/354c1c380911fd2f4fa6b747e2cb679/r_13",
            "rotation": 0.12566370614359174,
            "transform_matrix": [
                [
                    -0.9980169534683228,
                    -0.021449396386742592,
                    0.0591784231364727,
                    0.23855584859848022
                ],
                [
                    0.06294570863246918,
                    -0.3400844931602478,
                    0.9382858276367188,
                    3.78235125541687
                ],
                [
                    0.0,
                    0.940150260925293,
                    0.3407602310180664,
                    1.3736484050750732
                ],
                [
                    0.0,
                    0.0,
                    0.0,
                    1.0
                ]
            ]
        },
        {
            "file_path": "/data/shapenet_blender/all_50_random/02958343/354c1c380911fd2f4fa6b747e2cb679/r_14",
            "rotation": 0.12566370614359174,
            "transform_matrix": [
                [
                    -0.3575488030910492,
                    0.6097745299339294,
                    -0.707342803478241,
                    -2.8513901233673096
                ],
                [
                    -0.9338945746421814,
                    -0.23345693945884705,
                    0.27081170678138733,
                    1.091676950454712
                ],
                [
                    0.0,
                    0.7574118375778198,
                    0.6529373526573181,
                    2.6320745944976807
                ],
                [
                    0.0,
                    0.0,
                    0.0,
                    1.0
                ]
            ]
        },
        {
            "file_path": "/data/shapenet_blender/all_50_random/02958343/354c1c380911fd2f4fa6b747e2cb679/r_15",
            "rotation": 0.12566370614359174,
            "transform_matrix": [
                [
                    -0.03348037973046303,
                    0.1845463365316391,
                    -0.98225337266922,
                    -3.959589958190918
                ],
                [
                    -0.9994394779205322,
                    -0.0061821467243134975,
                    0.03290465846657753,
                    0.132642924785614
                ],
                [
                    -4.656613428188905e-10,
                    0.9828043580055237,
                    0.18464986979961395,
                    0.7443474531173706
                ],
                [
                    0.0,
                    0.0,
                    0.0,
                    1.0
                ]
            ]
        },
        {
            "file_path": "/data/shapenet_blender/all_50_random/02958343/354c1c380911fd2f4fa6b747e2cb679/r_16",
            "rotation": 0.12566370614359174,
            "transform_matrix": [
                [
                    0.8685833215713501,
                    0.056135185062885284,
                    -0.4923533797264099,
                    -1.9847400188446045
                ],
                [
                    -0.4955432116985321,
                    0.09839320927858353,
                    -0.8629922270774841,
                    -3.4788331985473633
                ],
                [
                    3.725290298461914e-09,
                    0.9935631155967712,
                    0.11328009516000748,
                    0.45664671063423157
                ],
                [
                    0.0,
                    0.0,
                    0.0,
                    1.0
                ]
            ]
        },
        {
            "file_path": "/data/shapenet_blender/all_50_random/02958343/354c1c380911fd2f4fa6b747e2cb679/r_17",
            "rotation": 0.12566370614359174,
            "transform_matrix": [
                [
                    0.37295231223106384,
                    -0.0018850269261747599,
                    -0.9278485178947449,
                    -3.7402772903442383
                ],
                [
                    -0.9278505444526672,
                    -0.0007576922071166337,
                    -0.372951477766037,
                    -1.503415584564209
                ],
                [
                    0.0,
                    0.9999980330467224,
                    -0.002031605690717697,
                    -0.008189665153622627
                ],
                [
                    0.0,
                    0.0,
                    0.0,
                    1.0
                ]
            ]
        },
        {
            "file_path": "/data/shapenet_blender/all_50_random/02958343/354c1c380911fd2f4fa6b747e2cb679/r_18",
            "rotation": 0.12566370614359174,
            "transform_matrix": [
                [
                    -0.4151688516139984,
                    0.15334653854370117,
                    0.8967272043228149,
                    3.6148228645324707
                ],
                [
                    0.909744381904602,
                    0.06998087465763092,
                    0.4092283844947815,
                    1.649652361869812
                ],
                [
                    7.450580596923828e-09,
                    0.9856913089752197,
                    -0.16856005787849426,
                    -0.6794873476028442
                ],
                [
                    0.0,
                    0.0,
                    0.0,
                    1.0
                ]
            ]
        },
        {
            "file_path": "/data/shapenet_blender/all_50_random/02958343/354c1c380911fd2f4fa6b747e2cb679/r_19",
            "rotation": 0.12566370614359174,
            "transform_matrix": [
                [
                    0.5749048590660095,
                    -0.30135902762413025,
                    0.7607017755508423,
                    3.0664868354797363
                ],
                [
                    0.818220317363739,
                    0.21174342930316925,
                    -0.534490704536438,
                    -2.1546008586883545
                ],
                [
                    0.0,
                    0.929702877998352,
                    0.3683103919029236,
                    1.4847066402435303
                ],
                [
                    0.0,
                    0.0,
                    0.0,
                    1.0
                ]
            ]
        },
        {
            "file_path": "/data/shapenet_blender/all_50_random/02958343/354c1c380911fd2f4fa6b747e2cb679/r_20",
            "rotation": 0.12566370614359174,
            "transform_matrix": [
                [
                    -0.7891401052474976,
                    -0.008081259205937386,
                    0.6141600012779236,
                    2.4757580757141113
                ],
                [
                    0.6142131090164185,
                    -0.010382790118455887,
                    0.7890718579292297,
                    3.1808505058288574
                ],
                [
                    0.0,
                    0.9999134540557861,
                    0.013157092034816742,
                    0.05303793400526047
                ],
                [
                    0.0,
                    0.0,
                    0.0,
                    1.0
                ]
            ]
        },
        {
            "file_path": "/data/shapenet_blender/all_50_random/02958343/354c1c380911fd2f4fa6b747e2cb679/r_21",
            "rotation": 0.12566370614359174,
            "transform_matrix": [
                [
                    -0.4196808934211731,
                    -0.2350715845823288,
                    0.8767035603523254,
                    3.5341053009033203
                ],
                [
                    0.9076717495918274,
                    -0.10869023203849792,
                    0.4053621292114258,
                    1.634067177772522
                ],
                [
                    -7.450580596923828e-09,
                    0.9658817648887634,
                    0.2589830160140991,
                    1.0439940690994263
                ],
                [
                    0.0,
                    0.0,
                    0.0,
                    1.0
                ]
            ]
        },
        {
            "file_path": "/data/shapenet_blender/all_50_random/02958343/354c1c380911fd2f4fa6b747e2cb679/r_22",
            "rotation": 0.12566370614359174,
            "transform_matrix": [
                [
                    0.5591323375701904,
                    0.05791908875107765,
                    0.8270527720451355,
                    3.333956718444824
                ],
                [
                    0.8290784955024719,
                    -0.03906076028943062,
                    -0.5577661991119385,
                    -2.248427629470825
                ],
                [
                    0.0,
                    0.997556746006012,
                    -0.0698595941066742,
                    -0.2816130518913269
                ],
                [
                    0.0,
                    0.0,
                    0.0,
                    1.0
                ]
            ]
        },
        {
            "file_path": "/data/shapenet_blender/all_50_random/02958343/354c1c380911fd2f4fa6b747e2cb679/r_23",
            "rotation": 0.12566370614359174,
            "transform_matrix": [
                [
                    -0.6956189870834351,
                    0.0018871119245886803,
                    0.718408465385437,
                    2.8959970474243164
                ],
                [
                    0.7184109091758728,
                    0.0018272420857101679,
                    0.6956165432929993,
                    2.8041200637817383
                ],
                [
                    1.1641532182693481e-10,
                    0.9999964833259583,
                    -0.0026267862413078547,
                    -0.010588914155960083
                ],
                [
                    0.0,
                    0.0,
                    0.0,
                    1.0
                ]
            ]
        },
        {
            "file_path": "/data/shapenet_blender/all_50_random/02958343/354c1c380911fd2f4fa6b747e2cb679/r_24",
            "rotation": 0.12566370614359174,
            "transform_matrix": [
                [
                    0.3042497932910919,
                    -0.056960929185152054,
                    0.9508877396583557,
                    3.83315110206604
                ],
                [
                    0.9525921940803528,
                    0.01819283328950405,
                    -0.3037054240703583,
                    -1.2242757081985474
                ],
                [
                    0.0,
                    0.998210608959198,
                    0.05979570746421814,
                    0.24104420840740204
                ],
                [
                    0.0,
                    0.0,
                    0.0,
                    1.0
                ]
            ]
        },
        {
            "file_path": "/data/shapenet_blender/all_50_random/02958343/354c1c380911fd2f4fa6b747e2cb679/r_25",
            "rotation": 0.12566370614359174,
            "transform_matrix": [
                [
                    -0.1631820648908615,
                    -0.14663682878017426,
                    -0.9756377935409546,
                    -3.932921886444092
                ],
                [
                    -0.9865959286689758,
                    0.0242536012083292,
                    0.16136960685253143,
                    0.6505017280578613
                ],
                [
                    0.0,
                    0.9888928532600403,
                    -0.1486290693283081,
                    -0.5991430282592773
                ],
                [
                    0.0,
                    0.0,
                    0.0,
                    1.0
                ]
            ]
        },
        {
            "file_path": "/data/shapenet_blender/all_50_random/02958343/354c1c380911fd2f4fa6b747e2cb679/r_26",
            "rotation": 0.12566370614359174,
            "transform_matrix": [
                [
                    0.8680300712585449,
                    -0.10446000844240189,
                    0.4853987693786621,
                    1.9567049741744995
                ],
                [
                    0.4965117573738098,
                    0.18262292444705963,
                    -0.848601758480072,
                    -3.420823097229004
                ],
                [
                    0.0,
                    0.9776179790496826,
                    0.21038779616355896,
                    0.8481003046035767
                ],
                [
                    0.0,
                    0.0,
                    0.0,
                    1.0
                ]
            ]
        },
        {
            "file_path": "/data/shapenet_blender/all_50_random/02958343/354c1c380911fd2f4fa6b747e2cb679/r_27",
            "rotation": 0.12566370614359174,
            "transform_matrix": [
                [
                    0.5326502919197083,
                    -0.25408485531806946,
                    -0.8072945475578308,
                    -3.2543087005615234
                ],
                [
                    -0.8463354110717773,
                    -0.15991102159023285,
                    -0.508079469203949,
                    -2.0481340885162354
                ],
                [
                    1.4901159417490817e-08,
                    0.9538707733154297,
                    -0.3002176284790039,
                    -1.2102160453796387
                ],
                [
                    0.0,
                    0.0,
                    0.0,
                    1.0
                ]
            ]
        },
        {
            "file_path": "/data/shapenet_blender/all_50_random/02958343/354c1c380911fd2f4fa6b747e2cb679/r_28",
            "rotation": 0.12566370614359174,
            "transform_matrix": [
                [
                    -0.9954422116279602,
                    -0.08477521687746048,
                    -0.043678734451532364,
                    -0.17607462406158447
                ],
                [
                    -0.095365971326828,
                    0.8848945498466492,
                    0.45592424273490906,
                    1.837889552116394
                ],
                [
                    -3.725290076417309e-09,
                    0.45801177620887756,
                    -0.888945996761322,
                    -3.58345627784729
                ],
                [
                    0.0,
                    0.0,
                    0.0,
                    1.0
                ]
            ]
        },
        {
            "file_path": "/data/shapenet_blender/all_50_random/02958343/354c1c380911fd2f4fa6b747e2cb679/r_29",
            "rotation": 0.12566370614359174,
            "transform_matrix": [
                [
                    0.6486141681671143,
                    0.5774549841880798,
                    0.49582788348197937,
                    1.9987462759017944
                ],
                [
                    0.7611173391342163,
                    -0.4920995533466339,
                    -0.42253801226615906,
                    -1.7033053636550903
                ],
                [
                    -1.4901161193847656e-08,
                    0.6514472961425781,
                    -0.7586937546730042,
                    -3.0583925247192383
                ],
                [
                    0.0,
                    0.0,
                    0.0,
                    1.0
                ]
            ]
        },
        {
            "file_path": "/data/shapenet_blender/all_50_random/02958343/354c1c380911fd2f4fa6b747e2cb679/r_30",
            "rotation": 0.12566370614359174,
            "transform_matrix": [
                [
                    -0.3734802305698395,
                    -0.37816378474235535,
                    0.8470564484596252,
                    3.4145939350128174
                ],
                [
                    0.9276381134986877,
                    -0.15225407481193542,
                    0.3410368859767914,
                    1.3747637271881104
                ],
                [
                    0.0,
                    0.9131324291229248,
                    0.4076630473136902,
                    1.64334237575531
                ],
                [
                    0.0,
                    0.0,
                    0.0,
                    1.0
                ]
            ]
        },
        {
            "file_path": "/data/shapenet_blender/all_50_random/02958343/354c1c380911fd2f4fa6b747e2cb679/r_31",
            "rotation": 0.12566370614359174,
            "transform_matrix": [
                [
                    -0.18668144941329956,
                    -0.12221775203943253,
                    -0.9747885465621948,
                    -3.9294984340667725
                ],
                [
                    -0.9824205040931702,
                    0.023224055767059326,
                    0.18523122370243073,
                    0.7466909289360046
                ],
                [
                    1.862645371275562e-09,
                    0.9922314286231995,
                    -0.12440472841262817,
                    -0.5014914870262146
                ],
                [
                    0.0,
                    0.0,
                    0.0,
                    1.0
                ]
            ]
        },
        {
            "file_path": "/data/shapenet_blender/all_50_random/02958343/354c1c380911fd2f4fa6b747e2cb679/r_32",
            "rotation": 0.12566370614359174,
            "transform_matrix": [
                [
                    -0.32741761207580566,
                    -0.15608897805213928,
                    -0.9318979978561401,
                    -3.756601095199585
                ],
                [
                    -0.9448797702789307,
                    0.054087601602077484,
                    0.32291921973228455,
                    1.3017289638519287
                ],
                [
                    -3.725290742551124e-09,
                    0.9862609505653381,
                    -0.1651945412158966,
                    -0.6659204959869385
                ],
                [
                    0.0,
                    0.0,
                    0.0,
                    1.0
                ]
            ]
        },
        {
            "file_path": "/data/shapenet_blender/all_50_random/02958343/354c1c380911fd2f4fa6b747e2cb679/r_33",
            "rotation": 0.12566370614359174,
            "transform_matrix": [
                [
                    0.4227463901042938,
                    0.038349639624357224,
                    0.9054362177848816,
                    3.649930238723755
                ],
                [
                    0.906248152256012,
                    -0.01788933202624321,
                    -0.422367662191391,
                    -1.7026184797286987
                ],
                [
                    1.862645371275562e-09,
                    0.9991042613983154,
                    -0.04231693595647812,
                    -0.1705850213766098
                ],
                [
                    0.0,
                    0.0,
                    0.0,
                    1.0
                ]
            ]
        },
        {
            "file_path": "/data/shapenet_blender/all_50_random/02958343/354c1c380911fd2f4fa6b747e2cb679/r_34",
            "rotation": 0.12566370614359174,
            "transform_matrix": [
                [
                    -0.6548974514007568,
                    -0.3018093407154083,
                    -0.6928350925445557,
                    -2.792907238006592
                ],
                [
                    -0.7557176351547241,
                    0.26154497265815735,
                    0.6004040241241455,
                    2.4203057289123535
                ],
                [
                    0.0,
                    0.9167908430099487,
                    -0.3993678390979767,
                    -1.60990309715271
                ],
                [
                    0.0,
                    0.0,
                    0.0,
                    1.0
                ]
            ]
        },
        {
            "file_path": "/data/shapenet_blender/all_50_random/02958343/354c1c380911fd2f4fa6b747e2cb679/r_35",
            "rotation": 0.12566370614359174,
            "transform_matrix": [
                [
                    0.44730836153030396,
                    -0.5582547783851624,
                    0.6987609267234802,
                    2.8167953491210938
                ],
                [
                    0.8943798542022705,
                    0.27920129895210266,
                    -0.3494729995727539,
                    -1.4087706804275513
                ],
                [
                    1.4901162970204496e-08,
                    0.7812798023223877,
                    0.6241808533668518,
                    2.516153573989868
                ],
                [
                    0.0,
                    0.0,
                    0.0,
                    1.0
                ]
            ]
        },
        {
            "file_path": "/data/shapenet_blender/all_50_random/02958343/354c1c380911fd2f4fa6b747e2cb679/r_36",
            "rotation": 0.12566370614359174,
            "transform_matrix": [
                [
                    0.25983837246894836,
                    -0.802064061164856,
                    0.537752091884613,
                    2.167747974395752
                ],
                [
                    0.9656521677970886,
                    0.21581995487213135,
                    -0.14469870924949646,
                    -0.5832991600036621
                ],
                [
                    0.0,
                    0.5568795800209045,
                    0.8305931091308594,
                    3.3482279777526855
                ],
                [
                    0.0,
                    0.0,
                    0.0,
                    1.0
                ]
            ]
        },
        {
            "file_path": "/data/shapenet_blender/all_50_random/02958343/354c1c380911fd2f4fa6b747e2cb679/r_37",
            "rotation": 0.12566370614359174,
            "transform_matrix": [
                [
                    0.8823919296264648,
                    -0.11513463407754898,
                    0.4562109410762787,
                    1.8390452861785889
                ],
                [
                    0.47051507234573364,
                    0.215920552611351,
                    -0.8555663228034973,
                    -3.4488983154296875
                ],
                [
                    -7.450580596923828e-09,
                    0.9695988893508911,
                    0.244699165225029,
                    0.9864139556884766
                ],
                [
                    0.0,
                    0.0,
                    0.0,
                    1.0
                ]
            ]
        },
        {
            "file_path": "/data/shapenet_blender/all_50_random/02958343/354c1c380911fd2f4fa6b747e2cb679/r_38",
            "rotation": 0.12566370614359174,
            "transform_matrix": [
                [
                    -0.6421929597854614,
                    0.006749509833753109,
                    0.7665132284164429,
                    3.0899136066436768
                ],
                [
                    0.7665429711341858,
                    0.005654592532664537,
                    0.6421681046485901,
                    2.5886623859405518
                ],
                [
                    0.0,
                    0.9999611973762512,
                    -0.008805128745734692,
                    -0.0354946106672287
                ],
                [
                    0.0,
                    0.0,
                    0.0,
                    1.0
                ]
            ]
        },
        {
            "file_path": "/data/shapenet_blender/all_50_random/02958343/354c1c380911fd2f4fa6b747e2cb679/r_39",
            "rotation": 0.12566370614359174,
            "transform_matrix": [
                [
                    -0.13714198768138885,
                    -0.6049920916557312,
                    -0.7843318581581116,
                    -3.161742925643921
                ],
                [
                    -0.9905513525009155,
                    0.08376125246286392,
                    0.10859087854623795,
                    0.4377438426017761
                ],
                [
                    0.0,
                    0.791813313961029,
                    -0.6107630133628845,
                    -2.462064504623413
                ],
                [
                    0.0,
                    0.0,
                    0.0,
                    1.0
                ]
            ]
        },
        {
            "file_path": "/data/shapenet_blender/all_50_random/02958343/354c1c380911fd2f4fa6b747e2cb679/r_40",
            "rotation": 0.12566370614359174,
            "transform_matrix": [
                [
                    -0.6052671074867249,
                    -0.5413919687271118,
                    0.5835633873939514,
                    2.35241961479187
                ],
                [
                    0.796022355556488,
                    -0.4116552472114563,
                    0.44372084736824036,
                    1.788696050643921
                ],
                [
                    2.9802320611338473e-08,
                    0.7330992817878723,
                    0.6801215410232544,
                    2.7416579723358154
                ],
                [
                    0.0,
                    0.0,
                    0.0,
                    1.0
                ]
            ]
        },
        {
            "file_path": "/data/shapenet_blender/all_50_random/02958343/354c1c380911fd2f4fa6b747e2cb679/r_41",
            "rotation": 0.12566370614359174,
            "transform_matrix": [
                [
                    0.9483842849731445,
                    -0.07955223321914673,
                    -0.3069833815097809,
                    -1.2374894618988037
                ],
                [
                    -0.31712353229522705,
                    -0.2379075288772583,
                    -0.918059229850769,
                    -3.700814723968506
                ],
                [
                    0.0,
                    0.968024492263794,
                    -0.2508556544780731,
