{
    "class": "02958343",
    "model": "156d4748560997c9a848f24544821b25",
    "remove_doubles": true,
    "edge_split": true,
    "denoise": true,
    "camera_angle_x": 0.6911112070083618,
    "scale_factor": 2.2447218374290805,
    "hdri_file": "/data/IndoorHDRDataset2018/AG8A1340-a9863f589a.exr",
    "center_offset": [
        0.0,
        -3.725290298461914e-09,
        0.0
    ],
    "lights": [],
    "frames": [
        {
            "file_path": "/data/shapenet_blender/all_50_random/02958343/156d4748560997c9a848f24544821b25/r_0",
            "rotation": 0.12566370614359174,
            "transform_matrix": [
                [
                    0.0793323963880539,
                    0.918503999710083,
                    -0.38737139105796814,
                    -1.5615441799163818
                ],
                [
                    -0.9968482851982117,
                    0.07309750467538834,
                    -0.030828261747956276,
                    -0.12427270412445068
                ],
                [
                    1.862645371275562e-09,
                    0.3885962963104248,
                    0.9214080572128296,
                    3.7143149375915527
                ],
                [
                    0.0,
                    0.0,
                    0.0,
                    1.0
                ]
            ]
        },
        {
            "file_path": "/data/shapenet_blender/all_50_random/02958343/156d4748560997c9a848f24544821b25/r_1",
            "rotation": 0.12566370614359174,
            "transform_matrix": [
                [
                    -0.6403083205223083,
                    -0.18650275468826294,
                    -0.7451322078704834,
                    -3.0037240982055664
                ],
                [
                    -0.768118143081665,
                    0.15546995401382446,
                    0.6211471557617188,
                    2.5039243698120117
                ],
                [
                    1.4901162970204496e-08,
                    0.9700751304626465,
                    -0.24280484020709991,
                    -0.9787776470184326
                ],
                [
                    0.0,
                    0.0,
                    0.0,
                    1.0
                ]
            ]
        },
        {
            "file_path": "/data/shapenet_blender/all_50_random/02958343/156d4748560997c9a848f24544821b25/r_2",
            "rotation": 0.12566370614359174,
            "transform_matrix": [
                [
                    0.9784511923789978,
                    0.1947866678237915,
                    0.06849397718906403,
                    0.276108056306839
                ],
                [
                    0.20647825300693512,
                    -0.9230475425720215,
                    -0.32457661628723145,
                    -1.3084101676940918
                ],
                [
                    0.0,
                    0.3317248225212097,
                    -0.9433761835098267,
                    -3.802870988845825
                ],
                [
                    0.0,
                    0.0,
                    0.0,
                    1.0
                ]
            ]
        },
        {
            "file_path": "/data/shapenet_blender/all_50_random/02958343/156d4748560997c9a848f24544821b25/r_3",
            "rotation": 0.12566370614359174,
            "transform_matrix": [
                [
                    0.7582452893257141,
                    0.28326478600502014,
                    -0.5872181057929993,
                    -2.3671517372131348
                ],
                [
                    -0.651969313621521,
                    0.32943907380104065,
                    -0.6829391121864319,
                    -2.7530155181884766
                ],
                [
                    -1.4901157641133977e-08,
                    0.9006836414337158,
                    0.4344756007194519,
                    1.7514270544052124
                ],
                [
                    0.0,
                    0.0,
                    0.0,
                    1.0
                ]
            ]
        },
        {
            "file_path": "/data/shapenet_blender/all_50_random/02958343/156d4748560997c9a848f24544821b25/r_4",
            "rotation": 0.12566370614359174,
            "transform_matrix": [
                [
                    -0.7280640602111816,
                    -0.10742301493883133,
                    -0.6770398616790771,
                    -2.7292351722717285
                ],
                [
                    -0.6855090856552124,
                    0.11409160494804382,
                    0.7190690636634827,
                    2.89866042137146
                ],
                [
                    0.0,
                    0.9876453280448914,
                    -0.15670545399188995,
                    -0.6316999793052673
                ],
                [
                    0.0,
                    0.0,
                    0.0,
                    1.0
                ]
            ]
        },
        {
            "file_path": "/data/shapenet_blender/all_50_random/02958343/156d4748560997c9a848f24544821b25/r_5",
            "rotation": 0.12566370614359174,
            "transform_matrix": [
                [
                    -0.9509809017181396,
                    0.010346904397010803,
                    -0.30907654762268066,
                    -1.2459274530410767
                ],
                [
                    -0.3092496991157532,
                    -0.031818002462387085,
                    0.9504483938217163,
                    3.8313801288604736
                ],
                [
                    0.0,
                    0.9994400143623352,
                    0.03345809131860733,
                    0.1348738819360733
                ],
                [
                    0.0,
                    0.0,
                    0.0,
                    1.0
                ]
            ]
        },
        {
            "file_path": "/data/shapenet_blender/all_50_random/02958343/156d4748560997c9a848f24544821b25/r_6",
            "rotation": 0.12566370614359174,
            "transform_matrix": [
                [
                    0.9683200716972351,
                    -0.08457034826278687,
                    -0.2349557727575302,
                    -0.9471369981765747
                ],
                [
                    -0.24971257150173187,
                    -0.3279417157173157,
                    -0.9110970497131348,
                    -3.6727497577667236
                ],
                [
                    0.0,
                    0.9409048557281494,
                    -0.3386708199977875,
                    -1.3652257919311523
                ],
                [
                    0.0,
                    0.0,
                    0.0,
                    1.0
                ]
            ]
        },
        {
            "file_path": "/data/shapenet_blender/all_50_random/02958343/156d4748560997c9a848f24544821b25/r_7",
            "rotation": 0.12566370614359174,
            "transform_matrix": [
                [
                    -0.7720370292663574,
                    -0.22655382752418518,
                    0.5938283801078796,
                    2.393798828125
                ],
                [
                    0.6355774998664856,
                    -0.27519530057907104,
                    0.7213243246078491,
                    2.9077513217926025
                ],
                [
                    0.0,
                    0.9343131184577942,
                    0.35645344853401184,
                    1.436909794807434
                ],
                [
                    0.0,
                    0.0,
                    0.0,
                    1.0
                ]
            ]
        },
        {
            "file_path": "/data/shapenet_blender/all_50_random/02958343/156d4748560997c9a848f24544821b25/r_8",
            "rotation": 0.12566370614359174,
            "transform_matrix": [
                [
                    0.22829200327396393,
                    0.8798779249191284,
                    -0.41677045822143555,
                    -1.6800554990768433
                ],
                [
                    -0.9735927581787109,
                    0.20631736516952515,
                    -0.09772603213787079,
                    -0.39394623041152954
                ],
                [
                    0.0,
                    0.4280747175216675,
                    0.9037432670593262,
                    3.6431057453155518
                ],
                [
                    0.0,
                    0.0,
                    0.0,
                    1.0
                ]
            ]
        },
        {
            "file_path": "/data/shapenet_blender/all_50_random/02958343/156d4748560997c9a848f24544821b25/r_9",
            "rotation": 0.12566370614359174,
            "transform_matrix": [
                [
                    0.7255750894546509,
                    0.07204695045948029,
                    -0.6843611001968384,
                    -2.7587478160858154
                ],
                [
                    -0.6881430745124817,
                    0.0759659856557846,
                    -0.7215873599052429,
                    -2.908811569213867
                ],
                [
                    -3.725290298461914e-09,
                    0.9945041537284851,
                    0.10469762980937958,
                    0.4220496416091919
                ],
                [
                    0.0,
                    0.0,
                    0.0,
                    1.0
                ]
            ]
        },
        {
            "file_path": "/data/shapenet_blender/all_50_random/02958343/156d4748560997c9a848f24544821b25/r_10",
            "rotation": 0.12566370614359174,
            "transform_matrix": [
                [
                    0.8724526166915894,
                    -0.46167755126953125,
                    0.16025063395500183,
                    0.6459909677505493
                ],
                [
                    0.48869872093200684,
                    0.824212908744812,
                    -0.2860884964466095,
                    -1.1532596349716187
                ],
                [
                    -1.4901161193847656e-08,
                    0.32791292667388916,
                    0.9447079300880432,
                    3.808239459991455
                ],
                [
                    0.0,
                    0.0,
                    0.0,
                    1.0
                ]
            ]
        },
        {
            "file_path": "/data/shapenet_blender/all_50_random/02958343/156d4748560997c9a848f24544821b25/r_11",
            "rotation": 0.12566370614359174,
            "transform_matrix": [
                [
                    0.7957805395126343,
                    -0.1510293185710907,
                    0.5864500403404236,
                    2.364055633544922
                ],
                [
                    0.6055852770805359,
                    0.1984628587961197,
                    -0.7706354260444641,
                    -3.1065306663513184
                ],
                [
                    -7.450581485102248e-09,
                    0.9684020280838013,
                    0.249394029378891,
                    1.005339503288269
                ],
                [
                    0.0,
                    0.0,
                    0.0,
                    1.0
                ]
            ]
        },
        {
            "file_path": "/data/shapenet_blender/all_50_random/02958343/156d4748560997c9a848f24544821b25/r_12",
            "rotation": 0.12566370614359174,
            "transform_matrix": [
                [
                    0.16987328231334686,
                    0.08131980895996094,
                    0.982105016708374,
                    3.958991527557373
                ],
                [
                    0.985465943813324,
                    -0.014017798937857151,
                    -0.16929394006729126,
                    -0.6824456453323364
                ],
                [
                    0.0,
                    0.9965894222259521,
                    -0.08251915127038956,
                    -0.3326452970504761
                ],
                [
                    0.0,
                    0.0,
                    0.0,
                    1.0
                ]
            ]
        },
        {
            "file_path": "/data/shapenet_blender/all_50_random/02958343/156d4748560997c9a848f24544821b25/r_13",
            "rotation": 0.12566370614359174,
            "transform_matrix": [
                [
                    0.9918673634529114,
                    -0.08870305866003036,
                    -0.09127314388751984,
                    -0.3679337799549103
                ],
                [
                    -0.12727534770965576,
                    -0.6912702322006226,
                    -0.7112991213798523,
                    -2.867338180541992
                ],
                [
                    0.0,
                    0.7171311378479004,
                    -0.6969382166862488,
                    -2.8094475269317627
                ],
                [
                    0.0,
                    0.0,
                    0.0,
                    1.0
                ]
            ]
        },
        {
            "file_path": "/data/shapenet_blender/all_50_random/02958343/156d4748560997c9a848f24544821b25/r_14",
            "rotation": 0.12566370614359174,
            "transform_matrix": [
                [
                    -0.9999642372131348,
                    -0.006109963171184063,
                    0.005857399664819241,
                    0.02361193299293518
                ],
                [
                    0.008464088663458824,
                    -0.7218432426452637,
                    0.6920048594474792,
                    2.7895607948303223
                ],
                [
                    4.656612873077393e-10,
                    0.6920295357704163,
                    0.7218691110610962,
                    2.909947395324707
                ],
                [
                    0.0,
                    0.0,
                    0.0,
                    1.0
                ]
            ]
        },
        {
            "file_path": "/data/shapenet_blender/all_50_random/02958343/156d4748560997c9a848f24544821b25/r_15",
            "rotation": 0.12566370614359174,
            "transform_matrix": [
                [
                    0.9791767597198486,
                    0.12015341967344284,
                    0.16363389790058136,
                    0.6596294045448303
                ],
                [
                    0.20300962030887604,
                    -0.5795362591743469,
                    -0.7892557382583618,
                    -3.1815919876098633
                ],
                [
                    7.450580596923828e-09,
                    0.8060402274131775,
                    -0.5918606519699097,
                    -2.38586688041687
                ],
                [
                    0.0,
                    0.0,
                    0.0,
                    1.0
                ]
            ]
        },
        {
            "file_path": "/data/shapenet_blender/all_50_random/02958343/156d4748560997c9a848f24544821b25/r_16",
            "rotation": 0.12566370614359174,
            "transform_matrix": [
                [
                    -0.019136013463139534,
                    -0.6846911907196045,
                    -0.7285818457603455,
                    -2.9370076656341553
                ],
                [
                    -0.9998169541358948,
                    0.013104659505188465,
                    0.01394470501691103,
                    0.056212909519672394
                ],
                [
                    0.0,
                    0.7287153601646423,
                    -0.6848165988922119,
                    -2.7605843544006348
                ],
                [
                    0.0,
                    0.0,
                    0.0,
                    1.0
                ]
            ]
        },
        {
            "file_path": "/data/shapenet_blender/all_50_random/02958343/156d4748560997c9a848f24544821b25/r_17",
            "rotation": 0.12566370614359174,
            "transform_matrix": [
                [
                    -0.9737328290939331,
                    0.007256194017827511,
                    0.22757823765277863,
                    0.917397141456604
                ],
                [
                    0.22769388556480408,
                    0.031031111255288124,
                    0.9732382297515869,
                    3.923248529434204
                ],
                [
                    0.0,
                    0.9994919300079346,
                    -0.03186820447444916,
                    -0.12846484780311584
                ],
                [
                    0.0,
                    0.0,
                    0.0,
                    1.0
                ]
            ]
        },
        {
            "file_path": "/data/shapenet_blender/all_50_random/02958343/156d4748560997c9a848f24544821b25/r_18",
            "rotation": 0.12566370614359174,
            "transform_matrix": [
                [
                    -0.8056304454803467,
                    0.3617081344127655,
                    -0.46917688846588135,
                    -1.8913123607635498
                ],
                [
                    -0.5924185514450073,
                    -0.4918871819972992,
                    0.6380339860916138,
                    2.5719969272613525
                ],
                [
                    0.0,
                    0.7919684648513794,
                    0.6105619072914124,
                    2.4612534046173096
                ],
                [
                    0.0,
                    0.0,
                    0.0,
                    1.0
                ]
            ]
        },
        {
            "file_path": "/data/shapenet_blender/all_50_random/02958343/156d4748560997c9a848f24544821b25/r_19",
            "rotation": 0.12566370614359174,
            "transform_matrix": [
                [
                    0.10460841655731201,
                    0.4336119592189789,
                    -0.8950070738792419,
                    -3.60788893699646
                ],
                [
                    -0.9945135116577148,
                    0.045609697699546814,
                    -0.09414178133010864,
                    -0.3794976472854614
                ],
                [
                    0.0,
                    0.8999446630477905,
                    0.436004102230072,
                    1.7575887441635132
                ],
                [
                    0.0,
                    0.0,
                    0.0,
                    1.0
                ]
            ]
        },
        {
            "file_path": "/data/shapenet_blender/all_50_random/02958343/156d4748560997c9a848f24544821b25/r_20",
            "rotation": 0.12566370614359174,
            "transform_matrix": [
                [
                    0.8212457299232483,
                    -0.3757830262184143,
                    0.429351270198822,
                    1.7307703495025635
                ],
                [
                    0.5705746412277222,
                    0.5408761501312256,
                    -0.617978572845459,
                    -2.4911513328552246
                ],
                [
                    -1.4901161193847656e-08,
                    0.7524892091751099,
                    0.6586045026779175,
                    2.6549196243286133
                ],
                [
                    0.0,
                    0.0,
                    0.0,
                    1.0
                ]
            ]
        },
        {
            "file_path": "/data/shapenet_blender/all_50_random/02958343/156d4748560997c9a848f24544821b25/r_21",
            "rotation": 0.12566370614359174,
            "transform_matrix": [
                [
                    0.19568850100040436,
                    -0.8787170052528381,
                    -0.4353877007961273,
                    -1.7551039457321167
                ],
                [
                    -0.9806660413742065,
                    -0.17534491419792175,
                    -0.08688009530305862,
                    -0.3502248525619507
                ],
                [
                    -7.450580152834618e-09,
                    0.4439713656902313,
                    -0.8960409760475159,
                    -3.6120567321777344
                ],
                [
                    0.0,
                    0.0,
                    0.0,
                    1.0
                ]
            ]
        },
        {
            "file_path": "/data/shapenet_blender/all_50_random/02958343/156d4748560997c9a848f24544821b25/r_22",
            "rotation": 0.12566370614359174,
            "transform_matrix": [
                [
                    -0.9996404051780701,
                    0.0046484400518238544,
                    0.02640858292579651,
                    0.10645639896392822
                ],
                [
                    0.026814570650458336,
                    0.17329266667366028,
                    0.984505295753479,
                    3.968667507171631
                ],
                [
                    4.6566123179658803e-10,
                    0.9848594069480896,
                    -0.17335501313209534,
                    -0.6988163590431213
                ],
                [
                    0.0,
                    0.0,
                    0.0,
                    1.0
                ]
            ]
        },
        {
            "file_path": "/data/shapenet_blender/all_50_random/02958343/156d4748560997c9a848f24544821b25/r_23",
            "rotation": 0.12566370614359174,
            "transform_matrix": [
                [
                    0.33397921919822693,
                    0.23119376599788666,
                    0.913787305355072,
                    3.6835947036743164
                ],
                [
                    0.9425804615020752,
                    -0.08191757649183273,
                    -0.32377707958221436,
                    -1.3051872253417969
                ],
                [
                    0.0,
                    0.9694528579711914,
                    -0.24527747929096222,
                    -0.9887452125549316
                ],
                [
                    0.0,
                    0.0,
                    0.0,
                    1.0
                ]
            ]
        },
        {
            "file_path": "/data/shapenet_blender/all_50_random/02958343/156d4748560997c9a848f24544821b25/r_24",
            "rotation": 0.12566370614359174,
            "transform_matrix": [
                [
                    0.6418474316596985,
                    0.5342280864715576,
                    -0.5501200556755066,
                    -2.217604875564575
                ],
                [
                    -0.7668322920799255,
                    0.44715508818626404,
                    -0.46045681834220886,
                    -1.8561607599258423
                ],
                [
                    0.0,
                    0.7173928618431091,
                    0.696668803691864,
                    2.808361768722534
                ],
                [
                    0.0,
                    0.0,
                    0.0,
                    1.0
                ]
            ]
        },
        {
            "file_path": "/data/shapenet_blender/all_50_random/02958343/156d4748560997c9a848f24544821b25/r_25",
            "rotation": 0.12566370614359174,
            "transform_matrix": [
                [
                    -0.8440923094749451,
                    0.25966548919677734,
                    -0.4691290855407715,
                    -1.8911198377609253
                ],
                [
                    -0.5361980199813843,
                    -0.40876996517181396,
                    0.7385112047195435,
                    2.977033853530884
                ],
                [
                    0.0,
                    0.8749175667762756,
                    0.48427170515060425,
                    1.9521616697311401
                ],
                [
                    0.0,
                    0.0,
                    0.0,
                    1.0
                ]
            ]
        },
        {
            "file_path": "/data/shapenet_blender/all_50_random/02958343/156d4748560997c9a848f24544821b25/r_26",
            "rotation": 0.12566370614359174,
            "transform_matrix": [
                [
                    0.2698713541030884,
                    -0.7184039950370789,
                    -0.6411436796188354,
                    -2.5845327377319336
                ],
                [
                    -0.9628964066505432,
                    -0.20134735107421875,
                    -0.17969359457492828,
                    -0.7243680357933044
                ],
                [
                    1.4901161193847656e-08,
                    0.6658490300178528,
                    -0.7460864782333374,
                    -3.007570743560791
                ],
                [
                    0.0,
                    0.0,
                    0.0,
                    1.0
                ]
            ]
        },
        {
            "file_path": "/data/shapenet_blender/all_50_random/02958343/156d4748560997c9a848f24544821b25/r_27",
            "rotation": 0.12566370614359174,
            "transform_matrix": [
                [
                    0.16111800074577332,
                    0.8240160942077637,
                    0.5431743860244751,
                    2.189605951309204
                ],
                [
                    0.9869351387023926,
                    -0.13452132046222687,
                    -0.0886736810207367,
                    -0.3574550449848175
                ],
                [
                    0.0,
                    0.5503648519515991,
                    -0.8349242806434631,
                    -3.365687370300293
                ],
                [
                    0.0,
                    0.0,
                    0.0,
                    1.0
                ]
            ]
        },
        {
            "file_path": "/data/shapenet_blender/all_50_random/02958343/156d4748560997c9a848f24544821b25/r_28",
            "rotation": 0.12566370614359174,
            "transform_matrix": [
                [
                    -0.8566272258758545,
                    -0.4591318964958191,
                    0.23534634709358215,
                    0.9487114548683167
                ],
                [
                    0.515936017036438,
                    -0.7623132467269897,
                    0.39075401425361633,
                    1.5751798152923584
                ],
                [
                    1.4901161193847656e-08,
                    0.4561540484428406,
                    0.889900803565979,
                    3.5873048305511475
                ],
                [
                    0.0,
                    0.0,
                    0.0,
                    1.0
                ]
            ]
        },
        {
            "file_path": "/data/shapenet_blender/all_50_random/02958343/156d4748560997c9a848f24544821b25/r_29",
            "rotation": 0.12566370614359174,
            "transform_matrix": [
                [
                    0.4424179196357727,
                    0.800848126411438,
                    0.40361925959587097,
                    1.6270413398742676
                ],
                [
                    0.8968090415000916,
                    -0.39507803320884705,
                    -0.19911529123783112,
                    -0.8026594519615173
                ],
                [
                    0.0,
                    0.4500616192817688,
                    -0.8929973840713501,
                    -3.599787950515747
                ],
                [
                    0.0,
                    0.0,
                    0.0,
                    1.0
                ]
            ]
        },
        {
            "file_path": "/data/shapenet_blender/all_50_random/02958343/156d4748560997c9a848f24544821b25/r_30",
            "rotation": 0.12566370614359174,
            "transform_matrix": [
                [
                    0.9677243828773499,
                    0.003783576190471649,
                    0.25198283791542053,
                    1.0157753229141235
                ],
                [
                    0.2520112693309784,
                    -0.014528949744999409,
                    -0.9676152467727661,
                    -3.9005818367004395
                ],
                [
                    0.0,
                    0.9998873472213745,
                    -0.01501352060586214,
                    -0.0605214387178421
                ],
                [
                    0.0,
                    0.0,
                    0.0,
                    1.0
                ]
            ]
        },
        {
            "file_path": "/data/shapenet_blender/all_50_random/02958343/156d4748560997c9a848f24544821b25/r_31",
            "rotation": 0.12566370614359174,
            "transform_matrix": [
                [
                    0.0005603855242952704,
                    -0.9610495567321777,
                    0.2763756215572357,
                    1.1141055822372437
                ],
                [
                    0.9999997615814209,
                    0.000538558408152312,
                    -0.00015487693599425256,
                    -0.0006243288516998291
                ],
                [
                    0.0,
                    0.27637577056884766,
                    0.9610497355461121,
                    3.874114990234375
                ],
                [
                    0.0,
                    0.0,
                    0.0,
                    1.0
                ]
            ]
        },
        {
            "file_path": "/data/shapenet_blender/all_50_random/02958343/156d4748560997c9a848f24544821b25/r_32",
            "rotation": 0.12566370614359174,
            "transform_matrix": [
                [
                    0.7061479687690735,
                    -0.03881773352622986,
                    0.7069994211196899,
                    2.850005865097046
                ],
                [
                    0.7080642580986023,
                    0.038712676614522934,
                    -0.7050859332084656,
                    -2.842292308807373
                ],
                [
                    -1.862645149230957e-09,
                    0.9984961152076721,
                    0.054822325706481934,
                    0.22099585831165314
                ],
                [
                    0.0,
                    0.0,
                    0.0,
                    1.0
                ]
            ]
        },
        {
            "file_path": "/data/shapenet_blender/all_50_random/02958343/156d4748560997c9a848f24544821b25/r_33",
            "rotation": 0.12566370614359174,
            "transform_matrix": [
                [
                    0.2109287679195404,
                    -0.8494446873664856,
                    -0.48368674516677856,
                    -1.9498035907745361
                ],
                [
                    -0.9775015115737915,
                    -0.18329620361328125,
                    -0.10437164455652237,
                    -0.42073556780815125
                ],
                [
                    -7.450581485102248e-09,
                    0.49481943249702454,
                    -0.8689957857131958,
                    -3.5030341148376465
                ],
                [
                    0.0,
                    0.0,
                    0.0,
                    1.0
                ]
            ]
        },
        {
            "file_path": "/data/shapenet_blender/all_50_random/02958343/156d4748560997c9a848f24544821b25/r_34",
            "rotation": 0.12566370614359174,
            "transform_matrix": [
                [
                    0.7601647973060608,
                    0.6283868551254272,
                    0.16516493260860443,
                    0.6658011674880981
                ],
                [
                    0.6497303247451782,
                    -0.7351935505867004,
                    -0.19323797523975372,
                    -0.7789672017097473
                ],
                [
                    -1.4901161193847656e-08,
                    0.2542053759098053,
                    -0.9671502709388733,
                    -3.898707389831543
                ],
                [
                    0.0,
                    0.0,
                    0.0,
                    1.0
                ]
            ]
        },
        {
            "file_path": "/data/shapenet_blender/all_50_random/02958343/156d4748560997c9a848f24544821b25/r_35",
            "rotation": 0.12566370614359174,
            "transform_matrix": [
                [
                    -0.2719383239746094,
                    0.749381959438324,
                    0.6037186980247498,
                    2.4336678981781006
                ],
                [
                    0.9623147249221802,
                    0.21176615357398987,
                    0.17060349881649017,
                    0.6877247095108032
                ],
                [
                    0.0,
                    0.627360999584198,
                    -0.7787285447120667,
                    -3.139155149459839
                ],
                [
                    0.0,
                    0.0,
                    0.0,
                    1.0
                ]
            ]
        },
        {
            "file_path": "/data/shapenet_blender/all_50_random/02958343/156d4748560997c9a848f24544821b25/r_36",
            "rotation": 0.12566370614359174,
            "transform_matrix": [
                [
                    -0.12001422792673111,
                    -0.03995252028107643,
                    -0.9919679164886475,
                    -3.998750686645508
                ],
                [
                    -0.9927722215652466,
                    0.0048297797329723835,
                    0.11991699784994125,
                    0.4834008812904358
                ],
                [
                    0.0,
                    0.9991899132728577,
                    -0.04024339094758034,
                    -0.16222630441188812
                ],
                [
                    0.0,
                    0.0,
                    0.0,
                    1.0
                ]
            ]
        },
        {
            "file_path": "/data/shapenet_blender/all_50_random/02958343/156d4748560997c9a848f24544821b25/r_37",
            "rotation": 0.12566370614359174,
            "transform_matrix": [
                [
                    -0.97034752368927,
                    0.06625763326883316,
                    0.2324552685022354,
                    0.9370571374893188
                ],
                [
                    0.2417137175798416,
                    0.26598793268203735,
                    0.9331799745559692,
                    3.7617688179016113
                ],
                [
                    0.0,
                    0.9616966247558594,
                    -0.2741160988807678,
                    -1.1049973964691162
                ],
                [
                    0.0,
                    0.0,
                    0.0,
                    1.0
                ]
            ]
        },
        {
            "file_path": "/data/shapenet_blender/all_50_random/02958343/156d4748560997c9a848f24544821b25/r_38",
            "rotation": 0.12566370614359174,
            "transform_matrix": [
                [
                    0.4393254220485687,
                    -0.5292651057243347,
                    -0.7258591651916504,
                    -2.926032066345215
                ],
                [
                    -0.8983280062675476,
                    -0.2588360011577606,
                    -0.35497990250587463,
                    -1.4309698343276978
                ],
                [
                    0.0,
                    0.8080112934112549,
                    -0.5891668796539307,
                    -2.3750078678131104
                ],
                [
                    0.0,
                    0.0,
                    0.0,
                    1.0
                ]
            ]
        },
        {
            "file_path": "/data/shapenet_blender/all_50_random/02958343/156d4748560997c9a848f24544821b25/r_39",
            "rotation": 0.12566370614359174,
            "transform_matrix": [
                [
                    0.07197123020887375,
                    0.0016403298359364271,
                    -0.9974052906036377,
                    -4.020669460296631
                ],
                [
                    -0.9974067807197571,
                    0.00011836350313387811,
                    -0.0719711184501648,
                    -0.29012489318847656
                ],
                [
                    7.275957614183426e-12,
                    0.9999986886978149,
                    0.001644594594836235,
                    0.006629573181271553
                ],
                [
                    0.0,
                    0.0,
                    0.0,
                    1.0
                ]
            ]
        },
        {
            "file_path": "/data/shapenet_blender/all_50_random/02958343/156d4748560997c9a848f24544821b25/r_40",
            "rotation": 0.12566370614359174,
            "transform_matrix": [
                [
                    -0.4215814173221588,
                    0.2923643887042999,
                    -0.8583660125732422,
                    -3.460184097290039
                ],
                [
                    -0.906790554523468,
                    -0.13592486083507538,
                    0.39906805753707886,
                    1.6086947917938232
                ],
                [
                    7.450580596923828e-09,
                    0.9465978145599365,
                    0.32241666316986084,
                    1.2997031211853027
                ],
                [
                    0.0,
                    0.0,
                    0.0,
                    1.0
                ]
            ]
        },
        {
            "file_path": "/data/shapenet_blender/all_50_random/02958343/156d4748560997c9a848f24544821b25/r_41",
            "rotation": 0.12566370614359174,
            "transform_matrix": [
                [
                    -0.9998322129249573,
                    -0.006309812422841787,
                    -0.017194582149386406,
                    -0.06931358575820923
                ],
                [
                    -0.018315767869353294,
                    0.34444382786750793,
                    0.9386281967163086,
                    3.783731460571289
                ],
                [
