{
    "class": "02958343",
    "model": "d0aa115eb63f6f0c97df6383472cc5b6",
    "remove_doubles": true,
    "edge_split": true,
    "denoise": true,
    "camera_angle_x": 0.6911112070083618,
    "scale_factor": 2.2603391637216528,
    "hdri_file": "/data/IndoorHDRDataset2018/9C4A0941-ee31be9dd9.exr",
    "center_offset": [
        0.0,
        0.0,
        -1.862645149230957e-09
    ],
    "lights": [],
    "frames": [
        {
            "file_path": "/data/shapenet_blender/all_50_random/02958343/d0aa115eb63f6f0c97df6383472cc5b6/r_0",
            "rotation": 0.12566370614359174,
            "transform_matrix": [
                [
                    -0.9148865938186646,
                    0.01678183302283287,
                    -0.4033620059490204,
                    -1.6260042190551758
                ],
                [
                    -0.4037109613418579,
                    -0.03803085535764694,
                    0.9140958189964294,
                    3.684838056564331
                ],
                [
                    9.313225746154785e-10,
                    0.9991356134414673,
                    0.041568927466869354,
                    0.16756971180438995
                ],
                [
                    0.0,
                    0.0,
                    0.0,
                    1.0
                ]
            ]
        },
        {
            "file_path": "/data/shapenet_blender/all_50_random/02958343/d0aa115eb63f6f0c97df6383472cc5b6/r_1",
            "rotation": 0.12566370614359174,
            "transform_matrix": [
                [
                    0.6219587922096252,
                    -0.08576149493455887,
                    0.7783393263816833,
                    3.1375863552093506
                ],
                [
                    0.7830499410629272,
                    0.06811841577291489,
                    -0.6182172894477844,
                    -2.4921138286590576
                ],
                [
                    0.0,
                    0.9939842820167542,
                    0.10952239483594894,
                    0.44149893522262573
                ],
                [
                    0.0,
                    0.0,
                    0.0,
                    1.0
                ]
            ]
        },
        {
            "file_path": "/data/shapenet_blender/all_50_random/02958343/d0aa115eb63f6f0c97df6383472cc5b6/r_2",
            "rotation": 0.12566370614359174,
            "transform_matrix": [
                [
                    0.33918049931526184,
                    0.28407496213912964,
                    0.8968043327331543,
                    3.6151340007781982
                ],
                [
                    0.940721333026886,
                    -0.1024242639541626,
                    -0.3233460783958435,
                    -1.3034497499465942
                ],
                [
                    -7.450580596923828e-09,
                    0.9533156752586365,
                    -0.30197566747665405,
                    -1.2173027992248535
                ],
                [
                    0.0,
                    0.0,
                    0.0,
                    1.0
                ]
            ]
        },
        {
            "file_path": "/data/shapenet_blender/all_50_random/02958343/d0aa115eb63f6f0c97df6383472cc5b6/r_3",
            "rotation": 0.12566370614359174,
            "transform_matrix": [
                [
                    0.9160739183425903,
                    0.14070944488048553,
                    0.37551236152648926,
                    1.5137388706207275
                ],
                [
                    0.40100961923599243,
                    -0.321439266204834,
                    -0.8578274846076965,
                    -3.4580135345458984
                ],
                [
                    -7.450580596923828e-09,
                    0.9364175200462341,
                    -0.3508879244327545,
                    -1.414474606513977
                ],
                [
                    0.0,
                    0.0,
                    0.0,
                    1.0
                ]
            ]
        },
        {
            "file_path": "/data/shapenet_blender/all_50_random/02958343/d0aa115eb63f6f0c97df6383472cc5b6/r_4",
            "rotation": 0.12566370614359174,
            "transform_matrix": [
                [
                    -0.7305425405502319,
                    0.009509177878499031,
                    -0.6828010082244873,
                    -2.7524588108062744
                ],
                [
                    -0.682867169380188,
                    -0.010173074901103973,
                    0.7304717302322388,
                    2.9446256160736084
                ],
                [
                    0.0,
                    0.9999030232429504,
                    0.013925371691584587,
                    0.056134968996047974
                ],
                [
                    0.0,
                    0.0,
                    0.0,
                    1.0
                ]
            ]
        },
        {
            "file_path": "/data/shapenet_blender/all_50_random/02958343/d0aa115eb63f6f0c97df6383472cc5b6/r_5",
            "rotation": 0.12566370614359174,
            "transform_matrix": [
                [
                    0.14538559317588806,
                    0.5360634326934814,
                    -0.8315642476081848,
                    -3.352142333984375
                ],
                [
                    -0.9893750548362732,
                    0.07877285033464432,
                    -0.1221957877278328,
                    -0.4925869107246399
                ],
                [
                    -7.4505797087454084e-09,
                    0.8404943943023682,
                    0.541820228099823,
                    2.1841468811035156
                ],
                [
                    0.0,
                    0.0,
                    0.0,
                    1.0
                ]
            ]
        },
        {
            "file_path": "/data/shapenet_blender/all_50_random/02958343/d0aa115eb63f6f0c97df6383472cc5b6/r_6",
            "rotation": 0.12566370614359174,
            "transform_matrix": [
                [
                    -0.28524675965309143,
                    0.46760571002960205,
                    -0.8366475701332092,
                    -3.372634172439575
                ],
                [
                    -0.9584540724754333,
                    -0.1391647458076477,
                    0.24899578094482422,
                    1.0037341117858887
                ],
                [
                    -7.450580152834618e-09,
                    0.8729134798049927,
                    0.48787498474121094,
                    1.9666869640350342
                ],
                [
                    0.0,
                    0.0,
                    0.0,
                    1.0
                ]
            ]
        },
        {
            "file_path": "/data/shapenet_blender/all_50_random/02958343/d0aa115eb63f6f0c97df6383472cc5b6/r_7",
            "rotation": 0.12566370614359174,
            "transform_matrix": [
                [
                    0.33045467734336853,
                    -0.0020401428919285536,
                    -0.9438196420669556,
                    -3.804658889770508
                ],
                [
                    -0.9438219666481018,
                    -0.0007143028196878731,
                    -0.3304538428783417,
                    -1.3321021795272827
                ],
                [
                    5.820766091346741e-11,
                    0.9999977350234985,
                    -0.002161575946956873,
                    -0.00871359184384346
                ],
                [
                    0.0,
                    0.0,
                    0.0,
                    1.0
                ]
            ]
        },
        {
            "file_path": "/data/shapenet_blender/all_50_random/02958343/d0aa115eb63f6f0c97df6383472cc5b6/r_8",
            "rotation": 0.12566370614359174,
            "transform_matrix": [
                [
                    0.9997742176055908,
                    -0.006443706341087818,
                    0.020251821726560593,
                    0.08163771033287048
                ],
                [
                    0.021252239122986794,
                    0.3031328022480011,
                    -0.952711284160614,
                    -3.8405022621154785
                ],
                [
                    0.0,
                    0.9529263973236084,
                    0.303201287984848,
                    1.2222435474395752
                ],
                [
                    0.0,
                    0.0,
                    0.0,
                    1.0
                ]
            ]
        },
        {
            "file_path": "/data/shapenet_blender/all_50_random/02958343/d0aa115eb63f6f0c97df6383472cc5b6/r_9",
            "rotation": 0.12566370614359174,
            "transform_matrix": [
                [
                    0.05392465367913246,
                    -0.5601640939712524,
                    0.8266246914863586,
                    3.332230806350708
                ],
                [
                    0.9985449314117432,
                    0.0302506722509861,
                    -0.04464041069149971,
                    -0.1799512505531311
                ],
                [
                    1.8626448161640496e-09,
                    0.8278292417526245,
                    0.5609802603721619,
                    2.2613837718963623
                ],
                [
                    0.0,
                    0.0,
                    0.0,
                    1.0
                ]
            ]
        },
        {
            "file_path": "/data/shapenet_blender/all_50_random/02958343/d0aa115eb63f6f0c97df6383472cc5b6/r_10",
            "rotation": 0.12566370614359174,
            "transform_matrix": [
                [
                    -0.8189610242843628,
                    -0.07317184656858444,
                    0.5691649913787842,
                    2.294377326965332
                ],
                [
                    0.5738492608070374,
                    -0.10442619025707245,
                    0.8122759461402893,
                    3.2743890285491943
                ],
                [
                    3.725290298461914e-09,
                    0.9918371438980103,
                    0.12751059234142303,
                    0.5140116214752197
                ],
                [
                    0.0,
                    0.0,
                    0.0,
                    1.0
                ]
            ]
        },
        {
            "file_path": "/data/shapenet_blender/all_50_random/02958343/d0aa115eb63f6f0c97df6383472cc5b6/r_11",
            "rotation": 0.12566370614359174,
            "transform_matrix": [
                [
                    -0.43856188654899597,
                    0.5326748490333557,
                    0.7238237857818604,
                    2.9178271293640137
                ],
                [
                    0.898701012134552,
                    0.25994279980659485,
                    0.3532226085662842,
                    1.4238858222961426
                ],
                [
                    1.4901162970204496e-08,
                    0.8054110407829285,
                    -0.5927165150642395,
                    -2.3893167972564697
                ],
                [
                    0.0,
                    0.0,
                    0.0,
                    1.0
                ]
            ]
        },
        {
            "file_path": "/data/shapenet_blender/all_50_random/02958343/d0aa115eb63f6f0c97df6383472cc5b6/r_12",
            "rotation": 0.12566370614359174,
            "transform_matrix": [
                [
                    0.4763629138469696,
                    0.26203885674476624,
                    0.8392937779426575,
                    3.3833014965057373
                ],
                [
                    0.8792487978935242,
                    -0.14196842908859253,
                    -0.45471590757369995,
                    -1.83301842212677
                ],
                [
                    -2.2351741790771484e-08,
                    0.9545578360557556,
                    -0.29802581667900085,
                    -1.2013804912567139
                ],
                [
                    0.0,
                    0.0,
                    0.0,
                    1.0
                ]
            ]
        },
        {
            "file_path": "/data/shapenet_blender/all_50_random/02958343/d0aa115eb63f6f0c97df6383472cc5b6/r_13",
            "rotation": 0.12566370614359174,
            "transform_matrix": [
                [
                    -0.4285013973712921,
                    0.6390842795372009,
                    -0.6387158036231995,
                    -2.5747456550598145
                ],
                [
                    -0.9035410284996033,
                    -0.3030836284160614,
                    0.30290889739990234,
                    1.221064805984497
                ],
                [
                    0.0,
                    0.706902801990509,
                    0.707310676574707,
                    2.8512604236602783
                ],
                [
                    0.0,
                    0.0,
                    0.0,
                    1.0
                ]
            ]
        },
        {
            "file_path": "/data/shapenet_blender/all_50_random/02958343/d0aa115eb63f6f0c97df6383472cc5b6/r_14",
            "rotation": 0.12566370614359174,
            "transform_matrix": [
                [
                    -0.1947319656610489,
                    0.24615232646465302,
                    -0.9494674205780029,
                    -3.827425718307495
                ],
                [
                    -0.9808565378189087,
                    -0.04886925593018532,
                    0.18850021064281464,
                    0.7598687410354614
                ],
                [
                    0.0,
                    0.9679983258247375,
                    0.2509565055370331,
                    1.0116381645202637
                ],
                [
                    0.0,
                    0.0,
                    0.0,
                    1.0
                ]
            ]
        },
        {
            "file_path": "/data/shapenet_blender/all_50_random/02958343/d0aa115eb63f6f0c97df6383472cc5b6/r_15",
            "rotation": 0.12566370614359174,
            "transform_matrix": [
                [
                    0.9771052002906799,
                    -0.1747484654188156,
                    0.12136100977659225,
                    0.48922187089920044
                ],
                [
                    0.2127569615840912,
                    0.802547812461853,
                    -0.5573611855506897,
                    -2.2467947006225586
                ],
                [
                    0.0,
                    0.5704207420349121,
                    0.8213526010513306,
                    3.3109781742095947
                ],
                [
                    0.0,
                    0.0,
                    0.0,
                    1.0
                ]
            ]
        },
        {
            "file_path": "/data/shapenet_blender/all_50_random/02958343/d0aa115eb63f6f0c97df6383472cc5b6/r_16",
            "rotation": 0.12566370614359174,
            "transform_matrix": [
                [
                    -0.47406670451164246,
                    -0.5652275085449219,
                    -0.6751137375831604,
                    -2.721470594406128
                ],
                [
                    -0.8804889917373657,
                    0.3043258488178253,
                    0.3634900152683258,
                    1.4652751684188843
                ],
                [
                    1.4901161193847656e-08,
                    0.7667486071586609,
                    -0.6419473886489868,
                    -2.5877726078033447
                ],
                [
                    0.0,
                    0.0,
                    0.0,
                    1.0
                ]
            ]
        },
        {
            "file_path": "/data/shapenet_blender/all_50_random/02958343/d0aa115eb63f6f0c97df6383472cc5b6/r_17",
            "rotation": 0.12566370614359174,
            "transform_matrix": [
                [
                    0.9633583426475525,
                    -0.16224969923496246,
                    0.21357855200767517,
                    0.8609627485275269
                ],
                [
                    0.2682177722454071,
                    0.5827526450157166,
                    -0.7671105265617371,
                    -3.0923216342926025
                ],
                [
                    -1.4901161193847656e-08,
                    0.7962879538536072,
                    0.6049177050590515,
                    2.4385015964508057
                ],
                [
                    0.0,
                    0.0,
                    0.0,
                    1.0
                ]
            ]
        },
        {
            "file_path": "/data/shapenet_blender/all_50_random/02958343/d0aa115eb63f6f0c97df6383472cc5b6/r_18",
            "rotation": 0.12566370614359174,
            "transform_matrix": [
                [
                    -0.8247157335281372,
                    0.4944663345813751,
                    0.2744940221309662,
                    1.1065208911895752
                ],
                [
                    0.5655474662780762,
                    0.7210608720779419,
                    0.4002838730812073,
                    1.6135962009429932
                ],
                [
                    0.0,
                    0.485359787940979,
                    -0.8743143081665039,
                    -3.5244741439819336
                ],
                [
                    0.0,
                    0.0,
                    0.0,
                    1.0
                ]
            ]
        },
        {
            "file_path": "/data/shapenet_blender/all_50_random/02958343/d0aa115eb63f6f0c97df6383472cc5b6/r_19",
            "rotation": 0.12566370614359174,
            "transform_matrix": [
                [
                    0.9947460889816284,
                    -0.07007969170808792,
                    -0.07462593913078308,
                    -0.3008267879486084
                ],
                [
                    -0.10237281769514084,
                    -0.6809571981430054,
                    -0.7251325249671936,
                    -2.923102617263794
                ],
                [
                    -7.450580152834618e-09,
                    0.7289623022079468,
                    -0.6845537424087524,
                    -2.759524345397949
                ],
                [
                    0.0,
                    0.0,
                    0.0,
                    1.0
                ]
            ]
        },
        {
            "file_path": "/data/shapenet_blender/all_50_random/02958343/d0aa115eb63f6f0c97df6383472cc5b6/r_20",
            "rotation": 0.12566370614359174,
            "transform_matrix": [
                [
                    -0.8591195940971375,
                    0.23143266141414642,
                    0.4564565122127533,
                    1.84003484249115
                ],
                [
                    0.511775016784668,
                    0.38850730657577515,
                    0.7662561535835266,
                    3.088876962661743
                ],
                [
                    0.0,
                    0.8919085264205933,
                    -0.4522157907485962,
                    -1.8229399919509888
                ],
                [
                    0.0,
                    0.0,
                    0.0,
                    1.0
                ]
            ]
        },
        {
            "file_path": "/data/shapenet_blender/all_50_random/02958343/d0aa115eb63f6f0c97df6383472cc5b6/r_21",
            "rotation": 0.12566370614359174,
            "transform_matrix": [
                [
                    -0.15100440382957458,
                    0.16567625105381012,
                    0.974550724029541,
                    3.928539514541626
                ],
                [
                    0.9885331392288208,
                    0.025308046489953995,
                    0.14886850118637085,
                    0.6001081466674805
                ],
                [
                    0.0,
                    0.9858554601669312,
                    -0.16759808361530304,
                    -0.6756094694137573
                ],
                [
                    0.0,
                    0.0,
                    0.0,
                    1.0
                ]
            ]
        },
        {
            "file_path": "/data/shapenet_blender/all_50_random/02958343/d0aa115eb63f6f0c97df6383472cc5b6/r_22",
            "rotation": 0.12566370614359174,
            "transform_matrix": [
                [
                    0.9438967108726501,
                    -0.25643154978752136,
                    0.208090677857399,
                    0.8388402462005615
                ],
                [
                    0.3302406370639801,
                    0.7329349517822266,
                    -0.5947666168212891,
                    -2.397580623626709
                ],
                [
                    0.0,
                    0.630118191242218,
                    0.7764992713928223,
                    3.1301681995391846
                ],
                [
                    0.0,
                    0.0,
                    0.0,
                    1.0
                ]
            ]
        },
        {
            "file_path": "/data/shapenet_blender/all_50_random/02958343/d0aa115eb63f6f0c97df6383472cc5b6/r_23",
            "rotation": 0.12566370614359174,
            "transform_matrix": [
                [
                    0.9211855530738831,
                    -0.19345970451831818,
                    -0.3376246690750122,
                    -1.361008644104004
                ],
                [
                    -0.38912346959114075,
                    -0.4579838812351227,
                    -0.7992706298828125,
                    -3.2219631671905518
                ],
                [
                    0.0,
                    0.8676544427871704,
                    -0.49716782569885254,
                    -2.00414776802063
                ],
                [
                    0.0,
                    0.0,
                    0.0,
                    1.0
                ]
            ]
        },
        {
            "file_path": "/data/shapenet_blender/all_50_random/02958343/d0aa115eb63f6f0c97df6383472cc5b6/r_24",
            "rotation": 0.12566370614359174,
            "transform_matrix": [
                [
                    0.8914859294891357,
                    -0.041170600801706314,
                    -0.45117396116256714,
                    -1.8187404870986938
                ],
                [
                    -0.45304858684539795,
                    -0.08101341128349304,
                    -0.8877971172332764,
                    -3.578824996948242
                ],
                [
                    0.0,
                    0.9958623051643372,
                    -0.090874582529068,
                    -0.3663271963596344
                ],
                [
                    0.0,
                    0.0,
                    0.0,
                    1.0
                ]
            ]
        },
        {
            "file_path": "/data/shapenet_blender/all_50_random/02958343/d0aa115eb63f6f0c97df6383472cc5b6/r_25",
            "rotation": 0.12566370614359174,
            "transform_matrix": [
                [
                    0.9794966578483582,
                    0.08646345883607864,
                    0.18196295201778412,
                    0.7335161566734314
                ],
                [
                    0.2014608234167099,
                    -0.4203828275203705,
                    -0.8846986293792725,
                    -3.5663344860076904
                ],
                [
                    0.0,
                    0.9032176733016968,
                    -0.4291825294494629,
                    -1.7300902605056763
                ],
                [
                    0.0,
                    0.0,
                    0.0,
                    1.0
                ]
            ]
        },
        {
            "file_path": "/data/shapenet_blender/all_50_random/02958343/d0aa115eb63f6f0c97df6383472cc5b6/r_26",
            "rotation": 0.12566370614359174,
            "transform_matrix": [
                [
                    -0.06641145795583725,
                    -0.20076508820056915,
                    -0.9773856997489929,
                    -3.9399678707122803
                ],
                [
                    -0.9977923035621643,
                    0.013362603262066841,
                    0.06505323201417923,
                    0.2622379660606384
                ],
                [
                    -9.313225746154785e-10,
                    0.9795481562614441,
                    -0.20120930671691895,
                    -0.8111006617546082
                ],
                [
                    0.0,
                    0.0,
                    0.0,
                    1.0
                ]
            ]
        },
        {
            "file_path": "/data/shapenet_blender/all_50_random/02958343/d0aa115eb63f6f0c97df6383472cc5b6/r_27",
            "rotation": 0.12566370614359174,
            "transform_matrix": [
                [
                    -0.14403221011161804,
                    -0.24807527661323547,
                    0.9579735994338989,
                    3.861715078353882
                ],
                [
                    0.9895730018615723,
                    -0.036107324063777924,
                    0.13943293690681458,
                    0.5620721578598022
                ],
                [
                    0.0,
                    0.9680675864219666,
                    0.25068920850753784,
                    1.0105605125427246
                ],
                [
                    0.0,
                    0.0,
                    0.0,
                    1.0
                ]
            ]
        },
        {
            "file_path": "/data/shapenet_blender/all_50_random/02958343/d0aa115eb63f6f0c97df6383472cc5b6/r_28",
            "rotation": 0.12566370614359174,
            "transform_matrix": [
                [
                    0.7151679992675781,
                    -0.2464952915906906,
                    0.6540449857711792,
                    2.6365396976470947
                ],
                [
                    0.6989526748657227,
                    0.25221383571624756,
                    -0.6692184805870056,
                    -2.6977059841156006
                ],
                [
                    0.0,
                    0.9357500672340393,
                    0.3526638150215149,
                    1.4216333627700806
                ],
                [
                    0.0,
                    0.0,
                    0.0,
                    1.0
                ]
            ]
        },
        {
            "file_path": "/data/shapenet_blender/all_50_random/02958343/d0aa115eb63f6f0c97df6383472cc5b6/r_29",
            "rotation": 0.12566370614359174,
            "transform_matrix": [
                [
                    -0.986347496509552,
                    0.12931980192661285,
                    0.10195603221654892,
                    0.4109979569911957
                ],
                [
                    0.16467738151550293,
                    0.7745705842971802,
                    0.6106732487678528,
                    2.461702823638916
                ],
                [
                    7.450580152834618e-09,
                    0.6191259026527405,
                    -0.7852916717529297,
                    -3.16561222076416
                ],
                [
                    0.0,
                    0.0,
                    0.0,
                    1.0
                ]
            ]
        },
        {
            "file_path": "/data/shapenet_blender/all_50_random/02958343/d0aa115eb63f6f0c97df6383472cc5b6/r_30",
            "rotation": 0.12566370614359174,
            "transform_matrix": [
                [
                    0.9861692190170288,
                    -0.036574169993400574,
                    -0.1616555005311966,
                    -0.6516542434692383
                ],
                [
                    -0.16574126482009888,
                    -0.21761822700500488,
                    -0.9618586301803589,
                    -3.8773763179779053
                ],
                [
                    -3.725290076417309e-09,
                    0.9753484129905701,
                    -0.22067025303840637,
                    -0.8895503282546997
                ],
                [
                    0.0,
                    0.0,
                    0.0,
                    1.0
                ]
            ]
        },
        {
            "file_path": "/data/shapenet_blender/all_50_random/02958343/d0aa115eb63f6f0c97df6383472cc5b6/r_31",
            "rotation": 0.12566370614359174,
            "transform_matrix": [
                [
                    0.3501362204551697,
                    -0.6976451873779297,
                    0.6250564455986023,
                    2.519683361053467
                ],
                [
                    0.936698853969574,
                    0.26077842712402344,
                    -0.23364491760730743,
                    -0.941852867603302
                ],
                [
                    1.4901162970204496e-08,
                    0.6672972440719604,
                    0.7447913885116577,
                    3.002350330352783
                ],
                [
                    0.0,
                    0.0,
                    0.0,
                    1.0
                ]
            ]
        },
        {
            "file_path": "/data/shapenet_blender/all_50_random/02958343/d0aa115eb63f6f0c97df6383472cc5b6/r_32",
            "rotation": 0.12566370614359174,
            "transform_matrix": [
                [
                    -0.8166244626045227,
                    0.004205196164548397,
                    -0.5771540403366089,
                    -2.326582431793213
                ],
                [
                    -0.5771693587303162,
                    -0.005949840880930424,
                    0.8166027665138245,
                    3.2918310165405273
                ],
                [
                    2.3283064365386963e-10,
                    0.999973475933075,
                    0.00728589529171586,
                    0.02937038242816925
                ],
                [
                    0.0,
                    0.0,
                    0.0,
                    1.0
                ]
            ]
        },
        {
            "file_path": "/data/shapenet_blender/all_50_random/02958343/d0aa115eb63f6f0c97df6383472cc5b6/r_33",
            "rotation": 0.12566370614359174,
            "transform_matrix": [
                [
                    -0.1995537281036377,
                    0.44432199001312256,
                    0.8733591437339783,
                    3.5206234455108643
                ],
                [
                    0.9798868894577026,
                    0.0904860571026802,
                    0.177859365940094,
                    0.7169740796089172
                ],
                [
                    0.0,
                    0.8912856578826904,
                    -0.4534420967102051,
                    -1.8278837203979492
                ],
                [
                    0.0,
                    0.0,
                    0.0,
                    1.0
                ]
            ]
        },
        {
            "file_path": "/data/shapenet_blender/all_50_random/02958343/d0aa115eb63f6f0c97df6383472cc5b6/r_34",
            "rotation": 0.12566370614359174,
            "transform_matrix": [
                [
                    0.9921349287033081,
                    0.08671527355909348,
                    0.09027141332626343,
                    0.3638957142829895
                ],
                [
                    0.12517376244068146,
                    -0.6873105764389038,
                    -0.7154967784881592,
                    -2.8842597007751465
                ],
                [
                    0.0,
                    0.7211689352989197,
                    -0.6927592754364014,
                    -2.792602062225342
                ],
                [
                    0.0,
                    0.0,
                    0.0,
                    1.0
                ]
            ]
        },
        {
            "file_path": "/data/shapenet_blender/all_50_random/02958343/d0aa115eb63f6f0c97df6383472cc5b6/r_35",
            "rotation": 0.12566370614359174,
            "transform_matrix": [
                [
                    0.99901282787323,
                    -0.030881578102707863,
                    -0.03193278610706329,
                    -0.12872517108917236
                ],
                [
                    -0.044422686100006104,
                    -0.6944895386695862,
                    -0.7181299924850464,
                    -2.8948745727539062
                ],
                [
                    0.0,
                    0.7188395857810974,
                    -0.6951759457588196,
                    -2.8023438453674316
                ],
                [
                    0.0,
                    0.0,
                    0.0,
                    1.0
                ]
            ]
        },
        {
            "file_path": "/data/shapenet_blender/all_50_random/02958343/d0aa115eb63f6f0c97df6383472cc5b6/r_36",
            "rotation": 0.12566370614359174,
            "transform_matrix": [
                [
                    0.5060641169548035,
                    -0.2884289622306824,
                    0.8128393888473511,
                    3.2766599655151367
                ],
                [
                    0.8624957799911499,
                    0.16923393309116364,
                    -0.4769285321235657,
                    -1.922560214996338
                ],
                [
                    -1.4901160305669237e-08,
                    0.942426860332489,
                    0.3344120681285858,
                    1.3480579853057861
                ],
                [
                    0.0,
                    0.0,
                    0.0,
                    1.0
                ]
            ]
        },
        {
            "file_path": "/data/shapenet_blender/all_50_random/02958343/d0aa115eb63f6f0c97df6383472cc5b6/r_37",
            "rotation": 0.12566370614359174,
            "transform_matrix": [
                [
                    -0.9835609197616577,
                    -0.17184390127658844,
                    0.055476728826761246,
                    0.22363382577896118
                ],
                [
                    0.1805768460035324,
                    -0.9359946250915527,
                    0.3021690845489502,
                    1.2180824279785156
                ],
                [
                    3.7252898543727042e-09,
                    0.30721935629844666,
                    0.9516387581825256,
                    3.8361780643463135
                ],
                [
                    0.0,
                    0.0,
                    0.0,
                    1.0
                ]
            ]
        },
        {
            "file_path": "/data/shapenet_blender/all_50_random/02958343/d0aa115eb63f6f0c97df6383472cc5b6/r_38",
            "rotation": 0.12566370614359174,
            "transform_matrix": [
                [
                    0.37521082162857056,
                    0.38263610005378723,
                    -0.8442785143852234,
                    -3.4033961296081543
                ],
                [
                    -0.9269396066665649,
                    0.1548851579427719,
                    -0.3417508900165558,
                    -1.377642035484314
                ],
                [
                    -1.4901162970204496e-08,
                    0.9108239412307739,
                    0.4127950072288513,
                    1.6640301942825317
                ],
                [
                    0.0,
                    0.0,
                    0.0,
                    1.0
                ]
            ]
        },
        {
            "file_path": "/data/shapenet_blender/all_50_random/02958343/d0aa115eb63f6f0c97df6383472cc5b6/r_39",
            "rotation": 0.12566370614359174,
            "transform_matrix": [
                [
                    -0.8857138752937317,
                    0.4127400517463684,
                    0.2125009447336197,
                    0.8566187620162964
                ],
                [
                    0.4642316699028015,
                    0.7874723076820374,
                    0.40543344616889954,
                    1.634354591369629
                ],
                [
                    0.0,
                    0.4577477276325226,
                    -0.8890820741653442,
                    -3.5840046405792236
                ],
                [
                    0.0,
                    0.0,
                    0.0,
                    1.0
                ]
            ]
        },
        {
            "file_path": "/data/shapenet_blender/all_50_random/02958343/d0aa115eb63f6f0c97df6383472cc5b6/r_40",
            "rotation": 0.12566370614359174,
            "transform_matrix": [
                [
                    0.8053656220436096,
                    -0.055529166013002396,
                    -0.5901716947555542,
                    -2.379058361053467
                ],
                [
                    -0.5927783846855164,
                    -0.07544350624084473,
                    -0.801824152469635,
                    -3.2322568893432617
                ],
                [
                    0.0,
                    0.9956026673316956,
                    -0.09367609769105911,
                    -0.3776204586029053
                ],
                [
                    0.0,
                    0.0,
                    0.0,
                    1.0
                ]
            ]
        },
        {
            "file_path": "/data/shapenet_blender/all_50_random/02958343/d0aa115eb63f6f0c97df6383472cc5b6/r_41",
            "rotation": 0.12566370614359174,
            "transform_matrix": [
                [
                    0.6187085509300232,
                    -0.11465040594339371,
                    0.7772096991539001,
                    3.13303279876709
                ],
                [
                    0.7856206893920898,
                    0.09029190242290497,
                    -0.6120845675468445,
                    -2.4673919677734375
                ],
                [
