{
    "class": "02958343",
    "model": "35f6b9780e173878a8c38723d07b122f",
    "remove_doubles": true,
    "edge_split": true,
    "denoise": true,
    "camera_angle_x": 0.6911112070083618,
    "scale_factor": 2.253891866439449,
    "hdri_file": "/data/IndoorHDRDataset2018/AG8A9562-bfbcc44936.exr",
    "center_offset": [
        0.0,
        -1.862645149230957e-09,
        -3.725290298461914e-09
    ],
    "lights": [],
    "frames": [
        {
            "file_path": "/data/shapenet_blender/all_50_random/02958343/35f6b9780e173878a8c38723d07b122f/r_0",
            "rotation": 0.12566370614359174,
            "transform_matrix": [
                [
                    0.9998290538787842,
                    0.005404132883995771,
                    0.017687464132905006,
                    0.0713004469871521
                ],
                [
                    0.0184946246445179,
                    -0.29215019941329956,
                    -0.9561935067176819,
                    -3.854539394378662
                ],
                [
                    -4.656613983300417e-10,
                    0.9563570618629456,
                    -0.2922002375125885,
                    -1.1778968572616577
                ],
                [
                    0.0,
                    0.0,
                    0.0,
                    1.0
                ]
            ]
        },
        {
            "file_path": "/data/shapenet_blender/all_50_random/02958343/35f6b9780e173878a8c38723d07b122f/r_1",
            "rotation": 0.12566370614359174,
            "transform_matrix": [
                [
                    0.982887864112854,
                    0.0006025986513122916,
                    0.18420399725437164,
                    0.7425500750541687
                ],
                [
                    0.18420498073101044,
                    -0.003215368604287505,
                    -0.9828826189041138,
                    -3.9621264934539795
                ],
                [
                    0.0,
                    0.9999945759773254,
                    -0.0032713490072637796,
                    -0.013187229633331299
                ],
                [
                    0.0,
                    0.0,
                    0.0,
                    1.0
                ]
            ]
        },
        {
            "file_path": "/data/shapenet_blender/all_50_random/02958343/35f6b9780e173878a8c38723d07b122f/r_2",
            "rotation": 0.12566370614359174,
            "transform_matrix": [
                [
                    0.24398788809776306,
                    0.5740315914154053,
                    0.7816377878189087,
                    3.1508827209472656
                ],
                [
                    0.969778299331665,
                    -0.14442139863967896,
                    -0.1966533362865448,
                    -0.7927349805831909
                ],
                [
                    -7.450581485102248e-09,
                    0.8059963583946228,
                    -0.5919204354286194,
                    -2.3861076831817627
                ],
                [
                    0.0,
                    0.0,
                    0.0,
                    1.0
                ]
            ]
        },
        {
            "file_path": "/data/shapenet_blender/all_50_random/02958343/35f6b9780e173878a8c38723d07b122f/r_3",
            "rotation": 0.12566370614359174,
            "transform_matrix": [
                [
                    0.980337917804718,
                    0.02014511078596115,
                    0.1962950974702835,
                    0.791290819644928
                ],
                [
                    0.19732609391212463,
                    -0.10008314251899719,
                    -0.9752157926559448,
                    -3.931220293045044
                ],
                [
                    1.8626448161640496e-09,
                    0.9947751760482788,
                    -0.10209044814109802,
                    -0.4115397334098816
                ],
                [
                    0.0,
                    0.0,
                    0.0,
                    1.0
                ]
            ]
        },
        {
            "file_path": "/data/shapenet_blender/all_50_random/02958343/35f6b9780e173878a8c38723d07b122f/r_4",
            "rotation": 0.12566370614359174,
            "transform_matrix": [
                [
                    -0.7461313009262085,
                    -0.5928720831871033,
                    0.30297020077705383,
                    1.2213119268417358
                ],
                [
                    0.6657989025115967,
                    -0.664405345916748,
                    0.3395252227783203,
                    1.3686699867248535
                ],
                [
                    -1.4901161193847656e-08,
                    0.4550476372241974,
                    0.89046710729599,
                    3.589587688446045
                ],
                [
                    0.0,
                    0.0,
                    0.0,
                    1.0
                ]
            ]
        },
        {
            "file_path": "/data/shapenet_blender/all_50_random/02958343/35f6b9780e173878a8c38723d07b122f/r_5",
            "rotation": 0.12566370614359174,
            "transform_matrix": [
                [
                    0.3711535632610321,
                    -0.4523669183254242,
                    0.8109310269355774,
                    3.268967628479004
                ],
                [
                    0.9285715818405151,
                    0.1808127760887146,
                    -0.32413220405578613,
                    -1.3066186904907227
                ],
                [
                    0.0,
                    0.8733102679252625,
                    0.48716431856155396,
                    1.9638221263885498
                ],
                [
                    0.0,
                    0.0,
                    0.0,
                    1.0
                ]
            ]
        },
        {
            "file_path": "/data/shapenet_blender/all_50_random/02958343/35f6b9780e173878a8c38723d07b122f/r_6",
            "rotation": 0.12566370614359174,
            "transform_matrix": [
                [
                    -0.9056161642074585,
                    -0.19592440128326416,
                    -0.3761288523674011,
                    -1.5162239074707031
                ],
                [
                    -0.4240981638431549,
                    0.41837555170059204,
                    0.8031827807426453,
                    3.2377333641052246
                ],
                [
                    1.4901160305669237e-08,
                    0.8868908882141113,
                    -0.46197888255119324,
                    -1.862296462059021
                ],
                [
                    0.0,
                    0.0,
                    0.0,
                    1.0
                ]
            ]
        },
        {
            "file_path": "/data/shapenet_blender/all_50_random/02958343/35f6b9780e173878a8c38723d07b122f/r_7",
            "rotation": 0.12566370614359174,
            "transform_matrix": [
                [
                    -0.40875282883644104,
                    0.874968409538269,
                    0.25952136516571045,
                    1.0461640357971191
                ],
                [
                    0.912645161151886,
                    0.39187824726104736,
                    0.11623366177082062,
                    0.4685528874397278
                ],
                [
                    7.450580596923828e-09,
                    0.2843618094921112,
                    -0.9587170481681824,
                    -3.8647119998931885
                ],
                [
                    0.0,
                    0.0,
                    0.0,
                    1.0
                ]
            ]
        },
        {
            "file_path": "/data/shapenet_blender/all_50_random/02958343/35f6b9780e173878a8c38723d07b122f/r_8",
            "rotation": 0.12566370614359174,
            "transform_matrix": [
                [
                    -0.9057104587554932,
                    0.006019663531333208,
                    0.4238540530204773,
                    1.7086102962493896
                ],
                [
                    0.42389675974845886,
                    0.012861792929470539,
                    0.905619204044342,
                    3.650667667388916
                ],
                [
                    -4.6566123179658803e-10,
                    0.9998992085456848,
                    -0.014200777746737003,
                    -0.0572451651096344
                ],
                [
                    0.0,
                    0.0,
                    0.0,
                    1.0
                ]
            ]
        },
        {
            "file_path": "/data/shapenet_blender/all_50_random/02958343/35f6b9780e173878a8c38723d07b122f/r_9",
            "rotation": 0.12566370614359174,
            "transform_matrix": [
                [
                    0.9700733423233032,
                    -0.06250303238630295,
                    0.23462949693202972,
                    0.9458217620849609
                ],
                [
                    0.2428119033575058,
                    0.2497098445892334,
                    -0.937383234500885,
                    -3.778712749481201
                ],
                [
                    0.0,
                    0.9663013815879822,
                    0.2574133574962616,
                    1.0376664400100708
                ],
                [
                    0.0,
                    0.0,
                    0.0,
                    1.0
                ]
            ]
        },
        {
            "file_path": "/data/shapenet_blender/all_50_random/02958343/35f6b9780e173878a8c38723d07b122f/r_10",
            "rotation": 0.12566370614359174,
            "transform_matrix": [
                [
                    0.21944838762283325,
                    -0.7830008864402771,
                    0.5820238590240479,
                    2.3462131023406982
                ],
                [
                    0.9756242036819458,
                    0.17612135410308838,
                    -0.1309153437614441,
                    -0.5277366042137146
                ],
                [
                    0.0,
                    0.5965656042098999,
                    0.802564263343811,
                    3.2352399826049805
                ],
                [
                    0.0,
                    0.0,
                    0.0,
                    1.0
                ]
            ]
        },
        {
            "file_path": "/data/shapenet_blender/all_50_random/02958343/35f6b9780e173878a8c38723d07b122f/r_11",
            "rotation": 0.12566370614359174,
            "transform_matrix": [
                [
                    -0.5228102803230286,
                    0.6994103789329529,
                    -0.4873340427875519,
                    -1.9645063877105713
                ],
                [
                    -0.8524491786956787,
                    -0.4289509952068329,
                    0.2988837957382202,
                    1.2048391103744507
                ],
                [
                    1.4901162970204496e-08,
                    0.571686863899231,
                    0.8204718232154846,
                    3.3074276447296143
                ],
                [
                    0.0,
                    0.0,
                    0.0,
                    1.0
                ]
            ]
        },
        {
            "file_path": "/data/shapenet_blender/all_50_random/02958343/35f6b9780e173878a8c38723d07b122f/r_12",
            "rotation": 0.12566370614359174,
            "transform_matrix": [
                [
                    0.14085371792316437,
                    -0.6865925192832947,
                    0.7132678031921387,
                    2.875274419784546
                ],
                [
                    0.9900304079055786,
                    0.09768296778202057,
                    -0.10147811472415924,
                    -0.4090713560581207
                ],
                [
                    0.0,
                    0.7204502820968628,
                    0.6935065388679504,
                    2.795614242553711
                ],
                [
                    0.0,
                    0.0,
                    0.0,
                    1.0
                ]
            ]
        },
        {
            "file_path": "/data/shapenet_blender/all_50_random/02958343/35f6b9780e173878a8c38723d07b122f/r_13",
            "rotation": 0.12566370614359174,
            "transform_matrix": [
                [
                    0.992938220500946,
                    -7.947866106405854e-05,
                    -0.11863286048173904,
                    -0.47822436690330505
                ],
                [
                    -0.11863289773464203,
                    -0.0006652235751971602,
                    -0.9929379224777222,
                    -4.002660751342773
                ],
                [
                    7.275958481545164e-12,
                    0.9999997019767761,
                    -0.0006699546938762069,
                    -0.0027006736490875483
                ],
                [
                    0.0,
                    0.0,
                    0.0,
                    1.0
                ]
            ]
        },
        {
            "file_path": "/data/shapenet_blender/all_50_random/02958343/35f6b9780e173878a8c38723d07b122f/r_14",
            "rotation": 0.12566370614359174,
            "transform_matrix": [
                [
                    -0.7202894687652588,
                    -0.14933204650878906,
                    0.6774091124534607,
                    2.7307233810424805
                ],
                [
                    0.6936736106872559,
                    -0.15506182610988617,
                    0.7034008502960205,
                    2.8354995250701904
                ],
                [
                    7.4505797087454084e-09,
                    0.9765530228614807,
                    0.21527712047100067,
                    0.8678098320960999
                ],
                [
                    0.0,
                    0.0,
                    0.0,
                    1.0
                ]
            ]
        },
        {
            "file_path": "/data/shapenet_blender/all_50_random/02958343/35f6b9780e173878a8c38723d07b122f/r_15",
            "rotation": 0.12566370614359174,
            "transform_matrix": [
                [
                    0.7171141505241394,
                    0.6892065405845642,
                    -0.10364168882369995,
                    -0.41779303550720215
                ],
                [
                    -0.6969556212425232,
                    0.7091408967971802,
                    -0.10663937777280807,
                    -0.4298771023750305
                ],
                [
                    0.0,
                    0.14870628714561462,
                    0.9888812899589539,
                    3.9863083362579346
                ],
                [
                    0.0,
                    0.0,
                    0.0,
                    1.0
                ]
            ]
        },
        {
            "file_path": "/data/shapenet_blender/all_50_random/02958343/35f6b9780e173878a8c38723d07b122f/r_16",
            "rotation": 0.12566370614359174,
            "transform_matrix": [
                [
                    0.8424584865570068,
                    -0.31955981254577637,
                    0.4337571859359741,
                    1.7485311031341553
                ],
                [
                    0.53876131772995,
                    0.4996941089630127,
                    -0.6782639622688293,
                    -2.7341694831848145
                ],
                [
                    -1.4901162970204496e-08,
                    0.8051007390022278,
                    0.5931379795074463,
                    2.3910157680511475
                ],
                [
                    0.0,
                    0.0,
                    0.0,
                    1.0
                ]
            ]
        },
        {
            "file_path": "/data/shapenet_blender/all_50_random/02958343/35f6b9780e173878a8c38723d07b122f/r_17",
            "rotation": 0.12566370614359174,
            "transform_matrix": [
                [
                    -0.9806081056594849,
                    -0.08725137263536453,
                    0.17548497021198273,
                    0.7074025273323059
                ],
                [
                    0.1959790289402008,
                    -0.4365742802619934,
                    0.8780632615089417,
                    3.539586305618286
                ],
                [
                    0.0,
                    0.8954272866249084,
                    0.44520771503448486,
                    1.794689655303955
                ],
                [
                    0.0,
                    0.0,
                    0.0,
                    1.0
                ]
            ]
        },
        {
            "file_path": "/data/shapenet_blender/all_50_random/02958343/35f6b9780e173878a8c38723d07b122f/r_18",
            "rotation": 0.12566370614359174,
            "transform_matrix": [
                [
                    -0.9799453616142273,
                    -0.1483580619096756,
                    0.13302960991859436,
                    0.5362595319747925
                ],
                [
                    0.19926612079143524,
                    -0.7295911312103271,
                    0.654209315776825,
                    2.637202024459839
                ],
                [
                    0.0,
                    0.6675977110862732,
                    0.744522213935852,
                    3.001265048980713
                ],
                [
                    0.0,
                    0.0,
                    0.0,
                    1.0
                ]
            ]
        },
        {
            "file_path": "/data/shapenet_blender/all_50_random/02958343/35f6b9780e173878a8c38723d07b122f/r_19",
            "rotation": 0.12566370614359174,
            "transform_matrix": [
                [
                    -0.2582869827747345,
                    0.8942127823829651,
                    -0.36561089754104614,
                    -1.4738247394561768
                ],
                [
                    -0.9660682678222656,
                    -0.23907576501369476,
                    0.09774933755397797,
                    0.39404022693634033
                ],
                [
                    7.450580596923828e-09,
                    0.3784524202346802,
                    0.9256206750869751,
                    3.7312965393066406
                ],
                [
                    0.0,
                    0.0,
                    0.0,
                    1.0
                ]
            ]
        },
        {
            "file_path": "/data/shapenet_blender/all_50_random/02958343/35f6b9780e173878a8c38723d07b122f/r_20",
            "rotation": 0.12566370614359174,
            "transform_matrix": [
                [
                    -0.8725541830062866,
                    0.25770285725593567,
                    0.4150163233280182,
                    1.6729843616485596
                ],
                [
                    0.48851752281188965,
                    0.46028995513916016,
                    0.7412717342376709,
                    2.988162040710449
                ],
                [
                    1.4901162970204496e-08,
                    0.8495423793792725,
                    -0.5275202393531799,
                    -2.12650203704834
                ],
                [
                    0.0,
                    0.0,
                    0.0,
                    1.0
                ]
            ]
        },
        {
            "file_path": "/data/shapenet_blender/all_50_random/02958343/35f6b9780e173878a8c38723d07b122f/r_21",
            "rotation": 0.12566370614359174,
            "transform_matrix": [
                [
                    0.11306553333997726,
                    0.09572936594486237,
                    0.9889652132987976,
                    3.9866459369659424
                ],
                [
                    0.9935875535011292,
                    -0.010893546976149082,
                    -0.11253953725099564,
                    -0.45366135239601135
                ],
                [
                    0.0,
                    0.995347797870636,
                    -0.09634719789028168,
                    -0.3883879482746124
                ],
                [
                    0.0,
                    0.0,
                    0.0,
                    1.0
                ]
            ]
        },
        {
            "file_path": "/data/shapenet_blender/all_50_random/02958343/35f6b9780e173878a8c38723d07b122f/r_22",
            "rotation": 0.12566370614359174,
            "transform_matrix": [
                [
                    -0.9758361577987671,
                    0.04443958029150963,
                    -0.21393701434135437,
                    -0.8624076843261719
                ],
                [
                    -0.21850383281707764,
                    -0.19846676290035248,
                    0.9554407596588135,
                    3.8515048027038574
                ],
                [
                    0.0,
                    0.9790995717048645,
                    0.2033812552690506,
                    0.8198560476303101
                ],
                [
                    0.0,
                    0.0,
                    0.0,
                    1.0
                ]
            ]
        },
        {
            "file_path": "/data/shapenet_blender/all_50_random/02958343/35f6b9780e173878a8c38723d07b122f/r_23",
            "rotation": 0.12566370614359174,
            "transform_matrix": [
                [
                    0.26491305232048035,
                    -0.04798869043588638,
                    -0.9630773663520813,
                    -3.882289171218872
                ],
                [
                    -0.9642723202705383,
                    -0.013183859176933765,
                    -0.2645847499370575,
                    -1.0665754079818726
                ],
                [
                    0.0,
                    0.9987607002258301,
                    -0.049766745418310165,
                    -0.20061618089675903
                ],
                [
                    0.0,
                    0.0,
                    0.0,
                    1.0
                ]
            ]
        },
        {
            "file_path": "/data/shapenet_blender/all_50_random/02958343/35f6b9780e173878a8c38723d07b122f/r_24",
            "rotation": 0.12566370614359174,
            "transform_matrix": [
                [
                    -0.5599903464317322,
                    0.031222958117723465,
                    -0.8279105424880981,
                    -3.337414264678955
                ],
                [
                    -0.8284991383552551,
                    -0.021103892475366592,
                    0.5595925450325012,
                    2.2557897567749023
                ],
                [
                    0.0,
                    0.9992895722389221,
                    0.037686172872781754,
                    0.15191781520843506
                ],
                [
                    0.0,
                    0.0,
                    0.0,
                    1.0
                ]
            ]
        },
        {
            "file_path": "/data/shapenet_blender/all_50_random/02958343/35f6b9780e173878a8c38723d07b122f/r_25",
            "rotation": 0.12566370614359174,
            "transform_matrix": [
                [
                    -0.5926105380058289,
                    -0.052221812307834625,
                    -0.8037944436073303,
                    -3.240199327468872
                ],
                [
                    -0.8054892420768738,
                    0.03842037171125412,
                    0.5913636684417725,
                    2.3838634490966797
                ],
                [
                    -1.862645371275562e-09,
                    0.9978961944580078,
                    -0.064832404255867,
                    -0.26134780049324036
                ],
                [
                    0.0,
                    0.0,
                    0.0,
                    1.0
                ]
            ]
        },
        {
            "file_path": "/data/shapenet_blender/all_50_random/02958343/35f6b9780e173878a8c38723d07b122f/r_26",
            "rotation": 0.12566370614359174,
            "transform_matrix": [
                [
                    -0.8072105050086975,
                    0.5080448985099792,
                    -0.3005020320415497,
                    -1.211362600326538
                ],
                [
                    -0.5902635455131531,
                    -0.6947730183601379,
                    0.41094931960105896,
                    1.6565898656845093
                ],
                [
                    0.0,
                    0.50909823179245,
                    0.8607084155082703,
                    3.4696269035339355
                ],
                [
                    0.0,
                    0.0,
                    0.0,
                    1.0
                ]
            ]
        },
        {
            "file_path": "/data/shapenet_blender/all_50_random/02958343/35f6b9780e173878a8c38723d07b122f/r_27",
            "rotation": 0.12566370614359174,
            "transform_matrix": [
                [
                    0.3390832841396332,
                    -0.6484827399253845,
                    0.6815369129180908,
                    2.747363328933716
                ],
                [
                    0.9407564401626587,
                    0.23373708128929138,
                    -0.2456510365009308,
                    -0.9902510643005371
                ],
                [
                    0.0,
                    0.7244564294815063,
                    0.6893205046653748,
                    2.778740167617798
                ],
                [
                    0.0,
                    0.0,
                    0.0,
                    1.0
                ]
            ]
        },
        {
            "file_path": "/data/shapenet_blender/all_50_random/02958343/35f6b9780e173878a8c38723d07b122f/r_28",
            "rotation": 0.12566370614359174,
            "transform_matrix": [
                [
                    -0.2567181885242462,
                    0.09503506124019623,
                    0.9618024230003357,
                    3.877149820327759
                ],
                [
                    0.9664862751960754,
                    0.025243226438760757,
                    0.2554740607738495,
                    1.0298490524291992
                ],
                [
                    -1.862645149230957e-09,
                    0.9951537847518921,
                    -0.09833047538995743,
                    -0.3963828682899475
                ],
                [
                    0.0,
                    0.0,
                    0.0,
                    1.0
                ]
            ]
        },
        {
            "file_path": "/data/shapenet_blender/all_50_random/02958343/35f6b9780e173878a8c38723d07b122f/r_29",
            "rotation": 0.12566370614359174,
            "transform_matrix": [
                [
                    -0.9927950501441956,
                    -0.01736949197947979,
                    0.11855917423963547,
                    0.4779273271560669
                ],
                [
                    0.11982477456331253,
                    -0.14391303062438965,
                    0.9823090434074402,
                    3.9598143100738525
                ],
                [
                    0.0,
                    0.9894378781318665,
                    0.14495743811130524,
                    0.5843421220779419
                ],
                [
                    0.0,
                    0.0,
                    0.0,
                    1.0
                ]
            ]
        },
        {
            "file_path": "/data/shapenet_blender/all_50_random/02958343/35f6b9780e173878a8c38723d07b122f/r_30",
            "rotation": 0.12566370614359174,
            "transform_matrix": [
                [
                    0.7956764698028564,
                    -0.1544233113527298,
                    0.5857068300247192,
                    2.3610596656799316
                ],
                [
                    0.6057218909263611,
                    0.20285049080848694,
                    -0.7693846225738525,
                    -3.1014885902404785
                ],
                [
                    0.0,
                    0.9669564962387085,
                    0.2549409866333008,
                    1.0276999473571777
                ],
                [
                    0.0,
                    0.0,
                    0.0,
                    1.0
                ]
            ]
        },
        {
            "file_path": "/data/shapenet_blender/all_50_random/02958343/35f6b9780e173878a8c38723d07b122f/r_31",
            "rotation": 0.12566370614359174,
            "transform_matrix": [
                [
                    -0.022941989824175835,
                    0.17369218170642853,
                    -0.9845327138900757,
                    -3.968778371810913
                ],
                [
                    -0.9997369050979614,
                    -0.003985892981290817,
                    0.02259308286011219,
                    0.09107562899589539
                ],
                [
                    -4.656613428188905e-10,
                    0.9847919344902039,
                    0.17373791337013245,
                    0.7003599405288696
                ],
                [
                    0.0,
                    0.0,
                    0.0,
                    1.0
                ]
            ]
        },
        {
            "file_path": "/data/shapenet_blender/all_50_random/02958343/35f6b9780e173878a8c38723d07b122f/r_32",
            "rotation": 0.12566370614359174,
            "transform_matrix": [
                [
                    -0.26493170857429504,
                    0.42886558175086975,
                    0.8636466264724731,
                    3.481470823287964
                ],
                [
                    0.9642671346664429,
                    0.11783051490783691,
                    0.2372862994670868,
                    0.9565316438674927
                ],
                [
                    0.0,
                    0.8956508636474609,
                    -0.44475802779197693,
                    -1.792876958847046
                ],
                [
                    0.0,
                    0.0,
                    0.0,
                    1.0
                ]
            ]
        },
        {
            "file_path": "/data/shapenet_blender/all_50_random/02958343/35f6b9780e173878a8c38723d07b122f/r_33",
            "rotation": 0.12566370614359174,
            "transform_matrix": [
                [
                    -0.12184666097164154,
                    0.6974620819091797,
                    -0.7061870694160461,
                    -2.846731185913086
                ],
                [
                    -0.992548942565918,
                    -0.08562140166759491,
                    0.08669248968362808,
                    0.3494686186313629
                ],
                [
                    0.0,
                    0.7114883661270142,
                    0.7026978731155396,
                    2.8326656818389893
                ],
                [
                    0.0,
                    0.0,
                    0.0,
                    1.0
                ]
            ]
        },
        {
            "file_path": "/data/shapenet_blender/all_50_random/02958343/35f6b9780e173878a8c38723d07b122f/r_34",
            "rotation": 0.12566370614359174,
            "transform_matrix": [
                [
                    0.06706707179546356,
                    -0.4843621850013733,
                    -0.8722930550575256,
                    -3.5163259506225586
                ],
                [
                    -0.9977484941482544,
                    -0.03255805745720863,
                    -0.058634161949157715,
                    -0.23636187613010406
                ],
                [
                    1.862645149230957e-09,
                    0.8742614388465881,
                    -0.485455185174942,
                    -1.956932544708252
                ],
                [
                    0.0,
                    0.0,
                    0.0,
                    1.0
                ]
            ]
        },
        {
            "file_path": "/data/shapenet_blender/all_50_random/02958343/35f6b9780e173878a8c38723d07b122f/r_35",
            "rotation": 0.12566370614359174,
            "transform_matrix": [
                [
                    -0.892608642578125,
                    -0.43235495686531067,
                    0.1277466118335724,
                    0.5149630904197693
                ],
                [
                    0.45083263516426086,
                    -0.8560245037078857,
                    0.2529269754886627,
                    1.0195811986923218
                ],
                [
                    -7.450581485102248e-09,
                    0.2833569645881653,
                    0.9590144753456116,
                    3.8659110069274902
                ],
                [
                    0.0,
                    0.0,
                    0.0,
                    1.0
                ]
            ]
        },
        {
            "file_path": "/data/shapenet_blender/all_50_random/02958343/35f6b9780e173878a8c38723d07b122f/r_36",
            "rotation": 0.12566370614359174,
            "transform_matrix": [
                [
                    -0.9433274269104004,
                    0.2284815013408661,
                    -0.24068567156791687,
                    -0.9702348709106445
                ],
                [
                    -0.33186349272727966,
                    -0.6494624018669128,
                    0.6841529607772827,
                    2.757908582687378
                ],
                [
                    0.0,
                    0.7252548933029175,
                    0.6884803771972656,
                    2.775352954864502
                ],
                [
                    0.0,
                    0.0,
                    0.0,
                    1.0
                ]
            ]
        },
        {
            "file_path": "/data/shapenet_blender/all_50_random/02958343/35f6b9780e173878a8c38723d07b122f/r_37",
            "rotation": 0.12566370614359174,
            "transform_matrix": [
                [
                    -0.9818527698516846,
                    0.09632974117994308,
                    -0.16335821151733398,
                    -0.6585180759429932
                ],
                [
                    -0.18964530527591705,
                    -0.4987291097640991,
                    0.8457563519477844,
                    3.409353256225586
                ],
                [
                    -7.450581485102248e-09,
                    0.8613882660865784,
                    0.5079469084739685,
                    2.0475997924804688
                ],
                [
                    0.0,
                    0.0,
                    0.0,
                    1.0
                ]
            ]
        },
        {
            "file_path": "/data/shapenet_blender/all_50_random/02958343/35f6b9780e173878a8c38723d07b122f/r_38",
            "rotation": 0.12566370614359174,
            "transform_matrix": [
                [
                    -0.05507129803299904,
                    -0.490515798330307,
                    -0.8696904182434082,
                    -3.5058341026306152
                ],
                [
                    -0.998482346534729,
                    0.027054401114583015,
                    0.04796777665615082,
                    0.19336429238319397
                ],
                [
                    1.8626450382086546e-09,
                    0.8710122108459473,
                    -0.49126136302948,
                    -1.9803378582000732
                ],
                [
                    0.0,
                    0.0,
                    0.0,
                    1.0
                ]
            ]
        },
        {
            "file_path": "/data/shapenet_blender/all_50_random/02958343/35f6b9780e173878a8c38723d07b122f/r_39",
            "rotation": 0.12566370614359174,
            "transform_matrix": [
                [
                    -0.5605947375297546,
                    -0.10593327134847641,
                    -0.8212866187095642,
                    -3.3107123374938965
                ],
                [
                    -0.8280904293060303,
                    0.07171394675970078,
                    0.5559887290000916,
                    2.241262197494507
                ],
                [
                    3.725290742551124e-09,
                    0.991783857345581,
                    -0.12792477011680603,
                    -0.515681266784668
                ],
                [
                    0.0,
                    0.0,
                    0.0,
                    1.0
                ]
            ]
        },
        {
            "file_path": "/data/shapenet_blender/all_50_random/02958343/35f6b9780e173878a8c38723d07b122f/r_40",
            "rotation": 0.12566370614359174,
            "transform_matrix": [
                [
                    -0.17801544070243835,
                    0.8122828602790833,
                    0.5554341077804565,
                    2.2390267848968506
                ],
                [
                    0.9840277433395386,
                    0.14694595336914062,
                    0.10048075765371323,
                    0.40505093336105347
                ],
                [
                    0.0,
                    0.5644496083259583,
                    -0.8254673480987549,
                    -3.3275656700134277
                ],
                [
                    0.0,
                    0.0,
                    0.0,
                    1.0
                ]
            ]
        },
        {
            "file_path": "/data/shapenet_blender/all_50_random/02958343/35f6b9780e173878a8c38723d07b122f/r_41",
            "rotation": 0.12566370614359174,
            "transform_matrix": [
                [
                    0.2137814462184906,
                    -0.11022400856018066,
                    -0.970643162727356,
                    -3.912787675857544
                ],
                [
                    -0.9768815040588379,
                    -0.024121500551700592,
                    -0.21241623163223267,
                    -0.8562772274017334
