{
    "class": "02958343",
    "model": "27e267f0570f121869a949ac99a843c4",
    "remove_doubles": true,
    "edge_split": true,
    "denoise": true,
    "camera_angle_x": 0.6911112070083618,
    "scale_factor": 2.291998205441926,
    "hdri_file": "/data/IndoorHDRDataset2018/9C4A8462-635c86de75.exr",
    "center_offset": [
        0.0,
        0.0,
        -1.862645149230957e-09
    ],
    "lights": [],
    "frames": [
        {
            "file_path": "/data/shapenet_blender/all_50_random/02958343/27e267f0570f121869a949ac99a843c4/r_0",
            "rotation": 0.12566370614359174,
            "transform_matrix": [
                [
                    0.7317700982093811,
                    -0.10452781617641449,
                    0.6734883189201355,
                    2.7149181365966797
                ],
                [
                    0.6815515756607056,
                    0.11222968995571136,
                    -0.7231126427650452,
                    -2.9149603843688965
                ],
                [
                    0.0,
                    0.9881691932678223,
                    0.15336741507053375,
                    0.6182438135147095
                ],
                [
                    0.0,
                    0.0,
                    0.0,
                    1.0
                ]
            ]
        },
        {
            "file_path": "/data/shapenet_blender/all_50_random/02958343/27e267f0570f121869a949ac99a843c4/r_1",
            "rotation": 0.12566370614359174,
            "transform_matrix": [
                [
                    0.9105145335197449,
                    -0.003500493010506034,
                    -0.41346222162246704,
                    -1.666719675064087
                ],
                [
                    -0.4134770631790161,
                    -0.00770840747281909,
                    -0.9104818105697632,
                    -3.670269727706909
                ],
                [
                    -2.3283062977608182e-10,
                    0.9999642372131348,
                    -0.00846598856151104,
                    -0.03412749618291855
                ],
                [
                    0.0,
                    0.0,
                    0.0,
                    1.0
                ]
            ]
        },
        {
            "file_path": "/data/shapenet_blender/all_50_random/02958343/27e267f0570f121869a949ac99a843c4/r_2",
            "rotation": 0.12566370614359174,
            "transform_matrix": [
                [
                    0.6015637516975403,
                    0.3061458170413971,
                    0.737831711769104,
                    2.974294900894165
                ],
                [
                    0.798824667930603,
                    -0.2305464893579483,
                    -0.5556322932243347,
                    -2.23982572555542
                ],
                [
                    1.4901160305669237e-08,
                    0.9236464500427246,
                    -0.3832452893257141,
                    -1.54491126537323
                ],
                [
                    0.0,
                    0.0,
                    0.0,
                    1.0
                ]
            ]
        },
        {
            "file_path": "/data/shapenet_blender/all_50_random/02958343/27e267f0570f121869a949ac99a843c4/r_3",
            "rotation": 0.12566370614359174,
            "transform_matrix": [
                [
                    0.5195364356040955,
                    -0.36100518703460693,
                    0.774439811706543,
                    3.1218669414520264
                ],
                [
                    0.8544482588768005,
                    0.21950462460517883,
                    -0.47088828682899475,
                    -1.8982114791870117
                ],
                [
                    -1.4901161193847656e-08,
                    0.9063623547554016,
                    0.42250096797943115,
                    1.7031559944152832
                ],
                [
                    0.0,
                    0.0,
                    0.0,
                    1.0
                ]
            ]
        },
        {
            "file_path": "/data/shapenet_blender/all_50_random/02958343/27e267f0570f121869a949ac99a843c4/r_4",
            "rotation": 0.12566370614359174,
            "transform_matrix": [
                [
                    0.4971897602081299,
                    -0.6765996217727661,
                    0.5431529879570007,
                    2.1895196437835693
                ],
                [
                    0.867641806602478,
                    0.38771578669548035,
                    -0.3112460672855377,
                    -1.2546730041503906
                ],
                [
                    -1.4901161193847656e-08,
                    0.626010537147522,
                    0.7798145413398743,
                    3.1435329914093018
                ],
                [
                    0.0,
                    0.0,
                    0.0,
                    1.0
                ]
            ]
        },
        {
            "file_path": "/data/shapenet_blender/all_50_random/02958343/27e267f0570f121869a949ac99a843c4/r_5",
            "rotation": 0.12566370614359174,
            "transform_matrix": [
                [
                    0.689836323261261,
                    -0.25124087929725647,
                    -0.6789727210998535,
                    -2.7370266914367676
                ],
                [
                    -0.7239654660224915,
                    -0.23939689993858337,
                    -0.6469646096229553,
                    -2.6079976558685303
                ],
                [
                    1.4901159417490817e-08,
                    0.9378524422645569,
                    -0.34703436493873596,
                    -1.3989403247833252
                ],
                [
                    0.0,
                    0.0,
                    0.0,
                    1.0
                ]
            ]
        },
        {
            "file_path": "/data/shapenet_blender/all_50_random/02958343/27e267f0570f121869a949ac99a843c4/r_6",
            "rotation": 0.12566370614359174,
            "transform_matrix": [
                [
                    -0.38014721870422363,
                    0.043299589306116104,
                    0.923911988735199,
                    3.724407911300659
                ],
                [
                    0.9249259233474731,
                    0.017796257510781288,
                    0.3797305226325989,
                    1.5307425260543823
                ],
                [
                    0.0,
                    0.9989035725593567,
                    -0.046814125031232834,
                    -0.18871374428272247
                ],
                [
                    0.0,
                    0.0,
                    0.0,
                    1.0
                ]
            ]
        },
        {
            "file_path": "/data/shapenet_blender/all_50_random/02958343/27e267f0570f121869a949ac99a843c4/r_7",
            "rotation": 0.12566370614359174,
            "transform_matrix": [
                [
                    0.9998873472213745,
                    -0.002406327985227108,
                    0.014811615459620953,
                    0.05970753729343414
                ],
                [
                    0.015005811117589474,
                    0.16034166514873505,
                    -0.9869474172592163,
                    -3.9785125255584717
                ],
                [
                    2.3283062977608182e-10,
                    0.9870586395263672,
                    0.1603597104549408,
                    0.6464307308197021
                ],
                [
                    0.0,
                    0.0,
                    0.0,
                    1.0
                ]
            ]
        },
        {
            "file_path": "/data/shapenet_blender/all_50_random/02958343/27e267f0570f121869a949ac99a843c4/r_8",
            "rotation": 0.12566370614359174,
            "transform_matrix": [
                [
                    0.4857409596443176,
                    0.7491125464439392,
                    -0.45042890310287476,
                    -1.8157371282577515
                ],
                [
                    -0.874102771282196,
                    0.41628357768058777,
                    -0.25030437111854553,
                    -1.0090093612670898
                ],
                [
                    0.0,
                    0.5153043270111084,
                    0.8570072054862976,
                    3.454706907272339
                ],
                [
                    0.0,
                    0.0,
                    0.0,
                    1.0
                ]
            ]
        },
        {
            "file_path": "/data/shapenet_blender/all_50_random/02958343/27e267f0570f121869a949ac99a843c4/r_9",
            "rotation": 0.12566370614359174,
            "transform_matrix": [
                [
                    -0.09272763878107071,
                    -0.08641116321086884,
                    0.9919348359107971,
                    3.998617172241211
                ],
                [
                    0.9956915378570557,
                    -0.0080473767593503,
                    0.09237778931856155,
                    0.37238678336143494
                ],
                [
                    9.313225746154785e-10,
                    0.996226966381073,
                    0.08678508549928665,
                    0.3498418629169464
                ],
                [
                    0.0,
                    0.0,
                    0.0,
                    1.0
                ]
            ]
        },
        {
            "file_path": "/data/shapenet_blender/all_50_random/02958343/27e267f0570f121869a949ac99a843c4/r_10",
            "rotation": 0.12566370614359174,
            "transform_matrix": [
                [
                    -0.8979343175888062,
                    -0.0020900059025734663,
                    0.44012460112571716,
                    1.7741990089416504
                ],
                [
                    0.4401296079158783,
                    -0.0042639439925551414,
                    0.8979241251945496,
                    3.619647979736328
                ],
                [
                    0.0,
                    0.9999887943267822,
                    0.00474861403927207,
                    0.01914227567613125
                ],
                [
                    0.0,
                    0.0,
                    0.0,
                    1.0
                ]
            ]
        },
        {
            "file_path": "/data/shapenet_blender/all_50_random/02958343/27e267f0570f121869a949ac99a843c4/r_11",
            "rotation": 0.12566370614359174,
            "transform_matrix": [
                [
                    -0.768997848033905,
                    -0.15888866782188416,
                    -0.6191903352737427,
                    -2.4960360527038574
                ],
                [
                    -0.6392513513565063,
                    0.19113771617412567,
                    0.7448651194572449,
                    3.0026473999023438
                ],
                [
                    0.0,
                    0.9686179757118225,
                    -0.2485542744398117,
                    -1.0019543170928955
                ],
                [
                    0.0,
                    0.0,
                    0.0,
                    1.0
                ]
            ]
        },
        {
            "file_path": "/data/shapenet_blender/all_50_random/02958343/27e267f0570f121869a949ac99a843c4/r_12",
            "rotation": 0.12566370614359174,
            "transform_matrix": [
                [
                    0.999640703201294,
                    0.0002928304602392018,
                    -0.026803016662597656,
                    -0.10804641246795654
                ],
                [
                    -0.026804616674780846,
                    0.01092070247977972,
                    -0.999580979347229,
                    -4.029439926147461
                ],
                [
                    0.0,
                    0.9999403357505798,
                    0.010924628004431725,
                    0.04403858259320259
                ],
                [
                    0.0,
                    0.0,
                    0.0,
                    1.0
                ]
            ]
        },
        {
            "file_path": "/data/shapenet_blender/all_50_random/02958343/27e267f0570f121869a949ac99a843c4/r_13",
            "rotation": 0.12566370614359174,
            "transform_matrix": [
                [
                    0.9783650636672974,
                    -0.1678566187620163,
                    0.12093852460384369,
                    0.4875188171863556
                ],
                [
                    0.2068864107131958,
                    0.7937933802604675,
                    -0.5719178318977356,
                    -2.3054747581481934
                ],
                [
                    -7.450581485102248e-09,
                    0.5845649838447571,
                    0.8113468289375305,
                    3.270643949508667
                ],
                [
                    0.0,
                    0.0,
                    0.0,
                    1.0
                ]
            ]
        },
        {
            "file_path": "/data/shapenet_blender/all_50_random/02958343/27e267f0570f121869a949ac99a843c4/r_14",
            "rotation": 0.12566370614359174,
            "transform_matrix": [
                [
                    -0.9911748170852661,
                    0.05815955623984337,
                    -0.11912169307470322,
                    -0.48019495606422424
                ],
                [
                    -0.1325613558292389,
                    -0.43486490845680237,
                    0.8906850218772888,
                    3.5904667377471924
                ],
                [
                    3.725290076417309e-09,
                    0.8986156582832336,
                    0.43873676657676697,
                    1.7686047554016113
                ],
                [
                    0.0,
                    0.0,
                    0.0,
                    1.0
                ]
            ]
        },
        {
            "file_path": "/data/shapenet_blender/all_50_random/02958343/27e267f0570f121869a949ac99a843c4/r_15",
            "rotation": 0.12566370614359174,
            "transform_matrix": [
                [
                    -0.1695636659860611,
                    -0.9462695717811584,
                    0.2753579616546631,
                    1.1100034713745117
                ],
                [
                    0.9855192303657532,
                    -0.1628105491399765,
                    0.04737675562500954,
                    0.19098180532455444
                ],
                [
                    0.0,
                    0.27940377593040466,
                    0.9601736664772034,
                    3.8705835342407227
                ],
                [
                    0.0,
                    0.0,
                    0.0,
                    1.0
                ]
            ]
        },
        {
            "file_path": "/data/shapenet_blender/all_50_random/02958343/27e267f0570f121869a949ac99a843c4/r_16",
            "rotation": 0.12566370614359174,
            "transform_matrix": [
                [
                    -0.7560609579086304,
                    -0.04209641367197037,
                    0.6531459093093872,
                    2.632915735244751
                ],
                [
                    0.6545011401176453,
                    -0.04862856864929199,
                    0.75449538230896,
                    3.041468381881714
                ],
                [
                    0.0,
                    0.9979293346405029,
                    0.06431831419467926,
                    0.2592754364013672
                ],
                [
                    0.0,
                    0.0,
                    0.0,
                    1.0
                ]
            ]
        },
        {
            "file_path": "/data/shapenet_blender/all_50_random/02958343/27e267f0570f121869a949ac99a843c4/r_17",
            "rotation": 0.12566370614359174,
            "transform_matrix": [
                [
                    -0.9995816349983215,
                    -0.014672568999230862,
                    -0.02492227591574192,
                    -0.10046491026878357
                ],
                [
                    -0.028920650482177734,
                    0.5071265697479248,
                    0.861386239528656,
                    3.4723589420318604
                ],
                [
                    0.0,
                    0.8617467284202576,
                    -0.5073387622833252,
                    -2.0451478958129883
                ],
                [
                    0.0,
                    0.0,
                    0.0,
                    1.0
                ]
            ]
        },
        {
            "file_path": "/data/shapenet_blender/all_50_random/02958343/27e267f0570f121869a949ac99a843c4/r_18",
            "rotation": 0.12566370614359174,
            "transform_matrix": [
                [
                    -0.41419821977615356,
                    -0.8743883371353149,
                    -0.25275444984436035,
                    -1.0188857316970825
                ],
                [
                    -0.9101867079734802,
                    0.39790743589401245,
                    0.11502083390951157,
                    0.46366381645202637
                ],
                [
                    0.0,
                    0.27769529819488525,
                    -0.9606692790985107,
                    -3.872581720352173
                ],
                [
                    0.0,
                    0.0,
                    0.0,
                    1.0
                ]
            ]
        },
        {
            "file_path": "/data/shapenet_blender/all_50_random/02958343/27e267f0570f121869a949ac99a843c4/r_19",
            "rotation": 0.12566370614359174,
            "transform_matrix": [
                [
                    -0.6517400145530701,
                    -0.4585685729980469,
                    0.6041107773780823,
                    2.435248374938965
                ],
                [
                    0.7584425806999207,
                    -0.39405426383018494,
                    0.5191206336021423,
                    2.092642307281494
                ],
                [
                    1.4901162970204496e-08,
                    0.7965148687362671,
                    0.6046187877655029,
                    2.4372963905334473
                ],
                [
                    0.0,
                    0.0,
                    0.0,
                    1.0
                ]
            ]
        },
        {
            "file_path": "/data/shapenet_blender/all_50_random/02958343/27e267f0570f121869a949ac99a843c4/r_20",
            "rotation": 0.12566370614359174,
            "transform_matrix": [
                [
                    -0.5131908059120178,
                    0.12406237423419952,
                    0.8492606282234192,
                    3.4234790802001953
                ],
                [
                    0.8582744598388672,
                    0.07418101280927658,
                    0.5078011751174927,
                    2.0470120906829834
                ],
                [
                    7.450580152834618e-09,
                    0.9894976019859314,
                    -0.14454859495162964,
                    -0.5826940536499023
                ],
                [
                    0.0,
                    0.0,
                    0.0,
                    1.0
                ]
            ]
        },
        {
            "file_path": "/data/shapenet_blender/all_50_random/02958343/27e267f0570f121869a949ac99a843c4/r_21",
            "rotation": 0.12566370614359174,
            "transform_matrix": [
                [
                    -0.7561174631118774,
                    0.3507634997367859,
                    0.5524955987930298,
                    2.2271809577941895
                ],
                [
                    0.654435932636261,
                    0.40526261925697327,
                    0.6383383274078369,
                    2.5732240676879883
                ],
                [
                    -2.9802322387695312e-08,
                    0.8442317247390747,
                    -0.5359783172607422,
                    -2.160597801208496
                ],
                [
                    0.0,
                    0.0,
                    0.0,
                    1.0
                ]
            ]
        },
        {
            "file_path": "/data/shapenet_blender/all_50_random/02958343/27e267f0570f121869a949ac99a843c4/r_22",
            "rotation": 0.12566370614359174,
            "transform_matrix": [
                [
                    -0.7559081315994263,
                    -0.10955608636140823,
                    0.645445704460144,
                    2.601875066757202
                ],
                [
                    0.6546775698661804,
                    -0.12649637460708618,
                    0.7452487945556641,
                    3.0041942596435547
                ],
                [
                    7.450580152834618e-09,
                    0.9858986139297485,
                    0.16734354197978973,
                    0.6745834350585938
                ],
                [
                    0.0,
                    0.0,
                    0.0,
                    1.0
                ]
            ]
        },
        {
            "file_path": "/data/shapenet_blender/all_50_random/02958343/27e267f0570f121869a949ac99a843c4/r_23",
            "rotation": 0.12566370614359174,
            "transform_matrix": [
                [
                    0.01320735365152359,
                    -0.6881530284881592,
                    0.7254454493522644,
                    2.9243640899658203
                ],
                [
                    0.9999128580093384,
                    0.009089471772313118,
                    -0.00958204921334982,
                    -0.038626477122306824
                ],
                [
                    0.0,
                    0.7255087494850159,
                    0.6882129907608032,
                    2.774275302886963
                ],
                [
                    0.0,
                    0.0,
                    0.0,
                    1.0
                ]
            ]
        },
        {
            "file_path": "/data/shapenet_blender/all_50_random/02958343/27e267f0570f121869a949ac99a843c4/r_24",
            "rotation": 0.12566370614359174,
            "transform_matrix": [
                [
                    -0.41593825817108154,
                    0.5249821543693542,
                    -0.7425557374954224,
                    -2.993337869644165
                ],
                [
                    -0.9093928933143616,
                    -0.2401164323091507,
                    0.33963027596473694,
                    1.369093418121338
                ],
                [
                    1.4901161193847656e-08,
                    0.8165400624275208,
                    0.5772887468338013,
                    2.327125310897827
                ],
                [
                    0.0,
                    0.0,
                    0.0,
                    1.0
                ]
            ]
        },
        {
            "file_path": "/data/shapenet_blender/all_50_random/02958343/27e267f0570f121869a949ac99a843c4/r_25",
            "rotation": 0.12566370614359174,
            "transform_matrix": [
                [
                    0.2160421460866928,
                    0.7626972794532776,
                    0.6096052527427673,
                    2.4573974609375
                ],
                [
                    0.9763840436935425,
                    -0.16876018047332764,
                    -0.13488587737083435,
                    -0.5437423586845398
                ],
                [
                    0.0,
                    0.6243498921394348,
                    -0.7811447381973267,
                    -3.148895263671875
                ],
                [
                    0.0,
                    0.0,
                    0.0,
                    1.0
                ]
            ]
        },
        {
            "file_path": "/data/shapenet_blender/all_50_random/02958343/27e267f0570f121869a949ac99a843c4/r_26",
            "rotation": 0.12566370614359174,
            "transform_matrix": [
                [
                    -0.9825147986412048,
                    0.1711222529411316,
                    -0.0733623206615448,
                    -0.2957329750061035
                ],
                [
                    -0.18618501722812653,
                    -0.9030272364616394,
                    0.3871394097805023,
                    1.5606088638305664
                ],
                [
                    0.0,
                    0.3940291106700897,
                    0.9190979599952698,
                    3.7050023078918457
                ],
                [
                    0.0,
                    0.0,
                    0.0,
                    1.0
                ]
            ]
        },
        {
            "file_path": "/data/shapenet_blender/all_50_random/02958343/27e267f0570f121869a949ac99a843c4/r_27",
            "rotation": 0.12566370614359174,
            "transform_matrix": [
                [
                    -0.911913275718689,
                    -0.14277629554271698,
                    0.3847455680370331,
                    1.5509591102600098
                ],
                [
                    0.41038310527801514,
                    -0.31726354360580444,
                    0.854944109916687,
                    3.446390151977539
                ],
                [
                    -7.450581485102248e-09,
                    0.9375279545783997,
                    0.3479097783565521,
                    1.402469277381897
                ],
                [
                    0.0,
                    0.0,
                    0.0,
                    1.0
                ]
            ]
        },
        {
            "file_path": "/data/shapenet_blender/all_50_random/02958343/27e267f0570f121869a949ac99a843c4/r_28",
            "rotation": 0.12566370614359174,
            "transform_matrix": [
                [
                    -0.9312431216239929,
                    -0.1830672174692154,
                    0.31507566571235657,
                    1.2701107263565063
                ],
                [
                    0.3643985390663147,
                    -0.46783962845802307,
                    0.8051954507827759,
                    3.24584698677063
                ],
                [
                    0.0,
                    0.8646458387374878,
                    0.5023817420005798,
                    2.0251657962799072
                ],
                [
                    0.0,
                    0.0,
                    0.0,
                    1.0
                ]
            ]
        },
        {
            "file_path": "/data/shapenet_blender/all_50_random/02958343/27e267f0570f121869a949ac99a843c4/r_29",
            "rotation": 0.12566370614359174,
            "transform_matrix": [
                [
                    0.959556519985199,
                    -0.04152616858482361,
                    -0.278436541557312,
                    -1.1224136352539062
                ],
                [
                    -0.28151610493659973,
                    -0.14154323935508728,
                    -0.9490596652030945,
                    -3.82578182220459
                ],
                [
                    0.0,
                    0.989060640335083,
                    -0.14750902354717255,
                    -0.5946279168128967
                ],
                [
                    0.0,
                    0.0,
                    0.0,
                    1.0
                ]
            ]
        },
        {
            "file_path": "/data/shapenet_blender/all_50_random/02958343/27e267f0570f121869a949ac99a843c4/r_30",
            "rotation": 0.12566370614359174,
            "transform_matrix": [
                [
                    0.48745355010032654,
                    0.1331339329481125,
                    -0.8629394769668579,
                    -3.4786198139190674
                ],
                [
                    -0.8731489777565002,
                    0.07432478666305542,
                    -0.4817538857460022,
                    -1.942011833190918
                ],
                [
                    7.450580596923828e-09,
                    0.9883071780204773,
                    0.15247564017772675,
                    0.6146488785743713
                ],
                [
                    0.0,
                    0.0,
                    0.0,
                    1.0
                ]
            ]
        },
        {
            "file_path": "/data/shapenet_blender/all_50_random/02958343/27e267f0570f121869a949ac99a843c4/r_31",
            "rotation": 0.12566370614359174,
            "transform_matrix": [
                [
                    0.42344430088996887,
                    0.6119421720504761,
                    0.667998194694519,
                    2.6927871704101562
                ],
                [
                    0.9059221744537354,
                    -0.2860327661037445,
                    -0.3122343420982361,
                    -1.2586569786071777
                ],
                [
                    1.4901161193847656e-08,
                    0.7373683452606201,
                    -0.6754907965660095,
                    -2.7229907512664795
                ],
                [
                    0.0,
                    0.0,
                    0.0,
                    1.0
                ]
            ]
        },
        {
            "file_path": "/data/shapenet_blender/all_50_random/02958343/27e267f0570f121869a949ac99a843c4/r_32",
            "rotation": 0.12566370614359174,
            "transform_matrix": [
                [
                    0.6402689814567566,
                    -0.6633500456809998,
                    -0.3873271048069,
                    -1.5613654851913452
                ],
                [
                    -0.7681508660316467,
                    -0.5529154539108276,
                    -0.32284483313560486,
                    -1.3014291524887085
                ],
                [
                    0.0,
                    0.5042330026626587,
                    -0.8635675311088562,
                    -3.481152057647705
                ],
                [
                    0.0,
                    0.0,
                    0.0,
                    1.0
                ]
            ]
        },
        {
            "file_path": "/data/shapenet_blender/all_50_random/02958343/27e267f0570f121869a949ac99a843c4/r_33",
            "rotation": 0.12566370614359174,
            "transform_matrix": [
                [
                    -0.6870316863059998,
                    -0.501339852809906,
                    -0.5259713530540466,
                    -2.120258331298828
                ],
                [
                    -0.72662752866745,
                    0.47402048110961914,
                    0.49730974435806274,
                    2.0047197341918945
                ],
                [
                    -1.4901162970204496e-08,
                    0.7238526940345764,
                    -0.6899544596672058,
                    -2.7812952995300293
                ],
                [
                    0.0,
                    0.0,
                    0.0,
                    1.0
                ]
            ]
        },
        {
            "file_path": "/data/shapenet_blender/all_50_random/02958343/27e267f0570f121869a949ac99a843c4/r_34",
            "rotation": 0.12566370614359174,
            "transform_matrix": [
                [
                    0.9938538670539856,
                    0.09595679491758347,
                    -0.055199239403009415,
                    -0.2225152552127838
                ],
                [
                    -0.11070080101490021,
                    0.8614846467971802,
                    -0.4955698847770691,
                    -1.9977060556411743
                ],
                [
                    0.0,
                    0.49863460659980774,
                    0.8668122887611389,
                    3.494232177734375
                ],
                [
                    0.0,
                    0.0,
                    0.0,
                    1.0
                ]
            ]
        },
        {
            "file_path": "/data/shapenet_blender/all_50_random/02958343/27e267f0570f121869a949ac99a843c4/r_35",
            "rotation": 0.12566370614359174,
            "transform_matrix": [
                [
                    0.998975932598114,
                    0.006672728341072798,
                    -0.04474956914782524,
                    -0.18039128184318542
                ],
                [
                    -0.04524432495236397,
                    0.14733107388019562,
                    -0.9880518913269043,
                    -3.982964277267456
                ],
                [
                    0.0,
                    0.9890646934509277,
                    0.14748208224773407,
                    0.5945192575454712
                ],
                [
                    0.0,
                    0.0,
                    0.0,
                    1.0
                ]
            ]
        },
        {
            "file_path": "/data/shapenet_blender/all_50_random/02958343/27e267f0570f121869a949ac99a843c4/r_36",
            "rotation": 0.12566370614359174,
            "transform_matrix": [
                [
                    0.17390307784080505,
                    -0.6591698527336121,
                    0.731609582901001,
                    2.9492127895355225
                ],
                [
                    0.9847628474235535,
                    0.11640536040067673,
                    -0.12919776141643524,
                    -0.5208128690719604
                ],
                [
                    0.0,
                    0.7429297566413879,
                    0.6693692207336426,
                    2.6983139514923096
                ],
                [
                    0.0,
                    0.0,
                    0.0,
                    1.0
                ]
            ]
        },
        {
            "file_path": "/data/shapenet_blender/all_50_random/02958343/27e267f0570f121869a949ac99a843c4/r_37",
            "rotation": 0.12566370614359174,
            "transform_matrix": [
                [
                    -0.6986076831817627,
                    0.0517616868019104,
                    0.7136301398277283,
                    2.8767354488372803
                ],
                [
                    0.7155050039291382,
                    0.0505392849445343,
                    0.6967771053314209,
                    2.8087985515594482
                ],
                [
                    0.0,
                    0.9973797798156738,
                    -0.07234286516904831,
                    -0.29162344336509705
                ],
                [
                    0.0,
                    0.0,
                    0.0,
                    1.0
                ]
            ]
        },
        {
            "file_path": "/data/shapenet_blender/all_50_random/02958343/27e267f0570f121869a949ac99a843c4/r_38",
            "rotation": 0.12566370614359174,
            "transform_matrix": [
                [
                    0.6508670449256897,
                    -0.4701354205608368,
                    -0.5961079597473145,
                    -2.4029879570007324
                ],
                [
                    -0.7591916918754578,
                    -0.40305453538894653,
                    -0.5110527873039246,
                    -2.06011962890625
                ],
                [
                    0.0,
                    0.7851877212524414,
                    -0.6192578673362732,
                    -2.4963083267211914
                ],
                [
                    0.0,
                    0.0,
                    0.0,
                    1.0
                ]
            ]
        },
        {
            "file_path": "/data/shapenet_blender/all_50_random/02958343/27e267f0570f121869a949ac99a843c4/r_39",
            "rotation": 0.12566370614359174,
            "transform_matrix": [
                [
                    0.9735780358314514,
                    0.014221938326954842,
                    -0.22791117429733276,
                    -0.9187393188476562
                ],
                [
                    -0.22835448384284973,
                    0.06063452735543251,
                    -0.9716880321502686,
                    -3.9169998168945312
                ],
                [
                    -9.313225746154785e-10,
                    0.9980587363243103,
                    0.0622800849378109,
                    0.25105905532836914
                ],
                [
                    0.0,
                    0.0,
                    0.0,
                    1.0
                ]
            ]
        },
        {
            "file_path": "/data/shapenet_blender/all_50_random/02958343/27e267f0570f121869a949ac99a843c4/r_40",
            "rotation": 0.12566370614359174,
            "transform_matrix": [
                [
                    -0.8159790635108948,
                    0.016596799716353416,
                    -0.5778430700302124,
                    -2.329360008239746
                ],
                [
                    -0.5780813694000244,
                    -0.023426873609423637,
                    0.8156426548957825,
                    3.2879607677459717
                ],
                [
                    9.31322685637781e-10,
                    0.9995877146720886,
                    0.02871013805270195,
                    0.1157342717051506
                ],
                [
                    0.0,
                    0.0,
                    0.0,
                    1.0
                ]
            ]
        },
        {
            "file_path": "/data/shapenet_blender/all_50_random/02958343/27e267f0570f121869a949ac99a843c4/r_41",
            "rotation": 0.12566370614359174,
            "transform_matrix": [
                [
                    0.9557494521141052,
                    -0.2937820851802826,
                    -0.01533490139991045,
                    -0.06181696057319641
                ],
                [
                    -0.29418206214904785,
                    -0.9544500112533569,
                    -0.049820587038993835,
                    -0.20083320140838623
                ],
                [
