{
    "class": "02958343",
    "model": "5686e48a700bf4c989439bf55b857b9",
    "remove_doubles": true,
    "edge_split": true,
    "denoise": true,
    "camera_angle_x": 0.6911112070083618,
    "scale_factor": 2.503379451603272,
    "hdri_file": "/data/IndoorHDRDataset2018/9C4A9602-6242eaea6c.exr",
    "center_offset": [
        0.0,
        0.0,
        1.862645149230957e-09
    ],
    "lights": [],
    "frames": [
        {
            "file_path": "/data/shapenet_blender/all_50_random/02958343/5686e48a700bf4c989439bf55b857b9/r_0",
            "rotation": 0.12566370614359174,
            "transform_matrix": [
                [
                    0.621414840221405,
                    0.6109473705291748,
                    0.4904964864253998,
                    1.9772546291351318
                ],
                [
                    0.7834817171096802,
                    -0.48457008600234985,
                    -0.38903501629829407,
                    -1.568250298500061
                ],
                [
                    0.0,
                    0.6260471343994141,
                    -0.77978515625,
                    -3.1434144973754883
                ],
                [
                    0.0,
                    0.0,
                    0.0,
                    1.0
                ]
            ]
        },
        {
            "file_path": "/data/shapenet_blender/all_50_random/02958343/5686e48a700bf4c989439bf55b857b9/r_1",
            "rotation": 0.12566370614359174,
            "transform_matrix": [
                [
                    -0.6708016395568848,
                    -0.05365695059299469,
                    0.7396931648254395,
                    2.9817986488342285
                ],
                [
                    0.7416368126869202,
                    -0.04853207245469093,
                    0.6690436601638794,
                    2.6970014572143555
                ],
                [
                    0.0,
                    0.9973792433738708,
                    0.07234936207532883,
                    0.29164963960647583
                ],
                [
                    0.0,
                    0.0,
                    0.0,
                    1.0
                ]
            ]
        },
        {
            "file_path": "/data/shapenet_blender/all_50_random/02958343/5686e48a700bf4c989439bf55b857b9/r_2",
            "rotation": 0.12566370614359174,
            "transform_matrix": [
                [
                    -0.06929796189069748,
                    0.7612251043319702,
                    -0.6447742581367493,
                    -2.599168300628662
                ],
                [
                    -0.9975959658622742,
                    -0.05287846922874451,
                    0.04478921368718147,
                    0.18055111169815063
                ],
                [
                    0.0,
                    0.6463281512260437,
                    0.7630596160888672,
                    3.0759918689727783
                ],
                [
                    0.0,
                    0.0,
                    0.0,
                    1.0
                ]
            ]
        },
        {
            "file_path": "/data/shapenet_blender/all_50_random/02958343/5686e48a700bf4c989439bf55b857b9/r_3",
            "rotation": 0.12566370614359174,
            "transform_matrix": [
                [
                    -0.9997270703315735,
                    -0.017999375239014626,
                    -0.014889919199049473,
                    -0.06002318859100342
                ],
                [
                    -0.02335994876921177,
                    0.7703125476837158,
                    0.6372383236885071,
                    2.5687901973724365
                ],
                [
                    0.0,
                    0.6374122500419617,
                    -0.7705228328704834,
                    -3.106077194213867
                ],
                [
                    0.0,
                    0.0,
                    0.0,
                    1.0
                ]
            ]
        },
        {
            "file_path": "/data/shapenet_blender/all_50_random/02958343/5686e48a700bf4c989439bf55b857b9/r_4",
            "rotation": 0.12566370614359174,
            "transform_matrix": [
                [
                    -0.26318061351776123,
                    -0.4718518853187561,
                    0.8414818048477173,
                    3.3921217918395996
                ],
                [
                    0.9647465944290161,
                    -0.12872010469436646,
                    0.22955428063869476,
                    0.9253629446029663
                ],
                [
                    7.450580596923828e-09,
                    0.8722309470176697,
                    0.4890941381454468,
                    1.9716016054153442
                ],
                [
                    0.0,
                    0.0,
                    0.0,
                    1.0
                ]
            ]
        },
        {
            "file_path": "/data/shapenet_blender/all_50_random/02958343/5686e48a700bf4c989439bf55b857b9/r_5",
            "rotation": 0.12566370614359174,
            "transform_matrix": [
                [
                    0.9737077355384827,
                    -0.13799217343330383,
                    0.1812494993209839,
                    0.7306400537490845
                ],
                [
                    0.22780084609985352,
                    0.5898312330245972,
                    -0.7747295498847961,
                    -3.1230344772338867
                ],
                [
                    0.0,
                    0.7956488728523254,
                    0.605758011341095,
                    2.4418885707855225
                ],
                [
                    0.0,
                    0.0,
                    0.0,
                    1.0
                ]
            ]
        },
        {
            "file_path": "/data/shapenet_blender/all_50_random/02958343/5686e48a700bf4c989439bf55b857b9/r_6",
            "rotation": 0.12566370614359174,
            "transform_matrix": [
                [
                    -0.9947738647460938,
                    -0.013562364503741264,
                    -0.10119855403900146,
                    -0.4079444408416748
                ],
                [
                    -0.1021033301949501,
                    0.13213561475276947,
                    0.9859588742256165,
                    3.974527597427368
                ],
                [
                    0.0,
                    0.9911388754844666,
                    -0.13282978534698486,
                    -0.5354540348052979
                ],
                [
                    0.0,
                    0.0,
                    0.0,
                    1.0
                ]
            ]
        },
        {
            "file_path": "/data/shapenet_blender/all_50_random/02958343/5686e48a700bf4c989439bf55b857b9/r_7",
            "rotation": 0.12566370614359174,
            "transform_matrix": [
                [
                    0.7548658847808838,
                    0.07566196471452713,
                    -0.6515005230903625,
                    -2.6262826919555664
                ],
                [
                    -0.6558793187141418,
                    0.08708100765943527,
                    -0.7498261332511902,
                    -3.0226457118988037
                ],
                [
                    0.0,
                    0.9933236837387085,
                    0.1153596043586731,
                    0.46502944827079773
                ],
                [
                    0.0,
                    0.0,
                    0.0,
                    1.0
                ]
            ]
        },
        {
            "file_path": "/data/shapenet_blender/all_50_random/02958343/5686e48a700bf4c989439bf55b857b9/r_8",
            "rotation": 0.12566370614359174,
            "transform_matrix": [
                [
                    0.6126105785369873,
                    0.5720602869987488,
                    0.5453945994377136,
                    2.1985559463500977
                ],
                [
                    0.790384829044342,
                    -0.4433918297290802,
                    -0.42272379994392395,
                    -1.7040541172027588
                ],
                [
                    1.4901161193847656e-08,
                    0.6900367140769958,
                    -0.7237743139266968,
                    -2.9176275730133057
                ],
                [
                    0.0,
                    0.0,
                    0.0,
                    1.0
                ]
            ]
        },
        {
            "file_path": "/data/shapenet_blender/all_50_random/02958343/5686e48a700bf4c989439bf55b857b9/r_9",
            "rotation": 0.12566370614359174,
            "transform_matrix": [
                [
                    0.9887586832046509,
                    0.0050535500049591064,
                    -0.1494346410036087,
                    -0.6023902297019958
                ],
                [
                    -0.14952003955841064,
                    0.03341853618621826,
                    -0.9881938695907593,
                    -3.9835364818573
                ],
                [
                    0.0,
                    0.9994285702705383,
                    0.03379848226904869,
                    0.13624602556228638
                ],
                [
                    0.0,
                    0.0,
                    0.0,
                    1.0
                ]
            ]
        },
        {
            "file_path": "/data/shapenet_blender/all_50_random/02958343/5686e48a700bf4c989439bf55b857b9/r_10",
            "rotation": 0.12566370614359174,
            "transform_matrix": [
                [
                    -0.9776126742362976,
                    0.1684304028749466,
                    0.1261136531829834,
                    0.5083804130554199
                ],
                [
                    0.21041259169578552,
                    0.7825562953948975,
                    0.5859454870223999,
                    2.3620219230651855
                ],
                [
                    0.0,
                    0.5993636846542358,
                    -0.8004767894744873,
                    -3.22682523727417
                ],
                [
                    0.0,
                    0.0,
                    0.0,
                    1.0
                ]
            ]
        },
        {
            "file_path": "/data/shapenet_blender/all_50_random/02958343/5686e48a700bf4c989439bf55b857b9/r_11",
            "rotation": 0.12566370614359174,
            "transform_matrix": [
                [
                    0.8687611222267151,
                    0.3304327130317688,
                    -0.36887452006340027,
                    -1.48698091506958
                ],
                [
                    -0.4952315390110016,
                    0.5796623826026917,
                    -0.6470990180969238,
                    -2.6085398197174072
                ],
                [
                    0.0,
                    0.7448526620864868,
                    0.6672288179397583,
                    2.689685583114624
                ],
                [
                    0.0,
                    0.0,
                    0.0,
                    1.0
                ]
            ]
        },
        {
            "file_path": "/data/shapenet_blender/all_50_random/02958343/5686e48a700bf4c989439bf55b857b9/r_12",
            "rotation": 0.12566370614359174,
            "transform_matrix": [
                [
                    0.8387465476989746,
                    0.026965437456965446,
                    0.5438538193702698,
                    2.192345142364502
                ],
                [
                    0.5445219874382019,
                    -0.04153582453727722,
                    -0.8377174139022827,
                    -3.3769471645355225
                ],
                [
                    0.0,
                    0.9987730383872986,
                    -0.049521300941705704,
                    -0.19962675869464874
                ],
                [
                    0.0,
                    0.0,
                    0.0,
                    1.0
                ]
            ]
        },
        {
            "file_path": "/data/shapenet_blender/all_50_random/02958343/5686e48a700bf4c989439bf55b857b9/r_13",
            "rotation": 0.12566370614359174,
            "transform_matrix": [
                [
                    -0.5109135508537292,
                    -0.014035215601325035,
                    -0.859517514705658,
                    -3.4648258686065674
                ],
                [
                    -0.8596321940422058,
                    0.008341686800122261,
                    0.510845422744751,
                    2.05928373336792
                ],
                [
                    4.656613428188905e-10,
                    0.9998666644096375,
                    -0.01632700301706791,
                    -0.0658162534236908
                ],
                [
                    0.0,
                    0.0,
                    0.0,
                    1.0
                ]
            ]
        },
        {
            "file_path": "/data/shapenet_blender/all_50_random/02958343/5686e48a700bf4c989439bf55b857b9/r_14",
            "rotation": 0.12566370614359174,
            "transform_matrix": [
                [
                    0.08496055006980896,
                    0.04953490197658539,
                    -0.9951522946357727,
                    -4.011586666107178
                ],
                [
                    -0.99638432264328,
                    0.00422378396615386,
                    -0.08485549688339233,
                    -0.34206339716911316
                ],
                [
                    0.0,
                    0.9987634420394897,
                    0.04971465840935707,
                    0.20040617883205414
                ],
                [
                    0.0,
                    0.0,
                    0.0,
                    1.0
                ]
            ]
        },
        {
            "file_path": "/data/shapenet_blender/all_50_random/02958343/5686e48a700bf4c989439bf55b857b9/r_15",
            "rotation": 0.12566370614359174,
            "transform_matrix": [
                [
                    0.605659008026123,
                    0.1868450939655304,
                    -0.7734766006469727,
                    -3.117983818054199
                ],
                [
                    -0.7957241535186768,
                    0.14221563935279846,
                    -0.5887254476547241,
                    -2.373228073120117
                ],
                [
                    1.4901158529312397e-08,
                    0.9720409512519836,
                    0.23481136560440063,
                    0.9465548992156982
                ],
                [
                    0.0,
                    0.0,
                    0.0,
                    1.0
                ]
            ]
        },
        {
            "file_path": "/data/shapenet_blender/all_50_random/02958343/5686e48a700bf4c989439bf55b857b9/r_16",
            "rotation": 0.12566370614359174,
            "transform_matrix": [
                [
                    -0.9841294288635254,
                    0.020411591976881027,
                    0.17627441883087158,
                    0.7105849981307983
                ],
                [
                    0.17745226621627808,
                    0.11320029944181442,
                    0.9775972366333008,
                    3.9408206939697266
                ],
                [
                    -1.8626449271863521e-09,
                    0.9933626055717468,
                    -0.11502581834793091,
                    -0.46368393301963806
                ],
                [
                    0.0,
                    0.0,
                    0.0,
                    1.0
                ]
            ]
        },
        {
            "file_path": "/data/shapenet_blender/all_50_random/02958343/5686e48a700bf4c989439bf55b857b9/r_17",
            "rotation": 0.12566370614359174,
            "transform_matrix": [
                [
                    -0.9977028369903564,
                    -0.04514935612678528,
                    -0.05050363391637802,
                    -0.2035866677761078
                ],
                [
                    -0.06774276494979858,
                    0.6649512648582458,
                    0.7438080906867981,
                    2.9983866214752197
                ],
                [
                    -3.725290742551124e-09,
                    0.7455207705497742,
                    -0.6664822697639465,
                    -2.686676263809204
                ],
                [
                    0.0,
                    0.0,
                    0.0,
                    1.0
                ]
            ]
        },
        {
            "file_path": "/data/shapenet_blender/all_50_random/02958343/5686e48a700bf4c989439bf55b857b9/r_18",
            "rotation": 0.12566370614359174,
            "transform_matrix": [
                [
                    -0.9993537664413452,
                    0.031969305127859116,
                    0.01643601804971695,
                    0.06625571101903915
                ],
                [
                    0.03594689816236496,
                    0.8887733817100525,
                    0.45693498849868774,
                    1.8419638872146606
                ],
                [
                    0.0,
                    0.45723041892051697,
                    -0.8893482089042664,
                    -3.5850772857666016
                ],
                [
                    0.0,
                    0.0,
                    0.0,
                    1.0
                ]
            ]
        },
        {
            "file_path": "/data/shapenet_blender/all_50_random/02958343/5686e48a700bf4c989439bf55b857b9/r_19",
            "rotation": 0.12566370614359174,
            "transform_matrix": [
                [
                    -0.721417248249054,
                    0.46123355627059937,
                    -0.516546905040741,
                    -2.0822672843933105
                ],
                [
                    -0.6925005912780762,
                    -0.4804932475090027,
                    0.5381162762641907,
                    2.1692161560058594
                ],
                [
                    -1.4901161193847656e-08,
                    0.745915412902832,
                    0.6660406589508057,
                    2.6848957538604736
                ],
                [
                    0.0,
                    0.0,
                    0.0,
                    1.0
                ]
            ]
        },
        {
            "file_path": "/data/shapenet_blender/all_50_random/02958343/5686e48a700bf4c989439bf55b857b9/r_20",
            "rotation": 0.12566370614359174,
            "transform_matrix": [
                [
                    0.9281503558158875,
                    -0.0381447933614254,
                    -0.37024590373039246,
                    -1.492508888244629
                ],
                [
                    -0.3722056746482849,
                    -0.09511972218751907,
                    -0.9232633709907532,
                    -3.7217934131622314
                ],
                [
                    0.0,
                    0.9947345852851868,
                    -0.1024831235408783,
                    -0.41312265396118164
                ],
                [
                    0.0,
                    0.0,
                    0.0,
                    1.0
                ]
            ]
        },
        {
            "file_path": "/data/shapenet_blender/all_50_random/02958343/5686e48a700bf4c989439bf55b857b9/r_21",
            "rotation": 0.12566370614359174,
            "transform_matrix": [
                [
                    0.5260297060012817,
                    -0.11513546854257584,
                    0.8426366448402405,
                    3.3967771530151367
                ],
                [
                    0.8504661917686462,
                    0.071213498711586,
                    -0.5211869478225708,
                    -2.1009719371795654
                ],
                [
                    0.0,
                    0.990793764591217,
                    0.13537925481796265,
                    0.5457313060760498
                ],
                [
                    0.0,
                    0.0,
                    0.0,
                    1.0
                ]
            ]
        },
        {
            "file_path": "/data/shapenet_blender/all_50_random/02958343/5686e48a700bf4c989439bf55b857b9/r_22",
            "rotation": 0.12566370614359174,
            "transform_matrix": [
                [
                    0.09943362325429916,
                    -0.10321987420320511,
                    -0.9896759986877441,
                    -3.989511489868164
                ],
                [
                    -0.9950442314147949,
                    -0.010314642451703548,
                    -0.09889717400074005,
                    -0.39866724610328674
                ],
                [
                    0.0,
                    0.9946050047874451,
                    -0.10373396426439285,
                    -0.418164998292923
                ],
                [
                    0.0,
                    0.0,
                    0.0,
                    1.0
                ]
            ]
        },
        {
            "file_path": "/data/shapenet_blender/all_50_random/02958343/5686e48a700bf4c989439bf55b857b9/r_23",
            "rotation": 0.12566370614359174,
            "transform_matrix": [
                [
                    -0.0034302929416298866,
                    0.22100742161273956,
                    -0.9752660989761353,
                    -3.9314231872558594
                ],
                [
                    -0.9999940991401672,
                    -0.0007581246318295598,
                    0.003345468081533909,
                    0.013486012816429138
                ],
                [
                    0.0,
                    0.9752718806266785,
                    0.22100870311260223,
                    0.8909145593643188
                ],
                [
                    0.0,
                    0.0,
                    0.0,
                    1.0
                ]
            ]
        },
        {
            "file_path": "/data/shapenet_blender/all_50_random/02958343/5686e48a700bf4c989439bf55b857b9/r_24",
            "rotation": 0.12566370614359174,
            "transform_matrix": [
                [
                    -0.08715236186981201,
                    0.18604373931884766,
                    0.9786685109138489,
                    3.945139169692993
                ],
                [
                    0.9961950182914734,
                    0.016276083886623383,
                    0.08561905473470688,
                    0.3451414704322815
                ],
                [
                    -1.862645371275562e-09,
                    0.9824065566062927,
                    -0.18675433099269867,
                    -0.7528308629989624
                ],
                [
                    0.0,
                    0.0,
                    0.0,
                    1.0
                ]
            ]
        },
        {
            "file_path": "/data/shapenet_blender/all_50_random/02958343/5686e48a700bf4c989439bf55b857b9/r_25",
            "rotation": 0.12566370614359174,
            "transform_matrix": [
                [
                    0.9401739835739136,
                    -0.06779596954584122,
                    0.33388108015060425,
                    1.345917820930481
                ],
                [
                    0.34069472551345825,
                    0.18708834052085876,
                    -0.9213712215423584,
                    -3.7141664028167725
                ],
                [
                    -3.725290298461914e-09,
                    0.9800008535385132,
                    0.19899329543113708,
                    0.8021677136421204
                ],
                [
                    0.0,
                    0.0,
                    0.0,
                    1.0
                ]
            ]
        },
        {
            "file_path": "/data/shapenet_blender/all_50_random/02958343/5686e48a700bf4c989439bf55b857b9/r_26",
            "rotation": 0.12566370614359174,
            "transform_matrix": [
                [
                    -0.9490659832954407,
                    0.23397287726402283,
                    0.2110222578048706,
                    0.8506579399108887
                ],
                [
                    0.3150773048400879,
                    0.704765796661377,
                    0.6356346607208252,
                    2.5623252391815186
                ],
                [
                    1.4901161193847656e-08,
                    0.6697475910186768,
                    -0.7425888180732727,
                    -2.993471384048462
                ],
                [
                    0.0,
                    0.0,
                    0.0,
                    1.0
                ]
            ]
        },
        {
            "file_path": "/data/shapenet_blender/all_50_random/02958343/5686e48a700bf4c989439bf55b857b9/r_27",
            "rotation": 0.12566370614359174,
            "transform_matrix": [
                [
                    0.22760917246341705,
                    0.7725937366485596,
                    0.5926996469497681,
                    2.3892486095428467
                ],
                [
                    0.9737526178359985,
                    -0.18058942258358002,
                    -0.13854019343852997,
                    -0.5584734082221985
                ],
                [
                    0.0,
                    0.6086757779121399,
                    -0.7934190034866333,
                    -3.1983742713928223
                ],
                [
                    0.0,
                    0.0,
                    0.0,
                    1.0
                ]
            ]
        },
        {
            "file_path": "/data/shapenet_blender/all_50_random/02958343/5686e48a700bf4c989439bf55b857b9/r_28",
            "rotation": 0.12566370614359174,
            "transform_matrix": [
                [
                    -0.039293792098760605,
                    0.8748347163200378,
                    0.48282504081726074,
                    1.9463300704956055
                ],
                [
                    0.99922776222229,
                    0.034402139484882355,
                    0.018986687064170837,
                    0.07653778791427612
                ],
                [
                    0.0,
                    0.4831981360912323,
                    -0.8755109310150146,
                    -3.5292975902557373
                ],
                [
                    0.0,
                    0.0,
                    0.0,
                    1.0
                ]
            ]
        },
        {
            "file_path": "/data/shapenet_blender/all_50_random/02958343/5686e48a700bf4c989439bf55b857b9/r_29",
            "rotation": 0.12566370614359174,
            "transform_matrix": [
                [
                    -0.5309209823608398,
                    0.2249385267496109,
                    0.8170223832130432,
                    3.293522596359253
                ],
                [
                    0.847421407699585,
                    0.1409270316362381,
                    0.511875569820404,
                    2.063436508178711
                ],
                [
                    0.0,
                    0.9641275405883789,
                    -0.26543885469436646,
                    -1.0700182914733887
                ],
                [
                    0.0,
                    0.0,
                    0.0,
                    1.0
                ]
            ]
        },
        {
            "file_path": "/data/shapenet_blender/all_50_random/02958343/5686e48a700bf4c989439bf55b857b9/r_30",
            "rotation": 0.12566370614359174,
            "transform_matrix": [
                [
                    0.7542039752006531,
                    0.15078075230121613,
                    -0.6390944719314575,
                    -2.5762720108032227
                ],
                [
                    -0.656640350818634,
                    0.17318373918533325,
                    -0.7340510487556458,
                    -2.9590539932250977
                ],
                [
                    7.450581485102248e-09,
                    0.9732791781425476,
                    0.22962459921836853,
                    0.9256462454795837
                ],
                [
                    0.0,
                    0.0,
                    0.0,
                    1.0
                ]
            ]
        },
        {
            "file_path": "/data/shapenet_blender/all_50_random/02958343/5686e48a700bf4c989439bf55b857b9/r_31",
            "rotation": 0.12566370614359174,
            "transform_matrix": [
                [
                    0.9502344727516174,
                    -0.14966735243797302,
                    0.27322918176651,
                    1.1014220714569092
                ],
                [
                    0.31153571605682373,
                    0.45650964975357056,
                    -0.8333932757377625,
                    -3.35951566696167
                ],
                [
                    1.4901161193847656e-08,
                    0.8770396709442139,
                    0.480417937040329,
                    1.936626672744751
                ],
                [
                    0.0,
                    0.0,
                    0.0,
                    1.0
                ]
            ]
        },
        {
            "file_path": "/data/shapenet_blender/all_50_random/02958343/5686e48a700bf4c989439bf55b857b9/r_32",
            "rotation": 0.12566370614359174,
            "transform_matrix": [
                [
                    -0.5928073525428772,
                    -0.0034027884248644114,
                    0.8053370714187622,
                    3.246417760848999
                ],
                [
                    0.80534428358078,
                    -0.0025047643575817347,
                    0.5928019881248474,
                    2.3896615505218506
                ],
                [
                    0.0,
                    0.9999909996986389,
                    0.004225258715450764,
                    0.01703256368637085
                ],
                [
                    0.0,
                    0.0,
                    0.0,
                    1.0
                ]
            ]
        },
        {
            "file_path": "/data/shapenet_blender/all_50_random/02958343/5686e48a700bf4c989439bf55b857b9/r_33",
            "rotation": 0.12566370614359174,
            "transform_matrix": [
                [
                    -0.5650213360786438,
                    -0.005328851286321878,
                    0.8250590562820435,
                    3.3259196281433105
                ],
                [
                    0.8250762820243835,
                    -0.003649255959317088,
                    0.5650095343589783,
                    2.2776265144348145
                ],
                [
                    -2.3283064365386963e-10,
                    0.9999791383743286,
                    0.006458616349846125,
                    0.02603551745414734
                ],
                [
                    0.0,
                    0.0,
                    0.0,
                    1.0
                ]
            ]
        },
        {
            "file_path": "/data/shapenet_blender/all_50_random/02958343/5686e48a700bf4c989439bf55b857b9/r_34",
            "rotation": 0.12566370614359174,
            "transform_matrix": [
                [
                    -0.6292088031768799,
                    -0.05949677899479866,
                    -0.774955689907074,
                    -3.1239466667175293
                ],
                [
                    -0.7772364020347595,
                    0.048165395855903625,
                    0.6273624897003174,
                    2.5289793014526367
                ],
                [
                    -3.725290742551124e-09,
                    0.9970657825469971,
                    -0.07654914259910583,
                    -0.3085795044898987
                ],
                [
                    0.0,
                    0.0,
                    0.0,
                    1.0
                ]
            ]
        },
        {
            "file_path": "/data/shapenet_blender/all_50_random/02958343/5686e48a700bf4c989439bf55b857b9/r_35",
            "rotation": 0.12566370614359174,
            "transform_matrix": [
                [
                    -0.7808058261871338,
                    0.31333398818969727,
                    -0.5405221581459045,
                    -2.1789145469665527
                ],
                [
                    -0.6247739195823669,
                    -0.39158642292022705,
                    0.6755128502845764,
                    2.7230794429779053
                ],
                [
                    -1.4901162970204496e-08,
                    0.8651484251022339,
                    0.5015158653259277,
                    2.0216751098632812
                ],
                [
                    0.0,
                    0.0,
                    0.0,
                    1.0
                ]
            ]
        },
        {
            "file_path": "/data/shapenet_blender/all_50_random/02958343/5686e48a700bf4c989439bf55b857b9/r_36",
            "rotation": 0.12566370614359174,
            "transform_matrix": [
                [
                    0.9782894253730774,
                    0.0023289299570024014,
                    -0.20723019540309906,
                    -0.8353716135025024
                ],
                [
                    -0.20724327862262726,
                    0.010993686504662037,
                    -0.9782276153564453,
                    -3.943361759185791
                ],
                [
                    2.3283064365386963e-10,
                    0.9999368190765381,
                    0.01123766228556633,
                    0.04530046507716179
                ],
                [
                    0.0,
                    0.0,
                    0.0,
                    1.0
                ]
            ]
        },
        {
            "file_path": "/data/shapenet_blender/all_50_random/02958343/5686e48a700bf4c989439bf55b857b9/r_37",
            "rotation": 0.12566370614359174,
            "transform_matrix": [
                [
                    -0.7780906558036804,
                    0.24603062868118286,
                    -0.5779651403427124,
                    -2.329852342605591
                ],
                [
                    -0.6281518340110779,
                    -0.3047577440738678,
                    0.7159244418144226,
                    2.885983943939209
                ],
                [
                    -1.4901160305669237e-08,
                    0.9201041460037231,
                    0.391673743724823,
                    1.5788874626159668
                ],
                [
                    0.0,
                    0.0,
                    0.0,
                    1.0
                ]
            ]
        },
        {
            "file_path": "/data/shapenet_blender/all_50_random/02958343/5686e48a700bf4c989439bf55b857b9/r_38",
            "rotation": 0.12566370614359174,
            "transform_matrix": [
                [
                    -0.9204311966896057,
                    0.10388118028640747,
                    -0.3768490254878998,
                    -1.5191270112991333
                ],
                [
                    -0.3909047245979309,
                    -0.24460048973560333,
                    0.8873354196548462,
                    3.576963424682617
                ],
                [
                    0.0,
                    0.9640432000160217,
                    0.2657455503940582,
                    1.0712546110153198
                ],
                [
                    0.0,
                    0.0,
                    0.0,
                    1.0
                ]
            ]
        },
        {
            "file_path": "/data/shapenet_blender/all_50_random/02958343/5686e48a700bf4c989439bf55b857b9/r_39",
            "rotation": 0.12566370614359174,
            "transform_matrix": [
                [
                    -0.2387942671775818,
                    0.7418727278709412,
                    -0.6265798211097717,
                    -2.5258240699768066
                ],
                [
                    -0.9710702300071716,
                    -0.18243269622325897,
                    0.15408121049404144,
                    0.6211212277412415
                ],
                [
                    0.0,
                    0.645246684551239,
                    0.7639742493629456,
                    3.079678773880005
                ],
                [
                    0.0,
                    0.0,
                    0.0,
                    1.0
                ]
            ]
        },
        {
            "file_path": "/data/shapenet_blender/all_50_random/02958343/5686e48a700bf4c989439bf55b857b9/r_40",
            "rotation": 0.12566370614359174,
            "transform_matrix": [
                [
                    0.9973076581954956,
                    0.016678081825375557,
                    -0.07140947133302689,
                    -0.28786081075668335
                ],
                [
                    -0.07333125174045563,
                    0.22682252526283264,
                    -0.9711714386940002,
                    -3.914917469024658
                ],
                [
                    0.0,
                    0.9737932085990906,
                    0.22743485867977142,
                    0.9168192744255066
                ],
                [
                    0.0,
                    0.0,
                    0.0,
                    1.0
                ]
            ]
        },
        {
            "file_path": "/data/shapenet_blender/all_50_random/02958343/5686e48a700bf4c989439bf55b857b9/r_41",
            "rotation": 0.12566370614359174,
            "transform_matrix": [
                [
                    0.8648728728294373,
                    0.20889249444007874,
                    0.4564632177352905,
                    1.840062141418457
                ],
                [
                    0.5019907355308533,
                    -0.3598979413509369,
                    -0.7864341139793396,
                    -3.170217275619507
                ],
                [
                    0.0,
                    0.9093058705329895,
