{
    "class": "02958343",
    "model": "d50fcb81298e51e4afe717997470b28d",
    "remove_doubles": true,
    "edge_split": true,
    "denoise": true,
    "camera_angle_x": 0.6911112070083618,
    "scale_factor": 2.2881174219957305,
    "hdri_file": "/data/IndoorHDRDataset2018/AG8A3963-e4b95c9b52.exr",
    "center_offset": [
        0.0,
        -2.3283064365386963e-09,
        -3.725290298461914e-09
    ],
    "lights": [],
    "frames": [
        {
            "file_path": "/data/shapenet_blender/all_50_random/02958343/d50fcb81298e51e4afe717997470b28d/r_0",
            "rotation": 0.12566370614359174,
            "transform_matrix": [
                [
                    -0.6354984641075134,
                    -0.09362416714429855,
                    -0.7664046883583069,
                    -3.0894761085510254
                ],
                [
                    -0.7721021771430969,
                    0.0770597755908966,
                    0.6308090686798096,
                    2.542872667312622
                ],
                [
                    -3.725290742551124e-09,
                    0.9926208853721619,
                    -0.12125878036022186,
                    -0.4888097643852234
                ],
                [
                    0.0,
                    0.0,
                    0.0,
                    1.0
                ]
            ]
        },
        {
            "file_path": "/data/shapenet_blender/all_50_random/02958343/d50fcb81298e51e4afe717997470b28d/r_1",
            "rotation": 0.12566370614359174,
            "transform_matrix": [
                [
                    -0.18785110116004944,
                    -0.6392143368721008,
                    0.7457323670387268,
                    3.006143569946289
                ],
                [
                    0.9821975827217102,
                    -0.12225352972745895,
                    0.14262573421001434,
                    0.5749427676200867
                ],
                [
                    -7.450581485102248e-09,
                    0.7592488527297974,
                    0.6508002281188965,
                    2.623459815979004
                ],
                [
                    0.0,
                    0.0,
                    0.0,
                    1.0
                ]
            ]
        },
        {
            "file_path": "/data/shapenet_blender/all_50_random/02958343/d50fcb81298e51e4afe717997470b28d/r_2",
            "rotation": 0.12566370614359174,
            "transform_matrix": [
                [
                    -0.8800109624862671,
                    -0.26746049523353577,
                    -0.3924866318702698,
                    -1.5821641683578491
                ],
                [
                    -0.4749535918235779,
                    0.49556031823158264,
                    0.7272132039070129,
                    2.931490182876587
                ],
                [
                    0.0,
                    0.8263684511184692,
                    -0.5631297826766968,
                    -2.2700488567352295
                ],
                [
                    0.0,
                    0.0,
                    0.0,
                    1.0
                ]
            ]
        },
        {
            "file_path": "/data/shapenet_blender/all_50_random/02958343/d50fcb81298e51e4afe717997470b28d/r_3",
            "rotation": 0.12566370614359174,
            "transform_matrix": [
                [
                    -0.36870622634887695,
                    -0.1889561265707016,
                    0.9101380109786987,
                    3.668883800506592
                ],
                [
                    0.929546058177948,
                    -0.07494981586933136,
                    0.3610079884529114,
                    1.4552698135375977
                ],
                [
                    0.0,
                    0.9791211485862732,
                    0.2032778561115265,
                    0.8194392919540405
                ],
                [
                    0.0,
                    0.0,
                    0.0,
                    1.0
                ]
            ]
        },
        {
            "file_path": "/data/shapenet_blender/all_50_random/02958343/d50fcb81298e51e4afe717997470b28d/r_4",
            "rotation": 0.12566370614359174,
            "transform_matrix": [
                [
                    -0.9828522205352783,
                    0.1092049703001976,
                    0.1485794186592102,
                    0.5989428758621216
                ],
                [
                    0.18439516425132751,
                    0.5820778608322144,
                    0.7919492125511169,
                    3.1924498081207275
                ],
                [
                    7.450580596923828e-09,
                    0.8057664036750793,
                    -0.5922333598136902,
                    -2.387369155883789
                ],
                [
                    0.0,
                    0.0,
                    0.0,
                    1.0
                ]
            ]
        },
        {
            "file_path": "/data/shapenet_blender/all_50_random/02958343/d50fcb81298e51e4afe717997470b28d/r_5",
            "rotation": 0.12566370614359174,
            "transform_matrix": [
                [
                    0.9335002899169922,
                    -0.03371793031692505,
                    -0.3569880425930023,
                    -1.439064860343933
                ],
                [
                    -0.35857686400413513,
                    -0.08777948468923569,
                    -0.9293639659881592,
                    -3.7463860511779785
                ],
                [
                    3.725290742551124e-09,
                    0.995569109916687,
                    -0.0940326377749443,
                    -0.3790576756000519
                ],
                [
                    0.0,
                    0.0,
                    0.0,
                    1.0
                ]
            ]
        },
        {
            "file_path": "/data/shapenet_blender/all_50_random/02958343/d50fcb81298e51e4afe717997470b28d/r_6",
            "rotation": 0.12566370614359174,
            "transform_matrix": [
                [
                    -0.5820733308792114,
                    -0.13301806151866913,
                    0.8021824955940247,
                    3.233701229095459
                ],
                [
                    0.8131362795829773,
                    -0.09521929919719696,
                    0.5742321610450745,
                    2.3148040771484375
                ],
                [
                    7.450580596923828e-09,
                    0.9865289926528931,
                    0.16358643770217896,
                    0.6594380736351013
                ],
                [
                    0.0,
                    0.0,
                    0.0,
                    1.0
                ]
            ]
        },
        {
            "file_path": "/data/shapenet_blender/all_50_random/02958343/d50fcb81298e51e4afe717997470b28d/r_7",
            "rotation": 0.12566370614359174,
            "transform_matrix": [
                [
                    0.9873910546302795,
                    -0.0021400991827249527,
                    0.15828576683998108,
                    0.6380703449249268
                ],
                [
                    0.1583002358675003,
                    0.013348779641091824,
                    -0.9873008131980896,
                    -3.9799368381500244
                ],
                [
                    -2.3283062977608182e-10,
                    0.9999086260795593,
                    0.013519246131181717,
                    0.05449782311916351
                ],
                [
                    0.0,
                    0.0,
                    0.0,
                    1.0
                ]
            ]
        },
        {
            "file_path": "/data/shapenet_blender/all_50_random/02958343/d50fcb81298e51e4afe717997470b28d/r_8",
            "rotation": 0.12566370614359174,
            "transform_matrix": [
                [
                    -0.9659560322761536,
                    -0.18298779428005219,
                    0.18287800252437592,
                    0.7372047901153564
                ],
                [
                    0.2587061822414398,
                    -0.6832390427589417,
                    0.6828290820121765,
                    2.7525720596313477
                ],
                [
                    0.0,
                    0.7068945169448853,
                    0.7073189616203308,
                    2.8512940406799316
                ],
                [
                    0.0,
                    0.0,
                    0.0,
                    1.0
                ]
            ]
        },
        {
            "file_path": "/data/shapenet_blender/all_50_random/02958343/d50fcb81298e51e4afe717997470b28d/r_9",
            "rotation": 0.12566370614359174,
            "transform_matrix": [
                [
                    0.815837562084198,
                    -0.011472857557237148,
                    0.5781673789024353,
                    2.33066725730896
                ],
                [
                    0.5782812237739563,
                    0.016185874119400978,
                    -0.8156769275665283,
                    -3.2880988121032715
                ],
                [
                    0.0,
                    0.9998030662536621,
                    0.019839582964777946,
                    0.0799759179353714
                ],
                [
                    0.0,
                    0.0,
                    0.0,
                    1.0
                ]
            ]
        },
        {
            "file_path": "/data/shapenet_blender/all_50_random/02958343/d50fcb81298e51e4afe717997470b28d/r_10",
            "rotation": 0.12566370614359174,
            "transform_matrix": [
                [
                    0.9892007112503052,
                    0.05595334991812706,
                    -0.13546641170978546,
                    -0.5460825562477112
                ],
                [
                    -0.14656713604927063,
                    0.3776364326477051,
                    -0.9142804741859436,
                    -3.685582399368286
                ],
                [
                    0.0,
                    0.924261748790741,
                    0.3817591965198517,
                    1.538920521736145
                ],
                [
                    0.0,
                    0.0,
                    0.0,
                    1.0
                ]
            ]
        },
        {
            "file_path": "/data/shapenet_blender/all_50_random/02958343/d50fcb81298e51e4afe717997470b28d/r_11",
            "rotation": 0.12566370614359174,
            "transform_matrix": [
                [
                    -0.6766931414604187,
                    0.1686229109764099,
                    0.7166956067085266,
                    2.8890926837921143
                ],
                [
                    0.7362651824951172,
                    0.15497943758964539,
                    0.6587069630622864,
                    2.6553330421447754
                ],
                [
                    7.450581485102248e-09,
                    0.9734205007553101,
                    -0.22902469336986542,
                    -0.9232281446456909
                ],
                [
                    0.0,
                    0.0,
                    0.0,
                    1.0
                ]
            ]
        },
        {
            "file_path": "/data/shapenet_blender/all_50_random/02958343/d50fcb81298e51e4afe717997470b28d/r_12",
            "rotation": 0.12566370614359174,
            "transform_matrix": [
                [
                    0.2222003936767578,
                    -0.21147924661636353,
                    0.9517895579338074,
                    3.8367867469787598
                ],
                [
                    0.9750009775161743,
                    0.04819561541080475,
                    -0.21691057085990906,
                    -0.8743945360183716
                ],
                [
                    3.725290076417309e-09,
                    0.9761934876441956,
                    0.2169015258550644,
                    0.874358057975769
                ],
                [
                    0.0,
                    0.0,
                    0.0,
                    1.0
                ]
            ]
        },
        {
            "file_path": "/data/shapenet_blender/all_50_random/02958343/d50fcb81298e51e4afe717997470b28d/r_13",
            "rotation": 0.12566370614359174,
            "transform_matrix": [
                [
                    -0.9951746463775635,
                    0.042059119790792465,
                    -0.08864794671535492,
                    -0.3573513329029083
                ],
                [
                    -0.09811946749687195,
                    -0.42658376693725586,
                    0.899109959602356,
                    3.6244285106658936
                ],
                [
                    0.0,
                    0.9034695625305176,
                    0.4286521375179291,
                    1.7279521226882935
                ],
                [
                    0.0,
                    0.0,
                    0.0,
                    1.0
                ]
            ]
        },
        {
            "file_path": "/data/shapenet_blender/all_50_random/02958343/d50fcb81298e51e4afe717997470b28d/r_14",
            "rotation": 0.12566370614359174,
            "transform_matrix": [
                [
                    0.7953495979309082,
                    0.002368257148191333,
                    -0.6061462759971619,
                    -2.4434540271759033
                ],
                [
                    -0.6061508655548096,
                    0.0031074644066393375,
                    -0.7953435182571411,
                    -3.206132411956787
                ],
                [
                    0.0,
                    0.999992311000824,
                    0.003907041624188423,
                    0.015749789774417877
                ],
                [
                    0.0,
                    0.0,
                    0.0,
                    1.0
                ]
            ]
        },
        {
            "file_path": "/data/shapenet_blender/all_50_random/02958343/d50fcb81298e51e4afe717997470b28d/r_15",
            "rotation": 0.12566370614359174,
            "transform_matrix": [
                [
                    0.4503464102745056,
                    -0.7287308573722839,
                    0.5158870816230774,
                    2.0796074867248535
                ],
                [
                    0.8928540349006653,
                    0.3675643801689148,
                    -0.2602081596851349,
                    -1.0489327907562256
                ],
                [
                    0.0,
                    0.5777956247329712,
                    0.8161813616752625,
                    3.290132522583008
                ],
                [
                    0.0,
                    0.0,
                    0.0,
                    1.0
                ]
            ]
        },
        {
            "file_path": "/data/shapenet_blender/all_50_random/02958343/d50fcb81298e51e4afe717997470b28d/r_16",
            "rotation": 0.12566370614359174,
            "transform_matrix": [
                [
                    -0.34046459197998047,
                    0.940004825592041,
                    -0.021789059042930603,
                    -0.08783450722694397
                ],
                [
                    -0.9402574300765991,
                    -0.340373158454895,
                    0.007889758795499802,
                    0.031804636120796204
                ],
                [
                    4.656613428188905e-10,
                    0.023172074928879738,
                    0.9997314810752869,
                    4.030046463012695
                ],
                [
                    0.0,
                    0.0,
                    0.0,
                    1.0
                ]
            ]
        },
        {
            "file_path": "/data/shapenet_blender/all_50_random/02958343/d50fcb81298e51e4afe717997470b28d/r_17",
            "rotation": 0.12566370614359174,
            "transform_matrix": [
                [
                    -0.4668905735015869,
                    0.06761770695447922,
                    0.8817262053489685,
                    3.554352045059204
                ],
                [
                    0.8843151926994324,
                    0.03570001944899559,
                    0.4655236601829529,
                    1.876585841178894
                ],
                [
                    0.0,
                    0.9970723986625671,
                    -0.07646336406469345,
                    -0.30823367834091187
                ],
                [
                    0.0,
                    0.0,
                    0.0,
                    1.0
                ]
            ]
        },
        {
            "file_path": "/data/shapenet_blender/all_50_random/02958343/d50fcb81298e51e4afe717997470b28d/r_18",
            "rotation": 0.12566370614359174,
            "transform_matrix": [
                [
                    0.9870097041130066,
                    0.08468534052371979,
                    0.13652989268302917,
                    0.5503696203231812
                ],
                [
                    0.16066120564937592,
                    -0.520257830619812,
                    -0.8387608528137207,
                    -3.381153106689453
                ],
                [
                    -7.450581485102248e-09,
                    0.8498001098632812,
                    -0.5271050930023193,
                    -2.124828577041626
                ],
                [
                    0.0,
                    0.0,
                    0.0,
                    1.0
                ]
            ]
        },
        {
            "file_path": "/data/shapenet_blender/all_50_random/02958343/d50fcb81298e51e4afe717997470b28d/r_19",
            "rotation": 0.12566370614359174,
            "transform_matrix": [
                [
                    -0.4420824944972992,
                    0.14852139353752136,
                    -0.8845927119255066,
                    -3.5659074783325195
                ],
                [
                    -0.8969743251800537,
                    -0.07320021837949753,
                    0.4359801113605499,
                    1.757492184638977
                ],
                [
                    -7.450580152834618e-09,
                    0.9861962795257568,
                    0.1655804067850113,
                    0.6674760580062866
                ],
                [
                    0.0,
                    0.0,
                    0.0,
                    1.0
                ]
            ]
        },
        {
            "file_path": "/data/shapenet_blender/all_50_random/02958343/d50fcb81298e51e4afe717997470b28d/r_20",
            "rotation": 0.12566370614359174,
            "transform_matrix": [
                [
                    0.8648805618286133,
                    0.34886685013771057,
                    -0.36093422770500183,
                    -1.454972505569458
                ],
                [
                    -0.5019776821136475,
                    0.6010788083076477,
                    -0.621870219707489,
                    -2.5068392753601074
                ],
                [
                    1.4901161193847656e-08,
                    0.7190243601799011,
                    0.6949847340583801,
                    2.8015732765197754
                ],
                [
                    0.0,
                    0.0,
                    0.0,
                    1.0
                ]
            ]
        },
        {
            "file_path": "/data/shapenet_blender/all_50_random/02958343/d50fcb81298e51e4afe717997470b28d/r_21",
            "rotation": 0.12566370614359174,
            "transform_matrix": [
                [
                    -0.37694665789604187,
                    -0.9092486500740051,
                    0.1765730082988739,
                    0.711788535118103
                ],
                [
                    0.9262349009513855,
                    -0.37003380060195923,
                    0.07185930758714676,
                    0.28967413306236267
                ],
                [
                    0.0,
                    0.19063520431518555,
                    0.9816609025001526,
                    3.9572017192840576
                ],
                [
                    0.0,
                    0.0,
                    0.0,
                    1.0
                ]
            ]
        },
        {
            "file_path": "/data/shapenet_blender/all_50_random/02958343/d50fcb81298e51e4afe717997470b28d/r_22",
            "rotation": 0.12566370614359174,
            "transform_matrix": [
                [
                    0.7237247228622437,
                    -0.38540974259376526,
                    0.5724350214004517,
                    2.3075594902038574
                ],
                [
                    0.6900888681411743,
                    0.4041951596736908,
                    -0.6003363132476807,
                    -2.4200329780578613
                ],
                [
                    0.0,
                    0.8295091986656189,
                    0.5584929585456848,
                    2.251357078552246
                ],
                [
                    0.0,
                    0.0,
                    0.0,
                    1.0
                ]
            ]
        },
        {
            "file_path": "/data/shapenet_blender/all_50_random/02958343/d50fcb81298e51e4afe717997470b28d/r_23",
            "rotation": 0.12566370614359174,
            "transform_matrix": [
                [
                    -0.9995667934417725,
                    0.027010349556803703,
                    0.01169828325510025,
                    0.04715728759765625
                ],
                [
                    0.029434824362397194,
                    0.9172348976135254,
                    0.39725786447525024,
                    1.6013976335525513
                ],
                [
                    0.0,
                    0.39743003249168396,
                    -0.9176324605941772,
                    -3.699094772338867
                ],
                [
                    0.0,
                    0.0,
                    0.0,
                    1.0
                ]
            ]
        },
        {
            "file_path": "/data/shapenet_blender/all_50_random/02958343/d50fcb81298e51e4afe717997470b28d/r_24",
            "rotation": 0.12566370614359174,
            "transform_matrix": [
                [
                    -0.9462746977806091,
                    -0.30702006816864014,
                    -0.10150324553251266,
                    -0.4091727137565613
                ],
                [
                    -0.32336392998695374,
                    0.8984469175338745,
                    0.2970335781574249,
                    1.197380781173706
                ],
                [
                    7.450580596923828e-09,
                    0.313897967338562,
                    -0.9494566917419434,
                    -3.8273825645446777
                ],
                [
                    0.0,
                    0.0,
                    0.0,
                    1.0
                ]
            ]
        },
        {
            "file_path": "/data/shapenet_blender/all_50_random/02958343/d50fcb81298e51e4afe717997470b28d/r_25",
            "rotation": 0.12566370614359174,
            "transform_matrix": [
                [
                    0.43251287937164307,
                    -0.8587744235992432,
                    -0.27466192841529846,
                    -1.1071977615356445
                ],
                [
                    -0.9016278386116028,
                    -0.4119560122489929,
                    -0.13175593316555023,
                    -0.5311251878738403
                ],
                [
                    -7.450580596923828e-09,
                    0.30462902784347534,
                    -0.9524710178375244,
                    -3.839533805847168
                ],
                [
                    0.0,
                    0.0,
                    0.0,
                    1.0
                ]
            ]
        },
        {
            "file_path": "/data/shapenet_blender/all_50_random/02958343/d50fcb81298e51e4afe717997470b28d/r_26",
            "rotation": 0.12566370614359174,
            "transform_matrix": [
                [
                    0.661166787147522,
                    0.002675522118806839,
                    0.7502341866493225,
                    3.0242905616760254
                ],
                [
                    0.7502388954162598,
                    -0.00235787034034729,
                    -0.6611625552177429,
                    -2.665231466293335
                ],
                [
                    -1.164153010102531e-10,
                    0.9999936819076538,
                    -0.0035662264563143253,
                    -0.014375917613506317
                ],
                [
                    0.0,
                    0.0,
                    0.0,
                    1.0
                ]
            ]
        },
        {
            "file_path": "/data/shapenet_blender/all_50_random/02958343/d50fcb81298e51e4afe717997470b28d/r_27",
            "rotation": 0.12566370614359174,
            "transform_matrix": [
                [
                    -0.7955322265625,
                    -0.2879531681537628,
                    0.5331149101257324,
                    2.149055004119873
                ],
                [
                    0.605911374092102,
                    -0.3780685067176819,
                    0.6999539732933044,
                    2.8216047286987305
                ],
                [
                    -1.4901162970204496e-08,
                    0.879856288433075,
                    0.4752398133277893,
                    1.9157530069351196
                ],
                [
                    0.0,
                    0.0,
                    0.0,
                    1.0
                ]
            ]
        },
        {
            "file_path": "/data/shapenet_blender/all_50_random/02958343/d50fcb81298e51e4afe717997470b28d/r_28",
            "rotation": 0.12566370614359174,
            "transform_matrix": [
                [
                    0.9998958706855774,
                    0.007850371301174164,
                    0.012103495188057423,
                    0.04879075288772583
                ],
                [
                    0.014426467008888721,
                    -0.5441078543663025,
                    -0.8388911485671997,
                    -3.381678581237793
                ],
                [
                    0.0,
                    0.8389784693717957,
                    -0.5441644787788391,
                    -2.1935973167419434
                ],
                [
                    0.0,
                    0.0,
                    0.0,
                    1.0
                ]
            ]
        },
        {
            "file_path": "/data/shapenet_blender/all_50_random/02958343/d50fcb81298e51e4afe717997470b28d/r_29",
            "rotation": 0.12566370614359174,
            "transform_matrix": [
                [
                    -0.38744768500328064,
                    0.1323016881942749,
                    -0.9123488664627075,
                    -3.6777961254119873
                ],
                [
                    -0.9218916893005371,
                    -0.055603042244911194,
                    0.38343706727027893,
                    1.5456843376159668
                ],
                [
                    0.0,
                    0.989648699760437,
                    0.1435110867023468,
                    0.5785117745399475
                ],
                [
                    0.0,
                    0.0,
                    0.0,
                    1.0
                ]
            ]
        },
        {
            "file_path": "/data/shapenet_blender/all_50_random/02958343/d50fcb81298e51e4afe717997470b28d/r_30",
            "rotation": 0.12566370614359174,
            "transform_matrix": [
                [
                    -0.31262385845184326,
                    -0.11593902111053467,
                    -0.9427748322486877,
                    -3.8004469871520996
                ],
                [
                    -0.9498769640922546,
                    0.03815789520740509,
                    0.31028640270233154,
                    1.2508045434951782
                ],
                [
                    0.0,
                    0.9925230741500854,
                    -0.12205687910318375,
                    -0.49202701449394226
                ],
                [
                    0.0,
                    0.0,
                    0.0,
                    1.0
                ]
            ]
        },
        {
            "file_path": "/data/shapenet_blender/all_50_random/02958343/d50fcb81298e51e4afe717997470b28d/r_31",
            "rotation": 0.12566370614359174,
            "transform_matrix": [
                [
                    0.1634867638349533,
                    0.7986124753952026,
                    -0.5792151093482971,
                    -2.334890604019165
                ],
                [
                    -0.9865455031394958,
                    0.13234318792819977,
                    -0.09598544239997864,
                    -0.3869296610355377
                ],
                [
                    0.0,
                    0.5871143341064453,
                    0.809503972530365,
                    3.263214588165283
                ],
                [
                    0.0,
                    0.0,
                    0.0,
                    1.0
                ]
            ]
        },
        {
            "file_path": "/data/shapenet_blender/all_50_random/02958343/d50fcb81298e51e4afe717997470b28d/r_32",
            "rotation": 0.12566370614359174,
            "transform_matrix": [
                [
                    -0.6949193477630615,
                    -0.17904247343540192,
                    0.6964415907859802,
                    2.807445764541626
                ],
                [
                    0.7190877199172974,
                    -0.17302490770816803,
                    0.6730343699455261,
                    2.713088274002075
                ],
                [
                    0.0,
                    0.9685071110725403,
                    0.24898561835289001,
                    1.0036931037902832
                ],
                [
                    0.0,
                    0.0,
                    0.0,
                    1.0
                ]
            ]
        },
        {
            "file_path": "/data/shapenet_blender/all_50_random/02958343/d50fcb81298e51e4afe717997470b28d/r_33",
            "rotation": 0.12566370614359174,
            "transform_matrix": [
                [
                    -0.8934948444366455,
                    0.156295508146286,
                    -0.42099717259407043,
                    -1.6970939636230469
                ],
                [
                    -0.4490734338760376,
                    -0.3109719157218933,
                    0.8376331925392151,
                    3.376607656478882
                ],
                [
                    0.0,
                    0.9374796748161316,
                    0.3480399250984192,
                    1.40299391746521
                ],
                [
                    0.0,
                    0.0,
                    0.0,
                    1.0
                ]
            ]
        },
        {
            "file_path": "/data/shapenet_blender/all_50_random/02958343/d50fcb81298e51e4afe717997470b28d/r_34",
            "rotation": 0.12566370614359174,
            "transform_matrix": [
                [
                    0.999671220779419,
                    0.008954804390668869,
                    0.024027615785598755,
                    0.09685841202735901
                ],
                [
                    0.02564205229282379,
                    -0.3491085469722748,
                    -0.9367313981056213,
                    -3.7760848999023438
                ],
                [
                    -9.313225746154785e-10,
                    0.9370394349098206,
                    -0.34922337532043457,
                    -1.4077644348144531
                ],
                [
                    0.0,
                    0.0,
                    0.0,
                    1.0
                ]
            ]
        },
        {
            "file_path": "/data/shapenet_blender/all_50_random/02958343/d50fcb81298e51e4afe717997470b28d/r_35",
            "rotation": 0.12566370614359174,
            "transform_matrix": [
                [
                    -0.9375078082084656,
                    -0.03608999028801918,
                    -0.3460877537727356,
                    -1.3951243162155151
                ],
                [
                    -0.34796443581581116,
                    0.09723594039678574,
                    0.9324515461921692,
                    3.7588324546813965
                ],
                [
                    0.0,
                    0.9946067333221436,
                    -0.10371747612953186,
                    -0.418098509311676
                ],
                [
                    0.0,
                    0.0,
                    0.0,
                    1.0
                ]
            ]
        },
        {
            "file_path": "/data/shapenet_blender/all_50_random/02958343/d50fcb81298e51e4afe717997470b28d/r_36",
            "rotation": 0.12566370614359174,
            "transform_matrix": [
                [
                    0.32531511783599854,
                    0.32170575857162476,
                    -0.8891993165016174,
                    -3.584477186203003
                ],
                [
                    -0.9456057548522949,
                    0.11067589372396469,
                    -0.30590975284576416,
                    -1.2331616878509521
                ],
                [
                    0.0,
                    0.9403489828109741,
                    0.34021130204200745,
                    1.3714356422424316
                ],
                [
                    0.0,
                    0.0,
                    0.0,
                    1.0
                ]
            ]
        },
        {
            "file_path": "/data/shapenet_blender/all_50_random/02958343/d50fcb81298e51e4afe717997470b28d/r_37",
            "rotation": 0.12566370614359174,
            "transform_matrix": [
                [
                    -0.2577131986618042,
                    -0.8691591620445251,
                    -0.4220740497112274,
                    -1.7014347314834595
                ],
                [
                    -0.9662214517593384,
                    0.23182450234889984,
                    0.11257674545049667,
                    0.45381131768226624
                ],
                [
                    -7.4505792646561986e-09,
                    0.4368293285369873,
                    -0.8995444178581238,
                    -3.6261789798736572
                ],
                [
                    0.0,
                    0.0,
                    0.0,
                    1.0
                ]
            ]
        },
        {
            "file_path": "/data/shapenet_blender/all_50_random/02958343/d50fcb81298e51e4afe717997470b28d/r_38",
            "rotation": 0.12566370614359174,
            "transform_matrix": [
                [
                    0.8942344188690186,
                    -0.43307924270629883,
                    -0.11308019608259201,
                    -0.4558408558368683
                ],
                [
                    -0.44759881496429443,
                    -0.8652264475822449,
                    -0.2259170264005661,
                    -0.9107006788253784
                ],
                [
                    0.0,
                    0.25263723731040955,
                    -0.9675610065460205,
                    -3.9003632068634033
                ],
                [
                    0.0,
                    0.0,
                    0.0,
                    1.0
                ]
            ]
        },
        {
            "file_path": "/data/shapenet_blender/all_50_random/02958343/d50fcb81298e51e4afe717997470b28d/r_39",
            "rotation": 0.12566370614359174,
            "transform_matrix": [
                [
                    0.9937117099761963,
                    0.009431487880647182,
                    0.11157141625881195,
                    0.4497587978839874
                ],
                [
                    0.11196935921907425,
                    -0.08370307087898254,
                    -0.9901800751686096,
                    -3.991543769836426
                ],
                [
                    -9.31322685637781e-10,
                    0.9964460134506226,
                    -0.08423275500535965,
                    -0.3395531177520752
                ],
                [
                    0.0,
                    0.0,
                    0.0,
                    1.0
                ]
            ]
        },
        {
            "file_path": "/data/shapenet_blender/all_50_random/02958343/d50fcb81298e51e4afe717997470b28d/r_40",
            "rotation": 0.12566370614359174,
            "transform_matrix": [
                [
                    -0.788318395614624,
                    -0.11842527240514755,
                    0.6037628054618835,
                    2.4338455200195312
                ],
                [
                    0.6152673959732056,
                    -0.15173372626304626,
                    0.7735779881477356,
                    3.1183922290802
                ],
                [
                    0.0,
                    0.9813011884689331,
                    0.1924777626991272,
                    0.7759025692939758
                ],
                [
                    0.0,
                    0.0,
                    0.0,
                    1.0
                ]
            ]
        },
        {
            "file_path": "/data/shapenet_blender/all_50_random/02958343/d50fcb81298e51e4afe717997470b28d/r_41",
            "rotation": 0.12566370614359174,
            "transform_matrix": [
                [
                    0.0903707966208458,
                    0.2232854962348938,
                    0.9705548286437988,
                    3.9124317169189453
                ],
                [
                    0.9959082007408142,
                    -0.02026139385998249,
                    -0.08807017654180527,
                    -0.35502225160598755
                ],
                [
