{
    "class": "02958343",
    "model": "ae9b244f9bee122ba35db63c2ad6fc71",
    "remove_doubles": true,
    "edge_split": true,
    "denoise": true,
    "camera_angle_x": 0.6911112070083618,
    "scale_factor": 2.4697486186875435,
    "hdri_file": "/data/IndoorHDRDataset2018/AG8A7135-b8afd9dbbf.exr",
    "center_offset": [
        0.0,
        0.0,
        0.0
    ],
    "lights": [],
    "frames": [
        {
            "file_path": "/data/shapenet_blender/all_50_random/02958343/ae9b244f9bee122ba35db63c2ad6fc71/r_0",
            "rotation": 0.12566370614359174,
            "transform_matrix": [
                [
                    0.8363260626792908,
                    -0.43895265460014343,
                    -0.3284497857093811,
                    -1.3240236043930054
                ],
                [
                    -0.5482323169708252,
                    -0.6696203351020813,
                    -0.5010486841201782,
                    -2.019792079925537
                ],
                [
                    -1.4901160305669237e-08,
                    0.5991069078445435,
                    -0.8006689548492432,
                    -3.22760009765625
                ],
                [
                    0.0,
                    0.0,
                    0.0,
                    1.0
                ]
            ]
        },
        {
            "file_path": "/data/shapenet_blender/all_50_random/02958343/ae9b244f9bee122ba35db63c2ad6fc71/r_1",
            "rotation": 0.12566370614359174,
            "transform_matrix": [
                [
                    -0.9209328293800354,
                    -0.2760419547557831,
                    0.2751065492630005,
                    1.1089900732040405
                ],
                [
                    0.38972145318984985,
                    -0.652302086353302,
                    0.6500916481018066,
                    2.620603561401367
                ],
                [
                    1.4901161193847656e-08,
                    0.7059057354927063,
                    0.7083057165145874,
                    2.855271816253662
                ],
                [
                    0.0,
                    0.0,
                    0.0,
                    1.0
                ]
            ]
        },
        {
            "file_path": "/data/shapenet_blender/all_50_random/02958343/ae9b244f9bee122ba35db63c2ad6fc71/r_2",
            "rotation": 0.12566370614359174,
            "transform_matrix": [
                [
                    -0.4532378613948822,
                    0.7727941274642944,
                    0.44425728917121887,
                    1.790858507156372
                ],
                [
                    0.8913895487785339,
                    0.3929365873336792,
                    0.22588804364204407,
                    0.9105839133262634
                ],
                [
                    0.0,
                    0.49838730692863464,
                    -0.8669543862342834,
                    -3.494805097579956
                ],
                [
                    0.0,
                    0.0,
                    0.0,
                    1.0
                ]
            ]
        },
        {
            "file_path": "/data/shapenet_blender/all_50_random/02958343/ae9b244f9bee122ba35db63c2ad6fc71/r_3",
            "rotation": 0.12566370614359174,
            "transform_matrix": [
                [
                    -0.9996033310890198,
                    0.007153663784265518,
                    0.027239888906478882,
                    0.10980749130249023
                ],
                [
                    0.028163563460111618,
                    0.25390347838401794,
                    0.9668195247650146,
                    3.897373676300049
                ],
                [
                    -9.313224080820248e-10,
                    0.9672031998634338,
                    -0.25400421023368835,
                    -1.023923635482788
                ],
                [
                    0.0,
                    0.0,
                    0.0,
                    1.0
                ]
            ]
        },
        {
            "file_path": "/data/shapenet_blender/all_50_random/02958343/ae9b244f9bee122ba35db63c2ad6fc71/r_4",
            "rotation": 0.12566370614359174,
            "transform_matrix": [
                [
                    0.8794465661048889,
                    -0.1333608329296112,
                    0.4569339454174042,
                    1.8419595956802368
                ],
                [
                    0.4759976267814636,
                    0.24639560282230377,
                    -0.844224750995636,
                    -3.4031789302825928
                ],
                [
                    0.0,
                    0.9599499106407166,
                    0.2801712453365326,
                    1.129406452178955
                ],
                [
                    0.0,
                    0.0,
                    0.0,
                    1.0
                ]
            ]
        },
        {
            "file_path": "/data/shapenet_blender/all_50_random/02958343/ae9b244f9bee122ba35db63c2ad6fc71/r_5",
            "rotation": 0.12566370614359174,
            "transform_matrix": [
                [
                    0.35649147629737854,
                    -0.25841352343559265,
                    -0.8978509306907654,
                    -3.6193528175354004
                ],
                [
                    -0.9342986345291138,
                    -0.09860040992498398,
                    -0.342584490776062,
                    -1.3810023069381714
                ],
                [
                    0.0,
                    0.960989236831665,
                    -0.2765856087207794,
                    -1.1149522066116333
                ],
                [
                    0.0,
                    0.0,
                    0.0,
                    1.0
                ]
            ]
        },
        {
            "file_path": "/data/shapenet_blender/all_50_random/02958343/ae9b244f9bee122ba35db63c2ad6fc71/r_6",
            "rotation": 0.12566370614359174,
            "transform_matrix": [
                [
                    0.9029008746147156,
                    0.4260227680206299,
                    -0.05722472071647644,
                    -0.23068022727966309
                ],
                [
                    -0.42984887957572937,
                    0.8948640823364258,
                    -0.12020096927881241,
                    -0.48454561829566956
                ],
                [
                    -3.725290298461914e-09,
                    0.13312770426273346,
                    0.9910988807678223,
                    3.9952473640441895
                ],
                [
                    0.0,
                    0.0,
                    0.0,
                    1.0
                ]
            ]
        },
        {
            "file_path": "/data/shapenet_blender/all_50_random/02958343/ae9b244f9bee122ba35db63c2ad6fc71/r_7",
            "rotation": 0.12566370614359174,
            "transform_matrix": [
                [
                    -0.05534282699227333,
                    -0.13189885020256042,
                    -0.9897169470787048,
                    -3.9896769523620605
                ],
                [
                    -0.9984674453735352,
                    0.007310859393328428,
                    0.054857805371284485,
                    0.22113889455795288
                ],
                [
                    0.0,
                    0.9912362098693848,
                    -0.13210128247737885,
                    -0.5325173735618591
                ],
                [
                    0.0,
                    0.0,
                    0.0,
                    1.0
                ]
            ]
        },
        {
            "file_path": "/data/shapenet_blender/all_50_random/02958343/ae9b244f9bee122ba35db63c2ad6fc71/r_8",
            "rotation": 0.12566370614359174,
            "transform_matrix": [
                [
                    -0.6279242634773254,
                    0.5744256973266602,
                    -0.5251154899597168,
                    -2.1168084144592285
                ],
                [
                    -0.7782745361328125,
                    -0.46345579624176025,
                    0.42367154359817505,
                    1.7078747749328613
                ],
                [
                    0.0,
                    0.6747175455093384,
                    0.7380759119987488,
                    2.9752793312072754
                ],
                [
                    0.0,
                    0.0,
                    0.0,
                    1.0
                ]
            ]
        },
        {
            "file_path": "/data/shapenet_blender/all_50_random/02958343/ae9b244f9bee122ba35db63c2ad6fc71/r_9",
            "rotation": 0.12566370614359174,
            "transform_matrix": [
                [
                    0.9734665155410767,
                    0.01716862991452217,
                    -0.22818417847156525,
                    -0.9198398590087891
                ],
                [
                    -0.22882914543151855,
                    0.07303740829229355,
                    -0.9707227945327759,
                    -3.9131088256835938
                ],
                [
                    0.0,
                    0.9971813559532166,
                    0.07502816617488861,
                    0.30244821310043335
                ],
                [
                    0.0,
                    0.0,
                    0.0,
                    1.0
                ]
            ]
        },
        {
            "file_path": "/data/shapenet_blender/all_50_random/02958343/ae9b244f9bee122ba35db63c2ad6fc71/r_10",
            "rotation": 0.12566370614359174,
            "transform_matrix": [
                [
                    -0.8857174515724182,
                    0.19273029267787933,
                    0.4223264157772064,
                    1.702452301979065
                ],
                [
                    0.4642247259616852,
                    0.3677196800708771,
                    0.8057775497436523,
                    3.2481935024261475
                ],
                [
                    1.4901161193847656e-08,
                    0.9097456932067871,
                    -0.41516587138175964,
                    -1.6735873222351074
                ],
                [
                    0.0,
                    0.0,
                    0.0,
                    1.0
                ]
            ]
        },
        {
            "file_path": "/data/shapenet_blender/all_50_random/02958343/ae9b244f9bee122ba35db63c2ad6fc71/r_11",
            "rotation": 0.12566370614359174,
            "transform_matrix": [
                [
                    0.9960597157478333,
                    0.0086324168369174,
                    0.08826446533203125,
                    0.3558054566383362
                ],
                [
                    0.08868560194969177,
                    -0.09695377200841904,
                    -0.9913297891616821,
                    -3.996178388595581
                ],
                [
                    9.313225746154785e-10,
                    0.9952514171600342,
                    -0.09733730554580688,
                    -0.3923792541027069
                ],
                [
                    0.0,
                    0.0,
                    0.0,
                    1.0
                ]
            ]
        },
        {
            "file_path": "/data/shapenet_blender/all_50_random/02958343/ae9b244f9bee122ba35db63c2ad6fc71/r_12",
            "rotation": 0.12566370614359174,
            "transform_matrix": [
                [
                    0.8964093923568726,
                    0.06331580877304077,
                    0.43868139386177063,
                    1.7683813571929932
                ],
                [
                    0.4432271718978882,
                    -0.1280537098646164,
                    -0.887215793132782,
                    -3.576481580734253
                ],
                [
                    -7.450581485102248e-09,
                    0.9897439479827881,
                    -0.1428518295288086,
                    -0.5758541822433472
                ],
                [
                    0.0,
                    0.0,
                    0.0,
                    1.0
                ]
            ]
        },
        {
            "file_path": "/data/shapenet_blender/all_50_random/02958343/ae9b244f9bee122ba35db63c2ad6fc71/r_13",
            "rotation": 0.12566370614359174,
            "transform_matrix": [
                [
                    0.9703122973442078,
                    -0.15101538598537445,
                    -0.18891389667987823,
                    -0.7615363597869873
                ],
                [
                    -0.24185556173324585,
                    -0.6058660745620728,
                    -0.7579129934310913,
                    -3.0552451610565186
                ],
                [
                    0.0,
                    0.7811020612716675,
                    -0.624403178691864,
                    -2.51705002784729
                ],
                [
                    0.0,
                    0.0,
                    0.0,
                    1.0
                ]
            ]
        },
        {
            "file_path": "/data/shapenet_blender/all_50_random/02958343/ae9b244f9bee122ba35db63c2ad6fc71/r_14",
            "rotation": 0.12566370614359174,
            "transform_matrix": [
                [
                    -0.9920470118522644,
                    0.05873540788888931,
                    0.11132366955280304,
                    0.448760062456131
                ],
                [
                    0.12586821615695953,
                    0.4629308581352234,
                    0.8774121999740601,
                    3.536961793899536
                ],
                [
                    0.0,
                    0.8844462633132935,
                    -0.46664202213287354,
                    -1.881094217300415
                ],
                [
                    0.0,
                    0.0,
                    0.0,
                    1.0
                ]
            ]
        },
        {
            "file_path": "/data/shapenet_blender/all_50_random/02958343/ae9b244f9bee122ba35db63c2ad6fc71/r_15",
            "rotation": 0.12566370614359174,
            "transform_matrix": [
                [
                    0.9487653970718384,
                    -0.22919052839279175,
                    0.217522531747818,
                    0.8768614530563354
                ],
                [
                    0.31598156690597534,
                    0.6881667971611023,
                    -0.6531324982643127,
                    -2.632861614227295
                ],
                [
                    0.0,
                    0.688402533531189,
                    0.7253286838531494,
                    2.923893690109253
                ],
                [
                    0.0,
                    0.0,
                    0.0,
                    1.0
                ]
            ]
        },
        {
            "file_path": "/data/shapenet_blender/all_50_random/02958343/ae9b244f9bee122ba35db63c2ad6fc71/r_16",
            "rotation": 0.12566370614359174,
            "transform_matrix": [
                [
                    -0.40924543142318726,
                    0.2948177754878998,
                    0.8634817600250244,
                    3.4808058738708496
                ],
                [
                    0.9124242663383484,
                    0.13223323225975037,
                    0.3872934877872467,
                    1.5612298250198364
                ],
                [
                    2.2351736461700966e-08,
                    0.9463597536087036,
                    -0.3231147825717926,
                    -1.3025171756744385
                ],
                [
                    0.0,
                    0.0,
                    0.0,
                    1.0
                ]
            ]
        },
        {
            "file_path": "/data/shapenet_blender/all_50_random/02958343/ae9b244f9bee122ba35db63c2ad6fc71/r_17",
            "rotation": 0.12566370614359174,
            "transform_matrix": [
                [
                    0.28967732191085815,
                    0.09834032505750656,
                    -0.9520589709281921,
                    -3.837872266769409
                ],
                [
                    -0.9571243524551392,
                    0.029763074591755867,
                    -0.2881442606449127,
                    -1.1615467071533203
                ],
                [
                    1.8626449271863521e-09,
                    0.9947075843811035,
                    0.10274562984704971,
                    0.4141808748245239
                ],
                [
                    0.0,
                    0.0,
                    0.0,
                    1.0
                ]
            ]
        },
        {
            "file_path": "/data/shapenet_blender/all_50_random/02958343/ae9b244f9bee122ba35db63c2ad6fc71/r_18",
            "rotation": 0.12566370614359174,
            "transform_matrix": [
                [
                    0.4321945309638977,
                    -0.46501708030700684,
                    0.7726362347602844,
                    3.1145968437194824
                ],
                [
                    0.901780366897583,
                    0.22286786139011383,
                    -0.37029993534088135,
                    -1.4927269220352173
                ],
                [
                    0.0,
                    0.8567900061607361,
                    0.5156654715538025,
                    2.07871413230896
                ],
                [
                    0.0,
                    0.0,
                    0.0,
                    1.0
                ]
            ]
        },
        {
            "file_path": "/data/shapenet_blender/all_50_random/02958343/ae9b244f9bee122ba35db63c2ad6fc71/r_19",
            "rotation": 0.12566370614359174,
            "transform_matrix": [
                [
                    0.2822343409061432,
                    -0.06820166110992432,
                    0.9569181203842163,
                    3.8574602603912354
                ],
                [
                    0.9593455195426941,
                    0.020064566284418106,
                    -0.28152021765708923,
                    -1.1348443031311035
                ],
                [
                    0.0,
                    0.9974697828292847,
                    0.07109186053276062,
                    0.2865804433822632
                ],
                [
                    0.0,
                    0.0,
                    0.0,
                    1.0
                ]
            ]
        },
        {
            "file_path": "/data/shapenet_blender/all_50_random/02958343/ae9b244f9bee122ba35db63c2ad6fc71/r_20",
            "rotation": 0.12566370614359174,
            "transform_matrix": [
                [
                    -0.6601769924163818,
                    -0.4023408889770508,
                    0.634261965751648,
                    2.5567917823791504
                ],
                [
                    0.7511101365089417,
                    -0.35363149642944336,
                    0.5574750304222107,
                    2.247253656387329
                ],
                [
                    0.0,
                    0.8444327116012573,
                    0.5356616377830505,
                    2.1593210697174072
                ],
                [
                    0.0,
                    0.0,
                    0.0,
                    1.0
                ]
            ]
        },
        {
            "file_path": "/data/shapenet_blender/all_50_random/02958343/ae9b244f9bee122ba35db63c2ad6fc71/r_21",
            "rotation": 0.12566370614359174,
            "transform_matrix": [
                [
                    -0.8648921251296997,
                    0.04442742466926575,
                    -0.499987930059433,
                    -2.0155158042907715
                ],
                [
                    -0.5019579529762268,
                    -0.07655009627342224,
                    0.861497700214386,
                    3.472808361053467
                ],
                [
                    0.0,
                    0.9960753321647644,
                    0.08850827813148499,
                    0.3567882776260376
                ],
                [
                    0.0,
                    0.0,
                    0.0,
                    1.0
                ]
            ]
        },
        {
            "file_path": "/data/shapenet_blender/all_50_random/02958343/ae9b244f9bee122ba35db63c2ad6fc71/r_22",
            "rotation": 0.12566370614359174,
            "transform_matrix": [
                [
                    0.0498606413602829,
                    0.4968794882297516,
                    -0.8663859367370605,
                    -3.492513656616211
                ],
                [
                    -0.9987561702728271,
                    0.02480558305978775,
                    -0.043252356350421906,
                    -0.17435583472251892
                ],
                [
                    0.0,
                    0.8674648404121399,
                    0.4974982738494873,
                    2.0054798126220703
                ],
                [
                    0.0,
                    0.0,
                    0.0,
                    1.0
                ]
            ]
        },
        {
            "file_path": "/data/shapenet_blender/all_50_random/02958343/ae9b244f9bee122ba35db63c2ad6fc71/r_23",
            "rotation": 0.12566370614359174,
            "transform_matrix": [
                [
                    0.32105112075805664,
                    0.14646725356578827,
                    -0.9356673955917358,
                    -3.7717959880828857
                ],
                [
                    -0.9470618963241577,
                    0.04965195432305336,
                    -0.31718841195106506,
                    -1.2786273956298828
                ],
                [
                    0.0,
                    0.9879686832427979,
                    0.1546543389558792,
                    0.6234315633773804
                ],
                [
                    0.0,
                    0.0,
                    0.0,
                    1.0
                ]
            ]
        },
        {
            "file_path": "/data/shapenet_blender/all_50_random/02958343/ae9b244f9bee122ba35db63c2ad6fc71/r_24",
            "rotation": 0.12566370614359174,
            "transform_matrix": [
                [
                    -0.14779815077781677,
                    0.18323233723640442,
                    -0.9718958735466003,
                    -3.917837381362915
                ],
                [
                    -0.9890175461769104,
                    -0.027382127940654755,
                    0.14523950219154358,
                    0.5854791402816772
                ],
                [
                    -1.8626450382086546e-09,
                    0.9826881885528564,
                    0.18526701629161835,
                    0.7468351721763611
                ],
                [
                    0.0,
                    0.0,
                    0.0,
                    1.0
                ]
            ]
        },
        {
            "file_path": "/data/shapenet_blender/all_50_random/02958343/ae9b244f9bee122ba35db63c2ad6fc71/r_25",
            "rotation": 0.12566370614359174,
            "transform_matrix": [
                [
                    0.9964519739151001,
                    -0.07795780152082443,
                    0.03171872720122337,
                    0.12786227464675903
                ],
                [
                    0.08416351675987244,
                    0.9229795336723328,
                    -0.3755330741405487,
                    -1.5138221979141235
                ],
                [
                    -1.862645371275562e-09,
                    0.3768700659275055,
                    0.926266074180603,
                    3.7338979244232178
                ],
                [
                    0.0,
                    0.0,
                    0.0,
                    1.0
                ]
            ]
        },
        {
            "file_path": "/data/shapenet_blender/all_50_random/02958343/ae9b244f9bee122ba35db63c2ad6fc71/r_26",
            "rotation": 0.12566370614359174,
            "transform_matrix": [
                [
                    0.013466425240039825,
                    0.1620258092880249,
                    -0.9866946339607239,
                    -3.9774930477142334
                ],
                [
                    -0.9999093413352966,
                    0.00218210625462234,
                    -0.01328845415264368,
                    -0.053567469120025635
                ],
                [
                    0.0,
                    0.986784040927887,
                    0.16204050183296204,
                    0.6532061100006104
                ],
                [
                    0.0,
                    0.0,
                    0.0,
                    1.0
                ]
            ]
        },
        {
            "file_path": "/data/shapenet_blender/all_50_random/02958343/ae9b244f9bee122ba35db63c2ad6fc71/r_27",
            "rotation": 0.12566370614359174,
            "transform_matrix": [
                [
                    0.5274435877799988,
                    0.6077624559402466,
                    0.593656599521637,
                    2.393105983734131
                ],
                [
                    0.8495900630950928,
                    -0.3773118853569031,
                    -0.3685546815395355,
                    -1.4856913089752197
                ],
                [
                    -1.4901159417490817e-08,
                    0.6987565159797668,
                    -0.715359628200531,
                    -2.883706569671631
                ],
                [
                    0.0,
                    0.0,
                    0.0,
                    1.0
                ]
            ]
        },
        {
            "file_path": "/data/shapenet_blender/all_50_random/02958343/ae9b244f9bee122ba35db63c2ad6fc71/r_28",
            "rotation": 0.12566370614359174,
            "transform_matrix": [
                [
                    -0.8611884713172913,
                    0.05785059183835983,
                    -0.5049830079078674,
                    -2.035651683807373
                ],
                [
                    -0.5082859396934509,
                    -0.09801620990037918,
                    0.8555923104286194,
                    3.449002981185913
                ],
                [
                    0.0,
                    0.9935019016265869,
                    0.1138150617480278,
                    0.4588031768798828
                ],
                [
                    0.0,
                    0.0,
                    0.0,
                    1.0
                ]
            ]
        },
        {
            "file_path": "/data/shapenet_blender/all_50_random/02958343/ae9b244f9bee122ba35db63c2ad6fc71/r_29",
            "rotation": 0.12566370614359174,
            "transform_matrix": [
                [
                    0.9585396647453308,
                    -0.028214026242494583,
                    -0.2835591733455658,
                    -1.1430634260177612
                ],
                [
                    -0.2849593460559845,
                    -0.09490568935871124,
                    -0.9538297653198242,
                    -3.845010280609131
                ],
                [
                    0.0,
                    0.9950863718986511,
                    -0.09901072829961777,
                    -0.39912495017051697
                ],
                [
                    0.0,
                    0.0,
                    0.0,
                    1.0
                ]
            ]
        },
        {
            "file_path": "/data/shapenet_blender/all_50_random/02958343/ae9b244f9bee122ba35db63c2ad6fc71/r_30",
            "rotation": 0.12566370614359174,
            "transform_matrix": [
                [
                    0.8629207015037537,
                    0.2635713517665863,
                    0.43115881085395813,
                    1.7380568981170654
                ],
                [
                    0.5053393244743347,
                    -0.4500761926174164,
                    -0.736249566078186,
                    -2.9679172039031982
                ],
                [
                    0.0,
                    0.8532065749168396,
                    -0.521573007106781,
                    -2.1025283336639404
                ],
                [
                    0.0,
                    0.0,
                    0.0,
                    1.0
                ]
            ]
        },
        {
            "file_path": "/data/shapenet_blender/all_50_random/02958343/ae9b244f9bee122ba35db63c2ad6fc71/r_31",
            "rotation": 0.12566370614359174,
            "transform_matrix": [
                [
                    -0.844026505947113,
                    -0.04257131740450859,
                    0.5346092581748962,
                    2.155078887939453
                ],
                [
                    0.5363016128540039,
                    -0.06699834018945694,
                    0.8413630723953247,
                    3.3916430473327637
                ],
                [
                    -3.725290742551124e-09,
                    0.9968444108963013,
                    0.07937943935394287,
                    0.31998875737190247
                ],
                [
                    0.0,
                    0.0,
                    0.0,
                    1.0
                ]
            ]
        },
        {
            "file_path": "/data/shapenet_blender/all_50_random/02958343/ae9b244f9bee122ba35db63c2ad6fc71/r_32",
            "rotation": 0.12566370614359174,
            "transform_matrix": [
                [
                    -0.027481762692332268,
                    0.05026531592011452,
                    0.9983577728271484,
                    4.024508476257324
                ],
                [
                    0.9996224045753479,
                    0.001381901209242642,
                    0.027446994557976723,
                    0.11064235866069794
                ],
                [
                    0.0,
                    0.9987348318099976,
                    -0.05028431862592697,
                    -0.20270255208015442
                ],
                [
                    0.0,
                    0.0,
                    0.0,
                    1.0
                ]
            ]
        },
        {
            "file_path": "/data/shapenet_blender/all_50_random/02958343/ae9b244f9bee122ba35db63c2ad6fc71/r_33",
            "rotation": 0.12566370614359174,
            "transform_matrix": [
                [
                    -0.30223697423934937,
                    0.6682063341140747,
                    -0.6798183917999268,
                    -2.7404356002807617
                ],
                [
                    -0.9532328844070435,
                    -0.21186496317386627,
                    0.21554674208164215,
                    0.8688967227935791
                ],
                [
                    0.0,
                    0.7131714224815369,
                    0.7009896636009216,
                    2.825779676437378
                ],
                [
                    0.0,
                    0.0,
                    0.0,
                    1.0
                ]
            ]
        },
        {
            "file_path": "/data/shapenet_blender/all_50_random/02958343/ae9b244f9bee122ba35db63c2ad6fc71/r_34",
            "rotation": 0.12566370614359174,
            "transform_matrix": [
                [
                    -0.9097259044647217,
                    -0.17363476753234863,
                    0.37716004252433777,
                    1.5203807353973389
                ],
                [
                    0.41520923376083374,
                    -0.3804348409175873,
                    0.8263598680496216,
                    3.331163167953491
                ],
                [
                    1.4901160305669237e-08,
                    0.9083613157272339,
                    0.4181861877441406,
                    1.6857624053955078
                ],
                [
                    0.0,
                    0.0,
                    0.0,
                    1.0
                ]
            ]
        },
        {
            "file_path": "/data/shapenet_blender/all_50_random/02958343/ae9b244f9bee122ba35db63c2ad6fc71/r_35",
            "rotation": 0.12566370614359174,
            "transform_matrix": [
                [
                    -0.9447807669639587,
                    0.23087044060230255,
                    -0.2325684130191803,
                    -0.9375132322311401
                ],
                [
                    -0.32770293951034546,
                    -0.6656086444854736,
                    0.6705040335655212,
                    2.702888250350952
                ],
                [
                    0.0,
                    0.709692656993866,
                    0.704511284828186,
                    2.8399758338928223
                ],
                [
                    0.0,
                    0.0,
                    0.0,
                    1.0
                ]
            ]
        },
        {
            "file_path": "/data/shapenet_blender/all_50_random/02958343/ae9b244f9bee122ba35db63c2ad6fc71/r_36",
            "rotation": 0.12566370614359174,
            "transform_matrix": [
                [
                    0.885242760181427,
                    -0.04045236110687256,
                    -0.4633669853210449,
                    -1.8678920269012451
                ],
                [
                    -0.46512943506240845,
                    -0.07698966562747955,
                    -0.8818884491920471,
                    -3.5550060272216797
                ],
                [
                    3.725290742551124e-09,
                    0.9962108731269836,
                    -0.08697012066841125,
                    -0.35058775544166565
                ],
                [
                    0.0,
                    0.0,
                    0.0,
                    1.0
                ]
            ]
        },
        {
            "file_path": "/data/shapenet_blender/all_50_random/02958343/ae9b244f9bee122ba35db63c2ad6fc71/r_37",
            "rotation": 0.12566370614359174,
            "transform_matrix": [
                [
                    -0.4957369863986969,
                    -0.2382543385028839,
                    0.8351525068283081,
                    3.366607427597046
                ],
                [
                    0.8684727549552917,
                    -0.13599906861782074,
                    0.4767173230648041,
                    1.9217089414596558
                ],
                [
                    -7.450580596923828e-09,
                    0.9616336226463318,
                    0.27433714270591736,
                    1.1058883666992188
                ],
                [
                    0.0,
                    0.0,
                    0.0,
                    1.0
                ]
            ]
        },
        {
            "file_path": "/data/shapenet_blender/all_50_random/02958343/ae9b244f9bee122ba35db63c2ad6fc71/r_38",
            "rotation": 0.12566370614359174,
            "transform_matrix": [
                [
                    0.6681519746780396,
                    0.6745084524154663,
                    0.3140243887901306,
                    1.2658729553222656
                ],
                [
                    0.744024932384491,
                    -0.6057245135307312,
                    -0.2820013165473938,
                    -1.1367838382720947
                ],
                [
                    0.0,
                    0.4220617413520813,
                    -0.9065670371055603,
                    -3.6544888019561768
                ],
                [
                    0.0,
                    0.0,
                    0.0,
                    1.0
                ]
            ]
        },
        {
            "file_path": "/data/shapenet_blender/all_50_random/02958343/ae9b244f9bee122ba35db63c2ad6fc71/r_39",
            "rotation": 0.12566370614359174,
            "transform_matrix": [
                [
                    -0.7410722374916077,
                    0.03425705060362816,
                    0.6705508232116699,
                    2.7030768394470215
                ],
                [
                    0.6714254021644592,
                    0.03781052678823471,
                    0.7401069402694702,
                    2.983466625213623
                ],
                [
                    1.862645371275562e-09,
                    0.9986975193023682,
                    -0.05102138593792915,
                    -0.20567378401756287
                ],
                [
                    0.0,
                    0.0,
                    0.0,
                    1.0
                ]
            ]
        },
        {
            "file_path": "/data/shapenet_blender/all_50_random/02958343/ae9b244f9bee122ba35db63c2ad6fc71/r_40",
            "rotation": 0.12566370614359174,
            "transform_matrix": [
                [
                    0.36603474617004395,
                    -0.26676174998283386,
                    0.8915473222732544,
                    3.593942403793335
                ],
                [
                    0.930601179599762,
                    0.10492578893899918,
                    -0.3506736159324646,
                    -1.4136106967926025
                ],
                [
                    0.0,
                    0.9580338001251221,
                    0.2866552472114563,
                    1.155544400215149
                ],
                [
                    0.0,
                    0.0,
                    0.0,
                    1.0
                ]
            ]
        },
        {
            "file_path": "/data/shapenet_blender/all_50_random/02958343/ae9b244f9bee122ba35db63c2ad6fc71/r_41",
            "rotation": 0.12566370614359174,
            "transform_matrix": [
                [
                    0.590751588344574,
                    0.07938285171985626,
                    -0.8029389381408691,
                    -3.236750364303589
                ],
                [
                    -0.8068534731864929,
                    0.05812150985002518,
                    -0.5878854393959045,
                    -2.369842052459717
                ],
                [
                    0.0,
                    0.9951483011245728,
