{
    "class": "02958343",
    "model": "d373922da2a6c73b616f13ee256019e3",
    "remove_doubles": true,
    "edge_split": true,
    "denoise": true,
    "camera_angle_x": 0.6911112070083618,
    "scale_factor": 2.3206808496982547,
    "hdri_file": "/data/IndoorHDRDataset2018/9C4A7979-91c690f23b.exr",
    "center_offset": [
        0.0,
        -1.3969838619232178e-09,
        0.0
    ],
    "lights": [],
    "frames": [
        {
            "file_path": "/data/shapenet_blender/all_50_random/02958343/d373922da2a6c73b616f13ee256019e3/r_0",
            "rotation": 0.12566370614359174,
            "transform_matrix": [
                [
                    -0.582537055015564,
                    -0.7620843648910522,
                    -0.2826268672943115,
                    -1.1393053531646729
                ],
                [
                    -0.8128042221069336,
                    0.5461861491203308,
                    0.20255878567695618,
                    0.8165405988693237
                ],
                [
                    0.0,
                    0.34771832823753357,
                    -0.9375990629196167,
                    -3.7795827388763428
                ],
                [
                    0.0,
                    0.0,
                    0.0,
                    1.0
                ]
            ]
        },
        {
            "file_path": "/data/shapenet_blender/all_50_random/02958343/d373922da2a6c73b616f13ee256019e3/r_1",
            "rotation": 0.12566370614359174,
            "transform_matrix": [
                [
                    -0.9940681457519531,
                    0.004558056592941284,
                    -0.10866345465183258,
                    -0.43803635239601135
                ],
                [
                    -0.10875900834798813,
                    -0.0416610911488533,
                    0.9931948184967041,
                    4.003695964813232
                ],
                [
                    0.0,
                    0.9991212487220764,
                    0.041909702122211456,
                    0.168943390250206
                ],
                [
                    0.0,
                    0.0,
                    0.0,
                    1.0
                ]
            ]
        },
        {
            "file_path": "/data/shapenet_blender/all_50_random/02958343/d373922da2a6c73b616f13ee256019e3/r_2",
            "rotation": 0.12566370614359174,
            "transform_matrix": [
                [
                    -0.5820270776748657,
                    0.00037370671634562314,
                    0.8131692409515381,
                    3.2779903411865234
                ],
                [
                    0.8131694793701172,
                    0.0002674810530152172,
                    0.5820268988609314,
                    2.3462257385253906
                ],
                [
                    0.0,
                    0.9999998211860657,
                    -0.00045956808025948703,
                    -0.0018525782506912947
                ],
                [
                    0.0,
                    0.0,
                    0.0,
                    1.0
                ]
            ]
        },
        {
            "file_path": "/data/shapenet_blender/all_50_random/02958343/d373922da2a6c73b616f13ee256019e3/r_3",
            "rotation": 0.12566370614359174,
            "transform_matrix": [
                [
                    -0.5746867656707764,
                    -0.11645370721817017,
                    0.8100454807281494,
                    3.265397787094116
                ],
                [
                    0.8183735013008118,
                    -0.08177732676267624,
                    0.5688385367393494,
                    2.2930614948272705
                ],
                [
                    -7.450580596923828e-09,
                    0.9898237586021423,
                    0.14229896664619446,
                    0.5736255049705505
                ],
                [
                    0.0,
                    0.0,
                    0.0,
                    1.0
                ]
            ]
        },
        {
            "file_path": "/data/shapenet_blender/all_50_random/02958343/d373922da2a6c73b616f13ee256019e3/r_4",
            "rotation": 0.12566370614359174,
            "transform_matrix": [
                [
                    0.5624495148658752,
                    0.1955045759677887,
                    -0.8033856153488159,
                    -3.238551139831543
                ],
                [
                    -0.8268316388130188,
                    0.13299132883548737,
                    -0.5465003848075867,
                    -2.2030136585235596
                ],
                [
                    -7.450580596923828e-09,
                    0.9716435670852661,
                    0.23645026981830597,
                    0.9531615972518921
                ],
                [
                    0.0,
                    0.0,
                    0.0,
                    1.0
                ]
            ]
        },
        {
            "file_path": "/data/shapenet_blender/all_50_random/02958343/d373922da2a6c73b616f13ee256019e3/r_5",
            "rotation": 0.12566370614359174,
            "transform_matrix": [
                [
                    0.9998799562454224,
                    0.0014349010307341814,
                    0.015427890233695507,
                    0.06219181418418884
                ],
                [
                    0.015494474209845066,
                    -0.0925961583852768,
                    -0.995583176612854,
                    -4.01332426071167
                ],
                [
                    0.0,
                    0.9957026839256287,
                    -0.0926072746515274,
                    -0.3733118772506714
                ],
                [
                    0.0,
                    0.0,
                    0.0,
                    1.0
                ]
            ]
        },
        {
            "file_path": "/data/shapenet_blender/all_50_random/02958343/d373922da2a6c73b616f13ee256019e3/r_6",
            "rotation": 0.12566370614359174,
            "transform_matrix": [
                [
                    0.42053356766700745,
                    -0.15843163430690765,
                    -0.8933369517326355,
                    -3.60115647315979
                ],
                [
                    -0.90727698802948,
                    -0.07343493402004242,
                    -0.414072185754776,
                    -1.6691783666610718
                ],
                [
                    -7.450580596923828e-09,
                    0.9846352338790894,
                    -0.1746232509613037,
                    -0.7039288282394409
                ],
                [
                    0.0,
                    0.0,
                    0.0,
                    1.0
                ]
            ]
        },
        {
            "file_path": "/data/shapenet_blender/all_50_random/02958343/d373922da2a6c73b616f13ee256019e3/r_7",
            "rotation": 0.12566370614359174,
            "transform_matrix": [
                [
                    0.6112033128738403,
                    -0.048161882907152176,
                    -0.7900068759918213,
                    -3.184619665145874
                ],
                [
                    -0.7914735674858093,
                    -0.03719227761030197,
                    -0.6100707054138184,
                    -2.45927357673645
                ],
                [
                    -1.8626450382086546e-09,
                    0.9981468319892883,
                    -0.06085090711712837,
                    -0.2452978491783142
                ],
                [
                    0.0,
                    0.0,
                    0.0,
                    1.0
                ]
            ]
        },
        {
            "file_path": "/data/shapenet_blender/all_50_random/02958343/d373922da2a6c73b616f13ee256019e3/r_8",
            "rotation": 0.12566370614359174,
            "transform_matrix": [
                [
                    -0.30126306414604187,
                    0.49442264437675476,
                    0.815344512462616,
                    3.2867591381073
                ],
                [
                    0.9535409808158875,
                    0.1562085747718811,
                    0.2576010823249817,
                    1.0384232997894287
                ],
                [
                    0.0,
                    0.8550702333450317,
                    -0.5185121297836304,
                    -2.0901894569396973
                ],
                [
                    0.0,
                    0.0,
                    0.0,
                    1.0
                ]
            ]
        },
        {
            "file_path": "/data/shapenet_blender/all_50_random/02958343/d373922da2a6c73b616f13ee256019e3/r_9",
            "rotation": 0.12566370614359174,
            "transform_matrix": [
                [
                    -0.9671218395233154,
                    0.1386638581752777,
                    0.21318478882312775,
                    0.8593753576278687
                ],
                [
                    0.2543136477470398,
                    0.5273206830024719,
                    0.8107141256332397,
                    3.2680931091308594
                ],
                [
                    0.0,
                    0.838275134563446,
                    -0.5452474355697632,
                    -2.197962760925293
                ],
                [
                    0.0,
                    0.0,
                    0.0,
                    1.0
                ]
            ]
        },
        {
            "file_path": "/data/shapenet_blender/all_50_random/02958343/d373922da2a6c73b616f13ee256019e3/r_10",
            "rotation": 0.12566370614359174,
            "transform_matrix": [
                [
                    0.7657691836357117,
                    -0.5339401364326477,
                    0.3584764897823334,
                    1.445064902305603
                ],
                [
                    0.6431154608726501,
                    0.6357722282409668,
                    -0.4268445074558258,
                    -1.7206652164459229
                ],
                [
                    2.9802318834981634e-08,
                    0.5574061274528503,
                    0.8302399516105652,
                    3.34680438041687
                ],
                [
                    0.0,
                    0.0,
                    0.0,
                    1.0
                ]
            ]
        },
        {
            "file_path": "/data/shapenet_blender/all_50_random/02958343/d373922da2a6c73b616f13ee256019e3/r_11",
            "rotation": 0.12566370614359174,
            "transform_matrix": [
                [
                    -0.9461405873298645,
                    0.002871329663321376,
                    0.3237434923648834,
                    1.3050518035888672
                ],
                [
                    0.32375621795654297,
                    0.008391132578253746,
                    0.9461033344268799,
                    3.8138644695281982
                ],
                [
                    0.0,
                    0.9999606609344482,
                    -0.008868801407516003,
                    -0.035751283168792725
                ],
                [
                    0.0,
                    0.0,
                    0.0,
                    1.0
                ]
            ]
        },
        {
            "file_path": "/data/shapenet_blender/all_50_random/02958343/d373922da2a6c73b616f13ee256019e3/r_12",
            "rotation": 0.12566370614359174,
            "transform_matrix": [
                [
                    0.7845017313957214,
                    0.003941451199352741,
                    0.6201139688491821,
                    2.4997596740722656
                ],
                [
                    0.620126485824585,
                    -0.0049862004816532135,
                    -0.7844858169555664,
                    -3.1623637676239014
                ],
                [
                    0.0,
                    0.9999797940254211,
                    -0.006355880759656429,
                    -0.025621376931667328
                ],
                [
                    0.0,
                    0.0,
                    0.0,
                    1.0
                ]
            ]
        },
        {
            "file_path": "/data/shapenet_blender/all_50_random/02958343/d373922da2a6c73b616f13ee256019e3/r_13",
            "rotation": 0.12566370614359174,
            "transform_matrix": [
                [
                    -0.49256089329719543,
                    -0.15485438704490662,
                    -0.8563899397850037,
                    -3.452218532562256
                ],
                [
                    -0.870278000831604,
                    0.08764465898275375,
                    0.4847005307674408,
                    1.9538904428482056
                ],
                [
                    0.0,
                    0.9840419292449951,
                    -0.17793668806552887,
                    -0.7172858119010925
                ],
                [
                    0.0,
                    0.0,
                    0.0,
                    1.0
                ]
            ]
        },
        {
            "file_path": "/data/shapenet_blender/all_50_random/02958343/d373922da2a6c73b616f13ee256019e3/r_14",
            "rotation": 0.12566370614359174,
            "transform_matrix": [
                [
                    -0.38119634985923767,
                    -0.5280773043632507,
                    -0.7588304877281189,
                    -3.058943510055542
                ],
                [
                    -0.9244941473007202,
                    0.2177419513463974,
                    0.31288832426071167,
                    1.2612931728363037
                ],
                [
                    0.0,
                    0.8208061456680298,
                    -0.5712067484855652,
                    -2.302608013153076
                ],
                [
                    0.0,
                    0.0,
                    0.0,
                    1.0
                ]
            ]
        },
        {
            "file_path": "/data/shapenet_blender/all_50_random/02958343/d373922da2a6c73b616f13ee256019e3/r_15",
            "rotation": 0.12566370614359174,
            "transform_matrix": [
                [
                    0.7263885736465454,
                    0.4647843837738037,
                    -0.506295382976532,
                    -2.0409421920776367
                ],
                [
                    -0.6872841715812683,
                    0.49122920632362366,
                    -0.5351020693778992,
                    -2.1570656299591064
                ],
                [
                    0.0,
                    0.7366609573364258,
                    0.6762621998786926,
                    2.726100444793701
                ],
                [
                    0.0,
                    0.0,
                    0.0,
                    1.0
                ]
            ]
        },
        {
            "file_path": "/data/shapenet_blender/all_50_random/02958343/d373922da2a6c73b616f13ee256019e3/r_16",
            "rotation": 0.12566370614359174,
            "transform_matrix": [
                [
                    -0.09825220704078674,
                    0.7091065049171448,
                    -0.6982223391532898,
                    -2.814624309539795
                ],
                [
                    -0.9951614737510681,
                    -0.07001002877950668,
                    0.06893543899059296,
                    0.27788764238357544
                ],
                [
                    0.0,
                    0.7016170620918274,
                    0.7125541567802429,
                    2.8723976612091064
                ],
                [
                    0.0,
                    0.0,
                    0.0,
                    1.0
                ]
            ]
        },
        {
            "file_path": "/data/shapenet_blender/all_50_random/02958343/d373922da2a6c73b616f13ee256019e3/r_17",
            "rotation": 0.12566370614359174,
            "transform_matrix": [
                [
                    0.9941594004631042,
                    -0.009921977296471596,
                    -0.10746489465236664,
                    -0.4332047998905182
                ],
                [
                    -0.10792195796966553,
                    -0.09139962494373322,
                    -0.9899490475654602,
                    -3.9906117916107178
                ],
                [
                    9.313225746154785e-10,
                    0.9957648515701294,
                    -0.09193659573793411,
                    -0.37060824036598206
                ],
                [
                    0.0,
                    0.0,
                    0.0,
                    1.0
                ]
            ]
        },
        {
            "file_path": "/data/shapenet_blender/all_50_random/02958343/d373922da2a6c73b616f13ee256019e3/r_18",
            "rotation": 0.12566370614359174,
            "transform_matrix": [
                [
                    0.5413715839385986,
                    -0.7708706259727478,
                    0.33567139506340027,
                    1.3531346321105957
                ],
                [
                    0.8407834768295288,
                    0.49635547399520874,
                    -0.21613526344299316,
                    -0.8712691068649292
                ],
                [
                    0.0,
                    0.39923644065856934,
                    0.9168480038642883,
                    3.695932626724243
                ],
                [
                    0.0,
                    0.0,
                    0.0,
                    1.0
                ]
            ]
        },
        {
            "file_path": "/data/shapenet_blender/all_50_random/02958343/d373922da2a6c73b616f13ee256019e3/r_19",
            "rotation": 0.12566370614359174,
            "transform_matrix": [
                [
                    -0.32552480697631836,
                    0.531673014163971,
                    -0.7818933725357056,
                    -3.1519131660461426
                ],
                [
                    -0.9455334544181824,
                    -0.18304245173931122,
                    0.26918739080429077,
                    1.0851292610168457
                ],
                [
                    0.0,
                    0.8269336223602295,
                    0.5622994303703308,
                    2.2667016983032227
                ],
                [
                    0.0,
                    0.0,
                    0.0,
                    1.0
                ]
            ]
        },
        {
            "file_path": "/data/shapenet_blender/all_50_random/02958343/d373922da2a6c73b616f13ee256019e3/r_20",
            "rotation": 0.12566370614359174,
            "transform_matrix": [
                [
                    0.9925541877746582,
                    -0.013740179128944874,
                    0.12102681398391724,
                    0.48787468671798706
                ],
                [
                    0.12180428951978683,
                    0.11196546256542206,
                    -0.9862187504768372,
                    -3.9755749702453613
                ],
                [
                    -9.31322685637781e-10,
                    0.993617057800293,
                    0.11280539631843567,
                    0.45473310351371765
                ],
                [
                    0.0,
                    0.0,
                    0.0,
                    1.0
                ]
            ]
        },
        {
            "file_path": "/data/shapenet_blender/all_50_random/02958343/d373922da2a6c73b616f13ee256019e3/r_21",
            "rotation": 0.12566370614359174,
            "transform_matrix": [
                [
                    0.9382768273353577,
                    0.13514038920402527,
                    -0.3183925747871399,
                    -1.2834815979003906
                ],
                [
                    -0.3458855450153351,
                    0.3665926456451416,
                    -0.8636972308158875,
                    -3.481675148010254
                ],
                [
                    -7.450581485102248e-09,
                    0.9205144047737122,
                    0.39070844650268555,
                    1.5749962329864502
                ],
                [
                    0.0,
                    0.0,
                    0.0,
                    1.0
                ]
            ]
        },
        {
            "file_path": "/data/shapenet_blender/all_50_random/02958343/d373922da2a6c73b616f13ee256019e3/r_22",
            "rotation": 0.12566370614359174,
            "transform_matrix": [
                [
                    0.4776962697505951,
                    0.5832011699676514,
                    0.6570255756378174,
                    2.648555040359497
                ],
                [
                    0.8785251379013062,
                    -0.3171144723892212,
                    -0.35725635290145874,
                    -1.440146565437317
                ],
                [
                    0.0,
                    0.7478734850883484,
                    -0.663841187953949,
                    -2.676029682159424
                ],
                [
                    0.0,
                    0.0,
                    0.0,
                    1.0
                ]
            ]
        },
        {
            "file_path": "/data/shapenet_blender/all_50_random/02958343/d373922da2a6c73b616f13ee256019e3/r_23",
            "rotation": 0.12566370614359174,
            "transform_matrix": [
                [
                    -0.8560792207717896,
                    -0.28900834918022156,
                    0.42848870158195496,
                    1.7272932529449463
                ],
                [
                    0.5168446898460388,
                    -0.47870099544525146,
                    0.7097302079200745,
                    2.861013889312744
                ],
                [
                    1.4901161193847656e-08,
                    0.8290472626686096,
                    0.5591784119606018,
                    2.254120349884033
                ],
                [
                    0.0,
                    0.0,
                    0.0,
                    1.0
                ]
            ]
        },
        {
            "file_path": "/data/shapenet_blender/all_50_random/02958343/d373922da2a6c73b616f13ee256019e3/r_24",
            "rotation": 0.12566370614359174,
            "transform_matrix": [
                [
                    0.19712106883525848,
                    -0.21711128950119019,
                    0.9560366272926331,
                    3.8539066314697266
                ],
                [
                    0.9803791642189026,
                    0.043653734028339386,
                    -0.1922266036272049,
                    -0.7748901844024658
                ],
                [
                    -3.725290076417309e-09,
                    0.9751702547073364,
                    0.22145648300647736,
                    0.892719566822052
                ],
                [
                    0.0,
                    0.0,
                    0.0,
                    1.0
                ]
            ]
        },
        {
            "file_path": "/data/shapenet_blender/all_50_random/02958343/d373922da2a6c73b616f13ee256019e3/r_25",
            "rotation": 0.12566370614359174,
            "transform_matrix": [
                [
                    0.9850413799285889,
                    -0.025883689522743225,
                    -0.1703631430864334,
                    -0.6867557764053345
                ],
                [
                    -0.1723182201385498,
                    -0.14796175062656403,
                    -0.9738653302192688,
                    -3.925776720046997
                ],
                [
                    -1.862645371275562e-09,
                    0.9886541962623596,
                    -0.15020868182182312,
                    -0.6055105924606323
                ],
                [
                    0.0,
                    0.0,
                    0.0,
                    1.0
                ]
            ]
        },
        {
            "file_path": "/data/shapenet_blender/all_50_random/02958343/d373922da2a6c73b616f13ee256019e3/r_26",
            "rotation": 0.12566370614359174,
            "transform_matrix": [
                [
                    0.7299386858940125,
                    -0.37009772658348083,
                    -0.5746452212333679,
                    -2.3164689540863037
                ],
                [
                    -0.6835125088691711,
                    -0.3952358365058899,
                    -0.6136767864227295,
                    -2.4738101959228516
                ],
                [
                    0.0,
                    0.8407236933708191,
                    -0.5414643287658691,
                    -2.1827125549316406
                ],
                [
                    0.0,
                    0.0,
                    0.0,
                    1.0
                ]
            ]
        },
        {
            "file_path": "/data/shapenet_blender/all_50_random/02958343/d373922da2a6c73b616f13ee256019e3/r_27",
            "rotation": 0.12566370614359174,
            "transform_matrix": [
                [
                    0.5345756411552429,
                    -0.5563966035842896,
                    -0.6361223459243774,
                    -2.56429123878479
                ],
                [
                    -0.8451207280158997,
                    -0.35194507241249084,
                    -0.4023750424385071,
                    -1.622025728225708
                ],
                [
                    -1.4901162970204496e-08,
                    0.7526999711990356,
                    -0.6583635807037354,
                    -2.6539485454559326
                ],
                [
                    0.0,
                    0.0,
                    0.0,
                    1.0
                ]
            ]
        },
        {
            "file_path": "/data/shapenet_blender/all_50_random/02958343/d373922da2a6c73b616f13ee256019e3/r_28",
            "rotation": 0.12566370614359174,
            "transform_matrix": [
                [
                    0.893951416015625,
                    -0.43362319469451904,
                    0.1132330670952797,
                    0.45645713806152344
                ],
                [
                    0.44816383719444275,
                    0.8649471998214722,
                    -0.22586575150489807,
                    -0.9104940295219421
                ],
                [
                    0.0,
                    0.2526598572731018,
                    0.967555046081543,
                    3.900339365005493
                ],
                [
                    0.0,
                    0.0,
                    0.0,
                    1.0
                ]
            ]
        },
        {
            "file_path": "/data/shapenet_blender/all_50_random/02958343/d373922da2a6c73b616f13ee256019e3/r_29",
            "rotation": 0.12566370614359174,
            "transform_matrix": [
                [
                    0.7623433470726013,
                    -0.3715483546257019,
                    -0.5298908948898315,
                    -2.136058807373047
                ],
                [
                    -0.6471728086471558,
                    -0.43766891956329346,
                    -0.6241899728775024,
                    -2.516190528869629
                ],
                [
                    -1.4901161193847656e-08,
                    0.8187780976295471,
                    -0.5741099715232849,
                    -2.3143115043640137
                ],
                [
                    0.0,
                    0.0,
                    0.0,
                    1.0
                ]
            ]
        },
        {
            "file_path": "/data/shapenet_blender/all_50_random/02958343/d373922da2a6c73b616f13ee256019e3/r_30",
            "rotation": 0.12566370614359174,
            "transform_matrix": [
                [
                    -0.9993269443511963,
                    -0.008891616016626358,
                    -0.03559117764234543,
                    -0.14347264170646667
                ],
                [
                    -0.03668505698442459,
                    0.24221393465995789,
                    0.9695289731025696,
                    3.908296585083008
                ],
                [
                    0.0,
                    0.9701821208000183,
                    -0.24237704277038574,
                    -0.977053165435791
                ],
                [
                    0.0,
                    0.0,
                    0.0,
                    1.0
                ]
            ]
        },
        {
            "file_path": "/data/shapenet_blender/all_50_random/02958343/d373922da2a6c73b616f13ee256019e3/r_31",
            "rotation": 0.12566370614359174,
            "transform_matrix": [
                [
                    0.49350506067276,
                    -0.5790002346038818,
                    -0.6490080952644348,
                    -2.6162352561950684
                ],
                [
                    -0.8697429895401001,
                    -0.3285333216190338,
                    -0.3682568073272705,
                    -1.4844906330108643
                ],
                [
                    -1.4901161193847656e-08,
                    0.7462068200111389,
                    -0.6657142043113708,
                    -2.683579683303833
                ],
                [
                    0.0,
                    0.0,
                    0.0,
                    1.0
                ]
            ]
        },
        {
            "file_path": "/data/shapenet_blender/all_50_random/02958343/d373922da2a6c73b616f13ee256019e3/r_32",
            "rotation": 0.12566370614359174,
            "transform_matrix": [
                [
                    0.4058293402194977,
                    0.537122368812561,
                    0.7394606471061707,
                    2.980861186981201
                ],
                [
                    0.9139488339424133,
                    -0.2385035753250122,
                    -0.3283497393131256,
                    -1.323620080947876
                ],
                [
                    1.4901160305669237e-08,
                    0.8090830445289612,
                    -0.5876941680908203,
                    -2.3690710067749023
                ],
                [
                    0.0,
                    0.0,
                    0.0,
                    1.0
                ]
            ]
        },
        {
            "file_path": "/data/shapenet_blender/all_50_random/02958343/d373922da2a6c73b616f13ee256019e3/r_33",
            "rotation": 0.12566370614359174,
            "transform_matrix": [
                [
                    0.8641465306282043,
                    0.03104884922504425,
                    0.5022816061973572,
                    2.0247621536254883
                ],
                [
                    0.5032404661178589,
                    -0.05331597477197647,
                    -0.8625000715255737,
                    -3.476849317550659
                ],
                [
                    0.0,
                    0.9980948567390442,
                    -0.06169784441590309,
                    -0.2487119883298874
                ],
                [
                    0.0,
                    0.0,
                    0.0,
                    1.0
                ]
            ]
        },
        {
            "file_path": "/data/shapenet_blender/all_50_random/02958343/d373922da2a6c73b616f13ee256019e3/r_34",
            "rotation": 0.12566370614359174,
            "transform_matrix": [
                [
                    0.18656043708324432,
                    0.5017788410186768,
                    0.8446378111839294,
                    3.404844284057617
                ],
                [
                    0.9824435114860535,
                    -0.09528495371341705,
                    -0.1603919118642807,
                    -0.646560549736023
                ],
                [
                    7.450581485102248e-09,
                    0.8597317337989807,
                    -0.5107457637786865,
                    -2.058882236480713
                ],
                [
                    0.0,
                    0.0,
                    0.0,
                    1.0
                ]
            ]
        },
        {
            "file_path": "/data/shapenet_blender/all_50_random/02958343/d373922da2a6c73b616f13ee256019e3/r_35",
            "rotation": 0.12566370614359174,
            "transform_matrix": [
                [
                    0.24419136345386505,
                    0.041002627462148666,
                    -0.968859851360321,
                    -3.9055988788604736
                ],
                [
                    -0.969727098941803,
                    0.010325056500732899,
                    -0.24397297203540802,
                    -0.983486533164978
                ],
                [
                    -9.313225746154785e-10,
                    0.9991056323051453,
                    0.042282648384571075,
                    0.17044681310653687
                ],
                [
                    0.0,
                    0.0,
                    0.0,
                    1.0
                ]
            ]
        },
        {
            "file_path": "/data/shapenet_blender/all_50_random/02958343/d373922da2a6c73b616f13ee256019e3/r_36",
            "rotation": 0.12566370614359174,
            "transform_matrix": [
                [
                    -0.05100511014461517,
                    0.025965441018342972,
                    -0.9983608722686768,
                    -4.0245208740234375
                ],
                [
                    -0.9986984729766846,
                    -0.001326096011325717,
                    0.05098786577582359,
                    0.20553863048553467
                ],
                [
                    0.0,
                    0.9996618032455444,
                    0.025999287143349648,
                    0.10480646789073944
                ],
                [
                    0.0,
                    0.0,
                    0.0,
                    1.0
                ]
            ]
        },
        {
            "file_path": "/data/shapenet_blender/all_50_random/02958343/d373922da2a6c73b616f13ee256019e3/r_37",
            "rotation": 0.12566370614359174,
            "transform_matrix": [
                [
                    -0.9530925154685974,
                    0.1438746452331543,
                    -0.2662983238697052,
                    -1.0734829902648926
                ],
                [
                    -0.30267924070358276,
                    -0.45304012298583984,
                    0.8385342955589294,
                    3.3802402019500732
                ],
                [
                    0.0,
                    0.8798037171363831,
                    0.4753369987010956,
                    1.916144847869873
                ],
                [
                    0.0,
                    0.0,
                    0.0,
                    1.0
                ]
            ]
        },
        {
            "file_path": "/data/shapenet_blender/all_50_random/02958343/d373922da2a6c73b616f13ee256019e3/r_38",
            "rotation": 0.12566370614359174,
            "transform_matrix": [
                [
                    0.2813242971897125,
                    -0.9274065494537354,
                    -0.24652311205863953,
                    -0.9937664270401001
                ],
                [
                    -0.9596127271652222,
                    -0.2718825936317444,
                    -0.07227180898189545,
                    -0.2913369834423065
                ],
                [
                    7.4505797087454084e-09,
                    0.2568986415863037,
                    -0.9664384126663208,
                    -3.8958377838134766
                ],
                [
                    0.0,
                    0.0,
                    0.0,
                    1.0
                ]
            ]
        },
        {
            "file_path": "/data/shapenet_blender/all_50_random/02958343/d373922da2a6c73b616f13ee256019e3/r_39",
            "rotation": 0.12566370614359174,
            "transform_matrix": [
                [
                    -0.8242581486701965,
                    -0.28788748383522034,
                    0.48756465315818787,
                    1.9654359817504883
                ],
                [
                    0.5662142038345337,
                    -0.41908806562423706,
                    0.7097651958465576,
                    2.8611550331115723
                ],
                [
                    1.4901161193847656e-08,
                    0.8610957860946655,
                    0.508442759513855,
                    2.049598217010498
                ],
                [
                    0.0,
                    0.0,
                    0.0,
                    1.0
                ]
            ]
        },
        {
            "file_path": "/data/shapenet_blender/all_50_random/02958343/d373922da2a6c73b616f13ee256019e3/r_40",
            "rotation": 0.12566370614359174,
            "transform_matrix": [
                [
                    0.6781165599822998,
                    0.0856136679649353,
                    -0.7299509644508362,
                    -2.94252610206604
                ],
                [
                    -0.7349544763565063,
                    0.07899270951747894,
                    -0.6734999418258667,
                    -2.7149648666381836
                ],
                [
                    3.725290298461914e-09,
                    0.9931919574737549,
                    0.11648842692375183,
                    0.469579815864563
                ],
                [
                    0.0,
                    0.0,
                    0.0,
                    1.0
                ]
            ]
        },
        {
            "file_path": "/data/shapenet_blender/all_50_random/02958343/d373922da2a6c73b616f13ee256019e3/r_41",
            "rotation": 0.12566370614359174,
            "transform_matrix": [
                [
                    -0.9701257944107056,
                    0.15961582958698273,
                    0.18269896507263184,
                    0.736483097076416
                ],
                [
                    0.24260282516479492,
                    0.6382754445075989,
                    0.7305808067321777,
                    2.945065498352051
                ],
