{
    "class": "02958343",
    "model": "7521398f7ab70a073c1d9add3a87bd2d",
    "remove_doubles": true,
    "edge_split": true,
    "denoise": true,
    "camera_angle_x": 0.6911112070083618,
    "scale_factor": 2.2582360720739127,
    "hdri_file": "/data/IndoorHDRDataset2018/AG8A0405-da5e623484.exr",
    "center_offset": [
        0.0,
        -1.862645149230957e-09,
        -3.725290298461914e-09
    ],
    "lights": [],
    "frames": [
        {
            "file_path": "/data/shapenet_blender/all_50_random/02958343/7521398f7ab70a073c1d9add3a87bd2d/r_0",
            "rotation": 0.12566370614359174,
            "transform_matrix": [
                [
                    -0.2945381999015808,
                    -0.14285072684288025,
                    0.9449025988578796,
                    3.8090240955352783
                ],
                [
                    0.9556397795677185,
                    -0.04402809590101242,
                    0.29122889041900635,
                    1.1739811897277832
                ],
                [
                    3.725290742551124e-09,
                    0.9887644052505493,
                    0.14948180317878723,
                    0.6025804281234741
                ],
                [
                    0.0,
                    0.0,
                    0.0,
                    1.0
                ]
            ]
        },
        {
            "file_path": "/data/shapenet_blender/all_50_random/02958343/7521398f7ab70a073c1d9add3a87bd2d/r_1",
            "rotation": 0.12566370614359174,
            "transform_matrix": [
                [
                    0.1350933015346527,
                    -0.7659384608268738,
                    -0.6285601854324341,
                    -2.5338072776794434
                ],
                [
                    -0.9908329844474792,
                    -0.10443047434091568,
                    -0.0856998860836029,
                    -0.34546732902526855
                ],
                [
                    0.0,
                    0.6343756914138794,
                    -0.77302485704422,
                    -3.1161630153656006
                ],
                [
                    0.0,
                    0.0,
                    0.0,
                    1.0
                ]
            ]
        },
        {
            "file_path": "/data/shapenet_blender/all_50_random/02958343/7521398f7ab70a073c1d9add3a87bd2d/r_2",
            "rotation": 0.12566370614359174,
            "transform_matrix": [
                [
                    0.015879664570093155,
                    -0.8653246760368347,
                    -0.5009598731994629,
                    -2.0194339752197266
                ],
                [
                    -0.9998739957809448,
                    -0.013742797076702118,
                    -0.007956077344715595,
                    -0.032071977853775024
                ],
                [
                    0.0,
                    0.5010231137275696,
                    -0.8654338121414185,
                    -3.488675594329834
                ],
                [
                    0.0,
                    0.0,
                    0.0,
                    1.0
                ]
            ]
        },
        {
            "file_path": "/data/shapenet_blender/all_50_random/02958343/7521398f7ab70a073c1d9add3a87bd2d/r_3",
            "rotation": 0.12566370614359174,
            "transform_matrix": [
                [
                    0.7973184585571289,
                    0.24828022718429565,
                    -0.5501274466514587,
                    -2.217634677886963
                ],
                [
                    -0.6035588979721069,
                    0.3279852569103241,
                    -0.7267341017723083,
                    -2.929558753967285
                ],
                [
                    -1.4901161193847656e-08,
                    0.9114727973937988,
                    0.41136041283607483,
                    1.6582468748092651
                ],
                [
                    0.0,
                    0.0,
                    0.0,
                    1.0
                ]
            ]
        },
        {
            "file_path": "/data/shapenet_blender/all_50_random/02958343/7521398f7ab70a073c1d9add3a87bd2d/r_4",
            "rotation": 0.12566370614359174,
            "transform_matrix": [
                [
                    0.5789607167243958,
                    -0.7236846685409546,
                    -0.375612735748291,
                    -1.5141433477401733
                ],
                [
                    -0.8153555393218994,
                    -0.5138678550720215,
                    -0.26671189069747925,
                    -1.0751500129699707
                ],
                [
                    0.0,
                    0.46067363023757935,
                    -0.8875696063041687,
                    -3.5779075622558594
                ],
                [
                    0.0,
                    0.0,
                    0.0,
                    1.0
                ]
            ]
        },
        {
            "file_path": "/data/shapenet_blender/all_50_random/02958343/7521398f7ab70a073c1d9add3a87bd2d/r_5",
            "rotation": 0.12566370614359174,
            "transform_matrix": [
                [
                    0.9673913717269897,
                    0.05414603650569916,
                    -0.24743099510669708,
                    -0.9974262714385986
                ],
                [
                    -0.2532861828804016,
                    0.20680324733257294,
                    -0.9450283050537109,
                    -3.8095309734344482
                ],
                [
                    -3.725290298461914e-09,
                    0.976883053779602,
                    0.21377414464950562,
                    0.861751139163971
                ],
                [
                    0.0,
                    0.0,
                    0.0,
                    1.0
                ]
            ]
        },
        {
            "file_path": "/data/shapenet_blender/all_50_random/02958343/7521398f7ab70a073c1d9add3a87bd2d/r_6",
            "rotation": 0.12566370614359174,
            "transform_matrix": [
                [
                    -0.5816760659217834,
                    -0.016411418095231056,
                    -0.8132549524307251,
                    -3.2783355712890625
                ],
                [
                    -0.8134205937385559,
                    0.011735785752534866,
                    0.5815576910972595,
                    2.344334125518799
                ],
                [
                    -9.31322685637781e-10,
                    0.9997963309288025,
                    -0.020175814628601074,
                    -0.08133131265640259
                ],
                [
                    0.0,
                    0.0,
                    0.0,
                    1.0
                ]
            ]
        },
        {
            "file_path": "/data/shapenet_blender/all_50_random/02958343/7521398f7ab70a073c1d9add3a87bd2d/r_7",
            "rotation": 0.12566370614359174,
            "transform_matrix": [
                [
                    -0.9656050801277161,
                    -0.004844274837523699,
                    -0.2599678337574005,
                    -1.0479638576507568
                ],
                [
                    -0.2600129246711731,
                    0.01799008809030056,
                    0.9654375314712524,
                    3.891803026199341
                ],
                [
                    0.0,
                    0.9998263120651245,
                    -0.018630897626280785,
                    -0.07510355114936829
                ],
                [
                    0.0,
                    0.0,
                    0.0,
                    1.0
                ]
            ]
        },
        {
            "file_path": "/data/shapenet_blender/all_50_random/02958343/7521398f7ab70a073c1d9add3a87bd2d/r_8",
            "rotation": 0.12566370614359174,
            "transform_matrix": [
                [
                    -0.6186730861663818,
                    0.16421927511692047,
                    -0.7682939767837524,
                    -3.0970921516418457
                ],
                [
                    -0.7856485247612,
                    -0.12931743264198303,
                    0.6050069332122803,
                    2.4388608932495117
                ],
                [
                    -7.450580596923828e-09,
                    0.977910578250885,
                    0.2090238332748413,
                    0.842602014541626
                ],
                [
                    0.0,
                    0.0,
                    0.0,
                    1.0
                ]
            ]
        },
        {
            "file_path": "/data/shapenet_blender/all_50_random/02958343/7521398f7ab70a073c1d9add3a87bd2d/r_9",
            "rotation": 0.12566370614359174,
            "transform_matrix": [
                [
                    -0.5285480618476868,
                    -0.009840360842645168,
                    -0.848846435546875,
                    -3.421808958053589
                ],
                [
                    -0.8489034175872803,
                    0.0061268494464457035,
                    0.5285125374794006,
                    2.1305019855499268
                ],
                [
                    4.6566123179658803e-10,
                    0.9999328255653381,
                    -0.011591850779950619,
                    -0.046728238463401794
                ],
                [
                    0.0,
                    0.0,
                    0.0,
                    1.0
                ]
            ]
        },
        {
            "file_path": "/data/shapenet_blender/all_50_random/02958343/7521398f7ab70a073c1d9add3a87bd2d/r_10",
            "rotation": 0.12566370614359174,
            "transform_matrix": [
                [
                    -0.47618377208709717,
                    -0.368391215801239,
                    -0.7984589338302612,
                    -3.218691349029541
                ],
                [
                    -0.8793457746505737,
                    0.19949141144752502,
                    0.43238192796707153,
                    1.7429875135421753
                ],
                [
                    0.0,
                    0.9080148935317993,
                    -0.4189378023147583,
                    -1.6887925863265991
                ],
                [
                    0.0,
                    0.0,
                    0.0,
                    1.0
                ]
            ]
        },
        {
            "file_path": "/data/shapenet_blender/all_50_random/02958343/7521398f7ab70a073c1d9add3a87bd2d/r_11",
            "rotation": 0.12566370614359174,
            "transform_matrix": [
                [
                    -0.6091510653495789,
                    -0.24366140365600586,
                    0.7546947002410889,
                    3.042271614074707
                ],
                [
                    0.7930542230606079,
                    -0.18715821206569672,
                    0.5796868801116943,
                    2.336792469024658
                ],
                [
                    -1.4901161193847656e-08,
                    0.9516305923461914,
                    0.30724436044692993,
                    1.238541603088379
                ],
                [
                    0.0,
                    0.0,
                    0.0,
                    1.0
                ]
            ]
        },
        {
            "file_path": "/data/shapenet_blender/all_50_random/02958343/7521398f7ab70a073c1d9add3a87bd2d/r_12",
            "rotation": 0.12566370614359174,
            "transform_matrix": [
                [
                    -0.7924585342407227,
                    0.3330053687095642,
                    0.5109960436820984,
                    2.0598909854888916
                ],
                [
                    0.6099258661270142,
                    0.4326639771461487,
                    0.6639219522476196,
                    2.6763548851013184
                ],
                [
                    0.0,
                    0.8378002643585205,
                    -0.5459768176078796,
                    -2.2009029388427734
                ],
                [
                    0.0,
                    0.0,
                    0.0,
                    1.0
                ]
            ]
        },
        {
            "file_path": "/data/shapenet_blender/all_50_random/02958343/7521398f7ab70a073c1d9add3a87bd2d/r_13",
            "rotation": 0.12566370614359174,
            "transform_matrix": [
                [
                    -0.13839931786060333,
                    0.07662611454725266,
                    0.9874077439308167,
                    3.98036789894104
                ],
                [
                    0.9903765916824341,
                    0.01070804987102747,
                    0.13798443973064423,
                    0.5562330484390259
                ],
                [
                    0.0,
                    0.9970023036003113,
                    -0.07737069576978683,
                    -0.31189125776290894
                ],
                [
                    0.0,
                    0.0,
                    0.0,
                    1.0
                ]
            ]
        },
        {
            "file_path": "/data/shapenet_blender/all_50_random/02958343/7521398f7ab70a073c1d9add3a87bd2d/r_14",
            "rotation": 0.12566370614359174,
            "transform_matrix": [
                [
                    0.4377095699310303,
                    -0.31404972076416016,
                    -0.8424863815307617,
                    -3.3961708545684814
                ],
                [
                    -0.8991164565086365,
                    -0.1528862714767456,
                    -0.4101408123970032,
                    -1.6533302068710327
                ],
                [
                    1.4901161193847656e-08,
                    0.9370158314704895,
                    -0.3492870330810547,
                    -1.4080209732055664
                ],
                [
                    0.0,
                    0.0,
                    0.0,
                    1.0
                ]
            ]
        },
        {
            "file_path": "/data/shapenet_blender/all_50_random/02958343/7521398f7ab70a073c1d9add3a87bd2d/r_15",
            "rotation": 0.12566370614359174,
            "transform_matrix": [
                [
                    0.9294325709342957,
                    -0.10166876018047333,
                    -0.35470911860466003,
                    -1.4298783540725708
                ],
                [
                    -0.36899203062057495,
                    -0.2560875117778778,
                    -0.8934561610221863,
                    -3.601637125015259
                ],
                [
                    0.0,
                    0.9612922072410583,
                    -0.27553099393844604,
                    -1.110701084136963
                ],
                [
                    0.0,
                    0.0,
                    0.0,
                    1.0
                ]
            ]
        },
        {
            "file_path": "/data/shapenet_blender/all_50_random/02958343/7521398f7ab70a073c1d9add3a87bd2d/r_16",
            "rotation": 0.12566370614359174,
            "transform_matrix": [
                [
                    -0.8948971033096313,
                    0.030641749501228333,
                    0.445219486951828,
                    1.7947371006011963
                ],
                [
                    0.44627273082733154,
                    0.0614449642598629,
                    0.8927850723266602,
                    3.5989317893981934
                ],
                [
                    0.0,
                    0.9976399540901184,
                    -0.06866149604320526,
                    -0.2767833471298218
                ],
                [
                    0.0,
                    0.0,
                    0.0,
                    1.0
                ]
            ]
        },
        {
            "file_path": "/data/shapenet_blender/all_50_random/02958343/7521398f7ab70a073c1d9add3a87bd2d/r_17",
            "rotation": 0.12566370614359174,
            "transform_matrix": [
                [
                    -0.7571460008621216,
                    -0.08810796588659286,
                    -0.6472765803337097,
                    -2.609255313873291
                ],
                [
                    -0.6532456874847412,
                    0.1021217405796051,
                    0.7502273917198181,
                    3.024263381958008
                ],
                [
                    7.450580596923828e-09,
                    0.990862250328064,
                    -0.13487720489501953,
                    -0.5437074303627014
                ],
                [
                    0.0,
                    0.0,
                    0.0,
                    1.0
                ]
            ]
        },
        {
            "file_path": "/data/shapenet_blender/all_50_random/02958343/7521398f7ab70a073c1d9add3a87bd2d/r_18",
            "rotation": 0.12566370614359174,
            "transform_matrix": [
                [
                    -0.9983490109443665,
                    0.03180374577641487,
                    0.04782992601394653,
                    0.192808598279953
                ],
                [
                    0.05743848532438278,
                    0.5527868270874023,
                    0.8313407897949219,
                    3.3512418270111084
                ],
                [
                    -1.8626450382086546e-09,
                    0.832715630531311,
                    -0.5537009239196777,
                    -2.2320399284362793
                ],
                [
                    0.0,
                    0.0,
                    0.0,
                    1.0
                ]
            ]
        },
        {
            "file_path": "/data/shapenet_blender/all_50_random/02958343/7521398f7ab70a073c1d9add3a87bd2d/r_19",
            "rotation": 0.12566370614359174,
            "transform_matrix": [
                [
                    0.22132326662540436,
                    0.5280889868736267,
                    -0.8198401927947998,
                    -3.3048815727233887
                ],
                [
                    -0.9752005338668823,
                    0.11985062062740326,
                    -0.1860640048980713,
                    -0.7500479817390442
                ],
                [
                    0.0,
                    0.8406888246536255,
                    0.5415183901786804,
                    2.1829304695129395
                ],
                [
                    0.0,
                    0.0,
                    0.0,
                    1.0
                ]
            ]
        },
        {
            "file_path": "/data/shapenet_blender/all_50_random/02958343/7521398f7ab70a073c1d9add3a87bd2d/r_20",
            "rotation": 0.12566370614359174,
            "transform_matrix": [
                [
                    -0.5609616041183472,
                    0.7566238641738892,
                    0.33592021465301514,
                    1.3541377782821655
                ],
                [
                    0.8278418183326721,
                    0.5127029418945312,
                    0.2276260256767273,
                    0.9175899028778076
                ],
                [
                    0.0,
                    0.40577831864356995,
                    -0.913971483707428,
                    -3.6843371391296387
                ],
                [
                    0.0,
                    0.0,
                    0.0,
                    1.0
                ]
            ]
        },
        {
            "file_path": "/data/shapenet_blender/all_50_random/02958343/7521398f7ab70a073c1d9add3a87bd2d/r_21",
            "rotation": 0.12566370614359174,
            "transform_matrix": [
                [
                    -0.9743366837501526,
                    0.0344369001686573,
                    -0.22244615852832794,
                    -0.8967092037200928
                ],
                [
                    -0.22509601712226868,
                    -0.1490614414215088,
                    0.9628667235374451,
                    3.8814401626586914
                ],
                [
                    0.0,
                    0.9882280826568604,
                    0.15298759937286377,
                    0.6167128086090088
                ],
                [
                    0.0,
                    0.0,
                    0.0,
                    1.0
                ]
            ]
        },
        {
            "file_path": "/data/shapenet_blender/all_50_random/02958343/7521398f7ab70a073c1d9add3a87bd2d/r_22",
            "rotation": 0.12566370614359174,
            "transform_matrix": [
                [
                    0.9291622638702393,
                    0.028178097680211067,
                    0.36859679222106934,
                    1.4858611822128296
                ],
                [
                    0.3696722984313965,
                    -0.07082495838403702,
                    -0.926459014415741,
                    -3.734675645828247
                ],
                [
                    0.0,
                    0.997090756893158,
                    -0.07622453570365906,
                    -0.30727094411849976
                ],
                [
                    0.0,
                    0.0,
                    0.0,
                    1.0
                ]
            ]
        },
        {
            "file_path": "/data/shapenet_blender/all_50_random/02958343/7521398f7ab70a073c1d9add3a87bd2d/r_23",
            "rotation": 0.12566370614359174,
            "transform_matrix": [
                [
                    -0.09390460699796677,
                    -0.5802773237228394,
                    0.8089870810508728,
                    3.2611312866210938
                ],
                [
                    0.9955812096595764,
                    -0.05473257601261139,
                    0.07630479335784912,
                    0.3075944483280182
                ],
                [
                    3.725290076417309e-09,
                    0.8125776648521423,
                    0.582852840423584,
                    2.349555015563965
                ],
                [
                    0.0,
                    0.0,
                    0.0,
                    1.0
                ]
            ]
        },
        {
            "file_path": "/data/shapenet_blender/all_50_random/02958343/7521398f7ab70a073c1d9add3a87bd2d/r_24",
            "rotation": 0.12566370614359174,
            "transform_matrix": [
                [
                    -0.5139586925506592,
                    -0.6687672138214111,
                    0.537212073802948,
                    2.1655712127685547
                ],
                [
                    0.8578150272369385,
                    -0.4006909728050232,
                    0.3218698799610138,
                    1.2974989414215088
                ],
                [
                    1.4901162970204496e-08,
                    0.6262562870979309,
                    0.779617190361023,
                    3.14273738861084
                ],
                [
                    0.0,
                    0.0,
                    0.0,
                    1.0
                ]
            ]
        },
        {
            "file_path": "/data/shapenet_blender/all_50_random/02958343/7521398f7ab70a073c1d9add3a87bd2d/r_25",
            "rotation": 0.12566370614359174,
            "transform_matrix": [
                [
                    -0.9801146388053894,
                    -0.026615621522068977,
                    0.1966390460729599,
                    0.7926774024963379
                ],
                [
                    0.19843216240406036,
                    -0.13146236538887024,
                    0.9712579846382141,
                    3.915266513824463
                ],
                [
                    0.0,
                    0.990963876247406,
                    0.13412955403327942,
                    0.5406935811042786
                ],
                [
                    0.0,
                    0.0,
                    0.0,
                    1.0
                ]
            ]
        },
        {
            "file_path": "/data/shapenet_blender/all_50_random/02958343/7521398f7ab70a073c1d9add3a87bd2d/r_26",
            "rotation": 0.12566370614359174,
            "transform_matrix": [
                [
                    -0.924471914768219,
                    -0.12402648478746414,
                    -0.3605121970176697,
                    -1.4532711505889893
                ],
                [
                    -0.3812500536441803,
                    0.300744891166687,
                    0.8741858601570129,
                    3.523955821990967
                ],
                [
                    7.450580152834618e-09,
                    0.9456055164337158,
                    -0.32531535625457764,
                    -1.3113881349563599
                ],
                [
                    0.0,
                    0.0,
                    0.0,
                    1.0
                ]
            ]
        },
        {
            "file_path": "/data/shapenet_blender/all_50_random/02958343/7521398f7ab70a073c1d9add3a87bd2d/r_27",
            "rotation": 0.12566370614359174,
            "transform_matrix": [
                [
                    -0.7092361450195312,
                    0.2317030429840088,
                    -0.6658061146736145,
                    -2.683950424194336
                ],
                [
                    -0.7049710750579834,
                    -0.2331048548221588,
                    0.6698342561721802,
                    2.700188398361206
                ],
                [
                    0.0,
                    0.9444446563720703,
                    0.32867029309272766,
                    1.324912428855896
                ],
                [
                    0.0,
                    0.0,
                    0.0,
                    1.0
                ]
            ]
        },
        {
            "file_path": "/data/shapenet_blender/all_50_random/02958343/7521398f7ab70a073c1d9add3a87bd2d/r_28",
            "rotation": 0.12566370614359174,
            "transform_matrix": [
                [
                    -0.6802365183830261,
                    -0.717801570892334,
                    -0.14845649898052216,
                    -0.598447322845459
                ],
                [
                    -0.7329927682876587,
                    0.6661386489868164,
                    0.13777151703834534,
                    0.555374801158905
                ],
                [
                    0.0,
                    0.20253479480743408,
                    -0.9792749881744385,
                    -3.9475839138031006
                ],
                [
                    0.0,
                    0.0,
                    0.0,
                    1.0
                ]
            ]
        },
        {
            "file_path": "/data/shapenet_blender/all_50_random/02958343/7521398f7ab70a073c1d9add3a87bd2d/r_29",
            "rotation": 0.12566370614359174,
            "transform_matrix": [
                [
                    -0.7952336072921753,
                    -0.3446098566055298,
                    -0.49884623289108276,
                    -2.010913610458374
                ],
                [
                    -0.6063032150268555,
                    0.4519938826560974,
                    0.6542918682098389,
                    2.6375350952148438
                ],
                [
                    1.4901161193847656e-08,
                    0.8227670192718506,
                    -0.568378746509552,
                    -2.291208267211914
                ],
                [
                    0.0,
                    0.0,
                    0.0,
                    1.0
                ]
            ]
        },
        {
            "file_path": "/data/shapenet_blender/all_50_random/02958343/7521398f7ab70a073c1d9add3a87bd2d/r_30",
            "rotation": 0.12566370614359174,
            "transform_matrix": [
                [
                    0.6907595992088318,
                    0.48927462100982666,
                    0.5324109792709351,
                    2.1462173461914062
                ],
                [
                    0.7230843901634216,
                    -0.46740204095840454,
                    -0.5086100101470947,
                    -2.0502724647521973
                ],
                [
                    0.0,
                    0.736305296421051,
                    -0.6766493916511536,
                    -2.727660894393921
                ],
                [
                    0.0,
                    0.0,
                    0.0,
                    1.0
                ]
            ]
        },
        {
            "file_path": "/data/shapenet_blender/all_50_random/02958343/7521398f7ab70a073c1d9add3a87bd2d/r_31",
            "rotation": 0.12566370614359174,
            "transform_matrix": [
                [
                    0.10315599292516708,
                    -0.5949816703796387,
                    0.7970919609069824,
                    3.2131805419921875
                ],
                [
                    0.9946652054786682,
                    0.06170510873198509,
                    -0.08266581594944,
                    -0.33323657512664795
                ],
                [
                    0.0,
                    0.8013671040534973,
                    0.5981727838516235,
                    2.411311626434326
                ],
                [
                    0.0,
                    0.0,
                    0.0,
                    1.0
                ]
            ]
        },
        {
            "file_path": "/data/shapenet_blender/all_50_random/02958343/7521398f7ab70a073c1d9add3a87bd2d/r_32",
            "rotation": 0.12566370614359174,
            "transform_matrix": [
                [
                    0.8917677998542786,
                    0.11462721228599548,
                    -0.4377337396144867,
                    -1.7645612955093384
                ],
                [
                    -0.4524933993816376,
                    0.22590573132038116,
                    -0.862679660320282,
                    -3.4775731563568115
                ],
                [
                    -7.450580596923828e-09,
                    0.9673815965652466,
                    0.253323495388031,
                    1.0211797952651978
                ],
                [
                    0.0,
                    0.0,
                    0.0,
                    1.0
                ]
            ]
        },
        {
            "file_path": "/data/shapenet_blender/all_50_random/02958343/7521398f7ab70a073c1d9add3a87bd2d/r_33",
            "rotation": 0.12566370614359174,
            "transform_matrix": [
                [
                    -0.9973213076591492,
                    0.06175784766674042,
                    -0.03919672593474388,
                    -0.15800707042217255
                ],
                [
                    -0.07314653694629669,
                    -0.8420414328575134,
                    0.5344303846359253,
                    2.15435791015625
                ],
                [
                    3.725290742551124e-09,
                    0.535865843296051,
                    0.8443030118942261,
                    3.4034945964813232
                ],
                [
                    0.0,
                    0.0,
                    0.0,
                    1.0
                ]
            ]
        },
        {
            "file_path": "/data/shapenet_blender/all_50_random/02958343/7521398f7ab70a073c1d9add3a87bd2d/r_34",
            "rotation": 0.12566370614359174,
            "transform_matrix": [
                [
                    -0.8538689613342285,
                    -0.19904370605945587,
                    0.4809255301952362,
                    1.9386727809906006
                ],
                [
                    0.5204880237579346,
                    -0.3265343904495239,
                    0.7889660596847534,
                    3.1804239749908447
                ],
                [
                    -1.4901161193847656e-08,
                    0.9239897131919861,
                    0.3824174702167511,
                    1.5415741205215454
                ],
                [
                    0.0,
                    0.0,
                    0.0,
                    1.0
                ]
            ]
        },
        {
            "file_path": "/data/shapenet_blender/all_50_random/02958343/7521398f7ab70a073c1d9add3a87bd2d/r_35",
            "rotation": 0.12566370614359174,
            "transform_matrix": [
                [
                    -0.6990013718605042,
                    -0.48514917492866516,
                    0.525382936000824,
                    2.117886543273926
                ],
                [
                    0.7151203751564026,
                    -0.4742138087749481,
                    0.5135406851768494,
                    2.0701489448547363
                ],
                [
                    0.0,
                    0.7346776723861694,
                    0.6784161329269409,
                    2.734783172607422
                ],
                [
                    0.0,
                    0.0,
                    0.0,
                    1.0
                ]
            ]
        },
        {
            "file_path": "/data/shapenet_blender/all_50_random/02958343/7521398f7ab70a073c1d9add3a87bd2d/r_36",
            "rotation": 0.12566370614359174,
            "transform_matrix": [
                [
                    -0.9613713622093201,
                    -0.06914307922124863,
                    0.26642906665802,
                    1.074009895324707
                ],
                [
                    0.27525484561920166,
                    -0.24149322509765625,
                    0.9305459856987,
                    3.7511508464813232
                ],
                [
                    -7.450581485102248e-09,
                    0.9679359793663025,
                    0.25119665265083313,
                    1.012606143951416
                ],
                [
                    0.0,
                    0.0,
                    0.0,
                    1.0
                ]
            ]
        },
        {
            "file_path": "/data/shapenet_blender/all_50_random/02958343/7521398f7ab70a073c1d9add3a87bd2d/r_37",
            "rotation": 0.12566370614359174,
            "transform_matrix": [
                [
                    -0.35159772634506226,
                    -0.0723993107676506,
                    -0.9333474040031433,
                    -3.762443780899048
                ],
                [
                    -0.9361512660980225,
                    0.027191583067178726,
                    0.35054466128349304,
                    1.413090705871582
                ],
                [
                    1.862645371275562e-09,
                    0.9970049858093262,
                    -0.07733719795942307,
                    -0.3117562234401703
                ],
                [
                    0.0,
                    0.0,
                    0.0,
                    1.0
                ]
            ]
        },
        {
            "file_path": "/data/shapenet_blender/all_50_random/02958343/7521398f7ab70a073c1d9add3a87bd2d/r_38",
            "rotation": 0.12566370614359174,
            "transform_matrix": [
                [
                    -0.9991528987884521,
                    0.003098592860624194,
                    -0.04103628918528557,
                    -0.16542258858680725
                ],
                [
                    -0.041153114289045334,
                    -0.07523045688867569,
                    0.9963165521621704,
                    4.016280651092529
                ],
                [
                    4.656613428188905e-10,
                    0.9971612691879272,
                    0.07529424875974655,
                    0.3035208582878113
                ],
                [
                    0.0,
                    0.0,
                    0.0,
                    1.0
                ]
            ]
        },
        {
            "file_path": "/data/shapenet_blender/all_50_random/02958343/7521398f7ab70a073c1d9add3a87bd2d/r_39",
            "rotation": 0.12566370614359174,
            "transform_matrix": [
                [
                    0.22540771961212158,
                    -0.027487432584166527,
                    -0.9738766551017761,
                    -3.9258222579956055
                ],
                [
                    -0.9742645025253296,
                    -0.006359545513987541,
                    -0.22531798481941223,
                    -0.9082858562469482
                ],
                [
                    0.0,
                    0.9996019601821899,
                    -0.028213519603013992,
                    -0.11373233795166016
                ],
                [
                    0.0,
                    0.0,
                    0.0,
                    1.0
                ]
            ]
        },
        {
            "file_path": "/data/shapenet_blender/all_50_random/02958343/7521398f7ab70a073c1d9add3a87bd2d/r_40",
            "rotation": 0.12566370614359174,
            "transform_matrix": [
                [
                    -0.3747285306453705,
                    0.015026528388261795,
                    0.9270127415657043,
                    3.736907958984375
                ],
                [
                    0.9271345138549805,
                    0.006073411088436842,
                    0.3746793270111084,
                    1.5103806257247925
                ],
                [
                    0.0,
                    0.999868631362915,
                    -0.016207493841648102,
                    -0.0653344988822937
                ],
                [
                    0.0,
                    0.0,
                    0.0,
                    1.0
                ]
            ]
        },
        {
            "file_path": "/data/shapenet_blender/all_50_random/02958343/7521398f7ab70a073c1d9add3a87bd2d/r_41",
            "rotation": 0.12566370614359174,
            "transform_matrix": [
                [
                    -0.9258631467819214,
                    -0.07567406445741653,
                    0.3702036440372467,
                    1.4923386573791504
                ],
                [
                    0.37785884737968445,
                    -0.18542331457138062,
                    0.9071057438850403,
                    3.656660318374634
                ],
                [
