{
    "class": "02958343",
    "model": "fc28356cd7948b90466f54ef02e60f2f",
    "remove_doubles": true,
    "edge_split": true,
    "denoise": true,
    "camera_angle_x": 0.6911112070083618,
    "scale_factor": 2.28662644007772,
    "hdri_file": "/data/IndoorHDRDataset2018/9C4A6897-06f133b7b0.exr",
    "center_offset": [
        0.0,
        0.0,
        -3.725290298461914e-09
    ],
    "lights": [],
    "frames": [
        {
            "file_path": "/data/shapenet_blender/all_50_random/02958343/fc28356cd7948b90466f54ef02e60f2f/r_0",
            "rotation": 0.12566370614359174,
            "transform_matrix": [
                [
                    0.9992222785949707,
                    -0.0004911349969916046,
                    -0.03942913934588432,
                    -0.15894395112991333
                ],
                [
                    -0.03943219780921936,
                    -0.012445488944649696,
                    -0.9991447329521179,
                    -4.027681350708008
                ],
                [
                    5.820766091346741e-11,
                    0.9999224543571472,
                    -0.012455175630748272,
                    -0.05020841956138611
                ],
                [
                    0.0,
                    0.0,
                    0.0,
                    1.0
                ]
            ]
        },
        {
            "file_path": "/data/shapenet_blender/all_50_random/02958343/fc28356cd7948b90466f54ef02e60f2f/r_1",
            "rotation": 0.12566370614359174,
            "transform_matrix": [
                [
                    -0.9797099232673645,
                    -0.06256216019392014,
                    0.1904064416885376,
                    0.7675529718399048
                ],
                [
                    0.20042118430137634,
                    -0.3058198392391205,
                    0.9307553172111511,
                    3.7519948482513428
                ],
                [
                    3.725290742551124e-09,
                    0.950031578540802,
                    0.31215351819992065,
                    1.2583311796188354
                ],
                [
                    0.0,
                    0.0,
                    0.0,
                    1.0
                ]
            ]
        },
        {
            "file_path": "/data/shapenet_blender/all_50_random/02958343/fc28356cd7948b90466f54ef02e60f2f/r_2",
            "rotation": 0.12566370614359174,
            "transform_matrix": [
                [
                    -0.9694710969924927,
                    0.05761094018816948,
                    -0.23834173381328583,
                    -0.9607863426208496
                ],
                [
                    -0.24520565569400787,
                    -0.22777673602104187,
                    0.9423331618309021,
                    3.7986667156219482
                ],
                [
                    0.0,
                    0.9720075130462646,
                    0.2349494844675064,
                    0.9471117258071899
                ],
                [
                    0.0,
                    0.0,
                    0.0,
                    1.0
                ]
            ]
        },
        {
            "file_path": "/data/shapenet_blender/all_50_random/02958343/fc28356cd7948b90466f54ef02e60f2f/r_3",
            "rotation": 0.12566370614359174,
            "transform_matrix": [
                [
                    0.7466645836830139,
                    0.5418767929077148,
                    -0.3858256936073303,
                    -1.5553133487701416
                ],
                [
                    -0.6652007699012756,
                    0.6082377433776855,
                    -0.433075875043869,
                    -1.745784878730774
                ],
                [
                    -1.4901162970204496e-08,
                    0.5800139307975769,
                    0.8146063685417175,
                    3.2837836742401123
                ],
                [
                    0.0,
                    0.0,
                    0.0,
                    1.0
                ]
            ]
        },
        {
            "file_path": "/data/shapenet_blender/all_50_random/02958343/fc28356cd7948b90466f54ef02e60f2f/r_4",
            "rotation": 0.12566370614359174,
            "transform_matrix": [
                [
                    0.9988527297973633,
                    -0.02385777235031128,
                    0.04152127727866173,
                    0.16737762093544006
                ],
                [
                    0.047887470573186874,
                    0.49763333797454834,
                    -0.8660646080970764,
                    -3.491218090057373
                ],
                [
                    1.862645149230957e-09,
                    0.8670592308044434,
                    0.49820491671562195,
                    2.0083281993865967
                ],
                [
                    0.0,
                    0.0,
                    0.0,
                    1.0
                ]
            ]
        },
        {
            "file_path": "/data/shapenet_blender/all_50_random/02958343/fc28356cd7948b90466f54ef02e60f2f/r_5",
            "rotation": 0.12566370614359174,
            "transform_matrix": [
                [
                    -0.14947517216205597,
                    0.1747109442949295,
                    0.9732077121734619,
                    3.923125743865967
                ],
                [
                    0.9887654781341553,
                    0.026411674916744232,
                    0.14712326228618622,
                    0.5930728316307068
                ],
                [
                    0.0,
                    0.9842653870582581,
                    -0.1766960620880127,
                    -0.7122846245765686
                ],
                [
                    0.0,
                    0.0,
                    0.0,
                    1.0
                ]
            ]
        },
        {
            "file_path": "/data/shapenet_blender/all_50_random/02958343/fc28356cd7948b90466f54ef02e60f2f/r_6",
            "rotation": 0.12566370614359174,
            "transform_matrix": [
                [
                    0.35570085048675537,
                    0.6495723128318787,
                    -0.671961784362793,
                    -2.7087647914886475
                ],
                [
                    -0.9345998764038086,
                    0.24722173810005188,
                    -0.25574296712875366,
                    -1.0309330224990845
                ],
                [
                    0.0,
                    0.71898353099823,
                    0.6950271129608154,
                    2.801744222640991
                ],
                [
                    0.0,
                    0.0,
                    0.0,
                    1.0
                ]
            ]
        },
        {
            "file_path": "/data/shapenet_blender/all_50_random/02958343/fc28356cd7948b90466f54ef02e60f2f/r_7",
            "rotation": 0.12566370614359174,
            "transform_matrix": [
                [
                    0.6062570214271545,
                    0.302263081073761,
                    -0.7355878353118896,
                    -2.9652493000030518
                ],
                [
                    -0.795268714427948,
                    0.23042412102222443,
                    -0.560760498046875,
                    -2.260497808456421
                ],
                [
                    -1.4901159417490817e-08,
                    0.9249550700187683,
                    0.3800765872001648,
                    1.5321377515792847
                ],
                [
                    0.0,
                    0.0,
                    0.0,
                    1.0
                ]
            ]
        },
        {
            "file_path": "/data/shapenet_blender/all_50_random/02958343/fc28356cd7948b90466f54ef02e60f2f/r_8",
            "rotation": 0.12566370614359174,
            "transform_matrix": [
                [
                    -0.7561601996421814,
                    0.3542730510234833,
                    0.5501930117607117,
                    2.2178990840911865
                ],
                [
                    0.654386579990387,
                    0.4093714952468872,
                    0.6357619166374207,
                    2.562838315963745
                ],
                [
                    -1.4901161193847656e-08,
                    0.840776801109314,
                    -0.5413819551467896,
                    -2.182380437850952
                ],
                [
                    0.0,
                    0.0,
                    0.0,
                    1.0
                ]
            ]
        },
        {
            "file_path": "/data/shapenet_blender/all_50_random/02958343/fc28356cd7948b90466f54ef02e60f2f/r_9",
            "rotation": 0.12566370614359174,
            "transform_matrix": [
                [
                    0.30392059683799744,
                    0.01358688436448574,
                    0.9526004195213318,
                    3.840055227279663
                ],
                [
                    0.9526972770690918,
                    -0.0043343608267605305,
                    -0.3038897216320038,
                    -1.2250186204910278
                ],
                [
                    -4.6566125955216364e-10,
                    0.9998982548713684,
                    -0.014261490665376186,
                    -0.05748990923166275
                ],
                [
                    0.0,
                    0.0,
                    0.0,
                    1.0
                ]
            ]
        },
        {
            "file_path": "/data/shapenet_blender/all_50_random/02958343/fc28356cd7948b90466f54ef02e60f2f/r_10",
            "rotation": 0.12566370614359174,
            "transform_matrix": [
                [
                    -0.9388688206672668,
                    -0.061879731714725494,
                    -0.3386685848236084,
                    -1.3652167320251465
                ],
                [
                    -0.3442753851413727,
                    0.16875140368938446,
                    0.9235786199569702,
                    3.723064422607422
                ],
                [
                    3.725290742551124e-09,
                    0.9837143421173096,
                    -0.1797390729188919,
                    -0.7245513796806335
                ],
                [
                    0.0,
                    0.0,
                    0.0,
                    1.0
                ]
            ]
        },
        {
            "file_path": "/data/shapenet_blender/all_50_random/02958343/fc28356cd7948b90466f54ef02e60f2f/r_11",
            "rotation": 0.12566370614359174,
            "transform_matrix": [
                [
                    0.2874206006526947,
                    0.7075096964836121,
                    -0.6456154584884644,
                    -2.6025590896606445
                ],
                [
                    -0.9578045606613159,
                    0.21231144666671753,
                    -0.19373805820941925,
                    -0.7809830904006958
                ],
                [
                    0.0,
                    0.6740576028823853,
                    0.7386787533760071,
                    2.9777092933654785
                ],
                [
                    0.0,
                    0.0,
                    0.0,
                    1.0
                ]
            ]
        },
        {
            "file_path": "/data/shapenet_blender/all_50_random/02958343/fc28356cd7948b90466f54ef02e60f2f/r_12",
            "rotation": 0.12566370614359174,
            "transform_matrix": [
                [
                    0.3172721862792969,
                    0.38195598125457764,
                    0.8680137395858765,
                    3.499075412750244
                ],
                [
                    0.9483345746994019,
                    -0.12778612971305847,
                    -0.29040026664733887,
                    -1.1706409454345703
                ],
                [
                    7.450580596923828e-09,
                    0.9153033494949341,
                    -0.40276503562927246,
                    -1.6235978603363037
                ],
                [
                    0.0,
                    0.0,
                    0.0,
                    1.0
                ]
            ]
        },
        {
            "file_path": "/data/shapenet_blender/all_50_random/02958343/fc28356cd7948b90466f54ef02e60f2f/r_13",
            "rotation": 0.12566370614359174,
            "transform_matrix": [
                [
                    0.8048819303512573,
                    -0.15186312794685364,
                    0.573674738407135,
                    2.312556743621826
                ],
                [
                    0.5934350490570068,
                    0.20597349107265472,
                    -0.7780808210372925,
                    -3.1365442276000977
                ],
                [
                    0.0,
                    0.9667018055915833,
                    0.2559052109718323,
                    1.0315868854522705
                ],
                [
                    0.0,
                    0.0,
                    0.0,
                    1.0
                ]
            ]
        },
        {
            "file_path": "/data/shapenet_blender/all_50_random/02958343/fc28356cd7948b90466f54ef02e60f2f/r_14",
            "rotation": 0.12566370614359174,
            "transform_matrix": [
                [
                    -0.3166208267211914,
                    0.7971987128257751,
                    0.5140286684036255,
                    2.0721161365509033
                ],
                [
                    0.9485522508621216,
                    0.2660999596118927,
                    0.17157956957817078,
                    0.6916594505310059
                ],
                [
                    0.0,
                    0.5419088006019592,
                    -0.8404372334480286,
                    -3.387911081314087
                ],
                [
                    0.0,
                    0.0,
                    0.0,
                    1.0
                ]
            ]
        },
        {
            "file_path": "/data/shapenet_blender/all_50_random/02958343/fc28356cd7948b90466f54ef02e60f2f/r_15",
            "rotation": 0.12566370614359174,
            "transform_matrix": [
                [
                    -0.8316857814788818,
                    -0.3788911700248718,
                    -0.40588200092315674,
                    -1.6361628770828247
                ],
                [
                    -0.5552466511726379,
                    0.5675286650657654,
                    0.6079574227333069,
                    2.4507551193237305
                ],
                [
                    0.0,
                    0.7309941649436951,
                    -0.6823835372924805,
                    -2.7507762908935547
                ],
                [
                    0.0,
                    0.0,
                    0.0,
                    1.0
                ]
            ]
        },
        {
            "file_path": "/data/shapenet_blender/all_50_random/02958343/fc28356cd7948b90466f54ef02e60f2f/r_16",
            "rotation": 0.12566370614359174,
            "transform_matrix": [
                [
                    0.6557274460792542,
                    -0.009260930120944977,
                    0.754940927028656,
                    3.043264150619507
                ],
                [
                    0.754997730255127,
                    0.008043264038860798,
                    -0.6556780934333801,
                    -2.643122911453247
                ],
                [
                    -4.656612873077393e-10,
                    0.9999247193336487,
                    0.012266171164810658,
                    0.04944651573896408
                ],
                [
                    0.0,
                    0.0,
                    0.0,
                    1.0
                ]
            ]
        },
        {
            "file_path": "/data/shapenet_blender/all_50_random/02958343/fc28356cd7948b90466f54ef02e60f2f/r_17",
            "rotation": 0.12566370614359174,
            "transform_matrix": [
                [
                    0.996182918548584,
                    0.05093937739729881,
                    0.07088562846183777,
                    0.2857491075992584
                ],
                [
                    0.08729027956724167,
                    -0.5813355445861816,
                    -0.8089681267738342,
                    -3.261054754257202
                ],
                [
                    0.0,
                    0.8120678067207336,
                    -0.5835630893707275,
                    -2.3524179458618164
                ],
                [
                    0.0,
                    0.0,
                    0.0,
                    1.0
                ]
            ]
        },
        {
            "file_path": "/data/shapenet_blender/all_50_random/02958343/fc28356cd7948b90466f54ef02e60f2f/r_18",
            "rotation": 0.12566370614359174,
            "transform_matrix": [
                [
                    -0.5566898584365845,
                    0.8153048157691956,
                    -0.15929359197616577,
                    -0.6421329975128174
                ],
                [
                    -0.8307204246520996,
                    -0.5463594198226929,
                    0.10674726963043213,
                    0.43031200766563416
                ],
                [
                    7.450580596923828e-09,
                    0.19175367057323456,
                    0.9814431071281433,
                    3.9563236236572266
                ],
                [
                    0.0,
                    0.0,
                    0.0,
                    1.0
                ]
            ]
        },
        {
            "file_path": "/data/shapenet_blender/all_50_random/02958343/fc28356cd7948b90466f54ef02e60f2f/r_19",
            "rotation": 0.12566370614359174,
            "transform_matrix": [
                [
                    0.7058202028274536,
                    0.6403390765190125,
                    0.3029579818248749,
                    1.2212626934051514
                ],
                [
                    0.708391010761261,
                    -0.6380152702331543,
                    -0.30185848474502563,
                    -1.2168304920196533
                ],
                [
                    4.4703490686970326e-08,
                    0.4276704788208008,
                    -0.9039346575737,
                    -3.6438772678375244
                ],
                [
                    0.0,
                    0.0,
                    0.0,
                    1.0
                ]
            ]
        },
        {
            "file_path": "/data/shapenet_blender/all_50_random/02958343/fc28356cd7948b90466f54ef02e60f2f/r_20",
            "rotation": 0.12566370614359174,
            "transform_matrix": [
                [
                    0.8469061255455017,
                    0.44276997447013855,
                    0.2944565415382385,
                    1.1869924068450928
                ],
                [
                    0.5317422747612,
                    -0.7051998376846313,
                    -0.4689810276031494,
                    -1.890523076057434
                ],
                [
                    0.0,
                    0.553757905960083,
                    -0.8326776027679443,
                    -3.35663104057312
                ],
                [
                    0.0,
                    0.0,
                    0.0,
                    1.0
                ]
            ]
        },
        {
            "file_path": "/data/shapenet_blender/all_50_random/02958343/fc28356cd7948b90466f54ef02e60f2f/r_21",
            "rotation": 0.12566370614359174,
            "transform_matrix": [
                [
                    0.21416090428829193,
                    -0.26944977045059204,
                    0.9388993382453918,
                    3.7848243713378906
                ],
                [
                    0.976798415184021,
                    0.05907626822590828,
                    -0.20585161447525024,
                    -0.8298143744468689
                ],
                [
                    0.0,
                    0.9612007141113281,
                    0.2758499085903168,
                    1.111986517906189
                ],
                [
                    0.0,
                    0.0,
                    0.0,
                    1.0
                ]
            ]
        },
        {
            "file_path": "/data/shapenet_blender/all_50_random/02958343/fc28356cd7948b90466f54ef02e60f2f/r_22",
            "rotation": 0.12566370614359174,
            "transform_matrix": [
                [
                    -0.9370862245559692,
                    0.12011229991912842,
                    0.32778409123420715,
                    1.3213400840759277
                ],
                [
                    0.34909796714782715,
                    0.32241830229759216,
                    0.8798732161521912,
                    3.5468826293945312
                ],
                [
                    0.0,
                    0.9389458298683167,
                    -0.34406471252441406,
                    -1.3869693279266357
                ],
                [
                    0.0,
                    0.0,
                    0.0,
                    1.0
                ]
            ]
        },
        {
            "file_path": "/data/shapenet_blender/all_50_random/02958343/fc28356cd7948b90466f54ef02e60f2f/r_23",
            "rotation": 0.12566370614359174,
            "transform_matrix": [
                [
                    0.41257941722869873,
                    0.11820598691701889,
                    0.9032195806503296,
                    3.6409945487976074
                ],
                [
                    0.9109216332435608,
                    -0.053538475185632706,
                    -0.40909096598625183,
                    -1.6490983963012695
                ],
                [
                    -3.725290076417309e-09,
                    0.991544783115387,
                    -0.12976525723934174,
                    -0.5231004953384399
                ],
                [
                    0.0,
                    0.0,
                    0.0,
                    1.0
                ]
            ]
        },
        {
            "file_path": "/data/shapenet_blender/all_50_random/02958343/fc28356cd7948b90466f54ef02e60f2f/r_24",
            "rotation": 0.12566370614359174,
            "transform_matrix": [
                [
                    -0.14829948544502258,
                    0.1340898722410202,
                    0.9798097610473633,
                    3.949739456176758
                ],
                [
                    0.988942563533783,
                    0.020107800140976906,
                    0.14692994952201843,
                    0.5922935605049133
                ],
                [
                    0.0,
                    0.9907652139663696,
                    -0.135589137673378,
                    -0.5465772747993469
                ],
                [
                    0.0,
                    0.0,
                    0.0,
                    1.0
                ]
            ]
        },
        {
            "file_path": "/data/shapenet_blender/all_50_random/02958343/fc28356cd7948b90466f54ef02e60f2f/r_25",
            "rotation": 0.12566370614359174,
            "transform_matrix": [
                [
                    0.2081523835659027,
                    0.658717930316925,
                    0.7230235934257507,
                    2.9146013259887695
                ],
                [
                    0.9780964255332947,
                    -0.14018425345420837,
                    -0.1538693755865097,
                    -0.6202672719955444
                ],
                [
                    7.450580596923828e-09,
                    0.7392150163650513,
                    -0.6734694838523865,
                    -2.7148423194885254
                ],
                [
                    0.0,
                    0.0,
                    0.0,
                    1.0
                ]
            ]
        },
        {
            "file_path": "/data/shapenet_blender/all_50_random/02958343/fc28356cd7948b90466f54ef02e60f2f/r_26",
            "rotation": 0.12566370614359174,
            "transform_matrix": [
                [
                    0.3553313612937927,
                    -0.07787922024726868,
                    0.9314904808998108,
                    3.754957914352417
                ],
                [
                    0.9347403645515442,
                    0.029604937881231308,
                    -0.3540959358215332,
                    -1.4274063110351562
                ],
                [
                    -1.8626448161640496e-09,
                    0.9965232014656067,
                    0.08331642299890518,
                    0.3358592391014099
                ],
                [
                    0.0,
                    0.0,
                    0.0,
                    1.0
                ]
            ]
        },
        {
            "file_path": "/data/shapenet_blender/all_50_random/02958343/fc28356cd7948b90466f54ef02e60f2f/r_27",
            "rotation": 0.12566370614359174,
            "transform_matrix": [
                [
                    0.8783050775527954,
                    -0.24718105792999268,
                    -0.40924549102783203,
                    -1.649721384048462
                ],
                [
                    -0.47810083627700806,
                    -0.45408910512924194,
                    -0.7518129348754883,
                    -3.0306549072265625
                ],
                [
                    0.0,
                    0.8559816479682922,
                    -0.5170061588287354,
                    -2.084118604660034
                ],
                [
                    0.0,
                    0.0,
                    0.0,
                    1.0
                ]
            ]
        },
        {
            "file_path": "/data/shapenet_blender/all_50_random/02958343/fc28356cd7948b90466f54ef02e60f2f/r_28",
            "rotation": 0.12566370614359174,
            "transform_matrix": [
                [
                    0.15829972922801971,
                    -0.1895199418067932,
                    -0.9690321683883667,
                    -3.9062936305999756
                ],
                [
                    -0.9873911738395691,
                    -0.030384063720703125,
                    -0.15535639226436615,
                    -0.6262616515159607
                ],
                [
                    -1.862645371275562e-09,
                    0.9814066290855408,
                    -0.1919400840997696,
                    -0.7737352252006531
                ],
                [
                    0.0,
                    0.0,
                    0.0,
                    1.0
                ]
            ]
        },
        {
            "file_path": "/data/shapenet_blender/all_50_random/02958343/fc28356cd7948b90466f54ef02e60f2f/r_29",
            "rotation": 0.12566370614359174,
            "transform_matrix": [
                [
                    -0.9538988471031189,
                    0.13233532011508942,
                    -0.269377738237381,
                    -1.085896372795105
                ],
                [
                    -0.3001282811164856,
                    -0.42060181498527527,
                    0.8561642169952393,
                    3.451308250427246
                ],
                [
                    0.0,
                    0.8975419402122498,
                    0.4409291446208954,
                    1.777442216873169
                ],
                [
                    0.0,
                    0.0,
                    0.0,
                    1.0
                ]
            ]
        },
        {
            "file_path": "/data/shapenet_blender/all_50_random/02958343/fc28356cd7948b90466f54ef02e60f2f/r_30",
            "rotation": 0.12566370614359174,
            "transform_matrix": [
                [
                    -0.9563959836959839,
                    -0.18543033301830292,
                    0.22566014528274536,
                    0.9096651673316956
                ],
                [
                    0.29207348823547363,
                    -0.6071924567222595,
                    0.7389250993728638,
                    2.9787023067474365
                ],
                [
                    1.4901162970204496e-08,
                    0.7726141810417175,
                    0.6348757147789001,
                    2.5592658519744873
                ],
                [
                    0.0,
                    0.0,
                    0.0,
                    1.0
                ]
            ]
        },
        {
            "file_path": "/data/shapenet_blender/all_50_random/02958343/fc28356cd7948b90466f54ef02e60f2f/r_31",
            "rotation": 0.12566370614359174,
            "transform_matrix": [
                [
                    -0.060731690376996994,
                    0.06447551399469376,
                    -0.996069610118866,
                    -4.015284538269043
                ],
                [
                    -0.9981541633605957,
                    -0.003922948148101568,
                    0.06060485914349556,
                    0.24430596828460693
                ],
                [
                    0.0,
                    0.9979115724563599,
                    0.06459475308656693,
                    0.2603897452354431
                ],
                [
                    0.0,
                    0.0,
                    0.0,
                    1.0
                ]
            ]
        },
        {
            "file_path": "/data/shapenet_blender/all_50_random/02958343/fc28356cd7948b90466f54ef02e60f2f/r_32",
            "rotation": 0.12566370614359174,
            "transform_matrix": [
                [
                    0.524848461151123,
                    0.37379592657089233,
                    0.7647290825843811,
                    3.082721710205078
                ],
                [
                    0.8511956930160522,
                    -0.23048309981822968,
                    -0.47153306007385254,
                    -1.900810718536377
                ],
                [
                    0.0,
                    0.8984175324440002,
                    -0.4391421675682068,
                    -1.7702388763427734
                ],
                [
                    0.0,
                    0.0,
                    0.0,
                    1.0
                ]
            ]
        },
        {
            "file_path": "/data/shapenet_blender/all_50_random/02958343/fc28356cd7948b90466f54ef02e60f2f/r_33",
            "rotation": 0.12566370614359174,
            "transform_matrix": [
                [
                    0.516441822052002,
                    -0.8008768558502197,
                    0.30312401056289673,
                    1.221932053565979
                ],
                [
                    0.8563222289085388,
                    0.4830031394958496,
                    -0.1828119456768036,
                    -0.7369385957717896
                ],
                [
                    0.0,
                    0.35398346185684204,
                    0.9352515935897827,
                    3.7701199054718018
                ],
                [
                    0.0,
                    0.0,
                    0.0,
                    1.0
                ]
            ]
        },
        {
            "file_path": "/data/shapenet_blender/all_50_random/02958343/fc28356cd7948b90466f54ef02e60f2f/r_34",
            "rotation": 0.12566370614359174,
            "transform_matrix": [
                [
                    0.0763796716928482,
                    0.07788282632827759,
                    -0.9940324425697327,
                    -4.007072925567627
                ],
                [
                    -0.9970788955688477,
                    0.0059660919941961765,
                    -0.07614630460739136,
                    -0.30695557594299316
                ],
                [
                    -4.656613428188905e-10,
                    0.9969445466995239,
                    0.07811101526021957,
                    0.3148755729198456
                ],
                [
                    0.0,
                    0.0,
                    0.0,
                    1.0
                ]
            ]
        },
        {
            "file_path": "/data/shapenet_blender/all_50_random/02958343/fc28356cd7948b90466f54ef02e60f2f/r_35",
            "rotation": 0.12566370614359174,
            "transform_matrix": [
                [
                    -0.9856321811676025,
                    -0.11091387271881104,
                    0.1273866444826126,
                    0.5135120153427124
                ],
                [
                    0.16890603303909302,
                    -0.6472254395484924,
                    0.7433505058288574,
                    2.996541738510132
                ],
                [
                    0.0,
                    0.7541863918304443,
                    0.6566603183746338,
                    2.6470823287963867
                ],
                [
                    0.0,
                    0.0,
                    0.0,
                    1.0
                ]
            ]
        },
        {
            "file_path": "/data/shapenet_blender/all_50_random/02958343/fc28356cd7948b90466f54ef02e60f2f/r_36",
            "rotation": 0.12566370614359174,
            "transform_matrix": [
                [
                    0.9531811475753784,
                    -0.13772928714752197,
                    -0.2692145109176636,
                    -1.0852384567260742
                ],
                [
                    -0.3024000823497772,
                    -0.4341300129890442,
                    -0.8485783934593201,
                    -3.420728921890259
                ],
                [
                    0.0,
                    0.890259325504303,
                    -0.45545390248298645,
                    -1.8359934091567993
                ],
                [
                    0.0,
                    0.0,
                    0.0,
                    1.0
                ]
            ]
        },
        {
            "file_path": "/data/shapenet_blender/all_50_random/02958343/fc28356cd7948b90466f54ef02e60f2f/r_37",
            "rotation": 0.12566370614359174,
            "transform_matrix": [
                [
                    0.49428480863571167,
                    -0.11590461432933807,
                    -0.8615384697914124,
                    -3.472972869873047
                ],
                [
                    -0.8693000674247742,
                    -0.06590347737073898,
                    -0.4898715913295746,
                    -1.9747356176376343
                ],
                [
                    0.0,
                    0.9910714626312256,
                    -0.13333097100257874,
                    -0.5374743938446045
                ],
                [
                    0.0,
                    0.0,
                    0.0,
                    1.0
                ]
            ]
        },
        {
            "file_path": "/data/shapenet_blender/all_50_random/02958343/fc28356cd7948b90466f54ef02e60f2f/r_38",
            "rotation": 0.12566370614359174,
            "transform_matrix": [
                [
                    0.4430709183216095,
                    -0.28320685029029846,
                    0.8505774736404419,
                    3.4287874698638916
                ],
                [
                    0.8964865803718567,
                    0.13996942341327667,
                    -0.42038124799728394,
                    -1.6946110725402832
                ],
                [
                    7.450580596923828e-09,
                    0.9487900137901306,
                    0.31590747833251953,
                    1.2734637260437012
                ],
                [
                    0.0,
                    0.0,
                    0.0,
                    1.0
                ]
            ]
        },
        {
            "file_path": "/data/shapenet_blender/all_50_random/02958343/fc28356cd7948b90466f54ef02e60f2f/r_39",
            "rotation": 0.12566370614359174,
            "transform_matrix": [
                [
                    -0.2555588483810425,
                    0.23065266013145447,
                    0.9388763904571533,
                    3.7847321033477783
                ],
                [
                    0.9667935371398926,
                    0.06096993014216423,
                    0.2481793463230133,
                    1.0004429817199707
                ],
                [
                    0.0,
                    0.9711240530014038,
                    -0.23857489228248596,
                    -0.961726188659668
                ],
                [
                    0.0,
                    0.0,
                    0.0,
                    1.0
                ]
            ]
        },
        {
            "file_path": "/data/shapenet_blender/all_50_random/02958343/fc28356cd7948b90466f54ef02e60f2f/r_40",
            "rotation": 0.12566370614359174,
            "transform_matrix": [
                [
                    0.9966764450073242,
                    -0.07968752086162567,
                    0.016909420490264893,
                    0.06816405057907104
                ],
                [
                    0.0814618244767189,
                    0.9749680757522583,
                    -0.20688489079475403,
                    -0.8339796662330627
                ],
                [
                    -1.8626449271863521e-09,
                    0.20757487416267395,
                    0.978219211101532,
                    3.9433276653289795
                ],
                [
                    0.0,
                    0.0,
                    0.0,
                    1.0
                ]
            ]
        },
        {
            "file_path": "/data/shapenet_blender/all_50_random/02958343/fc28356cd7948b90466f54ef02e60f2f/r_41",
            "rotation": 0.12566370614359174,
            "transform_matrix": [
                [
                    0.462089866399765,
                    -0.22119835019111633,
                    -0.8588039875030518,
                    -3.461949586868286
                ],
                [
                    -0.8868330717086792,
                    -0.11525677144527435,
                    -0.4474851191043854,
                    -1.8038702011108398
                ],
                [
