{
    "class": "02958343",
    "model": "718c595ae03a78208b58723318e7adc2",
    "remove_doubles": true,
    "edge_split": true,
    "denoise": true,
    "camera_angle_x": 0.6911112070083618,
    "scale_factor": 2.3948740619650164,
    "hdri_file": "/data/IndoorHDRDataset2018/9C4A2337-44aefa9277.exr",
    "center_offset": [
        0.0,
        0.0,
        -1.862645149230957e-09
    ],
    "lights": [],
    "frames": [
        {
            "file_path": "/data/shapenet_blender/all_50_random/02958343/718c595ae03a78208b58723318e7adc2/r_0",
            "rotation": 0.12566370614359174,
            "transform_matrix": [
                [
                    0.5294228196144104,
                    -0.36905577778816223,
                    0.7638777494430542,
                    3.079289674758911
                ],
                [
                    0.8483580946922302,
                    0.23031145334243774,
                    -0.47670242190361023,
                    -1.9216489791870117
                ],
                [
                    0.0,
                    0.9004189372062683,
                    0.43502360582351685,
                    1.7536362409591675
                ],
                [
                    0.0,
                    0.0,
                    0.0,
                    1.0
                ]
            ]
        },
        {
            "file_path": "/data/shapenet_blender/all_50_random/02958343/718c595ae03a78208b58723318e7adc2/r_1",
            "rotation": 0.12566370614359174,
            "transform_matrix": [
                [
                    -0.6474646329879761,
                    -0.370536208152771,
                    -0.6659522652626038,
                    -2.684539794921875
                ],
                [
                    -0.7620955109596252,
                    0.3148018419742584,
                    0.5657827854156494,
                    2.2807435989379883
                ],
                [
                    -1.4901161193847656e-08,
                    0.8738436698913574,
                    -0.486206978559494,
                    -1.959963083267212
                ],
                [
                    0.0,
                    0.0,
                    0.0,
                    1.0
                ]
            ]
        },
        {
            "file_path": "/data/shapenet_blender/all_50_random/02958343/718c595ae03a78208b58723318e7adc2/r_2",
            "rotation": 0.12566370614359174,
            "transform_matrix": [
                [
                    0.583304226398468,
                    0.15070126950740814,
                    0.7981512546539307,
                    3.2174501419067383
                ],
                [
                    0.8122537732124329,
                    -0.10822318494319916,
                    -0.5731768012046814,
                    -2.310549259185791
                ],
                [
                    0.0,
                    0.9826377034187317,
                    -0.1855347454547882,
                    -0.7479143738746643
                ],
                [
                    0.0,
                    0.0,
                    0.0,
                    1.0
                ]
            ]
        },
        {
            "file_path": "/data/shapenet_blender/all_50_random/02958343/718c595ae03a78208b58723318e7adc2/r_3",
            "rotation": 0.12566370614359174,
            "transform_matrix": [
                [
                    -0.9484908580780029,
                    -0.004035740625113249,
                    0.31677907705307007,
                    1.276977300643921
                ],
                [
                    0.31680482625961304,
                    -0.012082717381417751,
                    0.9484137892723083,
                    3.823178291320801
                ],
                [
                    0.0,
                    0.9999188780784607,
                    0.012738887220621109,
                    0.05135209858417511
                ],
                [
                    0.0,
                    0.0,
                    0.0,
                    1.0
                ]
            ]
        },
        {
            "file_path": "/data/shapenet_blender/all_50_random/02958343/718c595ae03a78208b58723318e7adc2/r_4",
            "rotation": 0.12566370614359174,
            "transform_matrix": [
                [
                    -0.3544876277446747,
                    0.29243022203445435,
                    -0.8881570100784302,
                    -3.580275774002075
                ],
                [
                    -0.9350606799125671,
                    -0.11086221039295197,
                    0.33670613169670105,
                    1.3573060035705566
                ],
                [
                    0.0,
                    0.9498389959335327,
                    0.3127392530441284,
                    1.2606923580169678
                ],
                [
                    0.0,
                    0.0,
                    0.0,
                    1.0
                ]
            ]
        },
        {
            "file_path": "/data/shapenet_blender/all_50_random/02958343/718c595ae03a78208b58723318e7adc2/r_5",
            "rotation": 0.12566370614359174,
            "transform_matrix": [
                [
                    0.7361419796943665,
                    0.48997676372528076,
                    0.46692371368408203,
                    1.8822298049926758
                ],
                [
                    0.6768271327018738,
                    -0.5329166650772095,
                    -0.5078433156013489,
                    -2.047182083129883
                ],
                [
                    0.0,
                    0.6898715496063232,
                    -0.7239317297935486,
                    -2.918262481689453
                ],
                [
                    0.0,
                    0.0,
                    0.0,
                    1.0
                ]
            ]
        },
        {
            "file_path": "/data/shapenet_blender/all_50_random/02958343/718c595ae03a78208b58723318e7adc2/r_6",
            "rotation": 0.12566370614359174,
            "transform_matrix": [
                [
                    0.6429669857025146,
                    0.017839375883340836,
                    0.76568603515625,
                    3.0865790843963623
                ],
                [
                    0.765893816947937,
                    -0.014976137317717075,
                    -0.6427925825119019,
                    -2.591179847717285
                ],
                [
                    0.0,
                    0.9997287392616272,
                    -0.02329223044216633,
                    -0.09389398247003555
                ],
                [
                    0.0,
                    0.0,
                    0.0,
                    1.0
                ]
            ]
        },
        {
            "file_path": "/data/shapenet_blender/all_50_random/02958343/718c595ae03a78208b58723318e7adc2/r_7",
            "rotation": 0.12566370614359174,
            "transform_matrix": [
                [
                    0.9423609972000122,
                    -0.010888301767408848,
                    -0.3344206213951111,
                    -1.348092794418335
                ],
                [
                    -0.3345978260040283,
                    -0.030665799975395203,
                    -0.9418618679046631,
                    -3.796766757965088
                ],
                [
                    0.0,
                    0.9994704127311707,
                    -0.03254145383834839,
                    -0.1311788111925125
                ],
                [
                    0.0,
                    0.0,
                    0.0,
                    1.0
                ]
            ]
        },
        {
            "file_path": "/data/shapenet_blender/all_50_random/02958343/718c595ae03a78208b58723318e7adc2/r_8",
            "rotation": 0.12566370614359174,
            "transform_matrix": [
                [
                    0.9987058639526367,
                    -0.025107285007834435,
                    0.04422761872410774,
                    0.17828723788261414
                ],
                [
                    0.05085722729563713,
                    0.49304285645484924,
                    -0.868517279624939,
                    -3.5011050701141357
                ],
                [
                    0.0,
                    0.8696426749229431,
                    0.49368175864219666,
                    1.990094780921936
                ],
                [
                    0.0,
                    0.0,
                    0.0,
                    1.0
                ]
            ]
        },
        {
            "file_path": "/data/shapenet_blender/all_50_random/02958343/718c595ae03a78208b58723318e7adc2/r_9",
            "rotation": 0.12566370614359174,
            "transform_matrix": [
                [
                    -0.45875123143196106,
                    0.24813714623451233,
                    0.853214681148529,
                    3.439418315887451
                ],
                [
                    0.8885648846626282,
                    0.12810908257961273,
                    0.44050055742263794,
                    1.7757145166397095
                ],
                [
                    -7.450581485102248e-09,
                    0.9602165222167969,
                    -0.2792561650276184,
                    -1.1257176399230957
                ],
                [
                    0.0,
                    0.0,
                    0.0,
                    1.0
                ]
            ]
        },
        {
            "file_path": "/data/shapenet_blender/all_50_random/02958343/718c595ae03a78208b58723318e7adc2/r_10",
            "rotation": 0.12566370614359174,
            "transform_matrix": [
                [
                    0.07657309621572495,
                    -0.33243218064308167,
                    0.9400134682655334,
                    3.789315700531006
                ],
                [
                    0.9970639944076538,
                    0.025530317798256874,
                    -0.07219169288873672,
                    -0.29101404547691345
                ],
                [
                    1.862645149230957e-09,
                    0.9427815079689026,
                    0.3334110975265503,
                    1.3440232276916504
                ],
                [
                    0.0,
                    0.0,
                    0.0,
                    1.0
                ]
            ]
        },
        {
            "file_path": "/data/shapenet_blender/all_50_random/02958343/718c595ae03a78208b58723318e7adc2/r_11",
            "rotation": 0.12566370614359174,
            "transform_matrix": [
                [
                    0.3805738687515259,
                    0.5392923951148987,
                    0.7512171268463135,
                    3.0282530784606934
                ],
                [
                    0.9247505068778992,
                    -0.22194159030914307,
                    -0.3091575503349304,
                    -1.2462539672851562
                ],
                [
                    0.0,
                    0.8123456835746765,
                    -0.5831761360168457,
                    -2.350858211517334
                ],
                [
                    0.0,
                    0.0,
                    0.0,
                    1.0
                ]
            ]
        },
        {
            "file_path": "/data/shapenet_blender/all_50_random/02958343/718c595ae03a78208b58723318e7adc2/r_12",
            "rotation": 0.12566370614359174,
            "transform_matrix": [
                [
                    -0.328010231256485,
                    0.4477422833442688,
                    0.83182692527771,
                    3.3532016277313232
                ],
                [
                    0.9446741342544556,
                    0.15546531975269318,
                    0.28882738947868347,
                    1.1643004417419434
                ],
                [
                    0.0,
                    0.8805437088012695,
                    -0.47396475076675415,
                    -1.9106130599975586
                ],
                [
                    0.0,
                    0.0,
                    0.0,
                    1.0
                ]
            ]
        },
        {
            "file_path": "/data/shapenet_blender/all_50_random/02958343/718c595ae03a78208b58723318e7adc2/r_13",
            "rotation": 0.12566370614359174,
            "transform_matrix": [
                [
                    0.8807712197303772,
                    -0.00908156018704176,
                    -0.4734549820423126,
                    -1.9085581302642822
                ],
                [
                    -0.47354209423065186,
                    -0.016891375184059143,
                    -0.8806092143058777,
                    -3.549849271774292
                ],
                [
                    -9.313225746154785e-10,
                    0.9998160004615784,
                    -0.019177939742803574,
                    -0.07730874419212341
                ],
                [
                    0.0,
                    0.0,
                    0.0,
                    1.0
                ]
            ]
        },
        {
            "file_path": "/data/shapenet_blender/all_50_random/02958343/718c595ae03a78208b58723318e7adc2/r_14",
            "rotation": 0.12566370614359174,
            "transform_matrix": [
                [
                    0.3894628882408142,
                    -0.504323422908783,
                    -0.7706987857818604,
                    -3.1067862510681152
                ],
                [
                    -0.9210421442985535,
                    -0.21325328946113586,
                    -0.3258901536464691,
                    -1.3137052059173584
                ],
                [
                    -1.4901159417490817e-08,
                    0.8367682099342346,
                    -0.5475573539733887,
                    -2.2072741985321045
                ],
                [
                    0.0,
                    0.0,
                    0.0,
                    1.0
                ]
            ]
        },
        {
            "file_path": "/data/shapenet_blender/all_50_random/02958343/718c595ae03a78208b58723318e7adc2/r_15",
            "rotation": 0.12566370614359174,
            "transform_matrix": [
                [
                    -0.7335243225097656,
                    0.02828228659927845,
                    0.6790745258331299,
                    2.7374370098114014
                ],
                [
                    0.6796632409095764,
                    0.030523566529154778,
                    0.73288893699646,
                    2.9543697834014893
                ],
                [
                    -1.862645149230957e-09,
                    0.9991337060928345,
                    -0.04161221161484718,
                    -0.16774418950080872
                ],
                [
                    0.0,
                    0.0,
                    0.0,
                    1.0
                ]
            ]
        },
        {
            "file_path": "/data/shapenet_blender/all_50_random/02958343/718c595ae03a78208b58723318e7adc2/r_16",
            "rotation": 0.12566370614359174,
            "transform_matrix": [
                [
                    -0.9009796977043152,
                    0.20718029141426086,
                    -0.38119781017303467,
                    -1.5366575717926025
                ],
                [
                    -0.43386110663414,
                    -0.43024197220802307,
                    0.7916162610054016,
                    3.1911072731018066
                ],
                [
                    0.0,
                    0.878616988658905,
                    0.47752684354782104,
                    1.9249722957611084
                ],
                [
                    0.0,
                    0.0,
                    0.0,
                    1.0
                ]
            ]
        },
        {
            "file_path": "/data/shapenet_blender/all_50_random/02958343/718c595ae03a78208b58723318e7adc2/r_17",
            "rotation": 0.12566370614359174,
            "transform_matrix": [
                [
                    -0.9999998807907104,
                    -8.850103040458634e-05,
                    -0.0005393522442318499,
                    -0.002174198627471924
                ],
                [
                    -0.0005465649883262813,
                    0.16192220151424408,
                    0.9868032932281494,
                    3.977931499481201
                ],
                [
                    0.0,
                    0.9868034720420837,
                    -0.16192221641540527,
                    -0.6527293920516968
                ],
                [
                    0.0,
                    0.0,
                    0.0,
                    1.0
                ]
            ]
        },
        {
            "file_path": "/data/shapenet_blender/all_50_random/02958343/718c595ae03a78208b58723318e7adc2/r_18",
            "rotation": 0.12566370614359174,
            "transform_matrix": [
                [
                    -0.23842807114124298,
                    -0.6321155428886414,
                    0.7372800707817078,
                    2.9720711708068848
                ],
                [
                    0.9711601734161377,
                    -0.15518973767757416,
                    0.18100851774215698,
                    0.7296687364578247
                ],
                [
                    0.0,
                    0.7591745257377625,
                    0.6508869528770447,
                    2.623809576034546
                ],
                [
                    0.0,
                    0.0,
                    0.0,
                    1.0
                ]
            ]
        },
        {
            "file_path": "/data/shapenet_blender/all_50_random/02958343/718c595ae03a78208b58723318e7adc2/r_19",
            "rotation": 0.12566370614359174,
            "transform_matrix": [
                [
                    -0.7534992694854736,
                    -0.19913417100906372,
                    -0.62656569480896,
                    -2.5257670879364014
                ],
                [
                    -0.6574488878250122,
                    0.22822678089141846,
                    0.7181041240692139,
                    2.894770383834839
                ],
                [
                    0.0,
                    0.9530256986618042,
                    -0.30288925766944885,
                    -1.2209856510162354
                ],
                [
                    0.0,
                    0.0,
                    0.0,
                    1.0
                ]
            ]
        },
        {
            "file_path": "/data/shapenet_blender/all_50_random/02958343/718c595ae03a78208b58723318e7adc2/r_20",
            "rotation": 0.12566370614359174,
            "transform_matrix": [
                [
                    0.4617519974708557,
                    -0.47916868329048157,
                    -0.7464465498924255,
                    -3.0090222358703613
                ],
                [
                    -0.8870090842247009,
                    -0.2494417279958725,
                    -0.3885790705680847,
                    -1.566412329673767
                ],
                [
                    0.0,
                    0.8415319919586182,
                    -0.5402072072029114,
                    -2.177644968032837
                ],
                [
                    0.0,
                    0.0,
                    0.0,
                    1.0
                ]
            ]
        },
        {
            "file_path": "/data/shapenet_blender/all_50_random/02958343/718c595ae03a78208b58723318e7adc2/r_21",
            "rotation": 0.12566370614359174,
            "transform_matrix": [
                [
                    -0.461562842130661,
                    0.16284824907779694,
                    -0.8720322251319885,
                    -3.5152740478515625
                ],
                [
                    -0.8871074914932251,
                    -0.08473008871078491,
                    0.4537191689014435,
                    1.8290003538131714
                ],
                [
                    7.450580152834618e-09,
                    0.9830061793327332,
                    0.18357215821743011,
                    0.7400029897689819
                ],
                [
                    0.0,
                    0.0,
                    0.0,
                    1.0
                ]
            ]
        },
        {
            "file_path": "/data/shapenet_blender/all_50_random/02958343/718c595ae03a78208b58723318e7adc2/r_22",
            "rotation": 0.12566370614359174,
            "transform_matrix": [
                [
                    -0.82305508852005,
                    -0.17416706681251526,
                    0.5405979752540588,
                    2.17922043800354
                ],
                [
                    0.5679616928100586,
                    -0.2523922026157379,
                    0.7834013104438782,
                    3.157991886138916
                ],
                [
                    1.4901162970204496e-08,
                    0.9518213272094727,
                    0.30665287375450134,
                    1.2361574172973633
                ],
                [
                    0.0,
                    0.0,
                    0.0,
                    1.0
                ]
            ]
        },
        {
            "file_path": "/data/shapenet_blender/all_50_random/02958343/718c595ae03a78208b58723318e7adc2/r_23",
            "rotation": 0.12566370614359174,
            "transform_matrix": [
                [
                    0.1005442664027214,
                    0.5561599135398865,
                    0.8249708414077759,
                    3.32556414604187
                ],
                [
                    0.9949324727058411,
                    -0.05620350316166878,
                    -0.08336856216192245,
                    -0.3360694646835327
                ],
                [
                    0.0,
                    0.829172670841217,
                    -0.5589925050735474,
                    -2.253371000289917
                ],
                [
                    0.0,
                    0.0,
                    0.0,
                    1.0
                ]
            ]
        },
        {
            "file_path": "/data/shapenet_blender/all_50_random/02958343/718c595ae03a78208b58723318e7adc2/r_24",
            "rotation": 0.12566370614359174,
            "transform_matrix": [
                [
                    -0.5272245407104492,
                    0.6526270508766174,
                    -0.5441619157791138,
                    -2.193586826324463
                ],
                [
                    -0.8497260212898254,
                    -0.4049316942691803,
                    0.337632954120636,
                    1.3610420227050781
                ],
                [
                    0.0,
                    0.640396773815155,
                    0.7680441737174988,
                    3.0960850715637207
                ],
                [
                    0.0,
                    0.0,
                    0.0,
                    1.0
                ]
            ]
        },
        {
            "file_path": "/data/shapenet_blender/all_50_random/02958343/718c595ae03a78208b58723318e7adc2/r_25",
            "rotation": 0.12566370614359174,
            "transform_matrix": [
                [
                    -0.4223014712333679,
                    -0.0945914164185524,
                    0.9015063643455505,
                    3.6340887546539307
                ],
                [
                    0.9064554572105408,
                    -0.04406845569610596,
                    0.4199957847595215,
                    1.6930572986602783
                ],
                [
                    -3.725290298461914e-09,
                    0.9945403337478638,
                    0.10435306280851364,
                    0.42066067457199097
                ],
                [
                    0.0,
                    0.0,
                    0.0,
                    1.0
                ]
            ]
        },
        {
            "file_path": "/data/shapenet_blender/all_50_random/02958343/718c595ae03a78208b58723318e7adc2/r_26",
            "rotation": 0.12566370614359174,
            "transform_matrix": [
                [
                    0.21657419204711914,
                    -0.4926053285598755,
                    0.8428733944892883,
                    3.397731304168701
                ],
                [
                    0.9762661457061768,
                    0.10927921533584595,
                    -0.1869824379682541,
                    -0.7537503242492676
                ],
                [
                    0.0,
                    0.8633642196655273,
                    0.5045810341835022,
                    2.0340311527252197
                ],
                [
                    0.0,
                    0.0,
                    0.0,
                    1.0
                ]
            ]
        },
        {
            "file_path": "/data/shapenet_blender/all_50_random/02958343/718c595ae03a78208b58723318e7adc2/r_27",
            "rotation": 0.12566370614359174,
            "transform_matrix": [
                [
                    0.06965064257383347,
                    -0.5725626945495605,
                    -0.8168970346450806,
                    -3.2930173873901367
                ],
                [
                    -0.9975714087486267,
                    -0.03997644782066345,
                    -0.05703592300415039,
                    -0.2299191653728485
                ],
                [
                    0.0,
                    0.8188858032226562,
                    -0.5739565491676331,
                    -2.313692808151245
                ],
                [
                    0.0,
                    0.0,
                    0.0,
                    1.0
                ]
            ]
        },
        {
            "file_path": "/data/shapenet_blender/all_50_random/02958343/718c595ae03a78208b58723318e7adc2/r_28",
            "rotation": 0.12566370614359174,
            "transform_matrix": [
                [
                    0.39298155903816223,
                    0.5294669270515442,
                    -0.7518178820610046,
                    -3.030674934387207
                ],
                [
                    -0.919546365737915,
                    0.22627542912960052,
                    -0.32130035758018494,
                    -1.2952032089233398
                ],
                [
                    0.0,
                    0.8175965547561646,
                    0.5757914781570435,
                    2.321089744567871
                ],
                [
                    0.0,
                    0.0,
                    0.0,
                    1.0
                ]
            ]
        },
        {
            "file_path": "/data/shapenet_blender/all_50_random/02958343/718c595ae03a78208b58723318e7adc2/r_29",
            "rotation": 0.12566370614359174,
            "transform_matrix": [
                [
                    -0.8596007227897644,
                    0.46354198455810547,
                    -0.2149776667356491,
                    -0.8666027784347534
                ],
                [
                    -0.5109663009643555,
                    -0.779818594455719,
                    0.3616578280925751,
                    1.457889437675476
                ],
                [
                    0.0,
                    0.4207276403903961,
                    0.9071868658065796,
                    3.656987428665161
                ],
                [
                    0.0,
                    0.0,
                    0.0,
                    1.0
                ]
            ]
        },
        {
            "file_path": "/data/shapenet_blender/all_50_random/02958343/718c595ae03a78208b58723318e7adc2/r_30",
            "rotation": 0.12566370614359174,
            "transform_matrix": [
                [
                    -0.9882924556732178,
                    -0.006616596598178148,
                    -0.15242822468280792,
                    -0.6144578456878662
                ],
                [
                    -0.15257176756858826,
                    0.042859386652708054,
                    0.9873626232147217,
                    3.9801859855651855
                ],
                [
                    0.0,
                    0.9990590810775757,
                    -0.04336711764335632,
                    -0.17481844127178192
                ],
                [
                    0.0,
                    0.0,
                    0.0,
                    1.0
                ]
            ]
        },
        {
            "file_path": "/data/shapenet_blender/all_50_random/02958343/718c595ae03a78208b58723318e7adc2/r_31",
            "rotation": 0.12566370614359174,
            "transform_matrix": [
                [
                    0.9609499573707581,
                    0.10041790455579758,
                    -0.25785940885543823,
                    -1.0394644737243652
                ],
                [
                    -0.2767223119735718,
                    0.3487127125263214,
                    -0.8954463601112366,
                    -3.6096596717834473
                ],
                [
                    7.450580596923828e-09,
                    0.9318345785140991,
                    0.3628833293914795,
                    1.4628294706344604
                ],
                [
                    0.0,
                    0.0,
                    0.0,
                    1.0
                ]
            ]
        },
        {
            "file_path": "/data/shapenet_blender/all_50_random/02958343/718c595ae03a78208b58723318e7adc2/r_32",
            "rotation": 0.12566370614359174,
            "transform_matrix": [
                [
                    0.06477990746498108,
                    0.8706159591674805,
                    -0.487679660320282,
                    -1.9658997058868408
                ],
                [
                    -0.9978996515274048,
                    0.05651712790131569,
                    -0.03165833652019501,
                    -0.12761884927749634
                ],
                [
                    -1.862645371275562e-09,
                    0.48870614171028137,
                    0.8724483251571655,
                    3.5169520378112793
                ],
                [
                    0.0,
                    0.0,
                    0.0,
                    1.0
                ]
            ]
        },
        {
            "file_path": "/data/shapenet_blender/all_50_random/02958343/718c595ae03a78208b58723318e7adc2/r_33",
            "rotation": 0.12566370614359174,
            "transform_matrix": [
                [
                    -0.9604228734970093,
                    0.07448706775903702,
                    0.2684018611907959,
                    1.0819624662399292
                ],
                [
                    0.2785460352897644,
                    0.2568303942680359,
                    0.9254459738731384,
                    3.7305920124053955
                ],
                [
                    0.0,
                    0.9635817408561707,
                    -0.2674138844013214,
                    -1.0779798030853271
                ],
                [
                    0.0,
                    0.0,
                    0.0,
                    1.0
                ]
            ]
        },
        {
            "file_path": "/data/shapenet_blender/all_50_random/02958343/718c595ae03a78208b58723318e7adc2/r_34",
            "rotation": 0.12566370614359174,
            "transform_matrix": [
                [
                    -0.5472404956817627,
                    -0.5519056916236877,
                    -0.6292279958724976,
                    -2.536499261856079
                ],
                [
                    -0.8369755148887634,
                    0.36085304617881775,
                    0.4114087224006653,
                    1.6584416627883911
                ],
                [
                    1.4901162970204496e-08,
                    0.7517879009246826,
                    -0.6594049334526062,
                    -2.658146381378174
                ],
                [
                    0.0,
                    0.0,
                    0.0,
                    1.0
                ]
            ]
        },
        {
            "file_path": "/data/shapenet_blender/all_50_random/02958343/718c595ae03a78208b58723318e7adc2/r_35",
            "rotation": 0.12566370614359174,
            "transform_matrix": [
                [
                    -0.8428900241851807,
                    -0.009955517947673798,
                    -0.5379936695098877,
                    -2.168721914291382
                ],
                [
                    -0.5380856990814209,
                    0.015594924800097942,
                    0.8427457809448242,
                    3.397216796875
                ],
                [
                    0.0,
                    0.9998287558555603,
                    -0.018501730635762215,
                    -0.07458285987377167
                ],
                [
                    0.0,
                    0.0,
                    0.0,
                    1.0
                ]
            ]
        },
        {
            "file_path": "/data/shapenet_blender/all_50_random/02958343/718c595ae03a78208b58723318e7adc2/r_36",
            "rotation": 0.12566370614359174,
            "transform_matrix": [
                [
                    0.18895286321640015,
                    0.4435705244541168,
                    0.8760946989059448,
                    3.5316507816314697
                ],
                [
                    0.9819861650466919,
                    -0.08535142987966537,
                    -0.16857732832431793,
                    -0.6795569658279419
                ],
                [
                    0.0,
                    0.8921660780906677,
                    -0.45170748233795166,
                    -1.8208911418914795
                ],
                [
                    0.0,
                    0.0,
                    0.0,
                    1.0
                ]
            ]
        },
        {
            "file_path": "/data/shapenet_blender/all_50_random/02958343/718c595ae03a78208b58723318e7adc2/r_37",
            "rotation": 0.12566370614359174,
            "transform_matrix": [
                [
                    0.40926891565322876,
                    0.06672181934118271,
                    -0.9099709391593933,
                    -3.668210029602051
                ],
                [
                    -0.9124137759208679,
                    0.02992849238216877,
                    -0.40817317366600037,
                    -1.6453986167907715
                ],
                [
                    0.0,
                    0.9973225593566895,
                    0.07312671840190887,
                    0.29478323459625244
                ],
                [
                    0.0,
                    0.0,
                    0.0,
                    1.0
                ]
            ]
        },
        {
            "file_path": "/data/shapenet_blender/all_50_random/02958343/718c595ae03a78208b58723318e7adc2/r_38",
            "rotation": 0.12566370614359174,
            "transform_matrix": [
                [
                    -0.43197914958000183,
                    0.038912028074264526,
                    -0.901043713092804,
                    -3.63222336769104
                ],
                [
                    -0.901883602142334,
                    -0.018637865781784058,
                    0.4315768778324127,
                    1.7397420406341553
                ],
                [
                    -1.862645149230957e-09,
                    0.9990687966346741,
                    0.04314529150724411,
                    0.17392423748970032
                ],
                [
                    0.0,
                    0.0,
                    0.0,
                    1.0
                ]
            ]
        },
        {
            "file_path": "/data/shapenet_blender/all_50_random/02958343/718c595ae03a78208b58723318e7adc2/r_39",
            "rotation": 0.12566370614359174,
            "transform_matrix": [
                [
                    -0.6670127511024475,
                    0.6216272711753845,
                    -0.41069871187210083,
                    -1.6555794477462769
                ],
                [
                    -0.7450463175773621,
                    -0.5565202236175537,
                    0.36768361926078796,
                    1.482180118560791
                ],
                [
                    2.980232594040899e-08,
                    0.5512390732765198,
                    0.8343471884727478,
                    3.363361120223999
                ],
                [
                    0.0,
                    0.0,
                    0.0,
                    1.0
                ]
            ]
        },
        {
            "file_path": "/data/shapenet_blender/all_50_random/02958343/718c595ae03a78208b58723318e7adc2/r_40",
            "rotation": 0.12566370614359174,
            "transform_matrix": [
                [
                    -0.8819354772567749,
                    0.3633802831172943,
                    0.30024102330207825,
                    1.2103102207183838
                ],
                [
                    0.47137027978897095,
                    0.6798858046531677,
                    0.5617520213127136,
                    2.2644948959350586
                ],
                [
                    0.0,
                    0.6369536519050598,
                    -0.7709019780158997,
                    -3.107605218887329
                ],
                [
                    0.0,
                    0.0,
                    0.0,
                    1.0
                ]
            ]
        },
        {
            "file_path": "/data/shapenet_blender/all_50_random/02958343/718c595ae03a78208b58723318e7adc2/r_41",
            "rotation": 0.12566370614359174,
            "transform_matrix": [
                [
                    -0.5966424942016602,
                    -0.04984968155622482,
                    -0.8009573817253113,
                    -3.22876238822937
                ],
                [
                    -0.8025071620941162,
                    0.0370618961751461,
                    0.5954902768135071,
                    2.400498151779175
                ],
                [
                    0.0,
                    0.9980688691139221,
                    -0.06211742386221886,
