{
    "class": "02958343",
    "model": "5c5908b7a19d8df7402ac33e676077b1",
    "remove_doubles": true,
    "edge_split": true,
    "denoise": true,
    "camera_angle_x": 0.6911112070083618,
    "scale_factor": 2.244878172403407,
    "hdri_file": "/data/IndoorHDRDataset2018/9C4A2495-40e081c571.exr",
    "center_offset": [
        0.0,
        0.0,
        -1.862645149230957e-09
    ],
    "lights": [],
    "frames": [
        {
            "file_path": "/data/shapenet_blender/all_50_random/02958343/5c5908b7a19d8df7402ac33e676077b1/r_0",
            "rotation": 0.12566370614359174,
            "transform_matrix": [
                [
                    -0.9851493835449219,
                    0.13343052566051483,
                    -0.10806082934141159,
                    -0.4356071352958679
                ],
                [
                    -0.1716998964548111,
                    -0.7655740976333618,
                    0.6200122833251953,
                    2.499349355697632
                ],
                [
                    -7.450581485102248e-09,
                    0.6293586492538452,
                    0.7771149277687073,
                    3.132650375366211
                ],
                [
                    0.0,
                    0.0,
                    0.0,
                    1.0
                ]
            ]
        },
        {
            "file_path": "/data/shapenet_blender/all_50_random/02958343/5c5908b7a19d8df7402ac33e676077b1/r_1",
            "rotation": 0.12566370614359174,
            "transform_matrix": [
                [
                    0.07058552652597427,
                    0.765402615070343,
                    0.6396690011024475,
                    2.5785882472991943
                ],
                [
                    0.997505784034729,
                    -0.054161436855793,
                    -0.04526427388191223,
                    -0.18246611952781677
                ],
                [
                    -3.725290742551124e-09,
                    0.6412683129310608,
                    -0.7673165202140808,
                    -3.093151807785034
                ],
                [
                    0.0,
                    0.0,
                    0.0,
                    1.0
                ]
            ]
        },
        {
            "file_path": "/data/shapenet_blender/all_50_random/02958343/5c5908b7a19d8df7402ac33e676077b1/r_2",
            "rotation": 0.12566370614359174,
            "transform_matrix": [
                [
                    0.2124275416135788,
                    -0.9099944829940796,
                    0.3560682535171509,
                    1.4353570938110352
                ],
                [
                    0.9771768450737,
                    0.19782283902168274,
                    -0.07740533351898193,
                    -0.3120308816432953
                ],
                [
                    0.0,
                    0.3643847107887268,
                    0.9312484860420227,
                    3.7539827823638916
                ],
                [
                    0.0,
                    0.0,
                    0.0,
                    1.0
                ]
            ]
        },
        {
            "file_path": "/data/shapenet_blender/all_50_random/02958343/5c5908b7a19d8df7402ac33e676077b1/r_3",
            "rotation": 0.12566370614359174,
            "transform_matrix": [
                [
                    -0.13344255089759827,
                    0.006898227147758007,
                    -0.9910325407981873,
                    -3.9949798583984375
                ],
                [
                    -0.991056501865387,
                    -0.0009288240107707679,
                    0.1334393322467804,
                    0.5379111766815186
                ],
                [
                    0.0,
                    0.999975860118866,
                    0.006960477214306593,
                    0.028058581054210663
                ],
                [
                    0.0,
                    0.0,
                    0.0,
                    1.0
                ]
            ]
        },
        {
            "file_path": "/data/shapenet_blender/all_50_random/02958343/5c5908b7a19d8df7402ac33e676077b1/r_4",
            "rotation": 0.12566370614359174,
            "transform_matrix": [
                [
                    0.5747249722480774,
                    0.08360952883958817,
                    -0.8140643835067749,
                    -3.2815980911254883
                ],
                [
                    -0.8183466196060181,
                    0.058718983083963394,
                    -0.5717175006866455,
                    -2.304666757583618
                ],
                [
                    0.0,
                    0.9947670698165894,
                    0.10216885805130005,
                    0.4118557870388031
                ],
                [
                    0.0,
                    0.0,
                    0.0,
                    1.0
                ]
            ]
        },
        {
            "file_path": "/data/shapenet_blender/all_50_random/02958343/5c5908b7a19d8df7402ac33e676077b1/r_5",
            "rotation": 0.12566370614359174,
            "transform_matrix": [
                [
                    0.09197620302438736,
                    -0.196269229054451,
                    -0.9762267470359802,
                    -3.935296058654785
                ],
                [
                    -0.9957612156867981,
                    -0.01812894456088543,
                    -0.09017185121774673,
                    -0.3634943962097168
                ],
                [
                    0.0,
                    0.9803822636604309,
                    -0.19710472226142883,
                    -0.794554591178894
                ],
                [
                    0.0,
                    0.0,
                    0.0,
                    1.0
                ]
            ]
        },
        {
            "file_path": "/data/shapenet_blender/all_50_random/02958343/5c5908b7a19d8df7402ac33e676077b1/r_6",
            "rotation": 0.12566370614359174,
            "transform_matrix": [
                [
                    0.5485344529151917,
                    0.16400283575057983,
                    0.8198859691619873,
                    3.3050661087036133
                ],
                [
                    0.8361279368400574,
                    -0.1075926348567009,
                    -0.5378790497779846,
                    -2.168259859085083
                ],
                [
                    0.0,
                    0.9805747866630554,
                    -0.19614562392234802,
                    -0.7906882762908936
                ],
                [
                    0.0,
                    0.0,
                    0.0,
                    1.0
                ]
            ]
        },
        {
            "file_path": "/data/shapenet_blender/all_50_random/02958343/5c5908b7a19d8df7402ac33e676077b1/r_7",
            "rotation": 0.12566370614359174,
            "transform_matrix": [
                [
                    -0.9946637153625488,
                    0.04864396154880524,
                    -0.09098267555236816,
                    -0.3667629361152649
                ],
                [
                    -0.10317017883062363,
                    -0.4689764678478241,
                    0.8771640658378601,
                    3.535961627960205
                ],
                [
                    0.0,
                    0.8818700313568115,
                    0.4714924991130829,
                    1.9006471633911133
                ],
                [
                    0.0,
                    0.0,
                    0.0,
                    1.0
                ]
            ]
        },
        {
            "file_path": "/data/shapenet_blender/all_50_random/02958343/5c5908b7a19d8df7402ac33e676077b1/r_8",
            "rotation": 0.12566370614359174,
            "transform_matrix": [
                [
                    -0.9413396120071411,
                    -0.1423967033624649,
                    -0.3059460520744324,
                    -1.233307957649231
                ],
                [
                    -0.33746084570884705,
                    0.39721250534057617,
                    0.8534297943115234,
                    3.4402854442596436
                ],
                [
                    7.450580596923828e-09,
                    0.906611979007721,
                    -0.42196521162986755,
                    -1.7009961605072021
                ],
                [
                    0.0,
                    0.0,
                    0.0,
                    1.0
                ]
            ]
        },
        {
            "file_path": "/data/shapenet_blender/all_50_random/02958343/5c5908b7a19d8df7402ac33e676077b1/r_9",
            "rotation": 0.12566370614359174,
            "transform_matrix": [
                [
                    0.9490000009536743,
                    0.2860901951789856,
                    0.13248181343078613,
                    0.5340512990951538
                ],
                [
                    0.3152761161327362,
                    -0.8611485958099365,
                    -0.39877817034721375,
                    -1.607526183128357
                ],
                [
                    7.450580596923828e-09,
                    0.42020902037620544,
                    -0.9074273705482483,
                    -3.657956838607788
                ],
                [
                    0.0,
                    0.0,
                    0.0,
                    1.0
                ]
            ]
        },
        {
            "file_path": "/data/shapenet_blender/all_50_random/02958343/5c5908b7a19d8df7402ac33e676077b1/r_10",
            "rotation": 0.12566370614359174,
            "transform_matrix": [
                [
                    0.7611188888549805,
                    0.5470709800720215,
                    -0.3484412729740143,
                    -1.4046118259429932
                ],
                [
                    -0.648612380027771,
                    0.6419644355773926,
                    -0.40888097882270813,
                    -1.648252010345459
                ],
                [
                    -1.4901161193847656e-08,
                    0.5372104048728943,
                    0.8434482216835022,
                    3.4000487327575684
                ],
                [
                    0.0,
                    0.0,
                    0.0,
                    1.0
                ]
            ]
        },
        {
            "file_path": "/data/shapenet_blender/all_50_random/02958343/5c5908b7a19d8df7402ac33e676077b1/r_11",
            "rotation": 0.12566370614359174,
            "transform_matrix": [
                [
                    -0.9229121804237366,
                    -0.08306737244129181,
                    0.37594276666641235,
                    1.5154738426208496
                ],
                [
                    0.38501062989234924,
                    -0.19912150502204895,
                    0.9011755585670471,
                    3.6327550411224365
                ],
                [
                    0.0,
                    0.9764478206634521,
                    0.2157534956932068,
                    0.8697302341461182
                ],
                [
                    0.0,
                    0.0,
                    0.0,
                    1.0
                ]
            ]
        },
        {
            "file_path": "/data/shapenet_blender/all_50_random/02958343/5c5908b7a19d8df7402ac33e676077b1/r_12",
            "rotation": 0.12566370614359174,
            "transform_matrix": [
                [
                    0.9999906420707703,
                    0.0011162703158333898,
                    -0.0041835918091237545,
                    -0.0168645977973938
                ],
                [
                    -0.00432995380833745,
                    0.2577994763851166,
                    -0.9661887288093567,
                    -3.894831418991089
                ],
                [
                    0.0,
                    0.9661977887153625,
                    0.25780192017555237,
                    1.0392327308654785
                ],
                [
                    0.0,
                    0.0,
                    0.0,
                    1.0
                ]
            ]
        },
        {
            "file_path": "/data/shapenet_blender/all_50_random/02958343/5c5908b7a19d8df7402ac33e676077b1/r_13",
            "rotation": 0.12566370614359174,
            "transform_matrix": [
                [
                    -0.738251268863678,
                    0.37279635667800903,
                    -0.5621456503868103,
                    -2.2660818099975586
                ],
                [
                    -0.6745256185531616,
                    -0.408016175031662,
                    0.6152542233467102,
                    2.4801692962646484
                ],
                [
                    1.4901161193847656e-08,
                    0.8333939909934998,
                    0.552679181098938,
                    2.2279212474823
                ],
                [
                    0.0,
                    0.0,
                    0.0,
                    1.0
                ]
            ]
        },
        {
            "file_path": "/data/shapenet_blender/all_50_random/02958343/5c5908b7a19d8df7402ac33e676077b1/r_14",
            "rotation": 0.12566370614359174,
            "transform_matrix": [
                [
                    -0.9814548492431641,
                    -0.16715121269226074,
                    -0.0938446968793869,
                    -0.3783000707626343
                ],
                [
                    -0.19169339537620544,
                    0.8558008670806885,
                    0.48047733306884766,
                    1.936866044998169
                ],
                [
                    0.0,
                    0.4895562529563904,
                    -0.8719717264175415,
                    -3.5150303840637207
                ],
                [
                    0.0,
                    0.0,
                    0.0,
                    1.0
                ]
            ]
        },
        {
            "file_path": "/data/shapenet_blender/all_50_random/02958343/5c5908b7a19d8df7402ac33e676077b1/r_15",
            "rotation": 0.12566370614359174,
            "transform_matrix": [
                [
                    0.5810413360595703,
                    0.3496686816215515,
                    0.7349304556846619,
                    2.962599515914917
                ],
                [
                    0.8138741254806519,
                    -0.24963562190532684,
                    -0.5246818661689758,
                    -2.115060329437256
                ],
                [
                    1.4901162970204496e-08,
                    0.9030026197433472,
                    -0.42963486909866333,
                    -1.7319135665893555
                ],
                [
                    0.0,
                    0.0,
                    0.0,
                    1.0
                ]
            ]
        },
        {
            "file_path": "/data/shapenet_blender/all_50_random/02958343/5c5908b7a19d8df7402ac33e676077b1/r_16",
            "rotation": 0.12566370614359174,
            "transform_matrix": [
                [
                    -0.9822664856910706,
                    -0.07634808123111725,
                    0.17124170064926147,
                    0.6902973651885986
                ],
                [
                    0.18749067187309265,
                    -0.39998871088027954,
                    0.8971378207206726,
                    3.616478204727173
                ],
                [
                    -7.450581485102248e-09,
                    0.9133345484733582,
                    0.40720996260643005,
                    1.641515851020813
                ],
                [
                    0.0,
                    0.0,
                    0.0,
                    1.0
                ]
            ]
        },
        {
            "file_path": "/data/shapenet_blender/all_50_random/02958343/5c5908b7a19d8df7402ac33e676077b1/r_17",
            "rotation": 0.12566370614359174,
            "transform_matrix": [
                [
                    -0.7660953998565674,
                    0.3594278395175934,
                    -0.5328314304351807,
                    -2.1479125022888184
                ],
                [
                    -0.6427267789840698,
                    -0.42841845750808716,
                    0.635106086730957,
                    2.560194730758667
                ],
                [
                    -1.4901161193847656e-08,
                    0.8290169835090637,
                    0.5592232942581177,
                    2.2543015480041504
                ],
                [
                    0.0,
                    0.0,
                    0.0,
                    1.0
                ]
            ]
        },
        {
            "file_path": "/data/shapenet_blender/all_50_random/02958343/5c5908b7a19d8df7402ac33e676077b1/r_18",
            "rotation": 0.12566370614359174,
            "transform_matrix": [
                [
                    -0.6058556437492371,
                    -0.32568851113319397,
                    0.7258552312850952,
                    2.926016092300415
                ],
                [
                    0.7955744862556458,
                    -0.24802231788635254,
                    0.5527622103691101,
                    2.2282557487487793
                ],
                [
                    -1.4901160305669237e-08,
                    0.9123661518096924,
                    0.4093751609325409,
                    1.650244116783142
                ],
                [
                    0.0,
                    0.0,
                    0.0,
                    1.0
                ]
            ]
        },
        {
            "file_path": "/data/shapenet_blender/all_50_random/02958343/5c5908b7a19d8df7402ac33e676077b1/r_19",
            "rotation": 0.12566370614359174,
            "transform_matrix": [
                [
                    -0.6872038245201111,
                    -0.41991478204727173,
                    0.5928089022636414,
                    2.3896892070770264
                ],
                [
                    0.726464569568634,
                    -0.39722108840942383,
                    0.5607713460922241,
                    2.2605416774749756
                ],
                [
                    1.4901161193847656e-08,
                    0.8160188794136047,
                    0.5780251026153564,
                    2.3300936222076416
                ],
                [
                    0.0,
                    0.0,
                    0.0,
                    1.0
                ]
            ]
        },
        {
            "file_path": "/data/shapenet_blender/all_50_random/02958343/5c5908b7a19d8df7402ac33e676077b1/r_20",
            "rotation": 0.12566370614359174,
            "transform_matrix": [
                [
                    -0.6176454424858093,
                    0.05607431009411812,
                    -0.7844551205635071,
                    -3.1622397899627686
                ],
                [
                    -0.786456823348999,
                    -0.044038075953722,
                    0.6160734295845032,
                    2.483471393585205
                ],
                [
                    -3.725290742551124e-09,
                    0.997454822063446,
                    0.07129994034767151,
                    0.28741925954818726
                ],
                [
                    0.0,
                    0.0,
                    0.0,
                    1.0
                ]
            ]
        },
        {
            "file_path": "/data/shapenet_blender/all_50_random/02958343/5c5908b7a19d8df7402ac33e676077b1/r_21",
            "rotation": 0.12566370614359174,
            "transform_matrix": [
                [
                    -0.810856282711029,
                    -0.09160131216049194,
                    -0.5780321955680847,
                    -2.330122470855713
                ],
                [
                    -0.5852453708648682,
                    0.1269134283065796,
                    0.8008624911308289,
                    3.2283802032470703
                ],
                [
                    -7.450580596923828e-09,
                    0.9876751899719238,
                    -0.15651775896549225,
                    -0.6309432983398438
                ],
                [
                    0.0,
                    0.0,
                    0.0,
                    1.0
                ]
            ]
        },
        {
            "file_path": "/data/shapenet_blender/all_50_random/02958343/5c5908b7a19d8df7402ac33e676077b1/r_22",
            "rotation": 0.12566370614359174,
            "transform_matrix": [
                [
                    -0.9797079563140869,
                    -0.09335890412330627,
                    -0.17736013233661652,
                    -0.7149616479873657
                ],
                [
                    -0.20043082535266876,
                    0.4563392996788025,
                    0.8669381737709045,
                    3.4947397708892822
                ],
                [
                    0.0,
                    0.884894609451294,
                    -0.4657911956310272,
                    -1.8776644468307495
                ],
                [
                    0.0,
                    0.0,
                    0.0,
                    1.0
                ]
            ]
        },
        {
            "file_path": "/data/shapenet_blender/all_50_random/02958343/5c5908b7a19d8df7402ac33e676077b1/r_23",
            "rotation": 0.12566370614359174,
            "transform_matrix": [
                [
                    -0.9944532513618469,
                    -0.10409419983625412,
                    -0.015066525898873806,
                    -0.06073511391878128
                ],
                [
                    -0.10517890751361847,
                    0.9841974973678589,
                    0.14245209097862244,
                    0.5742428302764893
                ],
                [
                    0.0,
                    0.14324671030044556,
                    -0.9896869659423828,
                    -3.989556074142456
                ],
                [
                    0.0,
                    0.0,
                    0.0,
                    1.0
                ]
            ]
        },
        {
            "file_path": "/data/shapenet_blender/all_50_random/02958343/5c5908b7a19d8df7402ac33e676077b1/r_24",
            "rotation": 0.12566370614359174,
            "transform_matrix": [
                [
                    -0.7683674693107605,
                    -0.008860180154442787,
                    -0.6399475932121277,
                    -2.5797111988067627
                ],
                [
                    -0.6400089859962463,
                    0.010637154802680016,
                    0.7682937979698181,
                    3.0970914363861084
                ],
                [
                    0.0,
                    0.999904215335846,
                    -0.013843837194144726,
                    -0.055806294083595276
                ],
                [
                    0.0,
                    0.0,
                    0.0,
                    1.0
                ]
            ]
        },
        {
            "file_path": "/data/shapenet_blender/all_50_random/02958343/5c5908b7a19d8df7402ac33e676077b1/r_25",
            "rotation": 0.12566370614359174,
            "transform_matrix": [
                [
                    -0.8242293000221252,
                    0.12353330850601196,
                    -0.552617073059082,
                    -2.227670669555664
                ],
                [
                    -0.5662562847137451,
                    -0.17981216311454773,
                    0.8043764233589172,
                    3.2425451278686523
                ],
                [
                    1.4901162970204496e-08,
                    0.9759134650230408,
                    0.21815794706344604,
                    0.8794227838516235
                ],
                [
                    0.0,
                    0.0,
                    0.0,
                    1.0
                ]
            ]
        },
        {
            "file_path": "/data/shapenet_blender/all_50_random/02958343/5c5908b7a19d8df7402ac33e676077b1/r_26",
            "rotation": 0.12566370614359174,
            "transform_matrix": [
                [
                    -0.9674283266067505,
                    0.11758339405059814,
                    -0.22417981922626495,
                    -0.9036977291107178
                ],
                [
                    -0.25314509868621826,
                    -0.44936084747314453,
                    0.856733500957489,
                    3.4536032676696777
                ],
                [
                    0.0,
                    0.8855782747268677,
                    0.4644900858402252,
                    1.8724194765090942
                ],
                [
                    0.0,
                    0.0,
                    0.0,
                    1.0
                ]
            ]
        },
        {
            "file_path": "/data/shapenet_blender/all_50_random/02958343/5c5908b7a19d8df7402ac33e676077b1/r_27",
            "rotation": 0.12566370614359174,
            "transform_matrix": [
                [
                    0.3002932071685791,
                    0.48003900051116943,
                    -0.8242490887641907,
                    -3.3226542472839355
                ],
                [
                    -0.9538469910621643,
                    0.15112744271755219,
                    -0.25949278473854065,
                    -1.046048879623413
                ],
                [
                    0.0,
                    0.8641313910484314,
                    0.5032662153244019,
                    2.028731107711792
                ],
                [
                    0.0,
                    0.0,
                    0.0,
                    1.0
                ]
            ]
        },
        {
            "file_path": "/data/shapenet_blender/all_50_random/02958343/5c5908b7a19d8df7402ac33e676077b1/r_28",
            "rotation": 0.12566370614359174,
            "transform_matrix": [
                [
                    0.8275580406188965,
                    0.04037652164697647,
                    -0.5599262714385986,
                    -2.2571349143981934
                ],
                [
                    -0.5613800883293152,
                    0.05952100828289986,
                    -0.825414776802063,
                    -3.3273534774780273
                ],
                [
                    -3.725290076417309e-09,
                    0.9974101781845093,
                    0.07192366570234299,
                    0.28993356227874756
                ],
                [
                    0.0,
                    0.0,
                    0.0,
                    1.0
                ]
            ]
        },
        {
            "file_path": "/data/shapenet_blender/all_50_random/02958343/5c5908b7a19d8df7402ac33e676077b1/r_29",
            "rotation": 0.12566370614359174,
            "transform_matrix": [
                [
                    -0.6140196919441223,
                    -0.3139704763889313,
                    -0.7241563200950623,
                    -2.9191675186157227
                ],
                [
                    -0.7892907857894897,
                    0.24424971640110016,
                    0.5633490681648254,
                    2.270932674407959
                ],
                [
                    -1.4901162970204496e-08,
                    0.9174771904945374,
                    -0.3977881669998169,
                    -1.6035354137420654
                ],
                [
                    0.0,
                    0.0,
                    0.0,
                    1.0
                ]
            ]
        },
        {
            "file_path": "/data/shapenet_blender/all_50_random/02958343/5c5908b7a19d8df7402ac33e676077b1/r_30",
            "rotation": 0.12566370614359174,
            "transform_matrix": [
                [
                    0.08081609010696411,
                    -0.27483075857162476,
                    0.9580901861190796,
                    3.862185001373291
                ],
                [
                    0.9967290163040161,
                    0.022283636033535004,
                    -0.07768319547176361,
                    -0.31315097212791443
                ],
                [
                    -1.862645149230957e-09,
                    0.9612343907356262,
                    0.2757326662540436,
                    1.1115139722824097
                ],
                [
                    0.0,
                    0.0,
                    0.0,
                    1.0
                ]
            ]
        },
        {
            "file_path": "/data/shapenet_blender/all_50_random/02958343/5c5908b7a19d8df7402ac33e676077b1/r_31",
            "rotation": 0.12566370614359174,
            "transform_matrix": [
                [
                    -0.9434852600097656,
                    -0.14161556959152222,
                    -0.29963427782058716,
                    -1.2078644037246704
                ],
                [
                    -0.33141466975212097,
                    0.40315714478492737,
                    0.8530114889144897,
                    3.4385993480682373
                ],
                [
                    -7.450581485102248e-09,
                    0.9041069149971008,
                    -0.42730626463890076,
                    -1.7225266695022583
                ],
                [
                    0.0,
                    0.0,
                    0.0,
                    1.0
                ]
            ]
        },
        {
            "file_path": "/data/shapenet_blender/all_50_random/02958343/5c5908b7a19d8df7402ac33e676077b1/r_32",
            "rotation": 0.12566370614359174,
            "transform_matrix": [
                [
                    0.3592512905597687,
                    -0.401643842458725,
                    0.8423898816108704,
                    3.395782232284546
                ],
                [
                    0.9332408905029297,
                    0.15461289882659912,
                    -0.32427817583084106,
                    -1.3072071075439453
                ],
                [
                    -1.4901161193847656e-08,
                    0.9026499390602112,
                    0.4303753674030304,
                    1.734898567199707
                ],
                [
                    0.0,
                    0.0,
                    0.0,
                    1.0
                ]
            ]
        },
        {
            "file_path": "/data/shapenet_blender/all_50_random/02958343/5c5908b7a19d8df7402ac33e676077b1/r_33",
            "rotation": 0.12566370614359174,
            "transform_matrix": [
                [
                    -0.9286177158355713,
                    -0.319979190826416,
                    -0.1878364086151123,
                    -0.757192850112915
                ],
                [
                    -0.3710379898548126,
                    0.8008298873901367,
                    0.4701087474822998,
                    1.8950691223144531
                ],
                [
                    -1.4901161193847656e-08,
                    0.5062458515167236,
                    -0.8623891472816467,
                    -3.4764020442962646
                ],
                [
                    0.0,
                    0.0,
                    0.0,
                    1.0
                ]
            ]
        },
        {
            "file_path": "/data/shapenet_blender/all_50_random/02958343/5c5908b7a19d8df7402ac33e676077b1/r_34",
            "rotation": 0.12566370614359174,
            "transform_matrix": [
                [
                    -0.4541221857070923,
                    0.28307798504829407,
                    -0.8447721600532532,
                    -3.4053854942321777
                ],
                [
                    -0.890939474105835,
                    -0.14428812265396118,
                    0.4305901527404785,
                    1.7357643842697144
                ],
                [
                    0.0,
                    0.9481813311576843,
                    0.31772974133491516,
                    1.2808095216751099
                ],
                [
                    0.0,
                    0.0,
                    0.0,
                    1.0
                ]
            ]
        },
        {
            "file_path": "/data/shapenet_blender/all_50_random/02958343/5c5908b7a19d8df7402ac33e676077b1/r_35",
            "rotation": 0.12566370614359174,
            "transform_matrix": [
                [
                    0.8137345910072327,
                    0.11347085237503052,
                    -0.5700530409812927,
                    -2.297957420349121
                ],
                [
                    -0.581236720085144,
                    0.15885980427265167,
                    -0.7980773448944092,
                    -3.2171525955200195
                ],
                [
                    0.0,
                    0.9807589054107666,
                    0.1952231228351593,
                    0.7869696021080017
                ],
                [
                    0.0,
                    0.0,
                    0.0,
                    1.0
                ]
            ]
        },
        {
            "file_path": "/data/shapenet_blender/all_50_random/02958343/5c5908b7a19d8df7402ac33e676077b1/r_36",
            "rotation": 0.12566370614359174,
            "transform_matrix": [
                [
                    0.936469316482544,
                    -0.15103089809417725,
                    0.3165673017501831,
                    1.2761236429214478
                ],
                [
                    0.3507494628429413,
                    0.40323883295059204,
                    -0.8452060222625732,
                    -3.407134532928467
                ],
                [
                    0.0,
                    0.9025454521179199,
                    0.4305947721004486,
                    1.7357831001281738
                ],
                [
                    0.0,
                    0.0,
                    0.0,
                    1.0
                ]
            ]
        },
        {
            "file_path": "/data/shapenet_blender/all_50_random/02958343/5c5908b7a19d8df7402ac33e676077b1/r_37",
            "rotation": 0.12566370614359174,
            "transform_matrix": [
                [
                    -0.9790475368499756,
                    -0.003431206103414297,
                    -0.20360302925109863,
                    -0.8207500576972961
                ],
                [
                    -0.2036319375038147,
                    0.016496988013386726,
                    0.9789085388183594,
                    3.946106433868408
                ],
                [
                    -2.3283064365386963e-10,
                    0.999858021736145,
                    -0.01685003936290741,
                    -0.06792467832565308
                ],
                [
                    0.0,
                    0.0,
                    0.0,
                    1.0
                ]
            ]
        },
        {
            "file_path": "/data/shapenet_blender/all_50_random/02958343/5c5908b7a19d8df7402ac33e676077b1/r_38",
            "rotation": 0.12566370614359174,
            "transform_matrix": [
                [
                    0.266099214553833,
                    -0.2657167315483093,
                    -0.9265989661216736,
                    -3.7352402210235596
                ],
                [
                    -0.9639456868171692,
                    -0.0733516588807106,
                    -0.255789577960968,
                    -1.0311208963394165
                ],
                [
                    0.0,
                    0.9612565040588379,
                    -0.27565526962280273,
                    -1.1112020015716553
                ],
                [
                    0.0,
                    0.0,
                    0.0,
                    1.0
                ]
            ]
        },
        {
            "file_path": "/data/shapenet_blender/all_50_random/02958343/5c5908b7a19d8df7402ac33e676077b1/r_39",
            "rotation": 0.12566370614359174,
            "transform_matrix": [
                [
                    0.6696796417236328,
                    -0.15774759650230408,
                    -0.7257030010223389,
                    -2.9254024028778076
                ],
                [
                    -0.7426501512527466,
                    -0.14224779605865479,
                    -0.6543976664543152,
                    -2.6379613876342773
                ],
                [
                    7.450581485102248e-09,
                    0.9771801829338074,
                    -0.21241173148155212,
                    -0.8562590479850769
                ],
                [
                    0.0,
                    0.0,
                    0.0,
                    1.0
                ]
            ]
        },
        {
            "file_path": "/data/shapenet_blender/all_50_random/02958343/5c5908b7a19d8df7402ac33e676077b1/r_40",
            "rotation": 0.12566370614359174,
            "transform_matrix": [
                [
                    0.8149350881576538,
                    -0.1295311599969864,
                    -0.5648916363716125,
                    -2.277151346206665
                ],
                [
                    -0.579552412033081,
                    -0.18213964998722076,
                    -0.7943198680877686,
                    -3.2020061016082764
                ],
                [
                    7.450581485102248e-09,
                    0.9747034311294556,
                    -0.2235020399093628,
                    -0.9009655714035034
                ],
                [
                    0.0,
                    0.0,
                    0.0,
                    1.0
                ]
            ]
        },
        {
            "file_path": "/data/shapenet_blender/all_50_random/02958343/5c5908b7a19d8df7402ac33e676077b1/r_41",
            "rotation": 0.12566370614359174,
            "transform_matrix": [
                [
                    0.974772572517395,
                    0.13224801421165466,
                    -0.17980270087718964,
                    -0.7248079180717468
                ],
                [
                    -0.223200723528862,
                    0.5775597095489502,
                    -0.7852427363395691,
