{
    "class": "02958343",
    "model": "ec11fb287c9a68475de701ebc922ac2c",
    "remove_doubles": true,
    "edge_split": true,
    "denoise": true,
    "camera_angle_x": 0.6911112070083618,
    "scale_factor": 2.260104092504518,
    "hdri_file": "/data/IndoorHDRDataset2018/AG8A6687-596edb6086.exr",
    "center_offset": [
        0.0,
        -1.862645149230957e-09,
        -3.725290298461914e-09
    ],
    "lights": [],
    "frames": [
        {
            "file_path": "/data/shapenet_blender/all_50_random/02958343/ec11fb287c9a68475de701ebc922ac2c/r_0",
            "rotation": 0.12566370614359174,
            "transform_matrix": [
                [
                    -0.7124575972557068,
                    -0.18798582255840302,
                    -0.6760661602020264,
                    -2.7253098487854004
                ],
                [
                    -0.7017151117324829,
                    0.190863698720932,
                    0.6864160299301147,
                    2.76703143119812
                ],
                [
                    0.0,
                    0.9634482264518738,
                    -0.26789477467536926,
                    -1.079918384552002
                ],
                [
                    0.0,
                    0.0,
                    0.0,
                    1.0
                ]
            ]
        },
        {
            "file_path": "/data/shapenet_blender/all_50_random/02958343/ec11fb287c9a68475de701ebc922ac2c/r_1",
            "rotation": 0.12566370614359174,
            "transform_matrix": [
                [
                    -0.10855705291032791,
                    -0.5866773128509521,
                    0.8025116920471191,
                    3.235028028488159
                ],
                [
                    0.9940902590751648,
                    -0.0640665739774704,
                    0.08763621002435684,
                    0.35327285528182983
                ],
                [
                    0.0,
                    0.8072825074195862,
                    0.5901650786399841,
                    2.3790314197540283
                ],
                [
                    0.0,
                    0.0,
                    0.0,
                    1.0
                ]
            ]
        },
        {
            "file_path": "/data/shapenet_blender/all_50_random/02958343/ec11fb287c9a68475de701ebc922ac2c/r_2",
            "rotation": 0.12566370614359174,
            "transform_matrix": [
                [
                    0.023915298283100128,
                    0.8295254707336426,
                    0.5579566359519958,
                    2.249194860458374
                ],
                [
                    0.9997139573097229,
                    -0.01984402723610401,
                    -0.01334751769900322,
                    -0.05380555987358093
                ],
                [
                    9.313225191043273e-10,
                    0.5581161379814148,
                    -0.8297628164291382,
                    -3.3448805809020996
                ],
                [
                    0.0,
                    0.0,
                    0.0,
                    1.0
                ]
            ]
        },
        {
            "file_path": "/data/shapenet_blender/all_50_random/02958343/ec11fb287c9a68475de701ebc922ac2c/r_3",
            "rotation": 0.12566370614359174,
            "transform_matrix": [
                [
                    0.8402431011199951,
                    0.27984100580215454,
                    0.4644140303134918,
                    1.8721126317977905
                ],
                [
                    0.5422096252441406,
                    -0.43365973234176636,
                    -0.719685971736908,
                    -2.901146650314331
                ],
                [
                    0.0,
                    0.85652095079422,
                    -0.516112208366394,
                    -2.080514669418335
                ],
                [
                    0.0,
                    0.0,
                    0.0,
                    1.0
                ]
            ]
        },
        {
            "file_path": "/data/shapenet_blender/all_50_random/02958343/ec11fb287c9a68475de701ebc922ac2c/r_4",
            "rotation": 0.12566370614359174,
            "transform_matrix": [
                [
                    0.7750640511512756,
                    -0.5548213720321655,
                    -0.30240511894226074,
                    -1.219034194946289
                ],
                [
                    -0.6318826675415039,
                    -0.6805410981178284,
                    -0.3709285855293274,
                    -1.4952610731124878
                ],
                [
                    -1.4901161193847656e-08,
                    0.4785780608654022,
                    -0.8780450224876404,
                    -3.539512872695923
                ],
                [
                    0.0,
                    0.0,
                    0.0,
                    1.0
                ]
            ]
        },
        {
            "file_path": "/data/shapenet_blender/all_50_random/02958343/ec11fb287c9a68475de701ebc922ac2c/r_5",
            "rotation": 0.12566370614359174,
            "transform_matrix": [
                [
                    0.7647778987884521,
                    0.17055360972881317,
                    -0.6213101148605347,
                    -2.5045812129974365
                ],
                [
                    -0.644294023513794,
                    0.20244736969470978,
                    -0.7374959588050842,
                    -2.9729413986206055
                ],
                [
                    0.0,
                    0.9643269777297974,
                    0.26471394300460815,
                    1.0670959949493408
                ],
                [
                    0.0,
                    0.0,
                    0.0,
                    1.0
                ]
            ]
        },
        {
            "file_path": "/data/shapenet_blender/all_50_random/02958343/ec11fb287c9a68475de701ebc922ac2c/r_6",
            "rotation": 0.12566370614359174,
            "transform_matrix": [
                [
                    -0.8039760589599609,
                    0.06029804050922394,
                    0.5915967226028442,
                    2.3848025798797607
                ],
                [
                    0.5946617722511292,
                    0.08152227848768234,
                    0.7998322248458862,
                    3.224226713180542
                ],
                [
                    0.0,
                    0.9948457479476929,
                    -0.10139890760183334,
                    -0.40875205397605896
                ],
                [
                    0.0,
                    0.0,
                    0.0,
                    1.0
                ]
            ]
        },
        {
            "file_path": "/data/shapenet_blender/all_50_random/02958343/ec11fb287c9a68475de701ebc922ac2c/r_7",
            "rotation": 0.12566370614359174,
            "transform_matrix": [
                [
                    0.6400741934776306,
                    -0.6957123875617981,
                    -0.3260202705860138,
                    -1.3142297267913818
                ],
                [
                    -0.7683131694793701,
                    -0.5795912146568298,
                    -0.2716043293476105,
                    -1.0948721170425415
                ],
                [
                    1.4901162970204496e-08,
                    0.4243326187133789,
                    -0.9055063724517822,
                    -3.6502130031585693
                ],
                [
                    0.0,
                    0.0,
                    0.0,
                    1.0
                ]
            ]
        },
        {
            "file_path": "/data/shapenet_blender/all_50_random/02958343/ec11fb287c9a68475de701ebc922ac2c/r_8",
            "rotation": 0.12566370614359174,
            "transform_matrix": [
                [
                    -0.9927977919578552,
                    -0.01222478598356247,
                    0.11917675286531448,
                    0.480416864156723
                ],
                [
                    0.11980210244655609,
                    -0.10130657255649567,
                    0.9876155257225037,
                    3.981205463409424
                ],
                [
                    0.0,
                    0.9947800636291504,
                    0.10204149782657623,
                    0.41134244203567505
                ],
                [
                    0.0,
                    0.0,
                    0.0,
                    1.0
                ]
            ]
        },
        {
            "file_path": "/data/shapenet_blender/all_50_random/02958343/ec11fb287c9a68475de701ebc922ac2c/r_9",
            "rotation": 0.12566370614359174,
            "transform_matrix": [
                [
                    0.5008146166801453,
                    0.6934522986412048,
                    0.5179849863052368,
                    2.088064193725586
                ],
                [
                    0.8655546307563782,
                    -0.40123528242111206,
                    -0.29970893263816833,
                    -1.2081654071807861
                ],
                [
                    0.0,
                    0.5984428524971008,
                    -0.8011654019355774,
                    -3.2296011447906494
                ],
                [
                    0.0,
                    0.0,
                    0.0,
                    1.0
                ]
            ]
        },
        {
            "file_path": "/data/shapenet_blender/all_50_random/02958343/ec11fb287c9a68475de701ebc922ac2c/r_10",
            "rotation": 0.12566370614359174,
            "transform_matrix": [
                [
                    -0.16606976091861725,
                    -0.5245732665061951,
                    0.8350111842155457,
                    3.3660378456115723
                ],
                [
                    0.9861140847206116,
                    -0.08834247291088104,
                    0.14062277972698212,
                    0.5668685436248779
                ],
                [
                    0.0,
                    0.8467694520950317,
                    0.5319600701332092,
                    2.144399642944336
                ],
                [
                    0.0,
                    0.0,
                    0.0,
                    1.0
                ]
            ]
        },
        {
            "file_path": "/data/shapenet_blender/all_50_random/02958343/ec11fb287c9a68475de701ebc922ac2c/r_11",
            "rotation": 0.12566370614359174,
            "transform_matrix": [
                [
                    -0.45385196805000305,
                    -0.16322268545627594,
                    -0.8760004639625549,
                    -3.531270742416382
                ],
                [
                    -0.8910771608352661,
                    0.08313414454460144,
                    0.44617295265197754,
                    1.7985806465148926
                ],
                [
                    0.0,
                    0.9830804467201233,
                    -0.18317458033561707,
                    -0.7384003400802612
                ],
                [
                    0.0,
                    0.0,
                    0.0,
                    1.0
                ]
            ]
        },
        {
            "file_path": "/data/shapenet_blender/all_50_random/02958343/ec11fb287c9a68475de701ebc922ac2c/r_12",
            "rotation": 0.12566370614359174,
            "transform_matrix": [
                [
                    0.9997197985649109,
                    0.013455072417855263,
                    0.01947728730738163,
                    0.07851545512676239
                ],
                [
                    0.02367284893989563,
                    -0.5682164430618286,
                    -0.8225385546684265,
                    -3.3157589435577393
                ],
                [
                    -9.313225746154785e-10,
                    0.8227691650390625,
                    -0.5683757066726685,
                    -2.291195869445801
                ],
                [
                    0.0,
                    0.0,
                    0.0,
                    1.0
                ]
            ]
        },
        {
            "file_path": "/data/shapenet_blender/all_50_random/02958343/ec11fb287c9a68475de701ebc922ac2c/r_13",
            "rotation": 0.12566370614359174,
            "transform_matrix": [
                [
                    0.9680089950561523,
                    0.004873355850577354,
                    -0.25086820125579834,
                    -1.011282205581665
                ],
                [
                    -0.2509155869483948,
                    0.018800953403115273,
                    -0.9678263068199158,
                    -3.901432991027832
                ],
                [
                    0.0,
                    0.9998113512992859,
                    0.019422292709350586,
                    0.07829377055168152
                ],
                [
                    0.0,
                    0.0,
                    0.0,
                    1.0
                ]
            ]
        },
        {
            "file_path": "/data/shapenet_blender/all_50_random/02958343/ec11fb287c9a68475de701ebc922ac2c/r_14",
            "rotation": 0.12566370614359174,
            "transform_matrix": [
                [
                    0.9597728848457336,
                    0.10962183028459549,
                    -0.2584940791130066,
                    -1.0420230627059937
                ],
                [
                    -0.28077778220176697,
                    0.37471646070480347,
                    -0.8836013078689575,
                    -3.561911106109619
                ],
                [
                    -7.450581485102248e-09,
                    0.9206358194351196,
                    0.3904220163822174,
                    1.5738415718078613
                ],
                [
                    0.0,
                    0.0,
                    0.0,
                    1.0
                ]
            ]
        },
        {
            "file_path": "/data/shapenet_blender/all_50_random/02958343/ec11fb287c9a68475de701ebc922ac2c/r_15",
            "rotation": 0.12566370614359174,
            "transform_matrix": [
                [
                    -0.19253331422805786,
                    0.28889310359954834,
                    0.9378015398979187,
                    3.7803988456726074
                ],
                [
                    0.9812904596328735,
                    0.056682039052248,
                    0.18400061130523682,
                    0.7417302131652832
                ],
                [
                    3.725290298461914e-09,
                    0.9556819200515747,
                    -0.2944011986255646,
                    -1.1867692470550537
                ],
                [
                    0.0,
                    0.0,
                    0.0,
                    1.0
                ]
            ]
        },
        {
            "file_path": "/data/shapenet_blender/all_50_random/02958343/ec11fb287c9a68475de701ebc922ac2c/r_16",
            "rotation": 0.12566370614359174,
            "transform_matrix": [
                [
                    0.9848045110702515,
                    0.06484562158584595,
                    0.1611063927412033,
                    0.6494406461715698
                ],
                [
                    0.17366701364517212,
                    -0.3677166998386383,
                    -0.913577675819397,
                    -3.6827495098114014
                ],
                [
                    -3.725290298461914e-09,
                    0.9276742339134216,
                    -0.3733905851840973,
                    -1.505185604095459
                ],
                [
                    0.0,
                    0.0,
                    0.0,
                    1.0
                ]
            ]
        },
        {
            "file_path": "/data/shapenet_blender/all_50_random/02958343/ec11fb287c9a68475de701ebc922ac2c/r_17",
            "rotation": 0.12566370614359174,
            "transform_matrix": [
                [
                    -0.38500887155532837,
                    -0.4933914840221405,
                    -0.7799570560455322,
                    -3.1441075801849365
                ],
                [
                    -0.9229129552841187,
                    0.20582666993141174,
                    0.3253723978996277,
                    1.3116180896759033
                ],
                [
                    0.0,
                    0.8451036810874939,
                    -0.5346024036407471,
                    -2.1550512313842773
                ],
                [
                    0.0,
                    0.0,
                    0.0,
                    1.0
                ]
            ]
        },
        {
            "file_path": "/data/shapenet_blender/all_50_random/02958343/ec11fb287c9a68475de701ebc922ac2c/r_18",
            "rotation": 0.12566370614359174,
            "transform_matrix": [
                [
                    0.9376605749130249,
                    -0.14093580842018127,
                    -0.31769466400146484,
                    -1.2806682586669922
                ],
                [
                    -0.34755265712738037,
                    -0.38022997975349426,
                    -0.8571068644523621,
                    -3.455108642578125
                ],
                [
                    1.4901162970204496e-08,
                    0.9140908718109131,
                    -0.40550920367240906,
                    -1.634660005569458
                ],
                [
                    0.0,
                    0.0,
                    0.0,
                    1.0
                ]
            ]
        },
        {
            "file_path": "/data/shapenet_blender/all_50_random/02958343/ec11fb287c9a68475de701ebc922ac2c/r_19",
            "rotation": 0.12566370614359174,
            "transform_matrix": [
                [
                    0.5050812363624573,
                    0.3739162087440491,
                    -0.7778686881065369,
                    -3.1356890201568604
                ],
                [
                    -0.8630719184875488,
                    0.21882076561450958,
                    -0.45521917939186096,
                    -1.8350472450256348
                ],
                [
                    -1.4901162970204496e-08,
                    0.9012791514396667,
                    0.43323877453804016,
                    1.74644136428833
                ],
                [
                    0.0,
                    0.0,
                    0.0,
                    1.0
                ]
            ]
        },
        {
            "file_path": "/data/shapenet_blender/all_50_random/02958343/ec11fb287c9a68475de701ebc922ac2c/r_20",
            "rotation": 0.12566370614359174,
            "transform_matrix": [
                [
                    -0.6583220362663269,
                    -0.5248326659202576,
                    -0.5395950078964233,
                    -2.1751770973205566
                ],
                [
                    -0.7527363300323486,
                    0.45900386571884155,
                    0.4719145894050598,
                    1.902348518371582
                ],
                [
                    0.0,
                    0.7168446183204651,
                    -0.6972329616546631,
                    -2.810636043548584
                ],
                [
                    0.0,
                    0.0,
                    0.0,
                    1.0
                ]
            ]
        },
        {
            "file_path": "/data/shapenet_blender/all_50_random/02958343/ec11fb287c9a68475de701ebc922ac2c/r_21",
            "rotation": 0.12566370614359174,
            "transform_matrix": [
                [
                    0.40449658036231995,
                    0.7142727375030518,
                    -0.5711365342140198,
                    -2.3023252487182617
                ],
                [
                    -0.9145395755767822,
                    0.3159194588661194,
                    -0.2526110112667084,
                    -1.0183076858520508
                ],
                [
                    -1.4901162970204496e-08,
                    0.6245072484016418,
                    0.7810189127922058,
                    3.148388147354126
                ],
                [
                    0.0,
                    0.0,
                    0.0,
                    1.0
                ]
            ]
        },
        {
            "file_path": "/data/shapenet_blender/all_50_random/02958343/ec11fb287c9a68475de701ebc922ac2c/r_22",
            "rotation": 0.12566370614359174,
            "transform_matrix": [
                [
                    0.8419181108474731,
                    0.03451896831393242,
                    -0.538500189781189,
                    -2.1707637310028076
                ],
                [
                    -0.5396054983139038,
                    0.053858134895563126,
                    -0.8401935696601868,
                    -3.3869285583496094
                ],
                [
                    0.0,
                    0.9979516863822937,
                    0.06397075951099396,
                    0.25787436962127686
                ],
                [
                    0.0,
                    0.0,
                    0.0,
                    1.0
                ]
            ]
        },
        {
            "file_path": "/data/shapenet_blender/all_50_random/02958343/ec11fb287c9a68475de701ebc922ac2c/r_23",
            "rotation": 0.12566370614359174,
            "transform_matrix": [
                [
                    0.8461864590644836,
                    0.05112903192639351,
                    -0.5304282307624817,
                    -2.1382246017456055
                ],
                [
                    -0.5328866839408875,
                    0.08118929713964462,
                    -0.8422826528549194,
                    -3.3953497409820557
                ],
                [
                    0.0,
                    0.9953863620758057,
                    0.09594728797674179,
                    0.3867758810520172
                ],
                [
                    0.0,
                    0.0,
                    0.0,
                    1.0
                ]
            ]
        },
        {
            "file_path": "/data/shapenet_blender/all_50_random/02958343/ec11fb287c9a68475de701ebc922ac2c/r_24",
            "rotation": 0.12566370614359174,
            "transform_matrix": [
                [
                    0.6854570508003235,
                    0.12059249728918076,
                    0.7180570960044861,
                    2.894580841064453
                ],
                [
                    0.7281129360198975,
                    -0.11352767795324326,
                    -0.6759902834892273,
                    -2.725003957748413
                ],
                [
                    0.0,
                    0.986189067363739,
                    -0.16562332212924957,
                    -0.66764897108078
                ],
                [
                    0.0,
                    0.0,
                    0.0,
                    1.0
                ]
            ]
        },
        {
            "file_path": "/data/shapenet_blender/all_50_random/02958343/ec11fb287c9a68475de701ebc922ac2c/r_25",
            "rotation": 0.12566370614359174,
            "transform_matrix": [
                [
                    -0.7701719999313354,
                    -0.09431345760822296,
                    -0.630824863910675,
                    -2.542936325073242
                ],
                [
                    -0.6378362774848938,
                    0.11388125270605087,
                    0.7617059946060181,
                    3.0705349445343018
                ],
                [
                    0.0,
                    0.9890075922012329,
                    -0.1478646844625473,
                    -0.5960615873336792
                ],
                [
                    0.0,
                    0.0,
                    0.0,
                    1.0
                ]
            ]
        },
        {
            "file_path": "/data/shapenet_blender/all_50_random/02958343/ec11fb287c9a68475de701ebc922ac2c/r_26",
            "rotation": 0.12566370614359174,
            "transform_matrix": [
                [
                    0.692351758480072,
                    -0.22311553359031677,
                    -0.6861985921859741,
                    -2.7661550045013428
                ],
                [
                    -0.7215601801872253,
                    -0.21408392488956451,
                    -0.6584215760231018,
                    -2.654182195663452
                ],
                [
                    0.0,
                    0.9509928822517395,
                    -0.3092126250267029,
                    -1.2464759349822998
                ],
                [
                    0.0,
                    0.0,
                    0.0,
                    1.0
                ]
            ]
        },
        {
            "file_path": "/data/shapenet_blender/all_50_random/02958343/ec11fb287c9a68475de701ebc922ac2c/r_27",
            "rotation": 0.12566370614359174,
            "transform_matrix": [
                [
                    0.1446165293455124,
                    0.83610999584198,
                    0.5291559100151062,
                    2.1330957412719727
                ],
                [
                    0.9894877672195435,
                    -0.12219992280006409,
                    -0.07733768224716187,
                    -0.3117581605911255
                ],
                [
                    0.0,
                    0.5347776412963867,
                    -0.8449928164482117,
                    -3.4062750339508057
                ],
                [
                    0.0,
                    0.0,
                    0.0,
                    1.0
                ]
            ]
        },
        {
            "file_path": "/data/shapenet_blender/all_50_random/02958343/ec11fb287c9a68475de701ebc922ac2c/r_28",
            "rotation": 0.12566370614359174,
            "transform_matrix": [
                [
                    0.5256916284561157,
                    -0.49853047728538513,
                    0.6892864108085632,
                    2.778602123260498
                ],
                [
                    0.8506752848625183,
                    0.30807679891586304,
                    -0.42595818638801575,
                    -1.7170921564102173
                ],
                [
                    -1.4901161193847656e-08,
                    0.81028151512146,
                    0.5860409140586853,
                    2.3624062538146973
                ],
                [
                    0.0,
                    0.0,
                    0.0,
                    1.0
                ]
            ]
        },
        {
            "file_path": "/data/shapenet_blender/all_50_random/02958343/ec11fb287c9a68475de701ebc922ac2c/r_29",
            "rotation": 0.12566370614359174,
            "transform_matrix": [
                [
                    -0.049599580466747284,
                    -0.1925915628671646,
                    -0.9800247550010681,
                    -3.950605630874634
                ],
                [
                    -0.998769223690033,
                    0.00956423208117485,
                    0.048668716102838516,
                    0.19618985056877136
                ],
                [
                    0.0,
                    0.9812323451042175,
                    -0.1928289234638214,
                    -0.7773181796073914
                ],
                [
                    0.0,
                    0.0,
                    0.0,
                    1.0
                ]
            ]
        },
        {
            "file_path": "/data/shapenet_blender/all_50_random/02958343/ec11fb287c9a68475de701ebc922ac2c/r_30",
            "rotation": 0.12566370614359174,
            "transform_matrix": [
                [
                    0.7523432374000549,
                    -0.28314417600631714,
                    -0.5948184132575989,
                    -2.39778995513916
                ],
                [
                    -0.6587713360786438,
                    -0.32336199283599854,
                    -0.6793064475059509,
                    -2.7383720874786377
                ],
                [
                    0.0,
                    0.9029209017753601,
                    -0.42980650067329407,
                    -1.7326055765151978
                ],
                [
                    0.0,
                    0.0,
                    0.0,
                    1.0
                ]
            ]
        },
        {
            "file_path": "/data/shapenet_blender/all_50_random/02958343/ec11fb287c9a68475de701ebc922ac2c/r_31",
            "rotation": 0.12566370614359174,
            "transform_matrix": [
                [
                    -0.7606316804885864,
                    0.3040323853492737,
                    -0.5735884308815002,
                    -2.312208890914917
                ],
                [
                    -0.6491836309432983,
                    -0.3562268912792206,
                    0.6720587611198425,
                    2.709155559539795
                ],
                [
                    0.0,
                    0.8835534453392029,
                    0.46833035349845886,
                    1.8878999948501587
                ],
                [
                    0.0,
                    0.0,
                    0.0,
                    1.0
                ]
            ]
        },
        {
            "file_path": "/data/shapenet_blender/all_50_random/02958343/ec11fb287c9a68475de701ebc922ac2c/r_32",
            "rotation": 0.12566370614359174,
            "transform_matrix": [
                [
                    -0.6601225733757019,
                    0.4903520345687866,
                    0.5690282583236694,
                    2.2938263416290283
                ],
                [
                    0.7511580586433411,
                    0.43092453479766846,
                    0.5000656843185425,
                    2.01582932472229
                ],
                [
                    -1.4901164746561335e-08,
                    0.7575346827507019,
                    -0.6527948379516602,
                    -2.631500244140625
                ],
                [
                    0.0,
                    0.0,
                    0.0,
                    1.0
                ]
            ]
        },
        {
            "file_path": "/data/shapenet_blender/all_50_random/02958343/ec11fb287c9a68475de701ebc922ac2c/r_33",
            "rotation": 0.12566370614359174,
            "transform_matrix": [
                [
                    0.7858896851539612,
                    -0.20829038321971893,
                    -0.5822306275367737,
                    -2.3470466136932373
                ],
                [
                    -0.6183667182922363,
                    -0.2647187411785126,
                    -0.739963948726654,
                    -2.9828901290893555
                ],
                [
                    1.4901159417490817e-08,
                    0.9415621757507324,
                    -0.3368395268917084,
                    -1.3578435182571411
                ],
                [
                    0.0,
                    0.0,
                    0.0,
                    1.0
                ]
            ]
        },
        {
            "file_path": "/data/shapenet_blender/all_50_random/02958343/ec11fb287c9a68475de701ebc922ac2c/r_34",
            "rotation": 0.12566370614359174,
            "transform_matrix": [
                [
                    -0.17181244492530823,
                    0.09419870376586914,
                    0.9806156158447266,
                    3.9529881477355957
                ],
                [
                    0.985129714012146,
                    0.016428809612989426,
                    0.17102515697479248,
                    0.6894245147705078
                ],
                [
                    1.862645371275562e-09,
                    0.9954177141189575,
                    -0.09562061727046967,
                    -0.3854590654373169
                ],
                [
                    0.0,
                    0.0,
                    0.0,
                    1.0
                ]
            ]
        },
        {
            "file_path": "/data/shapenet_blender/all_50_random/02958343/ec11fb287c9a68475de701ebc922ac2c/r_35",
            "rotation": 0.12566370614359174,
            "transform_matrix": [
                [
                    -0.5534223318099976,
                    0.3552333414554596,
                    -0.7533478140830994,
                    -3.036842107772827
                ],
                [
                    -0.8329007625579834,
                    -0.23603539168834686,
                    0.5005632638931274,
                    2.0178351402282715
                ],
                [
                    1.4901161193847656e-08,
                    0.904486894607544,
                    0.4265013635158539,
                    1.7192820310592651
                ],
                [
                    0.0,
                    0.0,
                    0.0,
                    1.0
                ]
            ]
        },
        {
            "file_path": "/data/shapenet_blender/all_50_random/02958343/ec11fb287c9a68475de701ebc922ac2c/r_36",
            "rotation": 0.12566370614359174,
            "transform_matrix": [
                [
                    -0.6982120871543884,
                    0.6375917792320251,
                    0.3255402445793152,
                    1.3122947216033936
                ],
                [
                    0.7158909440040588,
                    0.6218464970588684,
                    0.3175010681152344,
                    1.2798877954483032
                ],
                [
                    1.4901162970204496e-08,
                    0.4547344148159027,
                    -0.8906270861625671,
                    -3.5902326107025146
                ],
                [
                    0.0,
                    0.0,
                    0.0,
                    1.0
                ]
            ]
        },
        {
            "file_path": "/data/shapenet_blender/all_50_random/02958343/ec11fb287c9a68475de701ebc922ac2c/r_37",
            "rotation": 0.12566370614359174,
            "transform_matrix": [
                [
                    -0.8371401429176331,
                    0.08677799254655838,
                    -0.5400611162185669,
                    -2.177056074142456
                ],
                [
                    -0.5469885468482971,
                    -0.1328096240758896,
                    0.8265380263328552,
                    3.331881284713745
                ],
                [
                    -7.450580596923828e-09,
                    0.9873353838920593,
                    0.15864680707454681,
                    0.6395257115364075
                ],
                [
                    0.0,
                    0.0,
                    0.0,
                    1.0
                ]
            ]
        },
        {
            "file_path": "/data/shapenet_blender/all_50_random/02958343/ec11fb287c9a68475de701ebc922ac2c/r_38",
            "rotation": 0.12566370614359174,
            "transform_matrix": [
                [
                    0.33279910683631897,
                    -0.8567671775817871,
                    -0.3939475417137146,
                    -1.5880533456802368
                ],
                [
                    -0.9429977536201477,
                    -0.3023669719696045,
                    -0.13903044164180756,
                    -0.5604496598243713
                ],
                [
                    -7.450580596923828e-09,
                    0.41776084899902344,
                    -0.9085569977760315,
                    -3.662510395050049
                ],
                [
                    0.0,
                    0.0,
                    0.0,
                    1.0
                ]
            ]
        },
        {
            "file_path": "/data/shapenet_blender/all_50_random/02958343/ec11fb287c9a68475de701ebc922ac2c/r_39",
            "rotation": 0.12566370614359174,
            "transform_matrix": [
                [
                    -0.09778151661157608,
                    0.5549466609954834,
                    0.8261191844940186,
                    3.330193042755127
                ],
                [
                    0.9952079057693481,
                    0.05452481284737587,
                    0.08116815239191055,
                    0.3271992802619934
                ],
                [
                    0.0,
                    0.8300971984863281,
                    -0.5576187968254089,
                    -2.247833251953125
                ],
                [
                    0.0,
                    0.0,
                    0.0,
                    1.0
                ]
            ]
        },
        {
            "file_path": "/data/shapenet_blender/all_50_random/02958343/ec11fb287c9a68475de701ebc922ac2c/r_40",
            "rotation": 0.12566370614359174,
            "transform_matrix": [
                [
                    -0.8796783089637756,
                    -0.2759903371334076,
                    -0.3872925639152527,
                    -1.56122624874115
                ],
                [
                    -0.47556939721107483,
                    0.5105095505714417,
                    0.7163894176483154,
                    2.8878581523895264
                ],
                [
                    -1.4901162970204496e-08,
                    0.8143766522407532,
                    -0.5803366303443909,
                    -2.339411735534668
                ],
                [
                    0.0,
                    0.0,
                    0.0,
                    1.0
                ]
            ]
        },
        {
            "file_path": "/data/shapenet_blender/all_50_random/02958343/ec11fb287c9a68475de701ebc922ac2c/r_41",
            "rotation": 0.12566370614359174,
            "transform_matrix": [
                [
                    -0.9636123776435852,
                    -0.06822849065065384,
                    0.25844964385032654,
                    1.0418440103530884
                ],
                [
                    0.2673038840293884,
                    -0.2459590584039688,
                    0.931693434715271,
                    3.7557766437530518
                ],
                [
