{
    "class": "02958343",
    "model": "38e30aa86d7bd4e0574fbf5e869a42b6",
    "remove_doubles": true,
    "edge_split": true,
    "denoise": true,
    "camera_angle_x": 0.6911112070083618,
    "scale_factor": 2.2370538525412877,
    "hdri_file": "/data/IndoorHDRDataset2018/AG8A8616-6edd069aa5.exr",
    "center_offset": [
        0.0,
        0.0,
        1.1641532182693481e-09
    ],
    "lights": [],
    "frames": [
        {
            "file_path": "/data/shapenet_blender/all_50_random/02958343/38e30aa86d7bd4e0574fbf5e869a42b6/r_0",
            "rotation": 0.12566370614359174,
            "transform_matrix": [
                [
                    0.3018587529659271,
                    0.5430575013160706,
                    -0.7835622429847717,
                    -3.1586403846740723
                ],
                [
                    -0.9533526301383972,
                    0.17194756865501404,
                    -0.24809826910495758,
                    -1.0001161098480225
                ],
                [
                    0.0,
                    0.8219018578529358,
                    0.5696291923522949,
                    2.2962486743927
                ],
                [
                    0.0,
                    0.0,
                    0.0,
                    1.0
                ]
            ]
        },
        {
            "file_path": "/data/shapenet_blender/all_50_random/02958343/38e30aa86d7bd4e0574fbf5e869a42b6/r_1",
            "rotation": 0.12566370614359174,
            "transform_matrix": [
                [
                    -0.09025909006595612,
                    -0.7772818803787231,
                    0.6226443648338318,
                    2.5099599361419678
                ],
                [
                    0.9959183931350708,
                    -0.07044427841901779,
                    0.05642963945865631,
                    0.22747516632080078
                ],
                [
                    0.0,
                    0.6251962184906006,
                    0.7804675102233887,
                    3.146165370941162
                ],
                [
                    0.0,
                    0.0,
                    0.0,
                    1.0
                ]
            ]
        },
        {
            "file_path": "/data/shapenet_blender/all_50_random/02958343/38e30aa86d7bd4e0574fbf5e869a42b6/r_2",
            "rotation": 0.12566370614359174,
            "transform_matrix": [
                [
                    -0.9438296556472778,
                    -0.29236963391304016,
                    0.15396670997142792,
                    0.6206597089767456
                ],
                [
                    0.3304327428340912,
                    -0.8351083397865295,
                    0.43978196382522583,
                    1.7728179693222046
                ],
                [
                    -1.4901162970204496e-08,
                    0.46595489978790283,
                    0.8848084211349487,
                    3.566776990890503
                ],
                [
                    0.0,
                    0.0,
                    0.0,
                    1.0
                ]
            ]
        },
        {
            "file_path": "/data/shapenet_blender/all_50_random/02958343/38e30aa86d7bd4e0574fbf5e869a42b6/r_3",
            "rotation": 0.12566370614359174,
            "transform_matrix": [
                [
                    0.06104426831007004,
                    0.8524025678634644,
                    0.5193105340003967,
                    2.0934078693389893
                ],
                [
                    0.9981351494789124,
                    -0.05213150754570961,
                    -0.03176015987992287,
                    -0.12802931666374207
                ],
                [
                    0.0,
                    0.5202808380126953,
                    -0.853995144367218,
                    -3.4425647258758545
                ],
                [
                    0.0,
                    0.0,
                    0.0,
                    1.0
                ]
            ]
        },
        {
            "file_path": "/data/shapenet_blender/all_50_random/02958343/38e30aa86d7bd4e0574fbf5e869a42b6/r_4",
            "rotation": 0.12566370614359174,
            "transform_matrix": [
                [
                    -0.9852402210235596,
                    -0.021116184070706367,
                    0.16986961662769318,
                    0.6847663521766663
                ],
                [
                    0.17117702960968018,
                    -0.12153799831867218,
                    0.9777151346206665,
                    3.941295862197876
                ],
                [
                    0.0,
                    0.9923620820045471,
                    0.12335874140262604,
                    0.4972749948501587
                ],
                [
                    0.0,
                    0.0,
                    0.0,
                    1.0
                ]
            ]
        },
        {
            "file_path": "/data/shapenet_blender/all_50_random/02958343/38e30aa86d7bd4e0574fbf5e869a42b6/r_5",
            "rotation": 0.12566370614359174,
            "transform_matrix": [
                [
                    -0.49196797609329224,
                    0.5578250885009766,
                    -0.6684299111366272,
                    -2.6945271492004395
                ],
                [
                    -0.8706132173538208,
                    -0.315216988325119,
                    0.3777178227901459,
                    1.5226292610168457
                ],
                [
                    1.4901160305669237e-08,
                    0.7677689790725708,
                    0.6407266855239868,
                    2.5828518867492676
                ],
                [
                    0.0,
                    0.0,
                    0.0,
                    1.0
                ]
            ]
        },
        {
            "file_path": "/data/shapenet_blender/all_50_random/02958343/38e30aa86d7bd4e0574fbf5e869a42b6/r_6",
            "rotation": 0.12566370614359174,
            "transform_matrix": [
                [
                    0.4981591999530792,
                    0.12085554748773575,
                    -0.8586217761039734,
                    -3.4612152576446533
                ],
                [
                    -0.8670856952667236,
                    0.06943407654762268,
                    -0.49329647421836853,
                    -1.988541841506958
                ],
                [
                    -3.725290742551124e-09,
                    0.9902386665344238,
                    0.1393813192844391,
                    0.5618641376495361
                ],
                [
                    0.0,
                    0.0,
                    0.0,
                    1.0
                ]
            ]
        },
        {
            "file_path": "/data/shapenet_blender/all_50_random/02958343/38e30aa86d7bd4e0574fbf5e869a42b6/r_7",
            "rotation": 0.12566370614359174,
            "transform_matrix": [
                [
                    -0.6453322768211365,
                    0.45935899019241333,
                    -0.610356867313385,
                    -2.4604275226593018
                ],
                [
                    -0.7639020681381226,
                    -0.38805916905403137,
                    0.5156197547912598,
                    2.0785300731658936
                ],
                [
                    0.0,
                    0.7989990711212158,
                    0.6013322472572327,
                    2.4240479469299316
                ],
                [
                    0.0,
                    0.0,
                    0.0,
                    1.0
                ]
            ]
        },
        {
            "file_path": "/data/shapenet_blender/all_50_random/02958343/38e30aa86d7bd4e0574fbf5e869a42b6/r_8",
            "rotation": 0.12566370614359174,
            "transform_matrix": [
                [
                    -0.6551768779754639,
                    0.7327977418899536,
                    0.1837133765220642,
                    0.7405723333358765
                ],
                [
                    0.7554755210876465,
                    0.6355098485946655,
                    0.15932315587997437,
                    0.6422522068023682
                ],
                [
                    -1.4901161193847656e-08,
                    0.24317580461502075,
                    -0.9699822068214417,
                    -3.910123348236084
                ],
                [
                    0.0,
                    0.0,
                    0.0,
                    1.0
                ]
            ]
        },
        {
            "file_path": "/data/shapenet_blender/all_50_random/02958343/38e30aa86d7bd4e0574fbf5e869a42b6/r_9",
            "rotation": 0.12566370614359174,
            "transform_matrix": [
                [
                    0.5942384600639343,
                    -0.12672145664691925,
                    0.7942432165145874,
                    3.2016968727111816
                ],
                [
                    0.8042889833450317,
                    0.09362649917602539,
                    -0.5868163108825684,
                    -2.365532159805298
                ],
                [
                    7.450581485102248e-09,
                    0.9875097274780273,
                    0.15755712985992432,
                    0.6351330876350403
                ],
                [
                    0.0,
                    0.0,
                    0.0,
                    1.0
                ]
            ]
        },
        {
            "file_path": "/data/shapenet_blender/all_50_random/02958343/38e30aa86d7bd4e0574fbf5e869a42b6/r_10",
            "rotation": 0.12566370614359174,
            "transform_matrix": [
                [
                    0.9234986305236816,
                    0.12633250653743744,
                    -0.36220207810401917,
                    -1.460083246231079
                ],
                [
                    -0.38360169529914856,
                    0.3041381537914276,
                    -0.8719803690910339,
                    -3.5150651931762695
                ],
                [
                    7.450580596923828e-09,
                    0.9442139863967896,
                    0.32933253049850464,
                    1.3275818824768066
                ],
                [
                    0.0,
                    0.0,
                    0.0,
                    1.0
                ]
            ]
        },
        {
            "file_path": "/data/shapenet_blender/all_50_random/02958343/38e30aa86d7bd4e0574fbf5e869a42b6/r_11",
            "rotation": 0.12566370614359174,
            "transform_matrix": [
                [
                    0.99494469165802,
                    -0.060561325401067734,
                    -0.08010907471179962,
                    -0.3229300379753113
                ],
                [
                    -0.10042481124401093,
                    -0.6000028252601624,
                    -0.7936694622039795,
                    -3.1993842124938965
                ],
                [
                    0.0,
                    0.7977021932601929,
                    -0.6030514240264893,
                    -2.430978298187256
                ],
                [
                    0.0,
                    0.0,
                    0.0,
                    1.0
                ]
            ]
        },
        {
            "file_path": "/data/shapenet_blender/all_50_random/02958343/38e30aa86d7bd4e0574fbf5e869a42b6/r_12",
            "rotation": 0.12566370614359174,
            "transform_matrix": [
                [
                    -0.9243980646133423,
                    0.17608612775802612,
                    0.33835169672966003,
                    1.3639392852783203
                ],
                [
                    0.38142916560173035,
                    0.42674681544303894,
                    0.8199993371963501,
                    3.305523157119751
                ],
                [
                    0.0,
                    0.8870630860328674,
                    -0.46164828538894653,
                    -1.8609638214111328
                ],
                [
                    0.0,
                    0.0,
                    0.0,
                    1.0
                ]
            ]
        },
        {
            "file_path": "/data/shapenet_blender/all_50_random/02958343/38e30aa86d7bd4e0574fbf5e869a42b6/r_13",
            "rotation": 0.12566370614359174,
            "transform_matrix": [
                [
                    -0.7495018839836121,
                    -0.08992107212543488,
                    -0.6558666825294495,
                    -2.643882989883423
                ],
                [
                    -0.6620022058486938,
                    0.10180632025003433,
                    0.7425553798675537,
                    2.9933364391326904
                ],
                [
                    0.0,
                    0.9907318949699402,
                    -0.13583196699619293,
                    -0.5475561618804932
                ],
                [
                    0.0,
                    0.0,
                    0.0,
                    1.0
                ]
            ]
        },
        {
            "file_path": "/data/shapenet_blender/all_50_random/02958343/38e30aa86d7bd4e0574fbf5e869a42b6/r_14",
            "rotation": 0.12566370614359174,
            "transform_matrix": [
                [
                    -0.24540111422538757,
                    0.10680340975522995,
                    -0.9635202884674072,
                    -3.8840744495391846
                ],
                [
                    -0.9694217443466187,
                    -0.027036402374505997,
                    0.24390721321105957,
                    0.9832214117050171
                ],
                [
                    0.0,
                    0.9939124584197998,
                    0.11017230153083801,
                    0.4441187381744385
                ],
                [
                    0.0,
                    0.0,
                    0.0,
                    1.0
                ]
            ]
        },
        {
            "file_path": "/data/shapenet_blender/all_50_random/02958343/38e30aa86d7bd4e0574fbf5e869a42b6/r_15",
            "rotation": 0.12566370614359174,
            "transform_matrix": [
                [
                    0.9940494894981384,
                    -0.0007044392405077815,
                    0.1089273989200592,
                    0.4391004145145416
                ],
                [
                    0.10892969369888306,
                    0.006428435444831848,
                    -0.9940285682678223,
                    -4.0070576667785645
                ],
                [
                    -5.820766091346741e-11,
                    0.9999791383743286,
                    0.0064669158309698105,
                    0.026068974286317825
                ],
                [
                    0.0,
                    0.0,
                    0.0,
                    1.0
                ]
            ]
        },
        {
            "file_path": "/data/shapenet_blender/all_50_random/02958343/38e30aa86d7bd4e0574fbf5e869a42b6/r_16",
            "rotation": 0.12566370614359174,
            "transform_matrix": [
                [
                    0.7666912078857422,
                    0.051924895495176315,
                    -0.6399129033088684,
                    -2.57957124710083
                ],
                [
                    -0.6420161724090576,
                    0.062008343636989594,
                    -0.7641794681549072,
                    -3.080505847930908
                ],
                [
                    3.725290742551124e-09,
                    0.9967239499092102,
                    0.0808778777718544,
                    0.3260291516780853
                ],
                [
                    0.0,
                    0.0,
                    0.0,
                    1.0
                ]
            ]
        },
        {
            "file_path": "/data/shapenet_blender/all_50_random/02958343/38e30aa86d7bd4e0574fbf5e869a42b6/r_17",
            "rotation": 0.12566370614359174,
            "transform_matrix": [
                [
                    -0.1072094663977623,
                    -0.5558739304542542,
                    0.8243240714073181,
                    3.3229565620422363
                ],
                [
                    0.9942364692687988,
                    -0.05994042009115219,
                    0.08888765424489975,
                    0.3583175837993622
                ],
                [
                    0.0,
                    0.8291025757789612,
                    0.5590963959693909,
                    2.2537896633148193
                ],
                [
                    0.0,
                    0.0,
                    0.0,
                    1.0
                ]
            ]
        },
        {
            "file_path": "/data/shapenet_blender/all_50_random/02958343/38e30aa86d7bd4e0574fbf5e869a42b6/r_18",
            "rotation": 0.12566370614359174,
            "transform_matrix": [
                [
                    -0.6178263425827026,
                    -0.021654723212122917,
                    0.7860162854194641,
                    3.1685330867767334
                ],
                [
                    0.7863146066665649,
                    -0.0170146394520998,
                    0.6175920367240906,
                    2.489593029022217
                ],
                [
                    -9.313225746154785e-10,
                    0.9996206760406494,
                    0.027539515867829323,
                    0.11101534217596054
                ],
                [
                    0.0,
                    0.0,
                    0.0,
                    1.0
                ]
            ]
        },
        {
            "file_path": "/data/shapenet_blender/all_50_random/02958343/38e30aa86d7bd4e0574fbf5e869a42b6/r_19",
            "rotation": 0.12566370614359174,
            "transform_matrix": [
                [
                    0.9794236421585083,
                    0.1517590582370758,
                    -0.13303609192371368,
                    -0.5362856388092041
                ],
                [
                    -0.20181530714035034,
                    0.7364972829818726,
                    -0.6456333994865417,
                    -2.6026315689086914
                ],
                [
                    7.450580596923828e-09,
                    0.6591972708702087,
                    0.7519700527191162,
                    3.0312881469726562
                ],
                [
                    0.0,
                    0.0,
                    0.0,
                    1.0
                ]
            ]
        },
        {
            "file_path": "/data/shapenet_blender/all_50_random/02958343/38e30aa86d7bd4e0574fbf5e869a42b6/r_20",
            "rotation": 0.12566370614359174,
            "transform_matrix": [
                [
                    0.9629842042922974,
                    0.17577892541885376,
                    0.2043604850769043,
                    0.8238034844398499
                ],
                [
                    0.2695578634738922,
                    -0.6279628276824951,
                    -0.7300692796707153,
                    -2.9430034160614014
                ],
                [
                    0.0,
                    0.7581320405006409,
                    -0.6521009206771851,
                    -2.6287028789520264
                ],
                [
                    0.0,
                    0.0,
                    0.0,
                    1.0
                ]
            ]
        },
        {
            "file_path": "/data/shapenet_blender/all_50_random/02958343/38e30aa86d7bd4e0574fbf5e869a42b6/r_21",
            "rotation": 0.12566370614359174,
            "transform_matrix": [
                [
                    0.7176899909973145,
                    -0.11662526428699493,
                    -0.6865271329879761,
                    -2.767479658126831
                ],
                [
                    -0.6963627338409424,
                    -0.1201971024274826,
                    -0.7075531482696533,
                    -2.852238178253174
                ],
                [
                    0.0,
                    0.9858757257461548,
                    -0.16747774183750153,
                    -0.6751244068145752
                ],
                [
                    0.0,
                    0.0,
                    0.0,
                    1.0
                ]
            ]
        },
        {
            "file_path": "/data/shapenet_blender/all_50_random/02958343/38e30aa86d7bd4e0574fbf5e869a42b6/r_22",
            "rotation": 0.12566370614359174,
            "transform_matrix": [
                [
                    -0.60244220495224,
                    -0.04062569886445999,
                    -0.7971279621124268,
                    -3.2133255004882812
                ],
                [
                    -0.7981624603271484,
                    0.03066372498869896,
                    0.6016613245010376,
                    2.4253742694854736
                ],
                [
                    1.8626449271863521e-09,
                    0.9987038969993591,
                    -0.05089902877807617,
                    -0.20518054068088531
                ],
                [
                    0.0,
                    0.0,
                    0.0,
                    1.0
                ]
            ]
        },
        {
            "file_path": "/data/shapenet_blender/all_50_random/02958343/38e30aa86d7bd4e0574fbf5e869a42b6/r_23",
            "rotation": 0.12566370614359174,
            "transform_matrix": [
                [
                    -0.9123950004577637,
                    -0.18288052082061768,
                    0.36618319153785706,
                    1.476131796836853
                ],
                [
                    0.4093109369277954,
                    -0.40765896439552307,
                    0.8162588477134705,
                    3.29044508934021
                ],
                [
                    0.0,
                    0.8946333527565002,
                    0.44680094718933105,
                    1.801112413406372
                ],
                [
                    0.0,
                    0.0,
                    0.0,
                    1.0
                ]
            ]
        },
        {
            "file_path": "/data/shapenet_blender/all_50_random/02958343/38e30aa86d7bd4e0574fbf5e869a42b6/r_24",
            "rotation": 0.12566370614359174,
            "transform_matrix": [
                [
                    0.9733129739761353,
                    0.011225524358451366,
                    -0.2292066365480423,
                    -0.9239615797996521
                ],
                [
                    -0.22948136925697327,
                    0.04761148616671562,
                    -0.9721477627754211,
                    -3.918853282928467
                ],
                [
                    0.0,
                    0.9988028407096863,
                    0.048916928470134735,
                    0.19719046354293823
                ],
                [
                    0.0,
                    0.0,
                    0.0,
                    1.0
                ]
            ]
        },
        {
            "file_path": "/data/shapenet_blender/all_50_random/02958343/38e30aa86d7bd4e0574fbf5e869a42b6/r_25",
            "rotation": 0.12566370614359174,
            "transform_matrix": [
                [
                    0.5895516276359558,
                    0.03093460202217102,
                    0.8071380853652954,
                    3.2536776065826416
                ],
                [
                    0.8077306747436523,
                    -0.02257874608039856,
                    -0.5891191363334656,
                    -2.3748152256011963
                ],
                [
                    0.0,
                    0.9992663860321045,
                    -0.03829816356301308,
                    -0.15438483655452728
                ],
                [
                    0.0,
                    0.0,
                    0.0,
                    1.0
                ]
            ]
        },
        {
            "file_path": "/data/shapenet_blender/all_50_random/02958343/38e30aa86d7bd4e0574fbf5e869a42b6/r_26",
            "rotation": 0.12566370614359174,
            "transform_matrix": [
                [
                    -0.9871547222137451,
                    0.0904647558927536,
                    0.13168834149837494,
                    0.5308526158332825
                ],
                [
                    0.15976762771606445,
                    0.5589537620544434,
                    0.8136615753173828,
                    3.2799742221832275
                ],
                [
                    7.450580596923828e-09,
                    0.824249267578125,
                    -0.56622713804245,
                    -2.28253436088562
                ],
                [
                    0.0,
                    0.0,
                    0.0,
                    1.0
                ]
            ]
        },
        {
            "file_path": "/data/shapenet_blender/all_50_random/02958343/38e30aa86d7bd4e0574fbf5e869a42b6/r_27",
            "rotation": 0.12566370614359174,
            "transform_matrix": [
                [
                    0.46922627091407776,
                    -0.5049659609794617,
                    0.7244556546211243,
                    2.9203741550445557
                ],
                [
                    0.8830779194831848,
                    0.26831528544425964,
                    -0.38494178652763367,
                    -1.5517499446868896
                ],
                [
                    -2.9802320611338473e-08,
                    0.8203756213188171,
                    0.5718249678611755,
                    2.305100202560425
                ],
                [
                    0.0,
                    0.0,
                    0.0,
                    1.0
                ]
            ]
        },
        {
            "file_path": "/data/shapenet_blender/all_50_random/02958343/38e30aa86d7bd4e0574fbf5e869a42b6/r_28",
            "rotation": 0.12566370614359174,
            "transform_matrix": [
                [
                    -0.9485458135604858,
                    -0.09114133566617966,
                    0.3032393753528595,
                    1.222396969795227
                ],
                [
                    0.3166399598121643,
                    -0.2730284631252289,
                    0.9084022045135498,
                    3.66188645362854
                ],
                [
                    -7.450580596923828e-09,
                    0.9576788544654846,
                    0.28783896565437317,
                    1.160315990447998
                ],
                [
                    0.0,
                    0.0,
                    0.0,
                    1.0
                ]
            ]
        },
        {
            "file_path": "/data/shapenet_blender/all_50_random/02958343/38e30aa86d7bd4e0574fbf5e869a42b6/r_29",
            "rotation": 0.12566370614359174,
            "transform_matrix": [
                [
                    -0.9298653602600098,
                    0.10047485679388046,
                    0.3539140522480011,
                    1.4266732931137085
                ],
                [
                    0.36789995431900024,
                    0.25394970178604126,
                    0.894516110420227,
                    3.605910062789917
                ],
                [
                    7.450580152834618e-09,
                    0.9619845747947693,
                    -0.2731036841869354,
                    -1.1009162664413452
                ],
                [
                    0.0,
                    0.0,
                    0.0,
                    1.0
                ]
            ]
        },
        {
            "file_path": "/data/shapenet_blender/all_50_random/02958343/38e30aa86d7bd4e0574fbf5e869a42b6/r_30",
            "rotation": 0.12566370614359174,
            "transform_matrix": [
                [
                    -0.29302212595939636,
                    0.2511882781982422,
                    -0.9225195646286011,
                    -3.7187955379486084
                ],
                [
                    -0.9561057090759277,
                    -0.07698282599449158,
                    0.28272882103919983,
                    1.1397165060043335
                ],
                [
                    7.450580596923828e-09,
                    0.9648721218109131,
                    0.26272013783454895,
                    1.0590589046478271
                ],
                [
                    0.0,
                    0.0,
                    0.0,
                    1.0
                ]
            ]
        },
        {
            "file_path": "/data/shapenet_blender/all_50_random/02958343/38e30aa86d7bd4e0574fbf5e869a42b6/r_31",
            "rotation": 0.12566370614359174,
            "transform_matrix": [
                [
                    -0.6888766288757324,
                    0.1936253309249878,
                    -0.6985399723052979,
                    -2.8159048557281494
                ],
                [
                    -0.7248786091804504,
                    -0.18400868773460388,
                    0.6638461351394653,
                    2.6760497093200684
                ],
                [
                    0.0,
                    0.9636648893356323,
                    0.2671141028404236,
                    1.0767714977264404
                ],
                [
                    0.0,
                    0.0,
                    0.0,
                    1.0
                ]
            ]
        },
        {
            "file_path": "/data/shapenet_blender/all_50_random/02958343/38e30aa86d7bd4e0574fbf5e869a42b6/r_32",
            "rotation": 0.12566370614359174,
            "transform_matrix": [
                [
                    -0.9869885444641113,
                    0.12013548612594604,
                    -0.10687048733234406,
                    -0.43080875277519226
                ],
                [
                    -0.1607913076877594,
                    -0.7374300956726074,
                    0.6560052633285522,
                    2.644442081451416
                ],
                [
                    0.0,
                    0.6646535396575928,
                    0.7471516728401184,
                    3.0118649005889893
                ],
                [
                    0.0,
                    0.0,
                    0.0,
                    1.0
                ]
            ]
        },
        {
            "file_path": "/data/shapenet_blender/all_50_random/02958343/38e30aa86d7bd4e0574fbf5e869a42b6/r_33",
            "rotation": 0.12566370614359174,
            "transform_matrix": [
                [
                    -0.9152905941009521,
                    0.05902104824781418,
                    -0.3984467387199402,
                    -1.6061902046203613
                ],
                [
                    -0.40279442071914673,
                    -0.13411659002304077,
                    0.9054111838340759,
                    3.649829149246216
                ],
                [
                    -3.725290742551124e-09,
                    0.9892063140869141,
                    0.14652898907661438,
                    0.5906772613525391
                ],
                [
                    0.0,
                    0.0,
                    0.0,
                    1.0
                ]
            ]
        },
        {
            "file_path": "/data/shapenet_blender/all_50_random/02958343/38e30aa86d7bd4e0574fbf5e869a42b6/r_34",
            "rotation": 0.12566370614359174,
            "transform_matrix": [
                [
                    0.02778800204396248,
                    -0.7529025673866272,
                    -0.6575450301170349,
                    -2.650649070739746
                ],
                [
                    -0.999613881111145,
                    -0.020929737016558647,
                    -0.01827891916036606,
                    -0.0736846849322319
                ],
                [
                    9.31322685637781e-10,
                    0.6577989459037781,
                    -0.7531933188438416,
                    -3.036219596862793
                ],
                [
                    0.0,
                    0.0,
                    0.0,
                    1.0
                ]
            ]
        },
        {
            "file_path": "/data/shapenet_blender/all_50_random/02958343/38e30aa86d7bd4e0574fbf5e869a42b6/r_35",
            "rotation": 0.12566370614359174,
            "transform_matrix": [
                [
                    0.47798165678977966,
                    0.14508391916751862,
                    0.8663049340248108,
                    3.4921867847442627
                ],
                [
                    0.878369927406311,
                    -0.07895016670227051,
                    -0.47141626477241516,
                    -1.9003397226333618
                ],
                [
                    -7.450581485102248e-09,
                    0.9862643480300903,
                    -0.16517408192157745,
                    -0.6658380031585693
                ],
                [
                    0.0,
                    0.0,
                    0.0,
                    1.0
                ]
            ]
        },
        {
            "file_path": "/data/shapenet_blender/all_50_random/02958343/38e30aa86d7bd4e0574fbf5e869a42b6/r_36",
            "rotation": 0.12566370614359174,
            "transform_matrix": [
                [
                    -0.04722011834383011,
                    0.64842289686203,
                    -0.7598143815994263,
                    -3.0629100799560547
                ],
                [
                    -0.9988845586776733,
                    -0.030652794986963272,
                    0.03591858595609665,
                    0.14479246735572815
                ],
                [
                    0.0,
                    0.7606629729270935,
                    0.6491469144821167,
                    2.616795063018799
                ],
                [
                    0.0,
                    0.0,
                    0.0,
                    1.0
                ]
            ]
        },
        {
            "file_path": "/data/shapenet_blender/all_50_random/02958343/38e30aa86d7bd4e0574fbf5e869a42b6/r_37",
            "rotation": 0.12566370614359174,
            "transform_matrix": [
                [
                    0.11786193400621414,
                    0.16103002429008484,
                    0.9798865914344788,
                    3.95004940032959
                ],
                [
                    0.9930300712585449,
                    -0.019112521782517433,
                    -0.11630193889141083,
                    -0.46882814168930054
                ],
                [
                    0.0,
                    0.9867644309997559,
                    -0.162160262465477,
                    -0.6536889672279358
                ],
                [
                    0.0,
                    0.0,
                    0.0,
                    1.0
                ]
            ]
        },
        {
            "file_path": "/data/shapenet_blender/all_50_random/02958343/38e30aa86d7bd4e0574fbf5e869a42b6/r_38",
            "rotation": 0.12566370614359174,
            "transform_matrix": [
                [
                    -0.24555999040603638,
                    -0.6841593980789185,
                    -0.6867504119873047,
                    -2.7683796882629395
                ],
                [
                    -0.9693814516067505,
                    0.17330864071846008,
                    0.1739649772644043,
                    0.7012752890586853
                ],
                [
                    7.450580596923828e-09,
                    0.7084420323371887,
                    -0.7057690024375916,
                    -2.845046043395996
                ],
                [
                    0.0,
                    0.0,
                    0.0,
                    1.0
                ]
            ]
        },
        {
            "file_path": "/data/shapenet_blender/all_50_random/02958343/38e30aa86d7bd4e0574fbf5e869a42b6/r_39",
            "rotation": 0.12566370614359174,
            "transform_matrix": [
                [
                    -0.9172157645225525,
                    -0.06676220148801804,
                    -0.3927570879459381,
                    -1.5832544565200806
                ],
                [
                    -0.39839091897010803,
                    0.15370666980743408,
                    0.9042449593544006,
                    3.645128011703491
                ],
                [
                    0.0,
                    0.9858586192131042,
                    -0.16757962107658386,
                    -0.6755350828170776
                ],
                [
                    0.0,
                    0.0,
                    0.0,
                    1.0
                ]
            ]
        },
        {
            "file_path": "/data/shapenet_blender/all_50_random/02958343/38e30aa86d7bd4e0574fbf5e869a42b6/r_40",
            "rotation": 0.12566370614359174,
            "transform_matrix": [
                [
                    0.8795403838157654,
                    -0.2825194001197815,
                    -0.3828727900981903,
                    -1.5434097051620483
                ],
                [
                    -0.47582438588142395,
                    -0.5222246646881104,
                    -0.7077234983444214,
                    -2.8529248237609863
                ],
                [
                    0.0,
                    0.8046515583992004,
                    -0.5937471985816956,
                    -2.3934717178344727
                ],
                [
                    0.0,
                    0.0,
                    0.0,
                    1.0
                ]
            ]
        },
        {
            "file_path": "/data/shapenet_blender/all_50_random/02958343/38e30aa86d7bd4e0574fbf5e869a42b6/r_41",
            "rotation": 0.12566370614359174,
            "transform_matrix": [
                [
                    0.9815933108329773,
                    0.027476420626044273,
                    0.18899652361869812,
                    0.7618694305419922
                ],
                [
                    0.1909833699464798,
                    -0.14121997356414795,
                    -0.9713815450668335,
                    -3.915764570236206
                ],
                [
