{
    "class": "02958343",
    "model": "48863925f0e70aafdf8e4da0a37cb43e",
    "remove_doubles": true,
    "edge_split": true,
    "denoise": true,
    "camera_angle_x": 0.6911112070083618,
    "scale_factor": 2.3656236736984444,
    "hdri_file": "/data/IndoorHDRDataset2018/9C4A1817-9a3555752d.exr",
    "center_offset": [
        0.0,
        -1.862645149230957e-09,
        0.0
    ],
    "lights": [],
    "frames": [
        {
            "file_path": "/data/shapenet_blender/all_50_random/02958343/48863925f0e70aafdf8e4da0a37cb43e/r_0",
            "rotation": 0.12566370614359174,
            "transform_matrix": [
                [
                    0.9164061546325684,
                    0.16391463577747345,
                    0.3651463985443115,
                    1.471952199935913
                ],
                [
                    0.4002498686313629,
                    -0.37529653310775757,
                    -0.836033821105957,
                    -3.3701601028442383
                ],
                [
                    0.0,
                    0.9122961759567261,
                    -0.4095308780670166,
                    -1.650871753692627
                ],
                [
                    0.0,
                    0.0,
                    0.0,
                    1.0
                ]
            ]
        },
        {
            "file_path": "/data/shapenet_blender/all_50_random/02958343/48863925f0e70aafdf8e4da0a37cb43e/r_1",
            "rotation": 0.12566370614359174,
            "transform_matrix": [
                [
                    0.5002181529998779,
                    -0.2864370346069336,
                    0.8171509504318237,
                    3.2940404415130615
                ],
                [
                    0.865899384021759,
                    0.16547073423862457,
                    -0.47205686569213867,
                    -1.9029219150543213
                ],
                [
                    0.0,
                    0.9437018036842346,
                    0.3307971656322479,
                    1.3334858417510986
                ],
                [
                    0.0,
                    0.0,
                    0.0,
                    1.0
                ]
            ]
        },
        {
            "file_path": "/data/shapenet_blender/all_50_random/02958343/48863925f0e70aafdf8e4da0a37cb43e/r_2",
            "rotation": 0.12566370614359174,
            "transform_matrix": [
                [
                    0.9849010109901428,
                    -0.06396781653165817,
                    -0.160867378115654,
                    -0.6484771370887756
                ],
                [
                    -0.17311903834342957,
                    -0.3639228045940399,
                    -0.9151993989944458,
                    -3.689286708831787
                ],
                [
                    0.0,
                    0.9292298555374146,
                    -0.3695020079612732,
                    -1.489510178565979
                ],
                [
                    0.0,
                    0.0,
                    0.0,
                    1.0
                ]
            ]
        },
        {
            "file_path": "/data/shapenet_blender/all_50_random/02958343/48863925f0e70aafdf8e4da0a37cb43e/r_3",
            "rotation": 0.12566370614359174,
            "transform_matrix": [
                [
                    0.5559629201889038,
                    -0.03902916610240936,
                    -0.8302901983261108,
                    -3.3470067977905273
                ],
                [
                    -0.8312069773674011,
                    -0.026105133816599846,
                    -0.5553497076034546,
                    -2.2386863231658936
                ],
                [
                    0.0,
                    0.9988969564437866,
                    -0.04695480316877365,
                    -0.18928085267543793
                ],
                [
                    0.0,
                    0.0,
                    0.0,
                    1.0
                ]
            ]
        },
        {
            "file_path": "/data/shapenet_blender/all_50_random/02958343/48863925f0e70aafdf8e4da0a37cb43e/r_4",
            "rotation": 0.12566370614359174,
            "transform_matrix": [
                [
                    0.22118782997131348,
                    -0.47546565532684326,
                    -0.8514742255210876,
                    -3.4324018955230713
                ],
                [
                    -0.9752312302589417,
                    -0.1078382283449173,
                    -0.19311904907226562,
                    -0.7784876823425293
                ],
                [
                    0.0,
                    0.8730996251106262,
                    -0.48754164576530457,
                    -1.9653429985046387
                ],
                [
                    0.0,
                    0.0,
                    0.0,
                    1.0
                ]
            ]
        },
        {
            "file_path": "/data/shapenet_blender/all_50_random/02958343/48863925f0e70aafdf8e4da0a37cb43e/r_5",
            "rotation": 0.12566370614359174,
            "transform_matrix": [
                [
                    0.9969521164894104,
                    0.005588701460510492,
                    -0.07781632989645004,
                    -0.31368768215179443
                ],
                [
                    -0.07801676541566849,
                    0.07141628116369247,
                    -0.9943907856941223,
                    -4.008517742156982
                ],
                [
                    0.0,
                    0.9974309802055359,
                    0.07163460552692413,
                    0.28876835107803345
                ],
                [
                    0.0,
                    0.0,
                    0.0,
                    1.0
                ]
            ]
        },
        {
            "file_path": "/data/shapenet_blender/all_50_random/02958343/48863925f0e70aafdf8e4da0a37cb43e/r_6",
            "rotation": 0.12566370614359174,
            "transform_matrix": [
                [
                    -0.9147077202796936,
                    0.2867712378501892,
                    -0.2847317159175873,
                    -1.1477903127670288
                ],
                [
                    -0.4041162133216858,
                    -0.6491000652313232,
                    0.6444836854934692,
                    2.597996950149536
                ],
                [
                    1.4901161193847656e-08,
                    0.7045789957046509,
                    0.7096256613731384,
                    2.8605926036834717
                ],
                [
                    0.0,
                    0.0,
                    0.0,
                    1.0
                ]
            ]
        },
        {
            "file_path": "/data/shapenet_blender/all_50_random/02958343/48863925f0e70aafdf8e4da0a37cb43e/r_7",
            "rotation": 0.12566370614359174,
            "transform_matrix": [
                [
                    0.421723872423172,
                    -0.010227683000266552,
                    -0.9066665768623352,
                    -3.6548900604248047
                ],
                [
                    -0.9067243337631226,
                    -0.0047569675371050835,
                    -0.42169705033302307,
                    -1.6999152898788452
                ],
                [
                    4.6566125955216364e-10,
                    0.9999364018440247,
                    -0.011279813945293427,
                    -0.04547038674354553
                ],
                [
                    0.0,
                    0.0,
                    0.0,
                    1.0
                ]
            ]
        },
        {
            "file_path": "/data/shapenet_blender/all_50_random/02958343/48863925f0e70aafdf8e4da0a37cb43e/r_8",
            "rotation": 0.12566370614359174,
            "transform_matrix": [
                [
                    0.5714535713195801,
                    0.42889413237571716,
                    0.6996361017227173,
                    2.8203232288360596
                ],
                [
                    0.8206344842910767,
                    -0.2986629009246826,
                    -0.4871956706047058,
                    -1.9639486074447632
                ],
                [
                    -1.4901162970204496e-08,
                    0.8525551557540894,
                    -0.5226372480392456,
                    -2.106818199157715
                ],
                [
                    0.0,
                    0.0,
                    0.0,
                    1.0
                ]
            ]
        },
        {
            "file_path": "/data/shapenet_blender/all_50_random/02958343/48863925f0e70aafdf8e4da0a37cb43e/r_9",
            "rotation": 0.12566370614359174,
            "transform_matrix": [
                [
                    -0.4012114703655243,
                    -0.8186019659042358,
                    0.41099876165390015,
                    1.6567888259887695
                ],
                [
                    0.9159854650497437,
                    -0.35855647921562195,
                    0.18002188205718994,
                    0.7256913185119629
                ],
                [
                    1.4901159417490817e-08,
                    0.4486958980560303,
                    0.8936846852302551,
                    3.60255765914917
                ],
                [
                    0.0,
                    0.0,
                    0.0,
                    1.0
                ]
            ]
        },
        {
            "file_path": "/data/shapenet_blender/all_50_random/02958343/48863925f0e70aafdf8e4da0a37cb43e/r_10",
            "rotation": 0.12566370614359174,
            "transform_matrix": [
                [
                    -0.2572776973247528,
                    -0.30072253942489624,
                    -0.9183540344238281,
                    -3.7020034790039062
                ],
                [
                    -0.9663375616073608,
                    0.08006436377763748,
                    0.24450255930423737,
                    0.9856213331222534
                ],
                [
                    0.0,
                    0.950344979763031,
                    -0.31119823455810547,
                    -1.254480242729187
                ],
                [
                    0.0,
                    0.0,
                    0.0,
                    1.0
                ]
            ]
        },
        {
            "file_path": "/data/shapenet_blender/all_50_random/02958343/48863925f0e70aafdf8e4da0a37cb43e/r_11",
            "rotation": 0.12566370614359174,
            "transform_matrix": [
                [
                    -0.05984780192375183,
                    0.6506597399711609,
                    -0.7570074200630188,
                    -3.0515944957733154
                ],
                [
                    -0.9982075691223145,
                    -0.03901047632098198,
                    0.04538658261299133,
                    0.1829591691493988
                ],
                [
                    1.862645149230957e-09,
                    0.7583667039871216,
                    0.6518281102180481,
                    2.627603054046631
                ],
                [
                    0.0,
                    0.0,
                    0.0,
                    1.0
                ]
            ]
        },
        {
            "file_path": "/data/shapenet_blender/all_50_random/02958343/48863925f0e70aafdf8e4da0a37cb43e/r_12",
            "rotation": 0.12566370614359174,
            "transform_matrix": [
                [
                    -0.8229262828826904,
                    0.2679324150085449,
                    0.5010038018226624,
                    2.01961088180542
                ],
                [
                    0.5681484937667847,
                    0.38808274269104004,
                    0.7256715297698975,
                    2.9252755641937256
                ],
                [
                    0.0,
                    0.8818185329437256,
                    -0.4715888202190399,
                    -1.9010353088378906
                ],
                [
                    0.0,
                    0.0,
                    0.0,
                    1.0
                ]
            ]
        },
        {
            "file_path": "/data/shapenet_blender/all_50_random/02958343/48863925f0e70aafdf8e4da0a37cb43e/r_13",
            "rotation": 0.12566370614359174,
            "transform_matrix": [
                [
                    0.13538680970668793,
                    -0.1612541526556015,
                    -0.9775825142860413,
                    -3.940761089324951
                ],
                [
                    -0.9907929301261902,
                    -0.022034557536244392,
                    -0.13358166813850403,
                    -0.5384849309921265
                ],
                [
                    0.0,
                    0.9866667985916138,
                    -0.1627526730298996,
                    -0.6560770273208618
                ],
                [
                    0.0,
                    0.0,
                    0.0,
                    1.0
                ]
            ]
        },
        {
            "file_path": "/data/shapenet_blender/all_50_random/02958343/48863925f0e70aafdf8e4da0a37cb43e/r_14",
            "rotation": 0.12566370614359174,
            "transform_matrix": [
                [
                    0.044918425381183624,
                    -0.3649837076663971,
                    0.9299295544624329,
                    3.748666286468506
                ],
                [
                    0.9989905953407288,
                    0.016411060467362404,
                    -0.04181317985057831,
                    -0.16855433583259583
                ],
                [
                    -9.313225191043273e-10,
                    0.9308692216873169,
                    0.36535248160362244,
                    1.472783088684082
                ],
                [
                    0.0,
                    0.0,
                    0.0,
                    1.0
                ]
            ]
        },
        {
            "file_path": "/data/shapenet_blender/all_50_random/02958343/48863925f0e70aafdf8e4da0a37cb43e/r_15",
            "rotation": 0.12566370614359174,
            "transform_matrix": [
                [
                    0.30994319915771484,
                    0.6132151484489441,
                    0.7265688180923462,
                    2.9288928508758545
                ],
                [
                    0.9507551193237305,
                    -0.19990621507167816,
                    -0.23685917258262634,
                    -0.9548099040985107
                ],
                [
                    -1.4901161193847656e-08,
                    0.7642019391059875,
                    -0.6449769139289856,
                    -2.599985361099243
                ],
                [
                    0.0,
                    0.0,
                    0.0,
                    1.0
                ]
            ]
        },
        {
            "file_path": "/data/shapenet_blender/all_50_random/02958343/48863925f0e70aafdf8e4da0a37cb43e/r_16",
            "rotation": 0.12566370614359174,
            "transform_matrix": [
                [
                    0.9204688668251038,
                    -0.17904672026634216,
                    0.347389280796051,
                    1.4003710746765137
                ],
                [
                    0.3908158838748932,
                    0.4216996729373932,
                    -0.8181883692741394,
                    -3.2982230186462402
                ],
                [
                    0.0,
                    0.8888822197914124,
                    0.458135724067688,
                    1.8468042612075806
                ],
                [
                    0.0,
                    0.0,
                    0.0,
                    1.0
                ]
            ]
        },
        {
            "file_path": "/data/shapenet_blender/all_50_random/02958343/48863925f0e70aafdf8e4da0a37cb43e/r_17",
            "rotation": 0.12566370614359174,
            "transform_matrix": [
                [
                    -0.24690303206443787,
                    -0.9370886087417603,
                    -0.2467866837978363,
                    -0.9948289394378662
                ],
                [
                    -0.9690402150154114,
                    0.2387620359659195,
                    0.06287910044193268,
                    0.25347375869750977
                ],
                [
                    0.0,
                    0.2546713650226593,
                    -0.9670277237892151,
                    -3.8982133865356445
                ],
                [
                    0.0,
                    0.0,
                    0.0,
                    1.0
                ]
            ]
        },
        {
            "file_path": "/data/shapenet_blender/all_50_random/02958343/48863925f0e70aafdf8e4da0a37cb43e/r_18",
            "rotation": 0.12566370614359174,
            "transform_matrix": [
                [
                    -0.6849884986877441,
                    0.1686665564775467,
                    -0.7087610960006714,
                    -2.857107639312744
                ],
                [
                    -0.7285538911819458,
                    -0.15858078002929688,
                    0.6663792133331299,
                    2.68626070022583
                ],
                [
                    0.0,
                    0.9728328585624695,
                    0.23150865733623505,
                    0.9332413077354431
                ],
                [
                    0.0,
                    0.0,
                    0.0,
                    1.0
                ]
            ]
        },
        {
            "file_path": "/data/shapenet_blender/all_50_random/02958343/48863925f0e70aafdf8e4da0a37cb43e/r_19",
            "rotation": 0.12566370614359174,
            "transform_matrix": [
                [
                    0.25840115547180176,
                    -0.894791841506958,
                    0.3641102910041809,
                    1.4677757024765015
                ],
                [
                    0.9660378098487854,
                    0.23934389650821686,
                    -0.09739424288272858,
                    -0.39260879158973694
                ],
                [
                    0.0,
                    0.3769110441207886,
                    0.9262493848800659,
                    3.7338309288024902
                ],
                [
                    0.0,
                    0.0,
                    0.0,
                    1.0
                ]
            ]
        },
        {
            "file_path": "/data/shapenet_blender/all_50_random/02958343/48863925f0e70aafdf8e4da0a37cb43e/r_20",
            "rotation": 0.12566370614359174,
            "transform_matrix": [
                [
                    0.8716555833816528,
                    -0.23060475289821625,
                    0.4324789345264435,
                    1.7433785200119019
                ],
                [
                    0.49011901021003723,
                    0.4101206362247467,
                    -0.7691451907157898,
                    -3.1005237102508545
                ],
                [
                    0.0,
                    0.8823959231376648,
                    0.4705076813697815,
                    1.8966772556304932
                ],
                [
                    0.0,
                    0.0,
                    0.0,
                    1.0
                ]
            ]
        },
        {
            "file_path": "/data/shapenet_blender/all_50_random/02958343/48863925f0e70aafdf8e4da0a37cb43e/r_21",
            "rotation": 0.12566370614359174,
            "transform_matrix": [
                [
                    0.8052144050598145,
                    0.3953763246536255,
                    -0.44193601608276367,
                    -1.781501054763794
                ],
                [
                    -0.5929839015007019,
                    0.5368825197219849,
                    -0.6001060605049133,
                    -2.419104814529419
                ],
                [
                    -1.4901162970204496e-08,
                    0.7452749013900757,
                    0.6667572855949402,
                    2.6877846717834473
                ],
                [
                    0.0,
                    0.0,
                    0.0,
                    1.0
                ]
            ]
        },
        {
            "file_path": "/data/shapenet_blender/all_50_random/02958343/48863925f0e70aafdf8e4da0a37cb43e/r_22",
            "rotation": 0.12566370614359174,
            "transform_matrix": [
                [
                    -0.8046559691429138,
                    -0.07613831013441086,
                    -0.5888392925262451,
                    -2.373687267303467
                ],
                [
                    -0.5937414169311523,
                    0.10318490117788315,
                    0.7980124950408936,
                    3.2168915271759033
                ],
                [
                    3.725290742551124e-09,
                    0.991743803024292,
                    -0.12823478877544403,
                    -0.5169310569763184
                ],
                [
                    0.0,
                    0.0,
                    0.0,
                    1.0
                ]
            ]
        },
        {
            "file_path": "/data/shapenet_blender/all_50_random/02958343/48863925f0e70aafdf8e4da0a37cb43e/r_23",
            "rotation": 0.12566370614359174,
            "transform_matrix": [
                [
                    0.9909106492996216,
                    -0.12362898886203766,
                    -0.05302802100777626,
                    -0.2137627899646759
                ],
                [
                    -0.1345217376947403,
                    -0.9106727242469788,
                    -0.3906136751174927,
                    -1.5746140480041504
                ],
                [
                    0.0,
                    0.3941965401172638,
                    -0.9190260767936707,
                    -3.7047126293182373
                ],
                [
                    0.0,
                    0.0,
                    0.0,
                    1.0
                ]
            ]
        },
        {
            "file_path": "/data/shapenet_blender/all_50_random/02958343/48863925f0e70aafdf8e4da0a37cb43e/r_24",
            "rotation": 0.12566370614359174,
            "transform_matrix": [
                [
                    -0.03781413286924362,
                    0.7931285500526428,
                    0.6078793406486511,
                    2.450439929962158
                ],
                [
                    0.9992848634719849,
                    0.030012929812073708,
                    0.023002879694104195,
                    0.09272757172584534
                ],
                [
                    0.0,
                    0.6083143353462219,
                    -0.7936961650848389,
                    -3.199491500854492
                ],
                [
                    0.0,
                    0.0,
                    0.0,
                    1.0
                ]
            ]
        },
        {
            "file_path": "/data/shapenet_blender/all_50_random/02958343/48863925f0e70aafdf8e4da0a37cb43e/r_25",
            "rotation": 0.12566370614359174,
            "transform_matrix": [
                [
                    -0.9874910712242126,
                    0.0010567199205979705,
                    0.15767070651054382,
                    0.6355910301208496
                ],
                [
                    0.15767425298690796,
                    0.006618083920329809,
                    0.9874688982963562,
                    3.98061466217041
                ],
                [
                    1.1641530794914701e-10,
                    0.9999775886535645,
                    -0.006701915990561247,
                    -0.0270162895321846
                ],
                [
                    0.0,
                    0.0,
                    0.0,
                    1.0
                ]
            ]
        },
        {
            "file_path": "/data/shapenet_blender/all_50_random/02958343/48863925f0e70aafdf8e4da0a37cb43e/r_26",
            "rotation": 0.12566370614359174,
            "transform_matrix": [
                [
                    0.23702552914619446,
                    0.03901447728276253,
                    -0.9707196950912476,
                    -3.9130964279174805
                ],
                [
                    -0.971503496170044,
                    0.00951867550611496,
                    -0.23683428764343262,
                    -0.9547095894813538
                ],
                [
                    -9.31322685637781e-10,
                    0.9991932511329651,
                    0.040158867835998535,
                    0.1618855893611908
                ],
                [
                    0.0,
                    0.0,
                    0.0,
                    1.0
                ]
            ]
        },
        {
            "file_path": "/data/shapenet_blender/all_50_random/02958343/48863925f0e70aafdf8e4da0a37cb43e/r_27",
            "rotation": 0.12566370614359174,
            "transform_matrix": [
                [
                    -0.04723222553730011,
                    -0.01626095362007618,
                    0.9987515211105347,
                    4.026096343994141
                ],
                [
                    0.9988839626312256,
                    -0.0007688992191106081,
                    0.047225963324308395,
                    0.190373957157135
                ],
                [
                    0.0,
                    0.9998674392700195,
                    0.016279121860861778,
                    0.06562324613332748
                ],
                [
                    0.0,
                    0.0,
                    0.0,
                    1.0
                ]
            ]
        },
        {
            "file_path": "/data/shapenet_blender/all_50_random/02958343/48863925f0e70aafdf8e4da0a37cb43e/r_28",
            "rotation": 0.12566370614359174,
            "transform_matrix": [
                [
                    0.7151569128036499,
                    0.06923031806945801,
                    0.6955268383026123,
                    2.8037586212158203
                ],
                [
                    0.6989638209342957,
                    -0.0708341896533966,
                    -0.7116402387619019,
                    -2.868713855743408
                ],
                [
                    0.0,
                    0.9950827956199646,
                    -0.09904704242944717,
                    -0.3992714285850525
                ],
                [
                    0.0,
                    0.0,
                    0.0,
                    1.0
                ]
            ]
        },
        {
            "file_path": "/data/shapenet_blender/all_50_random/02958343/48863925f0e70aafdf8e4da0a37cb43e/r_29",
            "rotation": 0.12566370614359174,
            "transform_matrix": [
                [
                    -0.9253976941108704,
                    0.12018118798732758,
                    0.35943803191185,
                    1.4489411115646362
                ],
                [
                    0.37899765372276306,
                    0.2934460937976837,
                    0.8776389956474304,
                    3.5378758907318115
                ],
                [
                    7.450580596923828e-09,
                    0.9483912587165833,
                    -0.31710270047187805,
                    -1.2782819271087646
                ],
                [
                    0.0,
                    0.0,
                    0.0,
                    1.0
                ]
            ]
        },
        {
            "file_path": "/data/shapenet_blender/all_50_random/02958343/48863925f0e70aafdf8e4da0a37cb43e/r_30",
            "rotation": 0.12566370614359174,
            "transform_matrix": [
                [
                    -0.9351515173912048,
                    -0.1627121865749359,
                    -0.3146686553955078,
                    -1.2684699296951294
                ],
                [
                    -0.3542479872703552,
                    0.4295312166213989,
                    0.8306691646575928,
                    3.34853458404541
                ],
                [
                    0.0,
                    0.888272225856781,
                    -0.45931726694107056,
                    -1.8515671491622925
                ],
                [
                    0.0,
                    0.0,
                    0.0,
                    1.0
                ]
            ]
        },
        {
            "file_path": "/data/shapenet_blender/all_50_random/02958343/48863925f0e70aafdf8e4da0a37cb43e/r_31",
            "rotation": 0.12566370614359174,
            "transform_matrix": [
                [
                    -0.6400893330574036,
                    0.580697238445282,
                    -0.5030667781829834,
                    -2.0279271602630615
                ],
                [
                    -0.7683002948760986,
                    -0.4837927520275116,
                    0.41911694407463074,
                    1.689514398574829
                ],
                [
                    0.0,
                    0.6547786593437195,
                    0.7558205723762512,
                    3.0468101501464844
                ],
                [
                    0.0,
                    0.0,
                    0.0,
                    1.0
                ]
            ]
        },
        {
            "file_path": "/data/shapenet_blender/all_50_random/02958343/48863925f0e70aafdf8e4da0a37cb43e/r_32",
            "rotation": 0.12566370614359174,
            "transform_matrix": [
                [
                    -0.8435458540916443,
                    -0.08054480701684952,
                    -0.5309831500053406,
                    -2.1404614448547363
                ],
                [
                    -0.5370573401451111,
                    0.12651020288467407,
                    0.8340051770210266,
                    3.3619823455810547
                ],
                [
                    0.0,
                    0.9886898398399353,
                    -0.14997433125972748,
                    -0.6045658588409424
                ],
                [
                    0.0,
                    0.0,
                    0.0,
                    1.0
                ]
            ]
        },
        {
            "file_path": "/data/shapenet_blender/all_50_random/02958343/48863925f0e70aafdf8e4da0a37cb43e/r_33",
            "rotation": 0.12566370614359174,
            "transform_matrix": [
                [
                    -0.9863496422767639,
                    -0.10455476492643356,
                    -0.12721122801303864,
                    -0.5128049254417419
                ],
                [
                    -0.16466450691223145,
                    0.6262889504432678,
                    0.7620024681091309,
                    3.071730375289917
                ],
                [
                    0.0,
                    0.7725480794906616,
                    -0.6349562406539917,
                    -2.5595908164978027
                ],
                [
                    0.0,
                    0.0,
                    0.0,
                    1.0
                ]
            ]
        },
        {
            "file_path": "/data/shapenet_blender/all_50_random/02958343/48863925f0e70aafdf8e4da0a37cb43e/r_34",
            "rotation": 0.12566370614359174,
            "transform_matrix": [
                [
                    -0.9111186861991882,
                    -0.01827695220708847,
                    0.41173872351646423,
                    1.6597719192504883
                ],
                [
                    0.41214418411254883,
                    -0.04040447622537613,
                    0.9102222919464111,
                    3.6692233085632324
                ],
                [
                    -1.862645149230957e-09,
                    0.9990162253379822,
                    0.04434601590037346,
                    0.17876450717449188
                ],
                [
                    0.0,
                    0.0,
                    0.0,
                    1.0
                ]
            ]
        },
        {
            "file_path": "/data/shapenet_blender/all_50_random/02958343/48863925f0e70aafdf8e4da0a37cb43e/r_35",
            "rotation": 0.12566370614359174,
            "transform_matrix": [
                [
                    0.6845900416374207,
                    0.3454582095146179,
                    0.6418682932853699,
                    2.587454080581665
                ],
                [
                    0.7289282083511353,
                    -0.3244451880455017,
                    -0.6028257012367249,
                    -2.430068254470825
                ],
                [
                    0.0,
                    0.8805645108222961,
                    -0.47392621636390686,
                    -1.9104578495025635
                ],
                [
                    0.0,
                    0.0,
                    0.0,
                    1.0
                ]
            ]
        },
        {
            "file_path": "/data/shapenet_blender/all_50_random/02958343/48863925f0e70aafdf8e4da0a37cb43e/r_36",
            "rotation": 0.12566370614359174,
            "transform_matrix": [
                [
                    -0.40898579359054565,
                    0.1842726618051529,
                    -0.8937416672706604,
                    -3.602787971496582
                ],
                [
                    -0.9125407934188843,
                    -0.08258797228336334,
                    0.40056028962135315,
                    1.6147102117538452
                ],
                [
                    -7.450581485102248e-09,
                    0.9793991446495056,
                    0.20193363726139069,
                    0.8140205144882202
                ],
                [
                    0.0,
                    0.0,
                    0.0,
                    1.0
                ]
            ]
        },
        {
            "file_path": "/data/shapenet_blender/all_50_random/02958343/48863925f0e70aafdf8e4da0a37cb43e/r_37",
            "rotation": 0.12566370614359174,
            "transform_matrix": [
                [
                    0.4116464853286743,
                    -0.38208842277526855,
                    -0.8273788094520569,
                    -3.335270643234253
                ],
                [
                    -0.9113436937332153,
                    -0.17258621752262115,
                    -0.3737202286720276,
                    -1.5065144300460815
                ],
                [
                    0.0,
                    0.9078670144081116,
                    -0.41925832629203796,
                    -1.6900843381881714
                ],
                [
                    0.0,
                    0.0,
                    0.0,
                    1.0
                ]
            ]
        },
        {
            "file_path": "/data/shapenet_blender/all_50_random/02958343/48863925f0e70aafdf8e4da0a37cb43e/r_38",
            "rotation": 0.12566370614359174,
            "transform_matrix": [
                [
                    0.7384549975395203,
                    0.00020405971736181527,
                    -0.6743027567863464,
                    -2.7182013988494873
                ],
                [
                    -0.6743028163909912,
                    0.00022347366029862314,
                    -0.7384549379348755,
                    -2.976807117462158
                ],
                [
                    -1.4551915228366852e-11,
                    0.9999999403953552,
                    0.00030262325890362263,
                    0.001219913363456726
                ],
                [
                    0.0,
                    0.0,
                    0.0,
                    1.0
                ]
            ]
        },
        {
            "file_path": "/data/shapenet_blender/all_50_random/02958343/48863925f0e70aafdf8e4da0a37cb43e/r_39",
            "rotation": 0.12566370614359174,
            "transform_matrix": [
                [
                    -0.0294327475130558,
                    0.2861340045928955,
                    -0.9577374458312988,
                    -3.8607630729675293
                ],
                [
                    -0.9995667934417725,
                    -0.00842535961419344,
                    0.028201062232255936,
                    0.11368212103843689
                ],
                [
                    0.0,
                    0.9581525325775146,
                    0.2862580418586731,
                    1.1539430618286133
                ],
                [
                    0.0,
                    0.0,
                    0.0,
                    1.0
                ]
            ]
        },
        {
            "file_path": "/data/shapenet_blender/all_50_random/02958343/48863925f0e70aafdf8e4da0a37cb43e/r_40",
            "rotation": 0.12566370614359174,
            "transform_matrix": [
                [
                    -0.20265936851501465,
                    0.22456325590610504,
                    0.9531528949737549,
                    3.842282295227051
                ],
                [
                    0.9792492985725403,
                    0.04647422209382057,
                    0.1972586214542389,
                    0.7951749563217163
                ],
                [
                    0.0,
                    0.9733507037162781,
                    -0.22932183742523193,
                    -0.9244258999824524
                ],
                [
                    0.0,
                    0.0,
                    0.0,
                    1.0
                ]
            ]
        },
        {
            "file_path": "/data/shapenet_blender/all_50_random/02958343/48863925f0e70aafdf8e4da0a37cb43e/r_41",
            "rotation": 0.12566370614359174,
            "transform_matrix": [
                [
                    -0.8651189804077148,
                    -0.3421953022480011,
                    0.3667036294937134,
                    1.4782296419143677
                ],
                [
                    0.5015667676925659,
                    -0.5902298092842102,
                    0.6325026154518127,
                    2.549699544906616
                ],
                [
                    0.0,
                    0.7311162948608398,
