{
    "class": "02958343",
    "model": "38f9aa4c68327bec760191d847b7480",
    "remove_doubles": true,
    "edge_split": true,
    "denoise": true,
    "camera_angle_x": 0.6911112070083618,
    "scale_factor": 2.2398850339770044,
    "hdri_file": "/data/IndoorHDRDataset2018/AG8A9478-08018709fd.exr",
    "center_offset": [
        0.0,
        0.0,
        -3.725290298461914e-09
    ],
    "lights": [],
    "frames": [
        {
            "file_path": "/data/shapenet_blender/all_50_random/02958343/38f9aa4c68327bec760191d847b7480/r_0",
            "rotation": 0.12566370614359174,
            "transform_matrix": [
                [
                    -0.006631935480982065,
                    0.609248697757721,
                    0.7929514646530151,
                    3.1964895725250244
                ],
                [
                    0.9999780058860779,
                    0.004040587227791548,
                    0.0052589187398552895,
                    0.021199379116296768
                ],
                [
                    0.0,
                    0.7929688692092896,
                    -0.6092621088027954,
                    -2.4560141563415527
                ],
                [
                    0.0,
                    0.0,
                    0.0,
                    1.0
                ]
            ]
        },
        {
            "file_path": "/data/shapenet_blender/all_50_random/02958343/38f9aa4c68327bec760191d847b7480/r_1",
            "rotation": 0.12566370614359174,
            "transform_matrix": [
                [
                    0.3261631727218628,
                    0.28513094782829285,
                    -0.901286780834198,
                    -3.6332035064697266
                ],
                [
                    -0.945313572883606,
                    0.0983792245388031,
                    -0.31097251176834106,
                    -1.2535704374313354
                ],
                [
                    0.0,
                    0.9534263610839844,
                    0.3016257882118225,
                    1.2158925533294678
                ],
                [
                    0.0,
                    0.0,
                    0.0,
                    1.0
                ]
            ]
        },
        {
            "file_path": "/data/shapenet_blender/all_50_random/02958343/38f9aa4c68327bec760191d847b7480/r_2",
            "rotation": 0.12566370614359174,
            "transform_matrix": [
                [
                    0.998740553855896,
                    0.04605838656425476,
                    -0.01989801414310932,
                    -0.08021146059036255
                ],
                [
                    -0.05017275735735893,
                    0.9168397188186646,
                    -0.39609047770500183,
                    -1.5966918468475342
                ],
                [
                    0.0,
                    0.3965899646282196,
                    0.9179958701133728,
                    3.700559616088867
                ],
                [
                    0.0,
                    0.0,
                    0.0,
                    1.0
                ]
            ]
        },
        {
            "file_path": "/data/shapenet_blender/all_50_random/02958343/38f9aa4c68327bec760191d847b7480/r_3",
            "rotation": 0.12566370614359174,
            "transform_matrix": [
                [
                    0.057328030467033386,
                    0.07128892093896866,
                    -0.995806872844696,
                    -4.014225959777832
                ],
                [
                    -0.9983554482460022,
                    0.0040935855358839035,
                    -0.05718168616294861,
                    -0.2305067479610443
                ],
                [
                    0.0,
                    0.9974472522735596,
                    0.07140635699033737,
                    0.28784823417663574
                ],
                [
                    0.0,
                    0.0,
                    0.0,
                    1.0
                ]
            ]
        },
        {
            "file_path": "/data/shapenet_blender/all_50_random/02958343/38f9aa4c68327bec760191d847b7480/r_4",
            "rotation": 0.12566370614359174,
            "transform_matrix": [
                [
                    0.8818807005882263,
                    -0.37366145849227905,
                    0.28751271963119507,
                    1.1590008735656738
                ],
                [
                    0.47147271037101746,
                    0.6989266276359558,
                    -0.5377870798110962,
                    -2.16788911819458
                ],
                [
                    1.4901162970204496e-08,
                    0.6098182797431946,
                    0.7925410866737366,
                    3.1948354244232178
                ],
                [
                    0.0,
                    0.0,
                    0.0,
                    1.0
                ]
            ]
        },
        {
            "file_path": "/data/shapenet_blender/all_50_random/02958343/38f9aa4c68327bec760191d847b7480/r_5",
            "rotation": 0.12566370614359174,
            "transform_matrix": [
                [
                    -0.8015902638435364,
                    0.0377730131149292,
                    -0.5966792702674866,
                    -2.4052910804748535
                ],
                [
                    -0.5978736281394958,
                    -0.05064360797405243,
                    0.7999889254570007,
                    3.224858522415161
                ],
                [
                    1.8626448161640496e-09,
                    0.998002290725708,
                    0.0631789118051529,
                    0.254682332277298
                ],
                [
                    0.0,
                    0.0,
                    0.0,
                    1.0
                ]
            ]
        },
        {
            "file_path": "/data/shapenet_blender/all_50_random/02958343/38f9aa4c68327bec760191d847b7480/r_6",
            "rotation": 0.12566370614359174,
            "transform_matrix": [
                [
                    0.7344903349876404,
                    -0.037897802889347076,
                    0.6775600910186768,
                    2.7313320636749268
                ],
                [
                    0.6786191463470459,
                    0.04101795703172684,
                    -0.7333440780639648,
                    -2.956204652786255
                ],
                [
                    -1.862645371275562e-09,
                    0.9984393119812012,
                    0.0558454729616642,
                    0.22512030601501465
                ],
                [
                    0.0,
                    0.0,
                    0.0,
                    1.0
                ]
            ]
        },
        {
            "file_path": "/data/shapenet_blender/all_50_random/02958343/38f9aa4c68327bec760191d847b7480/r_7",
            "rotation": 0.12566370614359174,
            "transform_matrix": [
                [
                    0.6572701930999756,
                    -0.013307956047356129,
                    -0.7535375356674194,
                    -3.037606954574585
                ],
                [
                    -0.7536551356315613,
                    -0.011606002226471901,
                    -0.6571676731109619,
                    -2.649127721786499
                ],
                [
                    0.0,
                    0.9998440742492676,
                    -0.01765788532793522,
                    -0.07118121534585953
                ],
                [
                    0.0,
                    0.0,
                    0.0,
                    1.0
                ]
            ]
        },
        {
            "file_path": "/data/shapenet_blender/all_50_random/02958343/38f9aa4c68327bec760191d847b7480/r_8",
            "rotation": 0.12566370614359174,
            "transform_matrix": [
                [
                    -0.5524099469184875,
                    0.06184016540646553,
                    -0.8312755227088928,
                    -3.3509790897369385
                ],
                [
                    -0.8335726857185364,
                    -0.04098157957196236,
                    0.5508875846862793,
                    2.2206990718841553
                ],
                [
                    -3.725290742551124e-09,
                    0.9972443580627441,
                    0.07418689131736755,
                    0.2990569472312927
                ],
                [
                    0.0,
                    0.0,
                    0.0,
                    1.0
                ]
            ]
        },
        {
            "file_path": "/data/shapenet_blender/all_50_random/02958343/38f9aa4c68327bec760191d847b7480/r_9",
            "rotation": 0.12566370614359174,
            "transform_matrix": [
                [
                    0.33488285541534424,
                    0.20725029706954956,
                    0.9191848635673523,
                    3.705352783203125
                ],
                [
                    0.9422597885131836,
                    -0.0736575648188591,
                    -0.326681911945343,
                    -1.316896915435791
                ],
                [
                    -7.450580596923828e-09,
                    0.9755110740661621,
                    -0.21995028853416443,
                    -0.8866479992866516
                ],
                [
                    0.0,
                    0.0,
                    0.0,
                    1.0
                ]
            ]
        },
        {
            "file_path": "/data/shapenet_blender/all_50_random/02958343/38f9aa4c68327bec760191d847b7480/r_10",
            "rotation": 0.12566370614359174,
            "transform_matrix": [
                [
                    0.9577264785766602,
                    0.022088533267378807,
                    0.2868310213088989,
                    1.1562529802322388
                ],
                [
                    0.2876802980899811,
                    -0.07353569567203522,
                    -0.9548991322517395,
                    -3.8493218421936035
                ],
                [
                    0.0,
                    0.9970479011535645,
                    -0.07678151875734329,
                    -0.30951622128486633
                ],
                [
                    0.0,
                    0.0,
                    0.0,
                    1.0
                ]
            ]
        },
        {
            "file_path": "/data/shapenet_blender/all_50_random/02958343/38f9aa4c68327bec760191d847b7480/r_11",
            "rotation": 0.12566370614359174,
            "transform_matrix": [
                [
                    -0.3948533236980438,
                    -0.846085250377655,
                    -0.3580928444862366,
                    -1.4435184001922607
                ],
                [
                    -0.9187442660331726,
                    0.36362630128860474,
                    0.15389935672283173,
                    0.6203881502151489
                ],
                [
                    1.4901162970204496e-08,
                    0.38976332545280457,
                    -0.9209150075912476,
                    -3.712327241897583
                ],
                [
                    0.0,
                    0.0,
                    0.0,
                    1.0
                ]
            ]
        },
        {
            "file_path": "/data/shapenet_blender/all_50_random/02958343/38f9aa4c68327bec760191d847b7480/r_12",
            "rotation": 0.12566370614359174,
            "transform_matrix": [
                [
                    0.7165262699127197,
                    0.057717204093933105,
                    0.6951682567596436,
                    2.8023128509521484
                ],
                [
                    0.69756019115448,
                    -0.059286486357450485,
                    -0.7140693068504333,
                    -2.8785054683685303
                ],
                [
                    0.0,
                    0.9965709447860718,
                    -0.08274155110120773,
                    -0.3335418701171875
                ],
                [
                    0.0,
                    0.0,
                    0.0,
                    1.0
                ]
            ]
        },
        {
            "file_path": "/data/shapenet_blender/all_50_random/02958343/38f9aa4c68327bec760191d847b7480/r_13",
            "rotation": 0.12566370614359174,
            "transform_matrix": [
                [
                    0.557601809501648,
                    -0.15990431606769562,
                    -0.8145617246627808,
                    -3.2836036682128906
                ],
                [
                    -0.8301087021827698,
                    -0.10741115361452103,
                    -0.5471585392951965,
                    -2.2056667804718018
                ],
                [
                    7.450581485102248e-09,
                    0.9812713265419006,
                    -0.1926305890083313,
                    -0.7765188217163086
                ],
                [
                    0.0,
                    0.0,
                    0.0,
                    1.0
                ]
            ]
        },
        {
            "file_path": "/data/shapenet_blender/all_50_random/02958343/38f9aa4c68327bec760191d847b7480/r_14",
            "rotation": 0.12566370614359174,
            "transform_matrix": [
                [
                    0.6604045629501343,
                    0.019119536504149437,
                    0.7506664991378784,
                    3.026033401489258
                ],
                [
                    0.7509099245071411,
                    -0.016815107315778732,
                    -0.6601905226707458,
                    -2.661313056945801
                ],
                [
                    9.313225746154785e-10,
                    0.9996756911277771,
                    -0.025461826473474503,
                    -0.10263990610837936
                ],
                [
                    0.0,
                    0.0,
                    0.0,
                    1.0
                ]
            ]
        },
        {
            "file_path": "/data/shapenet_blender/all_50_random/02958343/38f9aa4c68327bec760191d847b7480/r_15",
            "rotation": 0.12566370614359174,
            "transform_matrix": [
                [
                    -0.5984174013137817,
                    0.2869098484516144,
                    -0.748050332069397,
                    -3.0154876708984375
                ],
                [
                    -0.8011845946311951,
                    -0.21429751813411713,
                    0.5587306022644043,
                    2.2523152828216553
                ],
                [
                    0.0,
                    0.9336804747581482,
                    0.3581070303916931,
                    1.4435757398605347
                ],
                [
                    0.0,
                    0.0,
                    0.0,
                    1.0
                ]
            ]
        },
        {
            "file_path": "/data/shapenet_blender/all_50_random/02958343/38f9aa4c68327bec760191d847b7480/r_16",
            "rotation": 0.12566370614359174,
            "transform_matrix": [
                [
                    -0.9001707434654236,
                    -0.08709949254989624,
                    0.4267391264438629,
                    1.720240592956543
                ],
                [
                    0.4355372190475464,
                    -0.18001773953437805,
                    0.8819868564605713,
                    3.555402994155884
                ],
                [
                    7.450580596923828e-09,
                    0.9797996282577515,
                    0.19998174905776978,
                    0.8061522841453552
                ],
                [
                    0.0,
                    0.0,
                    0.0,
                    1.0
                ]
            ]
        },
        {
            "file_path": "/data/shapenet_blender/all_50_random/02958343/38f9aa4c68327bec760191d847b7480/r_17",
            "rotation": 0.12566370614359174,
            "transform_matrix": [
                [
                    -0.6003006100654602,
                    0.48570534586906433,
                    -0.6353970766067505,
                    -2.5613675117492676
                ],
                [
                    -0.7997745275497437,
                    -0.36456429958343506,
                    0.4769209921360016,
                    1.9225300550460815
                ],
                [
                    -1.4901162970204496e-08,
                    0.7944703102111816,
                    0.6073029637336731,
                    2.4481165409088135
                ],
                [
                    0.0,
                    0.0,
                    0.0,
                    1.0
                ]
            ]
        },
        {
            "file_path": "/data/shapenet_blender/all_50_random/02958343/38f9aa4c68327bec760191d847b7480/r_18",
            "rotation": 0.12566370614359174,
            "transform_matrix": [
                [
                    -0.15069222450256348,
                    -0.45404985547065735,
                    -0.8781404495239258,
                    -3.5398969650268555
                ],
                [
                    -0.9885807633399963,
                    0.06921212375164032,
                    0.13385747373104095,
                    0.539596676826477
                ],
                [
                    3.725290298461914e-09,
                    0.888283908367157,
                    -0.45929473638534546,
                    -1.8514760732650757
                ],
                [
                    0.0,
                    0.0,
                    0.0,
                    1.0
                ]
            ]
        },
        {
            "file_path": "/data/shapenet_blender/all_50_random/02958343/38f9aa4c68327bec760191d847b7480/r_19",
            "rotation": 0.12566370614359174,
            "transform_matrix": [
                [
                    0.999984085559845,
                    -0.0003632774169091135,
                    -0.005637227091938257,
                    -0.022724390029907227
                ],
                [
                    -0.005648920778185129,
                    -0.06430814415216446,
                    -0.9979140758514404,
                    -4.0227203369140625
                ],
                [
                    2.9103833926180656e-11,
                    0.9979299902915955,
                    -0.06430917233228683,
                    -0.2592385709285736
                ],
                [
                    0.0,
                    0.0,
                    0.0,
                    1.0
                ]
            ]
        },
        {
            "file_path": "/data/shapenet_blender/all_50_random/02958343/38f9aa4c68327bec760191d847b7480/r_20",
            "rotation": 0.12566370614359174,
            "transform_matrix": [
                [
                    -0.9996021389961243,
                    -0.011488384567201138,
                    -0.025759315118193626,
                    -0.10383910685777664
                ],
                [
                    -0.028205053880810738,
                    0.4071544408798218,
                    0.9129238128662109,
                    3.6801130771636963
                ],
                [
                    -9.313224635931761e-10,
                    0.9132870435714722,
                    -0.40731656551361084,
                    -1.6419453620910645
                ],
                [
                    0.0,
                    0.0,
                    0.0,
                    1.0
                ]
            ]
        },
        {
            "file_path": "/data/shapenet_blender/all_50_random/02958343/38f9aa4c68327bec760191d847b7480/r_21",
            "rotation": 0.12566370614359174,
            "transform_matrix": [
                [
                    0.99755859375,
                    -0.007778811734169722,
                    -0.06939975917339325,
                    -0.27975940704345703
                ],
                [
                    -0.06983435899019241,
                    -0.11111751943826675,
                    -0.991350531578064,
                    -3.9962620735168457
                ],
                [
                    -4.656613428188905e-10,
                    0.9937766790390015,
                    -0.11138946563005447,
                    -0.44902533292770386
                ],
                [
                    0.0,
                    0.0,
                    0.0,
                    1.0
                ]
            ]
        },
        {
            "file_path": "/data/shapenet_blender/all_50_random/02958343/38f9aa4c68327bec760191d847b7480/r_22",
            "rotation": 0.12566370614359174,
            "transform_matrix": [
                [
                    0.1890152245759964,
                    0.5951816439628601,
                    0.7810453772544861,
                    3.1484949588775635
                ],
                [
                    0.981974184513092,
                    -0.11456349492073059,
                    -0.15033945441246033,
                    -0.6060377955436707
                ],
                [
                    7.450580596923828e-09,
                    0.7953829169273376,
                    -0.6061071753501892,
                    -2.443296432495117
                ],
                [
                    0.0,
                    0.0,
                    0.0,
                    1.0
                ]
            ]
        },
        {
            "file_path": "/data/shapenet_blender/all_50_random/02958343/38f9aa4c68327bec760191d847b7480/r_23",
            "rotation": 0.12566370614359174,
            "transform_matrix": [
                [
                    -0.408202201128006,
                    -0.19580017030239105,
                    0.8916463255882263,
                    3.594341516494751
                ],
                [
                    0.9128915667533875,
                    -0.08755262941122055,
                    0.39870232343673706,
                    1.6072206497192383
                ],
                [
                    0.0,
                    0.9767276048660278,
                    0.21448348462581635,
                    0.8646106719970703
                ],
                [
                    0.0,
                    0.0,
                    0.0,
                    1.0
                ]
            ]
        },
        {
            "file_path": "/data/shapenet_blender/all_50_random/02958343/38f9aa4c68327bec760191d847b7480/r_24",
            "rotation": 0.12566370614359174,
            "transform_matrix": [
                [
                    -0.4712746739387512,
                    0.16628557443618774,
                    -0.8661693334579468,
                    -3.491640329360962
                ],
                [
                    -0.8819866180419922,
                    -0.08885189890861511,
                    0.46282297372817993,
                    1.865699052810669
                ],
                [
                    0.0,
                    0.9820664525032043,
                    0.18853527307510376,
                    0.7600100040435791
                ],
                [
                    0.0,
                    0.0,
                    0.0,
                    1.0
                ]
            ]
        },
        {
            "file_path": "/data/shapenet_blender/all_50_random/02958343/38f9aa4c68327bec760191d847b7480/r_25",
            "rotation": 0.12566370614359174,
            "transform_matrix": [
                [
                    0.15823215246200562,
                    -0.5194055438041687,
                    0.8397501707077026,
                    3.385141372680664
                ],
                [
                    0.9874019622802734,
                    0.08323526382446289,
                    -0.13457080721855164,
                    -0.5424723625183105
                ],
                [
                    0.0,
                    0.8504643440246582,
                    0.5260325074195862,
                    2.1205050945281982
                ],
                [
                    0.0,
                    0.0,
                    0.0,
                    1.0
                ]
            ]
        },
        {
            "file_path": "/data/shapenet_blender/all_50_random/02958343/38f9aa4c68327bec760191d847b7480/r_26",
            "rotation": 0.12566370614359174,
            "transform_matrix": [
                [
                    -0.5693936347961426,
                    -0.6016207933425903,
                    0.5602171421051025,
                    2.258307456970215
                ],
                [
                    0.8220648765563965,
                    -0.4167056083679199,
                    0.3880278468132019,
                    1.5641902685165405
                ],
                [
                    1.4901160305669237e-08,
                    0.6814754009246826,
                    0.731840968132019,
                    2.9501452445983887
                ],
                [
                    0.0,
                    0.0,
                    0.0,
                    1.0
                ]
            ]
        },
        {
            "file_path": "/data/shapenet_blender/all_50_random/02958343/38f9aa4c68327bec760191d847b7480/r_27",
            "rotation": 0.12566370614359174,
            "transform_matrix": [
                [
                    -0.9452592134475708,
                    -0.11573842167854309,
                    0.30510589480400085,
                    1.2299212217330933
                ],
                [
                    0.3263203799724579,
                    -0.3352619409561157,
                    0.8838067054748535,
                    3.5627388954162598
                ],
                [
                    0.0,
                    0.9349887371063232,
                    0.3546772599220276,
                    1.4297497272491455
                ],
                [
                    0.0,
                    0.0,
                    0.0,
                    1.0
                ]
            ]
        },
        {
            "file_path": "/data/shapenet_blender/all_50_random/02958343/38f9aa4c68327bec760191d847b7480/r_28",
            "rotation": 0.12566370614359174,
            "transform_matrix": [
                [
                    0.036931321024894714,
                    -0.9971910715103149,
                    0.0651601180434227,
                    0.2626688778400421
                ],
                [
                    0.9993177652359009,
                    0.036852724850177765,
                    -0.002408092375844717,
                    -0.009707331657409668
                ],
                [
                    2.3283064365386963e-10,
                    0.06520487368106842,
                    0.9978718161582947,
                    4.022550106048584
                ],
                [
                    0.0,
                    0.0,
                    0.0,
                    1.0
                ]
            ]
        },
        {
            "file_path": "/data/shapenet_blender/all_50_random/02958343/38f9aa4c68327bec760191d847b7480/r_29",
            "rotation": 0.12566370614359174,
            "transform_matrix": [
                [
                    -0.485594779253006,
                    0.377186119556427,
                    0.7886242866516113,
                    3.179046154022217
                ],
                [
                    0.8741840124130249,
                    0.20952065289020538,
                    0.438067764043808,
                    1.765907645225525
                ],
                [
                    0.0,
                    0.9021260738372803,
                    -0.4314722716808319,
                    -1.7393203973770142
                ],
                [
                    0.0,
                    0.0,
                    0.0,
                    1.0
                ]
            ]
        },
        {
            "file_path": "/data/shapenet_blender/all_50_random/02958343/38f9aa4c68327bec760191d847b7480/r_30",
            "rotation": 0.12566370614359174,
            "transform_matrix": [
                [
                    -0.38418471813201904,
                    0.09810369461774826,
                    -0.918029248714447,
                    -3.7006943225860596
                ],
                [
                    -0.9232562184333801,
                    -0.040822841227054596,
                    0.38200968503952026,
                    1.5399303436279297
                ],
                [
                    0.0,
                    0.9943384528160095,
                    0.10625836253166199,
                    0.4283411502838135
                ],
                [
                    0.0,
                    0.0,
                    0.0,
                    1.0
                ]
            ]
        },
        {
            "file_path": "/data/shapenet_blender/all_50_random/02958343/38f9aa4c68327bec760191d847b7480/r_31",
            "rotation": 0.12566370614359174,
            "transform_matrix": [
                [
                    -0.870719313621521,
                    0.2722482979297638,
                    0.40954697132110596,
                    1.6509366035461426
                ],
                [
                    0.4917803108692169,
                    0.48202797770500183,
                    0.7251214385032654,
                    2.923058032989502
                ],
                [
                    -1.4901161193847656e-08,
                    0.8327843546867371,
                    -0.5535974502563477,
                    -2.2316226959228516
                ],
                [
                    0.0,
                    0.0,
                    0.0,
                    1.0
                ]
            ]
        },
        {
            "file_path": "/data/shapenet_blender/all_50_random/02958343/38f9aa4c68327bec760191d847b7480/r_32",
            "rotation": 0.12566370614359174,
            "transform_matrix": [
                [
                    -0.19221217930316925,
                    0.1960391253232956,
                    0.9615733027458191,
                    3.8762259483337402
                ],
                [
                    0.9813534617424011,
                    0.03839707747101784,
                    0.18833793699741364,
                    0.7592145204544067
                ],
                [
                    0.0,
                    0.9798440933227539,
                    -0.19976405799388885,
                    -0.8052746653556824
                ],
                [
                    0.0,
                    0.0,
                    0.0,
                    1.0
                ]
            ]
        },
        {
            "file_path": "/data/shapenet_blender/all_50_random/02958343/38f9aa4c68327bec760191d847b7480/r_33",
            "rotation": 0.12566370614359174,
            "transform_matrix": [
                [
                    -0.12213142961263657,
                    -0.9382443428039551,
                    -0.3236996531486511,
                    -1.3048748970031738
                ],
                [
                    -0.9925139546394348,
                    0.11545341461896896,
                    0.039832085371017456,
                    0.1605682522058487
                ],
                [
                    3.725290076417309e-09,
                    0.32614120841026306,
                    -0.9453211426734924,
                    -3.810710906982422
                ],
                [
                    0.0,
                    0.0,
                    0.0,
                    1.0
                ]
            ]
        },
        {
            "file_path": "/data/shapenet_blender/all_50_random/02958343/38f9aa4c68327bec760191d847b7480/r_34",
            "rotation": 0.12566370614359174,
            "transform_matrix": [
                [
                    0.774652898311615,
                    -0.337929904460907,
                    0.5345243811607361,
                    2.1547367572784424
                ],
                [
                    0.6323867440223694,
                    0.4139529764652252,
                    -0.6547747254371643,
                    -2.63948130607605
                ],
                [
                    1.4901161193847656e-08,
                    0.8452492356300354,
                    0.5343722701072693,
                    2.154123544692993
                ],
                [
                    0.0,
                    0.0,
                    0.0,
                    1.0
                ]
            ]
        },
        {
            "file_path": "/data/shapenet_blender/all_50_random/02958343/38f9aa4c68327bec760191d847b7480/r_35",
            "rotation": 0.12566370614359174,
            "transform_matrix": [
                [
                    -0.6469303965568542,
                    -0.48608118295669556,
                    0.5875424742698669,
                    2.368459463119507
                ],
                [
                    0.7625489830970764,
                    -0.4123809337615967,
                    0.4984585642814636,
                    2.0093507766723633
                ],
                [
                    -1.4901159417490817e-08,
                    0.7704978585243225,
                    0.6374425292015076,
                    2.569612979888916
                ],
                [
                    0.0,
                    0.0,
                    0.0,
                    1.0
                ]
            ]
        },
        {
            "file_path": "/data/shapenet_blender/all_50_random/02958343/38f9aa4c68327bec760191d847b7480/r_36",
            "rotation": 0.12566370614359174,
            "transform_matrix": [
                [
                    0.6752387881278992,
                    -0.5291499495506287,
                    -0.5138607025146484,
                    -2.071439027786255
                ],
                [
                    -0.7375991344451904,
                    -0.48441293835639954,
                    -0.4704163074493408,
                    -1.8963088989257812
                ],
                [
                    -1.4901161193847656e-08,
                    0.6966665983200073,
                    -0.7173949480056763,
                    -2.891911745071411
                ],
                [
                    0.0,
                    0.0,
                    0.0,
                    1.0
                ]
            ]
        },
        {
            "file_path": "/data/shapenet_blender/all_50_random/02958343/38f9aa4c68327bec760191d847b7480/r_37",
            "rotation": 0.12566370614359174,
            "transform_matrix": [
                [
                    -0.6767065525054932,
                    0.2976401448249817,
                    -0.6734081506729126,
                    -2.714595079421997
                ],
                [
                    -0.7362528443336487,
                    -0.2735677659511566,
                    0.6189445853233337,
                    2.4950454235076904
                ],
                [
                    -1.4901161193847656e-08,
                    0.9146425127983093,
                    0.40426352620124817,
                    1.629638433456421
                ],
                [
                    0.0,
                    0.0,
                    0.0,
                    1.0
                ]
            ]
        },
        {
            "file_path": "/data/shapenet_blender/all_50_random/02958343/38f9aa4c68327bec760191d847b7480/r_38",
            "rotation": 0.12566370614359174,
            "transform_matrix": [
                [
                    0.7971192598342896,
                    0.018301164731383324,
                    0.6035445928573608,
                    2.4329657554626465
                ],
                [
                    0.6038219928741455,
                    -0.024159789085388184,
                    -0.7967530488967896,
                    -3.2118139266967773
                ],
                [
                    9.313225746154785e-10,
                    0.9995405673980713,
                    -0.030308879911899567,
                    -0.12217898666858673
                ],
                [
                    0.0,
                    0.0,
                    0.0,
                    1.0
                ]
            ]
        },
        {
            "file_path": "/data/shapenet_blender/all_50_random/02958343/38f9aa4c68327bec760191d847b7480/r_39",
            "rotation": 0.12566370614359174,
            "transform_matrix": [
                [
                    0.1765945702791214,
                    0.020515911281108856,
                    0.9840698838233948,
                    3.9669125080108643
                ],
                [
                    0.9842836856842041,
                    -0.003680847818031907,
                    -0.17655619978904724,
                    -0.7117208242416382
                ],
                [
                    0.0,
                    0.9997826814651489,
                    -0.020843496546149254,
                    -0.08402281999588013
                ],
                [
                    0.0,
                    0.0,
                    0.0,
                    1.0
                ]
            ]
        },
        {
            "file_path": "/data/shapenet_blender/all_50_random/02958343/38f9aa4c68327bec760191d847b7480/r_40",
            "rotation": 0.12566370614359174,
            "transform_matrix": [
                [
                    -0.23154577612876892,
                    0.17370255291461945,
                    0.9571906924247742,
                    3.8585588932037354
                ],
                [
                    0.9728240966796875,
                    0.04134364426136017,
                    0.22782480716705322,
                    0.9183911085128784
                ],
                [
                    -3.725290298461914e-09,
                    0.9839298725128174,
                    -0.178554967045784,
                    -0.7197780609130859
                ],
                [
                    0.0,
                    0.0,
                    0.0,
                    1.0
                ]
            ]
        },
        {
            "file_path": "/data/shapenet_blender/all_50_random/02958343/38f9aa4c68327bec760191d847b7480/r_41",
            "rotation": 0.12566370614359174,
            "transform_matrix": [
                [
                    -0.9959374666213989,
                    -0.02760712429881096,
                    0.08571123331785202,
                    0.3455130457878113
                ],
                [
                    0.09004759043455124,
                    -0.30533820390701294,
                    0.94797682762146,
