{
    "class": "02958343",
    "model": "494e45d11299de95c571e4850ce1413",
    "remove_doubles": true,
    "edge_split": true,
    "denoise": true,
    "camera_angle_x": 0.6911112070083618,
    "scale_factor": 2.2669799707865077,
    "hdri_file": "/data/IndoorHDRDataset2018/9C4A0034-a460e29cd9.exr",
    "center_offset": [
        0.0,
        0.0,
        -4.190951585769653e-09
    ],
    "lights": [],
    "frames": [
        {
            "file_path": "/data/shapenet_blender/all_50_random/02958343/494e45d11299de95c571e4850ce1413/r_0",
            "rotation": 0.12566370614359174,
            "transform_matrix": [
                [
                    0.8185444474220276,
                    -0.022200705483555794,
                    0.5740142464637756,
                    2.3139255046844482
                ],
                [
                    0.5744434595108032,
                    0.03163455054163933,
                    -0.8179327845573425,
                    -3.2971925735473633
                ],
                [
                    1.862645371275562e-09,
                    0.9992528557777405,
                    0.03864733502268791,
                    0.15579238533973694
                ],
                [
                    0.0,
                    0.0,
                    0.0,
                    1.0
                ]
            ]
        },
        {
            "file_path": "/data/shapenet_blender/all_50_random/02958343/494e45d11299de95c571e4850ce1413/r_1",
            "rotation": 0.12566370614359174,
            "transform_matrix": [
                [
                    -0.9622974991798401,
                    -0.12958326935768127,
                    0.23914788663387299,
                    0.9640359878540039
                ],
                [
                    0.2719991207122803,
                    -0.45844870805740356,
                    0.8460740447044373,
                    3.4106335639953613
                ],
                [
                    -7.450580152834618e-09,
                    0.8792229294776917,
                    0.47641056776046753,
                    1.9204723834991455
                ],
                [
                    0.0,
                    0.0,
                    0.0,
                    1.0
                ]
            ]
        },
        {
            "file_path": "/data/shapenet_blender/all_50_random/02958343/494e45d11299de95c571e4850ce1413/r_2",
            "rotation": 0.12566370614359174,
            "transform_matrix": [
                [
                    0.211709126830101,
                    -0.0061412681825459,
                    0.9773135185241699,
                    3.939676284790039
                ],
                [
                    0.9773327112197876,
                    0.0013303171144798398,
                    -0.21170495450496674,
                    -0.8534098863601685
                ],
                [
                    0.0,
                    0.9999802708625793,
                    0.006283703725785017,
                    0.02533041685819626
                ],
                [
                    0.0,
                    0.0,
                    0.0,
                    1.0
                ]
            ]
        },
        {
            "file_path": "/data/shapenet_blender/all_50_random/02958343/494e45d11299de95c571e4850ce1413/r_3",
            "rotation": 0.12566370614359174,
            "transform_matrix": [
                [
                    -0.809577226638794,
                    0.1005968526005745,
                    0.5783295631408691,
                    2.3313210010528564
                ],
                [
                    0.5870134830474854,
                    0.1387377232313156,
                    0.7976008057594299,
                    3.2152316570281982
                ],
                [
                    0.0,
                    0.9852066040039062,
                    -0.17137062549591064,
                    -0.69081711769104
                ],
                [
                    0.0,
                    0.0,
                    0.0,
                    1.0
                ]
            ]
        },
        {
            "file_path": "/data/shapenet_blender/all_50_random/02958343/494e45d11299de95c571e4850ce1413/r_4",
            "rotation": 0.12566370614359174,
            "transform_matrix": [
                [
                    -0.1960466206073761,
                    0.12680445611476898,
                    -0.9723612070083618,
                    -3.9197134971618652
                ],
                [
                    -0.9805945754051208,
                    -0.025351542979478836,
                    0.19440056383609772,
                    0.783653736114502
                ],
                [
                    0.0,
                    0.9916037321090698,
                    0.12931384146213531,
                    0.5212807655334473
                ],
                [
                    0.0,
                    0.0,
                    0.0,
                    1.0
                ]
            ]
        },
        {
            "file_path": "/data/shapenet_blender/all_50_random/02958343/494e45d11299de95c571e4850ce1413/r_5",
            "rotation": 0.12566370614359174,
            "transform_matrix": [
                [
                    0.9526371955871582,
                    -0.008855445310473442,
                    -0.3039799630641937,
                    -1.2253825664520264
                ],
                [
                    -0.3041089177131653,
                    -0.027740146964788437,
                    -0.9522331953048706,
                    -3.8385751247406006
                ],
                [
                    0.0,
                    0.9995759129524231,
                    -0.02911931648850441,
                    -0.11738372594118118
                ],
                [
                    0.0,
                    0.0,
                    0.0,
                    1.0
                ]
            ]
        },
        {
            "file_path": "/data/shapenet_blender/all_50_random/02958343/494e45d11299de95c571e4850ce1413/r_6",
            "rotation": 0.12566370614359174,
            "transform_matrix": [
                [
                    0.5856510400772095,
                    0.6210266947746277,
                    -0.5209017395973206,
                    -2.0998222827911377
                ],
                [
                    -0.8105634450912476,
                    0.44870632886886597,
                    -0.37636372447013855,
                    -1.517170786857605
                ],
                [
                    1.4901162970204496e-08,
                    0.6426416635513306,
                    0.7661667466163635,
                    3.088517189025879
                ],
                [
                    0.0,
                    0.0,
                    0.0,
                    1.0
                ]
            ]
        },
        {
            "file_path": "/data/shapenet_blender/all_50_random/02958343/494e45d11299de95c571e4850ce1413/r_7",
            "rotation": 0.12566370614359174,
            "transform_matrix": [
                [
                    -0.6340944766998291,
                    -0.40372300148010254,
                    -0.6594935655593872,
                    -2.658503770828247
                ],
                [
                    -0.7732555270195007,
                    0.3310658931732178,
                    0.540805995464325,
                    2.1800589561462402
                ],
                [
                    0.0,
                    0.8528791666030884,
                    -0.5221080780029297,
                    -2.1046853065490723
                ],
                [
                    0.0,
                    0.0,
                    0.0,
                    1.0
                ]
            ]
        },
        {
            "file_path": "/data/shapenet_blender/all_50_random/02958343/494e45d11299de95c571e4850ce1413/r_8",
            "rotation": 0.12566370614359174,
            "transform_matrix": [
                [
                    0.9262998700141907,
                    0.1215483620762825,
                    -0.35664334893226624,
                    -1.4376754760742188
                ],
                [
                    -0.37678709626197815,
                    0.29881659150123596,
                    -0.8767781853675842,
                    -3.5344061851501465
                ],
                [
                    0.0,
                    0.9465382099151611,
                    0.3225916028022766,
                    1.3004084825515747
                ],
                [
                    0.0,
                    0.0,
                    0.0,
                    1.0
                ]
            ]
        },
        {
            "file_path": "/data/shapenet_blender/all_50_random/02958343/494e45d11299de95c571e4850ce1413/r_9",
            "rotation": 0.12566370614359174,
            "transform_matrix": [
                [
                    -0.07227908819913864,
                    0.24202339351177216,
                    0.967574417591095,
                    3.9004175662994385
                ],
                [
                    0.9973844885826111,
                    0.01753910258412361,
                    0.07011879235506058,
                    0.2826579213142395
                ],
                [
                    0.0,
                    0.9701117873191833,
                    -0.2426580935716629,
                    -0.9781861305236816
                ],
                [
                    0.0,
                    0.0,
                    0.0,
                    1.0
                ]
            ]
        },
        {
            "file_path": "/data/shapenet_blender/all_50_random/02958343/494e45d11299de95c571e4850ce1413/r_10",
            "rotation": 0.12566370614359174,
            "transform_matrix": [
                [
                    -0.7499156594276428,
                    -0.016208643093705177,
                    -0.661334753036499,
                    -2.6659257411956787
                ],
                [
                    -0.6615333557128906,
                    0.018374154344201088,
                    0.7496905326843262,
                    3.022099256515503
                ],
                [
                    0.0,
                    0.9996997117996216,
                    -0.024501627311110497,
                    -0.09876921772956848
                ],
                [
                    0.0,
                    0.0,
                    0.0,
                    1.0
                ]
            ]
        },
        {
            "file_path": "/data/shapenet_blender/all_50_random/02958343/494e45d11299de95c571e4850ce1413/r_11",
            "rotation": 0.12566370614359174,
            "transform_matrix": [
                [
                    -0.7507604360580444,
                    0.42073145508766174,
                    -0.5092580914497375,
                    -2.052885055541992
                ],
                [
                    -0.6605746150016785,
                    -0.4781723916530609,
                    0.578785240650177,
                    2.333158016204834
                ],
                [
                    -1.4901162970204496e-08,
                    0.7709319591522217,
                    0.6369174122810364,
                    2.5674962997436523
                ],
                [
                    0.0,
                    0.0,
                    0.0,
                    1.0
                ]
            ]
        },
        {
            "file_path": "/data/shapenet_blender/all_50_random/02958343/494e45d11299de95c571e4850ce1413/r_12",
            "rotation": 0.12566370614359174,
            "transform_matrix": [
                [
                    -0.6101923584938049,
                    0.3132164478302002,
                    -0.7277092337608337,
                    -2.9334897994995117
                ],
                [
                    -0.792253315448761,
                    -0.24123887717723846,
                    0.5604805946350098,
                    2.2593696117401123
                ],
                [
                    -1.4901161193847656e-08,
                    0.9185310006141663,
                    0.3953489065170288,
                    1.5937024354934692
                ],
                [
                    0.0,
                    0.0,
                    0.0,
                    1.0
                ]
            ]
        },
        {
            "file_path": "/data/shapenet_blender/all_50_random/02958343/494e45d11299de95c571e4850ce1413/r_13",
            "rotation": 0.12566370614359174,
            "transform_matrix": [
                [
                    -0.2903490662574768,
                    -0.5003551244735718,
                    -0.8156851530075073,
                    -3.2881319522857666
                ],
                [
                    -0.956920862197876,
                    0.15181782841682434,
                    0.24749529361724854,
                    0.997685432434082
                ],
                [
                    7.450580596923828e-09,
                    0.8524060845375061,
                    -0.5228803753852844,
                    -2.1077980995178223
                ],
                [
                    0.0,
                    0.0,
                    0.0,
                    1.0
                ]
            ]
        },
        {
            "file_path": "/data/shapenet_blender/all_50_random/02958343/494e45d11299de95c571e4850ce1413/r_14",
            "rotation": 0.12566370614359174,
            "transform_matrix": [
                [
                    -0.9583629965782166,
                    -0.018432186916470528,
                    0.28495705127716064,
                    1.1486986875534058
                ],
                [
                    0.2855525612831116,
                    -0.0618615560233593,
                    0.9563643336296082,
                    3.8552281856536865
                ],
                [
                    0.0,
                    0.9979144930839539,
                    0.06454918533563614,
                    0.2602061331272125
                ],
                [
                    0.0,
                    0.0,
                    0.0,
                    1.0
                ]
            ]
        },
        {
            "file_path": "/data/shapenet_blender/all_50_random/02958343/494e45d11299de95c571e4850ce1413/r_15",
            "rotation": 0.12566370614359174,
            "transform_matrix": [
                [
                    -0.9741833209991455,
                    0.1378416270017624,
                    0.17879220843315125,
                    0.7207344174385071
                ],
                [
                    0.22575867176055908,
                    0.5948078036308289,
                    0.7715158462524414,
                    3.110079765319824
                ],
                [
                    0.0,
                    0.791961669921875,
                    -0.6105707883834839,
                    -2.461289644241333
                ],
                [
                    0.0,
                    0.0,
                    0.0,
                    1.0
                ]
            ]
        },
        {
            "file_path": "/data/shapenet_blender/all_50_random/02958343/494e45d11299de95c571e4850ce1413/r_16",
            "rotation": 0.12566370614359174,
            "transform_matrix": [
                [
                    -0.9980023503303528,
                    0.006527245976030827,
                    -0.06283892691135406,
                    -0.25331181287765503
                ],
                [
                    -0.06317702680826187,
                    -0.10311037302017212,
                    0.9926615357398987,
                    4.001546382904053
                ],
                [
                    0.0,
                    0.9946484565734863,
                    0.1033167690038681,
                    0.41648319363594055
                ],
                [
                    0.0,
                    0.0,
                    0.0,
                    1.0
                ]
            ]
        },
        {
            "file_path": "/data/shapenet_blender/all_50_random/02958343/494e45d11299de95c571e4850ce1413/r_17",
            "rotation": 0.12566370614359174,
            "transform_matrix": [
                [
                    0.9484766721725464,
                    -0.21816101670265198,
                    -0.22977755963802338,
                    -0.9262630939483643
                ],
                [
                    -0.31684690713882446,
                    -0.6530618667602539,
                    -0.6878358721733093,
                    -2.7727553844451904
                ],
                [
                    0.0,
                    0.7252005934715271,
                    -0.6885375380516052,
                    -2.7755837440490723
                ],
                [
                    0.0,
                    0.0,
                    0.0,
                    1.0
                ]
            ]
        },
        {
            "file_path": "/data/shapenet_blender/all_50_random/02958343/494e45d11299de95c571e4850ce1413/r_18",
            "rotation": 0.12566370614359174,
            "transform_matrix": [
                [
                    0.9075324535369873,
                    0.08698133379220963,
                    -0.41087594628334045,
                    -1.6562938690185547
                ],
                [
                    -0.41998186707496643,
                    0.18795664608478546,
                    -0.887855589389801,
                    -3.5790600776672363
                ],
                [
                    0.0,
                    0.9783182144165039,
                    0.2071073353290558,
                    0.8348763585090637
                ],
                [
                    0.0,
                    0.0,
                    0.0,
                    1.0
                ]
            ]
        },
        {
            "file_path": "/data/shapenet_blender/all_50_random/02958343/494e45d11299de95c571e4850ce1413/r_19",
            "rotation": 0.12566370614359174,
            "transform_matrix": [
                [
                    -0.5353182554244995,
                    0.307708203792572,
                    -0.7866066098213196,
                    -3.170912742614746
                ],
                [
                    -0.8446504473686218,
                    -0.1950177252292633,
                    0.4985315501689911,
                    2.0096449851989746
                ],
                [
                    1.4901162970204496e-08,
                    0.9312806725502014,
                    0.364302396774292,
                    1.4685499668121338
                ],
                [
                    0.0,
                    0.0,
                    0.0,
                    1.0
                ]
            ]
        },
        {
            "file_path": "/data/shapenet_blender/all_50_random/02958343/494e45d11299de95c571e4850ce1413/r_20",
            "rotation": 0.12566370614359174,
            "transform_matrix": [
                [
                    0.9859924912452698,
                    0.048351071774959564,
                    -0.159628227353096,
                    -0.643481969833374
                ],
                [
                    -0.16679029166698456,
                    0.2858307659626007,
                    -0.943653404712677,
                    -3.803988456726074
                ],
                [
                    3.725290742551124e-09,
                    0.9570595622062683,
                    0.28989142179489136,
                    1.16858971118927
                ],
                [
                    0.0,
                    0.0,
                    0.0,
                    1.0
                ]
            ]
        },
        {
            "file_path": "/data/shapenet_blender/all_50_random/02958343/494e45d11299de95c571e4850ce1413/r_21",
            "rotation": 0.12566370614359174,
            "transform_matrix": [
                [
                    -0.9885258078575134,
                    0.10894213616847992,
                    -0.10463474690914154,
                    -0.42179614305496216
                ],
                [
                    -0.15105238556861877,
                    -0.7129454612731934,
                    0.6847568154335022,
                    2.760343074798584
                ],
                [
                    0.0,
                    0.6927050948143005,
                    0.7212209105491638,
                    2.907334566116333
                ],
                [
                    0.0,
                    0.0,
                    0.0,
                    1.0
                ]
            ]
        },
        {
            "file_path": "/data/shapenet_blender/all_50_random/02958343/494e45d11299de95c571e4850ce1413/r_22",
            "rotation": 0.12566370614359174,
            "transform_matrix": [
                [
                    -0.3412662148475647,
                    -0.7074429392814636,
                    0.618919849395752,
                    2.494945764541626
                ],
                [
                    0.93996661901474,
                    -0.2568456828594208,
                    0.22470630705356598,
                    0.9058200716972351
                ],
                [
                    1.4901160305669237e-08,
                    0.6584486961364746,
                    0.752625584602356,
                    3.033930778503418
                ],
                [
                    0.0,
                    0.0,
                    0.0,
                    1.0
                ]
            ]
        },
        {
            "file_path": "/data/shapenet_blender/all_50_random/02958343/494e45d11299de95c571e4850ce1413/r_23",
            "rotation": 0.12566370614359174,
            "transform_matrix": [
                [
                    -0.9414058327674866,
                    -0.05419531464576721,
                    0.3328934907913208,
                    1.3419365882873535
                ],
                [
                    0.3372761607170105,
                    -0.1512700468301773,
                    0.9291728138923645,
                    3.7456154823303223
                ],
                [
                    0.0,
                    0.9870056509971619,
                    0.16068528592586517,
                    0.6477431058883667
                ],
                [
                    0.0,
                    0.0,
                    0.0,
                    1.0
                ]
            ]
        },
        {
            "file_path": "/data/shapenet_blender/all_50_random/02958343/494e45d11299de95c571e4850ce1413/r_24",
            "rotation": 0.12566370614359174,
            "transform_matrix": [
                [
                    -0.8738169074058533,
                    0.06577495485544205,
                    0.48178592324256897,
                    1.9421411752700806
                ],
                [
                    0.48625510931015015,
                    0.11819981783628464,
                    0.8657855987548828,
                    3.490093469619751
                ],
                [
                    3.725290298461914e-09,
                    0.99080890417099,
                    -0.1352684050798416,
                    -0.5452843904495239
                ],
                [
                    0.0,
                    0.0,
                    0.0,
                    1.0
                ]
            ]
        },
        {
            "file_path": "/data/shapenet_blender/all_50_random/02958343/494e45d11299de95c571e4850ce1413/r_25",
            "rotation": 0.12566370614359174,
            "transform_matrix": [
                [
                    0.9862872958183289,
                    0.056049495935440063,
                    -0.1552288979291916,
                    -0.6257476806640625
                ],
                [
                    -0.1650380641222,
                    0.3349584937095642,
                    -0.9276665449142456,
                    -3.7395434379577637
                ],
                [
                    0.0,
                    0.9405642747879028,
                    0.3396156132221222,
                    1.3690342903137207
                ],
                [
                    0.0,
                    0.0,
                    0.0,
                    1.0
                ]
            ]
        },
        {
            "file_path": "/data/shapenet_blender/all_50_random/02958343/494e45d11299de95c571e4850ce1413/r_26",
            "rotation": 0.12566370614359174,
            "transform_matrix": [
                [
                    0.9976687431335449,
                    -0.03948424011468887,
                    -0.05566146597266197,
                    -0.2243785411119461
                ],
                [
                    -0.06824371218681335,
                    -0.5772281885147095,
                    -0.8137263059616089,
                    -3.280235767364502
                ],
                [
                    0.0,
                    0.8156277537345886,
                    -0.5785769820213318,
                    -2.3323183059692383
                ],
                [
                    0.0,
                    0.0,
                    0.0,
                    1.0
                ]
            ]
        },
        {
            "file_path": "/data/shapenet_blender/all_50_random/02958343/494e45d11299de95c571e4850ce1413/r_27",
            "rotation": 0.12566370614359174,
            "transform_matrix": [
                [
                    -0.0672827959060669,
                    0.2969306409358978,
                    -0.9525256156921387,
                    -3.8397538661956787
                ],
                [
                    -0.9977339506149292,
                    -0.02002369798719883,
                    0.06423414498567581,
                    0.2589361369609833
                ],
                [
                    1.862645149230957e-09,
                    0.9546889662742615,
                    0.2976050078868866,
                    1.1996842622756958
                ],
                [
                    0.0,
                    0.0,
                    0.0,
                    1.0
                ]
            ]
        },
        {
            "file_path": "/data/shapenet_blender/all_50_random/02958343/494e45d11299de95c571e4850ce1413/r_28",
            "rotation": 0.12566370614359174,
            "transform_matrix": [
                [
                    0.08134934306144714,
                    -0.1681211292743683,
                    0.9824038147926331,
                    3.9601969718933105
                ],
                [
                    0.9966856241226196,
                    0.01372202392667532,
                    -0.08018366992473602,
                    -0.3232307434082031
                ],
                [
                    9.313225746154785e-10,
                    0.9856707453727722,
                    0.16868019104003906,
                    0.6799716353416443
                ],
                [
                    0.0,
                    0.0,
                    0.0,
                    1.0
                ]
            ]
        },
        {
            "file_path": "/data/shapenet_blender/all_50_random/02958343/494e45d11299de95c571e4850ce1413/r_29",
            "rotation": 0.12566370614359174,
            "transform_matrix": [
                [
                    0.9668740034103394,
                    -0.025710225105285645,
                    0.2539561092853546,
                    1.0237298011779785
                ],
                [
                    0.25525423884391785,
                    0.0973874032497406,
                    -0.9619568586349487,
                    -3.877772092819214
                ],
                [
                    1.862645149230957e-09,
                    0.9949144124984741,
                    0.1007239893078804,
                    0.40603139996528625
                ],
                [
                    0.0,
                    0.0,
                    0.0,
                    1.0
                ]
            ]
        },
        {
            "file_path": "/data/shapenet_blender/all_50_random/02958343/494e45d11299de95c571e4850ce1413/r_30",
            "rotation": 0.12566370614359174,
            "transform_matrix": [
                [
                    -0.999582827091217,
                    0.02783150225877762,
                    0.0077194711193442345,
                    0.031118184328079224
                ],
                [
                    0.0288822241127491,
                    0.9632185101509094,
                    0.26716262102127075,
                    1.0769670009613037
                ],
                [
                    -4.656612873077393e-10,
                    0.26727408170700073,
                    -0.9636205434799194,
                    -3.8844785690307617
                ],
                [
                    0.0,
                    0.0,
                    0.0,
                    1.0
                ]
            ]
        },
        {
            "file_path": "/data/shapenet_blender/all_50_random/02958343/494e45d11299de95c571e4850ce1413/r_31",
            "rotation": 0.12566370614359174,
            "transform_matrix": [
                [
                    -0.023717686533927917,
                    -0.7244912385940552,
                    -0.6888759136199951,
                    -2.7769477367401123
                ],
                [
                    -0.9997187852859497,
                    0.017188090831041336,
                    0.016343140974640846,
                    0.06588131189346313
                ],
                [
                    -9.313225746154785e-10,
                    0.6890697479248047,
                    -0.7246950268745422,
                    -2.9213390350341797
                ],
                [
                    0.0,
                    0.0,
                    0.0,
                    1.0
                ]
            ]
        },
        {
            "file_path": "/data/shapenet_blender/all_50_random/02958343/494e45d11299de95c571e4850ce1413/r_32",
            "rotation": 0.12566370614359174,
            "transform_matrix": [
                [
                    -0.8325634002685547,
                    0.2796013057231903,
                    -0.4781854450702667,
                    -1.9276270866394043
                ],
                [
                    -0.5539298057556152,
                    -0.4202442765235901,
                    0.7187186479568481,
                    2.897247552871704
                ],
                [
                    -1.4901161193847656e-08,
                    0.8632599711418152,
                    0.5047594308853149,
                    2.034750461578369
                ],
                [
                    0.0,
                    0.0,
                    0.0,
                    1.0
                ]
            ]
        },
        {
            "file_path": "/data/shapenet_blender/all_50_random/02958343/494e45d11299de95c571e4850ce1413/r_33",
            "rotation": 0.12566370614359174,
            "transform_matrix": [
                [
                    -0.5532413721084595,
                    -0.5287030339241028,
                    -0.6437366604804993,
                    -2.5949857234954834
                ],
                [
                    -0.8330209851264954,
                    0.3511320948600769,
                    0.42753034830093384,
                    1.7234300374984741
                ],
                [
                    0.0,
                    0.7727737426757812,
                    -0.6346815228462219,
                    -2.558483362197876
                ],
                [
                    0.0,
                    0.0,
                    0.0,
                    1.0
                ]
            ]
        },
        {
            "file_path": "/data/shapenet_blender/all_50_random/02958343/494e45d11299de95c571e4850ce1413/r_34",
            "rotation": 0.12566370614359174,
            "transform_matrix": [
                [
                    0.7286332845687866,
                    -0.10116855800151825,
                    -0.6773908138275146,
                    -2.730649709701538
                ],
                [
                    -0.6849039196968079,
                    -0.10762791335582733,
                    -0.7206405401229858,
                    -2.9049949645996094
                ],
                [
                    7.450580596923828e-09,
                    0.9890303611755371,
                    -0.14771203696727753,
                    -0.5954462885856628
                ],
                [
                    0.0,
                    0.0,
                    0.0,
                    1.0
                ]
            ]
        },
        {
            "file_path": "/data/shapenet_blender/all_50_random/02958343/494e45d11299de95c571e4850ce1413/r_35",
            "rotation": 0.12566370614359174,
            "transform_matrix": [
                [
                    -0.04867665097117424,
                    -0.42625653743743896,
                    0.9032917022705078,
                    3.6412854194641113
                ],
                [
                    0.998814582824707,
                    -0.02077336423099041,
                    0.04402139410376549,
                    0.17745591700077057
                ],
                [
                    1.862645149230957e-09,
                    0.904363751411438,
                    0.4267624616622925,
                    1.720334529876709
                ],
                [
                    0.0,
                    0.0,
                    0.0,
                    1.0
                ]
            ]
        },
        {
            "file_path": "/data/shapenet_blender/all_50_random/02958343/494e45d11299de95c571e4850ce1413/r_36",
            "rotation": 0.12566370614359174,
            "transform_matrix": [
                [
                    0.4727523922920227,
                    0.7141925692558289,
                    -0.5161725282669067,
                    -2.0807583332061768
                ],
                [
                    -0.8811953067779541,
                    0.3831571340560913,
                    -0.2769213914871216,
                    -1.116305947303772
                ],
                [
                    0.0,
                    0.5857641100883484,
                    0.8104814887046814,
                    3.267155647277832
                ],
                [
                    0.0,
                    0.0,
                    0.0,
                    1.0
                ]
            ]
        },
        {
            "file_path": "/data/shapenet_blender/all_50_random/02958343/494e45d11299de95c571e4850ce1413/r_37",
            "rotation": 0.12566370614359174,
            "transform_matrix": [
                [
                    0.513268768787384,
                    0.7655465602874756,
                    0.3879348933696747,
                    1.5638155937194824
                ],
                [
                    0.8582279086112976,
                    -0.4578401446342468,
                    -0.2320069968700409,
                    -0.9352501034736633
                ],
                [
                    1.4901161193847656e-08,
                    0.4520184397697449,
                    -0.8920085430145264,
                    -3.59580135345459
                ],
                [
                    0.0,
                    0.0,
                    0.0,
                    1.0
                ]
            ]
        },
        {
            "file_path": "/data/shapenet_blender/all_50_random/02958343/494e45d11299de95c571e4850ce1413/r_38",
            "rotation": 0.12566370614359174,
            "transform_matrix": [
                [
                    0.5639556050300598,
                    0.025507787242531776,
                    -0.8254110813140869,
                    -3.327338457107544
                ],
                [
                    -0.8258051872253418,
                    0.01741967722773552,
                    -0.5636864900588989,
                    -2.2722928524017334
                ],
                [
                    0.0,
                    0.9995227456092834,
                    0.03088838793337345,
                    0.12451507151126862
                ],
                [
                    0.0,
                    0.0,
                    0.0,
                    1.0
                ]
            ]
        },
        {
            "file_path": "/data/shapenet_blender/all_50_random/02958343/494e45d11299de95c571e4850ce1413/r_39",
            "rotation": 0.12566370614359174,
            "transform_matrix": [
                [
                    -0.4992144703865051,
                    -0.1566406786441803,
                    0.8522021770477295,
                    3.4353368282318115
                ],
                [
                    0.866478443145752,
                    -0.090247243642807,
                    0.4909892976284027,
                    1.979241132736206
                ],
                [
                    0.0,
                    0.9835237264633179,
                    0.18077851831912994,
                    0.7287415266036987
                ],
                [
                    0.0,
                    0.0,
                    0.0,
                    1.0
                ]
            ]
        },
        {
            "file_path": "/data/shapenet_blender/all_50_random/02958343/494e45d11299de95c571e4850ce1413/r_40",
            "rotation": 0.12566370614359174,
            "transform_matrix": [
                [
                    0.23967674374580383,
                    -0.041998397558927536,
                    -0.9699439406394958,
                    -3.909968852996826
                ],
                [
                    -0.9708527326583862,
                    -0.010368244722485542,
                    -0.23945237696170807,
                    -0.9652633666992188
                ],
                [
                    0.0,
                    0.9990638494491577,
                    -0.04325929284095764,
                    -0.17438377439975739
                ],
                [
                    0.0,
                    0.0,
                    0.0,
                    1.0
                ]
            ]
        },
        {
            "file_path": "/data/shapenet_blender/all_50_random/02958343/494e45d11299de95c571e4850ce1413/r_41",
            "rotation": 0.12566370614359174,
            "transform_matrix": [
                [
                    -0.8185739517211914,
                    0.04381168633699417,
                    0.5727278590202332,
                    2.3087399005889893
                ],
                [
                    0.5744011402130127,
                    0.06243564561009407,
                    0.8161893486976624,
                    3.2901644706726074
                ],
                [
                    -3.725290298461914e-09,
                    0.9970868825912476,
