{
    "class": "02958343",
    "model": "b0f1e8e11aea5f622fdea40a56b4c57d",
    "remove_doubles": true,
    "edge_split": true,
    "denoise": true,
    "camera_angle_x": 0.6911112070083618,
    "scale_factor": 2.489326945968116,
    "hdri_file": "/data/IndoorHDRDataset2018/9C4A0988-b071a13003.exr",
    "center_offset": [
        0.0,
        -1.862645149230957e-09,
        7.450580596923828e-09
    ],
    "lights": [],
    "frames": [
        {
            "file_path": "/data/shapenet_blender/all_50_random/02958343/b0f1e8e11aea5f622fdea40a56b4c57d/r_0",
            "rotation": 0.12566370614359174,
            "transform_matrix": [
                [
                    0.12475171685218811,
                    -0.8482212424278259,
                    -0.5147403478622437,
                    -2.0749850273132324
                ],
                [
                    -0.9921879768371582,
                    -0.1066502034664154,
                    -0.06472034007310867,
                    -0.26089605689048767
                ],
                [
                    3.725290298461914e-09,
                    0.5187931060791016,
                    -0.8548997044563293,
                    -3.446211099624634
                ],
                [
                    0.0,
                    0.0,
                    0.0,
                    1.0
                ]
            ]
        },
        {
            "file_path": "/data/shapenet_blender/all_50_random/02958343/b0f1e8e11aea5f622fdea40a56b4c57d/r_1",
            "rotation": 0.12566370614359174,
            "transform_matrix": [
                [
                    -0.9733693599700928,
                    -0.07496078312397003,
                    0.21664051711559296,
                    0.8733058571815491
                ],
                [
                    0.229242742061615,
                    -0.3182850182056427,
                    0.9198600053787231,
                    3.7080743312835693
                ],
                [
                    7.450580596923828e-09,
                    0.9450268149375916,
                    0.32699301838874817,
                    1.3181509971618652
                ],
                [
                    0.0,
                    0.0,
                    0.0,
                    1.0
                ]
            ]
        },
        {
            "file_path": "/data/shapenet_blender/all_50_random/02958343/b0f1e8e11aea5f622fdea40a56b4c57d/r_2",
            "rotation": 0.12566370614359174,
            "transform_matrix": [
                [
                    -0.9761933088302612,
                    0.12056536227464676,
                    0.18030723929405212,
                    0.7268416881561279
                ],
                [
                    0.21690253913402557,
                    0.5426174402236938,
                    0.8114922046661377,
                    3.2712295055389404
                ],
                [
                    0.0,
                    0.8312822580337524,
                    -0.5558504462242126,
                    -2.2407047748565674
                ],
                [
                    0.0,
                    0.0,
                    0.0,
                    1.0
                ]
            ]
        },
        {
            "file_path": "/data/shapenet_blender/all_50_random/02958343/b0f1e8e11aea5f622fdea40a56b4c57d/r_3",
            "rotation": 0.12566370614359174,
            "transform_matrix": [
                [
                    -0.8394739627838135,
                    -0.39457589387893677,
                    0.3736218214035034,
                    1.506117820739746
                ],
                [
                    0.5433999300003052,
                    -0.6095625162124634,
                    0.5771914720535278,
                    2.3267335891723633
                ],
                [
                    1.4901161193847656e-08,
                    0.6875633001327515,
                    0.7261243462562561,
                    2.9271011352539062
                ],
                [
                    0.0,
                    0.0,
                    0.0,
                    1.0
                ]
            ]
        },
        {
            "file_path": "/data/shapenet_blender/all_50_random/02958343/b0f1e8e11aea5f622fdea40a56b4c57d/r_4",
            "rotation": 0.12566370614359174,
            "transform_matrix": [
                [
                    -0.9720759987831116,
                    -0.11265315860509872,
                    -0.20585797727108002,
                    -0.8298399448394775
                ],
                [
                    -0.23466624319553375,
                    0.46665188670158386,
                    0.8527413606643677,
                    3.4375100135803223
                ],
                [
                    7.450580596923828e-09,
                    0.8772372603416443,
                    -0.48005709052085876,
                    -1.9351718425750732
                ],
                [
                    0.0,
                    0.0,
                    0.0,
                    1.0
                ]
            ]
        },
        {
            "file_path": "/data/shapenet_blender/all_50_random/02958343/b0f1e8e11aea5f622fdea40a56b4c57d/r_5",
            "rotation": 0.12566370614359174,
            "transform_matrix": [
                [
                    0.977679967880249,
                    0.1193472146987915,
                    0.1729104369878769,
                    0.6970243453979492
                ],
                [
                    0.21009944379329681,
                    -0.5553721189498901,
                    -0.804624080657959,
                    -3.2435436248779297
                ],
                [
                    0.0,
                    0.822993278503418,
                    -0.5680509209632874,
                    -2.289886713027954
                ],
                [
                    0.0,
                    0.0,
                    0.0,
                    1.0
                ]
            ]
        },
        {
            "file_path": "/data/shapenet_blender/all_50_random/02958343/b0f1e8e11aea5f622fdea40a56b4c57d/r_6",
            "rotation": 0.12566370614359174,
            "transform_matrix": [
                [
                    0.5870456099510193,
                    0.2220117449760437,
                    0.7785167098045349,
                    3.138301134109497
                ],
                [
                    0.809553861618042,
                    -0.16099116206169128,
                    -0.5645390748977661,
                    -2.2757298946380615
                ],
                [
                    0.0,
                    0.9616613984107971,
                    -0.2742396295070648,
                    -1.1054953336715698
                ],
                [
                    0.0,
                    0.0,
                    0.0,
                    1.0
                ]
            ]
        },
        {
            "file_path": "/data/shapenet_blender/all_50_random/02958343/b0f1e8e11aea5f622fdea40a56b4c57d/r_7",
            "rotation": 0.12566370614359174,
            "transform_matrix": [
                [
                    -0.29535236954689026,
                    0.15654036402702332,
                    0.9424765110015869,
                    3.7992446422576904
                ],
                [
                    0.9553884863853455,
                    0.04839347302913666,
                    0.2913607060909271,
                    1.1745127439498901
                ],
                [
                    3.725290742551124e-09,
                    0.9864851832389832,
                    -0.16384996473789215,
                    -0.6605004072189331
                ],
                [
                    0.0,
                    0.0,
                    0.0,
                    1.0
                ]
            ]
        },
        {
            "file_path": "/data/shapenet_blender/all_50_random/02958343/b0f1e8e11aea5f622fdea40a56b4c57d/r_8",
            "rotation": 0.12566370614359174,
            "transform_matrix": [
                [
                    0.6365033984184265,
                    -0.38460707664489746,
                    0.6685361862182617,
                    2.694955825805664
                ],
                [
                    0.7712737917900085,
                    0.31740179657936096,
                    -0.5517178773880005,
                    -2.224046230316162
                ],
                [
                    1.4901160305669237e-08,
                    0.8667949438095093,
                    0.4986647069454193,
                    2.0101819038391113
                ],
                [
                    0.0,
                    0.0,
                    0.0,
                    1.0
                ]
            ]
        },
        {
            "file_path": "/data/shapenet_blender/all_50_random/02958343/b0f1e8e11aea5f622fdea40a56b4c57d/r_9",
            "rotation": 0.12566370614359174,
            "transform_matrix": [
                [
                    -0.9539382457733154,
                    0.03776109218597412,
                    -0.29761719703674316,
                    -1.1997332572937012
                ],
                [
                    -0.30000320076942444,
                    -0.12007122486829758,
                    0.9463514089584351,
                    3.8148646354675293
                ],
                [
                    3.725290742551124e-09,
                    0.9920467734336853,
                    0.1258689910173416,
                    0.5073941349983215
                ],
                [
                    0.0,
                    0.0,
                    0.0,
                    1.0
                ]
            ]
        },
        {
            "file_path": "/data/shapenet_blender/all_50_random/02958343/b0f1e8e11aea5f622fdea40a56b4c57d/r_10",
            "rotation": 0.12566370614359174,
            "transform_matrix": [
                [
                    -0.043492261320352554,
                    -0.007085856515914202,
                    -0.9990286231040955,
                    -4.027213096618652
                ],
                [
                    -0.9990537762641907,
                    0.000308471848256886,
                    0.043491169810295105,
                    0.17531850934028625
                ],
                [
                    0.0,
                    0.9999748468399048,
                    -0.007092567626386881,
                    -0.028591055423021317
                ],
                [
                    0.0,
                    0.0,
                    0.0,
                    1.0
                ]
            ]
        },
        {
            "file_path": "/data/shapenet_blender/all_50_random/02958343/b0f1e8e11aea5f622fdea40a56b4c57d/r_11",
            "rotation": 0.12566370614359174,
            "transform_matrix": [
                [
                    -0.08687712997198105,
                    0.4560319185256958,
                    -0.8857128620147705,
                    -3.570422649383545
                ],
                [
                    -0.9962190985679626,
                    -0.03976910933852196,
                    0.0772402286529541,
                    0.3113653063774109
                ],
                [
                    -3.725290298461914e-09,
                    0.8890743851661682,
                    0.4577627182006836,
                    1.845300555229187
                ],
                [
                    0.0,
                    0.0,
                    0.0,
                    1.0
                ]
            ]
        },
        {
            "file_path": "/data/shapenet_blender/all_50_random/02958343/b0f1e8e11aea5f622fdea40a56b4c57d/r_12",
            "rotation": 0.12566370614359174,
            "transform_matrix": [
                [
                    0.12284185737371445,
                    -0.017982378602027893,
                    0.9922632575035095,
                    3.999941349029541
                ],
                [
                    0.992426335811615,
                    0.0022258467506617308,
                    -0.12282167375087738,
                    -0.49511003494262695
                ],
                [
                    -2.3283067140944524e-10,
                    0.9998357892036438,
                    0.018119610846042633,
                    0.07304249703884125
                ],
                [
                    0.0,
                    0.0,
                    0.0,
                    1.0
                ]
            ]
        },
        {
            "file_path": "/data/shapenet_blender/all_50_random/02958343/b0f1e8e11aea5f622fdea40a56b4c57d/r_13",
            "rotation": 0.12566370614359174,
            "transform_matrix": [
                [
                    0.9353438019752502,
                    -0.2281065434217453,
                    -0.27036887407302856,
                    -1.0898919105529785
                ],
                [
                    -0.3537399172782898,
                    -0.6031494140625,
                    -0.7148976922035217,
                    -2.881844997406006
                ],
                [
                    0.0,
                    0.7643153071403503,
                    -0.6448424458503723,
                    -2.599443197250366
                ],
                [
                    0.0,
                    0.0,
                    0.0,
                    1.0
                ]
            ]
        },
        {
            "file_path": "/data/shapenet_blender/all_50_random/02958343/b0f1e8e11aea5f622fdea40a56b4c57d/r_14",
            "rotation": 0.12566370614359174,
            "transform_matrix": [
                [
                    -0.9681392908096313,
                    0.028708215802907944,
                    -0.24876131117343903,
                    -1.0027889013290405
                ],
                [
                    -0.25041234493255615,
                    -0.11099113523960114,
                    0.9617559909820557,
                    3.876962423324585
                ],
                [
                    -1.862645149230957e-09,
                    0.9934066534042358,
                    0.11464376002550125,
                    0.46214377880096436
                ],
                [
                    0.0,
                    0.0,
                    0.0,
                    1.0
                ]
            ]
        },
        {
            "file_path": "/data/shapenet_blender/all_50_random/02958343/b0f1e8e11aea5f622fdea40a56b4c57d/r_15",
            "rotation": 0.12566370614359174,
            "transform_matrix": [
                [
                    -0.8195188045501709,
                    0.08305857330560684,
                    0.5670009255409241,
                    2.285654067993164
                ],
                [
                    0.5730522871017456,
                    0.11878161132335663,
                    0.8108649253845215,
                    3.2687013149261475
                ],
                [
                    0.0,
                    0.9894403219223022,
                    -0.14494065940380096,
                    -0.5842745304107666
                ],
                [
                    0.0,
                    0.0,
                    0.0,
                    1.0
                ]
            ]
        },
        {
            "file_path": "/data/shapenet_blender/all_50_random/02958343/b0f1e8e11aea5f622fdea40a56b4c57d/r_16",
            "rotation": 0.12566370614359174,
            "transform_matrix": [
                [
                    0.9843312501907349,
                    0.024514788761734962,
                    -0.1746167540550232,
                    -0.7039027214050293
                ],
                [
                    -0.17632921040058136,
                    0.13685011863708496,
                    -0.9747717380523682,
                    -3.9294307231903076
                ],
                [
                    0.0,
                    0.9902883768081665,
                    0.13902850449085236,
                    0.5604419112205505
                ],
                [
                    0.0,
                    0.0,
                    0.0,
                    1.0
                ]
            ]
        },
        {
            "file_path": "/data/shapenet_blender/all_50_random/02958343/b0f1e8e11aea5f622fdea40a56b4c57d/r_17",
            "rotation": 0.12566370614359174,
            "transform_matrix": [
                [
                    -0.16784396767616272,
                    0.28751340508461,
                    -0.9429550766944885,
                    -3.801173686981201
                ],
                [
                    -0.9858134984970093,
                    -0.048951853066682816,
                    0.1605469286441803,
                    0.6471854448318481
                ],
                [
                    -3.725290076417309e-09,
                    0.9565247893333435,
                    0.2916508615016937,
                    1.1756823062896729
                ],
                [
                    0.0,
                    0.0,
                    0.0,
                    1.0
                ]
            ]
        },
        {
            "file_path": "/data/shapenet_blender/all_50_random/02958343/b0f1e8e11aea5f622fdea40a56b4c57d/r_18",
            "rotation": 0.12566370614359174,
            "transform_matrix": [
                [
                    0.6532552242279053,
                    -0.2481144815683365,
                    0.7153298854827881,
                    2.883587121963501
                ],
                [
                    0.7571378946304321,
                    0.2140720933675766,
                    -0.6171835064888,
                    -2.4879462718963623
                ],
                [
                    0.0,
                    0.9447816014289856,
                    0.32770058512687683,
                    1.3210033178329468
                ],
                [
                    0.0,
                    0.0,
                    0.0,
                    1.0
                ]
            ]
        },
        {
            "file_path": "/data/shapenet_blender/all_50_random/02958343/b0f1e8e11aea5f622fdea40a56b4c57d/r_19",
            "rotation": 0.12566370614359174,
            "transform_matrix": [
                [
                    0.9663481712341309,
                    -0.14333917200565338,
                    0.21360042691230774,
                    0.8610508441925049
                ],
                [
                    0.2572377622127533,
                    0.5384728312492371,
                    -0.8024187088012695,
                    -3.2346532344818115
                ],
                [
                    7.450580596923828e-09,
                    0.8303619623184204,
                    0.5572243928909302,
                    2.246243476867676
                ],
                [
                    0.0,
                    0.0,
                    0.0,
                    1.0
                ]
            ]
        },
        {
            "file_path": "/data/shapenet_blender/all_50_random/02958343/b0f1e8e11aea5f622fdea40a56b4c57d/r_20",
            "rotation": 0.12566370614359174,
            "transform_matrix": [
                [
                    0.9963723421096802,
                    -0.058948710560798645,
                    -0.06137819215655327,
                    -0.24742341041564941
                ],
                [
                    -0.08510131388902664,
                    -0.6901757121086121,
                    -0.7186203002929688,
                    -2.896851062774658
                ],
                [
                    3.725290742551124e-09,
                    0.7212366461753845,
                    -0.6926886439323425,
                    -2.7923171520233154
                ],
                [
                    0.0,
                    0.0,
                    0.0,
                    1.0
                ]
            ]
        },
        {
            "file_path": "/data/shapenet_blender/all_50_random/02958343/b0f1e8e11aea5f622fdea40a56b4c57d/r_21",
            "rotation": 0.12566370614359174,
            "transform_matrix": [
                [
                    -0.9289802312850952,
                    -0.05484134703874588,
                    -0.36604395508766174,
                    -1.4755703210830688
                ],
                [
                    -0.3701293468475342,
                    0.1376451849937439,
                    0.9187262654304504,
                    3.7035040855407715
                ],
                [
                    0.0,
                    0.9889621734619141,
                    -0.14816804230213165,
                    -0.5972844958305359
                ],
                [
                    0.0,
                    0.0,
                    0.0,
                    1.0
                ]
            ]
        },
        {
            "file_path": "/data/shapenet_blender/all_50_random/02958343/b0f1e8e11aea5f622fdea40a56b4c57d/r_22",
            "rotation": 0.12566370614359174,
            "transform_matrix": [
                [
                    0.8343384265899658,
                    0.08883905410766602,
                    0.5440468192100525,
                    2.1931228637695312
                ],
                [
                    0.5512524247169495,
                    -0.13446077704429626,
                    -0.8234323859214783,
                    -3.319362163543701
                ],
                [
                    7.450580152834618e-09,
                    0.9869285225868225,
                    -0.16115854680538177,
                    -0.6496508717536926
                ],
                [
                    0.0,
                    0.0,
                    0.0,
                    1.0
                ]
            ]
        },
        {
            "file_path": "/data/shapenet_blender/all_50_random/02958343/b0f1e8e11aea5f622fdea40a56b4c57d/r_23",
            "rotation": 0.12566370614359174,
            "transform_matrix": [
                [
                    -0.6717959046363831,
                    -0.41452157497406006,
                    0.6138908267021179,
                    2.474673271179199
                ],
                [
                    0.740736186504364,
                    -0.37594208121299744,
                    0.5567560791969299,
                    2.2443556785583496
                ],
                [
                    -1.4901160305669237e-08,
                    0.8287578225135803,
                    0.5596073865890503,
                    2.255849838256836
                ],
                [
                    0.0,
                    0.0,
                    0.0,
                    1.0
                ]
            ]
        },
        {
            "file_path": "/data/shapenet_blender/all_50_random/02958343/b0f1e8e11aea5f622fdea40a56b4c57d/r_24",
            "rotation": 0.12566370614359174,
            "transform_matrix": [
                [
                    0.9640827178955078,
                    0.08399445563554764,
                    0.25197139382362366,
                    1.0157291889190674
                ],
                [
                    0.2656024396419525,
                    -0.3048827052116394,
                    -0.9146047234535217,
                    -3.6868896484375
                ],
                [
                    -7.450581485102248e-09,
                    0.9486787915229797,
                    -0.3162412643432617,
                    -1.2748093605041504
                ],
                [
                    0.0,
                    0.0,
                    0.0,
                    1.0
                ]
            ]
        },
        {
            "file_path": "/data/shapenet_blender/all_50_random/02958343/b0f1e8e11aea5f622fdea40a56b4c57d/r_25",
            "rotation": 0.12566370614359174,
            "transform_matrix": [
                [
                    0.8364536166191101,
                    0.2059776484966278,
                    -0.5078569650650024,
                    -2.047236919403076
                ],
                [
                    -0.5480378866195679,
                    0.31437742710113525,
                    -0.7751266360282898,
                    -3.1246354579925537
                ],
                [
                    0.0,
                    0.92668217420578,
                    0.37584567070007324,
                    1.5150823593139648
                ],
                [
                    0.0,
                    0.0,
                    0.0,
                    1.0
                ]
            ]
        },
        {
            "file_path": "/data/shapenet_blender/all_50_random/02958343/b0f1e8e11aea5f622fdea40a56b4c57d/r_26",
            "rotation": 0.12566370614359174,
            "transform_matrix": [
                [
                    0.9788541793823242,
                    0.016939489170908928,
                    -0.20385678112506866,
                    -0.8217729926109314
                ],
                [
                    -0.20455937087535858,
                    0.0810585618019104,
                    -0.9754921793937683,
                    -3.9323346614837646
                ],
                [
                    -1.862645149230957e-09,
                    0.9965653419494629,
                    0.08280964195728302,
                    0.3338163495063782
                ],
                [
                    0.0,
                    0.0,
                    0.0,
                    1.0
                ]
            ]
        },
        {
            "file_path": "/data/shapenet_blender/all_50_random/02958343/b0f1e8e11aea5f622fdea40a56b4c57d/r_27",
            "rotation": 0.12566370614359174,
            "transform_matrix": [
                [
                    -0.613775908946991,
                    0.3542422652244568,
                    -0.705543577671051,
                    -2.8441367149353027
                ],
                [
                    -0.7894803881645203,
                    -0.27540311217308044,
                    0.5485197901725769,
                    2.211153745651245
                ],
                [
                    0.0,
                    0.8936808705329895,
                    0.44870316982269287,
                    1.8087800741195679
                ],
                [
                    0.0,
                    0.0,
                    0.0,
                    1.0
                ]
            ]
        },
        {
            "file_path": "/data/shapenet_blender/all_50_random/02958343/b0f1e8e11aea5f622fdea40a56b4c57d/r_28",
            "rotation": 0.12566370614359174,
            "transform_matrix": [
                [
                    -0.03870962932705879,
                    -0.2981322109699249,
                    -0.9537393450737,
                    -3.8446462154388428
                ],
                [
                    -0.9992505311965942,
                    0.011549243703484535,
                    0.03694658726453781,
                    0.1489364504814148
                ],
                [
                    0.0,
                    0.9544547200202942,
                    -0.2983558475971222,
                    -1.2027108669281006
                ],
                [
                    0.0,
                    0.0,
                    0.0,
                    1.0
                ]
            ]
        },
        {
            "file_path": "/data/shapenet_blender/all_50_random/02958343/b0f1e8e11aea5f622fdea40a56b4c57d/r_29",
            "rotation": 0.12566370614359174,
            "transform_matrix": [
                [
                    -0.4914344549179077,
                    0.005721916910260916,
                    0.8708956837654114,
                    3.510692834854126
                ],
                [
                    0.8709144592285156,
                    0.003228729357942939,
                    0.4914238750934601,
                    1.9809930324554443
                ],
                [
                    2.3283062977608182e-10,
                    0.9999784231185913,
                    -0.006570009049028158,
                    -0.026484552770853043
                ],
                [
                    0.0,
                    0.0,
                    0.0,
                    1.0
                ]
            ]
        },
        {
            "file_path": "/data/shapenet_blender/all_50_random/02958343/b0f1e8e11aea5f622fdea40a56b4c57d/r_30",
            "rotation": 0.12566370614359174,
            "transform_matrix": [
                [
                    -0.9007763266563416,
                    0.14352907240390778,
                    -0.40987956523895264,
                    -1.6522773504257202
                ],
                [
                    -0.4342831075191498,
                    -0.29770347476005554,
                    0.8501592874526978,
                    3.4271016120910645
                ],
                [
                    0.0,
                    0.9438071846961975,
                    0.33049654960632324,
                    1.3322741985321045
                ],
                [
                    0.0,
                    0.0,
                    0.0,
                    1.0
                ]
            ]
        },
        {
            "file_path": "/data/shapenet_blender/all_50_random/02958343/b0f1e8e11aea5f622fdea40a56b4c57d/r_31",
            "rotation": 0.12566370614359174,
            "transform_matrix": [
                [
                    0.8728525042533875,
                    -0.11510420590639114,
                    -0.4742146134376526,
                    -1.9116201400756836
                ],
                [
                    -0.4879840910434723,
                    -0.20588579773902893,
                    -0.8482231497764587,
                    -3.4192967414855957
                ],
                [
                    -7.450580152834618e-09,
                    0.9717828631401062,
                    -0.23587697744369507,
                    -0.9508504271507263
                ],
                [
                    0.0,
                    0.0,
                    0.0,
                    1.0
                ]
            ]
        },
        {
            "file_path": "/data/shapenet_blender/all_50_random/02958343/b0f1e8e11aea5f622fdea40a56b4c57d/r_32",
            "rotation": 0.12566370614359174,
            "transform_matrix": [
                [
                    0.8919957876205444,
                    0.17872168123722076,
                    -0.41521328687667847,
                    -1.6737782955169678
                ],
                [
                    -0.45204371213912964,
                    0.35266274213790894,
                    -0.8193200826644897,
                    -3.3027849197387695
                ],
                [
                    -1.4901162970204496e-08,
                    0.9185245633125305,
                    0.3953637182712555,
                    1.5937621593475342
                ],
                [
                    0.0,
                    0.0,
                    0.0,
                    1.0
                ]
            ]
        },
        {
            "file_path": "/data/shapenet_blender/all_50_random/02958343/b0f1e8e11aea5f622fdea40a56b4c57d/r_33",
            "rotation": 0.12566370614359174,
            "transform_matrix": [
                [
                    0.07988756150007248,
                    0.28064295649528503,
                    0.9564816951751709,
                    3.855701446533203
                ],
                [
                    0.996803879737854,
                    -0.02249176986515522,
                    -0.07665599137544632,
                    -0.30901020765304565
                ],
                [
                    1.862645149230957e-09,
                    0.9595487117767334,
                    -0.28154274821281433,
                    -1.1349352598190308
                ],
                [
                    0.0,
                    0.0,
                    0.0,
                    1.0
                ]
            ]
        },
        {
            "file_path": "/data/shapenet_blender/all_50_random/02958343/b0f1e8e11aea5f622fdea40a56b4c57d/r_34",
            "rotation": 0.12566370614359174,
            "transform_matrix": [
                [
                    0.2899811863899231,
                    -0.5562605857849121,
                    0.7787714600563049,
                    3.1393282413482666
                ],
                [
                    0.9570324420928955,
                    0.16854718327522278,
                    -0.23596805334091187,
                    -0.9512176513671875
                ],
                [
                    -1.4901162970204496e-08,
                    0.8137357831001282,
                    0.5812349319458008,
                    2.3430328369140625
                ],
                [
                    0.0,
                    0.0,
                    0.0,
                    1.0
                ]
            ]
        },
        {
            "file_path": "/data/shapenet_blender/all_50_random/02958343/b0f1e8e11aea5f622fdea40a56b4c57d/r_35",
            "rotation": 0.12566370614359174,
            "transform_matrix": [
                [
                    -0.5005377531051636,
                    -0.05862601846456528,
                    -0.8637274503707886,
                    -3.4817962646484375
                ],
                [
                    -0.8657147884368896,
                    0.0338963083922863,
                    0.499388724565506,
                    2.0131001472473145
                ],
                [
                    0.0,
                    0.9977043271064758,
                    -0.06771979480981827,
                    -0.2729871869087219
                ],
                [
                    0.0,
                    0.0,
                    0.0,
                    1.0
                ]
            ]
        },
        {
            "file_path": "/data/shapenet_blender/all_50_random/02958343/b0f1e8e11aea5f622fdea40a56b4c57d/r_36",
            "rotation": 0.12566370614359174,
            "transform_matrix": [
                [
                    0.9227979183197021,
                    0.3768064081668854,
                    -0.08038108795881271,
                    -0.32402652502059937
                ],
                [
                    -0.3852846026420593,
                    0.9024917483329773,
                    -0.192521333694458,
                    -0.7760783433914185
                ],
                [
                    0.0,
                    0.2086278349161148,
                    0.9779950976371765,
                    3.9424242973327637
                ],
                [
                    0.0,
                    0.0,
                    0.0,
                    1.0
                ]
            ]
        },
        {
            "file_path": "/data/shapenet_blender/all_50_random/02958343/b0f1e8e11aea5f622fdea40a56b4c57d/r_37",
            "rotation": 0.12566370614359174,
            "transform_matrix": [
                [
                    -0.3616015613079071,
                    0.3750058114528656,
                    0.8535894751548767,
                    3.4409291744232178
                ],
                [
                    0.9323327541351318,
                    0.14544451236724854,
                    0.3310612738132477,
                    1.3345507383346558
                ],
                [
                    0.0,
                    0.9155417084693909,
                    -0.4022231101989746,
                    -1.621413230895996
                ],
                [
                    0.0,
                    0.0,
                    0.0,
                    1.0
                ]
            ]
        },
        {
            "file_path": "/data/shapenet_blender/all_50_random/02958343/b0f1e8e11aea5f622fdea40a56b4c57d/r_38",
            "rotation": 0.12566370614359174,
            "transform_matrix": [
                [
                    0.9569061398506165,
                    0.009829714894294739,
                    -0.29023125767707825,
                    -1.1699597835540771
                ],
                [
                    -0.2903977036476135,
                    0.03239045664668083,
                    -0.9563575983047485,
                    -3.855201005935669
                ],
                [
                    9.31322685637781e-10,
                    0.9994269013404846,
                    0.03384914621710777,
                    0.13645029067993164
                ],
                [
                    0.0,
                    0.0,
                    0.0,
                    1.0
                ]
            ]
        },
        {
            "file_path": "/data/shapenet_blender/all_50_random/02958343/b0f1e8e11aea5f622fdea40a56b4c57d/r_39",
            "rotation": 0.12566370614359174,
            "transform_matrix": [
                [
                    -0.7135453820228577,
                    -0.09573756158351898,
                    -0.6940369009971619,
                    -2.7977521419525146
                ],
                [
                    -0.7006089091300964,
                    0.09750531613826752,
                    0.7068520188331604,
                    2.8494114875793457
                ],
                [
                    0.0,
                    0.990619421005249,
                    -0.13664907217025757,
                    -0.5508500337600708
                ],
                [
                    0.0,
                    0.0,
                    0.0,
                    1.0
                ]
            ]
        },
        {
            "file_path": "/data/shapenet_blender/all_50_random/02958343/b0f1e8e11aea5f622fdea40a56b4c57d/r_40",
            "rotation": 0.12566370614359174,
            "transform_matrix": [
                [
                    -0.9569137096405029,
                    0.26219087839126587,
                    -0.12478844076395035,
                    -0.5030382871627808
                ],
                [
                    -0.2903725504875183,
                    -0.8640418648719788,
                    0.411236435174942,
                    1.6577471494674683
                ],
                [
                    0.0,
                    0.4297528564929962,
                    0.9029464721679688,
                    3.6398937702178955
                ],
                [
                    0.0,
                    0.0,
                    0.0,
                    1.0
                ]
            ]
        },
        {
            "file_path": "/data/shapenet_blender/all_50_random/02958343/b0f1e8e11aea5f622fdea40a56b4c57d/r_41",
            "rotation": 0.12566370614359174,
            "transform_matrix": [
                [
                    -0.3554020822048187,
                    0.004352568183094263,
                    0.9347032904624939,
                    3.7679097652435303
                ],
                [
                    0.9347135424613953,
                    0.0016549582360312343,
                    0.35539817810058594,
