{
    "class": "02958343",
    "model": "425431f166ea35bdbfed25440ee4185e",
    "remove_doubles": true,
    "edge_split": true,
    "denoise": true,
    "camera_angle_x": 0.6911112070083618,
    "scale_factor": 2.342499219153709,
    "hdri_file": "/data/IndoorHDRDataset2018/AG8A8892-fd0d5be873.exr",
    "center_offset": [
        0.0,
        0.0,
        -1.3969838619232178e-09
    ],
    "lights": [],
    "frames": [
        {
            "file_path": "/data/shapenet_blender/all_50_random/02958343/425431f166ea35bdbfed25440ee4185e/r_0",
            "rotation": 0.12566370614359174,
            "transform_matrix": [
                [
                    0.9743347764015198,
                    0.21754509210586548,
                    -0.05784402787685394,
                    -0.23317673802375793
                ],
                [
                    -0.22510400414466858,
                    0.9416170120239258,
                    -0.25037071108818054,
                    -1.0092766284942627
                ],
                [
                    3.725290742551124e-09,
                    0.25696563720703125,
                    0.9664204716682434,
                    3.895765542984009
                ],
                [
                    0.0,
                    0.0,
                    0.0,
                    1.0
                ]
            ]
        },
        {
            "file_path": "/data/shapenet_blender/all_50_random/02958343/425431f166ea35bdbfed25440ee4185e/r_1",
            "rotation": 0.12566370614359174,
            "transform_matrix": [
                [
                    -0.8859902024269104,
                    -0.19990500807762146,
                    0.41840097308158875,
                    1.6866283416748047
                ],
                [
                    0.46370401978492737,
                    -0.3819545805454254,
                    0.7994305491447449,
                    3.2226078510284424
                ],
                [
                    0.0,
                    0.9023019075393677,
                    0.43110471963882446,
                    1.737838864326477
                ],
                [
                    0.0,
                    0.0,
                    0.0,
                    1.0
                ]
            ]
        },
        {
            "file_path": "/data/shapenet_blender/all_50_random/02958343/425431f166ea35bdbfed25440ee4185e/r_2",
            "rotation": 0.12566370614359174,
            "transform_matrix": [
                [
                    -0.07377157360315323,
                    0.7233651280403137,
                    -0.6865133047103882,
                    -2.767423629760742
                ],
                [
                    -0.997275173664093,
                    -0.05350958928465843,
                    0.05078354477882385,
                    0.20471501350402832
                ],
                [
                    0.0,
                    0.6883889436721802,
                    0.7253416180610657,
                    2.923945426940918
                ],
                [
                    0.0,
                    0.0,
                    0.0,
                    1.0
                ]
            ]
        },
        {
            "file_path": "/data/shapenet_blender/all_50_random/02958343/425431f166ea35bdbfed25440ee4185e/r_3",
            "rotation": 0.12566370614359174,
            "transform_matrix": [
                [
                    -0.8127216100692749,
                    0.2295396327972412,
                    -0.535532534122467,
                    -2.1588006019592285
                ],
                [
                    -0.5826521515846252,
                    -0.32017698884010315,
                    0.7469960451126099,
                    3.011237382888794
                ],
                [
                    0.0,
                    0.919128954410553,
                    0.39395660161972046,
                    1.5880898237228394
                ],
                [
                    0.0,
                    0.0,
                    0.0,
                    1.0
                ]
            ]
        },
        {
            "file_path": "/data/shapenet_blender/all_50_random/02958343/425431f166ea35bdbfed25440ee4185e/r_4",
            "rotation": 0.12566370614359174,
            "transform_matrix": [
                [
                    0.42519915103912354,
                    -0.16179883480072021,
                    0.890520453453064,
                    3.5898029804229736
                ],
                [
                    0.9050997495651245,
                    0.07601010799407959,
                    -0.41835007071495056,
                    -1.6864231824874878
                ],
                [
                    -7.450580152834618e-09,
                    0.983892023563385,
                    0.1787635236978531,
                    0.7206188440322876
                ],
                [
                    0.0,
                    0.0,
                    0.0,
                    1.0
                ]
            ]
        },
        {
            "file_path": "/data/shapenet_blender/all_50_random/02958343/425431f166ea35bdbfed25440ee4185e/r_5",
            "rotation": 0.12566370614359174,
            "transform_matrix": [
                [
                    -0.2854262590408325,
                    0.19471272826194763,
                    -0.9384129047393799,
                    -3.7828633785247803
                ],
                [
                    -0.9584007263183594,
                    -0.05798840522766113,
                    0.27947360277175903,
                    1.1265941858291626
                ],
                [
                    0.0,
                    0.9791446328163147,
                    0.2031642198562622,
                    0.8189811706542969
                ],
                [
                    0.0,
                    0.0,
                    0.0,
                    1.0
                ]
            ]
        },
        {
            "file_path": "/data/shapenet_blender/all_50_random/02958343/425431f166ea35bdbfed25440ee4185e/r_6",
            "rotation": 0.12566370614359174,
            "transform_matrix": [
                [
                    -0.12321612238883972,
                    0.6556654572486877,
                    0.744929850101471,
                    3.002908229827881
                ],
                [
                    0.992379903793335,
                    0.08140889555215836,
                    0.09249216318130493,
                    0.3728478252887726
                ],
                [
                    0.0,
                    0.7506498694419861,
                    -0.6607001423835754,
                    -2.663367509841919
                ],
                [
                    0.0,
                    0.0,
                    0.0,
                    1.0
                ]
            ]
        },
        {
            "file_path": "/data/shapenet_blender/all_50_random/02958343/425431f166ea35bdbfed25440ee4185e/r_7",
            "rotation": 0.12566370614359174,
            "transform_matrix": [
                [
                    -0.5265078544616699,
                    0.03197533264756203,
                    -0.8495687246322632,
                    -3.4247210025787354
                ],
                [
                    -0.8501702547073364,
                    -0.01980222575366497,
                    0.5261353850364685,
                    2.1209194660186768
                ],
                [
                    1.862645149230957e-09,
                    0.9992923140525818,
                    0.037610508501529694,
                    0.1516128033399582
                ],
                [
                    0.0,
                    0.0,
                    0.0,
                    1.0
                ]
            ]
        },
        {
            "file_path": "/data/shapenet_blender/all_50_random/02958343/425431f166ea35bdbfed25440ee4185e/r_8",
            "rotation": 0.12566370614359174,
            "transform_matrix": [
                [
                    -0.9738231301307678,
                    -0.009628445841372013,
                    -0.22710315883159637,
                    -0.9154821038246155
                ],
                [
                    -0.22730717062950134,
                    0.041249923408031464,
                    0.9729490876197815,
                    3.9220831394195557
                ],
                [
                    0.0,
                    0.9991024136543274,
                    -0.04235874488949776,
                    -0.1707535684108734
                ],
                [
                    0.0,
                    0.0,
                    0.0,
                    1.0
                ]
            ]
        },
        {
            "file_path": "/data/shapenet_blender/all_50_random/02958343/425431f166ea35bdbfed25440ee4185e/r_9",
            "rotation": 0.12566370614359174,
            "transform_matrix": [
                [
                    0.5641316175460815,
                    0.31006288528442383,
                    -0.7652558088302612,
                    -3.0848448276519775
                ],
                [
                    -0.8256848454475403,
                    0.21184387803077698,
                    -0.5228447914123535,
                    -2.1076548099517822
                ],
                [
                    -1.4901161193847656e-08,
                    0.9268134236335754,
                    0.37552207708358765,
                    1.5137779712677002
                ],
                [
                    0.0,
                    0.0,
                    0.0,
                    1.0
                ]
            ]
        },
        {
            "file_path": "/data/shapenet_blender/all_50_random/02958343/425431f166ea35bdbfed25440ee4185e/r_10",
            "rotation": 0.12566370614359174,
            "transform_matrix": [
                [
                    0.6674209833145142,
                    -0.6461521983146667,
                    -0.37018463015556335,
                    -1.4922617673873901
                ],
                [
                    -0.7446807026863098,
                    -0.5791146755218506,
                    -0.3317784368991852,
                    -1.3374414443969727
                ],
                [
                    1.4901161193847656e-08,
                    0.4971052408218384,
                    -0.8676903247833252,
                    -3.4977712631225586
                ],
                [
                    0.0,
                    0.0,
                    0.0,
                    1.0
                ]
            ]
        },
        {
            "file_path": "/data/shapenet_blender/all_50_random/02958343/425431f166ea35bdbfed25440ee4185e/r_11",
            "rotation": 0.12566370614359174,
            "transform_matrix": [
                [
                    0.9452165961265564,
                    0.04422374442219734,
                    0.32343459129333496,
                    1.3038065433502197
                ],
                [
                    0.32644400000572205,
                    -0.1280495822429657,
                    -0.9365028738975525,
                    -3.7751638889312744
                ],
                [
                    0.0,
                    0.990781307220459,
                    -0.1354711502790451,
                    -0.5461016893386841
                ],
                [
                    0.0,
                    0.0,
                    0.0,
                    1.0
                ]
            ]
        },
        {
            "file_path": "/data/shapenet_blender/all_50_random/02958343/425431f166ea35bdbfed25440ee4185e/r_12",
            "rotation": 0.12566370614359174,
            "transform_matrix": [
                [
                    -0.4682084619998932,
                    -0.005199144594371319,
                    -0.8836027383804321,
                    -3.5619165897369385
                ],
                [
                    -0.8836181163787842,
                    0.0027549047954380512,
                    0.46820032596588135,
                    1.887375831604004
                ],
                [
                    2.3283064365386963e-10,
                    0.9999827146530151,
                    -0.005883927457034588,
                    -0.02371886931359768
                ],
                [
                    0.0,
                    0.0,
                    0.0,
                    1.0
                ]
            ]
        },
        {
            "file_path": "/data/shapenet_blender/all_50_random/02958343/425431f166ea35bdbfed25440ee4185e/r_13",
            "rotation": 0.12566370614359174,
            "transform_matrix": [
                [
                    0.17485585808753967,
                    -0.49260345101356506,
                    -0.8525064587593079,
                    -3.436563491821289
                ],
                [
                    -0.9845940470695496,
                    -0.08748234808444977,
                    -0.1513981819152832,
                    -0.6103056073188782
                ],
                [
                    -7.450580596923828e-09,
                    0.8658455610275269,
                    -0.5003111958503723,
                    -2.0168190002441406
                ],
                [
                    0.0,
                    0.0,
                    0.0,
                    1.0
                ]
            ]
        },
        {
            "file_path": "/data/shapenet_blender/all_50_random/02958343/425431f166ea35bdbfed25440ee4185e/r_14",
            "rotation": 0.12566370614359174,
            "transform_matrix": [
                [
                    -0.7811975479125977,
                    -0.11475085467100143,
                    -0.6136471033096313,
                    -2.4736905097961426
                ],
                [
                    -0.624284029006958,
                    0.143593430519104,
                    0.7678869962692261,
                    3.095451593399048
                ],
                [
                    7.450580596923828e-09,
                    0.9829614162445068,
                    -0.1838119626045227,
                    -0.740969717502594
                ],
                [
                    0.0,
                    0.0,
                    0.0,
                    1.0
                ]
            ]
        },
        {
            "file_path": "/data/shapenet_blender/all_50_random/02958343/425431f166ea35bdbfed25440ee4185e/r_15",
            "rotation": 0.12566370614359174,
            "transform_matrix": [
                [
                    0.9832496047019958,
                    -0.08266668021678925,
                    -0.16243955492973328,
                    -0.6548148393630981
                ],
                [
                    -0.18226464092731476,
                    -0.4459557831287384,
                    -0.8763006329536438,
                    -3.5324811935424805
                ],
                [
                    7.450581485102248e-09,
                    0.8912292718887329,
                    -0.4535529911518097,
                    -1.8283307552337646
                ],
                [
                    0.0,
                    0.0,
                    0.0,
                    1.0
                ]
            ]
        },
        {
            "file_path": "/data/shapenet_blender/all_50_random/02958343/425431f166ea35bdbfed25440ee4185e/r_16",
            "rotation": 0.12566370614359174,
            "transform_matrix": [
                [
                    -0.7276395559310913,
                    -0.36238574981689453,
                    -0.5824236273765564,
                    -2.347824811935425
                ],
                [
                    -0.6859596967697144,
                    0.3844048082828522,
                    0.61781245470047,
                    2.4904816150665283
                ],
                [
                    1.4901161193847656e-08,
                    0.8490639328956604,
                    -0.5282900929450989,
                    -2.129605531692505
                ],
                [
                    0.0,
                    0.0,
                    0.0,
                    1.0
                ]
            ]
        },
        {
            "file_path": "/data/shapenet_blender/all_50_random/02958343/425431f166ea35bdbfed25440ee4185e/r_17",
            "rotation": 0.12566370614359174,
            "transform_matrix": [
                [
                    0.9940711855888367,
                    0.10253036022186279,
                    -0.03619616478681564,
                    -0.14591142535209656
                ],
                [
                    -0.1087319627404213,
                    0.9373736381530762,
                    -0.3309198319911957,
                    -1.333980679512024
                ],
                [
                    0.0,
                    0.33289340138435364,
                    0.9429643154144287,
                    3.801210880279541
                ],
                [
                    0.0,
                    0.0,
                    0.0,
                    1.0
                ]
            ]
        },
        {
            "file_path": "/data/shapenet_blender/all_50_random/02958343/425431f166ea35bdbfed25440ee4185e/r_18",
            "rotation": 0.12566370614359174,
            "transform_matrix": [
                [
                    -0.8280024528503418,
                    0.401111364364624,
                    -0.3918183147907257,
                    -1.5794702768325806
                ],
                [
                    -0.5607244372367859,
                    -0.5923072695732117,
                    0.5785845518112183,
                    2.3323490619659424
                ],
                [
                    1.4901161193847656e-08,
                    0.6987715363502502,
                    0.7153447866439819,
                    2.8836472034454346
                ],
                [
                    0.0,
                    0.0,
                    0.0,
                    1.0
                ]
            ]
        },
        {
            "file_path": "/data/shapenet_blender/all_50_random/02958343/425431f166ea35bdbfed25440ee4185e/r_19",
            "rotation": 0.12566370614359174,
            "transform_matrix": [
                [
                    -0.8193560242652893,
                    0.06988716125488281,
                    0.5690091848373413,
                    2.2937493324279785
                ],
                [
                    0.5732849836349487,
                    0.09988481551408768,
                    0.8132449388504028,
                    3.2782950401306152
                ],
                [
                    3.7252898543727042e-09,
                    0.9925415515899658,
                    -0.12190649658441544,
                    -0.49142077565193176
                ],
                [
                    0.0,
                    0.0,
                    0.0,
                    1.0
                ]
            ]
        },
        {
            "file_path": "/data/shapenet_blender/all_50_random/02958343/425431f166ea35bdbfed25440ee4185e/r_20",
            "rotation": 0.12566370614359174,
            "transform_matrix": [
                [
                    0.5000563859939575,
                    -0.1369876265525818,
                    -0.8550894260406494,
                    -3.4469757080078125
                ],
                [
                    -0.8659927845001221,
                    -0.07910174131393433,
                    -0.4937604069709778,
                    -1.9904118776321411
                ],
                [
                    7.450580596923828e-09,
                    0.9874093532562256,
                    -0.15818563103675842,
                    -0.6376667022705078
                ],
                [
                    0.0,
                    0.0,
                    0.0,
                    1.0
                ]
            ]
        },
        {
            "file_path": "/data/shapenet_blender/all_50_random/02958343/425431f166ea35bdbfed25440ee4185e/r_21",
            "rotation": 0.12566370614359174,
            "transform_matrix": [
                [
                    -0.947359561920166,
                    0.04316277056932449,
                    0.3172486126422882,
                    1.278869867324829
                ],
                [
                    0.3201713263988495,
                    0.12771493196487427,
                    0.9387115240097046,
                    3.784066677093506
                ],
                [
                    3.7252894102834944e-09,
                    0.990871250629425,
                    -0.13481147587299347,
                    -0.5434423685073853
                ],
                [
                    0.0,
                    0.0,
                    0.0,
                    1.0
                ]
            ]
        },
        {
            "file_path": "/data/shapenet_blender/all_50_random/02958343/425431f166ea35bdbfed25440ee4185e/r_22",
            "rotation": 0.12566370614359174,
            "transform_matrix": [
                [
                    -0.9338253736495972,
                    -0.05683650076389313,
                    -0.3531853258609772,
                    -1.4237356185913086
                ],
                [
                    -0.35772931575775146,
                    0.14836739003658295,
                    0.921963632106781,
                    3.7165541648864746
                ],
                [
                    0.0,
                    0.9872975945472717,
                    -0.15888133645057678,
                    -0.6404711604118347
                ],
                [
                    0.0,
                    0.0,
                    0.0,
                    1.0
                ]
            ]
        },
        {
            "file_path": "/data/shapenet_blender/all_50_random/02958343/425431f166ea35bdbfed25440ee4185e/r_23",
            "rotation": 0.12566370614359174,
            "transform_matrix": [
                [
                    0.945560872554779,
                    -0.23083758354187012,
                    0.22940945625305176,
                    0.9247791171073914
                ],
                [
                    0.32544538378715515,
                    0.6706838607788086,
                    -0.6665345430374146,
                    -2.686886787414551
                ],
                [
                    0.0,
                    0.7049091458320618,
                    0.7092974781990051,
                    2.859269618988037
                ],
                [
                    0.0,
                    0.0,
                    0.0,
                    1.0
                ]
            ]
        },
        {
            "file_path": "/data/shapenet_blender/all_50_random/02958343/425431f166ea35bdbfed25440ee4185e/r_24",
            "rotation": 0.12566370614359174,
            "transform_matrix": [
                [
                    -0.46433326601982117,
                    0.4778464138507843,
                    0.7456925511360168,
                    3.0059828758239746
                ],
                [
                    0.8856605887413025,
                    0.2505248486995697,
                    0.3909509479999542,
                    1.575973629951477
                ],
                [
                    -1.4901161193847656e-08,
                    0.8419620394706726,
                    -0.5395367741584778,
                    -2.1749422550201416
                ],
                [
                    0.0,
                    0.0,
                    0.0,
                    1.0
                ]
            ]
        },
        {
            "file_path": "/data/shapenet_blender/all_50_random/02958343/425431f166ea35bdbfed25440ee4185e/r_25",
            "rotation": 0.12566370614359174,
            "transform_matrix": [
                [
                    -0.9156619310379028,
                    -0.07990129292011261,
                    0.39392775297164917,
                    1.5879735946655273
                ],
                [
                    0.401949405670166,
                    -0.18201935291290283,
                    0.897388219833374,
                    3.617487668991089
                ],
                [
                    -7.450581485102248e-09,
                    0.9800431728363037,
                    0.1987844705581665,
                    0.8013258576393127
                ],
                [
                    0.0,
                    0.0,
                    0.0,
                    1.0
                ]
            ]
        },
        {
            "file_path": "/data/shapenet_blender/all_50_random/02958343/425431f166ea35bdbfed25440ee4185e/r_26",
            "rotation": 0.12566370614359174,
            "transform_matrix": [
                [
                    -0.767458438873291,
                    0.3255119025707245,
                    -0.552312970161438,
                    -2.226444721221924
                ],
                [
                    -0.6410987973213196,
                    -0.38966983556747437,
                    0.6611730456352234,
                    2.665273904800415
                ],
                [
                    -1.4901162970204496e-08,
                    0.8615099191665649,
                    0.5077406167984009,
                    2.0467679500579834
                ],
                [
                    0.0,
                    0.0,
                    0.0,
                    1.0
                ]
            ]
        },
        {
            "file_path": "/data/shapenet_blender/all_50_random/02958343/425431f166ea35bdbfed25440ee4185e/r_27",
            "rotation": 0.12566370614359174,
            "transform_matrix": [
                [
                    0.4090885519981384,
                    -0.2766346037387848,
                    0.8695515394210815,
                    3.5052742958068848
                ],
                [
                    0.9124947786331177,
                    0.12402047961950302,
                    -0.38983628153800964,
                    -1.5714802742004395
                ],
                [
                    7.450581485102248e-09,
                    0.9529387354850769,
                    0.30316296219825745,
                    1.2220889329910278
                ],
                [
                    0.0,
                    0.0,
                    0.0,
                    1.0
                ]
            ]
        },
        {
            "file_path": "/data/shapenet_blender/all_50_random/02958343/425431f166ea35bdbfed25440ee4185e/r_28",
            "rotation": 0.12566370614359174,
            "transform_matrix": [
                [
                    0.7511282563209534,
                    -0.006742266938090324,
                    -0.6601219177246094,
                    -2.661036491394043
                ],
                [
                    -0.6601563692092896,
                    -0.007671374827623367,
                    -0.7510890364646912,
                    -3.0277366638183594
                ],
                [
                    0.0,
                    0.9999479055404663,
                    -0.010213135741651058,
                    -0.04117046669125557
                ],
                [
                    0.0,
                    0.0,
                    0.0,
                    1.0
                ]
            ]
        },
        {
            "file_path": "/data/shapenet_blender/all_50_random/02958343/425431f166ea35bdbfed25440ee4185e/r_29",
            "rotation": 0.12566370614359174,
            "transform_matrix": [
                [
                    0.954430878162384,
                    0.012026608921587467,
                    0.298189640045166,
                    1.2020410299301147
                ],
                [
                    0.2984321117401123,
                    -0.03846290707588196,
                    -0.953655481338501,
                    -3.844308376312256
                ],
                [
                    0.0,
                    0.9991875886917114,
                    -0.04029931500554085,
                    -0.16245174407958984
                ],
                [
                    0.0,
                    0.0,
                    0.0,
                    1.0
                ]
            ]
        },
        {
            "file_path": "/data/shapenet_blender/all_50_random/02958343/425431f166ea35bdbfed25440ee4185e/r_30",
            "rotation": 0.12566370614359174,
            "transform_matrix": [
                [
                    0.392449289560318,
                    0.2528950870037079,
                    -0.884323239326477,
                    -3.5648210048675537
                ],
                [
                    -0.9197736382484436,
                    0.10790535062551498,
                    -0.37732329964637756,
                    -1.5210388898849487
                ],
                [
                    0.0,
                    0.961457371711731,
                    0.2749536335468292,
                    1.1083735227584839
                ],
                [
                    0.0,
                    0.0,
                    0.0,
                    1.0
                ]
            ]
        },
        {
            "file_path": "/data/shapenet_blender/all_50_random/02958343/425431f166ea35bdbfed25440ee4185e/r_31",
            "rotation": 0.12566370614359174,
            "transform_matrix": [
                [
                    0.7666743993759155,
                    -0.4304754137992859,
                    0.47634157538414,
                    1.9201942682266235
                ],
                [
                    0.6420360803604126,
                    0.5140435099601746,
                    -0.5688136219978333,
                    -2.2929611206054688
                ],
                [
                    -1.4901161193847656e-08,
                    0.7419233322143555,
                    0.670484721660614,
                    2.702810287475586
                ],
                [
                    0.0,
                    0.0,
                    0.0,
                    1.0
                ]
            ]
        },
        {
            "file_path": "/data/shapenet_blender/all_50_random/02958343/425431f166ea35bdbfed25440ee4185e/r_32",
            "rotation": 0.12566370614359174,
            "transform_matrix": [
                [
                    -0.26475757360458374,
                    0.0525968000292778,
                    -0.962879478931427,
                    -3.8814914226531982
                ],
                [
                    -0.9643149971961975,
                    -0.014440719038248062,
                    0.26436343789100647,
                    1.065683126449585
                ],
                [
                    -9.313225746154785e-10,
                    0.9985114336013794,
                    0.05454316735267639,
                    0.21987053751945496
                ],
                [
                    0.0,
                    0.0,
                    0.0,
                    1.0
                ]
            ]
        },
        {
            "file_path": "/data/shapenet_blender/all_50_random/02958343/425431f166ea35bdbfed25440ee4185e/r_33",
            "rotation": 0.12566370614359174,
            "transform_matrix": [
                [
                    -0.9858964681625366,
                    0.07097453624010086,
                    0.15156178176403046,
                    0.6109651327133179
                ],
                [
                    0.16735699772834778,
                    0.4181094467639923,
                    0.8928471207618713,
                    3.59918212890625
                ],
                [
                    0.0,
                    0.905619740486145,
                    -0.42409059405326843,
                    -1.709563970565796
                ],
                [
                    0.0,
                    0.0,
                    0.0,
                    1.0
                ]
            ]
        },
        {
            "file_path": "/data/shapenet_blender/all_50_random/02958343/425431f166ea35bdbfed25440ee4185e/r_34",
            "rotation": 0.12566370614359174,
            "transform_matrix": [
                [
                    0.9538097977638245,
                    -0.053728215396404266,
                    0.2955675721168518,
                    1.191470980644226
                ],
                [
                    0.3004112243652344,
                    0.17058782279491425,
                    -0.9384310841560364,
                    -3.7829368114471436
                ],
                [
                    0.0,
                    0.9838765859603882,
                    0.17884887754917145,
                    0.7209628820419312
                ],
                [
                    0.0,
                    0.0,
                    0.0,
                    1.0
                ]
            ]
        },
        {
            "file_path": "/data/shapenet_blender/all_50_random/02958343/425431f166ea35bdbfed25440ee4185e/r_35",
            "rotation": 0.12566370614359174,
            "transform_matrix": [
                [
                    -0.6677060723304749,
                    0.031859785318374634,
                    0.7437429428100586,
                    2.9981236457824707
                ],
                [
                    0.7444249987602234,
                    0.028576381504535675,
                    0.6670942902565002,
                    2.689143180847168
                ],
                [
                    0.0,
                    0.9990836977958679,
                    -0.04279784858226776,
                    -0.1725236475467682
                ],
                [
                    0.0,
                    0.0,
                    0.0,
                    1.0
                ]
            ]
        },
        {
            "file_path": "/data/shapenet_blender/all_50_random/02958343/425431f166ea35bdbfed25440ee4185e/r_36",
            "rotation": 0.12566370614359174,
            "transform_matrix": [
                [
                    -0.3726108968257904,
                    -0.12113865464925766,
                    0.9200470447540283,
                    3.7088279724121094
                ],
                [
                    0.9279876351356506,
                    -0.048640284687280655,
                    0.3694225251674652,
                    1.4891897439956665
                ],
                [
                    3.7252898543727042e-09,
                    0.9914430975914001,
                    0.13053910434246063,
                    0.5262199640274048
                ],
                [
                    0.0,
                    0.0,
                    0.0,
                    1.0
                ]
            ]
        },
        {
            "file_path": "/data/shapenet_blender/all_50_random/02958343/425431f166ea35bdbfed25440ee4185e/r_37",
            "rotation": 0.12566370614359174,
            "transform_matrix": [
                [
                    -0.6830353140830994,
                    0.04882458597421646,
                    -0.7287516593933105,
                    -2.9376919269561768
                ],
                [
                    -0.730385422706604,
                    -0.04565933719277382,
                    0.6815074682235718,
                    2.747244358062744
                ],
                [
                    0.0,
                    0.9977632164955139,
                    0.06684769690036774,
                    0.269471675157547
                ],
                [
                    0.0,
                    0.0,
                    0.0,
                    1.0
                ]
            ]
        },
        {
            "file_path": "/data/shapenet_blender/all_50_random/02958343/425431f166ea35bdbfed25440ee4185e/r_38",
            "rotation": 0.12566370614359174,
            "transform_matrix": [
                [
                    0.47312110662460327,
                    -0.7719835042953491,
                    0.42449700832366943,
                    1.7112021446228027
                ],
                [
                    0.8809974193572998,
                    0.4145774841308594,
                    -0.22796718776226044,
                    -0.9189651012420654
                ],
                [
                    0.0,
                    0.48183685541152954,
                    0.8762609958648682,
                    3.532320976257324
                ],
                [
                    0.0,
                    0.0,
                    0.0,
                    1.0
                ]
            ]
        },
        {
            "file_path": "/data/shapenet_blender/all_50_random/02958343/425431f166ea35bdbfed25440ee4185e/r_39",
            "rotation": 0.12566370614359174,
            "transform_matrix": [
                [
                    0.7870754599571228,
                    0.002645367756485939,
                    0.6168511509895325,
                    2.4866061210632324
                ],
                [
                    0.6168568134307861,
                    -0.0033753439784049988,
                    -0.787068247795105,
                    -3.1727731227874756
                ],
                [
                    -2.3283061589829401e-10,
                    0.9999908804893494,
                    -0.004288462921977043,
                    -0.017287345603108406
                ],
                [
                    0.0,
                    0.0,
                    0.0,
                    1.0
                ]
            ]
        },
        {
            "file_path": "/data/shapenet_blender/all_50_random/02958343/425431f166ea35bdbfed25440ee4185e/r_40",
            "rotation": 0.12566370614359174,
            "transform_matrix": [
                [
                    -0.9843199849128723,
                    0.002093753544613719,
                    0.1763797253370285,
                    0.7110094428062439
                ],
                [
                    0.17639215290546417,
                    0.011683758348226547,
                    0.9842506051063538,
                    3.9676411151885986
                ],
                [
                    2.3283061589829401e-10,
                    0.9999296069145203,
                    -0.011869877576828003,
                    -0.047849006950855255
                ],
                [
                    0.0,
                    0.0,
                    0.0,
                    1.0
                ]
            ]
        },
        {
            "file_path": "/data/shapenet_blender/all_50_random/02958343/425431f166ea35bdbfed25440ee4185e/r_41",
            "rotation": 0.12566370614359174,
            "transform_matrix": [
                [
                    -0.9542859196662903,
                    0.17749549448490143,
                    -0.24048610031604767,
                    -0.9694305658340454
                ],
                [
                    -0.298895001411438,
                    -0.5666921138763428,
                    0.7678030729293823,
