{
    "class": "02958343",
    "model": "9a22505d1e6221533c35e65001c8c258",
    "remove_doubles": true,
    "edge_split": true,
    "denoise": true,
    "camera_angle_x": 0.6911112070083618,
    "scale_factor": 2.314196114457229,
    "hdri_file": "/data/IndoorHDRDataset2018/9C4A9169-06db224630.exr",
    "center_offset": [
        0.0,
        -1.862645149230957e-09,
        0.0
    ],
    "lights": [],
    "frames": [
        {
            "file_path": "/data/shapenet_blender/all_50_random/02958343/9a22505d1e6221533c35e65001c8c258/r_0",
            "rotation": 0.12566370614359174,
            "transform_matrix": [
                [
                    -0.9936660528182983,
                    -0.018924934789538383,
                    -0.11076907068490982,
                    -0.446524441242218
                ],
                [
                    -0.11237411946058273,
                    0.1673433780670166,
                    0.9794734120368958,
                    3.9483838081359863
                ],
                [
                    0.0,
                    0.9857170581817627,
                    -0.168410062789917,
                    -0.6788827180862427
                ],
                [
                    0.0,
                    0.0,
                    0.0,
                    1.0
                ]
            ]
        },
        {
            "file_path": "/data/shapenet_blender/all_50_random/02958343/9a22505d1e6221533c35e65001c8c258/r_1",
            "rotation": 0.12566370614359174,
            "transform_matrix": [
                [
                    0.09256284683942795,
                    -0.015614303760230541,
                    0.9955843091011047,
                    4.013329029083252
                ],
                [
                    0.9957069158554077,
                    0.0014515359653159976,
                    -0.09255144745111465,
                    -0.3730868399143219
                ],
                [
                    0.0,
                    0.9998769760131836,
                    0.01568162441253662,
                    0.06321465969085693
                ],
                [
                    0.0,
                    0.0,
                    0.0,
                    1.0
                ]
            ]
        },
        {
            "file_path": "/data/shapenet_blender/all_50_random/02958343/9a22505d1e6221533c35e65001c8c258/r_2",
            "rotation": 0.12566370614359174,
            "transform_matrix": [
                [
                    -0.6183475852012634,
                    0.013917278498411179,
                    0.7857815623283386,
                    3.1675868034362793
                ],
                [
                    0.7859048843383789,
                    0.010950073599815369,
                    0.6182506084442139,
                    2.4922478199005127
                ],
                [
                    0.0,
                    0.9998430609703064,
                    -0.017708610743284225,
                    -0.0713856965303421
                ],
                [
                    0.0,
                    0.0,
                    0.0,
                    1.0
                ]
            ]
        },
        {
            "file_path": "/data/shapenet_blender/all_50_random/02958343/9a22505d1e6221533c35e65001c8c258/r_3",
            "rotation": 0.12566370614359174,
            "transform_matrix": [
                [
                    0.17421631515026093,
                    -0.6234003901481628,
                    -0.7622470855712891,
                    -3.072716236114502
                ],
                [
                    -0.9847074747085571,
                    -0.1102931872010231,
                    -0.13485820591449738,
                    -0.543630838394165
                ],
                [
                    0.0,
                    0.7740846872329712,
                    -0.6330819129943848,
                    -2.552034854888916
                ],
                [
                    0.0,
                    0.0,
                    0.0,
                    1.0
                ]
            ]
        },
        {
            "file_path": "/data/shapenet_blender/all_50_random/02958343/9a22505d1e6221533c35e65001c8c258/r_4",
            "rotation": 0.12566370614359174,
            "transform_matrix": [
                [
                    -0.6561144590377808,
                    -0.11701016873121262,
                    0.7455350160598755,
                    3.005347728729248
                ],
                [
                    0.7546613812446594,
                    -0.10173047333955765,
                    0.648179829120636,
                    2.61289644241333
                ],
                [
                    -7.450580596923828e-09,
                    0.9879065752029419,
                    0.1550499051809311,
                    0.6250261664390564
                ],
                [
                    0.0,
                    0.0,
                    0.0,
                    1.0
                ]
            ]
        },
        {
            "file_path": "/data/shapenet_blender/all_50_random/02958343/9a22505d1e6221533c35e65001c8c258/r_5",
            "rotation": 0.12566370614359174,
            "transform_matrix": [
                [
                    -0.7725101709365845,
                    -0.2642928659915924,
                    0.577388346195221,
                    2.3275270462036133
                ],
                [
                    0.6350024938583374,
                    -0.32152459025382996,
                    0.7024199366569519,
                    2.83154559135437
                ],
                [
                    -2.9802322387695312e-08,
                    0.9092695713043213,
                    0.41620761156082153,
                    1.6777867078781128
                ],
                [
                    0.0,
                    0.0,
                    0.0,
                    1.0
                ]
            ]
        },
        {
            "file_path": "/data/shapenet_blender/all_50_random/02958343/9a22505d1e6221533c35e65001c8c258/r_6",
            "rotation": 0.12566370614359174,
            "transform_matrix": [
                [
                    -0.19232508540153503,
                    0.9522144198417664,
                    -0.2372734546661377,
                    -0.9564799070358276
                ],
                [
                    -0.9813313484191895,
                    -0.1866186261177063,
                    0.0465017594397068,
                    0.18745458126068115
                ],
                [
                    0.0,
                    0.2417871505022049,
                    0.9703292846679688,
                    3.911522388458252
                ],
                [
                    0.0,
                    0.0,
                    0.0,
                    1.0
                ]
            ]
        },
        {
            "file_path": "/data/shapenet_blender/all_50_random/02958343/9a22505d1e6221533c35e65001c8c258/r_7",
            "rotation": 0.12566370614359174,
            "transform_matrix": [
                [
                    -0.30723828077316284,
                    0.14846335351467133,
                    0.9399804472923279,
                    3.789182424545288
                ],
                [
                    0.9516326785087585,
                    0.047931969165802,
                    0.30347633361816406,
                    1.2233521938323975
                ],
                [
                    0.0,
                    0.9877555966377258,
                    -0.15600909292697906,
                    -0.6288927793502808
                ],
                [
                    0.0,
                    0.0,
                    0.0,
                    1.0
                ]
            ]
        },
        {
            "file_path": "/data/shapenet_blender/all_50_random/02958343/9a22505d1e6221533c35e65001c8c258/r_8",
            "rotation": 0.12566370614359174,
            "transform_matrix": [
                [
                    0.9950649738311768,
                    -0.005253853276371956,
                    -0.09908617287874222,
                    -0.3994291424751282
                ],
                [
                    -0.09922535717487335,
                    -0.0526873916387558,
                    -0.9936691522598267,
                    -4.005608558654785
                ],
                [
                    0.0,
                    0.998597264289856,
                    -0.052948690950870514,
                    -0.21344299614429474
                ],
                [
                    0.0,
                    0.0,
                    0.0,
                    1.0
                ]
            ]
        },
        {
            "file_path": "/data/shapenet_blender/all_50_random/02958343/9a22505d1e6221533c35e65001c8c258/r_9",
            "rotation": 0.12566370614359174,
            "transform_matrix": [
                [
                    0.4446055293083191,
                    -0.4312138259410858,
                    0.7850990295410156,
                    3.1648356914520264
                ],
                [
                    0.8957264423370361,
                    0.2140386402606964,
                    -0.3896941840648651,
                    -1.5709075927734375
                ],
                [
                    -1.4901159417490817e-08,
                    0.8764941692352295,
                    0.4814123809337616,
                    1.9406354427337646
                ],
                [
                    0.0,
                    0.0,
                    0.0,
                    1.0
                ]
            ]
        },
        {
            "file_path": "/data/shapenet_blender/all_50_random/02958343/9a22505d1e6221533c35e65001c8c258/r_10",
            "rotation": 0.12566370614359174,
            "transform_matrix": [
                [
                    0.49111008644104004,
                    0.3227428197860718,
                    -0.8091031312942505,
                    -3.26159930229187
                ],
                [
                    -0.8710975646972656,
                    0.181956946849823,
                    -0.45615866780281067,
                    -1.838834524154663
                ],
                [
                    1.4901162970204496e-08,
                    0.9288318753242493,
                    0.3705013394355774,
                    1.493538737297058
                ],
                [
                    0.0,
                    0.0,
                    0.0,
                    1.0
                ]
            ]
        },
        {
            "file_path": "/data/shapenet_blender/all_50_random/02958343/9a22505d1e6221533c35e65001c8c258/r_11",
            "rotation": 0.12566370614359174,
            "transform_matrix": [
                [
                    0.9788694977760315,
                    0.04154595360159874,
                    0.2002212256193161,
                    0.8071175813674927
                ],
                [
                    0.20448622107505798,
                    -0.19887925684452057,
                    -0.9584531188011169,
                    -3.8636481761932373
                ],
                [
                    0.0,
                    0.9791429042816162,
                    -0.20317241549491882,
                    -0.8190141916275024
                ],
                [
                    0.0,
                    0.0,
                    0.0,
                    1.0
                ]
            ]
        },
        {
            "file_path": "/data/shapenet_blender/all_50_random/02958343/9a22505d1e6221533c35e65001c8c258/r_12",
            "rotation": 0.12566370614359174,
            "transform_matrix": [
                [
                    0.5146125555038452,
                    0.13255880773067474,
                    0.8471139669418335,
                    3.414825677871704
                ],
                [
                    0.857422947883606,
                    -0.07955983281135559,
                    -0.508425235748291,
                    -2.049527645111084
                ],
                [
                    0.0,
                    0.9879769086837769,
                    -0.15460143983364105,
                    -0.6232183575630188
                ],
                [
                    0.0,
                    0.0,
                    0.0,
                    1.0
                ]
            ]
        },
        {
            "file_path": "/data/shapenet_blender/all_50_random/02958343/9a22505d1e6221533c35e65001c8c258/r_13",
            "rotation": 0.12566370614359174,
            "transform_matrix": [
                [
                    0.521966814994812,
                    -0.19106103479862213,
                    -0.831291913986206,
                    -3.3510451316833496
                ],
                [
                    -0.852965772151947,
                    -0.11691854149103165,
                    -0.5087035894393921,
                    -2.050649881362915
                ],
                [
                    0.0,
                    0.974590003490448,
                    -0.2239961177110672,
                    -0.9029573202133179
                ],
                [
                    0.0,
                    0.0,
                    0.0,
                    1.0
                ]
            ]
        },
        {
            "file_path": "/data/shapenet_blender/all_50_random/02958343/9a22505d1e6221533c35e65001c8c258/r_14",
            "rotation": 0.12566370614359174,
            "transform_matrix": [
                [
                    0.9853945374488831,
                    -0.14812622964382172,
                    -0.08400215953588486,
                    -0.3386235237121582
                ],
                [
                    -0.17028725147247314,
                    -0.8571562170982361,
                    -0.4860920011997223,
                    -1.959499478340149
                ],
                [
                    7.450581485102248e-09,
                    0.49329686164855957,
                    -0.8698610067367554,
                    -3.5065219402313232
                ],
                [
                    0.0,
                    0.0,
                    0.0,
                    1.0
                ]
            ]
        },
        {
            "file_path": "/data/shapenet_blender/all_50_random/02958343/9a22505d1e6221533c35e65001c8c258/r_15",
            "rotation": 0.12566370614359174,
            "transform_matrix": [
                [
                    -0.6596199870109558,
                    0.4827636182308197,
                    0.5760562419891357,
                    2.3221569061279297
                ],
                [
                    0.7515993118286133,
                    0.42368391156196594,
                    0.5055595636367798,
                    2.037975788116455
                ],
                [
                    0.0,
                    0.7664406299591064,
                    -0.642315149307251,
                    -2.5892550945281982
                ],
                [
                    0.0,
                    0.0,
                    0.0,
                    1.0
                ]
            ]
        },
        {
            "file_path": "/data/shapenet_blender/all_50_random/02958343/9a22505d1e6221533c35e65001c8c258/r_16",
            "rotation": 0.12566370614359174,
            "transform_matrix": [
                [
                    0.569063127040863,
                    0.718393087387085,
                    0.4000980257987976,
                    1.6128467321395874
                ],
                [
                    0.8222938776016235,
                    -0.49715930223464966,
                    -0.2768852412700653,
                    -1.1161601543426514
                ],
                [
                    1.4901162970204496e-08,
                    0.4865632653236389,
                    -0.8736452460289001,
                    -3.5217766761779785
                ],
                [
                    0.0,
                    0.0,
                    0.0,
                    1.0
                ]
            ]
        },
        {
            "file_path": "/data/shapenet_blender/all_50_random/02958343/9a22505d1e6221533c35e65001c8c258/r_17",
            "rotation": 0.12566370614359174,
            "transform_matrix": [
                [
                    0.5538743138313293,
                    0.0002634603588376194,
                    0.8326002359390259,
                    3.356318950653076
                ],
                [
                    0.8326002955436707,
                    -0.00017526285955682397,
                    -0.5538742542266846,
                    -2.232738494873047
                ],
                [
                    -1.4551915228366852e-11,
                    1.0,
                    -0.00031643075635656714,
                    -0.0012755731586366892
                ],
                [
                    0.0,
                    0.0,
                    0.0,
                    1.0
                ]
            ]
        },
        {
            "file_path": "/data/shapenet_blender/all_50_random/02958343/9a22505d1e6221533c35e65001c8c258/r_18",
            "rotation": 0.12566370614359174,
            "transform_matrix": [
                [
                    -0.8437541723251343,
                    -0.21951618790626526,
                    -0.48978734016418457,
                    -1.9743958711624146
                ],
                [
                    -0.5367299318313599,
                    0.3450854420661926,
                    0.7699590921401978,
                    3.103804349899292
                ],
                [
                    0.0,
                    0.9125397205352783,
                    -0.4089881479740143,
                    -1.6486839056015015
                ],
                [
                    0.0,
                    0.0,
                    0.0,
                    1.0
                ]
            ]
        },
        {
            "file_path": "/data/shapenet_blender/all_50_random/02958343/9a22505d1e6221533c35e65001c8c258/r_19",
            "rotation": 0.12566370614359174,
            "transform_matrix": [
                [
                    0.8764479160308838,
                    -0.2769143581390381,
                    -0.3939003646373749,
                    -1.5878632068634033
                ],
                [
                    -0.48149675130844116,
                    -0.504055380821228,
                    -0.7169999480247498,
                    -2.890319347381592
                ],
                [
                    -1.4901162970204496e-08,
                    0.8180748224258423,
                    -0.5751116871833801,
                    -2.3183493614196777
                ],
                [
                    0.0,
                    0.0,
                    0.0,
                    1.0
                ]
            ]
        },
        {
            "file_path": "/data/shapenet_blender/all_50_random/02958343/9a22505d1e6221533c35e65001c8c258/r_20",
            "rotation": 0.12566370614359174,
            "transform_matrix": [
                [
                    0.7386614680290222,
                    -0.5844682455062866,
                    0.3358214795589447,
                    1.3537397384643555
                ],
                [
                    0.6740766167640686,
                    0.6404675245285034,
                    -0.36799734830856323,
                    -1.4834448099136353
                ],
                [
                    1.4901162970204496e-08,
                    0.49819493293762207,
                    0.8670650720596313,
                    3.495251178741455
                ],
                [
                    0.0,
                    0.0,
                    0.0,
                    1.0
                ]
            ]
        },
        {
            "file_path": "/data/shapenet_blender/all_50_random/02958343/9a22505d1e6221533c35e65001c8c258/r_21",
            "rotation": 0.12566370614359174,
            "transform_matrix": [
                [
                    0.06108339875936508,
                    0.6823906302452087,
                    0.728430986404419,
                    2.936399221420288
                ],
                [
                    0.9981326460838318,
                    -0.04176072031259537,
                    -0.04457828029990196,
                    -0.1797007918357849
                ],
                [
                    1.862645149230957e-09,
                    0.7297937273979187,
                    -0.6836673617362976,
                    -2.755951404571533
                ],
                [
                    0.0,
                    0.0,
                    0.0,
                    1.0
                ]
            ]
        },
        {
            "file_path": "/data/shapenet_blender/all_50_random/02958343/9a22505d1e6221533c35e65001c8c258/r_22",
            "rotation": 0.12566370614359174,
            "transform_matrix": [
                [
                    0.37431424856185913,
                    -0.5073978304862976,
                    0.776167631149292,
                    3.1288318634033203
                ],
                [
                    0.9273020029067993,
                    0.20481598377227783,
                    -0.3133074641227722,
                    -1.262982726097107
                ],
                [
                    0.0,
                    0.8370171189308167,
                    0.5471765398979187,
                    2.2057392597198486
                ],
                [
                    0.0,
                    0.0,
                    0.0,
                    1.0
                ]
            ]
        },
        {
            "file_path": "/data/shapenet_blender/all_50_random/02958343/9a22505d1e6221533c35e65001c8c258/r_23",
            "rotation": 0.12566370614359174,
            "transform_matrix": [
                [
                    -0.6306082010269165,
                    -0.3452470600605011,
                    -0.6950811147689819,
                    -2.801961660385132
                ],
                [
                    -0.7761014699935913,
                    0.28052473068237305,
                    0.5647765398025513,
                    2.2766871452331543
                ],
                [
                    0.0,
                    0.8956060409545898,
                    -0.4448479413986206,
                    -1.7932393550872803
                ],
                [
                    0.0,
                    0.0,
                    0.0,
                    1.0
                ]
            ]
        },
        {
            "file_path": "/data/shapenet_blender/all_50_random/02958343/9a22505d1e6221533c35e65001c8c258/r_24",
            "rotation": 0.12566370614359174,
            "transform_matrix": [
                [
                    -0.1700899451971054,
                    -0.754151463508606,
                    0.6342908143997192,
                    2.556908130645752
                ],
                [
                    0.9854286313056946,
                    -0.1301703304052353,
                    0.10948178917169571,
                    0.44133520126342773
                ],
                [
                    -7.450581485102248e-09,
                    0.6436699628829956,
                    0.7653031349182129,
                    3.085035562515259
                ],
                [
                    0.0,
                    0.0,
                    0.0,
                    1.0
                ]
            ]
        },
        {
            "file_path": "/data/shapenet_blender/all_50_random/02958343/9a22505d1e6221533c35e65001c8c258/r_25",
            "rotation": 0.12566370614359174,
            "transform_matrix": [
                [
                    -0.9799925088882446,
                    -0.052691441029310226,
                    0.19193300604820251,
                    0.7737067937850952
                ],
                [
                    0.19903437793254852,
                    -0.259438693523407,
                    0.9450272917747498,
                    3.8095273971557617
                ],
                [
                    0.0,
                    0.9643210768699646,
                    0.2647353708744049,
                    1.0671825408935547
                ],
                [
                    0.0,
                    0.0,
                    0.0,
                    1.0
                ]
            ]
        },
        {
            "file_path": "/data/shapenet_blender/all_50_random/02958343/9a22505d1e6221533c35e65001c8c258/r_26",
            "rotation": 0.12566370614359174,
            "transform_matrix": [
                [
                    0.265686571598053,
                    0.527636706829071,
                    -0.8068519830703735,
                    -3.2525243759155273
                ],
                [
                    -0.9640594720840454,
                    0.14541217684745789,
                    -0.22236154973506927,
                    -0.8963680863380432
                ],
                [
                    -1.4901161193847656e-08,
                    0.8369317650794983,
                    0.5473071932792664,
                    2.206265926361084
                ],
                [
                    0.0,
                    0.0,
                    0.0,
                    1.0
                ]
            ]
        },
        {
            "file_path": "/data/shapenet_blender/all_50_random/02958343/9a22505d1e6221533c35e65001c8c258/r_27",
            "rotation": 0.12566370614359174,
            "transform_matrix": [
                [
                    -0.6404123902320862,
                    -0.5629487633705139,
                    -0.5224562883377075,
                    -2.106088638305664
                ],
                [
                    -0.7680312395095825,
                    0.46940720081329346,
                    0.43564310669898987,
                    1.7561335563659668
                ],
                [
                    -1.4901161193847656e-08,
                    0.6802539229393005,
                    -0.7329764366149902,
                    -2.9547226428985596
                ],
                [
                    0.0,
                    0.0,
                    0.0,
                    1.0
                ]
            ]
        },
        {
            "file_path": "/data/shapenet_blender/all_50_random/02958343/9a22505d1e6221533c35e65001c8c258/r_28",
            "rotation": 0.12566370614359174,
            "transform_matrix": [
                [
                    0.8564510941505432,
                    -0.02905132994055748,
                    -0.5154099464416504,
                    -2.077684164047241
                ],
                [
                    -0.5162280797958374,
                    -0.04819777235388756,
                    -0.8550938367843628,
                    -3.446993827819824
                ],
                [
                    0.0,
                    0.9984153509140015,
                    -0.05627613887190819,
                    -0.22685638070106506
                ],
                [
                    0.0,
                    0.0,
                    0.0,
                    1.0
                ]
            ]
        },
        {
            "file_path": "/data/shapenet_blender/all_50_random/02958343/9a22505d1e6221533c35e65001c8c258/r_29",
            "rotation": 0.12566370614359174,
            "transform_matrix": [
                [
                    0.2153373807668686,
                    -0.06745275855064392,
                    -0.9742074012756348,
                    -3.9271552562713623
                ],
                [
                    -0.9765397310256958,
                    -0.01487404853105545,
                    -0.21482308208942413,
                    -0.8659794330596924
                ],
                [
                    1.862645149230957e-09,
                    0.9976115226745605,
                    -0.06907323747873306,
                    -0.2784430980682373
                ],
                [
                    0.0,
                    0.0,
                    0.0,
                    1.0
                ]
            ]
        },
        {
            "file_path": "/data/shapenet_blender/all_50_random/02958343/9a22505d1e6221533c35e65001c8c258/r_30",
            "rotation": 0.12566370614359174,
            "transform_matrix": [
                [
                    -0.8682323098182678,
                    -0.023695124313235283,
                    -0.4955917000770569,
                    -1.9977941513061523
                ],
                [
                    -0.49615785479545593,
                    0.04146437346935272,
                    0.867241621017456,
                    3.4959630966186523
                ],
                [
                    0.0,
                    0.9988589286804199,
                    -0.04775722697377205,
                    -0.1925155520439148
                ],
                [
                    0.0,
                    0.0,
                    0.0,
                    1.0
                ]
            ]
        },
        {
            "file_path": "/data/shapenet_blender/all_50_random/02958343/9a22505d1e6221533c35e65001c8c258/r_31",
            "rotation": 0.12566370614359174,
            "transform_matrix": [
                [
                    0.39053410291671753,
                    0.04638589546084404,
                    -0.9194190502166748,
                    -3.706296920776367
                ],
                [
                    -0.920588493347168,
                    0.01967792585492134,
                    -0.39003798365592957,
                    -1.5722935199737549
                ],
                [
                    0.0,
                    0.9987297058105469,
                    0.050387222319841385,
                    0.20311740040779114
                ],
                [
                    0.0,
                    0.0,
                    0.0,
                    1.0
                ]
            ]
        },
        {
            "file_path": "/data/shapenet_blender/all_50_random/02958343/9a22505d1e6221533c35e65001c8c258/r_32",
            "rotation": 0.12566370614359174,
            "transform_matrix": [
                [
                    -0.330920547246933,
                    0.04971030727028847,
                    -0.9423483610153198,
                    -3.798727512359619
                ],
                [
                    -0.9436585307121277,
                    -0.017432324588298798,
                    0.3304611146450043,
                    1.332131266593933
                ],
                [
                    1.8626448161640496e-09,
                    0.9986115097999573,
                    0.05267827585339546,
                    0.21235291659832
                ],
                [
                    0.0,
                    0.0,
                    0.0,
                    1.0
                ]
            ]
        },
        {
            "file_path": "/data/shapenet_blender/all_50_random/02958343/9a22505d1e6221533c35e65001c8c258/r_33",
            "rotation": 0.12566370614359174,
            "transform_matrix": [
                [
                    0.021378040313720703,
                    -0.7836978435516357,
                    0.6207741498947144,
                    2.5024209022521973
                ],
                [
                    0.9997714757919312,
                    0.016757754608988762,
                    -0.013273969292640686,
                    -0.05350908637046814
                ],
                [
                    0.0,
                    0.6209161281585693,
                    0.7838769555091858,
                    3.159909248352051
                ],
                [
                    0.0,
                    0.0,
                    0.0,
                    1.0
                ]
            ]
        },
        {
            "file_path": "/data/shapenet_blender/all_50_random/02958343/9a22505d1e6221533c35e65001c8c258/r_34",
            "rotation": 0.12566370614359174,
            "transform_matrix": [
                [
                    -0.998924732208252,
                    -0.00537511333823204,
                    0.04604858532547951,
                    0.1856277883052826
                ],
                [
                    0.046361230313777924,
                    -0.11581515520811081,
                    0.9921882152557373,
                    3.999638557434082
                ],
                [
                    0.0,
                    0.9932562708854675,
                    0.11593982577323914,
                    0.46736839413642883
                ],
                [
                    0.0,
                    0.0,
                    0.0,
                    1.0
                ]
            ]
        },
        {
            "file_path": "/data/shapenet_blender/all_50_random/02958343/9a22505d1e6221533c35e65001c8c258/r_35",
            "rotation": 0.12566370614359174,
            "transform_matrix": [
                [
                    0.942881166934967,
                    0.020704472437500954,
                    0.3324854075908661,
                    1.3402915000915527
                ],
                [
                    0.3331294655799866,
                    -0.058601412922143936,
                    -0.9410582184791565,
                    -3.793527126312256
                ],
                [
                    0.0,
                    0.9980666637420654,
                    -0.062151432037353516,
                    -0.25054043531417847
                ],
                [
                    0.0,
                    0.0,
                    0.0,
                    1.0
                ]
            ]
        },
        {
            "file_path": "/data/shapenet_blender/all_50_random/02958343/9a22505d1e6221533c35e65001c8c258/r_36",
            "rotation": 0.12566370614359174,
            "transform_matrix": [
                [
                    0.9900645017623901,
                    -0.1290503442287445,
                    0.05584334209561348,
                    0.22511173784732819
                ],
                [
                    0.14061464369297028,
                    0.9086405634880066,
                    -0.39319172501564026,
                    -1.585006833076477
                ],
                [
                    3.725291186640334e-09,
                    0.39713767170906067,
                    0.9177588820457458,
                    3.6996049880981445
                ],
                [
                    0.0,
                    0.0,
                    0.0,
                    1.0
                ]
            ]
        },
        {
            "file_path": "/data/shapenet_blender/all_50_random/02958343/9a22505d1e6221533c35e65001c8c258/r_37",
            "rotation": 0.12566370614359174,
            "transform_matrix": [
                [
                    0.9694567322731018,
                    -0.16461072862148285,
                    0.18181568384170532,
                    0.7329224944114685
                ],
                [
                    0.24526238441467285,
                    0.6506623029708862,
                    -0.7186688780784607,
                    -2.8970468044281006
                ],
                [
                    0.0,
                    0.7413108944892883,
                    0.6711617708206177,
                    2.7055397033691406
                ],
                [
                    0.0,
                    0.0,
                    0.0,
                    1.0
                ]
            ]
        },
        {
            "file_path": "/data/shapenet_blender/all_50_random/02958343/9a22505d1e6221533c35e65001c8c258/r_38",
            "rotation": 0.12566370614359174,
            "transform_matrix": [
                [
                    0.20973247289657593,
                    0.6111953854560852,
                    0.7631856203079224,
                    3.0764999389648438
                ],
                [
                    0.9777588248252869,
                    -0.13110341131687164,
                    -0.16370581090450287,
                    -0.659919261932373
                ],
                [
                    7.450581485102248e-09,
                    0.7805458307266235,
                    -0.6250982880592346,
                    -2.5198519229888916
                ],
                [
                    0.0,
                    0.0,
                    0.0,
                    1.0
                ]
            ]
        },
        {
            "file_path": "/data/shapenet_blender/all_50_random/02958343/9a22505d1e6221533c35e65001c8c258/r_39",
            "rotation": 0.12566370614359174,
            "transform_matrix": [
                [
                    -0.9687349796295166,
                    0.15723732113838196,
                    -0.1919087916612625,
                    -0.7736091613769531
                ],
                [
                    -0.24809789657592773,
                    -0.6139563918113708,
                    0.749336302280426,
                    3.0206716060638428
                ],
                [
                    0.0,
                    0.7735204696655273,
                    0.6337711811065674,
                    2.5548136234283447
                ],
                [
                    0.0,
                    0.0,
                    0.0,
                    1.0
                ]
            ]
        },
        {
            "file_path": "/data/shapenet_blender/all_50_random/02958343/9a22505d1e6221533c35e65001c8c258/r_40",
            "rotation": 0.12566370614359174,
            "transform_matrix": [
                [
                    0.9164789319038391,
                    -0.016454175114631653,
                    0.39974454045295715,
                    1.6114219427108765
                ],
                [
                    0.40008312463760376,
                    0.03769192844629288,
                    -0.9157034158706665,
                    -3.6913187503814697
                ],
                [
                    1.862645149230957e-09,
                    0.9991540312767029,
                    0.041126884520053864,
                    0.16578778624534607
                ],
                [
                    0.0,
                    0.0,
                    0.0,
                    1.0
                ]
            ]
        },
        {
            "file_path": "/data/shapenet_blender/all_50_random/02958343/9a22505d1e6221533c35e65001c8c258/r_41",
            "rotation": 0.12566370614359174,
            "transform_matrix": [
                [
                    0.9967775344848633,
                    -0.07506107538938522,
                    0.02829471044242382,
                    0.11405962705612183
                ],
                [
                    0.08021694421768188,
                    0.932710587978363,
                    -0.35159069299697876,
                    -1.4173073768615723
                ],
                [
                    0.0,
