{
    "class": "02958343",
    "model": "e9233510c6e0f2672a9eb0f146e94477",
    "remove_doubles": true,
    "edge_split": true,
    "denoise": true,
    "camera_angle_x": 0.6911112070083618,
    "scale_factor": 2.3930601720579125,
    "hdri_file": "/data/IndoorHDRDataset2018/AG8A6719-5b305f5869.exr",
    "center_offset": [
        0.0,
        0.0,
        3.725290298461914e-09
    ],
    "lights": [],
    "frames": [
        {
            "file_path": "/data/shapenet_blender/all_50_random/02958343/e9233510c6e0f2672a9eb0f146e94477/r_0",
            "rotation": 0.12566370614359174,
            "transform_matrix": [
                [
                    -0.7143722176551819,
                    0.08522432297468185,
                    -0.6945568323135376,
                    -2.7998480796813965
                ],
                [
                    -0.6997659802436829,
                    -0.08700321614742279,
                    0.7090543508529663,
                    2.8582894802093506
                ],
                [
                    0.0,
                    0.9925559163093567,
                    0.12178976088762283,
                    0.49095022678375244
                ],
                [
                    0.0,
                    0.0,
                    0.0,
                    1.0
                ]
            ]
        },
        {
            "file_path": "/data/shapenet_blender/all_50_random/02958343/e9233510c6e0f2672a9eb0f146e94477/r_1",
            "rotation": 0.12566370614359174,
            "transform_matrix": [
                [
                    0.745334267616272,
                    0.06813134253025055,
                    -0.6632005572319031,
                    -2.6734468936920166
                ],
                [
                    -0.6666909456253052,
                    0.07616815716028214,
                    -0.7414320707321167,
                    -2.9888083934783936
                ],
                [
                    0.0,
                    0.994764506816864,
                    0.10219330340623856,
                    0.4119543731212616
                ],
                [
                    0.0,
                    0.0,
                    0.0,
                    1.0
                ]
            ]
        },
        {
            "file_path": "/data/shapenet_blender/all_50_random/02958343/e9233510c6e0f2672a9eb0f146e94477/r_2",
            "rotation": 0.12566370614359174,
            "transform_matrix": [
                [
                    0.9087377786636353,
                    -0.36272555589675903,
                    -0.2064601331949234,
                    -0.8322674036026001
                ],
                [
                    -0.41736751794815063,
                    -0.7897653579711914,
                    -0.449527382850647,
                    -1.8121027946472168
                ],
                [
                    0.0,
                    0.4946722686290741,
                    -0.86907958984375,
                    -3.5033719539642334
                ],
                [
                    0.0,
                    0.0,
                    0.0,
                    1.0
                ]
            ]
        },
        {
            "file_path": "/data/shapenet_blender/all_50_random/02958343/e9233510c6e0f2672a9eb0f146e94477/r_3",
            "rotation": 0.12566370614359174,
            "transform_matrix": [
                [
                    0.7040125131607056,
                    0.22986064851284027,
                    -0.6719601154327393,
                    -2.7087578773498535
                ],
                [
                    -0.7101874947547913,
                    0.22786204516887665,
                    -0.6661175489425659,
                    -2.6852056980133057
                ],
                [
                    -1.4901160305669237e-08,
                    0.946172833442688,
                    0.3236618936061859,
                    1.304722785949707
                ],
                [
                    0.0,
                    0.0,
                    0.0,
                    1.0
                ]
            ]
        },
        {
            "file_path": "/data/shapenet_blender/all_50_random/02958343/e9233510c6e0f2672a9eb0f146e94477/r_4",
            "rotation": 0.12566370614359174,
            "transform_matrix": [
                [
                    0.44722265005111694,
                    -0.021712584421038628,
                    0.8941590785980225,
                    3.6044704914093018
                ],
                [
                    0.8944227695465088,
                    0.01085656601935625,
                    -0.4470908045768738,
                    -1.8022806644439697
                ],
                [
                    -9.31322685637781e-10,
                    0.9997052550315857,
                    0.024275530129671097,
                    0.09785779565572739
                ],
                [
                    0.0,
                    0.0,
                    0.0,
                    1.0
                ]
            ]
        },
        {
            "file_path": "/data/shapenet_blender/all_50_random/02958343/e9233510c6e0f2672a9eb0f146e94477/r_5",
            "rotation": 0.12566370614359174,
            "transform_matrix": [
                [
                    0.9946926236152649,
                    0.05659990757703781,
                    -0.085923932492733,
                    -0.3463704586029053
                ],
                [
                    -0.10289057344198227,
                    0.5471785068511963,
                    -0.8306679129600525,
                    -3.348529577255249
                ],
                [
                    3.725290076417309e-09,
                    0.8351001143455505,
                    0.5500980019569397,
                    2.2175159454345703
                ],
                [
                    0.0,
                    0.0,
                    0.0,
                    1.0
                ]
            ]
        },
        {
            "file_path": "/data/shapenet_blender/all_50_random/02958343/e9233510c6e0f2672a9eb0f146e94477/r_6",
            "rotation": 0.12566370614359174,
            "transform_matrix": [
                [
                    0.5340979099273682,
                    0.25798869132995605,
                    0.8050969839096069,
                    3.2454497814178467
                ],
                [
                    0.8454225659370422,
                    -0.16298505663871765,
                    -0.5086221694946289,
                    -2.050321578979492
                ],
                [
                    1.4901161193847656e-08,
                    0.9523012042045593,
                    -0.30515944957733154,
                    -1.2301371097564697
                ],
                [
                    0.0,
                    0.0,
                    0.0,
                    1.0
                ]
            ]
        },
        {
            "file_path": "/data/shapenet_blender/all_50_random/02958343/e9233510c6e0f2672a9eb0f146e94477/r_7",
            "rotation": 0.12566370614359174,
            "transform_matrix": [
                [
                    0.568001925945282,
                    -0.021013349294662476,
                    0.8227589130401611,
                    3.3166472911834717
                ],
                [
                    0.8230273127555847,
                    0.014502097852528095,
                    -0.5678166747093201,
                    -2.288942337036133
                ],
                [
                    0.0,
                    0.9996739625930786,
                    0.025531776249408722,
                    0.10292188078165054
                ],
                [
                    0.0,
                    0.0,
                    0.0,
                    1.0
                ]
            ]
        },
        {
            "file_path": "/data/shapenet_blender/all_50_random/02958343/e9233510c6e0f2672a9eb0f146e94477/r_8",
            "rotation": 0.12566370614359174,
            "transform_matrix": [
                [
                    -0.10353723168373108,
                    0.9924159646034241,
                    0.06626226007938385,
                    0.26711171865463257
                ],
                [
                    0.9946256279945374,
                    0.10330721735954285,
                    0.006897682324051857,
                    0.027805447578430176
                ],
                [
                    0.0,
                    0.06661964952945709,
                    -0.9977784156799316,
                    -4.0221734046936035
                ],
                [
                    0.0,
                    0.0,
                    0.0,
                    1.0
                ]
            ]
        },
        {
            "file_path": "/data/shapenet_blender/all_50_random/02958343/e9233510c6e0f2672a9eb0f146e94477/r_9",
            "rotation": 0.12566370614359174,
            "transform_matrix": [
                [
                    -0.25890666246414185,
                    0.20865637063980103,
                    0.943095862865448,
                    3.801741123199463
                ],
                [
                    0.9659022688865662,
                    0.05592959746718407,
                    0.25279349088668823,
                    1.019043207168579
                ],
                [
                    3.725290076417309e-09,
                    0.9763884544372559,
                    -0.21602220833301544,
                    -0.8708133697509766
                ],
                [
                    0.0,
                    0.0,
                    0.0,
                    1.0
                ]
            ]
        },
        {
            "file_path": "/data/shapenet_blender/all_50_random/02958343/e9233510c6e0f2672a9eb0f146e94477/r_10",
            "rotation": 0.12566370614359174,
            "transform_matrix": [
                [
                    0.3462989330291748,
                    0.5903241634368896,
                    0.7291051149368286,
                    2.9391167163848877
                ],
                [
                    0.9381241202354431,
                    -0.21791213750839233,
                    -0.26914170384407043,
                    -1.0849449634552002
                ],
                [
                    0.0,
                    0.7771945595741272,
                    -0.629260241985321,
                    -2.5366291999816895
                ],
                [
                    0.0,
                    0.0,
                    0.0,
                    1.0
                ]
            ]
        },
        {
            "file_path": "/data/shapenet_blender/all_50_random/02958343/e9233510c6e0f2672a9eb0f146e94477/r_11",
            "rotation": 0.12566370614359174,
            "transform_matrix": [
                [
                    -0.8914695978164673,
                    0.12638287246227264,
                    0.4350968897342682,
                    1.7539316415786743
                ],
                [
                    0.4530804753303528,
                    0.24866771697998047,
                    0.8560855388641357,
                    3.450991153717041
                ],
                [
                    0.0,
                    0.9603081941604614,
                    -0.2789413034915924,
                    -1.1244484186172485
                ],
                [
                    0.0,
                    0.0,
                    0.0,
                    1.0
                ]
            ]
        },
        {
            "file_path": "/data/shapenet_blender/all_50_random/02958343/e9233510c6e0f2672a9eb0f146e94477/r_12",
            "rotation": 0.12566370614359174,
            "transform_matrix": [
                [
                    -0.9995688199996948,
                    0.0010733682429417968,
                    0.029344582930207253,
                    0.11829180270433426
                ],
                [
                    0.029364213347434998,
                    0.036537859588861465,
                    0.9989006519317627,
                    4.026697635650635
                ],
                [
                    -1.1641533570472262e-10,
                    0.9993317127227783,
                    -0.03655361756682396,
                    -0.14735236763954163
                ],
                [
                    0.0,
                    0.0,
                    0.0,
                    1.0
                ]
            ]
        },
        {
            "file_path": "/data/shapenet_blender/all_50_random/02958343/e9233510c6e0f2672a9eb0f146e94477/r_13",
            "rotation": 0.12566370614359174,
            "transform_matrix": [
                [
                    0.9696982502937317,
                    0.041709646582603455,
                    -0.24071912467479706,
                    -0.970369815826416
                ],
                [
                    -0.24430593848228455,
                    0.1655537635087967,
                    -0.9554614424705505,
                    -3.851588249206543
                ],
                [
                    -3.725290298461914e-09,
                    0.9853183031082153,
                    0.17072711884975433,
                    0.6882230043411255
                ],
                [
                    0.0,
                    0.0,
                    0.0,
                    1.0
                ]
            ]
        },
        {
            "file_path": "/data/shapenet_blender/all_50_random/02958343/e9233510c6e0f2672a9eb0f146e94477/r_14",
            "rotation": 0.12566370614359174,
            "transform_matrix": [
                [
                    0.382542222738266,
                    -0.7480274438858032,
                    0.542324960231781,
                    2.1861820220947266
                ],
                [
                    0.9239380955696106,
                    0.3097091615200043,
                    -0.22454126179218292,
                    -0.905154824256897
                ],
                [
                    1.4901161193847656e-08,
                    0.5869712829589844,
                    0.809607744216919,
                    3.2636334896087646
                ],
                [
                    0.0,
                    0.0,
                    0.0,
                    1.0
                ]
            ]
        },
        {
            "file_path": "/data/shapenet_blender/all_50_random/02958343/e9233510c6e0f2672a9eb0f146e94477/r_15",
            "rotation": 0.12566370614359174,
            "transform_matrix": [
                [
                    -0.7677372694015503,
                    -0.46246060729026794,
                    0.4435197114944458,
                    1.7878851890563965
                ],
                [
                    0.6407648921012878,
                    -0.5541006326675415,
                    0.5314064621925354,
                    2.1421680450439453
                ],
                [
                    0.0,
                    0.6921723484992981,
                    0.7217321991920471,
                    2.909395456314087
                ],
                [
                    0.0,
                    0.0,
                    0.0,
                    1.0
                ]
            ]
        },
        {
            "file_path": "/data/shapenet_blender/all_50_random/02958343/e9233510c6e0f2672a9eb0f146e94477/r_16",
            "rotation": 0.12566370614359174,
            "transform_matrix": [
                [
                    0.6754060387611389,
                    -0.08978501707315445,
                    -0.7319599390029907,
                    -2.950624942779541
                ],
                [
                    -0.7374460697174072,
                    -0.0822315588593483,
                    -0.6703814268112183,
                    -2.7023940086364746
                ],
                [
                    0.0,
                    0.9925606846809387,
                    -0.12175128608942032,
                    -0.4907951354980469
                ],
                [
                    0.0,
                    0.0,
                    0.0,
                    1.0
                ]
            ]
        },
        {
            "file_path": "/data/shapenet_blender/all_50_random/02958343/e9233510c6e0f2672a9eb0f146e94477/r_17",
            "rotation": 0.12566370614359174,
            "transform_matrix": [
                [
                    -0.22072720527648926,
                    -0.1519167572259903,
                    -0.9634318351745605,
                    -3.8837175369262695
                ],
                [
                    -0.9753355383872986,
                    0.03438013046979904,
                    0.21803328394889832,
                    0.8789201974868774
                ],
                [
                    3.725290076417309e-09,
                    0.9877950549125671,
                    -0.15575848519802094,
                    -0.6278824806213379
                ],
                [
                    0.0,
                    0.0,
                    0.0,
                    1.0
                ]
            ]
        },
        {
            "file_path": "/data/shapenet_blender/all_50_random/02958343/e9233510c6e0f2672a9eb0f146e94477/r_18",
            "rotation": 0.12566370614359174,
            "transform_matrix": [
                [
                    -0.5263783931732178,
                    0.36458563804626465,
                    -0.7681165933609009,
                    -3.09637713432312
                ],
                [
                    -0.8502504825592041,
                    -0.2257099598646164,
                    0.4755304157733917,
                    1.9169244766235352
                ],
                [
                    -1.4901162970204496e-08,
                    0.9034003019332886,
                    0.4287979304790497,
                    1.7285397052764893
                ],
                [
                    0.0,
                    0.0,
                    0.0,
                    1.0
                ]
            ]
        },
        {
            "file_path": "/data/shapenet_blender/all_50_random/02958343/e9233510c6e0f2672a9eb0f146e94477/r_19",
            "rotation": 0.12566370614359174,
            "transform_matrix": [
                [
                    -0.7983417510986328,
                    0.28089407086372375,
                    -0.5326809287071228,
                    -2.147305488586426
                ],
                [
                    -0.6022046804428101,
                    -0.372380793094635,
                    0.7061741948127747,
                    2.846679210662842
                ],
                [
                    0.0,
                    0.8845512270927429,
                    0.46644291281700134,
                    1.8802915811538696
                ],
                [
                    0.0,
                    0.0,
                    0.0,
                    1.0
                ]
            ]
        },
        {
            "file_path": "/data/shapenet_blender/all_50_random/02958343/e9233510c6e0f2672a9eb0f146e94477/r_20",
            "rotation": 0.12566370614359174,
            "transform_matrix": [
                [
                    0.9869408011436462,
                    -0.15965455770492554,
                    0.021409358829259872,
                    0.08630388230085373
                ],
                [
                    0.1610836535692215,
                    0.9781848788261414,
                    -0.13117262721061707,
                    -0.5287737846374512
                ],
                [
                    -1.862645149230957e-09,
                    0.13290822505950928,
                    0.9911283254623413,
                    3.995366096496582
                ],
                [
                    0.0,
                    0.0,
                    0.0,
                    1.0
                ]
            ]
        },
        {
            "file_path": "/data/shapenet_blender/all_50_random/02958343/e9233510c6e0f2672a9eb0f146e94477/r_21",
            "rotation": 0.12566370614359174,
            "transform_matrix": [
                [
                    -0.9306003451347351,
                    -0.21848337352275848,
                    -0.29367995262145996,
                    -1.1838617324829102
                ],
                [
                    -0.3660367429256439,
                    0.5554652810096741,
                    0.7466427087783813,
                    3.009813070297241
                ],
                [
                    0.0,
                    0.8023236393928528,
                    -0.5968891978263855,
                    -2.406137228012085
                ],
                [
                    0.0,
                    0.0,
                    0.0,
                    1.0
                ]
            ]
        },
        {
            "file_path": "/data/shapenet_blender/all_50_random/02958343/e9233510c6e0f2672a9eb0f146e94477/r_22",
            "rotation": 0.12566370614359174,
            "transform_matrix": [
                [
                    0.9994614124298096,
                    -0.00457422761246562,
                    -0.03249682858586311,
                    -0.1309989094734192
                ],
                [
                    -0.032817184925079346,
                    -0.1393100470304489,
                    -0.9897048473358154,
                    -3.9896278381347656
                ],
                [
                    4.656613428188905e-10,
                    0.9902381300926208,
                    -0.1393851488828659,
                    -0.5618795156478882
                ],
                [
                    0.0,
                    0.0,
                    0.0,
                    1.0
                ]
            ]
        },
        {
            "file_path": "/data/shapenet_blender/all_50_random/02958343/e9233510c6e0f2672a9eb0f146e94477/r_23",
            "rotation": 0.12566370614359174,
            "transform_matrix": [
                [
                    0.507396399974823,
                    0.22527483105659485,
                    -0.8317452669143677,
                    -3.352872371673584
                ],
                [
                    -0.8617126941680908,
                    0.13264703750610352,
                    -0.48975086212158203,
                    -1.9742488861083984
                ],
                [
                    7.4505797087454084e-09,
                    0.9652233123779297,
                    0.26142680644989014,
                    1.0538451671600342
                ],
                [
                    0.0,
                    0.0,
                    0.0,
                    1.0
                ]
            ]
        },
        {
            "file_path": "/data/shapenet_blender/all_50_random/02958343/e9233510c6e0f2672a9eb0f146e94477/r_24",
            "rotation": 0.12566370614359174,
            "transform_matrix": [
                [
                    0.7508520483970642,
                    0.48787248134613037,
                    -0.4451983869075775,
                    -1.7946521043777466
                ],
                [
                    -0.6604703664779663,
                    0.5546351075172424,
                    -0.5061213374137878,
                    -2.0402402877807617
                ],
                [
                    -1.4901160305669237e-08,
                    0.6740625500679016,
                    0.7386742830276489,
                    2.977691173553467
                ],
                [
                    0.0,
                    0.0,
                    0.0,
                    1.0
                ]
            ]
        },
        {
            "file_path": "/data/shapenet_blender/all_50_random/02958343/e9233510c6e0f2672a9eb0f146e94477/r_25",
            "rotation": 0.12566370614359174,
            "transform_matrix": [
                [
                    -0.8995442390441895,
                    0.13845786452293396,
                    0.41430604457855225,
                    1.670121192932129
                ],
                [
                    0.4368296265602112,
                    0.28512027859687805,
                    0.853162407875061,
                    3.4392080307006836
                ],
                [
                    -1.4901161193847656e-08,
                    0.9484385251998901,
                    -0.31696081161499023,
                    -1.2777100801467896
                ],
                [
                    0.0,
                    0.0,
                    0.0,
                    1.0
                ]
            ]
        },
        {
            "file_path": "/data/shapenet_blender/all_50_random/02958343/e9233510c6e0f2672a9eb0f146e94477/r_26",
            "rotation": 0.12566370614359174,
            "transform_matrix": [
                [
                    0.2008877545595169,
                    0.6378061771392822,
                    -0.7435370087623596,
                    -2.997293472290039
                ],
                [
                    -0.9796141982078552,
                    0.13079378008842468,
                    -0.15247581899166107,
                    -0.6146497130393982
                ],
                [
                    0.0,
                    0.7590099573135376,
                    0.6510789394378662,
                    2.6245832443237305
                ],
                [
                    0.0,
                    0.0,
                    0.0,
                    1.0
                ]
            ]
        },
        {
            "file_path": "/data/shapenet_blender/all_50_random/02958343/e9233510c6e0f2672a9eb0f146e94477/r_27",
            "rotation": 0.12566370614359174,
            "transform_matrix": [
                [
                    -0.4789927303791046,
                    0.32895419001579285,
                    -0.8138520121574402,
                    -3.2807424068450928
                ],
                [
                    -0.8778189420700073,
                    -0.17949792742729187,
                    0.4440883994102478,
                    1.790177583694458
                ],
                [
                    -1.4901161193847656e-08,
                    0.927129864692688,
                    0.3747403621673584,
                    1.5106266736984253
                ],
                [
                    0.0,
                    0.0,
                    0.0,
                    1.0
                ]
            ]
        },
        {
            "file_path": "/data/shapenet_blender/all_50_random/02958343/e9233510c6e0f2672a9eb0f146e94477/r_28",
            "rotation": 0.12566370614359174,
            "transform_matrix": [
                [
                    -0.3743175268173218,
                    0.5754280090332031,
                    -0.7271649837493896,
                    -2.9312961101531982
                ],
                [
                    -0.9273006319999695,
                    -0.23227936029434204,
                    0.29353004693984985,
                    1.1832575798034668
                ],
                [
                    1.4901161193847656e-08,
                    0.7841739654541016,
                    0.6205409169197083,
                    2.5014805793762207
                ],
                [
                    0.0,
                    0.0,
                    0.0,
                    1.0
                ]
            ]
        },
        {
            "file_path": "/data/shapenet_blender/all_50_random/02958343/e9233510c6e0f2672a9eb0f146e94477/r_29",
            "rotation": 0.12566370614359174,
            "transform_matrix": [
                [
                    0.9981779456138611,
                    0.020991530269384384,
                    0.056569576263427734,
                    0.22803926467895508
                ],
                [
                    0.06033872440457344,
                    -0.347260981798172,
                    -0.9358252882957458,
                    -3.772432565689087
                ],
                [
                    1.862645149230957e-09,
                    0.937533438205719,
                    -0.3478948473930359,
                    -1.4024090766906738
                ],
                [
                    0.0,
                    0.0,
                    0.0,
                    1.0
                ]
            ]
        },
        {
            "file_path": "/data/shapenet_blender/all_50_random/02958343/e9233510c6e0f2672a9eb0f146e94477/r_30",
            "rotation": 0.12566370614359174,
            "transform_matrix": [
                [
                    -0.9966539144515991,
                    -0.0005116602987982333,
                    0.08173645287752151,
                    0.32949018478393555
                ],
                [
                    0.08173806220293045,
                    -0.00623881071805954,
                    0.996634304523468,
                    4.017561435699463
                ],
                [
                    0.0,
                    0.9999804496765137,
                    0.006259756162762642,
                    0.025233883410692215
                ],
                [
                    0.0,
                    0.0,
                    0.0,
                    1.0
                ]
            ]
        },
        {
            "file_path": "/data/shapenet_blender/all_50_random/02958343/e9233510c6e0f2672a9eb0f146e94477/r_31",
            "rotation": 0.12566370614359174,
            "transform_matrix": [
                [
                    -0.6907804608345032,
                    -0.0014819682110100985,
                    -0.723063051700592,
                    -2.9147603511810303
                ],
                [
                    -0.7230645418167114,
                    0.0014157998375594616,
                    0.6907789707183838,
                    2.784619092941284
                ],
                [
                    1.1641530794914701e-10,
                    0.9999979734420776,
                    -0.002049565315246582,
                    -0.008262062445282936
                ],
                [
                    0.0,
                    0.0,
                    0.0,
                    1.0
                ]
            ]
        },
        {
            "file_path": "/data/shapenet_blender/all_50_random/02958343/e9233510c6e0f2672a9eb0f146e94477/r_32",
            "rotation": 0.12566370614359174,
            "transform_matrix": [
                [
                    0.7750611901283264,
                    0.4236699938774109,
                    -0.4688110649585724,
                    -1.8898379802703857
                ],
                [
                    -0.6318861246109009,
                    0.5196665525436401,
                    -0.5750358700752258,
                    -2.3180439472198486
                ],
                [
                    -1.4901161193847656e-08,
                    0.7419232726097107,
                    0.6704846620559692,
                    2.702810287475586
                ],
                [
                    0.0,
                    0.0,
                    0.0,
                    1.0
                ]
            ]
        },
        {
            "file_path": "/data/shapenet_blender/all_50_random/02958343/e9233510c6e0f2672a9eb0f146e94477/r_33",
            "rotation": 0.12566370614359174,
            "transform_matrix": [
                [
                    0.24515597522258759,
                    -0.1356310248374939,
                    -0.9599493145942688,
                    -3.8696796894073486
                ],
                [
                    -0.9694836139678955,
                    -0.034297384321689606,
                    -0.24274501204490662,
                    -0.9785364866256714
                ],
                [
                    3.725290076417309e-09,
                    0.9901655316352844,
                    -0.13990028202533722,
                    -0.5639561414718628
                ],
                [
                    0.0,
                    0.0,
                    0.0,
                    1.0
                ]
            ]
        },
        {
            "file_path": "/data/shapenet_blender/all_50_random/02958343/e9233510c6e0f2672a9eb0f146e94477/r_34",
            "rotation": 0.12566370614359174,
            "transform_matrix": [
                [
                    -0.636127233505249,
                    0.05699284374713898,
                    -0.7694764137268066,
                    -3.101858615875244
                ],
                [
                    -0.771584153175354,
                    -0.04698735475540161,
                    0.6343895196914673,
                    2.5573060512542725
                ],
                [
                    3.725290298461914e-09,
                    0.9972682595252991,
                    0.07386471331119537,
                    0.29775819182395935
                ],
                [
                    0.0,
                    0.0,
                    0.0,
                    1.0
                ]
            ]
        },
        {
            "file_path": "/data/shapenet_blender/all_50_random/02958343/e9233510c6e0f2672a9eb0f146e94477/r_35",
            "rotation": 0.12566370614359174,
            "transform_matrix": [
                [
                    -0.7459830641746521,
                    0.21792198717594147,
                    0.6293006539344788,
                    2.536792039871216
                ],
                [
                    0.6659649610519409,
                    0.24410611391067505,
                    0.7049134373664856,
                    2.841596841812134
                ],
                [
                    0.0,
                    0.9449456334114075,
                    -0.3272274434566498,
                    -1.3190959692001343
                ],
                [
                    0.0,
                    0.0,
                    0.0,
                    1.0
                ]
            ]
        },
        {
            "file_path": "/data/shapenet_blender/all_50_random/02958343/e9233510c6e0f2672a9eb0f146e94477/r_36",
            "rotation": 0.12566370614359174,
            "transform_matrix": [
                [
                    -0.49031224846839905,
                    -0.22420352697372437,
                    0.8422152400016785,
                    3.395078420639038
                ],
                [
                    0.871546745300293,
                    -0.1261317878961563,
                    0.4738110303878784,
                    1.9099935293197632
                ],
                [
                    1.4901160305669237e-08,
                    0.9663454294204712,
                    0.25724780559539795,
                    1.036999225616455
                ],
                [
                    0.0,
                    0.0,
                    0.0,
                    1.0
                ]
            ]
        },
        {
            "file_path": "/data/shapenet_blender/all_50_random/02958343/e9233510c6e0f2672a9eb0f146e94477/r_37",
            "rotation": 0.12566370614359174,
            "transform_matrix": [
                [
                    -0.467977911233902,
                    -0.7076399326324463,
                    0.5293793082237244,
                    2.1339962482452393
                ],
                [
                    0.8837401270866394,
                    -0.3747254014015198,
                    0.28032881021499634,
                    1.1300415992736816
                ],
                [
                    1.4901160305669237e-08,
                    0.5990213751792908,
                    0.8007330298423767,
                    3.227858066558838
                ],
                [
                    0.0,
                    0.0,
                    0.0,
                    1.0
                ]
            ]
        },
        {
            "file_path": "/data/shapenet_blender/all_50_random/02958343/e9233510c6e0f2672a9eb0f146e94477/r_38",
            "rotation": 0.12566370614359174,
            "transform_matrix": [
                [
                    -0.994882345199585,
                    -0.022559942677617073,
                    -0.09848961234092712,
                    -0.39702433347702026
                ],
                [
                    -0.10104037076234818,
                    0.22213387489318848,
                    0.9697666168212891,
                    3.909254312515259
                ],
                [
                    0.0,
                    0.9747551083564758,
                    -0.2232765257358551,
                    -0.9000564813613892
                ],
                [
                    0.0,
                    0.0,
                    0.0,
                    1.0
                ]
            ]
        },
        {
            "file_path": "/data/shapenet_blender/all_50_random/02958343/e9233510c6e0f2672a9eb0f146e94477/r_39",
            "rotation": 0.12566370614359174,
            "transform_matrix": [
                [
                    -0.4710389971733093,
                    0.024294894188642502,
                    0.8817777037620544,
                    3.5545597076416016
                ],
                [
                    0.8821123838424683,
                    0.012973225675523281,
                    0.4708602726459503,
                    1.8980984687805176
                ],
                [
                    -9.31322685637781e-10,
                    0.9996206164360046,
                    -0.027541721239686012,
                    -0.11102423071861267
                ],
                [
                    0.0,
                    0.0,
                    0.0,
                    1.0
                ]
            ]
        },
        {
            "file_path": "/data/shapenet_blender/all_50_random/02958343/e9233510c6e0f2672a9eb0f146e94477/r_40",
            "rotation": 0.12566370614359174,
            "transform_matrix": [
                [
                    -0.9001575708389282,
                    0.03672939911484718,
                    -0.4340131878852844,
                    -1.7495630979537964
                ],
                [
                    -0.4355646073818207,
                    -0.07590664178133011,
                    0.8969513177871704,
                    3.6157264709472656
                ],
                [
                    0.0,
                    0.9964381456375122,
                    0.08432596921920776,
                    0.33992886543273926
                ],
                [
                    0.0,
                    0.0,
                    0.0,
                    1.0
                ]
            ]
        },
        {
            "file_path": "/data/shapenet_blender/all_50_random/02958343/e9233510c6e0f2672a9eb0f146e94477/r_41",
            "rotation": 0.12566370614359174,
            "transform_matrix": [
                [
                    -0.9906966686248779,
                    -0.01988280564546585,
                    0.1346289962530136,
                    0.5427068471908569
                ],
                [
                    0.13608931005001068,
                    -0.1447419375181198,
