{
    "class": "02958343",
    "model": "9807c1d0bcec85fcc3c0146ad3ea2d7d",
    "remove_doubles": true,
    "edge_split": true,
    "denoise": true,
    "camera_angle_x": 0.6911112070083618,
    "scale_factor": 2.372969010360054,
    "hdri_file": "/data/IndoorHDRDataset2018/9C4A6688-66df351916.exr",
    "center_offset": [
        0.0,
        -2.6193447411060333e-09,
        0.0
    ],
    "lights": [],
    "frames": [
        {
            "file_path": "/data/shapenet_blender/all_50_random/02958343/9807c1d0bcec85fcc3c0146ad3ea2d7d/r_0",
            "rotation": 0.12566370614359174,
            "transform_matrix": [
                [
                    -0.9039825201034546,
                    -0.0479605495929718,
                    -0.4248710572719574,
                    -1.7127100229263306
                ],
                [
                    -0.4275694191455841,
                    0.10139990597963333,
                    0.8982775211334229,
                    3.62107253074646
                ],
                [
                    3.725290298461914e-09,
                    0.9936890006065369,
                    -0.11217021197080612,
                    -0.45217257738113403
                ],
                [
                    0.0,
                    0.0,
                    0.0,
                    1.0
                ]
            ]
        },
        {
            "file_path": "/data/shapenet_blender/all_50_random/02958343/9807c1d0bcec85fcc3c0146ad3ea2d7d/r_1",
            "rotation": 0.12566370614359174,
            "transform_matrix": [
                [
                    0.6500239968299866,
                    -0.036406807601451874,
                    -0.7590410709381104,
                    -3.0597925186157227
                ],
                [
                    -0.7599137425422668,
                    -0.031142083927989006,
                    -0.6492775678634644,
                    -2.617321491241455
                ],
                [
                    3.725290298461914e-09,
                    0.9988517761230469,
                    -0.047909125685691833,
                    -0.1931278556585312
                ],
                [
                    0.0,
                    0.0,
                    0.0,
                    1.0
                ]
            ]
        },
        {
            "file_path": "/data/shapenet_blender/all_50_random/02958343/9807c1d0bcec85fcc3c0146ad3ea2d7d/r_2",
            "rotation": 0.12566370614359174,
            "transform_matrix": [
                [
                    -0.5330483913421631,
                    0.6937679052352905,
                    0.4842987656593323,
                    1.9522709846496582
                ],
                [
                    0.8460847735404968,
                    0.4370860755443573,
                    0.30511680245399475,
                    1.229965329170227
                ],
                [
                    -1.4901161193847656e-08,
                    0.5723998546600342,
                    -0.8199744820594788,
                    -3.3054232597351074
                ],
                [
                    0.0,
                    0.0,
                    0.0,
                    1.0
                ]
            ]
        },
        {
            "file_path": "/data/shapenet_blender/all_50_random/02958343/9807c1d0bcec85fcc3c0146ad3ea2d7d/r_3",
            "rotation": 0.12566370614359174,
            "transform_matrix": [
                [
                    -0.8125174641609192,
                    -0.1852228045463562,
                    0.5527276396751404,
                    2.228116273880005
                ],
                [
                    0.5829368233680725,
                    -0.258169949054718,
                    0.7704108953475952,
                    3.105625629425049
                ],
                [
                    0.0,
                    0.9481775164604187,
                    0.3177408277988434,
                    1.2808542251586914
                ],
                [
                    0.0,
                    0.0,
                    0.0,
                    1.0
                ]
            ]
        },
        {
            "file_path": "/data/shapenet_blender/all_50_random/02958343/9807c1d0bcec85fcc3c0146ad3ea2d7d/r_4",
            "rotation": 0.12566370614359174,
            "transform_matrix": [
                [
                    0.9078027606010437,
                    0.12300904095172882,
                    -0.40095269680023193,
                    -1.6162919998168945
                ],
                [
                    -0.41939759254455566,
                    0.2662579417228699,
                    -0.8678780794143677,
                    -3.498528480529785
                ],
                [
                    -7.450581485102248e-09,
                    0.9560205936431885,
                    0.2932993769645691,
                    1.1823276281356812
                ],
                [
                    0.0,
                    0.0,
                    0.0,
                    1.0
                ]
            ]
        },
        {
            "file_path": "/data/shapenet_blender/all_50_random/02958343/9807c1d0bcec85fcc3c0146ad3ea2d7d/r_5",
            "rotation": 0.12566370614359174,
            "transform_matrix": [
                [
                    0.5303813815116882,
                    0.24211600422859192,
                    0.8124502897262573,
                    3.2750918865203857
                ],
                [
                    0.8477592468261719,
                    -0.15147438645362854,
                    -0.5082911252975464,
                    -2.0489871501922607
                ],
                [
                    -7.450581485102248e-09,
                    0.9583502411842346,
                    -0.28559526801109314,
                    -1.1512713432312012
                ],
                [
                    0.0,
                    0.0,
                    0.0,
                    1.0
                ]
            ]
        },
        {
            "file_path": "/data/shapenet_blender/all_50_random/02958343/9807c1d0bcec85fcc3c0146ad3ea2d7d/r_6",
            "rotation": 0.12566370614359174,
            "transform_matrix": [
                [
                    -0.6763955950737,
                    -0.26949262619018555,
                    -0.6854653358459473,
                    -2.7631990909576416
                ],
                [
                    -0.7365385293960571,
                    0.247486874461174,
                    0.6294928789138794,
                    2.537566900253296
                ],
                [
                    -1.4901161193847656e-08,
                    0.9306578040122986,
                    -0.3658907413482666,
                    -1.4749526977539062
                ],
                [
                    0.0,
                    0.0,
                    0.0,
                    1.0
                ]
            ]
        },
        {
            "file_path": "/data/shapenet_blender/all_50_random/02958343/9807c1d0bcec85fcc3c0146ad3ea2d7d/r_7",
            "rotation": 0.12566370614359174,
            "transform_matrix": [
                [
                    0.22136962413787842,
                    -0.5968268513679504,
                    0.7712283134460449,
                    3.1089208126068115
                ],
                [
                    0.9751899838447571,
                    0.1354806125164032,
                    -0.17507000267505646,
                    -0.7057297825813293
                ],
                [
                    -7.450581485102248e-09,
                    0.7908492684364319,
                    0.6120108962059021,
                    2.467094898223877
                ],
                [
                    0.0,
                    0.0,
                    0.0,
                    1.0
                ]
            ]
        },
        {
            "file_path": "/data/shapenet_blender/all_50_random/02958343/9807c1d0bcec85fcc3c0146ad3ea2d7d/r_8",
            "rotation": 0.12566370614359174,
            "transform_matrix": [
                [
                    0.9282615780830383,
                    -0.022417163476347923,
                    0.3712518513202667,
                    1.4965639114379883
                ],
                [
                    0.37192800641059875,
                    0.05594897270202637,
                    -0.9265739917755127,
                    -3.7351388931274414
                ],
                [
                    1.8626450382086546e-09,
                    0.9981818795204163,
                    0.060272861272096634,
                    0.2429676502943039
                ],
                [
                    0.0,
                    0.0,
                    0.0,
                    1.0
                ]
            ]
        },
        {
            "file_path": "/data/shapenet_blender/all_50_random/02958343/9807c1d0bcec85fcc3c0146ad3ea2d7d/r_9",
            "rotation": 0.12566370614359174,
            "transform_matrix": [
                [
                    -0.9307451844215393,
                    -0.23107916116714478,
                    0.2834007740020752,
                    1.1424250602722168
                ],
                [
                    0.3656686842441559,
                    -0.5881712436676025,
                    0.7213466763496399,
                    2.907841444015503
                ],
                [
                    0.0,
                    0.7750205993652344,
                    0.6319358944892883,
                    2.547415018081665
                ],
                [
                    0.0,
                    0.0,
                    0.0,
                    1.0
                ]
            ]
        },
        {
            "file_path": "/data/shapenet_blender/all_50_random/02958343/9807c1d0bcec85fcc3c0146ad3ea2d7d/r_10",
            "rotation": 0.12566370614359174,
            "transform_matrix": [
                [
                    0.03535718470811844,
                    0.885349690914154,
                    -0.4635792076587677,
                    -1.8687477111816406
                ],
                [
                    -0.9993746876716614,
                    0.031323060393333435,
                    -0.01640111207962036,
                    -0.06611500680446625
                ],
                [
                    -9.313225191043273e-10,
                    0.4638693034648895,
                    0.8859035968780518,
                    3.5711917877197266
                ],
                [
                    0.0,
                    0.0,
                    0.0,
                    1.0
                ]
            ]
        },
        {
            "file_path": "/data/shapenet_blender/all_50_random/02958343/9807c1d0bcec85fcc3c0146ad3ea2d7d/r_11",
            "rotation": 0.12566370614359174,
            "transform_matrix": [
                [
                    -0.9015306830406189,
                    0.05335303395986557,
                    -0.4294133186340332,
                    -1.731020212173462
                ],
                [
                    -0.4327150285243988,
                    -0.11115720868110657,
                    0.8946517705917358,
                    3.6064562797546387
                ],
                [
                    0.0,
                    0.9923695921897888,
                    0.12329832464456558,
                    0.49703139066696167
                ],
                [
                    0.0,
                    0.0,
                    0.0,
                    1.0
                ]
            ]
        },
        {
            "file_path": "/data/shapenet_blender/all_50_random/02958343/9807c1d0bcec85fcc3c0146ad3ea2d7d/r_12",
            "rotation": 0.12566370614359174,
            "transform_matrix": [
                [
                    0.987400472164154,
                    0.019708115607500076,
                    -0.15700934827327728,
                    -0.6329249143600464
                ],
                [
                    -0.1582413911819458,
                    0.1229754090309143,
                    -0.9797126054763794,
                    -3.949347734451294
                ],
                [
                    0.0,
                    0.992214024066925,
                    0.12454462796449661,
                    0.5020554661750793
                ],
                [
                    0.0,
                    0.0,
                    0.0,
                    1.0
                ]
            ]
        },
        {
            "file_path": "/data/shapenet_blender/all_50_random/02958343/9807c1d0bcec85fcc3c0146ad3ea2d7d/r_13",
            "rotation": 0.12566370614359174,
            "transform_matrix": [
                [
                    -0.11115235835313797,
                    -0.2930828332901001,
                    0.9496039152145386,
                    3.8279757499694824
                ],
                [
                    0.9938033223152161,
                    -0.03277997672557831,
                    0.10620885342359543,
                    0.42814159393310547
                ],
                [
                    3.725290076417309e-09,
                    0.9555249810218811,
                    0.2949102520942688,
                    1.1888211965560913
                ],
                [
                    0.0,
                    0.0,
                    0.0,
                    1.0
                ]
            ]
        },
        {
            "file_path": "/data/shapenet_blender/all_50_random/02958343/9807c1d0bcec85fcc3c0146ad3ea2d7d/r_14",
            "rotation": 0.12566370614359174,
            "transform_matrix": [
                [
                    -0.4031383693218231,
                    0.8217138051986694,
                    0.4028223752975464,
                    1.6238290071487427
                ],
                [
                    0.9151390790939331,
                    0.3619825541973114,
                    0.17745187878608704,
                    0.7153314352035522
                ],
                [
                    -1.4901161193847656e-08,
                    0.44017624855041504,
                    -0.8979113698005676,
                    -3.6195967197418213
                ],
                [
                    0.0,
                    0.0,
                    0.0,
                    1.0
                ]
            ]
        },
        {
            "file_path": "/data/shapenet_blender/all_50_random/02958343/9807c1d0bcec85fcc3c0146ad3ea2d7d/r_15",
            "rotation": 0.12566370614359174,
            "transform_matrix": [
                [
                    -0.35385340452194214,
                    -0.030055437237024307,
                    0.9348178505897522,
                    3.768371343612671
                ],
                [
                    0.935300886631012,
                    -0.011370906606316566,
                    0.3536706566810608,
                    1.4256919622421265
                ],
                [
                    0.0,
                    0.999483585357666,
                    0.032134510576725006,
                    0.12953835725784302
                ],
                [
                    0.0,
                    0.0,
                    0.0,
                    1.0
                ]
            ]
        },
        {
            "file_path": "/data/shapenet_blender/all_50_random/02958343/9807c1d0bcec85fcc3c0146ad3ea2d7d/r_16",
            "rotation": 0.12566370614359174,
            "transform_matrix": [
                [
                    0.09554477781057358,
                    -0.6194214224815369,
                    0.7792227864265442,
                    3.1411476135253906
                ],
                [
                    0.9954251050949097,
                    0.059454478323459625,
                    -0.07479283213615417,
                    -0.30149954557418823
                ],
                [
                    0.0,
                    0.7828038930892944,
                    0.6222683191299438,
                    2.508443832397461
                ],
                [
                    0.0,
                    0.0,
                    0.0,
                    1.0
                ]
            ]
        },
        {
            "file_path": "/data/shapenet_blender/all_50_random/02958343/9807c1d0bcec85fcc3c0146ad3ea2d7d/r_17",
            "rotation": 0.12566370614359174,
            "transform_matrix": [
                [
                    0.5082724094390869,
                    -0.5982640385627747,
                    -0.6194669008255005,
                    -2.4971508979797363
                ],
                [
                    -0.8611961603164673,
                    -0.3530915677547455,
                    -0.3656053841114044,
                    -1.4738024473190308
                ],
                [
                    1.4901157641133977e-08,
                    0.7193097472190857,
                    -0.6946894526481628,
                    -2.800382614135742
                ],
                [
                    0.0,
                    0.0,
                    0.0,
                    1.0
                ]
            ]
        },
        {
            "file_path": "/data/shapenet_blender/all_50_random/02958343/9807c1d0bcec85fcc3c0146ad3ea2d7d/r_18",
            "rotation": 0.12566370614359174,
            "transform_matrix": [
                [
                    0.4669162333011627,
                    -0.2131064385175705,
                    0.8582393527030945,
                    3.4596734046936035
                ],
                [
                    0.8843014240264893,
                    0.11252143979072571,
                    -0.4531553387641907,
                    -1.8267276287078857
                ],
                [
                    -7.4505797087454084e-09,
                    0.9705280065536499,
                    0.24098843336105347,
                    0.971455454826355
                ],
                [
                    0.0,
                    0.0,
                    0.0,
                    1.0
                ]
            ]
        },
        {
            "file_path": "/data/shapenet_blender/all_50_random/02958343/9807c1d0bcec85fcc3c0146ad3ea2d7d/r_19",
            "rotation": 0.12566370614359174,
            "transform_matrix": [
                [
                    0.9575021862983704,
                    -0.06294923275709152,
                    0.2814730703830719,
                    1.1346542835235596
                ],
                [
                    0.2884262800216675,
                    0.20897550880908966,
                    -0.9344193339347839,
                    -3.7667648792266846
                ],
                [
                    0.0,
                    0.9758926033973694,
                    0.21825073659420013,
                    0.8797968626022339
                ],
                [
                    0.0,
                    0.0,
                    0.0,
                    1.0
                ]
            ]
        },
        {
            "file_path": "/data/shapenet_blender/all_50_random/02958343/9807c1d0bcec85fcc3c0146ad3ea2d7d/r_20",
            "rotation": 0.12566370614359174,
            "transform_matrix": [
                [
                    -0.6098775863647461,
                    0.010867665521800518,
                    -0.7924211025238037,
                    -3.1943516731262207
                ],
                [
                    -0.7924957275390625,
                    -0.008363384753465652,
                    0.6098201870918274,
                    2.458263874053955
                ],
                [
                    -9.31322685637781e-10,
                    0.9999060034751892,
                    0.013713216409087181,
                    0.05527974292635918
                ],
                [
                    0.0,
                    0.0,
                    0.0,
                    1.0
                ]
            ]
        },
        {
            "file_path": "/data/shapenet_blender/all_50_random/02958343/9807c1d0bcec85fcc3c0146ad3ea2d7d/r_21",
            "rotation": 0.12566370614359174,
            "transform_matrix": [
                [
                    -0.6072073578834534,
                    -0.3805340826511383,
                    -0.6974905729293823,
                    -2.8116743564605713
                ],
                [
                    -0.7945435047149658,
                    0.2908124029636383,
                    0.5330374240875244,
                    2.14874267578125
                ],
                [
                    0.0,
                    0.8778508305549622,
                    -0.47893425822257996,
                    -1.9306457042694092
                ],
                [
                    0.0,
                    0.0,
                    0.0,
                    1.0
                ]
            ]
        },
        {
            "file_path": "/data/shapenet_blender/all_50_random/02958343/9807c1d0bcec85fcc3c0146ad3ea2d7d/r_22",
            "rotation": 0.12566370614359174,
            "transform_matrix": [
                [
                    -0.1128246933221817,
                    0.6599793434143066,
                    -0.7427635788917542,
                    -2.994175910949707
                ],
                [
                    -0.993614912033081,
                    -0.07494046539068222,
                    0.08434058725833893,
                    0.3399878144264221
                ],
                [
                    -3.725290298461914e-09,
                    0.7475367784500122,
                    0.66422039270401,
                    2.677558183670044
                ],
                [
                    0.0,
                    0.0,
                    0.0,
                    1.0
                ]
            ]
        },
        {
            "file_path": "/data/shapenet_blender/all_50_random/02958343/9807c1d0bcec85fcc3c0146ad3ea2d7d/r_23",
            "rotation": 0.12566370614359174,
            "transform_matrix": [
                [
                    0.9781263470649719,
                    -0.0946652814745903,
                    -0.1852225512266159,
                    -0.7466558814048767
                ],
                [
                    -0.20801179111003876,
                    -0.44514113664627075,
                    -0.870965301990509,
                    -3.5109729766845703
                ],
                [
                    0.0,
                    0.890442430973053,
                    -0.4550957977771759,
                    -1.8345496654510498
                ],
                [
                    0.0,
                    0.0,
                    0.0,
                    1.0
                ]
            ]
        },
        {
            "file_path": "/data/shapenet_blender/all_50_random/02958343/9807c1d0bcec85fcc3c0146ad3ea2d7d/r_24",
            "rotation": 0.12566370614359174,
            "transform_matrix": [
                [
                    -0.061660513281822205,
                    -0.3352596163749695,
                    -0.9401057958602905,
                    -3.7896876335144043
                ],
                [
                    -0.9980971813201904,
                    0.020711690187454224,
                    0.058077916502952576,
                    0.23411956429481506
                ],
                [
                    0.0,
                    0.9418980479240417,
                    -0.335898756980896,
                    -1.3540512323379517
                ],
                [
                    0.0,
                    0.0,
                    0.0,
                    1.0
                ]
            ]
        },
        {
            "file_path": "/data/shapenet_blender/all_50_random/02958343/9807c1d0bcec85fcc3c0146ad3ea2d7d/r_25",
            "rotation": 0.12566370614359174,
            "transform_matrix": [
                [
                    0.10175354778766632,
                    -0.9916541576385498,
                    -0.079170361161232,
                    -0.31914594769477844
                ],
                [
                    -0.9948095679283142,
                    -0.10143078863620758,
                    -0.008097895421087742,
                    -0.03264366090297699
                ],
                [
                    -9.313225746154785e-10,
                    0.07958351820707321,
                    -0.9968281984329224,
                    -4.018342971801758
                ],
                [
                    0.0,
                    0.0,
                    0.0,
                    1.0
                ]
            ]
        },
        {
            "file_path": "/data/shapenet_blender/all_50_random/02958343/9807c1d0bcec85fcc3c0146ad3ea2d7d/r_26",
            "rotation": 0.12566370614359174,
            "transform_matrix": [
                [
                    -0.955260694026947,
                    -0.0023307702504098415,
                    -0.29575592279434204,
                    -1.1922303438186646
                ],
                [
                    -0.29576513171195984,
                    0.0075279101729393005,
                    0.9552309513092041,
                    3.8506593704223633
                ],
                [
                    2.3283064365386963e-10,
                    0.999968945980072,
                    -0.00788047630339861,
                    -0.03176721930503845
                ],
                [
                    0.0,
                    0.0,
                    0.0,
                    1.0
                ]
            ]
        },
        {
            "file_path": "/data/shapenet_blender/all_50_random/02958343/9807c1d0bcec85fcc3c0146ad3ea2d7d/r_27",
            "rotation": 0.12566370614359174,
            "transform_matrix": [
                [
                    0.9736326932907104,
                    -0.020960552617907524,
                    -0.22715666890144348,
                    -0.9156978130340576
                ],
                [
                    -0.22812169790267944,
                    -0.08946048468351364,
                    -0.9695139527320862,
                    -3.908235788345337
                ],
                [
                    1.862645371275562e-09,
                    0.9957696795463562,
                    -0.09188321977853775,
                    -0.3703930974006653
                ],
                [
                    0.0,
                    0.0,
                    0.0,
                    1.0
                ]
            ]
        },
        {
            "file_path": "/data/shapenet_blender/all_50_random/02958343/9807c1d0bcec85fcc3c0146ad3ea2d7d/r_28",
            "rotation": 0.12566370614359174,
            "transform_matrix": [
                [
                    -0.3383065164089203,
                    0.2758701741695404,
                    0.8996912240982056,
                    3.6267714500427246
                ],
                [
                    0.9410360455513,
                    0.09917652606964111,
                    0.32344290614128113,
                    1.3038400411605835
                ],
                [
                    0.0,
                    0.9560646414756775,
                    -0.29315581917762756,
                    -1.181748867034912
                ],
                [
                    0.0,
                    0.0,
                    0.0,
                    1.0
                ]
            ]
        },
        {
            "file_path": "/data/shapenet_blender/all_50_random/02958343/9807c1d0bcec85fcc3c0146ad3ea2d7d/r_29",
            "rotation": 0.12566370614359174,
            "transform_matrix": [
                [
                    0.9313021302223206,
                    -0.2784963846206665,
                    0.2347681224346161,
                    0.946380615234375
                ],
                [
                    0.364247590303421,
                    0.7120548486709595,
                    -0.6002511978149414,
                    -2.4196901321411133
                ],
                [
                    0.0,
                    0.6445290446281433,
                    0.7645797729492188,
                    3.082119941711426
                ],
                [
                    0.0,
                    0.0,
                    0.0,
                    1.0
                ]
            ]
        },
        {
            "file_path": "/data/shapenet_blender/all_50_random/02958343/9807c1d0bcec85fcc3c0146ad3ea2d7d/r_30",
            "rotation": 0.12566370614359174,
            "transform_matrix": [
                [
                    -0.9403354525566101,
                    0.06365164369344711,
                    0.33424222469329834,
                    1.3473734855651855
                ],
                [
                    0.34024906158447266,
                    0.1759120374917984,
                    0.9237345457077026,
                    3.7236931324005127
                ],
                [
                    -7.450581485102248e-09,
                    0.9823458194732666,
                    -0.1870737224817276,
                    -0.7541183233261108
                ],
                [
                    0.0,
                    0.0,
                    0.0,
                    1.0
                ]
            ]
        },
        {
            "file_path": "/data/shapenet_blender/all_50_random/02958343/9807c1d0bcec85fcc3c0146ad3ea2d7d/r_31",
            "rotation": 0.12566370614359174,
            "transform_matrix": [
                [
                    -0.3059471547603607,
                    0.007089049089699984,
                    -0.9520221948623657,
                    -3.837723731994629
                ],
                [
                    -0.9520485401153564,
                    -0.0022781132720410824,
                    0.3059386909008026,
                    1.2332781553268433
                ],
                [
                    0.0,
                    0.9999722838401794,
                    0.007446101866662502,
                    0.03001619316637516
                ],
                [
                    0.0,
                    0.0,
                    0.0,
                    1.0
                ]
            ]
        },
        {
            "file_path": "/data/shapenet_blender/all_50_random/02958343/9807c1d0bcec85fcc3c0146ad3ea2d7d/r_32",
            "rotation": 0.12566370614359174,
            "transform_matrix": [
                [
                    0.2559156119823456,
                    0.6452481150627136,
                    0.7198346853256226,
                    2.9017465114593506
                ],
                [
                    0.9666991829872131,
                    -0.17081743478775024,
                    -0.19056282937526703,
                    -0.7681833505630493
                ],
                [
                    7.450581485102248e-09,
                    0.7446314096450806,
                    -0.667475700378418,
                    -2.690680503845215
                ],
                [
                    0.0,
                    0.0,
                    0.0,
                    1.0
                ]
            ]
        },
        {
            "file_path": "/data/shapenet_blender/all_50_random/02958343/9807c1d0bcec85fcc3c0146ad3ea2d7d/r_33",
            "rotation": 0.12566370614359174,
            "transform_matrix": [
                [
                    0.424859881401062,
                    -0.09834528714418411,
                    0.899901270866394,
                    3.6276180744171143
                ],
                [
                    0.9052592515945435,
                    0.04615579918026924,
                    -0.42234525084495544,
                    -1.7025281190872192
                ],
                [
                    3.725290742551124e-09,
                    0.9940813183784485,
                    0.1086377203464508,
                    0.43793267011642456
                ],
                [
                    0.0,
                    0.0,
                    0.0,
                    1.0
                ]
            ]
        },
        {
            "file_path": "/data/shapenet_blender/all_50_random/02958343/9807c1d0bcec85fcc3c0146ad3ea2d7d/r_34",
            "rotation": 0.12566370614359174,
            "transform_matrix": [
                [
                    -0.01818476989865303,
                    0.7608308792114258,
                    -0.6486952900886536,
                    -2.6149742603302
                ],
                [
                    -0.9998346567153931,
                    -0.013837822712957859,
                    0.011798325926065445,
                    0.04756057262420654
                ],
                [
                    0.0,
                    0.6488025784492493,
                    0.7609567642211914,
                    3.0675148963928223
                ],
                [
                    0.0,
                    0.0,
                    0.0,
                    1.0
                ]
            ]
        },
        {
            "file_path": "/data/shapenet_blender/all_50_random/02958343/9807c1d0bcec85fcc3c0146ad3ea2d7d/r_35",
            "rotation": 0.12566370614359174,
            "transform_matrix": [
                [
                    0.9922313094139099,
                    0.02809281274676323,
                    0.12119396030902863,
                    0.48854848742485046
                ],
                [
                    0.1244073361158371,
                    -0.22405889630317688,
                    -0.9666025042533875,
                    -3.8964993953704834
                ],
                [
                    1.862645371275562e-09,
                    0.9741705656051636,
                    -0.22581318020820618,
                    -0.9102820158004761
                ],
                [
                    0.0,
                    0.0,
                    0.0,
                    1.0
                ]
            ]
        },
        {
            "file_path": "/data/shapenet_blender/all_50_random/02958343/9807c1d0bcec85fcc3c0146ad3ea2d7d/r_36",
            "rotation": 0.12566370614359174,
            "transform_matrix": [
                [
                    -0.9463269114494324,
                    -0.24379421770572662,
                    -0.21220219135284424,
                    -0.8554143905639648
                ],
                [
                    -0.32321104407310486,
                    0.7138030529022217,
                    0.621304988861084,
                    2.5045604705810547
                ],
                [
                    1.4901161193847656e-08,
                    0.6565436720848083,
                    -0.7542879581451416,
                    -3.0406320095062256
                ],
                [
                    0.0,
                    0.0,
                    0.0,
                    1.0
                ]
            ]
        },
        {
            "file_path": "/data/shapenet_blender/all_50_random/02958343/9807c1d0bcec85fcc3c0146ad3ea2d7d/r_37",
            "rotation": 0.12566370614359174,
            "transform_matrix": [
                [
                    0.9549516439437866,
                    0.2700323462486267,
                    -0.12308474630117416,
                    -0.4961705505847931
                ],
                [
                    -0.2967613935470581,
                    0.8689399361610413,
                    -0.39607569575309753,
                    -1.596632480621338
                ],
                [
                    0.0,
                    0.41475996375083923,
                    0.9099307060241699,
                    3.66804838180542
                ],
                [
                    0.0,
                    0.0,
                    0.0,
                    1.0
                ]
            ]
        },
        {
            "file_path": "/data/shapenet_blender/all_50_random/02958343/9807c1d0bcec85fcc3c0146ad3ea2d7d/r_38",
            "rotation": 0.12566370614359174,
            "transform_matrix": [
                [
                    0.923180341720581,
                    0.011449439451098442,
                    -0.38419654965400696,
                    -1.5487459897994995
                ],
                [
                    -0.3843671679496765,
                    0.027499480172991753,
                    -0.9227705597877502,
                    -3.7198073863983154
                ],
                [
                    0.0,
                    0.999556303024292,
                    0.029787762090563774,
                    0.12007831782102585
                ],
                [
                    0.0,
                    0.0,
                    0.0,
                    1.0
                ]
            ]
        },
        {
            "file_path": "/data/shapenet_blender/all_50_random/02958343/9807c1d0bcec85fcc3c0146ad3ea2d7d/r_39",
            "rotation": 0.12566370614359174,
            "transform_matrix": [
                [
                    0.9270954728126526,
                    -0.13774216175079346,
                    -0.3485989272594452,
                    -1.4052472114562988
                ],
                [
                    -0.37482547760009766,
                    -0.3406922519207001,
                    -0.8622265458106995,
                    -3.4757463932037354
                ],
                [
                    -7.450581485102248e-09,
                    0.9300299286842346,
                    -0.367483526468277,
                    -1.4813734292984009
                ],
                [
                    0.0,
                    0.0,
                    0.0,
                    1.0
                ]
            ]
        },
        {
            "file_path": "/data/shapenet_blender/all_50_random/02958343/9807c1d0bcec85fcc3c0146ad3ea2d7d/r_40",
            "rotation": 0.12566370614359174,
            "transform_matrix": [
                [
                    -0.008101156912744045,
                    0.589942991733551,
                    -0.8074042797088623,
                    -3.2547507286071777
                ],
                [
                    -0.9999672174453735,
                    -0.004779377486556768,
                    0.0065411231480538845,
                    0.02636811137199402
                ],
                [
                    0.0,
                    0.8074306845664978,
                    0.589962363243103,
                    2.3782143592834473
                ],
                [
                    0.0,
                    0.0,
                    0.0,
                    1.0
                ]
            ]
        },
        {
            "file_path": "/data/shapenet_blender/all_50_random/02958343/9807c1d0bcec85fcc3c0146ad3ea2d7d/r_41",
            "rotation": 0.12566370614359174,
            "transform_matrix": [
                [
                    0.9997942447662354,
                    0.002683605533093214,
                    0.020101550966501236,
                    0.08103194832801819
                ],
                [
                    0.020279891788959503,
                    -0.13230115175247192,
