{
    "class": "02958343",
    "model": "e042d636cfca46f56436916a86a90ed7",
    "remove_doubles": true,
    "edge_split": true,
    "denoise": true,
    "camera_angle_x": 0.6911112070083618,
    "scale_factor": 2.4215654973289076,
    "hdri_file": "/data/IndoorHDRDataset2018/9C4A9610-51a296f674.exr",
    "center_offset": [
        0.0,
        0.0,
        -3.725290298461914e-09
    ],
    "lights": [],
    "frames": [
        {
            "file_path": "/data/shapenet_blender/all_50_random/02958343/e042d636cfca46f56436916a86a90ed7/r_0",
            "rotation": 0.12566370614359174,
            "transform_matrix": [
                [
                    0.9451653957366943,
                    -0.2823610007762909,
                    0.16411776840686798,
                    0.661579966545105
                ],
                [
                    0.3265920877456665,
                    0.8171595335006714,
                    -0.4749607741832733,
                    -1.914628267288208
                ],
                [
                    0.0,
                    0.5025161504745483,
                    0.864567756652832,
                    3.48518443107605
                ],
                [
                    0.0,
                    0.0,
                    0.0,
                    1.0
                ]
            ]
        },
        {
            "file_path": "/data/shapenet_blender/all_50_random/02958343/e042d636cfca46f56436916a86a90ed7/r_1",
            "rotation": 0.12566370614359174,
            "transform_matrix": [
                [
                    -0.37100714445114136,
                    0.018756885081529617,
                    -0.9284405708312988,
                    -3.742663621902466
                ],
                [
                    -0.9286300539970398,
                    -0.007493767887353897,
                    0.3709314465522766,
                    1.4952725172042847
                ],
                [
                    4.656612873077393e-10,
                    0.9997960329055786,
                    0.02019844576716423,
                    0.08142253756523132
                ],
                [
                    0.0,
                    0.0,
                    0.0,
                    1.0
                ]
            ]
        },
        {
            "file_path": "/data/shapenet_blender/all_50_random/02958343/e042d636cfca46f56436916a86a90ed7/r_2",
            "rotation": 0.12566370614359174,
            "transform_matrix": [
                [
                    0.8510148525238037,
                    -0.38792985677719116,
                    0.3539549708366394,
                    1.4268381595611572
                ],
                [
                    0.5251415967941284,
                    0.6286572217941284,
                    -0.5735994577407837,
                    -2.312253475189209
                ],
                [
                    0.0,
                    0.6740180850028992,
                    0.7387147545814514,
                    2.9778544902801514
                ],
                [
                    0.0,
                    0.0,
                    0.0,
                    1.0
                ]
            ]
        },
        {
            "file_path": "/data/shapenet_blender/all_50_random/02958343/e042d636cfca46f56436916a86a90ed7/r_3",
            "rotation": 0.12566370614359174,
            "transform_matrix": [
                [
                    -0.31875428557395935,
                    -0.6835111975669861,
                    0.6566643714904785,
                    2.6470987796783447
                ],
                [
                    0.9478374719619751,
                    -0.22986231744289398,
                    0.22083383798599243,
                    0.8902096748352051
                ],
                [
                    0.0,
                    0.6928027868270874,
                    0.7211270928382874,
                    2.906956195831299
                ],
                [
                    0.0,
                    0.0,
                    0.0,
                    1.0
                ]
            ]
        },
        {
            "file_path": "/data/shapenet_blender/all_50_random/02958343/e042d636cfca46f56436916a86a90ed7/r_4",
            "rotation": 0.12566370614359174,
            "transform_matrix": [
                [
                    -0.1705697774887085,
                    0.14367568492889404,
                    -0.9748143553733826,
                    -3.92960262298584
                ],
                [
                    -0.9853456020355225,
                    -0.024871207773685455,
                    0.16874676942825317,
                    0.6802400350570679
                ],
                [
                    -1.862645149230957e-09,
                    0.9893122315406799,
                    0.14581246674060822,
                    0.5877889394760132
                ],
                [
                    0.0,
                    0.0,
                    0.0,
                    1.0
                ]
            ]
        },
        {
            "file_path": "/data/shapenet_blender/all_50_random/02958343/e042d636cfca46f56436916a86a90ed7/r_5",
            "rotation": 0.12566370614359174,
            "transform_matrix": [
                [
                    -0.7949098944664001,
                    -0.02349291555583477,
                    0.6062725186347961,
                    2.443962335586548
                ],
                [
                    0.6067274212837219,
                    -0.03077947534620762,
                    0.794313907623291,
                    3.20198130607605
                ],
                [
                    0.0,
                    0.9992501139640808,
                    0.03872070834040642,
                    0.15608814358711243
                ],
                [
                    0.0,
                    0.0,
                    0.0,
                    1.0
                ]
            ]
        },
        {
            "file_path": "/data/shapenet_blender/all_50_random/02958343/e042d636cfca46f56436916a86a90ed7/r_6",
            "rotation": 0.12566370614359174,
            "transform_matrix": [
                [
                    -0.11986414343118668,
                    -0.24530042707920074,
                    0.9620083570480347,
                    3.8779799938201904
                ],
                [
                    0.9927902817726135,
                    -0.029616249725222588,
                    0.11614769697189331,
                    0.46820637583732605
                ],
                [
                    0.0,
                    0.9689945578575134,
                    0.24708181619644165,
                    0.9960187077522278
                ],
                [
                    0.0,
                    0.0,
                    0.0,
                    1.0
                ]
            ]
        },
        {
            "file_path": "/data/shapenet_blender/all_50_random/02958343/e042d636cfca46f56436916a86a90ed7/r_7",
            "rotation": 0.12566370614359174,
            "transform_matrix": [
                [
                    0.9408881664276123,
                    -0.24833260476589203,
                    -0.23034849762916565,
                    -0.9285645484924316
                ],
                [
                    -0.3387174904346466,
                    -0.6898173689842224,
                    -0.6398611664772034,
                    -2.5793631076812744
                ],
                [
                    0.0,
                    0.6800609230995178,
                    -0.7331555485725403,
                    -2.955444812774658
                ],
                [
                    0.0,
                    0.0,
                    0.0,
                    1.0
                ]
            ]
        },
        {
            "file_path": "/data/shapenet_blender/all_50_random/02958343/e042d636cfca46f56436916a86a90ed7/r_8",
            "rotation": 0.12566370614359174,
            "transform_matrix": [
                [
                    0.4178709089756012,
                    -0.5311294198036194,
                    0.7370789647102356,
                    2.9712603092193604
                ],
                [
                    0.9085063338279724,
                    0.24429497122764587,
                    -0.3390222191810608,
                    -1.3666422367095947
                ],
                [
                    0.0,
                    0.8113085031509399,
                    0.5846182703971863,
                    2.3566715717315674
                ],
                [
                    0.0,
                    0.0,
                    0.0,
                    1.0
                ]
            ]
        },
        {
            "file_path": "/data/shapenet_blender/all_50_random/02958343/e042d636cfca46f56436916a86a90ed7/r_9",
            "rotation": 0.12566370614359174,
            "transform_matrix": [
                [
                    -0.4167725145816803,
                    0.8272616267204285,
                    0.37674784660339355,
                    1.51871919631958
                ],
                [
                    0.9090108871459961,
                    0.379291296005249,
                    0.17273516952991486,
                    0.696317732334137
                ],
                [
                    0.0,
                    0.414459228515625,
                    -0.9100679159164429,
                    -3.6686010360717773
                ],
                [
                    0.0,
                    0.0,
                    0.0,
                    1.0
                ]
            ]
        },
        {
            "file_path": "/data/shapenet_blender/all_50_random/02958343/e042d636cfca46f56436916a86a90ed7/r_10",
            "rotation": 0.12566370614359174,
            "transform_matrix": [
                [
                    0.9968537092208862,
                    0.0008043591515161097,
                    0.0792594850063324,
                    0.3195052146911621
                ],
                [
                    0.07926356792449951,
                    -0.010115976445376873,
                    -0.9968023896217346,
                    -4.0182390213012695
                ],
                [
                    -5.820766091346741e-11,
                    0.9999485015869141,
                    -0.01014790590852499,
                    -0.040907517075538635
                ],
                [
                    0.0,
                    0.0,
                    0.0,
                    1.0
                ]
            ]
        },
        {
            "file_path": "/data/shapenet_blender/all_50_random/02958343/e042d636cfca46f56436916a86a90ed7/r_11",
            "rotation": 0.12566370614359174,
            "transform_matrix": [
                [
                    -0.8142208456993103,
                    0.2213897407054901,
                    -0.5366852879524231,
                    -2.163447618484497
                ],
                [
                    -0.5805553197860718,
                    -0.3104960024356842,
                    0.7526935935020447,
                    3.0342049598693848
                ],
                [
                    0.0,
                    0.924434244632721,
                    0.38134127855300903,
                    1.5372358560562134
                ],
                [
                    0.0,
                    0.0,
                    0.0,
                    1.0
                ]
            ]
        },
        {
            "file_path": "/data/shapenet_blender/all_50_random/02958343/e042d636cfca46f56436916a86a90ed7/r_12",
            "rotation": 0.12566370614359174,
            "transform_matrix": [
                [
                    -0.4024371802806854,
                    0.7756360173225403,
                    0.4862438440322876,
                    1.9601117372512817
                ],
                [
                    0.9154475927352905,
                    0.3409750163555145,
                    0.21375620365142822,
                    0.8616788983345032
                ],
                [
                    1.4901161193847656e-08,
                    0.531154215335846,
                    -0.8472750782966614,
                    -3.415475368499756
                ],
                [
                    0.0,
                    0.0,
                    0.0,
                    1.0
                ]
            ]
        },
        {
            "file_path": "/data/shapenet_blender/all_50_random/02958343/e042d636cfca46f56436916a86a90ed7/r_13",
            "rotation": 0.12566370614359174,
            "transform_matrix": [
                [
                    -0.38272717595100403,
                    -0.08860539644956589,
                    -0.9196025729179382,
                    -3.7070367336273193
                ],
                [
                    -0.9238613843917847,
                    0.03670647367835045,
                    0.38096290826797485,
                    1.5357106924057007
                ],
                [
                    0.0,
                    0.9953901767730713,
                    -0.09590768069028854,
                    -0.3866162598133087
                ],
                [
                    0.0,
                    0.0,
                    0.0,
                    1.0
                ]
            ]
        },
        {
            "file_path": "/data/shapenet_blender/all_50_random/02958343/e042d636cfca46f56436916a86a90ed7/r_14",
            "rotation": 0.12566370614359174,
            "transform_matrix": [
                [
                    -0.1435726135969162,
                    0.006953191943466663,
                    0.9896153807640076,
                    3.989267110824585
                ],
                [
                    0.9896398186683655,
                    0.0010087386472150683,
                    0.14356906712055206,
                    0.578745424747467
                ],
                [
                    0.0,
                    0.9999752640724182,
                    -0.0070259831845760345,
                    -0.028322644531726837
                ],
                [
                    0.0,
                    0.0,
                    0.0,
                    1.0
                ]
            ]
        },
        {
            "file_path": "/data/shapenet_blender/all_50_random/02958343/e042d636cfca46f56436916a86a90ed7/r_15",
            "rotation": 0.12566370614359174,
            "transform_matrix": [
                [
                    -0.6126985549926758,
                    0.2402479201555252,
                    -0.7529153227806091,
                    -3.0350987911224365
                ],
                [
                    -0.7903168201446533,
                    -0.1862538456916809,
                    0.5837027430534363,
                    2.3529810905456543
                ],
                [
                    0.0,
                    0.9526753425598145,
                    0.3039894104003906,
                    1.2254204750061035
                ],
                [
                    0.0,
                    0.0,
                    0.0,
                    1.0
                ]
            ]
        },
        {
            "file_path": "/data/shapenet_blender/all_50_random/02958343/e042d636cfca46f56436916a86a90ed7/r_16",
            "rotation": 0.12566370614359174,
            "transform_matrix": [
                [
                    -0.11832397431135178,
                    -0.3147839903831482,
                    0.9417592287063599,
                    3.7963528633117676
                ],
                [
                    0.9929749965667725,
                    -0.03751000016927719,
                    0.11222104728221893,
                    0.4523774981498718
                ],
                [
                    0.0,
                    0.948421835899353,
                    0.3170109987258911,
                    1.2779122591018677
                ],
                [
                    0.0,
                    0.0,
                    0.0,
                    1.0
                ]
            ]
        },
        {
            "file_path": "/data/shapenet_blender/all_50_random/02958343/e042d636cfca46f56436916a86a90ed7/r_17",
            "rotation": 0.12566370614359174,
            "transform_matrix": [
                [
                    -0.5935605764389038,
                    -0.38411611318588257,
                    -0.7072062492370605,
                    -2.850839853286743
                ],
                [
                    -0.8047894239425659,
                    0.28329917788505554,
                    0.5215895175933838,
                    2.1025948524475098
                ],
                [
                    1.4901161193847656e-08,
                    0.8787471055984497,
                    -0.4772877097129822,
                    -1.9240083694458008
                ],
                [
                    0.0,
                    0.0,
                    0.0,
                    1.0
                ]
            ]
        },
        {
            "file_path": "/data/shapenet_blender/all_50_random/02958343/e042d636cfca46f56436916a86a90ed7/r_18",
            "rotation": 0.12566370614359174,
            "transform_matrix": [
                [
                    0.925055205821991,
                    -0.05696668475866318,
                    0.37553665041923523,
                    1.5138366222381592
                ],
                [
                    0.3798328638076782,
                    0.13873818516731262,
                    -0.9145920872688293,
                    -3.6868386268615723
                ],
                [
                    3.725290742551124e-09,
                    0.9886891841888428,
                    0.14997832477092743,
                    0.6045819520950317
                ],
                [
                    0.0,
                    0.0,
                    0.0,
                    1.0
                ]
            ]
        },
        {
            "file_path": "/data/shapenet_blender/all_50_random/02958343/e042d636cfca46f56436916a86a90ed7/r_19",
            "rotation": 0.12566370614359174,
            "transform_matrix": [
                [
                    0.9868671894073486,
                    0.08952254056930542,
                    -0.13445772230625153,
                    -0.5420163869857788
                ],
                [
                    -0.16153378784656525,
                    0.5469249486923218,
                    -0.821449875831604,
                    -3.311370372772217
                ],
                [
                    0.0,
                    0.8323813676834106,
                    0.5542032122612,
                    2.2340645790100098
                ],
                [
                    0.0,
                    0.0,
                    0.0,
                    1.0
                ]
            ]
        },
        {
            "file_path": "/data/shapenet_blender/all_50_random/02958343/e042d636cfca46f56436916a86a90ed7/r_20",
            "rotation": 0.12566370614359174,
            "transform_matrix": [
                [
                    -0.9935449361801147,
                    0.05651431903243065,
                    -0.09836001694202423,
                    -0.39650189876556396
                ],
                [
                    -0.11343969404697418,
                    -0.4949724078178406,
                    0.8614718317985535,
                    3.4727039337158203
                ],
                [
                    0.0,
                    0.8670688271522522,
                    0.4981882870197296,
                    2.008261203765869
                ],
                [
                    0.0,
                    0.0,
                    0.0,
                    1.0
                ]
            ]
        },
        {
            "file_path": "/data/shapenet_blender/all_50_random/02958343/e042d636cfca46f56436916a86a90ed7/r_21",
            "rotation": 0.12566370614359174,
            "transform_matrix": [
                [
                    0.8746788501739502,
                    0.08964518457651138,
                    0.47634080052375793,
                    1.9201912879943848
                ],
                [
                    0.48470285534858704,
                    -0.161770761013031,
                    -0.8595889806747437,
                    -3.4651143550872803
                ],
                [
                    0.0,
                    0.9827481508255005,
                    -0.18494872748851776,
                    -0.7455522418022156
                ],
                [
                    0.0,
                    0.0,
                    0.0,
                    1.0
                ]
            ]
        },
        {
            "file_path": "/data/shapenet_blender/all_50_random/02958343/e042d636cfca46f56436916a86a90ed7/r_22",
            "rotation": 0.12566370614359174,
            "transform_matrix": [
                [
                    0.516093909740448,
                    0.0005991856451146305,
                    0.8565318584442139,
                    3.4527902603149414
                ],
                [
                    0.856532096862793,
                    -0.00036103269667364657,
                    -0.5160937905311584,
                    -2.0804405212402344
                ],
                [
                    0.0,
                    0.9999997019767761,
                    -0.0006995485746301711,
                    -0.0028199704829603434
                ],
                [
                    0.0,
                    0.0,
                    0.0,
                    1.0
                ]
            ]
        },
        {
            "file_path": "/data/shapenet_blender/all_50_random/02958343/e042d636cfca46f56436916a86a90ed7/r_23",
            "rotation": 0.12566370614359174,
            "transform_matrix": [
                [
                    -0.47308602929115295,
                    0.608971357345581,
                    0.6366659998893738,
                    2.5664825439453125
                ],
                [
                    0.8810161352157593,
                    0.3270040452480316,
                    0.34187543392181396,
                    1.3781437873840332
                ],
                [
                    -1.4901158529312397e-08,
                    0.7226495742797852,
                    -0.6912146210670471,
                    -2.786375045776367
                ],
                [
                    0.0,
                    0.0,
                    0.0,
                    1.0
                ]
            ]
        },
        {
            "file_path": "/data/shapenet_blender/all_50_random/02958343/e042d636cfca46f56436916a86a90ed7/r_24",
            "rotation": 0.12566370614359174,
            "transform_matrix": [
                [
                    0.8809128999710083,
                    -0.41081321239471436,
                    -0.23500001430511475,
                    -0.9473153352737427
                ],
                [
                    -0.4732784926891327,
                    -0.7646462917327881,
                    -0.4374053180217743,
                    -1.7632372379302979
                ],
                [
                    -1.4901162970204496e-08,
                    0.49653634428977966,
                    -0.8680158257484436,
                    -3.4990837574005127
                ],
                [
                    0.0,
                    0.0,
                    0.0,
                    1.0
                ]
            ]
        },
        {
            "file_path": "/data/shapenet_blender/all_50_random/02958343/e042d636cfca46f56436916a86a90ed7/r_25",
            "rotation": 0.12566370614359174,
            "transform_matrix": [
                [
                    -0.45592769980430603,
                    -0.2514960765838623,
                    0.8537445068359375,
                    3.441554069519043
                ],
                [
                    0.8900169134140015,
                    -0.12883353233337402,
                    0.4373464584350586,
                    1.7630000114440918
                ],
                [
                    0.0,
                    0.9592452645301819,
                    0.2825745642185211,
                    1.1390944719314575
                ],
                [
                    0.0,
                    0.0,
                    0.0,
                    1.0
                ]
            ]
        },
        {
            "file_path": "/data/shapenet_blender/all_50_random/02958343/e042d636cfca46f56436916a86a90ed7/r_26",
            "rotation": 0.12566370614359174,
            "transform_matrix": [
                [
                    0.48795226216316223,
                    -0.25905343890190125,
                    -0.8335429430007935,
                    -3.360119104385376
                ],
                [
                    -0.8728703260421753,
                    -0.14481614530086517,
                    -0.46596747636795044,
                    -1.8783749341964722
                ],
                [
                    0.0,
                    0.954944908618927,
                    -0.2967833876609802,
                    -1.196372151374817
                ],
                [
                    0.0,
                    0.0,
                    0.0,
                    1.0
                ]
            ]
        },
        {
            "file_path": "/data/shapenet_blender/all_50_random/02958343/e042d636cfca46f56436916a86a90ed7/r_27",
            "rotation": 0.12566370614359174,
            "transform_matrix": [
                [
                    -0.3685120940208435,
                    0.22916674613952637,
                    0.900933563709259,
                    3.631779670715332
                ],
                [
                    0.9296230673789978,
                    0.0908440351486206,
                    0.3571392893791199,
                    1.4396746158599854
                ],
                [
                    1.4901164746561335e-08,
                    0.9691386222839355,
                    -0.24651578068733215,
                    -0.993736982345581
                ],
                [
                    0.0,
                    0.0,
                    0.0,
                    1.0
                ]
            ]
        },
        {
            "file_path": "/data/shapenet_blender/all_50_random/02958343/e042d636cfca46f56436916a86a90ed7/r_28",
            "rotation": 0.12566370614359174,
            "transform_matrix": [
                [
                    -0.6500913500785828,
                    0.6639705300331116,
                    -0.3694921135902405,
                    -1.489470362663269
                ],
                [
                    -0.7598559856414795,
                    -0.5680569410324097,
                    0.3161173164844513,
                    1.2743096351623535
                ],
                [
                    2.9802320611338473e-08,
                    0.4862658977508545,
                    0.8738108277320862,
                    3.522444009780884
                ],
                [
                    0.0,
                    0.0,
                    0.0,
                    1.0
                ]
            ]
        },
        {
            "file_path": "/data/shapenet_blender/all_50_random/02958343/e042d636cfca46f56436916a86a90ed7/r_29",
            "rotation": 0.12566370614359174,
            "transform_matrix": [
                [
                    0.9591748714447021,
                    0.012744064442813396,
                    -0.28252625465393066,
                    -1.1388999223709106
                ],
                [
                    -0.28281354904174805,
                    0.04322206601500511,
                    -0.9582004547119141,
                    -3.8626298904418945
                ],
                [
                    0.0,
                    0.9989842176437378,
                    0.045061707496643066,
                    0.1816495656967163
                ],
                [
                    0.0,
                    0.0,
                    0.0,
                    1.0
                ]
            ]
        },
        {
            "file_path": "/data/shapenet_blender/all_50_random/02958343/e042d636cfca46f56436916a86a90ed7/r_30",
            "rotation": 0.12566370614359174,
            "transform_matrix": [
                [
                    0.28351449966430664,
                    0.1745416224002838,
                    -0.9429500699043274,
                    -3.8011529445648193
                ],
                [
                    -0.9589679837226868,
                    0.05160243809223175,
                    -0.27877891063690186,
                    -1.123793601989746
                ],
                [
                    0.0,
                    0.9832966923713684,
                    0.18200987577438354,
                    0.7337051630020142
                ],
                [
                    0.0,
                    0.0,
                    0.0,
                    1.0
                ]
            ]
        },
        {
            "file_path": "/data/shapenet_blender/all_50_random/02958343/e042d636cfca46f56436916a86a90ed7/r_31",
            "rotation": 0.12566370614359174,
            "transform_matrix": [
                [
                    0.2525235414505005,
                    0.23500752449035645,
                    -0.9386177659034729,
                    -3.783689260482788
                ],
                [
                    -0.9675908088684082,
                    0.06133267283439636,
                    -0.24496209621429443,
                    -0.9874737858772278
                ],
                [
                    0.0,
                    0.9700564742088318,
                    0.24287907779216766,
                    0.9790768623352051
                ],
                [
                    0.0,
                    0.0,
                    0.0,
                    1.0
                ]
            ]
        },
        {
            "file_path": "/data/shapenet_blender/all_50_random/02958343/e042d636cfca46f56436916a86a90ed7/r_32",
            "rotation": 0.12566370614359174,
            "transform_matrix": [
                [
                    0.07322511821985245,
                    -0.529467761516571,
                    0.8451638221740723,
                    3.4069643020629883
                ],
                [
                    0.997315526008606,
                    0.03887469694018364,
                    -0.062053799629211426,
                    -0.25014686584472656
                ],
                [
                    -3.725290742551124e-09,
                    0.8474388122558594,
                    0.5308930277824402,
                    2.1400983333587646
                ],
                [
                    0.0,
                    0.0,
                    0.0,
                    1.0
                ]
            ]
        },
        {
            "file_path": "/data/shapenet_blender/all_50_random/02958343/e042d636cfca46f56436916a86a90ed7/r_33",
            "rotation": 0.12566370614359174,
            "transform_matrix": [
                [
                    0.935930609703064,
                    0.12034934014081955,
                    0.33098354935646057,
                    1.3342373371124268
                ],
                [
                    0.3521847426891327,
                    -0.31982821226119995,
                    -0.8795884251594543,
                    -3.545734405517578
                ],
                [
                    -7.450581485102248e-09,
                    0.939801037311554,
                    -0.34172219038009644,
                    -1.3775261640548706
                ],
                [
                    0.0,
                    0.0,
                    0.0,
                    1.0
                ]
            ]
        },
        {
            "file_path": "/data/shapenet_blender/all_50_random/02958343/e042d636cfca46f56436916a86a90ed7/r_34",
            "rotation": 0.12566370614359174,
            "transform_matrix": [
                [
                    -0.32003456354141235,
                    0.18976262211799622,
                    -0.9282068014144897,
                    -3.7417216300964355
                ],
                [
                    -0.9474059343338013,
                    -0.06410198658704758,
                    0.31354910135269165,
                    1.2639570236206055
                ],
                [
                    -3.725290298461914e-09,
                    0.9797351956367493,
                    0.2002970576286316,
                    0.8074233531951904
                ],
                [
                    0.0,
                    0.0,
                    0.0,
                    1.0
                ]
            ]
        },
        {
            "file_path": "/data/shapenet_blender/all_50_random/02958343/e042d636cfca46f56436916a86a90ed7/r_35",
            "rotation": 0.12566370614359174,
            "transform_matrix": [
                [
                    0.8009306192398071,
                    -0.028301382437348366,
                    -0.5980879664421082,
                    -2.4109694957733154
                ],
                [
                    -0.5987571477890015,
                    -0.03785749152302742,
                    -0.8000354766845703,
                    -3.225045680999756
                ],
                [
                    -1.862645149230957e-09,
                    0.9988821744918823,
                    -0.0472668893635273,
                    -0.1905388981103897
                ],
                [
                    0.0,
                    0.0,
                    0.0,
                    1.0
                ]
            ]
        },
        {
            "file_path": "/data/shapenet_blender/all_50_random/02958343/e042d636cfca46f56436916a86a90ed7/r_36",
            "rotation": 0.12566370614359174,
            "transform_matrix": [
                [
                    0.7818409204483032,
                    0.001224047620780766,
                    0.6234768033027649,
                    2.5133156776428223
                ],
                [
                    0.62347811460495,
                    -0.001534954528324306,
                    -0.7818392515182495,
                    -3.1516950130462646
                ],
                [
                    5.820766091346741e-11,
                    0.999998152256012,
                    -0.0019632563926279545,
                    -0.007914140820503235
                ],
                [
                    0.0,
                    0.0,
                    0.0,
                    1.0
                ]
            ]
        },
        {
            "file_path": "/data/shapenet_blender/all_50_random/02958343/e042d636cfca46f56436916a86a90ed7/r_37",
            "rotation": 0.12566370614359174,
            "transform_matrix": [
                [
                    0.9641373753547668,
                    0.027428340166807175,
                    -0.2639824151992798,
                    -1.0641471147537231
                ],
                [
                    -0.26540350914001465,
                    0.09963955730199814,
                    -0.9589749574661255,
                    -3.8657517433166504
                ],
                [
                    -1.8626450382086546e-09,
                    0.9946454763412476,
                    0.10334580391645432,
                    0.4166002571582794
                ],
                [
                    0.0,
                    0.0,
                    0.0,
                    1.0
                ]
            ]
        },
        {
            "file_path": "/data/shapenet_blender/all_50_random/02958343/e042d636cfca46f56436916a86a90ed7/r_38",
            "rotation": 0.12566370614359174,
            "transform_matrix": [
                [
                    0.5014364123344421,
                    0.022058213129639626,
                    -0.8649132251739502,
                    -3.486576557159424
                ],
                [
                    -0.8651943802833557,
                    0.012784169986844063,
                    -0.5012734532356262,
                    -2.020697832107544
                ],
                [
                    0.0,
                    0.9996747970581055,
                    0.025495097041130066,
                    0.10277401655912399
                ],
                [
                    0.0,
                    0.0,
                    0.0,
                    1.0
                ]
            ]
        },
        {
            "file_path": "/data/shapenet_blender/all_50_random/02958343/e042d636cfca46f56436916a86a90ed7/r_39",
            "rotation": 0.12566370614359174,
            "transform_matrix": [
                [
                    -0.8951511979103088,
                    0.38976579904556274,
                    0.2163032740354538,
                    0.8719464540481567
                ],
                [
                    0.44576284289360046,
                    0.7827016711235046,
                    0.43436580896377563,
                    1.7509846687316895
                ],
                [
                    0.0,
                    0.48524293303489685,
                    -0.8743792176246643,
                    -3.524735689163208
                ],
                [
                    0.0,
                    0.0,
                    0.0,
                    1.0
                ]
            ]
        },
        {
            "file_path": "/data/shapenet_blender/all_50_random/02958343/e042d636cfca46f56436916a86a90ed7/r_40",
            "rotation": 0.12566370614359174,
            "transform_matrix": [
                [
                    0.21152742207050323,
                    0.009076006710529327,
                    0.9773298501968384,
                    3.9397428035736084
                ],
                [
                    0.9773721694946289,
                    -0.0019642713014036417,
                    -0.21151825785636902,
                    -0.8526574373245239
                ],
                [
                    -2.3283067140944524e-10,
                    0.9999568462371826,
                    -0.009286130778491497,
                    -0.03743359446525574
                ],
                [
                    0.0,
                    0.0,
                    0.0,
                    1.0
                ]
            ]
        },
        {
            "file_path": "/data/shapenet_blender/all_50_random/02958343/e042d636cfca46f56436916a86a90ed7/r_41",
            "rotation": 0.12566370614359174,
            "transform_matrix": [
                [
                    -0.7838829755783081,
                    0.601017415523529,
                    -0.15590181946754456,
                    -0.6284603476524353
                ],
                [
                    -0.6209083795547485,
                    -0.7587710618972778,
                    0.19682256877422333,
                    0.7934170961380005
                ],
                [
                    0.0,
