{
    "class": "02958343",
    "model": "95ea282dbee00d45ffe141441005acc5",
    "remove_doubles": true,
    "edge_split": true,
    "denoise": true,
    "camera_angle_x": 0.6911112070083618,
    "scale_factor": 2.361266772279814,
    "hdri_file": "/data/IndoorHDRDataset2018/AG8A9648-798b199172.exr",
    "center_offset": [
        0.0,
        -3.725290298461914e-09,
        -3.725290298461914e-09
    ],
    "lights": [],
    "frames": [
        {
            "file_path": "/data/shapenet_blender/all_50_random/02958343/95ea282dbee00d45ffe141441005acc5/r_0",
            "rotation": 0.12566370614359174,
            "transform_matrix": [
                [
                    -0.7395066618919373,
                    0.5796203017234802,
                    0.342301607131958,
                    1.3798619508743286
                ],
                [
                    0.6731493473052979,
                    0.6367577314376831,
                    0.3760448098182678,
                    1.5158851146697998
                ],
                [
                    1.4901161193847656e-08,
                    0.5085076093673706,
                    -0.861057460308075,
                    -3.4710335731506348
                ],
                [
                    0.0,
                    0.0,
                    0.0,
                    1.0
                ]
            ]
        },
        {
            "file_path": "/data/shapenet_blender/all_50_random/02958343/95ea282dbee00d45ffe141441005acc5/r_1",
            "rotation": 0.12566370614359174,
            "transform_matrix": [
                [
                    -0.6673677563667297,
                    0.3678549528121948,
                    0.647536039352417,
                    2.6103014945983887
                ],
                [
                    0.7447283864021301,
                    0.3296430706977844,
                    0.5802715420722961,
                    2.3391497135162354
                ],
                [
                    0.0,
                    0.8694930672645569,
                    -0.4939451217651367,
                    -1.9911565780639648
                ],
                [
                    0.0,
                    0.0,
                    0.0,
                    1.0
                ]
            ]
        },
        {
            "file_path": "/data/shapenet_blender/all_50_random/02958343/95ea282dbee00d45ffe141441005acc5/r_2",
            "rotation": 0.12566370614359174,
            "transform_matrix": [
                [
                    0.6175567507743835,
                    0.41639548540115356,
                    0.6672618985176086,
                    2.689819097518921
                ],
                [
                    0.7865264415740967,
                    -0.3269411623477936,
                    -0.5239138603210449,
                    -2.111964464187622
                ],
                [
                    1.4901162970204496e-08,
                    0.8483656644821167,
                    -0.5294106006622314,
                    -2.134122610092163
                ],
                [
                    0.0,
                    0.0,
                    0.0,
                    1.0
                ]
            ]
        },
        {
            "file_path": "/data/shapenet_blender/all_50_random/02958343/95ea282dbee00d45ffe141441005acc5/r_3",
            "rotation": 0.12566370614359174,
            "transform_matrix": [
                [
                    -0.9738095998764038,
                    -0.03578935191035271,
                    -0.22453062236309052,
                    -0.9051119089126587
                ],
                [
                    -0.22736507654190063,
                    0.15328656136989594,
                    0.9616695642471313,
                    3.8766140937805176
                ],
                [
                    0.0,
                    0.987533450126648,
                    -0.1574091762304306,
                    -0.6345366835594177
                ],
                [
                    0.0,
                    0.0,
                    0.0,
                    1.0
                ]
            ]
        },
        {
            "file_path": "/data/shapenet_blender/all_50_random/02958343/95ea282dbee00d45ffe141441005acc5/r_4",
            "rotation": 0.12566370614359174,
            "transform_matrix": [
                [
                    -0.666103720664978,
                    -0.4199565649032593,
                    -0.6163945198059082,
                    -2.4847660064697266
                ],
                [
                    -0.7458590269088745,
                    0.37505030632019043,
                    0.5504829287528992,
                    2.2190678119659424
                ],
                [
                    2.9802317058624794e-08,
                    0.8264223337173462,
                    -0.5630507469177246,
                    -2.26973032951355
                ],
                [
                    0.0,
                    0.0,
                    0.0,
                    1.0
                ]
            ]
        },
        {
            "file_path": "/data/shapenet_blender/all_50_random/02958343/95ea282dbee00d45ffe141441005acc5/r_5",
            "rotation": 0.12566370614359174,
            "transform_matrix": [
                [
                    0.5764831304550171,
                    -0.021382981911301613,
                    -0.8168291449546814,
                    -3.292743682861328
                ],
                [
                    -0.8171089887619019,
                    -0.015086029656231403,
                    -0.5762857794761658,
                    -2.323082208633423
                ],
                [
                    -9.313225746154785e-10,
                    0.9996574521064758,
                    -0.026169070973992348,
                    -0.10549090057611465
                ],
                [
                    0.0,
                    0.0,
                    0.0,
                    1.0
                ]
            ]
        },
        {
            "file_path": "/data/shapenet_blender/all_50_random/02958343/95ea282dbee00d45ffe141441005acc5/r_6",
            "rotation": 0.12566370614359174,
            "transform_matrix": [
                [
                    0.9360055327415466,
                    -0.0590481273829937,
                    0.3469969928264618,
                    1.398789644241333
                ],
                [
                    0.35198521614074707,
                    0.15702186524868011,
                    -0.9227407574653625,
                    -3.719686985015869
                ],
                [
                    0.0,
                    0.9858283400535583,
                    0.16775740683078766,
                    0.6762517094612122
                ],
                [
                    0.0,
                    0.0,
                    0.0,
                    1.0
                ]
            ]
        },
        {
            "file_path": "/data/shapenet_blender/all_50_random/02958343/95ea282dbee00d45ffe141441005acc5/r_7",
            "rotation": 0.12566370614359174,
            "transform_matrix": [
                [
                    0.6227373480796814,
                    0.4485776722431183,
                    0.6410743594169617,
                    2.5842533111572266
                ],
                [
                    0.7824310064315796,
                    -0.3570232689380646,
                    -0.5102314949035645,
                    -2.0568089485168457
                ],
                [
                    1.4901161193847656e-08,
                    0.8193365931510925,
                    -0.5733127593994141,
                    -2.3110976219177246
                ],
                [
                    0.0,
                    0.0,
                    0.0,
                    1.0
                ]
            ]
        },
        {
            "file_path": "/data/shapenet_blender/all_50_random/02958343/95ea282dbee00d45ffe141441005acc5/r_8",
            "rotation": 0.12566370614359174,
            "transform_matrix": [
                [
                    -0.998582661151886,
                    -0.046173758804798126,
                    0.02647036872804165,
                    0.10670547187328339
                ],
                [
                    0.05322308465838432,
                    -0.8663217425346375,
                    0.4966425895690918,
                    2.002030372619629
                ],
                [
                    0.0,
                    0.49734753370285034,
                    0.8675513863563538,
                    3.497211456298828
                ],
                [
                    0.0,
                    0.0,
                    0.0,
                    1.0
                ]
            ]
        },
        {
            "file_path": "/data/shapenet_blender/all_50_random/02958343/95ea282dbee00d45ffe141441005acc5/r_9",
            "rotation": 0.12566370614359174,
            "transform_matrix": [
                [
                    0.7953627109527588,
                    0.4637690782546997,
                    0.3902774155139923,
                    1.5732587575912476
                ],
                [
                    0.6061338186264038,
                    -0.6085530519485474,
                    -0.5121180415153503,
                    -2.0644140243530273
                ],
                [
                    -1.4901161193847656e-08,
                    0.6438799500465393,
                    -0.7651264667510986,
                    -3.0843236446380615
                ],
                [
                    0.0,
                    0.0,
                    0.0,
                    1.0
                ]
            ]
        },
        {
            "file_path": "/data/shapenet_blender/all_50_random/02958343/95ea282dbee00d45ffe141441005acc5/r_10",
            "rotation": 0.12566370614359174,
            "transform_matrix": [
                [
                    -0.12010655552148819,
                    -0.7014426589012146,
                    0.7025330662727356,
                    2.832000970840454
                ],
                [
                    0.992760956287384,
                    -0.08486218005418777,
                    0.08499410003423691,
                    0.34262213110923767
                ],
                [
                    0.0,
                    0.7076557278633118,
                    0.7065574526786804,
                    2.848223924636841
                ],
                [
                    0.0,
                    0.0,
                    0.0,
                    1.0
                ]
            ]
        },
        {
            "file_path": "/data/shapenet_blender/all_50_random/02958343/95ea282dbee00d45ffe141441005acc5/r_11",
            "rotation": 0.12566370614359174,
            "transform_matrix": [
                [
                    -0.18921715021133423,
                    -0.6760900020599365,
                    0.712108850479126,
                    2.870602607727051
                ],
                [
                    0.9819352030754089,
                    -0.13028132915496826,
                    0.13722209632396698,
                    0.5531599521636963
                ],
                [
                    0.0,
                    0.7252095937728882,
                    0.6885281801223755,
                    2.775545835494995
                ],
                [
                    0.0,
                    0.0,
                    0.0,
                    1.0
                ]
            ]
        },
        {
            "file_path": "/data/shapenet_blender/all_50_random/02958343/95ea282dbee00d45ffe141441005acc5/r_12",
            "rotation": 0.12566370614359174,
            "transform_matrix": [
                [
                    -0.005424273665994406,
                    0.4317208528518677,
                    0.9019908905029297,
                    3.6360418796539307
                ],
                [
                    0.9999852776527405,
                    0.002341806422919035,
                    0.004892717581242323,
                    0.019723176956176758
                ],
                [
                    2.3283064365386963e-10,
                    0.9020041823387146,
                    -0.43172717094421387,
                    -1.740347981452942
                ],
                [
                    0.0,
                    0.0,
                    0.0,
                    1.0
                ]
            ]
        },
        {
            "file_path": "/data/shapenet_blender/all_50_random/02958343/95ea282dbee00d45ffe141441005acc5/r_13",
            "rotation": 0.12566370614359174,
            "transform_matrix": [
                [
                    0.9999309182167053,
                    -0.0068462565541267395,
                    0.009555911645293236,
                    0.03852111101150513
                ],
                [
                    0.011755283921957016,
                    0.5823579430580139,
                    -0.812847375869751,
                    -3.2766926288604736
                ],
                [
                    4.656612873077393e-10,
                    0.8129035830497742,
                    0.5823982954025269,
                    2.3477225303649902
                ],
                [
                    0.0,
                    0.0,
                    0.0,
                    1.0
                ]
            ]
        },
        {
            "file_path": "/data/shapenet_blender/all_50_random/02958343/95ea282dbee00d45ffe141441005acc5/r_14",
            "rotation": 0.12566370614359174,
            "transform_matrix": [
                [
                    0.16845211386680603,
                    -0.13280095160007477,
                    -0.9767228960990906,
                    -3.937296152114868
                ],
                [
                    -0.9857098460197449,
                    -0.022694915533065796,
                    -0.16691629588603973,
                    -0.6728611588478088
                ],
                [
                    0.0,
                    0.9908828735351562,
                    -0.13472618162631989,
                    -0.5430986881256104
                ],
                [
                    0.0,
                    0.0,
                    0.0,
                    1.0
                ]
            ]
        },
        {
            "file_path": "/data/shapenet_blender/all_50_random/02958343/95ea282dbee00d45ffe141441005acc5/r_15",
            "rotation": 0.12566370614359174,
            "transform_matrix": [
                [
                    -0.560816764831543,
                    0.14903073012828827,
                    0.8144165873527527,
                    3.2830183506011963
                ],
                [
                    0.8279399871826172,
                    0.10094805061817169,
                    0.5516564846038818,
                    2.2237985134124756
                ],
                [
                    -7.450580596923828e-09,
                    0.9836662411689758,
                    -0.1800018548965454,
                    -0.7256106734275818
                ],
                [
                    0.0,
                    0.0,
                    0.0,
                    1.0
                ]
            ]
        },
        {
            "file_path": "/data/shapenet_blender/all_50_random/02958343/95ea282dbee00d45ffe141441005acc5/r_16",
            "rotation": 0.12566370614359174,
            "transform_matrix": [
                [
                    -0.452739417552948,
                    0.3312431573867798,
                    0.827831506729126,
                    3.3370954990386963
                ],
                [
                    0.8916429877281189,
                    0.1681915670633316,
                    0.42033857107162476,
                    1.6944389343261719
                ],
                [
                    0.0,
                    0.928433895111084,
                    -0.37149757146835327,
                    -1.4975546598434448
                ],
                [
                    0.0,
                    0.0,
                    0.0,
                    1.0
                ]
            ]
        },
        {
            "file_path": "/data/shapenet_blender/all_50_random/02958343/95ea282dbee00d45ffe141441005acc5/r_17",
            "rotation": 0.12566370614359174,
            "transform_matrix": [
                [
                    -0.07276009023189545,
                    0.9238032698631287,
                    -0.3758905231952667,
                    -1.5152631998062134
                ],
                [
                    -0.9973494410514832,
                    -0.06739464402198792,
                    0.02742251567542553,
                    0.11054369807243347
                ],
                [
                    1.8626449271863521e-09,
                    0.37688934803009033,
                    0.9262582659721375,
                    3.7338664531707764
                ],
                [
                    0.0,
                    0.0,
                    0.0,
                    1.0
                ]
            ]
        },
        {
            "file_path": "/data/shapenet_blender/all_50_random/02958343/95ea282dbee00d45ffe141441005acc5/r_18",
            "rotation": 0.12566370614359174,
            "transform_matrix": [
                [
                    -0.7810867428779602,
                    -0.24408985674381256,
                    0.5747378468513489,
                    2.3168423175811768
                ],
                [
                    0.6244224905967712,
                    -0.30533072352409363,
                    0.7189365029335022,
                    2.898125648498535
                ],
                [
                    0.0,
                    0.9204309582710266,
                    0.3909050524234772,
                    1.5757886171340942
                ],
                [
                    0.0,
                    0.0,
                    0.0,
                    1.0
                ]
            ]
        },
        {
            "file_path": "/data/shapenet_blender/all_50_random/02958343/95ea282dbee00d45ffe141441005acc5/r_19",
            "rotation": 0.12566370614359174,
            "transform_matrix": [
                [
                    -0.6868496537208557,
                    -0.509494960308075,
                    -0.5183167457580566,
                    -2.0894017219543457
                ],
                [
                    -0.7267994284629822,
                    0.48148974776268005,
                    0.48982661962509155,
                    1.974554181098938
                ],
                [
                    0.0,
                    0.7131495475769043,
                    -0.7010117769241333,
                    -2.825868844985962
                ],
                [
                    0.0,
                    0.0,
                    0.0,
                    1.0
                ]
            ]
        },
        {
            "file_path": "/data/shapenet_blender/all_50_random/02958343/95ea282dbee00d45ffe141441005acc5/r_20",
            "rotation": 0.12566370614359174,
            "transform_matrix": [
                [
                    0.6382825374603271,
                    0.5346872210502625,
                    0.5538095831871033,
                    2.232477903366089
                ],
                [
                    0.7698022127151489,
                    -0.4433366060256958,
                    -0.4591919183731079,
                    -1.8510618209838867
                ],
                [
                    1.4901161193847656e-08,
                    0.7194180488586426,
                    -0.6945773363113403,
                    -2.7999308109283447
                ],
                [
                    0.0,
                    0.0,
                    0.0,
                    1.0
                ]
            ]
        },
        {
            "file_path": "/data/shapenet_blender/all_50_random/02958343/95ea282dbee00d45ffe141441005acc5/r_21",
            "rotation": 0.12566370614359174,
            "transform_matrix": [
                [
                    -0.0035035957116633654,
                    -0.1364755779504776,
                    0.9906372427940369,
                    3.9933865070343018
                ],
                [
                    0.9999939203262329,
                    -0.0004781581519637257,
                    0.003470813389867544,
                    0.013991296291351318
                ],
                [
                    2.9103830456733704e-11,
                    0.9906433820724487,
                    0.13647641241550446,
                    0.5501540303230286
                ],
                [
                    0.0,
                    0.0,
                    0.0,
                    1.0
                ]
            ]
        },
        {
            "file_path": "/data/shapenet_blender/all_50_random/02958343/95ea282dbee00d45ffe141441005acc5/r_22",
            "rotation": 0.12566370614359174,
            "transform_matrix": [
                [
                    -0.4606914818286896,
                    -0.23726621270179749,
                    0.8552590608596802,
                    3.447659492492676
                ],
                [
                    0.8875604271888733,
                    -0.12315389513969421,
                    0.4439253509044647,
                    1.7895203828811646
                ],
                [
                    0.0,
                    0.9636066555976868,
                    0.2673240303993225,
                    1.0776176452636719
                ],
                [
                    0.0,
                    0.0,
                    0.0,
                    1.0
                ]
            ]
        },
        {
            "file_path": "/data/shapenet_blender/all_50_random/02958343/95ea282dbee00d45ffe141441005acc5/r_23",
            "rotation": 0.12566370614359174,
            "transform_matrix": [
                [
                    0.8251039385795593,
                    0.2896040380001068,
                    0.48511138558387756,
                    1.955546498298645
                ],
                [
                    0.5649809837341309,
                    -0.42294061183929443,
                    -0.7084614634513855,
                    -2.8558995723724365
                ],
                [
                    -1.4901161193847656e-08,
                    0.8586329221725464,
                    -0.512590765953064,
                    -2.066319465637207
                ],
                [
                    0.0,
                    0.0,
                    0.0,
                    1.0
                ]
            ]
        },
        {
            "file_path": "/data/shapenet_blender/all_50_random/02958343/95ea282dbee00d45ffe141441005acc5/r_24",
            "rotation": 0.12566370614359174,
            "transform_matrix": [
                [
                    0.9626621007919312,
                    -0.11390381306409836,
                    -0.245576411485672,
                    -0.9899501800537109
                ],
                [
                    -0.2707062363624573,
                    -0.40505489706993103,
                    -0.8732975721359253,
                    -3.5203750133514404
                ],
                [
                    -7.450581485102248e-09,
                    0.9071694016456604,
                    -0.4207654595375061,
                    -1.696159839630127
                ],
                [
                    0.0,
                    0.0,
                    0.0,
                    1.0
                ]
            ]
        },
        {
            "file_path": "/data/shapenet_blender/all_50_random/02958343/95ea282dbee00d45ffe141441005acc5/r_25",
            "rotation": 0.12566370614359174,
            "transform_matrix": [
                [
                    -0.9201924800872803,
                    -0.05162022262811661,
                    -0.38804808259010315,
                    -1.5642718076705933
                ],
                [
                    -0.3914664685726166,
                    0.12133999913930893,
                    0.9121571183204651,
                    3.677022933959961
                ],
                [
                    0.0,
                    0.9912678599357605,
                    -0.13186371326446533,
                    -0.5315596461296082
                ],
                [
                    0.0,
                    0.0,
                    0.0,
                    1.0
                ]
            ]
        },
        {
            "file_path": "/data/shapenet_blender/all_50_random/02958343/95ea282dbee00d45ffe141441005acc5/r_26",
            "rotation": 0.12566370614359174,
            "transform_matrix": [
                [
                    -0.5664737224578857,
                    0.23492230474948883,
                    0.7898853421211243,
                    3.1841299533843994
                ],
                [
                    0.8240797519683838,
                    0.1614859700202942,
                    0.5429684519767761,
                    2.1887760162353516
                ],
                [
                    0.0,
                    0.9585059881210327,
                    -0.2850722372531891,
                    -1.149163007736206
                ],
                [
                    0.0,
                    0.0,
                    0.0,
                    1.0
                ]
            ]
        },
        {
            "file_path": "/data/shapenet_blender/all_50_random/02958343/95ea282dbee00d45ffe141441005acc5/r_27",
            "rotation": 0.12566370614359174,
            "transform_matrix": [
                [
                    0.3930710256099701,
                    -0.7160547971725464,
                    -0.5768540501594543,
                    -2.325373411178589
                ],
                [
                    -0.9195082187652588,
                    -0.3060988485813141,
                    -0.24659335613250732,
                    -0.9940496683120728
                ],
                [
                    -1.4901162970204496e-08,
                    0.6273506879806519,
                    -0.7787367701530457,
                    -3.139188528060913
                ],
                [
                    0.0,
                    0.0,
                    0.0,
                    1.0
                ]
            ]
        },
        {
            "file_path": "/data/shapenet_blender/all_50_random/02958343/95ea282dbee00d45ffe141441005acc5/r_28",
            "rotation": 0.12566370614359174,
            "transform_matrix": [
                [
                    0.9577929973602295,
                    -0.2734620273113251,
                    -0.08860655128955841,
                    -0.35718443989753723
                ],
                [
                    -0.2874588966369629,
                    -0.9111564755439758,
                    -0.2952308654785156,
                    -1.1901136636734009
                ],
                [
                    0.0,
                    0.30824071168899536,
                    -0.9513083696365356,
                    -3.8348467350006104
                ],
                [
                    0.0,
                    0.0,
                    0.0,
                    1.0
                ]
            ]
        },
        {
            "file_path": "/data/shapenet_blender/all_50_random/02958343/95ea282dbee00d45ffe141441005acc5/r_29",
            "rotation": 0.12566370614359174,
            "transform_matrix": [
                [
                    0.599315881729126,
                    -0.05340784415602684,
                    0.7987289428710938,
                    3.2197794914245605
                ],
                [
                    0.8005125522613525,
                    0.03998459130525589,
                    -0.5979805588722229,
                    -2.410537004470825
                ],
                [
                    3.725290076417309e-09,
                    0.9977718591690063,
                    0.06671705096960068,
                    0.2689450681209564
                ],
                [
                    0.0,
                    0.0,
                    0.0,
                    1.0
                ]
            ]
        },
        {
            "file_path": "/data/shapenet_blender/all_50_random/02958343/95ea282dbee00d45ffe141441005acc5/r_30",
            "rotation": 0.12566370614359174,
            "transform_matrix": [
                [
                    0.9286525249481201,
                    0.23507428169250488,
                    0.28695735335350037,
                    1.1567621231079102
                ],
                [
                    0.37095072865486145,
                    -0.5884941220283508,
                    -0.7183802723884583,
                    -2.895883560180664
                ],
                [
                    -1.4901161193847656e-08,
                    0.7735727429389954,
                    -0.6337075233459473,
                    -2.5545568466186523
                ],
                [
                    0.0,
                    0.0,
                    0.0,
                    1.0
                ]
            ]
        },
        {
            "file_path": "/data/shapenet_blender/all_50_random/02958343/95ea282dbee00d45ffe141441005acc5/r_31",
            "rotation": 0.12566370614359174,
            "transform_matrix": [
                [
                    -0.23067452013492584,
                    0.5767527222633362,
                    0.7836743593215942,
                    3.159092426300049
                ],
                [
                    0.9730309844017029,
                    0.1367296278476715,
                    0.18578411638736725,
                    0.7489197254180908
                ],
                [
                    -7.450580596923828e-09,
                    0.8053950667381287,
                    -0.5927383303642273,
                    -2.389404535293579
                ],
                [
                    0.0,
                    0.0,
                    0.0,
                    1.0
                ]
            ]
        },
        {
            "file_path": "/data/shapenet_blender/all_50_random/02958343/95ea282dbee00d45ffe141441005acc5/r_32",
            "rotation": 0.12566370614359174,
            "transform_matrix": [
                [
                    -0.15377052128314972,
                    -0.3088566064834595,
                    0.9385958909988403,
                    3.7836010456085205
                ],
                [
                    0.9881065487861633,
                    -0.0480646975338459,
                    0.1460656076669693,
                    0.5888093113899231
                ],
                [
                    0.0,
                    0.9498933553695679,
                    0.31257420778274536,
                    1.2600269317626953
                ],
                [
                    0.0,
                    0.0,
                    0.0,
                    1.0
                ]
            ]
        },
        {
            "file_path": "/data/shapenet_blender/all_50_random/02958343/95ea282dbee00d45ffe141441005acc5/r_33",
            "rotation": 0.12566370614359174,
            "transform_matrix": [
                [
                    0.4456612169742584,
                    0.4128134846687317,
                    0.7943368554115295,
                    3.2020745277404785
                ],
                [
                    0.8952017426490784,
                    -0.20551228523254395,
                    -0.395447313785553,
                    -1.5940992832183838
                ],
                [
                    0.0,
                    0.887327253818512,
                    -0.46114015579223633,
                    -1.8589155673980713
                ],
                [
                    0.0,
                    0.0,
                    0.0,
                    1.0
                ]
            ]
        },
        {
            "file_path": "/data/shapenet_blender/all_50_random/02958343/95ea282dbee00d45ffe141441005acc5/r_34",
            "rotation": 0.12566370614359174,
            "transform_matrix": [
                [
                    0.028531014919281006,
                    -0.7111904621124268,
                    0.7024201154708862,
                    2.8315463066101074
                ],
                [
                    0.9995929598808289,
                    0.020299246534705162,
                    -0.020048918202519417,
                    -0.08081978559494019
                ],
                [
                    9.31322685637781e-10,
                    0.7027062773704529,
                    0.7114799618721008,
                    2.868067741394043
                ],
                [
                    0.0,
                    0.0,
                    0.0,
                    1.0
                ]
            ]
        },
        {
            "file_path": "/data/shapenet_blender/all_50_random/02958343/95ea282dbee00d45ffe141441005acc5/r_35",
            "rotation": 0.12566370614359174,
            "transform_matrix": [
                [
                    -0.09050791710615158,
                    0.590660572052002,
                    0.801828145980835,
                    3.2322726249694824
                ],
                [
                    0.9958958029747009,
                    0.05367977172136307,
                    0.07287087291479111,
                    0.29375189542770386
                ],
                [
                    0.0,
                    0.8051325678825378,
                    -0.5930948257446289,
                    -2.3908417224884033
                ],
                [
                    0.0,
                    0.0,
                    0.0,
                    1.0
                ]
            ]
        },
        {
            "file_path": "/data/shapenet_blender/all_50_random/02958343/95ea282dbee00d45ffe141441005acc5/r_36",
            "rotation": 0.12566370614359174,
            "transform_matrix": [
                [
                    -0.9981660842895508,
                    -0.02778841182589531,
                    -0.053781233727931976,
                    -0.21679911017417908
                ],
                [
                    -0.06053609028458595,
                    0.4581969082355499,
                    0.8867867588996887,
                    3.57475209236145
                ],
                [
                    0.0,
                    0.8884161710739136,
                    -0.45903876423835754,
                    -1.8504445552825928
                ],
                [
                    0.0,
                    0.0,
                    0.0,
                    1.0
                ]
            ]
        },
        {
            "file_path": "/data/shapenet_blender/all_50_random/02958343/95ea282dbee00d45ffe141441005acc5/r_37",
            "rotation": 0.12566370614359174,
            "transform_matrix": [
                [
                    -0.651164710521698,
                    0.14211872220039368,
                    0.7455110549926758,
                    3.005251407623291
                ],
                [
                    0.7589365839958191,
                    0.1219373345375061,
                    0.6396456956863403,
                    2.5784945487976074
                ],
                [
                    0.0,
                    0.9823102355003357,
                    -0.18726035952568054,
                    -0.7548707127571106
                ],
                [
                    0.0,
                    0.0,
                    0.0,
                    1.0
                ]
            ]
        },
        {
            "file_path": "/data/shapenet_blender/all_50_random/02958343/95ea282dbee00d45ffe141441005acc5/r_38",
            "rotation": 0.12566370614359174,
            "transform_matrix": [
                [
                    0.3670387268066406,
                    -0.39442017674446106,
                    0.842445969581604,
                    3.3960084915161133
                ],
                [
                    0.9302057027816772,
                    0.15562953054904938,
                    -0.33241066336631775,
                    -1.3399903774261475
                ],
                [
                    0.0,
                    0.905655562877655,
                    0.4240139424800873,
                    1.7092549800872803
                ],
                [
                    0.0,
                    0.0,
                    0.0,
                    1.0
                ]
            ]
        },
        {
            "file_path": "/data/shapenet_blender/all_50_random/02958343/95ea282dbee00d45ffe141441005acc5/r_39",
            "rotation": 0.12566370614359174,
            "transform_matrix": [
                [
                    -0.8256505727767944,
                    -0.03830830007791519,
                    -0.562879741191864,
                    -2.269040822982788
                ],
                [
                    -0.5641818046569824,
                    0.05606219172477722,
                    0.8237450122833252,
                    3.320622444152832
                ],
                [
                    0.0,
                    0.9976921081542969,
                    -0.06790062040090561,
                    -0.27371615171432495
                ],
                [
                    0.0,
                    0.0,
                    0.0,
                    1.0
                ]
            ]
        },
        {
            "file_path": "/data/shapenet_blender/all_50_random/02958343/95ea282dbee00d45ffe141441005acc5/r_40",
            "rotation": 0.12566370614359174,
            "transform_matrix": [
                [
                    0.5251851677894592,
                    -0.07142353057861328,
                    -0.8479853272438049,
                    -3.4183385372161865
                ],
                [
                    -0.8509880304336548,
                    -0.04407886043190956,
                    -0.5233320593833923,
                    -2.109619140625
                ],
                [
                    0.0,
                    0.9964715242385864,
                    -0.0839301273226738,
                    -0.3383331894874573
                ],
                [
                    0.0,
                    0.0,
                    0.0,
                    1.0
                ]
            ]
        },
        {
            "file_path": "/data/shapenet_blender/all_50_random/02958343/95ea282dbee00d45ffe141441005acc5/r_41",
            "rotation": 0.12566370614359174,
            "transform_matrix": [
                [
                    -0.9028805494308472,
                    0.23010295629501343,
                    0.36312445998191833,
                    1.4638015031814575
                ],
                [
                    0.42989158630371094,
                    0.4832741618156433,
                    0.7626528143882751,
                    3.0743517875671387
                ],
                [
                    0.0,
