{
    "class": "02958343",
    "model": "863d6f24aa1a478e569564f61ef539e3",
    "remove_doubles": true,
    "edge_split": true,
    "denoise": true,
    "camera_angle_x": 0.6911112070083618,
    "scale_factor": 2.2532089717309653,
    "hdri_file": "/data/IndoorHDRDataset2018/9C4A6520-ffc199b651.exr",
    "center_offset": [
        0.0,
        -1.862645149230957e-09,
        -3.725290298461914e-09
    ],
    "lights": [],
    "frames": [
        {
            "file_path": "/data/shapenet_blender/all_50_random/02958343/863d6f24aa1a478e569564f61ef539e3/r_0",
            "rotation": 0.12566370614359174,
            "transform_matrix": [
                [
                    -0.45239049196243286,
                    0.1812373250722885,
                    0.873210072517395,
                    3.520022392272949
                ],
                [
                    0.8918200135231018,
                    0.0919356420636177,
                    0.4429502785205841,
                    1.7855896949768066
                ],
                [
                    -7.450580596923828e-09,
                    0.9791325926780701,
                    -0.2032218873500824,
                    -0.8192136287689209
                ],
                [
                    0.0,
                    0.0,
                    0.0,
                    1.0
                ]
            ]
        },
        {
            "file_path": "/data/shapenet_blender/all_50_random/02958343/863d6f24aa1a478e569564f61ef539e3/r_1",
            "rotation": 0.12566370614359174,
            "transform_matrix": [
                [
                    -0.17243018746376038,
                    -0.5409548282623291,
                    -0.8231862783432007,
                    -3.3183701038360596
                ],
                [
                    -0.9850218296051025,
                    0.0946953147649765,
                    0.14410053193569183,
                    0.5808878540992737
                ],
                [
                    7.450581485102248e-09,
                    0.8357036709785461,
                    -0.5491806268692017,
                    -2.213817834854126
                ],
                [
                    0.0,
                    0.0,
                    0.0,
                    1.0
                ]
            ]
        },
        {
            "file_path": "/data/shapenet_blender/all_50_random/02958343/863d6f24aa1a478e569564f61ef539e3/r_2",
            "rotation": 0.12566370614359174,
            "transform_matrix": [
                [
                    -0.44745612144470215,
                    -0.4094208776950836,
                    -0.7950833439826965,
                    -3.2050833702087402
                ],
                [
                    -0.8943058848381042,
                    0.2048492282629013,
                    0.39781123399734497,
                    1.603628396987915
                ],
                [
                    -1.4901161193847656e-08,
                    0.8890507817268372,
                    -0.45780855417251587,
                    -1.8454853296279907
                ],
                [
                    0.0,
                    0.0,
                    0.0,
                    1.0
                ]
            ]
        },
        {
            "file_path": "/data/shapenet_blender/all_50_random/02958343/863d6f24aa1a478e569564f61ef539e3/r_3",
            "rotation": 0.12566370614359174,
            "transform_matrix": [
                [
                    -0.1355164349079132,
                    0.6365097165107727,
                    0.7592698335647583,
                    3.0607147216796875
                ],
                [
                    0.9907751083374023,
                    0.08706064522266388,
                    0.1038515567779541,
                    0.41863903403282166
                ],
                [
                    0.0,
                    0.7663392424583435,
                    -0.6424360871315002,
                    -2.58974289894104
                ],
                [
                    0.0,
                    0.0,
                    0.0,
                    1.0
                ]
            ]
        },
        {
            "file_path": "/data/shapenet_blender/all_50_random/02958343/863d6f24aa1a478e569564f61ef539e3/r_4",
            "rotation": 0.12566370614359174,
            "transform_matrix": [
                [
                    -0.9575971961021423,
                    0.1339769810438156,
                    0.2550642490386963,
                    1.0281966924667358
                ],
                [
                    0.2881104052066803,
                    0.44530147314071655,
                    0.8477612137794495,
                    3.4174344539642334
                ],
                [
                    0.0,
                    0.88530033826828,
                    -0.4650196433067322,
                    -1.874553918838501
                ],
                [
                    0.0,
                    0.0,
                    0.0,
                    1.0
                ]
            ]
        },
        {
            "file_path": "/data/shapenet_blender/all_50_random/02958343/863d6f24aa1a478e569564f61ef539e3/r_5",
            "rotation": 0.12566370614359174,
            "transform_matrix": [
                [
                    -0.20118264853954315,
                    0.39672911167144775,
                    -0.8956179022789001,
                    -3.6103515625
                ],
                [
                    -0.9795538187026978,
                    -0.08148098737001419,
                    0.1839437186717987,
                    0.7415009140968323
                ],
                [
                    0.0,
                    0.9143121838569641,
                    0.40501001477241516,
                    1.6326477527618408
                ],
                [
                    0.0,
                    0.0,
                    0.0,
                    1.0
                ]
            ]
        },
        {
            "file_path": "/data/shapenet_blender/all_50_random/02958343/863d6f24aa1a478e569564f61ef539e3/r_6",
            "rotation": 0.12566370614359174,
            "transform_matrix": [
                [
                    -0.9996808171272278,
                    -0.01014719158411026,
                    -0.023135529831051826,
                    -0.09326231479644775
                ],
                [
                    -0.0252629816532135,
                    0.40153422951698303,
                    0.9154954552650452,
                    3.6904804706573486
                ],
                [
                    0.0,
                    0.9157877564430237,
                    -0.4016624093055725,
                    -1.6191530227661133
                ],
                [
                    0.0,
                    0.0,
                    0.0,
                    1.0
                ]
            ]
        },
        {
            "file_path": "/data/shapenet_blender/all_50_random/02958343/863d6f24aa1a478e569564f61ef539e3/r_7",
            "rotation": 0.12566370614359174,
            "transform_matrix": [
                [
                    0.27820512652397156,
                    -0.06761489808559418,
                    -0.9581388235092163,
                    -3.8623812198638916
                ],
                [
                    -0.9605217576026917,
                    -0.01958395168185234,
                    -0.2775149345397949,
                    -1.1186984777450562
                ],
                [
                    0.0,
                    0.997519314289093,
                    -0.07039392739534378,
                    -0.2837669849395752
                ],
                [
                    0.0,
                    0.0,
                    0.0,
                    1.0
                ]
            ]
        },
        {
            "file_path": "/data/shapenet_blender/all_50_random/02958343/863d6f24aa1a478e569564f61ef539e3/r_8",
            "rotation": 0.12566370614359174,
            "transform_matrix": [
                [
                    0.9816203117370605,
                    0.08272230625152588,
                    -0.17198458313941956,
                    -0.6932920217514038
                ],
                [
                    -0.19084462523460388,
                    0.4254869222640991,
                    -0.884612500667572,
                    -3.5659871101379395
                ],
                [
                    0.0,
                    0.901175856590271,
                    0.43345364928245544,
                    1.747307538986206
                ],
                [
                    0.0,
                    0.0,
                    0.0,
                    1.0
                ]
            ]
        },
        {
            "file_path": "/data/shapenet_blender/all_50_random/02958343/863d6f24aa1a478e569564f61ef539e3/r_9",
            "rotation": 0.12566370614359174,
            "transform_matrix": [
                [
                    0.011600769124925137,
                    -0.8881797790527344,
                    -0.4593496024608612,
                    -1.8516972064971924
                ],
                [
                    -0.9999327063560486,
                    -0.010304262861609459,
                    -0.005329167004674673,
                    -0.02148255705833435
                ],
                [
                    -4.656612873077393e-10,
                    0.4593803584575653,
                    -0.8882397413253784,
                    -3.580608367919922
                ],
                [
                    0.0,
                    0.0,
                    0.0,
                    1.0
                ]
            ]
        },
        {
            "file_path": "/data/shapenet_blender/all_50_random/02958343/863d6f24aa1a478e569564f61ef539e3/r_10",
            "rotation": 0.12566370614359174,
            "transform_matrix": [
                [
                    0.6536679267883301,
                    0.4680112600326538,
                    -0.594713032245636,
                    -2.397364854812622
                ],
                [
                    -0.7567813992500305,
                    0.40424346923828125,
                    -0.5136818289756775,
                    -2.0707175731658936
                ],
                [
                    -2.9802320611338473e-08,
                    0.785845160484314,
                    0.6184232831001282,
                    2.4929440021514893
                ],
                [
                    0.0,
                    0.0,
                    0.0,
                    1.0
                ]
            ]
        },
        {
            "file_path": "/data/shapenet_blender/all_50_random/02958343/863d6f24aa1a478e569564f61ef539e3/r_11",
            "rotation": 0.12566370614359174,
            "transform_matrix": [
                [
                    0.8963860273361206,
                    -0.007592572830617428,
                    0.4432092607021332,
                    1.7866337299346924
                ],
                [
                    0.4432743489742279,
                    0.015353645198047161,
                    -0.8962544798851013,
                    -3.612917423248291
                ],
                [
                    -4.656612873077393e-10,
                    0.9998533129692078,
                    0.017128383740782738,
                    0.06904672086238861
                ],
                [
                    0.0,
                    0.0,
                    0.0,
                    1.0
                ]
            ]
        },
        {
            "file_path": "/data/shapenet_blender/all_50_random/02958343/863d6f24aa1a478e569564f61ef539e3/r_12",
            "rotation": 0.12566370614359174,
            "transform_matrix": [
                [
                    0.5263226628303528,
                    -0.13450343906879425,
                    0.839579164981842,
                    3.3844521045684814
                ],
                [
                    0.850284993648529,
                    0.0832570344209671,
                    -0.5196958184242249,
                    -2.094961166381836
                ],
                [
                    7.450581485102248e-09,
                    0.987409234046936,
                    0.15818630158901215,
                    0.6376694440841675
                ],
                [
                    0.0,
                    0.0,
                    0.0,
                    1.0
                ]
            ]
        },
        {
            "file_path": "/data/shapenet_blender/all_50_random/02958343/863d6f24aa1a478e569564f61ef539e3/r_13",
            "rotation": 0.12566370614359174,
            "transform_matrix": [
                [
                    -0.9062588810920715,
                    0.3879728615283966,
                    0.1678449958562851,
                    0.6766048073768616
                ],
                [
                    0.4227232038974762,
                    0.8317590951919556,
                    0.35983601212501526,
                    1.450545310974121
                ],
                [
                    1.4901161193847656e-08,
                    0.3970564603805542,
                    -0.9177941679954529,
                    -3.699746608734131
                ],
                [
                    0.0,
                    0.0,
                    0.0,
                    1.0
                ]
            ]
        },
        {
            "file_path": "/data/shapenet_blender/all_50_random/02958343/863d6f24aa1a478e569564f61ef539e3/r_14",
            "rotation": 0.12566370614359174,
            "transform_matrix": [
                [
                    -0.8239580392837524,
                    -0.10375145077705383,
                    -0.5570714473724365,
                    -2.245626926422119
                ],
                [
                    -0.5666506290435791,
                    0.1508634090423584,
                    0.810029149055481,
                    3.265331983566284
                ],
                [
                    0.0,
                    0.9830949902534485,
                    -0.18309597671031952,
                    -0.7380834817886353
                ],
                [
                    0.0,
                    0.0,
                    0.0,
                    1.0
                ]
            ]
        },
        {
            "file_path": "/data/shapenet_blender/all_50_random/02958343/863d6f24aa1a478e569564f61ef539e3/r_15",
            "rotation": 0.12566370614359174,
            "transform_matrix": [
                [
                    0.9981853365898132,
                    -0.04776620864868164,
                    -0.036666084080934525,
                    -0.14780569076538086
                ],
                [
                    -0.06021638587117195,
                    -0.791803240776062,
                    -0.6078004837036133,
                    -2.4501218795776367
                ],
                [
                    0.0,
                    0.6089054346084595,
                    -0.793242871761322,
                    -3.1976640224456787
                ],
                [
                    0.0,
                    0.0,
                    0.0,
                    1.0
                ]
            ]
        },
        {
            "file_path": "/data/shapenet_blender/all_50_random/02958343/863d6f24aa1a478e569564f61ef539e3/r_16",
            "rotation": 0.12566370614359174,
            "transform_matrix": [
                [
                    -0.8597177863121033,
                    -0.36713552474975586,
                    0.3551010489463806,
                    1.4314582347869873
                ],
                [
                    0.5107693076133728,
                    -0.6179559826850891,
                    0.5976998209953308,
                    2.40940523147583
                ],
                [
                    -2.9802318834981634e-08,
                    0.6952279210090637,
                    0.718789279460907,
                    2.8975324630737305
                ],
                [
                    0.0,
                    0.0,
                    0.0,
                    1.0
                ]
            ]
        },
        {
            "file_path": "/data/shapenet_blender/all_50_random/02958343/863d6f24aa1a478e569564f61ef539e3/r_17",
            "rotation": 0.12566370614359174,
            "transform_matrix": [
                [
                    -0.9216801524162292,
                    -0.308155357837677,
                    0.23568189144134521,
                    0.9500641226768494
                ],
                [
                    0.3879505693912506,
                    -0.7321053147315979,
                    0.5599252581596375,
                    2.2571308612823486
                ],
                [
                    0.0,
                    0.6075049042701721,
                    0.7943159341812134,
                    3.2019898891448975
                ],
                [
                    0.0,
                    0.0,
                    0.0,
                    1.0
                ]
            ]
        },
        {
            "file_path": "/data/shapenet_blender/all_50_random/02958343/863d6f24aa1a478e569564f61ef539e3/r_18",
            "rotation": 0.12566370614359174,
            "transform_matrix": [
                [
                    -0.5860450863838196,
                    -0.2717269957065582,
                    -0.7633580565452576,
                    -3.0771946907043457
                ],
                [
                    -0.8102784156799316,
                    0.1965303272008896,
                    0.5521093606948853,
                    2.2256240844726562
                ],
                [
                    0.0,
                    0.9420936107635498,
                    -0.3353501260280609,
                    -1.351839542388916
                ],
                [
                    0.0,
                    0.0,
                    0.0,
                    1.0
                ]
            ]
        },
        {
            "file_path": "/data/shapenet_blender/all_50_random/02958343/863d6f24aa1a478e569564f61ef539e3/r_19",
            "rotation": 0.12566370614359174,
            "transform_matrix": [
                [
                    0.9905039668083191,
                    -0.03882789611816406,
                    -0.13188757002353668,
                    -0.5316557884216309
                ],
                [
                    -0.1374843269586563,
                    -0.2797350287437439,
                    -0.9501822590827942,
                    -3.8303072452545166
                ],
                [
                    3.725290298461914e-09,
                    0.9592917561531067,
                    -0.2824168801307678,
                    -1.1384588479995728
                ],
                [
                    0.0,
                    0.0,
                    0.0,
                    1.0
                ]
            ]
        },
        {
            "file_path": "/data/shapenet_blender/all_50_random/02958343/863d6f24aa1a478e569564f61ef539e3/r_20",
            "rotation": 0.12566370614359174,
            "transform_matrix": [
                [
                    0.941800594329834,
                    0.1587284505367279,
                    0.2963392436504364,
                    1.1945815086364746
                ],
                [
                    0.33617210388183594,
                    -0.44468459486961365,
                    -0.8302072286605835,
                    -3.3466720581054688
                ],
                [
                    -1.4901161193847656e-08,
                    0.8815105557441711,
                    -0.4721643030643463,
                    -1.9033550024032593
                ],
                [
                    0.0,
                    0.0,
                    0.0,
                    1.0
                ]
            ]
        },
        {
            "file_path": "/data/shapenet_blender/all_50_random/02958343/863d6f24aa1a478e569564f61ef539e3/r_21",
            "rotation": 0.12566370614359174,
            "transform_matrix": [
                [
                    0.9971655607223511,
                    0.06055933237075806,
                    -0.044647216796875,
                    -0.17997869849205017
                ],
                [
                    -0.07523833960294724,
                    0.8026185035705566,
                    -0.5917284488677979,
                    -2.385334014892578
                ],
                [
                    3.725290298461914e-09,
                    0.5934104323387146,
                    0.8048999309539795,
                    3.2446556091308594
                ],
                [
                    0.0,
                    0.0,
                    0.0,
                    1.0
                ]
            ]
        },
        {
            "file_path": "/data/shapenet_blender/all_50_random/02958343/863d6f24aa1a478e569564f61ef539e3/r_22",
            "rotation": 0.12566370614359174,
            "transform_matrix": [
                [
                    -0.48641690611839294,
                    -0.6836365461349487,
                    -0.5440952777862549,
                    -2.1933178901672363
                ],
                [
                    -0.8737267851829529,
                    0.3805907666683197,
                    0.3029060363769531,
                    1.221053123474121
                ],
                [
                    0.0,
                    0.6227293014526367,
                    -0.7824374437332153,
                    -3.1541059017181396
                ],
                [
                    0.0,
                    0.0,
                    0.0,
                    1.0
                ]
            ]
        },
        {
            "file_path": "/data/shapenet_blender/all_50_random/02958343/863d6f24aa1a478e569564f61ef539e3/r_23",
            "rotation": 0.12566370614359174,
            "transform_matrix": [
                [
                    0.9665735363960266,
                    0.015914589166641235,
                    0.25589510798454285,
                    1.0315462350845337
                ],
                [
                    0.2563895285129547,
                    -0.0599970668554306,
                    -0.9647096395492554,
                    -3.888869047164917
                ],
                [
                    -1.862645149230957e-09,
                    0.9980716705322266,
                    -0.06207191199064255,
                    -0.2502198815345764
                ],
                [
                    0.0,
                    0.0,
                    0.0,
                    1.0
                ]
            ]
        },
        {
            "file_path": "/data/shapenet_blender/all_50_random/02958343/863d6f24aa1a478e569564f61ef539e3/r_24",
            "rotation": 0.12566370614359174,
            "transform_matrix": [
                [
                    0.781790554523468,
                    -0.058831535279750824,
                    0.6207594871520996,
                    2.502361297607422
                ],
                [
                    0.623540997505188,
                    0.07376249134540558,
                    -0.7783030867576599,
                    -3.137439727783203
                ],
                [
                    -3.725290076417309e-09,
                    0.9955389499664307,
                    0.09435071796178818,
                    0.3803398609161377
                ],
                [
                    0.0,
                    0.0,
                    0.0,
                    1.0
                ]
            ]
        },
        {
            "file_path": "/data/shapenet_blender/all_50_random/02958343/863d6f24aa1a478e569564f61ef539e3/r_25",
            "rotation": 0.12566370614359174,
            "transform_matrix": [
                [
                    -0.6140517592430115,
                    -0.27871790528297424,
                    0.7384149432182312,
                    2.9766461849212646
                ],
                [
                    0.7892656326293945,
                    -0.2168435901403427,
                    0.5744896531105042,
                    2.3158421516418457
                ],
                [
                    -1.4901160305669237e-08,
                    0.9355721473693848,
                    0.3531356155872345,
                    1.4235353469848633
                ],
                [
                    0.0,
                    0.0,
                    0.0,
                    1.0
                ]
            ]
        },
        {
            "file_path": "/data/shapenet_blender/all_50_random/02958343/863d6f24aa1a478e569564f61ef539e3/r_26",
            "rotation": 0.12566370614359174,
            "transform_matrix": [
                [
                    0.9673622250556946,
                    -0.0646035298705101,
                    -0.2450237274169922,
                    -0.9877222180366516
                ],
                [
                    -0.2533973753452301,
                    -0.2466285079717636,
                    -0.9353951811790466,
                    -3.7706985473632812
                ],
                [
                    -3.725290076417309e-09,
                    0.9669542908668518,
                    -0.2549494802951813,
                    -1.0277342796325684
                ],
                [
                    0.0,
                    0.0,
                    0.0,
                    1.0
                ]
            ]
        },
        {
            "file_path": "/data/shapenet_blender/all_50_random/02958343/863d6f24aa1a478e569564f61ef539e3/r_27",
            "rotation": 0.12566370614359174,
            "transform_matrix": [
                [
                    0.31433460116386414,
                    -0.19924543797969818,
                    -0.9281675219535828,
                    -3.741563081741333
                ],
                [
                    -0.9493122696876526,
                    -0.06597378849983215,
                    -0.30733317136764526,
                    -1.2388997077941895
                ],
                [
                    7.450580596923828e-09,
                    0.9777262806892395,
                    -0.20988395810127258,
                    -0.8460693359375
                ],
                [
                    0.0,
                    0.0,
                    0.0,
                    1.0
                ]
            ]
        },
        {
            "file_path": "/data/shapenet_blender/all_50_random/02958343/863d6f24aa1a478e569564f61ef539e3/r_28",
            "rotation": 0.12566370614359174,
            "transform_matrix": [
                [
                    0.9341575503349304,
                    -0.04429139196872711,
                    -0.35410186648368835,
                    -1.4274303913116455
                ],
                [
                    -0.3568611443042755,
                    -0.11594182252883911,
                    -0.9269344806671143,
                    -3.7365925312042236
                ],
                [
                    3.725290742551124e-09,
                    0.9922679662704468,
                    -0.1241137832403183,
                    -0.500318706035614
                ],
                [
                    0.0,
                    0.0,
                    0.0,
                    1.0
                ]
            ]
        },
        {
            "file_path": "/data/shapenet_blender/all_50_random/02958343/863d6f24aa1a478e569564f61ef539e3/r_29",
            "rotation": 0.12566370614359174,
            "transform_matrix": [
                [
                    -0.15694312751293182,
                    0.12744322419166565,
                    -0.9793502688407898,
                    -3.947887420654297
                ],
                [
                    -0.9876076579093933,
                    -0.02025230973958969,
                    0.1556309163570404,
                    0.6273683309555054
                ],
                [
                    1.862645149230957e-09,
                    0.9916390180587769,
                    0.1290423572063446,
                    0.5201864242553711
                ],
                [
                    0.0,
                    0.0,
                    0.0,
                    1.0
                ]
            ]
        },
        {
            "file_path": "/data/shapenet_blender/all_50_random/02958343/863d6f24aa1a478e569564f61ef539e3/r_30",
            "rotation": 0.12566370614359174,
            "transform_matrix": [
                [
                    -0.4326755404472351,
                    0.8886102437973022,
                    -0.1521959751844406,
                    -0.6135215759277344
                ],
                [
                    -0.9015498161315918,
                    -0.42646554112434387,
                    0.07304252684116364,
                    0.29444384574890137
                ],
                [
                    0.0,
                    0.16881559789180756,
                    0.9856476187705994,
                    3.9732725620269775
                ],
                [
                    0.0,
                    0.0,
                    0.0,
                    1.0
                ]
            ]
        },
        {
            "file_path": "/data/shapenet_blender/all_50_random/02958343/863d6f24aa1a478e569564f61ef539e3/r_31",
            "rotation": 0.12566370614359174,
            "transform_matrix": [
                [
                    0.7892346382141113,
                    0.09003519266843796,
                    -0.6074556112289429,
                    -2.4487318992614746
                ],
                [
                    -0.6140917539596558,
                    0.11571381986141205,
                    -0.7807058691978455,
                    -3.1471259593963623
                ],
                [
                    7.450580596923828e-09,
                    0.9891936182975769,
                    0.14661520719528198,
                    0.5910248160362244
                ],
                [
                    0.0,
                    0.0,
                    0.0,
                    1.0
                ]
            ]
        },
        {
            "file_path": "/data/shapenet_blender/all_50_random/02958343/863d6f24aa1a478e569564f61ef539e3/r_32",
            "rotation": 0.12566370614359174,
            "transform_matrix": [
                [
                    -0.3342686891555786,
                    0.5140947103500366,
                    -0.7899184226989746,
                    -3.184262990951538
                ],
                [
                    -0.9424778819084167,
                    -0.1823340207338333,
                    0.28016042709350586,
                    1.1293628215789795
                ],
                [
                    -1.4901161193847656e-08,
                    0.8381293416023254,
                    0.5454714298248291,
                    2.1988656520843506
                ],
                [
                    0.0,
                    0.0,
                    0.0,
                    1.0
                ]
            ]
        },
        {
            "file_path": "/data/shapenet_blender/all_50_random/02958343/863d6f24aa1a478e569564f61ef539e3/r_33",
            "rotation": 0.12566370614359174,
            "transform_matrix": [
                [
                    -0.10910295695066452,
                    0.661941647529602,
                    0.7415725588798523,
                    2.9893746376037598
                ],
                [
                    0.9940304160118103,
                    0.07265350222587585,
                    0.08139364421367645,
                    0.3281082808971405
                ],
                [
                    -3.725290076417309e-09,
                    0.7460259199142456,
                    -0.6659168601036072,
                    -2.684396743774414
                ],
                [
                    0.0,
                    0.0,
                    0.0,
                    1.0
                ]
            ]
        },
        {
            "file_path": "/data/shapenet_blender/all_50_random/02958343/863d6f24aa1a478e569564f61ef539e3/r_34",
            "rotation": 0.12566370614359174,
            "transform_matrix": [
                [
                    -0.2618175745010376,
                    -0.010695554316043854,
                    -0.9650580883026123,
                    -3.8902735710144043
                ],
                [
                    -0.9651173949241638,
                    0.002901495900005102,
                    0.26180148124694824,
                    1.0553555488586426
                ],
                [
                    2.3283064365386963e-10,
                    0.9999385476112366,
                    -0.011082128621637821,
                    -0.04467348754405975
                ],
                [
                    0.0,
                    0.0,
                    0.0,
                    1.0
                ]
            ]
        },
        {
            "file_path": "/data/shapenet_blender/all_50_random/02958343/863d6f24aa1a478e569564f61ef539e3/r_35",
            "rotation": 0.12566370614359174,
            "transform_matrix": [
                [
                    0.9802712798118591,
                    -0.030619746074080467,
                    0.19527077674865723,
                    0.7871617078781128
                ],
                [
                    0.19765688478946686,
                    0.151857390999794,
                    -0.9684374928474426,
                    -3.9038963317871094
                ],
                [
                    -1.862645149230957e-09,
                    0.9879279732704163,
                    0.15491364896297455,
                    0.6244769096374512
                ],
                [
                    0.0,
                    0.0,
                    0.0,
                    1.0
                ]
            ]
        },
        {
            "file_path": "/data/shapenet_blender/all_50_random/02958343/863d6f24aa1a478e569564f61ef539e3/r_36",
            "rotation": 0.12566370614359174,
            "transform_matrix": [
                [
                    0.7761467099189758,
                    0.2201293408870697,
                    0.5908802151679993,
                    2.3819146156311035
                ],
                [
                    0.6305524706840515,
                    -0.27095702290534973,
                    -0.7273140549659729,
                    -2.931896924972534
                ],
                [
                    -1.4901162970204496e-08,
                    0.9370834231376648,
                    -0.34910544753074646,
                    -1.4072891473770142
                ],
                [
                    0.0,
                    0.0,
                    0.0,
                    1.0
                ]
            ]
        },
        {
            "file_path": "/data/shapenet_blender/all_50_random/02958343/863d6f24aa1a478e569564f61ef539e3/r_37",
            "rotation": 0.12566370614359174,
            "transform_matrix": [
                [
                    0.9690222144126892,
                    0.03616442158818245,
                    -0.24431151151657104,
                    -0.9848512411117554
                ],
                [
                    -0.2469736784696579,
                    0.14189419150352478,
                    -0.958577036857605,
                    -3.864147901535034
                ],
                [
                    0.0,
                    0.989220917224884,
                    0.14643028378486633,
                    0.5902794003486633
                ],
                [
                    0.0,
                    0.0,
                    0.0,
                    1.0
                ]
            ]
        },
        {
            "file_path": "/data/shapenet_blender/all_50_random/02958343/863d6f24aa1a478e569564f61ef539e3/r_38",
            "rotation": 0.12566370614359174,
            "transform_matrix": [
                [
                    -0.6213874220848083,
                    0.4958125054836273,
                    -0.6066691279411316,
                    -2.445561647415161
                ],
                [
                    -0.7835033535957336,
                    -0.3932231664657593,
                    0.4811423122882843,
                    1.939546823501587
                ],
                [
                    0.0,
                    0.7743031978607178,
                    0.6328147053718567,
                    2.5509579181671143
                ],
                [
                    0.0,
                    0.0,
                    0.0,
                    1.0
                ]
            ]
        },
        {
            "file_path": "/data/shapenet_blender/all_50_random/02958343/863d6f24aa1a478e569564f61ef539e3/r_39",
            "rotation": 0.12566370614359174,
            "transform_matrix": [
                [
                    0.999345600605011,
                    0.015227056108415127,
                    0.03281007334589958,
                    0.13226164877414703
                ],
                [
                    0.0361713208258152,
                    -0.4206949472427368,
                    -0.9064806699752808,
                    -3.6541407108306885
                ],
                [
                    9.31322685637781e-10,
                    0.9070742726325989,
                    -0.4209704101085663,
                    -1.6969860792160034
                ],
                [
                    0.0,
                    0.0,
                    0.0,
                    1.0
                ]
            ]
        },
        {
            "file_path": "/data/shapenet_blender/all_50_random/02958343/863d6f24aa1a478e569564f61ef539e3/r_40",
            "rotation": 0.12566370614359174,
            "transform_matrix": [
                [
                    0.9973406195640564,
                    0.04724663123488426,
                    -0.055492501705884933,
                    -0.22369742393493652
                ],
                [
                    -0.07288114726543427,
                    0.6465455889701843,
                    -0.7593860030174255,
                    -3.061182975769043
                ],
                [
                    0.0,
                    0.7614108920097351,
                    0.6482695937156677,
                    2.6132583618164062
                ],
                [
                    0.0,
                    0.0,
                    0.0,
                    1.0
                ]
            ]
        },
        {
            "file_path": "/data/shapenet_blender/all_50_random/02958343/863d6f24aa1a478e569564f61ef539e3/r_41",
            "rotation": 0.12566370614359174,
            "transform_matrix": [
                [
                    0.997093677520752,
                    -0.056108761578798294,
                    -0.051537953317165375,
                    -0.2077561467885971
                ],
                [
                    -0.07618631422519684,
                    -0.7343273162841797,
