{
    "class": "02958343",
    "model": "df34c25a1e1abe9428044fe9244db50a",
    "remove_doubles": true,
    "edge_split": true,
    "denoise": true,
    "camera_angle_x": 0.6911112070083618,
    "scale_factor": 2.2632012358211973,
    "hdri_file": "/data/IndoorHDRDataset2018/9C4A2857-dc0a9513b2.exr",
    "center_offset": [
        0.0,
        -4.656612873077393e-10,
        -3.725290298461914e-09
    ],
    "lights": [],
    "frames": [
        {
            "file_path": "/data/shapenet_blender/all_50_random/02958343/df34c25a1e1abe9428044fe9244db50a/r_0",
            "rotation": 0.12566370614359174,
            "transform_matrix": [
                [
                    0.4794290065765381,
                    0.07623676210641861,
                    -0.8742629289627075,
                    -3.5242667198181152
                ],
                [
                    -0.8775806427001953,
                    0.04164872318506241,
                    -0.4776165187358856,
                    -1.925333857536316
                ],
                [
                    -3.725290298461914e-09,
                    0.9962195158004761,
                    0.08687151223421097,
                    0.35019031167030334
                ],
                [
                    0.0,
                    0.0,
                    0.0,
                    1.0
                ]
            ]
        },
        {
            "file_path": "/data/shapenet_blender/all_50_random/02958343/df34c25a1e1abe9428044fe9244db50a/r_1",
            "rotation": 0.12566370614359174,
            "transform_matrix": [
                [
                    -0.7112908959388733,
                    0.4910581111907959,
                    0.5029186606407166,
                    2.027329921722412
                ],
                [
                    0.7028977870941162,
                    0.49692171812057495,
                    0.5089238882064819,
                    2.0515377521514893
                ],
                [
                    0.0,
                    0.7154933214187622,
                    -0.698619544506073,
                    -2.816225528717041
                ],
                [
                    0.0,
                    0.0,
                    0.0,
                    1.0
                ]
            ]
        },
        {
            "file_path": "/data/shapenet_blender/all_50_random/02958343/df34c25a1e1abe9428044fe9244db50a/r_2",
            "rotation": 0.12566370614359174,
            "transform_matrix": [
                [
                    -0.48440179228782654,
                    0.1370411366224289,
                    -0.8640455007553101,
                    -3.483078718185425
                ],
                [
                    -0.8748456835746765,
                    -0.07587964087724686,
                    0.47842174768447876,
                    1.9285798072814941
                ],
                [
                    0.0,
                    0.9876546263694763,
                    0.15664610266685486,
                    0.6314606666564941
                ],
                [
                    0.0,
                    0.0,
                    0.0,
                    1.0
                ]
            ]
        },
        {
            "file_path": "/data/shapenet_blender/all_50_random/02958343/df34c25a1e1abe9428044fe9244db50a/r_3",
            "rotation": 0.12566370614359174,
            "transform_matrix": [
                [
                    -0.9999496936798096,
                    -0.0009862371953204274,
                    0.009981399402022362,
                    0.04023630917072296
                ],
                [
                    0.010030005127191544,
                    -0.09832373261451721,
                    0.9951038956642151,
                    4.011392116546631
                ],
                [
                    -1.1641532182693481e-10,
                    0.9951539635658264,
                    0.09832867234945297,
                    0.3963755667209625
                ],
                [
                    0.0,
                    0.0,
                    0.0,
                    1.0
                ]
            ]
        },
        {
            "file_path": "/data/shapenet_blender/all_50_random/02958343/df34c25a1e1abe9428044fe9244db50a/r_4",
            "rotation": 0.12566370614359174,
            "transform_matrix": [
                [
                    0.994228720664978,
                    0.009058590978384018,
                    0.10689844191074371,
                    0.43092140555381775
                ],
                [
                    0.10728157311677933,
                    -0.0839502140879631,
                    -0.990678071975708,
                    -3.993551015853882
                ],
                [
                    0.0,
                    0.9964286684989929,
                    -0.0844375416636467,
                    -0.34037861227989197
                ],
                [
                    0.0,
                    0.0,
                    0.0,
                    1.0
                ]
            ]
        },
        {
            "file_path": "/data/shapenet_blender/all_50_random/02958343/df34c25a1e1abe9428044fe9244db50a/r_5",
            "rotation": 0.12566370614359174,
            "transform_matrix": [
                [
                    -0.11764838546514511,
                    -0.03410470113158226,
                    0.9924694299697876,
                    4.000772476196289
                ],
                [
                    0.9930554032325745,
                    -0.0040404219180345535,
                    0.11757896840572357,
                    0.4739760160446167
                ],
                [
                    0.0,
                    0.9994099736213684,
                    0.03434320166707039,
                    0.13844189047813416
                ],
                [
                    0.0,
                    0.0,
                    0.0,
                    1.0
                ]
            ]
        },
        {
            "file_path": "/data/shapenet_blender/all_50_random/02958343/df34c25a1e1abe9428044fe9244db50a/r_6",
            "rotation": 0.12566370614359174,
            "transform_matrix": [
                [
                    0.7738415002822876,
                    0.27090296149253845,
                    -0.572521448135376,
                    -2.307908058166504
                ],
                [
                    -0.6333792805671692,
                    0.330980122089386,
                    -0.6994874477386475,
                    -2.8197243213653564
                ],
                [
                    0.0,
                    0.9039156436920166,
                    0.42771053314208984,
                    1.724156379699707
                ],
                [
                    0.0,
                    0.0,
                    0.0,
                    1.0
                ]
            ]
        },
        {
            "file_path": "/data/shapenet_blender/all_50_random/02958343/df34c25a1e1abe9428044fe9244db50a/r_7",
            "rotation": 0.12566370614359174,
            "transform_matrix": [
                [
                    0.03857303410768509,
                    -0.8540284037590027,
                    0.5187942981719971,
                    2.0913267135620117
                ],
                [
                    0.9992558360099792,
                    0.03296699747443199,
                    -0.020026372745633125,
                    -0.08072888851165771
                ],
                [
                    0.0,
                    0.5191805958747864,
                    0.8546644449234009,
                    3.4452626705169678
                ],
                [
                    0.0,
                    0.0,
                    0.0,
                    1.0
                ]
            ]
        },
        {
            "file_path": "/data/shapenet_blender/all_50_random/02958343/df34c25a1e1abe9428044fe9244db50a/r_8",
            "rotation": 0.12566370614359174,
            "transform_matrix": [
                [
                    0.9291894435882568,
                    -0.3601914048194885,
                    0.08288045972585678,
                    0.3341018259525299
                ],
                [
                    0.3696039021015167,
                    0.9055262804031372,
                    -0.2083626389503479,
                    -0.8399366736412048
                ],
                [
                    0.0,
                    0.2242412269115448,
                    0.9745336174964905,
                    3.9284706115722656
                ],
                [
                    0.0,
                    0.0,
                    0.0,
                    1.0
                ]
            ]
        },
        {
            "file_path": "/data/shapenet_blender/all_50_random/02958343/df34c25a1e1abe9428044fe9244db50a/r_9",
            "rotation": 0.12566370614359174,
            "transform_matrix": [
                [
                    -0.9630659818649292,
                    -0.2569119930267334,
                    0.08062370866537094,
                    0.32500460743904114
                ],
                [
                    0.2692655622959137,
                    -0.9188817143440247,
                    0.28836196660995483,
                    1.1624244451522827
                ],
                [
                    0.0,
                    0.29942065477371216,
                    0.9541211128234863,
                    3.8461854457855225
                ],
                [
                    0.0,
                    0.0,
                    0.0,
                    1.0
                ]
            ]
        },
        {
            "file_path": "/data/shapenet_blender/all_50_random/02958343/df34c25a1e1abe9428044fe9244db50a/r_10",
            "rotation": 0.12566370614359174,
            "transform_matrix": [
                [
                    0.06898432224988937,
                    -0.6946960687637329,
                    -0.7159878611564636,
                    -2.8862390518188477
                ],
                [
                    -0.9976178407669067,
                    -0.0480375699698925,
                    -0.04950987920165062,
                    -0.19958068430423737
                ],
                [
                    3.725290742551124e-09,
                    0.7176975011825562,
                    -0.6963549852371216,
                    -2.807096481323242
                ],
                [
                    0.0,
                    0.0,
                    0.0,
                    1.0
                ]
            ]
        },
        {
            "file_path": "/data/shapenet_blender/all_50_random/02958343/df34c25a1e1abe9428044fe9244db50a/r_11",
            "rotation": 0.12566370614359174,
            "transform_matrix": [
                [
                    -0.9982537031173706,
                    -0.05476853996515274,
                    -0.022136272862553596,
                    -0.08923417329788208
                ],
                [
                    -0.05907290056347847,
                    0.9255157113075256,
                    0.37407365441322327,
                    1.507939100265503
                ],
                [
                    1.862645149230957e-09,
                    0.3747279644012451,
                    -0.9271347522735596,
                    -3.7373998165130615
                ],
                [
                    0.0,
                    0.0,
                    0.0,
                    1.0
                ]
            ]
        },
        {
            "file_path": "/data/shapenet_blender/all_50_random/02958343/df34c25a1e1abe9428044fe9244db50a/r_12",
            "rotation": 0.12566370614359174,
            "transform_matrix": [
                [
                    -0.9989160895347595,
                    -0.0003227228007744998,
                    -0.046546779572963715,
                    -0.18763607740402222
                ],
                [
                    -0.04654790461063385,
                    0.006925617810338736,
                    0.9988919496536255,
                    4.026662349700928
                ],
                [
                    0.0,
                    0.9999759793281555,
                    -0.006933132652193308,
                    -0.027948351576924324
                ],
                [
                    0.0,
                    0.0,
                    0.0,
                    1.0
                ]
            ]
        },
        {
            "file_path": "/data/shapenet_blender/all_50_random/02958343/df34c25a1e1abe9428044fe9244db50a/r_13",
            "rotation": 0.12566370614359174,
            "transform_matrix": [
                [
                    0.8259883522987366,
                    0.5507358312606812,
                    0.12013830244541168,
                    0.48429298400878906
                ],
                [
                    0.5636871457099915,
                    -0.8070104122161865,
                    -0.17604240775108337,
                    -0.7096496224403381
                ],
                [
                    0.0,
                    0.21312950551509857,
                    -0.9770239591598511,
                    -3.938509464263916
                ],
                [
                    0.0,
                    0.0,
                    0.0,
                    1.0
                ]
            ]
        },
        {
            "file_path": "/data/shapenet_blender/all_50_random/02958343/df34c25a1e1abe9428044fe9244db50a/r_14",
            "rotation": 0.12566370614359174,
            "transform_matrix": [
                [
                    0.41066116094589233,
                    -0.2719308137893677,
                    -0.8702936768531799,
                    -3.508265733718872
                ],
                [
                    -0.9117880463600159,
                    -0.12247520685195923,
                    -0.39197245240211487,
                    -1.5800914764404297
                ],
                [
                    -7.450580596923828e-09,
                    0.9544910788536072,
                    -0.2982391119003296,
                    -1.2022403478622437
                ],
                [
                    0.0,
                    0.0,
                    0.0,
                    1.0
                ]
            ]
        },
        {
            "file_path": "/data/shapenet_blender/all_50_random/02958343/df34c25a1e1abe9428044fe9244db50a/r_15",
            "rotation": 0.12566370614359174,
            "transform_matrix": [
                [
                    -0.6336251497268677,
                    0.45711052417755127,
                    0.6241546869277954,
                    2.5160481929779053
                ],
                [
                    0.7736402750015259,
                    0.3743816614151001,
                    0.5111938118934631,
                    2.0606884956359863
                ],
                [
                    0.0,
                    0.8067765235900879,
                    -0.5908566117286682,
                    -2.381819486618042
                ],
                [
                    0.0,
                    0.0,
                    0.0,
                    1.0
                ]
            ]
        },
        {
            "file_path": "/data/shapenet_blender/all_50_random/02958343/df34c25a1e1abe9428044fe9244db50a/r_16",
            "rotation": 0.12566370614359174,
            "transform_matrix": [
                [
                    0.2728375196456909,
                    -0.057121288031339645,
                    0.9603629112243652,
                    3.8713467121124268
                ],
                [
                    0.9620602130889893,
                    0.01619943417608738,
                    -0.27235618233680725,
                    -1.0979028940200806
                ],
                [
                    -9.31322685637781e-10,
                    0.9982357025146484,
                    0.05937393754720688,
                    0.23934400081634521
                ],
                [
                    0.0,
                    0.0,
                    0.0,
                    1.0
                ]
            ]
        },
        {
            "file_path": "/data/shapenet_blender/all_50_random/02958343/df34c25a1e1abe9428044fe9244db50a/r_17",
            "rotation": 0.12566370614359174,
            "transform_matrix": [
                [
                    0.05319881811738014,
                    0.10875239223241806,
                    0.9926443099975586,
                    4.001477241516113
                ],
                [
                    0.9985839128494263,
                    -0.005793703254312277,
                    -0.05288239195942879,
                    -0.21317574381828308
                ],
                [
                    0.0,
                    0.9940518736839294,
                    -0.10890661925077438,
                    -0.4390166103839874
                ],
                [
                    0.0,
                    0.0,
                    0.0,
                    1.0
                ]
            ]
        },
        {
            "file_path": "/data/shapenet_blender/all_50_random/02958343/df34c25a1e1abe9428044fe9244db50a/r_18",
            "rotation": 0.12566370614359174,
            "transform_matrix": [
                [
                    -0.5507684350013733,
                    -0.10064966231584549,
                    0.828567385673523,
                    3.340061664581299
                ],
                [
                    0.8346582055091858,
                    -0.06641599535942078,
                    0.5467492938041687,
                    2.20401668548584
                ],
                [
                    -7.450581485102248e-09,
                    0.9927026033401489,
                    0.12058790028095245,
                    0.4861053228378296
                ],
                [
                    0.0,
                    0.0,
                    0.0,
                    1.0
                ]
            ]
        },
        {
            "file_path": "/data/shapenet_blender/all_50_random/02958343/df34c25a1e1abe9428044fe9244db50a/r_19",
            "rotation": 0.12566370614359174,
            "transform_matrix": [
                [
                    -0.9770598411560059,
                    -0.12616071105003357,
                    -0.1715736836194992,
                    -0.6916357278823853
                ],
                [
                    -0.21296492218971252,
                    0.5788115859031677,
                    0.7871613502502441,
                    3.1731491088867188
                ],
                [
                    0.0,
                    0.8056429624557495,
                    -0.5924013257026672,
                    -2.3880462646484375
                ],
                [
                    0.0,
                    0.0,
                    0.0,
                    1.0
                ]
            ]
        },
        {
            "file_path": "/data/shapenet_blender/all_50_random/02958343/df34c25a1e1abe9428044fe9244db50a/r_20",
            "rotation": 0.12566370614359174,
            "transform_matrix": [
                [
                    0.13640278577804565,
                    -0.31767088174819946,
                    -0.9383386969566345,
                    -3.782564163208008
                ],
                [
                    -0.9906535148620605,
                    -0.043740008026361465,
                    -0.1291995793581009,
                    -0.520820140838623
                ],
                [
                    0.0,
                    0.9471917152404785,
                    -0.32066798210144043,
                    -1.292654037475586
                ],
                [
                    0.0,
                    0.0,
                    0.0,
                    1.0
                ]
            ]
        },
        {
            "file_path": "/data/shapenet_blender/all_50_random/02958343/df34c25a1e1abe9428044fe9244db50a/r_21",
            "rotation": 0.12566370614359174,
            "transform_matrix": [
                [
                    -0.9997300505638123,
                    0.00660595390945673,
                    0.02227911539375782,
                    0.08980998396873474
                ],
                [
                    0.02323784865438938,
                    0.2841988503932953,
                    0.9584836959838867,
                    3.863771438598633
                ],
                [
                    0.0,
                    0.9587425589561462,
                    -0.2842756509780884,
                    -1.145951747894287
                ],
                [
                    0.0,
                    0.0,
                    0.0,
                    1.0
                ]
            ]
        },
        {
            "file_path": "/data/shapenet_blender/all_50_random/02958343/df34c25a1e1abe9428044fe9244db50a/r_22",
            "rotation": 0.12566370614359174,
            "transform_matrix": [
                [
                    -0.9984283447265625,
                    -0.000948775268625468,
                    0.05603688210248947,
                    0.22589190304279327
                ],
                [
                    0.05604492127895355,
                    -0.01690223067998886,
                    0.998285174369812,
                    4.024216175079346
                ],
                [
                    5.820766785236131e-11,
                    0.9998565912246704,
                    0.016928840428590775,
                    0.06824234127998352
                ],
                [
                    0.0,
                    0.0,
                    0.0,
                    1.0
                ]
            ]
        },
        {
            "file_path": "/data/shapenet_blender/all_50_random/02958343/df34c25a1e1abe9428044fe9244db50a/r_23",
            "rotation": 0.12566370614359174,
            "transform_matrix": [
                [
                    -0.8999824523925781,
                    0.0110999196767807,
                    -0.4357846975326538,
                    -1.756704330444336
                ],
                [
                    -0.43592602014541626,
                    -0.022916117683053017,
                    0.8996906876564026,
                    3.6267690658569336
                ],
                [
                    9.313225191043273e-10,
                    0.9996757507324219,
                    0.02546284906566143,
                    0.10264402627944946
                ],
                [
                    0.0,
                    0.0,
                    0.0,
                    1.0
                ]
            ]
        },
        {
            "file_path": "/data/shapenet_blender/all_50_random/02958343/df34c25a1e1abe9428044fe9244db50a/r_24",
            "rotation": 0.12566370614359174,
            "transform_matrix": [
                [
                    0.3668009340763092,
                    -0.4195464849472046,
                    0.8303238153457642,
                    3.3471426963806152
                ],
                [
                    0.9302995204925537,
                    0.16541990637779236,
                    -0.32738226652145386,
                    -1.3197202682495117
                ],
                [
                    0.0,
                    0.8925339579582214,
                    0.4509800374507904,
                    1.8179588317871094
                ],
                [
                    0.0,
                    0.0,
                    0.0,
                    1.0
                ]
            ]
        },
        {
            "file_path": "/data/shapenet_blender/all_50_random/02958343/df34c25a1e1abe9428044fe9244db50a/r_25",
            "rotation": 0.12566370614359174,
            "transform_matrix": [
                [
                    -0.5846324563026428,
                    0.43617579340934753,
                    0.6840727925300598,
                    2.7575855255126953
                ],
                [
                    0.8112982511520386,
                    0.3143141567707062,
                    0.49295204877853394,
                    1.9871532917022705
                ],
                [
                    0.0,
                    0.8431828022003174,
                    -0.5376269221305847,
                    -2.167243480682373
                ],
                [
                    0.0,
                    0.0,
                    0.0,
                    1.0
                ]
            ]
        },
        {
            "file_path": "/data/shapenet_blender/all_50_random/02958343/df34c25a1e1abe9428044fe9244db50a/r_26",
            "rotation": 0.12566370614359174,
            "transform_matrix": [
                [
                    -0.8589878082275391,
                    -0.1203850731253624,
                    -0.4976417124271393,
                    -2.0060579776763916
                ],
                [
                    -0.5119959115982056,
                    0.20197291672229767,
                    0.8349053859710693,
                    3.3656115531921387
                ],
                [
                    7.450580152834618e-09,
                    0.9719641804695129,
                    -0.23512893915176392,
                    -0.9478351473808289
                ],
                [
                    0.0,
                    0.0,
                    0.0,
                    1.0
                ]
            ]
        },
        {
            "file_path": "/data/shapenet_blender/all_50_random/02958343/df34c25a1e1abe9428044fe9244db50a/r_27",
            "rotation": 0.12566370614359174,
            "transform_matrix": [
                [
                    -0.5105575919151306,
                    -0.23043376207351685,
                    -0.8283906579017639,
                    -3.3393497467041016
                ],
                [
                    -0.8598435521125793,
                    0.13682687282562256,
                    0.49188151955604553,
                    1.9828379154205322
                ],
                [
                    0.0,
                    0.9634203314781189,
                    -0.2679949402809143,
                    -1.080322265625
                ],
                [
                    0.0,
                    0.0,
                    0.0,
                    1.0
                ]
            ]
        },
        {
            "file_path": "/data/shapenet_blender/all_50_random/02958343/df34c25a1e1abe9428044fe9244db50a/r_28",
            "rotation": 0.12566370614359174,
            "transform_matrix": [
                [
                    0.8792237043380737,
                    0.11391352117061615,
                    -0.46258997917175293,
                    -1.864759922027588
                ],
                [
                    -0.47640931606292725,
                    0.21022987365722656,
                    -0.8537198305130005,
                    -3.4414548873901367
                ],
                [
                    0.0,
                    0.9709928035736084,
                    0.23910854756832123,
                    0.9638774394989014
                ],
                [
                    0.0,
                    0.0,
                    0.0,
                    1.0
                ]
            ]
        },
        {
            "file_path": "/data/shapenet_blender/all_50_random/02958343/df34c25a1e1abe9428044fe9244db50a/r_29",
            "rotation": 0.12566370614359174,
            "transform_matrix": [
                [
                    0.7566109299659729,
                    0.49210691452026367,
                    0.4305468499660492,
                    1.7355899810791016
                ],
                [
                    0.6538652777671814,
                    -0.5694345235824585,
                    -0.4982011914253235,
                    -2.0083134174346924
                ],
                [
                    -1.4901160305669237e-08,
                    0.6584641933441162,
                    -0.7526119947433472,
                    -3.0338761806488037
                ],
                [
                    0.0,
                    0.0,
                    0.0,
                    1.0
                ]
            ]
        },
        {
            "file_path": "/data/shapenet_blender/all_50_random/02958343/df34c25a1e1abe9428044fe9244db50a/r_30",
            "rotation": 0.12566370614359174,
            "transform_matrix": [
                [
                    -0.21897901594638824,
                    0.0842679962515831,
                    0.9720839262008667,
                    3.918595552444458
                ],
                [
                    0.9757295846939087,
                    0.018911924213171005,
                    0.21816083788871765,
                    0.8794344663619995
                ],
                [
                    -1.8626449271863521e-09,
                    0.9962637424468994,
                    -0.08636409044265747,
                    -0.3481447696685791
                ],
                [
                    0.0,
                    0.0,
                    0.0,
                    1.0
                ]
            ]
        },
        {
            "file_path": "/data/shapenet_blender/all_50_random/02958343/df34c25a1e1abe9428044fe9244db50a/r_31",
            "rotation": 0.12566370614359174,
            "transform_matrix": [
                [
                    -0.2033146321773529,
                    0.1471346914768219,
                    0.9679951071739197,
                    3.9021129608154297
                ],
                [
                    0.9791134595870972,
                    0.030552774667739868,
                    0.20100587606430054,
                    0.8102805614471436
                ],
                [
                    1.862645149230957e-09,
                    0.9886444211006165,
                    -0.1502733677625656,
                    -0.6057713031768799
                ],
                [
                    0.0,
                    0.0,
                    0.0,
                    1.0
                ]
            ]
        },
        {
            "file_path": "/data/shapenet_blender/all_50_random/02958343/df34c25a1e1abe9428044fe9244db50a/r_32",
            "rotation": 0.12566370614359174,
            "transform_matrix": [
                [
                    0.9164429306983948,
                    -0.01745671033859253,
                    0.3997844159603119,
                    1.6115825176239014
                ],
                [
                    0.4001653790473938,
                    0.039978668093681335,
                    -0.9155704975128174,
                    -3.6907827854156494
                ],
                [
                    1.8626450382086546e-09,
                    0.9990480542182922,
                    0.04362374171614647,
                    0.1758529245853424
                ],
                [
                    0.0,
                    0.0,
                    0.0,
                    1.0
                ]
            ]
        },
        {
            "file_path": "/data/shapenet_blender/all_50_random/02958343/df34c25a1e1abe9428044fe9244db50a/r_33",
            "rotation": 0.12566370614359174,
            "transform_matrix": [
                [
                    0.9442970752716064,
                    0.09401672333478928,
                    0.31537899374961853,
                    1.2713333368301392
                ],
                [
                    0.329094260931015,
                    -0.2697698771953583,
                    -0.9049426913261414,
                    -3.6479406356811523
                ],
                [
                    7.4505797087454084e-09,
                    0.9583241939544678,
                    -0.28568321466445923,
                    -1.1516258716583252
                ],
                [
                    0.0,
                    0.0,
                    0.0,
                    1.0
                ]
            ]
        },
        {
            "file_path": "/data/shapenet_blender/all_50_random/02958343/df34c25a1e1abe9428044fe9244db50a/r_34",
            "rotation": 0.12566370614359174,
            "transform_matrix": [
                [
                    -0.8966501951217651,
                    -0.03465523198246956,
                    0.4413812756538391,
                    1.7792649269104004
                ],
                [
                    0.44273966550827026,
                    -0.0701848566532135,
                    0.8938990831375122,
                    3.6034226417541504
                ],
                [
                    1.862645149230957e-09,
                    0.9969317317008972,
                    0.07827451825141907,
                    0.31553471088409424
                ],
                [
                    0.0,
                    0.0,
                    0.0,
                    1.0
                ]
            ]
        },
        {
            "file_path": "/data/shapenet_blender/all_50_random/02958343/df34c25a1e1abe9428044fe9244db50a/r_35",
            "rotation": 0.12566370614359174,
            "transform_matrix": [
                [
                    -0.6969481706619263,
                    0.48936933279037476,
                    0.5241954922676086,
                    2.1130995750427246
                ],
                [
                    0.7171214818954468,
                    0.4756028950214386,
                    0.5094493627548218,
                    2.0536561012268066
                ],
                [
                    0.0,
                    0.7309715151786804,
                    -0.6824078559875488,
                    -2.7508740425109863
                ],
                [
                    0.0,
                    0.0,
                    0.0,
                    1.0
                ]
            ]
        },
        {
            "file_path": "/data/shapenet_blender/all_50_random/02958343/df34c25a1e1abe9428044fe9244db50a/r_36",
            "rotation": 0.12566370614359174,
            "transform_matrix": [
                [
                    0.8623363971710205,
                    0.16876623034477234,
                    -0.47738227248191833,
                    -1.9243894815444946
                ],
                [
                    -0.5063357353210449,
                    0.2874244153499603,
                    -0.8130260109901428,
                    -3.2774126529693604
                ],
                [
                    -1.4901161193847656e-08,
                    0.9428175687789917,
                    0.33330896496772766,
                    1.3436113595962524
                ],
                [
                    0.0,
                    0.0,
                    0.0,
                    1.0
                ]
            ]
        },
        {
            "file_path": "/data/shapenet_blender/all_50_random/02958343/df34c25a1e1abe9428044fe9244db50a/r_37",
            "rotation": 0.12566370614359174,
            "transform_matrix": [
                [
                    -0.685981810092926,
                    0.370775043964386,
                    -0.6260628700256348,
                    -2.523740291595459
                ],
                [
                    -0.7276186347007751,
                    -0.349558025598526,
                    0.5902373790740967,
                    2.3793232440948486
                ],
                [
                    -1.4901160305669237e-08,
                    0.8604271411895752,
                    0.5095732808113098,
                    2.0541558265686035
                ],
                [
                    0.0,
                    0.0,
                    0.0,
                    1.0
                ]
            ]
        },
        {
            "file_path": "/data/shapenet_blender/all_50_random/02958343/df34c25a1e1abe9428044fe9244db50a/r_38",
            "rotation": 0.12566370614359174,
            "transform_matrix": [
                [
                    -0.6299163699150085,
                    0.17839974164962769,
                    0.7558960914611816,
                    3.047114610671997
                ],
                [
                    0.7766630053520203,
                    0.14469198882579803,
                    0.6130732893943787,
                    2.471377372741699
                ],
                [
                    7.450580596923828e-09,
                    0.9732613563537598,
                    -0.22970034182071686,
                    -0.9259517192840576
                ],
                [
                    0.0,
                    0.0,
                    0.0,
                    1.0
                ]
            ]
        },
        {
            "file_path": "/data/shapenet_blender/all_50_random/02958343/df34c25a1e1abe9428044fe9244db50a/r_39",
            "rotation": 0.12566370614359174,
            "transform_matrix": [
                [
                    0.9921072125434875,
                    -0.06419443339109421,
                    -0.107713982462883,
                    -0.4342089593410492
                ],
                [
                    -0.12539228796958923,
                    -0.5079081058502197,
                    -0.8522359132766724,
                    -3.4354729652404785
                ],
                [
                    -3.725290298461914e-09,
                    0.8590158820152283,
                    -0.511948823928833,
                    -2.0637316703796387
                ],
                [
                    0.0,
                    0.0,
                    0.0,
                    1.0
                ]
            ]
        },
        {
            "file_path": "/data/shapenet_blender/all_50_random/02958343/df34c25a1e1abe9428044fe9244db50a/r_40",
            "rotation": 0.12566370614359174,
            "transform_matrix": [
                [
                    0.32091856002807617,
                    0.28526124358177185,
                    -0.9031262993812561,
                    -3.6406188011169434
                ],
                [
                    -0.9471068382263184,
                    0.09665818512439728,
                    -0.3060161769390106,
                    -1.233590841293335
                ],
                [
                    -7.450580596923828e-09,
                    0.9535634517669678,
                    0.30119219422340393,
                    1.2141447067260742
                ],
                [
                    0.0,
                    0.0,
                    0.0,
                    1.0
                ]
            ]
        },
        {
            "file_path": "/data/shapenet_blender/all_50_random/02958343/df34c25a1e1abe9428044fe9244db50a/r_41",
            "rotation": 0.12566370614359174,
            "transform_matrix": [
                [
                    0.20364335179328918,
                    0.040451593697071075,
                    -0.9782090187072754,
                    -3.943286895751953
                ],
                [
                    -0.9790451526641846,
                    0.008414012379944324,
                    -0.2034694403409958,
