{
    "class": "02958343",
    "model": "c30bf6d1ae428497c7f3070d3c7b9f30",
    "remove_doubles": true,
    "edge_split": true,
    "denoise": true,
    "camera_angle_x": 0.6911112070083618,
    "scale_factor": 2.0703976742540164,
    "hdri_file": "/data/IndoorHDRDataset2018/AG8A0924-4484ad8b59.exr",
    "center_offset": [
        0.0,
        -1.862645149230957e-09,
        3.725290298461914e-09
    ],
    "lights": [],
    "frames": [
        {
            "file_path": "/data/shapenet_blender/all_50_random/02958343/c30bf6d1ae428497c7f3070d3c7b9f30/r_0",
            "rotation": 0.12566370614359174,
            "transform_matrix": [
                [
                    -0.6541095972061157,
                    -0.25889652967453003,
                    0.7107130885124207,
                    2.864976167678833
                ],
                [
                    0.7563997507095337,
                    -0.2238852083683014,
                    0.6146013140678406,
                    2.477537155151367
                ],
                [
                    0.0,
                    0.939599871635437,
                    0.3422747254371643,
                    1.379753589630127
                ],
                [
                    0.0,
                    0.0,
                    0.0,
                    1.0
                ]
            ]
        },
        {
            "file_path": "/data/shapenet_blender/all_50_random/02958343/c30bf6d1ae428497c7f3070d3c7b9f30/r_1",
            "rotation": 0.12566370614359174,
            "transform_matrix": [
                [
                    0.5144469738006592,
                    0.7968682050704956,
                    0.3167732357978821,
                    1.276953935623169
                ],
                [
                    0.857522189617157,
                    -0.478059321641922,
                    -0.19003945589065552,
                    -0.7660735845565796
                ],
                [
                    0.0,
                    0.3694053292274475,
                    -0.9292683005332947,
                    -3.7460005283355713
                ],
                [
                    0.0,
                    0.0,
                    0.0,
                    1.0
                ]
            ]
        },
        {
            "file_path": "/data/shapenet_blender/all_50_random/02958343/c30bf6d1ae428497c7f3070d3c7b9f30/r_2",
            "rotation": 0.12566370614359174,
            "transform_matrix": [
                [
                    -0.6680614948272705,
                    -0.16450181603431702,
                    -0.7256948351860046,
                    -2.9253695011138916
                ],
                [
                    -0.744106113910675,
                    0.14769041538238525,
                    0.6515318155288696,
                    2.626408815383911
                ],
                [
                    7.450581485102248e-09,
                    0.9752572178840637,
                    -0.22107307612895966,
                    -0.8911740779876709
                ],
                [
                    0.0,
                    0.0,
                    0.0,
                    1.0
                ]
            ]
        },
        {
            "file_path": "/data/shapenet_blender/all_50_random/02958343/c30bf6d1ae428497c7f3070d3c7b9f30/r_3",
            "rotation": 0.12566370614359174,
            "transform_matrix": [
                [
                    0.7922766804695129,
                    -0.3113022744655609,
                    0.5247747898101807,
                    2.1154348850250244
                ],
                [
                    0.610162079334259,
                    0.4042164385318756,
                    -0.6814039349555969,
                    -2.7468271255493164
                ],
                [
                    0.0,
                    0.860058069229126,
                    0.5101960301399231,
                    2.0566658973693848
                ],
                [
                    0.0,
                    0.0,
                    0.0,
                    1.0
                ]
            ]
        },
        {
            "file_path": "/data/shapenet_blender/all_50_random/02958343/c30bf6d1ae428497c7f3070d3c7b9f30/r_4",
            "rotation": 0.12566370614359174,
            "transform_matrix": [
                [
                    -0.8365639448165894,
                    -0.026907065883278847,
                    -0.5472080111503601,
                    -2.2058663368225098
                ],
                [
                    -0.5478692054748535,
                    0.04108550027012825,
                    0.8355543613433838,
                    3.36822772026062
                ],
                [
                    0.0,
                    0.9987931847572327,
                    -0.04911220073699951,
                    -0.19797763228416443
                ],
                [
                    0.0,
                    0.0,
                    0.0,
                    1.0
                ]
            ]
        },
        {
            "file_path": "/data/shapenet_blender/all_50_random/02958343/c30bf6d1ae428497c7f3070d3c7b9f30/r_5",
            "rotation": 0.12566370614359174,
            "transform_matrix": [
                [
                    0.9803059101104736,
                    0.05584621801972389,
                    -0.18942424654960632,
                    -0.7635935544967651
                ],
                [
                    -0.1974850744009018,
                    0.2772178053855896,
                    -0.9402924180030823,
                    -3.790440082550049
                ],
                [
                    0.0,
                    0.9591827392578125,
                    0.282787024974823,
                    1.1399509906768799
                ],
                [
                    0.0,
                    0.0,
                    0.0,
                    1.0
                ]
            ]
        },
        {
            "file_path": "/data/shapenet_blender/all_50_random/02958343/c30bf6d1ae428497c7f3070d3c7b9f30/r_6",
            "rotation": 0.12566370614359174,
            "transform_matrix": [
                [
                    0.9706593155860901,
                    0.054127778857946396,
                    -0.2342877835035324,
                    -0.9444442987442017
                ],
                [
                    -0.2404591590166092,
                    0.2184971421957016,
                    -0.945747435092926,
                    -3.8124301433563232
                ],
                [
                    3.725290742551124e-09,
                    0.9743351936340332,
                    0.2251017689704895,
                    0.9074143171310425
                ],
                [
                    0.0,
                    0.0,
                    0.0,
                    1.0
                ]
            ]
        },
        {
            "file_path": "/data/shapenet_blender/all_50_random/02958343/c30bf6d1ae428497c7f3070d3c7b9f30/r_7",
            "rotation": 0.12566370614359174,
            "transform_matrix": [
                [
                    0.9205709099769592,
                    -0.0860840305685997,
                    0.38097071647644043,
                    1.535742163658142
                ],
                [
                    0.39057543873786926,
                    0.20289666950702667,
                    -0.8979329466819763,
                    -3.6196837425231934
                ],
                [
                    0.0,
                    0.9754088521003723,
                    0.22040307521820068,
                    0.8884732723236084
                ],
                [
                    0.0,
                    0.0,
                    0.0,
                    1.0
                ]
            ]
        },
        {
            "file_path": "/data/shapenet_blender/all_50_random/02958343/c30bf6d1ae428497c7f3070d3c7b9f30/r_8",
            "rotation": 0.12566370614359174,
            "transform_matrix": [
                [
                    -0.7788099646568298,
                    0.2278929054737091,
                    -0.5843971371650696,
                    -2.3557801246643066
                ],
                [
                    -0.6272600889205933,
                    -0.2829532027244568,
                    0.7255910038948059,
                    2.9249508380889893
                ],
                [
                    0.0,
                    0.931666374206543,
                    0.3633148670196533,
                    1.464569091796875
                ],
                [
                    0.0,
                    0.0,
                    0.0,
                    1.0
                ]
            ]
        },
        {
            "file_path": "/data/shapenet_blender/all_50_random/02958343/c30bf6d1ae428497c7f3070d3c7b9f30/r_9",
            "rotation": 0.12566370614359174,
            "transform_matrix": [
                [
                    -0.9761899709701538,
                    0.10865096002817154,
                    0.1877449005842209,
                    0.7568238973617554
                ],
                [
                    0.2169174700975418,
                    0.4889600872993469,
                    0.8449051976203918,
                    3.405921697616577
                ],
                [
                    0.0,
                    0.865513026714325,
                    -0.5008862018585205,
                    -2.019136905670166
                ],
                [
                    0.0,
                    0.0,
                    0.0,
                    1.0
                ]
            ]
        },
        {
            "file_path": "/data/shapenet_blender/all_50_random/02958343/c30bf6d1ae428497c7f3070d3c7b9f30/r_10",
            "rotation": 0.12566370614359174,
            "transform_matrix": [
                [
                    0.8184141516685486,
                    -0.19229887425899506,
                    -0.5414973497390747,
                    -2.1828455924987793
                ],
                [
                    -0.5746288299560547,
                    -0.27388134598731995,
                    -0.7712267637252808,
                    -3.108914613723755
                ],
                [
                    1.4901161193847656e-08,
                    0.9423428773880005,
                    -0.33464884757995605,
                    -1.3490126132965088
                ],
                [
                    0.0,
                    0.0,
                    0.0,
                    1.0
                ]
            ]
        },
        {
            "file_path": "/data/shapenet_blender/all_50_random/02958343/c30bf6d1ae428497c7f3070d3c7b9f30/r_11",
            "rotation": 0.12566370614359174,
            "transform_matrix": [
                [
                    -0.3123752474784851,
                    0.05913931131362915,
                    0.9481161236763,
                    3.8219785690307617
                ],
                [
                    0.949958860874176,
                    0.01944679394364357,
                    0.3117692768573761,
                    1.2567822933197021
                ],
                [
                    1.862645149230957e-09,
                    0.9980602860450745,
                    -0.06225460395216942,
                    -0.25095635652542114
                ],
                [
                    0.0,
                    0.0,
                    0.0,
                    1.0
                ]
            ]
        },
        {
            "file_path": "/data/shapenet_blender/all_50_random/02958343/c30bf6d1ae428497c7f3070d3c7b9f30/r_12",
            "rotation": 0.12566370614359174,
            "transform_matrix": [
                [
                    -0.5460898280143738,
                    -0.042903345078229904,
                    0.8366273045539856,
                    3.3725526332855225
                ],
                [
                    0.8377266526222229,
                    -0.02796745114028454,
                    0.5453732013702393,
                    2.198469638824463
                ],
                [
                    0.0,
                    0.9986876845359802,
                    0.05121401324868202,
                    0.20645028352737427
                ],
                [
                    0.0,
                    0.0,
                    0.0,
                    1.0
                ]
            ]
        },
        {
            "file_path": "/data/shapenet_blender/all_50_random/02958343/c30bf6d1ae428497c7f3070d3c7b9f30/r_13",
            "rotation": 0.12566370614359174,
            "transform_matrix": [
                [
                    -0.9043248891830444,
                    0.015785429626703262,
                    -0.42655301094055176,
                    -1.7194901704788208
                ],
                [
                    -0.4268450438976288,
                    -0.03344341740012169,
                    0.9037061929702759,
                    3.642956256866455
                ],
                [
                    0.0,
                    0.9993158578872681,
                    0.036981649696826935,
                    0.14907780289649963
                ],
                [
                    0.0,
                    0.0,
                    0.0,
                    1.0
                ]
            ]
        },
        {
            "file_path": "/data/shapenet_blender/all_50_random/02958343/c30bf6d1ae428497c7f3070d3c7b9f30/r_14",
            "rotation": 0.12566370614359174,
            "transform_matrix": [
                [
                    -0.339675635099411,
                    0.47948217391967773,
                    0.8091460466384888,
                    3.2617721557617188
                ],
                [
                    0.9405427575111389,
                    0.17316429316997528,
                    0.29222193360328674,
                    1.1779842376708984
                ],
                [
                    0.0,
                    0.8602970838546753,
                    -0.5097930431365967,
                    -2.055041551589966
                ],
                [
                    0.0,
                    0.0,
                    0.0,
                    1.0
                ]
            ]
        },
        {
            "file_path": "/data/shapenet_blender/all_50_random/02958343/c30bf6d1ae428497c7f3070d3c7b9f30/r_15",
            "rotation": 0.12566370614359174,
            "transform_matrix": [
                [
                    -0.13237260282039642,
                    -0.2692697048187256,
                    -0.9539241790771484,
                    -3.845391273498535
                ],
                [
                    -0.9912000298500061,
                    0.03596038371324539,
                    0.12739449739456177,
                    0.5135436654090881
                ],
                [
                    0.0,
                    0.9623932242393494,
                    -0.27166029810905457,
                    -1.0950976610183716
                ],
                [
                    0.0,
                    0.0,
                    0.0,
                    1.0
                ]
            ]
        },
        {
            "file_path": "/data/shapenet_blender/all_50_random/02958343/c30bf6d1ae428497c7f3070d3c7b9f30/r_16",
            "rotation": 0.12566370614359174,
            "transform_matrix": [
                [
                    -0.5585386157035828,
                    0.8196768760681152,
                    -0.12713925540447235,
                    -0.5125147104263306
                ],
                [
                    -0.8294785618782043,
                    -0.551938533782959,
                    0.08561063557863235,
                    0.3451074957847595
                ],
                [
                    0.0,
                    0.1532762199640274,
                    0.9881833791732788,
                    3.983494520187378
                ],
                [
                    0.0,
                    0.0,
                    0.0,
                    1.0
                ]
            ]
        },
        {
            "file_path": "/data/shapenet_blender/all_50_random/02958343/c30bf6d1ae428497c7f3070d3c7b9f30/r_17",
            "rotation": 0.12566370614359174,
            "transform_matrix": [
                [
                    0.4429369568824768,
                    -0.27844470739364624,
                    0.8522178530693054,
                    3.4354002475738525
                ],
                [
                    0.8965528011322021,
                    0.13756407797336578,
                    -0.4210335314273834,
                    -1.6972405910491943
                ],
                [
                    -7.450580596923828e-09,
                    0.9505496621131897,
                    0.3105725646018982,
                    1.2519581317901611
                ],
                [
                    0.0,
                    0.0,
                    0.0,
                    1.0
                ]
            ]
        },
        {
            "file_path": "/data/shapenet_blender/all_50_random/02958343/c30bf6d1ae428497c7f3070d3c7b9f30/r_18",
            "rotation": 0.12566370614359174,
            "transform_matrix": [
                [
                    -0.6942518353462219,
                    0.20719972252845764,
                    -0.689262330532074,
                    -2.778505563735962
                ],
                [
                    -0.7197321057319641,
                    -0.19986434280872345,
                    0.664860725402832,
                    2.6801395416259766
                ],
                [
                    0.0,
                    0.9576651453971863,
                    0.2878844439983368,
                    1.1604994535446167
                ],
                [
                    0.0,
                    0.0,
                    0.0,
                    1.0
                ]
            ]
        },
        {
            "file_path": "/data/shapenet_blender/all_50_random/02958343/c30bf6d1ae428497c7f3070d3c7b9f30/r_19",
            "rotation": 0.12566370614359174,
            "transform_matrix": [
                [
                    -0.6977794766426086,
                    -0.7096666097640991,
                    -0.09734991937875748,
                    -0.39243006706237793
                ],
                [
                    -0.7163125872612,
                    0.6913054585456848,
                    0.0948311984539032,
                    0.3822767734527588
                ],
                [
                    0.0,
                    0.1359044313430786,
                    -0.9907219409942627,
                    -3.993727922439575
                ],
                [
                    0.0,
                    0.0,
                    0.0,
                    1.0
                ]
            ]
        },
        {
            "file_path": "/data/shapenet_blender/all_50_random/02958343/c30bf6d1ae428497c7f3070d3c7b9f30/r_20",
            "rotation": 0.12566370614359174,
            "transform_matrix": [
                [
                    0.7470510601997375,
                    0.23877982795238495,
                    -0.6204020977020264,
                    -2.5009207725524902
                ],
                [
                    -0.6647665500640869,
                    0.26833590865135193,
                    -0.6971952319145203,
                    -2.810483932495117
                ],
                [
                    0.0,
                    0.9332630038261414,
                    0.3591935336589813,
                    1.4479554891586304
                ],
                [
                    0.0,
                    0.0,
                    0.0,
                    1.0
                ]
            ]
        },
        {
            "file_path": "/data/shapenet_blender/all_50_random/02958343/c30bf6d1ae428497c7f3070d3c7b9f30/r_21",
            "rotation": 0.12566370614359174,
            "transform_matrix": [
                [
                    0.6609596014022827,
                    0.5812628269195557,
                    0.47462183237075806,
                    1.9132617712020874
                ],
                [
                    0.7504214644432068,
                    -0.5119673609733582,
                    -0.41803956031799316,
                    -1.685171365737915
                ],
                [
                    2.9802322387695312e-08,
                    0.6324737071990967,
                    -0.774581789970398,
                    -3.12243914604187
                ],
                [
                    0.0,
                    0.0,
                    0.0,
                    1.0
                ]
            ]
        },
        {
            "file_path": "/data/shapenet_blender/all_50_random/02958343/c30bf6d1ae428497c7f3070d3c7b9f30/r_22",
            "rotation": 0.12566370614359174,
            "transform_matrix": [
                [
                    -0.4464428722858429,
                    0.746935248374939,
                    -0.49272337555885315,
                    -1.9862314462661743
                ],
                [
                    -0.8948121666908264,
                    -0.37266358733177185,
                    0.24583129584789276,
                    0.9909776449203491
                ],
                [
                    0.0,
                    0.5506443977355957,
                    0.8347398638725281,
                    3.3649439811706543
                ],
                [
                    0.0,
                    0.0,
                    0.0,
                    1.0
                ]
            ]
        },
        {
            "file_path": "/data/shapenet_blender/all_50_random/02958343/c30bf6d1ae428497c7f3070d3c7b9f30/r_23",
            "rotation": 0.12566370614359174,
            "transform_matrix": [
                [
                    -0.7242806553840637,
                    -0.595432698726654,
                    -0.347674161195755,
                    -1.4015194177627563
                ],
                [
                    -0.6895051598548889,
                    0.625463604927063,
                    0.3652092516422272,
                    1.472205638885498
                ],
                [
                    0.0,
                    0.5042371153831482,
                    -0.8635651469230652,
                    -3.481142520904541
                ],
                [
                    0.0,
                    0.0,
                    0.0,
                    1.0
                ]
            ]
        },
        {
            "file_path": "/data/shapenet_blender/all_50_random/02958343/c30bf6d1ae428497c7f3070d3c7b9f30/r_24",
            "rotation": 0.12566370614359174,
            "transform_matrix": [
                [
                    -0.9263050556182861,
                    -0.2778109312057495,
                    -0.25451943278312683,
                    -1.0260006189346313
                ],
                [
                    -0.37677454948425293,
                    0.683001697063446,
                    0.6257392764091492,
                    2.5224356651306152
                ],
                [
                    -1.4901161193847656e-08,
                    0.6755218505859375,
                    -0.737339973449707,
                    -2.9723124504089355
                ],
                [
                    0.0,
                    0.0,
                    0.0,
                    1.0
                ]
            ]
        },
        {
            "file_path": "/data/shapenet_blender/all_50_random/02958343/c30bf6d1ae428497c7f3070d3c7b9f30/r_25",
            "rotation": 0.12566370614359174,
            "transform_matrix": [
                [
                    -0.9454237818717957,
                    0.02308633178472519,
                    0.3250245153903961,
                    1.310215711593628
                ],
                [
                    0.3258433938026428,
                    0.06698422133922577,
                    0.9430478811264038,
                    3.8015475273132324
                ],
                [
                    1.862645149230957e-09,
                    0.9974868297576904,
                    -0.07085102051496506,
                    -0.2856096029281616
                ],
                [
                    0.0,
                    0.0,
                    0.0,
                    1.0
                ]
            ]
        },
        {
            "file_path": "/data/shapenet_blender/all_50_random/02958343/c30bf6d1ae428497c7f3070d3c7b9f30/r_26",
            "rotation": 0.12566370614359174,
            "transform_matrix": [
                [
                    -0.12943312525749207,
                    0.5460756421089172,
                    0.8276764750480652,
                    3.336470603942871
                ],
                [
                    0.9915881752967834,
                    0.07127987593412399,
                    0.1080375537276268,
                    0.43551331758499146
                ],
                [
                    0.0,
                    0.8346978425979614,
                    -0.5507081151008606,
                    -2.219975471496582
                ],
                [
                    0.0,
                    0.0,
                    0.0,
                    1.0
                ]
            ]
        },
        {
            "file_path": "/data/shapenet_blender/all_50_random/02958343/c30bf6d1ae428497c7f3070d3c7b9f30/r_27",
            "rotation": 0.12566370614359174,
            "transform_matrix": [
                [
                    -0.9686576724052429,
                    -0.07148721814155579,
                    -0.2378903478384018,
                    -0.9589666128158569
                ],
                [
                    -0.24839934706687927,
                    0.27877146005630493,
                    0.927676796913147,
                    3.7395846843719482
                ],
                [
                    7.4505797087454084e-09,
                    0.9576930403709412,
                    -0.28779149055480957,
                    -1.1601245403289795
                ],
                [
                    0.0,
                    0.0,
                    0.0,
                    1.0
                ]
            ]
        },
        {
            "file_path": "/data/shapenet_blender/all_50_random/02958343/c30bf6d1ae428497c7f3070d3c7b9f30/r_28",
            "rotation": 0.12566370614359174,
            "transform_matrix": [
                [
                    -0.9890134930610657,
                    -0.13253282010555267,
                    0.06547840684652328,
                    0.2639519274234772
                ],
                [
                    0.1478254795074463,
                    -0.8866993188858032,
                    0.43807756900787354,
                    1.7659473419189453
                ],
                [
                    3.725290298461914e-09,
                    0.44294390082359314,
                    0.8965492248535156,
                    3.614105701446533
                ],
                [
                    0.0,
                    0.0,
                    0.0,
                    1.0
                ]
            ]
        },
        {
            "file_path": "/data/shapenet_blender/all_50_random/02958343/c30bf6d1ae428497c7f3070d3c7b9f30/r_29",
            "rotation": 0.12566370614359174,
            "transform_matrix": [
                [
                    0.03125986084342003,
                    -0.9009490609169006,
                    0.4327973425388336,
                    1.7446620464324951
                ],
                [
                    0.9995113611221313,
                    0.028177307918667793,
                    -0.013535797595977783,
                    -0.05456455051898956
                ],
                [
                    0.0,
                    0.43300896883010864,
                    0.9013895392417908,
                    3.633617639541626
                ],
                [
                    0.0,
                    0.0,
                    0.0,
                    1.0
                ]
            ]
        },
        {
            "file_path": "/data/shapenet_blender/all_50_random/02958343/c30bf6d1ae428497c7f3070d3c7b9f30/r_30",
            "rotation": 0.12566370614359174,
            "transform_matrix": [
                [
                    0.6215174794197083,
                    0.55385422706604,
                    -0.5540410280227661,
                    -2.2334110736846924
                ],
                [
                    -0.7834002375602722,
                    0.4394051134586334,
                    -0.4395533502101898,
                    -1.7718963623046875
                ],
                [
                    -1.4901160305669237e-08,
                    0.7072260975837708,
                    0.7069873809814453,
                    2.8499574661254883
                ],
                [
                    0.0,
                    0.0,
                    0.0,
                    1.0
                ]
            ]
        },
        {
            "file_path": "/data/shapenet_blender/all_50_random/02958343/c30bf6d1ae428497c7f3070d3c7b9f30/r_31",
            "rotation": 0.12566370614359174,
            "transform_matrix": [
                [
                    -0.30740323662757874,
                    0.6130721569061279,
                    -0.7277675867080688,
                    -2.933724880218506
                ],
                [
                    -0.9515793919563293,
                    -0.1980500966310501,
                    0.23510190844535828,
                    0.9477261304855347
                ],
                [
                    -1.4901161193847656e-08,
                    0.7647997140884399,
                    0.6442680954933167,
                    2.597127676010132
                ],
                [
                    0.0,
                    0.0,
                    0.0,
                    1.0
                ]
            ]
        },
        {
            "file_path": "/data/shapenet_blender/all_50_random/02958343/c30bf6d1ae428497c7f3070d3c7b9f30/r_32",
            "rotation": 0.12566370614359174,
            "transform_matrix": [
                [
                    0.6214353442192078,
                    -0.020315423607826233,
                    -0.7832019925117493,
                    -3.1571879386901855
                ],
                [
                    -0.7834653854370117,
                    -0.016113949939608574,
                    -0.6212264895439148,
                    -2.504243850708008
                ],
                [
                    9.313225746154785e-10,
                    0.9996636509895325,
                    -0.025930210947990417,
                    -0.10452800989151001
                ],
                [
                    0.0,
                    0.0,
                    0.0,
                    1.0
                ]
            ]
        },
        {
            "file_path": "/data/shapenet_blender/all_50_random/02958343/c30bf6d1ae428497c7f3070d3c7b9f30/r_33",
            "rotation": 0.12566370614359174,
            "transform_matrix": [
                [
                    -0.38470542430877686,
                    0.11556268483400345,
                    -0.9157766699790955,
                    -3.6916141510009766
                ],
                [
                    -0.9230394959449768,
                    -0.04816433787345886,
                    0.38167837262153625,
                    1.5385948419570923
                ],
                [
                    0.0,
                    0.992131769657135,
                    0.12519796192646027,
                    0.5046892166137695
                ],
                [
                    0.0,
                    0.0,
                    0.0,
                    1.0
                ]
            ]
        },
        {
            "file_path": "/data/shapenet_blender/all_50_random/02958343/c30bf6d1ae428497c7f3070d3c7b9f30/r_34",
            "rotation": 0.12566370614359174,
            "transform_matrix": [
                [
                    -0.9790451526641846,
                    -0.08893128484487534,
                    -0.18319852650165558,
                    -0.7384968996047974
                ],
                [
                    -0.20364300906658173,
                    0.42755088210105896,
                    0.8807551860809326,
                    3.5504376888275146
                ],
                [
                    7.450580152834618e-09,
                    0.8996063470840454,
                    -0.4367018938064575,
                    -1.7604016065597534
                ],
                [
                    0.0,
                    0.0,
                    0.0,
                    1.0
                ]
            ]
        },
        {
            "file_path": "/data/shapenet_blender/all_50_random/02958343/c30bf6d1ae428497c7f3070d3c7b9f30/r_35",
            "rotation": 0.12566370614359174,
            "transform_matrix": [
                [
                    0.04757004231214523,
                    0.18312792479991913,
                    -0.9819374680519104,
                    -3.9583168029785156
                ],
                [
                    -0.9988678693771362,
                    0.008721276186406612,
                    -0.04676374793052673,
                    -0.1885107159614563
                ],
                [
                    0.0,
                    0.9830504059791565,
                    0.18333546817302704,
                    0.739048957824707
                ],
                [
                    0.0,
                    0.0,
                    0.0,
                    1.0
                ]
            ]
        },
        {
            "file_path": "/data/shapenet_blender/all_50_random/02958343/c30bf6d1ae428497c7f3070d3c7b9f30/r_36",
            "rotation": 0.12566370614359174,
            "transform_matrix": [
                [
                    -0.3287533223628998,
                    -0.5314882397651672,
                    0.7806673645973206,
                    3.146970748901367
                ],
                [
                    0.9444159269332886,
                    -0.18501226603984833,
                    0.27175208926200867,
                    1.0954676866531372
                ],
                [
                    0.0,
                    0.8266140222549438,
                    0.5627692341804504,
                    2.2685954570770264
                ],
                [
                    0.0,
                    0.0,
                    0.0,
                    1.0
                ]
            ]
        },
        {
            "file_path": "/data/shapenet_blender/all_50_random/02958343/c30bf6d1ae428497c7f3070d3c7b9f30/r_37",
            "rotation": 0.12566370614359174,
            "transform_matrix": [
                [
                    -0.9136030077934265,
                    -8.904028072720394e-05,
                    0.40660741925239563,
                    1.6390867233276367
                ],
                [
                    0.40660738945007324,
                    -0.00020006390695925802,
                    0.9136030673980713,
                    3.6828513145446777
                ],
                [
                    0.0,
                    0.9999998807907104,
                    0.0002189834340242669,
                    0.0008827503770589828
                ],
                [
                    0.0,
                    0.0,
                    0.0,
                    1.0
                ]
            ]
        },
        {
            "file_path": "/data/shapenet_blender/all_50_random/02958343/c30bf6d1ae428497c7f3070d3c7b9f30/r_38",
            "rotation": 0.12566370614359174,
            "transform_matrix": [
                [
                    0.8861985802650452,
                    0.041881658136844635,
                    -0.46140870451927185,
                    -1.8599979877471924
                ],
                [
                    -0.46330562233924866,
                    0.08011012524366379,
                    -0.8825702667236328,
                    -3.5577545166015625
                ],
                [
                    0.0,
                    0.9959057569503784,
                    0.09039747714996338,
                    0.3644038736820221
                ],
                [
                    0.0,
                    0.0,
                    0.0,
                    1.0
                ]
            ]
        },
        {
            "file_path": "/data/shapenet_blender/all_50_random/02958343/c30bf6d1ae428497c7f3070d3c7b9f30/r_39",
            "rotation": 0.12566370614359174,
            "transform_matrix": [
                [
                    -0.926612913608551,
                    0.3102893829345703,
                    0.21238873898983002,
                    0.8561664819717407
                ],
                [
                    0.37601664662361145,
                    0.7646421194076538,
                    0.5233867764472961,
                    2.109839916229248
                ],
                [
                    0.0,
                    0.5648385882377625,
                    -0.8252012729644775,
                    -3.32649302482605
                ],
                [
                    0.0,
                    0.0,
                    0.0,
                    1.0
                ]
            ]
        },
        {
            "file_path": "/data/shapenet_blender/all_50_random/02958343/c30bf6d1ae428497c7f3070d3c7b9f30/r_40",
            "rotation": 0.12566370614359174,
            "transform_matrix": [
                [
                    0.9114723801612854,
                    -0.1708570271730423,
                    0.3742005228996277,
                    1.5084506273269653
                ],
                [
                    0.4113613963127136,
                    0.37857580184936523,
                    -0.8291332721710205,
                    -3.34234356880188
                ],
                [
                    0.0,
                    0.9096637964248657,
                    0.4153452515602112,
                    1.6743104457855225
                ],
                [
                    0.0,
                    0.0,
                    0.0,
                    1.0
                ]
            ]
        },
        {
            "file_path": "/data/shapenet_blender/all_50_random/02958343/c30bf6d1ae428497c7f3070d3c7b9f30/r_41",
            "rotation": 0.12566370614359174,
            "transform_matrix": [
                [
                    0.14576750993728638,
                    0.08713342249393463,
                    0.9854742288589478,
                    3.972573757171631
                ],
                [
                    0.9893189072608948,
                    -0.012838349677622318,
                    -0.14520102739334106,
                    -0.5853240489959717
                ],
                [
                    0.0,
                    0.9961138963699341,
                    -0.08807415515184402,
