{
    "class": "02958343",
    "model": "860b7d89728a27b1afe1d4530f4c6e24",
    "remove_doubles": true,
    "edge_split": true,
    "denoise": true,
    "camera_angle_x": 0.6911112070083618,
    "scale_factor": 2.374470573616132,
    "hdri_file": "/data/IndoorHDRDataset2018/9C4A7788-9ce05cb0c2.exr",
    "center_offset": [
        0.0,
        0.0,
        2.3283064365386963e-09
    ],
    "lights": [],
    "frames": [
        {
            "file_path": "/data/shapenet_blender/all_50_random/02958343/860b7d89728a27b1afe1d4530f4c6e24/r_0",
            "rotation": 0.12566370614359174,
            "transform_matrix": [
                [
                    0.24531163275241852,
                    0.06934129446744919,
                    0.9669612050056458,
                    3.8979451656341553
                ],
                [
                    0.9694442749023438,
                    -0.01754636876285076,
                    -0.24468331038951874,
                    -0.9863499402999878
                ],
                [
                    1.8626450382086546e-09,
                    0.9974386096000671,
                    -0.07152685523033142,
                    -0.2883339822292328
                ],
                [
                    0.0,
                    0.0,
                    0.0,
                    1.0
                ]
            ]
        },
        {
            "file_path": "/data/shapenet_blender/all_50_random/02958343/860b7d89728a27b1afe1d4530f4c6e24/r_1",
            "rotation": 0.12566370614359174,
            "transform_matrix": [
                [
                    -0.10996954143047333,
                    0.7096667289733887,
                    0.6959022283554077,
                    2.805271625518799
                ],
                [
                    0.9939349889755249,
                    0.07851793617010117,
                    0.07699502259492874,
                    0.3103768527507782
                ],
                [
                    0.0,
                    0.7001486420631409,
                    -0.7139971256256104,
                    -2.8782143592834473
                ],
                [
                    0.0,
                    0.0,
                    0.0,
                    1.0
                ]
            ]
        },
        {
            "file_path": "/data/shapenet_blender/all_50_random/02958343/860b7d89728a27b1afe1d4530f4c6e24/r_2",
            "rotation": 0.12566370614359174,
            "transform_matrix": [
                [
                    -0.9011940956115723,
                    -0.390738308429718,
                    -0.1875443011522293,
                    -0.7560153007507324
                ],
                [
                    -0.43341583013534546,
                    0.812455415725708,
                    0.38995760679244995,
                    1.5719695091247559
                ],
                [
                    0.0,
                    0.432712197303772,
                    -0.9015320539474487,
                    -3.6341922283172607
                ],
                [
                    0.0,
                    0.0,
                    0.0,
                    1.0
                ]
            ]
        },
        {
            "file_path": "/data/shapenet_blender/all_50_random/02958343/860b7d89728a27b1afe1d4530f4c6e24/r_3",
            "rotation": 0.12566370614359174,
            "transform_matrix": [
                [
                    -0.952096164226532,
                    -0.09248433262109756,
                    -0.2914781868457794,
                    -1.1749861240386963
                ],
                [
                    -0.3057987689971924,
                    0.2879474461078644,
                    0.907509446144104,
                    3.658287525177002
                ],
                [
                    0.0,
                    0.9531700015068054,
                    -0.3024352490901947,
                    -1.2191554307937622
                ],
                [
                    0.0,
                    0.0,
                    0.0,
                    1.0
                ]
            ]
        },
        {
            "file_path": "/data/shapenet_blender/all_50_random/02958343/860b7d89728a27b1afe1d4530f4c6e24/r_4",
            "rotation": 0.12566370614359174,
            "transform_matrix": [
                [
                    -0.5659382939338684,
                    0.17280377447605133,
                    0.8061343431472778,
                    3.249631643295288
                ],
                [
                    0.8244476914405823,
                    0.1186203584074974,
                    0.5533671975135803,
                    2.2306947708129883
                ],
                [
                    -7.450581485102248e-09,
                    0.9777872562408447,
                    -0.20959946513175964,
                    -0.8449225425720215
                ],
                [
                    0.0,
                    0.0,
                    0.0,
                    1.0
                ]
            ]
        },
        {
            "file_path": "/data/shapenet_blender/all_50_random/02958343/860b7d89728a27b1afe1d4530f4c6e24/r_5",
            "rotation": 0.12566370614359174,
            "transform_matrix": [
                [
                    -0.23007825016975403,
                    0.7789502143859863,
                    -0.5833527445793152,
                    -2.3515703678131104
                ],
                [
                    -0.9731721878051758,
                    -0.18416011333465576,
                    0.13791677355766296,
                    0.5559603571891785
                ],
                [
                    -7.450580596923828e-09,
                    0.5994343161582947,
                    0.8004238605499268,
                    3.226612091064453
                ],
                [
                    0.0,
                    0.0,
                    0.0,
                    1.0
                ]
            ]
        },
        {
            "file_path": "/data/shapenet_blender/all_50_random/02958343/860b7d89728a27b1afe1d4530f4c6e24/r_6",
            "rotation": 0.12566370614359174,
            "transform_matrix": [
                [
                    -0.6781726479530334,
                    -0.7261531352996826,
                    -0.11306320130825043,
                    -0.45577237010002136
                ],
                [
                    -0.7349025011062622,
                    0.6700986623764038,
                    0.10433542728424072,
                    0.4205895960330963
                ],
                [
                    0.0,
                    0.15384793281555176,
                    -0.9880944490432739,
                    -3.9831364154815674
                ],
                [
                    0.0,
                    0.0,
                    0.0,
                    1.0
                ]
            ]
        },
        {
            "file_path": "/data/shapenet_blender/all_50_random/02958343/860b7d89728a27b1afe1d4530f4c6e24/r_7",
            "rotation": 0.12566370614359174,
            "transform_matrix": [
                [
                    0.12776492536067963,
                    -0.2710780203342438,
                    -0.9540402293205261,
                    -3.8458592891693115
                ],
                [
                    -0.9918045401573181,
                    -0.03492044657468796,
                    -0.1229001060128212,
                    -0.4954261779785156
                ],
                [
                    7.450581485102248e-09,
                    0.9619237184524536,
                    -0.27331796288490295,
                    -1.1017799377441406
                ],
                [
                    0.0,
                    0.0,
                    0.0,
                    1.0
                ]
            ]
        },
        {
            "file_path": "/data/shapenet_blender/all_50_random/02958343/860b7d89728a27b1afe1d4530f4c6e24/r_8",
            "rotation": 0.12566370614359174,
            "transform_matrix": [
                [
                    -0.008968506008386612,
                    -0.7128791213035583,
                    0.7012295722961426,
                    2.826746702194214
                ],
                [
                    0.9999598264694214,
                    -0.00639371806755662,
                    0.006289234850555658,
                    0.02535271644592285
                ],
                [
                    0.0,
                    0.7012576460838318,
                    0.7129078507423401,
                    2.873823404312134
                ],
                [
                    0.0,
                    0.0,
                    0.0,
                    1.0
                ]
            ]
        },
        {
            "file_path": "/data/shapenet_blender/all_50_random/02958343/860b7d89728a27b1afe1d4530f4c6e24/r_9",
            "rotation": 0.12566370614359174,
            "transform_matrix": [
                [
                    -0.9716740846633911,
                    -0.08529406040906906,
                    0.22039633989334106,
                    0.8884460926055908
                ],
                [
                    0.23632527887821198,
                    -0.3506947457790375,
                    0.906180739402771,
                    3.6529314517974854
                ],
                [
                    7.450581485102248e-09,
                    0.9325975179672241,
                    0.3609181046485901,
                    1.4549074172973633
                ],
                [
                    0.0,
                    0.0,
                    0.0,
                    1.0
                ]
            ]
        },
        {
            "file_path": "/data/shapenet_blender/all_50_random/02958343/860b7d89728a27b1afe1d4530f4c6e24/r_10",
            "rotation": 0.12566370614359174,
            "transform_matrix": [
                [
                    0.8853340148925781,
                    -0.026817036792635918,
                    -0.4641816318035126,
                    -1.87117600440979
                ],
                [
                    -0.4649556577205658,
                    -0.05106300860643387,
                    -0.883860170841217,
                    -3.5629544258117676
                ],
                [
                    0.0,
                    0.9983353614807129,
                    -0.05767654627561569,
                    -0.23250159621238708
                ],
                [
                    0.0,
                    0.0,
                    0.0,
                    1.0
                ]
            ]
        },
        {
            "file_path": "/data/shapenet_blender/all_50_random/02958343/860b7d89728a27b1afe1d4530f4c6e24/r_11",
            "rotation": 0.12566370614359174,
            "transform_matrix": [
                [
                    0.6597520112991333,
                    -0.41552412509918213,
                    0.6261524558067322,
                    2.5241012573242188
                ],
                [
                    0.7514833807945251,
                    0.36480236053466797,
                    -0.5497199296951294,
                    -2.215991973876953
                ],
                [
                    0.0,
                    0.833221971988678,
                    0.5529385805130005,
                    2.22896671295166
                ],
                [
                    0.0,
                    0.0,
                    0.0,
                    1.0
                ]
            ]
        },
        {
            "file_path": "/data/shapenet_blender/all_50_random/02958343/860b7d89728a27b1afe1d4530f4c6e24/r_12",
            "rotation": 0.12566370614359174,
            "transform_matrix": [
                [
                    -0.7606739401817322,
                    -0.5688620209693909,
                    -0.3126838505268097,
                    -1.26046884059906
                ],
                [
                    -0.6491342782974243,
                    0.6666086316108704,
                    0.3664117753505707,
                    1.4770530462265015
                ],
                [
                    0.0,
                    0.4816935956478119,
                    -0.8763396739959717,
                    -3.5326380729675293
                ],
                [
                    0.0,
                    0.0,
                    0.0,
                    1.0
                ]
            ]
        },
        {
            "file_path": "/data/shapenet_blender/all_50_random/02958343/860b7d89728a27b1afe1d4530f4c6e24/r_13",
            "rotation": 0.12566370614359174,
            "transform_matrix": [
                [
                    -0.802211344242096,
                    0.005304642952978611,
                    0.5970165729522705,
                    2.4066507816314697
                ],
                [
                    0.5970401763916016,
                    0.007127569522708654,
                    0.8021796941757202,
                    3.233689785003662
                ],
                [
                    -4.656612873077393e-10,
                    0.9999605417251587,
                    -0.008884902112185955,
                    -0.03581618517637253
                ],
                [
                    0.0,
                    0.0,
                    0.0,
                    1.0
                ]
            ]
        },
        {
            "file_path": "/data/shapenet_blender/all_50_random/02958343/860b7d89728a27b1afe1d4530f4c6e24/r_14",
            "rotation": 0.12566370614359174,
            "transform_matrix": [
                [
                    0.41063204407691956,
                    0.1570032685995102,
                    0.898182213306427,
                    3.6206881999969482
                ],
                [
                    0.9118011593818665,
                    -0.07070684432983398,
                    -0.40449875593185425,
                    -1.6305866241455078
                ],
                [
                    7.450580596923828e-09,
                    0.9850636124610901,
                    -0.17219027876853943,
                    -0.694121241569519
                ],
                [
                    0.0,
                    0.0,
                    0.0,
                    1.0
                ]
            ]
        },
        {
            "file_path": "/data/shapenet_blender/all_50_random/02958343/860b7d89728a27b1afe1d4530f4c6e24/r_15",
            "rotation": 0.12566370614359174,
            "transform_matrix": [
                [
                    -0.8939011693000793,
                    -0.3920122981071472,
                    0.21741028130054474,
                    0.8764088749885559
                ],
                [
                    0.44826433062553406,
                    -0.7817267775535583,
                    0.43354618549346924,
                    1.7476805448532104
                ],
                [
                    0.0,
                    0.4850046932697296,
                    0.8745115399360657,
                    3.525268793106079
                ],
                [
                    0.0,
                    0.0,
                    0.0,
                    1.0
                ]
            ]
        },
        {
            "file_path": "/data/shapenet_blender/all_50_random/02958343/860b7d89728a27b1afe1d4530f4c6e24/r_16",
            "rotation": 0.12566370614359174,
            "transform_matrix": [
                [
                    0.16295042634010315,
                    0.0007374251144938171,
                    -0.9866339564323425,
                    -3.9772486686706543
                ],
                [
                    -0.9866343140602112,
                    0.00012179156328784302,
                    -0.16295036673545837,
                    -0.6568739414215088
                ],
                [
                    0.0,
                    0.9999997615814209,
                    0.0007474147714674473,
                    0.003012925386428833
                ],
                [
                    0.0,
                    0.0,
                    0.0,
                    1.0
                ]
            ]
        },
        {
            "file_path": "/data/shapenet_blender/all_50_random/02958343/860b7d89728a27b1afe1d4530f4c6e24/r_17",
            "rotation": 0.12566370614359174,
            "transform_matrix": [
                [
                    0.6237397193908691,
                    -0.769721269607544,
                    -0.1359330117702484,
                    -0.5479635000228882
                ],
                [
                    -0.781632125377655,
                    -0.6142348647117615,
                    -0.10847406834363937,
                    -0.43727296590805054
                ],
                [
                    0.0,
                    0.17390917241573334,
                    -0.984761655330658,
                    -3.9697012901306152
                ],
                [
                    0.0,
                    0.0,
                    0.0,
                    1.0
                ]
            ]
        },
        {
            "file_path": "/data/shapenet_blender/all_50_random/02958343/860b7d89728a27b1afe1d4530f4c6e24/r_18",
            "rotation": 0.12566370614359174,
            "transform_matrix": [
                [
                    -0.8702251315116882,
                    0.17174355685710907,
                    0.4617493152618408,
                    1.8613710403442383
                ],
                [
                    0.49265435338020325,
                    0.3033679723739624,
                    0.8156344294548035,
                    3.2879276275634766
                ],
                [
                    1.4901161193847656e-08,
                    0.9372683763504028,
                    -0.3486086130142212,
                    -1.4052863121032715
                ],
                [
                    0.0,
                    0.0,
                    0.0,
                    1.0
                ]
            ]
        },
        {
            "file_path": "/data/shapenet_blender/all_50_random/02958343/860b7d89728a27b1afe1d4530f4c6e24/r_19",
            "rotation": 0.12566370614359174,
            "transform_matrix": [
                [
                    0.9597030878067017,
                    -0.02654339000582695,
                    -0.2797595262527466,
                    -1.1277467012405396
                ],
                [
                    -0.28101593255996704,
                    -0.09064885973930359,
                    -0.9554123282432556,
                    -3.8513903617858887
                ],
                [
                    0.0,
                    0.9955291748046875,
                    -0.09445509314537048,
                    -0.38076066970825195
                ],
                [
                    0.0,
                    0.0,
                    0.0,
                    1.0
                ]
            ]
        },
        {
            "file_path": "/data/shapenet_blender/all_50_random/02958343/860b7d89728a27b1afe1d4530f4c6e24/r_20",
            "rotation": 0.12566370614359174,
            "transform_matrix": [
                [
                    0.9996604323387146,
                    -0.02557334490120411,
                    0.005014725495129824,
                    0.020215004682540894
                ],
                [
                    0.026060383766889572,
                    0.9809779524803162,
                    -0.19236181676387787,
                    -0.7754352688789368
                ],
                [
                    0.0,
                    0.19242705404758453,
                    0.9813112616539001,
                    3.955792188644409
                ],
                [
                    0.0,
                    0.0,
                    0.0,
                    1.0
                ]
            ]
        },
        {
            "file_path": "/data/shapenet_blender/all_50_random/02958343/860b7d89728a27b1afe1d4530f4c6e24/r_21",
            "rotation": 0.12566370614359174,
            "transform_matrix": [
                [
                    0.8919016718864441,
                    -0.08115515857934952,
                    0.44488784670829773,
                    1.7934000492095947
                ],
                [
                    0.4522292912006378,
                    0.1600569188594818,
                    -0.8774226903915405,
                    -3.537003517150879
                ],
                [
                    0.0,
                    0.9837660789489746,
                    0.17945577204227448,
                    0.7234092950820923
                ],
                [
                    0.0,
                    0.0,
                    0.0,
                    1.0
                ]
            ]
        },
        {
            "file_path": "/data/shapenet_blender/all_50_random/02958343/860b7d89728a27b1afe1d4530f4c6e24/r_22",
            "rotation": 0.12566370614359174,
            "transform_matrix": [
                [
                    -0.48659804463386536,
                    -0.5380365252494812,
                    0.6882870197296143,
                    2.774573802947998
                ],
                [
                    0.8736259937286377,
                    -0.2996791899204254,
                    0.3833667039871216,
                    1.545400619506836
                ],
                [
                    1.4901161193847656e-08,
                    0.7878509163856506,
                    0.61586594581604,
                    2.482635021209717
                ],
                [
                    0.0,
                    0.0,
                    0.0,
                    1.0
                ]
            ]
        },
        {
            "file_path": "/data/shapenet_blender/all_50_random/02958343/860b7d89728a27b1afe1d4530f4c6e24/r_23",
            "rotation": 0.12566370614359174,
            "transform_matrix": [
                [
                    0.49158748984336853,
                    0.4929918944835663,
                    0.7178444862365723,
                    2.893723726272583
                ],
                [
                    0.8708282709121704,
                    -0.27829670906066895,
                    -0.40522730350494385,
                    -1.6335234642028809
                ],
                [
                    -1.4901162970204496e-08,
                    0.8243237733840942,
                    -0.5661184191703796,
                    -2.2820963859558105
                ],
                [
                    0.0,
                    0.0,
                    0.0,
                    1.0
                ]
            ]
        },
        {
            "file_path": "/data/shapenet_blender/all_50_random/02958343/860b7d89728a27b1afe1d4530f4c6e24/r_24",
            "rotation": 0.12566370614359174,
            "transform_matrix": [
                [
                    -0.546397864818573,
                    0.021050354465842247,
                    -0.8372610807418823,
                    -3.375107526779175
                ],
                [
                    -0.8375257253646851,
                    -0.01373315416276455,
                    0.5462252497673035,
                    2.201904535293579
                ],
                [
                    0.0,
                    0.9996839761734009,
                    0.025133982300758362,
                    0.10131832957267761
                ],
                [
                    0.0,
                    0.0,
                    0.0,
                    1.0
                ]
            ]
        },
        {
            "file_path": "/data/shapenet_blender/all_50_random/02958343/860b7d89728a27b1afe1d4530f4c6e24/r_25",
            "rotation": 0.12566370614359174,
            "transform_matrix": [
                [
                    -0.08165466785430908,
                    -0.7670590281486511,
                    -0.6363590955734253,
                    -2.5652458667755127
                ],
                [
                    -0.9966607689857483,
                    0.06284379959106445,
                    0.052135784178972244,
                    0.2101660966873169
                ],
                [
                    0.0,
                    0.638491153717041,
                    -0.7696288824081421,
                    -3.102473735809326
                ],
                [
                    0.0,
                    0.0,
                    0.0,
                    1.0
                ]
            ]
        },
        {
            "file_path": "/data/shapenet_blender/all_50_random/02958343/860b7d89728a27b1afe1d4530f4c6e24/r_26",
            "rotation": 0.12566370614359174,
            "transform_matrix": [
                [
                    -0.9975646138191223,
                    0.006159500684589148,
                    0.06947648525238037,
                    0.28006863594055176
                ],
                [
                    0.06974898278713226,
                    0.08809447288513184,
                    0.9936673045158386,
                    4.005600452423096
                ],
                [
                    0.0,
                    0.9960930347442627,
                    -0.08830956369638443,
                    -0.35598719120025635
                ],
                [
                    0.0,
                    0.0,
                    0.0,
                    1.0
                ]
            ]
        },
        {
            "file_path": "/data/shapenet_blender/all_50_random/02958343/860b7d89728a27b1afe1d4530f4c6e24/r_27",
            "rotation": 0.12566370614359174,
            "transform_matrix": [
                [
                    -0.8557820320129395,
                    -0.26719966530799866,
                    -0.4429914951324463,
                    -1.7857558727264404
                ],
                [
                    -0.5173366069793701,
                    0.44200369715690613,
                    0.7327998280525208,
                    2.954010486602783
                ],
                [
                    0.0,
                    0.8562925457954407,
                    -0.5164909958839417,
                    -2.0820417404174805
                ],
                [
                    0.0,
                    0.0,
                    0.0,
                    1.0
                ]
            ]
        },
        {
            "file_path": "/data/shapenet_blender/all_50_random/02958343/860b7d89728a27b1afe1d4530f4c6e24/r_28",
            "rotation": 0.12566370614359174,
            "transform_matrix": [
                [
                    0.28871503472328186,
                    -0.8181935548782349,
                    -0.49719515442848206,
                    -2.0042576789855957
                ],
                [
                    -0.9574150443077087,
                    -0.24673186242580414,
                    -0.1499325931072235,
                    -0.6043975949287415
                ],
                [
                    0.0,
                    0.5193098783493042,
                    -0.8545859456062317,
                    -3.444946050643921
                ],
                [
                    0.0,
                    0.0,
                    0.0,
                    1.0
                ]
            ]
        },
        {
            "file_path": "/data/shapenet_blender/all_50_random/02958343/860b7d89728a27b1afe1d4530f4c6e24/r_29",
            "rotation": 0.12566370614359174,
            "transform_matrix": [
                [
                    -0.35183534026145935,
                    -0.6333379745483398,
                    0.6892712712287903,
                    2.778541326522827
                ],
                [
                    0.9360618591308594,
                    -0.23805122077465057,
                    0.25907474756240845,
                    1.0443637371063232
                ],
                [
                    0.0,
                    0.736352264881134,
                    0.6765983700752258,
                    2.7274553775787354
                ],
                [
                    0.0,
                    0.0,
                    0.0,
                    1.0
                ]
            ]
        },
        {
            "file_path": "/data/shapenet_blender/all_50_random/02958343/860b7d89728a27b1afe1d4530f4c6e24/r_30",
            "rotation": 0.12566370614359174,
            "transform_matrix": [
                [
                    -0.44995972514152527,
                    -0.02541591413319111,
                    0.8926870822906494,
                    3.598536729812622
                ],
                [
                    0.8930489420890808,
                    -0.01280572172254324,
                    0.44977736473083496,
                    1.813110589981079
                ],
                [
                    -9.313227966600834e-10,
                    0.9995948672294617,
                    0.028459709137678146,
                    0.11472475528717041
                ],
                [
                    0.0,
                    0.0,
                    0.0,
                    1.0
                ]
            ]
        },
        {
            "file_path": "/data/shapenet_blender/all_50_random/02958343/860b7d89728a27b1afe1d4530f4c6e24/r_31",
            "rotation": 0.12566370614359174,
            "transform_matrix": [
                [
                    0.6445199847221375,
                    -0.1184493899345398,
                    0.7553566098213196,
                    3.0449399948120117
                ],
                [
                    0.7645873427391052,
                    0.09984864294528961,
                    -0.6367388367652893,
                    -2.5667762756347656
                ],
                [
                    -7.450580152834618e-09,
                    0.9879270792007446,
                    0.1549193561077118,
                    0.6244999170303345
                ],
                [
                    0.0,
                    0.0,
                    0.0,
                    1.0
                ]
            ]
        },
        {
            "file_path": "/data/shapenet_blender/all_50_random/02958343/860b7d89728a27b1afe1d4530f4c6e24/r_32",
            "rotation": 0.12566370614359174,
            "transform_matrix": [
                [
                    0.9485601186752319,
                    0.307543009519577,
                    -0.07517365366220474,
                    -0.3030346930027008
                ],
                [
                    -0.3165971636772156,
                    0.9214327931404114,
                    -0.22522856295108795,
                    -0.9079253673553467
                ],
                [
                    0.0,
                    0.2374425083398819,
                    0.971401572227478,
                    3.9158449172973633
                ],
                [
                    0.0,
                    0.0,
                    0.0,
                    1.0
                ]
            ]
        },
        {
            "file_path": "/data/shapenet_blender/all_50_random/02958343/860b7d89728a27b1afe1d4530f4c6e24/r_33",
            "rotation": 0.12566370614359174,
            "transform_matrix": [
                [
                    0.9090850353240967,
                    -0.07374733686447144,
                    -0.4100314974784851,
                    -1.6528899669647217
                ],
                [
                    -0.4166107773780823,
                    -0.1609238237142563,
                    -0.8947283625602722,
                    -3.6067657470703125
                ],
                [
                    0.0,
                    0.984207808971405,
                    -0.17701734602451324,
                    -0.7135798335075378
                ],
                [
                    0.0,
                    0.0,
                    0.0,
                    1.0
                ]
            ]
        },
        {
            "file_path": "/data/shapenet_blender/all_50_random/02958343/860b7d89728a27b1afe1d4530f4c6e24/r_34",
            "rotation": 0.12566370614359174,
            "transform_matrix": [
                [
                    -0.6600717902183533,
                    0.6478306651115417,
                    -0.38029003143310547,
                    -1.5329983234405518
                ],
                [
                    -0.7512025833129883,
                    -0.5692402720451355,
                    0.3341558277606964,
                    1.3470253944396973
                ],
                [
                    -1.4901162970204496e-08,
                    0.5062417387962341,
                    0.8623915314674377,
                    3.476411819458008
                ],
                [
                    0.0,
                    0.0,
                    0.0,
                    1.0
                ]
            ]
        },
        {
            "file_path": "/data/shapenet_blender/all_50_random/02958343/860b7d89728a27b1afe1d4530f4c6e24/r_35",
            "rotation": 0.12566370614359174,
            "transform_matrix": [
                [
                    0.06311432272195816,
                    -0.32712602615356445,
                    0.9428707361221313,
                    3.800833225250244
                ],
                [
                    0.998006284236908,
                    0.020687581971287727,
                    -0.05962752923369408,
                    -0.24036625027656555
                ],
                [
                    1.8626449271863521e-09,
                    0.9447542428970337,
                    0.32777953147888184,
                    1.3213214874267578
                ],
                [
                    0.0,
                    0.0,
                    0.0,
                    1.0
                ]
            ]
        },
        {
            "file_path": "/data/shapenet_blender/all_50_random/02958343/860b7d89728a27b1afe1d4530f4c6e24/r_36",
            "rotation": 0.12566370614359174,
            "transform_matrix": [
                [
                    0.14746932685375214,
                    -0.38065752387046814,
                    -0.9128814339637756,
                    -3.679943084716797
                ],
                [
                    -0.9890667200088501,
                    -0.05675583705306053,
                    -0.13611014187335968,
                    -0.5486775636672974
                ],
                [
                    3.725290742551124e-09,
                    0.9229726791381836,
                    -0.3848653733730316,
                    -1.55144202709198
                ],
                [
                    0.0,
                    0.0,
                    0.0,
                    1.0
                ]
            ]
        },
        {
            "file_path": "/data/shapenet_blender/all_50_random/02958343/860b7d89728a27b1afe1d4530f4c6e24/r_37",
            "rotation": 0.12566370614359174,
            "transform_matrix": [
                [
                    -0.5819615721702576,
                    0.25290647149086,
                    -0.7728900909423828,
                    -3.115619659423828
                ],
                [
                    -0.8132163286209106,
                    -0.18098731338977814,
                    0.5531029105186462,
                    2.2296290397644043
                ],
                [
                    1.4901161193847656e-08,
                    0.9504114389419556,
                    0.31099531054496765,
                    1.2536622285842896
                ],
                [
                    0.0,
                    0.0,
                    0.0,
                    1.0
                ]
            ]
        },
        {
            "file_path": "/data/shapenet_blender/all_50_random/02958343/860b7d89728a27b1afe1d4530f4c6e24/r_38",
            "rotation": 0.12566370614359174,
            "transform_matrix": [
                [
                    0.6870982646942139,
                    -0.048840127885341644,
                    -0.7249211072921753,
                    -2.922250509262085
                ],
                [
                    -0.7265645861625671,
                    -0.046187177300453186,
                    -0.6855440735816956,
                    -2.763516664505005
                ],
                [
                    0.0,
                    0.9977380633354187,
                    -0.06722063571214676,
                    -0.2709750533103943
                ],
                [
                    0.0,
                    0.0,
                    0.0,
                    1.0
                ]
            ]
        },
        {
            "file_path": "/data/shapenet_blender/all_50_random/02958343/860b7d89728a27b1afe1d4530f4c6e24/r_39",
            "rotation": 0.12566370614359174,
            "transform_matrix": [
                [
                    -0.9860825538635254,
                    -0.130628302693367,
                    -0.10284580290317535,
                    -0.4145846664905548
                ],
                [
                    -0.1662558764219284,
                    0.7747713923454285,
                    0.6099901795387268,
                    2.458949089050293
                ],
                [
                    0.0,
                    0.6185994744300842,
                    -0.7857064604759216,
                    -3.1672840118408203
                ],
                [
                    0.0,
                    0.0,
                    0.0,
                    1.0
                ]
            ]
        },
        {
            "file_path": "/data/shapenet_blender/all_50_random/02958343/860b7d89728a27b1afe1d4530f4c6e24/r_40",
            "rotation": 0.12566370614359174,
            "transform_matrix": [
                [
                    -0.8137267827987671,
                    -0.01876187138259411,
                    0.5809447169303894,
                    2.341862678527832
                ],
                [
                    0.5812475681304932,
                    -0.026265980675816536,
                    0.8133028149604797,
                    3.2785282135009766
                ],
                [
                    -9.313225746154785e-10,
                    0.999478816986084,
                    0.0322786308825016,
                    0.13011930882930756
                ],
                [
                    0.0,
                    0.0,
                    0.0,
                    1.0
                ]
            ]
        },
        {
            "file_path": "/data/shapenet_blender/all_50_random/02958343/860b7d89728a27b1afe1d4530f4c6e24/r_41",
            "rotation": 0.12566370614359174,
            "transform_matrix": [
                [
                    -0.08739230781793594,
                    0.6719998717308044,
                    0.7353764772415161,
                    2.964397430419922
                ],
                [
                    0.9961739778518677,
                    0.0589531771838665,
                    0.06451307982206345,
                    0.26006054878234863
                ],
                [
                    3.725290742551124e-09,
