{
    "class": "02958343",
    "model": "105dedf1b70c2826b2dcc642c86ae8f4",
    "remove_doubles": true,
    "edge_split": true,
    "denoise": true,
    "camera_angle_x": 0.6911112070083618,
    "scale_factor": 2.322411068249657,
    "hdri_file": "/data/IndoorHDRDataset2018/9C4A1570-a5b3087e38.exr",
    "center_offset": [
        0.0,
        -1.862645149230957e-09,
        0.0
    ],
    "lights": [],
    "frames": [
        {
            "file_path": "/data/shapenet_blender/all_50_random/02958343/105dedf1b70c2826b2dcc642c86ae8f4/r_0",
            "rotation": 0.12566370614359174,
            "transform_matrix": [
                [
                    -0.20835086703300476,
                    0.9752742648124695,
                    0.07368936389684677,
                    0.297051340341568
                ],
                [
                    0.9780542254447937,
                    0.20775866508483887,
                    0.015697743743658066,
                    0.06327962875366211
                ],
                [
                    1.862645149230957e-09,
                    0.07534238696098328,
                    -0.9971577525138855,
                    -4.019671440124512
                ],
                [
                    0.0,
                    0.0,
                    0.0,
                    1.0
                ]
            ]
        },
        {
            "file_path": "/data/shapenet_blender/all_50_random/02958343/105dedf1b70c2826b2dcc642c86ae8f4/r_1",
            "rotation": 0.12566370614359174,
            "transform_matrix": [
                [
                    -0.9000830054283142,
                    -0.14551518857479095,
                    0.41070184111595154,
                    1.6555920839309692
                ],
                [
                    0.4357185661792755,
                    -0.30059710144996643,
                    0.8484048247337341,
                    3.4200291633605957
                ],
                [
                    0.0,
                    0.9425851106643677,
                    0.3339660167694092,
                    1.3462600708007812
                ],
                [
                    0.0,
                    0.0,
                    0.0,
                    1.0
                ]
            ]
        },
        {
            "file_path": "/data/shapenet_blender/all_50_random/02958343/105dedf1b70c2826b2dcc642c86ae8f4/r_2",
            "rotation": 0.12566370614359174,
            "transform_matrix": [
                [
                    0.8086762428283691,
                    -0.042180970311164856,
                    0.5867398977279663,
                    2.3652241230010986
                ],
                [
                    0.5882541537284851,
                    0.05798640847206116,
                    -0.8065944910049438,
                    -3.251486301422119
                ],
                [
                    0.0,
                    0.9974257946014404,
                    0.07170535624027252,
                    0.2890535295009613
                ],
                [
                    0.0,
                    0.0,
                    0.0,
                    1.0
                ]
            ]
        },
        {
            "file_path": "/data/shapenet_blender/all_50_random/02958343/105dedf1b70c2826b2dcc642c86ae8f4/r_3",
            "rotation": 0.12566370614359174,
            "transform_matrix": [
                [
                    0.9632454514503479,
                    -0.1783820241689682,
                    0.20084349811077118,
                    0.809626042842865
                ],
                [
                    0.26862290501594543,
                    0.6396538019180298,
                    -0.7201976776123047,
                    -2.903209686279297
                ],
                [
                    1.4901162970204496e-08,
                    0.7476782202720642,
                    0.6640611290931702,
                    2.6769161224365234
                ],
                [
                    0.0,
                    0.0,
                    0.0,
                    1.0
                ]
            ]
        },
        {
            "file_path": "/data/shapenet_blender/all_50_random/02958343/105dedf1b70c2826b2dcc642c86ae8f4/r_4",
            "rotation": 0.12566370614359174,
            "transform_matrix": [
                [
                    -0.9840611219406128,
                    0.12461146712303162,
                    0.12686876952648163,
                    0.5114244222640991
                ],
                [
                    0.1778305619955063,
                    0.6895625591278076,
                    0.7020538449287415,
                    2.8300697803497314
                ],
                [
                    0.0,
                    0.7134250402450562,
                    -0.7007314562797546,
                    -2.8247389793395996
                ],
                [
                    0.0,
                    0.0,
                    0.0,
                    1.0
                ]
            ]
        },
        {
            "file_path": "/data/shapenet_blender/all_50_random/02958343/105dedf1b70c2826b2dcc642c86ae8f4/r_5",
            "rotation": 0.12566370614359174,
            "transform_matrix": [
                [
                    0.6272649765014648,
                    -0.2954849600791931,
                    0.7205742597579956,
                    2.9047276973724365
                ],
                [
                    0.7788059115409851,
                    0.23798918724060059,
                    -0.5803641080856323,
                    -2.33952260017395
                ],
                [
                    -1.4901161193847656e-08,
                    0.9252294898033142,
                    0.37940776348114014,
                    1.5294415950775146
                ],
                [
                    0.0,
                    0.0,
                    0.0,
                    1.0
                ]
            ]
        },
        {
            "file_path": "/data/shapenet_blender/all_50_random/02958343/105dedf1b70c2826b2dcc642c86ae8f4/r_6",
            "rotation": 0.12566370614359174,
            "transform_matrix": [
                [
                    -0.8348720073699951,
                    0.3163299858570099,
                    0.4504709243774414,
                    1.8159064054489136
                ],
                [
                    0.5504440665245056,
                    0.47978541254997253,
                    0.6832402348518372,
                    2.7542295455932617
                ],
                [
                    0.0,
                    0.8183772563934326,
                    -0.5746813416481018,
                    -2.3166146278381348
                ],
                [
                    0.0,
                    0.0,
                    0.0,
                    1.0
                ]
            ]
        },
        {
            "file_path": "/data/shapenet_blender/all_50_random/02958343/105dedf1b70c2826b2dcc642c86ae8f4/r_7",
            "rotation": 0.12566370614359174,
            "transform_matrix": [
                [
                    0.7373329997062683,
                    0.046599723398685455,
                    -0.673920214176178,
                    -2.7166595458984375
                ],
                [
                    -0.6755294799804688,
                    0.050863079726696014,
                    -0.7355764508247375,
                    -2.9652037620544434
                ],
                [
                    -3.725290298461914e-09,
                    0.9976179003715515,
                    0.06898249685764313,
                    0.2780773639678955
                ],
                [
                    0.0,
                    0.0,
                    0.0,
                    1.0
                ]
            ]
        },
        {
            "file_path": "/data/shapenet_blender/all_50_random/02958343/105dedf1b70c2826b2dcc642c86ae8f4/r_8",
            "rotation": 0.12566370614359174,
            "transform_matrix": [
                [
                    -0.43716758489608765,
                    -0.5834822058677673,
                    0.6844216585159302,
                    2.7589919567108154
                ],
                [
                    0.899380087852478,
                    -0.2836170494556427,
                    0.3326813280582428,
                    1.3410813808441162
                ],
                [
                    1.4901161193847656e-08,
                    0.7609927654266357,
                    0.6487603783607483,
                    2.615236759185791
                ],
                [
                    0.0,
                    0.0,
                    0.0,
                    1.0
                ]
            ]
        },
        {
            "file_path": "/data/shapenet_blender/all_50_random/02958343/105dedf1b70c2826b2dcc642c86ae8f4/r_9",
            "rotation": 0.12566370614359174,
            "transform_matrix": [
                [
                    0.8543171286582947,
                    -0.0836716890335083,
                    0.512972891330719,
                    2.0678598880767822
                ],
                [
                    0.5197519659996033,
                    0.13753129541873932,
                    -0.843174397945404,
                    -3.398944616317749
                ],
                [
                    0.0,
                    0.9869570136070251,
                    0.1609838902950287,
                    0.6489468216896057
                ],
                [
                    0.0,
                    0.0,
                    0.0,
                    1.0
                ]
            ]
        },
        {
            "file_path": "/data/shapenet_blender/all_50_random/02958343/105dedf1b70c2826b2dcc642c86ae8f4/r_10",
            "rotation": 0.12566370614359174,
            "transform_matrix": [
                [
                    0.9939053058624268,
                    -0.10392874479293823,
                    0.03675762563943863,
                    0.1481747329235077
                ],
                [
                    0.1102375015616417,
                    0.9370253086090088,
                    -0.3314080834388733,
                    -1.3359487056732178
                ],
                [
                    0.0,
                    0.3334403336048126,
                    0.9427711963653564,
                    3.8004322052001953
                ],
                [
                    0.0,
                    0.0,
                    0.0,
                    1.0
                ]
            ]
        },
        {
            "file_path": "/data/shapenet_blender/all_50_random/02958343/105dedf1b70c2826b2dcc642c86ae8f4/r_11",
            "rotation": 0.12566370614359174,
            "transform_matrix": [
                [
                    -0.9928138256072998,
                    0.07178768515586853,
                    0.09574554115533829,
                    0.38596269488334656
                ],
                [
                    0.11966905742883682,
                    0.5955742001533508,
                    0.7943364381790161,
                    3.202073097229004
                ],
                [
                    0.0,
                    0.8000860214233398,
                    -0.5998850464820862,
                    -2.4182143211364746
                ],
                [
                    0.0,
                    0.0,
                    0.0,
                    1.0
                ]
            ]
        },
        {
            "file_path": "/data/shapenet_blender/all_50_random/02958343/105dedf1b70c2826b2dcc642c86ae8f4/r_12",
            "rotation": 0.12566370614359174,
            "transform_matrix": [
                [
                    0.2820666432380676,
                    0.38982921838760376,
                    -0.8766250610351562,
                    -3.5337886810302734
                ],
                [
                    -0.9593947529792786,
                    0.1146116629242897,
                    -0.25773197412490845,
                    -1.038950800895691
                ],
                [
                    0.0,
                    0.9137271642684937,
                    0.4063282608985901,
                    1.6379616260528564
                ],
                [
                    0.0,
                    0.0,
                    0.0,
                    1.0
                ]
            ]
        },
        {
            "file_path": "/data/shapenet_blender/all_50_random/02958343/105dedf1b70c2826b2dcc642c86ae8f4/r_13",
            "rotation": 0.12566370614359174,
            "transform_matrix": [
                [
                    -0.405994176864624,
                    -0.8588495254516602,
                    0.3123236298561096,
                    1.2590168714523315
                ],
                [
                    0.9138756990432739,
                    -0.38154852390289307,
                    0.13875144720077515,
                    0.5593249797821045
                ],
                [
                    7.450581485102248e-09,
                    0.3417570888996124,
                    0.9397882223129272,
                    3.788407564163208
                ],
                [
                    0.0,
                    0.0,
                    0.0,
                    1.0
                ]
            ]
        },
        {
            "file_path": "/data/shapenet_blender/all_50_random/02958343/105dedf1b70c2826b2dcc642c86ae8f4/r_14",
            "rotation": 0.12566370614359174,
            "transform_matrix": [
                [
                    0.48602038621902466,
                    -0.33195760846138,
                    -0.8084480166435242,
                    -3.258958339691162
                ],
                [
                    -0.8739474415779114,
                    -0.1846085488796234,
                    -0.44959479570388794,
                    -1.8123747110366821
                ],
                [
                    0.0,
                    0.9250534772872925,
                    -0.3798370063304901,
                    -1.5311720371246338
                ],
                [
                    0.0,
                    0.0,
                    0.0,
                    1.0
                ]
            ]
        },
        {
            "file_path": "/data/shapenet_blender/all_50_random/02958343/105dedf1b70c2826b2dcc642c86ae8f4/r_15",
            "rotation": 0.12566370614359174,
            "transform_matrix": [
                [
                    0.9915827512741089,
                    -0.055550433695316315,
                    0.11695221066474915,
                    0.47144943475723267
                ],
                [
                    0.12947459518909454,
                    0.4254336357116699,
                    -0.8956798911094666,
                    -3.6106011867523193
                ],
                [
                    0.0,
                    0.9032829999923706,
                    0.42904508113861084,
                    1.7295360565185547
                ],
                [
                    0.0,
                    0.0,
                    0.0,
                    1.0
                ]
            ]
        },
        {
            "file_path": "/data/shapenet_blender/all_50_random/02958343/105dedf1b70c2826b2dcc642c86ae8f4/r_16",
            "rotation": 0.12566370614359174,
            "transform_matrix": [
                [
                    -0.9841597080230713,
                    -0.13387508690357208,
                    -0.11622008681297302,
                    -0.468498170375824
                ],
                [
                    -0.1772841066122055,
                    0.7431825995445251,
                    0.6451741456985474,
                    2.600780487060547
                ],
                [
                    -7.450581485102248e-09,
                    0.6555584073066711,
                    -0.7551443576812744,
                    -3.0440845489501953
                ],
                [
                    0.0,
                    0.0,
                    0.0,
                    1.0
                ]
            ]
        },
        {
            "file_path": "/data/shapenet_blender/all_50_random/02958343/105dedf1b70c2826b2dcc642c86ae8f4/r_17",
            "rotation": 0.12566370614359174,
            "transform_matrix": [
                [
                    -0.9658298492431641,
                    0.2166735827922821,
                    -0.14221537113189697,
                    -0.5732885599136353
                ],
                [
                    -0.2591768801212311,
                    -0.8074401021003723,
                    0.5299695134162903,
                    2.136375665664673
                ],
                [
                    0.0,
                    0.5487194061279297,
                    0.8360065221786499,
                    3.3700504302978516
                ],
                [
                    0.0,
                    0.0,
                    0.0,
                    1.0
                ]
            ]
        },
        {
            "file_path": "/data/shapenet_blender/all_50_random/02958343/105dedf1b70c2826b2dcc642c86ae8f4/r_18",
            "rotation": 0.12566370614359174,
            "transform_matrix": [
                [
                    0.919872522354126,
                    -0.0597672313451767,
                    -0.38763687014579773,
                    -1.5626143217086792
                ],
                [
                    -0.3922174274921417,
                    -0.14017285406589508,
                    -0.9091297388076782,
                    -3.6648194789886475
                ],
                [
                    0.0,
                    0.9883216023445129,
                    -0.15238288044929504,
                    -0.6142750978469849
                ],
                [
                    0.0,
                    0.0,
                    0.0,
                    1.0
                ]
            ]
        },
        {
            "file_path": "/data/shapenet_blender/all_50_random/02958343/105dedf1b70c2826b2dcc642c86ae8f4/r_19",
            "rotation": 0.12566370614359174,
            "transform_matrix": [
                [
                    0.14636735618114471,
                    0.2301177978515625,
                    0.9620926976203918,
                    3.87831974029541
                ],
                [
                    0.9892303943634033,
                    -0.0340484194457531,
                    -0.14235204458236694,
                    -0.5738394260406494
                ],
                [
                    -3.725290742551124e-09,
                    0.9725669622421265,
                    -0.23262307047843933,
                    -0.9377335906028748
                ],
                [
                    0.0,
                    0.0,
                    0.0,
                    1.0
                ]
            ]
        },
        {
            "file_path": "/data/shapenet_blender/all_50_random/02958343/105dedf1b70c2826b2dcc642c86ae8f4/r_20",
            "rotation": 0.12566370614359174,
            "transform_matrix": [
                [
                    0.017516063526272774,
                    0.49801865220069885,
                    -0.8669893145561218,
                    -3.494946002960205
                ],
                [
                    -0.9998466968536377,
                    0.008724664337933064,
                    -0.015188569203019142,
                    -0.06122708320617676
                ],
                [
                    0.0,
                    0.8671224117279053,
                    0.4980950355529785,
                    2.007885456085205
                ],
                [
                    0.0,
                    0.0,
                    0.0,
                    1.0
                ]
            ]
        },
        {
            "file_path": "/data/shapenet_blender/all_50_random/02958343/105dedf1b70c2826b2dcc642c86ae8f4/r_21",
            "rotation": 0.12566370614359174,
            "transform_matrix": [
                [
                    0.8951098918914795,
                    0.11866611987352371,
                    0.4297635555267334,
                    1.73243248462677
                ],
                [
                    0.44584572315216064,
                    -0.23824208974838257,
                    -0.8628222346305847,
                    -3.4781479835510254
                ],
                [
                    0.0,
                    0.9639289379119873,
                    -0.2661595940589905,
                    -1.0729237794876099
                ],
                [
                    0.0,
                    0.0,
                    0.0,
                    1.0
                ]
            ]
        },
        {
            "file_path": "/data/shapenet_blender/all_50_random/02958343/105dedf1b70c2826b2dcc642c86ae8f4/r_22",
            "rotation": 0.12566370614359174,
            "transform_matrix": [
                [
                    -0.5627930760383606,
                    -0.0653235912322998,
                    -0.8240125775337219,
                    -3.3217010498046875
                ],
                [
                    -0.8265978097915649,
                    0.04447587579488754,
                    0.5610328912734985,
                    2.2615959644317627
                ],
                [
                    -3.725290298461914e-09,
                    0.9968724846839905,
                    -0.07902704924345016,
                    -0.31856822967529297
                ],
                [
                    0.0,
                    0.0,
                    0.0,
                    1.0
                ]
            ]
        },
        {
            "file_path": "/data/shapenet_blender/all_50_random/02958343/105dedf1b70c2826b2dcc642c86ae8f4/r_23",
            "rotation": 0.12566370614359174,
            "transform_matrix": [
                [
                    0.5207152366638184,
                    -0.6131991147994995,
                    0.5940053462982178,
                    2.394512414932251
                ],
                [
                    0.8537303805351257,
                    0.3740081787109375,
                    -0.3623013496398926,
                    -1.4604835510253906
                ],
                [
                    0.0,
                    0.6957762241363525,
                    0.7182584404945374,
                    2.895392656326294
                ],
                [
                    0.0,
                    0.0,
                    0.0,
                    1.0
                ]
            ]
        },
        {
            "file_path": "/data/shapenet_blender/all_50_random/02958343/105dedf1b70c2826b2dcc642c86ae8f4/r_24",
            "rotation": 0.12566370614359174,
            "transform_matrix": [
                [
                    0.6242737770080566,
                    0.7218867540359497,
                    0.2985995411872864,
                    1.2036933898925781
                ],
                [
                    0.7812056541442871,
                    -0.5768710374832153,
                    -0.23861560225486755,
                    -0.9618903398513794
                ],
                [
                    -1.4901161193847656e-08,
                    0.382229208946228,
                    -0.924067497253418,
                    -3.7250354290008545
                ],
                [
                    0.0,
                    0.0,
                    0.0,
                    1.0
                ]
            ]
        },
        {
            "file_path": "/data/shapenet_blender/all_50_random/02958343/105dedf1b70c2826b2dcc642c86ae8f4/r_25",
            "rotation": 0.12566370614359174,
            "transform_matrix": [
                [
                    0.24899879097938538,
                    -0.5692089200019836,
                    -0.7835819721221924,
                    -3.1587202548980713
                ],
                [
                    -0.9685038328170776,
                    -0.14634153246879578,
                    -0.20145605504512787,
                    -0.8120954036712646
                ],
                [
                    -7.450580596923828e-09,
                    0.809064507484436,
                    -0.5877197980880737,
                    -2.3691744804382324
                ],
                [
                    0.0,
                    0.0,
                    0.0,
                    1.0
                ]
            ]
        },
        {
            "file_path": "/data/shapenet_blender/all_50_random/02958343/105dedf1b70c2826b2dcc642c86ae8f4/r_26",
            "rotation": 0.12566370614359174,
            "transform_matrix": [
                [
                    0.8564599752426147,
                    0.21092724800109863,
                    0.4711538851261139,
                    1.8992822170257568
                ],
                [
                    0.5162134766578674,
                    -0.3499535620212555,
                    -0.7817007303237915,
                    -3.151136636734009
                ],
                [
                    0.0,
                    0.9127113223075867,
                    -0.4086047410964966,
                    -1.6471384763717651
                ],
                [
                    0.0,
                    0.0,
                    0.0,
                    1.0
                ]
            ]
        },
        {
            "file_path": "/data/shapenet_blender/all_50_random/02958343/105dedf1b70c2826b2dcc642c86ae8f4/r_27",
            "rotation": 0.12566370614359174,
            "transform_matrix": [
                [
                    -0.6493160724639893,
                    0.06592372804880142,
                    0.7576560974121094,
                    3.0542094707489014
                ],
                [
                    0.7605186700820923,
                    0.05628439784049988,
                    0.6468720436096191,
                    2.6076245307922363
                ],
                [
                    0.0,
                    0.9962359666824341,
                    -0.08668258786201477,
                    -0.3494286835193634
                ],
                [
                    0.0,
                    0.0,
                    0.0,
                    1.0
                ]
            ]
        },
        {
            "file_path": "/data/shapenet_blender/all_50_random/02958343/105dedf1b70c2826b2dcc642c86ae8f4/r_28",
            "rotation": 0.12566370614359174,
            "transform_matrix": [
                [
                    -0.885464608669281,
                    -0.006188437808305025,
                    -0.4646654725074768,
                    -1.87312650680542
                ],
                [
                    -0.4647067189216614,
                    0.011791614815592766,
                    0.885386049747467,
                    3.569105625152588
                ],
                [
                    -4.656612873077393e-10,
                    0.999911367893219,
                    -0.013316864147782326,
                    -0.05368199944496155
                ],
                [
                    0.0,
                    0.0,
                    0.0,
                    1.0
                ]
            ]
        },
        {
            "file_path": "/data/shapenet_blender/all_50_random/02958343/105dedf1b70c2826b2dcc642c86ae8f4/r_29",
            "rotation": 0.12566370614359174,
            "transform_matrix": [
                [
                    -0.9558109045028687,
                    -0.2511477768421173,
                    -0.1528080701828003,
                    -0.6159890294075012
                ],
                [
                    -0.2939821481704712,
                    0.8165453672409058,
                    0.4968179762363434,
                    2.002737283706665
                ],
                [
                    -7.450580596923828e-09,
                    0.5197868347167969,
                    -0.8542959690093994,
                    -3.443777322769165
                ],
                [
                    0.0,
                    0.0,
                    0.0,
                    1.0
                ]
            ]
        },
        {
            "file_path": "/data/shapenet_blender/all_50_random/02958343/105dedf1b70c2826b2dcc642c86ae8f4/r_30",
            "rotation": 0.12566370614359174,
            "transform_matrix": [
                [
                    0.1331232786178589,
                    -0.15550757944583893,
                    -0.9788236021995544,
                    -3.9457638263702393
                ],
                [
                    -0.9910994172096252,
                    -0.020887590944767,
                    -0.13147440552711487,
                    -0.5299902558326721
                ],
                [
                    0.0,
                    0.9876137971878052,
                    -0.15690413117408752,
                    -0.6325007677078247
                ],
                [
                    0.0,
                    0.0,
                    0.0,
                    1.0
                ]
            ]
        },
        {
            "file_path": "/data/shapenet_blender/all_50_random/02958343/105dedf1b70c2826b2dcc642c86ae8f4/r_31",
            "rotation": 0.12566370614359174,
            "transform_matrix": [
                [
                    0.9296937584877014,
                    -0.04410204663872719,
                    0.3656834661960602,
                    1.4741171598434448
                ],
                [
                    0.36833325028419495,
                    0.11131604015827179,
                    -0.9230055809020996,
                    -3.720754623413086
                ],
                [
                    0.0,
                    0.9928059577941895,
                    0.11973408609628677,
                    0.4826635420322418
                ],
                [
                    0.0,
                    0.0,
                    0.0,
                    1.0
                ]
            ]
        },
        {
            "file_path": "/data/shapenet_blender/all_50_random/02958343/105dedf1b70c2826b2dcc642c86ae8f4/r_32",
            "rotation": 0.12566370614359174,
            "transform_matrix": [
                [
                    -0.9954695701599121,
                    0.02485152706503868,
                    -0.0917755663394928,
                    -0.3699590861797333
                ],
                [
                    -0.09508077055215836,
                    -0.26018866896629333,
                    0.9608650207519531,
                    3.873370409011841
                ],
                [
                    1.862645149230957e-09,
                    0.9652379155158997,
                    0.261372834444046,
                    1.0536274909973145
                ],
                [
                    0.0,
                    0.0,
                    0.0,
                    1.0
                ]
            ]
        },
        {
            "file_path": "/data/shapenet_blender/all_50_random/02958343/105dedf1b70c2826b2dcc642c86ae8f4/r_33",
            "rotation": 0.12566370614359174,
            "transform_matrix": [
                [
                    0.6253331899642944,
                    0.7073399424552917,
                    0.3295885920524597,
                    1.3286141157150269
                ],
                [
                    0.7803579568862915,
                    -0.5668208599090576,
                    -0.26411303877830505,
                    -1.064673662185669
                ],
                [
                    -1.4901161193847656e-08,
                    0.42235562205314636,
                    -0.906430184841156,
                    -3.6539368629455566
                ],
                [
                    0.0,
                    0.0,
                    0.0,
                    1.0
                ]
            ]
        },
        {
            "file_path": "/data/shapenet_blender/all_50_random/02958343/105dedf1b70c2826b2dcc642c86ae8f4/r_34",
            "rotation": 0.12566370614359174,
            "transform_matrix": [
                [
                    0.5231789946556091,
                    -0.4768787622451782,
                    -0.7063074707984924,
                    -2.847216844558716
                ],
                [
                    -0.8522228002548218,
                    -0.2927555441856384,
                    -0.4336016774177551,
                    -1.7479044198989868
                ],
                [
                    -1.4901161193847656e-08,
                    0.8287826776504517,
                    -0.5595704317092896,
                    -2.2557008266448975
                ],
                [
                    0.0,
                    0.0,
                    0.0,
                    1.0
                ]
            ]
        },
        {
            "file_path": "/data/shapenet_blender/all_50_random/02958343/105dedf1b70c2826b2dcc642c86ae8f4/r_35",
            "rotation": 0.12566370614359174,
            "transform_matrix": [
                [
                    0.03400091081857681,
                    0.055018726736307144,
                    0.9979062676429749,
                    4.022688865661621
                ],
                [
                    0.9994218349456787,
                    -0.0018717689672484994,
                    -0.0339493490755558,
                    -0.13685420155525208
                ],
                [
                    0.0,
                    0.9984835982322693,
                    -0.0550505630671978,
                    -0.22191591560840607
                ],
                [
                    0.0,
                    0.0,
                    0.0,
                    1.0
                ]
            ]
        },
        {
            "file_path": "/data/shapenet_blender/all_50_random/02958343/105dedf1b70c2826b2dcc642c86ae8f4/r_36",
            "rotation": 0.12566370614359174,
            "transform_matrix": [
                [
                    -0.11280576884746552,
                    -0.5740651488304138,
                    -0.8110018968582153,
                    -3.2692527770996094
                ],
                [
                    -0.9936171174049377,
                    0.06517385691404343,
                    0.09207338094711304,
                    0.3711596131324768
                ],
                [
                    3.725290298461914e-09,
                    0.8162115812301636,
                    -0.5777530074119568,
                    -2.3289966583251953
                ],
                [
                    0.0,
                    0.0,
                    0.0,
                    1.0
                ]
            ]
        },
        {
            "file_path": "/data/shapenet_blender/all_50_random/02958343/105dedf1b70c2826b2dcc642c86ae8f4/r_37",
            "rotation": 0.12566370614359174,
            "transform_matrix": [
                [
                    -0.6565352082252502,
                    -0.1458851844072342,
                    -0.7400533556938171,
                    -2.983250379562378
                ],
                [
                    -0.754295289516449,
                    0.1269778162240982,
                    0.6441391110420227,
                    2.5966079235076904
                ],
                [
                    7.450580152834618e-09,
                    0.9811188578605652,
                    -0.19340592622756958,
                    -0.779644250869751
                ],
                [
                    0.0,
                    0.0,
                    0.0,
                    1.0
                ]
            ]
        },
        {
            "file_path": "/data/shapenet_blender/all_50_random/02958343/105dedf1b70c2826b2dcc642c86ae8f4/r_38",
            "rotation": 0.12566370614359174,
            "transform_matrix": [
                [
                    -0.49580538272857666,
                    -0.4143175780773163,
                    0.7632285952568054,
                    3.0766727924346924
                ],
                [
                    0.8684335947036743,
                    -0.23654183745384216,
                    0.4357418417930603,
                    1.7565315961837769
                ],
                [
                    0.0,
                    0.8788564801216125,
                    0.47708603739738464,
                    1.9231953620910645
                ],
                [
                    0.0,
                    0.0,
                    0.0,
                    1.0
                ]
            ]
        },
        {
            "file_path": "/data/shapenet_blender/all_50_random/02958343/105dedf1b70c2826b2dcc642c86ae8f4/r_39",
            "rotation": 0.12566370614359174,
            "transform_matrix": [
                [
                    0.5646939277648926,
                    0.005475489888340235,
                    -0.8252822756767273,
                    -3.3268191814422607
                ],
                [
                    -0.8253004550933838,
                    0.0037464851047843695,
                    -0.5646814703941345,
                    -2.276303768157959
                ],
                [
                    2.3283064365386963e-10,
                    0.9999780654907227,
                    0.006634541321545839,
                    0.026744691655039787
                ],
                [
                    0.0,
                    0.0,
                    0.0,
                    1.0
                ]
            ]
        },
        {
            "file_path": "/data/shapenet_blender/all_50_random/02958343/105dedf1b70c2826b2dcc642c86ae8f4/r_40",
            "rotation": 0.12566370614359174,
            "transform_matrix": [
                [
                    0.7834947109222412,
                    -0.43892863392829895,
                    -0.4398610591888428,
                    -1.7731366157531738
                ],
                [
                    -0.6213984489440918,
                    -0.5534263253211975,
                    -0.5546019673347473,
                    -2.2356719970703125
                ],
                [
                    0.0,
                    0.7078567147254944,
                    -0.7063561081886292,
                    -2.847412586212158
                ],
                [
                    0.0,
                    0.0,
                    0.0,
                    1.0
                ]
            ]
        },
        {
            "file_path": "/data/shapenet_blender/all_50_random/02958343/105dedf1b70c2826b2dcc642c86ae8f4/r_41",
            "rotation": 0.12566370614359174,
            "transform_matrix": [
                [
                    0.6404755711555481,
                    0.6045939326286316,
                    0.4735580086708069,
                    1.9089734554290771
                ],
                [
                    0.7679785490036011,
                    -0.504216730594635,
                    -0.3949359357357025,
                    -1.5920377969741821
                ],
                [
                    -1.4901161193847656e-08,
