{
    "class": "02958343",
    "model": "3586f47af775e5158aa8c3cca6f13406",
    "remove_doubles": true,
    "edge_split": true,
    "denoise": true,
    "camera_angle_x": 0.6911112070083618,
    "scale_factor": 2.1737948434160983,
    "hdri_file": "/data/IndoorHDRDataset2018/AG8A2103-662bc79838.exr",
    "center_offset": [
        0.0,
        0.0,
        4.6566128730773926e-09
    ],
    "lights": [],
    "frames": [
        {
            "file_path": "/data/shapenet_blender/all_50_random/02958343/3586f47af775e5158aa8c3cca6f13406/r_0",
            "rotation": 0.12566370614359174,
            "transform_matrix": [
                [
                    -0.8456739783287048,
                    -0.03728656470775604,
                    0.5323956608772278,
                    2.146155834197998
                ],
                [
                    0.5336998105049133,
                    -0.059082429856061935,
                    0.8436075448989868,
                    3.400691032409668
                ],
                [
                    0.0,
                    0.9975564479827881,
                    0.06986430287361145,
                    0.28163203597068787
                ],
                [
                    0.0,
                    0.0,
                    0.0,
                    1.0
                ]
            ]
        },
        {
            "file_path": "/data/shapenet_blender/all_50_random/02958343/3586f47af775e5158aa8c3cca6f13406/r_1",
            "rotation": 0.12566370614359174,
            "transform_matrix": [
                [
                    0.9951804280281067,
                    -0.00724641652777791,
                    -0.0977933257818222,
                    -0.39421749114990234
                ],
                [
                    -0.0980614498257637,
                    -0.07354054600000381,
                    -0.9924594163894653,
                    -4.000731945037842
                ],
                [
                    0.0,
                    0.9972658753395081,
                    -0.07389669120311737,
                    -0.29788708686828613
                ],
                [
                    0.0,
                    0.0,
                    0.0,
                    1.0
                ]
            ]
        },
        {
            "file_path": "/data/shapenet_blender/all_50_random/02958343/3586f47af775e5158aa8c3cca6f13406/r_2",
            "rotation": 0.12566370614359174,
            "transform_matrix": [
                [
                    -0.682792603969574,
                    -0.022689305245876312,
                    -0.7302597761154175,
                    -2.9437716007232666
                ],
                [
                    -0.7306122183799744,
                    0.021204257383942604,
                    0.6824632287025452,
                    2.7510974407196045
                ],
                [
                    0.0,
                    0.9995175004005432,
                    -0.03105519898235798,
                    -0.12518751621246338
                ],
                [
                    0.0,
                    0.0,
                    0.0,
                    1.0
                ]
            ]
        },
        {
            "file_path": "/data/shapenet_blender/all_50_random/02958343/3586f47af775e5158aa8c3cca6f13406/r_3",
            "rotation": 0.12566370614359174,
            "transform_matrix": [
                [
                    0.7483649849891663,
                    0.5781691670417786,
                    0.325069785118103,
                    1.3103982210159302
                ],
                [
                    0.6632872223854065,
                    -0.6523290276527405,
                    -0.36676543951034546,
                    -1.4784787893295288
                ],
                [
                    -1.4901162970204496e-08,
                    0.49008896946907043,
                    -0.8716723918914795,
                    -3.5138237476348877
                ],
                [
                    0.0,
                    0.0,
                    0.0,
                    1.0
                ]
            ]
        },
        {
            "file_path": "/data/shapenet_blender/all_50_random/02958343/3586f47af775e5158aa8c3cca6f13406/r_4",
            "rotation": 0.12566370614359174,
            "transform_matrix": [
                [
                    0.42680466175079346,
                    -0.7963772416114807,
                    0.42851021885871887,
                    1.7273800373077393
                ],
                [
                    0.9043439030647278,
                    0.3758498430252075,
                    -0.2022351771593094,
                    -0.8152361512184143
                ],
                [
                    0.0,
                    0.47383543848991394,
                    0.8806132674217224,
                    3.549865961074829
                ],
                [
                    0.0,
                    0.0,
                    0.0,
                    1.0
                ]
            ]
        },
        {
            "file_path": "/data/shapenet_blender/all_50_random/02958343/3586f47af775e5158aa8c3cca6f13406/r_5",
            "rotation": 0.12566370614359174,
            "transform_matrix": [
                [
                    0.8589667677879333,
                    -0.201264888048172,
                    -0.47081688046455383,
                    -1.8979237079620361
                ],
                [
                    -0.5120313763618469,
                    -0.3376352787017822,
                    -0.7898266911506653,
                    -3.1838934421539307
                ],
                [
                    0.0,
                    0.9195079803466797,
                    -0.39307135343551636,
                    -1.5845214128494263
                ],
                [
                    0.0,
                    0.0,
                    0.0,
                    1.0
                ]
            ]
        },
        {
            "file_path": "/data/shapenet_blender/all_50_random/02958343/3586f47af775e5158aa8c3cca6f13406/r_6",
            "rotation": 0.12566370614359174,
            "transform_matrix": [
                [
                    0.6301027536392212,
                    0.13865448534488678,
                    -0.7640323638916016,
                    -3.0799129009246826
                ],
                [
                    -0.7765117287635803,
                    0.11251158267259598,
                    -0.619976282119751,
                    -2.499204397201538
                ],
                [
                    0.0,
                    0.983928918838501,
                    0.17856068909168243,
                    0.7198011875152588
                ],
                [
                    0.0,
                    0.0,
                    0.0,
                    1.0
                ]
            ]
        },
        {
            "file_path": "/data/shapenet_blender/all_50_random/02958343/3586f47af775e5158aa8c3cca6f13406/r_7",
            "rotation": 0.12566370614359174,
            "transform_matrix": [
                [
                    0.594327986240387,
                    -0.30646365880966187,
                    0.7435416579246521,
                    2.997312307357788
                ],
                [
                    0.8042227625846863,
                    0.2264794558286667,
                    -0.549484133720398,
                    -2.215041399002075
                ],
                [
                    1.4901161193847656e-08,
                    0.9245468378067017,
                    0.3810681104660034,
                    1.5361347198486328
                ],
                [
                    0.0,
                    0.0,
                    0.0,
                    1.0
                ]
            ]
        },
        {
            "file_path": "/data/shapenet_blender/all_50_random/02958343/3586f47af775e5158aa8c3cca6f13406/r_8",
            "rotation": 0.12566370614359174,
            "transform_matrix": [
                [
                    -0.9361181855201721,
                    0.11881452798843384,
                    0.33100733160972595,
                    1.3343333005905151
                ],
                [
                    0.3516855835914612,
                    0.31626096367836,
                    0.8810766935348511,
                    3.55173397064209
                ],
                [
                    7.450580152834618e-09,
                    0.9412024617195129,
                    -0.33784300088882446,
                    -1.3618887662887573
                ],
                [
                    0.0,
                    0.0,
                    0.0,
                    1.0
                ]
            ]
        },
        {
            "file_path": "/data/shapenet_blender/all_50_random/02958343/3586f47af775e5158aa8c3cca6f13406/r_9",
            "rotation": 0.12566370614359174,
            "transform_matrix": [
                [
                    -0.5192021727561951,
                    0.40238770842552185,
                    -0.7539981603622437,
                    -3.039463520050049
                ],
                [
                    -0.8546513915061951,
                    -0.24445120990276337,
                    0.45805516839027405,
                    1.8464791774749756
                ],
                [
                    1.4901160305669237e-08,
                    0.8822287321090698,
                    0.47082093358039856,
                    1.897939682006836
                ],
                [
                    0.0,
                    0.0,
                    0.0,
                    1.0
                ]
            ]
        },
        {
            "file_path": "/data/shapenet_blender/all_50_random/02958343/3586f47af775e5158aa8c3cca6f13406/r_10",
            "rotation": 0.12566370614359174,
            "transform_matrix": [
                [
                    0.7576494216918945,
                    0.11598897725343704,
                    -0.6422724723815918,
                    -2.589083194732666
                ],
                [
                    -0.6526617407798767,
                    0.13464705646038055,
                    -0.7455888986587524,
                    -3.0055649280548096
                ],
                [
                    0.0,
                    0.9840816259384155,
                    0.17771682143211365,
                    0.7163994312286377
                ],
                [
                    0.0,
                    0.0,
                    0.0,
                    1.0
                ]
            ]
        },
        {
            "file_path": "/data/shapenet_blender/all_50_random/02958343/3586f47af775e5158aa8c3cca6f13406/r_11",
            "rotation": 0.12566370614359174,
            "transform_matrix": [
                [
                    -0.3351786136627197,
                    0.5646781325340271,
                    0.7541843056678772,
                    3.0402140617370605
                ],
                [
                    0.942154586315155,
                    0.2008885145187378,
                    0.26830679178237915,
                    1.081579327583313
                ],
                [
                    1.4901160305669237e-08,
                    0.8004888892173767,
                    -0.5993475914001465,
                    -2.4160473346710205
                ],
                [
                    0.0,
                    0.0,
                    0.0,
                    1.0
                ]
            ]
        },
        {
            "file_path": "/data/shapenet_blender/all_50_random/02958343/3586f47af775e5158aa8c3cca6f13406/r_12",
            "rotation": 0.12566370614359174,
            "transform_matrix": [
                [
                    -0.9998595714569092,
                    0.005823247134685516,
                    -0.01571737229824066,
                    -0.06335875391960144
                ],
                [
                    -0.01676144450902939,
                    -0.3473703861236572,
                    0.9375782012939453,
                    3.779498338699341
                ],
                [
                    -4.656612873077393e-10,
                    0.9377098679542542,
                    0.34741923213005066,
                    1.400491714477539
                ],
                [
                    0.0,
                    0.0,
                    0.0,
                    1.0
                ]
            ]
        },
        {
            "file_path": "/data/shapenet_blender/all_50_random/02958343/3586f47af775e5158aa8c3cca6f13406/r_13",
            "rotation": 0.12566370614359174,
            "transform_matrix": [
                [
                    0.7439806461334229,
                    -0.5631660223007202,
                    -0.35963428020477295,
                    -1.4497321844100952
                ],
                [
                    -0.6682011485099792,
                    -0.6270336508750916,
                    -0.4004197418689728,
                    -1.6141436100006104
                ],
                [
                    0.0,
                    0.5382125973701477,
                    -0.8428090810775757,
                    -3.3974721431732178
                ],
                [
                    0.0,
                    0.0,
                    0.0,
                    1.0
                ]
            ]
        },
        {
            "file_path": "/data/shapenet_blender/all_50_random/02958343/3586f47af775e5158aa8c3cca6f13406/r_14",
            "rotation": 0.12566370614359174,
            "transform_matrix": [
                [
                    -0.9856856465339661,
                    -0.07153483480215073,
                    -0.15266400575637817,
                    -0.6154083013534546
                ],
                [
                    -0.16859278082847595,
                    0.4182317852973938,
                    0.8925573229789734,
                    3.5980136394500732
                ],
                [
                    -7.4505797087454084e-09,
                    0.9055190682411194,
                    -0.42430543899536133,
                    -1.7104299068450928
                ],
                [
                    0.0,
                    0.0,
                    0.0,
                    1.0
                ]
            ]
        },
        {
            "file_path": "/data/shapenet_blender/all_50_random/02958343/3586f47af775e5158aa8c3cca6f13406/r_15",
            "rotation": 0.12566370614359174,
            "transform_matrix": [
                [
                    -0.9992974996566772,
                    -0.025035468861460686,
                    0.02788827009499073,
                    0.11242121458053589
                ],
                [
                    0.03747706487774849,
                    -0.6675516963005066,
                    0.7436195611953735,
                    2.997626304626465
                ],
                [
                    -1.862645149230957e-09,
                    0.7441422939300537,
                    0.6680210828781128,
                    2.6928791999816895
                ],
                [
                    0.0,
                    0.0,
                    0.0,
                    1.0
                ]
            ]
        },
        {
            "file_path": "/data/shapenet_blender/all_50_random/02958343/3586f47af775e5158aa8c3cca6f13406/r_16",
            "rotation": 0.12566370614359174,
            "transform_matrix": [
                [
                    0.1659361869096756,
                    -0.7906884551048279,
                    0.5893020033836365,
                    2.3755526542663574
                ],
                [
                    0.9861364960670471,
                    0.13304834067821503,
                    -0.09916125237941742,
                    -0.3997318148612976
                ],
                [
                    0.0,
                    0.5975865721702576,
                    0.8018041849136353,
                    3.2321763038635254
                ],
                [
                    0.0,
                    0.0,
                    0.0,
                    1.0
                ]
            ]
        },
        {
            "file_path": "/data/shapenet_blender/all_50_random/02958343/3586f47af775e5158aa8c3cca6f13406/r_17",
            "rotation": 0.12566370614359174,
            "transform_matrix": [
                [
                    0.6574856042861938,
                    -0.6863460540771484,
                    0.31087246537208557,
                    1.2531671524047852
                ],
                [
                    0.7534670829772949,
                    0.5989149212837219,
                    -0.27127155661582947,
                    -1.0935307741165161
                ],
                [
                    0.0,
                    0.41258931159973145,
                    0.9109170436859131,
                    3.6720242500305176
                ],
                [
                    0.0,
                    0.0,
                    0.0,
                    1.0
                ]
            ]
        },
        {
            "file_path": "/data/shapenet_blender/all_50_random/02958343/3586f47af775e5158aa8c3cca6f13406/r_18",
            "rotation": 0.12566370614359174,
            "transform_matrix": [
                [
                    -0.373041570186615,
                    0.7537801265716553,
                    0.5409762859344482,
                    2.1807453632354736
                ],
                [
                    0.9278146028518677,
                    0.30306845903396606,
                    0.21750754117965698,
                    0.8768010139465332
                ],
                [
                    0.0,
                    0.5830651521682739,
                    -0.8124253153800964,
                    -3.274991512298584
                ],
                [
                    0.0,
                    0.0,
                    0.0,
                    1.0
                ]
            ]
        },
        {
            "file_path": "/data/shapenet_blender/all_50_random/02958343/3586f47af775e5158aa8c3cca6f13406/r_19",
            "rotation": 0.12566370614359174,
            "transform_matrix": [
                [
                    0.6244502067565918,
                    0.7631490230560303,
                    0.16632935404777527,
                    0.6704951524734497
                ],
                [
                    0.7810647487640381,
                    -0.6101268529891968,
                    -0.13297796249389648,
                    -0.5360513925552368
                ],
                [
                    7.450581485102248e-09,
                    0.21295201778411865,
                    -0.9770625829696655,
                    -3.9386653900146484
                ],
                [
                    0.0,
                    0.0,
                    0.0,
                    1.0
                ]
            ]
        },
        {
            "file_path": "/data/shapenet_blender/all_50_random/02958343/3586f47af775e5158aa8c3cca6f13406/r_20",
            "rotation": 0.12566370614359174,
            "transform_matrix": [
                [
                    -0.9758400917053223,
                    0.08473014086484909,
                    0.20138755440711975,
                    0.8118191957473755
                ],
                [
                    0.218486025929451,
                    0.3784363865852356,
                    0.8994719386100769,
                    3.625887393951416
                ],
                [
                    7.4505797087454084e-09,
                    0.921741247177124,
                    -0.3878057301044464,
                    -1.5632948875427246
                ],
                [
                    0.0,
                    0.0,
                    0.0,
                    1.0
                ]
            ]
        },
        {
            "file_path": "/data/shapenet_blender/all_50_random/02958343/3586f47af775e5158aa8c3cca6f13406/r_21",
            "rotation": 0.12566370614359174,
            "transform_matrix": [
                [
                    0.8920350074768066,
                    0.10018661618232727,
                    0.44072216749191284,
                    1.7766081094741821
                ],
                [
                    0.45196616649627686,
                    -0.1977359801530838,
                    -0.8698430061340332,
                    -3.5064496994018555
                ],
                [
                    0.0,
                    0.9751220941543579,
                    -0.22166836261749268,
                    -0.8935738801956177
                ],
                [
                    0.0,
                    0.0,
                    0.0,
                    1.0
                ]
            ]
        },
        {
            "file_path": "/data/shapenet_blender/all_50_random/02958343/3586f47af775e5158aa8c3cca6f13406/r_22",
            "rotation": 0.12566370614359174,
            "transform_matrix": [
                [
                    0.7257307171821594,
                    0.245779350399971,
                    -0.6425787210464478,
                    -2.590317726135254
                ],
                [
                    -0.6879789233207703,
                    0.2592661380767822,
                    -0.6778392791748047,
                    -2.7324576377868652
                ],
                [
                    1.4901162970204496e-08,
                    0.934009313583374,
                    0.3572484254837036,
                    1.4401144981384277
                ],
                [
                    0.0,
                    0.0,
                    0.0,
                    1.0
                ]
            ]
        },
        {
            "file_path": "/data/shapenet_blender/all_50_random/02958343/3586f47af775e5158aa8c3cca6f13406/r_23",
            "rotation": 0.12566370614359174,
            "transform_matrix": [
                [
                    -0.16561616957187653,
                    0.6884610056877136,
                    0.7061108350753784,
                    2.846424102783203
                ],
                [
                    0.9861903786659241,
                    0.11561691761016846,
                    0.11858094483613968,
                    0.47801509499549866
                ],
                [
                    -7.450581485102248e-09,
                    0.7159985899925232,
                    -0.6981015801429749,
                    -2.8141376972198486
                ],
                [
                    0.0,
                    0.0,
                    0.0,
                    1.0
                ]
            ]
        },
        {
            "file_path": "/data/shapenet_blender/all_50_random/02958343/3586f47af775e5158aa8c3cca6f13406/r_24",
            "rotation": 0.12566370614359174,
            "transform_matrix": [
                [
                    -0.9291330575942993,
                    -0.09664253145456314,
                    -0.356891930103302,
                    -1.4386775493621826
                ],
                [
                    -0.3697453737258911,
                    0.24285300076007843,
                    0.8968336582183838,
                    3.6152522563934326
                ],
                [
                    0.0,
                    0.965237021446228,
                    -0.26137587428092957,
                    -1.0536400079727173
                ],
                [
                    0.0,
                    0.0,
                    0.0,
                    1.0
                ]
            ]
        },
        {
            "file_path": "/data/shapenet_blender/all_50_random/02958343/3586f47af775e5158aa8c3cca6f13406/r_25",
            "rotation": 0.12566370614359174,
            "transform_matrix": [
                [
                    0.7501031160354614,
                    -0.3303237557411194,
                    -0.5729149580001831,
                    -2.3094940185546875
                ],
                [
                    -0.6613209247589111,
                    -0.3746696412563324,
                    -0.6498286724090576,
                    -2.6195430755615234
                ],
                [
                    0.0,
                    0.8663190603256226,
                    -0.499490886926651,
                    -2.013512134552002
                ],
                [
                    0.0,
                    0.0,
                    0.0,
                    1.0
                ]
            ]
        },
        {
            "file_path": "/data/shapenet_blender/all_50_random/02958343/3586f47af775e5158aa8c3cca6f13406/r_26",
            "rotation": 0.12566370614359174,
            "transform_matrix": [
                [
                    -0.39693111181259155,
                    0.8494582772254944,
                    0.3476583659648895,
                    1.4014556407928467
                ],
                [
                    0.9178484082221985,
                    0.36735522747039795,
                    0.15034770965576172,
                    0.6060709953308105
                ],
                [
                    0.0,
                    0.37877535820007324,
                    -0.9254886507987976,
                    -3.730764150619507
                ],
                [
                    0.0,
                    0.0,
                    0.0,
                    1.0
                ]
            ]
        },
        {
            "file_path": "/data/shapenet_blender/all_50_random/02958343/3586f47af775e5158aa8c3cca6f13406/r_27",
            "rotation": 0.12566370614359174,
            "transform_matrix": [
                [
                    -0.9350641965866089,
                    -0.1645583063364029,
                    0.31396740674972534,
                    1.2656431198120117
                ],
                [
                    0.3544784486293793,
                    -0.4340815842151642,
                    0.8282017111778259,
                    3.338587999343872
                ],
                [
                    0.0,
                    0.885716438293457,
                    0.46422651410102844,
                    1.8713569641113281
                ],
                [
                    0.0,
                    0.0,
                    0.0,
                    1.0
                ]
            ]
        },
        {
            "file_path": "/data/shapenet_blender/all_50_random/02958343/3586f47af775e5158aa8c3cca6f13406/r_28",
            "rotation": 0.12566370614359174,
            "transform_matrix": [
                [
                    -0.6798006296157837,
                    0.5293905735015869,
                    0.507559597492218,
                    2.0460383892059326
                ],
                [
                    0.7333970665931702,
                    0.49070286750793457,
                    0.47046729922294617,
                    1.8965144157409668
                ],
                [
                    0.0,
                    0.6920667886734009,
                    -0.7218334674835205,
                    -2.909804105758667
                ],
                [
                    0.0,
                    0.0,
                    0.0,
                    1.0
                ]
            ]
        },
        {
            "file_path": "/data/shapenet_blender/all_50_random/02958343/3586f47af775e5158aa8c3cca6f13406/r_29",
            "rotation": 0.12566370614359174,
            "transform_matrix": [
                [
                    0.5138313174247742,
                    0.007609222549945116,
                    -0.8578575849533081,
                    -3.458134174346924
                ],
                [
                    -0.857891321182251,
                    0.004557519685477018,
                    -0.5138111114501953,
                    -2.0712385177612305
                ],
                [
                    0.0,
                    0.9999606013298035,
                    0.008869682438671589,
                    0.03575482964515686
                ],
                [
                    0.0,
                    0.0,
                    0.0,
                    1.0
                ]
            ]
        },
        {
            "file_path": "/data/shapenet_blender/all_50_random/02958343/3586f47af775e5158aa8c3cca6f13406/r_30",
            "rotation": 0.12566370614359174,
            "transform_matrix": [
                [
                    -0.7585428953170776,
                    0.015973735600709915,
                    0.6514272689819336,
                    2.6259875297546387
                ],
                [
                    0.6516231894493103,
                    0.018594738095998764,
                    0.758314847946167,
                    3.0568652153015137
                ],
                [
                    1.862645149230957e-09,
                    0.9996994733810425,
                    -0.024513762444257736,
                    -0.09881814569234848
                ],
                [
                    0.0,
                    0.0,
                    0.0,
                    1.0
                ]
            ]
        },
        {
            "file_path": "/data/shapenet_blender/all_50_random/02958343/3586f47af775e5158aa8c3cca6f13406/r_31",
            "rotation": 0.12566370614359174,
            "transform_matrix": [
                [
                    0.9431475400924683,
                    0.2347123771905899,
                    -0.23533575236797333,
                    -0.9486688375473022
                ],
                [
                    -0.33237457275390625,
                    0.6660208702087402,
                    -0.6677897572517395,
                    -2.6919467449188232
                ],
                [
                    0.0,
                    0.7080438733100891,
                    0.7061683535575867,
                    2.84665584564209
                ],
                [
                    0.0,
                    0.0,
                    0.0,
                    1.0
                ]
            ]
        },
        {
            "file_path": "/data/shapenet_blender/all_50_random/02958343/3586f47af775e5158aa8c3cca6f13406/r_32",
            "rotation": 0.12566370614359174,
            "transform_matrix": [
                [
                    -0.4837556481361389,
                    0.6253333687782288,
                    -0.6123223304748535,
                    -2.468350410461426
                ],
                [
                    -0.8752031326293945,
                    -0.3456438183784485,
                    0.33845213055610657,
                    1.3643442392349243
                ],
                [
                    -2.9802322387695312e-08,
                    0.6996346116065979,
                    0.7145007848739624,
                    2.8802449703216553
                ],
                [
                    0.0,
                    0.0,
                    0.0,
                    1.0
                ]
            ]
        },
        {
            "file_path": "/data/shapenet_blender/all_50_random/02958343/3586f47af775e5158aa8c3cca6f13406/r_33",
            "rotation": 0.12566370614359174,
            "transform_matrix": [
                [
                    0.8349239826202393,
                    0.15884611010551453,
                    -0.5269437432289124,
                    -2.124178409576416
                ],
                [
                    -0.5503652095794678,
                    0.2409753054380417,
                    -0.799392819404602,
                    -3.2224557399749756
                ],
                [
                    -1.4901161193847656e-08,
                    0.9574437737464905,
                    0.28861942887306213,
                    1.1634622812271118
                ],
                [
                    0.0,
                    0.0,
                    0.0,
                    1.0
                ]
            ]
        },
        {
            "file_path": "/data/shapenet_blender/all_50_random/02958343/3586f47af775e5158aa8c3cca6f13406/r_34",
            "rotation": 0.12566370614359174,
            "transform_matrix": [
                [
                    0.77499920129776,
                    -0.09307276457548141,
                    0.6250708103179932,
                    2.5197412967681885
                ],
                [
                    0.6319620609283447,
                    0.11413868516683578,
                    -0.766548216342926,
                    -3.090054988861084
                ],
                [
                    -7.450580152834618e-09,
                    0.9890952706336975,
                    0.1472758650779724,
                    0.5936880707740784
                ],
                [
                    0.0,
                    0.0,
                    0.0,
                    1.0
                ]
            ]
        },
        {
            "file_path": "/data/shapenet_blender/all_50_random/02958343/3586f47af775e5158aa8c3cca6f13406/r_35",
            "rotation": 0.12566370614359174,
            "transform_matrix": [
                [
                    -0.9962334036827087,
                    0.028759663924574852,
                    -0.0818040743470192,
                    -0.3297628164291382
                ],
                [
                    -0.0867123156785965,
                    -0.33041828870773315,
                    0.9398428201675415,
                    3.788627862930298
                ],
                [
                    0.0,
                    0.9433963894844055,
                    0.3316675126552582,
                    1.3369946479797363
                ],
                [
                    0.0,
                    0.0,
                    0.0,
                    1.0
                ]
            ]
        },
        {
            "file_path": "/data/shapenet_blender/all_50_random/02958343/3586f47af775e5158aa8c3cca6f13406/r_36",
            "rotation": 0.12566370614359174,
            "transform_matrix": [
                [
                    0.7931919693946838,
                    0.09164514392614365,
                    -0.6020362973213196,
                    -2.4268856048583984
                ],
                [
                    -0.6089716553688049,
                    0.1193687692284584,
                    -0.7841586470603943,
                    -3.161044120788574
                ],
                [
                    0.0,
                    0.9886112213134766,
                    0.15049166977405548,
                    0.606651246547699
                ],
                [
                    0.0,
                    0.0,
                    0.0,
                    1.0
                ]
            ]
        },
        {
            "file_path": "/data/shapenet_blender/all_50_random/02958343/3586f47af775e5158aa8c3cca6f13406/r_37",
            "rotation": 0.12566370614359174,
            "transform_matrix": [
                [
                    0.7034187912940979,
                    -0.2597799003124237,
                    -0.6616014838218689,
                    -2.6670007705688477
                ],
                [
                    -0.7107756733894348,
                    -0.25709104537963867,
                    -0.6547535061836243,
                    -2.6393957138061523
                ],
                [
                    -1.4901159417490817e-08,
                    0.9308161735534668,
                    -0.36548784375190735,
                    -1.4733285903930664
                ],
                [
                    0.0,
                    0.0,
                    0.0,
                    1.0
                ]
            ]
        },
        {
            "file_path": "/data/shapenet_blender/all_50_random/02958343/3586f47af775e5158aa8c3cca6f13406/r_38",
            "rotation": 0.12566370614359174,
            "transform_matrix": [
                [
                    0.5068192481994629,
                    -0.20441028475761414,
                    0.8374667763710022,
                    3.375936508178711
                ],
                [
                    0.862052321434021,
                    0.1201772391796112,
                    -0.49236491322517395,
                    -1.9847865104675293
                ],
                [
                    7.450580596923828e-09,
                    0.971480131149292,
                    0.23712053894996643,
                    0.9558634757995605
                ],
                [
                    0.0,
                    0.0,
                    0.0,
                    1.0
                ]
            ]
        },
        {
            "file_path": "/data/shapenet_blender/all_50_random/02958343/3586f47af775e5158aa8c3cca6f13406/r_39",
            "rotation": 0.12566370614359174,
            "transform_matrix": [
                [
                    0.8447216749191284,
                    -0.2751893997192383,
                    0.4590381979942322,
                    1.8504419326782227
                ],
                [
                    0.5352058410644531,
                    0.4343346953392029,
                    -0.7245054244995117,
                    -2.920574426651001
                ],
                [
                    1.4901161193847656e-08,
                    0.8576851487159729,
                    0.5141749978065491,
                    2.0727055072784424
                ],
                [
                    0.0,
                    0.0,
                    0.0,
                    1.0
                ]
            ]
        },
        {
            "file_path": "/data/shapenet_blender/all_50_random/02958343/3586f47af775e5158aa8c3cca6f13406/r_40",
            "rotation": 0.12566370614359174,
            "transform_matrix": [
                [
                    0.32765594124794006,
                    -0.03182598575949669,
                    -0.9442609548568726,
                    -3.8064374923706055
                ],
                [
                    -0.944797158241272,
                    -0.01103726215660572,
                    -0.32746997475624084,
                    -1.3200736045837402
                ],
                [
                    -9.313225746154785e-10,
                    0.999432384967804,
                    -0.033685531467199326,
                    -0.13579072058200836
                ],
                [
                    0.0,
                    0.0,
                    0.0,
                    1.0
                ]
            ]
        },
        {
            "file_path": "/data/shapenet_blender/all_50_random/02958343/3586f47af775e5158aa8c3cca6f13406/r_41",
            "rotation": 0.12566370614359174,
            "transform_matrix": [
                [
                    -0.4280932545661926,
                    0.05792016535997391,
                    0.9018765687942505,
                    3.6355807781219482
                ],
                [
                    0.903734564781189,
                    0.027436409145593643,
                    0.4272131323814392,
                    1.722151279449463
                ],
                [
