{
    "class": "02958343",
    "model": "26bc52b1307fca053e5ddfb0ef6345db",
    "remove_doubles": true,
    "edge_split": true,
    "denoise": true,
    "camera_angle_x": 0.6911112070083618,
    "scale_factor": 2.3091889451600496,
    "hdri_file": "/data/IndoorHDRDataset2018/9C4A7409-c6f74b29c2.exr",
    "center_offset": [
        0.0,
        -1.3969838619232178e-09,
        -3.725290298461914e-09
    ],
    "lights": [],
    "frames": [
        {
            "file_path": "/data/shapenet_blender/all_50_random/02958343/26bc52b1307fca053e5ddfb0ef6345db/r_0",
            "rotation": 0.12566370614359174,
            "transform_matrix": [
                [
                    0.9859095215797424,
                    0.16057516634464264,
                    -0.046883001923561096,
                    -0.18899142742156982
                ],
                [
                    -0.1672794073820114,
                    0.9463961720466614,
                    -0.2763185203075409,
                    -1.1138756275177002
                ],
                [
                    3.725290298461914e-09,
                    0.28026753664016724,
                    0.9599218964576721,
                    3.8695688247680664
                ],
                [
                    0.0,
                    0.0,
                    0.0,
                    1.0
                ]
            ]
        },
        {
            "file_path": "/data/shapenet_blender/all_50_random/02958343/26bc52b1307fca053e5ddfb0ef6345db/r_1",
            "rotation": 0.12566370614359174,
            "transform_matrix": [
                [
                    -0.05606262758374214,
                    0.03636428713798523,
                    -0.9977648258209229,
                    -4.02211856842041
                ],
                [
                    -0.9984273314476013,
                    -0.0020418886560946703,
                    0.0560254268348217,
                    0.22584572434425354
                ],
                [
                    0.0,
                    0.9993364810943604,
                    0.03642157092690468,
                    0.1468200534582138
                ],
                [
                    0.0,
                    0.0,
                    0.0,
                    1.0
                ]
            ]
        },
        {
            "file_path": "/data/shapenet_blender/all_50_random/02958343/26bc52b1307fca053e5ddfb0ef6345db/r_2",
            "rotation": 0.12566370614359174,
            "transform_matrix": [
                [
                    0.052776262164115906,
                    -0.6818679571151733,
                    0.7295688390731812,
                    2.940986156463623
                ],
                [
                    0.9986064434051514,
                    0.0360366627573967,
                    -0.03855764865875244,
                    -0.1554308533668518
                ],
                [
                    -1.862645371275562e-09,
                    0.7305870652198792,
                    0.6828195452690125,
                    2.7525336742401123
                ],
                [
                    0.0,
                    0.0,
                    0.0,
                    1.0
                ]
            ]
        },
        {
            "file_path": "/data/shapenet_blender/all_50_random/02958343/26bc52b1307fca053e5ddfb0ef6345db/r_3",
            "rotation": 0.12566370614359174,
            "transform_matrix": [
                [
                    -0.8715536594390869,
                    0.07814401388168335,
                    0.4840327799320221,
                    1.9511983394622803
                ],
                [
                    0.49030008912086487,
                    0.13890819251537323,
                    0.8604129552841187,
                    3.468435049057007
                ],
                [
                    0.0,
                    0.9872171878814697,
                    -0.1593800038099289,
                    -0.64248126745224
                ],
                [
                    0.0,
                    0.0,
                    0.0,
                    1.0
                ]
            ]
        },
        {
            "file_path": "/data/shapenet_blender/all_50_random/02958343/26bc52b1307fca053e5ddfb0ef6345db/r_4",
            "rotation": 0.12566370614359174,
            "transform_matrix": [
                [
                    0.9848077893257141,
                    0.0716281309723854,
                    0.15818721055984497,
                    0.6376730799674988
                ],
                [
                    0.17364847660064697,
                    -0.4062226414680481,
                    -0.8971228003501892,
                    -3.61641788482666
                ],
                [
                    0.0,
                    0.9109624028205872,
                    -0.41248926520347595,
                    -1.6627975702285767
                ],
                [
                    0.0,
                    0.0,
                    0.0,
                    1.0
                ]
            ]
        },
        {
            "file_path": "/data/shapenet_blender/all_50_random/02958343/26bc52b1307fca053e5ddfb0ef6345db/r_5",
            "rotation": 0.12566370614359174,
            "transform_matrix": [
                [
                    0.8071101903915405,
                    0.07103626430034637,
                    -0.5861117839813232,
                    -2.36269211769104
                ],
                [
                    -0.5904009342193604,
                    0.09711045026779175,
                    -0.8012467622756958,
                    -3.229928970336914
                ],
                [
                    0.0,
                    0.9927352666854858,
                    0.1203187108039856,
                    0.485020250082016
                ],
                [
                    0.0,
                    0.0,
                    0.0,
                    1.0
                ]
            ]
        },
        {
            "file_path": "/data/shapenet_blender/all_50_random/02958343/26bc52b1307fca053e5ddfb0ef6345db/r_6",
            "rotation": 0.12566370614359174,
            "transform_matrix": [
                [
                    -0.6247655749320984,
                    -0.442699134349823,
                    0.643183708190918,
                    2.592756748199463
                ],
                [
                    0.7808122634887695,
                    -0.35422495007514954,
                    0.5146422982215881,
                    2.074589729309082
                ],
                [
                    1.4901160305669237e-08,
                    0.8237366676330566,
                    0.5669724345207214,
                    2.285539150238037
                ],
                [
                    0.0,
                    0.0,
                    0.0,
                    1.0
                ]
            ]
        },
        {
            "file_path": "/data/shapenet_blender/all_50_random/02958343/26bc52b1307fca053e5ddfb0ef6345db/r_7",
            "rotation": 0.12566370614359174,
            "transform_matrix": [
                [
                    0.8031198978424072,
                    0.49283888936042786,
                    -0.33482566475868225,
                    -1.3497254848480225
                ],
                [
                    -0.5958174467086792,
                    0.6643120646476746,
                    -0.45132139325141907,
                    -1.8193347454071045
                ],
                [
                    0.0,
                    0.5619601011276245,
                    0.8271642923355103,
                    3.3344058990478516
                ],
                [
                    0.0,
                    0.0,
                    0.0,
                    1.0
                ]
            ]
        },
        {
            "file_path": "/data/shapenet_blender/all_50_random/02958343/26bc52b1307fca053e5ddfb0ef6345db/r_8",
            "rotation": 0.12566370614359174,
            "transform_matrix": [
                [
                    0.8246782422065735,
                    -0.21681594848632812,
                    0.5223951935768127,
                    2.105842113494873
                ],
                [
                    0.5656022429466248,
                    0.316129207611084,
                    -0.7616800665855408,
                    -3.070430278778076
                ],
                [
                    0.0,
                    0.9236087203025818,
                    0.38333651423454285,
                    1.545278787612915
                ],
                [
                    0.0,
                    0.0,
                    0.0,
                    1.0
                ]
            ]
        },
        {
            "file_path": "/data/shapenet_blender/all_50_random/02958343/26bc52b1307fca053e5ddfb0ef6345db/r_9",
            "rotation": 0.12566370614359174,
            "transform_matrix": [
                [
                    0.5568351149559021,
                    -0.479413777589798,
                    -0.6783044338226318,
                    -2.734332799911499
                ],
                [
                    -0.8306230306625366,
                    -0.3213905990123749,
                    -0.45472344756126404,
                    -1.833048939704895
                ],
                [
                    0.0,
                    0.8166213631629944,
                    -0.5771737098693848,
                    -2.3266618251800537
                ],
                [
                    0.0,
                    0.0,
                    0.0,
                    1.0
                ]
            ]
        },
        {
            "file_path": "/data/shapenet_blender/all_50_random/02958343/26bc52b1307fca053e5ddfb0ef6345db/r_10",
            "rotation": 0.12566370614359174,
            "transform_matrix": [
                [
                    0.7294371724128723,
                    -0.16254648566246033,
                    0.6644546985626221,
                    2.6785025596618652
                ],
                [
                    0.6840479373931885,
                    0.1733321100473404,
                    -0.7085438966751099,
                    -2.856231689453125
                ],
                [
                    -1.4901161193847656e-08,
                    0.9713570475578308,
                    0.23762448132038116,
                    0.9578948616981506
                ],
                [
                    0.0,
                    0.0,
                    0.0,
                    1.0
                ]
            ]
        },
        {
            "file_path": "/data/shapenet_blender/all_50_random/02958343/26bc52b1307fca053e5ddfb0ef6345db/r_11",
            "rotation": 0.12566370614359174,
            "transform_matrix": [
                [
                    -0.9998666048049927,
                    -0.015034480020403862,
                    0.006384437438100576,
                    0.0257364921271801
                ],
                [
                    0.016333909705281258,
                    -0.9203230738639832,
                    0.3908179700374603,
                    1.5754377841949463
                ],
                [
                    0.0,
                    0.39086997509002686,
                    0.9204457998275757,
                    3.7104358673095703
                ],
                [
                    0.0,
                    0.0,
                    0.0,
                    1.0
                ]
            ]
        },
        {
            "file_path": "/data/shapenet_blender/all_50_random/02958343/26bc52b1307fca053e5ddfb0ef6345db/r_12",
            "rotation": 0.12566370614359174,
            "transform_matrix": [
                [
                    -0.7091520428657532,
                    0.5357292890548706,
                    0.4583638310432434,
                    1.8477238416671753
                ],
                [
                    0.7050555348396301,
                    0.5388420224189758,
                    0.46102702617645264,
                    1.85845947265625
                ],
                [
                    -1.4901160305669237e-08,
                    0.6501102447509766,
                    -0.7598397731781006,
                    -3.0630123615264893
                ],
                [
                    0.0,
                    0.0,
                    0.0,
                    1.0
                ]
            ]
        },
        {
            "file_path": "/data/shapenet_blender/all_50_random/02958343/26bc52b1307fca053e5ddfb0ef6345db/r_13",
            "rotation": 0.12566370614359174,
            "transform_matrix": [
                [
                    -0.9907433986663818,
                    0.05550513043999672,
                    -0.12388066947460175,
                    -0.4993789792060852
                ],
                [
                    -0.13574697077274323,
                    -0.40510183572769165,
                    0.9041377902030945,
                    3.6446962356567383
                ],
                [
                    0.0,
                    0.9125851392745972,
                    0.4088866710662842,
                    1.6482750177383423
                ],
                [
                    0.0,
                    0.0,
                    0.0,
                    1.0
                ]
            ]
        },
        {
            "file_path": "/data/shapenet_blender/all_50_random/02958343/26bc52b1307fca053e5ddfb0ef6345db/r_14",
            "rotation": 0.12566370614359174,
            "transform_matrix": [
                [
                    0.6192761063575745,
                    0.15521003305912018,
                    0.7696797251701355,
                    3.1026782989501953
                ],
                [
                    0.7851731777191162,
                    -0.12241613119840622,
                    -0.607056200504303,
                    -2.4471218585968018
                ],
                [
                    0.0,
                    0.980267345905304,
                    -0.1976761519908905,
                    -0.7968580722808838
                ],
                [
                    0.0,
                    0.0,
                    0.0,
                    1.0
                ]
            ]
        },
        {
            "file_path": "/data/shapenet_blender/all_50_random/02958343/26bc52b1307fca053e5ddfb0ef6345db/r_15",
            "rotation": 0.12566370614359174,
            "transform_matrix": [
                [
                    -0.9964743256568909,
                    -0.018585819751024246,
                    -0.08181336522102356,
                    -0.32980021834373474
                ],
                [
                    -0.0838979035615921,
                    0.2207479625940323,
                    0.9717157483100891,
                    3.917111396789551
                ],
                [
                    0.0,
                    0.9751538038253784,
                    -0.22152899205684662,
                    -0.8930119276046753
                ],
                [
                    0.0,
                    0.0,
                    0.0,
                    1.0
                ]
            ]
        },
        {
            "file_path": "/data/shapenet_blender/all_50_random/02958343/26bc52b1307fca053e5ddfb0ef6345db/r_16",
            "rotation": 0.12566370614359174,
            "transform_matrix": [
                [
                    0.9091136455535889,
                    -0.09072515368461609,
                    -0.4065479338169098,
                    -1.6388472318649292
                ],
                [
                    -0.41654807329177856,
                    -0.19800710678100586,
                    -0.8872884511947632,
                    -3.5767743587493896
                ],
                [
                    0.0,
                    0.9759929180145264,
                    -0.21780234575271606,
                    -0.8779894113540649
                ],
                [
                    0.0,
                    0.0,
                    0.0,
                    1.0
                ]
            ]
        },
        {
            "file_path": "/data/shapenet_blender/all_50_random/02958343/26bc52b1307fca053e5ddfb0ef6345db/r_17",
            "rotation": 0.12566370614359174,
            "transform_matrix": [
                [
                    -0.6461657285690308,
                    -0.18931710720062256,
                    -0.7393435835838318,
                    -2.980388879776001
                ],
                [
                    -0.7631970643997192,
                    0.160286545753479,
                    0.6259700059890747,
                    2.5233654975891113
                ],
                [
                    0.0,
                    0.9687451124191284,
                    -0.24805797636508942,
                    -0.99995356798172
                ],
                [
                    0.0,
                    0.0,
                    0.0,
                    1.0
                ]
            ]
        },
        {
            "file_path": "/data/shapenet_blender/all_50_random/02958343/26bc52b1307fca053e5ddfb0ef6345db/r_18",
            "rotation": 0.12566370614359174,
            "transform_matrix": [
                [
                    0.5482789278030396,
                    0.20029054582118988,
                    0.8119568824768066,
                    3.2731029987335205
                ],
                [
                    0.8362956047058105,
                    -0.1313113123178482,
                    -0.532322347164154,
                    -2.145859956741333
                ],
                [
                    -7.450581485102248e-09,
                    0.9708969593048096,
                    -0.2394973337650299,
                    -0.9654446244239807
                ],
                [
                    0.0,
                    0.0,
                    0.0,
                    1.0
                ]
            ]
        },
        {
            "file_path": "/data/shapenet_blender/all_50_random/02958343/26bc52b1307fca053e5ddfb0ef6345db/r_19",
            "rotation": 0.12566370614359174,
            "transform_matrix": [
                [
                    0.26776280999183655,
                    -0.2130090892314911,
                    -0.9396436810493469,
                    -3.787824869155884
                ],
                [
                    -0.9634848833084106,
                    -0.05919751152396202,
                    -0.26113706827163696,
                    -1.0526771545410156
                ],
                [
                    3.725290298461914e-09,
                    0.9752552509307861,
                    -0.2210818976163864,
                    -0.8912096619606018
                ],
                [
                    0.0,
                    0.0,
                    0.0,
                    1.0
                ]
            ]
        },
        {
            "file_path": "/data/shapenet_blender/all_50_random/02958343/26bc52b1307fca053e5ddfb0ef6345db/r_20",
            "rotation": 0.12566370614359174,
            "transform_matrix": [
                [
                    0.8316968679428101,
                    0.16860489547252655,
                    -0.5290111899375916,
                    -2.132512092590332
                ],
                [
                    -0.5552300214767456,
                    0.2525586485862732,
                    -0.7924227714538574,
                    -3.1943578720092773
                ],
                [
                    -1.4901161193847656e-08,
                    0.9527782797813416,
                    0.30366677045822144,
                    1.224119782447815
                ],
                [
                    0.0,
                    0.0,
                    0.0,
                    1.0
                ]
            ]
        },
        {
            "file_path": "/data/shapenet_blender/all_50_random/02958343/26bc52b1307fca053e5ddfb0ef6345db/r_21",
            "rotation": 0.12566370614359174,
            "transform_matrix": [
                [
                    -0.6361193656921387,
                    0.25791388750076294,
                    -0.7272087931632996,
                    -2.9314723014831543
                ],
                [
                    -0.7715907096862793,
                    -0.21263089776039124,
                    0.5995297431945801,
                    2.4167816638946533
                ],
                [
                    0.0,
                    0.9424799680709839,
                    0.3342626094818115,
                    1.347455620765686
                ],
                [
                    0.0,
                    0.0,
                    0.0,
                    1.0
                ]
            ]
        },
        {
            "file_path": "/data/shapenet_blender/all_50_random/02958343/26bc52b1307fca053e5ddfb0ef6345db/r_22",
            "rotation": 0.12566370614359174,
            "transform_matrix": [
                [
                    0.4686666429042816,
                    0.03212880343198776,
                    0.8827906250953674,
                    3.558642864227295
                ],
                [
                    0.8833751082420349,
                    -0.017045646905899048,
                    -0.46835657954216003,
                    -1.8880057334899902
                ],
                [
                    9.313225746154785e-10,
                    0.9993383288383484,
                    -0.03637051582336426,
                    -0.14661423861980438
                ],
                [
                    0.0,
                    0.0,
                    0.0,
                    1.0
                ]
            ]
        },
        {
            "file_path": "/data/shapenet_blender/all_50_random/02958343/26bc52b1307fca053e5ddfb0ef6345db/r_23",
            "rotation": 0.12566370614359174,
            "transform_matrix": [
                [
                    0.9595986008644104,
                    -0.2325790822505951,
                    -0.15835827589035034,
                    -0.6383626461029053
                ],
                [
                    -0.2813722789287567,
                    -0.7931931018829346,
                    -0.5400687456130981,
                    -2.17708683013916
                ],
                [
                    0.0,
                    0.5628068447113037,
                    -0.8265883922576904,
                    -3.3320844173431396
                ],
                [
                    0.0,
                    0.0,
                    0.0,
                    1.0
                ]
            ]
        },
        {
            "file_path": "/data/shapenet_blender/all_50_random/02958343/26bc52b1307fca053e5ddfb0ef6345db/r_24",
            "rotation": 0.12566370614359174,
            "transform_matrix": [
                [
                    0.9870848059654236,
                    0.05341233313083649,
                    0.15103179216384888,
                    0.6088286638259888
                ],
                [
                    0.16019827127456665,
                    -0.3291078209877014,
                    -0.9306042790412903,
                    -3.7513861656188965
                ],
                [
                    3.725290298461914e-09,
                    0.9427804350852966,
                    -0.33341389894485474,
                    -1.3440345525741577
                ],
                [
                    0.0,
                    0.0,
                    0.0,
                    1.0
                ]
            ]
        },
        {
            "file_path": "/data/shapenet_blender/all_50_random/02958343/26bc52b1307fca053e5ddfb0ef6345db/r_25",
            "rotation": 0.12566370614359174,
            "transform_matrix": [
                [
                    0.9549510478973389,
                    -0.08850803971290588,
                    -0.2832575738430023,
                    -1.141847848892212
                ],
                [
                    -0.29676342010498047,
                    -0.28480881452560425,
                    -0.9114907383918762,
                    -3.6743366718292236
                ],
                [
                    7.450581485102248e-09,
                    0.9544894099235535,
                    -0.298244446516037,
                    -1.2022618055343628
                ],
                [
                    0.0,
                    0.0,
                    0.0,
                    1.0
                ]
            ]
        },
        {
            "file_path": "/data/shapenet_blender/all_50_random/02958343/26bc52b1307fca053e5ddfb0ef6345db/r_26",
            "rotation": 0.12566370614359174,
            "transform_matrix": [
                [
                    0.9271419048309326,
                    -0.04385584220290184,
                    0.3721351623535156,
                    1.5001248121261597
                ],
                [
                    0.37471041083335876,
                    0.1085120216012001,
                    -0.9207698702812195,
                    -3.7117421627044678
                ],
                [
                    0.0,
                    0.993127167224884,
                    0.11703930050134659,
                    0.4718005061149597
                ],
                [
                    0.0,
                    0.0,
                    0.0,
                    1.0
                ]
            ]
        },
        {
            "file_path": "/data/shapenet_blender/all_50_random/02958343/26bc52b1307fca053e5ddfb0ef6345db/r_27",
            "rotation": 0.12566370614359174,
            "transform_matrix": [
                [
                    0.9432953596115112,
                    -0.10653582215309143,
                    0.31439459323883057,
                    1.2673652172088623
                ],
                [
                    0.33195462822914124,
                    0.30273640155792236,
                    -0.8933961391448975,
                    -3.60139536857605
                ],
                [
                    0.0,
                    0.9471012353897095,
                    0.32093486189842224,
                    1.2937299013137817
                ],
                [
                    0.0,
                    0.0,
                    0.0,
                    1.0
                ]
            ]
        },
        {
            "file_path": "/data/shapenet_blender/all_50_random/02958343/26bc52b1307fca053e5ddfb0ef6345db/r_28",
            "rotation": 0.12566370614359174,
            "transform_matrix": [
                [
                    0.8752585649490356,
                    0.28276965022087097,
                    -0.3923822045326233,
                    -1.5817431211471558
                ],
                [
                    -0.48365530371665955,
                    0.5117209553718567,
                    -0.7100839614868164,
                    -2.8624396324157715
                ],
                [
                    0.0,
                    0.8112847805023193,
                    0.5846512913703918,
                    2.356804370880127
                ],
                [
                    0.0,
                    0.0,
                    0.0,
                    1.0
                ]
            ]
        },
        {
            "file_path": "/data/shapenet_blender/all_50_random/02958343/26bc52b1307fca053e5ddfb0ef6345db/r_29",
            "rotation": 0.12566370614359174,
            "transform_matrix": [
                [
                    -0.9994799494743347,
                    -0.012682938948273659,
                    0.029645731672644615,
                    0.11950578540563583
                ],
                [
                    0.032244786620140076,
                    -0.3931284248828888,
                    0.9189178943634033,
                    3.7042770385742188
                ],
                [
                    0.0,
                    0.9193959832191467,
                    0.39333292841911316,
                    1.5855759382247925
                ],
                [
                    0.0,
                    0.0,
                    0.0,
                    1.0
                ]
            ]
        },
        {
            "file_path": "/data/shapenet_blender/all_50_random/02958343/26bc52b1307fca053e5ddfb0ef6345db/r_30",
            "rotation": 0.12566370614359174,
            "transform_matrix": [
                [
                    -0.4791030287742615,
                    -0.040547337383031845,
                    0.8768216371536255,
                    3.534581184387207
                ],
                [
                    0.8777587413787842,
                    -0.022131767123937607,
                    0.47859153151512146,
                    1.9292641878128052
                ],
                [
                    0.0,
                    0.9989325404167175,
                    0.0461941696703434,
                    0.1862146556377411
                ],
                [
                    0.0,
                    0.0,
                    0.0,
                    1.0
                ]
            ]
        },
        {
            "file_path": "/data/shapenet_blender/all_50_random/02958343/26bc52b1307fca053e5ddfb0ef6345db/r_31",
            "rotation": 0.12566370614359174,
            "transform_matrix": [
                [
                    -0.17356586456298828,
                    -0.689380407333374,
                    -0.7032991051673889,
                    -2.8350894451141357
                ],
                [
                    -0.9848222732543945,
                    0.12149695307016373,
                    0.12394999712705612,
                    0.49965840578079224
                ],
                [
                    0.0,
                    0.7141380906105042,
                    -0.7000048160552979,
                    -2.821809768676758
                ],
                [
                    0.0,
                    0.0,
                    0.0,
                    1.0
                ]
            ]
        },
        {
            "file_path": "/data/shapenet_blender/all_50_random/02958343/26bc52b1307fca053e5ddfb0ef6345db/r_32",
            "rotation": 0.12566370614359174,
            "transform_matrix": [
                [
                    0.7166702151298523,
                    0.5234081149101257,
                    -0.4608989953994751,
                    -1.8579432964324951
                ],
                [
                    -0.6974123120307922,
                    0.5378611087799072,
                    -0.47362592816352844,
                    -1.9092471599578857
                ],
                [
                    0.0,
                    0.6608700752258301,
                    0.7505002617835999,
                    3.0253632068634033
                ],
                [
                    0.0,
                    0.0,
                    0.0,
                    1.0
                ]
            ]
        },
        {
            "file_path": "/data/shapenet_blender/all_50_random/02958343/26bc52b1307fca053e5ddfb0ef6345db/r_33",
            "rotation": 0.12566370614359174,
            "transform_matrix": [
                [
                    0.4083227217197418,
                    0.02798348478972912,
                    -0.9124086499214172,
                    -3.67803692817688
                ],
                [
                    -0.9128377437591553,
                    0.012517331168055534,
                    -0.4081307649612427,
                    -1.6452277898788452
                ],
                [
                    9.31322685637781e-10,
                    0.9995298981666565,
                    0.03065549209713936,
                    0.12357623875141144
                ],
                [
                    0.0,
                    0.0,
                    0.0,
                    1.0
                ]
            ]
        },
        {
            "file_path": "/data/shapenet_blender/all_50_random/02958343/26bc52b1307fca053e5ddfb0ef6345db/r_34",
            "rotation": 0.12566370614359174,
            "transform_matrix": [
                [
                    0.9990782737731934,
                    0.0191695187240839,
                    0.03840837627649307,
                    0.15482911467552185
                ],
                [
                    0.042926378548145294,
                    -0.44615572690963745,
                    -0.8939252495765686,
                    -3.6035280227661133
                ],
                [
                    0.0,
                    0.8947500586509705,
                    -0.4465673267841339,
                    -1.8001704216003418
                ],
                [
                    0.0,
                    0.0,
                    0.0,
                    1.0
                ]
            ]
        },
        {
            "file_path": "/data/shapenet_blender/all_50_random/02958343/26bc52b1307fca053e5ddfb0ef6345db/r_35",
            "rotation": 0.12566370614359174,
            "transform_matrix": [
                [
                    -0.4472431540489197,
                    -0.056861668825149536,
                    -0.8926030993461609,
                    -3.598198175430298
                ],
                [
                    -0.8944123983383179,
                    0.02843318320810795,
                    0.4463384449481964,
                    1.7992478609085083
                ],
                [
                    0.0,
                    0.9979770183563232,
                    -0.06357433646917343,
                    -0.25627633929252625
                ],
                [
                    0.0,
                    0.0,
                    0.0,
                    1.0
                ]
            ]
        },
        {
            "file_path": "/data/shapenet_blender/all_50_random/02958343/26bc52b1307fca053e5ddfb0ef6345db/r_36",
            "rotation": 0.12566370614359174,
            "transform_matrix": [
                [
                    -0.9551724791526794,
                    0.008902535773813725,
                    -0.2959159314632416,
                    -1.1928753852844238
                ],
                [
                    -0.2960498332977295,
                    -0.028723059222102165,
                    0.9547404646873474,
                    3.848682165145874
                ],
                [
                    0.0,
                    0.9995476603507996,
                    0.030071072280406952,
                    0.12122038006782532
                ],
                [
                    0.0,
                    0.0,
                    0.0,
                    1.0
                ]
            ]
        },
        {
            "file_path": "/data/shapenet_blender/all_50_random/02958343/26bc52b1307fca053e5ddfb0ef6345db/r_37",
            "rotation": 0.12566370614359174,
            "transform_matrix": [
                [
                    -0.9853228330612183,
                    0.12129344046115875,
                    -0.12011207640171051,
                    -0.4841873049736023
                ],
                [
                    -0.1707015484571457,
                    -0.7001295685768127,
                    0.6933104991912842,
                    2.7948243618011475
                ],
                [
                    7.450581485102248e-09,
                    0.7036380171775818,
                    0.7105585336685181,
                    2.8643534183502197
                ],
                [
                    0.0,
                    0.0,
                    0.0,
                    1.0
                ]
            ]
        },
        {
            "file_path": "/data/shapenet_blender/all_50_random/02958343/26bc52b1307fca053e5ddfb0ef6345db/r_38",
            "rotation": 0.12566370614359174,
            "transform_matrix": [
                [
                    0.4488949775695801,
                    0.012811432592570782,
                    0.8934926390647888,
                    3.6017842292785645
                ],
                [
                    0.8935845494270325,
                    -0.006435863673686981,
                    -0.4488488435745239,
                    -1.8093676567077637
                ],
                [
                    0.0,
                    0.999897301197052,
                    -0.014337122440338135,
                    -0.05779479444026947
                ],
                [
                    0.0,
                    0.0,
                    0.0,
                    1.0
                ]
            ]
        },
        {
            "file_path": "/data/shapenet_blender/all_50_random/02958343/26bc52b1307fca053e5ddfb0ef6345db/r_39",
            "rotation": 0.12566370614359174,
            "transform_matrix": [
                [
                    -0.9949490427970886,
                    -0.034064214676618576,
                    0.09442532062530518,
                    0.3806406557559967
                ],
                [
                    0.10038182884454727,
                    -0.3376323878765106,
                    0.9359102249145508,
                    3.7727746963500977
                ],
                [
                    0.0,
                    0.9406614899635315,
                    0.33934640884399414,
                    1.36794912815094
                ],
                [
                    0.0,
                    0.0,
                    0.0,
                    1.0
                ]
            ]
        },
        {
            "file_path": "/data/shapenet_blender/all_50_random/02958343/26bc52b1307fca053e5ddfb0ef6345db/r_40",
            "rotation": 0.12566370614359174,
            "transform_matrix": [
                [
                    -0.12762437760829926,
                    0.1774352639913559,
                    -0.9758221507072449,
                    -3.9336647987365723
                ],
                [
                    -0.9918226003646851,
                    -0.022831769660115242,
                    0.12556549906730652,
                    0.5061706900596619
                ],
                [
                    0.0,
                    0.9838675260543823,
                    0.17889820039272308,
                    0.7211617231369019
                ],
                [
                    0.0,
                    0.0,
                    0.0,
                    1.0
                ]
            ]
        },
        {
            "file_path": "/data/shapenet_blender/all_50_random/02958343/26bc52b1307fca053e5ddfb0ef6345db/r_41",
            "rotation": 0.12566370614359174,
            "transform_matrix": [
                [
                    -0.8686069846153259,
                    -0.029982812702655792,
                    -0.4945937395095825,
                    -1.9937710762023926
                ],
                [
                    -0.49550166726112366,
                    0.052559416741132736,
                    0.8670153617858887,
                    3.4950504302978516
                ],
                [
                    0.0,
                    0.9981675744056702,
                    -0.06051001697778702,
