{
    "class": "02958343",
    "model": "ccca16b8302bc8bd13ded1857c15b5b6",
    "remove_doubles": true,
    "edge_split": true,
    "denoise": true,
    "camera_angle_x": 0.6911112070083618,
    "scale_factor": 2.3042032386294693,
    "hdri_file": "/data/IndoorHDRDataset2018/9C4A7073-8154a8a234.exr",
    "center_offset": [
        0.0,
        0.0,
        -3.725290298461914e-09
    ],
    "lights": [],
    "frames": [
        {
            "file_path": "/data/shapenet_blender/all_50_random/02958343/ccca16b8302bc8bd13ded1857c15b5b6/r_0",
            "rotation": 0.12566370614359174,
            "transform_matrix": [
                [
                    0.9413647055625916,
                    0.21672210097312927,
                    -0.2585808038711548,
                    -1.042372703552246
                ],
                [
                    -0.3373907506465912,
                    0.6046832799911499,
                    -0.7214745879173279,
                    -2.9083573818206787
                ],
                [
                    0.0,
                    0.7664135694503784,
                    0.6423473954200745,
                    2.589385509490967
                ],
                [
                    0.0,
                    0.0,
                    0.0,
                    1.0
                ]
            ]
        },
        {
            "file_path": "/data/shapenet_blender/all_50_random/02958343/ccca16b8302bc8bd13ded1857c15b5b6/r_1",
            "rotation": 0.12566370614359174,
            "transform_matrix": [
                [
                    -0.28731703758239746,
                    -0.8433368802070618,
                    -0.45412760972976685,
                    -1.8306471109390259
                ],
                [
                    -0.9578355550765991,
                    0.25297144055366516,
                    0.13622233271598816,
                    0.549129843711853
                ],
                [
                    -7.450580596923828e-09,
                    0.47411856055259705,
                    -0.8804609179496765,
                    -3.5492517948150635
                ],
                [
                    0.0,
                    0.0,
                    0.0,
                    1.0
                ]
            ]
        },
        {
            "file_path": "/data/shapenet_blender/all_50_random/02958343/ccca16b8302bc8bd13ded1857c15b5b6/r_2",
            "rotation": 0.12566370614359174,
            "transform_matrix": [
                [
                    -0.10041786730289459,
                    -0.1226208284497261,
                    0.9873602390289307,
                    3.9801766872406006
                ],
                [
                    0.9949454069137573,
                    -0.012375878170132637,
                    0.09965231269598007,
                    0.4017113447189331
                ],
                [
                    9.313225746154785e-10,
                    0.9923763871192932,
                    0.1232437789440155,
                    0.4968115985393524
                ],
                [
                    0.0,
                    0.0,
                    0.0,
                    1.0
                ]
            ]
        },
        {
            "file_path": "/data/shapenet_blender/all_50_random/02958343/ccca16b8302bc8bd13ded1857c15b5b6/r_3",
            "rotation": 0.12566370614359174,
            "transform_matrix": [
                [
                    -0.7844835519790649,
                    0.5975149273872375,
                    -0.16601641476154327,
                    -0.6692335605621338
                ],
                [
                    -0.6201496124267578,
                    -0.7558509111404419,
                    0.21000923216342926,
                    0.8465743064880371
                ],
                [
                    -1.4901161193847656e-08,
                    0.2677038908004761,
                    0.9635012149810791,
                    3.883997678756714
                ],
                [
                    0.0,
                    0.0,
                    0.0,
                    1.0
                ]
            ]
        },
        {
            "file_path": "/data/shapenet_blender/all_50_random/02958343/ccca16b8302bc8bd13ded1857c15b5b6/r_4",
            "rotation": 0.12566370614359174,
            "transform_matrix": [
                [
                    0.6412496566772461,
                    -0.043965790420770645,
                    0.7660716772079468,
                    3.0881338119506836
                ],
                [
                    0.7673323154449463,
                    0.03674164041876793,
                    -0.6401962041854858,
                    -2.5807135105133057
                ],
                [
                    1.862645149230957e-09,
                    0.9983571767807007,
                    0.057296935468912125,
                    0.2309713363647461
                ],
                [
                    0.0,
                    0.0,
                    0.0,
                    1.0
                ]
            ]
        },
        {
            "file_path": "/data/shapenet_blender/all_50_random/02958343/ccca16b8302bc8bd13ded1857c15b5b6/r_5",
            "rotation": 0.12566370614359174,
            "transform_matrix": [
                [
                    -0.7745069861412048,
                    -0.25868743658065796,
                    -0.5772520303726196,
                    -2.326977252960205
                ],
                [
                    -0.6325654983520508,
                    0.31673431396484375,
                    0.7067816257476807,
                    2.849127769470215
                ],
                [
                    -1.4901162970204496e-08,
                    0.9125568866729736,
                    -0.40894973278045654,
                    -1.648529052734375
                ],
                [
                    0.0,
                    0.0,
                    0.0,
                    1.0
                ]
            ]
        },
        {
            "file_path": "/data/shapenet_blender/all_50_random/02958343/ccca16b8302bc8bd13ded1857c15b5b6/r_6",
            "rotation": 0.12566370614359174,
            "transform_matrix": [
                [
                    -0.8108054399490356,
                    -0.33212846517562866,
                    0.48195964097976685,
                    1.9428414106369019
                ],
                [
                    0.5853156447410583,
                    -0.4600791931152344,
                    0.6676320433616638,
                    2.6913108825683594
                ],
                [
                    0.0,
                    0.8234182596206665,
                    0.5674347877502441,
                    2.287402868270874
                ],
                [
                    0.0,
                    0.0,
                    0.0,
                    1.0
                ]
            ]
        },
        {
            "file_path": "/data/shapenet_blender/all_50_random/02958343/ccca16b8302bc8bd13ded1857c15b5b6/r_7",
            "rotation": 0.12566370614359174,
            "transform_matrix": [
                [
                    0.7935142517089844,
                    0.32272934913635254,
                    0.5159274339675903,
                    2.079770088195801
                ],
                [
                    0.6085518598556519,
                    -0.4208192229270935,
                    -0.6727375984191895,
                    -2.7118918895721436
                ],
                [
                    1.4901162970204496e-08,
                    0.8477951884269714,
                    -0.5303235650062561,
                    -2.1378026008605957
                ],
                [
                    0.0,
                    0.0,
                    0.0,
                    1.0
                ]
            ]
        },
        {
            "file_path": "/data/shapenet_blender/all_50_random/02958343/ccca16b8302bc8bd13ded1857c15b5b6/r_8",
            "rotation": 0.12566370614359174,
            "transform_matrix": [
                [
                    0.24476520717144012,
                    0.8872027397155762,
                    0.3911023736000061,
                    1.5765842199325562
                ],
                [
                    0.9695823192596436,
                    -0.2239689975976944,
                    -0.09873144328594208,
                    -0.39799919724464417
                ],
                [
                    0.0,
                    0.4033719599246979,
                    -0.9150359630584717,
                    -3.6886281967163086
                ],
                [
                    0.0,
                    0.0,
                    0.0,
                    1.0
                ]
            ]
        },
        {
            "file_path": "/data/shapenet_blender/all_50_random/02958343/ccca16b8302bc8bd13ded1857c15b5b6/r_9",
            "rotation": 0.12566370614359174,
            "transform_matrix": [
                [
                    -0.7526875734329224,
                    0.14715230464935303,
                    0.6417224407196045,
                    2.5868656635284424
                ],
                [
                    0.6583778858184814,
                    0.16823121905326843,
                    0.7336462736129761,
                    2.9574222564697266
                ],
                [
                    -7.450580596923828e-09,
                    0.9747021794319153,
                    -0.22350740432739258,
                    -0.9009870290756226
                ],
                [
                    0.0,
                    0.0,
                    0.0,
                    1.0
                ]
            ]
        },
        {
            "file_path": "/data/shapenet_blender/all_50_random/02958343/ccca16b8302bc8bd13ded1857c15b5b6/r_10",
            "rotation": 0.12566370614359174,
            "transform_matrix": [
                [
                    -0.934952974319458,
                    -0.0036394321359694004,
                    -0.3547530472278595,
                    -1.4300552606582642
                ],
                [
                    -0.3547717332839966,
                    0.009591232053935528,
                    0.9349037408828735,
                    3.7687175273895264
                ],
                [
                    0.0,
                    0.9999474287033081,
                    -0.010258517228066921,
                    -0.04135340452194214
                ],
                [
                    0.0,
                    0.0,
                    0.0,
                    1.0
                ]
            ]
        },
        {
            "file_path": "/data/shapenet_blender/all_50_random/02958343/ccca16b8302bc8bd13ded1857c15b5b6/r_11",
            "rotation": 0.12566370614359174,
            "transform_matrix": [
                [
                    -0.6333650350570679,
                    0.6009549498558044,
                    -0.4875468611717224,
                    -1.9653642177581787
                ],
                [
                    -0.7738532423973083,
                    -0.49185532331466675,
                    0.3990357518196106,
                    1.6085646152496338
                ],
                [
                    0.0,
                    0.6300249099731445,
                    0.7765748500823975,
                    3.1304733753204346
                ],
                [
                    0.0,
                    0.0,
                    0.0,
                    1.0
                ]
            ]
        },
        {
            "file_path": "/data/shapenet_blender/all_50_random/02958343/ccca16b8302bc8bd13ded1857c15b5b6/r_12",
            "rotation": 0.12566370614359174,
            "transform_matrix": [
                [
                    -0.5715597867965698,
                    -0.416570246219635,
                    -0.7069573402404785,
                    -2.8498361110687256
                ],
                [
                    -0.8205604553222656,
                    0.2901611924171448,
                    0.4924297630786896,
                    1.9850478172302246
                ],
                [
                    0.0,
                    0.8615542650222778,
                    -0.5076655149459839,
                    -2.0464651584625244
                ],
                [
                    0.0,
                    0.0,
                    0.0,
                    1.0
                ]
            ]
        },
        {
            "file_path": "/data/shapenet_blender/all_50_random/02958343/ccca16b8302bc8bd13ded1857c15b5b6/r_13",
            "rotation": 0.12566370614359174,
            "transform_matrix": [
                [
                    0.6921277046203613,
                    -0.27267706394195557,
                    0.668286144733429,
                    2.6939475536346436
                ],
                [
                    0.7217749953269958,
                    0.2614767253398895,
                    -0.6408360004425049,
                    -2.5832924842834473
                ],
                [
                    1.4901161193847656e-08,
                    0.9258925914764404,
                    0.377786785364151,
                    1.5229072570800781
                ],
                [
                    0.0,
                    0.0,
                    0.0,
                    1.0
                ]
            ]
        },
        {
            "file_path": "/data/shapenet_blender/all_50_random/02958343/ccca16b8302bc8bd13ded1857c15b5b6/r_14",
            "rotation": 0.12566370614359174,
            "transform_matrix": [
                [
                    -0.835968017578125,
                    -0.07967888563871384,
                    -0.5429630279541016,
                    -2.188754081726074
                ],
                [
                    -0.5487782955169678,
                    0.1213768869638443,
                    0.8271094560623169,
                    3.3341848850250244
                ],
                [
                    7.450580596923828e-09,
                    0.9894033670425415,
                    -0.1451932191848755,
                    -0.5852925777435303
                ],
                [
                    0.0,
                    0.0,
                    0.0,
                    1.0
                ]
            ]
        },
        {
            "file_path": "/data/shapenet_blender/all_50_random/02958343/ccca16b8302bc8bd13ded1857c15b5b6/r_15",
            "rotation": 0.12566370614359174,
            "transform_matrix": [
                [
                    0.6833112239837646,
                    -0.04286620765924454,
                    -0.7288677096366882,
                    -2.938159942626953
                ],
                [
                    -0.7301271557807922,
                    -0.040117617696523666,
                    -0.6821325421333313,
                    -2.7497644424438477
                ],
                [
                    -1.8626450382086546e-09,
                    0.9982750415802002,
                    -0.058710597455501556,
                    -0.23667000234127045
                ],
                [
                    0.0,
                    0.0,
                    0.0,
                    1.0
                ]
            ]
        },
        {
            "file_path": "/data/shapenet_blender/all_50_random/02958343/ccca16b8302bc8bd13ded1857c15b5b6/r_16",
            "rotation": 0.12566370614359174,
            "transform_matrix": [
                [
                    -0.5019248723983765,
                    0.208875373005867,
                    -0.8393107652664185,
                    -3.3833694458007812
                ],
                [
                    -0.8649110794067383,
                    -0.12121447175741196,
                    0.4870685040950775,
                    1.9634356498718262
                ],
                [
                    0.0,
                    0.9704009890556335,
                    0.24149923026561737,
                    0.9735144376754761
                ],
                [
                    0.0,
                    0.0,
                    0.0,
                    1.0
                ]
            ]
        },
        {
            "file_path": "/data/shapenet_blender/all_50_random/02958343/ccca16b8302bc8bd13ded1857c15b5b6/r_17",
            "rotation": 0.12566370614359174,
            "transform_matrix": [
                [
                    -0.9946147799491882,
                    -0.08410736173391342,
                    -0.060557570308446884,
                    -0.24411536753177643
                ],
                [
                    -0.10364007204771042,
                    0.8071629405021667,
                    0.5811598896980286,
                    2.3427305221557617
                ],
                [
                    3.725290076417309e-09,
                    0.5843064785003662,
                    -0.8115330338478088,
                    -3.2713942527770996
                ],
                [
                    0.0,
                    0.0,
                    0.0,
                    1.0
                ]
            ]
        },
        {
            "file_path": "/data/shapenet_blender/all_50_random/02958343/ccca16b8302bc8bd13ded1857c15b5b6/r_18",
            "rotation": 0.12566370614359174,
            "transform_matrix": [
                [
                    -0.9784011244773865,
                    0.043565746396780014,
                    0.20207248628139496,
                    0.8145803213119507
                ],
                [
                    0.2067154347896576,
                    0.2062002569437027,
                    0.956425666809082,
                    3.855475425720215
                ],
                [
                    0.0,
                    0.9775395393371582,
                    -0.21075224876403809,
                    -0.84956955909729
                ],
                [
                    0.0,
                    0.0,
                    0.0,
                    1.0
                ]
            ]
        },
        {
            "file_path": "/data/shapenet_blender/all_50_random/02958343/ccca16b8302bc8bd13ded1857c15b5b6/r_19",
            "rotation": 0.12566370614359174,
            "transform_matrix": [
                [
                    -0.8318693041801453,
                    0.18011070787906647,
                    0.5249320268630981,
                    2.1160688400268555
                ],
                [
                    0.5549716949462891,
                    0.2699751555919647,
                    0.7868416905403137,
                    3.171860456466675
                ],
                [
                    0.0,
                    0.9458717703819275,
                    -0.324540376663208,
                    -1.3082642555236816
                ],
                [
                    0.0,
                    0.0,
                    0.0,
                    1.0
                ]
            ]
        },
        {
            "file_path": "/data/shapenet_blender/all_50_random/02958343/ccca16b8302bc8bd13ded1857c15b5b6/r_20",
            "rotation": 0.12566370614359174,
            "transform_matrix": [
                [
                    -0.9850270748138428,
                    0.12324339151382446,
                    -0.12055183202028275,
                    -0.4859599769115448
                ],
                [
                    -0.17239974439144135,
                    -0.7041662335395813,
                    0.6887876391410828,
                    2.7765917778015137
                ],
                [
                    -7.4505797087454084e-09,
                    0.6992575526237488,
                    0.7148698568344116,
                    2.88173246383667
                ],
                [
                    0.0,
                    0.0,
                    0.0,
                    1.0
                ]
            ]
        },
        {
            "file_path": "/data/shapenet_blender/all_50_random/02958343/ccca16b8302bc8bd13ded1857c15b5b6/r_21",
            "rotation": 0.12566370614359174,
            "transform_matrix": [
                [
                    -0.8419893383979797,
                    0.2121053785085678,
                    -0.496049702167511,
                    -1.9996403455734253
                ],
                [
                    -0.5394942164421082,
                    -0.3310331106185913,
                    0.7741853594779968,
                    3.1208410263061523
                ],
                [
                    0.0,
                    0.9194716811180115,
                    0.3931560516357422,
                    1.5848627090454102
                ],
                [
                    0.0,
                    0.0,
                    0.0,
                    1.0
                ]
            ]
        },
        {
            "file_path": "/data/shapenet_blender/all_50_random/02958343/ccca16b8302bc8bd13ded1857c15b5b6/r_22",
            "rotation": 0.12566370614359174,
            "transform_matrix": [
                [
                    0.7052786946296692,
                    0.009504836983978748,
                    -0.7088664770126343,
                    -2.857531785964966
                ],
                [
                    -0.7089300751686096,
                    0.009455882012844086,
                    -0.7052153944969177,
                    -2.842813730239868
                ],
                [
                    4.656611762854368e-10,
                    0.9999101161956787,
                    0.013407298363745213,
                    0.05404654145240784
                ],
                [
                    0.0,
                    0.0,
                    0.0,
                    1.0
                ]
            ]
        },
        {
            "file_path": "/data/shapenet_blender/all_50_random/02958343/ccca16b8302bc8bd13ded1857c15b5b6/r_23",
            "rotation": 0.12566370614359174,
            "transform_matrix": [
                [
                    -0.2771310806274414,
                    0.021354099735617638,
                    0.9605947732925415,
                    3.872281312942505
                ],
                [
                    0.9608320593833923,
                    0.0061591253615915775,
                    0.27706265449523926,
                    1.1168752908706665
                ],
                [
                    -4.656612040410124e-10,
                    0.9997529983520508,
                    -0.02222459204494953,
                    -0.08959019184112549
                ],
                [
                    0.0,
                    0.0,
                    0.0,
                    1.0
                ]
            ]
        },
        {
            "file_path": "/data/shapenet_blender/all_50_random/02958343/ccca16b8302bc8bd13ded1857c15b5b6/r_24",
            "rotation": 0.12566370614359174,
            "transform_matrix": [
                [
                    -0.44153326749801636,
                    -0.19445417821407318,
                    -0.8759200572967529,
                    -3.530946731567383
                ],
                [
                    -0.8972448706626892,
                    0.09569069743156433,
                    0.43103936314582825,
                    1.7375752925872803
                ],
                [
                    -7.450580596923828e-09,
                    0.9762330055236816,
                    -0.21672363579273224,
                    -0.8736408948898315
                ],
                [
                    0.0,
                    0.0,
                    0.0,
                    1.0
                ]
            ]
        },
        {
            "file_path": "/data/shapenet_blender/all_50_random/02958343/ccca16b8302bc8bd13ded1857c15b5b6/r_25",
            "rotation": 0.12566370614359174,
            "transform_matrix": [
                [
                    -0.7075450420379639,
                    0.5158663392066956,
                    -0.4829719662666321,
                    -1.9469223022460938
                ],
                [
                    -0.7066683173179626,
                    -0.5165063738822937,
                    0.48357120156288147,
                    1.9493378400802612
                ],
                [
                    0.0,
                    0.683449387550354,
                    0.7299978733062744,
                    2.942715644836426
                ],
                [
                    0.0,
                    0.0,
                    0.0,
                    1.0
                ]
            ]
        },
        {
            "file_path": "/data/shapenet_blender/all_50_random/02958343/ccca16b8302bc8bd13ded1857c15b5b6/r_26",
            "rotation": 0.12566370614359174,
            "transform_matrix": [
                [
                    -0.25605663657188416,
                    0.14471779763698578,
                    0.9557676315307617,
                    3.8528223037719727
                ],
                [
                    0.9666617512702942,
                    0.038333941251039505,
                    0.253170907497406,
                    1.0205645561218262
                ],
                [
                    0.0,
                    0.9887300729751587,
                    -0.1497088521718979,
                    -0.6034956574440002
                ],
                [
                    0.0,
                    0.0,
                    0.0,
                    1.0
                ]
            ]
        },
        {
            "file_path": "/data/shapenet_blender/all_50_random/02958343/ccca16b8302bc8bd13ded1857c15b5b6/r_27",
            "rotation": 0.12566370614359174,
            "transform_matrix": [
                [
                    -0.5036413669586182,
                    -0.8456884026527405,
                    0.1765114963054657,
                    0.7115405797958374
                ],
                [
                    0.8639128804206848,
                    -0.49301692843437195,
                    0.10290214419364929,
                    0.4148118197917938
                ],
                [
                    7.450581485102248e-09,
                    0.20431643724441528,
                    0.9789049029350281,
                    3.946091890335083
                ],
                [
                    0.0,
                    0.0,
                    0.0,
                    1.0
                ]
            ]
        },
        {
            "file_path": "/data/shapenet_blender/all_50_random/02958343/ccca16b8302bc8bd13ded1857c15b5b6/r_28",
            "rotation": 0.12566370614359174,
            "transform_matrix": [
                [
                    -0.9858278632164001,
                    0.09343766421079636,
                    -0.13933001458644867,
                    -0.5616573095321655
                ],
                [
                    -0.16776011884212494,
                    -0.5490783452987671,
                    0.8187608122825623,
                    3.3005306720733643
                ],
                [
                    0.0,
                    0.8305312395095825,
                    0.5569718480110168,
                    2.245225667953491
                ],
                [
                    0.0,
                    0.0,
                    0.0,
                    1.0
                ]
            ]
        },
        {
            "file_path": "/data/shapenet_blender/all_50_random/02958343/ccca16b8302bc8bd13ded1857c15b5b6/r_29",
            "rotation": 0.12566370614359174,
            "transform_matrix": [
                [
                    0.8357731103897095,
                    -0.37504124641418457,
                    -0.40103280544281006,
                    -1.6166150569915771
                ],
                [
                    -0.5490749478340149,
                    -0.5708681344985962,
                    -0.6104311347007751,
                    -2.460726737976074
                ],
                [
                    0.0,
                    0.730379045009613,
                    -0.6830419301986694,
                    -2.7534303665161133
                ],
                [
                    0.0,
                    0.0,
                    0.0,
                    1.0
                ]
            ]
        },
        {
            "file_path": "/data/shapenet_blender/all_50_random/02958343/ccca16b8302bc8bd13ded1857c15b5b6/r_30",
            "rotation": 0.12566370614359174,
            "transform_matrix": [
                [
                    -0.4323102533817291,
                    0.21342481672763824,
                    0.8761036992073059,
                    3.531687021255493
                ],
                [
                    0.9017249345779419,
                    0.10232137888669968,
                    0.4200267493724823,
                    1.6931819915771484
                ],
                [
                    0.0,
                    0.9715863466262817,
                    -0.23668508231639862,
                    -0.9541080594062805
                ],
                [
                    0.0,
                    0.0,
                    0.0,
                    1.0
                ]
            ]
        },
        {
            "file_path": "/data/shapenet_blender/all_50_random/02958343/ccca16b8302bc8bd13ded1857c15b5b6/r_31",
            "rotation": 0.12566370614359174,
            "transform_matrix": [
                [
                    -0.614896833896637,
                    0.32471391558647156,
                    -0.7186533808708191,
                    -2.896984577178955
                ],
                [
                    -0.7886074185371399,
                    -0.25318750739097595,
                    0.5603518486022949,
                    2.2588508129119873
                ],
                [
                    -1.4901158529312397e-08,
                    0.911294162273407,
                    0.4117560088634491,
                    1.6598416566848755
                ],
                [
                    0.0,
                    0.0,
                    0.0,
                    1.0
                ]
            ]
        },
        {
            "file_path": "/data/shapenet_blender/all_50_random/02958343/ccca16b8302bc8bd13ded1857c15b5b6/r_32",
            "rotation": 0.12566370614359174,
            "transform_matrix": [
                [
                    0.9880165457725525,
                    0.07545746117830276,
                    -0.13464601337909698,
                    -0.5427754521369934
                ],
                [
                    -0.1543482393026352,
                    0.48301956057548523,
                    -0.8618983626365662,
                    -3.474423408508301
                ],
                [
                    0.0,
                    0.8723521828651428,
                    0.4888780117034912,
                    1.9707303047180176
                ],
                [
                    0.0,
                    0.0,
                    0.0,
                    1.0
                ]
            ]
        },
        {
            "file_path": "/data/shapenet_blender/all_50_random/02958343/ccca16b8302bc8bd13ded1857c15b5b6/r_33",
            "rotation": 0.12566370614359174,
            "transform_matrix": [
                [
                    0.9695560932159424,
                    -0.15448497235774994,
                    -0.18998774886131287,
                    -0.7658650875091553
                ],
                [
                    -0.24486926198005676,
                    -0.6116809248924255,
                    -0.7522536516189575,
                    -3.0324313640594482
                ],
                [
                    0.0,
                    0.7758742570877075,
                    -0.6308875679969788,
                    -2.54318904876709
                ],
                [
                    0.0,
                    0.0,
                    0.0,
                    1.0
                ]
            ]
        },
        {
            "file_path": "/data/shapenet_blender/all_50_random/02958343/ccca16b8302bc8bd13ded1857c15b5b6/r_34",
            "rotation": 0.12566370614359174,
            "transform_matrix": [
                [
                    0.8969022035598755,
                    -0.15555056929588318,
                    -0.41396933794021606,
                    -1.6687636375427246
                ],
                [
                    -0.44222909212112427,
                    -0.3154781758785248,
                    -0.8395874500274658,
                    -3.3844847679138184
                ],
                [
                    1.4901159417490817e-08,
                    0.9360970258712769,
                    -0.35174208879470825,
                    -1.4179174900054932
                ],
                [
                    0.0,
                    0.0,
                    0.0,
                    1.0
                ]
            ]
        },
        {
            "file_path": "/data/shapenet_blender/all_50_random/02958343/ccca16b8302bc8bd13ded1857c15b5b6/r_35",
            "rotation": 0.12566370614359174,
            "transform_matrix": [
                [
                    0.9610002636909485,
                    -0.14230512082576752,
                    0.23712393641471863,
                    0.9558771848678589
                ],
                [
                    0.27654746174812317,
                    0.49450916051864624,
                    -0.8240037560462952,
                    -3.3216652870178223
                ],
                [
                    0.0,
                    0.8574438095092773,
                    0.5145775675773621,
                    2.0743284225463867
                ],
                [
                    0.0,
                    0.0,
                    0.0,
                    1.0
                ]
            ]
        },
        {
            "file_path": "/data/shapenet_blender/all_50_random/02958343/ccca16b8302bc8bd13ded1857c15b5b6/r_36",
            "rotation": 0.12566370614359174,
            "transform_matrix": [
                [
                    -0.10129594057798386,
                    0.01741667650640011,
                    0.9947037696838379,
                    4.009779453277588
                ],
                [
                    0.9948563575744629,
                    0.0017733604181557894,
                    0.10128040611743927,
                    0.40827441215515137
                ],
                [
                    -1.1641532182693481e-10,
                    0.9998466968536377,
                    -0.01750672422349453,
                    -0.07057186961174011
                ],
                [
                    0.0,
                    0.0,
                    0.0,
                    1.0
                ]
            ]
        },
        {
            "file_path": "/data/shapenet_blender/all_50_random/02958343/ccca16b8302bc8bd13ded1857c15b5b6/r_37",
            "rotation": 0.12566370614359174,
            "transform_matrix": [
                [
                    0.24488039314746857,
                    0.9343196749687195,
                    -0.2589985728263855,
                    -1.0440566539764404
                ],
                [
                    -0.9695532917976379,
                    0.23598141968250275,
                    -0.06541535258293152,
                    -0.26369771361351013
                ],
                [
                    0.0,
                    0.2671316862106323,
                    0.963659942150116,
                    3.8846375942230225
                ],
                [
                    0.0,
                    0.0,
                    0.0,
                    1.0
                ]
            ]
        },
        {
            "file_path": "/data/shapenet_blender/all_50_random/02958343/ccca16b8302bc8bd13ded1857c15b5b6/r_38",
            "rotation": 0.12566370614359174,
            "transform_matrix": [
                [
                    -0.020193148404359818,
                    -0.824630081653595,
                    -0.5653117299079895,
                    -2.2788448333740234
                ],
                [
                    -0.9997961521148682,
                    0.016655273735523224,
                    0.0114177530631423,
                    0.04602643847465515
                ],
                [
                    -9.31322685637781e-10,
                    0.5654270648956299,
                    -0.8247981667518616,
                    -3.3248679637908936
                ],
                [
                    0.0,
                    0.0,
                    0.0,
                    1.0
                ]
            ]
        },
        {
            "file_path": "/data/shapenet_blender/all_50_random/02958343/ccca16b8302bc8bd13ded1857c15b5b6/r_39",
            "rotation": 0.12566370614359174,
            "transform_matrix": [
                [
                    -0.5106285214424133,
                    0.3193022906780243,
                    -0.7983134984970093,
                    -3.218104839324951
                ],
                [
                    -0.8598014712333679,
                    -0.18963085114955902,
                    0.4741114377975464,
                    1.91120445728302
                ],
                [
                    0.0,
                    0.9284859299659729,
                    0.3713674545288086,
                    1.497030258178711
                ],
                [
                    0.0,
                    0.0,
                    0.0,
                    1.0
                ]
            ]
        },
        {
            "file_path": "/data/shapenet_blender/all_50_random/02958343/ccca16b8302bc8bd13ded1857c15b5b6/r_40",
            "rotation": 0.12566370614359174,
            "transform_matrix": [
                [
                    -0.9045750498771667,
                    0.2935388386249542,
                    0.3091585338115692,
                    1.2462579011917114
                ],
                [
                    0.42631450295448303,
                    0.6228451132774353,
                    0.6559877395629883,
                    2.644371271133423
                ],
                [
                    0.0,
                    0.7251889109611511,
                    -0.6885499954223633,
                    -2.7756338119506836
                ],
                [
                    0.0,
                    0.0,
                    0.0,
                    1.0
                ]
            ]
        },
        {
            "file_path": "/data/shapenet_blender/all_50_random/02958343/ccca16b8302bc8bd13ded1857c15b5b6/r_41",
            "rotation": 0.12566370614359174,
            "transform_matrix": [
                [
                    0.7971150279045105,
                    -0.34212446212768555,
                    0.49755236506462097,
                    2.005697727203369
                ],
                [
                    0.6038273572921753,
                    0.45163995027542114,
                    -0.6568209528923035,
                    -2.6477298736572266
                ],
                [
