{
    "class": "02958343",
    "model": "1b94aad142e6c2b8af9f38a1ee687286",
    "remove_doubles": true,
    "edge_split": true,
    "denoise": true,
    "camera_angle_x": 0.6911112070083618,
    "scale_factor": 2.23617097604201,
    "hdri_file": "/data/IndoorHDRDataset2018/9C4A0052-9b4fa1e4a1.exr",
    "center_offset": [
        0.0,
        0.0,
        1.862645149230957e-09
    ],
    "lights": [],
    "frames": [
        {
            "file_path": "/data/shapenet_blender/all_50_random/02958343/1b94aad142e6c2b8af9f38a1ee687286/r_0",
            "rotation": 0.12566370614359174,
            "transform_matrix": [
                [
                    0.8610223531723022,
                    0.3835040330886841,
                    0.33401384949684143,
                    1.3464529514312744
                ],
                [
                    0.508567214012146,
                    -0.6492859721183777,
                    -0.5654973387718201,
                    -2.279592752456665
                ],
                [
                    -1.4901161193847656e-08,
                    0.6567743420600891,
                    -0.7540871500968933,
                    -3.039822578430176
                ],
                [
                    0.0,
                    0.0,
                    0.0,
                    1.0
                ]
            ]
        },
        {
            "file_path": "/data/shapenet_blender/all_50_random/02958343/1b94aad142e6c2b8af9f38a1ee687286/r_1",
            "rotation": 0.12566370614359174,
            "transform_matrix": [
                [
                    0.9997864365577698,
                    0.019357498735189438,
                    0.007239943370223045,
                    0.02918514609336853
                ],
                [
                    0.02066711336374283,
                    -0.9364328980445862,
                    -0.3502374291419983,
                    -1.411852240562439
                ],
                [
                    0.0,
                    0.3503122627735138,
                    -0.9366329312324524,
                    -3.7756881713867188
                ],
                [
                    0.0,
                    0.0,
                    0.0,
                    1.0
                ]
            ]
        },
        {
            "file_path": "/data/shapenet_blender/all_50_random/02958343/1b94aad142e6c2b8af9f38a1ee687286/r_2",
            "rotation": 0.12566370614359174,
            "transform_matrix": [
                [
                    0.7223896384239197,
                    -0.20725753903388977,
                    -0.6596949696540833,
                    -2.659315586090088
                ],
                [
                    -0.6914862394332886,
                    -0.21652016043663025,
                    -0.6891776323318481,
                    -2.7781639099121094
                ],
                [
                    0.0,
                    0.9540247917175293,
                    -0.2997276484966278,
                    -1.2082407474517822
                ],
                [
                    0.0,
                    0.0,
                    0.0,
                    1.0
                ]
            ]
        },
        {
            "file_path": "/data/shapenet_blender/all_50_random/02958343/1b94aad142e6c2b8af9f38a1ee687286/r_3",
            "rotation": 0.12566370614359174,
            "transform_matrix": [
                [
                    0.76022869348526,
                    -0.3105337917804718,
                    -0.5706322193145752,
                    -2.3002922534942627
                ],
                [
                    -0.6496556401252747,
                    -0.36338740587234497,
                    -0.6677552461624146,
                    -2.691807746887207
                ],
                [
                    1.4901161193847656e-08,
                    0.878361165523529,
                    -0.4779975414276123,
                    -1.9268698692321777
                ],
                [
                    0.0,
                    0.0,
                    0.0,
                    1.0
                ]
            ]
        },
        {
            "file_path": "/data/shapenet_blender/all_50_random/02958343/1b94aad142e6c2b8af9f38a1ee687286/r_4",
            "rotation": 0.12566370614359174,
            "transform_matrix": [
                [
                    0.9531502723693848,
                    0.1956353783607483,
                    0.23071938753128052,
                    0.9300596117973328
                ],
                [
                    0.30249732732772827,
                    -0.6164348721504211,
                    -0.7269824147224426,
                    -2.9305598735809326
                ],
                [
                    0.0,
                    0.7627153992652893,
                    -0.6467342376708984,
                    -2.6070690155029297
                ],
                [
                    0.0,
                    0.0,
                    0.0,
                    1.0
                ]
            ]
        },
        {
            "file_path": "/data/shapenet_blender/all_50_random/02958343/1b94aad142e6c2b8af9f38a1ee687286/r_5",
            "rotation": 0.12566370614359174,
            "transform_matrix": [
                [
                    0.06626119464635849,
                    -0.8456574082374573,
                    -0.5295968651771545,
                    -2.134873151779175
                ],
                [
                    -0.9978023767471313,
                    -0.056157685816287994,
                    -0.03516900911927223,
                    -0.14177080988883972
                ],
                [
                    -1.862645371275562e-09,
                    0.5307633280754089,
                    -0.8475200533866882,
                    -3.4164626598358154
                ],
                [
                    0.0,
                    0.0,
                    0.0,
                    1.0
                ]
            ]
        },
        {
            "file_path": "/data/shapenet_blender/all_50_random/02958343/1b94aad142e6c2b8af9f38a1ee687286/r_6",
            "rotation": 0.12566370614359174,
            "transform_matrix": [
                [
                    -0.46901261806488037,
                    0.35215064883232117,
                    0.8099488019943237,
                    3.265007972717285
                ],
                [
                    0.8831915259361267,
                    0.1870071142911911,
                    0.4301176071166992,
                    1.7338595390319824
                ],
                [
                    0.0,
                    0.9170703291893005,
                    -0.3987251818180084,
                    -1.6073126792907715
                ],
                [
                    0.0,
                    0.0,
                    0.0,
                    1.0
                ]
            ]
        },
        {
            "file_path": "/data/shapenet_blender/all_50_random/02958343/1b94aad142e6c2b8af9f38a1ee687286/r_7",
            "rotation": 0.12566370614359174,
            "transform_matrix": [
                [
                    -0.03501265496015549,
                    -0.5117015838623047,
                    -0.8584494590759277,
                    -3.4605205059051514
                ],
                [
                    -0.9993868470191956,
                    0.017927024513483047,
                    0.030075037851929665,
                    0.12123635411262512
                ],
                [
                    0.0,
                    0.8589760661125183,
                    -0.5120155811309814,
                    -2.0640008449554443
                ],
                [
                    0.0,
                    0.0,
                    0.0,
                    1.0
                ]
            ]
        },
        {
            "file_path": "/data/shapenet_blender/all_50_random/02958343/1b94aad142e6c2b8af9f38a1ee687286/r_8",
            "rotation": 0.12566370614359174,
            "transform_matrix": [
                [
                    -0.8547872304916382,
                    -0.19207589328289032,
                    -0.48212623596191406,
                    -1.9435131549835205
                ],
                [
                    -0.5189787149429321,
                    0.31635981798171997,
                    0.7940890789031982,
                    3.201075792312622
                ],
                [
                    0.0,
                    0.928990364074707,
                    -0.3701036274433136,
                    -1.4919356107711792
                ],
                [
                    0.0,
                    0.0,
                    0.0,
                    1.0
                ]
            ]
        },
        {
            "file_path": "/data/shapenet_blender/all_50_random/02958343/1b94aad142e6c2b8af9f38a1ee687286/r_9",
            "rotation": 0.12566370614359174,
            "transform_matrix": [
                [
                    -0.22296258807182312,
                    -0.5403964519500732,
                    0.8113317489624023,
                    3.270583152770996
                ],
                [
                    0.9748270511627197,
                    -0.12359954416751862,
                    0.1855679154396057,
                    0.7480482459068298
                ],
                [
                    -7.450581485102248e-09,
                    0.8322828412055969,
                    0.5543510913848877,
                    2.2346608638763428
                ],
                [
                    0.0,
                    0.0,
                    0.0,
                    1.0
                ]
            ]
        },
        {
            "file_path": "/data/shapenet_blender/all_50_random/02958343/1b94aad142e6c2b8af9f38a1ee687286/r_10",
            "rotation": 0.12566370614359174,
            "transform_matrix": [
                [
                    0.318476140499115,
                    0.174651101231575,
                    -0.931702733039856,
                    -3.7558135986328125
                ],
                [
                    -0.9479308724403381,
                    0.058677494525909424,
                    -0.31302395462989807,
                    -1.2618398666381836
                ],
                [
                    0.0,
                    0.9828804135322571,
                    0.1842445433139801,
                    0.742713451385498
                ],
                [
                    0.0,
                    0.0,
                    0.0,
                    1.0
                ]
            ]
        },
        {
            "file_path": "/data/shapenet_blender/all_50_random/02958343/1b94aad142e6c2b8af9f38a1ee687286/r_11",
            "rotation": 0.12566370614359174,
            "transform_matrix": [
                [
                    -0.9595563411712646,
                    0.13980169594287872,
                    -0.24435074627399445,
                    -0.9850093722343445
                ],
                [
                    -0.28151699900627136,
                    -0.4765169024467468,
                    0.8328744173049927,
                    3.357424259185791
                ],
                [
                    0.0,
                    0.8679786920547485,
                    0.49660131335258484,
                    2.001863956451416
                ],
                [
                    0.0,
                    0.0,
                    0.0,
                    1.0
                ]
            ]
        },
        {
            "file_path": "/data/shapenet_blender/all_50_random/02958343/1b94aad142e6c2b8af9f38a1ee687286/r_12",
            "rotation": 0.12566370614359174,
            "transform_matrix": [
                [
                    0.5397374629974365,
                    0.8363630175590515,
                    -0.09581293910741806,
                    -0.386234313249588
                ],
                [
                    -0.8418334126472473,
                    0.5362301468849182,
                    -0.061430010944604874,
                    -0.24763229489326477
                ],
                [
                    0.0,
                    0.11381453275680542,
                    0.9935020208358765,
                    4.004934787750244
                ],
                [
                    0.0,
                    0.0,
                    0.0,
                    1.0
                ]
            ]
        },
        {
            "file_path": "/data/shapenet_blender/all_50_random/02958343/1b94aad142e6c2b8af9f38a1ee687286/r_13",
            "rotation": 0.12566370614359174,
            "transform_matrix": [
                [
                    0.6919745802879333,
                    0.39428237080574036,
                    0.6047418117523193,
                    2.4377923011779785
                ],
                [
                    0.721921980381012,
                    -0.37792640924453735,
                    -0.5796554088592529,
                    -2.336665630340576
                ],
                [
                    -1.4901161193847656e-08,
                    0.8376831412315369,
                    -0.5461565256118774,
                    -2.201627492904663
                ],
                [
                    0.0,
                    0.0,
                    0.0,
                    1.0
                ]
            ]
        },
        {
            "file_path": "/data/shapenet_blender/all_50_random/02958343/1b94aad142e6c2b8af9f38a1ee687286/r_14",
            "rotation": 0.12566370614359174,
            "transform_matrix": [
                [
                    0.9114012718200684,
                    0.04591390863060951,
                    0.40894922614097595,
                    1.6485271453857422
                ],
                [
                    0.41151854395866394,
                    -0.10168676823377609,
                    -0.9057108759880066,
                    -3.6510374546051025
                ],
                [
                    -3.7252896323280993e-09,
                    0.9937564134597778,
                    -0.11157188564538956,
                    -0.44976067543029785
                ],
                [
                    0.0,
                    0.0,
                    0.0,
                    1.0
                ]
            ]
        },
        {
            "file_path": "/data/shapenet_blender/all_50_random/02958343/1b94aad142e6c2b8af9f38a1ee687286/r_15",
            "rotation": 0.12566370614359174,
            "transform_matrix": [
                [
                    -0.6959149241447449,
                    0.0763319581747055,
                    -0.7140558362007141,
                    -2.878451347351074
                ],
                [
                    -0.7181242108345032,
                    -0.07397124916315079,
                    0.6919723153114319,
                    2.7894299030303955
                ],
                [
                    0.0,
                    0.9943348169326782,
                    0.10629349946975708,
                    0.4284828305244446
                ],
                [
                    0.0,
                    0.0,
                    0.0,
                    1.0
                ]
            ]
        },
        {
            "file_path": "/data/shapenet_blender/all_50_random/02958343/1b94aad142e6c2b8af9f38a1ee687286/r_16",
            "rotation": 0.12566370614359174,
            "transform_matrix": [
                [
                    0.06139020249247551,
                    -0.8434279561042786,
                    0.5337231159210205,
                    2.1515069007873535
                ],
                [
                    0.9981138706207275,
                    0.05187605693936348,
                    -0.032827287912368774,
                    -0.13233104348182678
                ],
                [
                    0.0,
                    0.5347317457199097,
                    0.8450217843055725,
                    3.4063920974731445
                ],
                [
                    0.0,
                    0.0,
                    0.0,
                    1.0
                ]
            ]
        },
        {
            "file_path": "/data/shapenet_blender/all_50_random/02958343/1b94aad142e6c2b8af9f38a1ee687286/r_17",
            "rotation": 0.12566370614359174,
            "transform_matrix": [
                [
                    -0.9290086627006531,
                    0.0061190505512058735,
                    0.37000754475593567,
                    1.49154794216156
                ],
                [
                    0.3700581192970276,
                    0.015361507423222065,
                    0.9288816452026367,
                    3.744441270828247
                ],
                [
                    4.656612873077393e-10,
                    0.9998632073402405,
                    -0.016535378992557526,
                    -0.06665623933076859
                ],
                [
                    0.0,
                    0.0,
                    0.0,
                    1.0
                ]
            ]
        },
        {
            "file_path": "/data/shapenet_blender/all_50_random/02958343/1b94aad142e6c2b8af9f38a1ee687286/r_18",
            "rotation": 0.12566370614359174,
            "transform_matrix": [
                [
                    -0.9989904761314392,
                    0.023270951583981514,
                    0.03842359781265259,
                    0.15489047765731812
                ],
                [
                    0.0449211485683918,
                    0.5175169706344604,
                    0.8544929623603821,
                    3.4445712566375732
                ],
                [
                    0.0,
                    0.8553562760353088,
                    -0.5180400013923645,
                    -2.0882859230041504
                ],
                [
                    0.0,
                    0.0,
                    0.0,
                    1.0
                ]
            ]
        },
        {
            "file_path": "/data/shapenet_blender/all_50_random/02958343/1b94aad142e6c2b8af9f38a1ee687286/r_19",
            "rotation": 0.12566370614359174,
            "transform_matrix": [
                [
                    -0.30413568019866943,
                    0.5651331543922424,
                    -0.7668936848640442,
                    -3.091447353363037
                ],
                [
                    -0.9526287317276001,
                    -0.18042407929897308,
                    0.24483802914619446,
                    0.9869736433029175
                ],
                [
                    0.0,
                    0.8050289154052734,
                    0.5932354927062988,
                    2.391408681869507
                ],
                [
                    0.0,
                    0.0,
                    0.0,
                    1.0
                ]
            ]
        },
        {
            "file_path": "/data/shapenet_blender/all_50_random/02958343/1b94aad142e6c2b8af9f38a1ee687286/r_20",
            "rotation": 0.12566370614359174,
            "transform_matrix": [
                [
                    0.8791976571083069,
                    0.379975825548172,
                    -0.28745409846305847,
                    -1.1587644815444946
                ],
                [
                    -0.4764572083950043,
                    0.7011623382568359,
                    -0.530433714389801,
                    -2.138246774673462
                ],
                [
                    0.0,
                    0.6033156514167786,
                    0.7975024580955505,
                    3.2148351669311523
                ],
                [
                    0.0,
                    0.0,
                    0.0,
                    1.0
                ]
            ]
        },
        {
            "file_path": "/data/shapenet_blender/all_50_random/02958343/1b94aad142e6c2b8af9f38a1ee687286/r_21",
            "rotation": 0.12566370614359174,
            "transform_matrix": [
                [
                    0.6195259690284729,
                    0.6342047452926636,
                    0.46257084608078003,
                    1.864682912826538
                ],
                [
                    0.784976065158844,
                    -0.5005328059196472,
                    -0.36507439613342285,
                    -1.4716620445251465
                ],
                [
                    0.0,
                    0.5892801284790039,
                    -0.8079285621643066,
                    -3.2568647861480713
                ],
                [
                    0.0,
                    0.0,
                    0.0,
                    1.0
                ]
            ]
        },
        {
            "file_path": "/data/shapenet_blender/all_50_random/02958343/1b94aad142e6c2b8af9f38a1ee687286/r_22",
            "rotation": 0.12566370614359174,
            "transform_matrix": [
                [
                    0.6766001582145691,
                    0.7167325615882874,
                    0.16883864998817444,
                    0.6806104183197021
                ],
                [
                    0.7363505959510803,
                    -0.6585739850997925,
                    -0.15513840317726135,
                    -0.6253829598426819
                ],
                [
                    0.0,
                    0.22929126024246216,
                    -0.9733577966690063,
                    -3.9237310886383057
                ],
                [
                    0.0,
                    0.0,
                    0.0,
                    1.0
                ]
            ]
        },
        {
            "file_path": "/data/shapenet_blender/all_50_random/02958343/1b94aad142e6c2b8af9f38a1ee687286/r_23",
            "rotation": 0.12566370614359174,
            "transform_matrix": [
                [
                    0.9600738286972046,
                    -0.25241222977638245,
                    0.1206083819270134,
                    0.48618796467781067
                ],
                [
                    0.2797468900680542,
                    0.8662629723548889,
                    -0.4139203727245331,
                    -1.6685664653778076
                ],
                [
                    -7.450580596923828e-09,
                    0.4311339259147644,
                    0.9022878408432007,
                    3.6372389793395996
                ],
                [
                    0.0,
                    0.0,
                    0.0,
                    1.0
                ]
            ]
        },
        {
            "file_path": "/data/shapenet_blender/all_50_random/02958343/1b94aad142e6c2b8af9f38a1ee687286/r_24",
            "rotation": 0.12566370614359174,
            "transform_matrix": [
                [
                    0.8893425464630127,
                    0.31276610493659973,
                    0.33353760838508606,
                    1.3445332050323486
                ],
                [
                    0.4572417736053467,
                    -0.6083350777626038,
                    -0.6487359404563904,
                    -2.615138530731201
                ],
                [
                    1.4901162970204496e-08,
                    0.729455828666687,
                    -0.6840278506278992,
                    -2.7574048042297363
                ],
                [
                    0.0,
                    0.0,
                    0.0,
                    1.0
                ]
            ]
        },
        {
            "file_path": "/data/shapenet_blender/all_50_random/02958343/1b94aad142e6c2b8af9f38a1ee687286/r_25",
            "rotation": 0.12566370614359174,
            "transform_matrix": [
                [
                    0.8262847661972046,
                    -0.0060870228335261345,
                    0.5632197260856628,
                    2.270411252975464
                ],
                [
                    0.5632526874542236,
                    0.00892958790063858,
                    -0.8262364864349365,
                    -3.3306658267974854
                ],
                [
                    0.0,
                    0.9999415874481201,
                    0.010806913487613201,
                    0.04356406256556511
                ],
                [
                    0.0,
                    0.0,
                    0.0,
                    1.0
                ]
            ]
        },
        {
            "file_path": "/data/shapenet_blender/all_50_random/02958343/1b94aad142e6c2b8af9f38a1ee687286/r_26",
            "rotation": 0.12566370614359174,
            "transform_matrix": [
                [
                    -0.7409026622772217,
                    -0.45937955379486084,
                    -0.48993217945098877,
                    -1.9749797582626343
                ],
                [
                    -0.6716122627258301,
                    0.506773829460144,
                    0.5404785871505737,
                    2.178738832473755
                ],
                [
                    0.0,
                    0.7294864654541016,
                    -0.6839951276779175,
                    -2.757272481918335
                ],
                [
                    0.0,
                    0.0,
                    0.0,
                    1.0
                ]
            ]
        },
        {
            "file_path": "/data/shapenet_blender/all_50_random/02958343/1b94aad142e6c2b8af9f38a1ee687286/r_27",
            "rotation": 0.12566370614359174,
            "transform_matrix": [
                [
                    -0.5634689331054688,
                    0.2164515107870102,
                    -0.797277569770813,
                    -3.213928699493408
                ],
                [
                    -0.826137363910675,
                    -0.14763127267360687,
                    0.5437850952148438,
                    2.192067861557007
                ],
                [
                    -7.450581485102248e-09,
                    0.9650666117668152,
                    0.2620043158531189,
                    1.0561732053756714
                ],
                [
                    0.0,
                    0.0,
                    0.0,
                    1.0
                ]
            ]
        },
        {
            "file_path": "/data/shapenet_blender/all_50_random/02958343/1b94aad142e6c2b8af9f38a1ee687286/r_28",
            "rotation": 0.12566370614359174,
            "transform_matrix": [
                [
                    -0.7394166588783264,
                    0.07170231640338898,
                    -0.66941899061203,
                    -2.698514223098755
                ],
                [
                    -0.6732481122016907,
                    -0.0787493959069252,
                    0.735211193561554,
                    2.963731050491333
                ],
                [
                    7.450581485102248e-09,
                    0.9943123459815979,
                    0.10650207847356796,
                    0.42932361364364624
                ],
                [
                    0.0,
                    0.0,
                    0.0,
                    1.0
                ]
            ]
        },
        {
            "file_path": "/data/shapenet_blender/all_50_random/02958343/1b94aad142e6c2b8af9f38a1ee687286/r_29",
            "rotation": 0.12566370614359174,
            "transform_matrix": [
                [
                    -0.9889374375343323,
                    0.09492068737745285,
                    0.11398543417453766,
                    0.45949000120162964
                ],
                [
                    0.14833277463912964,
                    0.6328380107879639,
                    0.7599430084228516,
                    3.0634284019470215
                ],
                [
                    -7.450580152834618e-09,
                    0.7684439420700073,
                    -0.6399170160293579,
                    -2.5795881748199463
                ],
                [
                    0.0,
                    0.0,
                    0.0,
                    1.0
                ]
            ]
        },
        {
            "file_path": "/data/shapenet_blender/all_50_random/02958343/1b94aad142e6c2b8af9f38a1ee687286/r_30",
            "rotation": 0.12566370614359174,
            "transform_matrix": [
                [
                    0.9159610271453857,
                    0.13721011579036713,
                    -0.37707921862602234,
                    -1.5200549364089966
                ],
                [
                    -0.4012672007083893,
                    0.3132055997848511,
                    -0.8607478141784668,
                    -3.469785451889038
                ],
                [
                    1.4901161193847656e-08,
                    0.9397209286689758,
                    0.34194207191467285,
                    1.3784126043319702
                ],
                [
                    0.0,
                    0.0,
                    0.0,
                    1.0
                ]
            ]
        },
        {
            "file_path": "/data/shapenet_blender/all_50_random/02958343/1b94aad142e6c2b8af9f38a1ee687286/r_31",
            "rotation": 0.12566370614359174,
            "transform_matrix": [
                [
                    0.953744649887085,
                    -0.09651690721511841,
                    -0.28470295667648315,
                    -1.147674322128296
                ],
                [
                    -0.3006182014942169,
                    -0.30621063709259033,
                    -0.9032517671585083,
                    -3.6411242485046387
                ],
                [
                    0.0,
                    0.9470582008361816,
                    -0.32106149196624756,
                    -1.2942402362823486
                ],
                [
                    0.0,
                    0.0,
                    0.0,
                    1.0
                ]
            ]
        },
        {
            "file_path": "/data/shapenet_blender/all_50_random/02958343/1b94aad142e6c2b8af9f38a1ee687286/r_32",
            "rotation": 0.12566370614359174,
            "transform_matrix": [
                [
                    -0.7081013321876526,
                    -0.4503711760044098,
                    0.5438367128372192,
                    2.1922760009765625
                ],
                [
                    0.7061108946800232,
                    -0.45164069533348083,
                    0.5453696846961975,
                    2.198455572128296
                ],
                [
                    0.0,
                    0.7701860070228577,
                    0.6378193497657776,
                    2.571131944656372
                ],
                [
                    0.0,
                    0.0,
                    0.0,
                    1.0
                ]
            ]
        },
        {
            "file_path": "/data/shapenet_blender/all_50_random/02958343/1b94aad142e6c2b8af9f38a1ee687286/r_33",
            "rotation": 0.12566370614359174,
            "transform_matrix": [
                [
                    0.5511358380317688,
                    0.18997661769390106,
                    -0.8125011920928955,
                    -3.275296926498413
                ],
                [
                    -0.83441561460495,
                    0.1254805475473404,
                    -0.5366612672805786,
                    -2.163350820541382
                ],
                [
                    0.0,
                    0.9737368226051331,
                    0.22767628729343414,
                    0.9177924394607544
                ],
                [
                    0.0,
                    0.0,
                    0.0,
                    1.0
                ]
            ]
        },
        {
            "file_path": "/data/shapenet_blender/all_50_random/02958343/1b94aad142e6c2b8af9f38a1ee687286/r_34",
            "rotation": 0.12566370614359174,
            "transform_matrix": [
                [
                    -0.5129231810569763,
                    0.03926081955432892,
                    0.857536256313324,
                    3.4568393230438232
                ],
                [
                    0.8584346175193787,
                    0.023458728566765785,
                    0.5123863816261292,
                    2.065495491027832
                ],
                [
                    -1.862645371275562e-09,
                    0.9989535808563232,
                    -0.04573536664247513,
                    -0.1843651533126831
                ],
                [
                    0.0,
                    0.0,
                    0.0,
                    1.0
                ]
            ]
        },
        {
            "file_path": "/data/shapenet_blender/all_50_random/02958343/1b94aad142e6c2b8af9f38a1ee687286/r_35",
            "rotation": 0.12566370614359174,
            "transform_matrix": [
                [
                    -0.5667916536331177,
                    -0.012918666005134583,
                    -0.8237597346305847,
                    -3.3206820487976074
                ],
                [
                    -0.8238611221313477,
                    0.008887654170393944,
                    0.5667219161987305,
                    2.284529447555542
                ],
                [
                    4.656612873077393e-10,
                    0.9998770356178284,
                    -0.01568063348531723,
                    -0.06321066617965698
                ],
                [
                    0.0,
                    0.0,
                    0.0,
                    1.0
                ]
            ]
        },
        {
            "file_path": "/data/shapenet_blender/all_50_random/02958343/1b94aad142e6c2b8af9f38a1ee687286/r_36",
            "rotation": 0.12566370614359174,
            "transform_matrix": [
                [
                    -0.2886291742324829,
                    0.25612446665763855,
                    0.9225473403930664,
                    3.718906879425049
                ],
                [
                    0.957440972328186,
                    0.07721102237701416,
                    0.27811017632484436,
                    1.1210978031158447
                ],
                [
                    0.0,
                    0.963555097579956,
                    -0.26750946044921875,
                    -1.0783649682998657
                ],
                [
                    0.0,
                    0.0,
                    0.0,
                    1.0
                ]
            ]
        },
        {
            "file_path": "/data/shapenet_blender/all_50_random/02958343/1b94aad142e6c2b8af9f38a1ee687286/r_37",
            "rotation": 0.12566370614359174,
            "transform_matrix": [
                [
                    -0.8688458204269409,
                    0.0007589159067720175,
                    -0.4950823485851288,
                    -1.9957407712936401
                ],
                [
                    -0.4950830042362213,
                    -0.001331859384663403,
                    0.8688446879386902,
                    3.502424955368042
                ],
                [
                    0.0,
                    0.9999988079071045,
                    0.0015329065499827266,
                    0.006179343909025192
                ],
                [
                    0.0,
                    0.0,
                    0.0,
                    1.0
                ]
            ]
        },
        {
            "file_path": "/data/shapenet_blender/all_50_random/02958343/1b94aad142e6c2b8af9f38a1ee687286/r_38",
            "rotation": 0.12566370614359174,
            "transform_matrix": [
                [
                    -0.17362742125988007,
                    0.42384013533592224,
                    -0.8889392018318176,
                    -3.5834288597106934
                ],
                [
                    -0.9848114252090454,
                    -0.07472523301839828,
                    0.15672463178634644,
                    0.631777286529541
                ],
                [
                    0.0,
                    0.9026491045951843,
                    0.43037691712379456,
                    1.7349050045013428
                ],
                [
                    0.0,
                    0.0,
                    0.0,
                    1.0
                ]
            ]
        },
        {
            "file_path": "/data/shapenet_blender/all_50_random/02958343/1b94aad142e6c2b8af9f38a1ee687286/r_39",
            "rotation": 0.12566370614359174,
            "transform_matrix": [
                [
                    0.4435599148273468,
                    0.5115406513214111,
                    0.7359216213226318,
                    2.96659517288208
                ],
                [
                    0.8962448239326477,
                    -0.2531662583351135,
                    -0.3642144799232483,
                    -1.4681956768035889
                ],
                [
                    1.4901162970204496e-08,
                    0.8211168646812439,
                    -0.5707600116729736,
                    -2.300807476043701
                ],
                [
                    0.0,
                    0.0,
                    0.0,
                    1.0
                ]
            ]
        },
        {
            "file_path": "/data/shapenet_blender/all_50_random/02958343/1b94aad142e6c2b8af9f38a1ee687286/r_40",
            "rotation": 0.12566370614359174,
            "transform_matrix": [
                [
                    -0.7485498189926147,
                    0.26560625433921814,
                    0.6075577735900879,
                    2.449143886566162
                ],
                [
                    0.6630785465240479,
                    0.29984307289123535,
                    0.6858723759651184,
                    2.7648401260375977
                ],
                [
                    1.4901161193847656e-08,
                    0.9162682294845581,
                    -0.4005652368068695,
                    -1.6147302389144897
                ],
                [
                    0.0,
                    0.0,
                    0.0,
                    1.0
                ]
            ]
        },
        {
            "file_path": "/data/shapenet_blender/all_50_random/02958343/1b94aad142e6c2b8af9f38a1ee687286/r_41",
            "rotation": 0.12566370614359174,
            "transform_matrix": [
                [
                    0.6716774702072144,
                    -0.0699821263551712,
                    0.7375308871269226,
                    2.9730820655822754
                ],
                [
                    0.740843653678894,
                    0.06344849616289139,
                    -0.6686739921569824,
                    -2.6955111026763916
                ],
                [
                    0.0,
                    0.9955283999443054,
