{
    "class": "02958343",
    "model": "ee63549013035c385e28caa3b26a73fd",
    "remove_doubles": true,
    "edge_split": true,
    "denoise": true,
    "camera_angle_x": 0.6911112070083618,
    "scale_factor": 2.271578567687756,
    "hdri_file": "/data/IndoorHDRDataset2018/AG8A1268-0491adde33.exr",
    "center_offset": [
        0.0,
        -1.3969838619232178e-09,
        -3.725290298461914e-09
    ],
    "lights": [],
    "frames": [
        {
            "file_path": "/data/shapenet_blender/all_50_random/02958343/ee63549013035c385e28caa3b26a73fd/r_0",
            "rotation": 0.12566370614359174,
            "transform_matrix": [
                [
                    -0.9350360631942749,
                    -0.07066617906093597,
                    0.3474392592906952,
                    1.400572419166565
                ],
                [
                    0.35455289483070374,
                    -0.18636265397071838,
                    0.9162757396697998,
                    3.6936256885528564
                ],
                [
                    0.0,
                    0.9799363017082214,
                    0.19931067526340485,
                    0.8034470081329346
                ],
                [
                    0.0,
                    0.0,
                    0.0,
                    1.0
                ]
            ]
        },
        {
            "file_path": "/data/shapenet_blender/all_50_random/02958343/ee63549013035c385e28caa3b26a73fd/r_1",
            "rotation": 0.12566370614359174,
            "transform_matrix": [
                [
                    -0.4504409432411194,
                    -0.7796981930732727,
                    -0.43494081497192383,
                    -1.7533025741577148
                ],
                [
                    -0.8928061723709106,
                    0.3933753967285156,
                    0.21943749487400055,
                    0.8845809102058411
                ],
                [
                    0.0,
                    0.4871615469455719,
                    -0.8733118176460266,
                    -3.520432710647583
                ],
                [
                    0.0,
                    0.0,
                    0.0,
                    1.0
                ]
            ]
        },
        {
            "file_path": "/data/shapenet_blender/all_50_random/02958343/ee63549013035c385e28caa3b26a73fd/r_2",
            "rotation": 0.12566370614359174,
            "transform_matrix": [
                [
                    -0.16387653350830078,
                    0.6355948448181152,
                    -0.7544293999671936,
                    -3.0412020683288574
                ],
                [
                    -0.9864808320999146,
                    -0.10558652132749557,
                    0.12532760202884674,
                    0.5052117109298706
                ],
                [
                    0.0,
                    0.7647683620452881,
                    0.6443053483963013,
                    2.597277879714966
                ],
                [
                    0.0,
                    0.0,
                    0.0,
                    1.0
                ]
            ]
        },
        {
            "file_path": "/data/shapenet_blender/all_50_random/02958343/ee63549013035c385e28caa3b26a73fd/r_3",
            "rotation": 0.12566370614359174,
            "transform_matrix": [
                [
                    -0.3088544011116028,
                    -0.8151715993881226,
                    0.49000442028045654,
                    1.9752709865570068
                ],
                [
                    0.9511094093322754,
                    -0.2647112309932709,
                    0.15911947190761566,
                    0.6414310932159424
                ],
                [
                    0.0,
                    0.515192449092865,
                    0.857074499130249,
                    3.4549777507781982
                ],
                [
                    0.0,
                    0.0,
                    0.0,
                    1.0
                ]
            ]
        },
        {
            "file_path": "/data/shapenet_blender/all_50_random/02958343/ee63549013035c385e28caa3b26a73fd/r_4",
            "rotation": 0.12566370614359174,
            "transform_matrix": [
                [
                    -0.7450845837593079,
                    0.1912882924079895,
                    0.6389503479003906,
                    2.5756912231445312
                ],
                [
                    0.6669697761535645,
                    0.21369178593158722,
                    0.7137835621833801,
                    2.8773536682128906
                ],
                [
                    0.0,
                    0.9579897522926331,
                    -0.2868020236492157,
                    -1.1561359167099
                ],
                [
                    0.0,
                    0.0,
                    0.0,
                    1.0
                ]
            ]
        },
        {
            "file_path": "/data/shapenet_blender/all_50_random/02958343/ee63549013035c385e28caa3b26a73fd/r_5",
            "rotation": 0.12566370614359174,
            "transform_matrix": [
                [
                    0.9750925302505493,
                    -0.030526719987392426,
                    0.2196878343820572,
                    0.8855900168418884
                ],
                [
                    0.2217986285686493,
                    0.13420449197292328,
                    -0.9658128619194031,
                    -3.8933162689208984
                ],
                [
                    3.725290298461914e-09,
                    0.9904833436012268,
                    0.1376325935125351,
                    0.5548147559165955
                ],
                [
                    0.0,
                    0.0,
                    0.0,
                    1.0
                ]
            ]
        },
        {
            "file_path": "/data/shapenet_blender/all_50_random/02958343/ee63549013035c385e28caa3b26a73fd/r_6",
            "rotation": 0.12566370614359174,
            "transform_matrix": [
                [
                    -0.24814452230930328,
                    0.2926916480064392,
                    -0.9234479069709778,
                    -3.722537040710449
                ],
                [
                    -0.9687229990959167,
                    -0.07497481256723404,
                    0.23654702305793762,
                    0.9535514116287231
                ],
                [
                    7.450578820566989e-09,
                    0.9532630443572998,
                    0.3021417558193207,
                    1.2179722785949707
                ],
                [
                    0.0,
                    0.0,
                    0.0,
                    1.0
                ]
            ]
        },
        {
            "file_path": "/data/shapenet_blender/all_50_random/02958343/ee63549013035c385e28caa3b26a73fd/r_7",
            "rotation": 0.12566370614359174,
            "transform_matrix": [
                [
                    -0.9736595153808594,
                    0.021484939381480217,
                    0.22699211537837982,
                    0.9150345325469971
                ],
                [
                    0.22800663113594055,
                    0.09174740314483643,
                    0.9693272113800049,
                    3.9074831008911133
                ],
                [
                    -1.8626450382086546e-09,
                    0.9955505132675171,
                    -0.09422942996025085,
                    -0.37985101342201233
                ],
                [
                    0.0,
                    0.0,
                    0.0,
                    1.0
                ]
            ]
        },
        {
            "file_path": "/data/shapenet_blender/all_50_random/02958343/ee63549013035c385e28caa3b26a73fd/r_8",
            "rotation": 0.12566370614359174,
            "transform_matrix": [
                [
                    -0.6800316572189331,
                    0.22433093190193176,
                    0.6980205178260803,
                    2.8138105869293213
                ],
                [
                    0.7331827878952026,
                    0.2080683410167694,
                    0.6474183797836304,
                    2.6098268032073975
                ],
                [
                    0.0,
                    0.9520415663719177,
                    -0.30596864223480225,
                    -1.2333990335464478
                ],
                [
                    0.0,
                    0.0,
                    0.0,
                    1.0
                ]
            ]
        },
        {
            "file_path": "/data/shapenet_blender/all_50_random/02958343/ee63549013035c385e28caa3b26a73fd/r_9",
            "rotation": 0.12566370614359174,
            "transform_matrix": [
                [
                    -0.9406788349151611,
                    0.13572187721729279,
                    -0.3109709322452545,
                    -1.2535638809204102
                ],
                [
                    -0.3392983078956604,
                    -0.3762786090373993,
                    0.8621432781219482,
                    3.4754106998443604
                ],
                [
                    0.0,
                    0.9165118336677551,
                    0.4000075161457062,
                    1.6124818325042725
                ],
                [
                    0.0,
                    0.0,
                    0.0,
                    1.0
                ]
            ]
        },
        {
            "file_path": "/data/shapenet_blender/all_50_random/02958343/ee63549013035c385e28caa3b26a73fd/r_10",
            "rotation": 0.12566370614359174,
            "transform_matrix": [
                [
                    -0.6984299421310425,
                    0.4550344944000244,
                    0.552393913269043,
                    2.226771354675293
                ],
                [
                    0.715678334236145,
                    0.4440678358078003,
                    0.539080798625946,
                    2.1731045246124268
                ],
                [
                    -1.4901160305669237e-08,
                    0.7718467116355896,
                    -0.6358085870742798,
                    -2.5630266666412354
                ],
                [
                    0.0,
                    0.0,
                    0.0,
                    1.0
                ]
            ]
        },
        {
            "file_path": "/data/shapenet_blender/all_50_random/02958343/ee63549013035c385e28caa3b26a73fd/r_11",
            "rotation": 0.12566370614359174,
            "transform_matrix": [
                [
                    -0.8894788026809692,
                    -0.032665811479091644,
                    -0.4558074176311493,
                    -1.8374184370040894
                ],
                [
                    -0.45697641372680664,
                    0.0635821670293808,
                    0.8872033953666687,
                    3.5764312744140625
                ],
                [
                    5.587935447692871e-09,
                    0.9974417686462402,
                    -0.07148250192403793,
                    -0.2881551682949066
                ],
                [
                    0.0,
                    0.0,
                    0.0,
                    1.0
                ]
            ]
        },
        {
            "file_path": "/data/shapenet_blender/all_50_random/02958343/ee63549013035c385e28caa3b26a73fd/r_12",
            "rotation": 0.12566370614359174,
            "transform_matrix": [
                [
                    -0.2910209000110626,
                    -0.5889632701873779,
                    0.7539423704147339,
                    3.039238929748535
                ],
                [
                    0.956716775894165,
                    -0.17915503680706024,
                    0.22933955490589142,
                    0.9244973063468933
                ],
                [
                    0.0,
                    0.7880517840385437,
                    0.6156088709831238,
                    2.4815986156463623
                ],
                [
                    0.0,
                    0.0,
                    0.0,
                    1.0
                ]
            ]
        },
        {
            "file_path": "/data/shapenet_blender/all_50_random/02958343/ee63549013035c385e28caa3b26a73fd/r_13",
            "rotation": 0.12566370614359174,
            "transform_matrix": [
                [
                    -0.5304670333862305,
                    -0.06390942633152008,
                    0.8452930450439453,
                    3.407485246658325
                ],
                [
                    0.847705602645874,
                    -0.039992477744817734,
                    0.5289573073387146,
                    2.1322951316833496
                ],
                [
                    3.725290298461914e-09,
                    0.9971539974212646,
                    0.07539107650518417,
                    0.30391114950180054
                ],
                [
                    0.0,
                    0.0,
                    0.0,
                    1.0
                ]
            ]
        },
        {
            "file_path": "/data/shapenet_blender/all_50_random/02958343/ee63549013035c385e28caa3b26a73fd/r_14",
            "rotation": 0.12566370614359174,
            "transform_matrix": [
                [
                    0.9373961091041565,
                    0.09746968001127243,
                    -0.3343474268913269,
                    -1.3477976322174072
                ],
                [
                    -0.34826505184173584,
                    0.26235100626945496,
                    -0.8999351859092712,
                    -3.6277546882629395
                ],
                [
                    -7.450580596923828e-09,
                    0.9600372314453125,
                    0.2798721492290497,
                    1.1282007694244385
                ],
                [
                    0.0,
                    0.0,
                    0.0,
                    1.0
                ]
            ]
        },
        {
            "file_path": "/data/shapenet_blender/all_50_random/02958343/ee63549013035c385e28caa3b26a73fd/r_15",
            "rotation": 0.12566370614359174,
            "transform_matrix": [
                [
                    0.2186078131198883,
                    -0.2769028842449188,
                    0.9357004761695862,
                    3.7719292640686035
                ],
                [
                    0.9758128523826599,
                    0.06203354522585869,
                    -0.20962156355381012,
                    -0.8450115323066711
                ],
                [
                    0.0,
                    0.958893358707428,
                    0.28376641869544983,
                    1.1438989639282227
                ],
                [
                    0.0,
                    0.0,
                    0.0,
                    1.0
                ]
            ]
        },
        {
            "file_path": "/data/shapenet_blender/all_50_random/02958343/ee63549013035c385e28caa3b26a73fd/r_16",
            "rotation": 0.12566370614359174,
            "transform_matrix": [
                [
                    0.7578973770141602,
                    -0.5798981189727783,
                    -0.2988475263118744,
                    -1.204693078994751
                ],
                [
                    -0.6523739695549011,
                    -0.6736982464790344,
                    -0.34718695282936096,
                    -1.3995554447174072
                ],
                [
                    1.4901162970204496e-08,
                    0.4580923318862915,
                    -0.8889045119285583,
                    -3.5832889080047607
                ],
                [
                    0.0,
                    0.0,
                    0.0,
                    1.0
                ]
            ]
        },
        {
            "file_path": "/data/shapenet_blender/all_50_random/02958343/ee63549013035c385e28caa3b26a73fd/r_17",
            "rotation": 0.12566370614359174,
            "transform_matrix": [
                [
                    -0.9502833485603333,
                    0.12282083183526993,
                    -0.2861407995223999,
                    -1.153470516204834
                ],
                [
                    -0.3113864064216614,
                    -0.37482231855392456,
                    0.8732391595840454,
                    3.520139694213867
                ],
                [
                    0.0,
                    0.9189249277114868,
                    0.3944322168827057,
                    1.5900070667266846
                ],
                [
                    0.0,
                    0.0,
                    0.0,
                    1.0
                ]
            ]
        },
        {
            "file_path": "/data/shapenet_blender/all_50_random/02958343/ee63549013035c385e28caa3b26a73fd/r_18",
            "rotation": 0.12566370614359174,
            "transform_matrix": [
                [
                    0.9869322180747986,
                    0.004634974990040064,
                    -0.16106951236724854,
                    -0.6492919921875
                ],
                [
                    -0.1611361801624298,
                    0.02838844619691372,
                    -0.9865238070487976,
                    -3.976804733276367
                ],
                [
                    0.0,
                    0.9995861649513245,
                    0.028764333575963974,
                    0.1159527376294136
                ],
                [
                    0.0,
                    0.0,
                    0.0,
                    1.0
                ]
            ]
        },
        {
            "file_path": "/data/shapenet_blender/all_50_random/02958343/ee63549013035c385e28caa3b26a73fd/r_19",
            "rotation": 0.12566370614359174,
            "transform_matrix": [
                [
                    0.1011277586221695,
                    -0.6592669486999512,
                    -0.7450772523880005,
                    -3.003502368927002
                ],
                [
                    -0.9948734641075134,
                    -0.06701373308897018,
                    -0.07573625445365906,
                    -0.30530261993408203
                ],
                [
                    0.0,
                    0.7489165663719177,
                    -0.6626642346382141,
                    -2.6712849140167236
                ],
                [
                    0.0,
                    0.0,
                    0.0,
                    1.0
                ]
            ]
        },
        {
            "file_path": "/data/shapenet_blender/all_50_random/02958343/ee63549013035c385e28caa3b26a73fd/r_20",
            "rotation": 0.12566370614359174,
            "transform_matrix": [
                [
                    0.25324881076812744,
                    -0.1606435477733612,
                    -0.9539698958396912,
                    -3.8455758094787598
                ],
                [
                    -0.9674012660980225,
                    -0.04205368831753731,
                    -0.24973270297050476,
                    -1.0067048072814941
                ],
                [
                    -7.450581485102248e-09,
                    0.9861161112785339,
                    -0.1660567969083786,
                    -0.6693964004516602
                ],
                [
                    0.0,
                    0.0,
                    0.0,
                    1.0
                ]
            ]
        },
        {
            "file_path": "/data/shapenet_blender/all_50_random/02958343/ee63549013035c385e28caa3b26a73fd/r_21",
            "rotation": 0.12566370614359174,
            "transform_matrix": [
                [
                    -0.9756691455841064,
                    0.18141692876815796,
                    0.1231164038181305,
                    0.4962981045246124
                ],
                [
                    0.21924814581871033,
                    0.8073176145553589,
                    0.5478763580322266,
                    2.2085602283477783
                ],
                [
                    7.450580596923828e-09,
                    0.5615391135215759,
                    -0.8274502158164978,
                    -3.3355584144592285
                ],
                [
                    0.0,
                    0.0,
                    0.0,
                    1.0
                ]
            ]
        },
        {
            "file_path": "/data/shapenet_blender/all_50_random/02958343/ee63549013035c385e28caa3b26a73fd/r_22",
            "rotation": 0.12566370614359174,
            "transform_matrix": [
                [
                    0.511028528213501,
                    0.33934852480888367,
                    0.7897418737411499,
                    3.183551549911499
                ],
                [
                    0.8595637083053589,
                    -0.201749786734581,
                    -0.4695180356502533,
                    -1.8926879167556763
                ],
                [
                    0.0,
                    0.9187706708908081,
                    -0.39479154348373413,
                    -1.5914556980133057
                ],
                [
                    0.0,
                    0.0,
                    0.0,
                    1.0
                ]
            ]
        },
        {
            "file_path": "/data/shapenet_blender/all_50_random/02958343/ee63549013035c385e28caa3b26a73fd/r_23",
            "rotation": 0.12566370614359174,
            "transform_matrix": [
                [
                    0.28005245327949524,
                    -0.9266326427459717,
                    0.25084394216537476,
                    1.0111844539642334
                ],
                [
                    0.9599847197532654,
                    0.2703227698802948,
                    -0.07317768782377243,
                    -0.2949887216091156
                ],
                [
                    7.450580596923828e-09,
                    0.2612999379634857,
                    0.9652575254440308,
                    3.891077995300293
                ],
                [
                    0.0,
                    0.0,
                    0.0,
                    1.0
                ]
            ]
        },
        {
            "file_path": "/data/shapenet_blender/all_50_random/02958343/ee63549013035c385e28caa3b26a73fd/r_24",
            "rotation": 0.12566370614359174,
            "transform_matrix": [
                [
                    -0.21918992698192596,
                    0.1800578236579895,
                    -0.958923876285553,
                    -3.8655455112457275
                ],
                [
                    -0.975682258605957,
                    -0.04045052453875542,
                    0.21542511880397797,
                    0.8684064149856567
                ],
                [
                    7.450580596923828e-09,
                    0.9828238487243652,
                    0.1845455914735794,
                    0.7439270615577698
                ],
                [
                    0.0,
                    0.0,
                    0.0,
                    1.0
                ]
            ]
        },
        {
            "file_path": "/data/shapenet_blender/all_50_random/02958343/ee63549013035c385e28caa3b26a73fd/r_25",
            "rotation": 0.12566370614359174,
            "transform_matrix": [
                [
                    -0.3556945025920868,
                    0.00693518528714776,
                    -0.9345765709877014,
                    -3.7673985958099365
                ],
                [
                    -0.9346022605895996,
                    -0.0026394191663712263,
                    0.35568472743034363,
                    1.4338109493255615
                ],
                [
                    0.0,
                    0.999972403049469,
                    0.007420467212796211,
                    0.029912859201431274
                ],
                [
                    0.0,
                    0.0,
                    0.0,
                    1.0
                ]
            ]
        },
        {
            "file_path": "/data/shapenet_blender/all_50_random/02958343/ee63549013035c385e28caa3b26a73fd/r_26",
            "rotation": 0.12566370614359174,
            "transform_matrix": [
                [
                    -0.2740331292152405,
                    -0.9001027345657349,
                    -0.33870476484298706,
                    -1.365362524986267
                ],
                [
                    -0.9617202877998352,
                    0.2564757764339447,
                    0.09651072323322296,
                    0.38904717564582825
                ],
                [
                    0.0,
                    0.3521863520145416,
                    -0.9359298348426819,
                    -3.7728538513183594
                ],
                [
                    0.0,
                    0.0,
                    0.0,
                    1.0
                ]
            ]
        },
        {
            "file_path": "/data/shapenet_blender/all_50_random/02958343/ee63549013035c385e28caa3b26a73fd/r_27",
            "rotation": 0.12566370614359174,
            "transform_matrix": [
                [
                    0.6272552609443665,
                    0.1389656662940979,
                    -0.7663155198097229,
                    -3.0891165733337402
                ],
                [
                    -0.7788138389587402,
                    0.11192269623279572,
                    -0.6171891689300537,
                    -2.487969160079956
                ],
                [
                    -7.450580596923828e-09,
                    0.9839521050453186,
                    0.17843247950077057,
                    0.7192843556404114
                ],
                [
                    0.0,
                    0.0,
                    0.0,
                    1.0
                ]
            ]
        },
        {
            "file_path": "/data/shapenet_blender/all_50_random/02958343/ee63549013035c385e28caa3b26a73fd/r_28",
            "rotation": 0.12566370614359174,
            "transform_matrix": [
                [
                    -0.9773227572441101,
                    -0.19128118455410004,
                    0.0908389687538147,
                    0.3661836087703705
                ],
                [
                    0.21175511181354523,
                    -0.8828286528587341,
                    0.4192532002925873,
                    1.690063714981079
                ],
                [
                    -7.450580596923828e-09,
                    0.4289811849594116,
                    0.903313398361206,
                    3.6413726806640625
                ],
                [
                    0.0,
                    0.0,
                    0.0,
                    1.0
                ]
            ]
        },
        {
            "file_path": "/data/shapenet_blender/all_50_random/02958343/ee63549013035c385e28caa3b26a73fd/r_29",
            "rotation": 0.12566370614359174,
            "transform_matrix": [
                [
                    -0.6369287371635437,
                    0.11208707839250565,
                    0.7627307772636414,
                    3.0746660232543945
                ],
                [
                    0.7709226012229919,
                    0.09260525554418564,
                    0.6301607489585876,
                    2.5402591228485107
                ],
                [
                    0.0,
                    0.9893738031387329,
                    -0.14539344608783722,
                    -0.5860997438430786
                ],
                [
                    0.0,
                    0.0,
                    0.0,
                    1.0
                ]
            ]
        },
        {
            "file_path": "/data/shapenet_blender/all_50_random/02958343/ee63549013035c385e28caa3b26a73fd/r_30",
            "rotation": 0.12566370614359174,
            "transform_matrix": [
                [
                    0.3047816753387451,
                    0.5540196299552917,
                    0.7747066617012024,
                    3.1229424476623535
                ],
                [
                    0.9524222016334534,
                    -0.17729009687900543,
                    -0.2479114681482315,
                    -0.9993630647659302
                ],
                [
                    0.0,
                    0.813406765460968,
                    -0.5816953778266907,
                    -2.3448891639709473
                ],
                [
                    0.0,
                    0.0,
                    0.0,
                    1.0
                ]
            ]
        },
        {
            "file_path": "/data/shapenet_blender/all_50_random/02958343/ee63549013035c385e28caa3b26a73fd/r_31",
            "rotation": 0.12566370614359174,
            "transform_matrix": [
                [
                    -0.9611545205116272,
                    0.07871648669242859,
                    -0.26454833149909973,
                    -1.0664284229278564
                ],
                [
                    -0.27601107954978943,
                    -0.274114727973938,
                    0.9212377667427063,
                    3.7136282920837402
                ],
                [
                    7.450580596923828e-09,
                    0.9584701061248779,
                    0.28519320487976074,
                    1.1496505737304688
                ],
                [
                    0.0,
                    0.0,
                    0.0,
                    1.0
                ]
            ]
        },
        {
            "file_path": "/data/shapenet_blender/all_50_random/02958343/ee63549013035c385e28caa3b26a73fd/r_32",
            "rotation": 0.12566370614359174,
            "transform_matrix": [
                [
                    0.9704039096832275,
                    0.15914158523082733,
                    -0.18163210153579712,
                    -0.732182502746582
                ],
                [
                    -0.24148762226104736,
                    0.6395010948181152,
                    -0.7298779487609863,
                    -2.942232370376587
                ],
                [
                    -7.450580596923828e-09,
                    0.7521383762359619,
                    0.6590051054954529,
                    2.6565349102020264
                ],
                [
                    0.0,
                    0.0,
                    0.0,
                    1.0
                ]
            ]
        },
        {
            "file_path": "/data/shapenet_blender/all_50_random/02958343/ee63549013035c385e28caa3b26a73fd/r_33",
            "rotation": 0.12566370614359174,
            "transform_matrix": [
                [
                    0.2617712616920471,
                    0.5544614791870117,
                    0.7899672389030457,
                    3.184459924697876
                ],
                [
                    0.9651299715042114,
                    -0.1503860503435135,
                    -0.21426205337047577,
                    -0.8637180328369141
                ],
                [
                    -7.450580596923828e-09,
                    0.8185086846351624,
                    -0.5744940638542175,
                    -2.315859794616699
                ],
                [
                    0.0,
                    0.0,
                    0.0,
                    1.0
                ]
            ]
        },
        {
            "file_path": "/data/shapenet_blender/all_50_random/02958343/ee63549013035c385e28caa3b26a73fd/r_34",
            "rotation": 0.12566370614359174,
            "transform_matrix": [
                [
                    -0.8331059813499451,
                    -0.0034799010027199984,
                    0.553102433681488,
                    2.2296271324157715
                ],
                [
                    0.5531133413314819,
                    -0.005241468548774719,
                    0.8330895304679871,
                    3.3582911491394043
                ],
                [
                    0.0,
                    0.9999802112579346,
                    0.006291478872299194,
                    0.025361761450767517
                ],
                [
                    0.0,
                    0.0,
                    0.0,
                    1.0
                ]
            ]
        },
        {
            "file_path": "/data/shapenet_blender/all_50_random/02958343/ee63549013035c385e28caa3b26a73fd/r_35",
            "rotation": 0.12566370614359174,
            "transform_matrix": [
                [
                    -0.9897642135620117,
                    0.09001630544662476,
                    -0.11074257642030716,
                    -0.4464176297187805
                ],
                [
                    -0.14271250367164612,
                    -0.6242965459823608,
                    0.7680409550666809,
                    3.0960724353790283
                ],
                [
                    7.450581485102248e-09,
                    0.7759838104248047,
                    0.630752682685852,
                    2.5426456928253174
                ],
                [
                    0.0,
                    0.0,
                    0.0,
                    1.0
                ]
            ]
        },
        {
            "file_path": "/data/shapenet_blender/all_50_random/02958343/ee63549013035c385e28caa3b26a73fd/r_36",
            "rotation": 0.12566370614359174,
            "transform_matrix": [
                [
                    0.996532142162323,
                    0.025638652965426445,
                    -0.07916028797626495,
                    -0.3191053569316864
                ],
                [
                    -0.08320873230695724,
                    0.3070559799671173,
                    -0.9480468034744263,
                    -3.8216991424560547
                ],
                [
                    -1.862645149230957e-09,
                    0.9513460397720337,
                    0.30812448263168335,
                    1.2420896291732788
                ],
                [
                    0.0,
                    0.0,
                    0.0,
                    1.0
                ]
            ]
        },
        {
            "file_path": "/data/shapenet_blender/all_50_random/02958343/ee63549013035c385e28caa3b26a73fd/r_37",
            "rotation": 0.12566370614359174,
            "transform_matrix": [
                [
                    0.986290454864502,
                    -0.03647040203213692,
                    -0.16093818843364716,
                    -0.648762583732605
                ],
                [
                    -0.16501875221729279,
                    -0.21797767281532288,
                    -0.9619014859199524,
                    -3.877548933029175
                ],
                [
                    0.0,
                    0.9752720594406128,
                    -0.2210075855255127,
                    -0.8909100890159607
                ],
                [
                    0.0,
                    0.0,
                    0.0,
                    1.0
                ]
            ]
        },
        {
            "file_path": "/data/shapenet_blender/all_50_random/02958343/ee63549013035c385e28caa3b26a73fd/r_38",
            "rotation": 0.12566370614359174,
            "transform_matrix": [
                [
                    0.14916321635246277,
                    -0.7819619178771973,
                    -0.605215311050415,
                    -2.4397010803222656
                ],
                [
                    -0.9888126850128174,
                    -0.11795961111783981,
                    -0.09129723906517029,
                    -0.36803096532821655
                ],
                [
                    7.450582373280668e-09,
                    0.6120626926422119,
                    -0.7908090949058533,
                    -3.1878535747528076
                ],
                [
                    0.0,
                    0.0,
                    0.0,
                    1.0
                ]
            ]
        },
        {
            "file_path": "/data/shapenet_blender/all_50_random/02958343/ee63549013035c385e28caa3b26a73fd/r_39",
            "rotation": 0.12566370614359174,
            "transform_matrix": [
                [
                    -0.34149858355522156,
                    -0.0015787023585289717,
                    -0.9398807883262634,
                    -3.78878116607666
                ],
                [
                    -0.9398822784423828,
                    0.0005736086750403047,
                    0.34149807691574097,
                    1.3766229152679443
                ],
                [
                    0.0,
                    0.9999985694885254,
                    -0.0016796806594356894,
                    -0.006771010346710682
                ],
                [
                    0.0,
                    0.0,
                    0.0,
                    1.0
                ]
            ]
        },
        {
            "file_path": "/data/shapenet_blender/all_50_random/02958343/ee63549013035c385e28caa3b26a73fd/r_40",
            "rotation": 0.12566370614359174,
            "transform_matrix": [
                [
                    -0.13798977434635162,
                    -0.17455577850341797,
                    -0.9749302864074707,
                    -3.9300696849823
                ],
                [
                    -0.9904336929321289,
                    0.024319561198353767,
                    0.13582980632781982,
                    0.547547459602356
                ],
                [
                    -1.862645149230957e-09,
                    0.9843469262123108,
                    -0.17624175548553467,
                    -0.7104532122612
                ],
                [
                    0.0,
                    0.0,
                    0.0,
                    1.0
                ]
            ]
        },
        {
            "file_path": "/data/shapenet_blender/all_50_random/02958343/ee63549013035c385e28caa3b26a73fd/r_41",
            "rotation": 0.12566370614359174,
            "transform_matrix": [
                [
                    0.17863553762435913,
                    -0.40303489565849304,
                    -0.8975812792778015,
                    -3.6182658672332764
                ],
                [
                    -0.9839153289794922,
                    -0.07317331433296204,
                    -0.16296108067035675,
                    -0.656917154788971
