{
    "class": "02958343",
    "model": "bbf84d45735af3314dde7b6e74a2cede",
    "remove_doubles": true,
    "edge_split": true,
    "denoise": true,
    "camera_angle_x": 0.6911112070083618,
    "scale_factor": 2.241624712735824,
    "hdri_file": "/data/IndoorHDRDataset2018/AG8A1592-9e5e39d41a.exr",
    "center_offset": [
        0.0,
        0.0,
        -9.313225746154785e-10
    ],
    "lights": [],
    "frames": [
        {
            "file_path": "/data/shapenet_blender/all_50_random/02958343/bbf84d45735af3314dde7b6e74a2cede/r_0",
            "rotation": 0.12566370614359174,
            "transform_matrix": [
                [
                    0.08083517104387283,
                    -0.2429218292236328,
                    -0.9666720032691956,
                    -3.8967790603637695
                ],
                [
                    -0.996727466583252,
                    -0.019701099023222923,
                    -0.07839765399694443,
                    -0.31603100895881653
                ],
                [
                    0.0,
                    0.9698457717895508,
                    -0.2437194287776947,
                    -0.9824643135070801
                ],
                [
                    0.0,
                    0.0,
                    0.0,
                    1.0
                ]
            ]
        },
        {
            "file_path": "/data/shapenet_blender/all_50_random/02958343/bbf84d45735af3314dde7b6e74a2cede/r_1",
            "rotation": 0.12566370614359174,
            "transform_matrix": [
                [
                    0.980212926864624,
                    0.015419107861816883,
                    0.19734446704387665,
                    0.7955210208892822
                ],
                [
                    0.19794592261314392,
                    -0.07635422796010971,
                    -0.9772345423698425,
                    -3.9393584728240967
                ],
                [
                    -9.313225746154785e-10,
                    0.9969615340232849,
                    -0.07789555191993713,
                    -0.3140070140361786
                ],
                [
                    0.0,
                    0.0,
                    0.0,
                    1.0
                ]
            ]
        },
        {
            "file_path": "/data/shapenet_blender/all_50_random/02958343/bbf84d45735af3314dde7b6e74a2cede/r_2",
            "rotation": 0.12566370614359174,
            "transform_matrix": [
                [
                    -0.5031271576881409,
                    -0.2636793553829193,
                    0.823004424571991,
                    3.3176369667053223
                ],
                [
                    0.8642125129699707,
                    -0.15350884199142456,
                    0.4791366755962372,
                    1.9314616918563843
                ],
                [
                    0.0,
                    0.9523172378540039,
                    0.305109441280365,
                    1.2299355268478394
                ],
                [
                    0.0,
                    0.0,
                    0.0,
                    1.0
                ]
            ]
        },
        {
            "file_path": "/data/shapenet_blender/all_50_random/02958343/bbf84d45735af3314dde7b6e74a2cede/r_3",
            "rotation": 0.12566370614359174,
            "transform_matrix": [
                [
                    -0.5219476819038391,
                    -0.511143684387207,
                    0.6828635931015015,
                    2.752711296081543
                ],
                [
                    0.852977454662323,
                    -0.31277528405189514,
                    0.41785284876823425,
                    1.6844186782836914
                ],
                [
                    1.4901161193847656e-08,
                    0.8005645871162415,
                    0.5992464423179626,
                    2.415639638900757
                ],
                [
                    0.0,
                    0.0,
                    0.0,
                    1.0
                ]
            ]
        },
        {
            "file_path": "/data/shapenet_blender/all_50_random/02958343/bbf84d45735af3314dde7b6e74a2cede/r_4",
            "rotation": 0.12566370614359174,
            "transform_matrix": [
                [
                    0.8174083232879639,
                    0.024230655282735825,
                    0.5755488872528076,
                    2.3201117515563965
                ],
                [
                    0.5760587453842163,
                    -0.034382499754428864,
                    -0.8166848421096802,
                    -3.2921619415283203
                ],
                [
                    0.0,
                    0.999114990234375,
                    -0.04206281527876854,
                    -0.16956062614917755
                ],
                [
                    0.0,
                    0.0,
                    0.0,
                    1.0
                ]
            ]
        },
        {
            "file_path": "/data/shapenet_blender/all_50_random/02958343/bbf84d45735af3314dde7b6e74a2cede/r_5",
            "rotation": 0.12566370614359174,
            "transform_matrix": [
                [
                    0.6960764527320862,
                    0.20501169562339783,
                    -0.6880753636360168,
                    -2.7737207412719727
                ],
                [
                    -0.7179677486419678,
                    0.1987607628107071,
                    -0.6670955419540405,
                    -2.689148426055908
                ],
                [
                    0.0,
                    0.9583654999732971,
                    0.28554439544677734,
                    1.1510664224624634
                ],
                [
                    0.0,
                    0.0,
                    0.0,
                    1.0
                ]
            ]
        },
        {
            "file_path": "/data/shapenet_blender/all_50_random/02958343/bbf84d45735af3314dde7b6e74a2cede/r_6",
            "rotation": 0.12566370614359174,
            "transform_matrix": [
                [
                    0.9881419539451599,
                    -0.017745401710271835,
                    -0.15251460671424866,
                    -0.614806056022644
                ],
                [
                    -0.15354348719120026,
                    -0.11420200765132904,
                    -0.981520414352417,
                    -3.9566352367401123
                ],
                [
                    0.0,
                    0.9932990670204163,
                    -0.1155724748969078,
                    -0.46588754653930664
                ],
                [
                    0.0,
                    0.0,
                    0.0,
                    1.0
                ]
            ]
        },
        {
            "file_path": "/data/shapenet_blender/all_50_random/02958343/bbf84d45735af3314dde7b6e74a2cede/r_7",
            "rotation": 0.12566370614359174,
            "transform_matrix": [
                [
                    -0.4195389151573181,
                    -0.037387315183877945,
                    0.9069671034812927,
                    3.6561012268066406
                ],
                [
                    0.9077373147010803,
                    -0.01727970503270626,
                    0.4191829264163971,
                    1.6897804737091064
                ],
                [
                    0.0,
                    0.9991514682769775,
                    0.04118737205862999,
                    0.166031613945961
                ],
                [
                    0.0,
                    0.0,
                    0.0,
                    1.0
                ]
            ]
        },
        {
            "file_path": "/data/shapenet_blender/all_50_random/02958343/bbf84d45735af3314dde7b6e74a2cede/r_8",
            "rotation": 0.12566370614359174,
            "transform_matrix": [
                [
                    -0.9920338988304138,
                    0.031298939138650894,
                    0.1220216453075409,
                    0.4918849766254425
                ],
                [
                    0.12597185373306274,
                    0.24648050963878632,
                    0.960925817489624,
                    3.8736159801483154
                ],
                [
                    0.0,
                    0.9686421751976013,
                    -0.24845978617668152,
                    -1.0015734434127808
                ],
                [
                    0.0,
                    0.0,
                    0.0,
                    1.0
                ]
            ]
        },
        {
            "file_path": "/data/shapenet_blender/all_50_random/02958343/bbf84d45735af3314dde7b6e74a2cede/r_9",
            "rotation": 0.12566370614359174,
            "transform_matrix": [
                [
                    0.9907893538475037,
                    -0.02958996593952179,
                    -0.13213986158370972,
                    -0.5326728224754333
                ],
                [
                    -0.13541236519813538,
                    -0.216504767537117,
                    -0.9668449759483337,
                    -3.8974766731262207
                ],
                [
                    0.0,
                    0.975832998752594,
                    -0.2185174524784088,
                    -0.8808720111846924
                ],
                [
                    0.0,
                    0.0,
                    0.0,
                    1.0
                ]
            ]
        },
        {
            "file_path": "/data/shapenet_blender/all_50_random/02958343/bbf84d45735af3314dde7b6e74a2cede/r_10",
            "rotation": 0.12566370614359174,
            "transform_matrix": [
                [
                    -0.005118947010487318,
                    0.11814197152853012,
                    -0.9929835200309753,
                    -4.002844333648682
                ],
                [
                    -0.9999869465827942,
                    -0.000604770437348634,
                    0.0050830962136387825,
                    0.0204906165599823
                ],
                [
                    0.0,
                    0.9929963946342468,
                    0.11814352869987488,
                    0.4762517809867859
                ],
                [
                    0.0,
                    0.0,
                    0.0,
                    1.0
                ]
            ]
        },
        {
            "file_path": "/data/shapenet_blender/all_50_random/02958343/bbf84d45735af3314dde7b6e74a2cede/r_11",
            "rotation": 0.12566370614359174,
            "transform_matrix": [
                [
                    0.9935088753700256,
                    0.011048302985727787,
                    0.11321721225976944,
                    0.45639318227767944
                ],
                [
                    0.11375502496957779,
                    -0.09649321436882019,
                    -0.9888118505477905,
                    -3.986027956008911
                ],
                [
                    0.0,
                    0.9952722787857056,
                    -0.0971236601471901,
                    -0.3915179967880249
                ],
                [
                    0.0,
                    0.0,
                    0.0,
                    1.0
                ]
            ]
        },
        {
            "file_path": "/data/shapenet_blender/all_50_random/02958343/bbf84d45735af3314dde7b6e74a2cede/r_12",
            "rotation": 0.12566370614359174,
            "transform_matrix": [
                [
                    -0.8945075869560242,
                    0.0010930401040241122,
                    -0.44705143570899963,
                    -1.8021221160888672
                ],
                [
                    -0.44705280661582947,
                    -0.0021870629861950874,
                    0.8945048451423645,
                    3.6058645248413086
                ],
                [
                    0.0,
                    0.9999969601631165,
                    0.0024449911434203386,
                    0.009856075048446655
                ],
                [
                    0.0,
                    0.0,
                    0.0,
                    1.0
                ]
            ]
        },
        {
            "file_path": "/data/shapenet_blender/all_50_random/02958343/bbf84d45735af3314dde7b6e74a2cede/r_13",
            "rotation": 0.12566370614359174,
            "transform_matrix": [
                [
                    -0.6813108921051025,
                    -0.4886177182197571,
                    0.5450394749641418,
                    2.197124719619751
                ],
                [
                    0.731994092464447,
                    -0.4547858238220215,
                    0.5073009729385376,
                    2.0449957847595215
                ],
                [
                    -1.4901161193847656e-08,
                    0.744595468044281,
                    0.6675158143043518,
                    2.690842628479004
                ],
                [
                    0.0,
                    0.0,
                    0.0,
                    1.0
                ]
            ]
        },
        {
            "file_path": "/data/shapenet_blender/all_50_random/02958343/bbf84d45735af3314dde7b6e74a2cede/r_14",
            "rotation": 0.12566370614359174,
            "transform_matrix": [
                [
                    -0.040822770446538925,
                    -0.0384262390434742,
                    0.9984272122383118,
                    4.024788856506348
                ],
                [
                    0.9991663098335266,
                    -0.0015699744690209627,
                    0.04079257324337959,
                    0.1644401252269745
                ],
                [
                    0.0,
                    0.9992603063583374,
                    0.03845829516649246,
                    0.15503033995628357
                ],
                [
                    0.0,
                    0.0,
                    0.0,
                    1.0
                ]
            ]
        },
        {
            "file_path": "/data/shapenet_blender/all_50_random/02958343/bbf84d45735af3314dde7b6e74a2cede/r_15",
            "rotation": 0.12566370614359174,
            "transform_matrix": [
                [
                    0.4208606481552124,
                    -0.025190657004714012,
                    0.9067754149436951,
                    3.6553287506103516
                ],
                [
                    0.9071253538131714,
                    0.011687200516462326,
                    -0.42069828510284424,
                    -1.6958891153335571
                ],
                [
                    0.0,
                    0.9996142983436584,
                    0.02776976488530636,
                    0.11194351315498352
                ],
                [
                    0.0,
                    0.0,
                    0.0,
                    1.0
                ]
            ]
        },
        {
            "file_path": "/data/shapenet_blender/all_50_random/02958343/bbf84d45735af3314dde7b6e74a2cede/r_16",
            "rotation": 0.12566370614359174,
            "transform_matrix": [
                [
                    0.8400295376777649,
                    0.16107700765132904,
                    0.5180778503417969,
                    2.0884385108947754
                ],
                [
                    0.5425407290458679,
                    -0.2493996024131775,
                    -0.8021529912948608,
                    -3.233582019805908
                ],
                [
                    0.0,
                    0.954910397529602,
                    -0.2968938648700714,
                    -1.196817398071289
                ],
                [
                    0.0,
                    0.0,
                    0.0,
                    1.0
                ]
            ]
        },
        {
            "file_path": "/data/shapenet_blender/all_50_random/02958343/bbf84d45735af3314dde7b6e74a2cede/r_17",
            "rotation": 0.12566370614359174,
            "transform_matrix": [
                [
                    0.9105507731437683,
                    -0.05842335894703865,
                    0.40924808382987976,
                    1.6497317552566528
                ],
                [
                    0.4133972227573395,
                    0.12868356704711914,
                    -0.9014118313789368,
                    -3.633707284927368
                ],
                [
                    0.0,
                    0.9899632334709167,
                    0.1413249969482422,
                    0.5696992874145508
                ],
                [
                    0.0,
                    0.0,
                    0.0,
                    1.0
                ]
            ]
        },
        {
            "file_path": "/data/shapenet_blender/all_50_random/02958343/bbf84d45735af3314dde7b6e74a2cede/r_18",
            "rotation": 0.12566370614359174,
            "transform_matrix": [
                [
                    -0.5171314477920532,
                    -0.041743095964193344,
                    0.8548874258995056,
                    3.4461615085601807
                ],
                [
                    0.8559060096740723,
                    -0.025220837444067,
                    0.5165160298347473,
                    2.0821428298950195
                ],
                [
                    -1.862645371275562e-09,
                    0.9988099336624146,
                    0.04877065122127533,
                    0.1966007798910141
                ],
                [
                    0.0,
                    0.0,
                    0.0,
                    1.0
                ]
            ]
        },
        {
            "file_path": "/data/shapenet_blender/all_50_random/02958343/bbf84d45735af3314dde7b6e74a2cede/r_19",
            "rotation": 0.12566370614359174,
            "transform_matrix": [
                [
                    0.9591497778892517,
                    0.27640780806541443,
                    -0.060253702104091644,
                    -0.24289046227931976
                ],
                [
                    -0.2828989624977112,
                    0.9371419548988342,
                    -0.20428606867790222,
                    -0.8235035538673401
                ],
                [
                    3.725290742551124e-09,
                    0.21298688650131226,
                    0.9770550727844238,
                    3.9386351108551025
                ],
                [
                    0.0,
                    0.0,
                    0.0,
                    1.0
                ]
            ]
        },
        {
            "file_path": "/data/shapenet_blender/all_50_random/02958343/bbf84d45735af3314dde7b6e74a2cede/r_20",
            "rotation": 0.12566370614359174,
            "transform_matrix": [
                [
                    0.05162358283996582,
                    0.10107240080833435,
                    -0.9935387969017029,
                    -4.005083084106445
                ],
                [
                    -0.9986665844917297,
                    0.005224686581641436,
                    -0.05135851725935936,
                    -0.20703279972076416
                ],
                [
                    4.6566125955216364e-10,
                    0.994865357875824,
                    0.10120734572410583,
                    0.4079798460006714
                ],
                [
                    0.0,
                    0.0,
                    0.0,
                    1.0
                ]
            ]
        },
        {
            "file_path": "/data/shapenet_blender/all_50_random/02958343/bbf84d45735af3314dde7b6e74a2cede/r_21",
            "rotation": 0.12566370614359174,
            "transform_matrix": [
                [
                    -0.67729252576828,
                    0.6509557962417603,
                    0.3428283929824829,
                    1.3819854259490967
                ],
                [
                    0.7357137203216553,
                    0.5992650389671326,
                    0.3156052529811859,
                    1.2722455263137817
                ],
                [
                    0.0,
                    0.4659806489944458,
                    -0.8847948312759399,
                    -3.5667221546173096
                ],
                [
                    0.0,
                    0.0,
                    0.0,
                    1.0
                ]
            ]
        },
        {
            "file_path": "/data/shapenet_blender/all_50_random/02958343/bbf84d45735af3314dde7b6e74a2cede/r_22",
            "rotation": 0.12566370614359174,
            "transform_matrix": [
                [
                    -0.8496646881103516,
                    0.08652454614639282,
                    -0.520176351070404,
                    -2.096897840499878
                ],
                [
                    -0.5273233652114868,
                    -0.13941511511802673,
                    0.838148832321167,
                    3.37868595123291
                ],
                [
                    7.450580596923828e-09,
                    0.9864466190338135,
                    0.16408252716064453,
                    0.6614378094673157
                ],
                [
                    0.0,
                    0.0,
                    0.0,
                    1.0
                ]
            ]
        },
        {
            "file_path": "/data/shapenet_blender/all_50_random/02958343/bbf84d45735af3314dde7b6e74a2cede/r_23",
            "rotation": 0.12566370614359174,
            "transform_matrix": [
                [
                    -0.8262143731117249,
                    0.07358452677726746,
                    0.5585293173789978,
                    2.2515039443969727
                ],
                [
                    0.5633558034896851,
                    0.1079186424612999,
                    0.8191359043121338,
                    3.3020427227020264
                ],
                [
                    0.0,
                    0.991432785987854,
                    -0.13061818480491638,
                    -0.5265387892723083
                ],
                [
                    0.0,
                    0.0,
                    0.0,
                    1.0
                ]
            ]
        },
        {
            "file_path": "/data/shapenet_blender/all_50_random/02958343/bbf84d45735af3314dde7b6e74a2cede/r_24",
            "rotation": 0.12566370614359174,
            "transform_matrix": [
                [
                    -0.5498509407043457,
                    -0.2770340144634247,
                    -0.7879822850227356,
                    -3.1764581203460693
                ],
                [
                    -0.8352628946304321,
                    0.1823706179857254,
                    0.5187262892723083,
                    2.091052532196045
                ],
                [
                    -1.4901162970204496e-08,
                    0.9433944225311279,
                    -0.33167287707328796,
                    -1.3370161056518555
                ],
                [
                    0.0,
                    0.0,
                    0.0,
                    1.0
                ]
            ]
        },
        {
            "file_path": "/data/shapenet_blender/all_50_random/02958343/bbf84d45735af3314dde7b6e74a2cede/r_25",
            "rotation": 0.12566370614359174,
            "transform_matrix": [
                [
                    0.9977193474769592,
                    -0.013746174983680248,
                    -0.06608439981937408,
                    -0.2663947343826294
                ],
                [
                    -0.06749892979860306,
                    -0.2031857967376709,
                    -0.9768108129501343,
                    -3.937650442123413
                ],
                [
                    9.313225746154785e-10,
                    0.9790436029434204,
                    -0.20365028083324432,
                    -0.8209405541419983
                ],
                [
                    0.0,
                    0.0,
                    0.0,
                    1.0
                ]
            ]
        },
        {
            "file_path": "/data/shapenet_blender/all_50_random/02958343/bbf84d45735af3314dde7b6e74a2cede/r_26",
            "rotation": 0.12566370614359174,
            "transform_matrix": [
                [
                    -0.2097301483154297,
                    -0.8786482810974121,
                    0.42894092202186584,
                    1.7291163206100464
                ],
                [
                    0.9777593612670898,
                    -0.1884707361459732,
                    0.09200815856456757,
                    0.3708967864513397
                ],
                [
                    0.0,
                    0.43869781494140625,
                    0.8986344933509827,
                    3.622511863708496
                ],
                [
                    0.0,
                    0.0,
                    0.0,
                    1.0
                ]
            ]
        },
        {
            "file_path": "/data/shapenet_blender/all_50_random/02958343/bbf84d45735af3314dde7b6e74a2cede/r_27",
            "rotation": 0.12566370614359174,
            "transform_matrix": [
                [
                    -0.9999871253967285,
                    -0.0004436557646840811,
                    0.0050633568316698074,
                    0.020411044359207153
                ],
                [
                    0.005082756746560335,
                    -0.08728532493114471,
                    0.9961704015731812,
                    4.01569128036499
                ],
                [
                    0.0,
                    0.9961832165718079,
                    0.08728645741939545,
                    0.35186296701431274
                ],
                [
                    0.0,
                    0.0,
                    0.0,
                    1.0
                ]
            ]
        },
        {
            "file_path": "/data/shapenet_blender/all_50_random/02958343/bbf84d45735af3314dde7b6e74a2cede/r_28",
            "rotation": 0.12566370614359174,
            "transform_matrix": [
                [
                    0.6698161959648132,
                    -0.691696047782898,
                    -0.2700051963329315,
                    -1.0884257555007935
                ],
                [
                    -0.7425269484519958,
                    -0.6239628195762634,
                    -0.2435653656721115,
                    -0.9818434119224548
                ],
                [
                    0.0,
                    0.36363011598587036,
                    -0.9315434098243713,
                    -3.755171537399292
                ],
                [
                    0.0,
                    0.0,
                    0.0,
                    1.0
                ]
            ]
        },
        {
            "file_path": "/data/shapenet_blender/all_50_random/02958343/bbf84d45735af3314dde7b6e74a2cede/r_29",
            "rotation": 0.12566370614359174,
            "transform_matrix": [
                [
                    0.9983826875686646,
                    -0.0037902446929365396,
                    0.05672384425997734,
                    0.22866111993789673
                ],
                [
                    0.056850332766771317,
                    0.06656275689601898,
                    -0.9961613416671753,
                    -4.015654563903809
                ],
                [
                    -2.3283061589829401e-10,
                    0.9977750778198242,
                    0.06667057424783707,
                    0.2687576711177826
                ],
                [
                    0.0,
                    0.0,
                    0.0,
                    1.0
                ]
            ]
        },
        {
            "file_path": "/data/shapenet_blender/all_50_random/02958343/bbf84d45735af3314dde7b6e74a2cede/r_30",
            "rotation": 0.12566370614359174,
            "transform_matrix": [
                [
                    -0.9611817002296448,
                    -0.029178250581026077,
                    -0.2743692994117737,
                    -1.10601806640625
                ],
                [
                    -0.2759164571762085,
                    0.10164526104927063,
                    0.9557920098304749,
                    3.8529207706451416
                ],
                [
                    0.0,
                    0.9943927526473999,
                    -0.10575030744075775,
                    -0.42629313468933105
                ],
                [
                    0.0,
                    0.0,
                    0.0,
                    1.0
                ]
            ]
        },
        {
            "file_path": "/data/shapenet_blender/all_50_random/02958343/bbf84d45735af3314dde7b6e74a2cede/r_31",
            "rotation": 0.12566370614359174,
            "transform_matrix": [
                [
                    0.909422755241394,
                    -0.22314435243606567,
                    0.3509371280670166,
                    1.4146728515625
                ],
                [
                    0.4158729314804077,
                    0.48796766996383667,
                    -0.7674224376678467,
                    -3.093578815460205
                ],
                [
                    1.4901161193847656e-08,
                    0.8438566327095032,
                    0.5365685820579529,
                    2.1629772186279297
                ],
                [
                    0.0,
                    0.0,
                    0.0,
                    1.0
                ]
            ]
        },
        {
            "file_path": "/data/shapenet_blender/all_50_random/02958343/bbf84d45735af3314dde7b6e74a2cede/r_32",
            "rotation": 0.12566370614359174,
            "transform_matrix": [
                [
                    0.9996249675750732,
                    -0.02572295255959034,
                    -0.009394114837050438,
                    -0.037868887186050415
                ],
                [
                    -0.02738465927541256,
                    -0.9389674663543701,
                    -0.34291431307792664,
                    -1.3823318481445312
                ],
                [
                    0.0,
                    0.34304291009902954,
                    -0.9393196702003479,
                    -3.7865188121795654
                ],
                [
                    0.0,
                    0.0,
                    0.0,
                    1.0
                ]
            ]
        },
        {
            "file_path": "/data/shapenet_blender/all_50_random/02958343/bbf84d45735af3314dde7b6e74a2cede/r_33",
            "rotation": 0.12566370614359174,
            "transform_matrix": [
                [
                    0.9668328762054443,
                    -0.1765478402376175,
                    -0.18456724286079407,
                    -0.7440143823623657
                ],
                [
                    -0.2554098963737488,
                    -0.6683071851730347,
                    -0.6986638903617859,
                    -2.816404342651367
                ],
                [
                    -1.4901162970204496e-08,
                    0.7226315140724182,
                    -0.6912333965301514,
                    -2.7864508628845215
                ],
                [
                    0.0,
                    0.0,
                    0.0,
                    1.0
                ]
            ]
        },
        {
            "file_path": "/data/shapenet_blender/all_50_random/02958343/bbf84d45735af3314dde7b6e74a2cede/r_34",
            "rotation": 0.12566370614359174,
            "transform_matrix": [
                [
                    -0.4970536231994629,
                    -0.750859260559082,
                    -0.4349114000797272,
                    -1.7531839609146118
                ],
                [
                    -0.8677196502685547,
                    0.4301127791404724,
                    0.24912919104099274,
                    1.0042718648910522
                ],
                [
                    -1.4901159417490817e-08,
                    0.5012118816375732,
                    -0.8653246164321899,
                    -3.4882349967956543
                ],
                [
                    0.0,
                    0.0,
                    0.0,
                    1.0
                ]
            ]
        },
        {
            "file_path": "/data/shapenet_blender/all_50_random/02958343/bbf84d45735af3314dde7b6e74a2cede/r_35",
            "rotation": 0.12566370614359174,
            "transform_matrix": [
                [
                    -0.7130994200706482,
                    -0.3644335865974426,
                    -0.5988967418670654,
                    -2.4142303466796875
                ],
                [
                    -0.7010628581047058,
                    0.3706904947757721,
                    0.6091791391372681,
                    2.4556798934936523
                ],
                [
                    -1.4901160305669237e-08,
                    0.8542697429656982,
                    -0.5198299884796143,
                    -2.0955018997192383
                ],
                [
                    0.0,
                    0.0,
                    0.0,
                    1.0
                ]
            ]
        },
        {
            "file_path": "/data/shapenet_blender/all_50_random/02958343/bbf84d45735af3314dde7b6e74a2cede/r_36",
            "rotation": 0.12566370614359174,
            "transform_matrix": [
                [
                    0.8340367674827576,
                    -0.07758423686027527,
                    -0.5462263822555542,
                    -2.201909065246582
                ],
                [
                    -0.5517087578773499,
                    -0.11728670448064804,
                    -0.825748860836029,
                    -3.328700065612793
                ],
                [
                    7.450580152834618e-09,
                    0.990062952041626,
                    -0.14062531292438507,
                    -0.5668787956237793
                ],
                [
                    0.0,
                    0.0,
                    0.0,
                    1.0
                ]
            ]
        },
        {
            "file_path": "/data/shapenet_blender/all_50_random/02958343/bbf84d45735af3314dde7b6e74a2cede/r_37",
            "rotation": 0.12566370614359174,
            "transform_matrix": [
                [
                    0.5979365706443787,
                    0.48229557275772095,
                    -0.6402052044868469,
                    -2.580749988555908
                ],
                [
                    -0.8015435338020325,
                    0.3597835898399353,
                    -0.4775812327861786,
                    -1.9251916408538818
                ],
                [
                    2.980232594040899e-08,
                    0.7987156510353088,
                    0.6017085909843445,
                    2.425565242767334
                ],
                [
                    0.0,
                    0.0,
                    0.0,
                    1.0
                ]
            ]
        },
        {
            "file_path": "/data/shapenet_blender/all_50_random/02958343/bbf84d45735af3314dde7b6e74a2cede/r_38",
            "rotation": 0.12566370614359174,
            "transform_matrix": [
                [
                    0.4261166751384735,
                    -0.12922345101833344,
                    0.8953914046287537,
                    3.609438419342041
                ],
                [
                    0.9046682715415955,
                    0.060866810381412506,
                    -0.421747088432312,
                    -1.7001169919967651
                ],
                [
                    0.0,
                    0.9897456765174866,
                    0.1428406983613968,
                    0.5758093595504761
                ],
                [
                    0.0,
                    0.0,
                    0.0,
                    1.0
                ]
            ]
        },
        {
            "file_path": "/data/shapenet_blender/all_50_random/02958343/bbf84d45735af3314dde7b6e74a2cede/r_39",
            "rotation": 0.12566370614359174,
            "transform_matrix": [
                [
                    -0.25382301211357117,
                    0.10065281391143799,
                    0.9619993567466736,
                    3.877943515777588
                ],
                [
                    0.9672507643699646,
                    0.026413004845380783,
                    0.25244495272636414,
                    1.0176382064819336
                ],
                [
                    0.0,
                    0.9945709109306335,
                    -0.10406072437763214,
                    -0.41948220133781433
                ],
                [
                    0.0,
                    0.0,
                    0.0,
                    1.0
                ]
            ]
        },
        {
            "file_path": "/data/shapenet_blender/all_50_random/02958343/bbf84d45735af3314dde7b6e74a2cede/r_40",
            "rotation": 0.12566370614359174,
            "transform_matrix": [
                [
                    0.22516381740570068,
                    0.8178609609603882,
                    -0.5295324921607971,
                    -2.1346139907836914
                ],
                [
                    -0.9743210077285767,
                    0.18900617957115173,
                    -0.12237400561571121,
                    -0.49330541491508484
                ],
                [
                    -7.450581485102248e-09,
                    0.5434888005256653,
                    0.8394163250923157,
                    3.383795738220215
                ],
                [
                    0.0,
                    0.0,
                    0.0,
                    1.0
                ]
            ]
        },
        {
            "file_path": "/data/shapenet_blender/all_50_random/02958343/bbf84d45735af3314dde7b6e74a2cede/r_41",
            "rotation": 0.12566370614359174,
            "transform_matrix": [
                [
                    0.4413173794746399,
                    0.018578683957457542,
                    0.897158682346344,
                    3.616562604904175
                ],
                [
                    0.897351086139679,
                    -0.009136999025940895,
                    -0.4412227272987366,
                    -1.7786258459091187
                ],
                [
                    0.0,
