{
    "class": "02958343",
    "model": "f1b97d671bb93ad928044fe9244db50a",
    "remove_doubles": true,
    "edge_split": true,
    "denoise": true,
    "camera_angle_x": 0.6911112070083618,
    "scale_factor": 2.114851189605811,
    "hdri_file": "/data/IndoorHDRDataset2018/9C4A0524-82a439197d.exr",
    "center_offset": [
        0.0,
        0.0,
        -3.725290298461914e-09
    ],
    "lights": [],
    "frames": [
        {
            "file_path": "/data/shapenet_blender/all_50_random/02958343/f1b97d671bb93ad928044fe9244db50a/r_0",
            "rotation": 0.12566370614359174,
            "transform_matrix": [
                [
                    0.4089653193950653,
                    0.07405508309602737,
                    0.9095401167869568,
                    3.666473388671875
                ],
                [
                    0.9125498533248901,
                    -0.03318828344345093,
                    -0.4076164960861206,
                    -1.6431546211242676
                ],
                [
                    1.8626450382086546e-09,
                    0.996701717376709,
                    -0.0811518207192421,
                    -0.327133446931839
                ],
                [
                    0.0,
                    0.0,
                    0.0,
                    1.0
                ]
            ]
        },
        {
            "file_path": "/data/shapenet_blender/all_50_random/02958343/f1b97d671bb93ad928044fe9244db50a/r_1",
            "rotation": 0.12566370614359174,
            "transform_matrix": [
                [
                    0.999879777431488,
                    0.008220781572163105,
                    -0.013154638931155205,
                    -0.05302804708480835
                ],
                [
                    -0.015512119047343731,
                    0.5298949480056763,
                    -0.8479213714599609,
                    -3.4180803298950195
                ],
                [
                    0.0,
                    0.8480232954025269,
                    0.5299587845802307,
                    2.1363322734832764
                ],
                [
                    0.0,
                    0.0,
                    0.0,
                    1.0
                ]
            ]
        },
        {
            "file_path": "/data/shapenet_blender/all_50_random/02958343/f1b97d671bb93ad928044fe9244db50a/r_2",
            "rotation": 0.12566370614359174,
            "transform_matrix": [
                [
                    0.16783587634563446,
                    0.5577149987220764,
                    0.8128868341445923,
                    3.2768516540527344
                ],
                [
                    0.9858149886131287,
                    -0.09495148062705994,
                    -0.13839471340179443,
                    -0.5578869581222534
                ],
                [
                    7.450580596923828e-09,
                    0.8245836496353149,
                    -0.5657400488853455,
                    -2.2805709838867188
                ],
                [
                    0.0,
                    0.0,
                    0.0,
                    1.0
                ]
            ]
        },
        {
            "file_path": "/data/shapenet_blender/all_50_random/02958343/f1b97d671bb93ad928044fe9244db50a/r_3",
            "rotation": 0.12566370614359174,
            "transform_matrix": [
                [
                    0.20214056968688965,
                    -0.38549867272377014,
                    0.9002943634986877,
                    3.6292026042938232
                ],
                [
                    0.9793565273284912,
                    0.07956746965646744,
                    -0.1858220249414444,
                    -0.7490725517272949
                ],
                [
                    0.0,
                    0.9192713499069214,
                    0.3936244547367096,
                    1.5867509841918945
                ],
                [
                    0.0,
                    0.0,
                    0.0,
                    1.0
                ]
            ]
        },
        {
            "file_path": "/data/shapenet_blender/all_50_random/02958343/f1b97d671bb93ad928044fe9244db50a/r_4",
            "rotation": 0.12566370614359174,
            "transform_matrix": [
                [
                    -0.8625545501708984,
                    -0.09443020075559616,
                    -0.4970739781856537,
                    -2.0037691593170166
                ],
                [
                    -0.5059640407562256,
                    0.16098220646381378,
                    0.8473990559577942,
                    3.4159746170043945
                ],
                [
                    0.0,
                    0.9824295043945312,
                    -0.18663422763347626,
                    -0.7523466348648071
                ],
                [
                    0.0,
                    0.0,
                    0.0,
                    1.0
                ]
            ]
        },
        {
            "file_path": "/data/shapenet_blender/all_50_random/02958343/f1b97d671bb93ad928044fe9244db50a/r_5",
            "rotation": 0.12566370614359174,
            "transform_matrix": [
                [
                    0.9465693831443787,
                    0.13866546750068665,
                    0.2911672592163086,
                    1.1737326383590698
                ],
                [
                    0.3225003778934479,
                    -0.4069964289665222,
                    -0.8546037077903748,
                    -3.4450173377990723
                ],
                [
                    7.450580596923828e-09,
                    0.9028430581092834,
                    -0.4299700856208801,
                    -1.733264684677124
                ],
                [
                    0.0,
                    0.0,
                    0.0,
                    1.0
                ]
            ]
        },
        {
            "file_path": "/data/shapenet_blender/all_50_random/02958343/f1b97d671bb93ad928044fe9244db50a/r_6",
            "rotation": 0.12566370614359174,
            "transform_matrix": [
                [
                    0.9983741641044617,
                    0.03510500118136406,
                    -0.04490816965699196,
                    -0.18103063106536865
                ],
                [
                    -0.05700092390179634,
                    0.6148658990859985,
                    -0.7865689396858215,
                    -3.1707611083984375
                ],
                [
                    -1.862645149230957e-09,
                    0.7878499627113342,
                    0.6158671379089355,
                    2.482640027999878
                ],
                [
                    0.0,
                    0.0,
                    0.0,
                    1.0
                ]
            ]
        },
        {
            "file_path": "/data/shapenet_blender/all_50_random/02958343/f1b97d671bb93ad928044fe9244db50a/r_7",
            "rotation": 0.12566370614359174,
            "transform_matrix": [
                [
                    0.8368233442306519,
                    0.3825130760669708,
                    0.39167648553848267,
                    1.5788984298706055
                ],
                [
                    0.5474730730056763,
                    -0.5846787691116333,
                    -0.5986852049827576,
                    -2.413377285003662
                ],
                [
                    0.0,
                    0.7154260873794556,
                    -0.6986884474754333,
                    -2.8165032863616943
                ],
                [
                    0.0,
                    0.0,
                    0.0,
                    1.0
                ]
            ]
        },
        {
            "file_path": "/data/shapenet_blender/all_50_random/02958343/f1b97d671bb93ad928044fe9244db50a/r_8",
            "rotation": 0.12566370614359174,
            "transform_matrix": [
                [
                    0.6226056218147278,
                    0.7659010291099548,
                    0.16049163043498993,
                    0.6469624638557434
                ],
                [
                    0.78253573179245,
                    -0.6093707084655762,
                    -0.12769131362438202,
                    -0.5147401690483093
                ],
                [
                    -7.450580596923828e-09,
                    0.20509175956249237,
                    -0.9787427186965942,
                    -3.9454381465911865
                ],
                [
                    0.0,
                    0.0,
                    0.0,
                    1.0
                ]
            ]
        },
        {
            "file_path": "/data/shapenet_blender/all_50_random/02958343/f1b97d671bb93ad928044fe9244db50a/r_9",
            "rotation": 0.12566370614359174,
            "transform_matrix": [
                [
                    0.8240314722061157,
                    0.07071882486343384,
                    0.5621129870414734,
                    2.2659499645233154
                ],
                [
                    0.5665440559387207,
                    -0.10285966843366623,
                    -0.8175864815711975,
                    -3.2957966327667236
                ],
                [
                    0.0,
                    0.992178738117218,
                    -0.12482493370771408,
                    -0.5031853914260864
                ],
                [
                    0.0,
                    0.0,
                    0.0,
                    1.0
                ]
            ]
        },
        {
            "file_path": "/data/shapenet_blender/all_50_random/02958343/f1b97d671bb93ad928044fe9244db50a/r_10",
            "rotation": 0.12566370614359174,
            "transform_matrix": [
                [
                    0.617327094078064,
                    -0.4949565529823303,
                    -0.6114941239356995,
                    -2.4650115966796875
                ],
                [
                    -0.7867065072059631,
                    -0.38839152455329895,
                    -0.4798383414745331,
                    -1.9342901706695557
                ],
                [
                    0.0,
                    0.7772836685180664,
                    -0.6291502714157104,
                    -2.5361859798431396
                ],
                [
                    0.0,
                    0.0,
                    0.0,
                    1.0
                ]
            ]
        },
        {
            "file_path": "/data/shapenet_blender/all_50_random/02958343/f1b97d671bb93ad928044fe9244db50a/r_11",
            "rotation": 0.12566370614359174,
            "transform_matrix": [
                [
                    0.8730161786079407,
                    -0.033468618988990784,
                    -0.4865414500236511,
                    -1.9613111019134521
                ],
                [
                    -0.48769116401672363,
                    -0.059912193566560745,
                    -0.8709580898284912,
                    -3.51094388961792
                ],
                [
                    0.0,
                    0.997642457485199,
                    -0.06862667202949524,
                    -0.27664291858673096
                ],
                [
                    0.0,
                    0.0,
                    0.0,
                    1.0
                ]
            ]
        },
        {
            "file_path": "/data/shapenet_blender/all_50_random/02958343/f1b97d671bb93ad928044fe9244db50a/r_12",
            "rotation": 0.12566370614359174,
            "transform_matrix": [
                [
                    0.8635115027427673,
                    0.03238746151328087,
                    0.5032881498336792,
                    2.0288193225860596
                ],
                [
                    0.5043292045593262,
                    -0.05545376241207123,
                    -0.861729085445404,
                    -3.473741054534912
                ],
                [
                    1.862645149230957e-09,
                    0.9979357719421387,
                    -0.0642189085483551,
                    -0.25887471437454224
                ],
                [
                    0.0,
                    0.0,
                    0.0,
                    1.0
                ]
            ]
        },
        {
            "file_path": "/data/shapenet_blender/all_50_random/02958343/f1b97d671bb93ad928044fe9244db50a/r_13",
            "rotation": 0.12566370614359174,
            "transform_matrix": [
                [
                    0.9463486671447754,
                    0.19976291060447693,
                    -0.254006028175354,
                    -1.0239311456680298
                ],
                [
                    -0.3231475055217743,
                    0.5850125551223755,
                    -0.743865430355072,
                    -2.998617649078369
                ],
                [
                    0.0,
                    0.7860374450683594,
                    0.6181787252426147,
                    2.4919583797454834
                ],
                [
                    0.0,
                    0.0,
                    0.0,
                    1.0
                ]
            ]
        },
        {
            "file_path": "/data/shapenet_blender/all_50_random/02958343/f1b97d671bb93ad928044fe9244db50a/r_14",
            "rotation": 0.12566370614359174,
            "transform_matrix": [
                [
                    -0.8491895198822021,
                    0.03349849954247475,
                    -0.5270248055458069,
                    -2.124505043029785
                ],
                [
                    -0.528088390827179,
                    -0.053867075592279434,
                    0.8474792242050171,
                    3.4162979125976562
                ],
                [
                    -1.862645371275562e-09,
                    0.9979860782623291,
                    0.06343351304531097,
                    0.2557086646556854
                ],
                [
                    0.0,
                    0.0,
                    0.0,
                    1.0
                ]
            ]
        },
        {
            "file_path": "/data/shapenet_blender/all_50_random/02958343/f1b97d671bb93ad928044fe9244db50a/r_15",
            "rotation": 0.12566370614359174,
            "transform_matrix": [
                [
                    -0.956558108329773,
                    -0.012921694666147232,
                    0.29125508666038513,
                    1.1740868091583252
                ],
                [
                    0.29154157638549805,
                    -0.042396530508995056,
                    0.955618143081665,
                    3.852219820022583
                ],
                [
                    0.0,
                    0.9990173578262329,
                    0.04432195425033569,
                    0.17866750061511993
                ],
                [
                    0.0,
                    0.0,
                    0.0,
                    1.0
                ]
            ]
        },
        {
            "file_path": "/data/shapenet_blender/all_50_random/02958343/f1b97d671bb93ad928044fe9244db50a/r_16",
            "rotation": 0.12566370614359174,
            "transform_matrix": [
                [
                    0.8886121511459351,
                    -0.43409058451652527,
                    -0.14810055494308472,
                    -0.5970125198364258
                ],
                [
                    -0.45865941047668457,
                    -0.8410122394561768,
                    -0.2869317829608917,
                    -1.1566591262817383
                ],
                [
                    7.450580596923828e-09,
                    0.32289886474609375,
                    -0.946433424949646,
                    -3.815195322036743
                ],
                [
                    0.0,
                    0.0,
                    0.0,
                    1.0
                ]
            ]
        },
        {
            "file_path": "/data/shapenet_blender/all_50_random/02958343/f1b97d671bb93ad928044fe9244db50a/r_17",
            "rotation": 0.12566370614359174,
            "transform_matrix": [
                [
                    -0.9328336715698242,
                    -0.09231389313936234,
                    0.3482806086540222,
                    1.4039640426635742
                ],
                [
                    0.36030709743499756,
                    -0.23900029063224792,
                    0.9016970992088318,
                    3.634857177734375
                ],
                [
                    0.0,
                    0.9666213989257812,
                    0.2562088966369629,
                    1.0328110456466675
                ],
                [
                    0.0,
                    0.0,
                    0.0,
                    1.0
                ]
            ]
        },
        {
            "file_path": "/data/shapenet_blender/all_50_random/02958343/f1b97d671bb93ad928044fe9244db50a/r_18",
            "rotation": 0.12566370614359174,
            "transform_matrix": [
                [
                    -0.5883998870849609,
                    0.3885112404823303,
                    -0.7091153264045715,
                    -2.8585352897644043
                ],
                [
                    -0.8085700869560242,
                    -0.28272131085395813,
                    0.5160262584686279,
                    2.0801684856414795
                ],
                [
                    -2.9802322387695312e-08,
                    0.8769991397857666,
                    0.4804917871952057,
                    1.9369243383407593
                ],
                [
                    0.0,
                    0.0,
                    0.0,
                    1.0
                ]
            ]
        },
        {
            "file_path": "/data/shapenet_blender/all_50_random/02958343/f1b97d671bb93ad928044fe9244db50a/r_19",
            "rotation": 0.12566370614359174,
            "transform_matrix": [
                [
                    0.7964543700218201,
                    -0.1451171189546585,
                    0.5870276689529419,
                    2.366384267807007
                ],
                [
                    0.604698657989502,
                    0.19113512337207794,
                    -0.7731797099113464,
                    -3.1167871952056885
                ],
                [
                    0.0,
                    0.9707772135734558,
                    0.2399825006723404,
                    0.9674004316329956
                ],
                [
                    0.0,
                    0.0,
                    0.0,
                    1.0
                ]
            ]
        },
        {
            "file_path": "/data/shapenet_blender/all_50_random/02958343/f1b97d671bb93ad928044fe9244db50a/r_20",
            "rotation": 0.12566370614359174,
            "transform_matrix": [
                [
                    -0.23704656958580017,
                    0.19638429582118988,
                    -0.9514422416687012,
                    -3.835385799407959
                ],
                [
                    -0.9714983701705933,
                    -0.04791795834898949,
                    0.23215284943580627,
                    0.935837984085083
                ],
                [
                    7.450580596923828e-09,
                    0.9793554544448853,
                    0.2021457999944687,
                    0.8148756623268127
                ],
                [
                    0.0,
                    0.0,
                    0.0,
                    1.0
                ]
            ]
        },
        {
            "file_path": "/data/shapenet_blender/all_50_random/02958343/f1b97d671bb93ad928044fe9244db50a/r_21",
            "rotation": 0.12566370614359174,
            "transform_matrix": [
                [
                    0.12269680202007294,
                    0.5656171441078186,
                    -0.8154891729354858,
                    -3.2873423099517822
                ],
                [
                    -0.9924442768096924,
                    0.06992776691913605,
                    -0.1008196771144867,
                    -0.4064171612262726
                ],
                [
                    -3.725290742551124e-09,
                    0.8216978311538696,
                    0.5699232816696167,
                    2.2974345684051514
                ],
                [
                    0.0,
                    0.0,
                    0.0,
                    1.0
                ]
            ]
        },
        {
            "file_path": "/data/shapenet_blender/all_50_random/02958343/f1b97d671bb93ad928044fe9244db50a/r_22",
            "rotation": 0.12566370614359174,
            "transform_matrix": [
                [
                    -0.2921774387359619,
                    -0.6488215923309326,
                    -0.7026114463806152,
                    -2.832317352294922
                ],
                [
                    -0.9563641548156738,
                    0.19822056591510773,
                    0.21465381979942322,
                    0.8652971982955933
                ],
                [
                    0.0,
                    0.7346693277359009,
                    -0.6784252524375916,
                    -2.7348196506500244
                ],
                [
                    0.0,
                    0.0,
                    0.0,
                    1.0
                ]
            ]
        },
        {
            "file_path": "/data/shapenet_blender/all_50_random/02958343/f1b97d671bb93ad928044fe9244db50a/r_23",
            "rotation": 0.12566370614359174,
            "transform_matrix": [
                [
                    -0.9535155892372131,
                    0.021621257066726685,
                    -0.30056706070899963,
                    -1.2116243839263916
                ],
                [
                    -0.3013436794281006,
                    -0.06841425597667694,
                    0.9510581493377686,
                    3.8338375091552734
                ],
                [
                    1.8626450382086546e-09,
                    0.9974226355552673,
                    0.0717495009303093,
                    0.28923144936561584
                ],
                [
                    0.0,
                    0.0,
                    0.0,
                    1.0
                ]
            ]
        },
        {
            "file_path": "/data/shapenet_blender/all_50_random/02958343/f1b97d671bb93ad928044fe9244db50a/r_24",
            "rotation": 0.12566370614359174,
            "transform_matrix": [
                [
                    0.3777855336666107,
                    -0.44864538311958313,
                    -0.8099353313446045,
                    -3.264954090118408
                ],
                [
                    -0.9258931279182434,
                    -0.18305756151676178,
                    -0.33047211170196533,
                    -1.332175850868225
                ],
                [
                    0.0,
                    0.874761164188385,
                    -0.4845541715621948,
                    -1.9533004760742188
                ],
                [
                    0.0,
                    0.0,
                    0.0,
                    1.0
                ]
            ]
        },
        {
            "file_path": "/data/shapenet_blender/all_50_random/02958343/f1b97d671bb93ad928044fe9244db50a/r_25",
            "rotation": 0.12566370614359174,
            "transform_matrix": [
                [
                    0.45561254024505615,
                    -0.07003505527973175,
                    -0.8874189257621765,
                    -3.5772998332977295
                ],
                [
                    -0.8901782035827637,
                    -0.03584546223282814,
                    -0.45420026779174805,
                    -1.830939769744873
                ],
                [
                    -3.725290076417309e-09,
                    0.996900200843811,
                    -0.07867533713579178,
                    -0.31715041399002075
                ],
                [
                    0.0,
                    0.0,
                    0.0,
                    1.0
                ]
            ]
        },
        {
            "file_path": "/data/shapenet_blender/all_50_random/02958343/f1b97d671bb93ad928044fe9244db50a/r_26",
            "rotation": 0.12566370614359174,
            "transform_matrix": [
                [
                    0.05070006847381592,
                    -0.9359947443008423,
                    -0.34834346175193787,
                    -1.4042173624038696
                ],
                [
                    -0.9987139701843262,
                    -0.0475161038339138,
                    -0.017683779820799828,
                    -0.07128559798002243
                ],
                [
                    1.862645371275562e-09,
                    0.3487919867038727,
                    -0.937200129032135,
                    -3.7779746055603027
                ],
                [
                    0.0,
                    0.0,
                    0.0,
                    1.0
                ]
            ]
        },
        {
            "file_path": "/data/shapenet_blender/all_50_random/02958343/f1b97d671bb93ad928044fe9244db50a/r_27",
            "rotation": 0.12566370614359174,
            "transform_matrix": [
                [
                    0.9945815801620483,
                    -0.06392138451337814,
                    0.0819854810833931,
                    0.3304940462112427
                ],
                [
                    0.10395942628383636,
                    0.6115369200706482,
                    -0.7843564748764038,
                    -3.161842107772827
                ],
                [
                    3.725290298461914e-09,
                    0.7886296510696411,
                    0.6148685216903687,
                    2.478614330291748
                ],
                [
                    0.0,
                    0.0,
                    0.0,
                    1.0
                ]
            ]
        },
        {
            "file_path": "/data/shapenet_blender/all_50_random/02958343/f1b97d671bb93ad928044fe9244db50a/r_28",
            "rotation": 0.12566370614359174,
            "transform_matrix": [
                [
                    -0.8262309432029724,
                    0.4908427298069,
                    0.2764338552951813,
                    1.1143406629562378
                ],
                [
                    0.5633314847946167,
                    0.719912588596344,
                    0.4054419696331024,
                    1.6343889236450195
                ],
                [
                    1.4901161193847656e-08,
                    0.4907126724720001,
                    -0.8713213801383972,
                    -3.512408971786499
                ],
                [
                    0.0,
                    0.0,
                    0.0,
                    1.0
                ]
            ]
        },
        {
            "file_path": "/data/shapenet_blender/all_50_random/02958343/f1b97d671bb93ad928044fe9244db50a/r_29",
            "rotation": 0.12566370614359174,
            "transform_matrix": [
                [
                    0.9898448586463928,
                    -0.12640534341335297,
                    0.06502960622310638,
                    0.26214274764060974
                ],
                [
                    0.14215190708637238,
                    0.8801969885826111,
                    -0.45281997323036194,
                    -1.8253757953643799
                ],
                [
                    0.0,
                    0.4574654996395111,
                    0.8892272710800171,
                    3.584589958190918
                ],
                [
                    0.0,
                    0.0,
                    0.0,
                    1.0
                ]
            ]
        },
        {
            "file_path": "/data/shapenet_blender/all_50_random/02958343/f1b97d671bb93ad928044fe9244db50a/r_30",
            "rotation": 0.12566370614359174,
            "transform_matrix": [
                [
                    0.6922391653060913,
                    0.1425492763519287,
                    0.7074494361877441,
                    2.8518197536468506
                ],
                [
                    0.7216682434082031,
                    -0.1367362141609192,
                    -0.6786001324653625,
                    -2.7355246543884277
                ],
                [
                    0.0,
                    0.9802972674369812,
                    -0.19752748310565948,
                    -0.7962586879730225
                ],
                [
                    0.0,
                    0.0,
                    0.0,
                    1.0
                ]
            ]
        },
        {
            "file_path": "/data/shapenet_blender/all_50_random/02958343/f1b97d671bb93ad928044fe9244db50a/r_31",
            "rotation": 0.12566370614359174,
            "transform_matrix": [
                [
                    -0.44841983914375305,
                    -0.4309402406215668,
                    0.7830772995948792,
                    3.1566858291625977
                ],
                [
                    0.8938230276107788,
                    -0.21619734168052673,
                    0.3928601145744324,
                    1.583669900894165
                ],
                [
                    0.0,
                    0.8760988712310791,
                    0.4821314513683319,
                    1.9435341358184814
                ],
                [
                    0.0,
                    0.0,
                    0.0,
                    1.0
                ]
            ]
        },
        {
            "file_path": "/data/shapenet_blender/all_50_random/02958343/f1b97d671bb93ad928044fe9244db50a/r_32",
            "rotation": 0.12566370614359174,
            "transform_matrix": [
                [
                    -0.34000784158706665,
                    -0.6510960459709167,
                    -0.6785783767700195,
                    -2.7354369163513184
                ],
                [
                    -0.9404226541519165,
                    0.2354024350643158,
                    0.2453385889530182,
                    0.9889914989471436
                ],
                [
                    1.4901161193847656e-08,
                    0.7215675711631775,
                    -0.692344069480896,
                    -2.7909281253814697
                ],
                [
                    0.0,
                    0.0,
                    0.0,
                    1.0
                ]
            ]
        },
        {
            "file_path": "/data/shapenet_blender/all_50_random/02958343/f1b97d671bb93ad928044fe9244db50a/r_33",
            "rotation": 0.12566370614359174,
            "transform_matrix": [
                [
                    -0.6289109587669373,
                    0.5962957739830017,
                    -0.49890121817588806,
                    -2.0111351013183594
                ],
                [
                    -0.7774774432182312,
                    -0.4823509156703949,
                    0.40356728434562683,
                    1.6268317699432373
                ],
                [
                    1.4901162970204496e-08,
                    0.6416922211647034,
                    0.7669621706008911,
                    3.0917234420776367
                ],
                [
                    0.0,
                    0.0,
                    0.0,
                    1.0
                ]
            ]
        },
        {
            "file_path": "/data/shapenet_blender/all_50_random/02958343/f1b97d671bb93ad928044fe9244db50a/r_34",
            "rotation": 0.12566370614359174,
            "transform_matrix": [
                [
                    -0.9938806891441345,
                    0.03405817970633507,
                    -0.10507773607969284,
                    -0.42358189821243286
                ],
                [
                    -0.11045946180820465,
                    -0.3064451813697815,
                    0.9454575777053833,
                    3.8112614154815674
                ],
                [
                    0.0,
                    0.9512786865234375,
                    0.30833202600479126,
                    1.2429261207580566
                ],
                [
                    0.0,
                    0.0,
                    0.0,
                    1.0
                ]
            ]
        },
        {
            "file_path": "/data/shapenet_blender/all_50_random/02958343/f1b97d671bb93ad928044fe9244db50a/r_35",
            "rotation": 0.12566370614359174,
            "transform_matrix": [
                [
                    -0.1515723466873169,
                    0.0011283865896984935,
                    0.9884455800056458,
                    3.984551191329956
                ],
                [
                    0.9884461760520935,
                    0.00017303138156421483,
                    0.15157225728034973,
                    0.6110072135925293
                ],
                [
                    0.0,
                    0.9999994039535522,
                    -0.0011415760964155197,
                    -0.004601839929819107
                ],
                [
                    0.0,
                    0.0,
                    0.0,
                    1.0
                ]
            ]
        },
        {
            "file_path": "/data/shapenet_blender/all_50_random/02958343/f1b97d671bb93ad928044fe9244db50a/r_36",
            "rotation": 0.12566370614359174,
            "transform_matrix": [
                [
                    -0.3255002796649933,
                    0.13700614869594574,
                    -0.935563325881958,
                    -3.771376609802246
                ],
                [
                    -0.94554203748703,
                    -0.04716400057077408,
                    0.32206517457962036,
                    1.2982863187789917
                ],
                [
                    3.725290742551124e-09,
                    0.9894466400146484,
                    0.1448969542980194,
                    0.5840983390808105
                ],
                [
                    0.0,
                    0.0,
                    0.0,
                    1.0
                ]
            ]
        },
        {
            "file_path": "/data/shapenet_blender/all_50_random/02958343/f1b97d671bb93ad928044fe9244db50a/r_37",
            "rotation": 0.12566370614359174,
            "transform_matrix": [
                [
                    0.9460052847862244,
                    0.18642757833003998,
                    0.2651767432689667,
                    1.0689616203308105
                ],
                [
                    0.32415106892585754,
                    -0.5440717935562134,
                    -0.7738940119743347,
                    -3.119666576385498
                ],
                [
                    0.0,
                    0.8180651664733887,
                    -0.575125515460968,
                    -2.3184051513671875
                ],
                [
                    0.0,
                    0.0,
                    0.0,
                    1.0
                ]
            ]
        },
        {
            "file_path": "/data/shapenet_blender/all_50_random/02958343/f1b97d671bb93ad928044fe9244db50a/r_38",
            "rotation": 0.12566370614359174,
            "transform_matrix": [
                [
                    0.7562548518180847,
                    0.3645845353603363,
                    -0.5432832837104797,
                    -2.19004487991333
                ],
                [
                    -0.6542771458625793,
                    0.42140981554985046,
                    -0.6279610991477966,
                    -2.5313920974731445
                ],
                [
                    0.0,
                    0.8303564786911011,
                    0.5572324991226196,
                    2.2462761402130127
                ],
                [
                    0.0,
                    0.0,
                    0.0,
                    1.0
                ]
            ]
        },
        {
            "file_path": "/data/shapenet_blender/all_50_random/02958343/f1b97d671bb93ad928044fe9244db50a/r_39",
            "rotation": 0.12566370614359174,
            "transform_matrix": [
                [
                    -0.44202327728271484,
                    -0.4161238968372345,
                    0.7946422100067139,
                    3.203305244445801
                ],
                [
                    0.8970035910606384,
                    -0.2050565481185913,
                    0.39158186316490173,
                    1.578516960144043
                ],
                [
                    1.4901161193847656e-08,
                    0.8858851790428162,
                    0.4639044404029846,
                    1.8700586557388306
                ],
                [
                    0.0,
                    0.0,
                    0.0,
                    1.0
                ]
            ]
        },
        {
            "file_path": "/data/shapenet_blender/all_50_random/02958343/f1b97d671bb93ad928044fe9244db50a/r_40",
            "rotation": 0.12566370614359174,
            "transform_matrix": [
                [
                    -0.9879587888717651,
                    -0.1233622208237648,
                    0.09337735921144485,
                    0.3764162063598633
                ],
                [
                    0.15471771359443665,
                    -0.7877364754676819,
                    0.5962663888931274,
                    2.4036269187927246
                ],
                [
                    7.450580596923828e-09,
                    0.6035338640213013,
                    0.7973372936248779,
                    3.214169979095459
                ],
                [
                    0.0,
                    0.0,
                    0.0,
                    1.0
                ]
            ]
        },
        {
            "file_path": "/data/shapenet_blender/all_50_random/02958343/f1b97d671bb93ad928044fe9244db50a/r_41",
            "rotation": 0.12566370614359174,
            "transform_matrix": [
                [
                    0.1800517588853836,
                    0.2472359538078308,
                    0.9520795941352844,
                    3.837955951690674
                ],
                [
                    0.9836572408676147,
                    -0.04525485634803772,
                    -0.17427168786525726,
                    -0.702511727809906
                ],
                [
