{
    "class": "02958343",
    "model": "45ff3c9bc849f2e33a2844e8778fdc6",
    "remove_doubles": true,
    "edge_split": true,
    "denoise": true,
    "camera_angle_x": 0.6911112070083618,
    "scale_factor": 2.3522519609792263,
    "hdri_file": "/data/IndoorHDRDataset2018/9C4A7108-805c1c44e7.exr",
    "center_offset": [
        0.0,
        -1.862645149230957e-09,
        0.0
    ],
    "lights": [],
    "frames": [
        {
            "file_path": "/data/shapenet_blender/all_50_random/02958343/45ff3c9bc849f2e33a2844e8778fdc6/r_0",
            "rotation": 0.12566370614359174,
            "transform_matrix": [
                [
                    -0.7310791611671448,
                    0.6753786206245422,
                    -0.09688638150691986,
                    -0.3905614912509918
                ],
                [
                    -0.682292640209198,
                    -0.7236707210540771,
                    0.10381411761045456,
                    0.418488085269928
                ],
                [
                    0.0,
                    0.1420009881258011,
                    0.9898664951324463,
                    3.990279197692871
                ],
                [
                    0.0,
                    0.0,
                    0.0,
                    1.0
                ]
            ]
        },
        {
            "file_path": "/data/shapenet_blender/all_50_random/02958343/45ff3c9bc849f2e33a2844e8778fdc6/r_1",
            "rotation": 0.12566370614359174,
            "transform_matrix": [
                [
                    0.8890424966812134,
                    -0.27202948927879333,
                    -0.3682437539100647,
                    -1.4844380617141724
                ],
                [
                    -0.4578247666358948,
                    -0.5282496809959412,
                    -0.7150865793228149,
                    -2.882606267929077
                ],
                [
                    -1.4901161193847656e-08,
                    0.8043334484100342,
                    -0.5941781401634216,
                    -2.3952085971832275
                ],
                [
                    0.0,
                    0.0,
                    0.0,
                    1.0
                ]
            ]
        },
        {
            "file_path": "/data/shapenet_blender/all_50_random/02958343/45ff3c9bc849f2e33a2844e8778fdc6/r_2",
            "rotation": 0.12566370614359174,
            "transform_matrix": [
                [
                    0.3276222348213196,
                    0.0717666819691658,
                    -0.9420791864395142,
                    -3.797642707824707
                ],
                [
                    -0.9448087811470032,
                    0.024885840713977814,
                    -0.3266757130622864,
                    -1.3168718814849854
                ],
                [
                    0.0,
                    0.9971109628677368,
                    0.07595895230770111,
                    0.3062003254890442
                ],
                [
                    0.0,
                    0.0,
                    0.0,
                    1.0
                ]
            ]
        },
        {
            "file_path": "/data/shapenet_blender/all_50_random/02958343/45ff3c9bc849f2e33a2844e8778fdc6/r_3",
            "rotation": 0.12566370614359174,
            "transform_matrix": [
                [
                    -0.40734797716140747,
                    -0.2325611114501953,
                    0.8831664323806763,
                    3.560157537460327
                ],
                [
                    0.91327303647995,
                    -0.10372943431138992,
                    0.3939194977283478,
                    1.5879402160644531
                ],
                [
                    0.0,
                    0.9670342206954956,
                    0.25464579463005066,
                    1.0265100002288818
                ],
                [
                    0.0,
                    0.0,
                    0.0,
                    1.0
                ]
            ]
        },
        {
            "file_path": "/data/shapenet_blender/all_50_random/02958343/45ff3c9bc849f2e33a2844e8778fdc6/r_4",
            "rotation": 0.12566370614359174,
            "transform_matrix": [
                [
                    -0.18391577899456024,
                    -0.029061922803521156,
                    0.9825122952461243,
                    3.9606337547302246
                ],
                [
                    0.9829420447349548,
                    -0.005437702406197786,
                    0.18383537232875824,
                    0.7410640716552734
                ],
                [
                    0.0,
                    0.9995627999305725,
                    0.029566265642642975,
                    0.1191854327917099
                ],
                [
                    0.0,
                    0.0,
                    0.0,
                    1.0
                ]
            ]
        },
        {
            "file_path": "/data/shapenet_blender/all_50_random/02958343/45ff3c9bc849f2e33a2844e8778fdc6/r_5",
            "rotation": 0.12566370614359174,
            "transform_matrix": [
                [
                    -0.463209867477417,
                    0.18817166984081268,
                    0.8660416007041931,
                    3.4911253452301025
                ],
                [
                    0.8862486481666565,
                    0.09835046529769897,
                    0.4526483714580536,
                    1.8246839046478271
                ],
                [
                    7.450580596923828e-09,
                    0.977199375629425,
                    -0.21232379972934723,
                    -0.8559046387672424
                ],
                [
                    0.0,
                    0.0,
                    0.0,
                    1.0
                ]
            ]
        },
        {
            "file_path": "/data/shapenet_blender/all_50_random/02958343/45ff3c9bc849f2e33a2844e8778fdc6/r_6",
            "rotation": 0.12566370614359174,
            "transform_matrix": [
                [
                    0.38079163432121277,
                    0.6030197739601135,
                    0.7009742259979248,
                    2.8257174491882324
                ],
                [
                    0.924660861492157,
                    -0.24833418428897858,
                    -0.2886735498905182,
                    -1.1636803150177002
                ],
                [
                    0.0,
                    0.7580878734588623,
                    -0.6521523594856262,
                    -2.6289103031158447
                ],
                [
                    0.0,
                    0.0,
                    0.0,
                    1.0
                ]
            ]
        },
        {
            "file_path": "/data/shapenet_blender/all_50_random/02958343/45ff3c9bc849f2e33a2844e8778fdc6/r_7",
            "rotation": 0.12566370614359174,
            "transform_matrix": [
                [
                    -0.9305710792541504,
                    -0.0005907306331209838,
                    -0.3661108613014221,
                    -1.4758400917053223
                ],
                [
                    -0.3661113381385803,
                    0.0015015017706900835,
                    0.9305698275566101,
                    3.751246929168701
                ],
                [
                    0.0,
                    0.9999986290931702,
                    -0.00161352741997689,
                    -0.006504337303340435
                ],
                [
                    0.0,
                    0.0,
                    0.0,
                    1.0
                ]
            ]
        },
        {
            "file_path": "/data/shapenet_blender/all_50_random/02958343/45ff3c9bc849f2e33a2844e8778fdc6/r_8",
            "rotation": 0.12566370614359174,
            "transform_matrix": [
                [
                    0.8820323944091797,
                    -0.2013576775789261,
                    0.4259977340698242,
                    1.7172517776489258
                ],
                [
                    0.4711889922618866,
                    0.37692731618881226,
                    -0.7974376082420349,
                    -3.214573860168457
                ],
                [
                    0.0,
                    0.9040911197662354,
                    0.4273396134376526,
                    1.7226611375808716
                ],
                [
                    0.0,
                    0.0,
                    0.0,
                    1.0
                ]
            ]
        },
        {
            "file_path": "/data/shapenet_blender/all_50_random/02958343/45ff3c9bc849f2e33a2844e8778fdc6/r_9",
            "rotation": 0.12566370614359174,
            "transform_matrix": [
                [
                    0.8120279312133789,
                    -0.38625556230545044,
                    -0.43751260638237,
                    -1.763669729232788
                ],
                [
                    -0.5836185812950134,
                    -0.5374234318733215,
                    -0.6087408065795898,
                    -2.4539127349853516
                ],
                [
                    -1.4901161193847656e-08,
                    0.7496549487113953,
                    -0.6618287563323975,
                    -2.667917013168335
                ],
                [
                    0.0,
                    0.0,
                    0.0,
                    1.0
                ]
            ]
        },
        {
            "file_path": "/data/shapenet_blender/all_50_random/02958343/45ff3c9bc849f2e33a2844e8778fdc6/r_10",
            "rotation": 0.12566370614359174,
            "transform_matrix": [
                [
                    -0.43482208251953125,
                    0.3054092526435852,
                    -0.8471450805664062,
                    -3.4149513244628906
                ],
                [
                    -0.9005163908004761,
                    -0.14746947586536407,
                    0.4090512990951538,
                    1.6489386558532715
                ],
                [
                    7.450580596923828e-09,
                    0.9407325387001038,
                    0.33914902806282043,
                    1.367153525352478
                ],
                [
                    0.0,
                    0.0,
                    0.0,
                    1.0
                ]
            ]
        },
        {
            "file_path": "/data/shapenet_blender/all_50_random/02958343/45ff3c9bc849f2e33a2844e8778fdc6/r_11",
            "rotation": 0.12566370614359174,
            "transform_matrix": [
                [
                    -0.032648924738168716,
                    0.1066414937376976,
                    -0.9937612414360046,
                    -4.005980014801025
                ],
                [
                    -0.9994669556617737,
                    -0.003483586711809039,
                    0.03246253728866577,
                    0.13086068630218506
                ],
                [
                    2.3283067140944524e-10,
                    0.9942914247512817,
                    0.10669835656881332,
                    0.43011486530303955
                ],
                [
                    0.0,
                    0.0,
                    0.0,
                    1.0
                ]
            ]
        },
        {
            "file_path": "/data/shapenet_blender/all_50_random/02958343/45ff3c9bc849f2e33a2844e8778fdc6/r_12",
            "rotation": 0.12566370614359174,
            "transform_matrix": [
                [
                    -0.8176340460777283,
                    0.235379159450531,
                    -0.5254248380661011,
                    -2.1180553436279297
                ],
                [
                    -0.5757383108139038,
                    -0.33427339792251587,
                    0.7461813688278198,
                    3.007953405380249
                ],
                [
                    0.0,
                    0.9126105308532715,
                    0.40883007645606995,
                    1.6480467319488525
                ],
                [
                    0.0,
                    0.0,
                    0.0,
                    1.0
                ]
            ]
        },
        {
            "file_path": "/data/shapenet_blender/all_50_random/02958343/45ff3c9bc849f2e33a2844e8778fdc6/r_13",
            "rotation": 0.12566370614359174,
            "transform_matrix": [
                [
                    -0.2358224093914032,
                    0.48286107182502747,
                    -0.8433462977409363,
                    -3.3996376991271973
                ],
                [
                    -0.9717960953712463,
                    -0.11717423051595688,
                    0.20465193688869476,
                    0.8249783515930176
                ],
                [
                    0.0,
                    0.8678222298622131,
                    0.4968748092651367,
                    2.0029664039611816
                ],
                [
                    0.0,
                    0.0,
                    0.0,
                    1.0
                ]
            ]
        },
        {
            "file_path": "/data/shapenet_blender/all_50_random/02958343/45ff3c9bc849f2e33a2844e8778fdc6/r_14",
            "rotation": 0.12566370614359174,
            "transform_matrix": [
                [
                    0.8320409059524536,
                    -0.4500194787979126,
                    -0.3243308663368225,
                    -1.3074195384979248
                ],
                [
                    -0.5547143816947937,
                    -0.6750043034553528,
                    -0.4864782989025116,
                    -1.9610567092895508
                ],
                [
                    -1.4901162970204496e-08,
                    0.5846807956695557,
                    -0.811263382434845,
                    -3.2703073024749756
                ],
                [
                    0.0,
                    0.0,
                    0.0,
                    1.0
                ]
            ]
        },
        {
            "file_path": "/data/shapenet_blender/all_50_random/02958343/45ff3c9bc849f2e33a2844e8778fdc6/r_15",
            "rotation": 0.12566370614359174,
            "transform_matrix": [
                [
                    0.043140724301338196,
                    0.0677543357014656,
                    -0.9967689514160156,
                    -4.018104076385498
                ],
                [
                    -0.9990690350532532,
                    0.00292569468729198,
                    -0.0430414043366909,
                    -0.17350545525550842
                ],
                [
                    -2.3283064365386963e-10,
                    0.9976977109909058,
                    0.06781747937202454,
                    0.27338099479675293
                ],
                [
                    0.0,
                    0.0,
                    0.0,
                    1.0
                ]
            ]
        },
        {
            "file_path": "/data/shapenet_blender/all_50_random/02958343/45ff3c9bc849f2e33a2844e8778fdc6/r_16",
            "rotation": 0.12566370614359174,
            "transform_matrix": [
                [
                    -0.6013180017471313,
                    0.35484692454338074,
                    -0.7158911824226379,
                    -2.885849952697754
                ],
                [
                    -0.7990097999572754,
                    -0.2670503556728363,
                    0.5387646555900574,
                    2.17182993888855
                ],
                [
                    -1.4901161193847656e-08,
                    0.8959730267524719,
                    0.44410836696624756,
                    1.7902581691741943
                ],
                [
                    0.0,
                    0.0,
                    0.0,
                    1.0
                ]
            ]
        },
        {
            "file_path": "/data/shapenet_blender/all_50_random/02958343/45ff3c9bc849f2e33a2844e8778fdc6/r_17",
            "rotation": 0.12566370614359174,
            "transform_matrix": [
                [
                    -0.5592373609542847,
                    0.21885424852371216,
                    -0.7995975613594055,
                    -3.223281145095825
                ],
                [
                    -0.829007625579834,
                    -0.14763611555099487,
                    0.5393977165222168,
                    2.174381971359253
                ],
                [
                    7.450581485102248e-09,
                    0.9645239114761353,
                    0.2639954090118408,
                    1.064199686050415
                ],
                [
                    0.0,
                    0.0,
                    0.0,
                    1.0
                ]
            ]
        },
        {
            "file_path": "/data/shapenet_blender/all_50_random/02958343/45ff3c9bc849f2e33a2844e8778fdc6/r_18",
            "rotation": 0.12566370614359174,
            "transform_matrix": [
                [
                    -0.4427744448184967,
                    -0.1415451467037201,
                    -0.8853902220726013,
                    -3.569121837615967
                ],
                [
                    -0.8966330289840698,
                    0.06989767402410507,
                    0.43722251057624817,
                    1.7625000476837158
                ],
                [
                    -7.450580596923828e-09,
                    0.9874610304832458,
                    -0.15786296129226685,
                    -0.6363658905029297
                ],
                [
                    0.0,
                    0.0,
                    0.0,
                    1.0
                ]
            ]
        },
        {
            "file_path": "/data/shapenet_blender/all_50_random/02958343/45ff3c9bc849f2e33a2844e8778fdc6/r_19",
            "rotation": 0.12566370614359174,
            "transform_matrix": [
                [
                    -0.6363149285316467,
                    -0.513727068901062,
                    -0.5754891037940979,
                    -2.319870948791504
                ],
                [
                    -0.7714295387268066,
                    0.4237487018108368,
                    0.4746932089328766,
                    1.9135496616363525
                ],
                [
                    1.4901162970204496e-08,
                    0.7460035681724548,
                    -0.6659418344497681,
                    -2.684497594833374
                ],
                [
                    0.0,
                    0.0,
                    0.0,
                    1.0
                ]
            ]
        },
        {
            "file_path": "/data/shapenet_blender/all_50_random/02958343/45ff3c9bc849f2e33a2844e8778fdc6/r_20",
            "rotation": 0.12566370614359174,
            "transform_matrix": [
                [
                    0.9761388897895813,
                    -0.1003493070602417,
                    -0.19256959855556488,
                    -0.7762728333473206
                ],
                [
                    -0.21714752912521362,
                    -0.45109823346138,
                    -0.8656542897224426,
                    -3.4895639419555664
                ],
                [
                    7.450580596923828e-09,
                    0.8868147134780884,
                    -0.46212509274482727,
                    -1.8628857135772705
                ],
                [
                    0.0,
                    0.0,
                    0.0,
                    1.0
                ]
            ]
        },
        {
            "file_path": "/data/shapenet_blender/all_50_random/02958343/45ff3c9bc849f2e33a2844e8778fdc6/r_21",
            "rotation": 0.12566370614359174,
            "transform_matrix": [
                [
                    -0.4000999629497528,
                    0.49768832325935364,
                    -0.7695623636245728,
                    -3.102205276489258
                ],
                [
                    -0.9164714813232422,
                    -0.21727360785007477,
                    0.33596447110176086,
                    1.354316234588623
                ],
                [
                    0.0,
                    0.8397014141082764,
                    0.5430482625961304,
                    2.1890978813171387
                ],
                [
                    0.0,
                    0.0,
                    0.0,
                    1.0
                ]
            ]
        },
        {
            "file_path": "/data/shapenet_blender/all_50_random/02958343/45ff3c9bc849f2e33a2844e8778fdc6/r_22",
            "rotation": 0.12566370614359174,
            "transform_matrix": [
                [
                    0.46809491515159607,
                    0.04642285779118538,
                    -0.8824579119682312,
                    -3.5573017597198486
                ],
                [
                    -0.8836781978607178,
                    0.02459074556827545,
                    -0.46744853258132935,
                    -1.8843454122543335
                ],
                [
                    0.0,
                    0.9986191391944885,
                    0.05253366753458977,
                    0.21176999807357788
                ],
                [
                    0.0,
                    0.0,
                    0.0,
                    1.0
                ]
            ]
        },
        {
            "file_path": "/data/shapenet_blender/all_50_random/02958343/45ff3c9bc849f2e33a2844e8778fdc6/r_23",
            "rotation": 0.12566370614359174,
            "transform_matrix": [
                [
                    0.21955959498882294,
                    -0.033003807067871094,
                    -0.9750406742095947,
                    -3.9305145740509033
                ],
                [
                    -0.9755991101264954,
                    -0.00742754153907299,
                    -0.21943393349647522,
                    -0.8845664858818054
                ],
                [
                    4.656612873077393e-10,
                    0.9994275569915771,
                    -0.03382927551865578,
                    -0.13637016713619232
                ],
                [
                    0.0,
                    0.0,
                    0.0,
                    1.0
                ]
            ]
        },
        {
            "file_path": "/data/shapenet_blender/all_50_random/02958343/45ff3c9bc849f2e33a2844e8778fdc6/r_24",
            "rotation": 0.12566370614359174,
            "transform_matrix": [
                [
                    0.31943339109420776,
                    -0.2155875414609909,
                    -0.9227591753005981,
                    -3.7197606563568115
                ],
                [
                    -0.9476087093353271,
                    -0.07267330586910248,
                    -0.3110567629337311,
                    -1.2539098262786865
                ],
                [
                    0.0,
                    0.9737764000892639,
                    -0.22750693559646606,
                    -0.9171096682548523
                ],
                [
                    0.0,
                    0.0,
                    0.0,
                    1.0
                ]
            ]
        },
        {
            "file_path": "/data/shapenet_blender/all_50_random/02958343/45ff3c9bc849f2e33a2844e8778fdc6/r_25",
            "rotation": 0.12566370614359174,
            "transform_matrix": [
                [
                    0.6201356053352356,
                    0.1275256872177124,
                    -0.7740600109100342,
                    -3.120335817337036
                ],
                [
                    -0.7844945788383484,
                    0.10080786049365997,
                    -0.6118872165679932,
                    -2.4665963649749756
                ],
                [
                    -7.450580152834618e-09,
                    0.986699104309082,
                    0.16255775094032288,
                    0.6552912592887878
                ],
                [
                    0.0,
                    0.0,
                    0.0,
                    1.0
                ]
            ]
        },
        {
            "file_path": "/data/shapenet_blender/all_50_random/02958343/45ff3c9bc849f2e33a2844e8778fdc6/r_26",
            "rotation": 0.12566370614359174,
            "transform_matrix": [
                [
                    -0.8610900640487671,
                    -0.43440985679626465,
                    -0.2642194628715515,
                    -1.0651026964187622
                ],
                [
                    -0.5084524154663086,
                    0.7356951832771301,
                    0.4474691152572632,
                    1.8038057088851929
                ],
                [
                    0.0,
                    0.5196540951728821,
                    -0.8543766736984253,
                    -3.4441025257110596
                ],
                [
                    0.0,
                    0.0,
                    0.0,
                    1.0
                ]
            ]
        },
        {
            "file_path": "/data/shapenet_blender/all_50_random/02958343/45ff3c9bc849f2e33a2844e8778fdc6/r_27",
            "rotation": 0.12566370614359174,
            "transform_matrix": [
                [
                    0.6501079201698303,
                    0.09020597487688065,
                    -0.7544683218002319,
                    -3.0413594245910645
                ],
                [
                    -0.7598419785499573,
                    0.0771787092089653,
                    -0.6455103158950806,
                    -2.60213565826416
                ],
                [
                    3.725290298461914e-09,
                    0.9929282665252686,
                    0.11871673166751862,
                    0.47856247425079346
                ],
                [
                    0.0,
                    0.0,
                    0.0,
                    1.0
                ]
            ]
        },
        {
            "file_path": "/data/shapenet_blender/all_50_random/02958343/45ff3c9bc849f2e33a2844e8778fdc6/r_28",
            "rotation": 0.12566370614359174,
            "transform_matrix": [
                [
                    0.3664708733558655,
                    0.02747383713722229,
                    0.9300236701965332,
                    3.7490458488464355
                ],
                [
                    0.9304294586181641,
                    -0.010821196250617504,
                    -0.36631104350090027,
                    -1.476647138595581
                ],
                [
                    -9.313224080820248e-10,
                    0.9995640516281128,
                    -0.029528114944696426,
                    -0.11903165280818939
                ],
                [
                    0.0,
                    0.0,
                    0.0,
                    1.0
                ]
            ]
        },
        {
            "file_path": "/data/shapenet_blender/all_50_random/02958343/45ff3c9bc849f2e33a2844e8778fdc6/r_29",
            "rotation": 0.12566370614359174,
            "transform_matrix": [
                [
                    0.012301863171160221,
                    -0.44373729825019836,
                    -0.8960723280906677,
                    -3.6121835708618164
                ],
                [
                    -0.9999244213104248,
                    -0.005459207575768232,
                    -0.011024191975593567,
                    -0.04443994164466858
                ],
                [
                    0.0,
                    0.8961403369903564,
                    -0.44377079606056213,
                    -1.7888975143432617
                ],
                [
                    0.0,
                    0.0,
                    0.0,
                    1.0
                ]
            ]
        },
        {
            "file_path": "/data/shapenet_blender/all_50_random/02958343/45ff3c9bc849f2e33a2844e8778fdc6/r_30",
            "rotation": 0.12566370614359174,
            "transform_matrix": [
                [
                    -0.6329671144485474,
                    -0.32185202836990356,
                    -0.7041049599647522,
                    -2.8383381366729736
                ],
                [
                    -0.774178683757782,
                    0.2631455957889557,
                    0.5756748914718628,
                    2.320620059967041
                ],
                [
                    -1.4901162970204496e-08,
                    0.9094862937927246,
                    -0.4157334864139557,
                    -1.6758754253387451
                ],
                [
                    0.0,
                    0.0,
                    0.0,
                    1.0
                ]
            ]
        },
        {
            "file_path": "/data/shapenet_blender/all_50_random/02958343/45ff3c9bc849f2e33a2844e8778fdc6/r_31",
            "rotation": 0.12566370614359174,
            "transform_matrix": [
                [
                    0.9962440133094788,
                    0.0385822094976902,
                    -0.077519491314888,
                    -0.3124910295009613
                ],
                [
                    -0.08659017086029053,
                    0.4438990354537964,
                    -0.8918833136558533,
                    -3.5952961444854736
                ],
                [
                    -3.725290076417309e-09,
                    0.8952457904815674,
                    0.44557270407676697,
                    1.7961608171463013
                ],
                [
                    0.0,
                    0.0,
                    0.0,
                    1.0
                ]
            ]
        },
        {
            "file_path": "/data/shapenet_blender/all_50_random/02958343/45ff3c9bc849f2e33a2844e8778fdc6/r_32",
            "rotation": 0.12566370614359174,
            "transform_matrix": [
                [
                    -0.9808811545372009,
                    -0.16977167129516602,
                    0.09512978047132492,
                    0.38348039984703064
                ],
                [
                    0.19460757076740265,
                    -0.8557007312774658,
                    0.4794829785823822,
                    1.9328577518463135
                ],
                [
                    -7.450580596923828e-09,
                    0.4888288378715515,
                    0.8723796606063843,
                    3.5166749954223633
                ],
                [
                    0.0,
                    0.0,
                    0.0,
                    1.0
                ]
            ]
        },
        {
            "file_path": "/data/shapenet_blender/all_50_random/02958343/45ff3c9bc849f2e33a2844e8778fdc6/r_33",
            "rotation": 0.12566370614359174,
            "transform_matrix": [
                [
                    0.9976917505264282,
                    0.04807518050074577,
                    0.047957900911569595,
                    0.193324476480484
                ],
                [
                    0.06790569424629211,
                    -0.7063356041908264,
                    -0.7046125531196594,
                    -2.840384006500244
                ],
                [
                    0.0,
                    0.7062427401542664,
                    -0.7079697251319885,
                    -2.853917360305786
                ],
                [
                    0.0,
                    0.0,
                    0.0,
                    1.0
                ]
            ]
        },
        {
            "file_path": "/data/shapenet_blender/all_50_random/02958343/45ff3c9bc849f2e33a2844e8778fdc6/r_34",
            "rotation": 0.12566370614359174,
            "transform_matrix": [
                [
                    0.047202952206134796,
                    -0.49724408984184265,
                    -0.8663257360458374,
                    -3.4922707080841064
                ],
                [
                    -0.9988853335380554,
                    -0.023497579619288445,
                    -0.040938764810562134,
                    -0.16502943634986877
                ],
                [
                    0.0,
                    0.8672924041748047,
                    -0.49779894948005676,
                    -2.0066916942596436
                ],
                [
                    0.0,
                    0.0,
                    0.0,
                    1.0
                ]
            ]
        },
        {
            "file_path": "/data/shapenet_blender/all_50_random/02958343/45ff3c9bc849f2e33a2844e8778fdc6/r_35",
            "rotation": 0.12566370614359174,
            "transform_matrix": [
                [
                    -0.7833950519561768,
                    -0.5783514380455017,
                    0.22760000824928284,
                    0.9174849390983582
                ],
                [
                    0.6215240955352783,
                    -0.7289783954620361,
                    0.2868765592575073,
                    1.1564363241195679
                ],
                [
                    1.4901161193847656e-08,
                    0.3661964535713196,
                    0.9305375218391418,
                    3.7511165142059326
                ],
                [
                    0.0,
                    0.0,
                    0.0,
                    1.0
                ]
            ]
        },
        {
            "file_path": "/data/shapenet_blender/all_50_random/02958343/45ff3c9bc849f2e33a2844e8778fdc6/r_36",
            "rotation": 0.12566370614359174,
            "transform_matrix": [
                [
                    0.9898900389671326,
                    0.012238451279699802,
                    -0.14130790531635284,
                    -0.5696303844451904
                ],
                [
                    -0.14183689653873444,
                    0.08541304618120193,
                    -0.9861982464790344,
                    -3.975492000579834
                ],
                [
                    0.0,
                    0.996270477771759,
                    0.08628538995981216,
                    0.3478275239467621
                ],
                [
                    0.0,
                    0.0,
                    0.0,
                    1.0
                ]
            ]
        },
        {
            "file_path": "/data/shapenet_blender/all_50_random/02958343/45ff3c9bc849f2e33a2844e8778fdc6/r_37",
            "rotation": 0.12566370614359174,
            "transform_matrix": [
                [
                    -0.4906127154827118,
                    -0.23447993397712708,
                    0.8392367362976074,
                    3.3830714225769043
                ],
                [
                    0.8713776469230652,
                    -0.13201949000358582,
                    0.47251635789871216,
                    1.9047743082046509
                ],
                [
                    7.450580152834618e-09,
                    0.9631146788597107,
                    0.26909103989601135,
                    1.0847406387329102
                ],
                [
                    0.0,
                    0.0,
                    0.0,
                    1.0
                ]
            ]
        },
        {
            "file_path": "/data/shapenet_blender/all_50_random/02958343/45ff3c9bc849f2e33a2844e8778fdc6/r_38",
            "rotation": 0.12566370614359174,
            "transform_matrix": [
                [
                    0.6512482762336731,
                    0.3059671223163605,
                    0.694449245929718,
                    2.79941463470459
                ],
                [
                    0.7588648796081543,
                    -0.2625771462917328,
                    -0.5959676504135132,
                    -2.4024226665496826
                ],
                [
                    0.0,
                    0.9151159524917603,
                    -0.40319058299064636,
                    -1.625313401222229
                ],
                [
                    0.0,
                    0.0,
                    0.0,
                    1.0
                ]
            ]
        },
        {
            "file_path": "/data/shapenet_blender/all_50_random/02958343/45ff3c9bc849f2e33a2844e8778fdc6/r_39",
            "rotation": 0.12566370614359174,
            "transform_matrix": [
                [
                    0.9963478446006775,
                    -0.021616868674755096,
                    0.0826062336564064,
                    0.3329963684082031
                ],
                [
                    0.08538781851530075,
                    0.2522364556789398,
                    -0.9638909101486206,
                    -3.885568618774414
                ],
                [
                    0.0,
                    0.967424213886261,
                    0.2531610131263733,
                    1.0205247402191162
                ],
                [
                    0.0,
                    0.0,
                    0.0,
                    1.0
                ]
            ]
        },
        {
            "file_path": "/data/shapenet_blender/all_50_random/02958343/45ff3c9bc849f2e33a2844e8778fdc6/r_40",
            "rotation": 0.12566370614359174,
            "transform_matrix": [
                [
                    -0.9981529712677002,
                    -0.018758704885840416,
                    0.05778103694319725,
                    0.23292279243469238
                ],
                [
                    0.06074978783726692,
                    -0.30821603536605835,
                    0.9493747353553772,
                    3.8270516395568848
                ],
                [
                    1.8626448161640496e-09,
                    0.9511314034461975,
                    0.3087863624095917,
                    1.2447576522827148
                ],
                [
                    0.0,
                    0.0,
                    0.0,
                    1.0
                ]
            ]
        },
        {
            "file_path": "/data/shapenet_blender/all_50_random/02958343/45ff3c9bc849f2e33a2844e8778fdc6/r_41",
            "rotation": 0.12566370614359174,
            "transform_matrix": [
                [
                    -0.8275814056396484,
                    0.1739943027496338,
                    0.5336992740631104,
                    2.1514108180999756
                ],
                [
                    0.5613457560539246,
                    0.2565165162086487,
                    0.7868227958679199,
                    3.1717844009399414
                ],
