{
    "class": "02958343",
    "model": "d9034b15c7f295551a46c391b387480b",
    "remove_doubles": true,
    "edge_split": true,
    "denoise": true,
    "camera_angle_x": 0.6911112070083618,
    "scale_factor": 2.2603595672862267,
    "hdri_file": "/data/IndoorHDRDataset2018/AG8A5776-2e736db2be.exr",
    "center_offset": [
        0.0,
        0.0,
        0.0
    ],
    "lights": [],
    "frames": [
        {
            "file_path": "/data/shapenet_blender/all_50_random/02958343/d9034b15c7f295551a46c391b387480b/r_0",
            "rotation": 0.12566370614359174,
            "transform_matrix": [
                [
                    -0.297690749168396,
                    0.2870330810546875,
                    0.910490095615387,
                    3.6703028678894043
                ],
                [
                    0.9546624422073364,
                    0.08950503170490265,
                    0.28391656279563904,
                    1.1445043087005615
                ],
                [
                    0.0,
                    0.9537298679351807,
                    -0.300664484500885,
                    -1.212017297744751
                ],
                [
                    0.0,
                    0.0,
                    0.0,
                    1.0
                ]
            ]
        },
        {
            "file_path": "/data/shapenet_blender/all_50_random/02958343/d9034b15c7f295551a46c391b387480b/r_1",
            "rotation": 0.12566370614359174,
            "transform_matrix": [
                [
                    0.042055703699588776,
                    0.9739692807197571,
                    0.2227441668510437,
                    0.897910475730896
                ],
                [
                    0.9991152882575989,
                    -0.040997233241796494,
                    -0.00937595684081316,
                    -0.037795692682266235
                ],
                [
                    9.31322685637781e-10,
                    0.22294142842292786,
                    -0.9748318195343018,
                    -3.9296727180480957
                ],
                [
                    0.0,
                    0.0,
                    0.0,
                    1.0
                ]
            ]
        },
        {
            "file_path": "/data/shapenet_blender/all_50_random/02958343/d9034b15c7f295551a46c391b387480b/r_2",
            "rotation": 0.12566370614359174,
            "transform_matrix": [
                [
                    0.9446806907653809,
                    -0.1820680946111679,
                    0.27281808853149414,
                    1.0997649431228638
                ],
                [
                    0.32799163460731506,
                    0.5243920683860779,
                    -0.7857699990272522,
                    -3.1675400733947754
                ],
                [
                    1.4901162970204496e-08,
                    0.831783652305603,
                    0.5550998449325562,
                    2.2376790046691895
                ],
                [
                    0.0,
                    0.0,
                    0.0,
                    1.0
                ]
            ]
        },
        {
            "file_path": "/data/shapenet_blender/all_50_random/02958343/d9034b15c7f295551a46c391b387480b/r_3",
            "rotation": 0.12566370614359174,
            "transform_matrix": [
                [
                    0.48817309737205505,
                    -0.7225364446640015,
                    -0.48951825499534607,
                    -1.9733113050460815
                ],
                [
                    -0.8727469444274902,
                    -0.4041524827480316,
                    -0.2738131880760193,
                    -1.1037763357162476
                ],
                [
                    0.0,
                    0.5608937740325928,
                    -0.8278877139091492,
                    -3.337322473526001
                ],
                [
                    0.0,
                    0.0,
                    0.0,
                    1.0
                ]
            ]
        },
        {
            "file_path": "/data/shapenet_blender/all_50_random/02958343/d9034b15c7f295551a46c391b387480b/r_4",
            "rotation": 0.12566370614359174,
            "transform_matrix": [
                [
                    0.7755053043365479,
                    0.11312416195869446,
                    -0.6211234331130981,
                    -2.503828763961792
                ],
                [
                    -0.6313409209251404,
                    0.13895566761493683,
                    -0.7629547119140625,
                    -3.075568914413452
                ],
                [
                    7.450580152834618e-09,
                    0.9838161468505859,
                    0.17918077111244202,
                    0.7223007678985596
                ],
                [
                    0.0,
                    0.0,
                    0.0,
                    1.0
                ]
            ]
        },
        {
            "file_path": "/data/shapenet_blender/all_50_random/02958343/d9034b15c7f295551a46c391b387480b/r_5",
            "rotation": 0.12566370614359174,
            "transform_matrix": [
                [
                    -0.5719876885414124,
                    -0.5041499137878418,
                    -0.6470416188240051,
                    -2.6083083152770996
                ],
                [
                    -0.8202621936798096,
                    0.35155534744262695,
                    0.4511970281600952,
                    1.8188334703445435
                ],
                [
                    0.0,
                    0.7888229489326477,
                    -0.6146204471588135,
                    -2.477614402770996
                ],
                [
                    0.0,
                    0.0,
                    0.0,
                    1.0
                ]
            ]
        },
        {
            "file_path": "/data/shapenet_blender/all_50_random/02958343/d9034b15c7f295551a46c391b387480b/r_6",
            "rotation": 0.12566370614359174,
            "transform_matrix": [
                [
                    0.9899749159812927,
                    0.05373618006706238,
                    -0.1306224912405014,
                    -0.5265560746192932
                ],
                [
                    -0.1412438154220581,
                    0.37663573026657104,
                    -0.915530264377594,
                    -3.6906206607818604
                ],
                [
                    -3.725290298461914e-09,
                    0.9248015880584717,
                    0.3804498016834259,
                    1.5336421728134155
                ],
                [
                    0.0,
                    0.0,
                    0.0,
                    1.0
                ]
            ]
        },
        {
            "file_path": "/data/shapenet_blender/all_50_random/02958343/d9034b15c7f295551a46c391b387480b/r_7",
            "rotation": 0.12566370614359174,
            "transform_matrix": [
                [
                    -0.7137083411216736,
                    -0.12909863889217377,
                    -0.6884431838989258,
                    -2.775203227996826
                ],
                [
                    -0.7004430890083313,
                    0.13154354691505432,
                    0.7014811635017395,
                    2.827760934829712
                ],
                [
                    -7.450581485102248e-09,
                    0.9828681349754333,
                    -0.1843099743127823,
                    -0.7429772615432739
                ],
                [
                    0.0,
                    0.0,
                    0.0,
                    1.0
                ]
            ]
        },
        {
            "file_path": "/data/shapenet_blender/all_50_random/02958343/d9034b15c7f295551a46c391b387480b/r_8",
            "rotation": 0.12566370614359174,
            "transform_matrix": [
                [
                    0.9998603463172913,
                    -0.012838003225624561,
                    0.010700082406401634,
                    0.04313340783119202
                ],
                [
                    0.016712453216314316,
                    0.7680625319480896,
                    -0.640156626701355,
                    -2.5805535316467285
                ],
                [
                    0.0,
                    0.6402459740638733,
                    0.7681699991226196,
                    3.0965919494628906
                ],
                [
                    0.0,
                    0.0,
                    0.0,
                    1.0
                ]
            ]
        },
        {
            "file_path": "/data/shapenet_blender/all_50_random/02958343/d9034b15c7f295551a46c391b387480b/r_9",
            "rotation": 0.12566370614359174,
            "transform_matrix": [
                [
                    0.1531815379858017,
                    0.7186824083328247,
                    0.6782557368278503,
                    2.7341363430023193
                ],
                [
                    0.9881981015205383,
                    -0.11140365153551102,
                    -0.10513707250356674,
                    -0.4238210916519165
                ],
                [
                    0.0,
                    0.6863560676574707,
                    -0.7272655963897705,
                    -2.931701421737671
                ],
                [
                    0.0,
                    0.0,
                    0.0,
                    1.0
                ]
            ]
        },
        {
            "file_path": "/data/shapenet_blender/all_50_random/02958343/d9034b15c7f295551a46c391b387480b/r_10",
            "rotation": 0.12566370614359174,
            "transform_matrix": [
                [
                    0.9975190758705139,
                    0.021691877394914627,
                    0.0669708326458931,
                    0.26996809244155884
                ],
                [
                    0.07039622962474823,
                    -0.3073752224445343,
                    -0.9489808678627014,
                    -3.8254644870758057
                ],
                [
                    0.0,
                    0.9513411521911621,
                    -0.3081396222114563,
                    -1.2421506643295288
                ],
                [
                    0.0,
                    0.0,
                    0.0,
                    1.0
                ]
            ]
        },
        {
            "file_path": "/data/shapenet_blender/all_50_random/02958343/d9034b15c7f295551a46c391b387480b/r_11",
            "rotation": 0.12566370614359174,
            "transform_matrix": [
                [
                    0.7572488784790039,
                    0.07061411440372467,
                    -0.6492978930473328,
                    -2.617403745651245
                ],
                [
                    -0.6531264185905457,
                    0.08187153190374374,
                    -0.752810001373291,
                    -3.0346744060516357
                ],
                [
                    0.0,
                    0.994138240814209,
                    0.10811706632375717,
                    0.4358338713645935
                ],
                [
                    0.0,
                    0.0,
                    0.0,
                    1.0
                ]
            ]
        },
        {
            "file_path": "/data/shapenet_blender/all_50_random/02958343/d9034b15c7f295551a46c391b387480b/r_12",
            "rotation": 0.12566370614359174,
            "transform_matrix": [
                [
                    -0.8879426717758179,
                    0.20112015306949615,
                    0.41365280747413635,
                    1.6674879789352417
                ],
                [
                    0.4599543809890747,
                    0.3882627785205841,
                    0.7985574007034302,
                    3.219088077545166
                ],
                [
                    0.0,
                    0.8993346095085144,
                    -0.43726107478141785,
                    -1.7626558542251587
                ],
                [
                    0.0,
                    0.0,
                    0.0,
                    1.0
                ]
            ]
        },
        {
            "file_path": "/data/shapenet_blender/all_50_random/02958343/d9034b15c7f295551a46c391b387480b/r_13",
            "rotation": 0.12566370614359174,
            "transform_matrix": [
                [
                    -0.9754154682159424,
                    -0.2114707976579666,
                    -0.06200745701789856,
                    -0.2499600499868393
                ],
                [
                    -0.22037428617477417,
                    0.936007022857666,
                    0.2744559347629547,
                    1.1063672304153442
                ],
                [
                    0.0,
                    0.28137344121932983,
                    -0.9595983624458313,
                    -3.868264675140381
                ],
                [
                    0.0,
                    0.0,
                    0.0,
                    1.0
                ]
            ]
        },
        {
            "file_path": "/data/shapenet_blender/all_50_random/02958343/d9034b15c7f295551a46c391b387480b/r_14",
            "rotation": 0.12566370614359174,
            "transform_matrix": [
                [
                    0.580155611038208,
                    0.6125016212463379,
                    -0.5368996858596802,
                    -2.1643118858337402
                ],
                [
                    -0.8145057559013367,
                    0.4362722933292389,
                    -0.3824225664138794,
                    -1.5415946245193481
                ],
                [
                    1.4901162970204496e-08,
                    0.6591722965240479,
                    0.751991868019104,
                    3.0313761234283447
                ],
                [
                    0.0,
                    0.0,
                    0.0,
                    1.0
                ]
            ]
        },
        {
            "file_path": "/data/shapenet_blender/all_50_random/02958343/d9034b15c7f295551a46c391b387480b/r_15",
            "rotation": 0.12566370614359174,
            "transform_matrix": [
                [
                    -0.3650256097316742,
                    0.9008576273918152,
                    -0.2349715530872345,
                    -0.9472007155418396
                ],
                [
                    -0.9309974908828735,
                    -0.35320839285850525,
                    0.09212768077850342,
                    0.3713786005973816
                ],
                [
                    0.0,
                    0.25238674879074097,
                    0.9676263332366943,
                    3.9006266593933105
                ],
                [
                    0.0,
                    0.0,
                    0.0,
                    1.0
                ]
            ]
        },
        {
            "file_path": "/data/shapenet_blender/all_50_random/02958343/d9034b15c7f295551a46c391b387480b/r_16",
            "rotation": 0.12566370614359174,
            "transform_matrix": [
                [
                    -0.5995599031448364,
                    -0.6792698502540588,
                    -0.4232260286808014,
                    -1.7060786485671997
                ],
                [
                    -0.800329864025116,
                    0.508868932723999,
                    0.31705600023269653,
                    1.2780935764312744
                ],
                [
                    0.0,
                    0.5288144946098328,
                    -0.8487374186515808,
                    -3.421370029449463
                ],
                [
                    0.0,
                    0.0,
                    0.0,
                    1.0
                ]
            ]
        },
        {
            "file_path": "/data/shapenet_blender/all_50_random/02958343/d9034b15c7f295551a46c391b387480b/r_17",
            "rotation": 0.12566370614359174,
            "transform_matrix": [
                [
                    0.15144813060760498,
                    -0.7240539789199829,
                    0.6729108691215515,
                    2.712590456008911
                ],
                [
                    0.9884652495384216,
                    0.1109362542629242,
                    -0.10310033708810806,
                    -0.41561076045036316
                ],
                [
                    0.0,
                    0.680763304233551,
                    0.732503354549408,
                    2.952815532684326
                ],
                [
                    0.0,
                    0.0,
                    0.0,
                    1.0
                ]
            ]
        },
        {
            "file_path": "/data/shapenet_blender/all_50_random/02958343/d9034b15c7f295551a46c391b387480b/r_18",
            "rotation": 0.12566370614359174,
            "transform_matrix": [
                [
                    0.10333089530467987,
                    -0.5270872712135315,
                    -0.8435056209564209,
                    -3.400279998779297
                ],
                [
                    -0.9946470260620117,
                    -0.05475751310586929,
                    -0.08762926608324051,
                    -0.3532448709011078
                ],
                [
                    0.0,
                    0.8480450510978699,
                    -0.5299239158630371,
                    -2.1361916065216064
                ],
                [
                    0.0,
                    0.0,
                    0.0,
                    1.0
                ]
            ]
        },
        {
            "file_path": "/data/shapenet_blender/all_50_random/02958343/d9034b15c7f295551a46c391b387480b/r_19",
            "rotation": 0.12566370614359174,
            "transform_matrix": [
                [
                    -0.6752563118934631,
                    -0.3826071321964264,
                    0.6305875778198242,
                    2.5419797897338867
                ],
                [
                    0.7375832200050354,
                    -0.35027623176574707,
                    0.5773019790649414,
                    2.327178716659546
                ],
                [
                    -1.4901162970204496e-08,
                    0.8549374938011169,
                    0.518730878829956,
                    2.091071128845215
                ],
                [
                    0.0,
                    0.0,
                    0.0,
                    1.0
                ]
            ]
        },
        {
            "file_path": "/data/shapenet_blender/all_50_random/02958343/d9034b15c7f295551a46c391b387480b/r_20",
            "rotation": 0.12566370614359174,
            "transform_matrix": [
                [
                    -0.14021362364292145,
                    -0.5748752951622009,
                    0.8061379790306091,
                    3.2496461868286133
                ],
                [
                    0.9901213049888611,
                    -0.08140956610441208,
                    0.11415927857160568,
                    0.4601907730102539
                ],
                [
                    -7.450580596923828e-09,
                    0.8141810297966003,
                    0.580610990524292,
                    2.34051775932312
                ],
                [
                    0.0,
                    0.0,
                    0.0,
                    1.0
                ]
            ]
        },
        {
            "file_path": "/data/shapenet_blender/all_50_random/02958343/d9034b15c7f295551a46c391b387480b/r_21",
            "rotation": 0.12566370614359174,
            "transform_matrix": [
                [
                    -0.23224292695522308,
                    -0.043072786182165146,
                    0.9717037081718445,
                    3.917062520980835
                ],
                [
                    0.9726578593254089,
                    -0.010284551419317722,
                    0.23201510310173035,
                    0.9352827072143555
                ],
                [
                    -9.313224635931761e-10,
                    0.9990190863609314,
                    0.04428359121084213,
                    0.178512841463089
                ],
                [
                    0.0,
                    0.0,
                    0.0,
                    1.0
                ]
            ]
        },
        {
            "file_path": "/data/shapenet_blender/all_50_random/02958343/d9034b15c7f295551a46c391b387480b/r_22",
            "rotation": 0.12566370614359174,
            "transform_matrix": [
                [
                    0.835543155670166,
                    -0.3695744276046753,
                    0.406549334526062,
                    1.638852834701538
                ],
                [
                    0.5494248270988464,
                    0.5620339512825012,
                    -0.6182639002799988,
                    -2.4923014640808105
                ],
                [
                    0.0,
                    0.73995441198349,
                    0.6726570129394531,
                    2.7115671634674072
                ],
                [
                    0.0,
                    0.0,
                    0.0,
                    1.0
                ]
            ]
        },
        {
            "file_path": "/data/shapenet_blender/all_50_random/02958343/d9034b15c7f295551a46c391b387480b/r_23",
            "rotation": 0.12566370614359174,
            "transform_matrix": [
                [
                    0.56333988904953,
                    -0.6550064086914062,
                    -0.5036017894744873,
                    -2.030083656311035
                ],
                [
                    -0.8262251615524292,
                    -0.4465988874435425,
                    -0.34336763620376587,
                    -1.3841592073440552
                ],
                [
                    1.4901160305669237e-08,
                    0.6095211505889893,
                    -0.7927697896957397,
                    -3.1957571506500244
                ],
                [
                    0.0,
                    0.0,
                    0.0,
                    1.0
                ]
            ]
        },
        {
            "file_path": "/data/shapenet_blender/all_50_random/02958343/d9034b15c7f295551a46c391b387480b/r_24",
            "rotation": 0.12566370614359174,
            "transform_matrix": [
                [
                    0.6188898682594299,
                    -0.116091288626194,
                    0.7768514156341553,
                    3.1315884590148926
                ],
                [
                    0.785477876663208,
                    0.09147008508443832,
                    -0.6120929718017578,
                    -2.46742582321167
                ],
                [
                    0.0,
                    0.9890176653862,
                    0.14779704809188843,
                    0.5957890152931213
                ],
                [
                    0.0,
                    0.0,
                    0.0,
                    1.0
                ]
            ]
        },
        {
            "file_path": "/data/shapenet_blender/all_50_random/02958343/d9034b15c7f295551a46c391b387480b/r_25",
            "rotation": 0.12566370614359174,
            "transform_matrix": [
                [
                    -0.9923205971717834,
                    -0.06849618256092072,
                    -0.10299600660800934,
                    -0.4151902198791504
                ],
                [
                    -0.12369278818368912,
                    0.5495079755783081,
                    0.8262814283370972,
                    3.3308472633361816
                ],
                [
                    3.725290298461914e-09,
                    0.8326759934425354,
                    -0.5537604689598083,
                    -2.2322800159454346
                ],
                [
                    0.0,
                    0.0,
                    0.0,
                    1.0
                ]
            ]
        },
        {
            "file_path": "/data/shapenet_blender/all_50_random/02958343/d9034b15c7f295551a46c391b387480b/r_26",
            "rotation": 0.12566370614359174,
            "transform_matrix": [
                [
                    -0.10285909473896027,
                    0.037098273634910583,
                    -0.99400395154953,
                    -4.006957530975342
                ],
                [
                    -0.9946959018707275,
                    -0.003836242947727442,
                    0.102787546813488,
                    0.4143497943878174
                ],
                [
                    -2.328306020205062e-10,
                    0.9993043541908264,
                    0.03729609400033951,
                    0.1503453403711319
                ],
                [
                    0.0,
                    0.0,
                    0.0,
                    1.0
                ]
            ]
        },
        {
            "file_path": "/data/shapenet_blender/all_50_random/02958343/d9034b15c7f295551a46c391b387480b/r_27",
            "rotation": 0.12566370614359174,
            "transform_matrix": [
                [
                    0.9962899088859558,
                    0.019975565373897552,
                    -0.0837101861834526,
                    -0.33744657039642334
                ],
                [
                    -0.08606056123971939,
                    0.2312493920326233,
                    -0.9690805673599243,
                    -3.9064888954162598
                ],
                [
                    0.0,
                    0.9726892113685608,
                    0.23211057484149933,
                    0.9356676936149597
                ],
                [
                    0.0,
                    0.0,
                    0.0,
                    1.0
                ]
            ]
        },
        {
            "file_path": "/data/shapenet_blender/all_50_random/02958343/d9034b15c7f295551a46c391b387480b/r_28",
            "rotation": 0.12566370614359174,
            "transform_matrix": [
                [
                    -0.46695423126220703,
                    0.19656957685947418,
                    0.8621566295623779,
                    3.4754645824432373
                ],
                [
                    0.8842813968658447,
                    0.10380066931247711,
                    0.45527103543281555,
                    1.8352562189102173
                ],
                [
                    0.0,
                    0.9749799370765686,
                    -0.2222929745912552,
                    -0.896091639995575
                ],
                [
                    0.0,
                    0.0,
                    0.0,
                    1.0
                ]
            ]
        },
        {
            "file_path": "/data/shapenet_blender/all_50_random/02958343/d9034b15c7f295551a46c391b387480b/r_29",
            "rotation": 0.12566370614359174,
            "transform_matrix": [
                [
                    -0.8460757732391357,
                    -0.00563086336478591,
                    0.5330328345298767,
                    2.14872407913208
                ],
                [
                    0.5330625772476196,
                    -0.008937293663620949,
                    0.8460285663604736,
                    3.4104502201080322
                ],
                [
                    -4.656612873077393e-10,
                    0.9999442100524902,
                    0.010563230141997337,
                    0.042581744492053986
                ],
                [
                    0.0,
                    0.0,
                    0.0,
                    1.0
                ]
            ]
        },
        {
            "file_path": "/data/shapenet_blender/all_50_random/02958343/d9034b15c7f295551a46c391b387480b/r_30",
            "rotation": 0.12566370614359174,
            "transform_matrix": [
                [
                    -0.26782193779945374,
                    -0.144813671708107,
                    0.9525231122970581,
                    3.8397436141967773
                ],
                [
                    0.9634684324264526,
                    -0.040254849940538406,
                    0.26477935910224915,
                    1.0673598051071167
                ],
                [
                    0.0,
                    0.9886397123336792,
                    0.15030454099178314,
                    0.605897068977356
                ],
                [
                    0.0,
                    0.0,
                    0.0,
                    1.0
                ]
            ]
        },
        {
            "file_path": "/data/shapenet_blender/all_50_random/02958343/d9034b15c7f295551a46c391b387480b/r_31",
            "rotation": 0.12566370614359174,
            "transform_matrix": [
                [
                    -0.8729540705680847,
                    0.3625131845474243,
                    -0.3263974189758301,
                    -1.315750241279602
                ],
                [
                    -0.4878023564815521,
                    -0.6487409472465515,
                    0.5841094255447388,
                    2.3546206951141357
                ],
                [
                    0.0,
                    0.6691181659698486,
                    0.7431558966636658,
                    2.995757579803467
                ],
                [
                    0.0,
                    0.0,
                    0.0,
                    1.0
                ]
            ]
        },
        {
            "file_path": "/data/shapenet_blender/all_50_random/02958343/d9034b15c7f295551a46c391b387480b/r_32",
            "rotation": 0.12566370614359174,
            "transform_matrix": [
                [
                    -0.5100608468055725,
                    0.6237694621086121,
                    0.5922410488128662,
                    2.3874001502990723
                ],
                [
                    0.8601382374763489,
                    0.36989450454711914,
                    0.3511982262134552,
                    1.4157253503799438
                ],
                [
                    2.9802320611338473e-08,
                    0.6885416507720947,
                    -0.7251967191696167,
                    -2.9233615398406982
                ],
                [
                    0.0,
                    0.0,
                    0.0,
                    1.0
                ]
            ]
        },
        {
            "file_path": "/data/shapenet_blender/all_50_random/02958343/d9034b15c7f295551a46c391b387480b/r_33",
            "rotation": 0.12566370614359174,
            "transform_matrix": [
                [
                    0.9653663039207458,
                    0.0704054906964302,
                    0.2512188255786896,
                    1.0126953125
                ],
                [
                    0.26089805364608765,
                    -0.26051199436187744,
                    -0.9295514225959778,
                    -3.747141122817993
                ],
                [
                    0.0,
                    0.9629000425338745,
                    -0.2698582112789154,
                    -1.0878331661224365
                ],
                [
                    0.0,
                    0.0,
                    0.0,
                    1.0
                ]
            ]
        },
        {
            "file_path": "/data/shapenet_blender/all_50_random/02958343/d9034b15c7f295551a46c391b387480b/r_34",
            "rotation": 0.12566370614359174,
            "transform_matrix": [
                [
                    -0.9928256869316101,
                    -0.012603816576302052,
                    0.11890432238578796,
                    0.47931864857673645
                ],
                [
                    0.11957044899463654,
                    -0.10465288162231445,
                    0.987294614315033,
                    3.9799118041992188
                ],
                [
                    0.0,
                    0.9944288730621338,
                    0.10540912300348282,
                    0.4249177575111389
                ],
                [
                    0.0,
                    0.0,
                    0.0,
                    1.0
                ]
            ]
        },
        {
            "file_path": "/data/shapenet_blender/all_50_random/02958343/d9034b15c7f295551a46c391b387480b/r_35",
            "rotation": 0.12566370614359174,
            "transform_matrix": [
                [
                    -0.9853454232215881,
                    -0.03677821904420853,
                    0.16655853390693665,
                    0.6714189052581787
                ],
                [
                    0.1705707609653473,
                    -0.2124587744474411,
                    0.9621677994728088,
                    3.878622531890869
                ],
                [
                    0.0,
                    0.9764776229858398,
                    0.2156185805797577,
                    0.869186282157898
                ],
                [
                    0.0,
                    0.0,
                    0.0,
                    1.0
                ]
            ]
        },
        {
            "file_path": "/data/shapenet_blender/all_50_random/02958343/d9034b15c7f295551a46c391b387480b/r_36",
            "rotation": 0.12566370614359174,
            "transform_matrix": [
                [
                    0.9177424907684326,
                    -0.17080707848072052,
                    0.3585718274116516,
                    1.4454493522644043
                ],
                [
                    0.3971760869026184,
                    0.39467859268188477,
                    -0.8285407423973083,
                    -3.3399550914764404
                ],
                [
                    1.4901162970204496e-08,
                    0.9028031826019287,
                    0.4300537407398224,
                    1.7336022853851318
                ],
                [
                    0.0,
                    0.0,
                    0.0,
                    1.0
                ]
            ]
        },
        {
            "file_path": "/data/shapenet_blender/all_50_random/02958343/d9034b15c7f295551a46c391b387480b/r_37",
            "rotation": 0.12566370614359174,
            "transform_matrix": [
                [
                    -0.9997994899749756,
                    -0.002968057058751583,
                    -0.019805919378995895,
                    -0.07984021306037903
                ],
                [
                    -0.020027078688144684,
                    0.14817246794700623,
                    0.9887586832046509,
                    3.985813856124878
                ],
                [
                    -2.3283067140944524e-10,
                    0.9889569878578186,
                    -0.14820221066474915,
                    -0.5974222421646118
                ],
                [
                    0.0,
                    0.0,
                    0.0,
                    1.0
                ]
            ]
        },
        {
            "file_path": "/data/shapenet_blender/all_50_random/02958343/d9034b15c7f295551a46c391b387480b/r_38",
            "rotation": 0.12566370614359174,
            "transform_matrix": [
                [
                    0.872888445854187,
                    0.06650422513484955,
                    0.4833662509918213,
                    1.9485117197036743
                ],
                [
                    0.48791980743408203,
                    -0.11897604912519455,
                    -0.8647421598434448,
                    -3.485887050628662
                ],
                [
                    -3.725290076417309e-09,
                    0.9906673431396484,
                    -0.13630157709121704,
                    -0.5494492053985596
                ],
                [
                    0.0,
                    0.0,
                    0.0,
                    1.0
                ]
            ]
        },
        {
            "file_path": "/data/shapenet_blender/all_50_random/02958343/d9034b15c7f295551a46c391b387480b/r_39",
            "rotation": 0.12566370614359174,
            "transform_matrix": [
                [
                    -0.586211085319519,
                    -0.06073708087205887,
                    0.8078784346580505,
                    3.256662130355835
                ],
                [
                    0.8101583123207092,
                    -0.043947890400886536,
                    0.5845614075660706,
                    2.356442451477051
                ],
                [
                    0.0,
                    0.9971858859062195,
                    0.07496938854455948,
                    0.30221128463745117
                ],
                [
                    0.0,
                    0.0,
                    0.0,
                    1.0
                ]
            ]
        },
        {
            "file_path": "/data/shapenet_blender/all_50_random/02958343/d9034b15c7f295551a46c391b387480b/r_40",
            "rotation": 0.12566370614359174,
            "transform_matrix": [
                [
                    0.9483991265296936,
                    0.27046075463294983,
                    0.16549918055534363,
                    0.6671485304832458
                ],
                [
                    0.3170788288116455,
                    -0.8089621067047119,
                    -0.49501660466194153,
                    -1.9954757690429688
                ],
                [
                    0.0,
                    0.5219495892524719,
                    -0.8529763221740723,
                    -3.438457489013672
                ],
                [
                    0.0,
                    0.0,
                    0.0,
                    1.0
                ]
            ]
        },
        {
            "file_path": "/data/shapenet_blender/all_50_random/02958343/d9034b15c7f295551a46c391b387480b/r_41",
            "rotation": 0.12566370614359174,
            "transform_matrix": [
                [
                    0.9526013135910034,
                    0.2587778568267822,
                    -0.15995290875434875,
                    -0.6447908282279968
                ],
                [
                    -0.30422183871269226,
                    0.810303807258606,
                    -0.5008559823036194,
                    -2.019015073776245
                ],
                [
                    1.4901162970204496e-08,
                    0.5257772207260132,
                    0.850622296333313,
