{
    "class": "02958343",
    "model": "4fea9b67188b830f6a2345809e2bb169",
    "remove_doubles": true,
    "edge_split": true,
    "denoise": true,
    "camera_angle_x": 0.6911112070083618,
    "scale_factor": 2.3937934245793917,
    "hdri_file": "/data/IndoorHDRDataset2018/9C4A4574-5843a382ec.exr",
    "center_offset": [
        0.0,
        0.0,
        2.6775524020195007e-09
    ],
    "lights": [],
    "frames": [
        {
            "file_path": "/data/shapenet_blender/all_50_random/02958343/4fea9b67188b830f6a2345809e2bb169/r_0",
            "rotation": 0.12566370614359174,
            "transform_matrix": [
                [
                    0.43885254859924316,
                    0.28702059388160706,
                    -0.8514854907989502,
                    -3.432447910308838
                ],
                [
                    -0.8985590934753418,
                    0.14017967879772186,
                    -0.4158620238304138,
                    -1.6763933897018433
                ],
                [
                    0.0,
                    0.9476121068000793,
                    0.31942319869995117,
                    1.2876360416412354
                ],
                [
                    0.0,
                    0.0,
                    0.0,
                    1.0
                ]
            ]
        },
        {
            "file_path": "/data/shapenet_blender/all_50_random/02958343/4fea9b67188b830f6a2345809e2bb169/r_1",
            "rotation": 0.12566370614359174,
            "transform_matrix": [
                [
                    0.9707799553871155,
                    -0.17887628078460693,
                    0.15996746718883514,
                    0.6448495388031006
                ],
                [
                    0.23997150361537933,
                    0.7236255407333374,
                    -0.6471319198608398,
                    -2.6086723804473877
                ],
                [
                    7.450580596923828e-09,
                    0.6666103601455688,
                    0.7454062700271606,
                    3.004828929901123
                ],
                [
                    0.0,
                    0.0,
                    0.0,
                    1.0
                ]
            ]
        },
        {
            "file_path": "/data/shapenet_blender/all_50_random/02958343/4fea9b67188b830f6a2345809e2bb169/r_2",
            "rotation": 0.12566370614359174,
            "transform_matrix": [
                [
                    -0.5454435348510742,
                    -0.38940927386283875,
                    -0.742193877696991,
                    -2.9918789863586426
                ],
                [
                    -0.8381474614143372,
                    0.2534169554710388,
                    0.4829995632171631,
                    1.947033405303955
                ],
                [
                    0.0,
                    0.8855170011520386,
                    -0.46460703015327454,
                    -1.8728907108306885
                ],
                [
                    0.0,
                    0.0,
                    0.0,
                    1.0
                ]
            ]
        },
        {
            "file_path": "/data/shapenet_blender/all_50_random/02958343/4fea9b67188b830f6a2345809e2bb169/r_3",
            "rotation": 0.12566370614359174,
            "transform_matrix": [
                [
                    0.6996068954467773,
                    -0.17727495729923248,
                    -0.6921876668930054,
                    -2.790297746658325
                ],
                [
                    -0.71452796459198,
                    -0.17357301712036133,
                    -0.6777331233024597,
                    -2.732029676437378
                ],
                [
                    7.450581485102248e-09,
                    0.9687342047691345,
                    -0.24810078740119934,
                    -1.0001262426376343
                ],
                [
                    0.0,
                    0.0,
                    0.0,
                    1.0
                ]
            ]
        },
        {
            "file_path": "/data/shapenet_blender/all_50_random/02958343/4fea9b67188b830f6a2345809e2bb169/r_4",
            "rotation": 0.12566370614359174,
            "transform_matrix": [
                [
                    0.982246458530426,
                    -0.003163340035825968,
                    -0.1875685304403305,
                    -0.7561129331588745
                ],
                [
                    -0.1875952184200287,
                    -0.016563212499022484,
                    -0.9821067452430725,
                    -3.958998918533325
                ],
                [
                    0.0,
                    0.9998577833175659,
                    -0.01686258427798748,
                    -0.067975252866745
                ],
                [
                    0.0,
                    0.0,
                    0.0,
                    1.0
                ]
            ]
        },
        {
            "file_path": "/data/shapenet_blender/all_50_random/02958343/4fea9b67188b830f6a2345809e2bb169/r_5",
            "rotation": 0.12566370614359174,
            "transform_matrix": [
                [
                    -0.7373769283294678,
                    -0.3284628689289093,
                    0.5902435183525085,
                    2.379347801208496
                ],
                [
                    0.6754814982414246,
                    -0.3585604727268219,
                    0.6443284749984741,
                    2.5973711013793945
                ],
                [
                    1.4901159417490817e-08,
                    0.8738115429878235,
                    0.48626479506492615,
                    1.9601961374282837
                ],
                [
                    0.0,
                    0.0,
                    0.0,
                    1.0
                ]
            ]
        },
        {
            "file_path": "/data/shapenet_blender/all_50_random/02958343/4fea9b67188b830f6a2345809e2bb169/r_6",
            "rotation": 0.12566370614359174,
            "transform_matrix": [
                [
                    0.846592903137207,
                    -0.3479306101799011,
                    0.40277156233787537,
                    1.6236240863800049
                ],
                [
                    0.53224116563797,
                    0.5534249544143677,
                    -0.640656054019928,
                    -2.5825672149658203
                ],
                [
                    1.4901162970204496e-08,
                    0.7567463517189026,
                    0.6537085175514221,
                    2.635183334350586
                ],
                [
                    0.0,
                    0.0,
                    0.0,
                    1.0
                ]
            ]
        },
        {
            "file_path": "/data/shapenet_blender/all_50_random/02958343/4fea9b67188b830f6a2345809e2bb169/r_7",
            "rotation": 0.12566370614359174,
            "transform_matrix": [
                [
                    -0.24834579229354858,
                    -0.6212939620018005,
                    -0.743181049823761,
                    -2.995858907699585
                ],
                [
                    -0.9686715602874756,
                    0.15928591787815094,
                    0.1905350387096405,
                    0.7680713534355164
                ],
                [
                    7.450581485102248e-09,
                    0.7672168612480164,
                    -0.6413876414299011,
                    -2.5855164527893066
                ],
                [
                    0.0,
                    0.0,
                    0.0,
                    1.0
                ]
            ]
        },
        {
            "file_path": "/data/shapenet_blender/all_50_random/02958343/4fea9b67188b830f6a2345809e2bb169/r_8",
            "rotation": 0.12566370614359174,
            "transform_matrix": [
                [
                    0.08348869532346725,
                    -0.6250066161155701,
                    0.7761420607566833,
                    3.1287286281585693
                ],
                [
                    0.9965087175369263,
                    0.0523638017475605,
                    -0.06502611190080643,
                    -0.26212865114212036
                ],
                [
                    3.7252898543727042e-09,
                    0.7788612842559814,
                    0.6271962523460388,
                    2.528308868408203
                ],
                [
                    0.0,
                    0.0,
                    0.0,
                    1.0
                ]
            ]
        },
        {
            "file_path": "/data/shapenet_blender/all_50_random/02958343/4fea9b67188b830f6a2345809e2bb169/r_9",
            "rotation": 0.12566370614359174,
            "transform_matrix": [
                [
                    0.3261040151119232,
                    0.06827003508806229,
                    -0.9428654313087463,
                    -3.8008124828338623
                ],
                [
                    -0.9453338980674744,
                    0.023550549522042274,
                    -0.325252503156662,
                    -1.311134934425354
                ],
                [
                    -1.862645149230957e-09,
                    0.9973888993263245,
                    0.07221788913011551,
                    0.29111966490745544
                ],
                [
                    0.0,
                    0.0,
                    0.0,
                    1.0
                ]
            ]
        },
        {
            "file_path": "/data/shapenet_blender/all_50_random/02958343/4fea9b67188b830f6a2345809e2bb169/r_10",
            "rotation": 0.12566370614359174,
            "transform_matrix": [
                [
                    0.14734575152397156,
                    -0.10686537623405457,
                    0.9832949638366699,
                    3.9637887477874756
                ],
                [
                    0.9890849590301514,
                    0.015919925644993782,
                    -0.14648321270942688,
                    -0.5904927253723145
                ],
                [
                    0.0,
                    0.9941460490226746,
                    0.10804467648267746,
                    0.4355420172214508
                ],
                [
                    0.0,
                    0.0,
                    0.0,
                    1.0
                ]
            ]
        },
        {
            "file_path": "/data/shapenet_blender/all_50_random/02958343/4fea9b67188b830f6a2345809e2bb169/r_11",
            "rotation": 0.12566370614359174,
            "transform_matrix": [
                [
                    0.3636062443256378,
                    -0.1313028186559677,
                    -0.9222527146339417,
                    -3.717719554901123
                ],
                [
                    -0.9315528273582458,
                    -0.051250480115413666,
                    -0.359976202249527,
                    -1.4511104822158813
                ],
                [
                    -3.725290742551124e-09,
                    0.9900165796279907,
                    -0.1409505158662796,
                    -0.5681896805763245
                ],
                [
                    0.0,
                    0.0,
                    0.0,
                    1.0
                ]
            ]
        },
        {
            "file_path": "/data/shapenet_blender/all_50_random/02958343/4fea9b67188b830f6a2345809e2bb169/r_12",
            "rotation": 0.12566370614359174,
            "transform_matrix": [
                [
                    0.6655373573303223,
                    0.0300630871206522,
                    -0.7457588315010071,
                    -3.0062499046325684
                ],
                [
                    -0.7463644742965698,
                    0.026807419955730438,
                    -0.6649972796440125,
                    -2.680689811706543
                ],
                [
                    -1.8626448161640496e-09,
                    0.9991884827613831,
                    0.04027935862541199,
                    0.16237129271030426
                ],
                [
                    0.0,
                    0.0,
                    0.0,
                    1.0
                ]
            ]
        },
        {
            "file_path": "/data/shapenet_blender/all_50_random/02958343/4fea9b67188b830f6a2345809e2bb169/r_13",
            "rotation": 0.12566370614359174,
            "transform_matrix": [
                [
                    -0.7201570272445679,
                    -0.04296582564711571,
                    0.6924794316291809,
                    2.791473865509033
                ],
                [
                    0.6938111186027527,
                    -0.044597357511520386,
                    0.7187747955322266,
                    2.8974738121032715
                ],
                [
                    0.0,
                    0.9980806112289429,
                    0.06192726641893387,
                    0.24963679909706116
                ],
                [
                    0.0,
                    0.0,
                    0.0,
                    1.0
                ]
            ]
        },
        {
            "file_path": "/data/shapenet_blender/all_50_random/02958343/4fea9b67188b830f6a2345809e2bb169/r_14",
            "rotation": 0.12566370614359174,
            "transform_matrix": [
                [
                    -0.8908235430717468,
                    0.019982216879725456,
                    -0.453909695148468,
                    -1.8297686576843262
                ],
                [
                    -0.4543493390083313,
                    -0.03917828947305679,
                    0.8899615406990051,
                    3.587549924850464
                ],
                [
                    -1.862645149230957e-09,
                    0.9990322589874268,
                    0.04397985339164734,
                    0.1772884726524353
                ],
                [
                    0.0,
                    0.0,
                    0.0,
                    1.0
                ]
            ]
        },
        {
            "file_path": "/data/shapenet_blender/all_50_random/02958343/4fea9b67188b830f6a2345809e2bb169/r_15",
            "rotation": 0.12566370614359174,
            "transform_matrix": [
                [
                    -0.979447603225708,
                    0.022326113656163216,
                    -0.2004593461751938,
                    -0.8080775141716003
                ],
                [
                    -0.20169880986213684,
                    -0.1084154024720192,
                    0.9734287858009338,
                    3.9240171909332275
                ],
                [
                    1.862645149230957e-09,
                    0.9938549399375916,
                    0.11069034785032272,
                    0.44620710611343384
                ],
                [
                    0.0,
                    0.0,
                    0.0,
                    1.0
                ]
            ]
        },
        {
            "file_path": "/data/shapenet_blender/all_50_random/02958343/4fea9b67188b830f6a2345809e2bb169/r_16",
            "rotation": 0.12566370614359174,
            "transform_matrix": [
                [
                    -0.3171159029006958,
                    0.502388596534729,
                    -0.8043898940086365,
                    -3.2425994873046875
                ],
                [
                    -0.9483867883682251,
                    -0.1679857224225998,
                    0.2689670920372009,
                    1.0842410326004028
                ],
                [
                    -2.9802322387695312e-08,
                    0.8481665253639221,
                    0.5297297239303589,
                    2.135408878326416
                ],
                [
                    0.0,
                    0.0,
                    0.0,
                    1.0
                ]
            ]
        },
        {
            "file_path": "/data/shapenet_blender/all_50_random/02958343/4fea9b67188b830f6a2345809e2bb169/r_17",
            "rotation": 0.12566370614359174,
            "transform_matrix": [
                [
                    0.5219443440437317,
                    -0.031312428414821625,
                    0.8524046540260315,
                    3.436152696609497
                ],
                [
                    0.8529794216156006,
                    0.019160304218530655,
                    -0.5215926170349121,
                    -2.102606773376465
                ],
                [
                    0.0,
                    0.9993259906768799,
                    0.03670947626233101,
                    0.14798061549663544
                ],
                [
                    0.0,
                    0.0,
                    0.0,
                    1.0
                ]
            ]
        },
        {
            "file_path": "/data/shapenet_blender/all_50_random/02958343/4fea9b67188b830f6a2345809e2bb169/r_18",
            "rotation": 0.12566370614359174,
            "transform_matrix": [
                [
                    -0.9339053630828857,
                    0.1515904814004898,
                    -0.3237919211387634,
                    -1.3052469491958618
                ],
                [
                    -0.3575204908847809,
                    -0.395980566740036,
                    0.8458004593849182,
                    3.4095306396484375
                ],
                [
                    0.0,
                    0.9056597352027893,
                    0.42400509119033813,
                    1.7092190980911255
                ],
                [
                    0.0,
                    0.0,
                    0.0,
                    1.0
                ]
            ]
        },
        {
            "file_path": "/data/shapenet_blender/all_50_random/02958343/4fea9b67188b830f6a2345809e2bb169/r_19",
            "rotation": 0.12566370614359174,
            "transform_matrix": [
                [
                    -0.8482891917228699,
                    0.35945501923561096,
                    0.3888411819934845,
                    1.5674688816070557
                ],
                [
                    0.5295331478118896,
                    0.5758313536643982,
                    0.6229067444801331,
                    2.511017322540283
                ],
                [
                    1.4901160305669237e-08,
                    0.7343093156814575,
                    -0.6788149476051331,
                    -2.7363905906677246
                ],
                [
                    0.0,
                    0.0,
                    0.0,
                    1.0
                ]
            ]
        },
        {
            "file_path": "/data/shapenet_blender/all_50_random/02958343/4fea9b67188b830f6a2345809e2bb169/r_20",
            "rotation": 0.12566370614359174,
            "transform_matrix": [
                [
                    0.27211159467697144,
                    -0.809185802936554,
                    -0.5207433104515076,
                    -2.0991833209991455
                ],
                [
                    -0.9622657299041748,
                    -0.22882334887981415,
                    -0.14725694060325623,
                    -0.5936117172241211
                ],
                [
                    -7.450580596923828e-09,
                    0.5411636829376221,
                    -0.8409172296524048,
                    -3.389845848083496
                ],
                [
                    0.0,
                    0.0,
                    0.0,
                    1.0
                ]
            ]
        },
        {
            "file_path": "/data/shapenet_blender/all_50_random/02958343/4fea9b67188b830f6a2345809e2bb169/r_21",
            "rotation": 0.12566370614359174,
            "transform_matrix": [
                [
                    -0.5375662446022034,
                    0.006275579798966646,
                    -0.8431980609893799,
                    -3.399040460586548
                ],
                [
                    -0.8432216048240662,
                    -0.004000775516033173,
                    0.53755122423172,
                    2.166938543319702
                ],
                [
                    -4.656612873077393e-10,
                    0.999972403049469,
                    0.007442384026944637,
                    0.030001211911439896
                ],
                [
                    0.0,
                    0.0,
                    0.0,
                    1.0
                ]
            ]
        },
        {
            "file_path": "/data/shapenet_blender/all_50_random/02958343/4fea9b67188b830f6a2345809e2bb169/r_22",
            "rotation": 0.12566370614359174,
            "transform_matrix": [
                [
                    -0.9335787296295166,
                    0.32164469361305237,
                    0.1580362170934677,
                    0.6370644569396973
                ],
                [
                    0.35837239027023315,
                    0.8379011750221252,
                    0.4116925597190857,
                    1.659585952758789
                ],
                [
                    0.0,
                    0.4409830570220947,
                    -0.8975152969360352,
                    -3.618000030517578
                ],
                [
                    0.0,
                    0.0,
                    0.0,
                    1.0
                ]
            ]
        },
        {
            "file_path": "/data/shapenet_blender/all_50_random/02958343/4fea9b67188b830f6a2345809e2bb169/r_23",
            "rotation": 0.12566370614359174,
            "transform_matrix": [
                [
                    0.33935606479644775,
                    -0.13882477581501007,
                    0.9303575754165649,
                    3.7503912448883057
                ],
                [
                    0.9406580924987793,
                    0.050083059817552567,
                    -0.335640013217926,
                    -1.3530081510543823
                ],
                [
                    0.0,
                    0.9890497326850891,
                    0.14758265018463135,
                    0.5949246883392334
                ],
                [
                    0.0,
                    0.0,
                    0.0,
                    1.0
                ]
            ]
        },
        {
            "file_path": "/data/shapenet_blender/all_50_random/02958343/4fea9b67188b830f6a2345809e2bb169/r_24",
            "rotation": 0.12566370614359174,
            "transform_matrix": [
                [
                    0.8596866726875305,
                    -0.06853017210960388,
                    -0.5062039494514465,
                    -2.0405731201171875
                ],
                [
                    -0.5108216404914856,
                    -0.11533275991678238,
                    -0.8519152998924255,
                    -3.4341800212860107
                ],
                [
                    3.725290076417309e-09,
                    0.9909600615501404,
                    -0.1341567486524582,
                    -0.540803074836731
                ],
                [
                    0.0,
                    0.0,
                    0.0,
                    1.0
                ]
            ]
        },
        {
            "file_path": "/data/shapenet_blender/all_50_random/02958343/4fea9b67188b830f6a2345809e2bb169/r_25",
            "rotation": 0.12566370614359174,
            "transform_matrix": [
                [
                    -0.6995647549629211,
                    0.4370642602443695,
                    -0.5653176307678223,
                    -2.2788681983947754
                ],
                [
                    -0.7145692110061646,
                    -0.42788681387901306,
                    0.5534471273422241,
                    2.2310166358947754
                ],
                [
                    0.0,
                    0.7911306619644165,
                    0.6116471886634827,
                    2.4656286239624023
                ],
                [
                    0.0,
                    0.0,
                    0.0,
                    1.0
                ]
            ]
        },
        {
            "file_path": "/data/shapenet_blender/all_50_random/02958343/4fea9b67188b830f6a2345809e2bb169/r_26",
            "rotation": 0.12566370614359174,
            "transform_matrix": [
                [
                    -0.365106999874115,
                    0.5491595268249512,
                    0.7517450451850891,
                    3.030381441116333
                ],
                [
                    0.9309656023979187,
                    0.21536992490291595,
                    0.294820100069046,
                    1.18845796585083
                ],
                [
                    -1.4901161193847656e-08,
                    0.8074897527694702,
                    -0.5898815989494324,
                    -2.3778889179229736
                ],
                [
                    0.0,
                    0.0,
                    0.0,
                    1.0
                ]
            ]
        },
        {
            "file_path": "/data/shapenet_blender/all_50_random/02958343/4fea9b67188b830f6a2345809e2bb169/r_27",
            "rotation": 0.12566370614359174,
            "transform_matrix": [
                [
                    0.3482557237148285,
                    0.1438557207584381,
                    0.9262955784797668,
                    3.7340168952941895
                ],
                [
                    0.9373995661735535,
                    -0.053444214165210724,
                    -0.3441304564476013,
                    -1.3872342109680176
                ],
                [
                    3.7252898543727042e-09,
                    0.9881544709205627,
                    -0.15346257388591766,
                    -0.6186274290084839
                ],
                [
                    0.0,
                    0.0,
                    0.0,
                    1.0
                ]
            ]
        },
        {
            "file_path": "/data/shapenet_blender/all_50_random/02958343/4fea9b67188b830f6a2345809e2bb169/r_28",
            "rotation": 0.12566370614359174,
            "transform_matrix": [
                [
                    -0.18845157325267792,
                    0.5750827193260193,
                    -0.7960941195487976,
                    -3.209158182144165
                ],
                [
                    -0.9820825457572937,
                    -0.11035247892141342,
                    0.1527622938156128,
                    0.6158045530319214
                ],
                [
                    0.0,
                    0.8106184601783752,
                    0.5855746865272522,
                    2.360527276992798
                ],
                [
                    0.0,
                    0.0,
                    0.0,
                    1.0
                ]
            ]
        },
        {
            "file_path": "/data/shapenet_blender/all_50_random/02958343/4fea9b67188b830f6a2345809e2bb169/r_29",
            "rotation": 0.12566370614359174,
            "transform_matrix": [
                [
                    -0.3770942687988281,
                    0.031637195497751236,
                    0.9256343245506287,
                    3.731351375579834
                ],
                [
                    0.9261748790740967,
                    0.012881157919764519,
                    0.376874178647995,
                    1.519228458404541
                ],
                [
                    0.0,
                    0.9994164109230042,
                    -0.03415898606181145,
                    -0.13769927620887756
                ],
                [
                    0.0,
                    0.0,
                    0.0,
                    1.0
                ]
            ]
        },
        {
            "file_path": "/data/shapenet_blender/all_50_random/02958343/4fea9b67188b830f6a2345809e2bb169/r_30",
            "rotation": 0.12566370614359174,
            "transform_matrix": [
                [
                    0.7777326703071594,
                    -0.3852028548717499,
                    -0.49674004316329956,
                    -2.0024232864379883
                ],
                [
                    -0.6285951733589172,
                    -0.4765941798686981,
                    -0.6145941019058228,
                    -2.477508306503296
                ],
                [
                    1.4901161193847656e-08,
                    0.7902382612228394,
                    -0.6127994656562805,
                    -2.470273971557617
                ],
                [
                    0.0,
                    0.0,
                    0.0,
                    1.0
                ]
            ]
        },
        {
            "file_path": "/data/shapenet_blender/all_50_random/02958343/4fea9b67188b830f6a2345809e2bb169/r_31",
            "rotation": 0.12566370614359174,
            "transform_matrix": [
                [
                    0.010080789215862751,
                    -0.19825617969036102,
                    -0.9800983667373657,
                    -3.9509029388427734
                ],
                [
                    -0.9999492764472961,
                    -0.001998679945245385,
                    -0.009880665689706802,
                    -0.03983023762702942
                ],
                [
                    0.0,
                    0.9801481366157532,
                    -0.19826626777648926,
                    -0.7992368936538696
                ],
                [
                    0.0,
                    0.0,
                    0.0,
                    1.0
                ]
            ]
        },
        {
            "file_path": "/data/shapenet_blender/all_50_random/02958343/4fea9b67188b830f6a2345809e2bb169/r_32",
            "rotation": 0.12566370614359174,
            "transform_matrix": [
                [
                    0.7075163125991821,
                    -0.6617418527603149,
                    -0.24802875518798828,
                    -0.9998359680175781
                ],
                [
                    -0.7066969275474548,
                    -0.6625091433525085,
                    -0.24831634759902954,
                    -1.0009952783584595
                ],
                [
                    0.0,
                    0.35096895694732666,
                    -0.9363869428634644,
                    -3.7746968269348145
                ],
                [
                    0.0,
                    0.0,
                    0.0,
                    1.0
                ]
            ]
        },
        {
            "file_path": "/data/shapenet_blender/all_50_random/02958343/4fea9b67188b830f6a2345809e2bb169/r_33",
            "rotation": 0.12566370614359174,
            "transform_matrix": [
                [
                    0.9544525742530823,
                    -0.01751246675848961,
                    -0.29784828424453735,
                    -1.200664758682251
                ],
                [
                    -0.29836270213127136,
                    -0.05602181330323219,
                    -0.9528070688247681,
                    -3.840888023376465
                ],
                [
                    1.862645149230957e-09,
                    0.998275876045227,
                    -0.058695238083601,
                    -0.23660805821418762
                ],
                [
                    0.0,
                    0.0,
                    0.0,
                    1.0
                ]
            ]
        },
        {
            "file_path": "/data/shapenet_blender/all_50_random/02958343/4fea9b67188b830f6a2345809e2bb169/r_34",
            "rotation": 0.12566370614359174,
            "transform_matrix": [
                [
                    -0.5471178889274597,
                    -0.325914204120636,
                    -0.7710004448890686,
                    -3.1080026626586914
                ],
                [
                    -0.8370555639266968,
                    0.21302469074726105,
                    0.5039429068565369,
                    2.031459093093872
                ],
                [
                    -1.4901161193847656e-08,
                    0.9210864901542664,
                    -0.38935786485671997,
                    -1.569551944732666
                ],
                [
                    0.0,
                    0.0,
                    0.0,
                    1.0
                ]
            ]
        },
        {
            "file_path": "/data/shapenet_blender/all_50_random/02958343/4fea9b67188b830f6a2345809e2bb169/r_35",
            "rotation": 0.12566370614359174,
            "transform_matrix": [
                [
                    0.33835163712501526,
                    0.16268764436244965,
                    0.9268499612808228,
                    3.7362518310546875
                ],
                [
                    0.9410198330879211,
                    -0.05849572271108627,
                    -0.3332567512989044,
                    -1.3434010744094849
                ],
                [
                    0.0,
                    0.9849421381950378,
                    -0.17288440465927124,
                    -0.6969193816184998
                ],
                [
                    0.0,
                    0.0,
                    0.0,
                    1.0
                ]
            ]
        },
        {
            "file_path": "/data/shapenet_blender/all_50_random/02958343/4fea9b67188b830f6a2345809e2bb169/r_36",
            "rotation": 0.12566370614359174,
            "transform_matrix": [
                [
                    -0.963928759098053,
                    0.14863063395023346,
                    -0.22079463303089142,
                    -0.8900517225265503
                ],
                [
                    -0.26616036891937256,
                    -0.538282036781311,
                    0.7996318340301514,
                    3.223419189453125
                ],
                [
                    0.0,
                    0.8295549154281616,
                    0.5584250688552856,
                    2.2510836124420166
                ],
                [
                    0.0,
                    0.0,
                    0.0,
                    1.0
                ]
            ]
        },
        {
            "file_path": "/data/shapenet_blender/all_50_random/02958343/4fea9b67188b830f6a2345809e2bb169/r_37",
            "rotation": 0.12566370614359174,
            "transform_matrix": [
                [
                    -0.6489918828010559,
                    -0.5913834571838379,
                    -0.47861790657043457,
                    -1.9293705224990845
                ],
                [
                    -0.7607954144477844,
                    0.5044760704040527,
                    0.4082821309566498,
                    1.6458379030227661
                ],
                [
                    -1.4901162970204496e-08,
                    0.6291021108627319,
                    -0.7773226499557495,
                    -3.1334879398345947
                ],
                [
                    0.0,
                    0.0,
                    0.0,
                    1.0
                ]
            ]
        },
        {
            "file_path": "/data/shapenet_blender/all_50_random/02958343/4fea9b67188b830f6a2345809e2bb169/r_38",
            "rotation": 0.12566370614359174,
            "transform_matrix": [
                [
                    -0.9742927551269531,
                    -0.07360566407442093,
                    0.21292218565940857,
                    0.8583167791366577
                ],
                [
                    0.22528569400310516,
                    -0.3183222711086273,
                    0.9208242297172546,
                    3.711961269378662
                ],
                [
                    -7.450580596923828e-09,
                    0.9451206922531128,
                    0.3267213702201843,
                    1.3170559406280518
                ],
                [
                    0.0,
                    0.0,
                    0.0,
                    1.0
                ]
            ]
        },
        {
            "file_path": "/data/shapenet_blender/all_50_random/02958343/4fea9b67188b830f6a2345809e2bb169/r_39",
            "rotation": 0.12566370614359174,
            "transform_matrix": [
                [
                    -0.9795528650283813,
                    -0.009539129212498665,
                    0.2009609192609787,
                    0.8100993633270264
                ],
                [
                    0.20118720829486847,
                    -0.046444714069366455,
                    0.9784510731697083,
                    3.9442625045776367
                ],
                [
                    9.313225746154785e-10,
                    0.9988752603530884,
                    0.047414202243089676,
                    0.19113276898860931
                ],
                [
                    0.0,
                    0.0,
                    0.0,
                    1.0
                ]
            ]
        },
        {
            "file_path": "/data/shapenet_blender/all_50_random/02958343/4fea9b67188b830f6a2345809e2bb169/r_40",
            "rotation": 0.12566370614359174,
            "transform_matrix": [
                [
                    0.9784334897994995,
                    -0.00578868854790926,
                    -0.2064812332391739,
                    -0.8323524594306946
                ],
                [
                    -0.2065623700618744,
                    -0.027419550344347954,
                    -0.9780491590499878,
                    -3.9426422119140625
                ],
                [
                    -4.656612873077393e-10,
                    0.999607264995575,
                    -0.02802392840385437,
                    -0.1129680722951889
                ],
                [
                    0.0,
                    0.0,
                    0.0,
                    1.0
                ]
            ]
        },
        {
            "file_path": "/data/shapenet_blender/all_50_random/02958343/4fea9b67188b830f6a2345809e2bb169/r_41",
            "rotation": 0.12566370614359174,
            "transform_matrix": [
                [
                    -0.9934375882148743,
                    -0.09173529595136642,
                    0.06831113249063492,
                    0.2753710150718689
                ],
                [
                    0.11437559872865677,
                    -0.7967896461486816,
