{
    "class": "02958343",
    "model": "15c3b923c85d22796d8b9531f93cc8de",
    "remove_doubles": true,
    "edge_split": true,
    "denoise": true,
    "camera_angle_x": 0.6911112070083618,
    "scale_factor": 2.25524131524163,
    "hdri_file": "/data/IndoorHDRDataset2018/9C4A9823-106ef3b6cb.exr",
    "center_offset": [
        0.0,
        0.0,
        -2.7939677238464355e-09
    ],
    "lights": [],
    "frames": [
        {
            "file_path": "/data/shapenet_blender/all_50_random/02958343/15c3b923c85d22796d8b9531f93cc8de/r_0",
            "rotation": 0.12566370614359174,
            "transform_matrix": [
                [
                    0.34897729754447937,
                    -0.014787212014198303,
                    -0.9370145201683044,
                    -3.777226209640503
                ],
                [
                    -0.9371312260627747,
                    -0.005506593734025955,
                    -0.3489338159561157,
                    -1.4065971374511719
                ],
                [
                    0.0,
                    0.9998754858970642,
                    -0.01577923260629177,
                    -0.06360811740159988
                ],
                [
                    0.0,
                    0.0,
                    0.0,
                    1.0
                ]
            ]
        },
        {
            "file_path": "/data/shapenet_blender/all_50_random/02958343/15c3b923c85d22796d8b9531f93cc8de/r_1",
            "rotation": 0.12566370614359174,
            "transform_matrix": [
                [
                    -0.9998031258583069,
                    0.0109942015260458,
                    -0.016518650576472282,
                    -0.06658881902694702
                ],
                [
                    -0.0198428425937891,
                    -0.5539547801017761,
                    0.8323101997375488,
                    3.355149984359741
                ],
                [
                    9.313225746154785e-10,
                    0.8324742317199707,
                    0.5540637969970703,
                    2.2335028648376465
                ],
                [
                    0.0,
                    0.0,
                    0.0,
                    1.0
                ]
            ]
        },
        {
            "file_path": "/data/shapenet_blender/all_50_random/02958343/15c3b923c85d22796d8b9531f93cc8de/r_2",
            "rotation": 0.12566370614359174,
            "transform_matrix": [
                [
                    -0.9997018575668335,
                    -0.01799291931092739,
                    0.01650647446513176,
                    0.06653973460197449
                ],
                [
                    0.024417389184236526,
                    -0.7366698980331421,
                    0.6758115291595459,
                    2.7242836952209473
                ],
                [
                    9.313225191043273e-10,
                    0.6760130524635315,
                    0.7368895411491394,
                    2.970496892929077
                ],
                [
                    0.0,
                    0.0,
                    0.0,
                    1.0
                ]
            ]
        },
        {
            "file_path": "/data/shapenet_blender/all_50_random/02958343/15c3b923c85d22796d8b9531f93cc8de/r_3",
            "rotation": 0.12566370614359174,
            "transform_matrix": [
                [
                    -0.8879908919334412,
                    -0.13968418538570404,
                    0.4381330609321594,
                    1.766170859336853
                ],
                [
                    0.459861159324646,
                    -0.269729882478714,
                    0.8460339903831482,
                    3.4104721546173096
                ],
                [
                    7.450581485102248e-09,
                    0.9527508020401001,
                    0.30375298857688904,
                    1.2244675159454346
                ],
                [
                    0.0,
                    0.0,
                    0.0,
                    1.0
                ]
            ]
        },
        {
            "file_path": "/data/shapenet_blender/all_50_random/02958343/15c3b923c85d22796d8b9531f93cc8de/r_4",
            "rotation": 0.12566370614359174,
            "transform_matrix": [
                [
                    0.34899187088012695,
                    0.4502813518047333,
                    0.8218584060668945,
                    3.3130173683166504
                ],
                [
                    0.9371256828308105,
                    -0.16768778860569,
                    -0.30606555938720703,
                    -1.2337898015975952
                ],
                [
                    0.0,
                    0.8769991397857666,
                    -0.48049190640449524,
                    -1.936924934387207
                ],
                [
                    0.0,
                    0.0,
                    0.0,
                    1.0
                ]
            ]
        },
        {
            "file_path": "/data/shapenet_blender/all_50_random/02958343/15c3b923c85d22796d8b9531f93cc8de/r_5",
            "rotation": 0.12566370614359174,
            "transform_matrix": [
                [
                    0.16474343836307526,
                    -0.03331867977976799,
                    -0.9857734441757202,
                    -3.9737801551818848
                ],
                [
                    -0.9863364100456238,
                    -0.005565072875469923,
                    -0.16464941203594208,
                    -0.6637230515480042
                ],
                [
                    0.0,
                    0.9994292259216309,
                    -0.033780235797166824,
                    -0.13617250323295593
                ],
                [
                    0.0,
                    0.0,
                    0.0,
                    1.0
                ]
            ]
        },
        {
            "file_path": "/data/shapenet_blender/all_50_random/02958343/15c3b923c85d22796d8b9531f93cc8de/r_6",
            "rotation": 0.12566370614359174,
            "transform_matrix": [
                [
                    0.16098155081272125,
                    0.2280750870704651,
                    -0.9602430462837219,
                    -3.870863437652588
                ],
                [
                    -0.9869574308395386,
                    0.03720108047127724,
                    -0.1566241979598999,
                    -0.631372332572937
                ],
                [
                    3.725290298461914e-09,
                    0.9729326367378235,
                    0.23108908534049988,
                    0.9315499067306519
                ],
                [
                    0.0,
                    0.0,
                    0.0,
                    1.0
                ]
            ]
        },
        {
            "file_path": "/data/shapenet_blender/all_50_random/02958343/15c3b923c85d22796d8b9531f93cc8de/r_7",
            "rotation": 0.12566370614359174,
            "transform_matrix": [
                [
                    -0.7153217196464539,
                    -0.0019793498795479536,
                    0.6987923979759216,
                    2.816922426223755
                ],
                [
                    0.6987952589988708,
                    -0.0020261614117771387,
                    0.7153187990188599,
                    2.883542537689209
                ],
                [
                    0.0,
                    0.9999960064888,
                    0.0028325174935162067,
                    0.011418243870139122
                ],
                [
                    0.0,
                    0.0,
                    0.0,
                    1.0
                ]
            ]
        },
        {
            "file_path": "/data/shapenet_blender/all_50_random/02958343/15c3b923c85d22796d8b9531f93cc8de/r_8",
            "rotation": 0.12566370614359174,
            "transform_matrix": [
                [
                    -0.45381611585617065,
                    0.39415082335472107,
                    0.7991846203804016,
                    3.221616268157959
                ],
                [
                    0.8910954594612122,
                    0.20073270797729492,
                    0.4070078730583191,
                    1.640701174736023
                ],
                [
                    0.0,
                    0.8968563079833984,
                    -0.4423217475414276,
                    -1.7830560207366943
                ],
                [
                    0.0,
                    0.0,
                    0.0,
                    1.0
                ]
            ]
        },
        {
            "file_path": "/data/shapenet_blender/all_50_random/02958343/15c3b923c85d22796d8b9531f93cc8de/r_9",
            "rotation": 0.12566370614359174,
            "transform_matrix": [
                [
                    -0.9871074557304382,
                    0.00266250385902822,
                    0.16003702580928802,
                    0.645129919052124
                ],
                [
                    0.16005918383598328,
                    0.0164200346916914,
                    0.9869707822799683,
                    3.978606700897217
                ],
                [
                    0.0,
                    0.9998615980148315,
                    -0.016634495928883553,
                    -0.06705580651760101
                ],
                [
                    0.0,
                    0.0,
                    0.0,
                    1.0
                ]
            ]
        },
        {
            "file_path": "/data/shapenet_blender/all_50_random/02958343/15c3b923c85d22796d8b9531f93cc8de/r_10",
            "rotation": 0.12566370614359174,
            "transform_matrix": [
                [
                    0.9982792139053345,
                    0.038304440677165985,
                    -0.04440160095691681,
                    -0.17898857593536377
                ],
                [
                    -0.05864071473479271,
                    0.6520815491676331,
                    -0.7558774948120117,
                    -3.047039747238159
                ],
                [
                    0.0,
                    0.7571804523468018,
                    0.6532056927680969,
                    2.6331562995910645
                ],
                [
                    0.0,
                    0.0,
                    0.0,
                    1.0
                ]
            ]
        },
        {
            "file_path": "/data/shapenet_blender/all_50_random/02958343/15c3b923c85d22796d8b9531f93cc8de/r_11",
            "rotation": 0.12566370614359174,
            "transform_matrix": [
                [
                    0.07350058108568192,
                    0.7102637887001038,
                    -0.70008784532547,
                    -2.822144031524658
                ],
                [
                    -0.997295081615448,
                    0.05234639719128609,
                    -0.05159642919898033,
                    -0.2079918384552002
                ],
                [
                    0.0,
                    0.70198655128479,
                    0.7121902108192444,
                    2.8709301948547363
                ],
                [
                    0.0,
                    0.0,
                    0.0,
                    1.0
                ]
            ]
        },
        {
            "file_path": "/data/shapenet_blender/all_50_random/02958343/15c3b923c85d22796d8b9531f93cc8de/r_12",
            "rotation": 0.12566370614359174,
            "transform_matrix": [
                [
                    -0.46577364206314087,
                    -0.30037179589271545,
                    0.8323652148246765,
                    3.3553709983825684
                ],
                [
                    0.8849039673805237,
                    -0.15810219943523407,
                    0.4381195902824402,
                    1.7661163806915283
                ],
                [
                    0.0,
                    0.9406276941299438,
                    0.3394400477409363,
                    1.3683264255523682
                ],
                [
                    0.0,
                    0.0,
                    0.0,
                    1.0
                ]
            ]
        },
        {
            "file_path": "/data/shapenet_blender/all_50_random/02958343/15c3b923c85d22796d8b9531f93cc8de/r_13",
            "rotation": 0.12566370614359174,
            "transform_matrix": [
                [
                    -0.7510504722595215,
                    -0.5164723992347717,
                    -0.4113144278526306,
                    -1.6580615043640137
                ],
                [
                    -0.660244882106781,
                    0.5875044465065002,
                    0.46788376569747925,
                    1.8860998153686523
                ],
                [
                    1.4901162970204496e-08,
                    0.6229725480079651,
                    -0.7822436690330505,
                    -3.153325080871582
                ],
                [
                    0.0,
                    0.0,
                    0.0,
                    1.0
                ]
            ]
        },
        {
            "file_path": "/data/shapenet_blender/all_50_random/02958343/15c3b923c85d22796d8b9531f93cc8de/r_14",
            "rotation": 0.12566370614359174,
            "transform_matrix": [
                [
                    0.9543076157569885,
                    -0.13167373836040497,
                    -0.2682517468929291,
                    -1.0813573598861694
                ],
                [
                    -0.2988259792327881,
                    -0.42050305008888245,
                    -0.8566680550575256,
                    -3.453339099884033
                ],
                [
                    7.450580152834618e-09,
                    0.8976854085922241,
                    -0.44063690304756165,
                    -1.7762640714645386
                ],
                [
                    0.0,
                    0.0,
                    0.0,
                    1.0
                ]
            ]
        },
        {
            "file_path": "/data/shapenet_blender/all_50_random/02958343/15c3b923c85d22796d8b9531f93cc8de/r_15",
            "rotation": 0.12566370614359174,
            "transform_matrix": [
                [
                    0.9203156232833862,
                    0.30061841011047363,
                    -0.2502955198287964,
                    -1.0089735984802246
                ],
                [
                    -0.39117681980133057,
                    0.707260251045227,
                    -0.5888663530349731,
                    -2.3737964630126953
                ],
                [
                    1.4901162970204496e-08,
                    0.6398526430130005,
                    0.7684974670410156,
                    3.097912549972534
                ],
                [
                    0.0,
                    0.0,
                    0.0,
                    1.0
                ]
            ]
        },
        {
            "file_path": "/data/shapenet_blender/all_50_random/02958343/15c3b923c85d22796d8b9531f93cc8de/r_16",
            "rotation": 0.12566370614359174,
            "transform_matrix": [
                [
                    -0.9668489694595337,
                    -0.01891585811972618,
                    0.25464770197868347,
                    1.0265178680419922
                ],
                [
                    0.255349338054657,
                    -0.0716225728392601,
                    0.964192271232605,
                    3.8867835998535156
                ],
                [
                    0.0,
                    0.9972522854804993,
                    0.07407834380865097,
                    0.2986193895339966
                ],
                [
                    0.0,
                    0.0,
                    0.0,
                    1.0
                ]
            ]
        },
        {
            "file_path": "/data/shapenet_blender/all_50_random/02958343/15c3b923c85d22796d8b9531f93cc8de/r_17",
            "rotation": 0.12566370614359174,
            "transform_matrix": [
                [
                    0.45502614974975586,
                    0.18227025866508484,
                    0.8716241717338562,
                    3.51362943649292
                ],
                [
                    0.8904780745506287,
                    -0.0931384339928627,
                    -0.445391982793808,
                    -1.7954325675964355
                ],
                [
                    0.0,
                    0.978827178478241,
                    -0.20468810200691223,
                    -0.8251241445541382
                ],
                [
                    0.0,
                    0.0,
                    0.0,
                    1.0
                ]
            ]
        },
        {
            "file_path": "/data/shapenet_blender/all_50_random/02958343/15c3b923c85d22796d8b9531f93cc8de/r_18",
            "rotation": 0.12566370614359174,
            "transform_matrix": [
                [
                    0.7559212446212769,
                    0.22114460170269012,
                    -0.6161802411079407,
                    -2.4839022159576416
                ],
                [
                    -0.654662549495697,
                    0.25534969568252563,
                    -0.7114866971969604,
                    -2.8680949211120605
                ],
                [
                    0.0,
                    0.9412181377410889,
                    0.3377993106842041,
                    1.3617126941680908
                ],
                [
                    0.0,
                    0.0,
                    0.0,
                    1.0
                ]
            ]
        },
        {
            "file_path": "/data/shapenet_blender/all_50_random/02958343/15c3b923c85d22796d8b9531f93cc8de/r_19",
            "rotation": 0.12566370614359174,
            "transform_matrix": [
                [
                    0.951082706451416,
                    0.20056995749473572,
                    -0.2349756509065628,
                    -0.9472172260284424
                ],
                [
                    -0.3089367151260376,
                    0.6174682378768921,
                    -0.7233884930610657,
                    -2.9160726070404053
                ],
                [
                    0.0,
                    0.7605948448181152,
                    0.6492266654968262,
                    2.617116689682007
                ],
                [
                    0.0,
                    0.0,
                    0.0,
                    1.0
                ]
            ]
        },
        {
            "file_path": "/data/shapenet_blender/all_50_random/02958343/15c3b923c85d22796d8b9531f93cc8de/r_20",
            "rotation": 0.12566370614359174,
            "transform_matrix": [
                [
                    -0.8086020946502686,
                    0.0517030730843544,
                    -0.5860795974731445,
                    -2.362562417984009
                ],
                [
                    -0.5883557200431824,
                    -0.07105772197246552,
                    0.8054739236831665,
                    3.246969223022461
                ],
                [
                    -7.450580152834618e-09,
                    0.9961312413215637,
                    0.08787722885608673,
                    0.3542444407939911
                ],
                [
                    0.0,
                    0.0,
                    0.0,
                    1.0
                ]
            ]
        },
        {
            "file_path": "/data/shapenet_blender/all_50_random/02958343/15c3b923c85d22796d8b9531f93cc8de/r_21",
            "rotation": 0.12566370614359174,
            "transform_matrix": [
                [
                    0.997512698173523,
                    -0.009343675337731838,
                    0.06986445933580399,
                    0.2816326320171356
                ],
                [
                    0.07048649340867996,
                    0.13223007321357727,
                    -0.9887096881866455,
                    -3.9856162071228027
                ],
                [
                    0.0,
                    0.9911750555038452,
                    0.13255977630615234,
                    0.5343655347824097
                ],
                [
                    0.0,
                    0.0,
                    0.0,
                    1.0
                ]
            ]
        },
        {
            "file_path": "/data/shapenet_blender/all_50_random/02958343/15c3b923c85d22796d8b9531f93cc8de/r_22",
            "rotation": 0.12566370614359174,
            "transform_matrix": [
                [
                    0.9022529721260071,
                    0.053311917930841446,
                    -0.42789891362190247,
                    -1.7249157428741455
                ],
                [
                    -0.43120720982551575,
                    0.1115492433309555,
                    -0.8953307271003723,
                    -3.6091935634613037
                ],
                [
                    3.725290298461914e-09,
                    0.992327868938446,
                    0.12363410741090775,
                    0.4983850419521332
                ],
                [
                    0.0,
                    0.0,
                    0.0,
                    1.0
                ]
            ]
        },
        {
            "file_path": "/data/shapenet_blender/all_50_random/02958343/15c3b923c85d22796d8b9531f93cc8de/r_23",
            "rotation": 0.12566370614359174,
            "transform_matrix": [
                [
                    0.9103372693061829,
                    -0.04362517222762108,
                    -0.41156134009361267,
                    -1.6590569019317627
                ],
                [
                    -0.4138669967651367,
                    -0.0959574431180954,
                    -0.9052658081054688,
                    -3.6492433547973633
                ],
                [
                    3.7252898543727042e-09,
                    0.9944290518760681,
                    -0.10540865361690521,
                    -0.4249159097671509
                ],
                [
                    0.0,
                    0.0,
                    0.0,
                    1.0
                ]
            ]
        },
        {
            "file_path": "/data/shapenet_blender/all_50_random/02958343/15c3b923c85d22796d8b9531f93cc8de/r_24",
            "rotation": 0.12566370614359174,
            "transform_matrix": [
                [
                    -0.396300345659256,
                    -0.13516968488693237,
                    0.9081162214279175,
                    3.660733699798584
                ],
                [
                    0.9181209206581116,
                    -0.05834503471851349,
                    0.39198189973831177,
                    1.580129623413086
                ],
                [
                    0.0,
                    0.9891031384468079,
                    0.1472242772579193,
                    0.5934800505638123
                ],
                [
                    0.0,
                    0.0,
                    0.0,
                    1.0
                ]
            ]
        },
        {
            "file_path": "/data/shapenet_blender/all_50_random/02958343/15c3b923c85d22796d8b9531f93cc8de/r_25",
            "rotation": 0.12566370614359174,
            "transform_matrix": [
                [
                    0.23732082545757294,
                    -0.7129189968109131,
                    0.6598676443099976,
                    2.6600117683410645
                ],
                [
                    0.9714313745498657,
                    0.1741662174463272,
                    -0.16120576858520508,
                    -0.64984130859375
                ],
                [
                    7.450580596923828e-09,
                    0.6792736053466797,
                    0.7338850498199463,
                    2.958385467529297
                ],
                [
                    0.0,
                    0.0,
                    0.0,
                    1.0
                ]
            ]
        },
        {
            "file_path": "/data/shapenet_blender/all_50_random/02958343/15c3b923c85d22796d8b9531f93cc8de/r_26",
            "rotation": 0.12566370614359174,
            "transform_matrix": [
                [
                    0.06457524746656418,
                    -0.043584007769823074,
                    0.9969606399536133,
                    4.018876552581787
                ],
                [
                    0.9979128241539001,
                    0.002820334630087018,
                    -0.06451363116502762,
                    -0.2600627541542053
                ],
                [
                    2.3283062977608182e-10,
                    0.999045729637146,
                    0.04367516189813614,
                    0.17606019973754883
                ],
                [
                    0.0,
                    0.0,
                    0.0,
                    1.0
                ]
            ]
        },
        {
            "file_path": "/data/shapenet_blender/all_50_random/02958343/15c3b923c85d22796d8b9531f93cc8de/r_27",
            "rotation": 0.12566370614359174,
            "transform_matrix": [
                [
                    0.42178717255592346,
                    0.7673259377479553,
                    0.4830182194709778,
                    1.9471087455749512
                ],
                [
                    0.9066948294639587,
                    -0.35695385932922363,
                    -0.22469620406627655,
                    -0.9057793617248535
                ],
                [
                    -1.4901160305669237e-08,
                    0.5327240824699402,
                    -0.8462889790534973,
                    -3.4114999771118164
                ],
                [
                    0.0,
                    0.0,
                    0.0,
                    1.0
                ]
            ]
        },
        {
            "file_path": "/data/shapenet_blender/all_50_random/02958343/15c3b923c85d22796d8b9531f93cc8de/r_28",
            "rotation": 0.12566370614359174,
            "transform_matrix": [
                [
                    0.039797551929950714,
                    0.5027995109558105,
                    0.8634864687919617,
                    3.480825185775757
                ],
                [
                    0.9992077350616455,
                    -0.020026056095957756,
                    -0.034391894936561584,
                    -0.13863816857337952
                ],
                [
                    0.0,
                    0.864171028137207,
                    -0.5031981468200684,
                    -2.028456687927246
                ],
                [
                    0.0,
                    0.0,
                    0.0,
                    1.0
                ]
            ]
        },
        {
            "file_path": "/data/shapenet_blender/all_50_random/02958343/15c3b923c85d22796d8b9531f93cc8de/r_29",
            "rotation": 0.12566370614359174,
            "transform_matrix": [
                [
                    0.39029666781425476,
                    -0.3871580958366394,
                    0.8353305459022522,
                    3.3673250675201416
                ],
                [
                    0.9206891059875488,
                    0.1641232669353485,
                    -0.3541116416454315,
                    -1.4274696111679077
                ],
                [
                    1.4901159417490817e-08,
                    0.9072883129119873,
                    0.42050901055336,
                    1.695125937461853
                ],
                [
                    0.0,
                    0.0,
                    0.0,
                    1.0
                ]
            ]
        },
        {
            "file_path": "/data/shapenet_blender/all_50_random/02958343/15c3b923c85d22796d8b9531f93cc8de/r_30",
            "rotation": 0.12566370614359174,
            "transform_matrix": [
                [
                    -0.9804884195327759,
                    0.006857638712972403,
                    0.19645746052265167,
                    0.7919453382492065
                ],
                [
                    0.19657713174819946,
                    0.03420456871390343,
                    0.9798915386199951,
                    3.9500691890716553
                ],
                [
                    -9.31322685637781e-10,
                    0.9993913173675537,
                    -0.034885235130786896,
                    -0.14062687754631042
                ],
                [
                    0.0,
                    0.0,
                    0.0,
                    1.0
                ]
            ]
        },
        {
            "file_path": "/data/shapenet_blender/all_50_random/02958343/15c3b923c85d22796d8b9531f93cc8de/r_31",
            "rotation": 0.12566370614359174,
            "transform_matrix": [
                [
                    0.6331579089164734,
                    0.5800348520278931,
                    0.512514054775238,
                    2.0660102367401123
                ],
                [
                    0.77402263879776,
                    -0.4744740426540375,
                    -0.41924136877059937,
                    -1.6900160312652588
                ],
                [
                    0.0,
                    0.6621435284614563,
                    -0.7493770718574524,
                    -3.0208356380462646
                ],
                [
                    0.0,
                    0.0,
                    0.0,
                    1.0
                ]
            ]
        },
        {
            "file_path": "/data/shapenet_blender/all_50_random/02958343/15c3b923c85d22796d8b9531f93cc8de/r_32",
            "rotation": 0.12566370614359174,
            "transform_matrix": [
                [
                    -0.6025310754776001,
                    -0.039831433445215225,
                    0.7971007823944092,
                    3.2132160663604736
                ],
                [
                    0.7980953454971313,
                    -0.030071187764406204,
                    0.6017802357673645,
                    2.425853729248047
                ],
                [
                    -1.8626450382086546e-09,
                    0.9987538456916809,
                    0.0499081052839756,
                    0.20118600130081177
                ],
                [
                    0.0,
                    0.0,
                    0.0,
                    1.0
                ]
            ]
        },
        {
            "file_path": "/data/shapenet_blender/all_50_random/02958343/15c3b923c85d22796d8b9531f93cc8de/r_33",
            "rotation": 0.12566370614359174,
            "transform_matrix": [
                [
                    -0.24338923394680023,
                    -0.5690954327583313,
                    0.7854247689247131,
                    3.1661484241485596
                ],
                [
                    0.9699286818504333,
                    -0.1428060680627823,
                    0.19709071516990662,
                    0.794498085975647
                ],
                [
                    -7.450580152834618e-09,
                    0.809775710105896,
                    0.5867394804954529,
                    2.365222454071045
                ],
                [
                    0.0,
                    0.0,
                    0.0,
                    1.0
                ]
            ]
        },
        {
            "file_path": "/data/shapenet_blender/all_50_random/02958343/15c3b923c85d22796d8b9531f93cc8de/r_34",
            "rotation": 0.12566370614359174,
            "transform_matrix": [
                [
                    -0.9644542336463928,
                    -0.05773342773318291,
                    -0.25786614418029785,
                    -1.0394915342330933
                ],
                [
                    -0.2642500698566437,
                    0.21071423590183258,
                    0.941154420375824,
                    3.793914318084717
                ],
                [
                    -3.725290298461914e-09,
                    0.9758413434028625,
                    -0.21848033368587494,
                    -0.8807222843170166
                ],
                [
                    0.0,
                    0.0,
                    0.0,
                    1.0
                ]
            ]
        },
        {
            "file_path": "/data/shapenet_blender/all_50_random/02958343/15c3b923c85d22796d8b9531f93cc8de/r_35",
            "rotation": 0.12566370614359174,
            "transform_matrix": [
                [
                    0.44483402371406555,
                    0.6211349368095398,
                    -0.6452239155769348,
                    -2.6009809970855713
                ],
                [
                    -0.8956130146980286,
                    0.30850595235824585,
                    -0.3204704821109772,
                    -1.2918579578399658
                ],
                [
                    1.4901161193847656e-08,
                    0.7204270362854004,
                    0.6935305595397949,
                    2.7957112789154053
                ],
                [
                    0.0,
                    0.0,
                    0.0,
                    1.0
                ]
            ]
        },
        {
            "file_path": "/data/shapenet_blender/all_50_random/02958343/15c3b923c85d22796d8b9531f93cc8de/r_36",
            "rotation": 0.12566370614359174,
            "transform_matrix": [
                [
                    0.8599820137023926,
                    0.07703489065170288,
                    -0.5044764876365662,
                    -2.0336101055145264
                ],
                [
                    -0.5103244185447693,
                    0.1298166811466217,
                    -0.8501273393630981,
                    -3.4269731044769287
                ],
                [
                    0.0,
                    0.9885409474372864,
                    0.1509527713060379,
                    0.6085101366043091
                ],
                [
                    0.0,
                    0.0,
                    0.0,
                    1.0
                ]
            ]
        },
        {
            "file_path": "/data/shapenet_blender/all_50_random/02958343/15c3b923c85d22796d8b9531f93cc8de/r_37",
            "rotation": 0.12566370614359174,
            "transform_matrix": [
                [
                    0.17529074847698212,
                    -0.9722023010253906,
                    0.15522809326648712,
                    0.6257444620132446
                ],
                [
                    0.9845167994499207,
                    0.17309817671775818,
                    -0.02763797529041767,
                    -0.11141224205493927
                ],
                [
                    1.862645371275562e-09,
                    0.15766924619674683,
                    0.9874919652938843,
                    3.9807074069976807
                ],
                [
                    0.0,
                    0.0,
                    0.0,
                    1.0
                ]
            ]
        },
        {
            "file_path": "/data/shapenet_blender/all_50_random/02958343/15c3b923c85d22796d8b9531f93cc8de/r_38",
            "rotation": 0.12566370614359174,
            "transform_matrix": [
                [
                    0.9912152290344238,
                    0.004430978558957577,
                    -0.1321849524974823,
                    -0.5328546762466431
                ],
                [
                    -0.13225921988487244,
                    0.03320791572332382,
                    -0.9906586408615112,
                    -3.9934730529785156
                ],
                [
                    0.0,
                    0.9994386434555054,
                    0.03350222110748291,
                    0.13505178689956665
                ],
                [
                    0.0,
                    0.0,
                    0.0,
                    1.0
                ]
            ]
        },
        {
            "file_path": "/data/shapenet_blender/all_50_random/02958343/15c3b923c85d22796d8b9531f93cc8de/r_39",
            "rotation": 0.12566370614359174,
            "transform_matrix": [
                [
                    -0.8171835541725159,
                    -0.10103240609169006,
                    0.5674535036087036,
                    2.28747820854187
                ],
                [
                    0.5763775110244751,
                    -0.1432429701089859,
                    0.8045312166213989,
                    3.243168830871582
                ],
                [
                    0.0,
                    0.9845171570777893,
                    0.1752886027097702,
                    0.706610918045044
                ],
                [
                    0.0,
                    0.0,
                    0.0,
                    1.0
                ]
            ]
        },
        {
            "file_path": "/data/shapenet_blender/all_50_random/02958343/15c3b923c85d22796d8b9531f93cc8de/r_40",
            "rotation": 0.12566370614359174,
            "transform_matrix": [
                [
                    0.6962825655937195,
                    0.19841299951076508,
                    0.6897990107536316,
                    2.7806689739227295
                ],
                [
                    0.7177676558494568,
                    -0.1924738585948944,
                    -0.6691511273384094,
                    -2.697434663772583
                ],
                [
                    0.0,
                    0.9610337615013123,
                    -0.2764306366443634,
                    -1.1143276691436768
                ],
                [
                    0.0,
                    0.0,
                    0.0,
                    1.0
                ]
            ]
        },
        {
            "file_path": "/data/shapenet_blender/all_50_random/02958343/15c3b923c85d22796d8b9531f93cc8de/r_41",
            "rotation": 0.12566370614359174,
            "transform_matrix": [
                [
                    0.49319857358932495,
                    0.4637413024902344,
                    -0.7360021471977234,
                    -2.9669196605682373
                ],
                [
                    -0.8699168562889099,
                    0.26291772723197937,
                    -0.4172757565975189,
                    -1.6820924282073975
                ],
                [
