{
    "class": "02958343",
    "model": "a8f7a7271a02fd56afe1d4530f4c6e24",
    "remove_doubles": true,
    "edge_split": true,
    "denoise": true,
    "camera_angle_x": 0.6911112070083618,
    "scale_factor": 2.2031333150321237,
    "hdri_file": "/data/IndoorHDRDataset2018/9C4A3957-e70b314287.exr",
    "center_offset": [
        0.0,
        -1.862645149230957e-09,
        -3.725290298461914e-09
    ],
    "lights": [],
    "frames": [
        {
            "file_path": "/data/shapenet_blender/all_50_random/02958343/a8f7a7271a02fd56afe1d4530f4c6e24/r_0",
            "rotation": 0.12566370614359174,
            "transform_matrix": [
                [
                    0.33551812171936035,
                    0.3378129303455353,
                    -0.8793804049491882,
                    -3.544895887374878
                ],
                [
                    -0.9420337677001953,
                    0.12031666934490204,
                    -0.3132033050060272,
                    -1.262562870979309
                ],
                [
                    -7.450580596923828e-09,
                    0.9334914088249207,
                    0.35859960317611694,
                    1.4455612897872925
                ],
                [
                    0.0,
                    0.0,
                    0.0,
                    1.0
                ]
            ]
        },
        {
            "file_path": "/data/shapenet_blender/all_50_random/02958343/a8f7a7271a02fd56afe1d4530f4c6e24/r_1",
            "rotation": 0.12566370614359174,
            "transform_matrix": [
                [
                    0.308797687292099,
                    0.8147867321968079,
                    -0.49067971110343933,
                    -1.977993130683899
                ],
                [
                    -0.9511277675628662,
                    0.26453256607055664,
                    -0.15930642187595367,
                    -0.6421847343444824
                ],
                [
                    1.4901162970204496e-08,
                    0.5158923864364624,
                    0.8566533327102661,
                    3.453279972076416
                ],
                [
                    0.0,
                    0.0,
                    0.0,
                    1.0
                ]
            ]
        },
        {
            "file_path": "/data/shapenet_blender/all_50_random/02958343/a8f7a7271a02fd56afe1d4530f4c6e24/r_2",
            "rotation": 0.12566370614359174,
            "transform_matrix": [
                [
                    -0.8651052117347717,
                    0.06990959495306015,
                    -0.4966947138309479,
                    -2.0022404193878174
                ],
                [
                    -0.5015904307365417,
                    -0.12057476490736008,
                    0.8566613793373108,
                    3.453312397003174
                ],
                [
                    3.725290076417309e-09,
                    0.9902396202087402,
                    0.13937583565711975,
                    0.5618419647216797
                ],
                [
                    0.0,
                    0.0,
                    0.0,
                    1.0
                ]
            ]
        },
        {
            "file_path": "/data/shapenet_blender/all_50_random/02958343/a8f7a7271a02fd56afe1d4530f4c6e24/r_3",
            "rotation": 0.12566370614359174,
            "transform_matrix": [
                [
                    0.9786059856414795,
                    -0.15771746635437012,
                    -0.13211974501609802,
                    -0.532591700553894
                ],
                [
                    -0.20574359595775604,
                    -0.7501727938652039,
                    -0.6284189224243164,
                    -2.5332376956939697
                ],
                [
                    0.0,
                    0.6421573162078857,
                    -0.766572892665863,
                    -3.0901541709899902
                ],
                [
                    0.0,
                    0.0,
                    0.0,
                    1.0
                ]
            ]
        },
        {
            "file_path": "/data/shapenet_blender/all_50_random/02958343/a8f7a7271a02fd56afe1d4530f4c6e24/r_4",
            "rotation": 0.12566370614359174,
            "transform_matrix": [
                [
                    0.46394088864326477,
                    0.14721938967704773,
                    0.8735474348068237,
                    3.5213828086853027
                ],
                [
                    0.8858662843704224,
                    -0.07710091024637222,
                    -0.45748934149742126,
                    -1.8441988229751587
                ],
                [
                    0.0,
                    0.9860942959785461,
                    -0.16618691384792328,
                    -0.6699209213256836
                ],
                [
                    0.0,
                    0.0,
                    0.0,
                    1.0
                ]
            ]
        },
        {
            "file_path": "/data/shapenet_blender/all_50_random/02958343/a8f7a7271a02fd56afe1d4530f4c6e24/r_5",
            "rotation": 0.12566370614359174,
            "transform_matrix": [
                [
                    0.40759384632110596,
                    -0.6559316515922546,
                    -0.6353117227554321,
                    -2.561023473739624
                ],
                [
                    -0.913163423538208,
                    -0.29277747869491577,
                    -0.283573716878891,
                    -1.1431221961975098
                ],
                [
                    1.4901162970204496e-08,
                    0.695726215839386,
                    -0.7183070182800293,
                    -2.8955881595611572
                ],
                [
                    0.0,
                    0.0,
                    0.0,
                    1.0
                ]
            ]
        },
        {
            "file_path": "/data/shapenet_blender/all_50_random/02958343/a8f7a7271a02fd56afe1d4530f4c6e24/r_6",
            "rotation": 0.12566370614359174,
            "transform_matrix": [
                [
                    0.573553204536438,
                    -0.18388055264949799,
                    0.7982636094093323,
                    3.2179031372070312
                ],
                [
                    0.8191682696342468,
                    0.12874677777290344,
                    -0.558916449546814,
                    -2.253063917160034
                ],
                [
                    0.0,
                    0.9744805693626404,
                    0.2244722694158554,
                    0.9048765301704407
                ],
                [
                    0.0,
                    0.0,
                    0.0,
                    1.0
                ]
            ]
        },
        {
            "file_path": "/data/shapenet_blender/all_50_random/02958343/a8f7a7271a02fd56afe1d4530f4c6e24/r_7",
            "rotation": 0.12566370614359174,
            "transform_matrix": [
                [
                    0.9979686141014099,
                    0.0006878296262584627,
                    -0.06370345503091812,
                    -0.25679683685302734
                ],
                [
                    -0.06370716542005539,
                    0.010774807073175907,
                    -0.9979105591773987,
                    -4.022706031799316
                ],
                [
                    0.0,
                    0.9999417662620544,
                    0.010796738788485527,
                    0.043523047119379044
                ],
                [
                    0.0,
                    0.0,
                    0.0,
                    1.0
                ]
            ]
        },
        {
            "file_path": "/data/shapenet_blender/all_50_random/02958343/a8f7a7271a02fd56afe1d4530f4c6e24/r_8",
            "rotation": 0.12566370614359174,
            "transform_matrix": [
                [
                    -0.9611878991127014,
                    0.023220838978886604,
                    -0.2749159336090088,
                    -1.1082215309143066
                ],
                [
                    -0.2758949100971222,
                    -0.08089888840913773,
                    0.9577773213386536,
                    3.8609237670898438
                ],
                [
                    0.0,
                    0.996451735496521,
                    0.0841655433177948,
                    0.33928215503692627
                ],
                [
                    0.0,
                    0.0,
                    0.0,
                    1.0
                ]
            ]
        },
        {
            "file_path": "/data/shapenet_blender/all_50_random/02958343/a8f7a7271a02fd56afe1d4530f4c6e24/r_9",
            "rotation": 0.12566370614359174,
            "transform_matrix": [
                [
                    -0.5421356558799744,
                    -0.282461017370224,
                    -0.7913941144943237,
                    -3.190211772918701
                ],
                [
                    -0.8402909636497498,
                    0.18223710358142853,
                    0.5105885863304138,
                    2.058248519897461
                ],
                [
                    0.0,
                    0.9418095946311951,
                    -0.33614668250083923,
                    -1.3550505638122559
                ],
                [
                    0.0,
                    0.0,
                    0.0,
                    1.0
                ]
            ]
        },
        {
            "file_path": "/data/shapenet_blender/all_50_random/02958343/a8f7a7271a02fd56afe1d4530f4c6e24/r_10",
            "rotation": 0.12566370614359174,
            "transform_matrix": [
                [
                    0.26195788383483887,
                    -0.00724221533164382,
                    0.96505206823349,
                    3.890249490737915
                ],
                [
                    0.9650793671607971,
                    0.001965802628546953,
                    -0.26195046305656433,
                    -1.055956244468689
                ],
                [
                    -1.1641532182693481e-10,
                    0.9999719262123108,
                    0.007504268549382687,
                    0.030250675976276398
                ],
                [
                    0.0,
                    0.0,
                    0.0,
                    1.0
                ]
            ]
        },
        {
            "file_path": "/data/shapenet_blender/all_50_random/02958343/a8f7a7271a02fd56afe1d4530f4c6e24/r_11",
            "rotation": 0.12566370614359174,
            "transform_matrix": [
                [
                    -0.7848402261734009,
                    -0.1385643482208252,
                    0.6040079593658447,
                    2.4348342418670654
                ],
                [
                    0.619698166847229,
                    -0.17549008131027222,
                    0.7649688124656677,
                    3.083688259124756
                ],
                [
                    7.450580596923828e-09,
                    0.97468101978302,
                    0.22359973192214966,
                    0.9013594388961792
                ],
                [
                    0.0,
                    0.0,
                    0.0,
                    1.0
                ]
            ]
        },
        {
            "file_path": "/data/shapenet_blender/all_50_random/02958343/a8f7a7271a02fd56afe1d4530f4c6e24/r_12",
            "rotation": 0.12566370614359174,
            "transform_matrix": [
                [
                    0.9211638569831848,
                    -0.27873679995536804,
                    -0.27159321308135986,
                    -1.09482741355896
                ],
                [
                    -0.3891749083995819,
                    -0.659760594367981,
                    -0.6428519487380981,
                    -2.591419219970703
                ],
                [
                    0.0,
                    0.6978693008422852,
                    -0.7162250280380249,
                    -2.887195587158203
                ],
                [
                    0.0,
                    0.0,
                    0.0,
                    1.0
                ]
            ]
        },
        {
            "file_path": "/data/shapenet_blender/all_50_random/02958343/a8f7a7271a02fd56afe1d4530f4c6e24/r_13",
            "rotation": 0.12566370614359174,
            "transform_matrix": [
                [
                    0.9244855046272278,
                    -0.05059141293168068,
                    0.3778451085090637,
                    1.5231423377990723
                ],
                [
                    0.38121697306632996,
                    0.12268873304128647,
                    -0.9163084030151367,
                    -3.6937570571899414
                ],
                [
                    0.0,
                    0.9911548495292664,
                    0.132710263133049,
                    0.5349721908569336
                ],
                [
                    0.0,
                    0.0,
                    0.0,
                    1.0
                ]
            ]
        },
        {
            "file_path": "/data/shapenet_blender/all_50_random/02958343/a8f7a7271a02fd56afe1d4530f4c6e24/r_14",
            "rotation": 0.12566370614359174,
            "transform_matrix": [
                [
                    -0.8143476247787476,
                    0.35190412402153015,
                    -0.46152088046073914,
                    -1.8604501485824585
                ],
                [
                    -0.580377459526062,
                    -0.49376875162124634,
                    0.6475757956504822,
                    2.610461473464966
                ],
                [
                    0.0,
                    0.7952080965042114,
                    0.6063365936279297,
                    2.444221019744873
                ],
                [
                    0.0,
                    0.0,
                    0.0,
                    1.0
                ]
            ]
        },
        {
            "file_path": "/data/shapenet_blender/all_50_random/02958343/a8f7a7271a02fd56afe1d4530f4c6e24/r_15",
            "rotation": 0.12566370614359174,
            "transform_matrix": [
                [
                    -0.23171603679656982,
                    0.6463215351104736,
                    0.7270323634147644,
                    2.9307610988616943
                ],
                [
                    0.9727835655212402,
                    0.15395312011241913,
                    0.17317834496498108,
                    0.6981042623519897
                ],
                [
                    -7.450581485102248e-09,
                    0.7473732233047485,
                    -0.6644043922424316,
                    -2.67829966545105
                ],
                [
                    0.0,
                    0.0,
                    0.0,
                    1.0
                ]
            ]
        },
        {
            "file_path": "/data/shapenet_blender/all_50_random/02958343/a8f7a7271a02fd56afe1d4530f4c6e24/r_16",
            "rotation": 0.12566370614359174,
            "transform_matrix": [
                [
                    0.5996833443641663,
                    -0.1790187507867813,
                    -0.7799565196037292,
                    -3.1441051959991455
                ],
                [
                    -0.8002373576164246,
                    -0.13415339589118958,
                    -0.5844852328300476,
                    -2.356135368347168
                ],
                [
                    -7.450580596923828e-09,
                    0.974656343460083,
                    -0.22370706498622894,
                    -0.901792049407959
                ],
                [
                    0.0,
                    0.0,
                    0.0,
                    1.0
                ]
            ]
        },
        {
            "file_path": "/data/shapenet_blender/all_50_random/02958343/a8f7a7271a02fd56afe1d4530f4c6e24/r_17",
            "rotation": 0.12566370614359174,
            "transform_matrix": [
                [
                    0.5714576244354248,
                    0.3292192220687866,
                    -0.7516985535621643,
                    -3.030194044113159
                ],
                [
                    -0.8206315636634827,
                    0.22925616800785065,
                    -0.5234552621841431,
                    -2.1101160049438477
                ],
                [
                    -1.4901161193847656e-08,
                    0.9160001277923584,
                    0.4011778235435486,
                    1.6171996593475342
                ],
                [
                    0.0,
                    0.0,
                    0.0,
                    1.0
                ]
            ]
        },
        {
            "file_path": "/data/shapenet_blender/all_50_random/02958343/a8f7a7271a02fd56afe1d4530f4c6e24/r_18",
            "rotation": 0.12566370614359174,
            "transform_matrix": [
                [
                    -0.9970583915710449,
                    -0.023741699755191803,
                    0.07287682592868805,
                    0.29377588629722595
                ],
                [
                    0.0766465961933136,
                    -0.3088442385196686,
                    0.94801926612854,
                    3.8215878009796143
                ],
                [
                    -1.862645371275562e-09,
                    0.9508162140846252,
                    0.30975544452667236,
                    1.248664140701294
                ],
                [
                    0.0,
                    0.0,
                    0.0,
                    1.0
                ]
            ]
        },
        {
            "file_path": "/data/shapenet_blender/all_50_random/02958343/a8f7a7271a02fd56afe1d4530f4c6e24/r_19",
            "rotation": 0.12566370614359174,
            "transform_matrix": [
                [
                    -0.316281259059906,
                    -0.09984631091356277,
                    -0.9433964490890503,
                    -3.802952766418457
                ],
                [
                    -0.94866544008255,
                    0.03328836336731911,
                    0.3145246207714081,
                    1.2678892612457275
                ],
                [
                    0.0,
                    0.9944459199905396,
                    -0.10524922609329224,
                    -0.42427319288253784
                ],
                [
                    0.0,
                    0.0,
                    0.0,
                    1.0
                ]
            ]
        },
        {
            "file_path": "/data/shapenet_blender/all_50_random/02958343/a8f7a7271a02fd56afe1d4530f4c6e24/r_20",
            "rotation": 0.12566370614359174,
            "transform_matrix": [
                [
                    0.5564145445823669,
                    -0.0634271577000618,
                    0.8284803032875061,
                    3.3397111892700195
                ],
                [
                    0.8309047222137451,
                    0.042473938316106796,
                    -0.5547910332679749,
                    -2.2364344596862793
                ],
                [
                    0.0,
                    0.9970822334289551,
                    0.07633505016565323,
                    0.3077164590358734
                ],
                [
                    0.0,
                    0.0,
                    0.0,
                    1.0
                ]
            ]
        },
        {
            "file_path": "/data/shapenet_blender/all_50_random/02958343/a8f7a7271a02fd56afe1d4530f4c6e24/r_21",
            "rotation": 0.12566370614359174,
            "transform_matrix": [
                [
                    0.012919860891997814,
                    -0.0673629641532898,
                    0.99764484167099,
                    4.021635055541992
                ],
                [
                    0.9999166131019592,
                    0.0008703926578164101,
                    -0.012890507467091084,
                    -0.05196329951286316
                ],
                [
                    5.820766785236131e-11,
                    0.997728168964386,
                    0.06736858189105988,
                    0.27157142758369446
                ],
                [
                    0.0,
                    0.0,
                    0.0,
                    1.0
                ]
            ]
        },
        {
            "file_path": "/data/shapenet_blender/all_50_random/02958343/a8f7a7271a02fd56afe1d4530f4c6e24/r_22",
            "rotation": 0.12566370614359174,
            "transform_matrix": [
                [
                    -0.3239382803440094,
                    -0.9317379593849182,
                    0.16409827768802643,
                    0.6615012884140015
                ],
                [
                    0.9460782408714294,
                    -0.3190281391143799,
                    0.05618743970990181,
                    0.2264988124370575
                ],
                [
                    -3.725290742551124e-09,
                    0.1734510064125061,
                    0.9848424792289734,
                    3.970026969909668
                ],
                [
                    0.0,
                    0.0,
                    0.0,
                    1.0
                ]
            ]
        },
        {
            "file_path": "/data/shapenet_blender/all_50_random/02958343/a8f7a7271a02fd56afe1d4530f4c6e24/r_23",
            "rotation": 0.12566370614359174,
            "transform_matrix": [
                [
                    -0.9996502995491028,
                    0.023303896188735962,
                    0.012493249028921127,
                    0.05036190152168274
                ],
                [
                    0.02644149772822857,
                    0.8810297846794128,
                    0.47232121229171753,
                    1.9039878845214844
                ],
                [
                    0.0,
                    0.47248637676239014,
                    -0.8813378810882568,
                    -3.5527868270874023
                ],
                [
                    0.0,
                    0.0,
                    0.0,
                    1.0
                ]
            ]
        },
        {
            "file_path": "/data/shapenet_blender/all_50_random/02958343/a8f7a7271a02fd56afe1d4530f4c6e24/r_24",
            "rotation": 0.12566370614359174,
            "transform_matrix": [
                [
                    -0.6261783242225647,
                    -0.38542166352272034,
                    -0.6777542233467102,
                    -2.732114553451538
                ],
                [
                    -0.7796797156333923,
                    0.3095407783985138,
                    0.5443196296691895,
                    2.1942226886749268
                ],
                [
                    -1.4901158529312397e-08,
                    0.8692724704742432,
                    -0.49433329701423645,
                    -1.9927211999893188
                ],
                [
                    0.0,
                    0.0,
                    0.0,
                    1.0
                ]
            ]
        },
        {
            "file_path": "/data/shapenet_blender/all_50_random/02958343/a8f7a7271a02fd56afe1d4530f4c6e24/r_25",
            "rotation": 0.12566370614359174,
            "transform_matrix": [
                [
                    -0.9992316961288452,
                    -0.02790030650794506,
                    -0.027525590732693672,
                    -0.11095920205116272
                ],
                [
                    -0.03919292241334915,
                    0.7113240361213684,
                    0.7017706036567688,
                    2.828927755355835
                ],
                [
                    0.0,
                    0.7023101449012756,
                    -0.7118710279464722,
                    -2.8696439266204834
                ],
                [
                    0.0,
                    0.0,
                    0.0,
                    1.0
                ]
            ]
        },
        {
            "file_path": "/data/shapenet_blender/all_50_random/02958343/a8f7a7271a02fd56afe1d4530f4c6e24/r_26",
            "rotation": 0.12566370614359174,
            "transform_matrix": [
                [
                    -0.10590630769729614,
                    -0.3671337068080902,
                    -0.9241194128990173,
                    -3.7252445220947266
                ],
                [
                    -0.9943761825561523,
                    0.039101675152778625,
                    0.09842358529567719,
                    0.39675816893577576
                ],
                [
                    0.0,
                    0.9293460249900818,
                    -0.3692100942134857,
                    -1.4883334636688232
                ],
                [
                    0.0,
                    0.0,
                    0.0,
                    1.0
                ]
            ]
        },
        {
            "file_path": "/data/shapenet_blender/all_50_random/02958343/a8f7a7271a02fd56afe1d4530f4c6e24/r_27",
            "rotation": 0.12566370614359174,
            "transform_matrix": [
                [
                    -0.9807888865470886,
                    0.028432391583919525,
                    -0.19298872351646423,
                    -0.7779625058174133
                ],
                [
                    -0.19507190585136414,
                    -0.1429532915353775,
                    0.9703149795532227,
                    3.9114649295806885
                ],
                [
                    1.8626450382086546e-09,
                    0.9893209338188171,
                    0.14575336873531342,
                    0.587550699710846
                ],
                [
                    0.0,
                    0.0,
                    0.0,
                    1.0
                ]
            ]
        },
        {
            "file_path": "/data/shapenet_blender/all_50_random/02958343/a8f7a7271a02fd56afe1d4530f4c6e24/r_28",
            "rotation": 0.12566370614359174,
            "transform_matrix": [
                [
                    0.7164852619171143,
                    0.0028047633823007345,
                    -0.6975964307785034,
                    -2.812101364135742
                ],
                [
                    -0.6976020932197571,
                    0.0028806845657527447,
                    -0.716479480266571,
                    -2.888221502304077
                ],
                [
                    0.0,
                    0.9999919533729553,
                    0.004020576365292072,
                    0.016207464039325714
                ],
                [
                    0.0,
                    0.0,
                    0.0,
                    1.0
                ]
            ]
        },
        {
            "file_path": "/data/shapenet_blender/all_50_random/02958343/a8f7a7271a02fd56afe1d4530f4c6e24/r_29",
            "rotation": 0.12566370614359174,
            "transform_matrix": [
                [
                    -0.9518026113510132,
                    -0.16368608176708221,
                    -0.2593812942504883,
                    -1.0455994606018066
                ],
                [
                    -0.3067112863063812,
                    0.5079593062400818,
                    0.8049257397651672,
                    3.2447595596313477
                ],
                [
                    0.0,
                    0.8456856608390808,
                    -0.533681333065033,
                    -2.1513383388519287
                ],
                [
                    0.0,
                    0.0,
                    0.0,
                    1.0
                ]
            ]
        },
        {
            "file_path": "/data/shapenet_blender/all_50_random/02958343/a8f7a7271a02fd56afe1d4530f4c6e24/r_30",
            "rotation": 0.12566370614359174,
            "transform_matrix": [
                [
                    -0.2455175518989563,
                    -0.44554999470710754,
                    0.8609333634376526,
                    3.470533609390259
                ],
                [
                    0.9693921208381653,
                    -0.11284426599740982,
                    0.21804824471473694,
                    0.8789806365966797
                ],
                [
                    0.0,
                    0.888116717338562,
                    0.45961788296699524,
                    1.8527790307998657
                ],
                [
                    0.0,
                    0.0,
                    0.0,
                    1.0
                ]
            ]
        },
        {
            "file_path": "/data/shapenet_blender/all_50_random/02958343/a8f7a7271a02fd56afe1d4530f4c6e24/r_31",
            "rotation": 0.12566370614359174,
            "transform_matrix": [
                [
                    -0.996321976184845,
                    -0.04192861169576645,
                    0.0747293084859848,
                    0.30124351382255554
                ],
                [
                    0.0856882706284523,
                    -0.487515926361084,
                    0.8688990473747253,
                    3.5026443004608154
                ],
                [
                    -3.725290298461914e-09,
                    0.872106671333313,
                    0.48931562900543213,
                    1.9724944829940796
                ],
                [
                    0.0,
                    0.0,
                    0.0,
                    1.0
                ]
            ]
        },
        {
            "file_path": "/data/shapenet_blender/all_50_random/02958343/a8f7a7271a02fd56afe1d4530f4c6e24/r_32",
            "rotation": 0.12566370614359174,
            "transform_matrix": [
                [
                    -0.8251150250434875,
                    0.3695089817047119,
                    0.42737385630607605,
                    1.7227991819381714
                ],
                [
                    0.5649648904800415,
                    0.5396572947502136,
                    0.6241672039031982,
                    2.516098737716675
                ],
                [
                    -2.9802322387695312e-08,
                    0.7564610242843628,
                    -0.6540387868881226,
                    -2.636514902114868
                ],
                [
                    0.0,
                    0.0,
                    0.0,
                    1.0
                ]
            ]
        },
        {
            "file_path": "/data/shapenet_blender/all_50_random/02958343/a8f7a7271a02fd56afe1d4530f4c6e24/r_33",
            "rotation": 0.12566370614359174,
            "transform_matrix": [
                [
                    0.8426803946495056,
                    -0.0920386090874672,
                    -0.5304890275001526,
                    -2.138469696044922
                ],
                [
                    -0.5384140610694885,
                    -0.14405107498168945,
                    -0.8302767872810364,
                    -3.3469526767730713
                ],
                [
                    7.4505797087454084e-09,
                    0.9852808117866516,
                    -0.17094388604164124,
                    -0.6890968084335327
                ],
                [
                    0.0,
                    0.0,
                    0.0,
                    1.0
                ]
            ]
        },
        {
            "file_path": "/data/shapenet_blender/all_50_random/02958343/a8f7a7271a02fd56afe1d4530f4c6e24/r_34",
            "rotation": 0.12566370614359174,
            "transform_matrix": [
                [
                    -0.32208678126335144,
                    -0.14704975485801697,
                    -0.9352200031280518,
                    -3.7699925899505615
                ],
                [
                    -0.9467102289199829,
                    0.05002880468964577,
                    0.31817761063575745,
                    1.282615065574646
                ],
                [
                    0.0,
                    0.9878631234169006,
                    -0.15532709658145905,
                    -0.6261436343193054
                ],
                [
                    0.0,
                    0.0,
                    0.0,
                    1.0
                ]
            ]
        },
        {
            "file_path": "/data/shapenet_blender/all_50_random/02958343/a8f7a7271a02fd56afe1d4530f4c6e24/r_35",
            "rotation": 0.12566370614359174,
            "transform_matrix": [
                [
                    0.31030595302581787,
                    0.06192018836736679,
                    -0.9486179351806641,
                    -3.8240013122558594
                ],
                [
                    -0.9506367444992065,
                    0.020211931318044662,
                    -0.30964699387550354,
                    -1.2482270002365112
                ],
                [
                    1.862645149230957e-09,
                    0.9978764057159424,
                    0.06513548642396927,
                    0.2625695466995239
                ],
                [
                    0.0,
                    0.0,
                    0.0,
                    1.0
                ]
            ]
        },
        {
            "file_path": "/data/shapenet_blender/all_50_random/02958343/a8f7a7271a02fd56afe1d4530f4c6e24/r_36",
            "rotation": 0.12566370614359174,
            "transform_matrix": [
                [
                    0.8725765943527222,
                    -0.018160874024033546,
                    -0.48813948035240173,
                    -1.9677531719207764
                ],
                [
                    -0.4884772002696991,
                    -0.03244113549590111,
                    -0.8719733357429504,
                    -3.5150370597839355
                ],
                [
                    -1.8626450382086546e-09,
                    0.9993086457252502,
                    -0.03717854991555214,
                    -0.14987152814865112
                ],
                [
                    0.0,
                    0.0,
                    0.0,
                    1.0
                ]
            ]
        },
        {
            "file_path": "/data/shapenet_blender/all_50_random/02958343/a8f7a7271a02fd56afe1d4530f4c6e24/r_37",
            "rotation": 0.12566370614359174,
            "transform_matrix": [
                [
                    -0.04914923757314682,
                    -0.4637712240219116,
                    -0.8845906257629395,
                    -3.565898895263672
                ],
                [
                    -0.9987914562225342,
                    0.022821582853794098,
                    0.04352956265211105,
                    0.17547327280044556
                ],
                [
                    0.0,
                    0.8856610059738159,
                    -0.4643324017524719,
                    -1.87178373336792
                ],
                [
                    0.0,
                    0.0,
                    0.0,
                    1.0
                ]
            ]
        },
        {
            "file_path": "/data/shapenet_blender/all_50_random/02958343/a8f7a7271a02fd56afe1d4530f4c6e24/r_38",
            "rotation": 0.12566370614359174,
            "transform_matrix": [
                [
                    0.9832397699356079,
                    0.09600064903497696,
                    -0.1549951583147049,
                    -0.6248055100440979
                ],
                [
                    -0.18231739103794098,
                    0.517732560634613,
                    -0.8358906507492065,
                    -3.3695831298828125
                ],
                [
                    -7.450581485102248e-09,
                    0.8501392602920532,
                    0.5265578031539917,
                    2.1226227283477783
                ],
                [
                    0.0,
                    0.0,
                    0.0,
                    1.0
                ]
            ]
        },
        {
            "file_path": "/data/shapenet_blender/all_50_random/02958343/a8f7a7271a02fd56afe1d4530f4c6e24/r_39",
            "rotation": 0.12566370614359174,
            "transform_matrix": [
                [
                    -0.9899071455001831,
                    0.13868671655654907,
                    0.029152292758226395,
                    0.1175166517496109
                ],
                [
                    0.1417175680398941,
                    0.968736469745636,
                    0.20363079011440277,
                    0.8208619952201843
                ],
                [
                    -1.862645371275562e-09,
                    0.20570698380470276,
                    -0.9786136150360107,
                    -3.944917678833008
                ],
                [
                    0.0,
                    0.0,
                    0.0,
                    1.0
                ]
            ]
        },
        {
            "file_path": "/data/shapenet_blender/all_50_random/02958343/a8f7a7271a02fd56afe1d4530f4c6e24/r_40",
            "rotation": 0.12566370614359174,
            "transform_matrix": [
                [
                    0.6829575300216675,
                    0.17312073707580566,
                    0.7096465826034546,
                    2.8606765270233154
                ],
                [
                    0.7304580807685852,
                    -0.16186298429965973,
                    -0.6634994149208069,
                    -2.6746513843536377
                ],
                [
                    7.4505797087454084e-09,
                    0.9715089201927185,
                    -0.23700302839279175,
                    -0.9553896188735962
                ],
                [
                    0.0,
                    0.0,
                    0.0,
                    1.0
                ]
            ]
        },
        {
            "file_path": "/data/shapenet_blender/all_50_random/02958343/a8f7a7271a02fd56afe1d4530f4c6e24/r_41",
            "rotation": 0.12566370614359174,
            "transform_matrix": [
                [
                    0.2906968891620636,
                    -0.6524839401245117,
                    0.699828565120697,
                    2.821099281311035
                ],
                [
                    0.956815242767334,
                    0.19823582470417023,
                    -0.21261993050575256,
