{
    "class": "02958343",
    "model": "37a7f79b9eeb5096b11647ffa4306609",
    "remove_doubles": true,
    "edge_split": true,
    "denoise": true,
    "camera_angle_x": 0.6911112070083618,
    "scale_factor": 2.297482729730936,
    "hdri_file": "/data/IndoorHDRDataset2018/9C4A6635-b52010a429.exr",
    "center_offset": [
        0.0,
        0.0,
        -1.862645149230957e-09
    ],
    "lights": [],
    "frames": [
        {
            "file_path": "/data/shapenet_blender/all_50_random/02958343/37a7f79b9eeb5096b11647ffa4306609/r_0",
            "rotation": 0.12566370614359174,
            "transform_matrix": [
                [
                    0.8204845190048218,
                    0.4353781044483185,
                    -0.370474249124527,
                    -1.49342942237854
                ],
                [
                    -0.5716688632965088,
                    0.6248739361763,
                    -0.5317210555076599,
                    -2.1434361934661865
                ],
                [
                    0.0,
                    0.6480574011802673,
                    0.7615914344787598,
                    3.070073366165161
                ],
                [
                    0.0,
                    0.0,
                    0.0,
                    1.0
                ]
            ]
        },
        {
            "file_path": "/data/shapenet_blender/all_50_random/02958343/37a7f79b9eeb5096b11647ffa4306609/r_1",
            "rotation": 0.12566370614359174,
            "transform_matrix": [
                [
                    0.6039773225784302,
                    -0.4227847158908844,
                    0.675621509552002,
                    2.723517417907715
                ],
                [
                    0.7970013618469238,
                    0.3203914165496826,
                    -0.5119941830635071,
                    -2.0639145374298096
                ],
                [
                    -1.4901160305669237e-08,
                    0.8477041721343994,
                    0.5304691791534424,
                    2.1383895874023438
                ],
                [
                    0.0,
                    0.0,
                    0.0,
                    1.0
                ]
            ]
        },
        {
            "file_path": "/data/shapenet_blender/all_50_random/02958343/37a7f79b9eeb5096b11647ffa4306609/r_2",
            "rotation": 0.12566370614359174,
            "transform_matrix": [
                [
                    0.8460419178009033,
                    -0.33079519867897034,
                    -0.4180763065814972,
                    -1.6853195428848267
                ],
                [
                    -0.5331165790557861,
                    -0.5249632000923157,
                    -0.6634759902954102,
                    -2.6745572090148926
                ],
                [
                    0.0,
                    0.7842117547988892,
                    -0.6204932332038879,
                    -2.5012881755828857
                ],
                [
                    0.0,
                    0.0,
                    0.0,
                    1.0
                ]
            ]
        },
        {
            "file_path": "/data/shapenet_blender/all_50_random/02958343/37a7f79b9eeb5096b11647ffa4306609/r_3",
            "rotation": 0.12566370614359174,
            "transform_matrix": [
                [
                    -0.7996682524681091,
                    -0.15196436643600464,
                    -0.5808936357498169,
                    -2.3416574001312256
                ],
                [
                    -0.6004419922828674,
                    0.2023860216140747,
                    0.7736337184906006,
                    3.118617534637451
                ],
                [
                    0.0,
                    0.9674433469772339,
                    -0.25308743119239807,
                    -1.0202281475067139
                ],
                [
                    0.0,
                    0.0,
                    0.0,
                    1.0
                ]
            ]
        },
        {
            "file_path": "/data/shapenet_blender/all_50_random/02958343/37a7f79b9eeb5096b11647ffa4306609/r_4",
            "rotation": 0.12566370614359174,
            "transform_matrix": [
                [
                    0.9013208746910095,
                    0.19164220988750458,
                    -0.38845086097717285,
                    -1.5658955574035645
                ],
                [
                    -0.4331522285938263,
                    0.39877694845199585,
                    -0.8083044290542603,
                    -3.2583794593811035
                ],
                [
                    0.0,
                    0.8967998623847961,
                    0.44243618845939636,
                    1.7835173606872559
                ],
                [
                    0.0,
                    0.0,
                    0.0,
                    1.0
                ]
            ]
        },
        {
            "file_path": "/data/shapenet_blender/all_50_random/02958343/37a7f79b9eeb5096b11647ffa4306609/r_5",
            "rotation": 0.12566370614359174,
            "transform_matrix": [
                [
                    0.4867556095123291,
                    -0.4485818147659302,
                    0.7495620846748352,
                    3.021580934524536
                ],
                [
                    0.8735381364822388,
                    0.24996013939380646,
                    -0.4176732897758484,
                    -1.6836947202682495
                ],
                [
                    0.0,
                    0.8580758571624756,
                    0.5135229825973511,
                    2.0700771808624268
                ],
                [
                    0.0,
                    0.0,
                    0.0,
                    1.0
                ]
            ]
        },
        {
            "file_path": "/data/shapenet_blender/all_50_random/02958343/37a7f79b9eeb5096b11647ffa4306609/r_6",
            "rotation": 0.12566370614359174,
            "transform_matrix": [
                [
                    -0.9056315422058105,
                    0.021137144416570663,
                    0.42353853583335876,
                    1.7073384523391724
                ],
                [
                    0.4240657091140747,
                    0.045140333473682404,
                    0.9045057892799377,
                    3.646179437637329
                ],
                [
                    -1.862645371275562e-09,
                    0.9987569451332092,
                    -0.04984404519200325,
                    -0.20092777907848358
                ],
                [
                    0.0,
                    0.0,
                    0.0,
                    1.0
                ]
            ]
        },
        {
            "file_path": "/data/shapenet_blender/all_50_random/02958343/37a7f79b9eeb5096b11647ffa4306609/r_7",
            "rotation": 0.12566370614359174,
            "transform_matrix": [
                [
                    -0.3660010099411011,
                    0.0011979041155427694,
                    0.9306136965751648,
                    3.7514238357543945
                ],
                [
                    0.9306144714355469,
                    0.00047112329048104584,
                    0.3660007119178772,
                    1.4753960371017456
                ],
                [
                    0.0,
                    0.9999991059303284,
                    -0.001287218532525003,
                    -0.0051889438182115555
                ],
                [
                    0.0,
                    0.0,
                    0.0,
                    1.0
                ]
            ]
        },
        {
            "file_path": "/data/shapenet_blender/all_50_random/02958343/37a7f79b9eeb5096b11647ffa4306609/r_8",
            "rotation": 0.12566370614359174,
            "transform_matrix": [
                [
                    -0.9438554048538208,
                    0.11961668729782104,
                    -0.30794283747673035,
                    -1.241357445716858
                ],
                [
                    -0.3303588628768921,
                    -0.34175220131874084,
                    0.8798115253448486,
                    3.5466339588165283
                ],
                [
                    -7.450580596923828e-09,
                    0.9321466684341431,
                    0.36208102107048035,
                    1.4595954418182373
                ],
                [
                    0.0,
                    0.0,
                    0.0,
                    1.0
                ]
            ]
        },
        {
            "file_path": "/data/shapenet_blender/all_50_random/02958343/37a7f79b9eeb5096b11647ffa4306609/r_9",
            "rotation": 0.12566370614359174,
            "transform_matrix": [
                [
                    -0.009083199314773083,
                    -0.7007325291633606,
                    -0.7133662700653076,
                    -2.875671625137329
                ],
                [
                    -0.9999586939811707,
                    0.006365156266838312,
                    0.006479915697127581,
                    0.02612137794494629
                ],
                [
                    4.6566125955216364e-10,
                    0.7133957743644714,
                    -0.7007613182067871,
                    -2.824859380722046
                ],
                [
                    0.0,
                    0.0,
                    0.0,
                    1.0
                ]
            ]
        },
        {
            "file_path": "/data/shapenet_blender/all_50_random/02958343/37a7f79b9eeb5096b11647ffa4306609/r_10",
            "rotation": 0.12566370614359174,
            "transform_matrix": [
                [
                    -0.4284183979034424,
                    0.3459523916244507,
                    -0.8347302675247192,
                    -3.36490535736084
                ],
                [
                    -0.9035806059837341,
                    -0.16402782499790192,
                    0.39577409625053406,
                    1.5954164266586304
                ],
                [
                    0.0,
                    0.9238028526306152,
                    0.38286834955215454,
                    1.5433917045593262
                ],
                [
                    0.0,
                    0.0,
                    0.0,
                    1.0
                ]
            ]
        },
        {
            "file_path": "/data/shapenet_blender/all_50_random/02958343/37a7f79b9eeb5096b11647ffa4306609/r_11",
            "rotation": 0.12566370614359174,
            "transform_matrix": [
                [
                    0.9144265651702881,
                    -0.047125812619924545,
                    -0.40199923515319824,
                    -1.6205106973648071
                ],
                [
                    -0.40475207567214966,
                    -0.10646787285804749,
                    -0.9082072377204895,
                    -3.661100387573242
                ],
                [
                    3.725290298461914e-09,
                    0.993198812007904,
                    -0.11643130332231522,
                    -0.46934959292411804
                ],
                [
                    0.0,
                    0.0,
                    0.0,
                    1.0
                ]
            ]
        },
        {
            "file_path": "/data/shapenet_blender/all_50_random/02958343/37a7f79b9eeb5096b11647ffa4306609/r_12",
            "rotation": 0.12566370614359174,
            "transform_matrix": [
                [
                    -0.9002858400344849,
                    0.24379299581050873,
                    -0.3606252074241638,
                    -1.4537267684936523
                ],
                [
                    -0.43529948592185974,
                    -0.5042123198509216,
                    0.7458446025848389,
                    3.0065958499908447
                ],
                [
                    1.4901164746561335e-08,
                    0.8284531235694885,
                    0.5600582361221313,
                    2.257667064666748
                ],
                [
                    0.0,
                    0.0,
                    0.0,
                    1.0
                ]
            ]
        },
        {
            "file_path": "/data/shapenet_blender/all_50_random/02958343/37a7f79b9eeb5096b11647ffa4306609/r_13",
            "rotation": 0.12566370614359174,
            "transform_matrix": [
                [
                    0.2977661192417145,
                    -0.05665314942598343,
                    -0.9529563188552856,
                    -3.841489791870117
                ],
                [
                    -0.9546389579772949,
                    -0.01767095923423767,
                    -0.2972412705421448,
                    -1.1982178688049316
                ],
                [
                    1.862645371275562e-09,
                    0.9982374906539917,
                    -0.05934511125087738,
                    -0.2392278015613556
                ],
                [
                    0.0,
                    0.0,
                    0.0,
                    1.0
                ]
            ]
        },
        {
            "file_path": "/data/shapenet_blender/all_50_random/02958343/37a7f79b9eeb5096b11647ffa4306609/r_14",
            "rotation": 0.12566370614359174,
            "transform_matrix": [
                [
                    -0.8522677421569824,
                    0.519869863986969,
                    -0.05809571593999863,
                    -0.23419129848480225
                ],
                [
                    -0.5231059193611145,
                    -0.8469953536987305,
                    0.09465215355157852,
                    0.3815549910068512
                ],
                [
                    0.0,
                    0.11105887591838837,
                    0.9938138127326965,
                    4.006191253662109
                ],
                [
                    0.0,
                    0.0,
                    0.0,
                    1.0
                ]
            ]
        },
        {
            "file_path": "/data/shapenet_blender/all_50_random/02958343/37a7f79b9eeb5096b11647ffa4306609/r_15",
            "rotation": 0.12566370614359174,
            "transform_matrix": [
                [
                    0.9845648407936096,
                    0.024878956377506256,
                    0.17324279248714447,
                    0.6983640193939209
                ],
                [
                    0.17502006888389587,
                    -0.1399550586938858,
                    -0.9745668172836304,
                    -3.9286046028137207
                ],
                [
                    1.862645149230957e-09,
                    0.9898451566696167,
                    -0.1421491503715515,
                    -0.5730215311050415
                ],
                [
                    0.0,
                    0.0,
                    0.0,
                    1.0
                ]
            ]
        },
        {
            "file_path": "/data/shapenet_blender/all_50_random/02958343/37a7f79b9eeb5096b11647ffa4306609/r_16",
            "rotation": 0.12566370614359174,
            "transform_matrix": [
                [
                    0.06636442989110947,
                    0.5559637546539307,
                    0.8285529613494873,
                    3.340003728866577
                ],
                [
                    0.9977955222129822,
                    -0.03697773814201355,
                    -0.055107928812503815,
                    -0.2221471667289734
                ],
                [
                    1.862645371275562e-09,
                    0.8303834199905396,
                    -0.5571922063827515,
                    -2.2461135387420654
                ],
                [
                    0.0,
                    0.0,
                    0.0,
                    1.0
                ]
            ]
        },
        {
            "file_path": "/data/shapenet_blender/all_50_random/02958343/37a7f79b9eeb5096b11647ffa4306609/r_17",
            "rotation": 0.12566370614359174,
            "transform_matrix": [
                [
                    0.9963918924331665,
                    0.03632846102118492,
                    -0.07670454680919647,
                    -0.30920594930648804
                ],
                [
                    -0.0848725289106369,
                    0.4264911711215973,
                    -0.9005008935928345,
                    -3.630035400390625
                ],
                [
                    3.725290298461914e-09,
                    0.9037618637084961,
                    0.42803555727005005,
                    1.7254666090011597
                ],
                [
                    0.0,
                    0.0,
                    0.0,
                    1.0
                ]
            ]
        },
        {
            "file_path": "/data/shapenet_blender/all_50_random/02958343/37a7f79b9eeb5096b11647ffa4306609/r_18",
            "rotation": 0.12566370614359174,
            "transform_matrix": [
                [
                    -0.534989595413208,
                    0.6995601654052734,
                    0.47371065616607666,
                    1.9095886945724487
                ],
                [
                    0.8448586463928223,
                    0.4429822564125061,
                    0.2999676465988159,
                    1.2092082500457764
                ],
                [
                    1.4901161193847656e-08,
                    0.5606981515884399,
                    -0.8280202746391296,
                    -3.3378565311431885
                ],
                [
                    0.0,
                    0.0,
                    0.0,
                    1.0
                ]
            ]
        },
        {
            "file_path": "/data/shapenet_blender/all_50_random/02958343/37a7f79b9eeb5096b11647ffa4306609/r_19",
            "rotation": 0.12566370614359174,
            "transform_matrix": [
                [
                    -0.7918069362640381,
                    0.2657429873943329,
                    0.5499294996261597,
                    2.21683669090271
                ],
                [
                    0.6107714772224426,
                    0.34451037645339966,
                    0.7129310965538025,
                    2.8739171028137207
                ],
                [
                    1.4901162970204496e-08,
                    0.9003850221633911,
                    -0.4350939691066742,
                    -1.7539198398590088
                ],
                [
                    0.0,
                    0.0,
                    0.0,
                    1.0
                ]
            ]
        },
        {
            "file_path": "/data/shapenet_blender/all_50_random/02958343/37a7f79b9eeb5096b11647ffa4306609/r_20",
            "rotation": 0.12566370614359174,
            "transform_matrix": [
                [
                    0.9783117175102234,
                    -0.060346122831106186,
                    0.1981525421142578,
                    0.7987785339355469
                ],
                [
                    0.2071378380060196,
                    0.28501462936401367,
                    -0.9358741641044617,
                    -3.772629737854004
                ],
                [
                    0.0,
                    0.9566215872764587,
                    0.2913331389427185,
                    1.1744015216827393
                ],
                [
                    0.0,
                    0.0,
                    0.0,
                    1.0
                ]
            ]
        },
        {
            "file_path": "/data/shapenet_blender/all_50_random/02958343/37a7f79b9eeb5096b11647ffa4306609/r_21",
            "rotation": 0.12566370614359174,
            "transform_matrix": [
                [
                    -0.742395281791687,
                    -0.528528094291687,
                    -0.411712646484375,
                    -1.6596670150756836
                ],
                [
                    -0.6699621081352234,
                    0.5856700539588928,
                    0.45622509717941284,
                    1.8391023874282837
                ],
                [
                    -1.4901159417490817e-08,
                    0.6145313382148743,
                    -0.7888923287391663,
                    -3.1801271438598633
                ],
                [
                    0.0,
                    0.0,
                    0.0,
                    1.0
                ]
            ]
        },
        {
            "file_path": "/data/shapenet_blender/all_50_random/02958343/37a7f79b9eeb5096b11647ffa4306609/r_22",
            "rotation": 0.12566370614359174,
            "transform_matrix": [
                [
                    -0.4889587461948395,
                    -0.08569192886352539,
                    0.8680877089500427,
                    3.499373435974121
                ],
                [
                    0.8723069429397583,
                    -0.04803333804011345,
                    0.48659369349479675,
                    1.961521863937378
                ],
                [
                    -3.725290298461914e-09,
                    0.9951631426811218,
                    0.09823598712682724,
                    0.396001935005188
                ],
                [
                    0.0,
                    0.0,
                    0.0,
                    1.0
                ]
            ]
        },
        {
            "file_path": "/data/shapenet_blender/all_50_random/02958343/37a7f79b9eeb5096b11647ffa4306609/r_23",
            "rotation": 0.12566370614359174,
            "transform_matrix": [
                [
                    0.8031324744224548,
                    0.019286546856164932,
                    0.5954881906509399,
                    2.4004898071289062
                ],
                [
                    0.5958004593849182,
                    -0.025998052209615707,
                    -0.802711546421051,
                    -3.2358338832855225
                ],
                [
                    -9.313225746154785e-10,
                    0.9994758367538452,
                    -0.03237081691622734,
                    -0.1304909586906433
                ],
                [
                    0.0,
                    0.0,
                    0.0,
                    1.0
                ]
            ]
        },
        {
            "file_path": "/data/shapenet_blender/all_50_random/02958343/37a7f79b9eeb5096b11647ffa4306609/r_24",
            "rotation": 0.12566370614359174,
            "transform_matrix": [
                [
                    -0.587626576423645,
                    -0.48564422130584717,
                    0.6471821069717407,
                    2.608874559402466
                ],
                [
                    0.8091322183609009,
                    -0.35269567370414734,
                    0.4700114130973816,
                    1.8946764469146729
                ],
                [
                    1.4901161193847656e-08,
                    0.7998470664024353,
                    0.6002037525177002,
                    2.4194986820220947
                ],
                [
                    0.0,
                    0.0,
                    0.0,
                    1.0
                ]
            ]
        },
        {
            "file_path": "/data/shapenet_blender/all_50_random/02958343/37a7f79b9eeb5096b11647ffa4306609/r_25",
            "rotation": 0.12566370614359174,
            "transform_matrix": [
                [
                    0.13254518806934357,
                    0.1275622397661209,
                    0.9829341173171997,
                    3.962334394454956
                ],
                [
                    0.991176962852478,
                    -0.017058266326785088,
                    -0.13144290447235107,
                    -0.5298633575439453
                ],
                [
                    0.0,
                    0.9916839003562927,
                    -0.1286977082490921,
                    -0.5187970995903015
                ],
                [
                    0.0,
                    0.0,
                    0.0,
                    1.0
                ]
            ]
        },
        {
            "file_path": "/data/shapenet_blender/all_50_random/02958343/37a7f79b9eeb5096b11647ffa4306609/r_26",
            "rotation": 0.12566370614359174,
            "transform_matrix": [
                [
                    -0.2571924924850464,
                    0.6156520843505859,
                    0.7448654174804688,
                    3.0026485919952393
                ],
                [
                    0.9663602113723755,
                    0.16385309398174286,
                    0.198242649435997,
                    0.7991417050361633
                ],
                [
                    -7.450580596923828e-09,
                    0.7707948088645935,
                    -0.6370834708213806,
                    -2.5681655406951904
                ],
                [
                    0.0,
                    0.0,
                    0.0,
                    1.0
                ]
            ]
        },
        {
            "file_path": "/data/shapenet_blender/all_50_random/02958343/37a7f79b9eeb5096b11647ffa4306609/r_27",
            "rotation": 0.12566370614359174,
            "transform_matrix": [
                [
                    0.851240873336792,
                    -0.02410607412457466,
                    0.5242210626602173,
                    2.1132030487060547
                ],
                [
                    0.5247750282287598,
                    0.03910261392593384,
                    -0.8503422737121582,
                    -3.427839517593384
                ],
                [
                    0.0,
                    0.9989442825317383,
                    0.045936014503240585,
                    0.18517401814460754
                ],
                [
                    0.0,
                    0.0,
                    0.0,
                    1.0
                ]
            ]
        },
        {
            "file_path": "/data/shapenet_blender/all_50_random/02958343/37a7f79b9eeb5096b11647ffa4306609/r_28",
            "rotation": 0.12566370614359174,
            "transform_matrix": [
                [
                    0.9000517129898071,
                    0.24359925091266632,
                    0.361339807510376,
                    1.4566073417663574
                ],
                [
                    0.435783326625824,
                    -0.5031214356422424,
                    -0.7462986707687378,
                    -3.0084261894226074
                ],
                [
                    0.0,
                    0.8291731476783752,
                    -0.5589917898178101,
                    -2.2533679008483887
                ],
                [
                    0.0,
                    0.0,
                    0.0,
                    1.0
                ]
            ]
        },
        {
            "file_path": "/data/shapenet_blender/all_50_random/02958343/37a7f79b9eeb5096b11647ffa4306609/r_29",
            "rotation": 0.12566370614359174,
            "transform_matrix": [
                [
                    -0.9121010303497314,
                    -0.17145539820194244,
                    -0.3723906874656677,
                    -1.501154899597168
                ],
                [
                    -0.4099656045436859,
                    0.3814579248428345,
                    0.8285034894943237,
                    3.3398044109344482
                ],
                [
                    -1.4901161193847656e-08,
                    0.9083462953567505,
                    -0.4182189702987671,
                    -1.6858946084976196
                ],
                [
                    0.0,
                    0.0,
                    0.0,
                    1.0
                ]
            ]
        },
        {
            "file_path": "/data/shapenet_blender/all_50_random/02958343/37a7f79b9eeb5096b11647ffa4306609/r_30",
            "rotation": 0.12566370614359174,
            "transform_matrix": [
                [
                    -0.9878169298171997,
                    0.14355190098285675,
                    -0.060088276863098145,
                    -0.2422235906124115
                ],
                [
                    -0.1556205451488495,
                    -0.9112100005149841,
                    0.38141629099845886,
                    1.5375382900238037
                ],
                [
                    -3.725290298461914e-09,
                    0.3861204981803894,
                    0.9224483370780945,
                    3.718508243560791
                ],
                [
                    0.0,
                    0.0,
                    0.0,
                    1.0
                ]
            ]
        },
        {
            "file_path": "/data/shapenet_blender/all_50_random/02958343/37a7f79b9eeb5096b11647ffa4306609/r_31",
            "rotation": 0.12566370614359174,
            "transform_matrix": [
                [
                    0.8923937678337097,
                    -0.09594078361988068,
                    -0.4409405589103699,
                    -1.7774882316589355
                ],
                [
                    -0.4512573480606079,
                    -0.18972979485988617,
                    -0.8719915747642517,
                    -3.515110492706299
                ],
                [
                    -7.450580152834618e-09,
                    0.9771376848220825,
                    -0.21260765194892883,
                    -0.8570488691329956
                ],
                [
                    0.0,
                    0.0,
                    0.0,
                    1.0
                ]
            ]
        },
        {
            "file_path": "/data/shapenet_blender/all_50_random/02958343/37a7f79b9eeb5096b11647ffa4306609/r_32",
            "rotation": 0.12566370614359174,
            "transform_matrix": [
                [
                    -0.23142580687999725,
                    0.6519361138343811,
                    -0.7220950126647949,
                    -2.910858392715454
                ],
                [
                    -0.9728525876998901,
                    -0.1550849974155426,
                    0.17177465558052063,
                    0.6924458742141724
                ],
                [
                    0.0,
                    0.7422451376914978,
                    0.6701284050941467,
                    2.7013742923736572
                ],
                [
                    0.0,
                    0.0,
                    0.0,
                    1.0
                ]
            ]
        },
        {
            "file_path": "/data/shapenet_blender/all_50_random/02958343/37a7f79b9eeb5096b11647ffa4306609/r_33",
            "rotation": 0.12566370614359174,
            "transform_matrix": [
                [
                    0.20522047579288483,
                    -0.7817398309707642,
                    -0.5888696312904358,
                    -2.373809337615967
                ],
                [
                    -0.978715717792511,
                    -0.1639178842306137,
                    -0.12347621470689774,
                    -0.49774855375289917
                ],
                [
                    7.450580152834618e-09,
                    0.601675808429718,
                    -0.7987403869628906,
                    -3.219825506210327
                ],
                [
                    0.0,
                    0.0,
                    0.0,
                    1.0
                ]
            ]
        },
        {
            "file_path": "/data/shapenet_blender/all_50_random/02958343/37a7f79b9eeb5096b11647ffa4306609/r_34",
            "rotation": 0.12566370614359174,
            "transform_matrix": [
                [
                    0.4823205769062042,
                    -0.023839332163333893,
                    -0.875670313835144,
                    -3.529940128326416
                ],
                [
                    -0.8759948015213013,
                    -0.01312587782740593,
                    -0.48214191198349,
                    -1.9435763359069824
                ],
                [
                    -9.313225746154785e-10,
                    0.9996296167373657,
                    -0.027214013040065765,
                    -0.10970320552587509
                ],
                [
                    0.0,
                    0.0,
                    0.0,
                    1.0
                ]
            ]
        },
        {
            "file_path": "/data/shapenet_blender/all_50_random/02958343/37a7f79b9eeb5096b11647ffa4306609/r_35",
            "rotation": 0.12566370614359174,
            "transform_matrix": [
                [
                    0.15941596031188965,
                    -0.027430089190602303,
                    -0.9868303537368774,
                    -3.9780402183532715
                ],
                [
                    -0.9872114658355713,
                    -0.004429440014064312,
                    -0.15935441851615906,
                    -0.6423782110214233
                ],
                [
                    0.0,
                    0.9996138215065002,
                    -0.027785424143075943,
                    -0.11200661957263947
                ],
                [
                    0.0,
                    0.0,
                    0.0,
                    1.0
                ]
            ]
        },
        {
            "file_path": "/data/shapenet_blender/all_50_random/02958343/37a7f79b9eeb5096b11647ffa4306609/r_36",
            "rotation": 0.12566370614359174,
            "transform_matrix": [
                [
                    -0.9168499112129211,
                    -0.06856083124876022,
                    0.39330095052719116,
                    1.585446834564209
                ],
                [
                    0.39923200011253357,
                    -0.1574522703886032,
                    0.9032289981842041,
                    3.6410324573516846
                ],
                [
                    -3.725290298461914e-09,
                    0.9851436614990234,
                    0.17173178493976593,
                    0.692272961139679
                ],
                [
                    0.0,
                    0.0,
                    0.0,
                    1.0
                ]
            ]
        },
        {
            "file_path": "/data/shapenet_blender/all_50_random/02958343/37a7f79b9eeb5096b11647ffa4306609/r_37",
            "rotation": 0.12566370614359174,
            "transform_matrix": [
                [
                    -0.4334699511528015,
                    -0.43050676584243774,
                    -0.7916865348815918,
                    -3.1913907527923584
                ],
                [
                    -0.9011679887771606,
                    0.20707765221595764,
                    0.38080838322639465,
                    1.5350878238677979
                ],
                [
                    0.0,
                    0.8785116672515869,
                    -0.47772082686424255,
                    -1.925754427909851
                ],
                [
                    0.0,
                    0.0,
                    0.0,
                    1.0
                ]
            ]
        },
        {
            "file_path": "/data/shapenet_blender/all_50_random/02958343/37a7f79b9eeb5096b11647ffa4306609/r_38",
            "rotation": 0.12566370614359174,
            "transform_matrix": [
                [
                    -0.9241330027580261,
                    0.36516258120536804,
                    0.11240335553884506,
                    0.4531124234199524
                ],
                [
                    0.38207098841667175,
                    0.8832358121871948,
                    0.2718752324581146,
                    1.0959640741348267
                ],
                [
                    -7.450580596923828e-09,
                    0.29419511556625366,
                    -0.9557454586029053,
                    -3.8527331352233887
                ],
                [
                    0.0,
                    0.0,
                    0.0,
                    1.0
                ]
            ]
        },
        {
            "file_path": "/data/shapenet_blender/all_50_random/02958343/37a7f79b9eeb5096b11647ffa4306609/r_39",
            "rotation": 0.12566370614359174,
            "transform_matrix": [
                [
                    -0.8020855188369751,
                    -0.28952136635780334,
                    -0.5223372578620911,
                    -2.105609178543091
                ],
                [
                    -0.5972092747688293,
                    0.3888434171676636,
                    0.7015281915664673,
                    2.8279507160186768
                ],
                [
                    1.4901161193847656e-08,
                    0.8746302723884583,
                    -0.48479050397872925,
                    -1.9542531967163086
                ],
                [
                    0.0,
                    0.0,
                    0.0,
                    1.0
                ]
            ]
        },
        {
            "file_path": "/data/shapenet_blender/all_50_random/02958343/37a7f79b9eeb5096b11647ffa4306609/r_40",
            "rotation": 0.12566370614359174,
            "transform_matrix": [
                [
                    -0.5439332127571106,
                    0.383137971162796,
                    0.746553361415863,
                    3.0094528198242188
                ],
                [
                    0.8391285538673401,
                    0.24835465848445892,
                    0.48392489552497864,
                    1.9507637023925781
                ],
                [
                    0.0,
                    0.8896769881248474,
                    -0.45659035444259644,
                    -1.8405746221542358
                ],
                [
                    0.0,
                    0.0,
                    0.0,
                    1.0
                ]
            ]
        },
        {
            "file_path": "/data/shapenet_blender/all_50_random/02958343/37a7f79b9eeb5096b11647ffa4306609/r_41",
            "rotation": 0.12566370614359174,
            "transform_matrix": [
                [
                    0.3963833153247833,
                    -0.2866528034210205,
                    0.8721870183944702,
                    3.5158987045288086
                ],
                [
                    0.9180850386619568,
                    0.12376239150762558,
