{
    "class": "02958343",
    "model": "b7707e9f69d6c0ec6c23793d085f1519",
    "remove_doubles": true,
    "edge_split": true,
    "denoise": true,
    "camera_angle_x": 0.6911112070083618,
    "scale_factor": 2.2187092560258597,
    "hdri_file": "/data/IndoorHDRDataset2018/9C4A6429-d3c3efa4b2.exr",
    "center_offset": [
        0.0,
        0.0,
        3.725290298461914e-09
    ],
    "lights": [],
    "frames": [
        {
            "file_path": "/data/shapenet_blender/all_50_random/02958343/b7707e9f69d6c0ec6c23793d085f1519/r_0",
            "rotation": 0.12566370614359174,
            "transform_matrix": [
                [
                    -0.5279363989830017,
                    0.8429315686225891,
                    0.10367979854345322,
                    0.41794663667678833
                ],
                [
                    0.8492838740348816,
                    0.5239876508712769,
                    0.06444999575614929,
                    0.25980624556541443
                ],
                [
                    0.0,
                    0.12207911908626556,
                    -0.9925203323364258,
                    -4.000977516174316
                ],
                [
                    0.0,
                    0.0,
                    0.0,
                    1.0
                ]
            ]
        },
        {
            "file_path": "/data/shapenet_blender/all_50_random/02958343/b7707e9f69d6c0ec6c23793d085f1519/r_1",
            "rotation": 0.12566370614359174,
            "transform_matrix": [
                [
                    -0.9094322919845581,
                    0.05831332504749298,
                    -0.41174331307411194,
                    -1.6597903966903687
                ],
                [
                    -0.4158521592617035,
                    -0.12752613425254822,
                    0.9004465937614441,
                    3.6298162937164307
                ],
                [
                    0.0,
                    0.990119457244873,
                    0.1402260959148407,
                    0.5652694702148438
                ],
                [
                    0.0,
                    0.0,
                    0.0,
                    1.0
                ]
            ]
        },
        {
            "file_path": "/data/shapenet_blender/all_50_random/02958343/b7707e9f69d6c0ec6c23793d085f1519/r_2",
            "rotation": 0.12566370614359174,
            "transform_matrix": [
                [
                    0.7772156000137329,
                    0.26993057131767273,
                    0.5683954358100891,
                    2.2912752628326416
                ],
                [
                    0.6292344331741333,
                    -0.33341196179389954,
                    -0.7020687460899353,
                    -2.830129623413086
                ],
                [
                    1.4901161193847656e-08,
                    0.9033127427101135,
                    -0.42898258566856384,
                    -1.7292841672897339
                ],
                [
                    0.0,
                    0.0,
                    0.0,
                    1.0
                ]
            ]
        },
        {
            "file_path": "/data/shapenet_blender/all_50_random/02958343/b7707e9f69d6c0ec6c23793d085f1519/r_3",
            "rotation": 0.12566370614359174,
            "transform_matrix": [
                [
                    0.5937272310256958,
                    0.28204476833343506,
                    0.7536170482635498,
                    3.0379273891448975
                ],
                [
                    0.8046663403511047,
                    -0.20810821652412415,
                    -0.556060254573822,
                    -2.2415506839752197
                ],
                [
                    1.4901161193847656e-08,
                    0.9365584254264832,
                    -0.35051146149635315,
                    -1.412956953048706
                ],
                [
                    0.0,
                    0.0,
                    0.0,
                    1.0
                ]
            ]
        },
        {
            "file_path": "/data/shapenet_blender/all_50_random/02958343/b7707e9f69d6c0ec6c23793d085f1519/r_4",
            "rotation": 0.12566370614359174,
            "transform_matrix": [
                [
                    0.9141273498535156,
                    0.23476041853427887,
                    -0.3305431306362152,
                    -1.332461953163147
                ],
                [
                    -0.4054272174835205,
                    0.529320478439331,
                    -0.7452842593193054,
                    -3.0043368339538574
                ],
                [
                    0.0,
                    0.8152958750724792,
                    0.5790445804595947,
                    2.3342034816741943
                ],
                [
                    0.0,
                    0.0,
                    0.0,
                    1.0
                ]
            ]
        },
        {
            "file_path": "/data/shapenet_blender/all_50_random/02958343/b7707e9f69d6c0ec6c23793d085f1519/r_5",
            "rotation": 0.12566370614359174,
            "transform_matrix": [
                [
                    -0.4795558750629425,
                    0.21964335441589355,
                    -0.8495780825614929,
                    -3.4247589111328125
                ],
                [
                    -0.8775114417076111,
                    -0.12003406137228012,
                    0.46429044008255005,
                    1.8716145753860474
                ],
                [
                    0.0,
                    0.9681676030158997,
                    0.2503025531768799,
                    1.0090018510818481
                ],
                [
                    0.0,
                    0.0,
                    0.0,
                    1.0
                ]
            ]
        },
        {
            "file_path": "/data/shapenet_blender/all_50_random/02958343/b7707e9f69d6c0ec6c23793d085f1519/r_6",
            "rotation": 0.12566370614359174,
            "transform_matrix": [
                [
                    -0.36196327209472656,
                    0.0123824467882514,
                    -0.932110071182251,
                    -3.757456064224243
                ],
                [
                    -0.9321924448013306,
                    -0.004808010067790747,
                    0.3619312644004822,
                    1.4589917659759521
                ],
                [
                    0.0,
                    0.9999117851257324,
                    0.013283144682645798,
                    0.05354607105255127
                ],
                [
                    0.0,
                    0.0,
                    0.0,
                    1.0
                ]
            ]
        },
        {
            "file_path": "/data/shapenet_blender/all_50_random/02958343/b7707e9f69d6c0ec6c23793d085f1519/r_7",
            "rotation": 0.12566370614359174,
            "transform_matrix": [
                [
                    0.8604315519332886,
                    -0.07062488049268723,
                    -0.5046481490135193,
                    -2.034301519393921
                ],
                [
                    -0.5095661282539368,
                    -0.11925415694713593,
                    -0.8521273136138916,
                    -3.43503475189209
                ],
                [
                    0.0,
                    0.9903486967086792,
                    -0.13859808444976807,
                    -0.5587067008018494
                ],
                [
                    0.0,
                    0.0,
                    0.0,
                    1.0
                ]
            ]
        },
        {
            "file_path": "/data/shapenet_blender/all_50_random/02958343/b7707e9f69d6c0ec6c23793d085f1519/r_8",
            "rotation": 0.12566370614359174,
            "transform_matrix": [
                [
                    0.9998134970664978,
                    -0.004667345900088549,
                    -0.01873553916811943,
                    -0.07552537322044373
                ],
                [
                    -0.019308144226670265,
                    -0.24168427288532257,
                    -0.9701627492904663,
                    -3.910851240158081
                ],
                [
                    0.0,
                    0.9703435897827148,
                    -0.24172933399677277,
                    -0.9744421243667603
                ],
                [
                    0.0,
                    0.0,
                    0.0,
                    1.0
                ]
            ]
        },
        {
            "file_path": "/data/shapenet_blender/all_50_random/02958343/b7707e9f69d6c0ec6c23793d085f1519/r_9",
            "rotation": 0.12566370614359174,
            "transform_matrix": [
                [
                    -0.4522974193096161,
                    -0.35209575295448303,
                    0.8194239139556885,
                    3.3032033443450928
                ],
                [
                    0.8918670415878296,
                    -0.17856024205684662,
                    0.41555893421173096,
                    1.6751716136932373
                ],
                [
                    0.0,
                    0.9187734723091125,
                    0.3947850167751312,
                    1.591429352760315
                ],
                [
                    0.0,
                    0.0,
                    0.0,
                    1.0
                ]
            ]
        },
        {
            "file_path": "/data/shapenet_blender/all_50_random/02958343/b7707e9f69d6c0ec6c23793d085f1519/r_10",
            "rotation": 0.12566370614359174,
            "transform_matrix": [
                [
                    -0.8347448706626892,
                    -0.01260964386165142,
                    -0.5504925847053528,
                    -2.219106674194336
                ],
                [
                    -0.5506370663642883,
                    0.019115742295980453,
                    0.8345258831977844,
                    3.364081382751465
                ],
                [
                    0.0,
                    0.9997377395629883,
                    -0.02290010266005993,
                    -0.0923132672905922
                ],
                [
                    0.0,
                    0.0,
                    0.0,
                    1.0
                ]
            ]
        },
        {
            "file_path": "/data/shapenet_blender/all_50_random/02958343/b7707e9f69d6c0ec6c23793d085f1519/r_11",
            "rotation": 0.12566370614359174,
            "transform_matrix": [
                [
                    -0.15126973390579224,
                    -0.10967518389225006,
                    -0.9823893308639526,
                    -3.9601380825042725
                ],
                [
                    -0.9884926080703735,
                    0.01678367145359516,
                    0.15033574402332306,
                    0.6060227751731873
                ],
                [
                    0.0,
                    0.9938257932662964,
                    -0.11095195263624191,
                    -0.44726163148880005
                ],
                [
                    0.0,
                    0.0,
                    0.0,
                    1.0
                ]
            ]
        },
        {
            "file_path": "/data/shapenet_blender/all_50_random/02958343/b7707e9f69d6c0ec6c23793d085f1519/r_12",
            "rotation": 0.12566370614359174,
            "transform_matrix": [
                [
                    -0.6630783677101135,
                    -0.7474513649940491,
                    0.0405406579375267,
                    0.16342464089393616
                ],
                [
                    0.7485499978065491,
                    -0.6621052026748657,
                    0.03591160476207733,
                    0.14476431906223297
                ],
                [
                    3.7252898543727042e-09,
                    0.054158106446266174,
                    0.9985322952270508,
                    4.02521276473999
                ],
                [
                    0.0,
                    0.0,
                    0.0,
                    1.0
                ]
            ]
        },
        {
            "file_path": "/data/shapenet_blender/all_50_random/02958343/b7707e9f69d6c0ec6c23793d085f1519/r_13",
            "rotation": 0.12566370614359174,
            "transform_matrix": [
                [
                    -0.5226844549179077,
                    -0.07951808720827103,
                    0.8488097190856934,
                    3.421661376953125
                ],
                [
                    0.8525263667106628,
                    -0.048752591013908386,
                    0.5204057693481445,
                    2.097822666168213
                ],
                [
                    0.0,
                    0.9956405162811279,
                    0.09327347576618195,
                    0.375997394323349
                ],
                [
                    0.0,
                    0.0,
                    0.0,
                    1.0
                ]
            ]
        },
        {
            "file_path": "/data/shapenet_blender/all_50_random/02958343/b7707e9f69d6c0ec6c23793d085f1519/r_14",
            "rotation": 0.12566370614359174,
            "transform_matrix": [
                [
                    0.5093658566474915,
                    0.778954267501831,
                    -0.36575475335121155,
                    -1.4744046926498413
                ],
                [
                    -0.860550045967102,
                    0.46106868982315063,
                    -0.2164928913116455,
                    -0.8727108240127563
                ],
                [
                    1.4901161193847656e-08,
                    0.4250244200229645,
                    0.9051818251609802,
                    3.648904800415039
                ],
                [
                    0.0,
                    0.0,
                    0.0,
                    1.0
                ]
            ]
        },
        {
            "file_path": "/data/shapenet_blender/all_50_random/02958343/b7707e9f69d6c0ec6c23793d085f1519/r_15",
            "rotation": 0.12566370614359174,
            "transform_matrix": [
                [
                    -0.7773765325546265,
                    0.28321942687034607,
                    -0.5616694688796997,
                    -2.2641618251800537
                ],
                [
                    -0.6290356516838074,
                    -0.3500089943408966,
                    0.6941238641738892,
                    2.798102378845215
                ],
                [
                    0.0,
                    0.8929054737091064,
                    0.4502440094947815,
                    1.8149914741516113
                ],
                [
                    0.0,
                    0.0,
                    0.0,
                    1.0
                ]
            ]
        },
        {
            "file_path": "/data/shapenet_blender/all_50_random/02958343/b7707e9f69d6c0ec6c23793d085f1519/r_16",
            "rotation": 0.12566370614359174,
            "transform_matrix": [
                [
                    -0.6885021924972534,
                    -0.05232331529259682,
                    0.7233442068099976,
                    2.915894031524658
                ],
                [
                    0.7252341508865356,
                    -0.04967321828007698,
                    0.6867079138755798,
                    2.7682085037231445
                ],
                [
                    0.0,
                    0.9973939061164856,
                    0.07214678078889847,
                    0.2908329963684082
                ],
                [
                    0.0,
                    0.0,
                    0.0,
                    1.0
                ]
            ]
        },
        {
            "file_path": "/data/shapenet_blender/all_50_random/02958343/b7707e9f69d6c0ec6c23793d085f1519/r_17",
            "rotation": 0.12566370614359174,
            "transform_matrix": [
                [
                    0.9605897665023804,
                    0.12730561196804047,
                    0.24710476398468018,
                    0.9961111545562744
                ],
                [
                    0.2779703140258789,
                    -0.43993353843688965,
                    -0.8539267778396606,
                    -3.442288875579834
                ],
                [
                    -7.450581485102248e-09,
                    0.8889609575271606,
                    -0.4579828381538391,
                    -1.8461878299713135
                ],
                [
                    0.0,
                    0.0,
                    0.0,
                    1.0
                ]
            ]
        },
        {
            "file_path": "/data/shapenet_blender/all_50_random/02958343/b7707e9f69d6c0ec6c23793d085f1519/r_18",
            "rotation": 0.12566370614359174,
            "transform_matrix": [
                [
                    0.8377017378807068,
                    0.021162524819374084,
                    0.5457179546356201,
                    2.199859380722046
                ],
                [
                    0.5461281538009644,
                    -0.032461028546094894,
                    -0.837072491645813,
                    -3.374346971511841
                ],
                [
                    -1.862645149230957e-09,
                    0.9992489218711853,
                    -0.03875010460615158,
                    -0.1562066674232483
                ],
                [
                    0.0,
                    0.0,
                    0.0,
                    1.0
                ]
            ]
        },
        {
            "file_path": "/data/shapenet_blender/all_50_random/02958343/b7707e9f69d6c0ec6c23793d085f1519/r_19",
            "rotation": 0.12566370614359174,
            "transform_matrix": [
                [
                    0.39323890209198,
                    0.008943532593548298,
                    -0.9193928241729736,
                    -3.706190824508667
                ],
                [
                    -0.9194363355636597,
                    0.003825110150501132,
                    -0.39322033524513245,
                    -1.585121750831604
                ],
                [
                    0.0,
                    0.9999527335166931,
                    0.009727190248668194,
                    0.03921155631542206
                ],
                [
                    0.0,
                    0.0,
                    0.0,
                    1.0
                ]
            ]
        },
        {
            "file_path": "/data/shapenet_blender/all_50_random/02958343/b7707e9f69d6c0ec6c23793d085f1519/r_20",
            "rotation": 0.12566370614359174,
            "transform_matrix": [
                [
                    0.47049644589424133,
                    0.21156582236289978,
                    0.8566638827323914,
                    3.453322649002075
                ],
                [
                    0.8824020028114319,
                    -0.11280682682991028,
                    -0.45677289366722107,
                    -1.8413103818893433
                ],
                [
                    0.0,
                    0.9708318710327148,
                    -0.23976129293441772,
                    -0.966508686542511
                ],
                [
                    0.0,
                    0.0,
                    0.0,
                    1.0
                ]
            ]
        },
        {
            "file_path": "/data/shapenet_blender/all_50_random/02958343/b7707e9f69d6c0ec6c23793d085f1519/r_21",
            "rotation": 0.12566370614359174,
            "transform_matrix": [
                [
                    0.7382047176361084,
                    0.5426056385040283,
                    0.40079039335250854,
                    1.6156375408172607
                ],
                [
                    0.6745766997337341,
                    -0.5937857627868652,
                    -0.43859410285949707,
                    -1.7680292129516602
                ],
                [
                    0.0,
                    0.5941359996795654,
                    -0.8043645620346069,
                    -3.242496967315674
                ],
                [
                    0.0,
                    0.0,
                    0.0,
                    1.0
                ]
            ]
        },
        {
            "file_path": "/data/shapenet_blender/all_50_random/02958343/b7707e9f69d6c0ec6c23793d085f1519/r_22",
            "rotation": 0.12566370614359174,
            "transform_matrix": [
                [
                    0.23527273535728455,
                    -0.4290218949317932,
                    0.8721163272857666,
                    3.515613317489624
                ],
                [
                    0.9719294905662537,
                    0.10385234653949738,
                    -0.2111111879348755,
                    -0.8510164022445679
                ],
                [
                    -7.450581485102248e-09,
                    0.8973041772842407,
                    0.44141265749931335,
                    1.7793912887573242
                ],
                [
                    0.0,
                    0.0,
                    0.0,
                    1.0
                ]
            ]
        },
        {
            "file_path": "/data/shapenet_blender/all_50_random/02958343/b7707e9f69d6c0ec6c23793d085f1519/r_23",
            "rotation": 0.12566370614359174,
            "transform_matrix": [
                [
                    -0.9810987710952759,
                    0.11387510597705841,
                    0.15645378828048706,
                    0.6306854486465454
                ],
                [
                    0.19350796937942505,
                    0.5773546695709229,
                    0.7932314872741699,
                    3.1976187229156494
                ],
                [
                    -7.450580596923828e-09,
                    0.8085135817527771,
                    -0.5884774923324585,
                    -2.3722288608551025
                ],
                [
                    0.0,
                    0.0,
                    0.0,
                    1.0
                ]
            ]
        },
        {
            "file_path": "/data/shapenet_blender/all_50_random/02958343/b7707e9f69d6c0ec6c23793d085f1519/r_24",
            "rotation": 0.12566370614359174,
            "transform_matrix": [
                [
                    -0.6152859330177307,
                    0.21567390859127045,
                    0.7582268714904785,
                    3.0565102100372314
                ],
                [
                    0.7883040308952332,
                    0.16833749413490295,
                    0.5918101668357849,
                    2.3856630325317383
                ],
                [
                    0.0,
                    0.9618456363677979,
                    -0.2735923230648041,
                    -1.1028859615325928
                ],
                [
                    0.0,
                    0.0,
                    0.0,
                    1.0
                ]
            ]
        },
        {
            "file_path": "/data/shapenet_blender/all_50_random/02958343/b7707e9f69d6c0ec6c23793d085f1519/r_25",
            "rotation": 0.12566370614359174,
            "transform_matrix": [
                [
                    0.24538594484329224,
                    0.231535404920578,
                    -0.9413697719573975,
                    -3.794782876968384
                ],
                [
                    -0.9694255590438843,
                    0.058607421815395355,
                    -0.23828431963920593,
                    -0.960554838180542
                ],
                [
                    0.0,
                    0.9710595011711121,
                    0.23883776366710663,
                    0.9627858400344849
                ],
                [
                    0.0,
                    0.0,
                    0.0,
                    1.0
                ]
            ]
        },
        {
            "file_path": "/data/shapenet_blender/all_50_random/02958343/b7707e9f69d6c0ec6c23793d085f1519/r_26",
            "rotation": 0.12566370614359174,
            "transform_matrix": [
                [
                    -0.3724570870399475,
                    0.11630164086818695,
                    0.9207332134246826,
                    3.711594343185425
                ],
                [
                    0.9280494451522827,
                    0.04667571559548378,
                    0.3695208430290222,
                    1.4895861148834229
                ],
                [
                    0.0,
                    0.9921165108680725,
                    -0.12531837821006775,
                    -0.5051745176315308
                ],
                [
                    0.0,
                    0.0,
                    0.0,
                    1.0
                ]
            ]
        },
        {
            "file_path": "/data/shapenet_blender/all_50_random/02958343/b7707e9f69d6c0ec6c23793d085f1519/r_27",
            "rotation": 0.12566370614359174,
            "transform_matrix": [
                [
                    0.11766934394836426,
                    -0.3071916103363037,
                    -0.9443449378013611,
                    -3.8067758083343506
                ],
                [
                    -0.9930528402328491,
                    -0.03639991208910942,
                    -0.11189781874418259,
                    -0.451074481010437
                ],
                [
                    -3.7252898543727042e-09,
                    0.9509513974189758,
                    -0.3093406558036804,
                    -1.2469918727874756
                ],
                [
                    0.0,
                    0.0,
                    0.0,
                    1.0
                ]
            ]
        },
        {
            "file_path": "/data/shapenet_blender/all_50_random/02958343/b7707e9f69d6c0ec6c23793d085f1519/r_28",
            "rotation": 0.12566370614359174,
            "transform_matrix": [
                [
                    0.27679723501205444,
                    0.7064996957778931,
                    0.6513381004333496,
                    2.6256279945373535
                ],
                [
                    0.9609283804893494,
                    -0.20350858569145203,
                    -0.1876191794872284,
                    -0.756317138671875
                ],
                [
                    0.0,
                    0.6778216361999512,
                    -0.7352262139320374,
                    -2.963791847229004
                ],
                [
                    0.0,
                    0.0,
                    0.0,
                    1.0
                ]
            ]
        },
        {
            "file_path": "/data/shapenet_blender/all_50_random/02958343/b7707e9f69d6c0ec6c23793d085f1519/r_29",
            "rotation": 0.12566370614359174,
            "transform_matrix": [
                [
                    0.8424159288406372,
                    0.014208107255399227,
                    -0.5386403203010559,
                    -2.1713287830352783
                ],
                [
                    -0.5388277173042297,
                    0.02221328765153885,
                    -0.8421229720115662,
                    -3.3947064876556396
                ],
                [
                    0.0,
                    0.9996523261070251,
                    0.02636854723095894,
                    0.10629501938819885
                ],
                [
                    0.0,
                    0.0,
                    0.0,
                    1.0
                ]
            ]
        },
        {
            "file_path": "/data/shapenet_blender/all_50_random/02958343/b7707e9f69d6c0ec6c23793d085f1519/r_30",
            "rotation": 0.12566370614359174,
            "transform_matrix": [
                [
                    0.036788132041692734,
                    -0.04630015045404434,
                    -0.9982498288154602,
                    -4.024074077606201
                ],
                [
                    -0.9993230700492859,
                    -0.0017044499982148409,
                    -0.036748625338077545,
                    -0.14813846349716187
                ],
                [
                    1.1641532182693481e-10,
                    0.9989261031150818,
                    -0.046331506222486496,
                    -0.1867682933807373
                ],
                [
                    0.0,
                    0.0,
                    0.0,
                    1.0
                ]
            ]
        },
        {
            "file_path": "/data/shapenet_blender/all_50_random/02958343/b7707e9f69d6c0ec6c23793d085f1519/r_31",
            "rotation": 0.12566370614359174,
            "transform_matrix": [
                [
                    0.9999967813491821,
                    0.0003095913561992347,
                    0.0025304548908025026,
                    0.010200589895248413
                ],
                [
                    0.0025493232533335686,
                    -0.12144021689891815,
                    -0.9925954937934875,
                    -4.001280307769775
                ],
                [
                    0.0,
                    0.9925986528396606,
                    -0.12144061923027039,
                    -0.48954278230667114
                ],
                [
                    0.0,
                    0.0,
                    0.0,
                    1.0
                ]
            ]
        },
        {
            "file_path": "/data/shapenet_blender/all_50_random/02958343/b7707e9f69d6c0ec6c23793d085f1519/r_32",
            "rotation": 0.12566370614359174,
            "transform_matrix": [
                [
                    -0.0051072100177407265,
                    0.36989280581474304,
                    -0.9290602803230286,
                    -3.745162010192871
                ],
                [
                    -0.999987006187439,
                    -0.001889144885353744,
                    0.004744967445731163,
                    0.019127577543258667
                ],
                [
                    0.0,
                    0.9290724992752075,
                    0.36989760398864746,
                    1.491105079650879
                ],
                [
                    0.0,
                    0.0,
                    0.0,
                    1.0
                ]
            ]
        },
        {
            "file_path": "/data/shapenet_blender/all_50_random/02958343/b7707e9f69d6c0ec6c23793d085f1519/r_33",
            "rotation": 0.12566370614359174,
            "transform_matrix": [
                [
                    -0.850357174873352,
                    0.29994890093803406,
                    -0.4323464334011078,
                    -1.7428443431854248
                ],
                [
                    -0.5262060761451721,
                    -0.4847220480442047,
                    0.6986784934997559,
                    2.8164632320404053
                ],
                [
                    0.0,
                    0.821629524230957,
                    0.5700217485427856,
                    2.2978312969207764
                ],
                [
                    0.0,
                    0.0,
                    0.0,
                    1.0
                ]
            ]
        },
        {
            "file_path": "/data/shapenet_blender/all_50_random/02958343/b7707e9f69d6c0ec6c23793d085f1519/r_34",
            "rotation": 0.12566370614359174,
            "transform_matrix": [
                [
                    -0.3234168589115143,
                    -0.11504335701465607,
                    -0.9392371773719788,
                    -3.7861862182617188
                ],
                [
                    -0.9462565779685974,
                    0.03932015970349312,
                    0.3210177421569824,
                    1.294063925743103
                ],
                [
                    0.0,
                    0.9925820231437683,
                    -0.12157732993364334,
                    -0.4900938868522644
                ],
                [
                    0.0,
                    0.0,
                    0.0,
                    1.0
                ]
            ]
        },
        {
            "file_path": "/data/shapenet_blender/all_50_random/02958343/b7707e9f69d6c0ec6c23793d085f1519/r_35",
            "rotation": 0.12566370614359174,
            "transform_matrix": [
                [
                    0.2931285500526428,
                    -0.4350247085094452,
                    -0.8513689637184143,
                    -3.4319779872894287
                ],
                [
                    -0.9560730457305908,
                    -0.13337700068950653,
                    -0.26102665066719055,
                    -1.052232027053833
                ],
                [
                    -7.450580596923828e-09,
                    0.8904852271080017,
                    -0.4550120234489441,
                    -1.8342121839523315
                ],
                [
                    0.0,
                    0.0,
                    0.0,
                    1.0
                ]
            ]
        },
        {
            "file_path": "/data/shapenet_blender/all_50_random/02958343/b7707e9f69d6c0ec6c23793d085f1519/r_36",
            "rotation": 0.12566370614359174,
            "transform_matrix": [
                [
                    -0.41471660137176514,
                    -0.28366154432296753,
                    0.8646075129508972,
                    3.485344648361206
                ],
                [
                    0.9099507331848145,
                    -0.12928080558776855,
                    0.39405110478401184,
                    1.5884709358215332
                ],
                [
                    1.4901162970204496e-08,
                    0.9501696825027466,
                    0.3117328882217407,
                    1.2566355466842651
                ],
                [
                    0.0,
                    0.0,
                    0.0,
                    1.0
                ]
            ]
        },
        {
            "file_path": "/data/shapenet_blender/all_50_random/02958343/b7707e9f69d6c0ec6c23793d085f1519/r_37",
            "rotation": 0.12566370614359174,
            "transform_matrix": [
                [
                    -0.6304866075515747,
                    -0.5147151947021484,
                    0.580994725227356,
                    2.342064619064331
                ],
                [
                    0.7762001156806946,
                    -0.4180894196033478,
                    0.4719265103340149,
                    1.902396559715271
                ],
                [
                    -1.4901161193847656e-08,
                    0.7485114336013794,
                    0.66312175989151,
                    2.6731293201446533
                ],
                [
                    0.0,
                    0.0,
                    0.0,
                    1.0
                ]
            ]
        },
        {
            "file_path": "/data/shapenet_blender/all_50_random/02958343/b7707e9f69d6c0ec6c23793d085f1519/r_38",
            "rotation": 0.12566370614359174,
            "transform_matrix": [
                [
                    -0.6977858543395996,
                    0.567516028881073,
                    -0.43705862760543823,
                    -1.7618396282196045
                ],
                [
                    -0.7163063287734985,
                    -0.5528426766395569,
                    0.4257583022117615,
                    1.7162866592407227
                ],
                [
                    0.0,
                    0.6101559400558472,
                    0.7922812104225159,
                    3.1937878131866455
                ],
                [
                    0.0,
                    0.0,
                    0.0,
                    1.0
                ]
            ]
        },
        {
            "file_path": "/data/shapenet_blender/all_50_random/02958343/b7707e9f69d6c0ec6c23793d085f1519/r_39",
            "rotation": 0.12566370614359174,
            "transform_matrix": [
                [
                    -0.36743876338005066,
                    0.7800590991973877,
                    -0.5064548254013062,
                    -2.0415847301483154
                ],
                [
                    -0.9300477504730225,
                    -0.3081819713115692,
                    0.20008772611618042,
                    0.8065794110298157
                ],
                [
                    0.0,
                    0.5445472002029419,
                    0.8387302756309509,
                    3.3810298442840576
                ],
                [
                    0.0,
                    0.0,
                    0.0,
                    1.0
                ]
            ]
        },
        {
            "file_path": "/data/shapenet_blender/all_50_random/02958343/b7707e9f69d6c0ec6c23793d085f1519/r_40",
            "rotation": 0.12566370614359174,
            "transform_matrix": [
                [
                    -0.417132169008255,
                    0.3613274395465851,
                    0.8339323997497559,
                    3.3616890907287598
                ],
                [
                    0.908845841884613,
                    0.16583813726902008,
                    0.3827492296695709,
                    1.5429115295410156
                ],
                [
                    0.0,
                    0.9175729155540466,
                    -0.39756736159324646,
                    -1.6026452779769897
                ],
                [
                    0.0,
                    0.0,
                    0.0,
                    1.0
                ]
            ]
        },
        {
            "file_path": "/data/shapenet_blender/all_50_random/02958343/b7707e9f69d6c0ec6c23793d085f1519/r_41",
            "rotation": 0.12566370614359174,
            "transform_matrix": [
                [
                    -0.7183369994163513,
                    -0.48444050550460815,
                    0.4993087649345398,
                    2.012777805328369
                ],
                [
                    0.695695161819458,
                    -0.5002068877220154,
                    0.5155590772628784,
                    2.078284978866577
                ],
                [
                    -1.4901161193847656e-08,
                    0.7177116870880127,
                    0.6963402032852173,
