{
    "class": "02958343",
    "model": "323c9dc2a8911e146f2f07de403e98d8",
    "remove_doubles": true,
    "edge_split": true,
    "denoise": true,
    "camera_angle_x": 0.6911112070083618,
    "scale_factor": 2.320247574710747,
    "hdri_file": "/data/IndoorHDRDataset2018/9C4A7517-72834f9ab1.exr",
    "center_offset": [
        0.0,
        0.0,
        3.725290298461914e-09
    ],
    "lights": [],
    "frames": [
        {
            "file_path": "/data/shapenet_blender/all_50_random/02958343/323c9dc2a8911e146f2f07de403e98d8/r_0",
            "rotation": 0.12566370614359174,
            "transform_matrix": [
                [
                    0.9995825886726379,
                    0.002838252345100045,
                    0.028750676661729813,
                    0.11589768528938293
                ],
                [
                    0.02889043465256691,
                    -0.09820093959569931,
                    -0.9947471618652344,
                    -4.00995397567749
                ],
                [
                    0.0,
                    0.9951625466346741,
                    -0.09824194759130478,
                    -0.39602595567703247
                ],
                [
                    0.0,
                    0.0,
                    0.0,
                    1.0
                ]
            ]
        },
        {
            "file_path": "/data/shapenet_blender/all_50_random/02958343/323c9dc2a8911e146f2f07de403e98d8/r_1",
            "rotation": 0.12566370614359174,
            "transform_matrix": [
                [
                    0.8476315140724182,
                    0.016739649698138237,
                    -0.5303212404251099,
                    -2.1377933025360107
                ],
                [
                    -0.5305853486061096,
                    0.02674226090312004,
                    -0.8472095131874084,
                    -3.415210723876953
                ],
                [
                    -9.313225191043273e-10,
                    0.9995022416114807,
                    0.03154939413070679,
                    0.12717968225479126
                ],
                [
                    0.0,
                    0.0,
                    0.0,
                    1.0
                ]
            ]
        },
        {
            "file_path": "/data/shapenet_blender/all_50_random/02958343/323c9dc2a8911e146f2f07de403e98d8/r_2",
            "rotation": 0.12566370614359174,
            "transform_matrix": [
                [
                    -0.9066065549850464,
                    0.014274711720645428,
                    0.4217352867126465,
                    1.7000690698623657
                ],
                [
                    0.4219767153263092,
                    0.030668864026665688,
                    0.9060878157615662,
                    3.6525564193725586
                ],
                [
                    9.313224080820248e-10,
                    0.9994276165962219,
                    -0.03382819518446922,
                    -0.13636580109596252
                ],
                [
                    0.0,
                    0.0,
                    0.0,
                    1.0
                ]
            ]
        },
        {
            "file_path": "/data/shapenet_blender/all_50_random/02958343/323c9dc2a8911e146f2f07de403e98d8/r_3",
            "rotation": 0.12566370614359174,
            "transform_matrix": [
                [
                    0.7816202640533447,
                    -0.18478751182556152,
                    0.5957544445991516,
                    2.4015629291534424
                ],
                [
                    0.6237545609474182,
                    0.2315552532672882,
                    -0.7465335130691528,
                    -3.0093729496002197
                ],
                [
                    0.0,
                    0.9551102519035339,
                    0.2962503433227539,
                    1.1942232847213745
                ],
                [
                    0.0,
                    0.0,
                    0.0,
                    1.0
                ]
            ]
        },
        {
            "file_path": "/data/shapenet_blender/all_50_random/02958343/323c9dc2a8911e146f2f07de403e98d8/r_4",
            "rotation": 0.12566370614359174,
            "transform_matrix": [
                [
                    -0.40490245819091797,
                    0.18352213501930237,
                    -0.8957530856132507,
                    -3.610896110534668
                ],
                [
                    -0.9143598079681396,
                    -0.08126840740442276,
                    0.3966629207134247,
                    1.5989993810653687
                ],
                [
                    0.0,
                    0.9796504974365234,
                    0.20071105659008026,
                    0.8090921640396118
                ],
                [
                    0.0,
                    0.0,
                    0.0,
                    1.0
                ]
            ]
        },
        {
            "file_path": "/data/shapenet_blender/all_50_random/02958343/323c9dc2a8911e146f2f07de403e98d8/r_5",
            "rotation": 0.12566370614359174,
            "transform_matrix": [
                [
                    -0.19222618639469147,
                    0.06198325753211975,
                    -0.9793912172317505,
                    -3.948052167892456
                ],
                [
                    -0.9813506603240967,
                    -0.012141230516135693,
                    0.19184236228466034,
                    0.7733412981033325
                ],
                [
                    0.0,
                    0.998003363609314,
                    0.06316117197275162,
                    0.2546108365058899
                ],
                [
                    0.0,
                    0.0,
                    0.0,
                    1.0
                ]
            ]
        },
        {
            "file_path": "/data/shapenet_blender/all_50_random/02958343/323c9dc2a8911e146f2f07de403e98d8/r_6",
            "rotation": 0.12566370614359174,
            "transform_matrix": [
                [
                    0.9223721623420715,
                    0.3655930757522583,
                    0.12478520721197128,
                    0.5030252933502197
                ],
                [
                    0.3863026201725006,
                    -0.8729242086410522,
                    -0.29794880747795105,
                    -1.2010701894760132
                ],
                [
                    0.0,
                    0.3230244517326355,
                    -0.9463905096054077,
                    -3.8150224685668945
                ],
                [
                    0.0,
                    0.0,
                    0.0,
                    1.0
                ]
            ]
        },
        {
            "file_path": "/data/shapenet_blender/all_50_random/02958343/323c9dc2a8911e146f2f07de403e98d8/r_7",
            "rotation": 0.12566370614359174,
            "transform_matrix": [
                [
                    0.9948832988739014,
                    -0.05500989407300949,
                    0.0847424641251564,
                    0.34160780906677246
                ],
                [
                    0.10103154927492142,
                    0.5416963696479797,
                    -0.8344805240631104,
                    -3.363898515701294
                ],
                [
                    0.0,
                    0.8387723565101624,
                    0.5444823503494263,
                    2.194878578186035
                ],
                [
                    0.0,
                    0.0,
                    0.0,
                    1.0
                ]
            ]
        },
        {
            "file_path": "/data/shapenet_blender/all_50_random/02958343/323c9dc2a8911e146f2f07de403e98d8/r_8",
            "rotation": 0.12566370614359174,
            "transform_matrix": [
                [
                    0.8107854127883911,
                    0.01761416345834732,
                    -0.5850784778594971,
                    -2.3585267066955566
                ],
                [
                    -0.585343599319458,
                    0.024398161098361015,
                    -0.8104181885719299,
                    -3.2669003009796143
                ],
                [
                    9.313225746154785e-10,
                    0.9995471835136414,
                    0.03009200654923916,
                    0.12130475789308548
                ],
                [
                    0.0,
                    0.0,
                    0.0,
                    1.0
                ]
            ]
        },
        {
            "file_path": "/data/shapenet_blender/all_50_random/02958343/323c9dc2a8911e146f2f07de403e98d8/r_9",
            "rotation": 0.12566370614359174,
            "transform_matrix": [
                [
                    -0.9838700294494629,
                    0.1287117749452591,
                    0.12422975152730942,
                    0.5007861852645874
                ],
                [
                    0.17888477444648743,
                    0.7079175114631653,
                    0.683266282081604,
                    2.7543346881866455
                ],
                [
                    7.450580596923828e-09,
                    0.6944680213928223,
                    -0.7195234894752502,
                    -2.9004921913146973
                ],
                [
                    0.0,
                    0.0,
                    0.0,
                    1.0
                ]
            ]
        },
        {
            "file_path": "/data/shapenet_blender/all_50_random/02958343/323c9dc2a8911e146f2f07de403e98d8/r_10",
            "rotation": 0.12566370614359174,
            "transform_matrix": [
                [
                    0.972601056098938,
                    -0.0364973284304142,
                    -0.22959774732589722,
                    -0.925538182258606
                ],
                [
                    -0.23248052597045898,
                    -0.15268954634666443,
                    -0.960540771484375,
                    -3.8720638751983643
                ],
                [
                    -3.725290298461914e-09,
                    0.9876000881195068,
                    -0.1569909006357193,
                    -0.6328506469726562
                ],
                [
                    0.0,
                    0.0,
                    0.0,
                    1.0
                ]
            ]
        },
        {
            "file_path": "/data/shapenet_blender/all_50_random/02958343/323c9dc2a8911e146f2f07de403e98d8/r_11",
            "rotation": 0.12566370614359174,
            "transform_matrix": [
                [
                    0.9020664691925049,
                    0.3270605504512787,
                    -0.28161588311195374,
                    -1.1352300643920898
                ],
                [
                    -0.43159720301628113,
                    0.6835780143737793,
                    -0.5885956883430481,
                    -2.3727054595947266
                ],
                [
                    0.0,
                    0.6524971127510071,
                    0.7577912211418152,
                    3.0547542572021484
                ],
                [
                    0.0,
                    0.0,
                    0.0,
                    1.0
                ]
            ]
        },
        {
            "file_path": "/data/shapenet_blender/all_50_random/02958343/323c9dc2a8911e146f2f07de403e98d8/r_12",
            "rotation": 0.12566370614359174,
            "transform_matrix": [
                [
                    0.9847779273986816,
                    0.157779723405838,
                    -0.07292565703392029,
                    -0.2939727306365967
                ],
                [
                    -0.1738177090883255,
                    0.8939133882522583,
                    -0.41316601634025574,
                    -1.6655254364013672
                ],
                [
                    0.0,
                    0.4195525050163269,
                    0.9077310562133789,
                    3.6591808795928955
                ],
                [
                    0.0,
                    0.0,
                    0.0,
                    1.0
                ]
            ]
        },
        {
            "file_path": "/data/shapenet_blender/all_50_random/02958343/323c9dc2a8911e146f2f07de403e98d8/r_13",
            "rotation": 0.12566370614359174,
            "transform_matrix": [
                [
                    0.812955915927887,
                    0.2868225872516632,
                    -0.5067892670631409,
                    -2.042933225631714
                ],
                [
                    -0.5823252201080322,
                    0.40041911602020264,
                    -0.7075039148330688,
                    -2.8520398139953613
                ],
                [
                    1.4901161193847656e-08,
                    0.8702858090400696,
                    0.49254703521728516,
                    1.9855207204818726
                ],
                [
                    0.0,
                    0.0,
                    0.0,
                    1.0
                ]
            ]
        },
        {
            "file_path": "/data/shapenet_blender/all_50_random/02958343/323c9dc2a8911e146f2f07de403e98d8/r_14",
            "rotation": 0.12566370614359174,
            "transform_matrix": [
                [
                    -0.13383862376213074,
                    0.13547885417938232,
                    0.9816988706588745,
                    3.957354784011841
                ],
                [
                    0.991003155708313,
                    0.018296916037797928,
                    0.13258203864097595,
                    0.5344552993774414
                ],
                [
                    1.862645371275562e-09,
                    0.9906111359596252,
                    -0.1367088109254837,
                    -0.5510908365249634
                ],
                [
                    0.0,
                    0.0,
                    0.0,
                    1.0
                ]
            ]
        },
        {
            "file_path": "/data/shapenet_blender/all_50_random/02958343/323c9dc2a8911e146f2f07de403e98d8/r_15",
            "rotation": 0.12566370614359174,
            "transform_matrix": [
                [
                    -0.9921320080757141,
                    0.029247451573610306,
                    0.12173241376876831,
                    0.4907190799713135
                ],
                [
                    0.125196635723114,
                    0.23177403211593628,
                    0.9646794199943542,
                    3.888747453689575
                ],
                [
                    1.862645371275562e-09,
                    0.97232985496521,
                    -0.2336120903491974,
                    -0.9417205452919006
                ],
                [
                    0.0,
                    0.0,
                    0.0,
                    1.0
                ]
            ]
        },
        {
            "file_path": "/data/shapenet_blender/all_50_random/02958343/323c9dc2a8911e146f2f07de403e98d8/r_16",
            "rotation": 0.12566370614359174,
            "transform_matrix": [
                [
                    -0.6064852476119995,
                    -0.7917220592498779,
                    0.0731552317738533,
                    0.29489821195602417
                ],
                [
                    0.7950946688652039,
                    -0.6039126515388489,
                    0.055801622569561005,
                    0.22494354844093323
                ],
                [
                    -3.7252898543727042e-09,
                    0.09200840443372726,
                    0.9957582354545593,
                    4.0140299797058105
                ],
                [
                    0.0,
                    0.0,
                    0.0,
                    1.0
                ]
            ]
        },
        {
            "file_path": "/data/shapenet_blender/all_50_random/02958343/323c9dc2a8911e146f2f07de403e98d8/r_17",
            "rotation": 0.12566370614359174,
            "transform_matrix": [
                [
                    0.12632833421230316,
                    0.08532235771417618,
                    0.9883123636245728,
                    3.9840145111083984
                ],
                [
                    0.991988480091095,
                    -0.010865682736039162,
                    -0.12586018443107605,
                    -0.5073586106300354
                ],
                [
                    9.313224635931761e-10,
                    0.9962941408157349,
                    -0.08601144701242447,
                    -0.3467232286930084
                ],
                [
                    0.0,
                    0.0,
                    0.0,
                    1.0
                ]
            ]
        },
        {
            "file_path": "/data/shapenet_blender/all_50_random/02958343/323c9dc2a8911e146f2f07de403e98d8/r_18",
            "rotation": 0.12566370614359174,
            "transform_matrix": [
                [
                    0.566440999507904,
                    0.21859942376613617,
                    0.79458087682724,
                    3.2030582427978516
                ],
                [
                    0.8241022825241089,
                    -0.1502527892589569,
                    -0.5461496114730835,
                    -2.2015998363494873
                ],
                [
                    -7.450580596923828e-09,
                    0.9641775488853455,
                    -0.2652575671672821,
                    -1.0692875385284424
                ],
                [
                    0.0,
                    0.0,
                    0.0,
                    1.0
                ]
            ]
        },
        {
            "file_path": "/data/shapenet_blender/all_50_random/02958343/323c9dc2a8911e146f2f07de403e98d8/r_19",
            "rotation": 0.12566370614359174,
            "transform_matrix": [
                [
                    -0.8470649719238281,
                    -0.28447988629341125,
                    -0.44894564151763916,
                    -1.8097577095031738
                ],
                [
                    -0.5314894318580627,
                    0.45339179039001465,
                    0.7155101895332336,
                    2.8843138217926025
                ],
                [
                    1.4901162970204496e-08,
                    0.8446934223175049,
                    -0.5352503657341003,
                    -2.157663345336914
                ],
                [
                    0.0,
                    0.0,
                    0.0,
                    1.0
                ]
            ]
        },
        {
            "file_path": "/data/shapenet_blender/all_50_random/02958343/323c9dc2a8911e146f2f07de403e98d8/r_20",
            "rotation": 0.12566370614359174,
            "transform_matrix": [
                [
                    -0.9411386251449585,
                    -0.20345424115657806,
                    -0.2699342370033264,
                    -1.0881397724151611
                ],
                [
                    -0.338020920753479,
                    0.5664698481559753,
                    0.751567542552948,
                    3.02966570854187
                ],
                [
                    0.0,
                    0.7985727190971375,
                    -0.6018984317779541,
                    -2.426330089569092
                ],
                [
                    0.0,
                    0.0,
                    0.0,
                    1.0
                ]
            ]
        },
        {
            "file_path": "/data/shapenet_blender/all_50_random/02958343/323c9dc2a8911e146f2f07de403e98d8/r_21",
            "rotation": 0.12566370614359174,
            "transform_matrix": [
                [
                    -0.9390180706977844,
                    -0.2067183405160904,
                    -0.2747958302497864,
                    -1.1077375411987305
                ],
                [
                    -0.34386807680130005,
                    0.5644962787628174,
                    0.7503989934921265,
                    3.0249552726745605
                ],
                [
                    -1.4901162970204496e-08,
                    0.7991316318511963,
                    -0.6011559963226318,
                    -2.423337459564209
                ],
                [
                    0.0,
                    0.0,
                    0.0,
                    1.0
                ]
            ]
        },
        {
            "file_path": "/data/shapenet_blender/all_50_random/02958343/323c9dc2a8911e146f2f07de403e98d8/r_22",
            "rotation": 0.12566370614359174,
            "transform_matrix": [
                [
                    0.6624835133552551,
                    -0.17123162746429443,
                    0.7292429804801941,
                    2.9396724700927734
                ],
                [
                    0.7490764856338501,
                    0.15143731236457825,
                    -0.6449427604675293,
                    -2.5998473167419434
                ],
                [
                    0.0,
                    0.9735226035118103,
                    0.22859033942222595,
                    0.9214771389961243
                ],
                [
                    0.0,
                    0.0,
                    0.0,
                    1.0
                ]
            ]
        },
        {
            "file_path": "/data/shapenet_blender/all_50_random/02958343/323c9dc2a8911e146f2f07de403e98d8/r_23",
            "rotation": 0.12566370614359174,
            "transform_matrix": [
                [
                    0.5651383399963379,
                    0.22537322342395782,
                    0.7936154007911682,
                    3.1991662979125977
                ],
                [
                    0.8249961733818054,
                    -0.154385045170784,
                    -0.5436419248580933,
                    -2.191490888595581
                ],
                [
                    7.450581485102248e-09,
                    0.9619624614715576,
                    -0.27318093180656433,
                    -1.1012276411056519
                ],
                [
                    0.0,
                    0.0,
                    0.0,
                    1.0
                ]
            ]
        },
        {
            "file_path": "/data/shapenet_blender/all_50_random/02958343/323c9dc2a8911e146f2f07de403e98d8/r_24",
            "rotation": 0.12566370614359174,
            "transform_matrix": [
                [
                    0.6950463652610779,
                    0.16642765700817108,
                    0.699437141418457,
                    2.819521427154541
                ],
                [
                    0.7189648747444153,
                    -0.16089096665382385,
                    -0.6761682629585266,
                    -2.725721597671509
                ],
                [
                    2.2351741790771484e-08,
                    0.9728390574455261,
                    -0.2314823418855667,
                    -0.9331352114677429
                ],
                [
                    0.0,
                    0.0,
                    0.0,
                    1.0
                ]
            ]
        },
        {
            "file_path": "/data/shapenet_blender/all_50_random/02958343/323c9dc2a8911e146f2f07de403e98d8/r_25",
            "rotation": 0.12566370614359174,
            "transform_matrix": [
                [
                    -0.9846230149269104,
                    -0.12350780516862869,
                    0.12354472279548645,
                    0.49802470207214355
                ],
                [
                    0.17469251155853271,
                    -0.6961296200752258,
                    0.6963376998901367,
                    2.8070271015167236
                ],
                [
                    0.0,
                    0.707212507724762,
                    0.7070010900497437,
                    2.8500125408172607
                ],
                [
                    0.0,
                    0.0,
                    0.0,
                    1.0
                ]
            ]
        },
        {
            "file_path": "/data/shapenet_blender/all_50_random/02958343/323c9dc2a8911e146f2f07de403e98d8/r_26",
            "rotation": 0.12566370614359174,
            "transform_matrix": [
                [
                    0.8521826267242432,
                    0.3629324734210968,
                    -0.3769148588180542,
                    -1.519392490386963
                ],
                [
                    -0.5232445001602173,
                    0.5910902619361877,
                    -0.6138626933097839,
                    -2.474560022354126
                ],
                [
                    0.0,
                    0.720341682434082,
                    0.6936191916465759,
                    2.7960686683654785
                ],
                [
                    0.0,
                    0.0,
                    0.0,
                    1.0
                ]
            ]
        },
        {
            "file_path": "/data/shapenet_blender/all_50_random/02958343/323c9dc2a8911e146f2f07de403e98d8/r_27",
            "rotation": 0.12566370614359174,
            "transform_matrix": [
                [
                    0.6881726384162903,
                    -0.20862798392772675,
                    -0.6949048638343811,
                    -2.801251173019409
                ],
                [
                    -0.7255469560623169,
                    -0.19788114726543427,
                    -0.6591089367866516,
                    -2.6569530963897705
                ],
                [
                    0.0,
                    0.9577668905258179,
                    -0.2875458002090454,
                    -1.1591341495513916
                ],
                [
                    0.0,
                    0.0,
                    0.0,
                    1.0
                ]
            ]
        },
        {
            "file_path": "/data/shapenet_blender/all_50_random/02958343/323c9dc2a8911e146f2f07de403e98d8/r_28",
            "rotation": 0.12566370614359174,
            "transform_matrix": [
                [
                    -0.4495808780193329,
                    0.6534396409988403,
                    0.6090102195739746,
                    2.4549989700317383
                ],
                [
                    0.8932396769523621,
                    0.328885942697525,
                    0.3065239489078522,
                    1.2356376647949219
                ],
                [
                    0.0,
                    0.6817993521690369,
                    -0.7315390706062317,
                    -2.9489285945892334
                ],
                [
                    0.0,
                    0.0,
                    0.0,
                    1.0
                ]
            ]
        },
        {
            "file_path": "/data/shapenet_blender/all_50_random/02958343/323c9dc2a8911e146f2f07de403e98d8/r_29",
            "rotation": 0.12566370614359174,
            "transform_matrix": [
                [
                    -0.8015126585960388,
                    0.15784825384616852,
                    -0.576768159866333,
                    -2.325026750564575
                ],
                [
                    -0.5979779362678528,
                    -0.21157531440258026,
                    0.7730836272239685,
                    3.1163997650146484
                ],
                [
                    -7.450581485102248e-09,
                    0.9645308256149292,
                    0.2639700472354889,
                    1.064097285270691
                ],
                [
                    0.0,
                    0.0,
                    0.0,
                    1.0
                ]
            ]
        },
        {
            "file_path": "/data/shapenet_blender/all_50_random/02958343/323c9dc2a8911e146f2f07de403e98d8/r_30",
            "rotation": 0.12566370614359174,
            "transform_matrix": [
                [
                    -0.46576517820358276,
                    0.09642190486192703,
                    -0.8796394467353821,
                    -3.5459401607513428
                ],
                [
                    -0.8849084973335266,
                    -0.0507509708404541,
                    0.4629918336868286,
                    1.8663798570632935
                ],
                [
                    -3.725290742551124e-09,
                    0.9940458536148071,
                    0.10896258056163788,
                    0.43924224376678467
                ],
                [
                    0.0,
                    0.0,
                    0.0,
                    1.0
                ]
            ]
        },
        {
            "file_path": "/data/shapenet_blender/all_50_random/02958343/323c9dc2a8911e146f2f07de403e98d8/r_31",
            "rotation": 0.12566370614359174,
            "transform_matrix": [
                [
                    -0.30666089057922363,
                    -0.9512941241264343,
                    -0.031601786613464355,
                    -0.12739087641239166
                ],
                [
                    -0.9518188834190369,
                    0.30649182200431824,
                    0.010181591846048832,
                    0.04104331135749817
                ],
                [
                    9.313225746154785e-10,
                    0.0332011878490448,
                    -0.9994486570358276,
                    -4.028906345367432
                ],
                [
                    0.0,
                    0.0,
                    0.0,
                    1.0
                ]
            ]
        },
        {
            "file_path": "/data/shapenet_blender/all_50_random/02958343/323c9dc2a8911e146f2f07de403e98d8/r_32",
            "rotation": 0.12566370614359174,
            "transform_matrix": [
                [
                    0.0017020741943269968,
                    0.9304593801498413,
                    -0.36639106273651123,
                    -1.4769697189331055
                ],
                [
                    -0.9999985694885254,
                    0.0015837131068110466,
                    -0.0006236255867406726,
                    -0.0025139153003692627
                ],
                [
                    5.820766091346741e-11,
                    0.36639147996902466,
                    0.9304606914520264,
                    3.750807285308838
                ],
                [
                    0.0,
                    0.0,
                    0.0,
                    1.0
                ]
            ]
        },
        {
            "file_path": "/data/shapenet_blender/all_50_random/02958343/323c9dc2a8911e146f2f07de403e98d8/r_33",
            "rotation": 0.12566370614359174,
            "transform_matrix": [
                [
                    -0.7615304589271545,
                    0.31042706966400146,
                    0.5689520239830017,
                    2.2935192584991455
                ],
                [
                    0.6481292843818665,
                    0.3647415339946747,
                    0.6684998273849487,
                    2.6948091983795166
                ],
                [
                    0.0,
                    0.8778374791145325,
                    -0.4789586067199707,
                    -1.9307440519332886
                ],
                [
                    0.0,
                    0.0,
                    0.0,
                    1.0
                ]
            ]
        },
        {
            "file_path": "/data/shapenet_blender/all_50_random/02958343/323c9dc2a8911e146f2f07de403e98d8/r_34",
            "rotation": 0.12566370614359174,
            "transform_matrix": [
                [
                    0.7859621644020081,
                    0.3998483717441559,
                    0.4715769290924072,
                    1.9009872674942017
                ],
                [
                    0.6182746291160583,
                    -0.5082946419715881,
                    -0.5994772911071777,
                    -2.4165701866149902
                ],
                [
                    -1.4901161193847656e-08,
                    0.7627304792404175,
                    -0.6467164158821106,
                    -2.60699725151062
                ],
                [
                    0.0,
                    0.0,
                    0.0,
                    1.0
                ]
            ]
        },
        {
            "file_path": "/data/shapenet_blender/all_50_random/02958343/323c9dc2a8911e146f2f07de403e98d8/r_35",
            "rotation": 0.12566370614359174,
            "transform_matrix": [
                [
                    -0.6687171459197998,
                    -0.6188256144523621,
                    -0.4121553897857666,
                    -1.6614515781402588
                ],
                [
                    -0.7435168027877808,
                    0.5565701723098755,
                    0.37069153785705566,
                    1.4943053722381592
                ],
                [
                    -1.4901161193847656e-08,
                    0.5543321967124939,
                    -0.8322954177856445,
                    -3.3550901412963867
                ],
                [
                    0.0,
                    0.0,
                    0.0,
                    1.0
                ]
            ]
        },
        {
            "file_path": "/data/shapenet_blender/all_50_random/02958343/323c9dc2a8911e146f2f07de403e98d8/r_36",
            "rotation": 0.12566370614359174,
            "transform_matrix": [
                [
                    0.5397738218307495,
                    0.007030192296952009,
                    -0.8417807221412659,
                    -3.3933265209198
                ],
                [
                    -0.8418099284172058,
                    0.00450780289247632,
                    -0.5397550463676453,
                    -2.1758222579956055
                ],
                [
                    -2.328306020205062e-10,
                    0.9999651908874512,
                    0.00835128128528595,
                    0.033665090799331665
                ],
                [
                    0.0,
                    0.0,
                    0.0,
                    1.0
                ]
            ]
        },
        {
            "file_path": "/data/shapenet_blender/all_50_random/02958343/323c9dc2a8911e146f2f07de403e98d8/r_37",
            "rotation": 0.12566370614359174,
            "transform_matrix": [
                [
                    -0.4524163603782654,
                    -0.7327567934989929,
                    0.508317768573761,
                    2.0490946769714355
                ],
                [
                    0.8918069005012512,
                    -0.3717297315597534,
                    0.257871150970459,
                    1.039512038230896
                ],
                [
                    0.0,
                    0.5699865221977234,
                    0.8216540217399597,
                    3.3121936321258545
                ],
                [
                    0.0,
                    0.0,
                    0.0,
                    1.0
                ]
            ]
        },
        {
            "file_path": "/data/shapenet_blender/all_50_random/02958343/323c9dc2a8911e146f2f07de403e98d8/r_38",
            "rotation": 0.12566370614359174,
            "transform_matrix": [
                [
                    0.8230390548706055,
                    -0.3971249759197235,
                    -0.40607699751853943,
                    -1.6369487047195435
                ],
                [
                    -0.5679848194122314,
                    -0.5754543542861938,
                    -0.5884262919425964,
                    -2.3720221519470215
                ],
                [
                    -1.4901161193847656e-08,
                    0.7149432301521301,
                    -0.699182391166687,
                    -2.8184943199157715
                ],
                [
                    0.0,
                    0.0,
                    0.0,
                    1.0
                ]
            ]
        },
        {
            "file_path": "/data/shapenet_blender/all_50_random/02958343/323c9dc2a8911e146f2f07de403e98d8/r_39",
            "rotation": 0.12566370614359174,
            "transform_matrix": [
                [
                    -0.19346946477890015,
                    0.7492435574531555,
                    0.6334062814712524,
                    2.553342342376709
                ],
                [
                    0.9811063408851624,
                    0.1477472335100174,
                    0.12490468472242355,
                    0.5035068988800049
                ],
                [
                    0.0,
                    0.645604133605957,
                    -0.7636722922325134,
                    -3.0784614086151123
                ],
                [
                    0.0,
                    0.0,
                    0.0,
                    1.0
                ]
            ]
        },
        {
            "file_path": "/data/shapenet_blender/all_50_random/02958343/323c9dc2a8911e146f2f07de403e98d8/r_40",
            "rotation": 0.12566370614359174,
            "transform_matrix": [
                [
                    0.9329220056533813,
                    -0.08239098638296127,
                    -0.35052552819252014,
                    -1.4130136966705322
                ],
                [
                    -0.360078364610672,
                    -0.2134656459093094,
                    -0.9081716537475586,
                    -3.6609573364257812
                ],
                [
                    -7.450580596923828e-09,
                    0.973470151424408,
                    -0.2288139909505844,
                    -0.9223787784576416
                ],
                [
                    0.0,
                    0.0,
                    0.0,
                    1.0
                ]
            ]
        },
        {
            "file_path": "/data/shapenet_blender/all_50_random/02958343/323c9dc2a8911e146f2f07de403e98d8/r_41",
            "rotation": 0.12566370614359174,
            "transform_matrix": [
                [
                    -0.7078497409820557,
                    0.1835692822933197,
                    0.68209308385849,
                    2.749605417251587
                ],
                [
                    0.7063630223274231,
                    0.18395565450191498,
                    0.68352872133255,
