{
    "class": "02958343",
    "model": "b21bc9621960f418c330b66f68c70be2",
    "remove_doubles": true,
    "edge_split": true,
    "denoise": true,
    "camera_angle_x": 0.6911112070083618,
    "scale_factor": 2.2192680570655536,
    "hdri_file": "/data/IndoorHDRDataset2018/9C4A7916-b255607e80.exr",
    "center_offset": [
        0.0,
        0.0,
        -1.862645149230957e-09
    ],
    "lights": [],
    "frames": [
        {
            "file_path": "/data/shapenet_blender/all_50_random/02958343/b21bc9621960f418c330b66f68c70be2/r_0",
            "rotation": 0.12566370614359174,
            "transform_matrix": [
                [
                    -0.8529743552207947,
                    -0.5185245871543884,
                    -0.0597243532538414,
                    -0.2407565414905548
                ],
                [
                    -0.5219528079032898,
                    0.8473718762397766,
                    0.09760142117738724,
                    0.39344385266304016
                ],
                [
                    -3.725290076417309e-09,
                    0.1144244447350502,
                    -0.9934319853782654,
                    -4.00465202331543
                ],
                [
                    0.0,
                    0.0,
                    0.0,
                    1.0
                ]
            ]
        },
        {
            "file_path": "/data/shapenet_blender/all_50_random/02958343/b21bc9621960f418c330b66f68c70be2/r_1",
            "rotation": 0.12566370614359174,
            "transform_matrix": [
                [
                    0.32747119665145874,
                    0.7522030472755432,
                    0.5717981457710266,
                    2.304992198944092
                ],
                [
                    0.9448611736297607,
                    -0.26069948077201843,
                    -0.19817453622817993,
                    -0.7988671660423279
                ],
                [
                    -1.4901161193847656e-08,
                    0.6051664352416992,
                    -0.7960989475250244,
                    -3.2091777324676514
                ],
                [
                    0.0,
                    0.0,
                    0.0,
                    1.0
                ]
            ]
        },
        {
            "file_path": "/data/shapenet_blender/all_50_random/02958343/b21bc9621960f418c330b66f68c70be2/r_2",
            "rotation": 0.12566370614359174,
            "transform_matrix": [
                [
                    -0.3987676501274109,
                    0.8068447113037109,
                    -0.43587377667427063,
                    -1.757063388824463
                ],
                [
                    -0.9170520305633545,
                    -0.35084548592567444,
                    0.18953381478786469,
                    0.7640352249145508
                ],
                [
                    1.4901161193847656e-08,
                    0.4752989113330841,
                    0.8798243403434753,
                    3.5466854572296143
                ],
                [
                    0.0,
                    0.0,
                    0.0,
                    1.0
                ]
            ]
        },
        {
            "file_path": "/data/shapenet_blender/all_50_random/02958343/b21bc9621960f418c330b66f68c70be2/r_3",
            "rotation": 0.12566370614359174,
            "transform_matrix": [
                [
                    -0.32560572028160095,
                    0.10162987560033798,
                    -0.9400277733802795,
                    -3.7893733978271484
                ],
                [
                    -0.9455057382583618,
                    -0.03499848395586014,
                    0.3237192630767822,
                    1.304954171180725
                ],
                [
                    3.725290742551124e-09,
                    0.9942063689231873,
                    0.10748734325170517,
                    0.4332953691482544
                ],
                [
                    0.0,
                    0.0,
                    0.0,
                    1.0
                ]
            ]
        },
        {
            "file_path": "/data/shapenet_blender/all_50_random/02958343/b21bc9621960f418c330b66f68c70be2/r_4",
            "rotation": 0.12566370614359174,
            "transform_matrix": [
                [
                    -0.089181087911129,
                    -0.4190738797187805,
                    -0.9035617113113403,
                    -3.64237380027771
                ],
                [
                    -0.9960154294967651,
                    0.03752297908067703,
                    0.08090297877788544,
                    0.32613033056259155
                ],
                [
                    3.725290298461914e-09,
                    0.9071764349937439,
                    -0.42075037956237793,
                    -1.696099042892456
                ],
                [
                    0.0,
                    0.0,
                    0.0,
                    1.0
                ]
            ]
        },
        {
            "file_path": "/data/shapenet_blender/all_50_random/02958343/b21bc9621960f418c330b66f68c70be2/r_5",
            "rotation": 0.12566370614359174,
            "transform_matrix": [
                [
                    -0.951694667339325,
                    -0.04906506463885307,
                    0.3031003475189209,
                    1.2218365669250488
                ],
                [
                    0.30704590678215027,
                    -0.15207810699939728,
                    0.9394652843475342,
                    3.7871057987213135
                ],
                [
                    3.725290076417309e-09,
                    0.9871498942375183,
                    0.15979713201522827,
                    0.6441628336906433
                ],
                [
                    0.0,
                    0.0,
                    0.0,
                    1.0
                ]
            ]
        },
        {
            "file_path": "/data/shapenet_blender/all_50_random/02958343/b21bc9621960f418c330b66f68c70be2/r_6",
            "rotation": 0.12566370614359174,
            "transform_matrix": [
                [
                    -0.4221697747707367,
                    -0.753063976764679,
                    -0.5046457052230835,
                    -2.034292221069336
                ],
                [
                    -0.9065167903900146,
                    0.35070598125457764,
                    0.23501625657081604,
                    0.9473809003829956
                ],
                [
                    0.0,
                    0.5566865801811218,
                    -0.830722451210022,
                    -3.3487496376037598
                ],
                [
                    0.0,
                    0.0,
                    0.0,
                    1.0
                ]
            ]
        },
        {
            "file_path": "/data/shapenet_blender/all_50_random/02958343/b21bc9621960f418c330b66f68c70be2/r_7",
            "rotation": 0.12566370614359174,
            "transform_matrix": [
                [
                    -0.9948881268501282,
                    0.02554793655872345,
                    -0.09769874066114426,
                    -0.39383623003959656
                ],
                [
                    -0.1009838804602623,
                    -0.25169700384140015,
                    0.9625231623649597,
                    3.8800549507141113
                ],
                [
                    0.0,
                    0.967468798160553,
                    0.2529903054237366,
                    1.0198365449905396
                ],
                [
                    0.0,
                    0.0,
                    0.0,
                    1.0
                ]
            ]
        },
        {
            "file_path": "/data/shapenet_blender/all_50_random/02958343/b21bc9621960f418c330b66f68c70be2/r_8",
            "rotation": 0.12566370614359174,
            "transform_matrix": [
                [
                    -0.9898483157157898,
                    -0.004252443090081215,
                    0.14206425845623016,
                    0.572679340839386
                ],
                [
                    0.1421278864145279,
                    -0.02961609698832035,
                    0.98940509557724,
                    3.988419532775879
                ],
                [
                    0.0,
                    0.9995523691177368,
                    0.029919829219579697,
                    0.12061069160699844
                ],
                [
                    0.0,
                    0.0,
                    0.0,
                    1.0
                ]
            ]
        },
        {
            "file_path": "/data/shapenet_blender/all_50_random/02958343/b21bc9621960f418c330b66f68c70be2/r_9",
            "rotation": 0.12566370614359174,
            "transform_matrix": [
                [
                    -0.3151118755340576,
                    -0.08178315311670303,
                    -0.9455240964889526,
                    -3.8115298748016357
                ],
                [
                    -0.9490545392036438,
                    0.02715422958135605,
                    0.3139396905899048,
                    1.2655315399169922
                ],
                [
                    0.0,
                    0.9962801337242126,
                    -0.08617328852415085,
                    -0.34737566113471985
                ],
                [
                    0.0,
                    0.0,
                    0.0,
                    1.0
                ]
            ]
        },
        {
            "file_path": "/data/shapenet_blender/all_50_random/02958343/b21bc9621960f418c330b66f68c70be2/r_10",
            "rotation": 0.12566370614359174,
            "transform_matrix": [
                [
                    0.7946830987930298,
                    -0.19425129890441895,
                    -0.5751044154167175,
                    -2.3183200359344482
                ],
                [
                    -0.6070243716239929,
                    -0.2543031573295593,
                    -0.7528952360153198,
                    -3.035017728805542
                ],
                [
                    0.0,
                    0.9474155306816101,
                    -0.32000574469566345,
                    -1.2899844646453857
                ],
                [
                    0.0,
                    0.0,
                    0.0,
                    1.0
                ]
            ]
        },
        {
            "file_path": "/data/shapenet_blender/all_50_random/02958343/b21bc9621960f418c330b66f68c70be2/r_11",
            "rotation": 0.12566370614359174,
            "transform_matrix": [
                [
                    -0.05650511384010315,
                    -0.9616035223007202,
                    -0.26856210827827454,
                    -1.0826084613800049
                ],
                [
                    -0.9984022974967957,
                    0.05442246422171593,
                    0.015199415385723114,
                    0.06127080321311951
                ],
                [
                    0.0,
                    0.2689918577671051,
                    -0.963142454624176,
                    -3.882551431655884
                ],
                [
                    0.0,
                    0.0,
                    0.0,
                    1.0
                ]
            ]
        },
        {
            "file_path": "/data/shapenet_blender/all_50_random/02958343/b21bc9621960f418c330b66f68c70be2/r_12",
            "rotation": 0.12566370614359174,
            "transform_matrix": [
                [
                    -0.34311333298683167,
                    -0.13733099400997162,
                    0.9292003512382507,
                    3.7457265853881836
                ],
                [
                    0.9392939805984497,
                    -0.05016544461250305,
                    0.3394262492656708,
                    1.3682711124420166
                ],
                [
                    3.725290076417309e-09,
                    0.9892540574073792,
                    0.14620660245418549,
                    0.5893777012825012
                ],
                [
                    0.0,
                    0.0,
                    0.0,
                    1.0
                ]
            ]
        },
        {
            "file_path": "/data/shapenet_blender/all_50_random/02958343/b21bc9621960f418c330b66f68c70be2/r_13",
            "rotation": 0.12566370614359174,
            "transform_matrix": [
                [
                    0.25713175535202026,
                    -0.7857509255409241,
                    -0.5625643730163574,
                    -2.2677695751190186
                ],
                [
                    -0.9663764238357544,
                    -0.20907123386859894,
                    -0.14968615770339966,
                    -0.6034042239189148
                ],
                [
                    7.450581485102248e-09,
                    0.5821378231048584,
                    -0.8130900263786316,
                    -3.2776706218719482
                ],
                [
                    0.0,
                    0.0,
                    0.0,
                    1.0
                ]
            ]
        },
        {
            "file_path": "/data/shapenet_blender/all_50_random/02958343/b21bc9621960f418c330b66f68c70be2/r_14",
            "rotation": 0.12566370614359174,
            "transform_matrix": [
                [
                    -0.26042935252189636,
                    0.05772866681218147,
                    0.9637655019760132,
                    3.8850631713867188
                ],
                [
                    0.9654930233955383,
                    0.015571567229926586,
                    0.25996336340904236,
                    1.0479459762573242
                ],
                [
                    0.0,
                    0.9982107877731323,
                    -0.05979191139340401,
                    -0.24102891981601715
                ],
                [
                    0.0,
                    0.0,
                    0.0,
                    1.0
                ]
            ]
        },
        {
            "file_path": "/data/shapenet_blender/all_50_random/02958343/b21bc9621960f418c330b66f68c70be2/r_15",
            "rotation": 0.12566370614359174,
            "transform_matrix": [
                [
                    0.8591069579124451,
                    -0.42896878719329834,
                    0.27914318442344666,
                    1.1252621412277222
                ],
                [
                    0.5117959380149841,
                    0.7200722098350525,
                    -0.4685731530189514,
                    -1.8888788223266602
                ],
                [
                    0.0,
                    0.5454187989234924,
                    0.8381636142730713,
                    3.3787455558776855
                ],
                [
                    0.0,
                    0.0,
                    0.0,
                    1.0
                ]
            ]
        },
        {
            "file_path": "/data/shapenet_blender/all_50_random/02958343/b21bc9621960f418c330b66f68c70be2/r_16",
            "rotation": 0.12566370614359174,
            "transform_matrix": [
                [
                    -0.8114616870880127,
                    0.22773289680480957,
                    -0.5382076501846313,
                    -2.1695847511291504
                ],
                [
                    -0.5844054818153381,
                    -0.31621283292770386,
                    0.7473148107528687,
                    3.0125226974487305
                ],
                [
                    -1.4901161193847656e-08,
                    0.9209489226341248,
                    0.38968297839164734,
                    1.5708624124526978
                ],
                [
                    0.0,
                    0.0,
                    0.0,
                    1.0
                ]
            ]
        },
        {
            "file_path": "/data/shapenet_blender/all_50_random/02958343/b21bc9621960f418c330b66f68c70be2/r_17",
            "rotation": 0.12566370614359174,
            "transform_matrix": [
                [
                    0.13783107697963715,
                    -0.9674045443534851,
                    0.2124404013156891,
                    0.8563746213912964
                ],
                [
                    0.9904557466506958,
                    0.13462328910827637,
                    -0.029563046991825104,
                    -0.11917245388031006
                ],
                [
                    0.0,
                    0.2144874632358551,
                    0.9767267107963562,
                    3.9373114109039307
                ],
                [
                    0.0,
                    0.0,
                    0.0,
                    1.0
                ]
            ]
        },
        {
            "file_path": "/data/shapenet_blender/all_50_random/02958343/b21bc9621960f418c330b66f68c70be2/r_18",
            "rotation": 0.12566370614359174,
            "transform_matrix": [
                [
                    0.14501865208148956,
                    -0.5349743366241455,
                    0.832329273223877,
                    3.355226516723633
                ],
                [
                    0.9894289970397949,
                    0.07841014117002487,
                    -0.12199286371469498,
                    -0.4917689561843872
                ],
                [
                    -7.450580596923828e-09,
                    0.841221809387207,
                    0.5406900644302368,
                    2.179591417312622
                ],
                [
                    0.0,
                    0.0,
                    0.0,
                    1.0
                ]
            ]
        },
        {
            "file_path": "/data/shapenet_blender/all_50_random/02958343/b21bc9621960f418c330b66f68c70be2/r_19",
            "rotation": 0.12566370614359174,
            "transform_matrix": [
                [
                    0.976792573928833,
                    0.00017955950170289725,
                    0.21418727934360504,
                    0.8634164333343506
                ],
                [
                    0.21418732404708862,
                    -0.0008188738138414919,
                    -0.9767923355102539,
                    -3.937575340270996
                ],
                [
                    1.4551913493643376e-11,
                    0.9999996423721313,
                    -0.000838329317048192,
                    -0.0033794131595641375
                ],
                [
                    0.0,
                    0.0,
                    0.0,
                    1.0
                ]
            ]
        },
        {
            "file_path": "/data/shapenet_blender/all_50_random/02958343/b21bc9621960f418c330b66f68c70be2/r_20",
            "rotation": 0.12566370614359174,
            "transform_matrix": [
                [
                    0.539574384689331,
                    -0.7194122076034546,
                    -0.4373849928379059,
                    -1.7631553411483765
                ],
                [
                    -0.8419380187988281,
                    -0.4610510468482971,
                    -0.28030773997306824,
                    -1.129956603050232
                ],
                [
                    0.0,
                    0.5194978713989258,
                    -0.854471743106842,
                    -3.444485664367676
                ],
                [
                    0.0,
                    0.0,
                    0.0,
                    1.0
                ]
            ]
        },
        {
            "file_path": "/data/shapenet_blender/all_50_random/02958343/b21bc9621960f418c330b66f68c70be2/r_21",
            "rotation": 0.12566370614359174,
            "transform_matrix": [
                [
                    0.31870490312576294,
                    0.04253554344177246,
                    0.9468991160392761,
                    3.8170723915100098
                ],
                [
                    0.9478540420532227,
                    -0.014302079565823078,
                    -0.3183837831020355,
                    -1.2834460735321045
                ],
                [
                    -9.313225746154785e-10,
                    0.9989926815032959,
                    -0.0448756217956543,
                    -0.18089941143989563
                ],
                [
                    0.0,
                    0.0,
                    0.0,
                    1.0
                ]
            ]
        },
        {
            "file_path": "/data/shapenet_blender/all_50_random/02958343/b21bc9621960f418c330b66f68c70be2/r_22",
            "rotation": 0.12566370614359174,
            "transform_matrix": [
                [
                    0.28114408254623413,
                    0.6278038024902344,
                    0.7258238196372986,
                    2.925889492034912
                ],
                [
                    0.9596656560897827,
                    -0.1839217096567154,
                    -0.21263767778873444,
                    -0.8571698665618896
                ],
                [
                    1.4901162970204496e-08,
                    0.7563299536705017,
                    -0.6541902422904968,
                    -2.637125253677368
                ],
                [
                    0.0,
                    0.0,
                    0.0,
                    1.0
                ]
            ]
        },
        {
            "file_path": "/data/shapenet_blender/all_50_random/02958343/b21bc9621960f418c330b66f68c70be2/r_23",
            "rotation": 0.12566370614359174,
            "transform_matrix": [
                [
                    -0.06268808245658875,
                    0.151828333735466,
                    -0.9864168167114258,
                    -3.9763736724853516
                ],
                [
                    -0.9980332255363464,
                    -0.00953658390790224,
                    0.0619584396481514,
                    0.24976247549057007
                ],
                [
                    0.0,
                    0.9883608818054199,
                    0.15212751924991608,
                    0.6132457256317139
                ],
                [
                    0.0,
                    0.0,
                    0.0,
                    1.0
                ]
            ]
        },
        {
            "file_path": "/data/shapenet_blender/all_50_random/02958343/b21bc9621960f418c330b66f68c70be2/r_24",
            "rotation": 0.12566370614359174,
            "transform_matrix": [
                [
                    0.649867594242096,
                    -0.11567778140306473,
                    -0.7511927485466003,
                    -3.0281548500061035
                ],
                [
                    -0.7600472569465637,
                    -0.09890864044427872,
                    -0.6422967314720154,
                    -2.5891809463500977
                ],
                [
                    7.4505792646561986e-09,
                    0.988349974155426,
                    -0.15219810605049133,
                    -0.613530158996582
                ],
                [
                    0.0,
                    0.0,
                    0.0,
                    1.0
                ]
            ]
        },
        {
            "file_path": "/data/shapenet_blender/all_50_random/02958343/b21bc9621960f418c330b66f68c70be2/r_25",
            "rotation": 0.12566370614359174,
            "transform_matrix": [
                [
                    0.006853680592030287,
                    -0.3004959225654602,
                    -0.9537584781646729,
                    -3.8447234630584717
                ],
                [
                    -0.9999765157699585,
                    -0.002059551188722253,
                    -0.006536909379065037,
                    -0.026351124048233032
                ],
                [
                    2.3283064365386963e-10,
                    0.9537808299064636,
                    -0.3005029857158661,
                    -1.2113662958145142
                ],
                [
                    0.0,
                    0.0,
                    0.0,
                    1.0
                ]
            ]
        },
        {
            "file_path": "/data/shapenet_blender/all_50_random/02958343/b21bc9621960f418c330b66f68c70be2/r_26",
            "rotation": 0.12566370614359174,
            "transform_matrix": [
                [
                    -0.7779312133789062,
                    0.1861334592103958,
                    -0.6001477241516113,
                    -2.4192731380462646
                ],
                [
                    -0.6283494830131531,
                    -0.23044349253177643,
                    0.7430159449577332,
                    2.9951932430267334
                ],
                [
                    -1.4901161193847656e-08,
                    0.9551178216934204,
                    0.29622602462768555,
                    1.1941254138946533
                ],
                [
                    0.0,
                    0.0,
                    0.0,
                    1.0
                ]
            ]
        },
        {
            "file_path": "/data/shapenet_blender/all_50_random/02958343/b21bc9621960f418c330b66f68c70be2/r_27",
            "rotation": 0.12566370614359174,
            "transform_matrix": [
                [
                    0.8257021307945251,
                    0.1477765589952469,
                    -0.5444062352180481,
                    -2.1945719718933105
                ],
                [
                    -0.5641065239906311,
                    0.21630561351776123,
                    -0.7968661189079285,
                    -3.2122702598571777
                ],
                [
                    -7.450581485102248e-09,
                    0.9650771021842957,
                    0.26196569204330444,
                    1.0560176372528076
                ],
                [
                    0.0,
                    0.0,
                    0.0,
                    1.0
                ]
            ]
        },
        {
            "file_path": "/data/shapenet_blender/all_50_random/02958343/b21bc9621960f418c330b66f68c70be2/r_28",
            "rotation": 0.12566370614359174,
            "transform_matrix": [
                [
                    -0.8442438840866089,
                    0.09031018614768982,
                    -0.5282956957817078,
                    -2.1296281814575195
                ],
                [
                    -0.5359591841697693,
                    -0.1422567516565323,
                    0.8321722745895386,
                    3.3545937538146973
                ],
                [
                    7.450580596923828e-09,
                    0.9857012629508972,
                    0.16850198805332184,
                    0.6792532205581665
                ],
                [
                    0.0,
                    0.0,
                    0.0,
                    1.0
                ]
            ]
        },
        {
            "file_path": "/data/shapenet_blender/all_50_random/02958343/b21bc9621960f418c330b66f68c70be2/r_29",
            "rotation": 0.12566370614359174,
            "transform_matrix": [
                [
                    0.8117382526397705,
                    -0.24327155947685242,
                    0.5309425592422485,
                    2.1402981281280518
                ],
                [
                    0.5840215682983398,
                    0.33812591433525085,
                    -0.7379631400108337,
                    -2.974824905395508
                ],
                [
                    0.0,
                    0.9091148376464844,
                    0.4165455102920532,
                    1.67914879322052
                ],
                [
                    0.0,
                    0.0,
                    0.0,
                    1.0
                ]
            ]
        },
        {
            "file_path": "/data/shapenet_blender/all_50_random/02958343/b21bc9621960f418c330b66f68c70be2/r_30",
            "rotation": 0.12566370614359174,
            "transform_matrix": [
                [
                    0.9898192882537842,
                    -0.031237758696079254,
                    -0.13885937631130219,
                    -0.5597599744796753
                ],
                [
                    -0.1423296183347702,
                    -0.2172403484582901,
                    -0.9656857848167419,
                    -3.892803430557251
                ],
                [
                    -1.8626449271863521e-09,
                    0.9756180644035339,
                    -0.21947479248046875,
                    -0.8847310543060303
                ],
                [
                    0.0,
                    0.0,
                    0.0,
                    1.0
                ]
            ]
        },
        {
            "file_path": "/data/shapenet_blender/all_50_random/02958343/b21bc9621960f418c330b66f68c70be2/r_31",
            "rotation": 0.12566370614359174,
            "transform_matrix": [
                [
                    -0.991212785243988,
                    -0.12837494909763336,
                    -0.03189307078719139,
                    -0.12856510281562805
                ],
                [
                    -0.13227735459804535,
                    0.961970329284668,
                    0.23898889124393463,
                    0.9633951187133789
                ],
                [
                    0.0,
                    0.24110765755176544,
                    -0.9704983234405518,
                    -3.9122040271759033
                ],
                [
                    0.0,
                    0.0,
                    0.0,
                    1.0
                ]
            ]
        },
        {
            "file_path": "/data/shapenet_blender/all_50_random/02958343/b21bc9621960f418c330b66f68c70be2/r_32",
            "rotation": 0.12566370614359174,
            "transform_matrix": [
                [
                    -0.8492500185966492,
                    0.5051618218421936,
                    0.15357697010040283,
                    0.6190886497497559
                ],
                [
                    0.527990996837616,
                    0.8125303387641907,
                    0.24702171981334686,
                    0.9957764744758606
                ],
                [
                    0.0,
                    0.29087042808532715,
                    -0.9567623734474182,
                    -3.85683274269104
                ],
                [
                    0.0,
                    0.0,
                    0.0,
                    1.0
                ]
            ]
        },
        {
            "file_path": "/data/shapenet_blender/all_50_random/02958343/b21bc9621960f418c330b66f68c70be2/r_33",
            "rotation": 0.12566370614359174,
            "transform_matrix": [
                [
                    0.6076235771179199,
                    -0.7672106623649597,
                    0.20538106560707092,
                    0.8279176354408264
                ],
                [
                    0.7942251563072205,
                    0.5869560837745667,
                    -0.15712720155715942,
                    -0.6334000825881958
                ],
                [
                    7.450580596923828e-09,
                    0.25859296321868896,
                    0.9659863114356995,
                    3.8940155506134033
                ],
                [
                    0.0,
                    0.0,
                    0.0,
                    1.0
                ]
            ]
        },
        {
            "file_path": "/data/shapenet_blender/all_50_random/02958343/b21bc9621960f418c330b66f68c70be2/r_34",
            "rotation": 0.12566370614359174,
            "transform_matrix": [
                [
                    0.008824185468256474,
                    -0.13459768891334534,
                    0.9908610582351685,
                    3.994288682937622
                ],
                [
                    0.9999610781669617,
                    0.001187761197797954,
                    -0.00874388124793768,
                    -0.03524771332740784
                ],
                [
                    -1.1641532182693481e-10,
                    0.9908996224403381,
                    0.13460293412208557,
                    0.5426017642021179
                ],
                [
                    0.0,
                    0.0,
                    0.0,
                    1.0
                ]
            ]
        },
        {
            "file_path": "/data/shapenet_blender/all_50_random/02958343/b21bc9621960f418c330b66f68c70be2/r_35",
            "rotation": 0.12566370614359174,
            "transform_matrix": [
                [
                    0.9881887435913086,
                    -0.09960955381393433,
                    0.11645184457302094,
                    0.46943241357803345
                ],
                [
                    0.15324196219444275,
                    0.6423373818397522,
                    -0.7509458065032959,
                    -3.0271594524383545
                ],
                [
                    7.450580596923828e-09,
                    0.7599213719367981,
                    0.6500148773193359,
                    2.6202938556671143
                ],
                [
                    0.0,
                    0.0,
                    0.0,
                    1.0
                ]
            ]
        },
        {
            "file_path": "/data/shapenet_blender/all_50_random/02958343/b21bc9621960f418c330b66f68c70be2/r_36",
            "rotation": 0.12566370614359174,
            "transform_matrix": [
                [
                    -0.11171339452266693,
                    0.4296223521232605,
                    0.8960718512535095,
                    3.6121811866760254
                ],
                [
                    0.9937404990196228,
                    0.048296887427568436,
                    0.10073377192020416,
                    0.4060708284378052
                ],
                [
                    0.0,
                    0.9017162322998047,
                    -0.4323284924030304,
                    -1.742771863937378
                ],
                [
                    0.0,
                    0.0,
                    0.0,
                    1.0
                ]
            ]
        },
        {
            "file_path": "/data/shapenet_blender/all_50_random/02958343/b21bc9621960f418c330b66f68c70be2/r_37",
            "rotation": 0.12566370614359174,
            "transform_matrix": [
                [
                    -0.8020768761634827,
                    -0.053568121045827866,
                    -0.5948135852813721,
                    -2.3977701663970947
                ],
                [
                    -0.5972208976745605,
                    0.07194282114505768,
                    0.7988438606262207,
                    3.220242500305176
                ],
                [
                    3.725290298461914e-09,
                    0.9959691762924194,
                    -0.08969566226005554,
                    -0.36157476902008057
                ],
                [
                    0.0,
                    0.0,
                    0.0,
                    1.0
                ]
            ]
        },
        {
            "file_path": "/data/shapenet_blender/all_50_random/02958343/b21bc9621960f418c330b66f68c70be2/r_38",
            "rotation": 0.12566370614359174,
            "transform_matrix": [
                [
                    -0.49837690591812134,
                    0.6755809783935547,
                    -0.5433329939842224,
                    -2.1902453899383545
                ],
                [
                    -0.8669605255126953,
                    -0.3883613348007202,
                    0.31233787536621094,
                    1.2590742111206055
                ],
                [
                    0.0,
                    0.6267101168632507,
                    0.7792524099349976,
                    3.1412668228149414
                ],
                [
                    0.0,
                    0.0,
                    0.0,
                    1.0
                ]
            ]
        },
        {
            "file_path": "/data/shapenet_blender/all_50_random/02958343/b21bc9621960f418c330b66f68c70be2/r_39",
            "rotation": 0.12566370614359174,
            "transform_matrix": [
                [
                    0.9467309713363647,
                    -0.14064887166023254,
                    -0.2896867096424103,
                    -1.16776442527771
                ],
                [
                    -0.3220256268978119,
                    -0.41349703073501587,
                    -0.8516570329666138,
                    -3.4331390857696533
                ],
                [
                    7.450580596923828e-09,
                    0.8995764851570129,
                    -0.4367630183696747,
                    -1.7606478929519653
                ],
                [
                    0.0,
                    0.0,
                    0.0,
                    1.0
                ]
            ]
        },
        {
            "file_path": "/data/shapenet_blender/all_50_random/02958343/b21bc9621960f418c330b66f68c70be2/r_40",
            "rotation": 0.12566370614359174,
            "transform_matrix": [
                [
                    0.9362531900405884,
                    -0.008379286155104637,
                    0.3512260913848877,
                    1.4158376455307007
                ],
                [
                    0.35132601857185364,
                    0.022330066189169884,
                    -0.9359868764877319,
                    -3.7730836868286133
                ],
                [
                    0.0,
                    0.9997155070304871,
                    0.023850461468100548,
                    0.09614428877830505
                ],
                [
                    0.0,
                    0.0,
                    0.0,
                    1.0
                ]
            ]
        },
        {
            "file_path": "/data/shapenet_blender/all_50_random/02958343/b21bc9621960f418c330b66f68c70be2/r_41",
            "rotation": 0.12566370614359174,
            "transform_matrix": [
                [
                    -0.999708890914917,
                    -0.0016059533227235079,
                    0.02407519333064556,
                    0.09705021977424622
                ],
                [
                    0.02412870153784752,
                    -0.06653843075037003,
