{
    "class": "02958343",
    "model": "12a034b6be9afb50ae983613a2e0a741",
    "remove_doubles": true,
    "edge_split": true,
    "denoise": true,
    "camera_angle_x": 0.6911112070083618,
    "scale_factor": 2.3015489676464163,
    "hdri_file": "/data/IndoorHDRDataset2018/AG8A6383-2b3d6cb7b0.exr",
    "center_offset": [
        0.0,
        0.0,
        -1.862645149230957e-09
    ],
    "lights": [],
    "frames": [
        {
            "file_path": "/data/shapenet_blender/all_50_random/02958343/12a034b6be9afb50ae983613a2e0a741/r_0",
            "rotation": 0.12566370614359174,
            "transform_matrix": [
                [
                    0.5942677855491638,
                    -0.27196961641311646,
                    -0.7568872570991516,
                    -3.051110029220581
                ],
                [
                    -0.8042672276496887,
                    -0.20095659792423248,
                    -0.5592590570449829,
                    -2.2544453144073486
                ],
                [
                    -1.4901161193847656e-08,
                    0.9410891532897949,
                    -0.3381583094596863,
                    -1.3631597757339478
                ],
                [
                    0.0,
                    0.0,
                    0.0,
                    1.0
                ]
            ]
        },
        {
            "file_path": "/data/shapenet_blender/all_50_random/02958343/12a034b6be9afb50ae983613a2e0a741/r_1",
            "rotation": 0.12566370614359174,
            "transform_matrix": [
                [
                    0.6001726984977722,
                    0.12394562363624573,
                    0.7902088761329651,
                    3.185434103012085
                ],
                [
                    0.799870491027832,
                    -0.09300103783607483,
                    -0.5929232835769653,
                    -2.390150547027588
                ],
                [
                    0.0,
                    0.9879211187362671,
                    -0.1549571305513382,
                    -0.6246522068977356
                ],
                [
                    0.0,
                    0.0,
                    0.0,
                    1.0
                ]
            ]
        },
        {
            "file_path": "/data/shapenet_blender/all_50_random/02958343/12a034b6be9afb50ae983613a2e0a741/r_2",
            "rotation": 0.12566370614359174,
            "transform_matrix": [
                [
                    0.999113917350769,
                    0.03413764014840126,
                    0.024617018178105354,
                    0.09923437237739563
                ],
                [
                    0.04208771884441376,
                    -0.8103881478309631,
                    -0.5843796133995056,
                    -2.3557095527648926
                ],
                [
                    -1.862645371275562e-09,
                    0.5848978757858276,
                    -0.8111068606376648,
                    -3.269676446914673
                ],
                [
                    0.0,
                    0.0,
                    0.0,
                    1.0
                ]
            ]
        },
        {
            "file_path": "/data/shapenet_blender/all_50_random/02958343/12a034b6be9afb50ae983613a2e0a741/r_3",
            "rotation": 0.12566370614359174,
            "transform_matrix": [
                [
                    0.7945435643196106,
                    0.1095689982175827,
                    -0.59723961353302,
                    -2.4075498580932617
                ],
                [
                    -0.6072071194648743,
                    0.14337337017059326,
                    -0.7815008163452148,
                    -3.1503305435180664
                ],
                [
                    0.0,
                    0.9835845232009888,
                    0.18044748902320862,
                    0.7274070978164673
                ],
                [
                    0.0,
                    0.0,
                    0.0,
                    1.0
                ]
            ]
        },
        {
            "file_path": "/data/shapenet_blender/all_50_random/02958343/12a034b6be9afb50ae983613a2e0a741/r_4",
            "rotation": 0.12566370614359174,
            "transform_matrix": [
                [
                    -0.7826734185218811,
                    -0.2087659239768982,
                    -0.586377739906311,
                    -2.363764524459839
                ],
                [
                    -0.6224324107170105,
                    0.262511283159256,
                    0.7373367547988892,
                    2.972299814224243
                ],
                [
                    0.0,
                    0.9420745968818665,
                    -0.33540329337120056,
                    -1.3520539999008179
                ],
                [
                    0.0,
                    0.0,
                    0.0,
                    1.0
                ]
            ]
        },
        {
            "file_path": "/data/shapenet_blender/all_50_random/02958343/12a034b6be9afb50ae983613a2e0a741/r_5",
            "rotation": 0.12566370614359174,
            "transform_matrix": [
                [
                    0.8474003672599792,
                    -0.036276791244745255,
                    -0.52971351146698,
                    -2.1353437900543213
                ],
                [
                    -0.5309542417526245,
                    -0.05789758265018463,
                    -0.8454201817512512,
                    -3.4079980850219727
                ],
                [
                    -1.8626450382086546e-09,
                    0.9976631999015808,
                    -0.06832375377416611,
                    -0.2754218876361847
                ],
                [
                    0.0,
                    0.0,
                    0.0,
                    1.0
                ]
            ]
        },
        {
            "file_path": "/data/shapenet_blender/all_50_random/02958343/12a034b6be9afb50ae983613a2e0a741/r_6",
            "rotation": 0.12566370614359174,
            "transform_matrix": [
                [
                    0.9331088066101074,
                    0.29198139905929565,
                    0.20989243686199188,
                    0.8461034893989563
                ],
                [
                    0.3595941662788391,
                    -0.7576608061790466,
                    -0.5446486473083496,
                    -2.1955490112304688
                ],
                [
                    0.0,
                    0.5836925506591797,
                    -0.8119747638702393,
                    -3.273175001144409
                ],
                [
                    0.0,
                    0.0,
                    0.0,
                    1.0
                ]
            ]
        },
        {
            "file_path": "/data/shapenet_blender/all_50_random/02958343/12a034b6be9afb50ae983613a2e0a741/r_7",
            "rotation": 0.12566370614359174,
            "transform_matrix": [
                [
                    -0.6508467197418213,
                    -0.0011098323157057166,
                    0.7592083215713501,
                    3.060466766357422
                ],
                [
                    0.7592092752456665,
                    -0.0009514252305962145,
                    0.6508459448814392,
                    2.6236441135406494
                ],
                [
                    5.820766785236131e-11,
                    0.999998927116394,
                    0.0014618267305195332,
                    0.005892812740057707
                ],
                [
                    0.0,
                    0.0,
                    0.0,
                    1.0
                ]
            ]
        },
        {
            "file_path": "/data/shapenet_blender/all_50_random/02958343/12a034b6be9afb50ae983613a2e0a741/r_8",
            "rotation": 0.12566370614359174,
            "transform_matrix": [
                [
                    -0.3782518208026886,
                    -0.42942014336586,
                    0.8200754523277283,
                    3.305830240249634
                ],
                [
                    0.9257027506828308,
                    -0.17546555399894714,
                    0.33509138226509094,
                    1.3507966995239258
                ],
                [
                    0.0,
                    0.8858951926231384,
                    0.46388551592826843,
                    1.8699824810028076
                ],
                [
                    0.0,
                    0.0,
                    0.0,
                    1.0
                ]
            ]
        },
        {
            "file_path": "/data/shapenet_blender/all_50_random/02958343/12a034b6be9afb50ae983613a2e0a741/r_9",
            "rotation": 0.12566370614359174,
            "transform_matrix": [
                [
                    -0.0822492316365242,
                    -0.21878443658351898,
                    0.9723005890846252,
                    3.919469118118286
                ],
                [
                    0.9966118335723877,
                    -0.018056029453873634,
                    0.08024285733699799,
                    0.3234693109989166
                ],
                [
                    1.862645371275562e-09,
                    0.9756060242652893,
                    0.21952825784683228,
                    0.8849467039108276
                ],
                [
                    0.0,
                    0.0,
                    0.0,
                    1.0
                ]
            ]
        },
        {
            "file_path": "/data/shapenet_blender/all_50_random/02958343/12a034b6be9afb50ae983613a2e0a741/r_10",
            "rotation": 0.12566370614359174,
            "transform_matrix": [
                [
                    0.04335128515958786,
                    0.9354875087738037,
                    -0.3506902754306793,
                    -1.4136778116226196
                ],
                [
                    -0.9990598559379578,
                    0.040592748671770096,
                    -0.015217180363833904,
                    -0.06134241819381714
                ],
                [
                    9.313225191043273e-10,
                    0.35102027654647827,
                    0.9363677501678467,
                    3.7746193408966064
                ],
                [
                    0.0,
                    0.0,
                    0.0,
                    1.0
                ]
            ]
        },
        {
            "file_path": "/data/shapenet_blender/all_50_random/02958343/12a034b6be9afb50ae983613a2e0a741/r_11",
            "rotation": 0.12566370614359174,
            "transform_matrix": [
                [
                    -0.9795847535133362,
                    0.0007147995638661087,
                    0.20103007555007935,
                    0.8103781938552856
                ],
                [
                    0.20103135704994202,
                    0.0034830726217478514,
                    0.9795785546302795,
                    3.948807716369629
                ],
                [
                    -5.8207657444020455e-11,
                    0.999993622303009,
                    -0.0035556619986891747,
                    -0.014333332888782024
                ],
                [
                    0.0,
                    0.0,
                    0.0,
                    1.0
                ]
            ]
        },
        {
            "file_path": "/data/shapenet_blender/all_50_random/02958343/12a034b6be9afb50ae983613a2e0a741/r_12",
            "rotation": 0.12566370614359174,
            "transform_matrix": [
                [
                    -0.7650119066238403,
                    -0.06856383383274078,
                    0.6403560042381287,
                    2.581357717514038
                ],
                [
                    0.6440161466598511,
                    -0.08144538849592209,
                    0.7606640458106995,
                    3.0663349628448486
                ],
                [
                    0.0,
                    0.9943166971206665,
                    0.10646289587020874,
                    0.42916566133499146
                ],
                [
                    0.0,
                    0.0,
                    0.0,
                    1.0
                ]
            ]
        },
        {
            "file_path": "/data/shapenet_blender/all_50_random/02958343/12a034b6be9afb50ae983613a2e0a741/r_13",
            "rotation": 0.12566370614359174,
            "transform_matrix": [
                [
                    0.9425070285797119,
                    -0.2989496886730194,
                    0.14936420321464539,
                    0.6021064519882202
                ],
                [
                    0.33418649435043335,
                    0.8431286215782166,
                    -0.4212522804737091,
                    -1.6981223821640015
                ],
                [
                    0.0,
                    0.44694873690605164,
                    0.8945595026016235,
                    3.6060848236083984
                ],
                [
                    0.0,
                    0.0,
                    0.0,
                    1.0
                ]
            ]
        },
        {
            "file_path": "/data/shapenet_blender/all_50_random/02958343/12a034b6be9afb50ae983613a2e0a741/r_14",
            "rotation": 0.12566370614359174,
            "transform_matrix": [
                [
                    0.6026229858398438,
                    0.03909403085708618,
                    0.7970677614212036,
                    3.213083028793335
                ],
                [
                    0.798025906085968,
                    -0.029521554708480835,
                    -0.6018995046615601,
                    -2.4263346195220947
                ],
                [
                    0.0,
                    0.9987993240356445,
                    -0.048988424241542816,
                    -0.19747865200042725
                ],
                [
                    0.0,
                    0.0,
                    0.0,
                    1.0
                ]
            ]
        },
        {
            "file_path": "/data/shapenet_blender/all_50_random/02958343/12a034b6be9afb50ae983613a2e0a741/r_15",
            "rotation": 0.12566370614359174,
            "transform_matrix": [
                [
                    0.7439777255058289,
                    0.24266941845417023,
                    -0.6225823163986206,
                    -2.509709358215332
                ],
                [
                    -0.6682043671607971,
                    0.27018773555755615,
                    -0.6931821703910828,
                    -2.7943062782287598
                ],
                [
                    0.0,
                    0.9317241907119751,
                    0.3631664514541626,
                    1.46397066116333
                ],
                [
                    0.0,
                    0.0,
                    0.0,
                    1.0
                ]
            ]
        },
        {
            "file_path": "/data/shapenet_blender/all_50_random/02958343/12a034b6be9afb50ae983613a2e0a741/r_16",
            "rotation": 0.12566370614359174,
            "transform_matrix": [
                [
                    0.39905354380607605,
                    0.7785618305206299,
                    -0.48435285687446594,
                    -1.9524887800216675
                ],
                [
                    -0.9169275760650635,
                    0.338835746049881,
                    -0.2107938677072525,
                    -0.849737286567688
                ],
                [
                    0.0,
                    0.5282345414161682,
                    0.8490984439849854,
                    3.422825336456299
                ],
                [
                    0.0,
                    0.0,
                    0.0,
                    1.0
                ]
            ]
        },
        {
            "file_path": "/data/shapenet_blender/all_50_random/02958343/12a034b6be9afb50ae983613a2e0a741/r_17",
            "rotation": 0.12566370614359174,
            "transform_matrix": [
                [
                    -0.2959476411342621,
                    0.11739189922809601,
                    -0.9479631185531616,
                    -3.821361541748047
                ],
                [
                    -0.9552041888237,
                    -0.036371130496263504,
                    0.29370418190956116,
                    1.1839594841003418
                ],
                [
                    3.725290742551124e-09,
                    0.9924193620681763,
                    0.1228971779346466,
                    0.4954143762588501
                ],
                [
                    0.0,
                    0.0,
                    0.0,
                    1.0
                ]
            ]
        },
        {
            "file_path": "/data/shapenet_blender/all_50_random/02958343/12a034b6be9afb50ae983613a2e0a741/r_18",
            "rotation": 0.12566370614359174,
            "transform_matrix": [
                [
                    -0.18998412787914276,
                    -0.11529117077589035,
                    0.9749943017959595,
                    3.930327892303467
                ],
                [
                    0.9817870855331421,
                    -0.022309821099042892,
                    0.18866968154907227,
                    0.7605518698692322
                ],
                [
                    0.0,
                    0.9930811524391174,
                    0.11742989718914032,
                    0.4733750820159912
                ],
                [
                    0.0,
                    0.0,
                    0.0,
                    1.0
                ]
            ]
        },
        {
            "file_path": "/data/shapenet_blender/all_50_random/02958343/12a034b6be9afb50ae983613a2e0a741/r_19",
            "rotation": 0.12566370614359174,
            "transform_matrix": [
                [
                    0.9388419985771179,
                    -0.26352524757385254,
                    0.22165358066558838,
                    0.8935141563415527
                ],
                [
                    0.3443485200405121,
                    0.7184830904006958,
                    -0.6043228507041931,
                    -2.436103343963623
                ],
                [
                    -1.4901162970204496e-08,
                    0.6436895728111267,
                    0.7652866244316101,
                    3.0849690437316895
                ],
                [
                    0.0,
                    0.0,
                    0.0,
                    1.0
                ]
            ]
        },
        {
            "file_path": "/data/shapenet_blender/all_50_random/02958343/12a034b6be9afb50ae983613a2e0a741/r_20",
            "rotation": 0.12566370614359174,
            "transform_matrix": [
                [
                    -0.9791291356086731,
                    0.1533496230840683,
                    -0.13337986171245575,
                    -0.5376715064048767
                ],
                [
                    -0.2032395303249359,
                    -0.7387789487838745,
                    0.6425724029541016,
                    2.590292453765869
                ],
                [
                    0.0,
                    0.6562693119049072,
                    0.7545266151428223,
                    3.0415942668914795
                ],
                [
                    0.0,
                    0.0,
                    0.0,
                    1.0
                ]
            ]
        },
        {
            "file_path": "/data/shapenet_blender/all_50_random/02958343/12a034b6be9afb50ae983613a2e0a741/r_21",
            "rotation": 0.12566370614359174,
            "transform_matrix": [
                [
                    -0.9618695378303528,
                    -0.07671976834535599,
                    0.2625282108783722,
                    1.058285117149353
                ],
                [
                    0.2735086679458618,
                    -0.269806444644928,
                    0.9232537150382996,
                    3.721754789352417
                ],
                [
                    -7.450580596923828e-09,
                    0.9598533511161804,
                    0.28050217032432556,
                    1.1307404041290283
                ],
                [
                    0.0,
                    0.0,
                    0.0,
                    1.0
                ]
            ]
        },
        {
            "file_path": "/data/shapenet_blender/all_50_random/02958343/12a034b6be9afb50ae983613a2e0a741/r_22",
            "rotation": 0.12566370614359174,
            "transform_matrix": [
                [
                    -0.9082087874412537,
                    0.0003091625985689461,
                    -0.41851699352264404,
                    -1.6870959997177124
                ],
                [
                    -0.4185170829296112,
                    -0.0006709026056341827,
                    0.9082086086273193,
                    3.6611061096191406
                ],
                [
                    0.0,
                    0.9999997019767761,
                    0.0007387094665318727,
                    0.0029778331518173218
                ],
                [
                    0.0,
                    0.0,
                    0.0,
                    1.0
                ]
            ]
        },
        {
            "file_path": "/data/shapenet_blender/all_50_random/02958343/12a034b6be9afb50ae983613a2e0a741/r_23",
            "rotation": 0.12566370614359174,
            "transform_matrix": [
                [
                    0.9392892122268677,
                    0.022384297102689743,
                    -0.34239569306373596,
                    -1.3802412748336792
                ],
                [
                    -0.34312665462493896,
                    0.06127570942044258,
                    -0.937288224697113,
                    -3.778329849243164
                ],
                [
                    1.862645371275562e-09,
                    0.9978697896003723,
                    0.06523624807596207,
                    0.2629757523536682
                ],
                [
                    0.0,
                    0.0,
                    0.0,
                    1.0
                ]
            ]
        },
        {
            "file_path": "/data/shapenet_blender/all_50_random/02958343/12a034b6be9afb50ae983613a2e0a741/r_24",
            "rotation": 0.12566370614359174,
            "transform_matrix": [
                [
                    0.16156020760536194,
                    -0.15730376541614532,
                    -0.9742452502250671,
                    -3.9273083209991455
                ],
                [
                    -0.9868629574775696,
                    -0.025752341374754906,
                    -0.1594945639371872,
                    -0.6429431438446045
                ],
                [
                    0.0,
                    0.9872143864631653,
                    -0.15939779579639435,
                    -0.6425530910491943
                ],
                [
                    0.0,
                    0.0,
                    0.0,
                    1.0
                ]
            ]
        },
        {
            "file_path": "/data/shapenet_blender/all_50_random/02958343/12a034b6be9afb50ae983613a2e0a741/r_25",
            "rotation": 0.12566370614359174,
            "transform_matrix": [
                [
                    0.746333658695221,
                    0.04863870516419411,
                    -0.6637924313545227,
                    -2.675832986831665
                ],
                [
                    -0.6655720472335815,
                    0.05454060435295105,
                    -0.7443380951881409,
                    -3.0005228519439697
                ],
                [
                    0.0,
                    0.9973261952400208,
                    0.07307804375886917,
                    0.29458701610565186
                ],
                [
                    0.0,
                    0.0,
                    0.0,
                    1.0
                ]
            ]
        },
        {
            "file_path": "/data/shapenet_blender/all_50_random/02958343/12a034b6be9afb50ae983613a2e0a741/r_26",
            "rotation": 0.12566370614359174,
            "transform_matrix": [
                [
                    0.8835460543632507,
                    -0.11363089084625244,
                    -0.45435047149658203,
                    -1.8315454721450806
                ],
                [
                    -0.4683442711830139,
                    -0.21436819434165955,
                    -0.8571462631225586,
                    -3.4552674293518066
                ],
                [
                    0.0,
                    0.9701206684112549,
                    -0.24262255430221558,
                    -0.9780428409576416
                ],
                [
                    0.0,
                    0.0,
                    0.0,
                    1.0
                ]
            ]
        },
        {
            "file_path": "/data/shapenet_blender/all_50_random/02958343/12a034b6be9afb50ae983613a2e0a741/r_27",
            "rotation": 0.12566370614359174,
            "transform_matrix": [
                [
                    -0.9198322296142578,
                    0.08968507498502731,
                    -0.38192299008369446,
                    -1.5395808219909668
                ],
                [
                    -0.39231181144714355,
                    -0.21027973294258118,
                    0.8954740762710571,
                    3.609771490097046
                ],
                [
                    -7.4505797087454084e-09,
                    0.9735189080238342,
                    0.22860659658908844,
                    0.9215426445007324
                ],
                [
                    0.0,
                    0.0,
                    0.0,
                    1.0
                ]
            ]
        },
        {
            "file_path": "/data/shapenet_blender/all_50_random/02958343/12a034b6be9afb50ae983613a2e0a741/r_28",
            "rotation": 0.12566370614359174,
            "transform_matrix": [
                [
                    -0.9994457960128784,
                    -0.0059893629513680935,
                    0.03274635225534439,
                    0.1320047676563263
                ],
                [
                    0.033289577811956406,
                    -0.1798173487186432,
                    0.9831365942955017,
                    3.9631502628326416
                ],
                [
                    4.656612873077393e-10,
                    0.9836817979812622,
                    0.17991705238819122,
                    0.7252688407897949
                ],
                [
                    0.0,
                    0.0,
                    0.0,
                    1.0
                ]
            ]
        },
        {
            "file_path": "/data/shapenet_blender/all_50_random/02958343/12a034b6be9afb50ae983613a2e0a741/r_29",
            "rotation": 0.12566370614359174,
            "transform_matrix": [
                [
                    -0.24652515351772308,
                    0.11323916167020798,
                    0.962497889995575,
                    3.879953145980835
                ],
                [
                    0.9691363573074341,
                    0.028805339708924294,
                    0.2448364794254303,
                    0.9869674444198608
                ],
                [
                    0.0,
                    0.993149995803833,
                    -0.11684545129537582,
                    -0.47101908922195435
                ],
                [
                    0.0,
                    0.0,
                    0.0,
                    1.0
                ]
            ]
        },
        {
            "file_path": "/data/shapenet_blender/all_50_random/02958343/12a034b6be9afb50ae983613a2e0a741/r_30",
            "rotation": 0.12566370614359174,
            "transform_matrix": [
                [
                    -0.990790069103241,
                    0.0004417169257067144,
                    -0.13540616631507874,
                    -0.545839786529541
                ],
                [
                    -0.13540691137313843,
                    -0.003232100512832403,
                    0.9907847046852112,
                    3.993981122970581
                ],
                [
                    2.9103830456733704e-11,
                    0.9999946355819702,
                    0.003262144513428211,
                    0.013150125741958618
                ],
                [
                    0.0,
                    0.0,
                    0.0,
                    1.0
                ]
            ]
        },
        {
            "file_path": "/data/shapenet_blender/all_50_random/02958343/12a034b6be9afb50ae983613a2e0a741/r_31",
            "rotation": 0.12566370614359174,
            "transform_matrix": [
                [
                    -0.5607669353485107,
                    0.3026368021965027,
                    0.7706823945045471,
                    3.106719970703125
                ],
                [
                    0.8279736638069153,
                    0.20496873557567596,
                    0.5219649076461792,
                    2.1041078567504883
                ],
                [
                    0.0,
                    0.9308054447174072,
                    -0.3655150532722473,
                    -1.4734382629394531
                ],
                [
                    0.0,
                    0.0,
                    0.0,
                    1.0
                ]
            ]
        },
        {
            "file_path": "/data/shapenet_blender/all_50_random/02958343/12a034b6be9afb50ae983613a2e0a741/r_32",
            "rotation": 0.12566370614359174,
            "transform_matrix": [
                [
                    0.2595842182636261,
                    0.5720075368881226,
                    0.7780894637107849,
                    3.1365792751312256
                ],
                [
                    0.965720534324646,
                    -0.15375475585460663,
                    -0.20914925634860992,
                    -0.8431077003479004
                ],
                [
                    7.450581485102248e-09,
                    0.8057089447975159,
                    -0.592311680316925,
                    -2.3876850605010986
                ],
                [
                    0.0,
                    0.0,
                    0.0,
                    1.0
                ]
            ]
        },
        {
            "file_path": "/data/shapenet_blender/all_50_random/02958343/12a034b6be9afb50ae983613a2e0a741/r_33",
            "rotation": 0.12566370614359174,
            "transform_matrix": [
                [
                    0.21097330749034882,
                    0.07719635963439941,
                    -0.9744387865066528,
                    -3.928088426589966
                ],
                [
                    -0.9774917960166931,
                    0.01666138879954815,
                    -0.21031436324119568,
                    -0.8478043079376221
                ],
                [
                    1.862645149230957e-09,
                    0.9968766570091248,
                    0.0789739117026329,
                    0.3183540105819702
                ],
                [
                    0.0,
                    0.0,
                    0.0,
                    1.0
                ]
            ]
        },
        {
            "file_path": "/data/shapenet_blender/all_50_random/02958343/12a034b6be9afb50ae983613a2e0a741/r_34",
            "rotation": 0.12566370614359174,
            "transform_matrix": [
                [
                    -0.6068374514579773,
                    0.1523374766111374,
                    -0.7800908088684082,
                    -3.144646167755127
                ],
                [
                    -0.7948258519172668,
                    -0.1163073405623436,
                    0.595587432384491,
                    2.4008893966674805
                ],
                [
                    0.0,
                    0.9814610481262207,
                    0.19166146218776703,
                    0.7726119756698608
                ],
                [
                    0.0,
                    0.0,
                    0.0,
                    1.0
                ]
            ]
        },
        {
            "file_path": "/data/shapenet_blender/all_50_random/02958343/12a034b6be9afb50ae983613a2e0a741/r_35",
            "rotation": 0.12566370614359174,
            "transform_matrix": [
                [
                    0.9803391098976135,
                    0.19099736213684082,
                    -0.04955018311738968,
                    -0.19974318146705627
                ],
                [
                    -0.19732004404067993,
                    0.9489262700080872,
                    -0.24617862701416016,
                    -0.992377758026123
                ],
                [
                    3.7252898543727042e-09,
                    0.2511158585548401,
                    0.9679570198059082,
                    3.9019596576690674
                ],
                [
                    0.0,
                    0.0,
                    0.0,
                    1.0
                ]
            ]
        },
        {
            "file_path": "/data/shapenet_blender/all_50_random/02958343/12a034b6be9afb50ae983613a2e0a741/r_36",
            "rotation": 0.12566370614359174,
            "transform_matrix": [
                [
                    0.4451535940170288,
                    -0.023419909179210663,
                    -0.8951479196548462,
                    -3.608456611633301
                ],
                [
                    -0.8954542279243469,
                    -0.01164264790713787,
                    -0.44500136375427246,
                    -1.7938579320907593
                ],
                [
                    0.0,
                    0.9996578693389893,
                    -0.026154223829507828,
                    -0.10543105006217957
                ],
                [
                    0.0,
                    0.0,
                    0.0,
                    1.0
                ]
            ]
        },
        {
            "file_path": "/data/shapenet_blender/all_50_random/02958343/12a034b6be9afb50ae983613a2e0a741/r_37",
            "rotation": 0.12566370614359174,
            "transform_matrix": [
                [
                    0.6750234365463257,
                    -0.4273204207420349,
                    -0.6014487147331238,
                    -2.4245171546936035
                ],
                [
                    -0.7377962470054626,
                    -0.3909633457660675,
                    -0.5502765774726868,
                    -2.218235731124878
                ],
                [
                    2.9802320611338473e-08,
                    0.8151962161064148,
                    -0.5791848301887512,
                    -2.334768772125244
                ],
                [
                    0.0,
                    0.0,
                    0.0,
                    1.0
                ]
            ]
        },
        {
            "file_path": "/data/shapenet_blender/all_50_random/02958343/12a034b6be9afb50ae983613a2e0a741/r_38",
            "rotation": 0.12566370614359174,
            "transform_matrix": [
                [
                    -0.7932491302490234,
                    -0.07590950280427933,
                    -0.6041468977928162,
                    -2.435394287109375
                ],
                [
                    -0.6088972091674805,
                    0.09889215230941772,
                    0.7870606780052185,
                    3.172743320465088
                ],
                [
                    3.7252898543727042e-09,
                    0.9921987056732178,
                    -0.12466718256473541,
                    -0.5025495290756226
                ],
                [
                    0.0,
                    0.0,
                    0.0,
                    1.0
                ]
            ]
        },
        {
            "file_path": "/data/shapenet_blender/all_50_random/02958343/12a034b6be9afb50ae983613a2e0a741/r_39",
            "rotation": 0.12566370614359174,
            "transform_matrix": [
                [
                    0.8431143164634705,
                    -0.2301473766565323,
                    -0.4859941899776459,
                    -1.959105372428894
                ],
                [
                    -0.5377342700958252,
                    -0.3608483672142029,
                    -0.7619909048080444,
                    -3.071683883666992
                ],
                [
                    0.0,
                    0.9037812948226929,
                    -0.4279945492744446,
                    -1.7253013849258423
                ],
                [
                    0.0,
                    0.0,
                    0.0,
                    1.0
                ]
            ]
        },
        {
            "file_path": "/data/shapenet_blender/all_50_random/02958343/12a034b6be9afb50ae983613a2e0a741/r_40",
            "rotation": 0.12566370614359174,
            "transform_matrix": [
                [
                    -0.9425053596496582,
                    0.03693557530641556,
                    0.33214372396469116,
                    1.3389140367507935
                ],
                [
                    0.33419108390808105,
                    0.1041678860783577,
                    0.9367312788963318,
                    3.7760841846466064
                ],
                [
                    0.0,
                    0.993873655796051,
                    -0.11052233725786209,
                    -0.4455297291278839
                ],
                [
                    0.0,
                    0.0,
                    0.0,
                    1.0
                ]
            ]
        },
        {
            "file_path": "/data/shapenet_blender/all_50_random/02958343/12a034b6be9afb50ae983613a2e0a741/r_41",
            "rotation": 0.12566370614359174,
            "transform_matrix": [
                [
                    -0.7021852731704712,
                    0.04604737460613251,
                    0.7105035185813904,
                    2.864131450653076
                ],
                [
                    0.7119941115379333,
                    0.045413002371788025,
                    0.7007153034210205,
                    2.824673891067505
                ],
                [
