{
    "class": "02958343",
    "model": "91b636d0c4729cda1d9cc9d194c8533",
    "remove_doubles": true,
    "edge_split": true,
    "denoise": true,
    "camera_angle_x": 0.6911112070083618,
    "scale_factor": 2.350013282299608,
    "hdri_file": "/data/IndoorHDRDataset2018/9C4A5337-cff404385b.exr",
    "center_offset": [
        0.0,
        0.0,
        -6.984919309616089e-10
    ],
    "lights": [],
    "frames": [
        {
            "file_path": "/data/shapenet_blender/all_50_random/02958343/91b636d0c4729cda1d9cc9d194c8533/r_0",
            "rotation": 0.12566370614359174,
            "transform_matrix": [
                [
                    -0.9201961159706116,
                    -0.10423019528388977,
                    0.37732627987861633,
                    1.5210509300231934
                ],
                [
                    0.3914576470851898,
                    -0.2450130432844162,
                    0.8869776725769043,
                    3.575521469116211
                ],
                [
                    0.0,
                    0.9639006853103638,
                    0.2662617564201355,
                    1.0733355283737183
                ],
                [
                    0.0,
                    0.0,
                    0.0,
                    1.0
                ]
            ]
        },
        {
            "file_path": "/data/shapenet_blender/all_50_random/02958343/91b636d0c4729cda1d9cc9d194c8533/r_1",
            "rotation": 0.12566370614359174,
            "transform_matrix": [
                [
                    -0.6622555255889893,
                    -0.1793481409549713,
                    -0.7274969220161438,
                    -2.932634115219116
                ],
                [
                    -0.7492780685424805,
                    0.15851832926273346,
                    0.6430041193962097,
                    2.5920326709747314
                ],
                [
                    0.0,
                    0.9709305763244629,
                    -0.2393612563610077,
                    -0.9648961424827576
                ],
                [
                    0.0,
                    0.0,
                    0.0,
                    1.0
                ]
            ]
        },
        {
            "file_path": "/data/shapenet_blender/all_50_random/02958343/91b636d0c4729cda1d9cc9d194c8533/r_2",
            "rotation": 0.12566370614359174,
            "transform_matrix": [
                [
                    -0.6634953022003174,
                    0.6149615049362183,
                    -0.42614108324050903,
                    -1.717829704284668
                ],
                [
                    -0.7481803894042969,
                    -0.5453552007675171,
                    0.37790700793266296,
                    1.523391842842102
                ],
                [
                    0.0,
                    0.5695698261260986,
                    0.8219428658485413,
                    3.3133575916290283
                ],
                [
                    0.0,
                    0.0,
                    0.0,
                    1.0
                ]
            ]
        },
        {
            "file_path": "/data/shapenet_blender/all_50_random/02958343/91b636d0c4729cda1d9cc9d194c8533/r_3",
            "rotation": 0.12566370614359174,
            "transform_matrix": [
                [
                    0.8792961835861206,
                    0.1796744465827942,
                    -0.44108426570892334,
                    -1.778067708015442
                ],
                [
                    -0.47627541422843933,
                    0.3317136764526367,
                    -0.8143265247344971,
                    -3.2826554775238037
                ],
                [
                    1.4901161193847656e-08,
                    0.9261118769645691,
                    0.3772490322589874,
                    1.5207395553588867
                ],
                [
                    0.0,
                    0.0,
                    0.0,
                    1.0
                ]
            ]
        },
        {
            "file_path": "/data/shapenet_blender/all_50_random/02958343/91b636d0c4729cda1d9cc9d194c8533/r_4",
            "rotation": 0.12566370614359174,
            "transform_matrix": [
                [
                    0.7254105806350708,
                    0.6092084646224976,
                    -0.3203815817832947,
                    -1.2914994955062866
                ],
                [
                    -0.6883162260055542,
                    0.6420395970344543,
                    -0.337647408246994,
                    -1.361100196838379
                ],
                [
                    0.0,
                    0.46545687317848206,
                    0.8850705027580261,
                    3.567833423614502
                ],
                [
                    0.0,
                    0.0,
                    0.0,
                    1.0
                ]
            ]
        },
        {
            "file_path": "/data/shapenet_blender/all_50_random/02958343/91b636d0c4729cda1d9cc9d194c8533/r_5",
            "rotation": 0.12566370614359174,
            "transform_matrix": [
                [
                    0.9917619824409485,
                    0.026092641055583954,
                    -0.12540800869464874,
                    -0.5055358409881592
                ],
                [
                    -0.1280936896800995,
                    0.20202158391475677,
                    -0.9709681868553162,
                    -3.914098024368286
                ],
                [
                    0.0,
                    0.9790334105491638,
                    0.20369964838027954,
                    0.8211395740509033
                ],
                [
                    0.0,
                    0.0,
                    0.0,
                    1.0
                ]
            ]
        },
        {
            "file_path": "/data/shapenet_blender/all_50_random/02958343/91b636d0c4729cda1d9cc9d194c8533/r_6",
            "rotation": 0.12566370614359174,
            "transform_matrix": [
                [
                    0.9664511680603027,
                    -0.22237342596054077,
                    0.12853890657424927,
                    0.518156886100769
                ],
                [
                    0.2568505108356476,
                    0.8367242217063904,
                    -0.48365318775177,
                    -1.9496684074401855
                ],
                [
                    0.0,
                    0.5004423260688782,
                    0.8657697439193726,
                    3.4900295734405518
                ],
                [
                    0.0,
                    0.0,
                    0.0,
                    1.0
                ]
            ]
        },
        {
            "file_path": "/data/shapenet_blender/all_50_random/02958343/91b636d0c4729cda1d9cc9d194c8533/r_7",
            "rotation": 0.12566370614359174,
            "transform_matrix": [
                [
                    -0.5953893661499023,
                    0.10408394038677216,
                    -0.7966668605804443,
                    -3.2114667892456055
                ],
                [
                    -0.8034372925758362,
                    -0.07713168114423752,
                    0.5903720855712891,
                    2.379865884780884
                ],
                [
                    0.0,
                    0.9915731549263,
                    0.12954829633235931,
                    0.5222258567810059
                ],
                [
                    0.0,
                    0.0,
                    0.0,
                    1.0
                ]
            ]
        },
        {
            "file_path": "/data/shapenet_blender/all_50_random/02958343/91b636d0c4729cda1d9cc9d194c8533/r_8",
            "rotation": 0.12566370614359174,
            "transform_matrix": [
                [
                    -0.5009398460388184,
                    0.2072335034608841,
                    0.840305507183075,
                    3.387380361557007
                ],
                [
                    0.8654822111129761,
                    0.1199464499950409,
                    0.4863676130771637,
                    1.9606107473373413
                ],
                [
                    0.0,
                    0.9709104299545288,
                    -0.23944281041622162,
                    -0.9652249813079834
                ],
                [
                    0.0,
                    0.0,
                    0.0,
                    1.0
                ]
            ]
        },
        {
            "file_path": "/data/shapenet_blender/all_50_random/02958343/91b636d0c4729cda1d9cc9d194c8533/r_9",
            "rotation": 0.12566370614359174,
            "transform_matrix": [
                [
                    0.9998865127563477,
                    0.008182821795344353,
                    0.01265136431902647,
                    0.05099928379058838
                ],
                [
                    0.015067038126289845,
                    -0.5430326461791992,
                    -0.8395763635635376,
                    -3.3844408988952637
                ],
                [
                    0.0,
                    0.839671790599823,
                    -0.5430941581726074,
                    -2.1892828941345215
                ],
                [
                    0.0,
                    0.0,
                    0.0,
                    1.0
                ]
            ]
        },
        {
            "file_path": "/data/shapenet_blender/all_50_random/02958343/91b636d0c4729cda1d9cc9d194c8533/r_10",
            "rotation": 0.12566370614359174,
            "transform_matrix": [
                [
                    0.1343897581100464,
                    -0.45003268122673035,
                    0.882841944694519,
                    3.558849811553955
                ],
                [
                    0.9909285306930542,
                    0.06103344261646271,
                    -0.11973104625940323,
                    -0.4826512932777405
                ],
                [
                    0.0,
                    0.8909239172935486,
                    0.45415249466896057,
                    1.8307472467422485
                ],
                [
                    0.0,
                    0.0,
                    0.0,
                    1.0
                ]
            ]
        },
        {
            "file_path": "/data/shapenet_blender/all_50_random/02958343/91b636d0c4729cda1d9cc9d194c8533/r_11",
            "rotation": 0.12566370614359174,
            "transform_matrix": [
                [
                    -0.48193681240081787,
                    -0.40111666917800903,
                    -0.7790008187294006,
                    -3.1402528285980225
                ],
                [
                    -0.8762059807777405,
                    0.22062495350837708,
                    0.4284713864326477,
                    1.7272233963012695
                ],
                [
                    0.0,
                    0.8890613913536072,
                    -0.4577881097793579,
                    -1.8454029560089111
                ],
                [
                    0.0,
                    0.0,
                    0.0,
                    1.0
                ]
            ]
        },
        {
            "file_path": "/data/shapenet_blender/all_50_random/02958343/91b636d0c4729cda1d9cc9d194c8533/r_12",
            "rotation": 0.12566370614359174,
            "transform_matrix": [
                [
                    0.5276010632514954,
                    -0.30078449845314026,
                    -0.7944594621658325,
                    -3.202568531036377
                ],
                [
                    -0.8494923114776611,
                    -0.1868106573820114,
                    -0.49342137575149536,
                    -1.9890451431274414
                ],
                [
                    0.0,
                    0.9352167844772339,
                    -0.3540756106376648,
                    -1.4273244142532349
                ],
                [
                    0.0,
                    0.0,
                    0.0,
                    1.0
                ]
            ]
        },
        {
            "file_path": "/data/shapenet_blender/all_50_random/02958343/91b636d0c4729cda1d9cc9d194c8533/r_13",
            "rotation": 0.12566370614359174,
            "transform_matrix": [
                [
                    -0.8567841649055481,
                    -0.1490328460931778,
                    0.49367016553878784,
                    1.9900480508804321
                ],
                [
                    0.5156753063201904,
                    -0.2476150393486023,
                    0.8202229738235474,
                    3.306424617767334
                ],
                [
                    -7.450580596923828e-09,
                    0.9573274850845337,
                    0.28900519013404846,
                    1.1650171279907227
                ],
                [
                    0.0,
                    0.0,
                    0.0,
                    1.0
                ]
            ]
        },
        {
            "file_path": "/data/shapenet_blender/all_50_random/02958343/91b636d0c4729cda1d9cc9d194c8533/r_14",
            "rotation": 0.12566370614359174,
            "transform_matrix": [
                [
                    0.6900558471679688,
                    0.016819730401039124,
                    0.7235605716705322,
                    2.9167661666870117
                ],
                [
                    0.7237560749053955,
                    -0.01603655330836773,
                    -0.6898694634437561,
                    -2.7809529304504395
                ],
                [
                    -9.313225191043273e-10,
                    0.9997299313545227,
                    -0.0232394989579916,
                    -0.09368142485618591
                ],
                [
                    0.0,
                    0.0,
                    0.0,
                    1.0
                ]
            ]
        },
        {
            "file_path": "/data/shapenet_blender/all_50_random/02958343/91b636d0c4729cda1d9cc9d194c8533/r_15",
            "rotation": 0.12566370614359174,
            "transform_matrix": [
                [
                    0.38263213634490967,
                    -0.25684282183647156,
                    -0.8874819874763489,
                    -3.57755446434021
                ],
                [
                    -0.923900842666626,
                    -0.10637107491493225,
                    -0.3675493597984314,
                    -1.48163902759552
                ],
                [
                    7.450580596923828e-09,
                    0.9605815410614014,
                    -0.2779982388019562,
                    -1.1206468343734741
                ],
                [
                    0.0,
                    0.0,
                    0.0,
                    1.0
                ]
            ]
        },
        {
            "file_path": "/data/shapenet_blender/all_50_random/02958343/91b636d0c4729cda1d9cc9d194c8533/r_16",
            "rotation": 0.12566370614359174,
            "transform_matrix": [
                [
                    -0.8380927443504333,
                    -0.4618988335132599,
                    -0.29025816917419434,
                    -1.1700682640075684
                ],
                [
                    -0.5455275177955627,
                    0.7096141576766968,
                    0.44592300057411194,
                    1.797573208808899
                ],
                [
                    0.0,
                    0.53206866979599,
                    -0.8467010259628296,
                    -3.413161277770996
                ],
                [
                    0.0,
                    0.0,
                    0.0,
                    1.0
                ]
            ]
        },
        {
            "file_path": "/data/shapenet_blender/all_50_random/02958343/91b636d0c4729cda1d9cc9d194c8533/r_17",
            "rotation": 0.12566370614359174,
            "transform_matrix": [
                [
                    0.9980899095535278,
                    0.03241525962948799,
                    -0.052591029554605484,
                    -0.21200121939182281
                ],
                [
                    -0.06177835911512375,
                    0.5237002372741699,
                    -0.8496596217155457,
                    -3.4250874519348145
                ],
                [
                    -1.8626450382086546e-09,
                    0.8512857556343079,
                    0.5247024893760681,
                    2.115143299102783
                ],
                [
                    0.0,
                    0.0,
                    0.0,
                    1.0
                ]
            ]
        },
        {
            "file_path": "/data/shapenet_blender/all_50_random/02958343/91b636d0c4729cda1d9cc9d194c8533/r_18",
            "rotation": 0.12566370614359174,
            "transform_matrix": [
                [
                    -0.8737647533416748,
                    -0.08527296036481857,
                    0.47881487011909485,
                    1.9301645755767822
                ],
                [
                    0.48634886741638184,
                    -0.1531997174024582,
                    0.8602293729782104,
                    3.467695713043213
                ],
                [
                    -7.450580596923828e-09,
                    0.9845091700553894,
                    0.1753329038619995,
                    0.7067896127700806
                ],
                [
                    0.0,
                    0.0,
                    0.0,
                    1.0
                ]
            ]
        },
        {
            "file_path": "/data/shapenet_blender/all_50_random/02958343/91b636d0c4729cda1d9cc9d194c8533/r_19",
            "rotation": 0.12566370614359174,
            "transform_matrix": [
                [
                    0.9603108763694763,
                    -0.018945062533020973,
                    -0.2782878577709198,
                    -1.1218141317367554
                ],
                [
                    -0.27893194556236267,
                    -0.06522433459758759,
                    -0.9580933451652527,
                    -3.8621973991394043
                ],
                [
                    -1.8626449271863521e-09,
                    0.997690737247467,
                    -0.0679200291633606,
                    -0.27379435300827026
                ],
                [
                    0.0,
                    0.0,
                    0.0,
                    1.0
                ]
            ]
        },
        {
            "file_path": "/data/shapenet_blender/all_50_random/02958343/91b636d0c4729cda1d9cc9d194c8533/r_20",
            "rotation": 0.12566370614359174,
            "transform_matrix": [
                [
                    0.9420817494392395,
                    -0.33211958408355713,
                    -0.046677086502313614,
                    -0.18816135823726654
                ],
                [
                    -0.3353836238384247,
                    -0.9329131245613098,
                    -0.1311144232749939,
                    -0.5285391211509705
                ],
                [
                    0.0,
                    0.13917507231235504,
                    -0.9902677536010742,
                    -3.9918971061706543
                ],
                [
                    0.0,
                    0.0,
                    0.0,
                    1.0
                ]
            ]
        },
        {
            "file_path": "/data/shapenet_blender/all_50_random/02958343/91b636d0c4729cda1d9cc9d194c8533/r_21",
            "rotation": 0.12566370614359174,
            "transform_matrix": [
                [
                    -0.9791195392608643,
                    0.016536563634872437,
                    0.20261146128177643,
                    0.8167529106140137
                ],
                [
                    0.20328517258167267,
                    0.07964807748794556,
                    0.975874662399292,
                    3.9338762760162354
                ],
                [
                    0.0,
                    0.996685802936554,
                    -0.08134663850069046,
                    -0.32791876792907715
                ],
                [
                    0.0,
                    0.0,
                    0.0,
                    1.0
                ]
            ]
        },
        {
            "file_path": "/data/shapenet_blender/all_50_random/02958343/91b636d0c4729cda1d9cc9d194c8533/r_22",
            "rotation": 0.12566370614359174,
            "transform_matrix": [
                [
                    -0.9884205460548401,
                    0.021780168637633324,
                    -0.15016815066337585,
                    -0.6053471565246582
                ],
                [
                    -0.15173940360546112,
                    -0.14187456667423248,
                    0.9781854152679443,
                    3.9431915283203125
                ],
                [
                    1.862645149230957e-09,
                    0.9896450042724609,
                    0.14353664219379425,
                    0.5786147117614746
                ],
                [
                    0.0,
                    0.0,
                    0.0,
                    1.0
                ]
            ]
        },
        {
            "file_path": "/data/shapenet_blender/all_50_random/02958343/91b636d0c4729cda1d9cc9d194c8533/r_23",
            "rotation": 0.12566370614359174,
            "transform_matrix": [
                [
                    -0.532545268535614,
                    -0.09726374596357346,
                    -0.8407944440841675,
                    -3.3893508911132812
                ],
                [
                    -0.8464015126228333,
                    0.06119713559746742,
                    0.5290173292160034,
                    2.1325371265411377
                ],
                [
                    3.725290298461914e-09,
                    0.9933753609657288,
                    -0.1149144321680069,
                    -0.46323490142822266
                ],
                [
                    0.0,
                    0.0,
                    0.0,
                    1.0
                ]
            ]
        },
        {
            "file_path": "/data/shapenet_blender/all_50_random/02958343/91b636d0c4729cda1d9cc9d194c8533/r_24",
            "rotation": 0.12566370614359174,
            "transform_matrix": [
                [
                    -0.9984239935874939,
                    0.0010767519706860185,
                    -0.05610936880111694,
                    -0.22618407011032104
                ],
                [
                    -0.05611969530582428,
                    -0.01915646716952324,
                    0.9982403516769409,
                    4.0240349769592285
                ],
                [
                    0.0,
                    0.9998157620429993,
                    0.019186709076166153,
                    0.07734408974647522
                ],
                [
                    0.0,
                    0.0,
                    0.0,
                    1.0
                ]
            ]
        },
        {
            "file_path": "/data/shapenet_blender/all_50_random/02958343/91b636d0c4729cda1d9cc9d194c8533/r_25",
            "rotation": 0.12566370614359174,
            "transform_matrix": [
                [
                    0.5178145170211792,
                    0.25355079770088196,
                    0.8170557618141174,
                    3.293657064437866
                ],
                [
                    0.855492889881134,
                    -0.1534697413444519,
                    -0.4945491850376129,
                    -1.993591547012329
                ],
                [
                    -1.4901161193847656e-08,
                    0.9550701379776001,
                    -0.29637977480888367,
                    -1.1947450637817383
                ],
                [
                    0.0,
                    0.0,
                    0.0,
                    1.0
                ]
            ]
        },
        {
            "file_path": "/data/shapenet_blender/all_50_random/02958343/91b636d0c4729cda1d9cc9d194c8533/r_26",
            "rotation": 0.12566370614359174,
            "transform_matrix": [
                [
                    -0.6622216701507568,
                    0.06604444980621338,
                    0.746391773223877,
                    3.0088014602661133
                ],
                [
                    0.7493080496788025,
                    0.05836860090494156,
                    0.6596442461013794,
                    2.6591110229492188
                ],
                [
                    0.0,
                    0.9961081147193909,
                    -0.0881405770778656,
                    -0.3553060293197632
                ],
                [
                    0.0,
                    0.0,
                    0.0,
                    1.0
                ]
            ]
        },
        {
            "file_path": "/data/shapenet_blender/all_50_random/02958343/91b636d0c4729cda1d9cc9d194c8533/r_27",
            "rotation": 0.12566370614359174,
            "transform_matrix": [
                [
                    -0.7787046432495117,
                    -0.06719080358743668,
                    -0.6237823367118835,
                    -2.5145468711853027
                ],
                [
                    -0.6273906230926514,
                    0.08339588344097137,
                    0.7742261290550232,
                    3.1210052967071533
                ],
                [
                    3.725290076417309e-09,
                    0.9942485690116882,
                    -0.10709566622972488,
                    -0.4317164123058319
                ],
                [
                    0.0,
                    0.0,
                    0.0,
                    1.0
                ]
            ]
        },
        {
            "file_path": "/data/shapenet_blender/all_50_random/02958343/91b636d0c4729cda1d9cc9d194c8533/r_28",
            "rotation": 0.12566370614359174,
            "transform_matrix": [
                [
                    -0.4041670858860016,
                    0.29542234539985657,
                    0.8656642436981201,
                    3.4896042346954346
                ],
                [
                    0.9146852493286133,
                    0.13053669035434723,
                    0.382506400346756,
                    1.5419325828552246
                ],
                [
                    -7.450581485102248e-09,
                    0.9464067816734314,
                    -0.32297706604003906,
                    -1.3019622564315796
                ],
                [
                    0.0,
                    0.0,
                    0.0,
                    1.0
                ]
            ]
        },
        {
            "file_path": "/data/shapenet_blender/all_50_random/02958343/91b636d0c4729cda1d9cc9d194c8533/r_29",
            "rotation": 0.12566370614359174,
            "transform_matrix": [
                [
                    -0.9222680926322937,
                    0.010223154909908772,
                    0.38641557097435,
                    1.557690978050232
                ],
                [
                    0.38655075430870056,
                    0.024391336366534233,
                    0.9219455122947693,
                    3.7164812088012695
                ],
                [
                    0.0,
                    0.999650239944458,
                    -0.0264471173286438,
                    -0.10661174356937408
                ],
                [
                    0.0,
                    0.0,
                    0.0,
                    1.0
                ]
            ]
        },
        {
            "file_path": "/data/shapenet_blender/all_50_random/02958343/91b636d0c4729cda1d9cc9d194c8533/r_30",
            "rotation": 0.12566370614359174,
            "transform_matrix": [
                [
                    0.17809706926345825,
                    0.6996530294418335,
                    -0.6919299960136414,
                    -2.7892589569091797
                ],
                [
                    -0.9840129017829895,
                    0.12663061916828156,
                    -0.12523281574249268,
                    -0.5048296451568604
                ],
                [
                    0.0,
                    0.7031716108322144,
                    0.7110201716423035,
                    2.8662140369415283
                ],
                [
                    0.0,
                    0.0,
                    0.0,
                    1.0
                ]
            ]
        },
        {
            "file_path": "/data/shapenet_blender/all_50_random/02958343/91b636d0c4729cda1d9cc9d194c8533/r_31",
            "rotation": 0.12566370614359174,
            "transform_matrix": [
                [
                    -0.2631644010543823,
                    0.28867775201797485,
                    0.9205486178398132,
                    3.7108497619628906
                ],
                [
                    0.9647510051727295,
                    0.07874540239572525,
                    0.2511068880558014,
                    1.0122441053390503
                ],
                [
                    0.0,
                    0.9541824460029602,
                    -0.29922518134117126,
                    -1.2062151432037354
                ],
                [
                    0.0,
                    0.0,
                    0.0,
                    1.0
                ]
            ]
        },
        {
            "file_path": "/data/shapenet_blender/all_50_random/02958343/91b636d0c4729cda1d9cc9d194c8533/r_32",
            "rotation": 0.12566370614359174,
            "transform_matrix": [
                [
                    0.8318602442741394,
                    0.09520022571086884,
                    -0.5467590093612671,
                    -2.2040560245513916
                ],
                [
                    -0.5549851059913635,
                    0.1426944136619568,
                    -0.8195302486419678,
                    -3.3036320209503174
                ],
                [
                    -7.450580152834618e-09,
                    0.985177755355835,
                    0.17153654992580414,
                    0.6914859414100647
                ],
                [
                    0.0,
                    0.0,
                    0.0,
                    1.0
                ]
            ]
        },
        {
            "file_path": "/data/shapenet_blender/all_50_random/02958343/91b636d0c4729cda1d9cc9d194c8533/r_33",
            "rotation": 0.12566370614359174,
            "transform_matrix": [
                [
                    0.30596867203712463,
                    -0.030243689194321632,
                    -0.9515610933303833,
                    -3.8358654975891113
                ],
                [
                    -0.9520415663719177,
                    -0.009719764813780785,
                    -0.3058142364025116,
                    -1.2327766418457031
                ],
                [
                    9.313225746154785e-10,
                    0.999495267868042,
                    -0.03176719322800636,
                    -0.12805765867233276
                ],
                [
                    0.0,
                    0.0,
                    0.0,
                    1.0
                ]
            ]
        },
        {
            "file_path": "/data/shapenet_blender/all_50_random/02958343/91b636d0c4729cda1d9cc9d194c8533/r_34",
            "rotation": 0.12566370614359174,
            "transform_matrix": [
                [
                    -0.8211870193481445,
                    -0.03159280866384506,
                    -0.5697841048240662,
                    -2.296873092651367
                ],
                [
                    -0.570659339427948,
                    0.045462511479854584,
                    0.8199275135993958,
                    3.3052334785461426
                ],
                [
                    3.725290742551124e-09,
                    0.9984663128852844,
                    -0.05536195635795593,
                    -0.2231711894273758
                ],
                [
                    0.0,
                    0.0,
                    0.0,
                    1.0
                ]
            ]
        },
        {
            "file_path": "/data/shapenet_blender/all_50_random/02958343/91b636d0c4729cda1d9cc9d194c8533/r_35",
            "rotation": 0.12566370614359174,
            "transform_matrix": [
                [
                    0.8747933506965637,
                    -0.24643991887569427,
                    -0.41713768243789673,
                    -1.6815358400344849
                ],
                [
                    -0.4844960868358612,
                    -0.4449654221534729,
                    -0.7531728148460388,
                    -3.0361366271972656
                ],
                [
                    0.0,
                    0.8609721064567566,
                    -0.5086520314216614,
                    -2.0504419803619385
                ],
                [
                    0.0,
                    0.0,
                    0.0,
                    1.0
                ]
            ]
        },
        {
            "file_path": "/data/shapenet_blender/all_50_random/02958343/91b636d0c4729cda1d9cc9d194c8533/r_36",
            "rotation": 0.12566370614359174,
            "transform_matrix": [
                [
                    -0.9084692597389221,
                    -0.007280905731022358,
                    -0.4178883135318756,
                    -1.6845614910125732
                ],
                [
                    -0.4179517328739166,
                    0.015825940296053886,
                    0.9083314538002014,
                    3.6616008281707764
                ],
                [
                    -4.656612873077393e-10,
                    0.9998482465744019,
                    -0.0174204483628273,
                    -0.07022406160831451
                ],
                [
                    0.0,
                    0.0,
                    0.0,
                    1.0
                ]
            ]
        },
        {
            "file_path": "/data/shapenet_blender/all_50_random/02958343/91b636d0c4729cda1d9cc9d194c8533/r_37",
            "rotation": 0.12566370614359174,
            "transform_matrix": [
                [
                    0.4586143493652344,
                    -0.40534013509750366,
                    -0.7908048033714294,
                    -3.187836170196533
                ],
                [
                    -0.8886353969573975,
                    -0.20919130742549896,
                    -0.408125102519989,
                    -1.6452049016952515
                ],
                [
                    0.0,
                    0.8899092078208923,
                    -0.4561377167701721,
                    -1.8387500047683716
                ],
                [
                    0.0,
                    0.0,
                    0.0,
                    1.0
                ]
            ]
        },
        {
            "file_path": "/data/shapenet_blender/all_50_random/02958343/91b636d0c4729cda1d9cc9d194c8533/r_38",
            "rotation": 0.12566370614359174,
            "transform_matrix": [
                [
                    0.40436336398124695,
                    0.17290708422660828,
                    -0.8981055021286011,
                    -3.6203789710998535
                ],
                [
                    -0.9145984649658203,
                    0.07644588500261307,
                    -0.3970714807510376,
                    -1.6006463766098022
                ],
                [
                    0.0,
                    0.9819669127464294,
                    0.1890524923801422,
                    0.7620949745178223
                ],
                [
                    0.0,
                    0.0,
                    0.0,
                    1.0
                ]
            ]
        },
        {
            "file_path": "/data/shapenet_blender/all_50_random/02958343/91b636d0c4729cda1d9cc9d194c8533/r_39",
            "rotation": 0.12566370614359174,
            "transform_matrix": [
                [
                    -0.7984601855278015,
                    -0.017284592613577843,
                    -0.6017994284629822,
                    -2.425931215286255
                ],
                [
                    -0.6020475625991821,
                    0.022923534736037254,
                    0.7981309294700623,
                    3.2173690795898438
                ],
                [
                    1.862645149230957e-09,
                    0.9995876550674438,
                    -0.02870967611670494,
                    -0.11573242396116257
                ],
                [
                    0.0,
                    0.0,
                    0.0,
                    1.0
                ]
            ]
        },
        {
            "file_path": "/data/shapenet_blender/all_50_random/02958343/91b636d0c4729cda1d9cc9d194c8533/r_40",
            "rotation": 0.12566370614359174,
            "transform_matrix": [
                [
                    -0.18789951503276825,
                    -0.9116665720939636,
                    0.36545512080192566,
                    1.4731967449188232
                ],
                [
                    0.9821882843971252,
                    -0.1744082123041153,
                    0.06991412490606308,
                    0.28183284401893616
                ],
                [
                    7.450581485102248e-09,
                    0.3720826804637909,
                    0.9281995892524719,
                    3.741692304611206
                ],
                [
                    0.0,
                    0.0,
                    0.0,
                    1.0
                ]
            ]
        },
        {
            "file_path": "/data/shapenet_blender/all_50_random/02958343/91b636d0c4729cda1d9cc9d194c8533/r_41",
            "rotation": 0.12566370614359174,
            "transform_matrix": [
                [
                    -0.8490594625473022,
                    0.2728974521160126,
                    -0.4523549973964691,
                    -1.8235013484954834
                ],
                [
                    -0.5282973647117615,
                    -0.4385904371738434,
                    0.7270078063011169,
                    2.930662155151367
                ],
                [
                    1.4901161193847656e-08,
