{
    "class": "02958343",
    "model": "b2b2f4952e4068d955fe55d6e406ecd4",
    "remove_doubles": true,
    "edge_split": true,
    "denoise": true,
    "camera_angle_x": 0.6911112070083618,
    "scale_factor": 2.284210572176694,
    "hdri_file": "/data/IndoorHDRDataset2018/AG8A0882-aa605e646c.exr",
    "center_offset": [
        0.0,
        0.0,
        -1.862645149230957e-09
    ],
    "lights": [],
    "frames": [
        {
            "file_path": "/data/shapenet_blender/all_50_random/02958343/b2b2f4952e4068d955fe55d6e406ecd4/r_0",
            "rotation": 0.12566370614359174,
            "transform_matrix": [
                [
                    0.9353129267692566,
                    0.12846490740776062,
                    0.32967638969421387,
                    1.3289681673049927
                ],
                [
                    0.35382169485092163,
                    -0.3395916521549225,
                    -0.8714858889579773,
                    -3.5130722522735596
                ],
                [
                    0.0,
                    0.9317587018013,
                    -0.3630780875682831,
                    -1.4636147022247314
                ],
                [
                    0.0,
                    0.0,
                    0.0,
                    1.0
                ]
            ]
        },
        {
            "file_path": "/data/shapenet_blender/all_50_random/02958343/b2b2f4952e4068d955fe55d6e406ecd4/r_1",
            "rotation": 0.12566370614359174,
            "transform_matrix": [
                [
                    -0.911911129951477,
                    0.10586056113243103,
                    -0.3964991271495819,
                    -1.5983390808105469
                ],
                [
                    -0.41038763523101807,
                    -0.23522984981536865,
                    0.8810498714447021,
                    3.5516254901885986
                ],
                [
                    0.0,
                    0.9661576151847839,
                    0.25795257091522217,
                    1.0398401021957397
                ],
                [
                    0.0,
                    0.0,
                    0.0,
                    1.0
                ]
            ]
        },
        {
            "file_path": "/data/shapenet_blender/all_50_random/02958343/b2b2f4952e4068d955fe55d6e406ecd4/r_2",
            "rotation": 0.12566370614359174,
            "transform_matrix": [
                [
                    -0.9901503324508667,
                    0.023243123665452003,
                    -0.13806559145450592,
                    -0.556560218334198
                ],
                [
                    -0.14000838994979858,
                    -0.16437718272209167,
                    0.9764106869697571,
                    3.936037063598633
                ],
                [
                    0.0,
                    0.9861236214637756,
                    0.16601236164569855,
                    0.6692172288894653
                ],
                [
                    0.0,
                    0.0,
                    0.0,
                    1.0
                ]
            ]
        },
        {
            "file_path": "/data/shapenet_blender/all_50_random/02958343/b2b2f4952e4068d955fe55d6e406ecd4/r_3",
            "rotation": 0.12566370614359174,
            "transform_matrix": [
                [
                    0.2685125768184662,
                    -0.035878416150808334,
                    0.9626078009605408,
                    3.8803961277008057
                ],
                [
                    0.963276207447052,
                    0.010001083835959435,
                    -0.2683262526988983,
                    -1.0816577672958374
                ],
                [
                    -9.313225746154785e-10,
                    0.9993061423301697,
                    0.03724623844027519,
                    0.15014438331127167
                ],
                [
                    0.0,
                    0.0,
                    0.0,
                    1.0
                ]
            ]
        },
        {
            "file_path": "/data/shapenet_blender/all_50_random/02958343/b2b2f4952e4068d955fe55d6e406ecd4/r_4",
            "rotation": 0.12566370614359174,
            "transform_matrix": [
                [
                    0.21269330382347107,
                    0.6931388974189758,
                    0.6887089610099792,
                    2.7762746810913086
                ],
                [
                    0.9771190881729126,
                    -0.15087825059890747,
                    -0.1499139666557312,
                    -0.6043225526809692
                ],
                [
                    0.0,
                    0.7048361897468567,
                    -0.7093700170516968,
                    -2.8595619201660156
                ],
                [
                    0.0,
                    0.0,
                    0.0,
                    1.0
                ]
            ]
        },
        {
            "file_path": "/data/shapenet_blender/all_50_random/02958343/b2b2f4952e4068d955fe55d6e406ecd4/r_5",
            "rotation": 0.12566370614359174,
            "transform_matrix": [
                [
                    0.002602097811177373,
                    -0.2821710705757141,
                    -0.9593605399131775,
                    -3.8673059940338135
                ],
                [
                    -0.9999966621398926,
                    -0.0007342391181737185,
                    -0.0024963582400232553,
                    -0.010063141584396362
                ],
                [
                    5.820766785236131e-11,
                    0.9593637585639954,
                    -0.2821720540523529,
                    -1.1374719142913818
                ],
                [
                    0.0,
                    0.0,
                    0.0,
                    1.0
                ]
            ]
        },
        {
            "file_path": "/data/shapenet_blender/all_50_random/02958343/b2b2f4952e4068d955fe55d6e406ecd4/r_6",
            "rotation": 0.12566370614359174,
            "transform_matrix": [
                [
                    0.9985408782958984,
                    -0.024119563400745392,
                    -0.048315104097127914,
                    -0.19476443529129028
                ],
                [
                    -0.05400095507502556,
                    -0.4459989666938782,
                    -0.8934028744697571,
                    -3.6014223098754883
                ],
                [
                    1.862645149230957e-09,
                    0.8947083353996277,
                    -0.4466506838798523,
                    -1.800506591796875
                ],
                [
                    0.0,
                    0.0,
                    0.0,
                    1.0
                ]
            ]
        },
        {
            "file_path": "/data/shapenet_blender/all_50_random/02958343/b2b2f4952e4068d955fe55d6e406ecd4/r_7",
            "rotation": 0.12566370614359174,
            "transform_matrix": [
                [
                    -0.9693236947059631,
                    -0.0010853029089048505,
                    -0.24578510224819183,
                    -0.9907914400100708
                ],
                [
                    -0.24578750133514404,
                    0.004280160181224346,
                    0.9693142771720886,
                    3.90743088722229
                ],
                [
                    0.0,
                    0.9999902248382568,
                    -0.0044156149961054325,
                    -0.01779991388320923
                ],
                [
                    0.0,
                    0.0,
                    0.0,
                    1.0
                ]
            ]
        },
        {
            "file_path": "/data/shapenet_blender/all_50_random/02958343/b2b2f4952e4068d955fe55d6e406ecd4/r_8",
            "rotation": 0.12566370614359174,
            "transform_matrix": [
                [
                    0.9635552763938904,
                    0.04692278802394867,
                    -0.2633621394634247,
                    -1.0616466999053955
                ],
                [
                    -0.2675095796585083,
                    0.1690133959054947,
                    -0.9486164450645447,
                    -3.8239951133728027
                ],
                [
                    0.0,
                    0.9844961166381836,
                    0.17540603876113892,
                    0.7070843577384949
                ],
                [
                    0.0,
                    0.0,
                    0.0,
                    1.0
                ]
            ]
        },
        {
            "file_path": "/data/shapenet_blender/all_50_random/02958343/b2b2f4952e4068d955fe55d6e406ecd4/r_9",
            "rotation": 0.12566370614359174,
            "transform_matrix": [
                [
                    -0.155354842543602,
                    -0.13014554977416992,
                    0.9792482256889343,
                    3.9474754333496094
                ],
                [
                    0.987858772277832,
                    -0.02046724036335945,
                    0.15400071442127228,
                    0.6207966804504395
                ],
                [
                    0.0,
                    0.9912834763526917,
                    0.1317451298236847,
                    0.5310815572738647
                ],
                [
                    0.0,
                    0.0,
                    0.0,
                    1.0
                ]
            ]
        },
        {
            "file_path": "/data/shapenet_blender/all_50_random/02958343/b2b2f4952e4068d955fe55d6e406ecd4/r_10",
            "rotation": 0.12566370614359174,
            "transform_matrix": [
                [
                    0.07185845077037811,
                    0.052225708961486816,
                    -0.9960466623306274,
                    -4.015192031860352
                ],
                [
                    -0.9974148869514465,
                    0.0037625848781317472,
                    -0.07175987213850021,
                    -0.2892732620239258
                ],
                [
                    -2.3283064365386963e-10,
                    0.9986281991004944,
                    0.05236107483506203,
                    0.21107421815395355
                ],
                [
                    0.0,
                    0.0,
                    0.0,
                    1.0
                ]
            ]
        },
        {
            "file_path": "/data/shapenet_blender/all_50_random/02958343/b2b2f4952e4068d955fe55d6e406ecd4/r_11",
            "rotation": 0.12566370614359174,
            "transform_matrix": [
                [
                    0.9052257537841797,
                    0.2473592460155487,
                    0.3455139100551605,
                    1.3928111791610718
                ],
                [
                    0.4249311685562134,
                    -0.5269464254379272,
                    -0.7360441088676453,
                    -2.9670886993408203
                ],
                [
                    0.0,
                    0.8131056427955627,
                    -0.5821161270141602,
                    -2.346585273742676
                ],
                [
                    0.0,
                    0.0,
                    0.0,
                    1.0
                ]
            ]
        },
        {
            "file_path": "/data/shapenet_blender/all_50_random/02958343/b2b2f4952e4068d955fe55d6e406ecd4/r_12",
            "rotation": 0.12566370614359174,
            "transform_matrix": [
                [
                    0.7480672001838684,
                    0.04021138325333595,
                    0.6624035835266113,
                    2.670234203338623
                ],
                [
                    0.6636229753494263,
                    -0.04532817006111145,
                    -0.7466926574707031,
                    -3.010014295578003
                ],
                [
                    -1.862645149230957e-09,
                    0.9981624484062195,
                    -0.060593731701374054,
                    -0.24426114559173584
                ],
                [
                    0.0,
                    0.0,
                    0.0,
                    1.0
                ]
            ]
        },
        {
            "file_path": "/data/shapenet_blender/all_50_random/02958343/b2b2f4952e4068d955fe55d6e406ecd4/r_13",
            "rotation": 0.12566370614359174,
            "transform_matrix": [
                [
                    -0.9836292862892151,
                    0.009234643541276455,
                    -0.17996715009212494,
                    -0.725470781326294
                ],
                [
                    -0.18020392954349518,
                    -0.05040659010410309,
                    0.9823368787765503,
                    3.9599266052246094
                ],
                [
                    0.0,
                    0.9986861348152161,
                    0.051245514303445816,
                    0.20657727122306824
                ],
                [
                    0.0,
                    0.0,
                    0.0,
                    1.0
                ]
            ]
        },
        {
            "file_path": "/data/shapenet_blender/all_50_random/02958343/b2b2f4952e4068d955fe55d6e406ecd4/r_14",
            "rotation": 0.12566370614359174,
            "transform_matrix": [
                [
                    0.4852246046066284,
                    0.2525988221168518,
                    -0.8371086120605469,
                    -3.374492883682251
                ],
                [
                    -0.8743895292282104,
                    0.14017455279827118,
                    -0.46453630924224854,
                    -1.8726059198379517
                ],
                [
                    0.0,
                    0.957363486289978,
                    0.2888859212398529,
                    1.164536476135254
                ],
                [
                    0.0,
                    0.0,
                    0.0,
                    1.0
                ]
            ]
        },
        {
            "file_path": "/data/shapenet_blender/all_50_random/02958343/b2b2f4952e4068d955fe55d6e406ecd4/r_15",
            "rotation": 0.12566370614359174,
            "transform_matrix": [
                [
                    -0.29305341839790344,
                    -0.4176903963088989,
                    0.8600315451622009,
                    3.466898202896118
                ],
                [
                    0.9560961723327637,
                    -0.12802644073963165,
                    0.2636086046695709,
                    1.0626404285430908
                ],
                [
                    -7.450581485102248e-09,
                    0.8995242118835449,
                    0.4368707537651062,
                    1.761082410812378
                ],
                [
                    0.0,
                    0.0,
                    0.0,
                    1.0
                ]
            ]
        },
        {
            "file_path": "/data/shapenet_blender/all_50_random/02958343/b2b2f4952e4068d955fe55d6e406ecd4/r_16",
            "rotation": 0.12566370614359174,
            "transform_matrix": [
                [
                    0.5358721613883972,
                    0.5259146690368652,
                    -0.6604957580566406,
                    -2.662543535232544
                ],
                [
                    -0.8442991971969604,
                    0.3337952494621277,
                    -0.41921311616897583,
                    -1.6899020671844482
                ],
                [
                    1.4901162970204496e-08,
                    0.7823006510734558,
                    0.6229009628295898,
                    2.5109941959381104
                ],
                [
                    0.0,
                    0.0,
                    0.0,
                    1.0
                ]
            ]
        },
        {
            "file_path": "/data/shapenet_blender/all_50_random/02958343/b2b2f4952e4068d955fe55d6e406ecd4/r_17",
            "rotation": 0.12566370614359174,
            "transform_matrix": [
                [
                    0.204705610871315,
                    0.06479345262050629,
                    -0.9766767024993896,
                    -3.9371097087860107
                ],
                [
                    -0.9788236021995544,
                    0.013550535775721073,
                    -0.20425662398338318,
                    -0.8233847618103027
                ],
                [
                    0.0,
                    0.9978065490722656,
                    0.06619523465633392,
                    0.2668415307998657
                ],
                [
                    0.0,
                    0.0,
                    0.0,
                    1.0
                ]
            ]
        },
        {
            "file_path": "/data/shapenet_blender/all_50_random/02958343/b2b2f4952e4068d955fe55d6e406ecd4/r_18",
            "rotation": 0.12566370614359174,
            "transform_matrix": [
                [
                    -0.8202151656150818,
                    0.11882605403661728,
                    0.5595777630805969,
                    2.255730152130127
                ],
                [
                    0.572054922580719,
                    0.17037338018417358,
                    0.8023253083229065,
                    3.23427677154541
                ],
                [
                    -7.4505792646561986e-09,
                    0.9781887531280518,
                    -0.2077178806066513,
                    -0.8373375535011292
                ],
                [
                    0.0,
                    0.0,
                    0.0,
                    1.0
                ]
            ]
        },
        {
            "file_path": "/data/shapenet_blender/all_50_random/02958343/b2b2f4952e4068d955fe55d6e406ecd4/r_19",
            "rotation": 0.12566370614359174,
            "transform_matrix": [
                [
                    0.36415407061576843,
                    0.2758089303970337,
                    0.8895623683929443,
                    3.5859408378601074
                ],
                [
                    0.9313387870788574,
                    -0.10784146934747696,
                    -0.347819447517395,
                    -1.4021052122116089
                ],
                [
                    0.0,
                    0.9551438093185425,
                    -0.29614242911338806,
                    -1.1937884092330933
                ],
                [
                    0.0,
                    0.0,
                    0.0,
                    1.0
                ]
            ]
        },
        {
            "file_path": "/data/shapenet_blender/all_50_random/02958343/b2b2f4952e4068d955fe55d6e406ecd4/r_20",
            "rotation": 0.12566370614359174,
            "transform_matrix": [
                [
                    -0.4135259687900543,
                    -0.24990326166152954,
                    0.8755252957344055,
                    3.529355525970459
                ],
                [
                    0.9104923605918884,
                    -0.11350066214799881,
                    0.39764466881752014,
                    1.602957010269165
                ],
                [
                    0.0,
                    0.9615955352783203,
                    0.27447041869163513,
                    1.1064257621765137
                ],
                [
                    0.0,
                    0.0,
                    0.0,
                    1.0
                ]
            ]
        },
        {
            "file_path": "/data/shapenet_blender/all_50_random/02958343/b2b2f4952e4068d955fe55d6e406ecd4/r_21",
            "rotation": 0.12566370614359174,
            "transform_matrix": [
                [
                    -0.11793126165866852,
                    0.28847038745880127,
                    0.9501983523368835,
                    3.8303723335266113
                ],
                [
                    0.9930217266082764,
                    0.03425874188542366,
                    0.11284556239843369,
                    0.4548950493335724
                ],
                [
                    0.0,
                    0.9568756818771362,
                    -0.2904975414276123,
                    -1.1710331439971924
                ],
                [
                    0.0,
                    0.0,
                    0.0,
                    1.0
                ]
            ]
        },
        {
            "file_path": "/data/shapenet_blender/all_50_random/02958343/b2b2f4952e4068d955fe55d6e406ecd4/r_22",
            "rotation": 0.12566370614359174,
            "transform_matrix": [
                [
                    -0.9029642343521118,
                    -0.26347529888153076,
                    -0.3394649028778076,
                    -1.36842679977417
                ],
                [
                    -0.4297158122062683,
                    0.5536420941352844,
                    0.7133194804191589,
                    2.8754827976226807
                ],
                [
                    -1.4901161193847656e-08,
                    0.7899753451347351,
                    -0.6131385564804077,
                    -2.4716405868530273
                ],
                [
                    0.0,
                    0.0,
                    0.0,
                    1.0
                ]
            ]
        },
        {
            "file_path": "/data/shapenet_blender/all_50_random/02958343/b2b2f4952e4068d955fe55d6e406ecd4/r_23",
            "rotation": 0.12566370614359174,
            "transform_matrix": [
                [
                    0.8812792897224426,
                    0.02707679383456707,
                    0.471819669008255,
                    1.9019660949707031
                ],
                [
                    0.47259604930877686,
                    -0.05049178749322891,
                    -0.8798314929008484,
                    -3.5467145442962646
                ],
                [
                    1.862645371275562e-09,
                    0.998357355594635,
                    -0.057293739169836044,
                    -0.2309584617614746
                ],
                [
                    0.0,
                    0.0,
                    0.0,
                    1.0
                ]
            ]
        },
        {
            "file_path": "/data/shapenet_blender/all_50_random/02958343/b2b2f4952e4068d955fe55d6e406ecd4/r_24",
            "rotation": 0.12566370614359174,
            "transform_matrix": [
                [
                    -0.9901988506317139,
                    -0.03993167728185654,
                    -0.13383455574512482,
                    -0.53950434923172
                ],
                [
                    -0.1396646946668625,
                    0.28310877084732056,
                    0.9488641023635864,
                    3.82499361038208
                ],
                [
                    3.725290298461914e-09,
                    0.9582560658454895,
                    -0.28591102361679077,
                    -1.1525442600250244
                ],
                [
                    0.0,
                    0.0,
                    0.0,
                    1.0
                ]
            ]
        },
        {
            "file_path": "/data/shapenet_blender/all_50_random/02958343/b2b2f4952e4068d955fe55d6e406ecd4/r_25",
            "rotation": 0.12566370614359174,
            "transform_matrix": [
                [
                    -0.948115348815918,
                    0.18030323088169098,
                    -0.26185521483421326,
                    -1.055572271347046
                ],
                [
                    -0.3179267942905426,
                    -0.537696897983551,
                    0.7808997631072998,
                    3.1479079723358154
                ],
                [
                    1.4901162970204496e-08,
                    0.8236337900161743,
                    0.5671218037605286,
                    2.2861413955688477
                ],
                [
                    0.0,
                    0.0,
                    0.0,
                    1.0
                ]
            ]
        },
        {
            "file_path": "/data/shapenet_blender/all_50_random/02958343/b2b2f4952e4068d955fe55d6e406ecd4/r_26",
            "rotation": 0.12566370614359174,
            "transform_matrix": [
                [
                    -0.9124983549118042,
                    0.3243184983730316,
                    0.24932830035686493,
                    1.0050745010375977
                ],
                [
                    0.4090808629989624,
                    0.723426878452301,
                    0.5561532378196716,
                    2.2419254779815674
                ],
                [
                    -1.4901162970204496e-08,
                    0.6094842553138733,
                    -0.7927981615066528,
                    -3.195871591567993
                ],
                [
                    0.0,
                    0.0,
                    0.0,
                    1.0
                ]
            ]
        },
        {
            "file_path": "/data/shapenet_blender/all_50_random/02958343/b2b2f4952e4068d955fe55d6e406ecd4/r_27",
            "rotation": 0.12566370614359174,
            "transform_matrix": [
                [
                    0.7147713303565979,
                    0.4175916314125061,
                    0.5609983205795288,
                    2.2614564895629883
                ],
                [
                    0.6993582248687744,
                    -0.4267948865890503,
                    -0.5733621120452881,
                    -2.3112967014312744
                ],
                [
                    0.0,
                    0.8021615147590637,
                    -0.5971069931983948,
                    -2.407015323638916
                ],
                [
                    0.0,
                    0.0,
                    0.0,
                    1.0
                ]
            ]
        },
        {
            "file_path": "/data/shapenet_blender/all_50_random/02958343/b2b2f4952e4068d955fe55d6e406ecd4/r_28",
            "rotation": 0.12566370614359174,
            "transform_matrix": [
                [
                    0.5507456660270691,
                    0.3777386546134949,
                    -0.7443068623542786,
                    -3.000396728515625
                ],
                [
                    -0.8346729874610901,
                    0.2492448091506958,
                    -0.4911189675331116,
                    -1.9797637462615967
                ],
                [
                    0.0,
                    0.8917345404624939,
                    0.45255884528160095,
                    1.8243229389190674
                ],
                [
                    0.0,
                    0.0,
                    0.0,
                    1.0
                ]
            ]
        },
        {
            "file_path": "/data/shapenet_blender/all_50_random/02958343/b2b2f4952e4068d955fe55d6e406ecd4/r_29",
            "rotation": 0.12566370614359174,
            "transform_matrix": [
                [
                    0.5475916862487793,
                    0.7500124573707581,
                    -0.3709779679775238,
                    -1.495460033416748
                ],
                [
                    -0.8367457985877991,
                    0.49083080887794495,
                    -0.2427791804075241,
                    -0.9786741733551025
                ],
                [
                    0.0,
                    0.4433579444885254,
                    0.8963445425033569,
                    3.6132805347442627
                ],
                [
                    0.0,
                    0.0,
                    0.0,
                    1.0
                ]
            ]
        },
        {
            "file_path": "/data/shapenet_blender/all_50_random/02958343/b2b2f4952e4068d955fe55d6e406ecd4/r_30",
            "rotation": 0.12566370614359174,
            "transform_matrix": [
                [
                    -0.858513593673706,
                    0.0012292698957026005,
                    0.5127893686294556,
                    2.067120313644409
                ],
                [
                    0.512790858745575,
                    0.0020580412819981575,
                    0.8585109710693359,
                    3.460768938064575
                ],
                [
                    0.0,
                    0.9999971389770508,
                    -0.0023972145281732082,
                    -0.009663482196629047
                ],
                [
                    0.0,
                    0.0,
                    0.0,
                    1.0
                ]
            ]
        },
        {
            "file_path": "/data/shapenet_blender/all_50_random/02958343/b2b2f4952e4068d955fe55d6e406ecd4/r_31",
            "rotation": 0.12566370614359174,
            "transform_matrix": [
                [
                    0.8561561703681946,
                    -0.09768055379390717,
                    -0.5074004530906677,
                    -2.045396566390991
                ],
                [
                    -0.5167173147201538,
                    -0.1618482917547226,
                    -0.8407189846038818,
                    -3.3890466690063477
                ],
                [
                    0.0,
                    0.9819691777229309,
                    -0.1890406459569931,
                    -0.7620472311973572
                ],
                [
                    0.0,
                    0.0,
                    0.0,
                    1.0
                ]
            ]
        },
        {
            "file_path": "/data/shapenet_blender/all_50_random/02958343/b2b2f4952e4068d955fe55d6e406ecd4/r_32",
            "rotation": 0.12566370614359174,
            "transform_matrix": [
                [
                    -0.8869690299034119,
                    0.03002619557082653,
                    0.46085160970687866,
                    1.8577522039413452
                ],
                [
                    0.46182867884635925,
                    0.05766706541180611,
                    0.8850924968719482,
                    3.5679218769073486
                ],
                [
                    0.0,
                    0.997884213924408,
                    -0.06501586735248566,
                    -0.262087345123291
                ],
                [
                    0.0,
                    0.0,
                    0.0,
                    1.0
                ]
            ]
        },
        {
            "file_path": "/data/shapenet_blender/all_50_random/02958343/b2b2f4952e4068d955fe55d6e406ecd4/r_33",
            "rotation": 0.12566370614359174,
            "transform_matrix": [
                [
                    -0.9685806632041931,
                    -0.22092482447624207,
                    -0.11420921236276627,
                    -0.4603920876979828
                ],
                [
                    -0.24869970977306366,
                    0.8604092001914978,
                    0.4447968304157257,
                    1.793033480644226
                ],
                [
                    -7.450581485102248e-09,
                    0.45922547578811646,
                    -0.8883196711540222,
                    -3.5809314250946045
                ],
                [
                    0.0,
                    0.0,
                    0.0,
                    1.0
                ]
            ]
        },
        {
            "file_path": "/data/shapenet_blender/all_50_random/02958343/b2b2f4952e4068d955fe55d6e406ecd4/r_34",
            "rotation": 0.12566370614359174,
            "transform_matrix": [
                [
                    -0.6660575270652771,
                    0.48897695541381836,
                    -0.5632662773132324,
                    -2.270598888397217
                ],
                [
                    -0.7459003329277039,
                    -0.436635822057724,
                    0.5029730200767517,
                    2.0275490283966064
                ],
                [
                    -1.4901160305669237e-08,
                    0.7551495432853699,
                    0.6555526256561279,
                    2.6426172256469727
                ],
                [
                    0.0,
                    0.0,
                    0.0,
                    1.0
                ]
            ]
        },
        {
            "file_path": "/data/shapenet_blender/all_50_random/02958343/b2b2f4952e4068d955fe55d6e406ecd4/r_35",
            "rotation": 0.12566370614359174,
            "transform_matrix": [
                [
                    -0.3213052451610565,
                    -0.28680554032325745,
                    -0.9024996161460876,
                    -3.638092279434204
                ],
                [
                    -0.9469757676124573,
                    0.09731202572584152,
                    0.30621466040611267,
                    1.2343907356262207
                ],
                [
                    0.0,
                    0.953033447265625,
                    -0.30286476016044617,
                    -1.2208869457244873
                ],
                [
                    0.0,
                    0.0,
                    0.0,
                    1.0
                ]
            ]
        },
        {
            "file_path": "/data/shapenet_blender/all_50_random/02958343/b2b2f4952e4068d955fe55d6e406ecd4/r_36",
            "rotation": 0.12566370614359174,
            "transform_matrix": [
                [
                    -0.935530424118042,
                    0.21449388563632965,
                    0.28066936135292053,
                    1.1314144134521484
                ],
                [
                    0.35324627161026,
                    0.568061351776123,
                    0.7433191537857056,
                    2.996415376663208
                ],
                [
                    0.0,
                    0.7945429682731628,
                    -0.6072077751159668,
                    -2.447732925415039
                ],
                [
                    0.0,
                    0.0,
                    0.0,
                    1.0
                ]
            ]
        },
        {
            "file_path": "/data/shapenet_blender/all_50_random/02958343/b2b2f4952e4068d955fe55d6e406ecd4/r_37",
            "rotation": 0.12566370614359174,
            "transform_matrix": [
                [
                    0.7189781069755554,
                    0.08287021517753601,
                    0.6900746822357178,
                    2.7817800045013428
                ],
                [
                    0.6950327754020691,
                    -0.08572525531053543,
                    -0.7138491868972778,
                    -2.8776180744171143
                ],
                [
                    -7.450581485102248e-09,
                    0.9928663969039917,
                    -0.11923208832740784,
                    -0.4806399345397949
                ],
                [
                    0.0,
                    0.0,
                    0.0,
                    1.0
                ]
            ]
        },
        {
            "file_path": "/data/shapenet_blender/all_50_random/02958343/b2b2f4952e4068d955fe55d6e406ecd4/r_38",
            "rotation": 0.12566370614359174,
            "transform_matrix": [
                [
                    0.9756536483764648,
                    0.1956675499677658,
                    0.09906615316867828,
                    0.3993484377861023
                ],
                [
                    0.21931686997413635,
                    -0.8704472184181213,
                    -0.44070595502853394,
                    -1.7765425443649292
                ],
                [
                    7.450580152834618e-09,
                    0.45170316100120544,
                    -0.8921682238578796,
                    -3.596445083618164
                ],
                [
                    0.0,
                    0.0,
                    0.0,
                    1.0
                ]
            ]
        },
        {
            "file_path": "/data/shapenet_blender/all_50_random/02958343/b2b2f4952e4068d955fe55d6e406ecd4/r_39",
            "rotation": 0.12566370614359174,
            "transform_matrix": [
                [
                    -0.5931662321090698,
                    -0.0010632227640599012,
                    -0.8050792813301086,
                    -3.2453784942626953
                ],
                [
                    -0.805079996585846,
                    0.0007833605632185936,
                    0.5931657552719116,
                    2.391127586364746
                ],
                [
                    5.8207653974573503e-11,
                    0.9999992251396179,
                    -0.0013206423027440906,
                    -0.005323679186403751
                ],
                [
                    0.0,
                    0.0,
                    0.0,
                    1.0
                ]
            ]
        },
        {
            "file_path": "/data/shapenet_blender/all_50_random/02958343/b2b2f4952e4068d955fe55d6e406ecd4/r_40",
            "rotation": 0.12566370614359174,
            "transform_matrix": [
                [
                    0.509865403175354,
                    0.02144215814769268,
                    -0.8599867820739746,
                    -3.4667179584503174
                ],
                [
                    -0.860254168510437,
                    0.012708587571978569,
                    -0.509706974029541,
                    -2.054694890975952
                ],
                [
                    0.0,
                    0.9996893405914307,
                    0.024925371631979942,
                    0.10047739744186401
                ],
                [
                    0.0,
                    0.0,
                    0.0,
                    1.0
                ]
            ]
        },
        {
            "file_path": "/data/shapenet_blender/all_50_random/02958343/b2b2f4952e4068d955fe55d6e406ecd4/r_41",
            "rotation": 0.12566370614359174,
            "transform_matrix": [
                [
                    -0.9774372577667236,
                    -0.10468635708093643,
                    0.18345914781093597,
                    0.7395474910736084
                ],
                [
                    0.2112261801958084,
                    -0.4844302535057068,
                    0.8489469289779663,
                    3.4222145080566406
                ],
                [
                    0.0,
