{
    "class": "02958343",
    "model": "28fe2af4fd6ab3848772afa45900d07f",
    "remove_doubles": true,
    "edge_split": true,
    "denoise": true,
    "camera_angle_x": 0.6911112070083618,
    "scale_factor": 2.2559663942383974,
    "hdri_file": "/data/IndoorHDRDataset2018/9C4A9942-420d60e303.exr",
    "center_offset": [
        0.0,
        0.0,
        -1.862645149230957e-09
    ],
    "lights": [],
    "frames": [
        {
            "file_path": "/data/shapenet_blender/all_50_random/02958343/28fe2af4fd6ab3848772afa45900d07f/r_0",
            "rotation": 0.12566370614359174,
            "transform_matrix": [
                [
                    -0.4533868730068207,
                    0.427486777305603,
                    0.7821094393730164,
                    3.1527843475341797
                ],
                [
                    0.8913137912750244,
                    0.217450812458992,
                    0.39783763885498047,
                    1.6037349700927734
                ],
                [
                    0.0,
                    0.8774794340133667,
                    -0.47961416840553284,
                    -1.9333866834640503
                ],
                [
                    0.0,
                    0.0,
                    0.0,
                    1.0
                ]
            ]
        },
        {
            "file_path": "/data/shapenet_blender/all_50_random/02958343/28fe2af4fd6ab3848772afa45900d07f/r_1",
            "rotation": 0.12566370614359174,
            "transform_matrix": [
                [
                    -0.9986839890480042,
                    -0.011986888945102692,
                    0.04986688122153282,
                    0.20101982355117798
                ],
                [
                    0.051287341862916946,
                    -0.23341263830661774,
                    0.9710242748260498,
                    3.9143240451812744
                ],
                [
                    0.0,
                    0.9723038673400879,
                    0.23372024297714233,
                    0.9421564340591431
                ],
                [
                    0.0,
                    0.0,
                    0.0,
                    1.0
                ]
            ]
        },
        {
            "file_path": "/data/shapenet_blender/all_50_random/02958343/28fe2af4fd6ab3848772afa45900d07f/r_2",
            "rotation": 0.12566370614359174,
            "transform_matrix": [
                [
                    -0.8122382164001465,
                    -0.09047015756368637,
                    0.5762676000595093,
                    2.3230092525482178
                ],
                [
                    0.5833260416984558,
                    -0.1259729564189911,
                    0.8024097681045532,
                    3.2346174716949463
                ],
                [
                    0.0,
                    0.987899661064148,
                    0.15509364008903503,
                    0.6252025365829468
                ],
                [
                    0.0,
                    0.0,
                    0.0,
                    1.0
                ]
            ]
        },
        {
            "file_path": "/data/shapenet_blender/all_50_random/02958343/28fe2af4fd6ab3848772afa45900d07f/r_3",
            "rotation": 0.12566370614359174,
            "transform_matrix": [
                [
                    0.7476771473884583,
                    -0.5087655186653137,
                    -0.42677444219589233,
                    -1.720382809638977
                ],
                [
                    -0.6640623807907104,
                    -0.5728262662887573,
                    -0.480511337518692,
                    -1.9370031356811523
                ],
                [
                    0.0,
                    0.6426721215248108,
                    -0.7661411762237549,
                    -3.088413953781128
                ],
                [
                    0.0,
                    0.0,
                    0.0,
                    1.0
                ]
            ]
        },
        {
            "file_path": "/data/shapenet_blender/all_50_random/02958343/28fe2af4fd6ab3848772afa45900d07f/r_4",
            "rotation": 0.12566370614359174,
            "transform_matrix": [
                [
                    0.10100936144590378,
                    0.9365299344062805,
                    -0.3357214033603668,
                    -1.3533360958099365
                ],
                [
                    -0.9948855042457581,
                    0.09508460015058517,
                    -0.03408533334732056,
                    -0.13740235567092896
                ],
                [
                    0.0,
                    0.3374471664428711,
                    0.9413444995880127,
                    3.794680595397949
                ],
                [
                    0.0,
                    0.0,
                    0.0,
                    1.0
                ]
            ]
        },
        {
            "file_path": "/data/shapenet_blender/all_50_random/02958343/28fe2af4fd6ab3848772afa45900d07f/r_5",
            "rotation": 0.12566370614359174,
            "transform_matrix": [
                [
                    0.25472238659858704,
                    -0.21758624911308289,
                    0.9422169327735901,
                    3.7981979846954346
                ],
                [
                    0.9670142531394958,
                    0.05731464922428131,
                    -0.2481904774904251,
                    -1.0004878044128418
                ],
                [
                    3.725290298461914e-09,
                    0.9743568897247314,
                    0.2250083088874817,
                    0.9070374965667725
                ],
                [
                    0.0,
                    0.0,
                    0.0,
                    1.0
                ]
            ]
        },
        {
            "file_path": "/data/shapenet_blender/all_50_random/02958343/28fe2af4fd6ab3848772afa45900d07f/r_6",
            "rotation": 0.12566370614359174,
            "transform_matrix": [
                [
                    -0.18852689862251282,
                    -0.7988814115524292,
                    -0.5711795091629028,
                    -2.3024985790252686
                ],
                [
                    -0.9820680022239685,
                    0.15336069464683533,
                    0.1096489354968071,
                    0.4420090317726135
                ],
                [
                    0.0,
                    0.5816089510917664,
                    -0.8134683966636658,
                    -3.279196262359619
                ],
                [
                    0.0,
                    0.0,
                    0.0,
                    1.0
                ]
            ]
        },
        {
            "file_path": "/data/shapenet_blender/all_50_random/02958343/28fe2af4fd6ab3848772afa45900d07f/r_7",
            "rotation": 0.12566370614359174,
            "transform_matrix": [
                [
                    0.07347666472196579,
                    -0.17327305674552917,
                    -0.9821291565895081,
                    -3.9590890407562256
                ],
                [
                    -0.997296929359436,
                    -0.012766032479703426,
                    -0.07235915958881378,
                    -0.29168909788131714
                ],
                [
                    0.0,
                    0.984791100025177,
                    -0.17374266684055328,
                    -0.7003790736198425
                ],
                [
                    0.0,
                    0.0,
                    0.0,
                    1.0
                ]
            ]
        },
        {
            "file_path": "/data/shapenet_blender/all_50_random/02958343/28fe2af4fd6ab3848772afa45900d07f/r_8",
            "rotation": 0.12566370614359174,
            "transform_matrix": [
                [
                    -0.30679360032081604,
                    0.055776048451662064,
                    -0.9501404166221619,
                    -3.8301384449005127
                ],
                [
                    -0.9517761468887329,
                    -0.017978738993406296,
                    0.30626633763313293,
                    1.2345991134643555
                ],
                [
                    0.0,
                    0.9982813596725464,
                    0.05860208347439766,
                    0.23623254895210266
                ],
                [
                    0.0,
                    0.0,
                    0.0,
                    1.0
                ]
            ]
        },
        {
            "file_path": "/data/shapenet_blender/all_50_random/02958343/28fe2af4fd6ab3848772afa45900d07f/r_9",
            "rotation": 0.12566370614359174,
            "transform_matrix": [
                [
                    0.7925344109535217,
                    0.31155112385749817,
                    -0.5242376923561096,
                    -2.113269805908203
                ],
                [
                    -0.6098272204399109,
                    0.40489333868026733,
                    -0.6813018321990967,
                    -2.746415615081787
                ],
                [
                    0.0,
                    0.8596495389938354,
                    0.5108842253684998,
                    2.0594401359558105
                ],
                [
                    0.0,
                    0.0,
                    0.0,
                    1.0
                ]
            ]
        },
        {
            "file_path": "/data/shapenet_blender/all_50_random/02958343/28fe2af4fd6ab3848772afa45900d07f/r_10",
            "rotation": 0.12566370614359174,
            "transform_matrix": [
                [
                    -0.9908040761947632,
                    0.04501456394791603,
                    -0.12759719789028168,
                    -0.5143606662750244
                ],
                [
                    -0.13530467450618744,
                    -0.3296310007572174,
                    0.9343640208244324,
                    3.7665414810180664
                ],
                [
                    -3.725290298461914e-09,
                    0.9430360794067383,
                    0.33269041776657104,
                    1.3411178588867188
                ],
                [
                    0.0,
                    0.0,
                    0.0,
                    1.0
                ]
            ]
        },
        {
            "file_path": "/data/shapenet_blender/all_50_random/02958343/28fe2af4fd6ab3848772afa45900d07f/r_11",
            "rotation": 0.12566370614359174,
            "transform_matrix": [
                [
                    0.31810519099235535,
                    0.3067001402378082,
                    0.8970752358436584,
                    3.6162261962890625
                ],
                [
                    0.9480554461479187,
                    -0.10290843993425369,
                    -0.30099955201148987,
                    -1.2133681774139404
                ],
                [
                    7.450581485102248e-09,
                    0.9462265968322754,
                    -0.32350441813468933,
                    -1.3040881156921387
                ],
                [
                    0.0,
                    0.0,
                    0.0,
                    1.0
                ]
            ]
        },
        {
            "file_path": "/data/shapenet_blender/all_50_random/02958343/28fe2af4fd6ab3848772afa45900d07f/r_12",
            "rotation": 0.12566370614359174,
            "transform_matrix": [
                [
                    0.36259007453918457,
                    -0.3657419979572296,
                    -0.8571821451187134,
                    -3.455411672592163
                ],
                [
                    -0.9319487810134888,
                    -0.14229796826839447,
                    -0.3335008919239044,
                    -1.3443851470947266
                ],
                [
                    0.0,
                    0.9197739362716675,
                    -0.39244863390922546,
                    -1.582011103630066
                ],
                [
                    0.0,
                    0.0,
                    0.0,
                    1.0
                ]
            ]
        },
        {
            "file_path": "/data/shapenet_blender/all_50_random/02958343/28fe2af4fd6ab3848772afa45900d07f/r_13",
            "rotation": 0.12566370614359174,
            "transform_matrix": [
                [
                    0.6916444897651672,
                    -0.5951980948448181,
                    0.40910524129867554,
                    1.6491559743881226
                ],
                [
                    0.7222381234169006,
                    0.5699858069419861,
                    -0.3917757570743561,
                    -1.5792986154556274
                ],
                [
                    0.0,
                    0.5664408206939697,
                    0.8241022825241089,
                    3.3220624923706055
                ],
                [
                    0.0,
                    0.0,
                    0.0,
                    1.0
                ]
            ]
        },
        {
            "file_path": "/data/shapenet_blender/all_50_random/02958343/28fe2af4fd6ab3848772afa45900d07f/r_14",
            "rotation": 0.12566370614359174,
            "transform_matrix": [
                [
                    -0.9943162798881531,
                    0.050071172416210175,
                    0.0939578041434288,
                    0.378756046295166
                ],
                [
                    0.1064668670296669,
                    0.46762511134147644,
                    0.8774915337562561,
                    3.5372817516326904
                ],
                [
                    0.0,
                    0.8825075626373291,
                    -0.4702981114387512,
                    -1.8958324193954468
                ],
                [
                    0.0,
                    0.0,
                    0.0,
                    1.0
                ]
            ]
        },
        {
            "file_path": "/data/shapenet_blender/all_50_random/02958343/28fe2af4fd6ab3848772afa45900d07f/r_15",
            "rotation": 0.12566370614359174,
            "transform_matrix": [
                [
                    -0.8362172245979309,
                    0.04013508930802345,
                    -0.5469276309013367,
                    -2.20473575592041
                ],
                [
                    -0.5483982563018799,
                    -0.06119941547513008,
                    0.8339747786521912,
                    3.3618597984313965
                ],
                [
                    0.0,
                    0.9973182082176208,
                    0.07318602502346039,
                    0.29502230882644653
                ],
                [
                    0.0,
                    0.0,
                    0.0,
                    1.0
                ]
            ]
        },
        {
            "file_path": "/data/shapenet_blender/all_50_random/02958343/28fe2af4fd6ab3848772afa45900d07f/r_16",
            "rotation": 0.12566370614359174,
            "transform_matrix": [
                [
                    0.9840498566627502,
                    -0.020619263872504234,
                    0.17669354379177094,
                    0.7122744917869568
                ],
                [
                    0.1778925657272339,
                    0.11405976861715317,
                    -0.9774172306060791,
                    -3.9400951862335205
                ],
                [
                    -1.8626450382086546e-09,
                    0.9932599067687988,
                    0.11590850353240967,
                    0.46724215149879456
                ],
                [
                    0.0,
                    0.0,
                    0.0,
                    1.0
                ]
            ]
        },
        {
            "file_path": "/data/shapenet_blender/all_50_random/02958343/28fe2af4fd6ab3848772afa45900d07f/r_17",
            "rotation": 0.12566370614359174,
            "transform_matrix": [
                [
                    0.8548368811607361,
                    -0.3014601171016693,
                    0.4223453104496002,
                    1.7025282382965088
                ],
                [
                    0.5188965797424316,
                    0.4966292679309845,
                    -0.6957770586013794,
                    -2.8047666549682617
                ],
                [
                    -1.4901158529312397e-08,
                    0.8139294385910034,
                    0.5809637308120728,
                    2.3419394493103027
                ],
                [
                    0.0,
                    0.0,
                    0.0,
                    1.0
                ]
            ]
        },
        {
            "file_path": "/data/shapenet_blender/all_50_random/02958343/28fe2af4fd6ab3848772afa45900d07f/r_18",
            "rotation": 0.12566370614359174,
            "transform_matrix": [
                [
                    0.4170595705509186,
                    -0.3667793571949005,
                    -0.8315852880477905,
                    -3.3522276878356934
                ],
                [
                    -0.9088790416717529,
                    -0.16830496490001678,
                    -0.3815915882587433,
                    -1.5382449626922607
                ],
                [
                    -1.4901158529312397e-08,
                    0.9149570465087891,
                    -0.40355128049850464,
                    -1.6267673969268799
                ],
                [
                    0.0,
                    0.0,
                    0.0,
                    1.0
                ]
            ]
        },
        {
            "file_path": "/data/shapenet_blender/all_50_random/02958343/28fe2af4fd6ab3848772afa45900d07f/r_19",
            "rotation": 0.12566370614359174,
            "transform_matrix": [
                [
                    -0.3370611369609833,
                    -0.01389459241181612,
                    -0.9413801431655884,
                    -3.7948250770568848
                ],
                [
                    -0.9414827823638916,
                    0.004974416457116604,
                    0.33702439069747925,
                    1.3585889339447021
                ],
                [
                    0.0,
                    0.9998911619186401,
                    -0.014758199453353882,
                    -0.05949220806360245
                ],
                [
                    0.0,
                    0.0,
                    0.0,
                    1.0
                ]
            ]
        },
        {
            "file_path": "/data/shapenet_blender/all_50_random/02958343/28fe2af4fd6ab3848772afa45900d07f/r_20",
            "rotation": 0.12566370614359174,
            "transform_matrix": [
                [
                    -0.9619357585906982,
                    -0.12572135031223297,
                    0.2426394522190094,
                    0.9781109094619751
                ],
                [
                    0.2732760012149811,
                    -0.44254106283187866,
                    0.8540946245193481,
                    3.442965507507324
                ],
                [
                    -7.450581485102248e-09,
                    0.8878915309906006,
                    0.4600526988506317,
                    1.8545317649841309
                ],
                [
                    0.0,
                    0.0,
                    0.0,
                    1.0
                ]
            ]
        },
        {
            "file_path": "/data/shapenet_blender/all_50_random/02958343/28fe2af4fd6ab3848772afa45900d07f/r_21",
            "rotation": 0.12566370614359174,
            "transform_matrix": [
                [
                    -0.26306483149528503,
                    0.0997038334608078,
                    0.9596124291419983,
                    3.868321418762207
                ],
                [
                    0.9647782444953918,
                    0.027186114341020584,
                    0.2616562843322754,
                    1.0547702312469482
                ],
                [
                    1.862645371275562e-09,
                    0.9946455955505371,
                    -0.10334379971027374,
                    -0.41659218072891235
                ],
                [
                    0.0,
                    0.0,
                    0.0,
                    1.0
                ]
            ]
        },
        {
            "file_path": "/data/shapenet_blender/all_50_random/02958343/28fe2af4fd6ab3848772afa45900d07f/r_22",
            "rotation": 0.12566370614359174,
            "transform_matrix": [
                [
                    0.767241358757019,
                    -0.5944691300392151,
                    -0.24072223901748657,
                    -0.9703823924064636
                ],
                [
                    -0.641358494758606,
                    -0.7111487984657288,
                    -0.28797009587287903,
                    -1.1608445644378662
                ],
                [
                    0.0,
                    0.3753318190574646,
                    -0.92689049243927,
                    -3.736415147781372
                ],
                [
                    0.0,
                    0.0,
                    0.0,
                    1.0
                ]
            ]
        },
        {
            "file_path": "/data/shapenet_blender/all_50_random/02958343/28fe2af4fd6ab3848772afa45900d07f/r_23",
            "rotation": 0.12566370614359174,
            "transform_matrix": [
                [
                    -0.7508936524391174,
                    0.4043278396129608,
                    0.5221855044364929,
                    2.104997396469116
                ],
                [
                    0.6604231595993042,
                    0.45971614122390747,
                    0.593718945980072,
                    2.393357753753662
                ],
                [
                    0.0,
                    0.7906832695007324,
                    -0.6122252941131592,
                    -2.467959403991699
                ],
                [
                    0.0,
                    0.0,
                    0.0,
                    1.0
                ]
            ]
        },
        {
            "file_path": "/data/shapenet_blender/all_50_random/02958343/28fe2af4fd6ab3848772afa45900d07f/r_24",
            "rotation": 0.12566370614359174,
            "transform_matrix": [
                [
                    0.18729381263256073,
                    0.3043259382247925,
                    0.9339736104011536,
                    3.764968156814575
                ],
                [
                    0.982304036617279,
                    -0.05802518501877785,
                    -0.1780787706375122,
                    -0.7178584933280945
                ],
                [
                    0.0,
                    0.9507989287376404,
                    -0.3098083734512329,
                    -1.2488775253295898
                ],
                [
                    0.0,
                    0.0,
                    0.0,
                    1.0
                ]
            ]
        },
        {
            "file_path": "/data/shapenet_blender/all_50_random/02958343/28fe2af4fd6ab3848772afa45900d07f/r_25",
            "rotation": 0.12566370614359174,
            "transform_matrix": [
                [
                    0.0100369518622756,
                    -0.6366528272628784,
                    -0.771085262298584,
                    -3.108344078063965
                ],
                [
                    -0.9999496340751648,
                    -0.006390376016497612,
                    -0.007739735767245293,
                    -0.031199872493743896
                ],
                [
                    0.0,
                    0.7711241245269775,
                    -0.6366848945617676,
                    -2.566558837890625
                ],
                [
                    0.0,
                    0.0,
                    0.0,
                    1.0
                ]
            ]
        },
        {
            "file_path": "/data/shapenet_blender/all_50_random/02958343/28fe2af4fd6ab3848772afa45900d07f/r_26",
            "rotation": 0.12566370614359174,
            "transform_matrix": [
                [
                    -0.9988520741462708,
                    -0.02078366093337536,
                    -0.04315939545631409,
                    -0.17398110032081604
                ],
                [
                    -0.04790297523140907,
                    0.4333719313144684,
                    0.899941086769104,
                    3.6277787685394287
                ],
                [
                    0.0,
                    0.9009754657745361,
                    -0.43386998772621155,
                    -1.748986005783081
                ],
                [
                    0.0,
                    0.0,
                    0.0,
                    1.0
                ]
            ]
        },
        {
            "file_path": "/data/shapenet_blender/all_50_random/02958343/28fe2af4fd6ab3848772afa45900d07f/r_27",
            "rotation": 0.12566370614359174,
            "transform_matrix": [
                [
                    0.6503918170928955,
                    -0.0441717766225338,
                    -0.7583134770393372,
                    -3.0568594932556152
                ],
                [
                    -0.7595989108085632,
                    -0.037821222096681595,
                    -0.6492911577224731,
                    -2.6173763275146484
                ],
                [
                    1.862645149230957e-09,
                    0.9983077645301819,
                    -0.05815144628286362,
                    -0.23441597819328308
                ],
                [
                    0.0,
                    0.0,
                    0.0,
                    1.0
                ]
            ]
        },
        {
            "file_path": "/data/shapenet_blender/all_50_random/02958343/28fe2af4fd6ab3848772afa45900d07f/r_28",
            "rotation": 0.12566370614359174,
            "transform_matrix": [
                [
                    0.6419450044631958,
                    0.5271071791648865,
                    -0.5568345785140991,
                    -2.2446720600128174
                ],
                [
                    -0.766750693321228,
                    0.44130873680114746,
                    -0.46619734168052673,
                    -1.8793015480041504
                ],
                [
                    -1.4901161193847656e-08,
                    0.726226270198822,
                    0.6874557137489319,
                    2.7712225914001465
                ],
                [
                    0.0,
                    0.0,
                    0.0,
                    1.0
                ]
            ]
        },
        {
            "file_path": "/data/shapenet_blender/all_50_random/02958343/28fe2af4fd6ab3848772afa45900d07f/r_29",
            "rotation": 0.12566370614359174,
            "transform_matrix": [
                [
                    -0.8129940629005432,
                    -0.2693527638912201,
                    0.5162264108657837,
                    2.0809755325317383
                ],
                [
                    0.5822719931602478,
                    -0.37608227133750916,
                    0.7207782864570618,
                    2.905550479888916
                ],
                [
                    -1.4901161193847656e-08,
                    0.8865727782249451,
                    0.46258917450904846,
                    1.86475670337677
                ],
                [
                    0.0,
                    0.0,
                    0.0,
                    1.0
                ]
            ]
        },
        {
            "file_path": "/data/shapenet_blender/all_50_random/02958343/28fe2af4fd6ab3848772afa45900d07f/r_30",
            "rotation": 0.12566370614359174,
            "transform_matrix": [
                [
                    0.7358846664428711,
                    -0.09323476254940033,
                    0.6706571578979492,
                    2.703505754470825
                ],
                [
                    0.6771069765090942,
                    0.10132819414138794,
                    -0.728874921798706,
                    -2.9381890296936035
                ],
                [
                    0.0,
                    0.9904744625091553,
                    0.137695774435997,
                    0.5550695061683655
                ],
                [
                    0.0,
                    0.0,
                    0.0,
                    1.0
                ]
            ]
        },
        {
            "file_path": "/data/shapenet_blender/all_50_random/02958343/28fe2af4fd6ab3848772afa45900d07f/r_31",
            "rotation": 0.12566370614359174,
            "transform_matrix": [
                [
                    -0.9659947156906128,
                    -0.20502625405788422,
                    0.15753908455371857,
                    0.6350603699684143
                ],
                [
                    0.25856202840805054,
                    -0.7659835815429688,
                    0.588570237159729,
                    2.3726024627685547
                ],
                [
                    0.0,
                    0.609289288520813,
                    0.7929480075836182,
                    3.1964757442474365
                ],
                [
                    0.0,
                    0.0,
                    0.0,
                    1.0
                ]
            ]
        },
        {
            "file_path": "/data/shapenet_blender/all_50_random/02958343/28fe2af4fd6ab3848772afa45900d07f/r_32",
            "rotation": 0.12566370614359174,
            "transform_matrix": [
                [
                    -0.32203081250190735,
                    0.23480890691280365,
                    0.917148232460022,
                    3.6971428394317627
                ],
                [
                    0.9467292428016663,
                    0.07987047731876373,
                    0.3119688332080841,
                    1.2575865983963013
                ],
                [
                    0.0,
                    0.9687544107437134,
                    -0.24802124500274658,
                    -0.9998056292533875
                ],
                [
                    0.0,
                    0.0,
                    0.0,
                    1.0
                ]
            ]
        },
        {
            "file_path": "/data/shapenet_blender/all_50_random/02958343/28fe2af4fd6ab3848772afa45900d07f/r_33",
            "rotation": 0.12566370614359174,
            "transform_matrix": [
                [
                    -0.7673267126083374,
                    -0.31947606801986694,
                    -0.5560078620910645,
                    -2.241339683532715
                ],
                [
                    -0.6412563920021057,
                    0.3822847008705139,
                    0.6653183698654175,
                    2.6819844245910645
                ],
                [
                    0.0,
                    0.8670601844787598,
                    -0.4982032775878906,
                    -2.008321762084961
                ],
                [
                    0.0,
                    0.0,
                    0.0,
                    1.0
                ]
            ]
        },
        {
            "file_path": "/data/shapenet_blender/all_50_random/02958343/28fe2af4fd6ab3848772afa45900d07f/r_34",
            "rotation": 0.12566370614359174,
            "transform_matrix": [
                [
                    0.9705497026443481,
                    -0.1846257895231247,
                    -0.1547470986843109,
                    -0.623805582523346
                ],
                [
                    -0.2409011721611023,
                    -0.7438258528709412,
                    -0.6234496831893921,
                    -2.5132062435150146
                ],
                [
                    0.0,
                    0.6423676609992981,
                    -0.7663965225219727,
                    -3.0894434452056885
                ],
                [
                    0.0,
                    0.0,
                    0.0,
                    1.0
                ]
            ]
        },
        {
            "file_path": "/data/shapenet_blender/all_50_random/02958343/28fe2af4fd6ab3848772afa45900d07f/r_35",
            "rotation": 0.12566370614359174,
            "transform_matrix": [
                [
                    -0.9996324181556702,
                    0.021742941811680794,
                    0.016196731477975845,
                    0.06529112160205841
                ],
                [
                    0.02711254172027111,
                    0.8016567230224609,
                    0.5971693396568298,
                    2.407266855239868
                ],
                [
                    0.0,
                    0.5973889827728271,
                    -0.80195152759552,
                    -3.2327702045440674
                ],
                [
                    0.0,
                    0.0,
                    0.0,
                    1.0
                ]
            ]
        },
        {
            "file_path": "/data/shapenet_blender/all_50_random/02958343/28fe2af4fd6ab3848772afa45900d07f/r_36",
            "rotation": 0.12566370614359174,
            "transform_matrix": [
                [
                    0.9662156701087952,
                    0.045698244124650955,
                    -0.2536514103412628,
                    -1.0225015878677368
                ],
                [
                    -0.2577350437641144,
                    0.17131684720516205,
                    -0.95090651512146,
                    -3.8332266807556152
                ],
                [
                    0.0,
                    0.9841554760932922,
                    0.17730706930160522,
                    0.7147476673126221
                ],
                [
                    0.0,
                    0.0,
                    0.0,
                    1.0
                ]
            ]
        },
        {
            "file_path": "/data/shapenet_blender/all_50_random/02958343/28fe2af4fd6ab3848772afa45900d07f/r_37",
            "rotation": 0.12566370614359174,
            "transform_matrix": [
                [
                    0.9941269755363464,
                    0.10410743951797485,
                    -0.02955266274511814,
                    -0.11913060396909714
                ],
                [
                    -0.10822070389986038,
                    0.9563421010971069,
                    -0.2714739143848419,
                    -1.094346523284912
                ],
                [
                    0.0,
                    0.2730776369571686,
                    0.9619919061660767,
                    3.8779137134552
                ],
                [
                    0.0,
                    0.0,
                    0.0,
                    1.0
                ]
            ]
        },
        {
            "file_path": "/data/shapenet_blender/all_50_random/02958343/28fe2af4fd6ab3848772afa45900d07f/r_38",
            "rotation": 0.12566370614359174,
            "transform_matrix": [
                [
                    -0.6002960205078125,
                    0.14994056522846222,
                    0.7855969071388245,
                    3.166842460632324
                ],
                [
                    0.7997779846191406,
                    0.11254215985536575,
                    0.5896520614624023,
                    2.3769633769989014
                ],
                [
                    -7.450581485102248e-09,
                    0.9822688102722168,
                    -0.18747778236865997,
                    -0.7557471394538879
                ],
                [
                    0.0,
                    0.0,
                    0.0,
                    1.0
                ]
            ]
        },
        {
            "file_path": "/data/shapenet_blender/all_50_random/02958343/28fe2af4fd6ab3848772afa45900d07f/r_39",
            "rotation": 0.12566370614359174,
            "transform_matrix": [
                [
                    0.4189303517341614,
                    0.22258390486240387,
                    0.8803145885467529,
                    3.548661708831787
                ],
                [
                    0.9080184698104858,
                    -0.10269300639629364,
                    -0.40614864230155945,
                    -1.637237548828125
                ],
                [
                    0.0,
                    0.9694898128509521,
                    -0.2451315075159073,
                    -0.9881567358970642
                ],
                [
                    0.0,
                    0.0,
                    0.0,
                    1.0
                ]
            ]
        },
        {
            "file_path": "/data/shapenet_blender/all_50_random/02958343/28fe2af4fd6ab3848772afa45900d07f/r_40",
            "rotation": 0.12566370614359174,
            "transform_matrix": [
                [
                    0.7816210985183716,
                    0.0133841373026371,
                    0.6236099004745483,
                    2.513852119445801
                ],
                [
                    0.623753547668457,
                    -0.01677156426012516,
                    -0.7814410328865051,
                    -3.150089740753174
                ],
                [
                    0.0,
                    0.9997697472572327,
                    -0.021457409486174583,
                    -0.08649758994579315
                ],
                [
                    0.0,
                    0.0,
                    0.0,
                    1.0
                ]
            ]
        },
        {
            "file_path": "/data/shapenet_blender/all_50_random/02958343/28fe2af4fd6ab3848772afa45900d07f/r_41",
            "rotation": 0.12566370614359174,
            "transform_matrix": [
                [
                    0.9364259839057922,
                    -0.26954028010368347,
                    0.2246207445859909,
                    0.9054751992225647
                ],
                [
                    0.3508652448654175,
                    0.719377338886261,
                    -0.5994913578033447,
                    -2.4166269302368164
                ],
                [
                    0.0,
                    0.640190839767456,
                    0.7682158946990967,
                    3.0967774391174316
                ],
