{
    "class": "02958343",
    "model": "e57092f6c51ed37dafa781871c8b9ebb",
    "remove_doubles": true,
    "edge_split": true,
    "denoise": true,
    "camera_angle_x": 0.6911112070083618,
    "scale_factor": 2.334651094733681,
    "hdri_file": "/data/IndoorHDRDataset2018/9C4A0807-2e77596700.exr",
    "center_offset": [
        0.0,
        -3.725290298461914e-09,
        1.4901161193847656e-08
    ],
    "lights": [],
    "frames": [
        {
            "file_path": "/data/shapenet_blender/all_50_random/02958343/e57092f6c51ed37dafa781871c8b9ebb/r_0",
            "rotation": 0.12566370614359174,
            "transform_matrix": [
                [
                    0.9847890138626099,
                    -0.03155028447508812,
                    -0.17086605727672577,
                    -0.6887831687927246
                ],
                [
                    -0.1737545281648636,
                    -0.17881761491298676,
                    -0.9684180021286011,
                    -3.903818130493164
                ],
                [
                    1.862645371275562e-09,
                    0.9833762049674988,
                    -0.1815796196460724,
                    -0.7319709062576294
                ],
                [
                    0.0,
                    0.0,
                    0.0,
                    1.0
                ]
            ]
        },
        {
            "file_path": "/data/shapenet_blender/all_50_random/02958343/e57092f6c51ed37dafa781871c8b9ebb/r_1",
            "rotation": 0.12566370614359174,
            "transform_matrix": [
                [
                    -0.21312209963798523,
                    0.05771254748106003,
                    -0.9753196239471436,
                    -3.931638717651367
                ],
                [
                    -0.97702556848526,
                    -0.012589046731591225,
                    0.21274998784065247,
                    0.857622504234314
                ],
                [
                    -9.313224635931761e-10,
                    0.9982538819313049,
                    0.059069644659757614,
                    0.23811732232570648
                ],
                [
                    0.0,
                    0.0,
                    0.0,
                    1.0
                ]
            ]
        },
        {
            "file_path": "/data/shapenet_blender/all_50_random/02958343/e57092f6c51ed37dafa781871c8b9ebb/r_2",
            "rotation": 0.12566370614359174,
            "transform_matrix": [
                [
                    0.5729483366012573,
                    -0.1844266802072525,
                    0.7985718250274658,
                    3.2191460132598877
                ],
                [
                    0.8195914626121521,
                    0.1289263665676117,
                    -0.5582542419433594,
                    -2.250394821166992
                ],
                [
                    1.4901161193847656e-08,
                    0.9743534326553345,
                    0.22502270340919495,
                    0.9070955514907837
                ],
                [
                    0.0,
                    0.0,
                    0.0,
                    1.0
                ]
            ]
        },
        {
            "file_path": "/data/shapenet_blender/all_50_random/02958343/e57092f6c51ed37dafa781871c8b9ebb/r_3",
            "rotation": 0.12566370614359174,
            "transform_matrix": [
                [
                    -0.2188732624053955,
                    -0.5389304757118225,
                    0.8134177327156067,
                    3.27899169921875
                ],
                [
                    0.9757533073425293,
                    -0.12088862806558609,
                    0.18245942890644073,
                    0.7355175018310547
                ],
                [
                    7.450580596923828e-09,
                    0.8336305022239685,
                    0.552322506904602,
                    2.2264833450317383
                ],
                [
                    0.0,
                    0.0,
                    0.0,
                    1.0
                ]
            ]
        },
        {
            "file_path": "/data/shapenet_blender/all_50_random/02958343/e57092f6c51ed37dafa781871c8b9ebb/r_4",
            "rotation": 0.12566370614359174,
            "transform_matrix": [
                [
                    0.5403756499290466,
                    -0.3323153853416443,
                    0.7730204463005066,
                    3.116145133972168
                ],
                [
                    0.8414239287376404,
                    0.2134181708097458,
                    -0.496445894241333,
                    -2.001237392425537
                ],
                [
                    0.0,
                    0.9187051057815552,
                    0.39494404196739197,
                    1.5920703411102295
                ],
                [
                    0.0,
                    0.0,
                    0.0,
                    1.0
                ]
            ]
        },
        {
            "file_path": "/data/shapenet_blender/all_50_random/02958343/e57092f6c51ed37dafa781871c8b9ebb/r_5",
            "rotation": 0.12566370614359174,
            "transform_matrix": [
                [
                    0.6841913461685181,
                    0.42940300703048706,
                    0.5894871950149536,
                    2.3762989044189453
                ],
                [
                    0.7293024063110352,
                    -0.4028422236442566,
                    -0.553024411201477,
                    -2.2293126583099365
                ],
                [
                    -1.4901161193847656e-08,
                    0.8082889914512634,
                    -0.5887858867645264,
                    -2.373471736907959
                ],
                [
                    0.0,
                    0.0,
                    0.0,
                    1.0
                ]
            ]
        },
        {
            "file_path": "/data/shapenet_blender/all_50_random/02958343/e57092f6c51ed37dafa781871c8b9ebb/r_6",
            "rotation": 0.12566370614359174,
            "transform_matrix": [
                [
                    -0.8749316930770874,
                    -0.10842766612768173,
                    0.4719512462615967,
                    1.902496337890625
                ],
                [
                    0.4842463433742523,
                    -0.19590607285499573,
                    0.8527169823646545,
                    3.4374120235443115
                ],
                [
                    7.450580596923828e-09,
                    0.9746096730232239,
                    0.2239101529121399,
                    0.902610719203949
                ],
                [
                    0.0,
                    0.0,
                    0.0,
                    1.0
                ]
            ]
        },
        {
            "file_path": "/data/shapenet_blender/all_50_random/02958343/e57092f6c51ed37dafa781871c8b9ebb/r_7",
            "rotation": 0.12566370614359174,
            "transform_matrix": [
                [
                    0.7361462712287903,
                    -0.0023304137866944075,
                    -0.6768184304237366,
                    -2.728342294692993
                ],
                [
                    -0.6768224835395813,
                    -0.00253467564471066,
                    -0.7361419200897217,
                    -2.9674830436706543
                ],
                [
                    1.1641532182693481e-10,
                    0.9999940395355225,
                    -0.0034431684762239456,
                    -0.01387985609471798
                ],
                [
                    0.0,
                    0.0,
                    0.0,
                    1.0
                ]
            ]
        },
        {
            "file_path": "/data/shapenet_blender/all_50_random/02958343/e57092f6c51ed37dafa781871c8b9ebb/r_8",
            "rotation": 0.12566370614359174,
            "transform_matrix": [
                [
                    -0.47224730253219604,
                    -0.3229724168777466,
                    -0.8201653361320496,
                    -3.306192398071289
                ],
                [
                    -0.8814662098884583,
                    0.17303314805030823,
                    0.43940526247024536,
                    1.7712993621826172
                ],
                [
                    1.4901162970204496e-08,
                    0.9304559826850891,
                    -0.36640363931655884,
                    -1.4770203828811646
                ],
                [
                    0.0,
                    0.0,
                    0.0,
                    1.0
                ]
            ]
        },
        {
            "file_path": "/data/shapenet_blender/all_50_random/02958343/e57092f6c51ed37dafa781871c8b9ebb/r_9",
            "rotation": 0.12566370614359174,
            "transform_matrix": [
                [
                    0.9275206923484802,
                    0.055210936814546585,
                    -0.3696717917919159,
                    -1.4901944398880005
                ],
                [
                    -0.3737719655036926,
                    0.1370067596435547,
                    -0.9173460602760315,
                    -3.697939872741699
                ],
                [
                    -3.725290298461914e-09,
                    0.989030122756958,
                    0.14771293103694916,
                    0.5954498052597046
                ],
                [
                    0.0,
                    0.0,
                    0.0,
                    1.0
                ]
            ]
        },
        {
            "file_path": "/data/shapenet_blender/all_50_random/02958343/e57092f6c51ed37dafa781871c8b9ebb/r_10",
            "rotation": 0.12566370614359174,
            "transform_matrix": [
                [
                    -0.5498084425926208,
                    -0.5377810001373291,
                    0.6391417384147644,
                    2.576462984085083
                ],
                [
                    0.835290789604187,
                    -0.3539803922176361,
                    0.4206984341144562,
                    1.6958897113800049
                ],
                [
                    1.4901161193847656e-08,
                    0.7651728391647339,
                    0.6438248753547668,
                    2.595341444015503
                ],
                [
                    0.0,
                    0.0,
                    0.0,
                    1.0
                ]
            ]
        },
        {
            "file_path": "/data/shapenet_blender/all_50_random/02958343/e57092f6c51ed37dafa781871c8b9ebb/r_11",
            "rotation": 0.12566370614359174,
            "transform_matrix": [
                [
                    0.9799332022666931,
                    0.0005407005664892495,
                    0.19932545721530914,
                    0.80350661277771
                ],
                [
                    0.19932618737220764,
                    -0.002658207667991519,
                    -0.9799295663833618,
                    -3.9502224922180176
                ],
                [
                    0.0,
                    0.9999963641166687,
                    -0.0027126416098326445,
                    -0.010935008525848389
                ],
                [
                    0.0,
                    0.0,
                    0.0,
                    1.0
                ]
            ]
        },
        {
            "file_path": "/data/shapenet_blender/all_50_random/02958343/e57092f6c51ed37dafa781871c8b9ebb/r_12",
            "rotation": 0.12566370614359174,
            "transform_matrix": [
                [
                    -0.40829378366470337,
                    0.023192070424556732,
                    0.9125558733940125,
                    3.6786305904388428
                ],
                [
                    0.9128506183624268,
                    0.010373195633292198,
                    0.4081619679927826,
                    1.6453536748886108
                ],
                [
                    9.313225746154785e-10,
                    0.9996771216392517,
                    -0.025406207889318466,
                    -0.10241571068763733
                ],
                [
                    0.0,
                    0.0,
                    0.0,
                    1.0
                ]
            ]
        },
        {
            "file_path": "/data/shapenet_blender/all_50_random/02958343/e57092f6c51ed37dafa781871c8b9ebb/r_13",
            "rotation": 0.12566370614359174,
            "transform_matrix": [
                [
                    0.6507618427276611,
                    0.3393789529800415,
                    -0.6792135238647461,
                    -2.73799729347229
                ],
                [
                    -0.7592819333076477,
                    0.29087331891059875,
                    -0.5821371674537659,
                    -2.346669912338257
                ],
                [
                    -1.4901161193847656e-08,
                    0.894547164440155,
                    0.4469735026359558,
                    1.8018078804016113
                ],
                [
                    0.0,
                    0.0,
                    0.0,
                    1.0
                ]
            ]
        },
        {
            "file_path": "/data/shapenet_blender/all_50_random/02958343/e57092f6c51ed37dafa781871c8b9ebb/r_14",
            "rotation": 0.12566370614359174,
            "transform_matrix": [
                [
                    -0.6316078901290894,
                    0.6440452337265015,
                    -0.43159839510917664,
                    -1.7398288249969482
                ],
                [
                    -0.775287926197052,
                    -0.5246877074241638,
                    0.35161253809928894,
                    1.4173954725265503
                ],
                [
                    1.4901160305669237e-08,
                    0.5566942095756531,
                    0.8307174444198608,
                    3.348729133605957
                ],
                [
                    0.0,
                    0.0,
                    0.0,
                    1.0
                ]
            ]
        },
        {
            "file_path": "/data/shapenet_blender/all_50_random/02958343/e57092f6c51ed37dafa781871c8b9ebb/r_15",
            "rotation": 0.12566370614359174,
            "transform_matrix": [
                [
                    -0.9954448342323303,
                    -0.053589604794979095,
                    -0.07885175943374634,
                    -0.3178616166114807
                ],
                [
                    -0.09533857554197311,
                    0.5595372915267944,
                    0.8233034014701843,
                    3.3188421726226807
                ],
                [
                    0.0,
                    0.8270707726478577,
                    -0.5620977282524109,
                    -2.2658884525299072
                ],
                [
                    0.0,
                    0.0,
                    0.0,
                    1.0
                ]
            ]
        },
        {
            "file_path": "/data/shapenet_blender/all_50_random/02958343/e57092f6c51ed37dafa781871c8b9ebb/r_16",
            "rotation": 0.12566370614359174,
            "transform_matrix": [
                [
                    -0.3359196186065674,
                    -0.21381965279579163,
                    -0.9172998666763306,
                    -3.697754383087158
                ],
                [
                    -0.9418907165527344,
                    0.07625748217105865,
                    0.3271494209766388,
                    1.3187816143035889
                ],
                [
                    0.0,
                    0.9738921523094177,
                    -0.22701109945774078,
                    -0.9151110649108887
                ],
                [
                    0.0,
                    0.0,
                    0.0,
                    1.0
                ]
            ]
        },
        {
            "file_path": "/data/shapenet_blender/all_50_random/02958343/e57092f6c51ed37dafa781871c8b9ebb/r_17",
            "rotation": 0.12566370614359174,
            "transform_matrix": [
                [
                    0.23909996449947357,
                    -0.08983492106199265,
                    -0.9668303728103638,
                    -3.8974177837371826
                ],
                [
                    -0.9709950089454651,
                    -0.02212115004658699,
                    -0.23807445168495178,
                    -0.9597088098526001
                ],
                [
                    0.0,
                    0.9957109689712524,
                    -0.09251842647790909,
                    -0.37295371294021606
                ],
                [
                    0.0,
                    0.0,
                    0.0,
                    1.0
                ]
            ]
        },
        {
            "file_path": "/data/shapenet_blender/all_50_random/02958343/e57092f6c51ed37dafa781871c8b9ebb/r_18",
            "rotation": 0.12566370614359174,
            "transform_matrix": [
                [
                    0.679563581943512,
                    0.31589823961257935,
                    0.6621190905570984,
                    2.6690874099731445
                ],
                [
                    0.7336166501045227,
                    -0.29262277483940125,
                    -0.6133340001106262,
                    -2.472428321838379
                ],
                [
                    0.0,
                    0.902540922164917,
                    -0.4306040406227112,
                    -1.7358204126358032
                ],
                [
                    0.0,
                    0.0,
                    0.0,
                    1.0
                ]
            ]
        },
        {
            "file_path": "/data/shapenet_blender/all_50_random/02958343/e57092f6c51ed37dafa781871c8b9ebb/r_19",
            "rotation": 0.12566370614359174,
            "transform_matrix": [
                [
                    0.4301185607910156,
                    0.4442717432975769,
                    -0.7858884930610657,
                    -3.168017864227295
                ],
                [
                    -0.9027724862098694,
                    0.21166962385177612,
                    -0.3744301199913025,
                    -1.509376049041748
                ],
                [
                    0.0,
                    0.8705277442932129,
                    0.49211931228637695,
                    1.9837963581085205
                ],
                [
                    0.0,
                    0.0,
                    0.0,
                    1.0
                ]
            ]
        },
        {
            "file_path": "/data/shapenet_blender/all_50_random/02958343/e57092f6c51ed37dafa781871c8b9ebb/r_20",
            "rotation": 0.12566370614359174,
            "transform_matrix": [
                [
                    -0.8521855473518372,
                    0.005328665021806955,
                    0.5232126116752625,
                    2.109137535095215
                ],
                [
                    0.5232397317886353,
                    0.008678643964231014,
                    0.8521413207054138,
                    3.435091495513916
                ],
                [
                    -4.656612873077393e-10,
                    0.9999481439590454,
                    -0.010183984413743019,
                    -0.04105295613408089
                ],
                [
                    0.0,
                    0.0,
                    0.0,
                    1.0
                ]
            ]
        },
        {
            "file_path": "/data/shapenet_blender/all_50_random/02958343/e57092f6c51ed37dafa781871c8b9ebb/r_21",
            "rotation": 0.12566370614359174,
            "transform_matrix": [
                [
                    -0.89792799949646,
                    -0.3038547933101654,
                    -0.31842970848083496,
                    -1.2836312055587769
                ],
                [
                    -0.44014227390289307,
                    0.6198898553848267,
                    0.6496239304542542,
                    2.618717908859253
                ],
                [
                    0.0,
                    0.7234699130058289,
                    -0.6903558969497681,
                    -2.7829136848449707
                ],
                [
                    0.0,
                    0.0,
                    0.0,
                    1.0
                ]
            ]
        },
        {
            "file_path": "/data/shapenet_blender/all_50_random/02958343/e57092f6c51ed37dafa781871c8b9ebb/r_22",
            "rotation": 0.12566370614359174,
            "transform_matrix": [
                [
                    0.729655385017395,
                    0.02918425016105175,
                    -0.6831920146942139,
                    -2.7540347576141357
                ],
                [
                    -0.6838150024414062,
                    0.031140651553869247,
                    -0.7289906144142151,
                    -2.938654899597168
                ],
                [
                    0.0,
                    0.9990888237953186,
                    0.042678575962781906,
                    0.1720428168773651
                ],
                [
                    0.0,
                    0.0,
                    0.0,
                    1.0
                ]
            ]
        },
        {
            "file_path": "/data/shapenet_blender/all_50_random/02958343/e57092f6c51ed37dafa781871c8b9ebb/r_23",
            "rotation": 0.12566370614359174,
            "transform_matrix": [
                [
                    -0.6025585532188416,
                    -0.06578342616558075,
                    -0.7953588366508484,
                    -3.2061939239501953
                ],
                [
                    -0.7980745434761047,
                    0.04966749623417854,
                    0.6005080938339233,
                    2.4207255840301514
                ],
                [
                    0.0,
                    0.9965970516204834,
                    -0.08242765814065933,
                    -0.33227649331092834
                ],
                [
                    0.0,
                    0.0,
                    0.0,
                    1.0
                ]
            ]
        },
        {
            "file_path": "/data/shapenet_blender/all_50_random/02958343/e57092f6c51ed37dafa781871c8b9ebb/r_24",
            "rotation": 0.12566370614359174,
            "transform_matrix": [
                [
                    -0.9372968673706055,
                    -0.052262820303440094,
                    -0.34459125995635986,
                    -1.389091968536377
                ],
                [
                    -0.3485319912433624,
                    0.14054885506629944,
                    0.926699161529541,
                    3.7356441020965576
                ],
                [
                    0.0,
                    0.9886932969093323,
                    -0.1499512791633606,
                    -0.6044729948043823
                ],
                [
                    0.0,
                    0.0,
                    0.0,
                    1.0
                ]
            ]
        },
        {
            "file_path": "/data/shapenet_blender/all_50_random/02958343/e57092f6c51ed37dafa781871c8b9ebb/r_25",
            "rotation": 0.12566370614359174,
            "transform_matrix": [
                [
                    0.3675457537174225,
                    -0.07079838216304779,
                    0.9273066520690918,
                    3.7380928993225098
                ],
                [
                    0.9300054907798767,
                    0.027980098500847816,
                    -0.36647912859916687,
                    -1.4773247241973877
                ],
                [
                    -1.862645149230957e-09,
                    0.9970982074737549,
                    0.0761268362402916,
                    0.30687713623046875
                ],
                [
                    0.0,
                    0.0,
                    0.0,
                    1.0
                ]
            ]
        },
        {
            "file_path": "/data/shapenet_blender/all_50_random/02958343/e57092f6c51ed37dafa781871c8b9ebb/r_26",
            "rotation": 0.12566370614359174,
            "transform_matrix": [
                [
                    -0.8009159564971924,
                    0.34902092814445496,
                    0.4865369200706482,
                    1.96129310131073
                ],
                [
                    0.5987769365310669,
                    0.46684566140174866,
                    0.6507851481437683,
                    2.623398780822754
                ],
                [
                    -1.4901162970204496e-08,
                    0.8125512003898621,
                    -0.5828897356987,
                    -2.349703788757324
                ],
                [
                    0.0,
                    0.0,
                    0.0,
                    1.0
                ]
            ]
        },
        {
            "file_path": "/data/shapenet_blender/all_50_random/02958343/e57092f6c51ed37dafa781871c8b9ebb/r_27",
            "rotation": 0.12566370614359174,
            "transform_matrix": [
                [
                    0.9640098810195923,
                    -0.057975463569164276,
                    0.25946852564811707,
                    1.0459511280059814
                ],
                [
                    0.2658666670322418,
                    0.21021410822868347,
                    -0.9408107995986938,
                    -3.792529582977295
                ],
                [
                    -3.725290742551124e-09,
                    0.9759348034858704,
                    0.21806220710277557,
                    0.8790369033813477
                ],
                [
                    0.0,
                    0.0,
                    0.0,
                    1.0
                ]
            ]
        },
        {
            "file_path": "/data/shapenet_blender/all_50_random/02958343/e57092f6c51ed37dafa781871c8b9ebb/r_28",
            "rotation": 0.12566370614359174,
            "transform_matrix": [
                [
                    0.8071702122688293,
                    0.24186167120933533,
                    0.5384970307350159,
                    2.170750856399536
                ],
                [
                    0.5903186202049255,
                    -0.33070874214172363,
                    -0.7363121509552002,
                    -2.9681692123413086
                ],
                [
                    -1.4901160305669237e-08,
                    0.9122141599655151,
                    -0.4097137153148651,
                    -1.6516088247299194
                ],
                [
                    0.0,
                    0.0,
                    0.0,
                    1.0
                ]
            ]
        },
        {
            "file_path": "/data/shapenet_blender/all_50_random/02958343/e57092f6c51ed37dafa781871c8b9ebb/r_29",
            "rotation": 0.12566370614359174,
            "transform_matrix": [
                [
                    0.7981593608856201,
                    0.48878583312034607,
                    -0.3521791100502014,
                    -1.4196794033050537
                ],
                [
                    -0.6024464964866638,
                    0.6475744843482971,
                    -0.46658921241760254,
                    -1.8808813095092773
                ],
                [
                    1.4901162970204496e-08,
                    0.5845814347267151,
                    0.8113349080085754,
                    3.2705955505371094
                ],
                [
                    0.0,
                    0.0,
                    0.0,
                    1.0
                ]
            ]
        },
        {
            "file_path": "/data/shapenet_blender/all_50_random/02958343/e57092f6c51ed37dafa781871c8b9ebb/r_30",
            "rotation": 0.12566370614359174,
            "transform_matrix": [
                [
                    -0.979522168636322,
                    -0.12904974818229675,
                    0.1545400321483612,
                    0.6229708790779114
                ],
                [
                    0.20133671164512634,
                    -0.6278393268585205,
                    0.7518519163131714,
                    3.0308122634887695
                ],
                [
                    7.450580596923828e-09,
                    0.7675701379776001,
                    0.6409648656845093,
                    2.5838122367858887
                ],
                [
                    0.0,
                    0.0,
                    0.0,
                    1.0
                ]
            ]
        },
        {
            "file_path": "/data/shapenet_blender/all_50_random/02958343/e57092f6c51ed37dafa781871c8b9ebb/r_31",
            "rotation": 0.12566370614359174,
            "transform_matrix": [
                [
                    0.8207476139068604,
                    -0.35250991582870483,
                    -0.4495665729045868,
                    -1.8122608661651611
                ],
                [
                    -0.571290910243988,
                    -0.5064349174499512,
                    -0.6458717584609985,
                    -2.6035923957824707
                ],
                [
                    -1.4901161193847656e-08,
                    0.7869309782981873,
                    -0.6170409917831421,
                    -2.4873716831207275
                ],
                [
                    0.0,
                    0.0,
                    0.0,
                    1.0
                ]
            ]
        },
        {
            "file_path": "/data/shapenet_blender/all_50_random/02958343/e57092f6c51ed37dafa781871c8b9ebb/r_32",
            "rotation": 0.12566370614359174,
            "transform_matrix": [
                [
                    -0.36357635259628296,
                    -0.10565082728862762,
                    0.9255539774894714,
                    3.731027364730835
                ],
                [
                    0.9315645098686218,
                    -0.04123401641845703,
                    0.3612305521965027,
                    1.4561669826507568
                ],
                [
                    0.0,
                    0.9935479760169983,
                    0.1134122759103775,
                    0.4571795165538788
                ],
                [
                    0.0,
                    0.0,
                    0.0,
                    1.0
                ]
            ]
        },
        {
            "file_path": "/data/shapenet_blender/all_50_random/02958343/e57092f6c51ed37dafa781871c8b9ebb/r_33",
            "rotation": 0.12566370614359174,
            "transform_matrix": [
                [
                    0.010614150203764439,
                    0.9220933318138123,
                    0.38682180643081665,
                    1.5593286752700806
                ],
                [
                    0.9999436140060425,
                    -0.0097877886146307,
                    -0.004106015898287296,
                    -0.016551882028579712
                ],
                [
                    0.0,
                    0.3868436813354492,
                    -0.9221452474594116,
                    -3.7172865867614746
                ],
                [
                    0.0,
                    0.0,
                    0.0,
                    1.0
                ]
            ]
        },
        {
            "file_path": "/data/shapenet_blender/all_50_random/02958343/e57092f6c51ed37dafa781871c8b9ebb/r_34",
            "rotation": 0.12566370614359174,
            "transform_matrix": [
                [
                    -0.2671443223953247,
                    0.6808631420135498,
                    0.6819525361061096,
                    2.7490386962890625
                ],
                [
                    0.9636565446853638,
                    0.18874847888946533,
                    0.18905048072338104,
                    0.7620868682861328
                ],
                [
                    0.0,
                    0.7076718807220459,
                    -0.7065412998199463,
                    -2.848159074783325
                ],
                [
                    0.0,
                    0.0,
                    0.0,
                    1.0
                ]
            ]
        },
        {
            "file_path": "/data/shapenet_blender/all_50_random/02958343/e57092f6c51ed37dafa781871c8b9ebb/r_35",
            "rotation": 0.12566370614359174,
            "transform_matrix": [
                [
                    -0.7400637865066528,
                    -0.08897384256124496,
                    0.6666252017021179,
                    2.6872522830963135
                ],
                [
                    0.6725366711616516,
                    -0.09790739417076111,
                    0.733558714389801,
                    2.9570701122283936
                ],
                [
                    0.0,
                    0.9912102222442627,
                    0.1322958767414093,
                    0.5333017706871033
                ],
                [
                    0.0,
                    0.0,
                    0.0,
                    1.0
                ]
            ]
        },
        {
            "file_path": "/data/shapenet_blender/all_50_random/02958343/e57092f6c51ed37dafa781871c8b9ebb/r_36",
            "rotation": 0.12566370614359174,
            "transform_matrix": [
                [
                    0.9054639339447021,
                    0.2873885929584503,
                    0.3123187720775604,
                    1.2589972019195557
                ],
                [
                    0.4244234561920166,
                    -0.6131141185760498,
                    -0.6663001179695129,
                    -2.685941696166992
                ],
                [
                    -1.4901162970204496e-08,
                    0.735866129398346,
                    -0.6771270632743835,
                    -2.729586601257324
                ],
                [
                    0.0,
                    0.0,
                    0.0,
                    1.0
                ]
            ]
        },
        {
            "file_path": "/data/shapenet_blender/all_50_random/02958343/e57092f6c51ed37dafa781871c8b9ebb/r_37",
            "rotation": 0.12566370614359174,
            "transform_matrix": [
                [
                    -0.928942859172821,
                    0.32768091559410095,
                    -0.17230913043022156,
                    -0.6946003437042236
                ],
                [
                    -0.3702232241630554,
                    -0.8221980929374695,
                    0.43234819173812866,
                    1.7428512573242188
                ],
                [
                    1.4901161193847656e-08,
                    0.4654195308685303,
                    0.885090172290802,
                    3.5679125785827637
                ],
                [
                    0.0,
                    0.0,
                    0.0,
                    1.0
                ]
            ]
        },
        {
            "file_path": "/data/shapenet_blender/all_50_random/02958343/e57092f6c51ed37dafa781871c8b9ebb/r_38",
            "rotation": 0.12566370614359174,
            "transform_matrix": [
                [
                    -0.9611667394638062,
                    0.16691428422927856,
                    -0.2197687029838562,
                    -0.885915994644165
                ],
                [
                    -0.27596861124038696,
                    -0.5813431143760681,
                    0.7654289603233337,
                    3.085542917251587
                ],
                [
                    0.0,
                    0.7963540554046631,
                    0.6048306822776794,
                    2.438150405883789
                ],
                [
                    0.0,
                    0.0,
                    0.0,
                    1.0
                ]
            ]
        },
        {
            "file_path": "/data/shapenet_blender/all_50_random/02958343/e57092f6c51ed37dafa781871c8b9ebb/r_39",
            "rotation": 0.12566370614359174,
            "transform_matrix": [
                [
                    -0.9998300671577454,
                    0.006313909776508808,
                    -0.01732615754008293,
                    -0.06984397768974304
                ],
                [
                    -0.01844075135886669,
                    -0.34233078360557556,
                    0.939398467540741,
                    3.7868363857269287
                ],
                [
                    0.0,
                    0.9395583271980286,
                    0.34238898754119873,
                    1.3802142143249512
                ],
                [
                    0.0,
                    0.0,
                    0.0,
                    1.0
                ]
            ]
        },
        {
            "file_path": "/data/shapenet_blender/all_50_random/02958343/e57092f6c51ed37dafa781871c8b9ebb/r_40",
            "rotation": 0.12566370614359174,
            "transform_matrix": [
                [
                    -0.9994990825653076,
                    -0.006340842228382826,
                    0.031008239835500717,
                    0.12499821186065674
                ],
                [
                    0.03164991736412048,
                    -0.20024272799491882,
                    0.9792349934577942,
                    3.947422504425049
                ],
                [
                    0.0,
                    0.9797258377075195,
                    0.2003430873155594,
                    0.8076088428497314
                ],
                [
                    0.0,
                    0.0,
                    0.0,
                    1.0
                ]
            ]
        },
        {
            "file_path": "/data/shapenet_blender/all_50_random/02958343/e57092f6c51ed37dafa781871c8b9ebb/r_41",
            "rotation": 0.12566370614359174,
            "transform_matrix": [
                [
                    -0.7055957317352295,
                    0.16533413529396057,
                    0.6890567541122437,
                    2.777676582336426
                ],
                [
                    0.7086145877838135,
                    0.16462978720664978,
                    0.6861212849617004,
