{
    "class": "02958343",
    "model": "beec9297d087a1677e19c609c6e24294",
    "remove_doubles": true,
    "edge_split": true,
    "denoise": true,
    "camera_angle_x": 0.6911112070083618,
    "scale_factor": 2.1805233565590676,
    "hdri_file": "/data/IndoorHDRDataset2018/AG8A3722-57b171230f.exr",
    "center_offset": [
        0.0,
        0.0,
        -4.656612873077393e-10
    ],
    "lights": [],
    "frames": [
        {
            "file_path": "/data/shapenet_blender/all_50_random/02958343/beec9297d087a1677e19c609c6e24294/r_0",
            "rotation": 0.12566370614359174,
            "transform_matrix": [
                [
                    0.43979597091674805,
                    -0.3464273512363434,
                    0.8285937309265137,
                    3.3401682376861572
                ],
                [
                    0.8980977535247803,
                    0.1696445196866989,
                    -0.4057600498199463,
                    -1.6356711387634277
                ],
                [
                    0.0,
                    0.9226097464561462,
                    0.3857346177101135,
                    1.554945945739746
                ],
                [
                    0.0,
                    0.0,
                    0.0,
                    1.0
                ]
            ]
        },
        {
            "file_path": "/data/shapenet_blender/all_50_random/02958343/beec9297d087a1677e19c609c6e24294/r_1",
            "rotation": 0.12566370614359174,
            "transform_matrix": [
                [
                    -0.3693355917930603,
                    -0.8208653330802917,
                    0.4356275796890259,
                    1.7560710906982422
                ],
                [
                    0.9292961359024048,
                    -0.32624128460884094,
                    0.173133984208107,
                    0.6979254484176636
                ],
                [
                    1.4901161193847656e-08,
                    0.4687715172767639,
                    0.8833193182945251,
                    3.560774326324463
                ],
                [
                    0.0,
                    0.0,
                    0.0,
                    1.0
                ]
            ]
        },
        {
            "file_path": "/data/shapenet_blender/all_50_random/02958343/beec9297d087a1677e19c609c6e24294/r_2",
            "rotation": 0.12566370614359174,
            "transform_matrix": [
                [
                    0.1460338830947876,
                    0.08844201266765594,
                    0.9853183031082153,
                    3.97194504737854
                ],
                [
                    0.9892796277999878,
                    -0.013055490329861641,
                    -0.14544913172721863,
                    -0.5863242149353027
                ],
                [
                    0.0,
                    0.9959957003593445,
                    -0.08940042555332184,
                    -0.36038464307785034
                ],
                [
                    0.0,
                    0.0,
                    0.0,
                    1.0
                ]
            ]
        },
        {
            "file_path": "/data/shapenet_blender/all_50_random/02958343/beec9297d087a1677e19c609c6e24294/r_3",
            "rotation": 0.12566370614359174,
            "transform_matrix": [
                [
                    -0.9782965779304504,
                    0.021333226934075356,
                    0.20610858500003815,
                    0.8308503031730652
                ],
                [
                    0.20720969140529633,
                    0.10072030127048492,
                    0.9730979204177856,
                    3.9226832389831543
                ],
                [
                    0.0,
                    0.9946860671043396,
                    -0.10295477509498596,
                    -0.4150239825248718
                ],
                [
                    0.0,
                    0.0,
                    0.0,
                    1.0
                ]
            ]
        },
        {
            "file_path": "/data/shapenet_blender/all_50_random/02958343/beec9297d087a1677e19c609c6e24294/r_4",
            "rotation": 0.12566370614359174,
            "transform_matrix": [
                [
                    0.5500037670135498,
                    0.2944888472557068,
                    0.7815191149711609,
                    3.150404214859009
                ],
                [
                    0.8351621627807617,
                    -0.19393838942050934,
                    -0.5146766901016235,
                    -2.074728012084961
                ],
                [
                    0.0,
                    0.9357692003250122,
                    -0.35261285305023193,
                    -1.421427845954895
                ],
                [
                    0.0,
                    0.0,
                    0.0,
                    1.0
                ]
            ]
        },
        {
            "file_path": "/data/shapenet_blender/all_50_random/02958343/beec9297d087a1677e19c609c6e24294/r_5",
            "rotation": 0.12566370614359174,
            "transform_matrix": [
                [
                    0.9634348750114441,
                    0.11552038043737411,
                    0.24176077544689178,
                    0.9745689034461975
                ],
                [
                    0.2679425776004791,
                    -0.41537386178970337,
                    -0.8692934513092041,
                    -3.5042343139648438
                ],
                [
                    0.0,
                    0.9022857546806335,
                    -0.43113845586776733,
                    -1.7379748821258545
                ],
                [
                    0.0,
                    0.0,
                    0.0,
                    1.0
                ]
            ]
        },
        {
            "file_path": "/data/shapenet_blender/all_50_random/02958343/beec9297d087a1677e19c609c6e24294/r_6",
            "rotation": 0.12566370614359174,
            "transform_matrix": [
                [
                    -0.5378674864768982,
                    0.8054734468460083,
                    0.24881944060325623,
                    1.0030232667922974
                ],
                [
                    0.8430294394493103,
                    0.5139061212539673,
                    0.15875114500522614,
                    0.6399463415145874
                ],
                [
                    0.0,
                    0.2951491177082062,
                    -0.9554511308670044,
                    -3.8515467643737793
                ],
                [
                    0.0,
                    0.0,
                    0.0,
                    1.0
                ]
            ]
        },
        {
            "file_path": "/data/shapenet_blender/all_50_random/02958343/beec9297d087a1677e19c609c6e24294/r_7",
            "rotation": 0.12566370614359174,
            "transform_matrix": [
                [
                    0.7789247035980225,
                    0.2951905429363251,
                    -0.5532981753349304,
                    -2.2304165363311768
                ],
                [
                    -0.6271175742149353,
                    0.36664772033691406,
                    -0.6872357726097107,
                    -2.770336151123047
                ],
                [
                    1.4901161193847656e-08,
                    0.8822879195213318,
                    0.47071003913879395,
                    1.8974931240081787
                ],
                [
                    0.0,
                    0.0,
                    0.0,
                    1.0
                ]
            ]
        },
        {
            "file_path": "/data/shapenet_blender/all_50_random/02958343/beec9297d087a1677e19c609c6e24294/r_8",
            "rotation": 0.12566370614359174,
            "transform_matrix": [
                [
                    0.16458724439144135,
                    -0.6497533321380615,
                    0.742112934589386,
                    2.9915528297424316
                ],
                [
                    0.9863625168800354,
                    0.10841968655586243,
                    -0.12383107095956802,
                    -0.49917900562286377
                ],
                [
                    7.450580152834618e-09,
                    0.7523733377456665,
                    0.6587368845939636,
                    2.6554532051086426
                ],
                [
                    0.0,
                    0.0,
                    0.0,
                    1.0
                ]
            ]
        },
        {
            "file_path": "/data/shapenet_blender/all_50_random/02958343/beec9297d087a1677e19c609c6e24294/r_9",
            "rotation": 0.12566370614359174,
            "transform_matrix": [
                [
                    0.7535123825073242,
                    -0.08159590512514114,
                    0.6523506045341492,
                    2.629709482192993
                ],
                [
                    0.657433807849884,
                    0.09352047741413116,
                    -0.7476862072944641,
                    -3.01401948928833
                ],
                [
                    -7.450581485102248e-09,
                    0.9922680258750916,
                    0.12411274760961533,
                    0.500314474105835
                ],
                [
                    0.0,
                    0.0,
                    0.0,
                    1.0
                ]
            ]
        },
        {
            "file_path": "/data/shapenet_blender/all_50_random/02958343/beec9297d087a1677e19c609c6e24294/r_10",
            "rotation": 0.12566370614359174,
            "transform_matrix": [
                [
                    -0.3050483763217926,
                    -0.8207677602767944,
                    0.4829965829849243,
                    1.947021245956421
                ],
                [
                    0.9523369669914246,
                    -0.26290470361709595,
                    0.15471133589744568,
                    0.6236612796783447
                ],
                [
                    0.0,
                    0.5071696639060974,
                    0.8618461489677429,
                    3.474212646484375
                ],
                [
                    0.0,
                    0.0,
                    0.0,
                    1.0
                ]
            ]
        },
        {
            "file_path": "/data/shapenet_blender/all_50_random/02958343/beec9297d087a1677e19c609c6e24294/r_11",
            "rotation": 0.12566370614359174,
            "transform_matrix": [
                [
                    -0.6151937246322632,
                    0.024967972189188004,
                    0.7879804968833923,
                    3.176450729370117
                ],
                [
                    0.7883759140968323,
                    0.01948326826095581,
                    0.614885151386261,
                    2.4786813259124756
                ],
                [
                    9.313225191043273e-10,
                    0.9994983673095703,
                    -0.031670134514570236,
                    -0.1276663988828659
                ],
                [
                    0.0,
                    0.0,
                    0.0,
                    1.0
                ]
            ]
        },
        {
            "file_path": "/data/shapenet_blender/all_50_random/02958343/beec9297d087a1677e19c609c6e24294/r_12",
            "rotation": 0.12566370614359174,
            "transform_matrix": [
                [
                    -0.6179850697517395,
                    -0.6316742300987244,
                    -0.46806204319000244,
                    -1.8868184089660645
                ],
                [
                    -0.7861899137496948,
                    0.49652794003486633,
                    0.367920458316803,
                    1.4831348657608032
                ],
                [
                    0.0,
                    0.5953549146652222,
                    -0.8034627437591553,
                    -3.2388620376586914
                ],
                [
                    0.0,
                    0.0,
                    0.0,
                    1.0
                ]
            ]
        },
        {
            "file_path": "/data/shapenet_blender/all_50_random/02958343/beec9297d087a1677e19c609c6e24294/r_13",
            "rotation": 0.12566370614359174,
            "transform_matrix": [
                [
                    -0.8250730633735657,
                    0.310661643743515,
                    0.47195741534233093,
                    1.9025212526321411
                ],
                [
                    0.565026044845581,
                    0.4536401927471161,
                    0.6891705393791199,
                    2.778135299682617
                ],
                [
                    0.0,
                    0.8352842926979065,
                    -0.5498182773590088,
                    -2.216388463973999
                ],
                [
                    0.0,
                    0.0,
                    0.0,
                    1.0
                ]
            ]
        },
        {
            "file_path": "/data/shapenet_blender/all_50_random/02958343/beec9297d087a1677e19c609c6e24294/r_14",
            "rotation": 0.12566370614359174,
            "transform_matrix": [
                [
                    0.8268056511878967,
                    -0.11657211929559708,
                    -0.5502756834030151,
                    -2.2182323932647705
                ],
                [
                    -0.5624877214431763,
                    -0.171350359916687,
                    -0.8088549971580505,
                    -3.260599136352539
                ],
                [
                    -7.450581485102248e-09,
                    0.9782891869544983,
                    -0.20724382996559143,
                    -0.8354266881942749
                ],
                [
                    0.0,
                    0.0,
                    0.0,
                    1.0
                ]
            ]
        },
        {
            "file_path": "/data/shapenet_blender/all_50_random/02958343/beec9297d087a1677e19c609c6e24294/r_15",
            "rotation": 0.12566370614359174,
            "transform_matrix": [
                [
                    0.44759809970855713,
                    0.2660629153251648,
                    0.8537366986274719,
                    3.4415228366851807
                ],
                [
                    0.8942347764968872,
                    -0.13317449390888214,
                    -0.42732730507850647,
                    -1.7226115465164185
                ],
                [
                    7.450580152834618e-09,
                    0.9547120332717896,
                    -0.297531396150589,
                    -1.199387550354004
                ],
                [
                    0.0,
                    0.0,
                    0.0,
                    1.0
                ]
            ]
        },
        {
            "file_path": "/data/shapenet_blender/all_50_random/02958343/beec9297d087a1677e19c609c6e24294/r_16",
            "rotation": 0.12566370614359174,
            "transform_matrix": [
                [
                    0.2370777428150177,
                    0.3419811725616455,
                    0.9093090891838074,
                    3.6655421257019043
                ],
                [
                    0.9714906811714172,
                    -0.08345537632703781,
                    -0.2219032496213913,
                    -0.89452064037323
                ],
                [
                    0.0,
                    0.9359936118125916,
                    -0.35201695561408997,
                    -1.4190257787704468
                ],
                [
                    0.0,
                    0.0,
                    0.0,
                    1.0
                ]
            ]
        },
        {
            "file_path": "/data/shapenet_blender/all_50_random/02958343/beec9297d087a1677e19c609c6e24294/r_17",
            "rotation": 0.12566370614359174,
            "transform_matrix": [
                [
                    -0.716460108757019,
                    -0.6316948533058167,
                    -0.2960513234138489,
                    -1.1934210062026978
                ],
                [
                    -0.6976280212402344,
                    0.6487471461296082,
                    0.30404308438301086,
                    1.2256368398666382
                ],
                [
                    0.0,
                    0.42436838150024414,
                    -0.9054895639419556,
                    -3.6501452922821045
                ],
                [
                    0.0,
                    0.0,
                    0.0,
                    1.0
                ]
            ]
        },
        {
            "file_path": "/data/shapenet_blender/all_50_random/02958343/beec9297d087a1677e19c609c6e24294/r_18",
            "rotation": 0.12566370614359174,
            "transform_matrix": [
                [
                    0.38123542070388794,
                    0.5324649810791016,
                    -0.7557384967803955,
                    -3.0464792251586914
                ],
                [
                    -0.9244779944419861,
                    0.21957744657993317,
                    -0.3116507828235626,
                    -1.2563045024871826
                ],
                [
                    0.0,
                    0.8174758553504944,
                    0.5759628415107727,
                    2.3217804431915283
                ],
                [
                    0.0,
                    0.0,
                    0.0,
                    1.0
                ]
            ]
        },
        {
            "file_path": "/data/shapenet_blender/all_50_random/02958343/beec9297d087a1677e19c609c6e24294/r_19",
            "rotation": 0.12566370614359174,
            "transform_matrix": [
                [
                    0.25552040338516235,
                    -0.834037721157074,
                    -0.4889686703681946,
                    -1.9710958003997803
                ],
                [
                    -0.9668036699295044,
                    -0.2204311639070511,
                    -0.12923148274421692,
                    -0.5209487676620483
                ],
                [
                    -7.450580596923828e-09,
                    0.5057579278945923,
                    -0.8626753687858582,
                    -3.477555751800537
                ],
                [
                    0.0,
                    0.0,
                    0.0,
                    1.0
                ]
            ]
        },
        {
            "file_path": "/data/shapenet_blender/all_50_random/02958343/beec9297d087a1677e19c609c6e24294/r_20",
            "rotation": 0.12566370614359174,
            "transform_matrix": [
                [
                    0.3780719041824341,
                    -0.7498989701271057,
                    -0.5428748726844788,
                    -2.188398838043213
                ],
                [
                    -0.9257761240005493,
                    -0.3062465190887451,
                    -0.2217012643814087,
                    -0.8937064409255981
                ],
                [
                    1.4901159417490817e-08,
                    0.5863997936248779,
                    -0.8100217580795288,
                    -3.2653024196624756
                ],
                [
                    0.0,
                    0.0,
                    0.0,
                    1.0
                ]
            ]
        },
        {
            "file_path": "/data/shapenet_blender/all_50_random/02958343/beec9297d087a1677e19c609c6e24294/r_21",
            "rotation": 0.12566370614359174,
            "transform_matrix": [
                [
                    0.4761824309825897,
                    0.2209513783454895,
                    0.8511349558830261,
                    3.431034803390503
                ],
                [
                    0.8793465495109558,
                    -0.11964926868677139,
                    -0.4609053432941437,
                    -1.8579689264297485
                ],
                [
                    0.0,
                    0.9679175615310669,
                    -0.2512677311897278,
                    -1.0128926038742065
                ],
                [
                    0.0,
                    0.0,
                    0.0,
                    1.0
                ]
            ]
        },
        {
            "file_path": "/data/shapenet_blender/all_50_random/02958343/beec9297d087a1677e19c609c6e24294/r_22",
            "rotation": 0.12566370614359174,
            "transform_matrix": [
                [
                    -0.4527900218963623,
                    -0.7985928058624268,
                    -0.39652323722839355,
                    -1.5984364748001099
                ],
                [
                    -0.8916171789169312,
                    0.40554946660995483,
                    0.20136642456054688,
                    0.8117340803146362
                ],
                [
                    1.4901161193847656e-08,
                    0.4447237551212311,
                    -0.8956677317619324,
                    -3.6105523109436035
                ],
                [
                    0.0,
                    0.0,
                    0.0,
                    1.0
                ]
            ]
        },
        {
            "file_path": "/data/shapenet_blender/all_50_random/02958343/beec9297d087a1677e19c609c6e24294/r_23",
            "rotation": 0.12566370614359174,
            "transform_matrix": [
                [
                    -0.5618402361869812,
                    0.18395815789699554,
                    -0.8065326809883118,
                    -3.251237154006958
                ],
                [
                    -0.8272457718849182,
                    -0.12493880838155746,
                    0.5477725267410278,
                    2.208141565322876
                ],
                [
                    -7.450580596923828e-09,
                    0.9749613404273987,
                    0.22237426042556763,
                    0.89641934633255
                ],
                [
                    0.0,
                    0.0,
                    0.0,
                    1.0
                ]
            ]
        },
        {
            "file_path": "/data/shapenet_blender/all_50_random/02958343/beec9297d087a1677e19c609c6e24294/r_24",
            "rotation": 0.12566370614359174,
            "transform_matrix": [
                [
                    -0.4391298294067383,
                    -0.2058183252811432,
                    -0.8745306134223938,
                    -3.525345802307129
                ],
                [
                    -0.8984236121177673,
                    0.100599505007267,
                    0.4274514615535736,
                    1.7231121063232422
                ],
                [
                    0.0,
                    0.9734057188034058,
                    -0.22908827662467957,
                    -0.9234844446182251
                ],
                [
                    0.0,
                    0.0,
                    0.0,
                    1.0
                ]
            ]
        },
        {
            "file_path": "/data/shapenet_blender/all_50_random/02958343/beec9297d087a1677e19c609c6e24294/r_25",
            "rotation": 0.12566370614359174,
            "transform_matrix": [
                [
                    0.7279791831970215,
                    -0.08301126211881638,
                    0.6805552840232849,
                    2.743406057357788
                ],
                [
                    0.6855993270874023,
                    0.08814254403114319,
                    -0.722623348236084,
                    -2.91298770904541
                ],
                [
                    0.0,
                    0.9926429390907288,
                    0.12107839435338974,
                    0.4880825877189636
                ],
                [
                    0.0,
                    0.0,
                    0.0,
                    1.0
                ]
            ]
        },
        {
            "file_path": "/data/shapenet_blender/all_50_random/02958343/beec9297d087a1677e19c609c6e24294/r_26",
            "rotation": 0.12566370614359174,
            "transform_matrix": [
                [
                    -0.28455179929733276,
                    -0.7166447043418884,
                    -0.6367499828338623,
                    -2.566821575164795
                ],
                [
                    -0.9586606621742249,
                    0.21271607279777527,
                    0.18900154531002045,
                    0.761889636516571
                ],
                [
                    0.0,
                    0.6642079949378967,
                    -0.7475477457046509,
                    -3.0134615898132324
                ],
                [
                    0.0,
                    0.0,
                    0.0,
                    1.0
                ]
            ]
        },
        {
            "file_path": "/data/shapenet_blender/all_50_random/02958343/beec9297d087a1677e19c609c6e24294/r_27",
            "rotation": 0.12566370614359174,
            "transform_matrix": [
                [
                    0.9236153364181519,
                    0.12088707089424133,
                    0.36375948786735535,
                    1.4663615226745605
                ],
                [
                    0.3833205997943878,
                    -0.29127880930900574,
                    -0.8764826655387878,
                    -3.533214807510376
                ],
                [
                    7.450580596923828e-09,
                    0.9489694237709045,
                    -0.31536805629730225,
                    -1.2712894678115845
                ],
                [
                    0.0,
                    0.0,
                    0.0,
                    1.0
                ]
            ]
        },
        {
            "file_path": "/data/shapenet_blender/all_50_random/02958343/beec9297d087a1677e19c609c6e24294/r_28",
            "rotation": 0.12566370614359174,
            "transform_matrix": [
                [
                    0.9656434059143066,
                    0.1775706559419632,
                    0.18974079191684723,
                    0.7648695707321167
                ],
                [
                    0.2598709464073181,
                    -0.6598271727561951,
                    -0.7050496935844421,
                    -2.842146158218384
                ],
                [
                    -1.4901161193847656e-08,
                    0.7301346659660339,
                    -0.68330317735672,
                    -2.754483222961426
                ],
                [
                    0.0,
                    0.0,
                    0.0,
                    1.0
                ]
            ]
        },
        {
            "file_path": "/data/shapenet_blender/all_50_random/02958343/beec9297d087a1677e19c609c6e24294/r_29",
            "rotation": 0.12566370614359174,
            "transform_matrix": [
                [
                    -0.9548666477203369,
                    -0.005597891751676798,
                    0.29698196053504944,
                    1.1971726417541504
                ],
                [
                    0.29703474044799805,
                    -0.017995337024331093,
                    0.9546970129013062,
                    3.8485069274902344
                ],
                [
                    4.656612873077393e-10,
                    0.9998223185539246,
                    0.01884591579437256,
                    0.07597032189369202
                ],
                [
                    0.0,
                    0.0,
                    0.0,
                    1.0
                ]
            ]
        },
        {
            "file_path": "/data/shapenet_blender/all_50_random/02958343/beec9297d087a1677e19c609c6e24294/r_30",
            "rotation": 0.12566370614359174,
            "transform_matrix": [
                [
                    -0.9401465654373169,
                    -0.1480412632226944,
                    0.30693376064300537,
                    1.2372896671295166
                ],
                [
                    0.3407706022262573,
                    -0.40842869877815247,
                    0.8467947244644165,
                    3.413538932800293
                ],
                [
                    0.0,
                    0.9007051587104797,
                    0.434430867433548,
                    1.7512469291687012
                ],
                [
                    0.0,
                    0.0,
                    0.0,
                    1.0
                ]
            ]
        },
        {
            "file_path": "/data/shapenet_blender/all_50_random/02958343/beec9297d087a1677e19c609c6e24294/r_31",
            "rotation": 0.12566370614359174,
            "transform_matrix": [
                [
                    0.42869943380355835,
                    0.11960748583078384,
                    0.8954946994781494,
                    3.6098546981811523
                ],
                [
                    0.9034470915794373,
                    -0.05675557628273964,
                    -0.42492589354515076,
                    -1.7129310369491577
                ],
                [
                    0.0,
                    0.9911976456642151,
                    -0.1323901265859604,
                    -0.5336816906929016
                ],
                [
                    0.0,
                    0.0,
                    0.0,
                    1.0
                ]
            ]
        },
        {
            "file_path": "/data/shapenet_blender/all_50_random/02958343/beec9297d087a1677e19c609c6e24294/r_32",
            "rotation": 0.12566370614359174,
            "transform_matrix": [
                [
                    0.011775225400924683,
                    0.6901012659072876,
                    0.7236169576644897,
                    2.9169931411743164
                ],
                [
                    0.9999306797981262,
                    -0.00812666118144989,
                    -0.00852134358137846,
                    -0.03435063362121582
                ],
                [
                    0.0,
                    0.7236670255661011,
                    -0.690149188041687,
                    -2.7820804119110107
                ],
                [
                    0.0,
                    0.0,
                    0.0,
                    1.0
                ]
            ]
        },
        {
            "file_path": "/data/shapenet_blender/all_50_random/02958343/beec9297d087a1677e19c609c6e24294/r_33",
            "rotation": 0.12566370614359174,
            "transform_matrix": [
                [
                    0.9652727246284485,
                    0.004651144612580538,
                    0.26120278239250183,
                    1.052942156791687
                ],
                [
                    0.2612442374229431,
                    -0.01718554086983204,
                    -0.9651196599006653,
                    -3.890522003173828
                ],
                [
                    0.0,
                    0.9998414516448975,
                    -0.017803817987442017,
                    -0.07176949083805084
                ],
                [
                    0.0,
                    0.0,
                    0.0,
                    1.0
                ]
            ]
        },
        {
            "file_path": "/data/shapenet_blender/all_50_random/02958343/beec9297d087a1677e19c609c6e24294/r_34",
            "rotation": 0.12566370614359174,
            "transform_matrix": [
                [
                    0.3892199993133545,
                    0.395094633102417,
                    -0.832110583782196,
                    -3.3543450832366943
                ],
                [
                    -0.9211449027061462,
                    0.1669430434703827,
                    -0.35159948468208313,
                    -1.4173429012298584
                ],
                [
                    1.4901162970204496e-08,
                    0.9033437967300415,
                    0.4289169907569885,
                    1.7290196418762207
                ],
                [
                    0.0,
                    0.0,
                    0.0,
                    1.0
                ]
            ]
        },
        {
            "file_path": "/data/shapenet_blender/all_50_random/02958343/beec9297d087a1677e19c609c6e24294/r_35",
            "rotation": 0.12566370614359174,
            "transform_matrix": [
                [
                    -0.9806719422340393,
                    -0.03189951926469803,
                    0.1930415779352188,
                    0.7781754732131958
                ],
                [
                    0.19565948843955994,
                    -0.1598847210407257,
                    0.9675506353378296,
                    3.9003214836120605
                ],
                [
                    -1.862645149230957e-09,
                    0.9866201877593994,
                    0.16303588449954987,
                    0.6572186946868896
                ],
                [
                    0.0,
                    0.0,
                    0.0,
                    1.0
                ]
            ]
        },
        {
            "file_path": "/data/shapenet_blender/all_50_random/02958343/beec9297d087a1677e19c609c6e24294/r_36",
            "rotation": 0.12566370614359174,
            "transform_matrix": [
                [
                    0.5562126636505127,
                    -0.09440744668245316,
                    -0.8256601095199585,
                    -3.3283426761627197
                ],
                [
                    -0.8310400247573853,
                    -0.0631866380572319,
                    -0.5526118874549866,
                    -2.2276499271392822
                ],
                [
                    -7.450580596923828e-09,
                    0.9935263395309448,
                    -0.11360156536102295,
                    -0.45794257521629333
                ],
                [
                    0.0,
                    0.0,
                    0.0,
                    1.0
                ]
            ]
        },
        {
            "file_path": "/data/shapenet_blender/all_50_random/02958343/beec9297d087a1677e19c609c6e24294/r_37",
            "rotation": 0.12566370614359174,
            "transform_matrix": [
                [
                    -0.7215791344642639,
                    0.07556919008493423,
                    -0.6881952881813049,
                    -2.7742042541503906
                ],
                [
                    -0.6923320293426514,
                    -0.07876155525445938,
                    0.717267632484436,
                    2.8913986682891846
                ],
                [
                    3.725290742551124e-09,
                    0.9940251111984253,
                    0.10915165394544601,
                    0.4400044083595276
                ],
                [
                    0.0,
                    0.0,
                    0.0,
                    1.0
                ]
            ]
        },
        {
            "file_path": "/data/shapenet_blender/all_50_random/02958343/beec9297d087a1677e19c609c6e24294/r_38",
            "rotation": 0.12566370614359174,
            "transform_matrix": [
                [
                    -0.4858296811580658,
                    0.4289012551307678,
                    0.7615859508514404,
                    3.070051431655884
                ],
                [
                    0.8740535974502563,
                    0.23839837312698364,
                    0.42331621050834656,
                    1.7064423561096191
                ],
                [
                    1.4901162970204496e-08,
                    0.8713265061378479,
                    -0.49070364236831665,
                    -1.9780898094177246
                ],
                [
                    0.0,
                    0.0,
                    0.0,
                    1.0
                ]
            ]
        },
        {
            "file_path": "/data/shapenet_blender/all_50_random/02958343/beec9297d087a1677e19c609c6e24294/r_39",
            "rotation": 0.12566370614359174,
            "transform_matrix": [
                [
                    -0.555803120136261,
                    0.011047751642763615,
                    0.8312404751777649,
                    3.3508377075195312
                ],
                [
                    0.8313139081001282,
                    0.0073863486759364605,
                    0.5557540059089661,
                    2.240316390991211
                ],
                [
                    4.6566125955216364e-10,
                    0.9999116063117981,
                    -0.013289505615830421,
                    -0.05357171595096588
                ],
                [
                    0.0,
                    0.0,
                    0.0,
                    1.0
                ]
            ]
        },
        {
            "file_path": "/data/shapenet_blender/all_50_random/02958343/beec9297d087a1677e19c609c6e24294/r_40",
            "rotation": 0.12566370614359174,
            "transform_matrix": [
                [
                    0.8583884239196777,
                    -0.26745668053627014,
                    -0.4377627670764923,
                    -1.7646781206130981
                ],
                [
                    -0.5130003690719604,
                    -0.4475274384021759,
                    -0.7324956059455872,
                    -2.952784299850464
                ],
                [
                    -1.4901162970204496e-08,
                    0.8533381819725037,
                    -0.5213577151298523,
                    -2.1016602516174316
                ],
                [
                    0.0,
                    0.0,
                    0.0,
                    1.0
                ]
            ]
        },
        {
            "file_path": "/data/shapenet_blender/all_50_random/02958343/beec9297d087a1677e19c609c6e24294/r_41",
            "rotation": 0.12566370614359174,
            "transform_matrix": [
                [
                    0.7066080570220947,
                    -0.46928927302360535,
                    -0.529596745967865,
                    -2.1348726749420166
                ],
                [
                    -0.707605242729187,
                    -0.4686278998851776,
                    -0.5288503766059875,
                    -2.131864070892334
                ],
                [
