{
    "class": "02958343",
    "model": "4dca3760ae9748b6b0aa56928723eca5",
    "remove_doubles": true,
    "edge_split": true,
    "denoise": true,
    "camera_angle_x": 0.6911112070083618,
    "scale_factor": 2.251663998131802,
    "hdri_file": "/data/IndoorHDRDataset2018/9C4A0521-72b6a00e22.exr",
    "center_offset": [
        0.0,
        -9.313225746154785e-10,
        0.0
    ],
    "lights": [],
    "frames": [
        {
            "file_path": "/data/shapenet_blender/all_50_random/02958343/4dca3760ae9748b6b0aa56928723eca5/r_0",
            "rotation": 0.12566370614359174,
            "transform_matrix": [
                [
                    -0.6145658493041992,
                    -0.4194771349430084,
                    -0.6680926084518433,
                    -2.6931676864624023
                ],
                [
                    -0.7888656258583069,
                    0.32679373025894165,
                    0.5204776525497437,
                    2.0981128215789795
                ],
                [
                    -1.4901161193847656e-08,
                    0.8469031453132629,
                    -0.5317472219467163,
                    -2.1435418128967285
                ],
                [
                    0.0,
                    0.0,
                    0.0,
                    1.0
                ]
            ]
        },
        {
            "file_path": "/data/shapenet_blender/all_50_random/02958343/4dca3760ae9748b6b0aa56928723eca5/r_1",
            "rotation": 0.12566370614359174,
            "transform_matrix": [
                [
                    -0.09222449362277985,
                    0.6615151166915894,
                    -0.7442394495010376,
                    -3.0001254081726074
                ],
                [
                    -0.9957382082939148,
                    -0.06126900762319565,
                    0.06893087178468704,
                    0.27786925435066223
                ],
                [
                    3.7252896323280993e-09,
                    0.7474249005317688,
                    0.6643462777137756,
                    2.678065776824951
                ],
                [
                    0.0,
                    0.0,
                    0.0,
                    1.0
                ]
            ]
        },
        {
            "file_path": "/data/shapenet_blender/all_50_random/02958343/4dca3760ae9748b6b0aa56928723eca5/r_2",
            "rotation": 0.12566370614359174,
            "transform_matrix": [
                [
                    -0.9981933832168579,
                    0.0007799954037182033,
                    -0.06007761135697365,
                    -0.24218061566352844
                ],
                [
                    -0.060082677751779556,
                    -0.012958581559360027,
                    0.9981092214584351,
                    4.023507118225098
                ],
                [
                    0.0,
                    0.9999157786369324,
                    0.01298203319311142,
                    0.05233225226402283
                ],
                [
                    0.0,
                    0.0,
                    0.0,
                    1.0
                ]
            ]
        },
        {
            "file_path": "/data/shapenet_blender/all_50_random/02958343/4dca3760ae9748b6b0aa56928723eca5/r_3",
            "rotation": 0.12566370614359174,
            "transform_matrix": [
                [
                    0.17630501091480255,
                    -0.020824231207370758,
                    -0.9841153025627136,
                    -3.9670956134796143
                ],
                [
                    -0.9843356013298035,
                    -0.0037298426032066345,
                    -0.17626556754112244,
                    -0.7105492353439331
                ],
                [
                    0.0,
                    0.9997761249542236,
                    -0.021155623719096184,
                    -0.08528104424476624
                ],
                [
                    0.0,
                    0.0,
                    0.0,
                    1.0
                ]
            ]
        },
        {
            "file_path": "/data/shapenet_blender/all_50_random/02958343/4dca3760ae9748b6b0aa56928723eca5/r_4",
            "rotation": 0.12566370614359174,
            "transform_matrix": [
                [
                    0.5342977046966553,
                    0.6133620738983154,
                    0.5816466808319092,
                    2.3446924686431885
                ],
                [
                    0.845296323299408,
                    -0.38769593834877014,
                    -0.3676491677761078,
                    -1.4820410013198853
                ],
                [
                    0.0,
                    0.6880978941917419,
                    -0.7256179451942444,
                    -2.9250590801239014
                ],
                [
                    0.0,
                    0.0,
                    0.0,
                    1.0
                ]
            ]
        },
        {
            "file_path": "/data/shapenet_blender/all_50_random/02958343/4dca3760ae9748b6b0aa56928723eca5/r_5",
            "rotation": 0.12566370614359174,
            "transform_matrix": [
                [
                    -0.9396212100982666,
                    0.04527309164404869,
                    -0.33920857310295105,
                    -1.3673934936523438
                ],
                [
                    -0.34221649169921875,
                    -0.12430598586797714,
                    0.9313623309135437,
                    3.754441738128662
                ],
                [
                    -3.725290742551124e-09,
                    0.9912104606628418,
                    0.1322937309741974,
                    0.5332930684089661
                ],
                [
                    0.0,
                    0.0,
                    0.0,
                    1.0
                ]
            ]
        },
        {
            "file_path": "/data/shapenet_blender/all_50_random/02958343/4dca3760ae9748b6b0aa56928723eca5/r_6",
            "rotation": 0.12566370614359174,
            "transform_matrix": [
                [
                    -0.26249396800994873,
                    0.4618770182132721,
                    0.8472110629081726,
                    3.4152169227600098
                ],
                [
                    0.9649336934089661,
                    0.12564584612846375,
                    0.2304694950580597,
                    0.9290522336959839
                ],
                [
                    7.450581485102248e-09,
                    0.8779992461204529,
                    -0.4786619246006012,
                    -1.929547905921936
                ],
                [
                    0.0,
                    0.0,
                    0.0,
                    1.0
                ]
            ]
        },
        {
            "file_path": "/data/shapenet_blender/all_50_random/02958343/4dca3760ae9748b6b0aa56928723eca5/r_7",
            "rotation": 0.12566370614359174,
            "transform_matrix": [
                [
                    0.9626080989837646,
                    0.24693399667739868,
                    0.1113976240158081,
                    0.4490581750869751
                ],
                [
                    0.2708982229232788,
                    -0.8774538040161133,
                    -0.395839661359787,
                    -1.5956807136535645
                ],
                [
                    0.0,
                    0.41121578216552734,
                    -0.9115380048751831,
                    -3.674527168273926
                ],
                [
                    0.0,
                    0.0,
                    0.0,
                    1.0
                ]
            ]
        },
        {
            "file_path": "/data/shapenet_blender/all_50_random/02958343/4dca3760ae9748b6b0aa56928723eca5/r_8",
            "rotation": 0.12566370614359174,
            "transform_matrix": [
                [
                    -0.984581708908081,
                    0.012727868743240833,
                    0.17446166276931763,
                    0.7032773494720459
                ],
                [
                    0.1749253123998642,
                    0.07163986563682556,
                    0.9819720387458801,
                    3.9584553241729736
                ],
                [
                    9.313224635931761e-10,
                    0.9973493218421936,
                    -0.07276174426078796,
                    -0.2933119237422943
                ],
                [
                    0.0,
                    0.0,
                    0.0,
                    1.0
                ]
            ]
        },
        {
            "file_path": "/data/shapenet_blender/all_50_random/02958343/4dca3760ae9748b6b0aa56928723eca5/r_9",
            "rotation": 0.12566370614359174,
            "transform_matrix": [
                [
                    -0.7717931866645813,
                    -0.11402479559183121,
                    0.6255666017532349,
                    2.521739959716797
                ],
                [
                    0.6358736157417297,
                    -0.13839787244796753,
                    0.7592829465866089,
                    3.060767650604248
                ],
                [
                    7.450580596923828e-09,
                    0.9837907552719116,
                    0.17931987345218658,
                    0.7228615880012512
                ],
                [
                    0.0,
                    0.0,
                    0.0,
                    1.0
                ]
            ]
        },
        {
            "file_path": "/data/shapenet_blender/all_50_random/02958343/4dca3760ae9748b6b0aa56928723eca5/r_10",
            "rotation": 0.12566370614359174,
            "transform_matrix": [
                [
                    0.998231828212738,
                    0.03292793035507202,
                    0.04948801547288895,
                    0.19949257373809814
                ],
                [
                    0.05944167450070381,
                    -0.5529741644859314,
                    -0.8310753703117371,
                    -3.3501720428466797
                ],
                [
                    1.862645149230957e-09,
                    0.8325475454330444,
                    -0.5539535880088806,
                    -2.233058452606201
                ],
                [
                    0.0,
                    0.0,
                    0.0,
                    1.0
                ]
            ]
        },
        {
            "file_path": "/data/shapenet_blender/all_50_random/02958343/4dca3760ae9748b6b0aa56928723eca5/r_11",
            "rotation": 0.12566370614359174,
            "transform_matrix": [
                [
                    0.8818062543869019,
                    0.04158245027065277,
                    -0.46977511048316956,
                    -1.8937240839004517
                ],
                [
                    -0.4716119170188904,
                    0.07774966955184937,
                    -0.8783718943595886,
                    -3.540830373764038
                ],
                [
                    3.725290742551124e-09,
                    0.9961053133010864,
                    0.08817091584205627,
                    0.3554283380508423
                ],
                [
                    0.0,
                    0.0,
                    0.0,
                    1.0
                ]
            ]
        },
        {
            "file_path": "/data/shapenet_blender/all_50_random/02958343/4dca3760ae9748b6b0aa56928723eca5/r_12",
            "rotation": 0.12566370614359174,
            "transform_matrix": [
                [
                    0.08975846320390701,
                    -0.384101927280426,
                    0.9189172983169556,
                    3.7042744159698486
                ],
                [
                    0.9959635734558105,
                    0.034616123884916306,
                    -0.08281487971544266,
                    -0.33383747935295105
                ],
                [
                    0.0,
                    0.9226415753364563,
                    0.38565850257873535,
                    1.554639220237732
                ],
                [
                    0.0,
                    0.0,
                    0.0,
                    1.0
                ]
            ]
        },
        {
            "file_path": "/data/shapenet_blender/all_50_random/02958343/4dca3760ae9748b6b0aa56928723eca5/r_13",
            "rotation": 0.12566370614359174,
            "transform_matrix": [
                [
                    0.5235298275947571,
                    -0.15110011398792267,
                    0.8385018110275269,
                    3.3801088333129883
                ],
                [
                    0.8520074486732483,
                    0.09284591674804688,
                    -0.5152310729026794,
                    -2.076962947845459
                ],
                [
                    7.450581485102248e-09,
                    0.9841485619544983,
                    0.17734602093696594,
                    0.7149046659469604
                ],
                [
                    0.0,
                    0.0,
                    0.0,
                    1.0
                ]
            ]
        },
        {
            "file_path": "/data/shapenet_blender/all_50_random/02958343/4dca3760ae9748b6b0aa56928723eca5/r_14",
            "rotation": 0.12566370614359174,
            "transform_matrix": [
                [
                    -0.9915422797203064,
                    -0.0008509336621500552,
                    0.1297810673713684,
                    0.5231641530990601
                ],
                [
                    0.12978383898735046,
                    -0.006501092109829187,
                    0.9915210604667664,
                    3.996948719024658
                ],
                [
                    0.0,
                    0.9999785423278809,
                    0.006556545849889517,
                    0.02643027901649475
                ],
                [
                    0.0,
                    0.0,
                    0.0,
                    1.0
                ]
            ]
        },
        {
            "file_path": "/data/shapenet_blender/all_50_random/02958343/4dca3760ae9748b6b0aa56928723eca5/r_15",
            "rotation": 0.12566370614359174,
            "transform_matrix": [
                [
                    0.4821796715259552,
                    -0.12853601574897766,
                    0.8665916919708252,
                    3.4933431148529053
                ],
                [
                    0.8760724067687988,
                    0.07074467092752457,
                    -0.47696158289909363,
                    -1.9226937294006348
                ],
                [
                    -3.725290298461914e-09,
                    0.9891782999038696,
                    0.14671848714351654,
                    0.5914412140846252
                ],
                [
                    0.0,
                    0.0,
                    0.0,
                    1.0
                ]
            ]
        },
        {
            "file_path": "/data/shapenet_blender/all_50_random/02958343/4dca3760ae9748b6b0aa56928723eca5/r_16",
            "rotation": 0.12566370614359174,
            "transform_matrix": [
                [
                    0.9735671877861023,
                    -0.02582516521215439,
                    0.2269362211227417,
                    0.9148091673851013
                ],
                [
                    0.22840094566345215,
                    0.11008068919181824,
                    -0.9673237204551697,
                    -3.899406671524048
                ],
                [
                    0.0,
                    0.993587076663971,
                    0.11306943744421005,
                    0.4557974934577942
                ],
                [
                    0.0,
                    0.0,
                    0.0,
                    1.0
                ]
            ]
        },
        {
            "file_path": "/data/shapenet_blender/all_50_random/02958343/4dca3760ae9748b6b0aa56928723eca5/r_17",
            "rotation": 0.12566370614359174,
            "transform_matrix": [
                [
                    -0.13074429333209991,
                    -0.7225359678268433,
                    -0.678857684135437,
                    -2.736562967300415
                ],
                [
                    -0.9914161562919617,
                    0.09528536349534988,
                    0.0895252376794815,
                    0.3608877658843994
                ],
                [
                    0.0,
                    0.6847354173660278,
                    -0.7287917733192444,
                    -2.9378535747528076
                ],
                [
                    0.0,
                    0.0,
                    0.0,
                    1.0
                ]
            ]
        },
        {
            "file_path": "/data/shapenet_blender/all_50_random/02958343/4dca3760ae9748b6b0aa56928723eca5/r_18",
            "rotation": 0.12566370614359174,
            "transform_matrix": [
                [
                    -0.5756011009216309,
                    0.3460024297237396,
                    0.740922212600708,
                    2.986752986907959
                ],
                [
                    0.817730724811554,
                    0.24355129897594452,
                    0.5215355753898621,
                    2.10237717628479
                ],
                [
                    0.0,
                    0.9060711860656738,
                    -0.4231252372264862,
                    -1.7056723833084106
                ],
                [
                    0.0,
                    0.0,
                    0.0,
                    1.0
                ]
            ]
        },
        {
            "file_path": "/data/shapenet_blender/all_50_random/02958343/4dca3760ae9748b6b0aa56928723eca5/r_19",
            "rotation": 0.12566370614359174,
            "transform_matrix": [
                [
                    -0.9846979379653931,
                    0.1434258073568344,
                    0.09899047017097473,
                    0.39904338121414185
                ],
                [
                    0.1742701381444931,
                    0.8104147911071777,
                    0.5593368411064148,
                    2.2547590732574463
                ],
                [
                    0.0,
                    0.5680288672447205,
                    -0.8230085372924805,
                    -3.3176536560058594
                ],
                [
                    0.0,
                    0.0,
                    0.0,
                    1.0
                ]
            ]
        },
        {
            "file_path": "/data/shapenet_blender/all_50_random/02958343/4dca3760ae9748b6b0aa56928723eca5/r_20",
            "rotation": 0.12566370614359174,
            "transform_matrix": [
                [
                    -0.646355926990509,
                    0.06556885689496994,
                    -0.7602135539054871,
                    -3.064518928527832
                ],
                [
                    -0.7630360126495361,
                    -0.055542364716529846,
                    0.6439651250839233,
                    2.5959064960479736
                ],
                [
                    0.0,
                    0.9963009357452393,
                    0.08593155443668365,
                    0.346401184797287
                ],
                [
                    0.0,
                    0.0,
                    0.0,
                    1.0
                ]
            ]
        },
        {
            "file_path": "/data/shapenet_blender/all_50_random/02958343/4dca3760ae9748b6b0aa56928723eca5/r_21",
            "rotation": 0.12566370614359174,
            "transform_matrix": [
                [
                    0.7391390800476074,
                    -0.4602782726287842,
                    0.49174922704696655,
                    1.982304573059082
                ],
                [
                    0.6735528111457825,
                    0.5050972104072571,
                    -0.5396326184272766,
                    -2.1753287315368652
                ],
                [
                    -1.4901161193847656e-08,
                    0.7300825119018555,
                    0.6833588480949402,
                    2.7547075748443604
                ],
                [
                    0.0,
                    0.0,
                    0.0,
                    1.0
                ]
            ]
        },
        {
            "file_path": "/data/shapenet_blender/all_50_random/02958343/4dca3760ae9748b6b0aa56928723eca5/r_22",
            "rotation": 0.12566370614359174,
            "transform_matrix": [
                [
                    -0.6153141260147095,
                    -0.008204757235944271,
                    0.7882392406463623,
                    3.1774940490722656
                ],
                [
                    0.7882819175720215,
                    -0.006404438987374306,
                    0.6152808666229248,
                    2.480276584625244
                ],
                [
                    0.0,
                    0.999945878982544,
                    0.010408403351902962,
                    0.04195761680603027
                ],
                [
                    0.0,
                    0.0,
                    0.0,
                    1.0
                ]
            ]
        },
        {
            "file_path": "/data/shapenet_blender/all_50_random/02958343/4dca3760ae9748b6b0aa56928723eca5/r_23",
            "rotation": 0.12566370614359174,
            "transform_matrix": [
                [
                    -0.9486443996429443,
                    0.020147066563367844,
                    -0.31570208072662354,
                    -1.2726359367370605
                ],
                [
                    -0.316344290971756,
                    -0.06041645258665085,
                    0.9467185139656067,
                    3.816344738006592
                ],
                [
                    0.0,
                    0.997969925403595,
                    0.06368713080883026,
                    0.2567310631275177
                ],
                [
                    0.0,
                    0.0,
                    0.0,
                    1.0
                ]
            ]
        },
        {
            "file_path": "/data/shapenet_blender/all_50_random/02958343/4dca3760ae9748b6b0aa56928723eca5/r_24",
            "rotation": 0.12566370614359174,
            "transform_matrix": [
                [
                    0.9574175477027893,
                    0.018117712810635567,
                    -0.288137823343277,
                    -1.1615207195281982
                ],
                [
                    -0.28870683908462524,
                    0.06008245423436165,
                    -0.9555304646492004,
                    -3.8518664836883545
                ],
                [
                    1.8626450382086546e-09,
                    0.9980290532112122,
                    0.06275470554828644,
                    0.2529723048210144
                ],
                [
                    0.0,
                    0.0,
                    0.0,
                    1.0
                ]
            ]
        },
        {
            "file_path": "/data/shapenet_blender/all_50_random/02958343/4dca3760ae9748b6b0aa56928723eca5/r_25",
            "rotation": 0.12566370614359174,
            "transform_matrix": [
                [
                    -0.9112258553504944,
                    -0.0019480648916214705,
                    -0.4119025766849518,
                    -1.6604324579238892
                ],
                [
                    -0.41190722584724426,
                    0.004309530835598707,
                    0.9112155437469482,
                    3.673227548599243
                ],
                [
                    -1.1641532182693481e-10,
                    0.999988853931427,
                    -0.004729376640170813,
                    -0.019064728170633316
                ],
                [
                    0.0,
                    0.0,
                    0.0,
                    1.0
                ]
            ]
        },
        {
            "file_path": "/data/shapenet_blender/all_50_random/02958343/4dca3760ae9748b6b0aa56928723eca5/r_26",
            "rotation": 0.12566370614359174,
            "transform_matrix": [
                [
                    -0.9820330739021301,
                    0.14332418143749237,
                    0.12275634706020355,
                    0.4948466718196869
                ],
                [
                    0.1887085735797882,
                    0.7458541393280029,
                    0.6388198137283325,
                    2.575165033340454
                ],
                [
                    0.0,
                    0.6505074501037598,
                    -0.7594999074935913,
                    -3.0616421699523926
                ],
                [
                    0.0,
                    0.0,
                    0.0,
                    1.0
                ]
            ]
        },
        {
            "file_path": "/data/shapenet_blender/all_50_random/02958343/4dca3760ae9748b6b0aa56928723eca5/r_27",
            "rotation": 0.12566370614359174,
            "transform_matrix": [
                [
                    0.8230459690093994,
                    -0.08855193108320236,
                    0.5610294342041016,
                    2.2615818977355957
                ],
                [
                    0.5679749250411987,
                    0.12831959128379822,
                    -0.812981367111206,
                    -3.2772326469421387
                ],
                [
                    0.0,
                    0.9877713918685913,
                    0.1559082269668579,
                    0.628486156463623
                ],
                [
                    0.0,
                    0.0,
                    0.0,
                    1.0
                ]
            ]
        },
        {
            "file_path": "/data/shapenet_blender/all_50_random/02958343/4dca3760ae9748b6b0aa56928723eca5/r_28",
            "rotation": 0.12566370614359174,
            "transform_matrix": [
                [
                    0.5017520189285278,
                    -0.06942746788263321,
                    0.8622207045555115,
                    3.4757230281829834
                ],
                [
                    0.8650113940238953,
                    0.0402715727686882,
                    -0.500133216381073,
                    -2.016101837158203
                ],
                [
                    0.0,
                    0.9967738389968872,
                    0.08026189357042313,
                    0.32354608178138733
                ],
                [
                    0.0,
                    0.0,
                    0.0,
                    1.0
                ]
            ]
        },
        {
            "file_path": "/data/shapenet_blender/all_50_random/02958343/4dca3760ae9748b6b0aa56928723eca5/r_29",
            "rotation": 0.12566370614359174,
            "transform_matrix": [
                [
                    -0.1363237053155899,
                    -0.4944348931312561,
                    0.8584578633308411,
                    3.460554599761963
                ],
                [
                    0.9906643033027649,
                    -0.06803838163614273,
                    0.11813099682331085,
                    0.47620129585266113
                ],
                [
                    0.0,
                    0.866547703742981,
                    0.4990942180156708,
                    2.011913299560547
                ],
                [
                    0.0,
                    0.0,
                    0.0,
                    1.0
                ]
            ]
        },
        {
            "file_path": "/data/shapenet_blender/all_50_random/02958343/4dca3760ae9748b6b0aa56928723eca5/r_30",
            "rotation": 0.12566370614359174,
            "transform_matrix": [
                [
                    -0.8159645199775696,
                    0.24680691957473755,
                    0.5227698087692261,
                    2.1073527336120605
                ],
                [
                    0.5781021118164062,
                    0.34835660457611084,
                    0.7378655672073364,
                    2.9744315147399902
                ],
                [
                    0.0,
                    0.9042864441871643,
                    -0.4269261360168457,
                    -1.720994472503662
                ],
                [
                    0.0,
                    0.0,
                    0.0,
                    1.0
                ]
            ]
        },
        {
            "file_path": "/data/shapenet_blender/all_50_random/02958343/4dca3760ae9748b6b0aa56928723eca5/r_31",
            "rotation": 0.12566370614359174,
            "transform_matrix": [
                [
                    0.9690355658531189,
                    0.058091454207897186,
                    -0.23999027907848358,
                    -0.9674318432807922
                ],
                [
                    -0.24692094326019287,
                    0.22797857224941254,
                    -0.9418363571166992,
                    -3.796663999557495
                ],
                [
                    0.0,
                    0.9719315767288208,
                    0.23526336252689362,
                    0.9483770132064819
                ],
                [
                    0.0,
                    0.0,
                    0.0,
                    1.0
                ]
            ]
        },
        {
            "file_path": "/data/shapenet_blender/all_50_random/02958343/4dca3760ae9748b6b0aa56928723eca5/r_32",
            "rotation": 0.12566370614359174,
            "transform_matrix": [
                [
                    0.88034588098526,
                    0.25893229246139526,
                    0.3974230885505676,
                    1.6020636558532715
                ],
                [
                    0.47433218359947205,
                    -0.48057031631469727,
                    -0.7376049757003784,
                    -2.9733808040618896
                ],
                [
                    -1.4901160305669237e-08,
                    0.8378580808639526,
                    -0.5458880662918091,
                    -2.200545072555542
                ],
                [
                    0.0,
                    0.0,
                    0.0,
                    1.0
                ]
            ]
        },
        {
            "file_path": "/data/shapenet_blender/all_50_random/02958343/4dca3760ae9748b6b0aa56928723eca5/r_33",
            "rotation": 0.12566370614359174,
            "transform_matrix": [
                [
                    -0.9913361668586731,
                    0.0004625291912816465,
                    -0.13134920597076416,
                    -0.5294855833053589
                ],
                [
                    -0.13135002553462982,
                    -0.003490839619189501,
                    0.9913299083709717,
                    3.99617862701416
                ],
                [
                    2.9103833926180656e-11,
                    0.9999937415122986,
                    0.0035213485825806856,
                    0.01419501006603241
                ],
                [
                    0.0,
                    0.0,
                    0.0,
                    1.0
                ]
            ]
        },
        {
            "file_path": "/data/shapenet_blender/all_50_random/02958343/4dca3760ae9748b6b0aa56928723eca5/r_34",
            "rotation": 0.12566370614359174,
            "transform_matrix": [
                [
                    -0.8079894185066223,
                    -0.1325373649597168,
                    -0.5740966796875,
                    -2.314258098602295
                ],
                [
                    -0.5891971588134766,
                    0.1817537248134613,
                    0.7872815132141113,
                    3.173633575439453
                ],
                [
                    -7.450581485102248e-09,
                    0.9743713140487671,
                    -0.22494566440582275,
                    -0.9067850112915039
                ],
                [
                    0.0,
                    0.0,
                    0.0,
                    1.0
                ]
            ]
        },
        {
            "file_path": "/data/shapenet_blender/all_50_random/02958343/4dca3760ae9748b6b0aa56928723eca5/r_35",
            "rotation": 0.12566370614359174,
            "transform_matrix": [
                [
                    0.8887734413146973,
                    -0.19404225051403046,
                    0.41524598002433777,
                    1.673910140991211
                ],
                [
                    0.4583466053009033,
                    0.37626463174819946,
                    -0.8051976561546326,
                    -3.2458555698394775
                ],
                [
                    -1.4901160305669237e-08,
                    0.9059649109840393,
                    0.4233526587486267,
                    1.7065891027450562
                ],
                [
                    0.0,
                    0.0,
                    0.0,
                    1.0
                ]
            ]
        },
        {
            "file_path": "/data/shapenet_blender/all_50_random/02958343/4dca3760ae9748b6b0aa56928723eca5/r_36",
            "rotation": 0.12566370614359174,
            "transform_matrix": [
                [
                    0.9584787487983704,
                    0.07671334594488144,
                    0.2746518552303314,
                    1.1071569919586182
                ],
                [
                    0.28516411781311035,
                    -0.25784486532211304,
                    -0.9231454133987427,
                    -3.721318244934082
                ],
                [
                    -7.450580596923828e-09,
                    0.9631360769271851,
                    -0.26901474595069885,
                    -1.0844330787658691
                ],
                [
                    0.0,
                    0.0,
                    0.0,
                    1.0
                ]
            ]
        },
        {
            "file_path": "/data/shapenet_blender/all_50_random/02958343/4dca3760ae9748b6b0aa56928723eca5/r_37",
            "rotation": 0.12566370614359174,
            "transform_matrix": [
                [
                    0.9072345495223999,
                    -0.3676007390022278,
                    -0.20443867146968842,
                    -0.8241186738014221
                ],
                [
                    -0.42062512040138245,
                    -0.7928677201271057,
                    -0.4409480392932892,
                    -1.777518391609192
                ],
                [
                    0.0,
                    0.4860353171825409,
                    -0.8739390969276428,
                    -3.522961139678955
                ],
                [
                    0.0,
                    0.0,
                    0.0,
                    1.0
                ]
            ]
        },
        {
            "file_path": "/data/shapenet_blender/all_50_random/02958343/4dca3760ae9748b6b0aa56928723eca5/r_38",
            "rotation": 0.12566370614359174,
            "transform_matrix": [
                [
                    0.13972793519496918,
                    0.6614971160888672,
                    -0.736815869808197,
                    -2.9701998233795166
                ],
                [
                    -0.9901899695396423,
                    0.09334535151720047,
                    -0.10397374629974365,
                    -0.4191315770149231
                ],
                [
                    0.0,
                    0.7441157102584839,
                    0.6680507063865662,
                    2.6929986476898193
                ],
                [
                    0.0,
                    0.0,
                    0.0,
                    1.0
                ]
            ]
        },
        {
            "file_path": "/data/shapenet_blender/all_50_random/02958343/4dca3760ae9748b6b0aa56928723eca5/r_39",
            "rotation": 0.12566370614359174,
            "transform_matrix": [
                [
                    0.471283882856369,
                    0.022713055834174156,
                    -0.8816890716552734,
                    -3.5542023181915283
                ],
                [
                    -0.8819816708564758,
                    0.012136643752455711,
                    -0.47112753987312317,
                    -1.8991758823394775
                ],
                [
                    0.0,
                    0.999668300151825,
                    0.025752302259206772,
                    0.1038108542561531
                ],
                [
                    0.0,
                    0.0,
                    0.0,
                    1.0
                ]
            ]
        },
        {
            "file_path": "/data/shapenet_blender/all_50_random/02958343/4dca3760ae9748b6b0aa56928723eca5/r_40",
            "rotation": 0.12566370614359174,
            "transform_matrix": [
                [
                    0.9264862537384033,
                    -0.3010369837284088,
                    -0.22583168745040894,
                    -0.9103566408157349
                ],
                [
                    -0.37632861733436584,
                    -0.741125226020813,
                    -0.5559766888618469,
                    -2.241213798522949
                ],
                [
                    -1.4901161193847656e-08,
                    0.6000916361808777,
                    -0.7999312281608582,
                    -3.224625825881958
                ],
                [
                    0.0,
                    0.0,
                    0.0,
                    1.0
                ]
            ]
        },
        {
            "file_path": "/data/shapenet_blender/all_50_random/02958343/4dca3760ae9748b6b0aa56928723eca5/r_41",
            "rotation": 0.12566370614359174,
            "transform_matrix": [
                [
                    -0.3095066547393799,
                    -0.14935919642448425,
                    -0.9390938878059387,
                    -3.7856087684631348
                ],
                [
                    -0.9508973360061646,
                    0.048614781349897385,
                    0.3056647777557373,
                    1.232174277305603
                ],
                [
