{
    "class": "02958343",
    "model": "296c92e4e7233de47d1dd50d46b1e3d1",
    "remove_doubles": true,
    "edge_split": true,
    "denoise": true,
    "camera_angle_x": 0.6911112070083618,
    "scale_factor": 2.21517310000882,
    "hdri_file": "/data/IndoorHDRDataset2018/9C4A6341-fc495451d3.exr",
    "center_offset": [
        0.0,
        -1.862645149230957e-09,
        -3.725290298461914e-09
    ],
    "lights": [],
    "frames": [
        {
            "file_path": "/data/shapenet_blender/all_50_random/02958343/296c92e4e7233de47d1dd50d46b1e3d1/r_0",
            "rotation": 0.12566370614359174,
            "transform_matrix": [
                [
                    0.0535968542098999,
                    0.0534437857568264,
                    0.9971314072608948,
                    4.019565582275391
                ],
                [
                    0.9985625743865967,
                    -0.0028685424476861954,
                    -0.05352003872394562,
                    -0.2157461941242218
                ],
                [
                    2.3283062977608182e-10,
                    0.9985666871070862,
                    -0.05352071300148964,
                    -0.21574890613555908
                ],
                [
                    0.0,
                    0.0,
                    0.0,
                    1.0
                ]
            ]
        },
        {
            "file_path": "/data/shapenet_blender/all_50_random/02958343/296c92e4e7233de47d1dd50d46b1e3d1/r_1",
            "rotation": 0.12566370614359174,
            "transform_matrix": [
                [
                    0.9738086462020874,
                    0.05869690701365471,
                    -0.21966220438480377,
                    -0.8854866623878479
                ],
                [
                    -0.22736933827400208,
                    0.25139519572257996,
                    -0.9407994747161865,
                    -3.7924840450286865
                ],
                [
                    3.725290298461914e-09,
                    0.9661031365394592,
                    0.2581566572189331,
                    1.0406627655029297
                ],
                [
                    0.0,
                    0.0,
                    0.0,
                    1.0
                ]
            ]
        },
        {
            "file_path": "/data/shapenet_blender/all_50_random/02958343/296c92e4e7233de47d1dd50d46b1e3d1/r_2",
            "rotation": 0.12566370614359174,
            "transform_matrix": [
                [
                    -0.36581891775131226,
                    -0.5175784230232239,
                    -0.7734914422035217,
                    -3.1180436611175537
                ],
                [
                    -0.9306861162185669,
                    0.20344127714633942,
                    0.3040314018726349,
                    1.2255897521972656
                ],
                [
                    -1.4901162970204496e-08,
                    0.8310980796813965,
                    -0.5561257600784302,
                    -2.241814613342285
                ],
                [
                    0.0,
                    0.0,
                    0.0,
                    1.0
                ]
            ]
        },
        {
            "file_path": "/data/shapenet_blender/all_50_random/02958343/296c92e4e7233de47d1dd50d46b1e3d1/r_3",
            "rotation": 0.12566370614359174,
            "transform_matrix": [
                [
                    -0.689452052116394,
                    0.06363833695650101,
                    0.7215302586555481,
                    2.908581495285034
                ],
                [
                    0.724331259727478,
                    0.060573920607566833,
                    0.6867859363555908,
                    2.7685227394104004
                ],
                [
                    3.725290742551124e-09,
                    0.9961328506469727,
                    -0.08785806596279144,
                    -0.3541671931743622
                ],
                [
                    0.0,
                    0.0,
                    0.0,
                    1.0
                ]
            ]
        },
        {
            "file_path": "/data/shapenet_blender/all_50_random/02958343/296c92e4e7233de47d1dd50d46b1e3d1/r_4",
            "rotation": 0.12566370614359174,
            "transform_matrix": [
                [
                    -0.9823315739631653,
                    0.11323976516723633,
                    -0.14900213479995728,
                    -0.6006467938423157
                ],
                [
                    -0.18714936077594757,
                    -0.5943861603736877,
                    0.7820999026298523,
                    3.152745485305786
                ],
                [
                    0.0,
                    0.7961668968200684,
                    0.6050770282745361,
                    2.439143419265747
                ],
                [
                    0.0,
                    0.0,
                    0.0,
                    1.0
                ]
            ]
        },
        {
            "file_path": "/data/shapenet_blender/all_50_random/02958343/296c92e4e7233de47d1dd50d46b1e3d1/r_5",
            "rotation": 0.12566370614359174,
            "transform_matrix": [
                [
                    -0.9843220114707947,
                    0.054532408714294434,
                    0.16773927211761475,
                    0.6761786937713623
                ],
                [
                    0.17638099193572998,
                    0.30432671308517456,
                    0.9360955357551575,
                    3.773522138595581
                ],
                [
                    0.0,
                    0.9510054588317871,
                    -0.30917394161224365,
                    -1.246320128440857
                ],
                [
                    0.0,
                    0.0,
                    0.0,
                    1.0
                ]
            ]
        },
        {
            "file_path": "/data/shapenet_blender/all_50_random/02958343/296c92e4e7233de47d1dd50d46b1e3d1/r_6",
            "rotation": 0.12566370614359174,
            "transform_matrix": [
                [
                    0.19883528351783752,
                    -0.2054738849401474,
                    0.9582509994506836,
                    3.862833261489868
                ],
                [
                    0.9800328612327576,
                    0.041687846183776855,
                    -0.19441604614257812,
                    -0.7837161421775818
                ],
                [
                    0.0,
                    0.9777743220329285,
                    0.20966017246246338,
                    0.8451671600341797
                ],
                [
                    0.0,
                    0.0,
                    0.0,
                    1.0
                ]
            ]
        },
        {
            "file_path": "/data/shapenet_blender/all_50_random/02958343/296c92e4e7233de47d1dd50d46b1e3d1/r_7",
            "rotation": 0.12566370614359174,
            "transform_matrix": [
                [
                    -0.8413060307502747,
                    0.025008630007505417,
                    -0.5399803519248962,
                    -2.1767303943634033
                ],
                [
                    -0.5405591726303101,
                    -0.038922492414712906,
                    0.8404051661491394,
                    3.3877816200256348
                ],
                [
                    0.0,
                    0.9989292025566101,
                    0.046264372766017914,
                    0.18649765849113464
                ],
                [
                    0.0,
                    0.0,
                    0.0,
                    1.0
                ]
            ]
        },
        {
            "file_path": "/data/shapenet_blender/all_50_random/02958343/296c92e4e7233de47d1dd50d46b1e3d1/r_8",
            "rotation": 0.12566370614359174,
            "transform_matrix": [
                [
                    0.27868661284446716,
                    -0.1593208611011505,
                    0.9470747709274292,
                    3.8177804946899414
                ],
                [
                    0.9603821039199829,
                    0.04623221978545189,
                    -0.2748250663280487,
                    -1.1078553199768066
                ],
                [
                    0.0,
                    0.9861436486244202,
                    0.16589321196079254,
                    0.6687369346618652
                ],
                [
                    0.0,
                    0.0,
                    0.0,
                    1.0
                ]
            ]
        },
        {
            "file_path": "/data/shapenet_blender/all_50_random/02958343/296c92e4e7233de47d1dd50d46b1e3d1/r_9",
            "rotation": 0.12566370614359174,
            "transform_matrix": [
                [
                    -0.8509090542793274,
                    0.42815929651260376,
                    -0.30435711145401,
                    -1.226902723312378
                ],
                [
                    -0.5253128409385681,
                    -0.6935383677482605,
                    0.49300187826156616,
                    1.9873541593551636
                ],
                [
                    0.0,
                    0.5793825387954712,
                    0.8150557279586792,
                    3.2855947017669678
                ],
                [
                    0.0,
                    0.0,
                    0.0,
                    1.0
                ]
            ]
        },
        {
            "file_path": "/data/shapenet_blender/all_50_random/02958343/296c92e4e7233de47d1dd50d46b1e3d1/r_10",
            "rotation": 0.12566370614359174,
            "transform_matrix": [
                [
                    -0.7875457406044006,
                    0.3230227530002594,
                    0.5248124003410339,
                    2.115586519241333
                ],
                [
                    0.6162562370300293,
                    0.4128074645996094,
                    0.6706848740577698,
                    2.7036170959472656
                ],
                [
                    0.0,
                    0.8516139388084412,
                    -0.5241695046424866,
                    -2.112994909286499
                ],
                [
                    0.0,
                    0.0,
                    0.0,
                    1.0
                ]
            ]
        },
        {
            "file_path": "/data/shapenet_blender/all_50_random/02958343/296c92e4e7233de47d1dd50d46b1e3d1/r_11",
            "rotation": 0.12566370614359174,
            "transform_matrix": [
                [
                    -0.018242696300148964,
                    0.1798708140850067,
                    0.983521044254303,
                    3.964700222015381
                ],
                [
                    0.9998337030410767,
                    0.0032818743493407965,
                    0.01794506050646305,
                    0.07233884930610657
                ],
                [
                    2.3283067140944524e-10,
                    0.983684778213501,
                    -0.17990075051784515,
                    -0.7252030968666077
                ],
                [
                    0.0,
                    0.0,
                    0.0,
                    1.0
                ]
            ]
        },
        {
            "file_path": "/data/shapenet_blender/all_50_random/02958343/296c92e4e7233de47d1dd50d46b1e3d1/r_12",
            "rotation": 0.12566370614359174,
            "transform_matrix": [
                [
                    -0.5074980854988098,
                    0.3185977339744568,
                    -0.800588071346283,
                    -3.22727370262146
                ],
                [
                    -0.8616529703140259,
                    -0.18764834105968475,
                    0.4715319573879242,
                    1.9008060693740845
                ],
                [
                    -1.4901162970204496e-08,
                    0.929130494594574,
                    0.36975184082984924,
                    1.4905173778533936
                ],
                [
                    0.0,
                    0.0,
                    0.0,
                    1.0
                ]
            ]
        },
        {
            "file_path": "/data/shapenet_blender/all_50_random/02958343/296c92e4e7233de47d1dd50d46b1e3d1/r_13",
            "rotation": 0.12566370614359174,
            "transform_matrix": [
                [
                    0.2753199636936188,
                    -0.40721631050109863,
                    0.8708465695381165,
                    3.5104947090148926
                ],
                [
                    0.9613526463508606,
                    0.11662190407514572,
                    -0.24940010905265808,
                    -1.005363941192627
                ],
                [
                    0.0,
                    0.9058555364608765,
                    0.42358681559562683,
                    1.7075330018997192
                ],
                [
                    0.0,
                    0.0,
                    0.0,
                    1.0
                ]
            ]
        },
        {
            "file_path": "/data/shapenet_blender/all_50_random/02958343/296c92e4e7233de47d1dd50d46b1e3d1/r_14",
            "rotation": 0.12566370614359174,
            "transform_matrix": [
                [
                    0.5728906989097595,
                    -0.12777747213840485,
                    -0.8096104860305786,
                    -3.2636444568634033
                ],
                [
                    -0.819631814956665,
                    -0.08931147307157516,
                    -0.5658861398696899,
                    -2.281160354614258
                ],
                [
                    -7.4505797087454084e-09,
                    0.9877735376358032,
                    -0.1558961719274521,
                    -0.6284376382827759
                ],
                [
                    0.0,
                    0.0,
                    0.0,
                    1.0
                ]
            ]
        },
        {
            "file_path": "/data/shapenet_blender/all_50_random/02958343/296c92e4e7233de47d1dd50d46b1e3d1/r_15",
            "rotation": 0.12566370614359174,
            "transform_matrix": [
                [
                    -0.7783878445625305,
                    0.45207762718200684,
                    -0.43558937311172485,
                    -1.7559170722961426
                ],
                [
                    -0.6277836561203003,
                    -0.5605302453041077,
                    0.5400864481925964,
                    2.1771583557128906
                ],
                [
                    -1.4901161193847656e-08,
                    0.6938527226448059,
                    0.7201168537139893,
                    2.9028842449188232
                ],
                [
                    0.0,
                    0.0,
                    0.0,
                    1.0
                ]
            ]
        },
        {
            "file_path": "/data/shapenet_blender/all_50_random/02958343/296c92e4e7233de47d1dd50d46b1e3d1/r_16",
            "rotation": 0.12566370614359174,
            "transform_matrix": [
                [
                    -0.7460905909538269,
                    -0.4368114173412323,
                    -0.5025379061698914,
                    -2.0257952213287354
                ],
                [
                    -0.6658442616462708,
                    0.4894551634788513,
                    0.5631028413772583,
                    2.2699403762817383
                ],
                [
                    2.9802322387695312e-08,
                    0.7547377943992615,
                    -0.6560263633728027,
                    -2.6445271968841553
                ],
                [
                    0.0,
                    0.0,
                    0.0,
                    1.0
                ]
            ]
        },
        {
            "file_path": "/data/shapenet_blender/all_50_random/02958343/296c92e4e7233de47d1dd50d46b1e3d1/r_17",
            "rotation": 0.12566370614359174,
            "transform_matrix": [
                [
                    0.994107723236084,
                    0.00611111568287015,
                    -0.10822426527738571,
                    -0.4362659752368927
                ],
                [
                    -0.10839666426181793,
                    0.056045155972242355,
                    -0.992526650428772,
                    -4.001002788543701
                ],
                [
                    9.313225746154785e-10,
                    0.9984095096588135,
                    0.0563773438334465,
                    0.22726434469223022
                ],
                [
                    0.0,
                    0.0,
                    0.0,
                    1.0
                ]
            ]
        },
        {
            "file_path": "/data/shapenet_blender/all_50_random/02958343/296c92e4e7233de47d1dd50d46b1e3d1/r_18",
            "rotation": 0.12566370614359174,
            "transform_matrix": [
                [
                    -0.9336798191070557,
                    -0.0809541642665863,
                    -0.348838746547699,
                    -1.4062141180038452
                ],
                [
                    -0.3581090271472931,
                    0.21106776595115662,
                    0.9095098972320557,
                    3.666351795196533
                ],
                [
                    0.0,
                    0.9741133451461792,
                    -0.22606012225151062,
                    -0.9112775325775146
                ],
                [
                    0.0,
                    0.0,
                    0.0,
                    1.0
                ]
            ]
        },
        {
            "file_path": "/data/shapenet_blender/all_50_random/02958343/296c92e4e7233de47d1dd50d46b1e3d1/r_19",
            "rotation": 0.12566370614359174,
            "transform_matrix": [
                [
                    0.47936147451400757,
                    -0.7290730476379395,
                    0.4885334372520447,
                    1.9693413972854614
                ],
                [
                    0.8776177167892456,
                    0.39822521805763245,
                    -0.2668406665325165,
                    -1.075669288635254
                ],
                [
                    0.0,
                    0.5566586256027222,
                    0.8307412266731262,
                    3.348825216293335
                ],
                [
                    0.0,
                    0.0,
                    0.0,
                    1.0
                ]
            ]
        },
        {
            "file_path": "/data/shapenet_blender/all_50_random/02958343/296c92e4e7233de47d1dd50d46b1e3d1/r_20",
            "rotation": 0.12566370614359174,
            "transform_matrix": [
                [
                    0.7120152115821838,
                    0.07693357765674591,
                    -0.6979367136955261,
                    -2.8134725093841553
                ],
                [
                    -0.7021641731262207,
                    0.07801292836666107,
                    -0.7077285051345825,
                    -2.8529446125030518
                ],
                [
                    0.0,
                    0.9939795136451721,
                    0.10956637561321259,
                    0.44167613983154297
                ],
                [
                    0.0,
                    0.0,
                    0.0,
                    1.0
                ]
            ]
        },
        {
            "file_path": "/data/shapenet_blender/all_50_random/02958343/296c92e4e7233de47d1dd50d46b1e3d1/r_21",
            "rotation": 0.12566370614359174,
            "transform_matrix": [
                [
                    -0.7850193381309509,
                    -0.050527457147836685,
                    -0.6174072027206421,
                    -2.4888479709625244
                ],
                [
                    -0.6194713115692139,
                    0.06403045356273651,
                    0.7824035882949829,
                    3.1539697647094727
                ],
                [
                    0.0,
                    0.9966679215431213,
                    -0.08156545460224152,
                    -0.32880085706710815
                ],
                [
                    0.0,
                    0.0,
                    0.0,
                    1.0
                ]
            ]
        },
        {
            "file_path": "/data/shapenet_blender/all_50_random/02958343/296c92e4e7233de47d1dd50d46b1e3d1/r_22",
            "rotation": 0.12566370614359174,
            "transform_matrix": [
                [
                    0.36855119466781616,
                    0.4726921617984772,
                    -0.8004574775695801,
                    -3.2267472743988037
                ],
                [
                    -0.9296075105667114,
                    0.18740302324295044,
                    -0.31734851002693176,
                    -1.2792727947235107
                ],
                [
                    0.0,
                    0.8610703349113464,
                    0.5084857940673828,
                    2.049771785736084
                ],
                [
                    0.0,
                    0.0,
                    0.0,
                    1.0
                ]
            ]
        },
        {
            "file_path": "/data/shapenet_blender/all_50_random/02958343/296c92e4e7233de47d1dd50d46b1e3d1/r_23",
            "rotation": 0.12566370614359174,
            "transform_matrix": [
                [
                    -0.9993253946304321,
                    -0.025341041386127472,
                    0.026583107188344002,
                    0.10715994238853455
                ],
                [
                    0.03672642260789871,
                    -0.6895293593406677,
                    0.7233259081840515,
                    2.915820360183716
                ],
                [
                    1.862645149230957e-09,
                    0.7238143682479858,
                    0.6899946928024292,
                    2.7814579010009766
                ],
                [
                    0.0,
                    0.0,
                    0.0,
                    1.0
                ]
            ]
        },
        {
            "file_path": "/data/shapenet_blender/all_50_random/02958343/296c92e4e7233de47d1dd50d46b1e3d1/r_24",
            "rotation": 0.12566370614359174,
            "transform_matrix": [
                [
                    0.44107547402381897,
                    -0.24003520607948303,
                    0.8647748827934265,
                    3.486018657684326
                ],
                [
                    0.8974699378013611,
                    0.11796902120113373,
                    -0.42500701546669006,
                    -1.713257908821106
                ],
                [
                    0.0,
                    0.9635696411132812,
                    0.26745766401290894,
                    1.0781562328338623
                ],
                [
                    0.0,
                    0.0,
                    0.0,
                    1.0
                ]
            ]
        },
        {
            "file_path": "/data/shapenet_blender/all_50_random/02958343/296c92e4e7233de47d1dd50d46b1e3d1/r_25",
            "rotation": 0.12566370614359174,
            "transform_matrix": [
                [
                    0.828103244304657,
                    0.47204628586769104,
                    0.3023529052734375,
                    1.2188236713409424
                ],
                [
                    0.5605756044387817,
                    -0.6973244547843933,
                    -0.4466470777988434,
                    -1.8004920482635498
                ],
                [
                    -1.4901161193847656e-08,
                    0.5393614768981934,
                    -0.8420741558074951,
                    -3.394509792327881
                ],
                [
                    0.0,
                    0.0,
                    0.0,
                    1.0
                ]
            ]
        },
        {
            "file_path": "/data/shapenet_blender/all_50_random/02958343/296c92e4e7233de47d1dd50d46b1e3d1/r_26",
            "rotation": 0.12566370614359174,
            "transform_matrix": [
                [
                    -0.22453689575195312,
                    0.19207501411437988,
                    0.9553482532501221,
                    3.8511321544647217
                ],
                [
                    0.9744656085968018,
                    0.044258031994104385,
                    0.22013187408447266,
                    0.8873800039291382
                ],
                [
                    0.0,
                    0.9803818464279175,
                    -0.19710803031921387,
                    -0.7945679426193237
                ],
                [
                    0.0,
                    0.0,
                    0.0,
                    1.0
                ]
            ]
        },
        {
            "file_path": "/data/shapenet_blender/all_50_random/02958343/296c92e4e7233de47d1dd50d46b1e3d1/r_27",
            "rotation": 0.12566370614359174,
            "transform_matrix": [
                [
                    0.12078168988227844,
                    -0.2641814053058624,
                    -0.9568803310394287,
                    -3.8573079109191895
                ],
                [
                    -0.9926790595054626,
                    -0.032143596559762955,
                    -0.11642597615718842,
                    -0.4693281352519989
                ],
                [
                    1.8626450382086546e-09,
                    0.9639372229576111,
                    -0.26612967252731323,
                    -1.072803020477295
                ],
                [
                    0.0,
                    0.0,
                    0.0,
                    1.0
                ]
            ]
        },
        {
            "file_path": "/data/shapenet_blender/all_50_random/02958343/296c92e4e7233de47d1dd50d46b1e3d1/r_28",
            "rotation": 0.12566370614359174,
            "transform_matrix": [
                [
                    0.7927857637405396,
                    -0.5323272943496704,
                    0.2968473732471466,
                    1.1966300010681152
                ],
                [
                    0.6095003485679626,
                    0.6924055814743042,
                    -0.38611355423927307,
                    -1.5564734935760498
                ],
                [
                    0.0,
                    0.487033873796463,
                    0.8733829855918884,
                    3.520719528198242
                ],
                [
                    0.0,
                    0.0,
                    0.0,
                    1.0
                ]
            ]
        },
        {
            "file_path": "/data/shapenet_blender/all_50_random/02958343/296c92e4e7233de47d1dd50d46b1e3d1/r_29",
            "rotation": 0.12566370614359174,
            "transform_matrix": [
                [
                    0.958027720451355,
                    0.1371956467628479,
                    0.2517147660255432,
                    1.0146948099136353
                ],
                [
                    0.2866757810115814,
                    -0.4584874212741852,
                    -0.8411932587623596,
                    -3.390958786010742
                ],
                [
                    7.450581485102248e-09,
                    0.8780469298362732,
                    -0.47857430577278137,
                    -1.9291948080062866
                ],
                [
                    0.0,
                    0.0,
                    0.0,
                    1.0
                ]
            ]
        },
        {
            "file_path": "/data/shapenet_blender/all_50_random/02958343/296c92e4e7233de47d1dd50d46b1e3d1/r_30",
            "rotation": 0.12566370614359174,
            "transform_matrix": [
                [
                    -0.25456860661506653,
                    0.09907262772321701,
                    -0.9619664549827576,
                    -3.8778107166290283
                ],
                [
                    -0.9670547246932983,
                    -0.026079993695020676,
                    0.25322917103767395,
                    1.0207993984222412
                ],
                [
                    0.0,
                    0.9947383403778076,
                    0.10244780778884888,
                    0.412980318069458
                ],
                [
                    0.0,
                    0.0,
                    0.0,
                    1.0
                ]
            ]
        },
        {
            "file_path": "/data/shapenet_blender/all_50_random/02958343/296c92e4e7233de47d1dd50d46b1e3d1/r_31",
            "rotation": 0.12566370614359174,
            "transform_matrix": [
                [
                    -0.8074367642402649,
                    0.07832283526659012,
                    -0.5847318768501282,
                    -2.3571295738220215
                ],
                [
                    -0.5899540781974792,
                    -0.10719602555036545,
                    0.8002893924713135,
                    3.226069688796997
                ],
                [
                    0.0,
                    0.9911479949951172,
                    0.1327608972787857,
                    0.5351762771606445
                ],
                [
                    0.0,
                    0.0,
                    0.0,
                    1.0
                ]
            ]
        },
        {
            "file_path": "/data/shapenet_blender/all_50_random/02958343/296c92e4e7233de47d1dd50d46b1e3d1/r_32",
            "rotation": 0.12566370614359174,
            "transform_matrix": [
                [
                    -0.2385355532169342,
                    0.14663873612880707,
                    0.9599987864494324,
                    3.8698792457580566
                ],
                [
                    0.9711337685585022,
                    0.036018256098032,
                    0.23580050468444824,
                    0.9505422711372375
                ],
                [
                    3.725290298461914e-09,
                    0.988534152507782,
                    -0.15099743008613586,
                    -0.6086901426315308
                ],
                [
                    0.0,
                    0.0,
                    0.0,
                    1.0
                ]
            ]
        },
        {
            "file_path": "/data/shapenet_blender/all_50_random/02958343/296c92e4e7233de47d1dd50d46b1e3d1/r_33",
            "rotation": 0.12566370614359174,
            "transform_matrix": [
                [
                    0.6103678941726685,
                    -0.1209118664264679,
                    0.7828354239463806,
                    3.155710458755493
                ],
                [
                    0.7921179533004761,
                    0.09316885471343994,
                    -0.603215217590332,
                    -2.431638240814209
                ],
                [
                    0.0,
                    0.98828125,
                    0.15264375507831573,
                    0.6153266429901123
                ],
                [
                    0.0,
                    0.0,
                    0.0,
                    1.0
                ]
            ]
        },
        {
            "file_path": "/data/shapenet_blender/all_50_random/02958343/296c92e4e7233de47d1dd50d46b1e3d1/r_34",
            "rotation": 0.12566370614359174,
            "transform_matrix": [
                [
                    -0.6922267079353333,
                    -0.12870502471923828,
                    0.7101106643676758,
                    2.8625476360321045
                ],
                [
                    0.7216800451278687,
                    -0.12345229834318161,
                    0.681129515171051,
                    2.745720863342285
                ],
                [
                    0.0,
                    0.9839686751365662,
                    0.1783408522605896,
                    0.7189149856567383
                ],
                [
                    0.0,
                    0.0,
                    0.0,
                    1.0
                ]
            ]
        },
        {
            "file_path": "/data/shapenet_blender/all_50_random/02958343/296c92e4e7233de47d1dd50d46b1e3d1/r_35",
            "rotation": 0.12566370614359174,
            "transform_matrix": [
                [
                    0.8885653018951416,
                    0.4553104341030121,
                    -0.05607164278626442,
                    -0.22603198885917664
                ],
                [
                    -0.45875006914138794,
                    0.8819029331207275,
                    -0.10860665887594223,
                    -0.4378073811531067
                ],
                [
                    0.0,
                    0.12222741544246674,
                    0.9925022721290588,
                    4.000904083251953
                ],
                [
                    0.0,
                    0.0,
                    0.0,
                    1.0
                ]
            ]
        },
        {
            "file_path": "/data/shapenet_blender/all_50_random/02958343/296c92e4e7233de47d1dd50d46b1e3d1/r_36",
            "rotation": 0.12566370614359174,
            "transform_matrix": [
                [
                    -0.5557664036750793,
                    0.05745866894721985,
                    0.8293504118919373,
                    3.3432185649871826
                ],
                [
                    0.8313385844230652,
                    0.03841226175427437,
                    0.5544372797012329,
                    2.2350082397460938
                ],
                [
                    0.0,
                    0.9976085424423218,
                    -0.06911584734916687,
                    -0.27861487865448
                ],
                [
                    0.0,
                    0.0,
                    0.0,
                    1.0
                ]
            ]
        },
        {
            "file_path": "/data/shapenet_blender/all_50_random/02958343/296c92e4e7233de47d1dd50d46b1e3d1/r_37",
            "rotation": 0.12566370614359174,
            "transform_matrix": [
                [
                    0.9336532950401306,
                    -0.23498402535915375,
                    -0.27032190561294556,
                    -1.0897026062011719
                ],
                [
                    -0.35817795991897583,
                    -0.6125267744064331,
                    -0.7046412229537964,
                    -2.8404998779296875
                ],
                [
                    1.4901161193847656e-08,
                    0.7547139525413513,
                    -0.6560538411140442,
                    -2.6446378231048584
                ],
                [
                    0.0,
                    0.0,
                    0.0,
                    1.0
                ]
            ]
        },
        {
            "file_path": "/data/shapenet_blender/all_50_random/02958343/296c92e4e7233de47d1dd50d46b1e3d1/r_38",
            "rotation": 0.12566370614359174,
            "transform_matrix": [
                [
                    0.1983705461025238,
                    -0.3541914224624634,
                    -0.9138913750648499,
                    -3.684014081954956
                ],
                [
                    -0.9801271557807922,
                    -0.07168574631214142,
                    -0.18496489524841309,
                    -0.7456173300743103
                ],
                [
                    -7.450581485102248e-09,
                    0.9324212670326233,
                    -0.36137300729751587,
                    -1.456741213798523
                ],
                [
                    0.0,
                    0.0,
                    0.0,
                    1.0
                ]
            ]
        },
        {
            "file_path": "/data/shapenet_blender/all_50_random/02958343/296c92e4e7233de47d1dd50d46b1e3d1/r_39",
            "rotation": 0.12566370614359174,
            "transform_matrix": [
                [
                    0.9999799132347107,
                    0.003972212318331003,
                    0.004927860107272863,
                    0.019864842295646667
                ],
                [
                    0.006329477299004793,
                    -0.6275609731674194,
                    -0.778541624546051,
                    -3.138401985168457
                ],
                [
                    0.0,
                    0.7785572409629822,
                    -0.6275734305381775,
                    -2.529829740524292
                ],
                [
                    0.0,
                    0.0,
                    0.0,
                    1.0
                ]
            ]
        },
        {
            "file_path": "/data/shapenet_blender/all_50_random/02958343/296c92e4e7233de47d1dd50d46b1e3d1/r_40",
            "rotation": 0.12566370614359174,
            "transform_matrix": [
                [
                    0.984993577003479,
                    0.017547328025102615,
                    -0.17169709503650665,
                    -0.6921331882476807
                ],
                [
                    -0.17259147763252258,
                    0.10014402866363525,
                    -0.9798893332481384,
                    -3.9500606060028076
                ],
                [
                    0.0,
                    0.9948181509971619,
                    0.10166972875595093,
                    0.4098438024520874
                ],
                [
                    0.0,
                    0.0,
                    0.0,
                    1.0
                ]
            ]
        },
        {
            "file_path": "/data/shapenet_blender/all_50_random/02958343/296c92e4e7233de47d1dd50d46b1e3d1/r_41",
            "rotation": 0.12566370614359174,
            "transform_matrix": [
                [
                    0.1356150358915329,
                    0.052986353635787964,
                    0.9893437027931213,
                    3.9881720542907715
                ],
                [
                    0.9907616972923279,
                    -0.0072527495212852955,
                    -0.13542094826698303,
                    -0.5458993315696716
                ],
                [
                    -4.656613428188905e-10,
