{
    "class": "02958343",
    "model": "6ee903e016ebbd66921cb81cb1632a5e",
    "remove_doubles": true,
    "edge_split": true,
    "denoise": true,
    "camera_angle_x": 0.6911112070083618,
    "scale_factor": 2.294959743994292,
    "hdri_file": "/data/IndoorHDRDataset2018/AG8A4282-12428fb08e.exr",
    "center_offset": [
        0.0,
        0.0,
        1.862645149230957e-09
    ],
    "lights": [],
    "frames": [
        {
            "file_path": "/data/shapenet_blender/all_50_random/02958343/6ee903e016ebbd66921cb81cb1632a5e/r_0",
            "rotation": 0.12566370614359174,
            "transform_matrix": [
                [
                    -0.9025055170059204,
                    0.08043728768825531,
                    0.4231001138687134,
                    1.705571174621582
                ],
                [
                    0.43067842721939087,
                    0.16855984926223755,
                    0.886624813079834,
                    3.57409930229187
                ],
                [
                    7.450580596923828e-09,
                    0.9824038743972778,
                    -0.1867687851190567,
                    -0.752889096736908
                ],
                [
                    0.0,
                    0.0,
                    0.0,
                    1.0
                ]
            ]
        },
        {
            "file_path": "/data/shapenet_blender/all_50_random/02958343/6ee903e016ebbd66921cb81cb1632a5e/r_1",
            "rotation": 0.12566370614359174,
            "transform_matrix": [
                [
                    -0.1129189282655716,
                    -0.3387189209461212,
                    -0.9340871572494507,
                    -3.765425682067871
                ],
                [
                    -0.993604302406311,
                    0.03849397599697113,
                    0.10615506023168564,
                    0.4279247224330902
                ],
                [
                    0.0,
                    0.9400998950004578,
                    -0.3408992290496826,
                    -1.374208688735962
                ],
                [
                    0.0,
                    0.0,
                    0.0,
                    1.0
                ]
            ]
        },
        {
            "file_path": "/data/shapenet_blender/all_50_random/02958343/6ee903e016ebbd66921cb81cb1632a5e/r_2",
            "rotation": 0.12566370614359174,
            "transform_matrix": [
                [
                    -0.10682441294193268,
                    -0.2864111661911011,
                    0.9521329402923584,
                    3.8381705284118652
                ],
                [
                    0.9942780137062073,
                    -0.030771784484386444,
                    0.102296382188797,
                    0.41236987709999084
                ],
                [
                    1.862645371275562e-09,
                    0.9576123952865601,
                    0.2880595028400421,
                    1.1612049341201782
                ],
                [
                    0.0,
                    0.0,
                    0.0,
                    1.0
                ]
            ]
        },
        {
            "file_path": "/data/shapenet_blender/all_50_random/02958343/6ee903e016ebbd66921cb81cb1632a5e/r_3",
            "rotation": 0.12566370614359174,
            "transform_matrix": [
                [
                    -0.9003443717956543,
                    -0.04383039474487305,
                    0.4329652488231659,
                    1.7453389167785645
                ],
                [
                    0.4351781904697418,
                    -0.09068112820386887,
                    0.895766019821167,
                    3.6109485626220703
                ],
                [
                    0.0,
                    0.9949148893356323,
                    0.10071828216314316,
                    0.40600842237472534
                ],
                [
                    0.0,
                    0.0,
                    0.0,
                    1.0
                ]
            ]
        },
        {
            "file_path": "/data/shapenet_blender/all_50_random/02958343/6ee903e016ebbd66921cb81cb1632a5e/r_4",
            "rotation": 0.12566370614359174,
            "transform_matrix": [
                [
                    -0.22423870861530304,
                    0.3766106963157654,
                    0.8988221883773804,
                    3.6232681274414062
                ],
                [
                    0.974534273147583,
                    0.08665749430656433,
                    0.20681747794151306,
                    0.8337079286575317
                ],
                [
                    -7.450580596923828e-09,
                    0.9223095178604126,
                    -0.3864520192146301,
                    -1.557837963104248
                ],
                [
                    0.0,
                    0.0,
                    0.0,
                    1.0
                ]
            ]
        },
        {
            "file_path": "/data/shapenet_blender/all_50_random/02958343/6ee903e016ebbd66921cb81cb1632a5e/r_5",
            "rotation": 0.12566370614359174,
            "transform_matrix": [
                [
                    0.40727511048316956,
                    0.0814194604754448,
                    0.9096691012382507,
                    3.6669933795928955
                ],
                [
                    0.9133055806159973,
                    -0.03630780056118965,
                    -0.4056534767150879,
                    -1.6352415084838867
                ],
                [
                    0.0,
                    0.9960183501243591,
                    -0.08914811909198761,
                    -0.3593675494194031
                ],
                [
                    0.0,
                    0.0,
                    0.0,
                    1.0
                ]
            ]
        },
        {
            "file_path": "/data/shapenet_blender/all_50_random/02958343/6ee903e016ebbd66921cb81cb1632a5e/r_6",
            "rotation": 0.12566370614359174,
            "transform_matrix": [
                [
                    0.39000898599624634,
                    0.3139301538467407,
                    -0.8656447529792786,
                    -3.489525556564331
                ],
                [
                    -0.9208110570907593,
                    0.13296493887901306,
                    -0.36664333939552307,
                    -1.4779865741729736
                ],
                [
                    0.0,
                    0.9400894641876221,
                    0.3409278690814972,
                    1.3743242025375366
                ],
                [
                    0.0,
                    0.0,
                    0.0,
                    1.0
                ]
            ]
        },
        {
            "file_path": "/data/shapenet_blender/all_50_random/02958343/6ee903e016ebbd66921cb81cb1632a5e/r_7",
            "rotation": 0.12566370614359174,
            "transform_matrix": [
                [
                    -0.22086049616336823,
                    -0.029030799865722656,
                    0.9748732447624207,
                    3.929839611053467
                ],
                [
                    0.9753053784370422,
                    -0.006574102211743593,
                    0.22076265513896942,
                    0.8899226784706116
                ],
                [
                    0.0,
                    0.999556839466095,
                    0.02976585552096367,
                    0.11998999118804932
                ],
                [
                    0.0,
                    0.0,
                    0.0,
                    1.0
                ]
            ]
        },
        {
            "file_path": "/data/shapenet_blender/all_50_random/02958343/6ee903e016ebbd66921cb81cb1632a5e/r_8",
            "rotation": 0.12566370614359174,
            "transform_matrix": [
                [
                    0.9471461772918701,
                    -0.27086737751960754,
                    0.1718868464231491,
                    0.6928980946540833
                ],
                [
                    0.3208025395870209,
                    0.7997162938117981,
                    -0.5074834227561951,
                    -2.04573130607605
                ],
                [
                    0.0,
                    0.5358026623725891,
                    0.8443431258201599,
                    3.403656244277954
                ],
                [
                    0.0,
                    0.0,
                    0.0,
                    1.0
                ]
            ]
        },
        {
            "file_path": "/data/shapenet_blender/all_50_random/02958343/6ee903e016ebbd66921cb81cb1632a5e/r_9",
            "rotation": 0.12566370614359174,
            "transform_matrix": [
                [
                    -0.8277982473373413,
                    0.25554803013801575,
                    0.4994450509548187,
                    2.0133273601531982
                ],
                [
                    0.5610259771347046,
                    0.377063125371933,
                    0.7369350790977478,
                    2.9706802368164062
                ],
                [
                    0.0,
                    0.890235185623169,
                    -0.4555012583732605,
                    -1.8361842632293701
                ],
                [
                    0.0,
                    0.0,
                    0.0,
                    1.0
                ]
            ]
        },
        {
            "file_path": "/data/shapenet_blender/all_50_random/02958343/6ee903e016ebbd66921cb81cb1632a5e/r_10",
            "rotation": 0.12566370614359174,
            "transform_matrix": [
                [
                    -0.22006522119045258,
                    0.1064826250076294,
                    -0.9696559309959412,
                    -3.9088082313537598
                ],
                [
                    -0.9754851460456848,
                    -0.024022016674280167,
                    0.21875016391277313,
                    0.881810188293457
                ],
                [
                    0.0,
                    0.9940242767333984,
                    0.10915862768888474,
                    0.4400325417518616
                ],
                [
                    0.0,
                    0.0,
                    0.0,
                    1.0
                ]
            ]
        },
        {
            "file_path": "/data/shapenet_blender/all_50_random/02958343/6ee903e016ebbd66921cb81cb1632a5e/r_11",
            "rotation": 0.12566370614359174,
            "transform_matrix": [
                [
                    -0.9880533218383789,
                    0.034172240644693375,
                    -0.150276318192482,
                    -0.605783224105835
                ],
                [
                    -0.15411266684532166,
                    -0.2190864384174347,
                    0.9634575247764587,
                    3.883821487426758
                ],
                [
                    0.0,
                    0.9751067161560059,
                    0.22173546254634857,
                    0.8938442468643188
                ],
                [
                    0.0,
                    0.0,
                    0.0,
                    1.0
                ]
            ]
        },
        {
            "file_path": "/data/shapenet_blender/all_50_random/02958343/6ee903e016ebbd66921cb81cb1632a5e/r_12",
            "rotation": 0.12566370614359174,
            "transform_matrix": [
                [
                    -0.8943933844566345,
                    0.2413729429244995,
                    -0.37656286358833313,
                    -1.5179734230041504
                ],
                [
                    -0.44728121161460876,
                    -0.4826546609401703,
                    0.7529833912849426,
                    3.0353732109069824
                ],
                [
                    0.0,
                    0.8418928980827332,
                    0.5396446585655212,
                    2.175377130508423
                ],
                [
                    0.0,
                    0.0,
                    0.0,
                    1.0
                ]
            ]
        },
        {
            "file_path": "/data/shapenet_blender/all_50_random/02958343/6ee903e016ebbd66921cb81cb1632a5e/r_13",
            "rotation": 0.12566370614359174,
            "transform_matrix": [
                [
                    0.464211106300354,
                    0.18172238767147064,
                    0.8668823838233948,
                    3.4945147037506104
                ],
                [
                    0.8857247233390808,
                    -0.0952412560582161,
                    -0.4543357491493225,
                    -1.8314859867095947
                ],
                [
                    0.0,
                    0.9787266850471497,
                    -0.20516802370548248,
                    -0.827058732509613
                ],
                [
                    0.0,
                    0.0,
                    0.0,
                    1.0
                ]
            ]
        },
        {
            "file_path": "/data/shapenet_blender/all_50_random/02958343/6ee903e016ebbd66921cb81cb1632a5e/r_14",
            "rotation": 0.12566370614359174,
            "transform_matrix": [
                [
                    0.992690920829773,
                    -0.06470045447349548,
                    -0.10187578201293945,
                    -0.41067445278167725
                ],
                [
                    -0.12068482488393784,
                    -0.5321924686431885,
                    -0.8379774689674377,
                    -3.377995491027832
                ],
                [
                    0.0,
                    0.8441475033760071,
                    -0.5361108779907227,
                    -2.161132335662842
                ],
                [
                    0.0,
                    0.0,
                    0.0,
                    1.0
                ]
            ]
        },
        {
            "file_path": "/data/shapenet_blender/all_50_random/02958343/6ee903e016ebbd66921cb81cb1632a5e/r_15",
            "rotation": 0.12566370614359174,
            "transform_matrix": [
                [
                    -0.20965576171875,
                    -0.8228567838668823,
                    0.5281581878662109,
                    2.1290738582611084
                ],
                [
                    0.9777752757072449,
                    -0.17643795907497406,
                    0.1132483258843422,
                    0.45651859045028687
                ],
                [
                    0.0,
                    0.5401630997657776,
                    0.8415602445602417,
                    3.3924379348754883
                ],
                [
                    0.0,
                    0.0,
                    0.0,
                    1.0
                ]
            ]
        },
        {
            "file_path": "/data/shapenet_blender/all_50_random/02958343/6ee903e016ebbd66921cb81cb1632a5e/r_16",
            "rotation": 0.12566370614359174,
            "transform_matrix": [
                [
                    -0.15145358443260193,
                    0.362813264131546,
                    0.9194717407226562,
                    3.7065091133117676
                ],
                [
                    0.98846435546875,
                    0.05559064820408821,
                    0.1408824771642685,
                    0.5679154396057129
                ],
                [
                    0.0,
                    0.9302021861076355,
                    -0.36704742908477783,
                    -1.479615569114685
                ],
                [
                    0.0,
                    0.0,
                    0.0,
                    1.0
                ]
            ]
        },
        {
            "file_path": "/data/shapenet_blender/all_50_random/02958343/6ee903e016ebbd66921cb81cb1632a5e/r_17",
            "rotation": 0.12566370614359174,
            "transform_matrix": [
                [
                    0.500805675983429,
                    -0.1489681750535965,
                    -0.8526442050933838,
                    -3.4371187686920166
                ],
                [
                    -0.8655597567558289,
                    -0.08619175106287003,
                    -0.4933328628540039,
                    -1.988688349723816
                ],
                [
                    0.0,
                    0.9850783944129944,
                    -0.17210617661476135,
                    -0.6937822103500366
                ],
                [
                    0.0,
                    0.0,
                    0.0,
                    1.0
                ]
            ]
        },
        {
            "file_path": "/data/shapenet_blender/all_50_random/02958343/6ee903e016ebbd66921cb81cb1632a5e/r_18",
            "rotation": 0.12566370614359174,
            "transform_matrix": [
                [
                    0.9999725222587585,
                    -0.004119227174669504,
                    -0.006157890893518925,
                    -0.024823248386383057
                ],
                [
                    -0.00740861939266324,
                    -0.5559893846511841,
                    -0.8311564326286316,
                    -3.3504984378814697
                ],
                [
                    2.3283062977608182e-10,
                    0.831179141998291,
                    -0.5560046434402466,
                    -2.241326093673706
                ],
                [
                    0.0,
                    0.0,
                    0.0,
                    1.0
                ]
            ]
        },
        {
            "file_path": "/data/shapenet_blender/all_50_random/02958343/6ee903e016ebbd66921cb81cb1632a5e/r_19",
            "rotation": 0.12566370614359174,
            "transform_matrix": [
                [
                    -0.9269523620605469,
                    0.11268475651741028,
                    0.35785701870918274,
                    1.4425678253173828
                ],
                [
                    0.37517932057380676,
                    0.27840927243232727,
                    0.8841542601585388,
                    3.5641398429870605
                ],
                [
                    -7.450581485102248e-09,
                    0.9538292288780212,
                    -0.3003491163253784,
                    -1.2107460498809814
                ],
                [
                    0.0,
                    0.0,
                    0.0,
                    1.0
                ]
            ]
        },
        {
            "file_path": "/data/shapenet_blender/all_50_random/02958343/6ee903e016ebbd66921cb81cb1632a5e/r_20",
            "rotation": 0.12566370614359174,
            "transform_matrix": [
                [
                    -0.13459578156471252,
                    -0.7435102462768555,
                    -0.6550391316413879,
                    -2.640547513961792
                ],
                [
                    -0.9909006357192993,
                    0.10099229961633682,
                    0.08897511661052704,
                    0.3586702048778534
                ],
                [
                    0.0,
                    0.6610543727874756,
                    -0.7503378987312317,
                    -3.0247089862823486
                ],
                [
                    0.0,
                    0.0,
                    0.0,
                    1.0
                ]
            ]
        },
        {
            "file_path": "/data/shapenet_blender/all_50_random/02958343/6ee903e016ebbd66921cb81cb1632a5e/r_21",
            "rotation": 0.12566370614359174,
            "transform_matrix": [
                [
                    -0.8217775225639343,
                    0.47074735164642334,
                    -0.3210586905479431,
                    -1.2942290306091309
                ],
                [
                    -0.5698085427284241,
                    -0.678911566734314,
                    0.4630306661128998,
                    1.866536259651184
                ],
                [
                    0.0,
                    0.5634502172470093,
                    0.8261500597000122,
                    3.330317497253418
                ],
                [
                    0.0,
                    0.0,
                    0.0,
                    1.0
                ]
            ]
        },
        {
            "file_path": "/data/shapenet_blender/all_50_random/02958343/6ee903e016ebbd66921cb81cb1632a5e/r_22",
            "rotation": 0.12566370614359174,
            "transform_matrix": [
                [
                    -0.37100934982299805,
                    0.04108091816306114,
                    -0.9277201294898987,
                    -3.7397589683532715
                ],
                [
                    -0.9286292195320129,
                    -0.016412796452641487,
                    0.3706461191177368,
                    1.4941221475601196
                ],
                [
                    1.8626449271863521e-09,
                    0.9990211129188538,
                    0.04423823952674866,
                    0.17833001911640167
                ],
                [
                    0.0,
                    0.0,
                    0.0,
                    1.0
                ]
            ]
        },
        {
            "file_path": "/data/shapenet_blender/all_50_random/02958343/6ee903e016ebbd66921cb81cb1632a5e/r_23",
            "rotation": 0.12566370614359174,
            "transform_matrix": [
                [
                    0.9873967170715332,
                    -0.029321793466806412,
                    0.15552479028701782,
                    0.6269404888153076
                ],
                [
                    0.15826472640037537,
                    0.18293552100658417,
                    -0.9703024625778198,
                    -3.911414384841919
                ],
                [
                    0.0,
                    0.9826875329017639,
                    0.1852705329656601,
                    0.7468494176864624
                ],
                [
                    0.0,
                    0.0,
                    0.0,
                    1.0
                ]
            ]
        },
        {
            "file_path": "/data/shapenet_blender/all_50_random/02958343/6ee903e016ebbd66921cb81cb1632a5e/r_24",
            "rotation": 0.12566370614359174,
            "transform_matrix": [
                [
                    0.9912060499191284,
                    0.011155819520354271,
                    0.131856307387352,
                    0.5315297842025757
                ],
                [
                    0.1323273777961731,
                    -0.08356332033872604,
                    -0.9876773953437805,
                    -3.981454849243164
                ],
                [
                    0.0,
                    0.9964399933815002,
                    -0.08430469781160355,
                    -0.33984309434890747
                ],
                [
                    0.0,
                    0.0,
                    0.0,
                    1.0
                ]
            ]
        },
        {
            "file_path": "/data/shapenet_blender/all_50_random/02958343/6ee903e016ebbd66921cb81cb1632a5e/r_25",
            "rotation": 0.12566370614359174,
            "transform_matrix": [
                [
                    -0.9992169737815857,
                    0.018189501017332077,
                    -0.03513916954398155,
                    -0.14165052771568298
                ],
                [
                    -0.03956790640950203,
                    -0.45934340357780457,
                    0.8873770236968994,
                    3.5771312713623047
                ],
                [
                    0.0,
                    0.8880724906921387,
                    0.45970338582992554,
                    1.853123664855957
                ],
                [
                    0.0,
                    0.0,
                    0.0,
                    1.0
                ]
            ]
        },
        {
            "file_path": "/data/shapenet_blender/all_50_random/02958343/6ee903e016ebbd66921cb81cb1632a5e/r_26",
            "rotation": 0.12566370614359174,
            "transform_matrix": [
                [
                    0.28768250346183777,
                    -0.559460461139679,
                    0.7773305177688599,
                    3.1335196495056152
                ],
                [
                    0.9577258825302124,
                    0.16805119812488556,
                    -0.23349520564079285,
                    -0.9412492513656616
                ],
                [
                    1.4901161193847656e-08,
                    0.811642050743103,
                    0.5841551423072815,
                    2.354804754257202
                ],
                [
                    0.0,
                    0.0,
                    0.0,
                    1.0
                ]
            ]
        },
        {
            "file_path": "/data/shapenet_blender/all_50_random/02958343/6ee903e016ebbd66921cb81cb1632a5e/r_27",
            "rotation": 0.12566370614359174,
            "transform_matrix": [
                [
                    0.21431493759155273,
                    0.6529964208602905,
                    0.7264053821563721,
                    2.9282338619232178
                ],
                [
                    0.9767646789550781,
                    -0.14327594637870789,
                    -0.15938283503055573,
                    -0.6424927711486816
                ],
                [
                    0.0,
                    0.7436851859092712,
                    -0.6685299873352051,
                    -2.6949305534362793
                ],
                [
                    0.0,
                    0.0,
                    0.0,
                    1.0
                ]
            ]
        },
        {
            "file_path": "/data/shapenet_blender/all_50_random/02958343/6ee903e016ebbd66921cb81cb1632a5e/r_28",
            "rotation": 0.12566370614359174,
            "transform_matrix": [
                [
                    0.06282307207584381,
                    0.4815167486667633,
                    0.874182403087616,
                    3.523941993713379
                ],
                [
                    0.9980247020721436,
                    -0.030310234054923058,
                    -0.05502752214670181,
                    -0.22182303667068481
                ],
                [
                    0.0,
                    0.8759126663208008,
                    -0.48246973752975464,
                    -1.9448977708816528
                ],
                [
                    0.0,
                    0.0,
                    0.0,
                    1.0
                ]
            ]
        },
        {
            "file_path": "/data/shapenet_blender/all_50_random/02958343/6ee903e016ebbd66921cb81cb1632a5e/r_29",
            "rotation": 0.12566370614359174,
            "transform_matrix": [
                [
                    -0.9151569604873657,
                    -0.3374333381652832,
                    -0.22051407396793365,
                    -0.8889206647872925
                ],
                [
                    -0.4030976891517639,
                    0.766078531742096,
                    0.5006354451179504,
                    2.0181260108947754
                ],
                [
                    0.0,
                    0.547048807144165,
                    -0.8371008038520813,
                    -3.3744611740112305
                ],
                [
                    0.0,
                    0.0,
                    0.0,
                    1.0
                ]
            ]
        },
        {
            "file_path": "/data/shapenet_blender/all_50_random/02958343/6ee903e016ebbd66921cb81cb1632a5e/r_30",
            "rotation": 0.12566370614359174,
            "transform_matrix": [
                [
                    -0.8588266968727112,
                    -0.10601938515901566,
                    0.5011751651763916,
                    2.0203018188476562
                ],
                [
                    0.5122661590576172,
                    -0.177744060754776,
                    0.8402323126792908,
                    3.387084722518921
                ],
                [
                    -7.450580596923828e-09,
                    0.978348970413208,
                    0.2069615125656128,
                    0.8342885375022888
                ],
                [
                    0.0,
                    0.0,
                    0.0,
                    1.0
                ]
            ]
        },
        {
            "file_path": "/data/shapenet_blender/all_50_random/02958343/6ee903e016ebbd66921cb81cb1632a5e/r_31",
            "rotation": 0.12566370614359174,
            "transform_matrix": [
                [
                    0.14587177336215973,
                    0.02903277799487114,
                    -0.9888773560523987,
                    -3.9862923622131348
                ],
                [
                    -0.9893035292625427,
                    0.004280852619558573,
                    -0.14580892026424408,
                    -0.5877746343612671
                ],
                [
                    0.0,
                    0.999569296836853,
                    0.029346687719225883,
                    0.11830028891563416
                ],
                [
                    0.0,
                    0.0,
                    0.0,
                    1.0
                ]
            ]
        },
        {
            "file_path": "/data/shapenet_blender/all_50_random/02958343/6ee903e016ebbd66921cb81cb1632a5e/r_32",
            "rotation": 0.12566370614359174,
            "transform_matrix": [
                [
                    0.35731732845306396,
                    0.034273870289325714,
                    -0.9333540201187134,
                    -3.762470006942749
                ],
                [
                    -0.9339830279350281,
                    0.013112280517816544,
                    -0.3570766746997833,
                    -1.4394218921661377
                ],
                [
                    0.0,
                    0.9993264079093933,
                    0.03669646382331848,
                    0.1479281634092331
                ],
                [
                    0.0,
                    0.0,
                    0.0,
                    1.0
                ]
            ]
        },
        {
            "file_path": "/data/shapenet_blender/all_50_random/02958343/6ee903e016ebbd66921cb81cb1632a5e/r_33",
            "rotation": 0.12566370614359174,
            "transform_matrix": [
                [
                    -0.5366341471672058,
                    0.12430094927549362,
                    0.8346095681190491,
                    3.3644182682037354
                ],
                [
                    0.8438149094581604,
                    0.07905066758394241,
                    0.5307798981666565,
                    2.1396420001983643
                ],
                [
                    7.4505792646561986e-09,
                    0.9890906810760498,
                    -0.14730830490589142,
                    -0.593818724155426
                ],
                [
                    0.0,
                    0.0,
                    0.0,
                    1.0
                ]
            ]
        },
        {
            "file_path": "/data/shapenet_blender/all_50_random/02958343/6ee903e016ebbd66921cb81cb1632a5e/r_34",
            "rotation": 0.12566370614359174,
            "transform_matrix": [
                [
                    -0.14279450476169586,
                    -0.007383665535598993,
                    -0.98972487449646,
                    -3.989708185195923
                ],
                [
                    -0.9897523522377014,
                    0.0010652632918208838,
                    0.1427905410528183,
                    0.5756070017814636
                ],
                [
                    0.0,
                    0.9999722242355347,
                    -0.0074601140804588795,
                    -0.03007267788052559
                ],
                [
                    0.0,
                    0.0,
                    0.0,
                    1.0
                ]
            ]
        },
        {
            "file_path": "/data/shapenet_blender/all_50_random/02958343/6ee903e016ebbd66921cb81cb1632a5e/r_35",
            "rotation": 0.12566370614359174,
            "transform_matrix": [
                [
                    0.889487624168396,
                    -0.39933520555496216,
                    -0.22213348746299744,
                    -0.8954487442970276
                ],
                [
                    -0.4569593667984009,
                    -0.7773200869560242,
                    -0.4323906898498535,
                    -1.7430226802825928
                ],
                [
                    1.4901161193847656e-08,
                    0.48611214756965637,
                    -0.8738964200019836,
                    -3.522789239883423
                ],
                [
                    0.0,
                    0.0,
                    0.0,
                    1.0
                ]
            ]
        },
        {
            "file_path": "/data/shapenet_blender/all_50_random/02958343/6ee903e016ebbd66921cb81cb1632a5e/r_36",
            "rotation": 0.12566370614359174,
            "transform_matrix": [
                [
                    -0.35091373324394226,
                    -0.1096586063504219,
                    -0.9299647808074951,
                    -3.748807907104492
                ],
                [
                    -0.9364078044891357,
                    0.041093967854976654,
                    0.34849926829338074,
                    1.4048454761505127
                ],
                [
                    0.0,
                    0.993119478225708,
                    -0.11710560321807861,
                    -0.47206777334213257
                ],
                [
                    0.0,
                    0.0,
                    0.0,
                    1.0
                ]
            ]
        },
        {
            "file_path": "/data/shapenet_blender/all_50_random/02958343/6ee903e016ebbd66921cb81cb1632a5e/r_37",
            "rotation": 0.12566370614359174,
            "transform_matrix": [
                [
                    0.982369601726532,
                    -0.03399557247757912,
                    -0.18383201956748962,
                    -0.741050660610199
                ],
                [
                    -0.1869489550590515,
                    -0.17863816022872925,
                    -0.9659908413887024,
                    -3.894033908843994
                ],
                [
                    -3.725290298461914e-09,
                    0.983327329158783,
                    -0.18184413015842438,
                    -0.7330371737480164
                ],
                [
                    0.0,
                    0.0,
                    0.0,
                    1.0
                ]
            ]
        },
        {
            "file_path": "/data/shapenet_blender/all_50_random/02958343/6ee903e016ebbd66921cb81cb1632a5e/r_38",
            "rotation": 0.12566370614359174,
            "transform_matrix": [
                [
                    0.5803624391555786,
                    -0.742327094078064,
                    -0.3348580002784729,
                    -1.349855899810791
                ],
                [
                    -0.8143582940101624,
                    -0.5290284752845764,
                    -0.2386406809091568,
                    -0.9619914293289185
                ],
                [
                    1.4901161193847656e-08,
                    0.411192387342453,
                    -0.9115484356880188,
                    -3.674569606781006
                ],
                [
                    0.0,
                    0.0,
                    0.0,
                    1.0
                ]
            ]
        },
        {
            "file_path": "/data/shapenet_blender/all_50_random/02958343/6ee903e016ebbd66921cb81cb1632a5e/r_39",
            "rotation": 0.12566370614359174,
            "transform_matrix": [
                [
                    0.03659124672412872,
                    -0.6739932894706726,
                    0.7378306984901428,
                    2.9742908477783203
                ],
                [
                    0.9993303418159485,
                    0.024678779765963554,
                    -0.027016237378120422,
                    -0.10890594124794006
                ],
                [
                    1.862645149230957e-09,
                    0.7383251190185547,
                    0.674444854259491,
                    2.7187743186950684
                ],
                [
                    0.0,
                    0.0,
                    0.0,
                    1.0
                ]
            ]
        },
        {
            "file_path": "/data/shapenet_blender/all_50_random/02958343/6ee903e016ebbd66921cb81cb1632a5e/r_40",
            "rotation": 0.12566370614359174,
            "transform_matrix": [
                [
                    -0.9749054908752441,
                    -0.18433822691440582,
                    0.124815434217453,
                    0.5031471252441406
                ],
                [
                    0.22261959314346313,
                    -0.8072620034217834,
                    0.5465971827507019,
                    2.203403949737549
                ],
                [
                    -7.450581485102248e-09,
                    0.5606669187545776,
                    0.8280413150787354,
                    3.3379416465759277
                ],
                [
                    0.0,
                    0.0,
                    0.0,
                    1.0
                ]
            ]
        },
        {
            "file_path": "/data/shapenet_blender/all_50_random/02958343/6ee903e016ebbd66921cb81cb1632a5e/r_41",
            "rotation": 0.12566370614359174,
            "transform_matrix": [
                [
                    0.8676191568374634,
                    0.044911667704582214,
                    0.4951968789100647,
                    1.9962025880813599
                ],
                [
                    0.4972293972969055,
                    -0.07836668938398361,
                    -0.8640726208686829,
                    -3.4831883907318115
                ],
                [
                    -3.725290298461914e-09,
                    0.995912492275238,
                    -0.09032382071018219,
