{
    "class": "02958343",
    "model": "7611c8605cb47d74b11647ffa4306609",
    "remove_doubles": true,
    "edge_split": true,
    "denoise": true,
    "camera_angle_x": 0.6911112070083618,
    "scale_factor": 2.285171015137071,
    "hdri_file": "/data/IndoorHDRDataset2018/AG8A6256-fbb1298455.exr",
    "center_offset": [
        0.0,
        0.0,
        0.0
    ],
    "lights": [],
    "frames": [
        {
            "file_path": "/data/shapenet_blender/all_50_random/02958343/7611c8605cb47d74b11647ffa4306609/r_0",
            "rotation": 0.12566370614359174,
            "transform_matrix": [
                [
                    0.9129239916801453,
                    -0.13646745681762695,
                    -0.3846380114555359,
                    -1.5505255460739136
                ],
                [
                    -0.40812960267066956,
                    -0.30525699257850647,
                    -0.8603768348693848,
                    -3.468290090560913
                ],
                [
                    0.0,
                    0.9424408078193665,
                    -0.3343728482723236,
                    -1.347900152206421
                ],
                [
                    0.0,
                    0.0,
                    0.0,
                    1.0
                ]
            ]
        },
        {
            "file_path": "/data/shapenet_blender/all_50_random/02958343/7611c8605cb47d74b11647ffa4306609/r_1",
            "rotation": 0.12566370614359174,
            "transform_matrix": [
                [
                    0.28288570046424866,
                    0.040890078991651535,
                    -0.9582816362380981,
                    -3.8629565238952637
                ],
                [
                    -0.9591535329818726,
                    0.012059818021953106,
                    -0.28262853622436523,
                    -1.1393120288848877
                ],
                [
                    -9.313225191043273e-10,
                    0.9990906715393066,
                    0.04263141751289368,
                    0.1718527376651764
                ],
                [
                    0.0,
                    0.0,
                    0.0,
                    1.0
                ]
            ]
        },
        {
            "file_path": "/data/shapenet_blender/all_50_random/02958343/7611c8605cb47d74b11647ffa4306609/r_2",
            "rotation": 0.12566370614359174,
            "transform_matrix": [
                [
                    0.005574168637394905,
                    -0.4831275939941406,
                    0.8755322098731995,
                    3.5293831825256348
                ],
                [
                    0.9999845623970032,
                    0.0026930763851851225,
                    -0.004880439955741167,
                    -0.019673682749271393
                ],
                [
                    0.0,
                    0.8755457997322083,
                    0.4831351041793823,
                    1.9475798606872559
                ],
                [
                    0.0,
                    0.0,
                    0.0,
                    1.0
                ]
            ]
        },
        {
            "file_path": "/data/shapenet_blender/all_50_random/02958343/7611c8605cb47d74b11647ffa4306609/r_3",
            "rotation": 0.12566370614359174,
            "transform_matrix": [
                [
                    0.9210600852966309,
                    -0.24582500755786896,
                    0.30202409625053406,
                    1.2174980640411377
                ],
                [
                    0.3894207179546356,
                    0.5814266800880432,
                    -0.714349091053009,
                    -2.8796331882476807
                ],
                [
                    0.0,
                    0.7755728363990784,
                    0.6312581300735474,
                    2.5446829795837402
                ],
                [
                    0.0,
                    0.0,
                    0.0,
                    1.0
                ]
            ]
        },
        {
            "file_path": "/data/shapenet_blender/all_50_random/02958343/7611c8605cb47d74b11647ffa4306609/r_4",
            "rotation": 0.12566370614359174,
            "transform_matrix": [
                [
                    -0.47748711705207825,
                    0.31202632188796997,
                    0.8213681578636169,
                    3.3110408782958984
                ],
                [
                    0.878638744354248,
                    0.16956748068332672,
                    0.44636398553848267,
                    1.7993507385253906
                ],
                [
                    -1.4901161193847656e-08,
                    0.9348188638687134,
                    -0.35512474179267883,
                    -1.431553602218628
                ],
                [
                    0.0,
                    0.0,
                    0.0,
                    1.0
                ]
            ]
        },
        {
            "file_path": "/data/shapenet_blender/all_50_random/02958343/7611c8605cb47d74b11647ffa4306609/r_5",
            "rotation": 0.12566370614359174,
            "transform_matrix": [
                [
                    0.9983803033828735,
                    0.03702225908637047,
                    0.04319845512509346,
                    0.17413854598999023
                ],
                [
                    0.05689248442649841,
                    -0.6496868133544922,
                    -0.7580701112747192,
                    -3.0558784008026123
                ],
                [
                    0.0,
                    0.7592999339103699,
                    -0.6507408618927002,
                    -2.623220205307007
                ],
                [
                    0.0,
                    0.0,
                    0.0,
                    1.0
                ]
            ]
        },
        {
            "file_path": "/data/shapenet_blender/all_50_random/02958343/7611c8605cb47d74b11647ffa4306609/r_6",
            "rotation": 0.12566370614359174,
            "transform_matrix": [
                [
                    0.5318773984909058,
                    -0.11807569116353989,
                    -0.8385490775108337,
                    -3.3802990913391113
                ],
                [
                    -0.8468212485313416,
                    -0.07416181266307831,
                    -0.5266817808151245,
                    -2.123121976852417
                ],
                [
                    -3.725290076417309e-09,
                    0.9902312755584717,
                    -0.13943402469158173,
                    -0.5620764493942261
                ],
                [
                    0.0,
                    0.0,
                    0.0,
                    1.0
                ]
            ]
        },
        {
            "file_path": "/data/shapenet_blender/all_50_random/02958343/7611c8605cb47d74b11647ffa4306609/r_7",
            "rotation": 0.12566370614359174,
            "transform_matrix": [
                [
                    0.6328931450843811,
                    0.042559538036584854,
                    -0.7730685472488403,
                    -3.1163389682769775
                ],
                [
                    -0.7742392420768738,
                    0.03478981554508209,
                    -0.6319361925125122,
                    -2.5474162101745605
                ],
                [
                    0.0,
                    0.9984880089759827,
                    0.05496949702501297,
                    0.2215891182422638
                ],
                [
                    0.0,
                    0.0,
                    0.0,
                    1.0
                ]
            ]
        },
        {
            "file_path": "/data/shapenet_blender/all_50_random/02958343/7611c8605cb47d74b11647ffa4306609/r_8",
            "rotation": 0.12566370614359174,
            "transform_matrix": [
                [
                    -0.4967849552631378,
                    -0.4812840521335602,
                    0.7221983075141907,
                    2.9112744331359863
                ],
                [
                    0.8678736090660095,
                    -0.2754948139190674,
                    0.41339805722236633,
                    1.6664608716964722
                ],
                [
                    -1.4901159417490817e-08,
                    0.8321468234062195,
                    0.5545554161071777,
                    2.2354843616485596
                ],
                [
                    0.0,
                    0.0,
                    0.0,
                    1.0
                ]
            ]
        },
        {
            "file_path": "/data/shapenet_blender/all_50_random/02958343/7611c8605cb47d74b11647ffa4306609/r_9",
            "rotation": 0.12566370614359174,
            "transform_matrix": [
                [
                    0.13384407758712769,
                    -0.8456265330314636,
                    0.5167217254638672,
                    2.0829718112945557
                ],
                [
                    0.9910024404525757,
                    0.11420970410108566,
                    -0.06978806108236313,
                    -0.28132468461990356
                ],
                [
                    0.0,
                    0.5214131474494934,
                    0.8533043265342712,
                    3.439779758453369
                ],
                [
                    0.0,
                    0.0,
                    0.0,
                    1.0
                ]
            ]
        },
        {
            "file_path": "/data/shapenet_blender/all_50_random/02958343/7611c8605cb47d74b11647ffa4306609/r_10",
            "rotation": 0.12566370614359174,
            "transform_matrix": [
                [
                    -0.5468750596046448,
                    -0.8364145159721375,
                    -0.03658192977309227,
                    -0.1474664807319641
                ],
                [
                    -0.8372142910957336,
                    0.5463526844978333,
                    0.023895611986517906,
                    0.09632629156112671
                ],
                [
                    -1.862645371275562e-09,
                    0.04369523003697395,
                    -0.9990448951721191,
                    -4.027278900146484
                ],
                [
                    0.0,
                    0.0,
                    0.0,
                    1.0
                ]
            ]
        },
        {
            "file_path": "/data/shapenet_blender/all_50_random/02958343/7611c8605cb47d74b11647ffa4306609/r_11",
            "rotation": 0.12566370614359174,
            "transform_matrix": [
                [
                    -0.940446674823761,
                    0.1673000305891037,
                    -0.2959233820438385,
                    -1.1929054260253906
                ],
                [
                    -0.3399411141872406,
                    -0.4628353416919708,
                    0.818671703338623,
                    3.300171375274658
                ],
                [
                    0.0,
                    0.8705137372016907,
                    0.4921441078186035,
                    1.9838964939117432
                ],
                [
                    0.0,
                    0.0,
                    0.0,
                    1.0
                ]
            ]
        },
        {
            "file_path": "/data/shapenet_blender/all_50_random/02958343/7611c8605cb47d74b11647ffa4306609/r_12",
            "rotation": 0.12566370614359174,
            "transform_matrix": [
                [
                    -0.9674443602561951,
                    0.021318981423974037,
                    0.25218427181243896,
                    1.016587257385254
                ],
                [
                    0.2530837953090668,
                    0.08149446547031403,
                    0.9640058279037476,
                    3.8860318660736084
                ],
                [
                    0.0,
                    0.9964455962181091,
                    -0.08423686027526855,
                    -0.33956965804100037
                ],
                [
                    0.0,
                    0.0,
                    0.0,
                    1.0
                ]
            ]
        },
        {
            "file_path": "/data/shapenet_blender/all_50_random/02958343/7611c8605cb47d74b11647ffa4306609/r_13",
            "rotation": 0.12566370614359174,
            "transform_matrix": [
                [
                    -0.350472629070282,
                    -0.34364649653434753,
                    0.8712497353553772,
                    3.5121195316314697
                ],
                [
                    0.9365729093551636,
                    -0.12859509885311127,
                    0.3260282278060913,
                    1.3142616748809814
                ],
                [
                    -1.4901158529312397e-08,
                    0.9302528500556946,
                    0.3669191002845764,
                    1.4790980815887451
                ],
                [
                    0.0,
                    0.0,
                    0.0,
                    1.0
                ]
            ]
        },
        {
            "file_path": "/data/shapenet_blender/all_50_random/02958343/7611c8605cb47d74b11647ffa4306609/r_14",
            "rotation": 0.12566370614359174,
            "transform_matrix": [
                [
                    -0.9278004169464111,
                    0.0451083704829216,
                    -0.3703399896621704,
                    -1.49288809299469
                ],
                [
                    -0.37307700514793396,
                    -0.11217942833900452,
                    0.9209937453269958,
                    3.712644100189209
                ],
                [
                    0.0,
                    0.9926635026931763,
                    0.12090904265642166,
                    0.4873998761177063
                ],
                [
                    0.0,
                    0.0,
                    0.0,
                    1.0
                ]
            ]
        },
        {
            "file_path": "/data/shapenet_blender/all_50_random/02958343/7611c8605cb47d74b11647ffa4306609/r_15",
            "rotation": 0.12566370614359174,
            "transform_matrix": [
                [
                    0.2545815706253052,
                    -0.031584758311510086,
                    -0.9665352702140808,
                    -3.896228551864624
                ],
                [
                    -0.9670513272285461,
                    -0.008314860984683037,
                    -0.25444573163986206,
                    -1.0257036685943604
                ],
                [
                    9.313225746154785e-10,
                    0.9994664788246155,
                    -0.03266088292002678,
                    -0.13166025280952454
                ],
                [
                    0.0,
                    0.0,
                    0.0,
                    1.0
                ]
            ]
        },
        {
            "file_path": "/data/shapenet_blender/all_50_random/02958343/7611c8605cb47d74b11647ffa4306609/r_16",
            "rotation": 0.12566370614359174,
            "transform_matrix": [
                [
                    0.9997907280921936,
                    -0.00953346025198698,
                    0.018096085637807846,
                    0.07294765114784241
                ],
                [
                    0.02045373059809208,
                    0.4660012722015381,
                    -0.8845475912094116,
                    -3.565725326538086
                ],
                [
                    0.0,
                    0.8847326636314392,
                    0.4660987854003906,
                    1.8789043426513672
                ],
                [
                    0.0,
                    0.0,
                    0.0,
                    1.0
                ]
            ]
        },
        {
            "file_path": "/data/shapenet_blender/all_50_random/02958343/7611c8605cb47d74b11647ffa4306609/r_17",
            "rotation": 0.12566370614359174,
            "transform_matrix": [
                [
                    0.02307586371898651,
                    -0.15289127826690674,
                    0.9879735708236694,
                    3.9826488494873047
                ],
                [
                    0.9997337460517883,
                    0.0035290373489260674,
                    -0.022804412990808487,
                    -0.09192752838134766
                ],
                [
                    2.3283064365386963e-10,
                    0.9882367849349976,
                    0.15293197333812714,
                    0.616488516330719
                ],
                [
                    0.0,
                    0.0,
                    0.0,
                    1.0
                ]
            ]
        },
        {
            "file_path": "/data/shapenet_blender/all_50_random/02958343/7611c8605cb47d74b11647ffa4306609/r_18",
            "rotation": 0.12566370614359174,
            "transform_matrix": [
                [
                    -0.8775452971458435,
                    -0.04996896907687187,
                    0.47688302397727966,
                    1.9223769903182983
                ],
                [
                    0.4794938564300537,
                    -0.09145066142082214,
                    0.8727670907974243,
                    3.5182366371154785
                ],
                [
                    -3.725290742551124e-09,
                    0.9945550560951233,
                    0.10421190410852432,
                    0.4200916290283203
                ],
                [
                    0.0,
                    0.0,
                    0.0,
                    1.0
                ]
            ]
        },
        {
            "file_path": "/data/shapenet_blender/all_50_random/02958343/7611c8605cb47d74b11647ffa4306609/r_19",
            "rotation": 0.12566370614359174,
            "transform_matrix": [
                [
                    0.9828540086746216,
                    0.05859724432229996,
                    0.17482714354991913,
                    0.7047507762908936
                ],
                [
                    0.18438592553138733,
                    -0.31234776973724365,
                    -0.9319016337394714,
                    -3.75661563873291
                ],
                [
                    3.725290742551124e-09,
                    0.948158860206604,
                    -0.3177967071533203,
                    -1.2810795307159424
                ],
                [
                    0.0,
                    0.0,
                    0.0,
                    1.0
                ]
            ]
        },
        {
            "file_path": "/data/shapenet_blender/all_50_random/02958343/7611c8605cb47d74b11647ffa4306609/r_20",
            "rotation": 0.12566370614359174,
            "transform_matrix": [
                [
                    -0.8242302536964417,
                    0.16731955111026764,
                    0.5409700870513916,
                    2.1807198524475098
                ],
                [
                    0.5662546753883362,
                    0.24354737997055054,
                    0.7874264121055603,
                    3.1742169857025146
                ],
                [
                    0.0,
                    0.9553473591804504,
                    -0.29548466205596924,
                    -1.1911365985870361
                ],
                [
                    0.0,
                    0.0,
                    0.0,
                    1.0
                ]
            ]
        },
        {
            "file_path": "/data/shapenet_blender/all_50_random/02958343/7611c8605cb47d74b11647ffa4306609/r_21",
            "rotation": 0.12566370614359174,
            "transform_matrix": [
                [
                    -0.0005559253040701151,
                    0.8039070963859558,
                    -0.5947546362876892,
                    -2.3975327014923096
                ],
                [
                    -0.9999998211860657,
                    -0.0004469123960006982,
                    0.0003306392172817141,
                    0.0013328492641448975
                ],
                [
                    0.0,
                    0.594754695892334,
                    0.8039071559906006,
                    3.2406535148620605
                ],
                [
                    0.0,
                    0.0,
                    0.0,
                    1.0
                ]
            ]
        },
        {
            "file_path": "/data/shapenet_blender/all_50_random/02958343/7611c8605cb47d74b11647ffa4306609/r_22",
            "rotation": 0.12566370614359174,
            "transform_matrix": [
                [
                    0.08457506448030472,
                    -0.029629889875650406,
                    -0.9959763884544373,
                    -4.014909744262695
                ],
                [
                    -0.996417224407196,
                    -0.0025149600114673376,
                    -0.08453764021396637,
                    -0.34078216552734375
                ],
                [
                    2.3283069916502086e-10,
                    0.9995577335357666,
                    -0.029736429452896118,
                    -0.11987139284610748
                ],
                [
                    0.0,
                    0.0,
                    0.0,
                    1.0
                ]
            ]
        },
        {
            "file_path": "/data/shapenet_blender/all_50_random/02958343/7611c8605cb47d74b11647ffa4306609/r_23",
            "rotation": 0.12566370614359174,
            "transform_matrix": [
                [
                    -0.7267915606498718,
                    -0.22642281651496887,
                    -0.6484647393226624,
                    -2.6140451431274414
                ],
                [
                    -0.6868579983711243,
                    0.2395869642496109,
                    0.6861662268638611,
                    2.7660248279571533
                ],
                [
                    0.0,
                    0.9441031217575073,
                    -0.3296501040458679,
                    -1.328862190246582
                ],
                [
                    0.0,
                    0.0,
                    0.0,
                    1.0
                ]
            ]
        },
        {
            "file_path": "/data/shapenet_blender/all_50_random/02958343/7611c8605cb47d74b11647ffa4306609/r_24",
            "rotation": 0.12566370614359174,
            "transform_matrix": [
                [
                    0.3965063691139221,
                    0.1198650524020195,
                    0.9101731181144714,
                    3.669025182723999
                ],
                [
                    0.9180320501327515,
                    -0.05177080258727074,
                    -0.3931120038032532,
                    -1.584685206413269
                ],
                [
                    3.725290742551124e-09,
                    0.9914393424987793,
                    -0.13056740164756775,
                    -0.5263340473175049
                ],
                [
                    0.0,
                    0.0,
                    0.0,
                    1.0
                ]
            ]
        },
        {
            "file_path": "/data/shapenet_blender/all_50_random/02958343/7611c8605cb47d74b11647ffa4306609/r_25",
            "rotation": 0.12566370614359174,
            "transform_matrix": [
                [
                    -0.9707400798797607,
                    0.15358196198940277,
                    0.18459771573543549,
                    0.744137167930603
                ],
                [
                    0.24013274908065796,
                    0.620857298374176,
                    0.7462388873100281,
                    3.0081851482391357
                ],
                [
                    -7.450580596923828e-09,
                    0.7687320113182068,
                    -0.6395710706710815,
                    -2.578193426132202
                ],
                [
                    0.0,
                    0.0,
                    0.0,
                    1.0
                ]
            ]
        },
        {
            "file_path": "/data/shapenet_blender/all_50_random/02958343/7611c8605cb47d74b11647ffa4306609/r_26",
            "rotation": 0.12566370614359174,
            "transform_matrix": [
                [
                    0.9179574251174927,
                    -0.15756067633628845,
                    0.3640451431274414,
                    1.467513084411621
                ],
                [
                    0.3966790437698364,
                    0.3646121621131897,
                    -0.8424391150474548,
                    -3.3959808349609375
                ],
                [
                    -1.4901161193847656e-08,
                    0.917732298374176,
                    0.3971993923187256,
                    1.601162075996399
                ],
                [
                    0.0,
                    0.0,
                    0.0,
                    1.0
                ]
            ]
        },
        {
            "file_path": "/data/shapenet_blender/all_50_random/02958343/7611c8605cb47d74b11647ffa4306609/r_27",
            "rotation": 0.12566370614359174,
            "transform_matrix": [
                [
                    0.9773842692375183,
                    0.19866164028644562,
                    0.0724819004535675,
                    0.29218390583992004
                ],
                [
                    0.21147121489048004,
                    -0.9181806445121765,
                    -0.334999144077301,
                    -1.350424885749817
                ],
                [
                    0.0,
                    0.34275057911872864,
                    -0.9394263029098511,
                    -3.7869489192962646
                ],
                [
                    0.0,
                    0.0,
                    0.0,
                    1.0
                ]
            ]
        },
        {
            "file_path": "/data/shapenet_blender/all_50_random/02958343/7611c8605cb47d74b11647ffa4306609/r_28",
            "rotation": 0.12566370614359174,
            "transform_matrix": [
                [
                    -0.9499239325523376,
                    -0.27766185998916626,
                    0.14334736764431,
                    0.5778517723083496
                ],
                [
                    0.3124813735485077,
                    -0.8440747857093811,
                    0.43576714396476746,
                    1.7566336393356323
                ],
                [
                    -1.4901162970204496e-08,
                    0.4587390720844269,
                    0.8885709643363953,
                    3.581944465637207
                ],
                [
                    0.0,
                    0.0,
                    0.0,
                    1.0
                ]
            ]
        },
        {
            "file_path": "/data/shapenet_blender/all_50_random/02958343/7611c8605cb47d74b11647ffa4306609/r_29",
            "rotation": 0.12566370614359174,
            "transform_matrix": [
                [
                    0.8275732398033142,
                    0.030455371364951134,
                    -0.560530960559845,
                    -2.259572744369507
                ],
                [
                    -0.5613577365875244,
                    0.0448983758687973,
                    -0.8263543844223022,
                    -3.331141233444214
                ],
                [
                    1.8626450382086546e-09,
                    0.9985272288322449,
                    0.05425305292010307,
                    0.2187010645866394
                ],
                [
                    0.0,
                    0.0,
                    0.0,
                    1.0
                ]
            ]
        },
        {
            "file_path": "/data/shapenet_blender/all_50_random/02958343/7611c8605cb47d74b11647ffa4306609/r_30",
            "rotation": 0.12566370614359174,
            "transform_matrix": [
                [
                    0.4314557909965515,
                    0.17541472613811493,
                    0.8849155902862549,
                    3.567208766937256
                ],
                [
                    0.902134120464325,
                    -0.08389406651258469,
                    -0.42322084307670593,
                    -1.7060577869415283
                ],
                [
                    0.0,
                    0.980913519859314,
                    -0.1944442242383957,
                    -0.7838297486305237
                ],
                [
                    0.0,
                    0.0,
                    0.0,
                    1.0
                ]
            ]
        },
        {
            "file_path": "/data/shapenet_blender/all_50_random/02958343/7611c8605cb47d74b11647ffa4306609/r_31",
            "rotation": 0.12566370614359174,
            "transform_matrix": [
                [
                    -0.9960763454437256,
                    0.026311688125133514,
                    0.08449620008468628,
                    0.34061506390571594
                ],
                [
                    0.08849809318780899,
                    0.29614704847335815,
                    0.9510336518287659,
                    3.8337390422821045
                ],
                [
                    0.0,
                    0.9547799229621887,
                    -0.2973135709762573,
                    -1.1985093355178833
                ],
                [
                    0.0,
                    0.0,
                    0.0,
                    1.0
                ]
            ]
        },
        {
            "file_path": "/data/shapenet_blender/all_50_random/02958343/7611c8605cb47d74b11647ffa4306609/r_32",
            "rotation": 0.12566370614359174,
            "transform_matrix": [
                [
                    -0.9611504077911377,
                    -0.10479794442653656,
                    0.2553574740886688,
                    1.0293790102005005
                ],
                [
                    0.2760255038738251,
                    -0.36491769552230835,
                    0.8891821503639221,
                    3.5844080448150635
                ],
                [
                    7.450581485102248e-09,
                    0.9251227974891663,
                    0.379667729139328,
                    1.5304896831512451
                ],
                [
                    0.0,
                    0.0,
                    0.0,
                    1.0
                ]
            ]
        },
        {
            "file_path": "/data/shapenet_blender/all_50_random/02958343/7611c8605cb47d74b11647ffa4306609/r_33",
            "rotation": 0.12566370614359174,
            "transform_matrix": [
                [
                    -0.9813722968101501,
                    -0.022039461880922318,
                    -0.19084760546684265,
                    -0.7693313360214233
                ],
                [
                    -0.19211600720882416,
                    0.11258258670568466,
                    0.9748930335044861,
                    3.929919719696045
                ],
                [
                    0.0,
                    0.9933979511260986,
                    -0.11471954733133316,
                    -0.462449312210083
                ],
                [
                    0.0,
                    0.0,
                    0.0,
                    1.0
                ]
            ]
        },
        {
            "file_path": "/data/shapenet_blender/all_50_random/02958343/7611c8605cb47d74b11647ffa4306609/r_34",
            "rotation": 0.12566370614359174,
            "transform_matrix": [
                [
                    -0.88420569896698,
                    -0.07715516537427902,
                    -0.460681289434433,
                    -1.8570656776428223
                ],
                [
                    -0.46709758043289185,
                    0.14605307579040527,
                    0.8720598220825195,
                    3.515385627746582
                ],
                [
                    0.0,
                    0.9862632751464844,
                    -0.16517998278141022,
                    -0.6658617854118347
                ],
                [
                    0.0,
                    0.0,
                    0.0,
                    1.0
                ]
            ]
        },
        {
            "file_path": "/data/shapenet_blender/all_50_random/02958343/7611c8605cb47d74b11647ffa4306609/r_35",
            "rotation": 0.12566370614359174,
            "transform_matrix": [
                [
                    -0.18030278384685516,
                    0.7827499508857727,
                    0.5956454277038574,
                    2.401123523712158
                ],
                [
                    0.9836112260818481,
                    0.14348351955413818,
                    0.10918596386909485,
                    0.4401426911354065
                ],
                [
                    0.0,
                    0.6055700778961182,
                    -0.7957919836044312,
                    -3.207940101623535
                ],
                [
                    0.0,
                    0.0,
                    0.0,
                    1.0
                ]
            ]
        },
        {
            "file_path": "/data/shapenet_blender/all_50_random/02958343/7611c8605cb47d74b11647ffa4306609/r_36",
            "rotation": 0.12566370614359174,
            "transform_matrix": [
                [
                    -0.756366491317749,
                    0.3167402744293213,
                    -0.572350800037384,
                    -2.3072195053100586
                ],
                [
                    -0.6541481614112854,
                    -0.366234689950943,
                    0.6617873311042786,
                    2.6677496433258057
                ],
                [
                    -1.4901159417490817e-08,
                    0.8749558925628662,
                    0.4842027723789215,
                    1.9518835544586182
                ],
                [
                    0.0,
                    0.0,
                    0.0,
                    1.0
                ]
            ]
        },
        {
            "file_path": "/data/shapenet_blender/all_50_random/02958343/7611c8605cb47d74b11647ffa4306609/r_37",
            "rotation": 0.12566370614359174,
            "transform_matrix": [
                [
                    0.4413977265357971,
                    -0.5808354616165161,
                    -0.6839577555656433,
                    -2.7571218013763428
                ],
                [
                    -0.8973115086555481,
                    -0.2857195734977722,
                    -0.3364465832710266,
                    -1.3562595844268799
                ],
                [
                    -1.4901160305669237e-08,
                    0.7622299790382385,
                    -0.6473063230514526,
                    -2.609375238418579
                ],
                [
                    0.0,
                    0.0,
                    0.0,
                    1.0
                ]
            ]
        },
        {
            "file_path": "/data/shapenet_blender/all_50_random/02958343/7611c8605cb47d74b11647ffa4306609/r_38",
            "rotation": 0.12566370614359174,
            "transform_matrix": [
                [
                    0.007785483729094267,
                    0.015816234052181244,
                    0.9998446702957153,
                    4.0305023193359375
                ],
                [
                    0.9999697804450989,
                    -0.00012314073683228344,
                    -0.007784509100019932,
                    -0.03138035535812378
                ],
                [
                    0.0,
                    0.9998749494552612,
                    -0.015816712751984596,
                    -0.0637592002749443
                ],
                [
                    0.0,
                    0.0,
                    0.0,
                    1.0
                ]
            ]
        },
        {
            "file_path": "/data/shapenet_blender/all_50_random/02958343/7611c8605cb47d74b11647ffa4306609/r_39",
            "rotation": 0.12566370614359174,
            "transform_matrix": [
                [
                    0.7342681288719177,
                    0.3619283437728882,
                    -0.5743327140808105,
                    -2.31520938873291
                ],
                [
                    -0.6788594722747803,
                    0.39146900177001953,
                    -0.6212098598480225,
                    -2.5041773319244385
                ],
                [
                    0.0,
                    0.8460259437561035,
                    0.5331416130065918,
                    2.149162769317627
                ],
                [
                    0.0,
                    0.0,
                    0.0,
                    1.0
                ]
            ]
        },
        {
            "file_path": "/data/shapenet_blender/all_50_random/02958343/7611c8605cb47d74b11647ffa4306609/r_40",
            "rotation": 0.12566370614359174,
            "transform_matrix": [
                [
                    0.4119701683521271,
                    -0.7542277574539185,
                    0.5112935304641724,
                    2.0610902309417725
                ],
                [
                    0.9111973643302917,
                    0.34100115299224854,
                    -0.2311658263206482,
                    -0.9318592548370361
                ],
                [
                    0.0,
                    0.5611227750778198,
                    0.8277326226234436,
                    3.3366968631744385
                ],
                [
                    0.0,
                    0.0,
                    0.0,
                    1.0
                ]
            ]
        },
        {
            "file_path": "/data/shapenet_blender/all_50_random/02958343/7611c8605cb47d74b11647ffa4306609/r_41",
            "rotation": 0.12566370614359174,
            "transform_matrix": [
                [
                    0.8665521144866943,
                    -0.2734838128089905,
                    0.4174855351448059,
                    1.6829380989074707
                ],
                [
                    0.49908676743507385,
                    0.47484320402145386,
                    -0.7248698472976685,
                    -2.922044038772583
                ],
                [
