{
    "class": "02958343",
    "model": "61bcc13c67a92542b6aab5f7ece0e6cd",
    "remove_doubles": true,
    "edge_split": true,
    "denoise": true,
    "camera_angle_x": 0.6911112070083618,
    "scale_factor": 2.2512026409190833,
    "hdri_file": "/data/IndoorHDRDataset2018/9C4A0370-2d21311d85.exr",
    "center_offset": [
        0.0,
        0.0,
        -1.862645149230957e-09
    ],
    "lights": [],
    "frames": [
        {
            "file_path": "/data/shapenet_blender/all_50_random/02958343/61bcc13c67a92542b6aab5f7ece0e6cd/r_0",
            "rotation": 0.12566370614359174,
            "transform_matrix": [
                [
                    0.5789085626602173,
                    -0.7537087202072144,
                    0.31110766530036926,
                    1.2541149854660034
                ],
                [
                    0.8153923749923706,
                    0.5351146459579468,
                    -0.22087880969047546,
                    -0.8903908729553223
                ],
                [
                    0.0,
                    0.38154342770576477,
                    0.9243509769439697,
                    3.726177453994751
                ],
                [
                    0.0,
                    0.0,
                    0.0,
                    1.0
                ]
            ]
        },
        {
            "file_path": "/data/shapenet_blender/all_50_random/02958343/61bcc13c67a92542b6aab5f7ece0e6cd/r_1",
            "rotation": 0.12566370614359174,
            "transform_matrix": [
                [
                    0.14492496848106384,
                    0.019064977765083313,
                    -0.9892589449882507,
                    -3.987830400466919
                ],
                [
                    -0.9894426465034485,
                    0.0027924722526222467,
                    -0.14489805698394775,
                    -0.5841027498245239
                ],
                [
                    -2.3283064365386963e-10,
                    0.9998143315315247,
                    0.019268400967121124,
                    0.07767340540885925
                ],
                [
                    0.0,
                    0.0,
                    0.0,
                    1.0
                ]
            ]
        },
        {
            "file_path": "/data/shapenet_blender/all_50_random/02958343/61bcc13c67a92542b6aab5f7ece0e6cd/r_2",
            "rotation": 0.12566370614359174,
            "transform_matrix": [
                [
                    -0.024651406332850456,
                    -0.05665300786495209,
                    0.9980894923210144,
                    4.023427486419678
                ],
                [
                    0.9996960759162903,
                    -0.0013970009749755263,
                    0.024611791595816612,
                    0.09921330213546753
                ],
                [
                    0.0,
                    0.9983929395675659,
                    0.05667022615671158,
                    0.22844499349594116
                ],
                [
                    0.0,
                    0.0,
                    0.0,
                    1.0
                ]
            ]
        },
        {
            "file_path": "/data/shapenet_blender/all_50_random/02958343/61bcc13c67a92542b6aab5f7ece0e6cd/r_3",
            "rotation": 0.12566370614359174,
            "transform_matrix": [
                [
                    -0.6195614337921143,
                    -0.6744694113731384,
                    0.40154021978378296,
                    1.6186604499816895
                ],
                [
                    0.7849481701850891,
                    -0.532360315322876,
                    0.3169366717338562,
                    1.277612566947937
                ],
                [
                    -1.4901161193847656e-08,
                    0.5115500092506409,
                    0.859253466129303,
                    3.463761568069458
                ],
                [
                    0.0,
                    0.0,
                    0.0,
                    1.0
                ]
            ]
        },
        {
            "file_path": "/data/shapenet_blender/all_50_random/02958343/61bcc13c67a92542b6aab5f7ece0e6cd/r_4",
            "rotation": 0.12566370614359174,
            "transform_matrix": [
                [
                    -0.5061287879943848,
                    -0.7840263843536377,
                    -0.3593553900718689,
                    -1.4486080408096313
                ],
                [
                    -0.8624580502510071,
                    0.4601016044616699,
                    0.21088576316833496,
                    0.8501077890396118
                ],
                [
                    -1.4901162970204496e-08,
                    0.4166643023490906,
                    -0.9090603590011597,
                    -3.6645398139953613
                ],
                [
                    0.0,
                    0.0,
                    0.0,
                    1.0
                ]
            ]
        },
        {
            "file_path": "/data/shapenet_blender/all_50_random/02958343/61bcc13c67a92542b6aab5f7ece0e6cd/r_5",
            "rotation": 0.12566370614359174,
            "transform_matrix": [
                [
                    0.9997966289520264,
                    -0.01042209193110466,
                    0.017268933355808258,
                    0.06961330771446228
                ],
                [
                    0.02017018012702465,
                    0.5166028141975403,
                    -0.8559874296188354,
                    -3.4505958557128906
                ],
                [
                    -9.31322685637781e-10,
                    0.8561615943908691,
                    0.5167079567909241,
                    2.082916736602783
                ],
                [
                    0.0,
                    0.0,
                    0.0,
                    1.0
                ]
            ]
        },
        {
            "file_path": "/data/shapenet_blender/all_50_random/02958343/61bcc13c67a92542b6aab5f7ece0e6cd/r_6",
            "rotation": 0.12566370614359174,
            "transform_matrix": [
                [
                    -0.9944972991943359,
                    0.010358846746385098,
                    0.10424905270338058,
                    0.42024141550064087
                ],
                [
                    0.10476246476173401,
                    0.09833527356386185,
                    0.9896236062049866,
                    3.989300489425659
                ],
                [
                    0.0,
                    0.9950992465019226,
                    -0.0988793894648552,
                    -0.3985956013202667
                ],
                [
                    0.0,
                    0.0,
                    0.0,
                    1.0
                ]
            ]
        },
        {
            "file_path": "/data/shapenet_blender/all_50_random/02958343/61bcc13c67a92542b6aab5f7ece0e6cd/r_7",
            "rotation": 0.12566370614359174,
            "transform_matrix": [
                [
                    0.04490993171930313,
                    -0.5467108488082886,
                    -0.8361161351203918,
                    -3.3704922199249268
                ],
                [
                    -0.9989911317825317,
                    -0.024577545002102852,
                    -0.03758784011006355,
                    -0.1515214443206787
                ],
                [
                    0.0,
                    0.8369605541229248,
                    -0.5472630262374878,
                    -2.206088066101074
                ],
                [
                    0.0,
                    0.0,
                    0.0,
                    1.0
                ]
            ]
        },
        {
            "file_path": "/data/shapenet_blender/all_50_random/02958343/61bcc13c67a92542b6aab5f7ece0e6cd/r_8",
            "rotation": 0.12566370614359174,
            "transform_matrix": [
                [
                    0.9886930584907532,
                    0.09392508119344711,
                    0.11689440906047821,
                    0.47121644020080566
                ],
                [
                    0.14995408058166504,
                    -0.6192767024040222,
                    -0.7707204818725586,
                    -3.1068737506866455
                ],
                [
                    0.0,
                    0.779534637928009,
                    -0.6263589859008789,
                    -2.5249338150024414
                ],
                [
                    0.0,
                    0.0,
                    0.0,
                    1.0
                ]
            ]
        },
        {
            "file_path": "/data/shapenet_blender/all_50_random/02958343/61bcc13c67a92542b6aab5f7ece0e6cd/r_9",
            "rotation": 0.12566370614359174,
            "transform_matrix": [
                [
                    -0.7155214548110962,
                    -0.21811442077159882,
                    -0.6636679172515869,
                    -2.675330877304077
                ],
                [
                    -0.6985907554626465,
                    0.2234005481004715,
                    0.6797522902488708,
                    2.740169048309326
                ],
                [
                    0.0,
                    0.9500095248222351,
                    -0.31222063302993774,
                    -1.2586016654968262
                ],
                [
                    0.0,
                    0.0,
                    0.0,
                    1.0
                ]
            ]
        },
        {
            "file_path": "/data/shapenet_blender/all_50_random/02958343/61bcc13c67a92542b6aab5f7ece0e6cd/r_10",
            "rotation": 0.12566370614359174,
            "transform_matrix": [
                [
                    0.0441475473344326,
                    -0.6916555762290955,
                    -0.7208768725395203,
                    -2.905947685241699
                ],
                [
                    -0.9990251064300537,
                    -0.030564697459340096,
                    -0.031856004148721695,
                    -0.12841565907001495
                ],
                [
                    0.0,
                    0.7215803861618042,
                    -0.6923305988311768,
                    -2.7908740043640137
                ],
                [
                    0.0,
                    0.0,
                    0.0,
                    1.0
                ]
            ]
        },
        {
            "file_path": "/data/shapenet_blender/all_50_random/02958343/61bcc13c67a92542b6aab5f7ece0e6cd/r_11",
            "rotation": 0.12566370614359174,
            "transform_matrix": [
                [
                    -0.8551793098449707,
                    -0.2317388355731964,
                    0.46364375948905945,
                    1.86900794506073
                ],
                [
                    0.5183324217796326,
                    -0.38233813643455505,
                    0.7649502754211426,
                    3.083613395690918
                ],
                [
                    0.0,
                    0.8944912552833557,
                    0.44708532094955444,
                    1.8022587299346924
                ],
                [
                    0.0,
                    0.0,
                    0.0,
                    1.0
                ]
            ]
        },
        {
            "file_path": "/data/shapenet_blender/all_50_random/02958343/61bcc13c67a92542b6aab5f7ece0e6cd/r_12",
            "rotation": 0.12566370614359174,
            "transform_matrix": [
                [
                    -0.9528076648712158,
                    0.16864964365959167,
                    0.25241801142692566,
                    1.0175296068191528
                ],
                [
                    0.3035746216773987,
                    0.5293284058570862,
                    0.7922461032867432,
                    3.193646192550659
                ],
                [
                    0.0,
                    0.8314858078956604,
                    -0.5555459260940552,
                    -2.2394771575927734
                ],
                [
                    0.0,
                    0.0,
                    0.0,
                    1.0
                ]
            ]
        },
        {
            "file_path": "/data/shapenet_blender/all_50_random/02958343/61bcc13c67a92542b6aab5f7ece0e6cd/r_13",
            "rotation": 0.12566370614359174,
            "transform_matrix": [
                [
                    0.4454086422920227,
                    0.06268912553787231,
                    0.8931300044059753,
                    3.6003222465515137
                ],
                [
                    0.8953273296356201,
                    -0.03118666633963585,
                    -0.44431546330451965,
                    -1.791092872619629
                ],
                [
                    -1.8626450382086546e-09,
                    0.9975457191467285,
                    -0.07001810520887375,
                    -0.2822520136833191
                ],
                [
                    0.0,
                    0.0,
                    0.0,
                    1.0
                ]
            ]
        },
        {
            "file_path": "/data/shapenet_blender/all_50_random/02958343/61bcc13c67a92542b6aab5f7ece0e6cd/r_14",
            "rotation": 0.12566370614359174,
            "transform_matrix": [
                [
                    0.7162297964096069,
                    0.5418640971183777,
                    0.4397704601287842,
                    1.7727714776992798
                ],
                [
                    0.6978644132614136,
                    -0.5561241507530212,
                    -0.45134374499320984,
                    -1.8194248676300049
                ],
                [
                    0.0,
                    0.6301659941673279,
                    -0.7764603495597839,
                    -3.130011796951294
                ],
                [
                    0.0,
                    0.0,
                    0.0,
                    1.0
                ]
            ]
        },
        {
            "file_path": "/data/shapenet_blender/all_50_random/02958343/61bcc13c67a92542b6aab5f7ece0e6cd/r_15",
            "rotation": 0.12566370614359174,
            "transform_matrix": [
                [
                    -0.8402642607688904,
                    -0.1699848473072052,
                    0.5148409008979797,
                    2.075390338897705
                ],
                [
                    0.542177140712738,
                    -0.26344189047813416,
                    0.7978985905647278,
                    3.2164323329925537
                ],
                [
                    0.0,
                    0.9495805501937866,
                    0.31352269649505615,
                    1.2638505697250366
                ],
                [
                    0.0,
                    0.0,
                    0.0,
                    1.0
                ]
            ]
        },
        {
            "file_path": "/data/shapenet_blender/all_50_random/02958343/61bcc13c67a92542b6aab5f7ece0e6cd/r_16",
            "rotation": 0.12566370614359174,
            "transform_matrix": [
                [
                    0.3612630069255829,
                    0.6459025144577026,
                    0.6725317239761353,
                    2.71106219291687
                ],
                [
                    0.932464063167572,
                    -0.25024092197418213,
                    -0.2605578601360321,
                    -1.050342321395874
                ],
                [
                    -1.4901162970204496e-08,
                    0.7212414741516113,
                    -0.6926836371421814,
                    -2.792297124862671
                ],
                [
                    0.0,
                    0.0,
                    0.0,
                    1.0
                ]
            ]
        },
        {
            "file_path": "/data/shapenet_blender/all_50_random/02958343/61bcc13c67a92542b6aab5f7ece0e6cd/r_17",
            "rotation": 0.12566370614359174,
            "transform_matrix": [
                [
                    0.19499869644641876,
                    0.11708873510360718,
                    0.9737893342971802,
                    3.9254703521728516
                ],
                [
                    0.9808035492897034,
                    -0.02327902615070343,
                    -0.19360417127609253,
                    -0.7804433703422546
                ],
                [
                    0.0,
                    0.9928485751152039,
                    -0.119380421936512,
                    -0.48123788833618164
                ],
                [
                    0.0,
                    0.0,
                    0.0,
                    1.0
                ]
            ]
        },
        {
            "file_path": "/data/shapenet_blender/all_50_random/02958343/61bcc13c67a92542b6aab5f7ece0e6cd/r_18",
            "rotation": 0.12566370614359174,
            "transform_matrix": [
                [
                    -0.9480189681053162,
                    -0.00779156107455492,
                    -0.3181183934211731,
                    -1.2823762893676758
                ],
                [
                    -0.3182137608528137,
                    0.023212531581521034,
                    0.9477347731590271,
                    3.8204410076141357
                ],
                [
                    0.0,
                    0.9997001886367798,
                    -0.024485306814312935,
                    -0.09870342910289764
                ],
                [
                    0.0,
                    0.0,
                    0.0,
                    1.0
                ]
            ]
        },
        {
            "file_path": "/data/shapenet_blender/all_50_random/02958343/61bcc13c67a92542b6aab5f7ece0e6cd/r_19",
            "rotation": 0.12566370614359174,
            "transform_matrix": [
                [
                    0.766045331954956,
                    0.4213891923427582,
                    -0.4853922724723816,
                    -1.956678867340088
                ],
                [
                    -0.6427865028381348,
                    0.5021935105323792,
                    -0.5784696340560913,
                    -2.331885576248169
                ],
                [
                    0.0,
                    0.75513756275177,
                    0.6555662751197815,
                    2.642672300338745
                ],
                [
                    0.0,
                    0.0,
                    0.0,
                    1.0
                ]
            ]
        },
        {
            "file_path": "/data/shapenet_blender/all_50_random/02958343/61bcc13c67a92542b6aab5f7ece0e6cd/r_20",
            "rotation": 0.12566370614359174,
            "transform_matrix": [
                [
                    -0.9960513710975647,
                    -0.010837617330253124,
                    -0.08811536431312561,
                    -0.35520440340042114
                ],
                [
                    -0.08877934515476227,
                    0.12159161269664764,
                    0.9886018633842468,
                    3.9851815700531006
                ],
                [
                    9.31322685637781e-10,
                    0.9925210475921631,
                    -0.12207364290952682,
                    -0.49209460616111755
                ],
                [
                    0.0,
                    0.0,
                    0.0,
                    1.0
                ]
            ]
        },
        {
            "file_path": "/data/shapenet_blender/all_50_random/02958343/61bcc13c67a92542b6aab5f7ece0e6cd/r_21",
            "rotation": 0.12566370614359174,
            "transform_matrix": [
                [
                    -0.9908779859542847,
                    0.12431751191616058,
                    0.052018728107213974,
                    0.20969420671463013
                ],
                [
                    0.1347619742155075,
                    0.914081871509552,
                    0.3824833035469055,
                    1.5418394804000854
                ],
                [
                    -3.725290298461914e-09,
                    0.3860044777393341,
                    -0.9224969148635864,
                    -3.7187039852142334
                ],
                [
                    0.0,
                    0.0,
                    0.0,
                    1.0
                ]
            ]
        },
        {
            "file_path": "/data/shapenet_blender/all_50_random/02958343/61bcc13c67a92542b6aab5f7ece0e6cd/r_22",
            "rotation": 0.12566370614359174,
            "transform_matrix": [
                [
                    -0.19162511825561523,
                    0.4254724085330963,
                    -0.8844506740570068,
                    -3.5653347969055176
                ],
                [
                    -0.9814682602882385,
                    -0.08307064324617386,
                    0.17268307507038116,
                    0.6961077451705933
                ],
                [
                    -7.450581485102248e-09,
                    0.901150643825531,
                    0.4335060119628906,
                    1.7475186586380005
                ],
                [
                    0.0,
                    0.0,
                    0.0,
                    1.0
                ]
            ]
        },
        {
            "file_path": "/data/shapenet_blender/all_50_random/02958343/61bcc13c67a92542b6aab5f7ece0e6cd/r_23",
            "rotation": 0.12566370614359174,
            "transform_matrix": [
                [
                    0.9952203035354614,
                    -0.05390302464365959,
                    -0.08143100887537003,
                    -0.3282589316368103
                ],
                [
                    -0.09765524417161942,
                    -0.5493343472480774,
                    -0.8298765420913696,
                    -3.34533953666687
                ],
                [
                    3.725290298461914e-09,
                    0.8338621258735657,
                    -0.5519726276397705,
                    -2.2250730991363525
                ],
                [
                    0.0,
                    0.0,
                    0.0,
                    1.0
                ]
            ]
        },
        {
            "file_path": "/data/shapenet_blender/all_50_random/02958343/61bcc13c67a92542b6aab5f7ece0e6cd/r_24",
            "rotation": 0.12566370614359174,
            "transform_matrix": [
                [
                    -0.07039374858140945,
                    0.9912726283073425,
                    -0.11145967245101929,
                    -0.44930824637413025
                ],
                [
                    -0.9975192546844482,
                    -0.06995293498039246,
                    0.00786557700484991,
                    0.03170715272426605
                ],
                [
                    0.0,
                    0.11173704266548157,
                    0.9937378764152527,
                    4.005885124206543
                ],
                [
                    0.0,
                    0.0,
                    0.0,
                    1.0
                ]
            ]
        },
        {
            "file_path": "/data/shapenet_blender/all_50_random/02958343/61bcc13c67a92542b6aab5f7ece0e6cd/r_25",
            "rotation": 0.12566370614359174,
            "transform_matrix": [
                [
                    0.5413544178009033,
                    0.21194258332252502,
                    0.8136434555053711,
                    3.2799019813537598
                ],
                [
                    0.8407946228981018,
                    -0.13646145164966583,
                    -0.5238728523254395,
                    -2.1117992401123047
                ],
                [
                    0.0,
                    0.9677078127861023,
                    -0.25207415223121643,
                    -1.016143560409546
                ],
                [
                    0.0,
                    0.0,
                    0.0,
                    1.0
                ]
            ]
        },
        {
            "file_path": "/data/shapenet_blender/all_50_random/02958343/61bcc13c67a92542b6aab5f7ece0e6cd/r_26",
            "rotation": 0.12566370614359174,
            "transform_matrix": [
                [
                    -0.1765090525150299,
                    -0.2655896246433258,
                    0.9477903842926025,
                    3.8206653594970703
                ],
                [
                    0.9842990040779114,
                    -0.04762676730751991,
                    0.16996216773986816,
                    0.6851394176483154
                ],
                [
                    3.725290298461914e-09,
                    0.9629091024398804,
                    0.26982614398002625,
                    1.0877039432525635
                ],
                [
                    0.0,
                    0.0,
                    0.0,
                    1.0
                ]
            ]
        },
        {
            "file_path": "/data/shapenet_blender/all_50_random/02958343/61bcc13c67a92542b6aab5f7ece0e6cd/r_27",
            "rotation": 0.12566370614359174,
            "transform_matrix": [
                [
                    -0.8847266435623169,
                    -0.4640328884124756,
                    0.043957602232694626,
                    0.17719878256320953
                ],
                [
                    0.4661102592945099,
                    -0.8807835578918457,
                    0.08343618363142014,
                    0.3363420367240906
                ],
                [
                    0.0,
                    0.094307079911232,
                    0.9955430626869202,
                    4.013162612915039
                ],
                [
                    0.0,
                    0.0,
                    0.0,
                    1.0
                ]
            ]
        },
        {
            "file_path": "/data/shapenet_blender/all_50_random/02958343/61bcc13c67a92542b6aab5f7ece0e6cd/r_28",
            "rotation": 0.12566370614359174,
            "transform_matrix": [
                [
                    0.023373855277895927,
                    0.3978087604045868,
                    0.917170524597168,
                    3.697232723236084
                ],
                [
                    0.9997268319129944,
                    -0.009300866164267063,
                    -0.021443670615553856,
                    -0.08644220232963562
                ],
                [
                    0.0,
                    0.9174212217330933,
                    -0.3979174792766571,
                    -1.604056715965271
                ],
                [
                    0.0,
                    0.0,
                    0.0,
                    1.0
                ]
            ]
        },
        {
            "file_path": "/data/shapenet_blender/all_50_random/02958343/61bcc13c67a92542b6aab5f7ece0e6cd/r_29",
            "rotation": 0.12566370614359174,
            "transform_matrix": [
                [
                    -0.34774965047836304,
                    0.02725990116596222,
                    0.9371909499168396,
                    3.777937889099121
                ],
                [
                    0.9375874400138855,
                    0.010110653005540371,
                    0.34760260581970215,
                    1.401231050491333
                ],
                [
                    9.31322685637781e-10,
                    0.9995771646499634,
                    -0.029074516147375107,
                    -0.11720313131809235
                ],
                [
                    0.0,
                    0.0,
                    0.0,
                    1.0
                ]
            ]
        },
        {
            "file_path": "/data/shapenet_blender/all_50_random/02958343/61bcc13c67a92542b6aab5f7ece0e6cd/r_30",
            "rotation": 0.12566370614359174,
            "transform_matrix": [
                [
                    0.8298332691192627,
                    -0.07194353640079498,
                    -0.553354024887085,
                    -2.2306416034698486
                ],
                [
                    -0.5580112338066101,
                    -0.10698913782835007,
                    -0.8229074478149414,
                    -3.317246198654175
                ],
                [
                    0.0,
                    0.9916538596153259,
                    -0.12892846763134003,
                    -0.519727349281311
                ],
                [
                    0.0,
                    0.0,
                    0.0,
                    1.0
                ]
            ]
        },
        {
            "file_path": "/data/shapenet_blender/all_50_random/02958343/61bcc13c67a92542b6aab5f7ece0e6cd/r_31",
            "rotation": 0.12566370614359174,
            "transform_matrix": [
                [
                    0.2709686756134033,
                    0.8450973629951477,
                    0.4608541429042816,
                    1.8577624559402466
                ],
                [
                    0.9625881314277649,
                    -0.23789501190185547,
                    -0.1297304928302765,
                    -0.522960364818573
                ],
                [
                    0.0,
                    0.4787656366825104,
                    -0.8779427409172058,
                    -3.539100408554077
                ],
                [
                    0.0,
                    0.0,
                    0.0,
                    1.0
                ]
            ]
        },
        {
            "file_path": "/data/shapenet_blender/all_50_random/02958343/61bcc13c67a92542b6aab5f7ece0e6cd/r_32",
            "rotation": 0.12566370614359174,
            "transform_matrix": [
                [
                    -0.44734057784080505,
                    -0.009359348565340042,
                    0.8943147659301758,
                    3.605097770690918
                ],
                [
                    0.8943636417388916,
                    -0.004681335296481848,
                    0.44731611013412476,
                    1.803188681602478
                ],
                [
                    0.0,
                    0.9999452829360962,
                    0.010464813560247421,
                    0.04218500852584839
                ],
                [
                    0.0,
                    0.0,
                    0.0,
                    1.0
                ]
            ]
        },
        {
            "file_path": "/data/shapenet_blender/all_50_random/02958343/61bcc13c67a92542b6aab5f7ece0e6cd/r_33",
            "rotation": 0.12566370614359174,
            "transform_matrix": [
                [
                    -0.8400121331214905,
                    -0.30698299407958984,
                    0.44737109541893005,
                    1.803410530090332
                ],
                [
                    0.5425673723220825,
                    -0.47527632117271423,
                    0.6926276087760925,
                    2.7920711040496826
                ],
                [
                    -1.4901158529312397e-08,
                    0.8245445489883423,
                    0.5657969117164612,
                    2.2808003425598145
                ],
                [
                    0.0,
                    0.0,
                    0.0,
                    1.0
                ]
            ]
        },
        {
            "file_path": "/data/shapenet_blender/all_50_random/02958343/61bcc13c67a92542b6aab5f7ece0e6cd/r_34",
            "rotation": 0.12566370614359174,
            "transform_matrix": [
                [
                    0.5262949466705322,
                    -0.3204433023929596,
                    -0.7876099944114685,
                    -3.174957752227783
                ],
                [
                    -0.85030198097229,
                    -0.1983385980129242,
                    -0.4874917268753052,
                    -1.9651421308517456
                ],
                [
                    -1.4901160305669237e-08,
                    0.9262709617614746,
                    -0.3768582046031952,
                    -1.5191640853881836
                ],
                [
                    0.0,
                    0.0,
                    0.0,
                    1.0
                ]
            ]
        },
        {
            "file_path": "/data/shapenet_blender/all_50_random/02958343/61bcc13c67a92542b6aab5f7ece0e6cd/r_35",
            "rotation": 0.12566370614359174,
            "transform_matrix": [
                [
                    0.03133874014019966,
                    -0.44007256627082825,
                    0.8974151611328125,
                    3.61759614944458
                ],
                [
                    0.9995088577270508,
                    0.013798097148537636,
                    -0.028137682005763054,
                    -0.11342662572860718
                ],
                [
                    0.0,
                    0.8978561758995056,
                    0.44028884172439575,
                    1.7748610973358154
                ],
                [
                    0.0,
                    0.0,
                    0.0,
                    1.0
                ]
            ]
        },
        {
            "file_path": "/data/shapenet_blender/all_50_random/02958343/61bcc13c67a92542b6aab5f7ece0e6cd/r_36",
            "rotation": 0.12566370614359174,
            "transform_matrix": [
                [
                    0.3960576057434082,
                    0.43383488059043884,
                    0.8092747330665588,
                    3.2622909545898438
                ],
                [
                    0.9182257056236267,
                    -0.18712568283081055,
                    -0.3490638732910156,
                    -1.4071216583251953
                ],
                [
                    1.4901161193847656e-08,
                    0.8813463449478149,
                    -0.47247081995010376,
                    -1.9045909643173218
                ],
                [
                    0.0,
                    0.0,
                    0.0,
                    1.0
                ]
            ]
        },
        {
            "file_path": "/data/shapenet_blender/all_50_random/02958343/61bcc13c67a92542b6aab5f7ece0e6cd/r_37",
            "rotation": 0.12566370614359174,
            "transform_matrix": [
                [
                    0.8061570525169373,
                    -0.02215520478785038,
                    -0.5912865996360779,
                    -2.3835525512695312
                ],
                [
                    -0.5917015075683594,
                    -0.03018510900437832,
                    -0.8055918216705322,
                    -3.2474443912506104
                ],
                [
                    1.8626450382086546e-09,
                    0.9992987513542175,
                    -0.03744320571422577,
                    -0.15093839168548584
                ],
                [
                    0.0,
                    0.0,
                    0.0,
                    1.0
                ]
            ]
        },
        {
            "file_path": "/data/shapenet_blender/all_50_random/02958343/61bcc13c67a92542b6aab5f7ece0e6cd/r_38",
            "rotation": 0.12566370614359174,
            "transform_matrix": [
                [
                    0.4796910583972931,
                    -0.3119167685508728,
                    0.820124626159668,
                    3.306028127670288
                ],
                [
                    0.8774375915527344,
                    0.17052346467971802,
                    -0.44835832715034485,
                    -1.8073902130126953
                ],
                [
                    -1.4901162970204496e-08,
                    0.9346815347671509,
                    0.35548606514930725,
                    1.433010220527649
                ],
                [
                    0.0,
                    0.0,
                    0.0,
                    1.0
                ]
            ]
        },
        {
            "file_path": "/data/shapenet_blender/all_50_random/02958343/61bcc13c67a92542b6aab5f7ece0e6cd/r_39",
            "rotation": 0.12566370614359174,
            "transform_matrix": [
                [
                    0.8344573378562927,
                    0.0036398964002728462,
                    -0.5510604977607727,
                    -2.2213962078094482
                ],
                [
                    -0.5510725378990173,
                    0.005511684343218803,
                    -0.8344390392303467,
                    -3.363731622695923
                ],
                [
                    0.0,
                    0.9999781847000122,
                    0.00660511152818799,
                    0.02662605792284012
                ],
                [
                    0.0,
                    0.0,
                    0.0,
                    1.0
                ]
            ]
        },
        {
            "file_path": "/data/shapenet_blender/all_50_random/02958343/61bcc13c67a92542b6aab5f7ece0e6cd/r_40",
            "rotation": 0.12566370614359174,
            "transform_matrix": [
                [
                    -0.8988839983940125,
                    0.027835141867399216,
                    0.4373016357421875,
                    1.7628192901611328
                ],
                [
                    0.4381866157054901,
                    0.057100243866443634,
                    0.8970685601234436,
                    3.616199016571045
                ],
                [
                    0.0,
                    0.9979802966117859,
                    -0.06352348625659943,
                    -0.2560713589191437
                ],
                [
                    0.0,
                    0.0,
                    0.0,
                    1.0
                ]
            ]
        },
        {
            "file_path": "/data/shapenet_blender/all_50_random/02958343/61bcc13c67a92542b6aab5f7ece0e6cd/r_41",
            "rotation": 0.12566370614359174,
            "transform_matrix": [
                [
                    -0.6372407674789429,
                    -0.08168894797563553,
                    -0.7663231492042542,
                    -3.0891473293304443
                ],
                [
                    -0.7706649303436279,
                    0.06754625588655472,
                    0.6336507201194763,
                    2.5543277263641357
                ],
                [
                    0.0,
