{
    "class": "02958343",
    "model": "1e0ada2b1891ea39e79e3bf25d5c768e",
    "remove_doubles": true,
    "edge_split": true,
    "denoise": true,
    "camera_angle_x": 0.6911112070083618,
    "scale_factor": 2.1730155023367677,
    "hdri_file": "/data/IndoorHDRDataset2018/9C4A4745-350f0b51f2.exr",
    "center_offset": [
        0.0,
        1.862645149230957e-09,
        0.0
    ],
    "lights": [],
    "frames": [
        {
            "file_path": "/data/shapenet_blender/all_50_random/02958343/1e0ada2b1891ea39e79e3bf25d5c768e/r_0",
            "rotation": 0.12566370614359174,
            "transform_matrix": [
                [
                    0.5193700790405273,
                    0.2709783911705017,
                    0.8104476928710938,
                    3.267019033432007
                ],
                [
                    0.8545494079589844,
                    -0.1646927148103714,
                    -0.4925663471221924,
                    -1.9855984449386597
                ],
                [
                    -1.4901161193847656e-08,
                    0.9483917951583862,
                    -0.3171008825302124,
                    -1.2782745361328125
                ],
                [
                    0.0,
                    0.0,
                    0.0,
                    1.0
                ]
            ]
        },
        {
            "file_path": "/data/shapenet_blender/all_50_random/02958343/1e0ada2b1891ea39e79e3bf25d5c768e/r_1",
            "rotation": 0.12566370614359174,
            "transform_matrix": [
                [
                    -0.642659604549408,
                    -0.1400154083967209,
                    -0.7532492280006409,
                    -3.036444664001465
                ],
                [
                    -0.7661519646644592,
                    0.11744701117277145,
                    0.6318366527557373,
                    2.5470149517059326
                ],
                [
                    7.450581485102248e-09,
                    0.9831589460372925,
                    -0.18275155127048492,
                    -0.7366950511932373
                ],
                [
                    0.0,
                    0.0,
                    0.0,
                    1.0
                ]
            ]
        },
        {
            "file_path": "/data/shapenet_blender/all_50_random/02958343/1e0ada2b1891ea39e79e3bf25d5c768e/r_2",
            "rotation": 0.12566370614359174,
            "transform_matrix": [
                [
                    0.9926022291183472,
                    -0.04817260056734085,
                    0.11144620180130005,
                    0.44925403594970703
                ],
                [
                    0.12141194194555283,
                    0.3938346803188324,
                    -0.9111274480819702,
                    -3.672872543334961
                ],
                [
                    0.0,
                    0.9179180264472961,
                    0.3967698812484741,
                    1.5994306802749634
                ],
                [
                    0.0,
                    0.0,
                    0.0,
                    1.0
                ]
            ]
        },
        {
            "file_path": "/data/shapenet_blender/all_50_random/02958343/1e0ada2b1891ea39e79e3bf25d5c768e/r_3",
            "rotation": 0.12566370614359174,
            "transform_matrix": [
                [
                    -0.7978762984275818,
                    -0.11116456985473633,
                    -0.5924829244613647,
                    -2.3883748054504395
                ],
                [
                    -0.6028213500976562,
                    0.14713409543037415,
                    0.7841926217079163,
                    3.1611812114715576
                ],
                [
                    7.450581485102248e-09,
                    0.9828498363494873,
                    -0.18440720438957214,
                    -0.7433691024780273
                ],
                [
                    0.0,
                    0.0,
                    0.0,
                    1.0
                ]
            ]
        },
        {
            "file_path": "/data/shapenet_blender/all_50_random/02958343/1e0ada2b1891ea39e79e3bf25d5c768e/r_4",
            "rotation": 0.12566370614359174,
            "transform_matrix": [
                [
                    -0.1350410133600235,
                    -0.5623581409454346,
                    0.8157923221588135,
                    3.2885639667510986
                ],
                [
                    0.990839958190918,
                    -0.07664348185062408,
                    0.11118387430906296,
                    0.44819653034210205
                ],
                [
                    7.450580152834618e-09,
                    0.8233340382575989,
                    0.5675570368766785,
                    2.287895679473877
                ],
                [
                    0.0,
                    0.0,
                    0.0,
                    1.0
                ]
            ]
        },
        {
            "file_path": "/data/shapenet_blender/all_50_random/02958343/1e0ada2b1891ea39e79e3bf25d5c768e/r_5",
            "rotation": 0.12566370614359174,
            "transform_matrix": [
                [
                    0.8299757242202759,
                    0.5083498358726501,
                    0.2296099215745926,
                    0.9255872368812561
                ],
                [
                    0.5577994585037231,
                    -0.7563973069190979,
                    -0.341647207736969,
                    -1.377224087715149
                ],
                [
                    2.9802322387695312e-08,
                    0.411635160446167,
                    -0.9113485813140869,
                    -3.6737639904022217
                ],
                [
                    0.0,
                    0.0,
                    0.0,
                    1.0
                ]
            ]
        },
        {
            "file_path": "/data/shapenet_blender/all_50_random/02958343/1e0ada2b1891ea39e79e3bf25d5c768e/r_6",
            "rotation": 0.12566370614359174,
            "transform_matrix": [
                [
                    0.25911539793014526,
                    -0.19725221395492554,
                    -0.9454896450042725,
                    -3.8113906383514404
                ],
                [
                    -0.9658464193344116,
                    -0.0529184453189373,
                    -0.2536541521549225,
                    -1.0225125551223755
                ],
                [
                    0.0,
                    0.9789234399795532,
                    -0.20422731339931488,
                    -0.8232666254043579
                ],
                [
                    0.0,
                    0.0,
                    0.0,
                    1.0
                ]
            ]
        },
        {
            "file_path": "/data/shapenet_blender/all_50_random/02958343/1e0ada2b1891ea39e79e3bf25d5c768e/r_7",
            "rotation": 0.12566370614359174,
            "transform_matrix": [
                [
                    0.546061635017395,
                    -0.058778632432222366,
                    0.8356804847717285,
                    3.3687353134155273
                ],
                [
                    0.8377448916435242,
                    0.038313284516334534,
                    -0.5447160005569458,
                    -2.1958200931549072
                ],
                [
                    0.0,
                    0.9975355267524719,
                    0.07016292959451675,
                    0.28283578157424927
                ],
                [
                    0.0,
                    0.0,
                    0.0,
                    1.0
                ]
            ]
        },
        {
            "file_path": "/data/shapenet_blender/all_50_random/02958343/1e0ada2b1891ea39e79e3bf25d5c768e/r_8",
            "rotation": 0.12566370614359174,
            "transform_matrix": [
                [
                    -0.9844628572463989,
                    0.05938386544585228,
                    -0.1652466356754303,
                    -0.6661304831504822
                ],
                [
                    -0.17559297382831573,
                    -0.3329359292984009,
                    0.9264560341835022,
                    3.734663724899292
                ],
                [
                    -3.725290298461914e-09,
                    0.9410775899887085,
                    0.3381904661655426,
                    1.3632893562316895
                ],
                [
                    0.0,
                    0.0,
                    0.0,
                    1.0
                ]
            ]
        },
        {
            "file_path": "/data/shapenet_blender/all_50_random/02958343/1e0ada2b1891ea39e79e3bf25d5c768e/r_9",
            "rotation": 0.12566370614359174,
            "transform_matrix": [
                [
                    0.939112663269043,
                    0.011128545738756657,
                    0.3434290289878845,
                    1.3844068050384521
                ],
                [
                    0.3436093330383301,
                    -0.030415233224630356,
                    -0.9386199116706848,
                    -3.783698081970215
                ],
                [
                    -9.313225746154785e-10,
                    0.9994754195213318,
                    -0.03238719701766968,
                    -0.13055698573589325
                ],
                [
                    0.0,
                    0.0,
                    0.0,
                    1.0
                ]
            ]
        },
        {
            "file_path": "/data/shapenet_blender/all_50_random/02958343/1e0ada2b1891ea39e79e3bf25d5c768e/r_10",
            "rotation": 0.12566370614359174,
            "transform_matrix": [
                [
                    -0.7554398775100708,
                    0.39277616143226624,
                    -0.5244402289390564,
                    -2.114086389541626
                ],
                [
                    -0.6552181243896484,
                    -0.4528549313545227,
                    0.6046582460403442,
                    2.437455654144287
                ],
                [
                    -1.4901162970204496e-08,
                    0.8004056811332703,
                    0.599458634853363,
                    2.4164953231811523
                ],
                [
                    0.0,
                    0.0,
                    0.0,
                    1.0
                ]
            ]
        },
        {
            "file_path": "/data/shapenet_blender/all_50_random/02958343/1e0ada2b1891ea39e79e3bf25d5c768e/r_11",
            "rotation": 0.12566370614359174,
            "transform_matrix": [
                [
                    0.8248540759086609,
                    -0.023926585912704468,
                    -0.5648393034934998,
                    -2.276940107345581
                ],
                [
                    -0.5653458833694458,
                    -0.03490949422121048,
                    -0.8241149187088013,
                    -3.322113513946533
                ],
                [
                    1.862645371275562e-09,
                    0.9991040229797363,
                    -0.042322032153606415,
                    -0.17060557007789612
                ],
                [
                    0.0,
                    0.0,
                    0.0,
                    1.0
                ]
            ]
        },
        {
            "file_path": "/data/shapenet_blender/all_50_random/02958343/1e0ada2b1891ea39e79e3bf25d5c768e/r_12",
            "rotation": 0.12566370614359174,
            "transform_matrix": [
                [
                    0.6898617744445801,
                    -0.055083759129047394,
                    0.721842348575592,
                    2.9098398685455322
                ],
                [
                    0.7239411473274231,
                    0.052490707486867905,
                    -0.6878618001937866,
                    -2.772859811782837
                ],
                [
                    0.0,
                    0.9971010684967041,
                    0.07608871906995773,
                    0.3067234754562378
                ],
                [
                    0.0,
                    0.0,
                    0.0,
                    1.0
                ]
            ]
        },
        {
            "file_path": "/data/shapenet_blender/all_50_random/02958343/1e0ada2b1891ea39e79e3bf25d5c768e/r_13",
            "rotation": 0.12566370614359174,
            "transform_matrix": [
                [
                    0.8818333148956299,
                    0.03960877284407616,
                    -0.46989497542381287,
                    -1.8942073583602905
                ],
                [
                    -0.471561461687088,
                    0.07406952232122421,
                    -0.8787168860435486,
                    -3.5422213077545166
                ],
                [
                    0.0,
                    0.9964661002159119,
                    0.08399493247270584,
                    0.3385944366455078
                ],
                [
                    0.0,
                    0.0,
                    0.0,
                    1.0
                ]
            ]
        },
        {
            "file_path": "/data/shapenet_blender/all_50_random/02958343/1e0ada2b1891ea39e79e3bf25d5c768e/r_14",
            "rotation": 0.12566370614359174,
            "transform_matrix": [
                [
                    -0.8463749885559082,
                    -0.46115994453430176,
                    -0.26642224192619324,
                    -1.0739823579788208
                ],
                [
                    -0.5325873494148254,
                    0.7328642010688782,
                    0.42339175939559937,
                    1.7067468166351318
                ],
                [
                    1.4901161193847656e-08,
                    0.5002413988113403,
                    -0.8658859729766846,
                    -3.4904980659484863
                ],
                [
                    0.0,
                    0.0,
                    0.0,
                    1.0
                ]
            ]
        },
        {
            "file_path": "/data/shapenet_blender/all_50_random/02958343/1e0ada2b1891ea39e79e3bf25d5c768e/r_15",
            "rotation": 0.12566370614359174,
            "transform_matrix": [
                [
                    0.978814423084259,
                    0.005550920031964779,
                    -0.20467418432235718,
                    -0.8250681161880493
                ],
                [
                    -0.2047494500875473,
                    0.02653643488883972,
                    -0.97845458984375,
                    -3.944276809692383
                ],
                [
                    0.0,
                    0.9996324181556702,
                    0.027110790833830833,
                    0.10928709805011749
                ],
                [
                    0.0,
                    0.0,
                    0.0,
                    1.0
                ]
            ]
        },
        {
            "file_path": "/data/shapenet_blender/all_50_random/02958343/1e0ada2b1891ea39e79e3bf25d5c768e/r_16",
            "rotation": 0.12566370614359174,
            "transform_matrix": [
                [
                    0.09889062494039536,
                    -0.037729185074567795,
                    0.9943827986717224,
                    4.008485317230225
                ],
                [
                    0.995098352432251,
                    0.0037494413554668427,
                    -0.09881951659917831,
                    -0.3983542025089264
                ],
                [
                    0.0,
                    0.9992809295654297,
                    0.03791503608226776,
                    0.15284040570259094
                ],
                [
                    0.0,
                    0.0,
                    0.0,
                    1.0
                ]
            ]
        },
        {
            "file_path": "/data/shapenet_blender/all_50_random/02958343/1e0ada2b1891ea39e79e3bf25d5c768e/r_17",
            "rotation": 0.12566370614359174,
            "transform_matrix": [
                [
                    0.9426576495170593,
                    -0.14640751481056213,
                    0.2999356687068939,
                    1.2090795040130615
                ],
                [
                    0.3337613046169281,
                    0.4135056138038635,
                    -0.8471223711967468,
                    -3.4148597717285156
                ],
                [
                    -7.450581485102248e-09,
                    0.8986532688140869,
                    0.4386593997478485,
                    1.7682926654815674
                ],
                [
                    0.0,
                    0.0,
                    0.0,
                    1.0
                ]
            ]
        },
        {
            "file_path": "/data/shapenet_blender/all_50_random/02958343/1e0ada2b1891ea39e79e3bf25d5c768e/r_18",
            "rotation": 0.12566370614359174,
            "transform_matrix": [
                [
                    -0.8698592782020569,
                    0.29034143686294556,
                    -0.39880672097206116,
                    -1.6076414585113525
                ],
                [
                    -0.4933001399040222,
                    -0.5119726061820984,
                    0.7032345533370972,
                    2.834829330444336
                ],
                [
                    1.4901162970204496e-08,
                    0.80844646692276,
                    0.5885695815086365,
                    2.3726000785827637
                ],
                [
                    0.0,
                    0.0,
                    0.0,
                    1.0
                ]
            ]
        },
        {
            "file_path": "/data/shapenet_blender/all_50_random/02958343/1e0ada2b1891ea39e79e3bf25d5c768e/r_19",
            "rotation": 0.12566370614359174,
            "transform_matrix": [
                [
                    0.9231452345848083,
                    -0.0011278853053227067,
                    -0.3844497501850128,
                    -1.5497663021087646
                ],
                [
                    -0.38445135951042175,
                    -0.0027082799933850765,
                    -0.923141360282898,
                    -3.721301317214966
                ],
                [
                    0.0,
                    0.9999956488609314,
                    -0.002933753188699484,
                    -0.01182633638381958
                ],
                [
                    0.0,
                    0.0,
                    0.0,
                    1.0
                ]
            ]
        },
        {
            "file_path": "/data/shapenet_blender/all_50_random/02958343/1e0ada2b1891ea39e79e3bf25d5c768e/r_20",
            "rotation": 0.12566370614359174,
            "transform_matrix": [
                [
                    -0.30466651916503906,
                    0.2899874746799469,
                    0.9072406888008118,
                    3.6572039127349854
                ],
                [
                    0.9524590969085693,
                    0.09275933355093002,
                    0.2902023196220398,
                    1.1698429584503174
                ],
                [
                    0.0,
                    0.9525245428085327,
                    -0.30446186661720276,
                    -1.2273249626159668
                ],
                [
                    0.0,
                    0.0,
                    0.0,
                    1.0
                ]
            ]
        },
        {
            "file_path": "/data/shapenet_blender/all_50_random/02958343/1e0ada2b1891ea39e79e3bf25d5c768e/r_21",
            "rotation": 0.12566370614359174,
            "transform_matrix": [
                [
                    -0.9874160289764404,
                    0.01700674183666706,
                    0.1572272926568985,
                    0.6338034868240356
                ],
                [
                    0.15814441442489624,
                    0.10618604719638824,
                    0.9816897511482239,
                    3.957318067550659
                ],
                [
                    0.0,
                    0.9942008256912231,
                    -0.10753930360078812,
                    -0.43350479006767273
                ],
                [
                    0.0,
                    0.0,
                    0.0,
                    1.0
                ]
            ]
        },
        {
            "file_path": "/data/shapenet_blender/all_50_random/02958343/1e0ada2b1891ea39e79e3bf25d5c768e/r_22",
            "rotation": 0.12566370614359174,
            "transform_matrix": [
                [
                    0.6263006925582886,
                    -0.614196240901947,
                    -0.48011505603790283,
                    -1.9354054927825928
                ],
                [
                    -0.779581606388092,
                    -0.4934333264827728,
                    -0.3857150971889496,
                    -1.554867148399353
                ],
                [
                    0.0,
                    0.6158623695373535,
                    -0.7878537178039551,
                    -3.1759395599365234
                ],
                [
                    0.0,
                    0.0,
                    0.0,
                    1.0
                ]
            ]
        },
        {
            "file_path": "/data/shapenet_blender/all_50_random/02958343/1e0ada2b1891ea39e79e3bf25d5c768e/r_23",
            "rotation": 0.12566370614359174,
            "transform_matrix": [
                [
                    -0.9840563535690308,
                    0.13656756281852722,
                    -0.11394032835960388,
                    -0.4593081474304199
                ],
                [
                    -0.1778569519519806,
                    -0.7556082606315613,
                    0.6304150223731995,
                    2.5412843227386475
                ],
                [
                    -7.450580596923828e-09,
                    0.6406289935112,
                    0.7678505182266235,
                    3.095304489135742
                ],
                [
                    0.0,
                    0.0,
                    0.0,
                    1.0
                ]
            ]
        },
        {
            "file_path": "/data/shapenet_blender/all_50_random/02958343/1e0ada2b1891ea39e79e3bf25d5c768e/r_24",
            "rotation": 0.12566370614359174,
            "transform_matrix": [
                [
                    0.9071089029312134,
                    -0.09767896682024002,
                    -0.40940484404563904,
                    -1.6503636837005615
                ],
                [
                    -0.42089608311653137,
                    -0.21051624417304993,
                    -0.8823431730270386,
                    -3.5568389892578125
                ],
                [
                    0.0,
                    0.9726982116699219,
                    -0.2320738285779953,
                    -0.9355195164680481
                ],
                [
                    0.0,
                    0.0,
                    0.0,
                    1.0
                ]
            ]
        },
        {
            "file_path": "/data/shapenet_blender/all_50_random/02958343/1e0ada2b1891ea39e79e3bf25d5c768e/r_25",
            "rotation": 0.12566370614359174,
            "transform_matrix": [
                [
                    -0.6983596682548523,
                    0.42516642808914185,
                    0.5757840871810913,
                    2.3210597038269043
                ],
                [
                    0.7157469987869263,
                    0.4148380160331726,
                    0.5617967844009399,
                    2.2646749019622803
                ],
                [
                    0.0,
                    0.8044518828392029,
                    -0.5940178632736206,
                    -2.394562244415283
                ],
                [
                    0.0,
                    0.0,
                    0.0,
                    1.0
                ]
            ]
        },
        {
            "file_path": "/data/shapenet_blender/all_50_random/02958343/1e0ada2b1891ea39e79e3bf25d5c768e/r_26",
            "rotation": 0.12566370614359174,
            "transform_matrix": [
                [
                    -0.7159473896026611,
                    0.14300711452960968,
                    0.6833508014678955,
                    2.7546751499176025
                ],
                [
                    0.6981542706489563,
                    0.14665178954601288,
                    0.7007666230201721,
                    2.824880599975586
                ],
                [
                    -7.450580596923828e-09,
                    0.9787963032722473,
                    -0.20483599603176117,
                    -0.8257203102111816
                ],
                [
                    0.0,
                    0.0,
                    0.0,
                    1.0
                ]
            ]
        },
        {
            "file_path": "/data/shapenet_blender/all_50_random/02958343/1e0ada2b1891ea39e79e3bf25d5c768e/r_27",
            "rotation": 0.12566370614359174,
            "transform_matrix": [
                [
                    0.4041404724121094,
                    0.8358431458473206,
                    -0.37153273820877075,
                    -1.4976965188980103
                ],
                [
                    -0.9146970510482788,
                    0.3693004846572876,
                    -0.1641542613506317,
                    -0.6617270708084106
                ],
                [
                    0.0,
                    0.4061811864376068,
                    0.9137924313545227,
                    3.6836154460906982
                ],
                [
                    0.0,
                    0.0,
                    0.0,
                    1.0
                ]
            ]
        },
        {
            "file_path": "/data/shapenet_blender/all_50_random/02958343/1e0ada2b1891ea39e79e3bf25d5c768e/r_28",
            "rotation": 0.12566370614359174,
            "transform_matrix": [
                [
                    -0.32151395082473755,
                    0.2083287537097931,
                    0.9237033128738403,
                    3.723567485809326
                ],
                [
                    0.9469048380851746,
                    0.070736363530159,
                    0.31363606452941895,
                    1.2643074989318848
                ],
                [
                    0.0,
                    0.9754975438117981,
                    -0.22001025080680847,
                    -0.8868897557258606
                ],
                [
                    0.0,
                    0.0,
                    0.0,
                    1.0
                ]
            ]
        },
        {
            "file_path": "/data/shapenet_blender/all_50_random/02958343/1e0ada2b1891ea39e79e3bf25d5c768e/r_29",
            "rotation": 0.12566370614359174,
            "transform_matrix": [
                [
                    0.9999473690986633,
                    -0.002185506047680974,
                    -0.010023831389844418,
                    -0.04040735960006714
                ],
                [
                    -0.010259320959448814,
                    -0.21301516890525818,
                    -0.9769949316978455,
                    -3.9383928775787354
                ],
                [
                    0.0,
                    0.9770464301109314,
                    -0.21302637457847595,
                    -0.8587368726730347
                ],
                [
                    0.0,
                    0.0,
                    0.0,
                    1.0
                ]
            ]
        },
        {
            "file_path": "/data/shapenet_blender/all_50_random/02958343/1e0ada2b1891ea39e79e3bf25d5c768e/r_30",
            "rotation": 0.12566370614359174,
            "transform_matrix": [
                [
                    0.1738446205854416,
                    -0.7728868722915649,
                    0.61026531457901,
                    2.4600582122802734
                ],
                [
                    0.9847730994224548,
                    0.13643978536128998,
                    -0.10773176699876785,
                    -0.4342806339263916
                ],
                [
                    0.0,
                    0.6197014451026917,
                    0.7848376035690308,
                    3.1637816429138184
                ],
                [
                    0.0,
                    0.0,
                    0.0,
                    1.0
                ]
            ]
        },
        {
            "file_path": "/data/shapenet_blender/all_50_random/02958343/1e0ada2b1891ea39e79e3bf25d5c768e/r_31",
            "rotation": 0.12566370614359174,
            "transform_matrix": [
                [
                    -0.9444818496704102,
                    0.27942758798599243,
                    -0.172841876745224,
                    -0.6967478394508362
                ],
                [
                    -0.32856374979019165,
                    -0.8032362461090088,
                    0.49684733152389526,
                    2.0028555393218994
                ],
                [
                    -1.4901161193847656e-08,
                    0.5260528326034546,
                    0.8504518866539001,
                    3.42828106880188
                ],
                [
                    0.0,
                    0.0,
                    0.0,
                    1.0
                ]
            ]
        },
        {
            "file_path": "/data/shapenet_blender/all_50_random/02958343/1e0ada2b1891ea39e79e3bf25d5c768e/r_32",
            "rotation": 0.12566370614359174,
            "transform_matrix": [
                [
                    -0.28385549783706665,
                    -0.6963860988616943,
                    0.659145176410675,
                    2.657099485397339
                ],
                [
                    0.958867073059082,
                    -0.20615269243717194,
                    0.1951281726360321,
                    0.7865868806838989
                ],
                [
                    1.4901161193847656e-08,
                    0.6874209046363831,
                    0.7262592315673828,
                    2.927644729614258
                ],
                [
                    0.0,
                    0.0,
                    0.0,
                    1.0
                ]
            ]
        },
        {
            "file_path": "/data/shapenet_blender/all_50_random/02958343/1e0ada2b1891ea39e79e3bf25d5c768e/r_33",
            "rotation": 0.12566370614359174,
            "transform_matrix": [
                [
                    -0.4219847619533539,
                    -0.665780246257782,
                    0.6153579950332642,
                    2.4805874824523926
                ],
                [
                    0.9066028594970703,
                    -0.3098921775817871,
                    0.2864227890968323,
                    1.1546071767807007
                ],
                [
                    0.0,
                    0.6787512898445129,
                    0.7343681454658508,
                    2.9603326320648193
                ],
                [
                    0.0,
                    0.0,
                    0.0,
                    1.0
                ]
            ]
        },
        {
            "file_path": "/data/shapenet_blender/all_50_random/02958343/1e0ada2b1891ea39e79e3bf25d5c768e/r_34",
            "rotation": 0.12566370614359174,
            "transform_matrix": [
                [
                    -0.9951381683349609,
                    0.0017187681514769793,
                    -0.09847420454025269,
                    -0.3969622254371643
                ],
                [
                    -0.09848921000957489,
                    -0.01736648753285408,
                    0.9949865341186523,
                    4.010919094085693
                ],
                [
                    1.1641533570472262e-10,
                    0.9998475909233093,
                    0.017451336607336998,
                    0.0703485906124115
                ],
                [
                    0.0,
                    0.0,
                    0.0,
                    1.0
                ]
            ]
        },
        {
            "file_path": "/data/shapenet_blender/all_50_random/02958343/1e0ada2b1891ea39e79e3bf25d5c768e/r_35",
            "rotation": 0.12566370614359174,
            "transform_matrix": [
                [
                    0.9133520126342773,
                    -0.4059765338897705,
                    -0.031164614483714104,
                    -0.12562857568264008
                ],
                [
                    -0.40717101097106934,
                    -0.9106726050376892,
                    -0.06990738958120346,
                    -0.28180569410324097
                ],
                [
                    -1.862645371275562e-09,
                    0.07653971016407013,
                    -0.9970665574073792,
                    -4.019303798675537
                ],
                [
                    0.0,
                    0.0,
                    0.0,
                    1.0
                ]
            ]
        },
        {
            "file_path": "/data/shapenet_blender/all_50_random/02958343/1e0ada2b1891ea39e79e3bf25d5c768e/r_36",
            "rotation": 0.12566370614359174,
            "transform_matrix": [
                [
                    -0.9833023548126221,
                    -0.15074744820594788,
                    0.10194005817174911,
                    0.4109335243701935
                ],
                [
                    0.18197956681251526,
                    -0.8145437240600586,
                    0.550819456577301,
                    2.220424175262451
                ],
                [
                    7.450580596923828e-09,
                    0.5601729154586792,
                    0.8283756375312805,
                    3.3392889499664307
                ],
                [
                    0.0,
                    0.0,
                    0.0,
                    1.0
                ]
            ]
        },
        {
            "file_path": "/data/shapenet_blender/all_50_random/02958343/1e0ada2b1891ea39e79e3bf25d5c768e/r_37",
            "rotation": 0.12566370614359174,
            "transform_matrix": [
                [
                    0.6667266488075256,
                    -0.22125504910945892,
                    -0.7117035388946533,
                    -2.8689684867858887
                ],
                [
                    -0.7453024387359619,
                    -0.1979285478591919,
                    -0.6366699934005737,
                    -2.5664985179901123
                ],
                [
                    0.0,
                    0.9549190402030945,
                    -0.29686617851257324,
                    -1.19670569896698
                ],
                [
                    0.0,
                    0.0,
                    0.0,
                    1.0
                ]
            ]
        },
        {
            "file_path": "/data/shapenet_blender/all_50_random/02958343/1e0ada2b1891ea39e79e3bf25d5c768e/r_38",
            "rotation": 0.12566370614359174,
            "transform_matrix": [
                [
                    0.4060792028903961,
                    0.08766589313745499,
                    -0.9096232652664185,
                    -3.6668081283569336
                ],
                [
                    -0.9138378500938416,
                    0.03895581141114235,
                    -0.40420639514923096,
                    -1.6294078826904297
                ],
                [
                    -3.7252898543727042e-09,
                    0.9953879117965698,
                    0.09593158215284348,
                    0.38671252131462097
                ],
                [
                    0.0,
                    0.0,
                    0.0,
                    1.0
                ]
            ]
        },
        {
            "file_path": "/data/shapenet_blender/all_50_random/02958343/1e0ada2b1891ea39e79e3bf25d5c768e/r_39",
            "rotation": 0.12566370614359174,
            "transform_matrix": [
                [
                    -0.9417707920074463,
                    -0.07512407749891281,
                    0.32775622606277466,
                    1.3212275505065918
                ],
                [
                    0.3362554907798767,
                    -0.21040447056293488,
                    0.9179663062095642,
                    3.7004406452178955
                ],
                [
                    0.0,
                    0.9747236967086792,
                    0.22341366112232208,
                    0.9006092548370361
                ],
                [
                    0.0,
                    0.0,
                    0.0,
                    1.0
                ]
            ]
        },
        {
            "file_path": "/data/shapenet_blender/all_50_random/02958343/1e0ada2b1891ea39e79e3bf25d5c768e/r_40",
            "rotation": 0.12566370614359174,
            "transform_matrix": [
                [
                    -0.2219814658164978,
                    -0.5009137392044067,
                    -0.8365461826324463,
                    -3.372225522994995
                ],
                [
                    -0.9750509262084961,
                    0.11403872817754745,
                    0.1904492825269699,
                    0.7677255868911743
                ],
                [
                    0.0,
                    0.8579512238502502,
                    -0.5137309432029724,
                    -2.070915699005127
                ],
                [
                    0.0,
                    0.0,
                    0.0,
                    1.0
                ]
            ]
        },
        {
            "file_path": "/data/shapenet_blender/all_50_random/02958343/1e0ada2b1891ea39e79e3bf25d5c768e/r_41",
            "rotation": 0.12566370614359174,
            "transform_matrix": [
                [
                    -0.9089128971099854,
                    0.10717543214559555,
                    0.4029774069786072,
                    1.6244539022445679
                ],
                [
                    0.41698604822158813,
                    0.23361246287822723,
                    0.8783779740333557,
                    3.5408549308776855
                ],
                [
