{
    "class": "02958343",
    "model": "868af17aaa07b069bda72093f9b5aa73",
    "remove_doubles": true,
    "edge_split": true,
    "denoise": true,
    "camera_angle_x": 0.6911112070083618,
    "scale_factor": 2.256747945268682,
    "hdri_file": "/data/IndoorHDRDataset2018/AG8A5456-f785b3d69c.exr",
    "center_offset": [
        0.0,
        0.0,
        -4.656612873077393e-10
    ],
    "lights": [],
    "frames": [
        {
            "file_path": "/data/shapenet_blender/all_50_random/02958343/868af17aaa07b069bda72093f9b5aa73/r_0",
            "rotation": 0.12566370614359174,
            "transform_matrix": [
                [
                    -0.6412940621376038,
                    -0.6038522720336914,
                    0.47339656949043274,
                    1.9083226919174194
                ],
                [
                    0.7672951221466064,
                    -0.5046908855438232,
                    0.3956579267978668,
                    1.5949482917785645
                ],
                [
                    -1.4901160305669237e-08,
                    0.616968035697937,
                    0.7869881391525269,
                    3.1724510192871094
                ],
                [
                    0.0,
                    0.0,
                    0.0,
                    1.0
                ]
            ]
        },
        {
            "file_path": "/data/shapenet_blender/all_50_random/02958343/868af17aaa07b069bda72093f9b5aa73/r_1",
            "rotation": 0.12566370614359174,
            "transform_matrix": [
                [
                    -0.992178201675415,
                    0.002647846471518278,
                    0.1248018816113472,
                    0.5030924081802368
                ],
                [
                    0.124829962849617,
                    0.021045710891485214,
                    0.9919549822807312,
                    3.9986979961395264
                ],
                [
                    2.3283064365386963e-10,
                    0.9997749924659729,
                    -0.02121162600815296,
                    -0.08550678938627243
                ],
                [
                    0.0,
                    0.0,
                    0.0,
                    1.0
                ]
            ]
        },
        {
            "file_path": "/data/shapenet_blender/all_50_random/02958343/868af17aaa07b069bda72093f9b5aa73/r_2",
            "rotation": 0.12566370614359174,
            "transform_matrix": [
                [
                    0.48608487844467163,
                    0.007037689909338951,
                    -0.8738831877708435,
                    -3.522736072540283
                ],
                [
                    -0.8739115595817566,
                    0.003914486151188612,
                    -0.48606911301612854,
                    -1.9594073295593262
                ],
                [
                    0.0,
                    0.9999675750732422,
                    0.008053090423345566,
                    0.03246305137872696
                ],
                [
                    0.0,
                    0.0,
                    0.0,
                    1.0
                ]
            ]
        },
        {
            "file_path": "/data/shapenet_blender/all_50_random/02958343/868af17aaa07b069bda72093f9b5aa73/r_3",
            "rotation": 0.12566370614359174,
            "transform_matrix": [
                [
                    -0.9949577450752258,
                    -0.06459812819957733,
                    -0.07672127336263657,
                    -0.309273362159729
                ],
                [
                    -0.10029493272304535,
                    0.6408340334892273,
                    0.7610995173454285,
                    3.0680904388427734
                ],
                [
                    0.0,
                    0.7649566531181335,
                    -0.6440816521644592,
                    -2.596376419067383
                ],
                [
                    0.0,
                    0.0,
                    0.0,
                    1.0
                ]
            ]
        },
        {
            "file_path": "/data/shapenet_blender/all_50_random/02958343/868af17aaa07b069bda72093f9b5aa73/r_4",
            "rotation": 0.12566370614359174,
            "transform_matrix": [
                [
                    0.9876070618629456,
                    -0.02985387295484543,
                    -0.1540817767381668,
                    -0.6211234927177429
                ],
                [
                    -0.1569472849369049,
                    -0.18785856664180756,
                    -0.9695755243301392,
                    -3.9084839820861816
                ],
                [
                    1.862645371275562e-09,
                    0.981742262840271,
                    -0.19021593034267426,
                    -0.7667849659919739
                ],
                [
                    0.0,
                    0.0,
                    0.0,
                    1.0
                ]
            ]
        },
        {
            "file_path": "/data/shapenet_blender/all_50_random/02958343/868af17aaa07b069bda72093f9b5aa73/r_5",
            "rotation": 0.12566370614359174,
            "transform_matrix": [
                [
                    0.7556792497634888,
                    -0.25928568840026855,
                    -0.6014313697814941,
                    -2.424447536468506
                ],
                [
                    -0.6549418568611145,
                    -0.299166738986969,
                    -0.6939382553100586,
                    -2.7973549365997314
                ],
                [
                    -1.4901161193847656e-08,
                    0.9182974100112915,
                    -0.3958911597728729,
                    -1.595888376235962
                ],
                [
                    0.0,
                    0.0,
                    0.0,
                    1.0
                ]
            ]
        },
        {
            "file_path": "/data/shapenet_blender/all_50_random/02958343/868af17aaa07b069bda72093f9b5aa73/r_6",
            "rotation": 0.12566370614359174,
            "transform_matrix": [
                [
                    0.15716059505939484,
                    -0.6982196569442749,
                    -0.6984195113182068,
                    -2.8154191970825195
                ],
                [
                    -0.9875731468200684,
                    -0.11111340671777725,
                    -0.11114519834518433,
                    -0.448040634393692
                ],
                [
                    -7.450581485102248e-09,
                    0.7072079181671143,
                    -0.7070055603981018,
                    -2.8500306606292725
                ],
                [
                    0.0,
                    0.0,
                    0.0,
                    1.0
                ]
            ]
        },
        {
            "file_path": "/data/shapenet_blender/all_50_random/02958343/868af17aaa07b069bda72093f9b5aa73/r_7",
            "rotation": 0.12566370614359174,
            "transform_matrix": [
                [
                    0.7282527685165405,
                    0.6188379526138306,
                    0.29442718625068665,
                    1.1868739128112793
                ],
                [
                    0.685308575630188,
                    -0.6576168537139893,
                    -0.31287720799446106,
                    -1.2612483501434326
                ],
                [
                    -1.4901161193847656e-08,
                    0.42962712049484253,
                    -0.903006374835968,
                    -3.6401350498199463
                ],
                [
                    0.0,
                    0.0,
                    0.0,
                    1.0
                ]
            ]
        },
        {
            "file_path": "/data/shapenet_blender/all_50_random/02958343/868af17aaa07b069bda72093f9b5aa73/r_8",
            "rotation": 0.12566370614359174,
            "transform_matrix": [
                [
                    0.43907561898231506,
                    0.0007916090544313192,
                    -0.8984496593475342,
                    -3.6217665672302246
                ],
                [
                    -0.8984500169754028,
                    0.0003868620842695236,
                    -0.4390754699707031,
                    -1.7699699401855469
                ],
                [
                    0.0,
                    0.9999996423721313,
                    0.0008810828439891338,
                    0.003551758825778961
                ],
                [
                    0.0,
                    0.0,
                    0.0,
                    1.0
                ]
            ]
        },
        {
            "file_path": "/data/shapenet_blender/all_50_random/02958343/868af17aaa07b069bda72093f9b5aa73/r_9",
            "rotation": 0.12566370614359174,
            "transform_matrix": [
                [
                    0.7752129435539246,
                    0.2723636329174042,
                    0.56996750831604,
                    2.297612428665161
                ],
                [
                    0.6317000389099121,
                    -0.3342406153678894,
                    -0.6994556784629822,
                    -2.8195960521698
                ],
                [
                    0.0,
                    0.9022756218910217,
                    -0.43115973472595215,
                    -1.738060474395752
                ],
                [
                    0.0,
                    0.0,
                    0.0,
                    1.0
                ]
            ]
        },
        {
            "file_path": "/data/shapenet_blender/all_50_random/02958343/868af17aaa07b069bda72093f9b5aa73/r_10",
            "rotation": 0.12566370614359174,
            "transform_matrix": [
                [
                    -0.7712927460670471,
                    0.2303009331226349,
                    -0.5933538675308228,
                    -2.3918862342834473
                ],
                [
                    -0.636480450630188,
                    -0.27908071875572205,
                    0.7190315127372742,
                    2.8985090255737305
                ],
                [
                    0.0,
                    0.9322420358657837,
                    0.3618350028991699,
                    1.4586036205291748
                ],
                [
                    0.0,
                    0.0,
                    0.0,
                    1.0
                ]
            ]
        },
        {
            "file_path": "/data/shapenet_blender/all_50_random/02958343/868af17aaa07b069bda72093f9b5aa73/r_11",
            "rotation": 0.12566370614359174,
            "transform_matrix": [
                [
                    0.9431867599487305,
                    -0.0019326531328260899,
                    0.3322574496269226,
                    1.3393726348876953
                ],
                [
                    0.3322630524635315,
                    0.005486173555254936,
                    -0.9431708455085754,
                    -3.8020431995391846
                ],
                [
                    0.0,
                    0.999983012676239,
                    0.005816636141389608,
                    0.023447610437870026
                ],
                [
                    0.0,
                    0.0,
                    0.0,
                    1.0
                ]
            ]
        },
        {
            "file_path": "/data/shapenet_blender/all_50_random/02958343/868af17aaa07b069bda72093f9b5aa73/r_12",
            "rotation": 0.12566370614359174,
            "transform_matrix": [
                [
                    -0.1678294539451599,
                    -0.788405179977417,
                    0.591819703578949,
                    2.3857014179229736
                ],
                [
                    0.9858160614967346,
                    -0.1342214047908783,
                    0.10075386613607407,
                    0.40615183115005493
                ],
                [
                    0.0,
                    0.6003347635269165,
                    0.7997487783432007,
                    3.223890542984009
                ],
                [
                    0.0,
                    0.0,
                    0.0,
                    1.0
                ]
            ]
        },
        {
            "file_path": "/data/shapenet_blender/all_50_random/02958343/868af17aaa07b069bda72093f9b5aa73/r_13",
            "rotation": 0.12566370614359174,
            "transform_matrix": [
                [
                    0.9564814567565918,
                    -0.10883990675210953,
                    -0.27073442935943604,
                    -1.0913653373718262
                ],
                [
                    -0.29179319739341736,
                    -0.35677099227905273,
                    -0.8874520659446716,
                    -3.5774335861206055
                ],
                [
                    7.450580596923828e-09,
                    0.9278298616409302,
                    -0.3730035722255707,
                    -1.5036253929138184
                ],
                [
                    0.0,
                    0.0,
                    0.0,
                    1.0
                ]
            ]
        },
        {
            "file_path": "/data/shapenet_blender/all_50_random/02958343/868af17aaa07b069bda72093f9b5aa73/r_14",
            "rotation": 0.12566370614359174,
            "transform_matrix": [
                [
                    0.8574525713920593,
                    0.44488525390625,
                    -0.25855791568756104,
                    -1.0422804355621338
                ],
                [
                    -0.5145629048347473,
                    0.7413436770439148,
                    -0.4308532476425171,
                    -1.7368252277374268
                ],
                [
                    1.4901160305669237e-08,
                    0.5024805068969727,
                    0.8645883798599243,
                    3.4852676391601562
                ],
                [
                    0.0,
                    0.0,
                    0.0,
                    1.0
                ]
            ]
        },
        {
            "file_path": "/data/shapenet_blender/all_50_random/02958343/868af17aaa07b069bda72093f9b5aa73/r_15",
            "rotation": 0.12566370614359174,
            "transform_matrix": [
                [
                    0.029181914404034615,
                    -0.29796361923217773,
                    -0.9541310667991638,
                    -3.8462252616882324
                ],
                [
                    -0.9995741248130798,
                    -0.00869885366410017,
                    -0.02785523422062397,
                    -0.11228804290294647
                ],
                [
                    0.0,
                    0.954537570476532,
                    -0.2980905771255493,
                    -1.20164155960083
                ],
                [
                    0.0,
                    0.0,
                    0.0,
                    1.0
                ]
            ]
        },
        {
            "file_path": "/data/shapenet_blender/all_50_random/02958343/868af17aaa07b069bda72093f9b5aa73/r_16",
            "rotation": 0.12566370614359174,
            "transform_matrix": [
                [
                    0.4127293527126312,
                    0.3451330363750458,
                    -0.8429339528083801,
                    -3.397975444793701
                ],
                [
                    -0.9108537435531616,
                    0.15638792514801025,
                    -0.38195326924324036,
                    -1.5397028923034668
                ],
                [
                    0.0,
                    0.9254328608512878,
                    0.3789116144180298,
                    1.5274416208267212
                ],
                [
                    0.0,
                    0.0,
                    0.0,
                    1.0
                ]
            ]
        },
        {
            "file_path": "/data/shapenet_blender/all_50_random/02958343/868af17aaa07b069bda72093f9b5aa73/r_17",
            "rotation": 0.12566370614359174,
            "transform_matrix": [
                [
                    0.5571742653846741,
                    -0.01020406186580658,
                    -0.8303329348564148,
                    -3.3471789360046387
                ],
                [
                    -0.8303956389427185,
                    -0.006846664939075708,
                    -0.5571321845054626,
                    -2.2458715438842773
                ],
                [
                    0.0,
                    0.9999246001243591,
                    -0.012288193218410015,
                    -0.04953528940677643
                ],
                [
                    0.0,
                    0.0,
                    0.0,
                    1.0
                ]
            ]
        },
        {
            "file_path": "/data/shapenet_blender/all_50_random/02958343/868af17aaa07b069bda72093f9b5aa73/r_18",
            "rotation": 0.12566370614359174,
            "transform_matrix": [
                [
                    -0.05595366284251213,
                    0.14174720644950867,
                    0.9883201718330383,
                    3.984046220779419
                ],
                [
                    0.9984334111213684,
                    0.007943720556795597,
                    0.055386900901794434,
                    0.22327175736427307
                ],
                [
                    0.0,
                    0.9898709654808044,
                    -0.14196962118148804,
                    -0.5722979307174683
                ],
                [
                    0.0,
                    0.0,
                    0.0,
                    1.0
                ]
            ]
        },
        {
            "file_path": "/data/shapenet_blender/all_50_random/02958343/868af17aaa07b069bda72093f9b5aa73/r_19",
            "rotation": 0.12566370614359174,
            "transform_matrix": [
                [
                    -0.41713637113571167,
                    0.11460111290216446,
                    -0.9015896320343018,
                    -3.6344239711761475
                ],
                [
                    -0.9088438749313354,
                    -0.05259900912642479,
                    0.41380682587623596,
                    1.6681087017059326
                ],
                [
                    0.0,
                    0.9920181035995483,
                    0.1260954886674881,
                    0.508307158946991
                ],
                [
                    0.0,
                    0.0,
                    0.0,
                    1.0
                ]
            ]
        },
        {
            "file_path": "/data/shapenet_blender/all_50_random/02958343/868af17aaa07b069bda72093f9b5aa73/r_20",
            "rotation": 0.12566370614359174,
            "transform_matrix": [
                [
                    -0.021817704662680626,
                    0.9133332371711731,
                    -0.40662819147109985,
                    -1.6391706466674805
                ],
                [
                    -0.9997619390487671,
                    -0.019931580871343613,
                    0.008873806335031986,
                    0.035771459341049194
                ],
                [
                    0.0,
                    0.40672504901885986,
                    0.913550615310669,
                    3.682640314102173
                ],
                [
                    0.0,
                    0.0,
                    0.0,
                    1.0
                ]
            ]
        },
        {
            "file_path": "/data/shapenet_blender/all_50_random/02958343/868af17aaa07b069bda72093f9b5aa73/r_21",
            "rotation": 0.12566370614359174,
            "transform_matrix": [
                [
                    0.36318841576576233,
                    0.7691554427146912,
                    -0.5258268713951111,
                    -2.119675874710083
                ],
                [
                    -0.9317156672477722,
                    0.2998214662075043,
                    -0.20497050881385803,
                    -0.8262625336647034
                ],
                [
                    0.0,
                    0.5643640756607056,
                    0.8255260586738586,
                    3.3278019428253174
                ],
                [
                    0.0,
                    0.0,
                    0.0,
                    1.0
                ]
            ]
        },
        {
            "file_path": "/data/shapenet_blender/all_50_random/02958343/868af17aaa07b069bda72093f9b5aa73/r_22",
            "rotation": 0.12566370614359174,
            "transform_matrix": [
                [
                    0.3960600793361664,
                    -0.3596394658088684,
                    -0.8448643088340759,
                    -3.405757188796997
                ],
                [
                    -0.9182246327400208,
                    -0.15512417256832123,
                    -0.3644174039363861,
                    -1.4690136909484863
                ],
                [
                    0.0,
                    0.9201063513755798,
                    -0.39166831970214844,
                    -1.578865647315979
                ],
                [
                    0.0,
                    0.0,
                    0.0,
                    1.0
                ]
            ]
        },
        {
            "file_path": "/data/shapenet_blender/all_50_random/02958343/868af17aaa07b069bda72093f9b5aa73/r_23",
            "rotation": 0.12566370614359174,
            "transform_matrix": [
                [
                    -0.7372434139251709,
                    0.4506390392780304,
                    0.503385066986084,
                    2.029210329055786
                ],
                [
                    0.6756272912025452,
                    0.49173662066459656,
                    0.5492929816246033,
                    2.214271068572998
                ],
                [
                    -1.4901162970204496e-08,
                    0.7450633645057678,
                    -0.6669935584068298,
                    -2.688737392425537
                ],
                [
                    0.0,
                    0.0,
                    0.0,
                    1.0
                ]
            ]
        },
        {
            "file_path": "/data/shapenet_blender/all_50_random/02958343/868af17aaa07b069bda72093f9b5aa73/r_24",
            "rotation": 0.12566370614359174,
            "transform_matrix": [
                [
                    -0.22361783683300018,
                    -0.0489191934466362,
                    0.9734484553337097,
                    3.9240963459014893
                ],
                [
                    0.9746769070625305,
                    -0.011223414912819862,
                    0.22333598136901855,
                    0.900296151638031
                ],
                [
                    0.0,
                    0.9987396597862244,
                    0.05019016191363335,
                    0.20232301950454712
                ],
                [
                    0.0,
                    0.0,
                    0.0,
                    1.0
                ]
            ]
        },
        {
            "file_path": "/data/shapenet_blender/all_50_random/02958343/868af17aaa07b069bda72093f9b5aa73/r_25",
            "rotation": 0.12566370614359174,
            "transform_matrix": [
                [
                    -0.05776210129261017,
                    -0.24909280240535736,
                    0.9667555689811707,
                    3.8971164226531982
                ],
                [
                    0.998330295085907,
                    -0.014412187039852142,
                    0.05593522638082504,
                    0.22548210620880127
                ],
                [
                    -9.313225191043273e-10,
                    0.9683722853660583,
                    0.24950939416885376,
                    1.0058045387268066
                ],
                [
                    0.0,
                    0.0,
                    0.0,
                    1.0
                ]
            ]
        },
        {
            "file_path": "/data/shapenet_blender/all_50_random/02958343/868af17aaa07b069bda72093f9b5aa73/r_26",
            "rotation": 0.12566370614359174,
            "transform_matrix": [
                [
                    -0.9974504709243774,
                    0.00493561290204525,
                    -0.07119081169366837,
                    -0.2869793474674225
                ],
                [
                    -0.07136169821023941,
                    -0.06898700445890427,
                    0.995061993598938,
                    4.011222839355469
                ],
                [
                    -4.6566125955216364e-10,
                    0.9976052641868591,
                    0.06916333734989166,
                    0.27880632877349854
                ],
                [
                    0.0,
                    0.0,
                    0.0,
                    1.0
                ]
            ]
        },
        {
            "file_path": "/data/shapenet_blender/all_50_random/02958343/868af17aaa07b069bda72093f9b5aa73/r_27",
            "rotation": 0.12566370614359174,
            "transform_matrix": [
                [
                    -0.8816704154014587,
                    -0.27579936385154724,
                    -0.3828733265399933,
                    -1.5434117317199707
                ],
                [
                    -0.4718657433986664,
                    0.5153248310089111,
                    0.7153900861740112,
                    2.8838295936584473
                ],
                [
                    0.0,
                    0.8114031553268433,
                    -0.5844869613647461,
                    -2.356142282485962
                ],
                [
                    0.0,
                    0.0,
                    0.0,
                    1.0
                ]
            ]
        },
        {
            "file_path": "/data/shapenet_blender/all_50_random/02958343/868af17aaa07b069bda72093f9b5aa73/r_28",
            "rotation": 0.12566370614359174,
            "transform_matrix": [
                [
                    0.1495620757341385,
                    -0.042199548333883286,
                    0.9878513216972351,
                    3.982156276702881
                ],
                [
                    0.9887523651123047,
                    0.00638324860483408,
                    -0.14942577481269836,
                    -0.6023546457290649
                ],
                [
                    -4.656613428188905e-10,
                    0.999088704586029,
                    0.042679592967033386,
                    0.172046959400177
                ],
                [
                    0.0,
                    0.0,
                    0.0,
                    1.0
                ]
            ]
        },
        {
            "file_path": "/data/shapenet_blender/all_50_random/02958343/868af17aaa07b069bda72093f9b5aa73/r_29",
            "rotation": 0.12566370614359174,
            "transform_matrix": [
                [
                    -0.30411258339881897,
                    0.3034138083457947,
                    -0.9030258059501648,
                    -3.6402134895324707
                ],
                [
                    -0.9526361227035522,
                    -0.09685960412025452,
                    0.2882753610610962,
                    1.162075161933899
                ],
                [
                    0.0,
                    0.9479231238365173,
                    0.3184991776943207,
                    1.2839112281799316
                ],
                [
                    0.0,
                    0.0,
                    0.0,
                    1.0
                ]
            ]
        },
        {
            "file_path": "/data/shapenet_blender/all_50_random/02958343/868af17aaa07b069bda72093f9b5aa73/r_30",
            "rotation": 0.12566370614359174,
            "transform_matrix": [
                [
                    0.9563541412353516,
                    -0.20204247534275055,
                    -0.21110591292381287,
                    -0.8509952425956726
                ],
                [
                    -0.2922103703022003,
                    -0.661250114440918,
                    -0.690913200378418,
                    -2.785160541534424
                ],
                [
                    1.4901164746561335e-08,
                    0.722445011138916,
                    -0.6914281845092773,
                    -2.787236452102661
                ],
                [
                    0.0,
                    0.0,
                    0.0,
                    1.0
                ]
            ]
        },
        {
            "file_path": "/data/shapenet_blender/all_50_random/02958343/868af17aaa07b069bda72093f9b5aa73/r_31",
            "rotation": 0.12566370614359174,
            "transform_matrix": [
                [
                    -0.6296936869621277,
                    -0.4918270707130432,
                    -0.6013251543045044,
                    -2.4240195751190186
                ],
                [
                    -0.7768434882164001,
                    0.39866507053375244,
                    0.48742204904556274,
                    1.964861273765564
                ],
                [
                    -1.4901160305669237e-08,
                    0.7740622162818909,
                    -0.633109450340271,
                    -2.5521459579467773
                ],
                [
                    0.0,
                    0.0,
                    0.0,
                    1.0
                ]
            ]
        },
        {
            "file_path": "/data/shapenet_blender/all_50_random/02958343/868af17aaa07b069bda72093f9b5aa73/r_32",
            "rotation": 0.12566370614359174,
            "transform_matrix": [
                [
                    -0.7293930053710938,
                    0.2165452539920807,
                    0.6489174962043762,
                    2.615870237350464
                ],
                [
                    0.6840949654579163,
                    0.23088403046131134,
                    0.6918862462043762,
                    2.7890830039978027
                ],
                [
                    0.0,
                    0.9485781788825989,
                    -0.31654268503189087,
                    -1.2760244607925415
                ],
                [
                    0.0,
                    0.0,
                    0.0,
                    1.0
                ]
            ]
        },
        {
            "file_path": "/data/shapenet_blender/all_50_random/02958343/868af17aaa07b069bda72093f9b5aa73/r_33",
            "rotation": 0.12566370614359174,
            "transform_matrix": [
                [
                    0.9402422308921814,
                    0.30088043212890625,
                    0.15942206978797913,
                    0.6426509618759155
                ],
                [
                    0.34050610661506653,
                    -0.8308234810829163,
                    -0.4402134120464325,
                    -1.774557113647461
                ],
                [
                    0.0,
                    0.4681915044784546,
                    -0.8836269378662109,
                    -3.56201434135437
                ],
                [
                    0.0,
                    0.0,
                    0.0,
                    1.0
                ]
            ]
        },
        {
            "file_path": "/data/shapenet_blender/all_50_random/02958343/868af17aaa07b069bda72093f9b5aa73/r_34",
            "rotation": 0.12566370614359174,
            "transform_matrix": [
                [
                    -0.37796467542648315,
                    0.6202863454818726,
                    0.6873045563697815,
                    2.770613193511963
                ],
                [
                    0.925819993019104,
                    0.2532309889793396,
                    0.28059110045433044,
                    1.1310988664627075
                ],
                [
                    1.4901161193847656e-08,
                    0.7423738241195679,
                    -0.6699858903884888,
                    -2.7007994651794434
                ],
                [
                    0.0,
                    0.0,
                    0.0,
                    1.0
                ]
            ]
        },
        {
            "file_path": "/data/shapenet_blender/all_50_random/02958343/868af17aaa07b069bda72093f9b5aa73/r_35",
            "rotation": 0.12566370614359174,
            "transform_matrix": [
                [
                    -0.677128791809082,
                    0.591610848903656,
                    0.4375995099544525,
                    1.7640200853347778
                ],
                [
                    0.7358646392822266,
                    0.5443891286849976,
                    0.4026707708835602,
                    1.6232178211212158
                ],
                [
                    -2.9802322387695312e-08,
                    0.5946738719940186,
                    -0.8039669990539551,
                    -3.2408945560455322
                ],
                [
                    0.0,
                    0.0,
                    0.0,
                    1.0
                ]
            ]
        },
        {
            "file_path": "/data/shapenet_blender/all_50_random/02958343/868af17aaa07b069bda72093f9b5aa73/r_36",
            "rotation": 0.12566370614359174,
            "transform_matrix": [
                [
                    -0.712660551071167,
                    -0.4090997576713562,
                    0.5698704123497009,
                    2.2972211837768555
                ],
                [
                    0.7015089988708496,
                    -0.41560304164886475,
                    0.5789293646812439,
                    2.3337388038635254
                ],
                [
                    1.4901161193847656e-08,
                    0.8123493790626526,
                    0.5831710696220398,
                    2.3508377075195312
                ],
                [
                    0.0,
                    0.0,
                    0.0,
                    1.0
                ]
            ]
        },
        {
            "file_path": "/data/shapenet_blender/all_50_random/02958343/868af17aaa07b069bda72093f9b5aa73/r_37",
            "rotation": 0.12566370614359174,
            "transform_matrix": [
                [
                    -0.8414159417152405,
                    0.43548092246055603,
                    0.3199616074562073,
                    1.289806604385376
                ],
                [
                    0.5403879284858704,
                    0.678069531917572,
                    0.49819913506507874,
                    2.008305072784424
                ],
                [
                    -1.4901161193847656e-08,
                    0.5920960903167725,
                    -0.8058672547340393,
                    -3.2485549449920654
                ],
                [
                    0.0,
                    0.0,
                    0.0,
                    1.0
                ]
            ]
        },
        {
            "file_path": "/data/shapenet_blender/all_50_random/02958343/868af17aaa07b069bda72093f9b5aa73/r_38",
            "rotation": 0.12566370614359174,
            "transform_matrix": [
                [
                    0.4770216643810272,
                    0.1310112476348877,
                    0.8690721392631531,
                    3.5033419132232666
                ],
                [
                    0.8788915276527405,
                    -0.07110684365034103,
                    -0.47169214487075806,
                    -1.901451826095581
                ],
                [
                    0.0,
                    0.9888275861740112,
                    -0.14906418323516846,
                    -0.600896954536438
                ],
                [
                    0.0,
                    0.0,
                    0.0,
                    1.0
                ]
            ]
        },
        {
            "file_path": "/data/shapenet_blender/all_50_random/02958343/868af17aaa07b069bda72093f9b5aa73/r_39",
            "rotation": 0.12566370614359174,
            "transform_matrix": [
                [
                    0.6567707657814026,
                    -0.05546250939369202,
                    0.7520478367805481,
                    3.031601905822754
                ],
                [
                    0.7540903091430664,
                    0.04830477014183998,
                    -0.6549919843673706,
                    -2.640357255935669
                ],
                [
                    0.0,
                    0.9972915649414062,
                    0.07354890555143356,
                    0.29648512601852417
                ],
                [
                    0.0,
                    0.0,
                    0.0,
                    1.0
                ]
            ]
        },
        {
            "file_path": "/data/shapenet_blender/all_50_random/02958343/868af17aaa07b069bda72093f9b5aa73/r_40",
            "rotation": 0.12566370614359174,
            "transform_matrix": [
                [
                    0.9950290322303772,
                    -0.0797731801867485,
                    0.059610918164253235,
                    0.2402993142604828
                ],
                [
                    0.09958525747060776,
                    0.7970721125602722,
                    -0.5956162214279175,
                    -2.401005983352661
                ],
                [
                    0.0,
                    0.5985916256904602,
                    0.8010541796684265,
                    3.2291529178619385
                ],
                [
                    0.0,
                    0.0,
                    0.0,
                    1.0
                ]
            ]
        },
        {
            "file_path": "/data/shapenet_blender/all_50_random/02958343/868af17aaa07b069bda72093f9b5aa73/r_41",
            "rotation": 0.12566370614359174,
            "transform_matrix": [
                [
                    0.6814017295837402,
                    -0.6127394437789917,
                    0.40030232071876526,
                    1.6136702299118042
                ],
                [
                    0.7319095134735107,
                    0.5704553723335266,
                    -0.37267816066741943,
                    -1.5023137331008911
                ],
                [
                    0.0,
