{
    "class": "02958343",
    "model": "a77879318434261612725caceb9cca76",
    "remove_doubles": true,
    "edge_split": true,
    "denoise": true,
    "camera_angle_x": 0.6911112070083618,
    "scale_factor": 2.2592666682063114,
    "hdri_file": "/data/IndoorHDRDataset2018/9C4A2943-62c1add52d.exr",
    "center_offset": [
        0.0,
        0.0,
        -1.862645149230957e-09
    ],
    "lights": [],
    "frames": [
        {
            "file_path": "/data/shapenet_blender/all_50_random/02958343/a77879318434261612725caceb9cca76/r_0",
            "rotation": 0.12566370614359174,
            "transform_matrix": [
                [
                    -0.20836828649044037,
                    0.9499080777168274,
                    -0.23293191194534302,
                    -0.9389786124229431
                ],
                [
                    -0.9780503511428833,
                    -0.202372744679451,
                    0.04962487518787384,
                    0.20004428923130035
                ],
                [
                    -3.7252896323280993e-09,
                    0.23815937340259552,
                    0.9712260365486145,
                    3.915137529373169
                ],
                [
                    0.0,
                    0.0,
                    0.0,
                    1.0
                ]
            ]
        },
        {
            "file_path": "/data/shapenet_blender/all_50_random/02958343/a77879318434261612725caceb9cca76/r_1",
            "rotation": 0.12566370614359174,
            "transform_matrix": [
                [
                    0.7993344068527222,
                    0.02860298566520214,
                    -0.6002052426338196,
                    -2.4195046424865723
                ],
                [
                    -0.6008864045143127,
                    0.0380493700504303,
                    -0.7984282970428467,
                    -3.218567371368408
                ],
                [
                    0.0,
                    0.9988663792610168,
                    0.04760131984949112,
                    0.1918870508670807
                ],
                [
                    0.0,
                    0.0,
                    0.0,
                    1.0
                ]
            ]
        },
        {
            "file_path": "/data/shapenet_blender/all_50_random/02958343/a77879318434261612725caceb9cca76/r_2",
            "rotation": 0.12566370614359174,
            "transform_matrix": [
                [
                    0.2120703160762787,
                    -0.3822907507419586,
                    0.8993775844573975,
                    3.625506639480591
                ],
                [
                    0.9772545099258423,
                    0.08295946568250656,
                    -0.19517052173614502,
                    -0.7867574691772461
                ],
                [
                    0.0,
                    0.9203104972839355,
                    0.3911886215209961,
                    1.5769315958023071
                ],
                [
                    0.0,
                    0.0,
                    0.0,
                    1.0
                ]
            ]
        },
        {
            "file_path": "/data/shapenet_blender/all_50_random/02958343/a77879318434261612725caceb9cca76/r_3",
            "rotation": 0.12566370614359174,
            "transform_matrix": [
                [
                    0.1705055981874466,
                    -0.6239950656890869,
                    0.7625994682312012,
                    3.074136972427368
                ],
                [
                    0.9853567481040955,
                    0.10797576606273651,
                    -0.13195979595184326,
                    -0.5319470167160034
                ],
                [
                    7.450580596923828e-09,
                    0.7739324569702148,
                    0.6332681179046631,
                    2.552785634994507
                ],
                [
                    0.0,
                    0.0,
                    0.0,
                    1.0
                ]
            ]
        },
        {
            "file_path": "/data/shapenet_blender/all_50_random/02958343/a77879318434261612725caceb9cca76/r_4",
            "rotation": 0.12566370614359174,
            "transform_matrix": [
                [
                    0.36993810534477234,
                    -0.09989939630031586,
                    -0.9236697554588318,
                    -3.7234320640563965
                ],
                [
                    -0.9290564060211182,
                    -0.039778631180524826,
                    -0.3677932024002075,
                    -1.4826219081878662
                ],
                [
                    0.0,
                    0.9942020177841187,
                    -0.10752780735492706,
                    -0.43345847725868225
                ],
                [
                    0.0,
                    0.0,
                    0.0,
                    1.0
                ]
            ]
        },
        {
            "file_path": "/data/shapenet_blender/all_50_random/02958343/a77879318434261612725caceb9cca76/r_5",
            "rotation": 0.12566370614359174,
            "transform_matrix": [
                [
                    -0.5440009236335754,
                    -0.761211633682251,
                    0.35301530361175537,
                    1.423050045967102
                ],
                [
                    0.8390846252441406,
                    -0.4935137629508972,
                    0.2288692146539688,
                    0.9226012229919434
                ],
                [
                    -1.4901159417490817e-08,
                    0.42071467638015747,
                    0.9071930646896362,
                    3.6570117473602295
                ],
                [
                    0.0,
                    0.0,
                    0.0,
                    1.0
                ]
            ]
        },
        {
            "file_path": "/data/shapenet_blender/all_50_random/02958343/a77879318434261612725caceb9cca76/r_6",
            "rotation": 0.12566370614359174,
            "transform_matrix": [
                [
                    -0.9913623929023743,
                    0.11966845393180847,
                    0.05366630479693413,
                    0.21633580327033997
                ],
                [
                    0.13115109503269196,
                    0.9045658111572266,
                    0.4056600034236908,
                    1.6352678537368774
                ],
                [
                    0.0,
                    0.4091944396495819,
                    -0.9124470949172974,
                    -3.678192138671875
                ],
                [
                    0.0,
                    0.0,
                    0.0,
                    1.0
                ]
            ]
        },
        {
            "file_path": "/data/shapenet_blender/all_50_random/02958343/a77879318434261612725caceb9cca76/r_7",
            "rotation": 0.12566370614359174,
            "transform_matrix": [
                [
                    -0.9102523326873779,
                    -0.40491989254951477,
                    0.08649121969938278,
                    0.3486572504043579
                ],
                [
                    0.4140542149543762,
                    -0.8901715278625488,
                    0.19014136493206024,
                    0.7664843797683716
                ],
                [
                    0.0,
                    0.2088886797428131,
                    0.9779394268989563,
                    3.942199945449829
                ],
                [
                    0.0,
                    0.0,
                    0.0,
                    1.0
                ]
            ]
        },
        {
            "file_path": "/data/shapenet_blender/all_50_random/02958343/a77879318434261612725caceb9cca76/r_8",
            "rotation": 0.12566370614359174,
            "transform_matrix": [
                [
                    -0.8493688106536865,
                    0.4281060993671417,
                    -0.3087036907672882,
                    -1.2444243431091309
                ],
                [
                    -0.5277999639511108,
                    -0.6889351010322571,
                    0.4967852532863617,
                    2.002605438232422
                ],
                [
                    -1.4901162970204496e-08,
                    0.5848876237869263,
                    0.8111142516136169,
                    3.2697062492370605
                ],
                [
                    0.0,
                    0.0,
                    0.0,
                    1.0
                ]
            ]
        },
        {
            "file_path": "/data/shapenet_blender/all_50_random/02958343/a77879318434261612725caceb9cca76/r_9",
            "rotation": 0.12566370614359174,
            "transform_matrix": [
                [
                    -0.7488238215446472,
                    0.07442919909954071,
                    0.6585765480995178,
                    2.6548073291778564
                ],
                [
                    0.662769079208374,
                    0.08409317582845688,
                    0.7440869212150574,
                    2.9995105266571045
                ],
                [
                    0.0,
                    0.9936742782592773,
                    -0.11230035126209259,
                    -0.452697217464447
                ],
                [
                    0.0,
                    0.0,
                    0.0,
                    1.0
                ]
            ]
        },
        {
            "file_path": "/data/shapenet_blender/all_50_random/02958343/a77879318434261612725caceb9cca76/r_10",
            "rotation": 0.12566370614359174,
            "transform_matrix": [
                [
                    0.9424055218696594,
                    -0.08431091159582138,
                    -0.32367193698883057,
                    -1.3047634363174438
                ],
                [
                    -0.33447253704071045,
                    -0.23755332827568054,
                    -0.9119738936424255,
                    -3.6762845516204834
                ],
                [
                    7.450580596923828e-09,
                    0.9677086472511292,
                    -0.25207123160362244,
                    -1.0161317586898804
                ],
                [
                    0.0,
                    0.0,
                    0.0,
                    1.0
                ]
            ]
        },
        {
            "file_path": "/data/shapenet_blender/all_50_random/02958343/a77879318434261612725caceb9cca76/r_11",
            "rotation": 0.12566370614359174,
            "transform_matrix": [
                [
                    -0.8599647283554077,
                    0.12327685207128525,
                    -0.4952409267425537,
                    -1.9963802099227905
                ],
                [
                    -0.5103536248207092,
                    -0.20772604644298553,
                    0.8344992399215698,
                    3.3639743328094482
                ],
                [
                    7.450580596923828e-09,
                    0.9703879952430725,
                    0.24155180156230927,
                    0.9737265110015869
                ],
                [
                    0.0,
                    0.0,
                    0.0,
                    1.0
                ]
            ]
        },
        {
            "file_path": "/data/shapenet_blender/all_50_random/02958343/a77879318434261612725caceb9cca76/r_12",
            "rotation": 0.12566370614359174,
            "transform_matrix": [
                [
                    0.7568076848983765,
                    0.15655794739723206,
                    0.6346114277839661,
                    2.5582005977630615
                ],
                [
                    0.6536375880241394,
                    -0.18126904964447021,
                    -0.7347784638404846,
                    -2.961986780166626
                ],
                [
                    0.0,
                    0.9708918929100037,
                    -0.23951798677444458,
                    -0.9655278921127319
                ],
                [
                    0.0,
                    0.0,
                    0.0,
                    1.0
                ]
            ]
        },
        {
            "file_path": "/data/shapenet_blender/all_50_random/02958343/a77879318434261612725caceb9cca76/r_13",
            "rotation": 0.12566370614359174,
            "transform_matrix": [
                [
                    0.9884140491485596,
                    0.10834752768278122,
                    -0.10629431158304214,
                    -0.42848607897758484
                ],
                [
                    -0.15178163349628448,
                    0.7055676579475403,
                    -0.6921969652175903,
                    -2.790335178375244
                ],
                [
                    0.0,
                    0.7003106474876404,
                    0.7138381600379944,
                    2.8775737285614014
                ],
                [
                    0.0,
                    0.0,
                    0.0,
                    1.0
                ]
            ]
        },
        {
            "file_path": "/data/shapenet_blender/all_50_random/02958343/a77879318434261612725caceb9cca76/r_14",
            "rotation": 0.12566370614359174,
            "transform_matrix": [
                [
                    0.562895655632019,
                    0.029006872326135635,
                    -0.8260188102722168,
                    -3.3297882080078125
                ],
                [
                    -0.826528012752533,
                    0.019754737615585327,
                    -0.5625488758087158,
                    -2.267707109451294
                ],
                [
                    1.862645149230957e-09,
                    0.9993839859962463,
                    0.035094842314720154,
                    0.14147183299064636
                ],
                [
                    0.0,
                    0.0,
                    0.0,
                    1.0
                ]
            ]
        },
        {
            "file_path": "/data/shapenet_blender/all_50_random/02958343/a77879318434261612725caceb9cca76/r_15",
            "rotation": 0.12566370614359174,
            "transform_matrix": [
                [
                    -0.06390855461359024,
                    0.8250609040260315,
                    -0.5614180564880371,
                    -2.263148546218872
                ],
                [
                    -0.9979557991027832,
                    -0.052836451679468155,
                    0.03595290705561638,
                    0.14493080973625183
                ],
                [
                    0.0,
                    0.5625680685043335,
                    0.8267509341239929,
                    3.3327395915985107
                ],
                [
                    0.0,
                    0.0,
                    0.0,
                    1.0
                ]
            ]
        },
        {
            "file_path": "/data/shapenet_blender/all_50_random/02958343/a77879318434261612725caceb9cca76/r_16",
            "rotation": 0.12566370614359174,
            "transform_matrix": [
                [
                    0.6167851686477661,
                    0.04399945214390755,
                    0.7859007120132446,
                    3.168067455291748
                ],
                [
                    0.7871315479278564,
                    -0.034477345645427704,
                    -0.6158207058906555,
                    -2.482452869415283
                ],
                [
                    -1.862645149230957e-09,
                    0.998436450958252,
                    -0.05589846521615982,
                    -0.22533392906188965
                ],
                [
                    0.0,
                    0.0,
                    0.0,
                    1.0
                ]
            ]
        },
        {
            "file_path": "/data/shapenet_blender/all_50_random/02958343/a77879318434261612725caceb9cca76/r_17",
            "rotation": 0.12566370614359174,
            "transform_matrix": [
                [
                    0.8626021146774292,
                    0.4295540750026703,
                    0.26720964908599854,
                    1.0771565437316895
                ],
                [
                    0.5058831572532654,
                    -0.7324502468109131,
                    -0.4556301236152649,
                    -1.8367037773132324
                ],
                [
                    0.0,
                    0.5282041430473328,
                    -0.8491173386573792,
                    -3.4229013919830322
                ],
                [
                    0.0,
                    0.0,
                    0.0,
                    1.0
                ]
            ]
        },
        {
            "file_path": "/data/shapenet_blender/all_50_random/02958343/a77879318434261612725caceb9cca76/r_18",
            "rotation": 0.12566370614359174,
            "transform_matrix": [
                [
                    -0.17097285389900208,
                    0.16292235255241394,
                    -0.9717121720314026,
                    -3.9170970916748047
                ],
                [
                    -0.9852756857872009,
                    -0.02827158011496067,
                    0.16861920058727264,
                    0.6797257661819458
                ],
                [
                    -1.862645149230957e-09,
                    0.986233651638031,
                    0.16535712778568268,
                    0.6665759086608887
                ],
                [
                    0.0,
                    0.0,
                    0.0,
                    1.0
                ]
            ]
        },
        {
            "file_path": "/data/shapenet_blender/all_50_random/02958343/a77879318434261612725caceb9cca76/r_19",
            "rotation": 0.12566370614359174,
            "transform_matrix": [
                [
                    0.393961101770401,
                    0.28151628375053406,
                    0.8749532103538513,
                    3.5270495414733887
                ],
                [
                    0.9191272258758545,
                    -0.12066498398780823,
                    -0.37502700090408325,
                    -1.5117822885513306
                ],
                [
                    7.450581485102248e-09,
                    0.9519392848014832,
                    -0.3062865436077118,
                    -1.2346806526184082
                ],
                [
                    0.0,
                    0.0,
                    0.0,
                    1.0
                ]
            ]
        },
        {
            "file_path": "/data/shapenet_blender/all_50_random/02958343/a77879318434261612725caceb9cca76/r_20",
            "rotation": 0.12566370614359174,
            "transform_matrix": [
                [
                    0.9975467920303345,
                    0.027648333460092545,
                    -0.06431277841329575,
                    -0.2592531442642212
                ],
                [
                    -0.07000403851270676,
                    0.39398449659347534,
                    -0.9164472222328186,
                    -3.694317102432251
                ],
                [
                    0.0,
                    0.918701171875,
                    0.3949533998966217,
                    1.5921082496643066
                ],
                [
                    0.0,
                    0.0,
                    0.0,
                    1.0
                ]
            ]
        },
        {
            "file_path": "/data/shapenet_blender/all_50_random/02958343/a77879318434261612725caceb9cca76/r_21",
            "rotation": 0.12566370614359174,
            "transform_matrix": [
                [
                    0.7550315856933594,
                    -0.3900149464607239,
                    0.5270822048187256,
                    2.1247365474700928
                ],
                [
                    0.655688464641571,
                    0.4491059482097626,
                    -0.6069402098655701,
                    -2.4466545581817627
                ],
                [
                    0.0,
                    0.8038608431816101,
                    0.5948173403739929,
                    2.3977856636047363
                ],
                [
                    0.0,
                    0.0,
                    0.0,
                    1.0
                ]
            ]
        },
        {
            "file_path": "/data/shapenet_blender/all_50_random/02958343/a77879318434261612725caceb9cca76/r_22",
            "rotation": 0.12566370614359174,
            "transform_matrix": [
                [
                    -0.6304270625114441,
                    -0.06225583702325821,
                    -0.773747980594635,
                    -3.119077682495117
                ],
                [
                    -0.7762485146522522,
                    0.05056082829833031,
                    0.6283962726593018,
                    2.533146381378174
                ],
                [
                    0.0,
                    0.996778666973114,
                    -0.0802009254693985,
                    -0.3233002722263336
                ],
                [
                    0.0,
                    0.0,
                    0.0,
                    1.0
                ]
            ]
        },
        {
            "file_path": "/data/shapenet_blender/all_50_random/02958343/a77879318434261612725caceb9cca76/r_23",
            "rotation": 0.12566370614359174,
            "transform_matrix": [
                [
                    -0.5927914381027222,
                    -0.025394026190042496,
                    0.8049554824829102,
                    3.2448794841766357
                ],
                [
                    0.805355966091156,
                    -0.018691565841436386,
                    0.5924966931343079,
                    2.3884308338165283
                ],
                [
                    9.313225191043273e-10,
                    0.9995027780532837,
                    0.031531430780887604,
                    0.12710727751255035
                ],
                [
                    0.0,
                    0.0,
                    0.0,
                    1.0
                ]
            ]
        },
        {
            "file_path": "/data/shapenet_blender/all_50_random/02958343/a77879318434261612725caceb9cca76/r_24",
            "rotation": 0.12566370614359174,
            "transform_matrix": [
                [
                    -0.7884711623191833,
                    -0.4139099717140198,
                    0.45496344566345215,
                    1.8340163230895996
                ],
                [
                    0.6150717735290527,
                    -0.5305984020233154,
                    0.5832255482673645,
                    2.351057291030884
                ],
                [
                    1.4901161193847656e-08,
                    0.7396916747093201,
                    0.6729458570480347,
                    2.7127315998077393
                ],
                [
                    0.0,
                    0.0,
                    0.0,
                    1.0
                ]
            ]
        },
        {
            "file_path": "/data/shapenet_blender/all_50_random/02958343/a77879318434261612725caceb9cca76/r_25",
            "rotation": 0.12566370614359174,
            "transform_matrix": [
                [
                    -0.8478148579597473,
                    0.03327950835227966,
                    -0.5292471647262573,
                    -2.1334633827209473
                ],
                [
                    -0.5302924513816833,
                    -0.05320623144507408,
                    0.8461437225341797,
                    3.4109139442443848
                ],
                [
                    0.0,
                    0.9980288147926331,
                    0.06275690346956253,
                    0.25298112630844116
                ],
                [
                    0.0,
                    0.0,
                    0.0,
                    1.0
                ]
            ]
        },
        {
            "file_path": "/data/shapenet_blender/all_50_random/02958343/a77879318434261612725caceb9cca76/r_26",
            "rotation": 0.12566370614359174,
            "transform_matrix": [
                [
                    0.10690010339021683,
                    -0.11195782572031021,
                    -0.9879462122917175,
                    -3.9825387001037598
                ],
                [
                    -0.9942697882652283,
                    -0.012037279084324837,
                    -0.10622021555900574,
                    -0.42818742990493774
                ],
                [
                    0.0,
                    0.9936398863792419,
                    -0.1126030758023262,
                    -0.453917533159256
                ],
                [
                    0.0,
                    0.0,
                    0.0,
                    1.0
                ]
            ]
        },
        {
            "file_path": "/data/shapenet_blender/all_50_random/02958343/a77879318434261612725caceb9cca76/r_27",
            "rotation": 0.12566370614359174,
            "transform_matrix": [
                [
                    -0.07123945653438568,
                    0.356581449508667,
                    -0.9315442442893982,
                    -3.7551748752593994
                ],
                [
                    -0.9974592924118042,
                    -0.025467373430728912,
                    0.06653174012899399,
                    0.26819801330566406
                ],
                [
                    -1.862645149230957e-09,
                    0.9339171051979065,
                    0.3574897348880768,
                    1.441087245941162
                ],
                [
                    0.0,
                    0.0,
                    0.0,
                    1.0
                ]
            ]
        },
        {
            "file_path": "/data/shapenet_blender/all_50_random/02958343/a77879318434261612725caceb9cca76/r_28",
            "rotation": 0.12566370614359174,
            "transform_matrix": [
                [
                    -0.08549425005912781,
                    -0.8271418213844299,
                    -0.555452287197113,
                    -2.2390997409820557
                ],
                [
                    -0.9963387250900269,
                    0.07097572833299637,
                    0.047662485390901566,
                    0.19213362038135529
                ],
                [
                    -3.725290298461914e-09,
                    0.5574934482574463,
                    -0.8301813006401062,
                    -3.3465678691864014
                ],
                [
                    0.0,
                    0.0,
                    0.0,
                    1.0
                ]
            ]
        },
        {
            "file_path": "/data/shapenet_blender/all_50_random/02958343/a77879318434261612725caceb9cca76/r_29",
            "rotation": 0.12566370614359174,
            "transform_matrix": [
                [
                    -0.5236825346946716,
                    -0.1710176318883896,
                    0.8345714807510376,
                    3.364265203475952
                ],
                [
                    0.8519135117530823,
                    -0.10512680560350418,
                    0.5130221247673035,
                    2.0680582523345947
                ],
                [
                    0.0,
                    0.9796433448791504,
                    0.2007453292608261,
                    0.8092302680015564
                ],
                [
                    0.0,
                    0.0,
                    0.0,
                    1.0
                ]
            ]
        },
        {
            "file_path": "/data/shapenet_blender/all_50_random/02958343/a77879318434261612725caceb9cca76/r_30",
            "rotation": 0.12566370614359174,
            "transform_matrix": [
                [
                    -0.3206307291984558,
                    0.2525993287563324,
                    0.9129016995429993,
                    3.6800243854522705
                ],
                [
                    0.9472042918205261,
                    0.0855054259300232,
                    0.3090192377567291,
                    1.2456964254379272
                ],
                [
                    0.0,
                    0.9637854099273682,
                    -0.2666788399219513,
                    -1.075016736984253
                ],
                [
                    0.0,
                    0.0,
                    0.0,
                    1.0
                ]
            ]
        },
        {
            "file_path": "/data/shapenet_blender/all_50_random/02958343/a77879318434261612725caceb9cca76/r_31",
            "rotation": 0.12566370614359174,
            "transform_matrix": [
                [
                    -0.17900070548057556,
                    0.02605813927948475,
                    -0.9835038185119629,
                    -3.964630603790283
                ],
                [
                    -0.9838489890098572,
                    -0.004740997217595577,
                    0.1789378970861435,
                    0.7213217616081238
                ],
                [
                    -4.656612873077393e-10,
                    0.999649167060852,
                    0.02648591622710228,
                    0.10676814615726471
                ],
                [
                    0.0,
                    0.0,
                    0.0,
                    1.0
                ]
            ]
        },
        {
            "file_path": "/data/shapenet_blender/all_50_random/02958343/a77879318434261612725caceb9cca76/r_32",
            "rotation": 0.12566370614359174,
            "transform_matrix": [
                [
                    0.9027799367904663,
                    -0.33435508608818054,
                    -0.2705458402633667,
                    -1.0906051397323608
                ],
                [
                    -0.43010276556015015,
                    -0.701806902885437,
                    -0.5678721070289612,
                    -2.289165735244751
                ],
                [
                    -1.4901161193847656e-08,
                    0.6290261149406433,
                    -0.7773841619491577,
                    -3.1337358951568604
                ],
                [
                    0.0,
                    0.0,
                    0.0,
                    1.0
                ]
            ]
        },
        {
            "file_path": "/data/shapenet_blender/all_50_random/02958343/a77879318434261612725caceb9cca76/r_33",
            "rotation": 0.12566370614359174,
            "transform_matrix": [
                [
                    0.280217707157135,
                    -0.0804152563214302,
                    0.9565622210502625,
                    3.8560256958007812
                ],
                [
                    0.9599363803863525,
                    0.02347424440085888,
                    -0.27923277020454407,
                    -1.125623345375061
                ],
                [
                    0.0,
                    0.9964851140975952,
                    0.08377142250537872,
                    0.33769339323043823
                ],
                [
                    0.0,
                    0.0,
                    0.0,
                    1.0
                ]
            ]
        },
        {
            "file_path": "/data/shapenet_blender/all_50_random/02958343/a77879318434261612725caceb9cca76/r_34",
            "rotation": 0.12566370614359174,
            "transform_matrix": [
                [
                    -0.9396746754646301,
                    0.013235392980277538,
                    -0.3418135344982147,
                    -1.377894401550293
                ],
                [
                    -0.34206968545913696,
                    -0.036357980221509933,
                    0.9389709234237671,
                    3.7851128578186035
                ],
                [
                    -9.31322685637781e-10,
                    0.9992510676383972,
                    0.03869210183620453,
                    0.15597285330295563
                ],
                [
                    0.0,
                    0.0,
                    0.0,
                    1.0
                ]
            ]
        },
        {
            "file_path": "/data/shapenet_blender/all_50_random/02958343/a77879318434261612725caceb9cca76/r_35",
            "rotation": 0.12566370614359174,
            "transform_matrix": [
                [
                    0.9532136917114258,
                    -0.044828128069639206,
                    -0.2989552617073059,
                    -1.205127239227295
                ],
                [
                    -0.30229756236076355,
                    -0.14135336875915527,
                    -0.9426745772361755,
                    -3.8000428676605225
                ],
                [
                    3.725290742551124e-09,
                    0.9889436364173889,
                    -0.14829139411449432,
                    -0.5977817177772522
                ],
                [
                    0.0,
                    0.0,
                    0.0,
                    1.0
                ]
            ]
        },
        {
            "file_path": "/data/shapenet_blender/all_50_random/02958343/a77879318434261612725caceb9cca76/r_36",
            "rotation": 0.12566370614359174,
            "transform_matrix": [
                [
                    -0.06419964879751205,
                    0.23804013431072235,
                    -0.9691312313079834,
                    -3.9066929817199707
                ],
                [
                    -0.9979370832443237,
                    -0.015313684940338135,
                    0.062346503138542175,
                    0.2513267993927002
                ],
                [
                    -9.313225746154785e-10,
                    0.971134603023529,
                    0.2385322004556656,
                    0.9615540504455566
                ],
                [
                    0.0,
                    0.0,
                    0.0,
                    1.0
                ]
            ]
        },
        {
            "file_path": "/data/shapenet_blender/all_50_random/02958343/a77879318434261612725caceb9cca76/r_37",
            "rotation": 0.12566370614359174,
            "transform_matrix": [
                [
                    0.9658674597740173,
                    -0.059857841581106186,
                    0.25202620029449463,
                    1.015950083732605
                ],
                [
                    0.2590370178222656,
                    0.223191037774086,
                    -0.9397262930870056,
                    -3.7881579399108887
                ],
                [
                    0.0,
                    0.972935140132904,
                    0.23107832670211792,
                    0.9315065145492554
                ],
                [
                    0.0,
                    0.0,
                    0.0,
                    1.0
                ]
            ]
        },
        {
            "file_path": "/data/shapenet_blender/all_50_random/02958343/a77879318434261612725caceb9cca76/r_38",
            "rotation": 0.12566370614359174,
            "transform_matrix": [
                [
                    0.9196879267692566,
                    -0.010010781697928905,
                    -0.39252251386642456,
                    -1.5823088884353638
                ],
                [
                    -0.39265015721321106,
                    -0.023447832092642784,
                    -0.9193889498710632,
                    -3.7061753273010254
                ],
                [
                    0.0,
                    0.9996748566627502,
                    -0.02549542300403118,
                    -0.10277533531188965
                ],
                [
                    0.0,
                    0.0,
                    0.0,
                    1.0
                ]
            ]
        },
        {
            "file_path": "/data/shapenet_blender/all_50_random/02958343/a77879318434261612725caceb9cca76/r_39",
            "rotation": 0.12566370614359174,
            "transform_matrix": [
                [
                    -0.7327014207839966,
                    -0.0052315667271614075,
                    -0.6805300116539001,
                    -2.7433042526245117
                ],
                [
                    -0.6805500984191895,
                    0.005632468033581972,
                    0.7326798439025879,
                    2.9535269737243652
                ],
                [
                    2.3283062977608182e-10,
                    0.9999704957008362,
                    -0.007687260862439871,
                    -0.030988339334726334
                ],
                [
                    0.0,
                    0.0,
                    0.0,
                    1.0
                ]
            ]
        },
        {
            "file_path": "/data/shapenet_blender/all_50_random/02958343/a77879318434261612725caceb9cca76/r_40",
            "rotation": 0.12566370614359174,
            "transform_matrix": [
                [
                    -0.9245685935020447,
                    -0.01624465174973011,
                    0.38066908717155457,
                    1.5345263481140137
                ],
                [
                    0.3810155987739563,
                    -0.039419107139110565,
                    0.923727810382843,
                    3.723666191101074
                ],
                [
                    -9.313225746154785e-10,
                    0.9990906715393066,
                    0.04263513162732124,
                    0.1718677282333374
                ],
                [
                    0.0,
                    0.0,
                    0.0,
                    1.0
                ]
            ]
        },
        {
            "file_path": "/data/shapenet_blender/all_50_random/02958343/a77879318434261612725caceb9cca76/r_41",
            "rotation": 0.12566370614359174,
            "transform_matrix": [
                [
                    0.9673773050308228,
                    0.014065023511648178,
                    0.25294917821884155,
                    1.0196707248687744
                ],
                [
                    0.25333988666534424,
                    -0.05370723083615303,
                    -0.96588534116745,
                    -3.893608331680298
