{
    "class": "02958343",
    "model": "69492fdcd530eb3da6ce6972f601a2e9",
    "remove_doubles": true,
    "edge_split": true,
    "denoise": true,
    "camera_angle_x": 0.6911112070083618,
    "scale_factor": 2.5054052859383718,
    "hdri_file": "/data/IndoorHDRDataset2018/AG8A7471-1fe9e1a038.exr",
    "center_offset": [
        0.0,
        0.0,
        3.725290298461914e-09
    ],
    "lights": [],
    "frames": [
        {
            "file_path": "/data/shapenet_blender/all_50_random/02958343/69492fdcd530eb3da6ce6972f601a2e9/r_0",
            "rotation": 0.12566370614359174,
            "transform_matrix": [
                [
                    0.3001713156700134,
                    0.7281970381736755,
                    -0.6161380410194397,
                    -2.483731985092163
                ],
                [
                    -0.9538852572441101,
                    0.22915112972259521,
                    -0.1938880831003189,
                    -0.7815878391265869
                ],
                [
                    0.0,
                    0.6459246873855591,
                    0.7634010910987854,
                    3.0773682594299316
                ],
                [
                    0.0,
                    0.0,
                    0.0,
                    1.0
                ]
            ]
        },
        {
            "file_path": "/data/shapenet_blender/all_50_random/02958343/69492fdcd530eb3da6ce6972f601a2e9/r_1",
            "rotation": 0.12566370614359174,
            "transform_matrix": [
                [
                    -0.29312655329704285,
                    -0.8178139328956604,
                    0.4952344596385956,
                    1.9963539838790894
                ],
                [
                    0.9560735821723938,
                    -0.2507369816303253,
                    0.15183599293231964,
                    0.6120704412460327
                ],
                [
                    7.450580152834618e-09,
                    0.5179877281188965,
                    0.8553880453109741,
                    3.4481794834136963
                ],
                [
                    0.0,
                    0.0,
                    0.0,
                    1.0
                ]
            ]
        },
        {
            "file_path": "/data/shapenet_blender/all_50_random/02958343/69492fdcd530eb3da6ce6972f601a2e9/r_2",
            "rotation": 0.12566370614359174,
            "transform_matrix": [
                [
                    -0.41965025663375854,
                    0.8727200031280518,
                    0.24950623512268066,
                    1.0057916641235352
                ],
                [
                    0.9076858162879944,
                    0.4034845232963562,
                    0.11535418033599854,
                    0.4650075137615204
                ],
                [
                    0.0,
                    0.2748818099498749,
                    -0.9614781141281128,
                    -3.8758418560028076
                ],
                [
                    0.0,
                    0.0,
                    0.0,
                    1.0
                ]
            ]
        },
        {
            "file_path": "/data/shapenet_blender/all_50_random/02958343/69492fdcd530eb3da6ce6972f601a2e9/r_3",
            "rotation": 0.12566370614359174,
            "transform_matrix": [
                [
                    -0.3581744134426117,
                    -0.010381507687270641,
                    0.9335970282554626,
                    3.7634496688842773
                ],
                [
                    0.9336546659469604,
                    -0.003982618451118469,
                    0.3581523001194,
                    1.4437580108642578
                ],
                [
                    0.0,
                    0.9999381899833679,
                    0.011119215749204159,
                    0.04482299089431763
                ],
                [
                    0.0,
                    0.0,
                    0.0,
                    1.0
                ]
            ]
        },
        {
            "file_path": "/data/shapenet_blender/all_50_random/02958343/69492fdcd530eb3da6ce6972f601a2e9/r_4",
            "rotation": 0.12566370614359174,
            "transform_matrix": [
                [
                    0.3578457534313202,
                    0.5912429690361023,
                    -0.7227572798728943,
                    -2.9135279655456543
                ],
                [
                    -0.9337807297706604,
                    0.22657759487628937,
                    -0.2769768238067627,
                    -1.1165294647216797
                ],
                [
                    0.0,
                    0.7740117907524109,
                    0.633171021938324,
                    2.552394390106201
                ],
                [
                    0.0,
                    0.0,
                    0.0,
                    1.0
                ]
            ]
        },
        {
            "file_path": "/data/shapenet_blender/all_50_random/02958343/69492fdcd530eb3da6ce6972f601a2e9/r_5",
            "rotation": 0.12566370614359174,
            "transform_matrix": [
                [
                    -0.37149134278297424,
                    0.6967655420303345,
                    -0.6136056780815125,
                    -2.4735236167907715
                ],
                [
                    -0.9284365177154541,
                    -0.2787938117980957,
                    0.24551941454410553,
                    0.9897204041481018
                ],
                [
                    0.0,
                    0.6609021425247192,
                    0.7504720091819763,
                    3.025249481201172
                ],
                [
                    0.0,
                    0.0,
                    0.0,
                    1.0
                ]
            ]
        },
        {
            "file_path": "/data/shapenet_blender/all_50_random/02958343/69492fdcd530eb3da6ce6972f601a2e9/r_6",
            "rotation": 0.12566370614359174,
            "transform_matrix": [
                [
                    -0.8945027589797974,
                    0.026712771505117416,
                    0.44626379013061523,
                    1.7989469766616821
                ],
                [
                    0.4470626711845398,
                    0.05344809591770172,
                    0.8929043412208557,
                    3.599412679672241
                ],
                [
                    0.0,
                    0.9982132315635681,
                    -0.05975174531340599,
                    -0.2408670037984848
                ],
                [
                    0.0,
                    0.0,
                    0.0,
                    1.0
                ]
            ]
        },
        {
            "file_path": "/data/shapenet_blender/all_50_random/02958343/69492fdcd530eb3da6ce6972f601a2e9/r_7",
            "rotation": 0.12566370614359174,
            "transform_matrix": [
                [
                    -0.9972400069236755,
                    -0.0002382728416705504,
                    -0.07424497604370117,
                    -0.29929110407829285
                ],
                [
                    -0.07424537092447281,
                    0.0032004043459892273,
                    0.9972348213195801,
                    4.01998233795166
                ],
                [
                    -1.4551914361005114e-11,
                    0.9999948740005493,
                    -0.003209261689335108,
                    -0.012936948798596859
                ],
                [
                    0.0,
                    0.0,
                    0.0,
                    1.0
                ]
            ]
        },
        {
            "file_path": "/data/shapenet_blender/all_50_random/02958343/69492fdcd530eb3da6ce6972f601a2e9/r_8",
            "rotation": 0.12566370614359174,
            "transform_matrix": [
                [
                    0.04586286097764969,
                    -0.9929385185241699,
                    -0.10940656065940857,
                    -0.44103193283081055
                ],
                [
                    -0.9989477396011353,
                    -0.045586973428726196,
                    -0.005022983532398939,
                    -0.02024829387664795
                ],
                [
                    0.0,
                    0.10952173173427582,
                    -0.9939843416213989,
                    -4.006878852844238
                ],
                [
                    0.0,
                    0.0,
                    0.0,
                    1.0
                ]
            ]
        },
        {
            "file_path": "/data/shapenet_blender/all_50_random/02958343/69492fdcd530eb3da6ce6972f601a2e9/r_9",
            "rotation": 0.12566370614359174,
            "transform_matrix": [
                [
                    -0.15431514382362366,
                    0.8963364958763123,
                    -0.4156532287597656,
                    -1.6755517721176147
                ],
                [
                    -0.9880216717720032,
                    -0.13999520242214203,
                    0.06491921097040176,
                    0.2616977095603943
                ],
                [
                    0.0,
                    0.4206923544406891,
                    0.9072033166885376,
                    3.6570534706115723
                ],
                [
                    0.0,
                    0.0,
                    0.0,
                    1.0
                ]
            ]
        },
        {
            "file_path": "/data/shapenet_blender/all_50_random/02958343/69492fdcd530eb3da6ce6972f601a2e9/r_10",
            "rotation": 0.12566370614359174,
            "transform_matrix": [
                [
                    0.9964145421981812,
                    -0.03571061044931412,
                    0.07669864594936371,
                    0.30918213725090027
                ],
                [
                    0.08460454642772675,
                    0.42057517170906067,
                    -0.9033042192459106,
                    -3.6413357257843018
                ],
                [
                    0.0,
                    0.9065544605255127,
                    0.4220885634422302,
                    1.7014933824539185
                ],
                [
                    0.0,
                    0.0,
                    0.0,
                    1.0
                ]
            ]
        },
        {
            "file_path": "/data/shapenet_blender/all_50_random/02958343/69492fdcd530eb3da6ce6972f601a2e9/r_11",
            "rotation": 0.12566370614359174,
            "transform_matrix": [
                [
                    -0.29497459530830383,
                    -0.3700818419456482,
                    0.8809252381324768,
                    3.5511233806610107
                ],
                [
                    0.9555050730705261,
                    -0.11424821615219116,
                    0.27195098996162415,
                    1.0962696075439453
                ],
                [
                    7.450580596923828e-09,
                    0.921947181224823,
                    0.3873154819011688,
                    1.5613187551498413
                ],
                [
                    0.0,
                    0.0,
                    0.0,
                    1.0
                ]
            ]
        },
        {
            "file_path": "/data/shapenet_blender/all_50_random/02958343/69492fdcd530eb3da6ce6972f601a2e9/r_12",
            "rotation": 0.12566370614359174,
            "transform_matrix": [
                [
                    -0.9943434000015259,
                    -0.06106535345315933,
                    0.08690399676561356,
                    0.3503211736679077
                ],
                [
                    0.10621339082717896,
                    -0.5716786980628967,
                    0.8135737180709839,
                    3.2796201705932617
                ],
                [
                    0.0,
                    0.8182018399238586,
                    0.5749310255050659,
                    2.3176207542419434
                ],
                [
                    0.0,
                    0.0,
                    0.0,
                    1.0
                ]
            ]
        },
        {
            "file_path": "/data/shapenet_blender/all_50_random/02958343/69492fdcd530eb3da6ce6972f601a2e9/r_13",
            "rotation": 0.12566370614359174,
            "transform_matrix": [
                [
                    0.3427048325538635,
                    -0.3860091269016266,
                    0.8564755320549011,
                    3.4525632858276367
                ],
                [
                    0.939443051815033,
                    0.14081448316574097,
                    -0.31243863701820374,
                    -1.2594804763793945
                ],
                [
                    0.0,
                    0.9116840958595276,
                    0.41089147329330444,
                    1.6563564538955688
                ],
                [
                    0.0,
                    0.0,
                    0.0,
                    1.0
                ]
            ]
        },
        {
            "file_path": "/data/shapenet_blender/all_50_random/02958343/69492fdcd530eb3da6ce6972f601a2e9/r_14",
            "rotation": 0.12566370614359174,
            "transform_matrix": [
                [
                    -0.49038898944854736,
                    -0.06995069235563278,
                    0.8686918616294861,
                    3.5018088817596436
                ],
                [
                    0.8715036511421204,
                    -0.039360761642456055,
                    0.488806813955307,
                    1.9704432487487793
                ],
                [
                    -3.725290076417309e-09,
                    0.9967736601829529,
                    0.0802643671631813,
                    0.32355600595474243
                ],
                [
                    0.0,
                    0.0,
                    0.0,
                    1.0
                ]
            ]
        },
        {
            "file_path": "/data/shapenet_blender/all_50_random/02958343/69492fdcd530eb3da6ce6972f601a2e9/r_15",
            "rotation": 0.12566370614359174,
            "transform_matrix": [
                [
                    -0.867841362953186,
                    0.05264410004019737,
                    0.49404457211494446,
                    1.9915574789047241
                ],
                [
                    0.49684152007102966,
                    0.0919543206691742,
                    0.8629558682441711,
                    3.478686571121216
                ],
                [
                    3.725290298461914e-09,
                    0.9943706393241882,
                    -0.1059575304389,
                    -0.42712849378585815
                ],
                [
                    0.0,
                    0.0,
                    0.0,
                    1.0
                ]
            ]
        },
        {
            "file_path": "/data/shapenet_blender/all_50_random/02958343/69492fdcd530eb3da6ce6972f601a2e9/r_16",
            "rotation": 0.12566370614359174,
            "transform_matrix": [
                [
                    -0.8459954261779785,
                    -0.0038258691783994436,
                    -0.5331763029098511,
                    -2.1493024826049805
                ],
                [
                    -0.5331900119781494,
                    0.006070383358746767,
                    0.8459736704826355,
                    3.410228967666626
                ],
                [
                    0.0,
                    0.999974250793457,
                    -0.007175432052463293,
                    -0.0289250910282135
                ],
                [
                    0.0,
                    0.0,
                    0.0,
                    1.0
                ]
            ]
        },
        {
            "file_path": "/data/shapenet_blender/all_50_random/02958343/69492fdcd530eb3da6ce6972f601a2e9/r_17",
            "rotation": 0.12566370614359174,
            "transform_matrix": [
                [
                    -0.9530888199806213,
                    -0.21916396915912628,
                    -0.20877940952777863,
                    -0.8416167497634888
                ],
                [
                    -0.3026907444000244,
                    0.6900862455368042,
                    0.6573881506919861,
                    2.6500165462493896
                ],
                [
                    0.0,
                    0.6897448897361755,
                    -0.724052369594574,
                    -2.918748617172241
                ],
                [
                    0.0,
                    0.0,
                    0.0,
                    1.0
                ]
            ]
        },
        {
            "file_path": "/data/shapenet_blender/all_50_random/02958343/69492fdcd530eb3da6ce6972f601a2e9/r_18",
            "rotation": 0.12566370614359174,
            "transform_matrix": [
                [
                    0.5486069321632385,
                    -0.2595630884170532,
                    -0.7947686910629272,
                    -3.203815221786499
                ],
                [
                    -0.8360803127288818,
                    -0.17031632363796234,
                    -0.5214996933937073,
                    -2.1022326946258545
                ],
                [
                    0.0,
                    0.9505888819694519,
                    -0.31045234203338623,
                    -1.2514735460281372
                ],
                [
                    0.0,
                    0.0,
                    0.0,
                    1.0
                ]
            ]
        },
        {
            "file_path": "/data/shapenet_blender/all_50_random/02958343/69492fdcd530eb3da6ce6972f601a2e9/r_19",
            "rotation": 0.12566370614359174,
            "transform_matrix": [
                [
                    -0.8837661743164062,
                    0.35229215025901794,
                    0.3079734742641449,
                    1.241480827331543
                ],
                [
                    0.4679289162158966,
                    0.6653657555580139,
                    0.5816621780395508,
                    2.344755172729492
                ],
                [
                    1.4901161193847656e-08,
                    0.6581629514694214,
                    -0.7528754472732544,
                    -3.034938097000122
                ],
                [
                    0.0,
                    0.0,
                    0.0,
                    1.0
                ]
            ]
        },
        {
            "file_path": "/data/shapenet_blender/all_50_random/02958343/69492fdcd530eb3da6ce6972f601a2e9/r_20",
            "rotation": 0.12566370614359174,
            "transform_matrix": [
                [
                    -0.074918232858181,
                    0.4321630299091339,
                    -0.8986781239509583,
                    -3.622687339782715
                ],
                [
                    -0.9971897602081299,
                    -0.03246813639998436,
                    0.06751712411642075,
                    0.2721702456474304
                ],
                [
                    1.862645149230957e-09,
                    0.9012108445167542,
                    0.43338096141815186,
                    1.7470145225524902
                ],
                [
                    0.0,
                    0.0,
                    0.0,
                    1.0
                ]
            ]
        },
        {
            "file_path": "/data/shapenet_blender/all_50_random/02958343/69492fdcd530eb3da6ce6972f601a2e9/r_21",
            "rotation": 0.12566370614359174,
            "transform_matrix": [
                [
                    0.9331813454627991,
                    -0.04707106202840805,
                    -0.35631027817726135,
                    -1.4363327026367188
                ],
                [
                    -0.359406054019928,
                    -0.12221784889698029,
                    -0.9251432418823242,
                    -3.7293717861175537
                ],
                [
                    -3.725290742551124e-09,
                    0.9913864135742188,
                    -0.13096903264522552,
                    -0.527953028678894
                ],
                [
                    0.0,
                    0.0,
                    0.0,
                    1.0
                ]
            ]
        },
        {
            "file_path": "/data/shapenet_blender/all_50_random/02958343/69492fdcd530eb3da6ce6972f601a2e9/r_22",
            "rotation": 0.12566370614359174,
            "transform_matrix": [
                [
                    -0.8258450627326965,
                    -0.3908720314502716,
                    0.4064466655254364,
                    1.6384389400482178
                ],
                [
                    0.5638969540596008,
                    -0.572444498538971,
                    0.5952540636062622,
                    2.399545907974243
                ],
                [
                    0.0,
                    0.7207818031311035,
                    0.6931620836257935,
                    2.7942256927490234
                ],
                [
                    0.0,
                    0.0,
                    0.0,
                    1.0
                ]
            ]
        },
        {
            "file_path": "/data/shapenet_blender/all_50_random/02958343/69492fdcd530eb3da6ce6972f601a2e9/r_23",
            "rotation": 0.12566370614359174,
            "transform_matrix": [
                [
                    -0.8265191912651062,
                    -0.020097635686397552,
                    -0.5625496506690979,
                    -2.2677102088928223
                ],
                [
                    -0.5629084706306458,
                    0.02950938045978546,
                    0.825992226600647,
                    3.329681158065796
                ],
                [
                    0.0,
                    0.9993623495101929,
                    -0.03570320084691048,
                    -0.14392420649528503
                ],
                [
                    0.0,
                    0.0,
                    0.0,
                    1.0
                ]
            ]
        },
        {
            "file_path": "/data/shapenet_blender/all_50_random/02958343/69492fdcd530eb3da6ce6972f601a2e9/r_24",
            "rotation": 0.12566370614359174,
            "transform_matrix": [
                [
                    0.4427751302719116,
                    0.21697939932346344,
                    0.8699827790260315,
                    3.5070128440856934
                ],
                [
                    0.8966326117515564,
                    -0.10714876651763916,
                    -0.4296149015426636,
                    -1.7318331003189087
                ],
                [
                    0.0,
                    0.9702778458595276,
                    -0.24199362099170685,
                    -0.9755074977874756
                ],
                [
                    0.0,
                    0.0,
                    0.0,
                    1.0
                ]
            ]
        },
        {
            "file_path": "/data/shapenet_blender/all_50_random/02958343/69492fdcd530eb3da6ce6972f601a2e9/r_25",
            "rotation": 0.12566370614359174,
            "transform_matrix": [
                [
                    0.9640670418739319,
                    -0.1971570998430252,
                    -0.17805542051792145,
                    -0.7177643775939941
                ],
                [
                    -0.2656589150428772,
                    -0.7154763340950012,
                    -0.6461569666862488,
                    -2.6047420501708984
                ],
                [
                    -1.4901161193847656e-08,
                    0.670240581035614,
                    -0.7421438097953796,
                    -2.9916772842407227
                ],
                [
                    0.0,
                    0.0,
                    0.0,
                    1.0
                ]
            ]
        },
        {
            "file_path": "/data/shapenet_blender/all_50_random/02958343/69492fdcd530eb3da6ce6972f601a2e9/r_26",
            "rotation": 0.12566370614359174,
            "transform_matrix": [
                [
                    -0.9568296074867249,
                    -0.257876992225647,
                    0.1340770274400711,
                    0.5404818058013916
                ],
                [
                    0.2906496226787567,
                    -0.8489408493041992,
                    0.4413866698741913,
                    1.7792866230010986
                ],
                [
                    0.0,
                    0.4613012373447418,
                    0.8872435688972473,
                    3.5765931606292725
                ],
                [
                    0.0,
                    0.0,
                    0.0,
                    1.0
                ]
            ]
        },
        {
            "file_path": "/data/shapenet_blender/all_50_random/02958343/69492fdcd530eb3da6ce6972f601a2e9/r_27",
            "rotation": 0.12566370614359174,
            "transform_matrix": [
                [
                    -0.9691654443740845,
                    -0.18183812499046326,
                    -0.1662927120923996,
                    -0.6703473925590515
                ],
                [
                    -0.2464110255241394,
                    0.7151921987533569,
                    0.6540501117706299,
                    2.6365604400634766
                ],
                [
                    7.450581485102248e-09,
                    0.6748590469360352,
                    -0.7379465699195862,
                    -2.974757671356201
                ],
                [
                    0.0,
                    0.0,
                    0.0,
                    1.0
                ]
            ]
        },
        {
            "file_path": "/data/shapenet_blender/all_50_random/02958343/69492fdcd530eb3da6ce6972f601a2e9/r_28",
            "rotation": 0.12566370614359174,
            "transform_matrix": [
                [
                    0.7426196336746216,
                    -0.4643493592739105,
                    0.48259273171424866,
                    1.945393443107605
                ],
                [
                    0.6697134375572205,
                    0.5148992538452148,
                    -0.535128653049469,
                    -2.157172679901123
                ],
                [
                    1.4901160305669237e-08,
                    0.7205958962440491,
                    0.6933552622795105,
                    2.795004367828369
                ],
                [
                    0.0,
                    0.0,
                    0.0,
                    1.0
                ]
            ]
        },
        {
            "file_path": "/data/shapenet_blender/all_50_random/02958343/69492fdcd530eb3da6ce6972f601a2e9/r_29",
            "rotation": 0.12566370614359174,
            "transform_matrix": [
                [
                    0.9924148321151733,
                    -0.10018540173768997,
                    -0.07124441862106323,
                    -0.28719547390937805
                ],
                [
                    -0.12293447554111481,
                    -0.808768093585968,
                    -0.5751358270645142,
                    -2.3184468746185303
                ],
                [
                    0.0,
                    0.5795318484306335,
                    -0.814949631690979,
                    -3.2851672172546387
                ],
                [
                    0.0,
                    0.0,
                    0.0,
                    1.0
                ]
            ]
        },
        {
            "file_path": "/data/shapenet_blender/all_50_random/02958343/69492fdcd530eb3da6ce6972f601a2e9/r_30",
            "rotation": 0.12566370614359174,
            "transform_matrix": [
                [
                    -0.335403710603714,
                    0.34791263937950134,
                    -0.87547767162323,
                    -3.529163360595703
                ],
                [
                    -0.9420744180679321,
                    -0.12386621534824371,
                    0.3116934895515442,
                    1.256476640701294
                ],
                [
                    0.0,
                    0.929308295249939,
                    0.3693048059940338,
                    1.4887152910232544
                ],
                [
                    0.0,
                    0.0,
                    0.0,
                    1.0
                ]
            ]
        },
        {
            "file_path": "/data/shapenet_blender/all_50_random/02958343/69492fdcd530eb3da6ce6972f601a2e9/r_31",
            "rotation": 0.12566370614359174,
            "transform_matrix": [
                [
                    0.10475805401802063,
                    0.5771064758300781,
                    0.8099221587181091,
                    3.2649004459381104
                ],
                [
                    0.9944977760314941,
                    -0.06079103797674179,
                    -0.0853152871131897,
                    -0.3439169228076935
                ],
                [
                    0.0,
                    0.8144030570983887,
                    -0.580299437046051,
                    -2.339261770248413
                ],
                [
                    0.0,
                    0.0,
                    0.0,
                    1.0
                ]
            ]
        },
        {
            "file_path": "/data/shapenet_blender/all_50_random/02958343/69492fdcd530eb3da6ce6972f601a2e9/r_32",
            "rotation": 0.12566370614359174,
            "transform_matrix": [
                [
                    0.2864225208759308,
                    0.7033430337905884,
                    0.650592565536499,
                    2.622622489929199
                ],
                [
                    0.9581034779548645,
                    -0.21026255190372467,
                    -0.19449292123317719,
                    -0.784026026725769
                ],
                [
                    1.4901162970204496e-08,
                    0.6790421009063721,
                    -0.7340993285179138,
                    -2.9592490196228027
                ],
                [
                    0.0,
                    0.0,
                    0.0,
                    1.0
                ]
            ]
        },
        {
            "file_path": "/data/shapenet_blender/all_50_random/02958343/69492fdcd530eb3da6ce6972f601a2e9/r_33",
            "rotation": 0.12566370614359174,
            "transform_matrix": [
                [
                    -0.16156704723834991,
                    0.5147194266319275,
                    -0.8419976234436035,
                    -3.3942010402679443
                ],
                [
                    -0.9868618249893188,
                    -0.08426884561777115,
                    0.13785018026828766,
                    0.5556918382644653
                ],
                [
                    0.0,
                    0.8532072901725769,
                    0.521571934223175,
                    2.1025238037109375
                ],
                [
                    0.0,
                    0.0,
                    0.0,
                    1.0
                ]
            ]
        },
        {
            "file_path": "/data/shapenet_blender/all_50_random/02958343/69492fdcd530eb3da6ce6972f601a2e9/r_34",
            "rotation": 0.12566370614359174,
            "transform_matrix": [
                [
                    -0.9424337148666382,
                    0.07614243775606155,
                    0.3256087601184845,
                    1.3125708103179932
                ],
                [
                    0.33439311385154724,
                    0.21459534764289856,
                    0.9176764488220215,
                    3.6992719173431396
                ],
                [
                    -7.450580596923828e-09,
                    0.9737304449081421,
                    -0.22770340740680695,
                    -0.9179017543792725
                ],
                [
                    0.0,
                    0.0,
                    0.0,
                    1.0
                ]
            ]
        },
        {
            "file_path": "/data/shapenet_blender/all_50_random/02958343/69492fdcd530eb3da6ce6972f601a2e9/r_35",
            "rotation": 0.12566370614359174,
            "transform_matrix": [
                [
                    -0.709288477897644,
                    0.10517901927232742,
                    -0.697027325630188,
                    -2.809807300567627
                ],
                [
                    -0.7049183249473572,
                    -0.1058310866355896,
                    0.701348602771759,
                    2.8272268772125244
                ],
                [
                    0.0,
                    0.9888059496879578,
                    0.14920736849308014,
                    0.6014742255210876
                ],
                [
                    0.0,
                    0.0,
                    0.0,
                    1.0
                ]
            ]
        },
        {
            "file_path": "/data/shapenet_blender/all_50_random/02958343/69492fdcd530eb3da6ce6972f601a2e9/r_36",
            "rotation": 0.12566370614359174,
            "transform_matrix": [
                [
                    -0.2724495530128479,
                    -0.012247895821928978,
                    0.9620921015739441,
                    3.878317356109619
                ],
                [
                    0.9621700644493103,
                    -0.0034681332763284445,
                    0.272427499294281,
                    1.098190426826477
                ],
                [
                    0.0,
                    0.9999189376831055,
                    0.012729451060295105,
                    0.051314059644937515
                ],
                [
                    0.0,
                    0.0,
                    0.0,
                    1.0
                ]
            ]
        },
        {
            "file_path": "/data/shapenet_blender/all_50_random/02958343/69492fdcd530eb3da6ce6972f601a2e9/r_37",
            "rotation": 0.12566370614359174,
            "transform_matrix": [
                [
                    0.6649552583694458,
                    -0.11609159409999847,
                    0.7378056645393372,
                    2.9741897583007812
                ],
                [
                    0.7468830943107605,
                    0.10335715860128403,
                    -0.6568735837936401,
                    -2.647942066192627
                ],
                [
                    0.0,
                    0.9878460764884949,
                    0.1554347574710846,
                    0.6265775561332703
                ],
                [
                    0.0,
                    0.0,
                    0.0,
                    1.0
                ]
            ]
        },
        {
            "file_path": "/data/shapenet_blender/all_50_random/02958343/69492fdcd530eb3da6ce6972f601a2e9/r_38",
            "rotation": 0.12566370614359174,
            "transform_matrix": [
                [
                    -0.588208794593811,
                    0.2602488100528717,
                    -0.7656898498535156,
                    -3.086594581604004
                ],
                [
                    -0.8087091445922852,
                    -0.1892901062965393,
                    0.5569190382957458,
                    2.2450125217437744
                ],
                [
                    0.0,
                    0.9468050003051758,
                    0.32180771231651306,
                    1.297248363494873
                ],
                [
                    0.0,
                    0.0,
                    0.0,
                    1.0
                ]
            ]
        },
        {
            "file_path": "/data/shapenet_blender/all_50_random/02958343/69492fdcd530eb3da6ce6972f601a2e9/r_39",
            "rotation": 0.12566370614359174,
            "transform_matrix": [
                [
                    -0.9408608078956604,
                    0.09285397827625275,
                    0.3258204758167267,
                    1.3134243488311768
                ],
                [
                    0.33879318833351135,
                    0.2578642964363098,
                    0.9048343300819397,
                    3.647503614425659
                ],
                [
                    -7.450580152834618e-09,
                    0.9617088437080383,
                    -0.2740727663040161,
                    -1.1048226356506348
                ],
                [
                    0.0,
                    0.0,
                    0.0,
                    1.0
                ]
            ]
        },
        {
            "file_path": "/data/shapenet_blender/all_50_random/02958343/69492fdcd530eb3da6ce6972f601a2e9/r_40",
            "rotation": 0.12566370614359174,
            "transform_matrix": [
                [
                    -0.9816820621490479,
                    -0.0020068560261279345,
                    0.19051618874073029,
                    0.767995297908783
                ],
                [
                    0.19052676856517792,
                    -0.01034025102853775,
                    0.9816275835037231,
                    3.9570670127868652
                ],
                [
                    0.0,
                    0.9999445676803589,
                    0.010533198714256287,
                    0.04246068000793457
                ],
                [
                    0.0,
                    0.0,
                    0.0,
                    1.0
                ]
            ]
        },
        {
            "file_path": "/data/shapenet_blender/all_50_random/02958343/69492fdcd530eb3da6ce6972f601a2e9/r_41",
            "rotation": 0.12566370614359174,
            "transform_matrix": [
                [
                    -0.7106739282608032,
                    -0.3170942962169647,
                    -0.6280078291893005,
                    -2.5315804481506348
                ],
                [
                    -0.7035216093063354,
                    0.32031798362731934,
                    0.6343924403190613,
                    2.5573177337646484
                ],
                [
                    -1.4901162970204496e-08,
                    0.8926631808280945,
                    -0.4507243037223816,
