{
    "class": "02958343",
    "model": "b4f06573afbb3c1d9a997e8df355a668",
    "remove_doubles": true,
    "edge_split": true,
    "denoise": true,
    "camera_angle_x": 0.6911112070083618,
    "scale_factor": 2.5179657703942544,
    "hdri_file": "/data/IndoorHDRDataset2018/9C4A4853-79e7abd2b0.exr",
    "center_offset": [
        0.0,
        -4.656612873077393e-10,
        0.0
    ],
    "lights": [],
    "frames": [
        {
            "file_path": "/data/shapenet_blender/all_50_random/02958343/b4f06573afbb3c1d9a997e8df355a668/r_0",
            "rotation": 0.12566370614359174,
            "transform_matrix": [
                [
                    0.0624447725713253,
                    0.3900056779384613,
                    -0.9186926484107971,
                    -3.7033684253692627
                ],
                [
                    -0.9980484247207642,
                    0.024401437491178513,
                    -0.05747973173856735,
                    -0.23170821368694305
                ],
                [
                    -1.862645149230957e-09,
                    0.9204890131950378,
                    0.3907683193683624,
                    1.575237512588501
                ],
                [
                    0.0,
                    0.0,
                    0.0,
                    1.0
                ]
            ]
        },
        {
            "file_path": "/data/shapenet_blender/all_50_random/02958343/b4f06573afbb3c1d9a997e8df355a668/r_1",
            "rotation": 0.12566370614359174,
            "transform_matrix": [
                [
                    0.8148676753044128,
                    -0.33335137367248535,
                    -0.47420191764831543,
                    -1.9115691184997559
                ],
                [
                    -0.57964688539505,
                    -0.46862533688545227,
                    -0.6666330695152283,
                    -2.687283754348755
                ],
                [
                    1.4901160305669237e-08,
                    0.8180875182151794,
                    -0.5750937461853027,
                    -2.31827712059021
                ],
                [
                    0.0,
                    0.0,
                    0.0,
                    1.0
                ]
            ]
        },
        {
            "file_path": "/data/shapenet_blender/all_50_random/02958343/b4f06573afbb3c1d9a997e8df355a668/r_2",
            "rotation": 0.12566370614359174,
            "transform_matrix": [
                [
                    0.7413960099220276,
                    0.021520301699638367,
                    -0.6707226634025574,
                    -2.7037694454193115
                ],
                [
                    -0.6710678339004517,
                    0.023775635287165642,
                    -0.7410145998001099,
                    -2.9871253967285156
                ],
                [
                    0.0,
                    0.9994856119155884,
                    0.03206874430179596,
                    0.12927323579788208
                ],
                [
                    0.0,
                    0.0,
                    0.0,
                    1.0
                ]
            ]
        },
        {
            "file_path": "/data/shapenet_blender/all_50_random/02958343/b4f06573afbb3c1d9a997e8df355a668/r_3",
            "rotation": 0.12566370614359174,
            "transform_matrix": [
                [
                    0.1412734091281891,
                    -0.26061171293258667,
                    -0.9550514221191406,
                    -3.849935531616211
                ],
                [
                    -0.9899705648422241,
                    -0.037190504372119904,
                    -0.1362902820110321,
                    -0.549403727054596
                ],
                [
                    0.0,
                    0.9647270441055298,
                    -0.2632519602775574,
                    -1.0612026453018188
                ],
                [
                    0.0,
                    0.0,
                    0.0,
                    1.0
                ]
            ]
        },
        {
            "file_path": "/data/shapenet_blender/all_50_random/02958343/b4f06573afbb3c1d9a997e8df355a668/r_4",
            "rotation": 0.12566370614359174,
            "transform_matrix": [
                [
                    0.16898435354232788,
                    0.754061222076416,
                    -0.6346936225891113,
                    -2.5585319995880127
                ],
                [
                    -0.9856187105178833,
                    0.1292838156223297,
                    -0.10881824046373367,
                    -0.4386603832244873
                ],
                [
                    0.0,
                    0.6439545750617981,
                    0.7650637030601501,
                    3.0840706825256348
                ],
                [
                    0.0,
                    0.0,
                    0.0,
                    1.0
                ]
            ]
        },
        {
            "file_path": "/data/shapenet_blender/all_50_random/02958343/b4f06573afbb3c1d9a997e8df355a668/r_5",
            "rotation": 0.12566370614359174,
            "transform_matrix": [
                [
                    -0.3622717559337616,
                    0.7403521537780762,
                    0.566248893737793,
                    2.2826225757598877
                ],
                [
                    0.9320725202560425,
                    0.2877551317214966,
                    0.22008587419986725,
                    0.8871945738792419
                ],
                [
                    1.4901160305669237e-08,
                    0.6075159311294556,
                    -0.7943074107170105,
                    -3.201955795288086
                ],
                [
                    0.0,
                    0.0,
                    0.0,
                    1.0
                ]
            ]
        },
        {
            "file_path": "/data/shapenet_blender/all_50_random/02958343/b4f06573afbb3c1d9a997e8df355a668/r_6",
            "rotation": 0.12566370614359174,
            "transform_matrix": [
                [
                    -0.33220747113227844,
                    -0.17588305473327637,
                    -0.9266624450683594,
                    -3.7354958057403564
                ],
                [
                    -0.9432064294815063,
                    0.06194791570305824,
                    0.32638052105903625,
                    1.3156819343566895
                ],
                [
                    0.0,
                    0.9824599027633667,
                    -0.18647359311580658,
                    -0.7516990900039673
                ],
                [
                    0.0,
                    0.0,
                    0.0,
                    1.0
                ]
            ]
        },
        {
            "file_path": "/data/shapenet_blender/all_50_random/02958343/b4f06573afbb3c1d9a997e8df355a668/r_7",
            "rotation": 0.12566370614359174,
            "transform_matrix": [
                [
                    -0.48218122124671936,
                    -0.21687543392181396,
                    0.848802924156189,
                    3.421633720397949
                ],
                [
                    0.8760715126991272,
                    -0.1193661168217659,
                    0.4671728312969208,
                    1.883233666419983
                ],
                [
                    0.0,
                    0.968873918056488,
                    0.24755451083183289,
                    0.9979240298271179
                ],
                [
                    0.0,
                    0.0,
                    0.0,
                    1.0
                ]
            ]
        },
        {
            "file_path": "/data/shapenet_blender/all_50_random/02958343/b4f06573afbb3c1d9a997e8df355a668/r_8",
            "rotation": 0.12566370614359174,
            "transform_matrix": [
                [
                    -0.4045957624912262,
                    -0.011809463612735271,
                    0.914419412612915,
                    3.6861424446105957
                ],
                [
                    0.9144956469535828,
                    -0.005224802531301975,
                    0.4045620560646057,
                    1.630841851234436
                ],
                [
                    0.0,
                    0.999916672706604,
                    0.012913636863231659,
                    0.052056536078453064
                ],
                [
                    0.0,
                    0.0,
                    0.0,
                    1.0
                ]
            ]
        },
        {
            "file_path": "/data/shapenet_blender/all_50_random/02958343/b4f06573afbb3c1d9a997e8df355a668/r_9",
            "rotation": 0.12566370614359174,
            "transform_matrix": [
                [
                    -0.9017767310142517,
                    0.20946787297725677,
                    -0.3780498802661896,
                    -1.523967981338501
                ],
                [
                    -0.43220192193984985,
                    -0.43704864382743835,
                    0.7887901067733765,
                    3.1797149181365967
                ],
                [
                    0.0,
                    0.8747066855430603,
                    0.48465272784233093,
                    1.9536978006362915
                ],
                [
                    0.0,
                    0.0,
                    0.0,
                    1.0
                ]
            ]
        },
        {
            "file_path": "/data/shapenet_blender/all_50_random/02958343/b4f06573afbb3c1d9a997e8df355a668/r_10",
            "rotation": 0.12566370614359174,
            "transform_matrix": [
                [
                    0.024631187319755554,
                    0.21432343125343323,
                    0.976452112197876,
                    3.936204433441162
                ],
                [
                    0.999696671962738,
                    -0.0052806418389081955,
                    -0.024058472365140915,
                    -0.09698280692100525
                ],
                [
                    -4.656613428188905e-10,
                    0.9767484664916992,
                    -0.21438845992088318,
                    -0.8642275333404541
                ],
                [
                    0.0,
                    0.0,
                    0.0,
                    1.0
                ]
            ]
        },
        {
            "file_path": "/data/shapenet_blender/all_50_random/02958343/b4f06573afbb3c1d9a997e8df355a668/r_11",
            "rotation": 0.12566370614359174,
            "transform_matrix": [
                [
                    0.4281110167503357,
                    0.3884549140930176,
                    -0.8159801959991455,
                    -3.2893214225769043
                ],
                [
                    -0.9037261605262756,
                    0.18401795625686646,
                    -0.38654422760009766,
                    -1.5582096576690674
                ],
                [
                    0.0,
                    0.9029065370559692,
                    0.4298369586467743,
                    1.7327282428741455
                ],
                [
                    0.0,
                    0.0,
                    0.0,
                    1.0
                ]
            ]
        },
        {
            "file_path": "/data/shapenet_blender/all_50_random/02958343/b4f06573afbb3c1d9a997e8df355a668/r_12",
            "rotation": 0.12566370614359174,
            "transform_matrix": [
                [
                    0.7504528164863586,
                    -0.36446768045425415,
                    0.5513473153114319,
                    2.2225522994995117
                ],
                [
                    0.6609240770339966,
                    0.4138384461402893,
                    -0.6260327696800232,
                    -2.5236189365386963
                ],
                [
                    -1.4901161193847656e-08,
                    0.8342068195343018,
                    0.5514516234397888,
                    2.222972869873047
                ],
                [
                    0.0,
                    0.0,
                    0.0,
                    1.0
                ]
            ]
        },
        {
            "file_path": "/data/shapenet_blender/all_50_random/02958343/b4f06573afbb3c1d9a997e8df355a668/r_13",
            "rotation": 0.12566370614359174,
            "transform_matrix": [
                [
                    -0.9404317736625671,
                    -0.030568204820156097,
                    0.3386056423187256,
                    1.3649630546569824
                ],
                [
                    0.33998265862464905,
                    -0.08455522358417511,
                    0.9366227984428406,
                    3.7756471633911133
                ],
                [
                    0.0,
                    0.9959497451782227,
                    0.089911088347435,
                    0.3624431788921356
                ],
                [
                    0.0,
                    0.0,
                    0.0,
                    1.0
                ]
            ]
        },
        {
            "file_path": "/data/shapenet_blender/all_50_random/02958343/b4f06573afbb3c1d9a997e8df355a668/r_14",
            "rotation": 0.12566370614359174,
            "transform_matrix": [
                [
                    -0.8839550018310547,
                    0.36593809723854065,
                    0.291054904460907,
                    1.1732800006866455
                ],
                [
                    0.4675722122192383,
                    0.6918136477470398,
                    0.5502454042434692,
                    2.2181103229522705
                ],
                [
                    0.0,
                    0.6224813461303711,
                    -0.7826345562934875,
                    -3.1549010276794434
                ],
                [
                    0.0,
                    0.0,
                    0.0,
                    1.0
                ]
            ]
        },
        {
            "file_path": "/data/shapenet_blender/all_50_random/02958343/b4f06573afbb3c1d9a997e8df355a668/r_15",
            "rotation": 0.12566370614359174,
            "transform_matrix": [
                [
                    0.8199465870857239,
                    0.053610194474458694,
                    -0.5699242353439331,
                    -2.297438144683838
                ],
                [
                    -0.5724400877952576,
                    0.07678968459367752,
                    -0.8163428902626038,
                    -3.290783405303955
                ],
                [
                    0.0,
                    0.9956049919128418,
                    0.09365205466747284,
                    0.3775235116481781
                ],
                [
                    0.0,
                    0.0,
                    0.0,
                    1.0
                ]
            ]
        },
        {
            "file_path": "/data/shapenet_blender/all_50_random/02958343/b4f06573afbb3c1d9a997e8df355a668/r_16",
            "rotation": 0.12566370614359174,
            "transform_matrix": [
                [
                    -0.3502935469150543,
                    -0.48287516832351685,
                    -0.8025745749473572,
                    -3.2352817058563232
                ],
                [
                    -0.9366399645805359,
                    0.18059027194976807,
                    0.30015450716018677,
                    1.2099615335464478
                ],
                [
                    0.0,
                    0.8568655848503113,
                    -0.515539824962616,
                    -2.078207492828369
                ],
                [
                    0.0,
                    0.0,
                    0.0,
                    1.0
                ]
            ]
        },
        {
            "file_path": "/data/shapenet_blender/all_50_random/02958343/b4f06573afbb3c1d9a997e8df355a668/r_17",
            "rotation": 0.12566370614359174,
            "transform_matrix": [
                [
                    -0.4516821801662445,
                    -0.4539843797683716,
                    0.7680373191833496,
                    3.096057653427124
                ],
                [
                    0.8921788930892944,
                    -0.2298380583524704,
                    0.388833224773407,
                    1.567436933517456
                ],
                [
                    0.0,
                    0.8608556985855103,
                    0.5088489651679993,
                    2.0512359142303467
                ],
                [
                    0.0,
                    0.0,
                    0.0,
                    1.0
                ]
            ]
        },
        {
            "file_path": "/data/shapenet_blender/all_50_random/02958343/b4f06573afbb3c1d9a997e8df355a668/r_18",
            "rotation": 0.12566370614359174,
            "transform_matrix": [
                [
                    -0.39724501967430115,
                    -0.7864322662353516,
                    0.47299113869667053,
                    1.9066882133483887
                ],
                [
                    0.9177126884460449,
                    -0.34041842818260193,
                    0.2047409564256668,
                    0.8253371715545654
                ],
                [
                    0.0,
                    0.5154022574424744,
                    0.8569483757019043,
                    3.4544694423675537
                ],
                [
                    0.0,
                    0.0,
                    0.0,
                    1.0
                ]
            ]
        },
        {
            "file_path": "/data/shapenet_blender/all_50_random/02958343/b4f06573afbb3c1d9a997e8df355a668/r_19",
            "rotation": 0.12566370614359174,
            "transform_matrix": [
                [
                    -0.7440155744552612,
                    0.6303735971450806,
                    -0.2215171903371811,
                    -0.8929643630981445
                ],
                [
                    -0.6681622862815857,
                    -0.7019369006156921,
                    0.24666497111320496,
                    0.9943382740020752
                ],
                [
                    0.0,
                    0.33153194189071655,
                    0.9434439539909363,
                    3.8031442165374756
                ],
                [
                    0.0,
                    0.0,
                    0.0,
                    1.0
                ]
            ]
        },
        {
            "file_path": "/data/shapenet_blender/all_50_random/02958343/b4f06573afbb3c1d9a997e8df355a668/r_20",
            "rotation": 0.12566370614359174,
            "transform_matrix": [
                [
                    -0.295547753572464,
                    0.044232212007045746,
                    -0.9543033838272095,
                    -3.8469200134277344
                ],
                [
                    -0.9553279876708984,
                    -0.013684024102985859,
                    0.29523077607154846,
                    1.1901133060455322
                ],
                [
                    0.0,
                    0.9989274740219116,
                    0.046300552785396576,
                    0.18664349615573883
                ],
                [
                    0.0,
                    0.0,
                    0.0,
                    1.0
                ]
            ]
        },
        {
            "file_path": "/data/shapenet_blender/all_50_random/02958343/b4f06573afbb3c1d9a997e8df355a668/r_21",
            "rotation": 0.12566370614359174,
            "transform_matrix": [
                [
                    -0.98390132188797,
                    0.04108324646949768,
                    -0.17392630875110626,
                    -0.7011193037033081
                ],
                [
                    -0.17871259152889252,
                    -0.22618362307548523,
                    0.9575504660606384,
                    3.860008955001831
                ],
                [
                    0.0,
                    0.9732179045677185,
                    0.22988449037075043,
                    0.9266939163208008
                ],
                [
                    0.0,
                    0.0,
                    0.0,
                    1.0
                ]
            ]
        },
        {
            "file_path": "/data/shapenet_blender/all_50_random/02958343/b4f06573afbb3c1d9a997e8df355a668/r_22",
            "rotation": 0.12566370614359174,
            "transform_matrix": [
                [
                    0.8581511378288269,
                    -0.36907219886779785,
                    0.35687878727912903,
                    1.438624382019043
                ],
                [
                    0.5133972764015198,
                    0.6169095635414124,
                    -0.5965281128883362,
                    -2.40468168258667
                ],
                [
                    0.0,
                    0.6951317191123962,
                    0.7188822627067566,
                    2.897907018661499
                ],
                [
                    0.0,
                    0.0,
                    0.0,
                    1.0
                ]
            ]
        },
        {
            "file_path": "/data/shapenet_blender/all_50_random/02958343/b4f06573afbb3c1d9a997e8df355a668/r_23",
            "rotation": 0.12566370614359174,
            "transform_matrix": [
                [
                    0.7371925115585327,
                    0.6149705052375793,
                    0.27992573380470276,
                    1.128416895866394
                ],
                [
                    0.6756827235221863,
                    -0.6709534525871277,
                    -0.3054083585739136,
                    -1.2311406135559082
                ],
                [
                    0.0,
                    0.41428589820861816,
                    -0.9101467132568359,
                    -3.668919086456299
                ],
                [
                    0.0,
                    0.0,
                    0.0,
                    1.0
                ]
            ]
        },
        {
            "file_path": "/data/shapenet_blender/all_50_random/02958343/b4f06573afbb3c1d9a997e8df355a668/r_24",
            "rotation": 0.12566370614359174,
            "transform_matrix": [
                [
                    -0.373905211687088,
                    0.8387604355812073,
                    0.3958228826522827,
                    1.5956132411956787
                ],
                [
                    0.9274669885635376,
                    0.3381434679031372,
                    0.1595746874809265,
                    0.6432662010192871
                ],
                [
                    1.4901161193847656e-08,
                    0.4267784655094147,
                    -0.9043561220169067,
                    -3.6455764770507812
                ],
                [
                    0.0,
                    0.0,
                    0.0,
                    1.0
                ]
            ]
        },
        {
            "file_path": "/data/shapenet_blender/all_50_random/02958343/b4f06573afbb3c1d9a997e8df355a668/r_25",
            "rotation": 0.12566370614359174,
            "transform_matrix": [
                [
                    0.8145322799682617,
                    0.512036144733429,
                    0.27268341183662415,
                    1.09922194480896
                ],
                [
                    0.5801182985305786,
                    -0.718939483165741,
                    -0.3828691840171814,
                    -1.5433950424194336
                ],
                [
                    0.0,
                    0.4700479209423065,
                    -0.8826408982276917,
                    -3.5580391883850098
                ],
                [
                    0.0,
                    0.0,
                    0.0,
                    1.0
                ]
            ]
        },
        {
            "file_path": "/data/shapenet_blender/all_50_random/02958343/b4f06573afbb3c1d9a997e8df355a668/r_26",
            "rotation": 0.12566370614359174,
            "transform_matrix": [
                [
                    0.9999544620513916,
                    -0.00345571874640882,
                    -0.00889773853123188,
                    -0.035867929458618164
                ],
                [
                    -0.009545247070491314,
                    -0.36201906204223633,
                    -0.9321218132972717,
                    -3.7575032711029053
                ],
                [
                    -2.3283064365386963e-10,
                    0.932164192199707,
                    -0.3620355725288391,
                    -1.4594120979309082
                ],
                [
                    0.0,
                    0.0,
                    0.0,
                    1.0
                ]
            ]
        },
        {
            "file_path": "/data/shapenet_blender/all_50_random/02958343/b4f06573afbb3c1d9a997e8df355a668/r_27",
            "rotation": 0.12566370614359174,
            "transform_matrix": [
                [
                    0.17872877418994904,
                    -0.6091079115867615,
                    -0.7726858258247375,
                    -3.1147964000701904
                ],
                [
                    -0.983898401260376,
                    -0.11064670234918594,
                    -0.1403612196445465,
                    -0.5658142566680908
                ],
                [
                    -7.450581485102248e-09,
                    0.7853308916091919,
                    -0.6190760135650635,
                    -2.495575428009033
                ],
                [
                    0.0,
                    0.0,
                    0.0,
                    1.0
                ]
            ]
        },
        {
            "file_path": "/data/shapenet_blender/all_50_random/02958343/b4f06573afbb3c1d9a997e8df355a668/r_28",
            "rotation": 0.12566370614359174,
            "transform_matrix": [
                [
                    0.6562725305557251,
                    -0.720306396484375,
                    0.22464434802532196,
                    0.9055702686309814
                ],
                [
                    0.7545239329338074,
                    0.6265106201171875,
                    -0.1953919380903244,
                    -0.7876500487327576
                ],
                [
                    -1.4901159417490817e-08,
                    0.29772982001304626,
                    0.9546501636505127,
                    3.8483176231384277
                ],
                [
                    0.0,
                    0.0,
                    0.0,
                    1.0
                ]
            ]
        },
        {
            "file_path": "/data/shapenet_blender/all_50_random/02958343/b4f06573afbb3c1d9a997e8df355a668/r_29",
            "rotation": 0.12566370614359174,
            "transform_matrix": [
                [
                    -0.46118202805519104,
                    -0.4332885146141052,
                    0.7743204236030579,
                    3.1213855743408203
                ],
                [
                    0.8873056173324585,
                    -0.22520412504673004,
                    0.4024573564529419,
                    1.6223574876785278
                ],
                [
                    0.0,
                    0.8726648688316345,
                    0.488319456577301,
                    1.9684786796569824
                ],
                [
                    0.0,
                    0.0,
                    0.0,
                    1.0
                ]
            ]
        },
        {
            "file_path": "/data/shapenet_blender/all_50_random/02958343/b4f06573afbb3c1d9a997e8df355a668/r_30",
            "rotation": 0.12566370614359174,
            "transform_matrix": [
                [
                    -0.09914412349462509,
                    0.15269403159618378,
                    -0.9832878112792969,
                    -3.9637601375579834
                ],
                [
                    -0.9950730800628662,
                    -0.015213672071695328,
                    0.0979698896408081,
                    0.39492928981781006
                ],
                [
                    0.0,
                    0.9881563186645508,
                    0.15345005691051483,
                    0.6185770034790039
                ],
                [
                    0.0,
                    0.0,
                    0.0,
                    1.0
                ]
            ]
        },
        {
            "file_path": "/data/shapenet_blender/all_50_random/02958343/b4f06573afbb3c1d9a997e8df355a668/r_31",
            "rotation": 0.12566370614359174,
            "transform_matrix": [
                [
                    0.9860291481018066,
                    0.021462250500917435,
                    0.16518492996692657,
                    0.6658818125724792
                ],
                [
                    0.1665734052658081,
                    -0.12704549729824066,
                    -0.9778100848197937,
                    -3.941678762435913
                ],
                [
                    -1.862645371275562e-09,
                    0.991664707660675,
                    -0.12884557247161865,
                    -0.5193931460380554
                ],
                [
                    0.0,
                    0.0,
                    0.0,
                    1.0
                ]
            ]
        },
        {
            "file_path": "/data/shapenet_blender/all_50_random/02958343/b4f06573afbb3c1d9a997e8df355a668/r_32",
            "rotation": 0.12566370614359174,
            "transform_matrix": [
                [
                    -0.9977984428405762,
                    -0.04436855763196945,
                    0.04929349198937416,
                    0.1987084150314331
                ],
                [
                    0.06632056832313538,
                    -0.6675285696983337,
                    0.741624653339386,
                    2.9895846843719482
                ],
                [
                    0.0,
                    0.7432610392570496,
                    0.6690014600753784,
                    2.696831226348877
                ],
                [
                    0.0,
                    0.0,
                    0.0,
                    1.0
                ]
            ]
        },
        {
            "file_path": "/data/shapenet_blender/all_50_random/02958343/b4f06573afbb3c1d9a997e8df355a668/r_33",
            "rotation": 0.12566370614359174,
            "transform_matrix": [
                [
                    0.8741292357444763,
                    0.08421637117862701,
                    -0.478336364030838,
                    -1.9282355308532715
                ],
                [
                    -0.48569342494010925,
                    0.15156885981559753,
                    -0.8608883619308472,
                    -3.4703519344329834
                ],
                [
                    7.450580596923828e-09,
                    0.9848525524139404,
                    0.1733940839767456,
                    0.6989738941192627
                ],
                [
                    0.0,
                    0.0,
                    0.0,
                    1.0
                ]
            ]
        },
        {
            "file_path": "/data/shapenet_blender/all_50_random/02958343/b4f06573afbb3c1d9a997e8df355a668/r_34",
            "rotation": 0.12566370614359174,
            "transform_matrix": [
                [
                    0.701307475566864,
                    -0.13902857899665833,
                    0.6991701722145081,
                    2.8184447288513184
                ],
                [
                    0.7128588557243347,
                    0.13677570223808289,
                    -0.6878405809402466,
                    -2.7727737426757812
                ],
                [
                    7.450580152834618e-09,
                    0.980797290802002,
                    0.1950296312570572,
                    0.7861894965171814
                ],
                [
                    0.0,
                    0.0,
                    0.0,
                    1.0
                ]
            ]
        },
        {
            "file_path": "/data/shapenet_blender/all_50_random/02958343/b4f06573afbb3c1d9a997e8df355a668/r_35",
            "rotation": 0.12566370614359174,
            "transform_matrix": [
                [
                    0.8568846583366394,
                    0.36128005385398865,
                    0.3677302300930023,
                    1.482367992401123
                ],
                [
                    0.5155082941055298,
                    -0.6005244255065918,
                    -0.6112459897994995,
                    -2.4640114307403564
                ],
                [
                    0.0,
                    0.7133351564407349,
                    -0.7008230090141296,
                    -2.8251078128814697
                ],
                [
                    0.0,
                    0.0,
                    0.0,
                    1.0
                ]
            ]
        },
        {
            "file_path": "/data/shapenet_blender/all_50_random/02958343/b4f06573afbb3c1d9a997e8df355a668/r_36",
            "rotation": 0.12566370614359174,
            "transform_matrix": [
                [
                    0.9129748344421387,
                    0.18644046783447266,
                    -0.36292827129364014,
                    -1.4630107879638672
                ],
                [
                    -0.4080159664154053,
                    0.4171784520149231,
                    -0.812086820602417,
                    -3.2736268043518066
                ],
                [
                    0.0,
                    0.889495313167572,
                    0.4569441080093384,
                    1.8420007228851318
                ],
                [
                    0.0,
                    0.0,
                    0.0,
                    1.0
                ]
            ]
        },
        {
            "file_path": "/data/shapenet_blender/all_50_random/02958343/b4f06573afbb3c1d9a997e8df355a668/r_37",
            "rotation": 0.12566370614359174,
            "transform_matrix": [
                [
                    0.8118637204170227,
                    -0.19631007313728333,
                    -0.5498540997505188,
                    -2.2165327072143555
                ],
                [
                    -0.5838468074798584,
                    -0.27297747135162354,
                    -0.7645953893661499,
                    -3.0821826457977295
                ],
                [
                    -1.4901160305669237e-08,
                    0.9417778849601746,
                    -0.33623555302619934,
                    -1.3554089069366455
                ],
                [
                    0.0,
                    0.0,
                    0.0,
                    1.0
                ]
            ]
        },
        {
            "file_path": "/data/shapenet_blender/all_50_random/02958343/b4f06573afbb3c1d9a997e8df355a668/r_38",
            "rotation": 0.12566370614359174,
            "transform_matrix": [
                [
                    -0.5049833059310913,
                    0.8007338643074036,
                    0.32220685482025146,
                    1.2988574504852295
                ],
                [
                    0.863129198551178,
                    0.4684782028198242,
                    0.1885106861591339,
                    0.7599109411239624
                ],
                [
                    0.0,
                    0.3733009397983551,
                    -0.927710235118866,
                    -3.739719867706299
                ],
                [
                    0.0,
                    0.0,
                    0.0,
                    1.0
                ]
            ]
        },
        {
            "file_path": "/data/shapenet_blender/all_50_random/02958343/b4f06573afbb3c1d9a997e8df355a668/r_39",
            "rotation": 0.12566370614359174,
            "transform_matrix": [
                [
                    -0.09102239459753036,
                    -0.5593429207801819,
                    0.8239237070083618,
                    3.321342945098877
                ],
                [
                    0.9958488941192627,
                    -0.05112496018409729,
                    0.07530812174081802,
                    0.3035767674446106
                ],
                [
                    0.0,
                    0.8273581862449646,
                    0.5616744756698608,
                    2.2641825675964355
                ],
                [
                    0.0,
                    0.0,
                    0.0,
                    1.0
                ]
            ]
        },
        {
            "file_path": "/data/shapenet_blender/all_50_random/02958343/b4f06573afbb3c1d9a997e8df355a668/r_40",
            "rotation": 0.12566370614359174,
            "transform_matrix": [
                [
                    0.965331494808197,
                    -0.2526127099990845,
                    0.06574162095785141,
                    0.2650129795074463
                ],
                [
                    0.26102715730667114,
                    0.9342132806777954,
                    -0.24312590062618256,
                    -0.9800719022750854
                ],
                [
                    -3.725290298461914e-09,
                    0.25185760855674744,
                    0.9677643179893494,
                    3.9011828899383545
                ],
                [
                    0.0,
                    0.0,
                    0.0,
                    1.0
                ]
            ]
        },
        {
            "file_path": "/data/shapenet_blender/all_50_random/02958343/b4f06573afbb3c1d9a997e8df355a668/r_41",
            "rotation": 0.12566370614359174,
            "transform_matrix": [
                [
                    -0.06817803531885147,
                    -0.7910850048065186,
                    0.6078948378562927,
                    2.450502634048462
                ],
                [
                    0.9976731538772583,
                    -0.05406041070818901,
                    0.04154173657298088,
                    0.1674601137638092
                ],
                [
                    0.0,
                    0.6093125343322754,
                    0.792930006980896,
                    3.1964032649993896
