{
    "class": "02958343",
    "model": "3b95f46c0133167b80e98029b8cda1b",
    "remove_doubles": true,
    "edge_split": true,
    "denoise": true,
    "camera_angle_x": 0.6911112070083618,
    "scale_factor": 2.2158872726605137,
    "hdri_file": "/data/IndoorHDRDataset2018/9C4A4700-56b00c8adf.exr",
    "center_offset": [
        0.0,
        -1.862645149230957e-09,
        0.0
    ],
    "lights": [],
    "frames": [
        {
            "file_path": "/data/shapenet_blender/all_50_random/02958343/3b95f46c0133167b80e98029b8cda1b/r_0",
            "rotation": 0.12566370614359174,
            "transform_matrix": [
                [
                    0.10897841304540634,
                    0.5129857659339905,
                    0.8514512777328491,
                    3.432310104370117
                ],
                [
                    0.9940441250801086,
                    -0.056239329278469086,
                    -0.0933457612991333,
                    -0.37628883123397827
                ],
                [
                    3.725290076417309e-09,
                    0.8565528392791748,
                    -0.5160592794418335,
                    -2.0803017616271973
                ],
                [
                    0.0,
                    0.0,
                    0.0,
                    1.0
                ]
            ]
        },
        {
            "file_path": "/data/shapenet_blender/all_50_random/02958343/3b95f46c0133167b80e98029b8cda1b/r_1",
            "rotation": 0.12566370614359174,
            "transform_matrix": [
                [
                    -0.9643308520317078,
                    -0.15154016017913818,
                    -0.21702872216701508,
                    -0.874870777130127
                ],
                [
                    -0.2646995782852173,
                    0.5520780682563782,
                    0.7906603813171387,
                    3.187253952026367
                ],
                [
                    -7.450580152834618e-09,
                    0.819905698299408,
                    -0.5724985599517822,
                    -2.3078155517578125
                ],
                [
                    0.0,
                    0.0,
                    0.0,
                    1.0
                ]
            ]
        },
        {
            "file_path": "/data/shapenet_blender/all_50_random/02958343/3b95f46c0133167b80e98029b8cda1b/r_2",
            "rotation": 0.12566370614359174,
            "transform_matrix": [
                [
                    0.9792027473449707,
                    -0.17692647874355316,
                    -0.09929291158914566,
                    -0.4002625346183777
                ],
                [
                    -0.20288434624671936,
                    -0.8539194464683533,
                    -0.4792281687259674,
                    -1.9318305253982544
                ],
                [
                    0.0,
                    0.4894064962863922,
                    -0.8720557689666748,
                    -3.515369176864624
                ],
                [
                    0.0,
                    0.0,
                    0.0,
                    1.0
                ]
            ]
        },
        {
            "file_path": "/data/shapenet_blender/all_50_random/02958343/3b95f46c0133167b80e98029b8cda1b/r_3",
            "rotation": 0.12566370614359174,
            "transform_matrix": [
                [
                    0.9935173988342285,
                    -0.1072276383638382,
                    -0.03775550797581673,
                    -0.15219733119010925
                ],
                [
                    -0.11368045210838318,
                    -0.937122642993927,
                    -0.32996663451194763,
                    -1.3301382064819336
                ],
                [
                    0.0,
                    0.3321196436882019,
                    -0.9432371854782104,
                    -3.8023109436035156
                ],
                [
                    0.0,
                    0.0,
                    0.0,
                    1.0
                ]
            ]
        },
        {
            "file_path": "/data/shapenet_blender/all_50_random/02958343/3b95f46c0133167b80e98029b8cda1b/r_4",
            "rotation": 0.12566370614359174,
            "transform_matrix": [
                [
                    -0.9725298285484314,
                    -0.05536501854658127,
                    0.226097971200943,
                    0.9114300012588501
                ],
                [
                    0.232777938246727,
                    -0.2313111424446106,
                    0.9446213841438293,
                    3.8078904151916504
                ],
                [
                    -3.7252896323280993e-09,
                    0.9713032245635986,
                    0.23784475028514862,
                    0.9587827920913696
                ],
                [
                    0.0,
                    0.0,
                    0.0,
                    1.0
                ]
            ]
        },
        {
            "file_path": "/data/shapenet_blender/all_50_random/02958343/3b95f46c0133167b80e98029b8cda1b/r_5",
            "rotation": 0.12566370614359174,
            "transform_matrix": [
                [
                    0.7153438329696655,
                    -0.11329477280378342,
                    -0.6895270943641663,
                    -2.7795722484588623
                ],
                [
                    -0.698772668838501,
                    -0.11598151177167892,
                    -0.7058789730072021,
                    -2.8454887866973877
                ],
                [
                    7.450580596923828e-09,
                    0.9867687225341797,
                    -0.16213394701480865,
                    -0.653582751750946
                ],
                [
                    0.0,
                    0.0,
                    0.0,
                    1.0
                ]
            ]
        },
        {
            "file_path": "/data/shapenet_blender/all_50_random/02958343/3b95f46c0133167b80e98029b8cda1b/r_6",
            "rotation": 0.12566370614359174,
            "transform_matrix": [
                [
                    -0.4102590084075928,
                    0.011999023146927357,
                    -0.9118900895118713,
                    -3.6759464740753174
                ],
                [
                    -0.911969006061554,
                    -0.005397888831794262,
                    0.41022351384162903,
                    1.6536638736724854
                ],
                [
                    0.0,
                    0.9999134540557861,
                    0.013157270848751068,
                    0.05303865671157837
                ],
                [
                    0.0,
                    0.0,
                    0.0,
                    1.0
                ]
            ]
        },
        {
            "file_path": "/data/shapenet_blender/all_50_random/02958343/3b95f46c0133167b80e98029b8cda1b/r_7",
            "rotation": 0.12566370614359174,
            "transform_matrix": [
                [
                    -0.8929488658905029,
                    0.2569468915462494,
                    -0.3696223199367523,
                    -1.4899952411651611
                ],
                [
                    -0.4501582384109497,
                    -0.5096884369850159,
                    0.7331951856613159,
                    2.955604314804077
                ],
                [
                    0.0,
                    0.8210942149162292,
                    0.570792555809021,
                    2.300938367843628
                ],
                [
                    0.0,
                    0.0,
                    0.0,
                    1.0
                ]
            ]
        },
        {
            "file_path": "/data/shapenet_blender/all_50_random/02958343/3b95f46c0133167b80e98029b8cda1b/r_8",
            "rotation": 0.12566370614359174,
            "transform_matrix": [
                [
                    0.2521857023239136,
                    0.247317373752594,
                    0.9355406761169434,
                    3.77128529548645
                ],
                [
                    0.9676789045333862,
                    -0.06445310264825821,
                    -0.24381019175052643,
                    -0.9828304052352905
                ],
                [
                    3.725290298461914e-09,
                    0.9667884707450867,
                    -0.2555778920650482,
                    -1.030267596244812
                ],
                [
                    0.0,
                    0.0,
                    0.0,
                    1.0
                ]
            ]
        },
        {
            "file_path": "/data/shapenet_blender/all_50_random/02958343/3b95f46c0133167b80e98029b8cda1b/r_9",
            "rotation": 0.12566370614359174,
            "transform_matrix": [
                [
                    -0.9986063838005066,
                    -0.016791220754384995,
                    -0.050034310668706894,
                    -0.20169475674629211
                ],
                [
                    -0.052776675671339035,
                    0.3177126944065094,
                    0.9467170834541321,
                    3.816338539123535
                ],
                [
                    0.0,
                    0.9480382800102234,
                    -0.3181561231613159,
                    -1.2825284004211426
                ],
                [
                    0.0,
                    0.0,
                    0.0,
                    1.0
                ]
            ]
        },
        {
            "file_path": "/data/shapenet_blender/all_50_random/02958343/3b95f46c0133167b80e98029b8cda1b/r_10",
            "rotation": 0.12566370614359174,
            "transform_matrix": [
                [
                    -0.5709783434867859,
                    -0.30780333280563354,
                    0.7610787153244019,
                    3.0680065155029297
                ],
                [
                    0.8209651112556458,
                    -0.21407614648342133,
                    0.5293275713920593,
                    2.1337876319885254
                ],
                [
                    1.4901161193847656e-08,
                    0.9270536303520203,
                    0.37492865324020386,
                    1.5113857984542847
                ],
                [
                    0.0,
                    0.0,
                    0.0,
                    1.0
                ]
            ]
        },
        {
            "file_path": "/data/shapenet_blender/all_50_random/02958343/3b95f46c0133167b80e98029b8cda1b/r_11",
            "rotation": 0.12566370614359174,
            "transform_matrix": [
                [
                    -0.9697338342666626,
                    -0.1976773738861084,
                    -0.1433173567056656,
                    -0.5777307748794556
                ],
                [
                    -0.2441643327474594,
                    0.7851042151451111,
                    0.5692055225372314,
                    2.294541120529175
                ],
                [
                    7.450580596923828e-09,
                    0.5869708061218262,
                    -0.8096079230308533,
                    -3.263634204864502
                ],
                [
                    0.0,
                    0.0,
                    0.0,
                    1.0
                ]
            ]
        },
        {
            "file_path": "/data/shapenet_blender/all_50_random/02958343/3b95f46c0133167b80e98029b8cda1b/r_12",
            "rotation": 0.12566370614359174,
            "transform_matrix": [
                [
                    -0.7657812833786011,
                    -0.077479287981987,
                    -0.6384167671203613,
                    -2.573540449142456
                ],
                [
                    -0.643101155757904,
                    0.09225950390100479,
                    0.7602033019065857,
                    3.0644776821136475
                ],
                [
                    3.725290298461914e-09,
                    0.9927160143852234,
                    -0.12047760933637619,
                    -0.4856608211994171
                ],
                [
                    0.0,
                    0.0,
                    0.0,
                    1.0
                ]
            ]
        },
        {
            "file_path": "/data/shapenet_blender/all_50_random/02958343/3b95f46c0133167b80e98029b8cda1b/r_13",
            "rotation": 0.12566370614359174,
            "transform_matrix": [
                [
                    -0.786923885345459,
                    0.3583112359046936,
                    0.5023581981658936,
                    2.0250706672668457
                ],
                [
                    0.6170499920845032,
                    0.45695433020591736,
                    0.6406574845314026,
                    2.5825729370117188
                ],
                [
                    1.4901159417490817e-08,
                    0.8141288757324219,
                    -0.580684244632721,
                    -2.340812921524048
                ],
                [
                    0.0,
                    0.0,
                    0.0,
                    1.0
                ]
            ]
        },
        {
            "file_path": "/data/shapenet_blender/all_50_random/02958343/3b95f46c0133167b80e98029b8cda1b/r_14",
            "rotation": 0.12566370614359174,
            "transform_matrix": [
                [
                    -0.6076938509941101,
                    -0.3551517128944397,
                    0.7103346586227417,
                    2.863450765609741
                ],
                [
                    0.7941713929176331,
                    -0.27175939083099365,
                    0.5435426235198975,
                    2.1910905838012695
                ],
                [
                    1.4901161193847656e-08,
                    0.8944350481033325,
                    0.447197824716568,
                    1.8027122020721436
                ],
                [
                    0.0,
                    0.0,
                    0.0,
                    1.0
                ]
            ]
        },
        {
            "file_path": "/data/shapenet_blender/all_50_random/02958343/3b95f46c0133167b80e98029b8cda1b/r_15",
            "rotation": 0.12566370614359174,
            "transform_matrix": [
                [
                    0.9540891051292419,
                    -0.0825723260641098,
                    0.28791651129722595,
                    1.1606286764144897
                ],
                [
                    0.29952317476272583,
                    0.2630225718021393,
                    -0.917117714881897,
                    -3.6970200538635254
                ],
                [
                    0.0,
                    0.9612497091293335,
                    0.27567923069000244,
                    1.111298680305481
                ],
                [
                    0.0,
                    0.0,
                    0.0,
                    1.0
                ]
            ]
        },
        {
            "file_path": "/data/shapenet_blender/all_50_random/02958343/3b95f46c0133167b80e98029b8cda1b/r_16",
            "rotation": 0.12566370614359174,
            "transform_matrix": [
                [
                    0.9954100251197815,
                    -0.06305057555437088,
                    -0.07199615985155106,
                    -0.2902258336544037
                ],
                [
                    -0.09570174664258957,
                    -0.6557996869087219,
                    -0.7488442659378052,
                    -3.0186879634857178
                ],
                [
                    3.725290298461914e-09,
                    0.7522973418235779,
                    -0.6588236093521118,
                    -2.6558032035827637
                ],
                [
                    0.0,
                    0.0,
                    0.0,
                    1.0
                ]
            ]
        },
        {
            "file_path": "/data/shapenet_blender/all_50_random/02958343/3b95f46c0133167b80e98029b8cda1b/r_17",
            "rotation": 0.12566370614359174,
            "transform_matrix": [
                [
                    -0.25184768438339233,
                    0.0712093934416771,
                    -0.9651435017585754,
                    -3.890617609024048
                ],
                [
                    -0.9677667617797852,
                    -0.01853124238550663,
                    0.2511650025844574,
                    1.0124784708023071
                ],
                [
                    0.0,
                    0.9972891807556152,
                    0.07358113676309586,
                    0.29661503434181213
                ],
                [
                    0.0,
                    0.0,
                    0.0,
                    1.0
                ]
            ]
        },
        {
            "file_path": "/data/shapenet_blender/all_50_random/02958343/3b95f46c0133167b80e98029b8cda1b/r_18",
            "rotation": 0.12566370614359174,
            "transform_matrix": [
                [
                    -0.9878306984901428,
                    0.06413822621107101,
                    -0.14169226586818695,
                    -0.5711798071861267
                ],
                [
                    -0.15553265810012817,
                    -0.4073595106601715,
                    0.8999265432357788,
                    3.6277198791503906
                ],
                [
                    0.0,
                    0.9110128283500671,
                    0.41237786412239075,
                    1.6623483896255493
                ],
                [
                    0.0,
                    0.0,
                    0.0,
                    1.0
                ]
            ]
        },
        {
            "file_path": "/data/shapenet_blender/all_50_random/02958343/3b95f46c0133167b80e98029b8cda1b/r_19",
            "rotation": 0.12566370614359174,
            "transform_matrix": [
                [
                    0.4439602494239807,
                    -0.24616838991641998,
                    0.8615685701370239,
                    3.4730939865112305
                ],
                [
                    0.89604651927948,
                    0.12196797877550125,
                    -0.42687761783599854,
                    -1.7207987308502197
                ],
                [
                    0.0,
                    0.9615222215652466,
                    0.2747272253036499,
                    1.107460856437683
                ],
                [
                    0.0,
                    0.0,
                    0.0,
                    1.0
                ]
            ]
        },
        {
            "file_path": "/data/shapenet_blender/all_50_random/02958343/3b95f46c0133167b80e98029b8cda1b/r_20",
            "rotation": 0.12566370614359174,
            "transform_matrix": [
                [
                    0.5510374307632446,
                    -0.5260053873062134,
                    0.6478241086006165,
                    2.6114625930786133
                ],
                [
                    0.8344805240631104,
                    0.3473402261734009,
                    -0.42778149247169495,
                    -1.7244423627853394
                ],
                [
                    0.0,
                    0.776320219039917,
                    0.630338728427887,
                    2.5409767627716064
                ],
                [
                    0.0,
                    0.0,
                    0.0,
                    1.0
                ]
            ]
        },
        {
            "file_path": "/data/shapenet_blender/all_50_random/02958343/3b95f46c0133167b80e98029b8cda1b/r_21",
            "rotation": 0.12566370614359174,
            "transform_matrix": [
                [
                    -0.6488344669342041,
                    0.3954126238822937,
                    -0.6501250863075256,
                    -2.6207382678985596
                ],
                [
                    -0.7609295845031738,
                    -0.3371630311012268,
                    0.5543529391288757,
                    2.234668493270874
                ],
                [
                    0.0,
                    0.8543828129768372,
                    0.519644021987915,
                    2.094752311706543
                ],
                [
                    0.0,
                    0.0,
                    0.0,
                    1.0
                ]
            ]
        },
        {
            "file_path": "/data/shapenet_blender/all_50_random/02958343/3b95f46c0133167b80e98029b8cda1b/r_22",
            "rotation": 0.12566370614359174,
            "transform_matrix": [
                [
                    0.4648011326789856,
                    -0.598909318447113,
                    0.652125358581543,
                    2.6288013458251953
                ],
                [
                    0.8854150772094727,
                    0.3143991529941559,
                    -0.342335045337677,
                    -1.379996657371521
                ],
                [
                    -1.4901159417490817e-08,
                    0.7365193367004395,
                    0.6764165163040161,
                    2.726722240447998
                ],
                [
                    0.0,
                    0.0,
                    0.0,
                    1.0
                ]
            ]
        },
        {
            "file_path": "/data/shapenet_blender/all_50_random/02958343/3b95f46c0133167b80e98029b8cda1b/r_23",
            "rotation": 0.12566370614359174,
            "transform_matrix": [
                [
                    0.2977220118045807,
                    0.2230343371629715,
                    0.9282334446907043,
                    3.741828441619873
                ],
                [
                    0.9546526074409485,
                    -0.06955642998218536,
                    -0.28948280215263367,
                    -1.1669424772262573
                ],
                [
                    0.0,
                    0.9723258018493652,
                    -0.23362882435321808,
                    -0.941787838935852
                ],
                [
                    0.0,
                    0.0,
                    0.0,
                    1.0
                ]
            ]
        },
        {
            "file_path": "/data/shapenet_blender/all_50_random/02958343/3b95f46c0133167b80e98029b8cda1b/r_24",
            "rotation": 0.12566370614359174,
            "transform_matrix": [
                [
                    0.9221379160881042,
                    -0.35674160718917847,
                    -0.1496565192937851,
                    -0.6032847166061401
                ],
                [
                    -0.38686129450798035,
                    -0.8503434658050537,
                    -0.3567272126674652,
                    -1.4380134344100952
                ],
                [
                    -1.4901161193847656e-08,
                    0.3868478834629059,
                    -0.9221434593200684,
                    -3.7172791957855225
                ],
                [
                    0.0,
                    0.0,
                    0.0,
                    1.0
                ]
            ]
        },
        {
            "file_path": "/data/shapenet_blender/all_50_random/02958343/3b95f46c0133167b80e98029b8cda1b/r_25",
            "rotation": 0.12566370614359174,
            "transform_matrix": [
                [
                    -0.9633897542953491,
                    0.2599034905433655,
                    -0.06580579280853271,
                    -0.2652716636657715
                ],
                [
                    -0.2681049108505249,
                    -0.933919370174408,
                    0.23646201193332672,
                    0.9532089233398438
                ],
                [
                    0.0,
                    0.24544785916805267,
                    0.969409704208374,
                    3.90781569480896
                ],
                [
                    0.0,
                    0.0,
                    0.0,
                    1.0
                ]
            ]
        },
        {
            "file_path": "/data/shapenet_blender/all_50_random/02958343/3b95f46c0133167b80e98029b8cda1b/r_26",
            "rotation": 0.12566370614359174,
            "transform_matrix": [
                [
                    -0.9770695567131042,
                    0.00862935185432434,
                    -0.21274548768997192,
                    -0.8576043844223022
                ],
                [
                    -0.2129204124212265,
                    -0.03959919512271881,
                    0.9762668013572693,
                    3.9354569911956787
                ],
                [
                    -9.313225746154785e-10,
                    0.9991782903671265,
                    0.04052853584289551,
                    0.16337573528289795
                ],
                [
                    0.0,
                    0.0,
                    0.0,
                    1.0
                ]
            ]
        },
        {
            "file_path": "/data/shapenet_blender/all_50_random/02958343/3b95f46c0133167b80e98029b8cda1b/r_27",
            "rotation": 0.12566370614359174,
            "transform_matrix": [
                [
                    0.30325305461883545,
                    0.6532456874847412,
                    -0.6937633156776428,
                    -2.79664945602417
                ],
                [
                    -0.9529100656509399,
                    0.20788821578025818,
                    -0.22078248858451843,
                    -0.8900026679039001
                ],
                [
                    0.0,
                    0.7280468940734863,
                    0.6855272054672241,
                    2.763448476791382
                ],
                [
                    0.0,
                    0.0,
                    0.0,
                    1.0
                ]
            ]
        },
        {
            "file_path": "/data/shapenet_blender/all_50_random/02958343/3b95f46c0133167b80e98029b8cda1b/r_28",
            "rotation": 0.12566370614359174,
            "transform_matrix": [
                [
                    0.9979124069213867,
                    -0.0007212685886770487,
                    0.06457767635583878,
                    0.26032090187072754
                ],
                [
                    0.06458169966936111,
                    0.011144996620714664,
                    -0.9978501796722412,
                    -4.022462368011475
                ],
                [
                    0.0,
                    0.9999377131462097,
                    0.011168310418725014,
                    0.04502089321613312
                ],
                [
                    0.0,
                    0.0,
                    0.0,
                    1.0
                ]
            ]
        },
        {
            "file_path": "/data/shapenet_blender/all_50_random/02958343/3b95f46c0133167b80e98029b8cda1b/r_29",
            "rotation": 0.12566370614359174,
            "transform_matrix": [
                [
                    0.9293993711471558,
                    0.049506157636642456,
                    -0.36574026942253113,
                    -1.4743461608886719
                ],
                [
                    -0.36907559633255005,
                    0.12466549128293991,
                    -0.9210003614425659,
                    -3.7126712799072266
                ],
                [
                    0.0,
                    0.9909629225730896,
                    0.13413554430007935,
                    0.5407176613807678
                ],
                [
                    0.0,
                    0.0,
                    0.0,
                    1.0
                ]
            ]
        },
        {
            "file_path": "/data/shapenet_blender/all_50_random/02958343/3b95f46c0133167b80e98029b8cda1b/r_30",
            "rotation": 0.12566370614359174,
            "transform_matrix": [
                [
                    0.6111655831336975,
                    0.19922597706317902,
                    -0.766019344329834,
                    -3.0879228115081787
                ],
                [
                    -0.7915027141571045,
                    0.1538340449333191,
                    -0.5914883613586426,
                    -2.3843657970428467
                ],
                [
                    1.4901160305669237e-08,
                    0.9678037762641907,
                    0.25170594453811646,
                    1.0146591663360596
                ],
                [
                    0.0,
                    0.0,
                    0.0,
                    1.0
                ]
            ]
        },
        {
            "file_path": "/data/shapenet_blender/all_50_random/02958343/3b95f46c0133167b80e98029b8cda1b/r_31",
            "rotation": 0.12566370614359174,
            "transform_matrix": [
                [
                    -0.7091360092163086,
                    -0.07185443490743637,
                    -0.7014007568359375,
                    -2.827437162399292
                ],
                [
                    -0.7050718069076538,
                    0.07226862758398056,
                    0.705443799495697,
                    2.8437352180480957
                ],
                [
                    3.725290742551124e-09,
                    0.9947935342788696,
                    -0.10191080719232559,
                    -0.41081562638282776
                ],
                [
                    0.0,
                    0.0,
                    0.0,
                    1.0
                ]
            ]
        },
        {
            "file_path": "/data/shapenet_blender/all_50_random/02958343/3b95f46c0133167b80e98029b8cda1b/r_32",
            "rotation": 0.12566370614359174,
            "transform_matrix": [
                [
                    -0.6655527353286743,
                    0.02845888026058674,
                    -0.7458081245422363,
                    -3.006448268890381
                ],
                [
                    -0.746350884437561,
                    -0.025377990677952766,
                    0.6650687456130981,
                    2.6809775829315186
                ],
                [
                    0.0,
                    0.9992727637290955,
                    0.03813070431351662,
                    0.1537097692489624
                ],
                [
                    0.0,
                    0.0,
                    0.0,
                    1.0
                ]
            ]
        },
        {
            "file_path": "/data/shapenet_blender/all_50_random/02958343/3b95f46c0133167b80e98029b8cda1b/r_33",
            "rotation": 0.12566370614359174,
            "transform_matrix": [
                [
                    -0.05791061371564865,
                    0.06772831082344055,
                    -0.9960217475891113,
                    -4.015091896057129
                ],
                [
                    -0.9983217120170593,
                    -0.00392878195270896,
                    0.057777199894189835,
                    0.23290732502937317
                ],
                [
                    0.0,
                    0.9976961612701416,
                    0.06784216314554214,
                    0.27348050475120544
                ],
                [
                    0.0,
                    0.0,
                    0.0,
                    1.0
                ]
            ]
        },
        {
            "file_path": "/data/shapenet_blender/all_50_random/02958343/3b95f46c0133167b80e98029b8cda1b/r_34",
            "rotation": 0.12566370614359174,
            "transform_matrix": [
                [
                    0.8603625893592834,
                    0.19827930629253387,
                    0.46953320503234863,
                    1.8927488327026367
                ],
                [
                    0.5096823573112488,
                    -0.3347027897834778,
                    -0.7925893664360046,
                    -3.1950299739837646
                ],
                [
                    0.0,
                    0.9212271571159363,
                    -0.3890252411365509,
                    -1.5682109594345093
                ],
                [
                    0.0,
                    0.0,
                    0.0,
                    1.0
                ]
            ]
        },
        {
            "file_path": "/data/shapenet_blender/all_50_random/02958343/3b95f46c0133167b80e98029b8cda1b/r_35",
            "rotation": 0.12566370614359174,
            "transform_matrix": [
                [
                    -0.962456464767456,
                    -0.20412832498550415,
                    -0.17891129851341248,
                    -0.7212145328521729
                ],
                [
                    -0.2714362144470215,
                    0.7237966060638428,
                    0.6343823075294495,
                    2.557276964187622
                ],
                [
                    0.0,
                    0.6591283679008484,
                    -0.7520304918289185,
                    -3.031531810760498
                ],
                [
                    0.0,
                    0.0,
                    0.0,
                    1.0
                ]
            ]
        },
        {
            "file_path": "/data/shapenet_blender/all_50_random/02958343/3b95f46c0133167b80e98029b8cda1b/r_36",
            "rotation": 0.12566370614359174,
            "transform_matrix": [
                [
                    0.7605655789375305,
                    0.24289296567440033,
                    -0.6021153926849365,
                    -2.4272048473358154
                ],
                [
                    -0.6492609977722168,
                    0.284532755613327,
                    -0.705337643623352,
                    -2.8433070182800293
                ],
                [
                    0.0,
                    0.927385687828064,
                    0.374106764793396,
                    1.5080726146697998
                ],
                [
                    0.0,
                    0.0,
                    0.0,
                    1.0
                ]
            ]
        },
        {
            "file_path": "/data/shapenet_blender/all_50_random/02958343/3b95f46c0133167b80e98029b8cda1b/r_37",
            "rotation": 0.12566370614359174,
            "transform_matrix": [
                [
                    0.9999107122421265,
                    -0.009717665612697601,
                    0.009184273891150951,
                    0.037022996693849564
                ],
                [
                    0.013371013104915619,
                    0.7267062067985535,
                    -0.6868181228637695,
                    -2.7686526775360107
                ],
                [
                    0.0,
                    0.6868795156478882,
                    0.7267711758613586,
                    2.929708480834961
                ],
                [
                    0.0,
                    0.0,
                    0.0,
                    1.0
                ]
            ]
        },
        {
            "file_path": "/data/shapenet_blender/all_50_random/02958343/3b95f46c0133167b80e98029b8cda1b/r_38",
            "rotation": 0.12566370614359174,
            "transform_matrix": [
                [
                    -0.9195520877838135,
                    0.0215197391808033,
                    -0.39237847924232483,
                    -1.581728219985962
                ],
                [
                    -0.39296817779541016,
                    -0.05035655200481415,
                    0.9181722402572632,
                    3.701270580291748
                ],
                [
                    0.0,
                    0.99849933385849,
                    0.05476204678416252,
                    0.22075286507606506
                ],
                [
                    0.0,
                    0.0,
                    0.0,
                    1.0
                ]
            ]
        },
        {
            "file_path": "/data/shapenet_blender/all_50_random/02958343/3b95f46c0133167b80e98029b8cda1b/r_39",
            "rotation": 0.12566370614359174,
            "transform_matrix": [
                [
                    -0.21505354344844818,
                    -0.21521753072738647,
                    0.9525929689407349,
                    3.840024948120117
                ],
                [
                    0.9766022562980652,
                    -0.04739215970039368,
                    0.20976655185222626,
                    0.8455959558486938
                ],
                [
                    0.0,
                    0.9754154682159424,
                    0.2203737497329712,
                    0.8883549571037292
                ],
                [
                    0.0,
                    0.0,
                    0.0,
                    1.0
                ]
            ]
        },
        {
            "file_path": "/data/shapenet_blender/all_50_random/02958343/3b95f46c0133167b80e98029b8cda1b/r_40",
            "rotation": 0.12566370614359174,
            "transform_matrix": [
                [
                    -0.7678924202919006,
                    0.13069859147071838,
                    -0.6271038055419922,
                    -2.5279362201690674
                ],
                [
                    -0.6405789256095886,
                    -0.1566746085882187,
                    0.7517391443252563,
                    3.0303573608398438
                ],
                [
                    0.0,
                    0.9789642095565796,
                    0.20403198897838593,
                    0.8224791884422302
                ],
                [
                    0.0,
                    0.0,
                    0.0,
                    1.0
                ]
            ]
        },
        {
            "file_path": "/data/shapenet_blender/all_50_random/02958343/3b95f46c0133167b80e98029b8cda1b/r_41",
            "rotation": 0.12566370614359174,
            "transform_matrix": [
                [
                    0.7248537540435791,
                    -0.5784869194030762,
                    -0.3740852177143097,
                    -1.5079858303070068
                ],
                [
                    -0.688902735710144,
                    -0.6086757779121399,
                    -0.3936071991920471,
                    -1.5866814851760864
                ],
                [
                    0.0,
                    0.5430159568786621,
                    -0.839722216129303,
