{
    "class": "02958343",
    "model": "8922c6c3435f16fee694960c91796f38",
    "remove_doubles": true,
    "edge_split": true,
    "denoise": true,
    "camera_angle_x": 0.6911112070083618,
    "scale_factor": 2.1549912928657373,
    "hdri_file": "/data/IndoorHDRDataset2018/9C4A1161-e8f19d6517.exr",
    "center_offset": [
        0.0,
        1.3969838619232178e-09,
        0.0
    ],
    "lights": [],
    "frames": [
        {
            "file_path": "/data/shapenet_blender/all_50_random/02958343/8922c6c3435f16fee694960c91796f38/r_0",
            "rotation": 0.12566370614359174,
            "transform_matrix": [
                [
                    -0.43005242943763733,
                    -0.1611965447664261,
                    -0.8882964849472046,
                    -3.5808372497558594
                ],
                [
                    -0.902803897857666,
                    0.07678629457950592,
                    0.42314180731773376,
                    1.7057390213012695
                ],
                [
                    -7.4505797087454084e-09,
                    0.9839307069778442,
                    -0.17855100333690643,
                    -0.7197620272636414
                ],
                [
                    0.0,
                    0.0,
                    0.0,
                    1.0
                ]
            ]
        },
        {
            "file_path": "/data/shapenet_blender/all_50_random/02958343/8922c6c3435f16fee694960c91796f38/r_1",
            "rotation": 0.12566370614359174,
            "transform_matrix": [
                [
                    -0.9965626001358032,
                    -0.07767043262720108,
                    0.02881726436316967,
                    0.11616610735654831
                ],
                [
                    0.08284403383731842,
                    -0.9343274235725403,
                    0.34665390849113464,
                    1.3974065780639648
                ],
                [
                    1.862645371275562e-09,
                    0.34784969687461853,
                    0.9375503063201904,
                    3.779386281967163
                ],
                [
                    0.0,
                    0.0,
                    0.0,
                    1.0
                ]
            ]
        },
        {
            "file_path": "/data/shapenet_blender/all_50_random/02958343/8922c6c3435f16fee694960c91796f38/r_2",
            "rotation": 0.12566370614359174,
            "transform_matrix": [
                [
                    0.2395125776529312,
                    -0.06577406078577042,
                    -0.9686627984046936,
                    -3.904804229736328
                ],
                [
                    -0.9708933234214783,
                    -0.01622600108385086,
                    -0.238962322473526,
                    -0.9632878303527832
                ],
                [
                    0.0,
                    0.9977025389671326,
                    -0.06774593889713287,
                    -0.2730925679206848
                ],
                [
                    0.0,
                    0.0,
                    0.0,
                    1.0
                ]
            ]
        },
        {
            "file_path": "/data/shapenet_blender/all_50_random/02958343/8922c6c3435f16fee694960c91796f38/r_3",
            "rotation": 0.12566370614359174,
            "transform_matrix": [
                [
                    0.7281148433685303,
                    0.16009344160556793,
                    0.6664974689483643,
                    2.686737298965454
                ],
                [
                    0.6854552030563354,
                    -0.17005692422389984,
                    -0.7079772353172302,
                    -2.853947639465332
                ],
                [
                    0.0,
                    0.9723429679870605,
                    -0.2335578352212906,
                    -0.9415017366409302
                ],
                [
                    0.0,
                    0.0,
                    0.0,
                    1.0
                ]
            ]
        },
        {
            "file_path": "/data/shapenet_blender/all_50_random/02958343/8922c6c3435f16fee694960c91796f38/r_4",
            "rotation": 0.12566370614359174,
            "transform_matrix": [
                [
                    -0.6764824986457825,
                    -0.5734298229217529,
                    0.4621141254901886,
                    1.8628416061401367
                ],
                [
                    0.7364585995674133,
                    -0.5267305970191956,
                    0.42448025941848755,
                    1.711134672164917
                ],
                [
                    1.4901160305669237e-08,
                    0.6274814009666443,
                    0.7786315083503723,
                    3.138763904571533
                ],
                [
                    0.0,
                    0.0,
                    0.0,
                    1.0
                ]
            ]
        },
        {
            "file_path": "/data/shapenet_blender/all_50_random/02958343/8922c6c3435f16fee694960c91796f38/r_5",
            "rotation": 0.12566370614359174,
            "transform_matrix": [
                [
                    0.9357007145881653,
                    0.35093745589256287,
                    0.03615440055727959,
                    0.14574307203292847
                ],
                [
                    0.35279491543769836,
                    -0.9307742714881897,
                    -0.09589055180549622,
                    -0.3865472078323364
                ],
                [
                    0.0,
                    0.10248013585805893,
                    -0.9947350025177002,
                    -4.0099053382873535
                ],
                [
                    0.0,
                    0.0,
                    0.0,
                    1.0
                ]
            ]
        },
        {
            "file_path": "/data/shapenet_blender/all_50_random/02958343/8922c6c3435f16fee694960c91796f38/r_6",
            "rotation": 0.12566370614359174,
            "transform_matrix": [
                [
                    0.48192107677459717,
                    0.03270351514220238,
                    -0.8756040930747986,
                    -3.5296730995178223
                ],
                [
                    -0.8762146234512329,
                    0.017987046390771866,
                    -0.4815852642059326,
                    -1.9413323402404785
                ],
                [
                    0.0,
                    0.9993031620979309,
                    0.03732363507151604,
                    0.15045638382434845
                ],
                [
                    0.0,
                    0.0,
                    0.0,
                    1.0
                ]
            ]
        },
        {
            "file_path": "/data/shapenet_blender/all_50_random/02958343/8922c6c3435f16fee694960c91796f38/r_7",
            "rotation": 0.12566370614359174,
            "transform_matrix": [
                [
                    0.25291574001312256,
                    -0.3091462552547455,
                    -0.9167672395706177,
                    -3.6956069469451904
                ],
                [
                    -0.9674882888793945,
                    -0.0808154046535492,
                    -0.23965653777122498,
                    -0.9660863876342773
                ],
                [
                    7.450580152834618e-09,
                    0.9475744962692261,
                    -0.31953489780426025,
                    -1.2880864143371582
                ],
                [
                    0.0,
                    0.0,
                    0.0,
                    1.0
                ]
            ]
        },
        {
            "file_path": "/data/shapenet_blender/all_50_random/02958343/8922c6c3435f16fee694960c91796f38/r_8",
            "rotation": 0.12566370614359174,
            "transform_matrix": [
                [
                    0.9400103092193604,
                    0.08309046924114227,
                    0.3308722972869873,
                    1.3337888717651367
                ],
                [
                    0.3411458432674408,
                    -0.22895163297653198,
                    -0.911702036857605,
                    -3.6751885414123535
                ],
                [
                    0.0,
                    0.9698850512504578,
                    -0.24356287717819214,
                    -0.9818333387374878
                ],
                [
                    0.0,
                    0.0,
                    0.0,
                    1.0
                ]
            ]
        },
        {
            "file_path": "/data/shapenet_blender/all_50_random/02958343/8922c6c3435f16fee694960c91796f38/r_9",
            "rotation": 0.12566370614359174,
            "transform_matrix": [
                [
                    1.0,
                    2.701665607673931e-06,
                    1.0771668712550309e-05,
                    4.342198371887207e-05
                ],
                [
                    1.110530774894869e-05,
                    -0.24327698349952698,
                    -0.9699568152427673,
                    -3.9100210666656494
                ],
                [
                    2.2737370254828637e-13,
                    0.9699567556381226,
                    -0.24327699840068817,
                    -0.9806809425354004
                ],
                [
                    0.0,
                    0.0,
                    0.0,
                    1.0
                ]
            ]
        },
        {
            "file_path": "/data/shapenet_blender/all_50_random/02958343/8922c6c3435f16fee694960c91796f38/r_10",
            "rotation": 0.12566370614359174,
            "transform_matrix": [
                [
                    0.9996092319488525,
                    -0.0018312413012608886,
                    -0.027895860373973846,
                    -0.11245180666446686
                ],
                [
                    -0.027955908328294754,
                    -0.06547903269529343,
                    -0.9974622130393982,
                    -4.020898818969727
                ],
                [
                    0.0,
                    0.9978522062301636,
                    -0.06550463289022446,
                    -0.26405760645866394
                ],
                [
                    0.0,
                    0.0,
                    0.0,
                    1.0
                ]
            ]
        },
        {
            "file_path": "/data/shapenet_blender/all_50_random/02958343/8922c6c3435f16fee694960c91796f38/r_11",
            "rotation": 0.12566370614359174,
            "transform_matrix": [
                [
                    0.1590327024459839,
                    -0.002084837295114994,
                    0.9872710704803467,
                    3.9798171520233154
                ],
                [
                    0.9872733354568481,
                    0.0003358313406351954,
                    -0.15903232991695404,
                    -0.6410799026489258
                ],
                [
                    -2.9103830456733704e-11,
                    0.9999977350234985,
                    0.002111712470650673,
                    0.00851258635520935
                ],
                [
                    0.0,
                    0.0,
                    0.0,
                    1.0
                ]
            ]
        },
        {
            "file_path": "/data/shapenet_blender/all_50_random/02958343/8922c6c3435f16fee694960c91796f38/r_12",
            "rotation": 0.12566370614359174,
            "transform_matrix": [
                [
                    -0.12995192408561707,
                    -0.1508507877588272,
                    -0.9799777865409851,
                    -3.9504168033599854
                ],
                [
                    -0.991520345211029,
                    0.01977100409567356,
                    0.12843912839889526,
                    0.5177546739578247
                ],
                [
                    1.862645149230957e-09,
                    0.9883587956428528,
                    -0.15214090049266815,
                    -0.6132996082305908
                ],
                [
                    0.0,
                    0.0,
                    0.0,
                    1.0
                ]
            ]
        },
        {
            "file_path": "/data/shapenet_blender/all_50_random/02958343/8922c6c3435f16fee694960c91796f38/r_13",
            "rotation": 0.12566370614359174,
            "transform_matrix": [
                [
                    -0.9803735017776489,
                    -0.01539583969861269,
                    0.196547269821167,
                    0.7923073768615723
                ],
                [
                    0.1971493512392044,
                    -0.07655958831310272,
                    0.977379560470581,
                    3.9399430751800537
                ],
                [
                    -9.313225746154785e-10,
                    0.9969461560249329,
                    0.07809227705001831,
                    0.3148000240325928
                ],
                [
                    0.0,
                    0.0,
                    0.0,
                    1.0
                ]
            ]
        },
        {
            "file_path": "/data/shapenet_blender/all_50_random/02958343/8922c6c3435f16fee694960c91796f38/r_14",
            "rotation": 0.12566370614359174,
            "transform_matrix": [
                [
                    -0.3680134117603302,
                    0.3599383234977722,
                    -0.8573275208473206,
                    -3.4559977054595947
                ],
                [
                    -0.9298204183578491,
                    -0.1424599140882492,
                    0.33932146430015564,
                    1.367848515510559
                ],
                [
                    -7.450580152834618e-09,
                    0.9220355153083801,
                    0.3871052861213684,
                    1.5604712963104248
                ],
                [
                    0.0,
                    0.0,
                    0.0,
                    1.0
                ]
            ]
        },
        {
            "file_path": "/data/shapenet_blender/all_50_random/02958343/8922c6c3435f16fee694960c91796f38/r_15",
            "rotation": 0.12566370614359174,
            "transform_matrix": [
                [
                    -0.39308348298072815,
                    0.5691768527030945,
                    -0.7221654653549194,
                    -2.911142349243164
                ],
                [
                    -0.919502854347229,
                    -0.24332065880298615,
                    0.3087226152420044,
                    1.244500756263733
                ],
                [
                    0.0,
                    0.7853869795799255,
                    0.6190049648284912,
                    2.4952890872955322
                ],
                [
                    0.0,
                    0.0,
                    0.0,
                    1.0
                ]
            ]
        },
        {
            "file_path": "/data/shapenet_blender/all_50_random/02958343/8922c6c3435f16fee694960c91796f38/r_16",
            "rotation": 0.12566370614359174,
            "transform_matrix": [
                [
                    -0.2044306844472885,
                    -0.2746090292930603,
                    0.9395732879638672,
                    3.787541151046753
                ],
                [
                    0.9788810610771179,
                    -0.057349689304828644,
                    0.19622161984443665,
                    0.7909946441650391
                ],
                [
                    3.725290076417309e-09,
                    0.959844172000885,
                    0.28053364157676697,
                    1.1308672428131104
                ],
                [
                    0.0,
                    0.0,
                    0.0,
                    1.0
                ]
            ]
        },
        {
            "file_path": "/data/shapenet_blender/all_50_random/02958343/8922c6c3435f16fee694960c91796f38/r_17",
            "rotation": 0.12566370614359174,
            "transform_matrix": [
                [
                    -0.19905763864517212,
                    0.31397560238838196,
                    -0.9283292889595032,
                    -3.742215156555176
                ],
                [
                    -0.9799878001213074,
                    -0.06377552449703217,
                    0.18856461346149445,
                    0.7601282596588135
                ],
                [
                    0.0,
                    0.9472866058349609,
                    0.3203872740268707,
                    1.2915223836898804
                ],
                [
                    0.0,
                    0.0,
                    0.0,
                    1.0
                ]
            ]
        },
        {
            "file_path": "/data/shapenet_blender/all_50_random/02958343/8922c6c3435f16fee694960c91796f38/r_18",
            "rotation": 0.12566370614359174,
            "transform_matrix": [
                [
                    -0.13879919052124023,
                    0.6915836930274963,
                    0.7088348269462585,
                    2.8574044704437256
                ],
                [
                    0.9903205633163452,
                    0.09692948311567307,
                    0.09934733062982559,
                    0.4004819095134735
                ],
                [
                    0.0,
                    0.7157630324363708,
                    -0.6983432769775391,
                    -2.8151118755340576
                ],
                [
                    0.0,
                    0.0,
                    0.0,
                    1.0
                ]
            ]
        },
        {
            "file_path": "/data/shapenet_blender/all_50_random/02958343/8922c6c3435f16fee694960c91796f38/r_19",
            "rotation": 0.12566370614359174,
            "transform_matrix": [
                [
                    0.5025465488433838,
                    0.664948046207428,
                    -0.5525314211845398,
                    -2.227325439453125
                ],
                [
                    -0.8645500540733337,
                    0.38652172684669495,
                    -0.32117605209350586,
                    -1.2947020530700684
                ],
                [
                    0.0,
                    0.6390970349311829,
                    0.7691261172294617,
                    3.1004464626312256
                ],
                [
                    0.0,
                    0.0,
                    0.0,
                    1.0
                ]
            ]
        },
        {
            "file_path": "/data/shapenet_blender/all_50_random/02958343/8922c6c3435f16fee694960c91796f38/r_20",
            "rotation": 0.12566370614359174,
            "transform_matrix": [
                [
                    0.7952597141265869,
                    0.2898188531398773,
                    -0.5325101613998413,
                    -2.1466174125671387
                ],
                [
                    -0.6062690615653992,
                    0.380163311958313,
                    -0.6985081434249878,
                    -2.8157765865325928
                ],
                [
                    0.0,
                    0.8783398270606995,
                    0.47803667187690735,
                    1.9270275831222534
                ],
                [
                    0.0,
                    0.0,
                    0.0,
                    1.0
                ]
            ]
        },
        {
            "file_path": "/data/shapenet_blender/all_50_random/02958343/8922c6c3435f16fee694960c91796f38/r_21",
            "rotation": 0.12566370614359174,
            "transform_matrix": [
                [
                    0.5359113216400146,
                    -0.2598573565483093,
                    -0.803288996219635,
                    -3.238161563873291
                ],
                [
                    -0.8442744016647339,
                    -0.16494697332382202,
                    -0.5098954439163208,
                    -2.0554542541503906
                ],
                [
                    0.0,
                    0.9514549374580383,
                    -0.30778786540031433,
                    -1.2407325506210327
                ],
                [
                    0.0,
                    0.0,
                    0.0,
                    1.0
                ]
            ]
        },
        {
            "file_path": "/data/shapenet_blender/all_50_random/02958343/8922c6c3435f16fee694960c91796f38/r_22",
            "rotation": 0.12566370614359174,
            "transform_matrix": [
                [
                    -0.5990064740180969,
                    0.06363165378570557,
                    0.7982118725776672,
                    3.2176949977874756
                ],
                [
                    0.8007442355155945,
                    0.04760044440627098,
                    0.5971121788024902,
                    2.407036066055298
                ],
                [
                    -7.450581485102248e-09,
                    0.9968375563621521,
                    -0.07946565002202988,
                    -0.3203362822532654
                ],
                [
                    0.0,
                    0.0,
                    0.0,
                    1.0
                ]
            ]
        },
        {
            "file_path": "/data/shapenet_blender/all_50_random/02958343/8922c6c3435f16fee694960c91796f38/r_23",
            "rotation": 0.12566370614359174,
            "transform_matrix": [
                [
                    -0.8231570720672607,
                    0.0480622723698616,
                    0.5657759308815002,
                    2.2807159423828125
                ],
                [
                    0.5678137540817261,
                    0.06967565417289734,
                    0.8202028274536133,
                    3.3063435554504395
                ],
                [
                    0.0,
                    0.9964112043380737,
                    -0.08464441448450089,
                    -0.34121257066726685
                ],
                [
                    0.0,
                    0.0,
                    0.0,
                    1.0
                ]
            ]
        },
        {
            "file_path": "/data/shapenet_blender/all_50_random/02958343/8922c6c3435f16fee694960c91796f38/r_24",
            "rotation": 0.12566370614359174,
            "transform_matrix": [
                [
                    0.08108226954936981,
                    0.3755047619342804,
                    -0.9232670068740845,
                    -3.7218079566955566
                ],
                [
                    -0.9967074394226074,
                    0.030547356233000755,
                    -0.0751078799366951,
                    -0.3027695119380951
                ],
                [
                    0.0,
                    0.9263169765472412,
                    0.3767452538013458,
                    1.5187084674835205
                ],
                [
                    0.0,
                    0.0,
                    0.0,
                    1.0
                ]
            ]
        },
        {
            "file_path": "/data/shapenet_blender/all_50_random/02958343/8922c6c3435f16fee694960c91796f38/r_25",
            "rotation": 0.12566370614359174,
            "transform_matrix": [
                [
                    0.35917770862579346,
                    -0.928597092628479,
                    -0.09326736629009247,
                    -0.37597277760505676
                ],
                [
                    -0.9332692623138428,
                    -0.35737958550453186,
                    -0.03589485213160515,
                    -0.14469677209854126
                ],
                [
                    0.0,
                    0.0999361127614975,
                    -0.9949938654899597,
                    -4.010948657989502
                ],
                [
                    0.0,
                    0.0,
                    0.0,
                    1.0
                ]
            ]
        },
        {
            "file_path": "/data/shapenet_blender/all_50_random/02958343/8922c6c3435f16fee694960c91796f38/r_26",
            "rotation": 0.12566370614359174,
            "transform_matrix": [
                [
                    0.16618244349956512,
                    -0.4908975660800934,
                    -0.8552210330963135,
                    -3.4475061893463135
                ],
                [
                    -0.9860950112342834,
                    -0.08272889256477356,
                    -0.1441268026828766,
                    -0.5809937119483948
                ],
                [
                    7.450580596923828e-09,
                    0.8672804236412048,
                    -0.4978197515010834,
                    -2.0067756175994873
                ],
                [
                    0.0,
                    0.0,
                    0.0,
                    1.0
                ]
            ]
        },
        {
            "file_path": "/data/shapenet_blender/all_50_random/02958343/8922c6c3435f16fee694960c91796f38/r_27",
            "rotation": 0.12566370614359174,
            "transform_matrix": [
                [
                    0.8168759942054749,
                    0.020423632115125656,
                    -0.5764517188072205,
                    -2.323751211166382
                ],
                [
                    -0.5768134593963623,
                    0.028923694044351578,
                    -0.8163636922836304,
                    -3.290867328643799
                ],
                [
                    0.0,
                    0.9993729591369629,
                    0.035407695919275284,
                    0.14273299276828766
                ],
                [
                    0.0,
                    0.0,
                    0.0,
                    1.0
                ]
            ]
        },
        {
            "file_path": "/data/shapenet_blender/all_50_random/02958343/8922c6c3435f16fee694960c91796f38/r_28",
            "rotation": 0.12566370614359174,
            "transform_matrix": [
                [
                    0.8128017783164978,
                    -0.09664544463157654,
                    -0.5744674205780029,
                    -2.3157525062561035
                ],
                [
                    -0.5825402736663818,
                    -0.13484661281108856,
                    -0.8015378713607788,
                    -3.23110294342041
                ],
                [
                    7.450580152834618e-09,
                    0.9861420392990112,
                    -0.16590340435504913,
                    -0.6687780618667603
                ],
                [
                    0.0,
                    0.0,
                    0.0,
                    1.0
                ]
            ]
        },
        {
            "file_path": "/data/shapenet_blender/all_50_random/02958343/8922c6c3435f16fee694960c91796f38/r_29",
            "rotation": 0.12566370614359174,
            "transform_matrix": [
                [
                    0.6034201979637146,
                    0.7872263193130493,
                    0.1271166056394577,
                    0.5124234557151794
                ],
                [
                    0.7974234223365784,
                    -0.5957038998603821,
                    -0.09619071334600449,
                    -0.38775718212127686
                ],
                [
                    0.0,
                    0.1594092845916748,
                    -0.9872125387191772,
                    -3.979581117630005
                ],
                [
                    0.0,
                    0.0,
                    0.0,
                    1.0
                ]
            ]
        },
        {
            "file_path": "/data/shapenet_blender/all_50_random/02958343/8922c6c3435f16fee694960c91796f38/r_30",
            "rotation": 0.12566370614359174,
            "transform_matrix": [
                [
                    -0.7882907390594482,
                    0.27217498421669006,
                    -0.551831841468811,
                    -2.2245054244995117
                ],
                [
                    -0.6153028011322021,
                    -0.34869498014450073,
                    0.7069753408432007,
                    2.8499088287353516
                ],
                [
                    1.4901160305669237e-08,
                    0.8968459367752075,
                    0.4423430562019348,
                    1.783141851425171
                ],
                [
                    0.0,
                    0.0,
                    0.0,
                    1.0
                ]
            ]
        },
        {
            "file_path": "/data/shapenet_blender/all_50_random/02958343/8922c6c3435f16fee694960c91796f38/r_31",
            "rotation": 0.12566370614359174,
            "transform_matrix": [
                [
                    0.24547253549098969,
                    0.06983499974012375,
                    0.9668847918510437,
                    3.897637367248535
                ],
                [
                    0.9694035649299622,
                    -0.01768363267183304,
                    -0.24483473598957062,
                    -0.9869604110717773
                ],
                [
                    1.862645149230957e-09,
                    0.997401773929596,
                    -0.07203914225101471,
                    -0.29039907455444336
                ],
                [
                    0.0,
                    0.0,
                    0.0,
                    1.0
                ]
            ]
        },
        {
            "file_path": "/data/shapenet_blender/all_50_random/02958343/8922c6c3435f16fee694960c91796f38/r_32",
            "rotation": 0.12566370614359174,
            "transform_matrix": [
                [
                    -0.5152124166488647,
                    0.106087826192379,
                    -0.8504713177680969,
                    -3.4283595085144043
                ],
                [
                    -0.8570625185966492,
                    -0.06377337127923965,
                    0.5112501978874207,
                    2.060915470123291
                ],
                [
                    0.0,
                    0.9923095107078552,
                    0.1237807497382164,
                    0.4989761710166931
                ],
                [
                    0.0,
                    0.0,
                    0.0,
                    1.0
                ]
            ]
        },
        {
            "file_path": "/data/shapenet_blender/all_50_random/02958343/8922c6c3435f16fee694960c91796f38/r_33",
            "rotation": 0.12566370614359174,
            "transform_matrix": [
                [
                    -0.9928466081619263,
                    0.03824016451835632,
                    -0.11310825496912003,
                    -0.4559539556503296
                ],
                [
                    -0.1193976178765297,
                    -0.3179847300052643,
                    0.9405476450920105,
                    3.791468858718872
                ],
                [
                    0.0,
                    0.947324275970459,
                    0.32027581334114075,
                    1.2910730838775635
                ],
                [
                    0.0,
                    0.0,
                    0.0,
                    1.0
                ]
            ]
        },
        {
            "file_path": "/data/shapenet_blender/all_50_random/02958343/8922c6c3435f16fee694960c91796f38/r_34",
            "rotation": 0.12566370614359174,
            "transform_matrix": [
                [
                    -0.6161295771598816,
                    0.3621954321861267,
                    -0.6994275450706482,
                    -2.8194825649261475
                ],
                [
                    -0.7876449227333069,
                    -0.2833247780799866,
                    0.5471221804618835,
                    2.2055201530456543
                ],
                [
                    0.0,
                    0.8879985809326172,
                    0.4598461091518402,
                    1.853698968887329
                ],
                [
                    0.0,
                    0.0,
                    0.0,
                    1.0
                ]
            ]
        },
        {
            "file_path": "/data/shapenet_blender/all_50_random/02958343/8922c6c3435f16fee694960c91796f38/r_35",
            "rotation": 0.12566370614359174,
            "transform_matrix": [
                [
                    0.8089369535446167,
                    -0.2972169518470764,
                    -0.5072306990623474,
                    -2.044712543487549
                ],
                [
                    -0.5878953337669373,
                    -0.40896695852279663,
                    -0.697943389415741,
                    -2.813499927520752
                ],
                [
                    1.4901160305669237e-08,
                    0.8627907633781433,
                    -0.5055609941482544,
                    -2.0379817485809326
                ],
                [
                    0.0,
                    0.0,
                    0.0,
                    1.0
                ]
            ]
        },
        {
            "file_path": "/data/shapenet_blender/all_50_random/02958343/8922c6c3435f16fee694960c91796f38/r_36",
            "rotation": 0.12566370614359174,
            "transform_matrix": [
                [
                    0.9450420141220093,
                    -0.08239949494600296,
                    -0.31639543175697327,
                    -1.2754307985305786
                ],
                [
                    -0.32694917917251587,
                    -0.23817457258701324,
                    -0.9145365357398987,
                    -3.686614751815796
                ],
                [
                    0.0,
                    0.967720627784729,
                    -0.25202539563179016,
                    -1.015946865081787
                ],
                [
                    0.0,
                    0.0,
                    0.0,
                    1.0
                ]
            ]
        },
        {
            "file_path": "/data/shapenet_blender/all_50_random/02958343/8922c6c3435f16fee694960c91796f38/r_37",
            "rotation": 0.12566370614359174,
            "transform_matrix": [
                [
                    0.7981465458869934,
                    -0.14269977807998657,
                    0.5853193402290344,
                    2.3594980239868164
                ],
                [
                    0.6024632453918457,
                    0.18904942274093628,
                    -0.7754341959953308,
                    -3.125875473022461
                ],
                [
                    7.450580152834618e-09,
                    0.9715436100959778,
                    0.23686052858829498,
                    0.9548153877258301
                ],
                [
                    0.0,
                    0.0,
                    0.0,
                    1.0
                ]
            ]
        },
        {
            "file_path": "/data/shapenet_blender/all_50_random/02958343/8922c6c3435f16fee694960c91796f38/r_38",
            "rotation": 0.12566370614359174,
            "transform_matrix": [
                [
                    0.06880791485309601,
                    -0.3532339036464691,
                    -0.9330011606216431,
                    -3.7610480785369873
                ],
                [
                    -0.9976299405097961,
                    -0.02436303347349167,
                    -0.06435038149356842,
                    -0.2594046890735626
                ],
                [
                    -1.862645149230957e-09,
                    0.9352177381515503,
                    -0.35407310724258423,
                    -1.4273144006729126
                ],
                [
                    0.0,
                    0.0,
                    0.0,
                    1.0
                ]
            ]
        },
        {
            "file_path": "/data/shapenet_blender/all_50_random/02958343/8922c6c3435f16fee694960c91796f38/r_39",
            "rotation": 0.12566370614359174,
            "transform_matrix": [
                [
                    -0.7762990593910217,
                    0.32760584354400635,
                    0.5385482311248779,
                    2.170957326889038
                ],
                [
                    0.6303648352622986,
                    0.4034491181373596,
                    0.6632262468338013,
                    2.673550605773926
                ],
                [
                    -1.4901161193847656e-08,
                    0.8543437719345093,
                    -0.5197083353996277,
                    -2.0950112342834473
                ],
                [
                    0.0,
                    0.0,
                    0.0,
                    1.0
                ]
            ]
        },
        {
            "file_path": "/data/shapenet_blender/all_50_random/02958343/8922c6c3435f16fee694960c91796f38/r_40",
            "rotation": 0.12566370614359174,
            "transform_matrix": [
                [
                    -0.36835142970085144,
                    0.1828586906194687,
                    -0.9115261435508728,
                    -3.6744794845581055
                ],
                [
                    -0.9296866655349731,
                    -0.07245049625635147,
                    0.36115604639053345,
                    1.4558665752410889
                ],
                [
                    0.0,
                    0.9804660677909851,
                    0.1966884881258011,
                    0.792876660823822
                ],
                [
                    0.0,
                    0.0,
                    0.0,
                    1.0
                ]
            ]
        },
        {
            "file_path": "/data/shapenet_blender/all_50_random/02958343/8922c6c3435f16fee694960c91796f38/r_41",
            "rotation": 0.12566370614359174,
            "transform_matrix": [
                [
                    0.2526017129421234,
                    0.9594294428825378,
                    0.1252499669790268,
                    0.5048987865447998
                ],
                [
                    0.967570424079895,
                    -0.2504763603210449,
                    -0.03269876539707184,
                    -0.1318129450082779
                ],
                [
