{
    "class": "02958343",
    "model": "4b7f9ec47ede386222f104fd8dca95f6",
    "remove_doubles": true,
    "edge_split": true,
    "denoise": true,
    "camera_angle_x": 0.6911112070083618,
    "scale_factor": 2.27557685205116,
    "hdri_file": "/data/IndoorHDRDataset2018/AG8A4232-b2f0bac421.exr",
    "center_offset": [
        0.0,
        1.7462298274040222e-10,
        0.0
    ],
    "lights": [],
    "frames": [
        {
            "file_path": "/data/shapenet_blender/all_50_random/02958343/4b7f9ec47ede386222f104fd8dca95f6/r_0",
            "rotation": 0.12566370614359174,
            "transform_matrix": [
                [
                    -0.9348593950271606,
                    0.15322837233543396,
                    -0.32024815678596497,
                    -1.2909616231918335
                ],
                [
                    -0.3550180196762085,
                    -0.40349215269088745,
                    0.8433008193969727,
                    3.399454355239868
                ],
                [
                    -1.4901160305669237e-08,
                    0.9020615816116333,
                    0.43160727620124817,
                    1.7398645877838135
                ],
                [
                    0.0,
                    0.0,
                    0.0,
                    1.0
                ]
            ]
        },
        {
            "file_path": "/data/shapenet_blender/all_50_random/02958343/4b7f9ec47ede386222f104fd8dca95f6/r_1",
            "rotation": 0.12566370614359174,
            "transform_matrix": [
                [
                    -0.9908968210220337,
                    -0.05437113717198372,
                    -0.12315605580806732,
                    -0.49645787477493286
                ],
                [
                    -0.13462406396865845,
                    0.400197297334671,
                    0.9064869284629822,
                    3.654165267944336
                ],
                [
                    -3.725290742551124e-09,
                    0.9148145318031311,
                    -0.4038739800453186,
                    -1.6280678510665894
                ],
                [
                    0.0,
                    0.0,
                    0.0,
                    1.0
                ]
            ]
        },
        {
            "file_path": "/data/shapenet_blender/all_50_random/02958343/4b7f9ec47ede386222f104fd8dca95f6/r_2",
            "rotation": 0.12566370614359174,
            "transform_matrix": [
                [
                    -0.707482635974884,
                    0.40904316306114197,
                    0.576326310634613,
                    2.3232457637786865
                ],
                [
                    0.7067307233810425,
                    0.4094783365726471,
                    0.5769394636154175,
                    2.3257174491882324
                ],
                [
                    0.0,
                    0.8154821395874023,
                    -0.5787821412086487,
                    -2.3331453800201416
                ],
                [
                    0.0,
                    0.0,
                    0.0,
                    1.0
                ]
            ]
        },
        {
            "file_path": "/data/shapenet_blender/all_50_random/02958343/4b7f9ec47ede386222f104fd8dca95f6/r_3",
            "rotation": 0.12566370614359174,
            "transform_matrix": [
                [
                    0.971000611782074,
                    0.235693097114563,
                    -0.04008390009403229,
                    -0.16158336400985718
                ],
                [
                    -0.2390773445367813,
                    0.9572556614875793,
                    -0.16279874742031097,
                    -0.6562627553939819
                ],
                [
                    0.0,
                    0.16766078770160675,
                    0.9858447313308716,
                    3.974067211151123
                ],
                [
                    0.0,
                    0.0,
                    0.0,
                    1.0
                ]
            ]
        },
        {
            "file_path": "/data/shapenet_blender/all_50_random/02958343/4b7f9ec47ede386222f104fd8dca95f6/r_4",
            "rotation": 0.12566370614359174,
            "transform_matrix": [
                [
                    -0.8998776078224182,
                    0.00646575354039669,
                    0.43609464168548584,
                    1.7579535245895386
                ],
                [
                    0.43614253401756287,
                    0.013340562582015991,
                    0.8997787833213806,
                    3.6271238327026367
                ],
                [
                    0.0,
                    0.9998900890350342,
                    -0.014824867248535156,
                    -0.05976094305515289
                ],
                [
                    0.0,
                    0.0,
                    0.0,
                    1.0
                ]
            ]
        },
        {
            "file_path": "/data/shapenet_blender/all_50_random/02958343/4b7f9ec47ede386222f104fd8dca95f6/r_5",
            "rotation": 0.12566370614359174,
            "transform_matrix": [
                [
                    -0.10722316801548004,
                    -0.6078746914863586,
                    -0.7867600917816162,
                    -3.1715314388275146
                ],
                [
                    -0.9942350387573242,
                    0.06555617600679398,
                    0.08484805375337601,
                    0.3420334458351135
                ],
                [
                    0.0,
                    0.7913219928741455,
                    -0.6113994717597961,
                    -2.464630126953125
                ],
                [
                    0.0,
                    0.0,
                    0.0,
                    1.0
                ]
            ]
        },
        {
            "file_path": "/data/shapenet_blender/all_50_random/02958343/4b7f9ec47ede386222f104fd8dca95f6/r_6",
            "rotation": 0.12566370614359174,
            "transform_matrix": [
                [
                    -0.99643874168396,
                    -0.05776000767946243,
                    0.06142982840538025,
                    0.24763156473636627
                ],
                [
                    0.08431988954544067,
                    -0.6825709939002991,
                    0.725938618183136,
                    2.9263522624969482
                ],
                [
                    0.0,
                    0.7285330891609192,
                    0.685010552406311,
                    2.7613658905029297
                ],
                [
                    0.0,
                    0.0,
                    0.0,
                    1.0
                ]
            ]
        },
        {
            "file_path": "/data/shapenet_blender/all_50_random/02958343/4b7f9ec47ede386222f104fd8dca95f6/r_7",
            "rotation": 0.12566370614359174,
            "transform_matrix": [
                [
                    0.5237838625907898,
                    0.6602243781089783,
                    0.5382881760597229,
                    2.1699092388153076
                ],
                [
                    0.851851224899292,
                    -0.405956894159317,
                    -0.3309811055660248,
                    -1.3342276811599731
                ],
                [
                    0.0,
                    0.6319040060043335,
                    -0.7750465273857117,
                    -3.12431263923645
                ],
                [
                    0.0,
                    0.0,
                    0.0,
                    1.0
                ]
            ]
        },
        {
            "file_path": "/data/shapenet_blender/all_50_random/02958343/4b7f9ec47ede386222f104fd8dca95f6/r_8",
            "rotation": 0.12566370614359174,
            "transform_matrix": [
                [
                    0.7899794578552246,
                    -0.029178766533732414,
                    -0.6124385595321655,
                    -2.468818426132202
                ],
                [
                    -0.6131332516670227,
                    -0.037594810128211975,
                    -0.7890844941139221,
                    -3.180901050567627
                ],
                [
                    0.0,
                    0.9988669753074646,
                    -0.047589607536792755,
                    -0.1918398141860962
                ],
                [
                    0.0,
                    0.0,
                    0.0,
                    1.0
                ]
            ]
        },
        {
            "file_path": "/data/shapenet_blender/all_50_random/02958343/4b7f9ec47ede386222f104fd8dca95f6/r_9",
            "rotation": 0.12566370614359174,
            "transform_matrix": [
                [
                    0.36860454082489014,
                    -0.04919308423995972,
                    -0.9282837510108948,
                    -3.7420315742492676
                ],
                [
                    -0.9295863509178162,
                    -0.0195063054561615,
                    -0.368088036775589,
                    -1.483810305595398
                ],
                [
                    0.0,
                    0.9985986948013306,
                    -0.052919335663318634,
                    -0.2133246660232544
                ],
                [
                    0.0,
                    0.0,
                    0.0,
                    1.0
                ]
            ]
        },
        {
            "file_path": "/data/shapenet_blender/all_50_random/02958343/4b7f9ec47ede386222f104fd8dca95f6/r_10",
            "rotation": 0.12566370614359174,
            "transform_matrix": [
                [
                    0.3654424548149109,
                    0.06998440623283386,
                    0.928199291229248,
                    3.7416908740997314
                ],
                [
                    0.9308339357376099,
                    -0.027475658804178238,
                    -0.36440813541412354,
                    -1.4689761400222778
                ],
                [
                    -1.8626450382086546e-09,
                    0.997169554233551,
                    -0.07518463581800461,
                    -0.30307894945144653
                ],
                [
                    0.0,
                    0.0,
                    0.0,
                    1.0
                ]
            ]
        },
        {
            "file_path": "/data/shapenet_blender/all_50_random/02958343/4b7f9ec47ede386222f104fd8dca95f6/r_11",
            "rotation": 0.12566370614359174,
            "transform_matrix": [
                [
                    -0.7327514886856079,
                    0.18711063265800476,
                    0.6542667150497437,
                    2.6374335289001465
                ],
                [
                    0.6804963946342468,
                    0.20147880911827087,
                    0.7045076489448547,
                    2.839961051940918
                ],
                [
                    0.0,
                    0.9614551067352295,
                    -0.27496203780174255,
                    -1.1084073781967163
                ],
                [
                    0.0,
                    0.0,
                    0.0,
                    1.0
                ]
            ]
        },
        {
            "file_path": "/data/shapenet_blender/all_50_random/02958343/4b7f9ec47ede386222f104fd8dca95f6/r_12",
            "rotation": 0.12566370614359174,
            "transform_matrix": [
                [
                    -0.8625105023384094,
                    0.0012867384357377887,
                    -0.5060374140739441,
                    -2.0399022102355957
                ],
                [
                    -0.5060391426086426,
                    -0.002193161053583026,
                    0.8625076413154602,
                    3.476879835128784
                ],
                [
                    1.1641532182693481e-10,
                    0.9999967813491821,
                    0.0025427641812711954,
                    0.010250210762023926
                ],
                [
                    0.0,
                    0.0,
                    0.0,
                    1.0
                ]
            ]
        },
        {
            "file_path": "/data/shapenet_blender/all_50_random/02958343/4b7f9ec47ede386222f104fd8dca95f6/r_13",
            "rotation": 0.12566370614359174,
            "transform_matrix": [
                [
                    -0.9928179979324341,
                    0.06848481297492981,
                    -0.09809411317110062,
                    -0.3954300284385681
                ],
                [
                    -0.11963540315628052,
                    -0.5683347582817078,
                    0.8140534162521362,
                    3.2815542221069336
                ],
                [
                    3.725290742551124e-09,
                    0.8199422359466553,
                    0.5724461674690247,
                    2.3076043128967285
                ],
                [
                    0.0,
                    0.0,
                    0.0,
                    1.0
                ]
            ]
        },
        {
            "file_path": "/data/shapenet_blender/all_50_random/02958343/4b7f9ec47ede386222f104fd8dca95f6/r_14",
            "rotation": 0.12566370614359174,
            "transform_matrix": [
                [
                    -0.3515501320362091,
                    0.8553546071052551,
                    -0.3805009722709656,
                    -1.533848524093628
                ],
                [
                    -0.9361689686775208,
                    -0.32120272517204285,
                    0.1428857147693634,
                    0.5759907364845276
                ],
                [
                    7.450580152834618e-09,
                    0.4064446985721588,
                    0.9136753678321838,
                    3.683143138885498
                ],
                [
                    0.0,
                    0.0,
                    0.0,
                    1.0
                ]
            ]
        },
        {
            "file_path": "/data/shapenet_blender/all_50_random/02958343/4b7f9ec47ede386222f104fd8dca95f6/r_15",
            "rotation": 0.12566370614359174,
            "transform_matrix": [
                [
                    -0.32820212841033936,
                    0.1998365968465805,
                    -0.9232273697853088,
                    -3.7216482162475586
                ],
                [
                    -0.9446075558662415,
                    -0.06943285465240479,
                    0.3207736313343048,
                    1.2930797338485718
                ],
                [
                    -7.450580596923828e-09,
                    0.9773659706115723,
                    0.21155521273612976,
                    0.8528062105178833
                ],
                [
                    0.0,
                    0.0,
                    0.0,
                    1.0
                ]
            ]
        },
        {
            "file_path": "/data/shapenet_blender/all_50_random/02958343/4b7f9ec47ede386222f104fd8dca95f6/r_16",
            "rotation": 0.12566370614359174,
            "transform_matrix": [
                [
                    -0.44306498765945435,
                    -0.5947486162185669,
                    0.6707960963249207,
                    2.7040657997131348
                ],
                [
                    0.8964896202087402,
                    -0.29393792152404785,
                    0.33152228593826294,
                    1.3364092111587524
                ],
                [
                    -1.4901162970204496e-08,
                    0.7482475638389587,
                    0.6634194254875183,
                    2.6743295192718506
                ],
                [
                    0.0,
                    0.0,
                    0.0,
                    1.0
                ]
            ]
        },
        {
            "file_path": "/data/shapenet_blender/all_50_random/02958343/4b7f9ec47ede386222f104fd8dca95f6/r_17",
            "rotation": 0.12566370614359174,
            "transform_matrix": [
                [
                    0.903712272644043,
                    0.2981248199939728,
                    -0.3072876036167145,
                    -1.2387161254882812
                ],
                [
                    -0.4281402826309204,
                    0.6292775273323059,
                    -0.648618221282959,
                    -2.61466383934021
                ],
                [
                    -1.4901161193847656e-08,
                    0.717726469039917,
                    0.6963250637054443,
                    2.806976318359375
                ],
                [
                    0.0,
                    0.0,
                    0.0,
                    1.0
                ]
            ]
        },
        {
            "file_path": "/data/shapenet_blender/all_50_random/02958343/4b7f9ec47ede386222f104fd8dca95f6/r_18",
            "rotation": 0.12566370614359174,
            "transform_matrix": [
                [
                    -0.9686586856842041,
                    -0.1403520405292511,
                    0.20494301617145538,
                    0.8261517286300659
                ],
                [
                    0.24839553236961365,
                    -0.5473255515098572,
                    0.7992085218429565,
                    3.221712589263916
                ],
                [
                    0.0,
                    0.8250671625137329,
                    0.5650345683097839,
                    2.2777271270751953
                ],
                [
                    0.0,
                    0.0,
                    0.0,
                    1.0
                ]
            ]
        },
        {
            "file_path": "/data/shapenet_blender/all_50_random/02958343/4b7f9ec47ede386222f104fd8dca95f6/r_19",
            "rotation": 0.12566370614359174,
            "transform_matrix": [
                [
                    -0.07268480211496353,
                    -0.6005785465240479,
                    0.7962551712989807,
                    3.2098071575164795
                ],
                [
                    0.9973549842834473,
                    -0.043768707662820816,
                    0.05802914500236511,
                    0.23392295837402344
                ],
                [
                    0.0,
                    0.7983668446540833,
                    0.6021713614463806,
                    2.4274303913116455
                ],
                [
                    0.0,
                    0.0,
                    0.0,
                    1.0
                ]
            ]
        },
        {
            "file_path": "/data/shapenet_blender/all_50_random/02958343/4b7f9ec47ede386222f104fd8dca95f6/r_20",
            "rotation": 0.12566370614359174,
            "transform_matrix": [
                [
                    -0.5832494497299194,
                    -0.2185138463973999,
                    -0.7823501229286194,
                    -3.153754472732544
                ],
                [
                    -0.8122930526733398,
                    0.15689913928508759,
                    0.5617495179176331,
                    2.2644848823547363
                ],
                [
                    1.4901160305669237e-08,
                    0.9631377458572388,
                    -0.269008606672287,
                    -1.0844085216522217
                ],
                [
                    0.0,
                    0.0,
                    0.0,
                    1.0
                ]
            ]
        },
        {
            "file_path": "/data/shapenet_blender/all_50_random/02958343/4b7f9ec47ede386222f104fd8dca95f6/r_21",
            "rotation": 0.12566370614359174,
            "transform_matrix": [
                [
                    0.16513144969940186,
                    -0.2093166559934616,
                    -0.9638040065765381,
                    -3.8852181434631348
                ],
                [
                    -0.9862716197967529,
                    -0.035045888274908066,
                    -0.1613697111606598,
                    -0.65050208568573
                ],
                [
                    0.0,
                    0.9772197008132935,
                    -0.21223028004169464,
                    -0.8555276393890381
                ],
                [
                    0.0,
                    0.0,
                    0.0,
                    1.0
                ]
            ]
        },
        {
            "file_path": "/data/shapenet_blender/all_50_random/02958343/4b7f9ec47ede386222f104fd8dca95f6/r_22",
            "rotation": 0.12566370614359174,
            "transform_matrix": [
                [
                    0.9912071824073792,
                    0.0400238074362278,
                    -0.12612080574035645,
                    -0.5084092020988464
                ],
                [
                    -0.13231916725635529,
                    0.2998196482658386,
                    -0.9447749853134155,
                    -3.8085098266601562
                ],
                [
                    3.725290298461914e-09,
                    0.9531559348106384,
                    0.30247926712036133,
                    1.2193329334259033
                ],
                [
                    0.0,
                    0.0,
                    0.0,
                    1.0
                ]
            ]
        },
        {
            "file_path": "/data/shapenet_blender/all_50_random/02958343/4b7f9ec47ede386222f104fd8dca95f6/r_23",
            "rotation": 0.12566370614359174,
            "transform_matrix": [
                [
                    -0.9226565361022949,
                    0.0118170827627182,
                    -0.3854416012763977,
                    -1.5537649393081665
                ],
                [
                    -0.3856227397918701,
                    -0.02827403135597706,
                    0.9222231507301331,
                    3.7176005840301514
                ],
                [
                    -9.313225746154785e-10,
                    0.9995302557945251,
                    0.03064415603876114,
                    0.1235305517911911
                ],
                [
                    0.0,
                    0.0,
                    0.0,
                    1.0
                ]
            ]
        },
        {
            "file_path": "/data/shapenet_blender/all_50_random/02958343/4b7f9ec47ede386222f104fd8dca95f6/r_24",
            "rotation": 0.12566370614359174,
            "transform_matrix": [
                [
                    -0.8960046768188477,
                    0.09143451601266861,
                    -0.4345289468765259,
                    -1.7516422271728516
                ],
                [
                    -0.44404470920562744,
                    -0.1844988912343979,
                    0.8768035769462585,
                    3.534508228302002
                ],
                [
                    0.0,
                    0.9785703420639038,
                    0.20591287314891815,
                    0.8300613164901733
                ],
                [
                    0.0,
                    0.0,
                    0.0,
                    1.0
                ]
            ]
        },
        {
            "file_path": "/data/shapenet_blender/all_50_random/02958343/4b7f9ec47ede386222f104fd8dca95f6/r_25",
            "rotation": 0.12566370614359174,
            "transform_matrix": [
                [
                    0.5998267531394958,
                    0.3944021165370941,
                    -0.6961714625358582,
                    -2.8063571453094482
                ],
                [
                    -0.8001298904418945,
                    0.2956681549549103,
                    -0.5218930840492249,
                    -2.103818655014038
                ],
                [
                    0.0,
                    0.870073139667511,
                    0.4929225742816925,
                    1.9870346784591675
                ],
                [
                    0.0,
                    0.0,
                    0.0,
                    1.0
                ]
            ]
        },
        {
            "file_path": "/data/shapenet_blender/all_50_random/02958343/4b7f9ec47ede386222f104fd8dca95f6/r_26",
            "rotation": 0.12566370614359174,
            "transform_matrix": [
                [
                    0.8189656734466553,
                    -0.1036994606256485,
                    0.5643949508666992,
                    2.27514910697937
                ],
                [
                    0.5738425850868225,
                    0.14799579977989197,
                    -0.8054823875427246,
                    -3.2470035552978516
                ],
                [
                    0.0,
                    0.9835362434387207,
                    0.18071064352989197,
                    0.7284679412841797
                ],
                [
                    0.0,
                    0.0,
                    0.0,
                    1.0
                ]
            ]
        },
        {
            "file_path": "/data/shapenet_blender/all_50_random/02958343/4b7f9ec47ede386222f104fd8dca95f6/r_27",
            "rotation": 0.12566370614359174,
            "transform_matrix": [
                [
                    -0.9299481511116028,
                    -0.12596945464611053,
                    -0.3454388976097107,
                    -1.3925087451934814
                ],
                [
                    -0.3676905035972595,
                    0.3185969293117523,
                    0.873670220375061,
                    3.5218772888183594
                ],
                [
                    1.4901160305669237e-08,
                    0.9394826889038086,
                    -0.3425963819026947,
                    -1.3810502290725708
                ],
                [
                    0.0,
                    0.0,
                    0.0,
                    1.0
                ]
            ]
        },
        {
            "file_path": "/data/shapenet_blender/all_50_random/02958343/4b7f9ec47ede386222f104fd8dca95f6/r_28",
            "rotation": 0.12566370614359174,
            "transform_matrix": [
                [
                    -0.05878303572535515,
                    0.06839429587125778,
                    0.9959251284599304,
                    4.014702320098877
                ],
                [
                    0.9982708692550659,
                    0.00402738805860281,
                    0.05864490568637848,
                    0.2364051640033722
                ],
                [
                    0.0,
                    0.997650146484375,
                    -0.06851278245449066,
                    -0.2761838436126709
                ],
                [
                    0.0,
                    0.0,
                    0.0,
                    1.0
                ]
            ]
        },
        {
            "file_path": "/data/shapenet_blender/all_50_random/02958343/4b7f9ec47ede386222f104fd8dca95f6/r_29",
            "rotation": 0.12566370614359174,
            "transform_matrix": [
                [
                    0.9156957268714905,
                    -0.1274479329586029,
                    -0.3811279237270355,
                    -1.5363757610321045
                ],
                [
                    -0.40187251567840576,
                    -0.2903994023799896,
                    -0.8684276938438416,
                    -3.500744104385376
                ],
                [
                    -7.450581485102248e-09,
                    0.9483802318572998,
                    -0.3171353042125702,
                    -1.2784132957458496
                ],
                [
                    0.0,
                    0.0,
                    0.0,
                    1.0
                ]
            ]
        },
        {
            "file_path": "/data/shapenet_blender/all_50_random/02958343/4b7f9ec47ede386222f104fd8dca95f6/r_30",
            "rotation": 0.12566370614359174,
            "transform_matrix": [
                [
                    -0.1376032680273056,
                    0.6756535768508911,
                    0.7242633700370789,
                    2.9195990562438965
                ],
                [
                    0.9904874563217163,
                    0.09386502951383591,
                    0.10061813145875931,
                    0.40560466051101685
                ],
                [
                    0.0,
                    0.7312190532684326,
                    -0.6821426153182983,
                    -2.749804735183716
                ],
                [
                    0.0,
                    0.0,
                    0.0,
                    1.0
                ]
            ]
        },
        {
            "file_path": "/data/shapenet_blender/all_50_random/02958343/4b7f9ec47ede386222f104fd8dca95f6/r_31",
            "rotation": 0.12566370614359174,
            "transform_matrix": [
                [
                    -0.995539665222168,
                    -0.015185226686298847,
                    -0.09311379492282867,
                    -0.37535375356674194
                ],
                [
                    -0.09434390068054199,
                    0.16023819148540497,
                    0.982559323310852,
                    3.9608235359191895
                ],
                [
                    9.313225746154785e-10,
                    0.9869614839553833,
                    -0.16095609962940216,
                    -0.6488348245620728
                ],
                [
                    0.0,
                    0.0,
                    0.0,
                    1.0
                ]
            ]
        },
        {
            "file_path": "/data/shapenet_blender/all_50_random/02958343/4b7f9ec47ede386222f104fd8dca95f6/r_32",
            "rotation": 0.12566370614359174,
            "transform_matrix": [
                [
                    -0.8400403261184692,
                    -0.0667666420340538,
                    0.5383999943733215,
                    2.1703600883483887
                ],
                [
                    0.5425241589546204,
                    -0.1033809632062912,
                    0.833654522895813,
                    3.3605690002441406
                ],
                [
                    -3.725290742551124e-09,
                    0.9923983812332153,
                    0.12306667864322662,
                    0.4960976839065552
                ],
                [
                    0.0,
                    0.0,
                    0.0,
                    1.0
                ]
            ]
        },
        {
            "file_path": "/data/shapenet_blender/all_50_random/02958343/4b7f9ec47ede386222f104fd8dca95f6/r_33",
            "rotation": 0.12566370614359174,
            "transform_matrix": [
                [
                    -0.7232436537742615,
                    0.12078596651554108,
                    -0.6799479722976685,
                    -2.7409579753875732
                ],
                [
                    -0.6905928254127502,
                    -0.12649664282798767,
                    0.7120954990386963,
                    2.870548725128174
                ],
                [
                    0.0,
                    0.9845857620239258,
                    0.17490185797214508,
                    0.7050519585609436
                ],
                [
                    0.0,
                    0.0,
                    0.0,
                    1.0
                ]
            ]
        },
        {
            "file_path": "/data/shapenet_blender/all_50_random/02958343/4b7f9ec47ede386222f104fd8dca95f6/r_34",
            "rotation": 0.12566370614359174,
            "transform_matrix": [
                [
                    -0.0866980031132698,
                    0.16008926928043365,
                    -0.9832878112792969,
                    -3.9637598991394043
                ],
                [
                    -0.9962347149848938,
                    -0.013931876979768276,
                    0.0855712890625,
                    0.3449488878250122
                ],
                [
                    9.313225746154785e-10,
                    0.987004280090332,
                    0.16069433093070984,
                    0.6477795839309692
                ],
                [
                    0.0,
                    0.0,
                    0.0,
                    1.0
                ]
            ]
        },
        {
            "file_path": "/data/shapenet_blender/all_50_random/02958343/4b7f9ec47ede386222f104fd8dca95f6/r_35",
            "rotation": 0.12566370614359174,
            "transform_matrix": [
                [
                    -0.5431855320930481,
                    0.2575574815273285,
                    0.7991330623626709,
                    3.2214083671569824
                ],
                [
                    0.8396126627922058,
                    0.1666262298822403,
                    0.5169973373413086,
                    2.084082841873169
                ],
                [
                    1.4901161193847656e-08,
                    0.9517876505851746,
                    -0.30675747990608215,
                    -1.2365789413452148
                ],
                [
                    0.0,
                    0.0,
                    0.0,
                    1.0
                ]
            ]
        },
        {
            "file_path": "/data/shapenet_blender/all_50_random/02958343/4b7f9ec47ede386222f104fd8dca95f6/r_36",
            "rotation": 0.12566370614359174,
            "transform_matrix": [
                [
                    0.9396414160728455,
                    0.04968714341521263,
                    0.33853402733802795,
                    1.3646743297576904
                ],
                [
                    0.3421609401702881,
                    -0.13645069301128387,
                    -0.9296811819076538,
                    -3.7476646900177
                ],
                [
                    0.0,
                    0.9894000887870789,
                    -0.145215705037117,
                    -0.5853832364082336
                ],
                [
                    0.0,
                    0.0,
                    0.0,
                    1.0
                ]
            ]
        },
        {
            "file_path": "/data/shapenet_blender/all_50_random/02958343/4b7f9ec47ede386222f104fd8dca95f6/r_37",
            "rotation": 0.12566370614359174,
            "transform_matrix": [
                [
                    -0.984772801399231,
                    -0.041907209903001785,
                    -0.16871975362300873,
                    -0.6801310777664185
                ],
                [
                    -0.17384639382362366,
                    0.23738817870616913,
                    0.9557323455810547,
                    3.852680206298828
                ],
                [
                    0.0,
                    0.9705104827880859,
                    -0.2410588413476944,
                    -0.9717392921447754
                ],
                [
                    0.0,
                    0.0,
                    0.0,
                    1.0
                ]
            ]
        },
        {
            "file_path": "/data/shapenet_blender/all_50_random/02958343/4b7f9ec47ede386222f104fd8dca95f6/r_38",
            "rotation": 0.12566370614359174,
            "transform_matrix": [
                [
                    -0.3568236827850342,
                    -0.1808094084262848,
                    -0.916506826877594,
                    -3.6945571899414062
                ],
                [
                    -0.9341717958450317,
                    0.06906339526176453,
                    0.35007619857788086,
                    1.411202311515808
                ],
                [
                    0.0,
                    0.9810901880264282,
                    -0.19355051219463348,
                    -0.7802270650863647
                ],
                [
                    0.0,
                    0.0,
                    0.0,
                    1.0
                ]
            ]
        },
        {
            "file_path": "/data/shapenet_blender/all_50_random/02958343/4b7f9ec47ede386222f104fd8dca95f6/r_39",
            "rotation": 0.12566370614359174,
            "transform_matrix": [
                [
                    -0.8514116406440735,
                    0.07002396881580353,
                    0.5198026895523071,
                    2.0953917503356934
                ],
                [
                    0.5244981050491333,
                    0.11366908997297287,
                    0.8437896966934204,
                    3.4014251232147217
                ],
                [
                    3.725290298461914e-09,
                    0.9910479784011841,
                    -0.13350661098957062,
                    -0.5381823778152466
                ],
                [
                    0.0,
                    0.0,
                    0.0,
                    1.0
                ]
            ]
        },
        {
            "file_path": "/data/shapenet_blender/all_50_random/02958343/4b7f9ec47ede386222f104fd8dca95f6/r_40",
            "rotation": 0.12566370614359174,
            "transform_matrix": [
                [
                    -0.421423077583313,
                    0.08959536999464035,
                    -0.9024274349212646,
                    -3.6378014087677
                ],
                [
                    -0.9068641662597656,
                    -0.04163529723882675,
                    0.41936132311820984,
                    1.6904995441436768
                ],
                [
                    0.0,
                    0.9951075911521912,
                    0.09879690408706665,
                    0.3982630670070648
                ],
                [
                    0.0,
                    0.0,
                    0.0,
                    1.0
                ]
            ]
        },
        {
            "file_path": "/data/shapenet_blender/all_50_random/02958343/4b7f9ec47ede386222f104fd8dca95f6/r_41",
            "rotation": 0.12566370614359174,
            "transform_matrix": [
                [
                    0.6357762813568115,
                    0.0768977701663971,
                    -0.7680332660675049,
                    -3.096041440963745
                ],
                [
                    -0.7718733549118042,
                    0.06333912163972855,
                    -0.6326132416725159,
                    -2.5501458644866943
                ],
                [
                    7.450580596923828e-09,
