{
    "class": "02958343",
    "model": "fd3b75f7f1e9172fb6f657757c95f74e",
    "remove_doubles": true,
    "edge_split": true,
    "denoise": true,
    "camera_angle_x": 0.6911112070083618,
    "scale_factor": 2.1185678075031213,
    "hdri_file": "/data/IndoorHDRDataset2018/9C4A7987-e0d7f3983e.exr",
    "center_offset": [
        0.0,
        0.0,
        -5.587935447692871e-09
    ],
    "lights": [],
    "frames": [
        {
            "file_path": "/data/shapenet_blender/all_50_random/02958343/fd3b75f7f1e9172fb6f657757c95f74e/r_0",
            "rotation": 0.12566370614359174,
            "transform_matrix": [
                [
                    -0.661412239074707,
                    -0.04779686778783798,
                    -0.7484980225563049,
                    -3.017292022705078
                ],
                [
                    -0.7500225901603699,
                    0.04214997962117195,
                    0.6600678563117981,
                    2.660818576812744
                ],
                [
                    0.0,
                    0.9979673027992249,
                    -0.0637272447347641,
                    -0.25689274072647095
                ],
                [
                    0.0,
                    0.0,
                    0.0,
                    1.0
                ]
            ]
        },
        {
            "file_path": "/data/shapenet_blender/all_50_random/02958343/fd3b75f7f1e9172fb6f657757c95f74e/r_1",
            "rotation": 0.12566370614359174,
            "transform_matrix": [
                [
                    -0.8947922587394714,
                    0.13550393283367157,
                    0.42542383074760437,
                    1.7149381637573242
                ],
                [
                    0.4464825689792633,
                    0.2715623676776886,
                    0.8525885343551636,
                    3.436893939971924
                ],
                [
                    0.0,
                    0.9528339505195618,
                    -0.30349209904670715,
                    -1.2234156131744385
                ],
                [
                    0.0,
                    0.0,
                    0.0,
                    1.0
                ]
            ]
        },
        {
            "file_path": "/data/shapenet_blender/all_50_random/02958343/fd3b75f7f1e9172fb6f657757c95f74e/r_2",
            "rotation": 0.12566370614359174,
            "transform_matrix": [
                [
                    -0.8152893781661987,
                    -0.0008877896470949054,
                    -0.5790529251098633,
                    -2.3342373371124268
                ],
                [
                    -0.5790536403656006,
                    0.0012499800650402904,
                    0.8152883648872375,
                    3.2865328788757324
                ],
                [
                    5.8207657444020455e-11,
                    0.9999988675117493,
                    -0.0015331730246543884,
                    -0.0061804186552762985
                ],
                [
                    0.0,
                    0.0,
                    0.0,
                    1.0
                ]
            ]
        },
        {
            "file_path": "/data/shapenet_blender/all_50_random/02958343/fd3b75f7f1e9172fb6f657757c95f74e/r_3",
            "rotation": 0.12566370614359174,
            "transform_matrix": [
                [
                    0.18644265830516815,
                    0.5364845395088196,
                    0.8230573534965515,
                    3.317850351333618
                ],
                [
                    0.9824658632278442,
                    -0.10180874168872833,
                    -0.15619170665740967,
                    -0.6296288967132568
                ],
                [
                    -7.450581485102248e-09,
                    0.8377465009689331,
                    -0.5460591912269592,
                    -2.201235055923462
                ],
                [
                    0.0,
                    0.0,
                    0.0,
                    1.0
                ]
            ]
        },
        {
            "file_path": "/data/shapenet_blender/all_50_random/02958343/fd3b75f7f1e9172fb6f657757c95f74e/r_4",
            "rotation": 0.12566370614359174,
            "transform_matrix": [
                [
                    0.3911064863204956,
                    -0.7621775269508362,
                    0.5158693194389343,
                    2.079535961151123
                ],
                [
                    0.9203455448150635,
                    0.3238919973373413,
                    -0.21922184526920319,
                    -0.883711576461792
                ],
                [
                    1.4901162970204496e-08,
                    0.5605171918869019,
                    0.8281427025794983,
                    3.338350296020508
                ],
                [
                    0.0,
                    0.0,
                    0.0,
                    1.0
                ]
            ]
        },
        {
            "file_path": "/data/shapenet_blender/all_50_random/02958343/fd3b75f7f1e9172fb6f657757c95f74e/r_5",
            "rotation": 0.12566370614359174,
            "transform_matrix": [
                [
                    -0.6079443693161011,
                    0.012090137228369713,
                    0.7938875555992126,
                    3.200263023376465
                ],
                [
                    0.7939795851707458,
                    0.009257329627871513,
                    0.6078739166259766,
                    2.45041823387146
                ],
                [
                    0.0,
                    0.9998840689659119,
                    -0.015227263793349266,
                    -0.06138306483626366
                ],
                [
                    0.0,
                    0.0,
                    0.0,
                    1.0
                ]
            ]
        },
        {
            "file_path": "/data/shapenet_blender/all_50_random/02958343/fd3b75f7f1e9172fb6f657757c95f74e/r_6",
            "rotation": 0.12566370614359174,
            "transform_matrix": [
                [
                    0.11240541189908981,
                    -0.23604895174503326,
                    0.9652180075645447,
                    3.890918254852295
                ],
                [
                    0.9936624765396118,
                    0.026702407747507095,
                    -0.10918770730495453,
                    -0.44014972448349
                ],
                [
                    0.0,
                    0.9713741540908813,
                    0.23755447566509247,
                    0.9576126933097839
                ],
                [
                    0.0,
                    0.0,
                    0.0,
                    1.0
                ]
            ]
        },
        {
            "file_path": "/data/shapenet_blender/all_50_random/02958343/fd3b75f7f1e9172fb6f657757c95f74e/r_7",
            "rotation": 0.12566370614359174,
            "transform_matrix": [
                [
                    0.7888342142105103,
                    0.4331470727920532,
                    -0.43603232502937317,
                    -1.7577024698257446
                ],
                [
                    -0.6146060824394226,
                    0.5559353232383728,
                    -0.559638500213623,
                    -2.2559750080108643
                ],
                [
                    0.0,
                    0.7094500660896301,
                    0.7047556638717651,
                    2.84096097946167
                ],
                [
                    0.0,
                    0.0,
                    0.0,
                    1.0
                ]
            ]
        },
        {
            "file_path": "/data/shapenet_blender/all_50_random/02958343/fd3b75f7f1e9172fb6f657757c95f74e/r_8",
            "rotation": 0.12566370614359174,
            "transform_matrix": [
                [
                    0.994236171245575,
                    0.001571341184899211,
                    -0.10720053315162659,
                    -0.43213915824890137
                ],
                [
                    -0.10721205174922943,
                    0.014571908861398697,
                    -0.9941293597221375,
                    -4.007463455200195
                ],
                [
                    0.0,
                    0.9998925924301147,
                    0.014656384475529194,
                    0.05908177047967911
                ],
                [
                    0.0,
                    0.0,
                    0.0,
                    1.0
                ]
            ]
        },
        {
            "file_path": "/data/shapenet_blender/all_50_random/02958343/fd3b75f7f1e9172fb6f657757c95f74e/r_9",
            "rotation": 0.12566370614359174,
            "transform_matrix": [
                [
                    0.6838566064834595,
                    -0.2267840951681137,
                    0.6934760808944702,
                    2.7954914569854736
                ],
                [
                    0.7296164631843567,
                    0.2125607281923294,
                    -0.6499829292297363,
                    -2.6201651096343994
                ],
                [
                    1.4901162970204496e-08,
                    0.9504665732383728,
                    0.31082648038864136,
                    1.2529816627502441
                ],
                [
                    0.0,
                    0.0,
                    0.0,
                    1.0
                ]
            ]
        },
        {
            "file_path": "/data/shapenet_blender/all_50_random/02958343/fd3b75f7f1e9172fb6f657757c95f74e/r_10",
            "rotation": 0.12566370614359174,
            "transform_matrix": [
                [
                    0.5546718239784241,
                    -0.13762223720550537,
                    -0.8206090927124023,
                    -3.307981014251709
                ],
                [
                    -0.8320692777633667,
                    -0.09174137562513351,
                    -0.5470322966575623,
                    -2.20515775680542
                ],
                [
                    0.0,
                    0.9862269163131714,
                    -0.16539758443832397,
                    -0.6667389869689941
                ],
                [
                    0.0,
                    0.0,
                    0.0,
                    1.0
                ]
            ]
        },
        {
            "file_path": "/data/shapenet_blender/all_50_random/02958343/fd3b75f7f1e9172fb6f657757c95f74e/r_11",
            "rotation": 0.12566370614359174,
            "transform_matrix": [
                [
                    -0.8185620903968811,
                    0.38903072476387024,
                    -0.42262405157089233,
                    -1.703652024269104
                ],
                [
                    -0.5744178891181946,
                    -0.5543799996376038,
                    0.6022514700889587,
                    2.427753448486328
                ],
                [
                    0.0,
                    0.7357431650161743,
                    0.67726069688797,
                    2.7301251888275146
                ],
                [
                    0.0,
                    0.0,
                    0.0,
                    1.0
                ]
            ]
        },
        {
            "file_path": "/data/shapenet_blender/all_50_random/02958343/fd3b75f7f1e9172fb6f657757c95f74e/r_12",
            "rotation": 0.12566370614359174,
            "transform_matrix": [
                [
                    0.747429370880127,
                    0.5171363353729248,
                    -0.4170363247394562,
                    -1.6811271905899048
                ],
                [
                    -0.6643412113189697,
                    0.5818138122558594,
                    -0.4691944420337677,
                    -1.8913832902908325
                ],
                [
                    0.0,
                    0.6277440786361694,
                    0.7784196734428406,
                    3.1379101276397705
                ],
                [
                    0.0,
                    0.0,
                    0.0,
                    1.0
                ]
            ]
        },
        {
            "file_path": "/data/shapenet_blender/all_50_random/02958343/fd3b75f7f1e9172fb6f657757c95f74e/r_13",
            "rotation": 0.12566370614359174,
            "transform_matrix": [
                [
                    -0.977120578289032,
                    0.02398454211652279,
                    -0.2113298773765564,
                    -0.8518980741500854
                ],
                [
                    -0.21268661320209503,
                    -0.11018931120634079,
                    0.9708875417709351,
                    3.9137730598449707
                ],
                [
                    -1.862645371275562e-09,
                    0.9936211705207825,
                    0.11276941001415253,
                    0.45458805561065674
                ],
                [
                    0.0,
                    0.0,
                    0.0,
                    1.0
                ]
            ]
        },
        {
            "file_path": "/data/shapenet_blender/all_50_random/02958343/fd3b75f7f1e9172fb6f657757c95f74e/r_14",
            "rotation": 0.12566370614359174,
            "transform_matrix": [
                [
                    -0.7270228862762451,
                    0.6104381680488586,
                    -0.31432926654815674,
                    -1.267101764678955
                ],
                [
                    -0.6866132020950317,
                    -0.6463647484779358,
                    0.33282873034477234,
                    1.3416755199432373
                ],
                [
                    0.0,
                    0.4577966034412384,
                    0.889056921005249,
                    3.5839030742645264
                ],
                [
                    0.0,
                    0.0,
                    0.0,
                    1.0
                ]
            ]
        },
        {
            "file_path": "/data/shapenet_blender/all_50_random/02958343/fd3b75f7f1e9172fb6f657757c95f74e/r_15",
            "rotation": 0.12566370614359174,
            "transform_matrix": [
                [
                    -0.9993297457695007,
                    -0.02069884166121483,
                    -0.030189959332346916,
                    -0.12169960886240005
                ],
                [
                    -0.03660431131720543,
                    0.5650964975357056,
                    0.824212372303009,
                    3.3225061893463135
                ],
                [
                    -1.8626448161640496e-09,
                    0.8247650861740112,
                    -0.5654754638671875,
                    -2.2795045375823975
                ],
                [
                    0.0,
                    0.0,
                    0.0,
                    1.0
                ]
            ]
        },
        {
            "file_path": "/data/shapenet_blender/all_50_random/02958343/fd3b75f7f1e9172fb6f657757c95f74e/r_16",
            "rotation": 0.12566370614359174,
            "transform_matrix": [
                [
                    -0.9988143444061279,
                    -0.01663748361170292,
                    0.045750394463539124,
                    0.1844257414340973
                ],
                [
                    0.04868166521191597,
                    -0.341355562210083,
                    0.9386727213859558,
                    3.7839107513427734
                ],
                [
                    -9.313225746154785e-10,
                    0.9397869110107422,
                    0.3417607843875885,
                    1.3776817321777344
                ],
                [
                    0.0,
                    0.0,
                    0.0,
                    1.0
                ]
            ]
        },
        {
            "file_path": "/data/shapenet_blender/all_50_random/02958343/fd3b75f7f1e9172fb6f657757c95f74e/r_17",
            "rotation": 0.12566370614359174,
            "transform_matrix": [
                [
                    -0.8807952404022217,
                    -0.17093230783939362,
                    0.44156771898269653,
                    1.7800161838531494
                ],
                [
                    0.47349750995635986,
                    -0.3179665207862854,
                    0.8213997483253479,
                    3.3111679553985596
                ],
                [
                    0.0,
                    0.9325660467147827,
                    0.3609994053840637,
                    1.4552350044250488
                ],
                [
                    0.0,
                    0.0,
                    0.0,
                    1.0
                ]
            ]
        },
        {
            "file_path": "/data/shapenet_blender/all_50_random/02958343/fd3b75f7f1e9172fb6f657757c95f74e/r_18",
            "rotation": 0.12566370614359174,
            "transform_matrix": [
                [
                    0.6180633902549744,
                    0.13908350467681885,
                    0.7737269997596741,
                    3.1189932823181152
                ],
                [
                    0.7861282229423523,
                    -0.1093490868806839,
                    -0.6083133220672607,
                    -2.4521894454956055
                ],
                [
                    -7.4505797087454084e-09,
                    0.9842249155044556,
                    -0.17692212760448456,
                    -0.7131959199905396
                ],
                [
                    0.0,
                    0.0,
                    0.0,
                    1.0
                ]
            ]
        },
        {
            "file_path": "/data/shapenet_blender/all_50_random/02958343/fd3b75f7f1e9172fb6f657757c95f74e/r_19",
            "rotation": 0.12566370614359174,
            "transform_matrix": [
                [
                    -0.9403457641601562,
                    0.32322028279304504,
                    -0.10620089620351791,
                    -0.4281094968318939
                ],
                [
                    -0.34022051095962524,
                    -0.8933582901954651,
                    0.2935318350791931,
                    1.1832647323608398
                ],
                [
                    -7.450581485102248e-09,
                    0.312153160572052,
                    0.9500317573547363,
                    3.829700469970703
                ],
                [
                    0.0,
                    0.0,
                    0.0,
                    1.0
                ]
            ]
        },
        {
            "file_path": "/data/shapenet_blender/all_50_random/02958343/fd3b75f7f1e9172fb6f657757c95f74e/r_20",
            "rotation": 0.12566370614359174,
            "transform_matrix": [
                [
                    -0.35118839144706726,
                    0.2652302086353302,
                    -0.8979529738426208,
                    -3.6197643280029297
                ],
                [
                    -0.9363048672676086,
                    -0.09948232769966125,
                    0.3368034362792969,
                    1.3576980829238892
                ],
                [
                    0.0,
                    0.9590390920639038,
                    0.2832733988761902,
                    1.1419116258621216
                ],
                [
                    0.0,
                    0.0,
                    0.0,
                    1.0
                ]
            ]
        },
        {
            "file_path": "/data/shapenet_blender/all_50_random/02958343/fd3b75f7f1e9172fb6f657757c95f74e/r_21",
            "rotation": 0.12566370614359174,
            "transform_matrix": [
                [
                    0.9606814384460449,
                    -0.05188097804784775,
                    -0.27276286482810974,
                    -1.099542260169983
                ],
                [
                    -0.2776530683040619,
                    -0.1795085370540619,
                    -0.9437613487243652,
                    -3.8044235706329346
                ],
                [
                    0.0,
                    0.9823874235153198,
                    -0.18685542047023773,
                    -0.753238320350647
                ],
                [
                    0.0,
                    0.0,
                    0.0,
                    1.0
                ]
            ]
        },
        {
            "file_path": "/data/shapenet_blender/all_50_random/02958343/fd3b75f7f1e9172fb6f657757c95f74e/r_22",
            "rotation": 0.12566370614359174,
            "transform_matrix": [
                [
                    0.6690841913223267,
                    0.19335180521011353,
                    0.7175942063331604,
                    2.892714738845825
                ],
                [
                    0.7431865930557251,
                    -0.17407286167144775,
                    -0.6460435390472412,
                    -2.6042847633361816
                ],
                [
                    -7.450580596923828e-09,
                    0.9655638337135315,
                    -0.26016589999198914,
                    -1.048762321472168
                ],
                [
                    0.0,
                    0.0,
                    0.0,
                    1.0
                ]
            ]
        },
        {
            "file_path": "/data/shapenet_blender/all_50_random/02958343/fd3b75f7f1e9172fb6f657757c95f74e/r_23",
            "rotation": 0.12566370614359174,
            "transform_matrix": [
                [
                    0.6991322636604309,
                    0.08901093155145645,
                    0.7094300389289856,
                    2.859804153442383
                ],
                [
                    0.7149922847747803,
                    -0.08703649044036865,
                    -0.6936933994293213,
                    -2.796367883682251
                ],
                [
                    3.725290298461914e-09,
                    0.9922205209732056,
                    -0.12449215352535248,
                    -0.5018439888954163
                ],
                [
                    0.0,
                    0.0,
                    0.0,
                    1.0
                ]
            ]
        },
        {
            "file_path": "/data/shapenet_blender/all_50_random/02958343/fd3b75f7f1e9172fb6f657757c95f74e/r_24",
            "rotation": 0.12566370614359174,
            "transform_matrix": [
                [
                    -0.034759603440761566,
                    0.2975291311740875,
                    0.9540796875953674,
                    3.8460185527801514
                ],
                [
                    0.9993957877159119,
                    0.010348246432840824,
                    0.03318347781896591,
                    0.13376688957214355
                ],
                [
                    0.0,
                    0.9546566605567932,
                    -0.2977089583873749,
                    -1.2001032829284668
                ],
                [
                    0.0,
                    0.0,
                    0.0,
                    1.0
                ]
            ]
        },
        {
            "file_path": "/data/shapenet_blender/all_50_random/02958343/fd3b75f7f1e9172fb6f657757c95f74e/r_25",
            "rotation": 0.12566370614359174,
            "transform_matrix": [
                [
                    0.5952882170677185,
                    -0.7582806944847107,
                    -0.265786349773407,
                    -1.0714191198349
                ],
                [
                    -0.8035123348236084,
                    -0.5617780089378357,
                    -0.1969098448753357,
                    -0.7937690615653992
                ],
                [
                    0.0,
                    0.3307807445526123,
                    -0.9437075853347778,
                    -3.8042070865631104
                ],
                [
                    0.0,
                    0.0,
                    0.0,
                    1.0
                ]
            ]
        },
        {
            "file_path": "/data/shapenet_blender/all_50_random/02958343/fd3b75f7f1e9172fb6f657757c95f74e/r_26",
            "rotation": 0.12566370614359174,
            "transform_matrix": [
                [
                    -0.17641109228134155,
                    0.3091960847377777,
                    -0.9344928860664368,
                    -3.767061233520508
                ],
                [
                    -0.9843166470527649,
                    -0.055414699018001556,
                    0.16748157143592834,
                    0.6751397848129272
                ],
                [
                    3.725290298461914e-09,
                    0.949382483959198,
                    0.3141225576400757,
                    1.2662684917449951
                ],
                [
                    0.0,
                    0.0,
                    0.0,
                    1.0
                ]
            ]
        },
        {
            "file_path": "/data/shapenet_blender/all_50_random/02958343/fd3b75f7f1e9172fb6f657757c95f74e/r_27",
            "rotation": 0.12566370614359174,
            "transform_matrix": [
                [
                    -0.9968857765197754,
                    0.04203477129340172,
                    0.06672178208827972,
                    0.26896411180496216
                ],
                [
                    0.07885885238647461,
                    0.5313781499862671,
                    0.8434563279151917,
                    3.400081157684326
                ],
                [
                    -3.725290298461914e-09,
                    0.8460912108421326,
                    -0.5330381393432617,
                    -2.148745536804199
                ],
                [
                    0.0,
                    0.0,
                    0.0,
                    1.0
                ]
            ]
        },
        {
            "file_path": "/data/shapenet_blender/all_50_random/02958343/fd3b75f7f1e9172fb6f657757c95f74e/r_28",
            "rotation": 0.12566370614359174,
            "transform_matrix": [
                [
                    -0.9920773506164551,
                    0.07272645086050034,
                    -0.10243720561265945,
                    -0.41293761134147644
                ],
                [
                    -0.1256285011768341,
                    -0.5743144154548645,
                    0.8089377284049988,
                    3.260932445526123
                ],
                [
                    7.450580596923828e-09,
                    0.8153978586196899,
                    0.5789008736610413,
                    2.3336243629455566
                ],
                [
                    0.0,
                    0.0,
                    0.0,
                    1.0
                ]
            ]
        },
        {
            "file_path": "/data/shapenet_blender/all_50_random/02958343/fd3b75f7f1e9172fb6f657757c95f74e/r_29",
            "rotation": 0.12566370614359174,
            "transform_matrix": [
                [
                    0.23317526280879974,
                    0.7763527631759644,
                    -0.5855814814567566,
                    -2.3605544567108154
                ],
                [
                    -0.9724347591400146,
                    0.1861577332019806,
                    -0.14041364192962646,
                    -0.5660254955291748
                ],
                [
                    0.0,
                    0.6021807789802551,
                    0.798359751701355,
                    3.2182910442352295
                ],
                [
                    0.0,
                    0.0,
                    0.0,
                    1.0
                ]
            ]
        },
        {
            "file_path": "/data/shapenet_blender/all_50_random/02958343/fd3b75f7f1e9172fb6f657757c95f74e/r_30",
            "rotation": 0.12566370614359174,
            "transform_matrix": [
                [
                    -0.5753669142723083,
                    0.44776955246925354,
                    -0.6844378709793091,
                    -2.7590575218200684
                ],
                [
                    -0.8178953528404236,
                    -0.31499361991882324,
                    0.4814833104610443,
                    1.940921425819397
                ],
                [
                    0.0,
                    0.8368282318115234,
                    0.5474655032157898,
                    2.206904172897339
                ],
                [
                    0.0,
                    0.0,
                    0.0,
                    1.0
                ]
            ]
        },
        {
            "file_path": "/data/shapenet_blender/all_50_random/02958343/fd3b75f7f1e9172fb6f657757c95f74e/r_31",
            "rotation": 0.12566370614359174,
            "transform_matrix": [
                [
                    -0.9693470597267151,
                    0.0635332316160202,
                    0.23733903467655182,
                    0.9567443132400513
                ],
                [
                    0.24569553136825562,
                    0.2506588101387024,
                    0.936378002166748,
                    3.774660587310791
                ],
                [
                    0.0,
                    0.9659883975982666,
                    -0.2585851848125458,
                    -1.0423903465270996
                ],
                [
                    0.0,
                    0.0,
                    0.0,
                    1.0
                ]
            ]
        },
        {
            "file_path": "/data/shapenet_blender/all_50_random/02958343/fd3b75f7f1e9172fb6f657757c95f74e/r_32",
            "rotation": 0.12566370614359174,
            "transform_matrix": [
                [
                    0.8336378335952759,
                    0.019075743854045868,
                    0.551982045173645,
                    2.2251107692718506
                ],
                [
                    0.5523115396499634,
                    -0.02879219315946102,
                    -0.8331404328346252,
                    -3.3584964275360107
                ],
                [
                    0.0,
                    0.9994032979011536,
                    -0.03453801944851875,
                    -0.13922721147537231
                ],
                [
                    0.0,
                    0.0,
                    0.0,
                    1.0
                ]
            ]
        },
        {
            "file_path": "/data/shapenet_blender/all_50_random/02958343/fd3b75f7f1e9172fb6f657757c95f74e/r_33",
            "rotation": 0.12566370614359174,
            "transform_matrix": [
                [
                    0.5419363379478455,
                    -0.03935711458325386,
                    0.839497447013855,
                    3.384122610092163
                ],
                [
                    0.840419590473175,
                    0.02537904866039753,
                    -0.5413416624069214,
                    -2.182218313217163
                ],
                [
                    0.0,
                    0.9989029169082642,
                    0.04683030769228935,
                    0.18877902626991272
                ],
                [
                    0.0,
                    0.0,
                    0.0,
                    1.0
                ]
            ]
        },
        {
            "file_path": "/data/shapenet_blender/all_50_random/02958343/fd3b75f7f1e9172fb6f657757c95f74e/r_34",
            "rotation": 0.12566370614359174,
            "transform_matrix": [
                [
                    -0.9999962449073792,
                    -0.001074623316526413,
                    0.0024965356569737196,
                    0.010063856840133667
                ],
                [
                    0.00271799648180604,
                    -0.39537182450294495,
                    0.9185171127319336,
                    3.7026607990264893
                ],
                [
                    -1.1641531488804091e-10,
                    0.918520450592041,
                    0.3953733742237091,
                    1.5938010215759277
                ],
                [
                    0.0,
                    0.0,
                    0.0,
                    1.0
                ]
            ]
        },
        {
            "file_path": "/data/shapenet_blender/all_50_random/02958343/fd3b75f7f1e9172fb6f657757c95f74e/r_35",
            "rotation": 0.12566370614359174,
            "transform_matrix": [
                [
                    -0.9864597916603088,
                    -0.15618865191936493,
                    0.05002252012491226,
                    0.20164722204208374
                ],
                [
                    0.16400352120399475,
                    -0.9394543766975403,
                    0.3008789122104645,
                    1.2128816843032837
                ],
                [
                    0.0,
                    0.30500882863998413,
                    0.9523494839668274,
                    3.839043617248535
                ],
                [
                    0.0,
                    0.0,
                    0.0,
                    1.0
                ]
            ]
        },
        {
            "file_path": "/data/shapenet_blender/all_50_random/02958343/fd3b75f7f1e9172fb6f657757c95f74e/r_36",
            "rotation": 0.12566370614359174,
            "transform_matrix": [
                [
                    0.9960960745811462,
                    -0.020046470686793327,
                    0.08596935123205185,
                    0.3465535044670105
                ],
                [
                    0.08827564865350723,
                    0.22620294988155365,
                    -0.9700720310211182,
                    -3.910485029220581
                ],
                [
                    0.0,
                    0.9738737940788269,
                    0.227089524269104,
                    0.915427029132843
                ],
                [
                    0.0,
                    0.0,
                    0.0,
                    1.0
                ]
            ]
        },
        {
            "file_path": "/data/shapenet_blender/all_50_random/02958343/fd3b75f7f1e9172fb6f657757c95f74e/r_37",
            "rotation": 0.12566370614359174,
            "transform_matrix": [
                [
                    -0.23226548731327057,
                    -0.015520229935646057,
                    0.9725286364555359,
                    3.9203879833221436
                ],
                [
                    0.9726524949073792,
                    -0.0037061681505292654,
                    0.23223590850830078,
                    0.9361728429794312
                ],
                [
                    -2.3283064365386963e-10,
                    0.999872624874115,
                    0.01595660299062729,
                    0.06432312726974487
                ],
                [
                    0.0,
                    0.0,
                    0.0,
                    1.0
                ]
            ]
        },
        {
            "file_path": "/data/shapenet_blender/all_50_random/02958343/fd3b75f7f1e9172fb6f657757c95f74e/r_38",
            "rotation": 0.12566370614359174,
            "transform_matrix": [
                [
                    -0.08812002837657928,
                    -0.8368561863899231,
                    0.5402836203575134,
                    2.177953004837036
                ],
                [
                    0.9961099028587341,
                    -0.0740317851305008,
                    0.04779573902487755,
                    0.1926707923412323
                ],
                [
                    3.725290742551124e-09,
                    0.5423933863639832,
                    0.8401245474815369,
                    3.386650323867798
                ],
                [
                    0.0,
                    0.0,
                    0.0,
                    1.0
                ]
            ]
        },
        {
            "file_path": "/data/shapenet_blender/all_50_random/02958343/fd3b75f7f1e9172fb6f657757c95f74e/r_39",
            "rotation": 0.12566370614359174,
            "transform_matrix": [
                [
                    0.9095295071601868,
                    0.1105751097202301,
                    -0.4006609320640564,
                    -1.6151158809661865
                ],
                [
                    -0.41563934087753296,
                    0.2419677972793579,
                    -0.8767527937889099,
                    -3.534303665161133
                ],
                [
                    7.450580596923828e-09,
                    0.963962972164154,
                    0.2660362124443054,
                    1.0724263191223145
                ],
                [
                    0.0,
                    0.0,
                    0.0,
                    1.0
                ]
            ]
        },
        {
            "file_path": "/data/shapenet_blender/all_50_random/02958343/fd3b75f7f1e9172fb6f657757c95f74e/r_40",
            "rotation": 0.12566370614359174,
            "transform_matrix": [
                [
                    0.7805641293525696,
                    0.27148789167404175,
                    0.5630398392677307,
                    2.269686222076416
                ],
                [
                    0.6250755786895752,
                    -0.33902090787887573,
                    -0.703096866607666,
                    -2.8342740535736084
                ],
                [
                    -1.4901160305669237e-08,
                    0.9007547497749329,
                    -0.43432801961898804,
                    -1.750832200050354
                ],
                [
                    0.0,
                    0.0,
                    0.0,
                    1.0
                ]
            ]
        },
        {
            "file_path": "/data/shapenet_blender/all_50_random/02958343/fd3b75f7f1e9172fb6f657757c95f74e/r_41",
            "rotation": 0.12566370614359174,
            "transform_matrix": [
                [
                    0.2810004651546478,
                    0.35199886560440063,
                    0.8928244113922119,
                    3.599090576171875
                ],
                [
                    0.9597077369689941,
                    -0.10306454449892044,
                    -0.2614171504974365,
                    -1.0538063049316406
                ],
                [
                    -7.450581485102248e-09,
