{
    "class": "02958343",
    "model": "db1e6a78a84615b83c9d2d3d4dc0edb0",
    "remove_doubles": true,
    "edge_split": true,
    "denoise": true,
    "camera_angle_x": 0.6911112070083618,
    "scale_factor": 2.349039012909467,
    "hdri_file": "/data/IndoorHDRDataset2018/9C4A7192-12ba38f471.exr",
    "center_offset": [
        0.0,
        -4.6566128730773926e-09,
        0.0
    ],
    "lights": [],
    "frames": [
        {
            "file_path": "/data/shapenet_blender/all_50_random/02958343/db1e6a78a84615b83c9d2d3d4dc0edb0/r_0",
            "rotation": 0.12566370614359174,
            "transform_matrix": [
                [
                    -0.41508039832115173,
                    -0.02503494918346405,
                    -0.9094402194023132,
                    -3.6660706996917725
                ],
                [
                    -0.9097847938537598,
                    0.011421950533986092,
                    0.41492319107055664,
                    1.6726088523864746
                ],
                [
                    0.0,
                    0.9996212720870972,
                    -0.027517443522810936,
                    -0.11092635989189148
                ],
                [
                    0.0,
                    0.0,
                    0.0,
                    1.0
                ]
            ]
        },
        {
            "file_path": "/data/shapenet_blender/all_50_random/02958343/db1e6a78a84615b83c9d2d3d4dc0edb0/r_1",
            "rotation": 0.12566370614359174,
            "transform_matrix": [
                [
                    0.8168331980705261,
                    0.4016036093235016,
                    -0.4141230583190918,
                    -1.6693832874298096
                ],
                [
                    -0.5768737196922302,
                    0.5686567425727844,
                    -0.5863838791847229,
                    -2.3637888431549072
                ],
                [
                    0.0,
                    0.7178744673728943,
                    0.6961724758148193,
                    2.8063607215881348
                ],
                [
                    0.0,
                    0.0,
                    0.0,
                    1.0
                ]
            ]
        },
        {
            "file_path": "/data/shapenet_blender/all_50_random/02958343/db1e6a78a84615b83c9d2d3d4dc0edb0/r_2",
            "rotation": 0.12566370614359174,
            "transform_matrix": [
                [
                    -0.9713554978370667,
                    -0.1346261352300644,
                    -0.19581662118434906,
                    -0.7893619537353516
                ],
                [
                    -0.23763065040111542,
                    0.5503070950508118,
                    0.8004335761070251,
                    3.2266504764556885
                ],
                [
                    -7.4505792646561986e-09,
                    0.8240376114845276,
                    -0.5665351748466492,
                    -2.283776044845581
                ],
                [
                    0.0,
                    0.0,
                    0.0,
                    1.0
                ]
            ]
        },
        {
            "file_path": "/data/shapenet_blender/all_50_random/02958343/db1e6a78a84615b83c9d2d3d4dc0edb0/r_3",
            "rotation": 0.12566370614359174,
            "transform_matrix": [
                [
                    -0.07203329354524612,
                    0.6900147795677185,
                    -0.720201849937439,
                    -2.903226852416992
                ],
                [
                    -0.9974023103713989,
                    -0.049833495169878006,
                    0.05201363191008568,
                    0.209673672914505
                ],
                [
                    0.0,
                    0.7220776677131653,
                    0.6918118596076965,
                    2.788783073425293
                ],
                [
                    0.0,
                    0.0,
                    0.0,
                    1.0
                ]
            ]
        },
        {
            "file_path": "/data/shapenet_blender/all_50_random/02958343/db1e6a78a84615b83c9d2d3d4dc0edb0/r_4",
            "rotation": 0.12566370614359174,
            "transform_matrix": [
                [
                    -0.254853755235672,
                    -0.008507722057402134,
                    0.9669421315193176,
                    3.8978683948516846
                ],
                [
                    0.9669796228408813,
                    -0.0022422655019909143,
                    0.25484389066696167,
                    1.0273085832595825
                ],
                [
                    0.0,
                    0.9999613165855408,
                    0.008798242546617985,
                    0.03546684980392456
                ],
                [
                    0.0,
                    0.0,
                    0.0,
                    1.0
                ]
            ]
        },
        {
            "file_path": "/data/shapenet_blender/all_50_random/02958343/db1e6a78a84615b83c9d2d3d4dc0edb0/r_5",
            "rotation": 0.12566370614359174,
            "transform_matrix": [
                [
                    0.9585784077644348,
                    -0.19730406999588013,
                    0.20542293787002563,
                    0.8280863761901855
                ],
                [
                    0.2848288416862488,
                    0.6640177965164185,
                    -0.6913414597511292,
                    -2.78688645362854
                ],
                [
                    0.0,
                    0.7212153673171997,
                    0.6927109360694885,
                    2.7924070358276367
                ],
                [
                    0.0,
                    0.0,
                    0.0,
                    1.0
                ]
            ]
        },
        {
            "file_path": "/data/shapenet_blender/all_50_random/02958343/db1e6a78a84615b83c9d2d3d4dc0edb0/r_6",
            "rotation": 0.12566370614359174,
            "transform_matrix": [
                [
                    0.9605229496955872,
                    -0.2083517462015152,
                    -0.18435050547122955,
                    -0.743140697479248
                ],
                [
                    -0.27820059657096863,
                    -0.719360888004303,
                    -0.6364935636520386,
                    -2.5657877922058105
                ],
                [
                    0.0,
                    0.6626531481742859,
                    -0.7489263415336609,
                    -3.0190188884735107
                ],
                [
                    0.0,
                    0.0,
                    0.0,
                    1.0
                ]
            ]
        },
        {
            "file_path": "/data/shapenet_blender/all_50_random/02958343/db1e6a78a84615b83c9d2d3d4dc0edb0/r_7",
            "rotation": 0.12566370614359174,
            "transform_matrix": [
                [
                    0.9989473819732666,
                    0.018607012927532196,
                    -0.04192816838622093,
                    -0.16901785135269165
                ],
                [
                    -0.04587147757411003,
                    0.4052066504955292,
                    -0.9130735397338867,
                    -3.6807172298431396
                ],
                [
                    1.862645371275562e-09,
                    0.9140356183052063,
                    0.4056336581707001,
                    1.6351616382598877
                ],
                [
                    0.0,
                    0.0,
                    0.0,
                    1.0
                ]
            ]
        },
        {
            "file_path": "/data/shapenet_blender/all_50_random/02958343/db1e6a78a84615b83c9d2d3d4dc0edb0/r_8",
            "rotation": 0.12566370614359174,
            "transform_matrix": [
                [
                    -0.993388295173645,
                    0.019849149510264397,
                    -0.11307476460933685,
                    -0.4558189809322357
                ],
                [
                    -0.1148037388920784,
                    -0.17175322771072388,
                    0.9784276485443115,
                    3.9441683292388916
                ],
                [
                    0.0,
                    0.9849399924278259,
                    0.1728963851928711,
                    0.6969676613807678
                ],
                [
                    0.0,
                    0.0,
                    0.0,
                    1.0
                ]
            ]
        },
        {
            "file_path": "/data/shapenet_blender/all_50_random/02958343/db1e6a78a84615b83c9d2d3d4dc0edb0/r_9",
            "rotation": 0.12566370614359174,
            "transform_matrix": [
                [
                    0.9105632305145264,
                    0.03855151683092117,
                    0.41156822443008423,
                    1.6590845584869385
                ],
                [
                    0.4133698344230652,
                    -0.08492054790258408,
                    -0.9065946340560913,
                    -3.654599905014038
                ],
                [
                    0.0,
                    0.9956416487693787,
                    -0.09326156228780746,
                    -0.3759493827819824
                ],
                [
                    0.0,
                    0.0,
                    0.0,
                    1.0
                ]
            ]
        },
        {
            "file_path": "/data/shapenet_blender/all_50_random/02958343/db1e6a78a84615b83c9d2d3d4dc0edb0/r_10",
            "rotation": 0.12566370614359174,
            "transform_matrix": [
                [
                    -0.9903680086135864,
                    0.08368103951215744,
                    -0.11031237989664078,
                    -0.4446834325790405
                ],
                [
                    -0.13846060633659363,
                    -0.5985458493232727,
                    0.789031982421875,
                    3.180689573287964
                ],
                [
                    0.0,
                    0.7967058420181274,
                    0.604367196559906,
                    2.436282157897949
                ],
                [
                    0.0,
                    0.0,
                    0.0,
                    1.0
                ]
            ]
        },
        {
            "file_path": "/data/shapenet_blender/all_50_random/02958343/db1e6a78a84615b83c9d2d3d4dc0edb0/r_11",
            "rotation": 0.12566370614359174,
            "transform_matrix": [
                [
                    0.5715822577476501,
                    0.4658774435520172,
                    -0.6754641532897949,
                    -2.7228832244873047
                ],
                [
                    -0.8205447793006897,
                    0.32452499866485596,
                    -0.4705207645893097,
                    -1.8967299461364746
                ],
                [
                    0.0,
                    0.823189914226532,
                    0.5677659511566162,
                    2.2887380123138428
                ],
                [
                    0.0,
                    0.0,
                    0.0,
                    1.0
                ]
            ]
        },
        {
            "file_path": "/data/shapenet_blender/all_50_random/02958343/db1e6a78a84615b83c9d2d3d4dc0edb0/r_12",
            "rotation": 0.12566370614359174,
            "transform_matrix": [
                [
                    -0.9998500943183899,
                    0.015591764822602272,
                    -0.0075391544960439205,
                    -0.030391305685043335
                ],
                [
                    -0.017318835482001305,
                    -0.900143027305603,
                    0.43525007367134094,
                    1.754549264907837
                ],
                [
                    -4.656613428188905e-10,
                    0.43531525135040283,
                    0.9002779722213745,
                    3.629136800765991
                ],
                [
                    0.0,
                    0.0,
                    0.0,
                    1.0
                ]
            ]
        },
        {
            "file_path": "/data/shapenet_blender/all_50_random/02958343/db1e6a78a84615b83c9d2d3d4dc0edb0/r_13",
            "rotation": 0.12566370614359174,
            "transform_matrix": [
                [
                    0.9983059763908386,
                    0.025543296709656715,
                    0.05227610841393471,
                    0.21073174476623535
                ],
                [
                    0.05818292126059532,
                    -0.4382734000682831,
                    -0.8969565629959106,
                    -3.6157476902008057
                ],
                [
                    1.862645149230957e-09,
                    0.8984786868095398,
                    -0.439017117023468,
                    -1.7697347402572632
                ],
                [
                    0.0,
                    0.0,
                    0.0,
                    1.0
                ]
            ]
        },
        {
            "file_path": "/data/shapenet_blender/all_50_random/02958343/db1e6a78a84615b83c9d2d3d4dc0edb0/r_14",
            "rotation": 0.12566370614359174,
            "transform_matrix": [
                [
                    0.7310176491737366,
                    0.010117820464074612,
                    0.6822835803031921,
                    2.750372886657715
                ],
                [
                    0.6823586821556091,
                    -0.010839322581887245,
                    -0.7309372425079346,
                    -2.946502208709717
                ],
                [
                    4.6566123179658803e-10,
                    0.9998900890350342,
                    -0.014827718026936054,
                    -0.05977243930101395
                ],
                [
                    0.0,
                    0.0,
                    0.0,
                    1.0
                ]
            ]
        },
        {
            "file_path": "/data/shapenet_blender/all_50_random/02958343/db1e6a78a84615b83c9d2d3d4dc0edb0/r_15",
            "rotation": 0.12566370614359174,
            "transform_matrix": [
                [
                    -0.8043321371078491,
                    0.21093083918094635,
                    -0.5554800629615784,
                    -2.2392117977142334
                ],
                [
                    -0.5941800475120544,
                    -0.28553372621536255,
                    0.7519445419311523,
                    3.0311853885650635
                ],
                [
                    0.0,
                    0.934868335723877,
                    0.3549948036670685,
                    1.4310297966003418
                ],
                [
                    0.0,
                    0.0,
                    0.0,
                    1.0
                ]
            ]
        },
        {
            "file_path": "/data/shapenet_blender/all_50_random/02958343/db1e6a78a84615b83c9d2d3d4dc0edb0/r_16",
            "rotation": 0.12566370614359174,
            "transform_matrix": [
                [
                    0.927833616733551,
                    -0.22221986949443817,
                    -0.2995714545249939,
                    -1.2076112031936646
                ],
                [
                    -0.37299424409866333,
                    -0.5527781248092651,
                    -0.7451923489570618,
                    -3.0039663314819336
                ],
                [
                    0.0,
                    0.8031529784202576,
                    -0.5957728624343872,
                    -2.401637315750122
                ],
                [
                    0.0,
                    0.0,
                    0.0,
                    1.0
                ]
            ]
        },
        {
            "file_path": "/data/shapenet_blender/all_50_random/02958343/db1e6a78a84615b83c9d2d3d4dc0edb0/r_17",
            "rotation": 0.12566370614359174,
            "transform_matrix": [
                [
                    -0.16082999110221863,
                    -0.8511043787002563,
                    0.49975478649139404,
                    2.014575958251953
                ],
                [
                    0.9869822263717651,
                    -0.13868851959705353,
                    0.0814356729388237,
                    0.32827770709991455
                ],
                [
                    -7.450581485102248e-09,
                    0.5063463449478149,
                    0.8623302578926086,
                    3.4761643409729004
                ],
                [
                    0.0,
                    0.0,
                    0.0,
                    1.0
                ]
            ]
        },
        {
            "file_path": "/data/shapenet_blender/all_50_random/02958343/db1e6a78a84615b83c9d2d3d4dc0edb0/r_18",
            "rotation": 0.12566370614359174,
            "transform_matrix": [
                [
                    -0.20677562057971954,
                    -0.47679316997528076,
                    -0.8543490171432495,
                    -3.443990707397461
                ],
                [
                    -0.9783883094787598,
                    0.10076694190502167,
                    0.18056076765060425,
                    0.7278636693954468
                ],
                [
                    0.0,
                    0.8732206225395203,
                    -0.4873250722885132,
                    -1.9644699096679688
                ],
                [
                    0.0,
                    0.0,
                    0.0,
                    1.0
                ]
            ]
        },
        {
            "file_path": "/data/shapenet_blender/all_50_random/02958343/db1e6a78a84615b83c9d2d3d4dc0edb0/r_19",
            "rotation": 0.12566370614359174,
            "transform_matrix": [
                [
                    0.34520232677459717,
                    -0.07157004624605179,
                    0.9357954263687134,
                    3.7723119258880615
                ],
                [
                    0.9385282397270203,
                    0.026324354112148285,
                    -0.34419718384742737,
                    -1.3875032663345337
                ],
                [
                    -1.8626450382086546e-09,
                    0.9970880746841431,
                    0.07625775039196014,
                    0.3074048161506653
                ],
                [
                    0.0,
                    0.0,
                    0.0,
                    1.0
                ]
            ]
        },
        {
            "file_path": "/data/shapenet_blender/all_50_random/02958343/db1e6a78a84615b83c9d2d3d4dc0edb0/r_20",
            "rotation": 0.12566370614359174,
            "transform_matrix": [
                [
                    -0.8467290997505188,
                    -0.2787346839904785,
                    -0.4531629681587219,
                    -1.8267583847045898
                ],
                [
                    -0.532024085521698,
                    0.4436129331588745,
                    0.7212197184562683,
                    2.907329559326172
                ],
                [
                    1.4901160305669237e-08,
                    0.851771354675293,
                    -0.5239136219024658,
                    -2.1119632720947266
                ],
                [
                    0.0,
                    0.0,
                    0.0,
                    1.0
                ]
            ]
        },
        {
            "file_path": "/data/shapenet_blender/all_50_random/02958343/db1e6a78a84615b83c9d2d3d4dc0edb0/r_21",
            "rotation": 0.12566370614359174,
            "transform_matrix": [
                [
                    -0.9724400043487549,
                    -0.155160591006279,
                    -0.1740277260541916,
                    -0.7015282511711121
                ],
                [
                    -0.2331533133983612,
                    0.6471465826034546,
                    0.7258379459381104,
                    2.9259464740753174
                ],
                [
                    7.450580596923828e-09,
                    0.7464089393615723,
                    -0.6654874086380005,
                    -2.6826658248901367
                ],
                [
                    0.0,
                    0.0,
                    0.0,
                    1.0
                ]
            ]
        },
        {
            "file_path": "/data/shapenet_blender/all_50_random/02958343/db1e6a78a84615b83c9d2d3d4dc0edb0/r_22",
            "rotation": 0.12566370614359174,
            "transform_matrix": [
                [
                    -0.9207170605659485,
                    -0.26848047971725464,
                    0.2831932306289673,
                    1.1415884494781494
                ],
                [
                    0.3902309238910675,
                    -0.6334571242332458,
                    0.6681705713272095,
                    2.693481683731079
                ],
                [
                    1.4901161193847656e-08,
                    0.7257067561149597,
                    0.6880041360855103,
                    2.7734334468841553
                ],
                [
                    0.0,
                    0.0,
                    0.0,
                    1.0
                ]
            ]
        },
        {
            "file_path": "/data/shapenet_blender/all_50_random/02958343/db1e6a78a84615b83c9d2d3d4dc0edb0/r_23",
            "rotation": 0.12566370614359174,
            "transform_matrix": [
                [
                    0.8736981153488159,
                    0.1610889583826065,
                    0.4590227007865906,
                    1.8503797054290771
                ],
                [
                    0.4864683449268341,
                    -0.2893160879611969,
                    -0.8244056701660156,
                    -3.3232855796813965
                ],
                [
                    0.0,
                    0.9435817003250122,
                    -0.3311396539211273,
                    -1.3348666429519653
                ],
                [
                    0.0,
                    0.0,
                    0.0,
                    1.0
                ]
            ]
        },
        {
            "file_path": "/data/shapenet_blender/all_50_random/02958343/db1e6a78a84615b83c9d2d3d4dc0edb0/r_24",
            "rotation": 0.12566370614359174,
            "transform_matrix": [
                [
                    -0.6037361025810242,
                    0.10173710435628891,
                    -0.7906656265258789,
                    -3.1872754096984863
                ],
                [
                    -0.7971843481063843,
                    -0.0770491361618042,
                    0.5987992882728577,
                    2.413837432861328
                ],
                [
                    3.725290742551124e-09,
                    0.9918230772018433,
                    0.12762053310871124,
                    0.5144549012184143
                ],
                [
                    0.0,
                    0.0,
                    0.0,
                    1.0
                ]
            ]
        },
        {
            "file_path": "/data/shapenet_blender/all_50_random/02958343/db1e6a78a84615b83c9d2d3d4dc0edb0/r_25",
            "rotation": 0.12566370614359174,
            "transform_matrix": [
                [
                    0.8413436412811279,
                    0.035726454108953476,
                    0.5393185615539551,
                    2.174062728881836
                ],
                [
                    0.5405005812644958,
                    -0.05561181902885437,
                    -0.8395036458969116,
                    -3.3841474056243896
                ],
                [
                    -3.725290298461914e-09,
                    0.9978131055831909,
                    -0.06609880924224854,
                    -0.266452819108963
                ],
                [
                    0.0,
                    0.0,
                    0.0,
                    1.0
                ]
            ]
        },
        {
            "file_path": "/data/shapenet_blender/all_50_random/02958343/db1e6a78a84615b83c9d2d3d4dc0edb0/r_26",
            "rotation": 0.12566370614359174,
            "transform_matrix": [
                [
                    0.11677470058202744,
                    0.17601712048053741,
                    0.9774363040924072,
                    3.940171718597412
                ],
                [
                    0.9931585192680359,
                    -0.020695937797427177,
                    -0.11492609977722168,
                    -0.46328192949295044
                ],
                [
                    0.0,
                    0.9841694831848145,
                    -0.17722965776920319,
                    -0.7144355773925781
                ],
                [
                    0.0,
                    0.0,
                    0.0,
                    1.0
                ]
            ]
        },
        {
            "file_path": "/data/shapenet_blender/all_50_random/02958343/db1e6a78a84615b83c9d2d3d4dc0edb0/r_27",
            "rotation": 0.12566370614359174,
            "transform_matrix": [
                [
                    -0.596502959728241,
                    -0.033697377890348434,
                    0.8019030690193176,
                    3.232574939727783
                ],
                [
                    0.8026107549667358,
                    -0.025043999776244164,
                    0.5959769487380981,
                    2.4024600982666016
                ],
                [
                    -1.8626450382086546e-09,
                    0.9991182088851929,
                    0.04198469966650009,
                    0.16924574971199036
                ],
                [
                    0.0,
                    0.0,
                    0.0,
                    1.0
                ]
            ]
        },
        {
            "file_path": "/data/shapenet_blender/all_50_random/02958343/db1e6a78a84615b83c9d2d3d4dc0edb0/r_28",
            "rotation": 0.12566370614359174,
            "transform_matrix": [
                [
                    0.6511850953102112,
                    0.518349826335907,
                    -0.5543205142021179,
                    -2.2345376014709473
                ],
                [
                    -0.7589189410209656,
                    0.44476649165153503,
                    -0.47563087940216064,
                    -1.9173295497894287
                ],
                [
                    0.0,
                    0.7304081320762634,
                    0.6830108165740967,
                    2.753304958343506
                ],
                [
                    0.0,
                    0.0,
                    0.0,
                    1.0
                ]
            ]
        },
        {
            "file_path": "/data/shapenet_blender/all_50_random/02958343/db1e6a78a84615b83c9d2d3d4dc0edb0/r_29",
            "rotation": 0.12566370614359174,
            "transform_matrix": [
                [
                    0.7680529952049255,
                    0.46468326449394226,
                    -0.44064050912857056,
                    -1.7762787342071533
                ],
                [
                    -0.640386164188385,
                    0.5573220252990723,
                    -0.5284861922264099,
                    -2.1303958892822266
                ],
                [
                    -2.9802320611338473e-08,
                    0.6880854368209839,
                    0.7256296277046204,
                    2.9251065254211426
                ],
                [
                    0.0,
                    0.0,
                    0.0,
                    1.0
                ]
            ]
        },
        {
            "file_path": "/data/shapenet_blender/all_50_random/02958343/db1e6a78a84615b83c9d2d3d4dc0edb0/r_30",
            "rotation": 0.12566370614359174,
            "transform_matrix": [
                [
                    0.6023076772689819,
                    -0.6244560480117798,
                    -0.49727264046669006,
                    -2.004570245742798
                ],
                [
                    -0.7982641458511353,
                    -0.4711657166481018,
                    -0.37520307302474976,
                    -1.512492060661316
                ],
                [
                    1.4901162970204496e-08,
                    0.6229425072669983,
                    -0.7822675108909607,
                    -3.153421401977539
                ],
                [
                    0.0,
                    0.0,
                    0.0,
                    1.0
                ]
            ]
        },
        {
            "file_path": "/data/shapenet_blender/all_50_random/02958343/db1e6a78a84615b83c9d2d3d4dc0edb0/r_31",
            "rotation": 0.12566370614359174,
            "transform_matrix": [
                [
                    -0.8101252317428589,
                    -0.5548391938209534,
                    -0.1893424242734909,
                    -0.7632637023925781
                ],
                [
                    -0.5862569212913513,
                    0.7667103409767151,
                    0.26164481043815613,
                    1.0547239780426025
                ],
                [
                    0.0,
                    0.3229682743549347,
                    -0.9464097619056702,
                    -3.8150997161865234
                ],
                [
                    0.0,
                    0.0,
                    0.0,
                    1.0
                ]
            ]
        },
        {
            "file_path": "/data/shapenet_blender/all_50_random/02958343/db1e6a78a84615b83c9d2d3d4dc0edb0/r_32",
            "rotation": 0.12566370614359174,
            "transform_matrix": [
                [
                    -0.44456982612609863,
                    -0.19291390478610992,
                    0.8747239112854004,
                    3.526124954223633
                ],
                [
                    0.8957443237304688,
                    -0.09574572741985321,
                    0.4341370761394501,
                    1.7500625848770142
                ],
                [
                    0.0,
                    0.9765331149101257,
                    0.2153671681880951,
                    0.868172824382782
                ],
                [
                    0.0,
                    0.0,
                    0.0,
                    1.0
                ]
            ]
        },
        {
            "file_path": "/data/shapenet_blender/all_50_random/02958343/db1e6a78a84615b83c9d2d3d4dc0edb0/r_33",
            "rotation": 0.12566370614359174,
            "transform_matrix": [
                [
                    0.34853461384773254,
                    -0.3368086814880371,
                    0.8746905326843262,
                    3.5259902477264404
                ],
                [
                    0.9372959733009338,
                    0.1252427101135254,
                    -0.32525473833084106,
                    -1.3111437559127808
                ],
                [
                    0.0,
                    0.9332062602043152,
                    0.3593408763408661,
                    1.4485493898391724
                ],
                [
                    0.0,
                    0.0,
                    0.0,
                    1.0
                ]
            ]
        },
        {
            "file_path": "/data/shapenet_blender/all_50_random/02958343/db1e6a78a84615b83c9d2d3d4dc0edb0/r_34",
            "rotation": 0.12566370614359174,
            "transform_matrix": [
                [
                    -0.021462490782141685,
                    0.16410332918167114,
                    -0.9862096309661865,
                    -3.9755380153656006
                ],
                [
                    -0.9997696280479431,
                    -0.003522878047078848,
                    0.021171392872929573,
                    0.08534461259841919
                ],
                [
                    0.0,
                    0.9864367842674255,
                    0.16414114832878113,
                    0.6616741418838501
                ],
                [
                    0.0,
                    0.0,
                    0.0,
                    1.0
                ]
            ]
        },
        {
            "file_path": "/data/shapenet_blender/all_50_random/02958343/db1e6a78a84615b83c9d2d3d4dc0edb0/r_35",
            "rotation": 0.12566370614359174,
            "transform_matrix": [
                [
                    -0.4307805895805359,
                    0.6354807019233704,
                    0.6407747268676758,
                    2.583045721054077
                ],
                [
                    0.9024567008018494,
                    0.30334168672561646,
                    0.3058687448501587,
                    1.2329964637756348
                ],
                [
                    0.0,
                    0.7100337147712708,
                    -0.7041674852371216,
                    -2.838590145111084
                ],
                [
                    0.0,
                    0.0,
                    0.0,
                    1.0
                ]
            ]
        },
        {
            "file_path": "/data/shapenet_blender/all_50_random/02958343/db1e6a78a84615b83c9d2d3d4dc0edb0/r_36",
            "rotation": 0.12566370614359174,
            "transform_matrix": [
                [
                    0.9314204454421997,
                    0.1509324312210083,
                    -0.331172913312912,
                    -1.3350008726119995
                ],
                [
                    -0.36394524574279785,
                    0.3862711489200592,
                    -0.8475484251976013,
                    -3.4165773391723633
                ],
                [
                    0.0,
                    0.9099526405334473,
                    0.41471198201179504,
                    1.6717575788497925
                ],
                [
                    0.0,
                    0.0,
                    0.0,
                    1.0
                ]
            ]
        },
        {
            "file_path": "/data/shapenet_blender/all_50_random/02958343/db1e6a78a84615b83c9d2d3d4dc0edb0/r_37",
            "rotation": 0.12566370614359174,
            "transform_matrix": [
                [
                    -0.7051613330841064,
                    0.024549199268221855,
                    0.7086217999458313,
                    2.8565456867218018
                ],
                [
                    0.7090469002723694,
                    0.02441466972231865,
                    0.7047385573387146,
                    2.8408918380737305
                ],
                [
                    0.0,
                    0.9994004964828491,
                    -0.034622810781002045,
                    -0.1395690143108368
                ],
                [
                    0.0,
                    0.0,
                    0.0,
                    1.0
                ]
            ]
        },
        {
            "file_path": "/data/shapenet_blender/all_50_random/02958343/db1e6a78a84615b83c9d2d3d4dc0edb0/r_38",
            "rotation": 0.12566370614359174,
            "transform_matrix": [
                [
                    0.021504830569028854,
                    -0.6291424036026001,
                    -0.7769924402236938,
                    -3.1321566104888916
                ],
                [
                    -0.9997687339782715,
                    -0.013532730750739574,
                    -0.016712956130504608,
                    -0.06737208366394043
                ],
                [
                    0.0,
                    0.7771721482276917,
                    -0.6292880177497864,
                    -2.536741256713867
                ],
                [
                    0.0,
                    0.0,
                    0.0,
                    1.0
                ]
            ]
        },
        {
            "file_path": "/data/shapenet_blender/all_50_random/02958343/db1e6a78a84615b83c9d2d3d4dc0edb0/r_39",
            "rotation": 0.12566370614359174,
            "transform_matrix": [
                [
                    0.09361603856086731,
                    -0.15600894391536713,
                    0.9833093285560608,
                    3.9638466835021973
                ],
                [
                    0.995608389377594,
                    0.014669361524283886,
                    -0.09245957434177399,
                    -0.3727164566516876
                ],
                [
                    9.313225746154785e-10,
                    0.9876466989517212,
                    0.1566970944404602,
                    0.6316661834716797
                ],
                [
                    0.0,
                    0.0,
                    0.0,
                    1.0
                ]
            ]
        },
        {
            "file_path": "/data/shapenet_blender/all_50_random/02958343/db1e6a78a84615b83c9d2d3d4dc0edb0/r_40",
            "rotation": 0.12566370614359174,
            "transform_matrix": [
                [
                    0.9405375719070435,
                    0.15581348538398743,
                    0.3018464148044586,
                    1.2167818546295166
                ],
                [
                    0.3396897315979004,
                    -0.4314185380935669,
                    -0.8357564806938171,
                    -3.369042158126831
                ],
                [
                    1.4901162970204496e-08,
                    0.8885944485664368,
                    -0.4586935341358185,
                    -1.8490527868270874
                ],
                [
                    0.0,
                    0.0,
                    0.0,
                    1.0
                ]
            ]
        },
        {
            "file_path": "/data/shapenet_blender/all_50_random/02958343/db1e6a78a84615b83c9d2d3d4dc0edb0/r_41",
            "rotation": 0.12566370614359174,
            "transform_matrix": [
                [
                    -0.2593047022819519,
                    -0.9218184351921082,
                    0.28811755776405334,
                    1.161439061164856
                ],
                [
                    0.965795636177063,
                    -0.2474973350763321,
                    0.07735614478588104,
                    0.31183260679244995
                ],
                [
                    7.450581485102248e-09,
