{
    "class": "02958343",
    "model": "e01a56af0788551e7aa225b44626f301",
    "remove_doubles": true,
    "edge_split": true,
    "denoise": true,
    "camera_angle_x": 0.6911112070083618,
    "scale_factor": 3.080605444928024,
    "hdri_file": "/data/IndoorHDRDataset2018/AG8A7986-85a8ba1cd9.exr",
    "center_offset": [
        0.0,
        -1.4901161193847656e-08,
        0.0
    ],
    "lights": [],
    "frames": [
        {
            "file_path": "/data/shapenet_blender/all_50_random/02958343/e01a56af0788551e7aa225b44626f301/r_0",
            "rotation": 0.12566370614359174,
            "transform_matrix": [
                [
                    0.9554107189178467,
                    0.1605576127767563,
                    -0.24781377613544464,
                    -0.9989691376686096
                ],
                [
                    -0.29528021812438965,
                    0.5195013284683228,
                    -0.8018279075622559,
                    -3.232271194458008
                ],
                [
                    0.0,
                    0.8392494320869446,
                    0.5437467098236084,
                    2.191912889480591
                ],
                [
                    0.0,
                    0.0,
                    0.0,
                    1.0
                ]
            ]
        },
        {
            "file_path": "/data/shapenet_blender/all_50_random/02958343/e01a56af0788551e7aa225b44626f301/r_1",
            "rotation": 0.12566370614359174,
            "transform_matrix": [
                [
                    0.0802188292145729,
                    -0.12024303525686264,
                    -0.9894981384277344,
                    -3.9887945652008057
                ],
                [
                    -0.9967772960662842,
                    -0.00967694167047739,
                    -0.07963301241397858,
                    -0.321010947227478
                ],
                [
                    -9.313225746154785e-10,
                    0.9926972985267639,
                    -0.12063179910182953,
                    -0.4862823486328125
                ],
                [
                    0.0,
                    0.0,
                    0.0,
                    1.0
                ]
            ]
        },
        {
            "file_path": "/data/shapenet_blender/all_50_random/02958343/e01a56af0788551e7aa225b44626f301/r_2",
            "rotation": 0.12566370614359174,
            "transform_matrix": [
                [
                    0.2080927938222885,
                    0.23622991144657135,
                    0.94915372133255,
                    3.8261611461639404
                ],
                [
                    0.9781091809272766,
                    -0.05025792866945267,
                    -0.20193250477313995,
                    -0.8140159845352173
                ],
                [
                    0.0,
                    0.9703965783119202,
                    -0.24151694774627686,
                    -0.9735859632492065
                ],
                [
                    0.0,
                    0.0,
                    0.0,
                    1.0
                ]
            ]
        },
        {
            "file_path": "/data/shapenet_blender/all_50_random/02958343/e01a56af0788551e7aa225b44626f301/r_3",
            "rotation": 0.12566370614359174,
            "transform_matrix": [
                [
                    -0.5180410742759705,
                    -0.7085405588150024,
                    -0.4791698157787323,
                    -1.9315953254699707
                ],
                [
                    -0.8553558588027954,
                    0.42912328243255615,
                    0.29020625352859497,
                    1.1698588132858276
                ],
                [
                    2.980232594040899e-08,
                    0.5601994395256042,
                    -0.8283577561378479,
                    -3.339216947555542
                ],
                [
                    0.0,
                    0.0,
                    0.0,
                    1.0
                ]
            ]
        },
        {
            "file_path": "/data/shapenet_blender/all_50_random/02958343/e01a56af0788551e7aa225b44626f301/r_4",
            "rotation": 0.12566370614359174,
            "transform_matrix": [
                [
                    -0.5199780464172363,
                    0.7573602795600891,
                    0.395004004240036,
                    1.5923120975494385
                ],
                [
                    0.8541796207427979,
                    0.4610397219657898,
                    0.2404569536447525,
                    0.9693129658699036
                ],
                [
                    1.4901161193847656e-08,
                    0.4624366760253906,
                    -0.8866522908210754,
                    -3.574209690093994
                ],
                [
                    0.0,
                    0.0,
                    0.0,
                    1.0
                ]
            ]
        },
        {
            "file_path": "/data/shapenet_blender/all_50_random/02958343/e01a56af0788551e7aa225b44626f301/r_5",
            "rotation": 0.12566370614359174,
            "transform_matrix": [
                [
                    -0.7860937714576721,
                    -0.3385370075702667,
                    0.5171549320220947,
                    2.0847184658050537
                ],
                [
                    0.618107259273529,
                    -0.43054312467575073,
                    0.6577050685882568,
                    2.651294231414795
                ],
                [
                    0.0,
                    0.8366751670837402,
                    0.5476993322372437,
                    2.2078468799591064
                ],
                [
                    0.0,
                    0.0,
                    0.0,
                    1.0
                ]
            ]
        },
        {
            "file_path": "/data/shapenet_blender/all_50_random/02958343/e01a56af0788551e7aa225b44626f301/r_6",
            "rotation": 0.12566370614359174,
            "transform_matrix": [
                [
                    0.9003251791000366,
                    0.3618098199367523,
                    -0.24188493192195892,
                    -0.9750693440437317
                ],
                [
                    -0.43521803617477417,
                    0.7484673857688904,
                    -0.500381588935852,
                    -2.0171027183532715
                ],
                [
                    1.4901162970204496e-08,
                    0.5557786822319031,
                    0.8313302397727966,
                    3.3511993885040283
                ],
                [
                    0.0,
                    0.0,
                    0.0,
                    1.0
                ]
            ]
        },
        {
            "file_path": "/data/shapenet_blender/all_50_random/02958343/e01a56af0788551e7aa225b44626f301/r_7",
            "rotation": 0.12566370614359174,
            "transform_matrix": [
                [
                    -0.9842472076416016,
                    -0.09931574761867523,
                    0.14626681804656982,
                    0.5896204113960266
                ],
                [
                    0.17679819464683533,
                    -0.5528973340988159,
                    0.8142769932746887,
                    3.2824554443359375
                ],
                [
                    0.0,
                    0.8273094892501831,
                    0.5617464780807495,
                    2.264472484588623
                ],
                [
                    0.0,
                    0.0,
                    0.0,
                    1.0
                ]
            ]
        },
        {
            "file_path": "/data/shapenet_blender/all_50_random/02958343/e01a56af0788551e7aa225b44626f301/r_8",
            "rotation": 0.12566370614359174,
            "transform_matrix": [
                [
                    -0.851622998714447,
                    -0.21397019922733307,
                    -0.4784924387931824,
                    -1.9288647174835205
                ],
                [
                    -0.524154782295227,
                    0.34764909744262695,
                    0.7774327993392944,
                    3.133931875228882
                ],
                [
                    1.4901161193847656e-08,
                    0.9128838181495667,
                    -0.40821945667266846,
                    -1.645585298538208
                ],
                [
                    0.0,
                    0.0,
                    0.0,
                    1.0
                ]
            ]
        },
        {
            "file_path": "/data/shapenet_blender/all_50_random/02958343/e01a56af0788551e7aa225b44626f301/r_9",
            "rotation": 0.12566370614359174,
            "transform_matrix": [
                [
                    -0.6151164770126343,
                    0.2553020417690277,
                    0.7459574937820435,
                    3.0070507526397705
                ],
                [
                    0.7884362936019897,
                    0.19917970895767212,
                    0.5819756984710693,
                    2.3460190296173096
                ],
                [
                    -1.4901161193847656e-08,
                    0.9461227059364319,
                    -0.32380813360214233,
                    -1.3053123950958252
                ],
                [
                    0.0,
                    0.0,
                    0.0,
                    1.0
                ]
            ]
        },
        {
            "file_path": "/data/shapenet_blender/all_50_random/02958343/e01a56af0788551e7aa225b44626f301/r_10",
            "rotation": 0.12566370614359174,
            "transform_matrix": [
                [
                    -0.7122218012809753,
                    -0.6977741122245789,
                    -0.07649389654397964,
                    -0.30835679173469543
                ],
                [
                    -0.7019543647766113,
                    0.7079803347587585,
                    0.07761276513338089,
                    0.31286710500717163
                ],
                [
                    -3.725290076417309e-09,
                    0.10897249728441238,
                    -0.9940446615219116,
                    -4.00712251663208
                ],
                [
                    0.0,
                    0.0,
                    0.0,
                    1.0
                ]
            ]
        },
        {
            "file_path": "/data/shapenet_blender/all_50_random/02958343/e01a56af0788551e7aa225b44626f301/r_11",
            "rotation": 0.12566370614359174,
            "transform_matrix": [
                [
                    0.5715940594673157,
                    0.17864565551280975,
                    0.8008531928062439,
                    3.2283425331115723
                ],
                [
                    0.8205364942550659,
                    -0.12444638460874557,
                    -0.5578824877738953,
                    -2.248896360397339
                ],
                [
                    0.0,
                    0.9760116934776306,
                    -0.21771807968616486,
                    -0.8776496648788452
                ],
                [
                    0.0,
                    0.0,
                    0.0,
                    1.0
                ]
            ]
        },
        {
            "file_path": "/data/shapenet_blender/all_50_random/02958343/e01a56af0788551e7aa225b44626f301/r_12",
            "rotation": 0.12566370614359174,
            "transform_matrix": [
                [
                    -0.10537324845790863,
                    -0.17113526165485382,
                    -0.9795964360237122,
                    -3.9488794803619385
                ],
                [
                    -0.9944327473640442,
                    0.018134035170078278,
                    0.10380114614963531,
                    0.41843581199645996
                ],
                [
                    0.0,
                    0.9850806593894958,
                    -0.17209334671497345,
                    -0.6937304735183716
                ],
                [
                    0.0,
                    0.0,
                    0.0,
                    1.0
                ]
            ]
        },
        {
            "file_path": "/data/shapenet_blender/all_50_random/02958343/e01a56af0788551e7aa225b44626f301/r_13",
            "rotation": 0.12566370614359174,
            "transform_matrix": [
                [
                    0.12351144850254059,
                    -0.2635239362716675,
                    0.9567131400108337,
                    3.8566341400146484
                ],
                [
                    0.9923431277275085,
                    0.032799363136291504,
                    -0.11907677352428436,
                    -0.48001381754875183
                ],
                [
                    0.0,
                    0.9640950560569763,
                    0.26555725932121277,
                    1.07049560546875
                ],
                [
                    0.0,
                    0.0,
                    0.0,
                    1.0
                ]
            ]
        },
        {
            "file_path": "/data/shapenet_blender/all_50_random/02958343/e01a56af0788551e7aa225b44626f301/r_14",
            "rotation": 0.12566370614359174,
            "transform_matrix": [
                [
                    0.18830087780952454,
                    0.9561272859573364,
                    0.22441783547401428,
                    0.904657244682312
                ],
                [
                    0.982111394405365,
                    -0.18331891298294067,
                    -0.04302778095006943,
                    -0.1734505295753479
                ],
                [
                    0.0,
                    0.22850540280342102,
                    -0.9735425710678101,
                    -3.92447566986084
                ],
                [
                    0.0,
                    0.0,
                    0.0,
                    1.0
                ]
            ]
        },
        {
            "file_path": "/data/shapenet_blender/all_50_random/02958343/e01a56af0788551e7aa225b44626f301/r_15",
            "rotation": 0.12566370614359174,
            "transform_matrix": [
                [
                    0.9857732653617859,
                    0.06538838893175125,
                    -0.1548405885696411,
                    -0.624182403087616
                ],
                [
                    -0.16808108985424042,
                    0.38349419832229614,
                    -0.9081194400787354,
                    -3.6607465744018555
                ],
                [
                    0.0,
                    0.9212255477905273,
                    0.3890288472175598,
                    1.5682255029678345
                ],
                [
                    0.0,
                    0.0,
                    0.0,
                    1.0
                ]
            ]
        },
        {
            "file_path": "/data/shapenet_blender/all_50_random/02958343/e01a56af0788551e7aa225b44626f301/r_16",
            "rotation": 0.12566370614359174,
            "transform_matrix": [
                [
                    -0.7171425223350525,
                    0.39690735936164856,
                    0.5728621482849121,
                    2.30928111076355
                ],
                [
                    0.6969264149665833,
                    0.4084206223487854,
                    0.5894794464111328,
                    2.376267671585083
                ],
                [
                    1.4901160305669237e-08,
                    0.8219836950302124,
                    -0.5695110559463501,
                    -2.2957725524902344
                ],
                [
                    0.0,
                    0.0,
                    0.0,
                    1.0
                ]
            ]
        },
        {
            "file_path": "/data/shapenet_blender/all_50_random/02958343/e01a56af0788551e7aa225b44626f301/r_17",
            "rotation": 0.12566370614359174,
            "transform_matrix": [
                [
                    -0.3881882131099701,
                    -0.6951744556427002,
                    0.6050143837928772,
                    2.4388911724090576
                ],
                [
                    0.9215801358222961,
                    -0.2928215563297272,
                    0.2548443078994751,
                    1.0273103713989258
                ],
                [
                    0.0,
                    0.6564968228340149,
                    0.754328727722168,
                    3.0407965183258057
                ],
                [
                    0.0,
                    0.0,
                    0.0,
                    1.0
                ]
            ]
        },
        {
            "file_path": "/data/shapenet_blender/all_50_random/02958343/e01a56af0788551e7aa225b44626f301/r_18",
            "rotation": 0.12566370614359174,
            "transform_matrix": [
                [
                    -0.2504720389842987,
                    0.7453585863113403,
                    0.6178222894668579,
                    2.490521192550659
                ],
                [
                    0.9681239128112793,
                    0.1928384155035019,
                    0.1598423570394516,
                    0.6443451642990112
                ],
                [
                    0.0,
                    0.6381645798683167,
                    -0.7699000239372253,
                    -3.1035661697387695
                ],
                [
                    0.0,
                    0.0,
                    0.0,
                    1.0
                ]
            ]
        },
        {
            "file_path": "/data/shapenet_blender/all_50_random/02958343/e01a56af0788551e7aa225b44626f301/r_19",
            "rotation": 0.12566370614359174,
            "transform_matrix": [
                [
                    0.9993711709976196,
                    -0.014112470671534538,
                    0.032529138028621674,
                    0.13112914562225342
                ],
                [
                    0.0354585200548172,
                    0.3977491557598114,
                    -0.9168087840080261,
                    -3.6957743167877197
                ],
                [
                    0.0,
                    0.9173856377601624,
                    0.39799943566322327,
                    1.6043870449066162
                ],
                [
                    0.0,
                    0.0,
                    0.0,
                    1.0
                ]
            ]
        },
        {
            "file_path": "/data/shapenet_blender/all_50_random/02958343/e01a56af0788551e7aa225b44626f301/r_20",
            "rotation": 0.12566370614359174,
            "transform_matrix": [
                [
                    -0.24003815650939941,
                    0.011694410815834999,
                    -0.9706929326057434,
                    -3.9129886627197266
                ],
                [
                    -0.9707635045051575,
                    -0.0028916464652866125,
                    0.24002070724964142,
                    0.9675544500350952
                ],
                [
                    0.0,
                    0.9999274015426636,
                    0.012046610936522484,
                    0.048561446368694305
                ],
                [
                    0.0,
                    0.0,
                    0.0,
                    1.0
                ]
            ]
        },
        {
            "file_path": "/data/shapenet_blender/all_50_random/02958343/e01a56af0788551e7aa225b44626f301/r_21",
            "rotation": 0.12566370614359174,
            "transform_matrix": [
                [
                    -0.3069765567779541,
                    -0.018425289541482925,
                    -0.951538622379303,
                    -3.835775136947632
                ],
                [
                    -0.9517170786857605,
                    0.005943082273006439,
                    0.30691900849342346,
                    1.2372301816940308
                ],
                [
                    4.656612873077393e-10,
                    0.9998125433921814,
                    -0.019360048696398735,
                    -0.07804285734891891
                ],
                [
                    0.0,
                    0.0,
                    0.0,
                    1.0
                ]
            ]
        },
        {
            "file_path": "/data/shapenet_blender/all_50_random/02958343/e01a56af0788551e7aa225b44626f301/r_22",
            "rotation": 0.12566370614359174,
            "transform_matrix": [
                [
                    0.9002727270126343,
                    0.40434738993644714,
                    0.16128318011760712,
                    0.6501532793045044
                ],
                [
                    0.4353264570236206,
                    -0.8362067937850952,
                    -0.333540141582489,
                    -1.3445433378219604
                ],
                [
                    1.4901161193847656e-08,
                    0.37048783898353577,
                    -0.9288372993469238,
                    -3.744262933731079
                ],
                [
                    0.0,
                    0.0,
                    0.0,
                    1.0
                ]
            ]
        },
        {
            "file_path": "/data/shapenet_blender/all_50_random/02958343/e01a56af0788551e7aa225b44626f301/r_23",
            "rotation": 0.12566370614359174,
            "transform_matrix": [
                [
                    -0.7266876697540283,
                    0.4010847508907318,
                    -0.557723879814148,
                    -2.2482571601867676
                ],
                [
                    -0.6869680285453796,
                    -0.4242750108242035,
                    0.5899708271026611,
                    2.378248691558838
                ],
                [
                    -1.4901162970204496e-08,
                    0.8118630051612854,
                    0.5838477611541748,
                    2.3535659313201904
                ],
                [
                    0.0,
                    0.0,
                    0.0,
                    1.0
                ]
            ]
        },
        {
            "file_path": "/data/shapenet_blender/all_50_random/02958343/e01a56af0788551e7aa225b44626f301/r_24",
            "rotation": 0.12566370614359174,
            "transform_matrix": [
                [
                    0.9360756278038025,
                    -0.20105360448360443,
                    0.28868624567985535,
                    1.163731575012207
                ],
                [
                    0.3517986536026001,
                    0.5349689722061157,
                    -0.7681443691253662,
                    -3.096489191055298
                ],
                [
                    1.4901160305669237e-08,
                    0.8206008076667786,
                    0.5715017318725586,
                    2.303797483444214
                ],
                [
                    0.0,
                    0.0,
                    0.0,
                    1.0
                ]
            ]
        },
        {
            "file_path": "/data/shapenet_blender/all_50_random/02958343/e01a56af0788551e7aa225b44626f301/r_25",
            "rotation": 0.12566370614359174,
            "transform_matrix": [
                [
                    0.7671960592269897,
                    0.6178951263427734,
                    0.1720919907093048,
                    0.6937249302864075
                ],
                [
                    0.6414124965667725,
                    -0.7390668392181396,
                    -0.20583993196487427,
                    -0.8297672271728516
                ],
                [
                    0.0,
                    0.26830151677131653,
                    -0.9633350372314453,
                    -3.8833272457122803
                ],
                [
                    0.0,
                    0.0,
                    0.0,
                    1.0
                ]
            ]
        },
        {
            "file_path": "/data/shapenet_blender/all_50_random/02958343/e01a56af0788551e7aa225b44626f301/r_26",
            "rotation": 0.12566370614359174,
            "transform_matrix": [
                [
                    -0.862522304058075,
                    -0.09113758057355881,
                    0.4977441430091858,
                    2.0064709186553955
                ],
                [
                    0.5060190558433533,
                    -0.15534628927707672,
                    0.8484174013137817,
                    3.4200801849365234
                ],
                [
                    -7.450580596923828e-09,
                    0.9836469292640686,
                    0.1801069974899292,
                    0.7260345816612244
                ],
                [
                    0.0,
                    0.0,
                    0.0,
                    1.0
                ]
            ]
        },
        {
            "file_path": "/data/shapenet_blender/all_50_random/02958343/e01a56af0788551e7aa225b44626f301/r_27",
            "rotation": 0.12566370614359174,
            "transform_matrix": [
                [
                    -0.6269873380661011,
                    0.046839382499456406,
                    -0.7776200175285339,
                    -3.1346867084503174
                ],
                [
                    -0.7790294885635376,
                    -0.03769780695438385,
                    0.6258530020713806,
                    2.5228943824768066
                ],
                [
                    0.0,
                    0.9981907606124878,
                    0.060125309973955154,
                    0.24237288534641266
                ],
                [
                    0.0,
                    0.0,
                    0.0,
                    1.0
                ]
            ]
        },
        {
            "file_path": "/data/shapenet_blender/all_50_random/02958343/e01a56af0788551e7aa225b44626f301/r_28",
            "rotation": 0.12566370614359174,
            "transform_matrix": [
                [
                    -0.306336373090744,
                    -0.32858946919441223,
                    -0.8934130072593689,
                    -3.6014633178710938
                ],
                [
                    -0.9519233107566833,
                    0.1057426780462265,
                    0.2875073254108429,
                    1.1589791774749756
                ],
                [
                    0.0,
                    0.9385347366333008,
                    -0.3451847732067108,
                    -1.3914844989776611
                ],
                [
                    0.0,
                    0.0,
                    0.0,
                    1.0
                ]
            ]
        },
        {
            "file_path": "/data/shapenet_blender/all_50_random/02958343/e01a56af0788551e7aa225b44626f301/r_29",
            "rotation": 0.12566370614359174,
            "transform_matrix": [
                [
                    -0.7341107130050659,
                    -0.005366861820220947,
                    0.6790086030960083,
                    2.737171173095703
                ],
                [
                    0.6790298819541931,
                    -0.0058022052980959415,
                    0.7340877652168274,
                    2.959202289581299
                ],
                [
                    -4.656612873077393e-10,
                    0.9999687075614929,
                    0.007903721183538437,
                    0.031860917806625366
                ],
                [
                    0.0,
                    0.0,
                    0.0,
                    1.0
                ]
            ]
        },
        {
            "file_path": "/data/shapenet_blender/all_50_random/02958343/e01a56af0788551e7aa225b44626f301/r_30",
            "rotation": 0.12566370614359174,
            "transform_matrix": [
                [
                    0.9175560474395752,
                    0.1819634735584259,
                    0.35352545976638794,
                    1.4251068830490112
                ],
                [
                    0.39760658144950867,
                    -0.4199168086051941,
                    -0.8158301115036011,
                    -3.2887165546417236
                ],
                [
                    0.0,
                    0.889133870601654,
                    -0.45764702558517456,
                    -1.844834327697754
                ],
                [
                    0.0,
                    0.0,
                    0.0,
                    1.0
                ]
            ]
        },
        {
            "file_path": "/data/shapenet_blender/all_50_random/02958343/e01a56af0788551e7aa225b44626f301/r_31",
            "rotation": 0.12566370614359174,
            "transform_matrix": [
                [
                    -0.04039425775408745,
                    -0.01332014985382557,
                    -0.9990950226783752,
                    -4.027480602264404
                ],
                [
                    -0.9991838932037354,
                    0.0005384969990700483,
                    0.04039066284894943,
                    0.162819966673851
                ],
                [
                    0.0,
                    0.9999111294746399,
                    -0.013331030495464802,
                    -0.05373910069465637
                ],
                [
                    0.0,
                    0.0,
                    0.0,
                    1.0
                ]
            ]
        },
        {
            "file_path": "/data/shapenet_blender/all_50_random/02958343/e01a56af0788551e7aa225b44626f301/r_32",
            "rotation": 0.12566370614359174,
            "transform_matrix": [
                [
                    0.4067327380180359,
                    -0.39054951071739197,
                    0.8258568644523621,
                    3.3291354179382324
                ],
                [
                    0.9135472774505615,
                    0.17388181388378143,
                    -0.36769089102745056,
                    -1.482209324836731
                ],
                [
                    1.4901161193847656e-08,
                    0.9040111303329468,
                    0.4275088608264923,
                    1.7233432531356812
                ],
                [
                    0.0,
                    0.0,
                    0.0,
                    1.0
                ]
            ]
        },
        {
            "file_path": "/data/shapenet_blender/all_50_random/02958343/e01a56af0788551e7aa225b44626f301/r_33",
            "rotation": 0.12566370614359174,
            "transform_matrix": [
                [
                    -0.9485669136047363,
                    0.10728409141302109,
                    -0.2978438138961792,
                    -1.2006467580795288
                ],
                [
                    -0.3165767192840576,
                    -0.3214580714702606,
                    0.8924370408058167,
                    3.5975286960601807
                ],
                [
                    0.0,
                    0.9408265948295593,
                    0.33888816833496094,
                    1.366101861000061
                ],
                [
                    0.0,
                    0.0,
                    0.0,
                    1.0
                ]
            ]
        },
        {
            "file_path": "/data/shapenet_blender/all_50_random/02958343/e01a56af0788551e7aa225b44626f301/r_34",
            "rotation": 0.12566370614359174,
            "transform_matrix": [
                [
                    0.9864412546157837,
                    0.02986268699169159,
                    -0.16137541830539703,
                    -0.6505250930786133
                ],
                [
                    -0.16411523520946503,
                    0.17949451506137848,
                    -0.9699731469154358,
                    -3.9100868701934814
                ],
                [
                    -1.862645149230957e-09,
                    0.9833056330680847,
                    0.18196170032024384,
                    0.7335110902786255
                ],
                [
                    0.0,
                    0.0,
                    0.0,
                    1.0
                ]
            ]
        },
        {
            "file_path": "/data/shapenet_blender/all_50_random/02958343/e01a56af0788551e7aa225b44626f301/r_35",
            "rotation": 0.12566370614359174,
            "transform_matrix": [
                [
                    -0.9067866206169128,
                    0.03852960467338562,
                    -0.4198254644870758,
                    -1.6923704147338867
                ],
                [
                    -0.421589732170105,
                    -0.08287233859300613,
                    0.9029918909072876,
                    3.6400763988494873
                ],
                [
                    3.725290076417309e-09,
                    0.9958150386810303,
                    0.09139122813940048,
                    0.36840978264808655
                ],
                [
                    0.0,
                    0.0,
                    0.0,
                    1.0
                ]
            ]
        },
        {
            "file_path": "/data/shapenet_blender/all_50_random/02958343/e01a56af0788551e7aa225b44626f301/r_36",
            "rotation": 0.12566370614359174,
            "transform_matrix": [
                [
                    -0.8837882280349731,
                    -0.311149001121521,
                    -0.34943491220474243,
                    -1.4086171388626099
                ],
                [
                    -0.4678872227668762,
                    0.5877267122268677,
                    0.6600446701049805,
                    2.6607251167297363
                ],
                [
                    -1.4901161193847656e-08,
                    0.7468357086181641,
                    -0.665008544921875,
                    -2.6807351112365723
                ],
                [
                    0.0,
                    0.0,
                    0.0,
                    1.0
                ]
            ]
        },
        {
            "file_path": "/data/shapenet_blender/all_50_random/02958343/e01a56af0788551e7aa225b44626f301/r_37",
            "rotation": 0.12566370614359174,
            "transform_matrix": [
                [
                    -0.8856725692749023,
                    -0.31281739473342896,
                    -0.3431173264980316,
                    -1.383150339126587
                ],
                [
                    -0.46431058645248413,
                    0.5966992974281311,
                    0.6544963717460632,
                    2.638359546661377
                ],
                [
                    1.4901162970204496e-08,
                    0.7389824390411377,
                    -0.6737245917320251,
                    -2.7158708572387695
                ],
                [
                    0.0,
                    0.0,
                    0.0,
                    1.0
                ]
            ]
        },
        {
            "file_path": "/data/shapenet_blender/all_50_random/02958343/e01a56af0788551e7aa225b44626f301/r_38",
            "rotation": 0.12566370614359174,
            "transform_matrix": [
                [
                    0.1966809630393982,
                    0.34407639503479004,
                    0.9181110858917236,
                    3.701024293899536
                ],
                [
                    0.9804675579071045,
                    -0.06902143359184265,
                    -0.18417230248451233,
                    -0.742422342300415
                ],
                [
                    0.0,
                    0.9364012479782104,
                    -0.35093095898628235,
                    -1.4146480560302734
                ],
                [
                    0.0,
                    0.0,
                    0.0,
                    1.0
                ]
            ]
        },
        {
            "file_path": "/data/shapenet_blender/all_50_random/02958343/e01a56af0788551e7aa225b44626f301/r_39",
            "rotation": 0.12566370614359174,
            "transform_matrix": [
                [
                    0.7005911469459534,
                    -0.23771265149116516,
                    0.6728036403656006,
                    2.712158441543579
                ],
                [
                    0.7135630249977112,
                    0.23339127004146576,
                    -0.6605727076530457,
                    -2.662853956222534
                ],
                [
                    -1.4901162970204496e-08,
                    0.9428791999816895,
                    0.3331347703933716,
                    1.342909336090088
                ],
                [
                    0.0,
                    0.0,
                    0.0,
                    1.0
                ]
            ]
        },
        {
            "file_path": "/data/shapenet_blender/all_50_random/02958343/e01a56af0788551e7aa225b44626f301/r_40",
            "rotation": 0.12566370614359174,
            "transform_matrix": [
                [
                    -0.819256067276001,
                    -0.3842131495475769,
                    0.42567571997642517,
                    1.7159538269042969
                ],
                [
                    0.5734279751777649,
                    -0.54892498254776,
                    0.608162522315979,
                    2.4515817165374756
                ],
                [
                    -1.4901162970204496e-08,
                    0.7423352599143982,
                    0.670028567314148,
                    2.700971841812134
                ],
                [
                    0.0,
                    0.0,
                    0.0,
                    1.0
                ]
            ]
        },
        {
            "file_path": "/data/shapenet_blender/all_50_random/02958343/e01a56af0788551e7aa225b44626f301/r_41",
            "rotation": 0.12566370614359174,
            "transform_matrix": [
                [
                    -0.31716853380203247,
                    -0.22886817157268524,
                    0.9203387498855591,
                    3.7100043296813965
                ],
                [
                    0.9483691453933716,
                    -0.07654169201850891,
                    0.30779415369033813,
                    1.2407580614089966
                ],
                [
