{
    "class": "02958343",
    "model": "b6525d69681e4f56813498cc26c2aee",
    "remove_doubles": true,
    "edge_split": true,
    "denoise": true,
    "camera_angle_x": 0.6911112070083618,
    "scale_factor": 2.2397142942581176,
    "hdri_file": "/data/IndoorHDRDataset2018/9C4A8495-2382d1c158.exr",
    "center_offset": [
        0.0,
        0.0,
        -1.862645149230957e-09
    ],
    "lights": [],
    "frames": [
        {
            "file_path": "/data/shapenet_blender/all_50_random/02958343/b6525d69681e4f56813498cc26c2aee/r_0",
            "rotation": 0.12566370614359174,
            "transform_matrix": [
                [
                    -0.058739516884088516,
                    0.27299827337265015,
                    -0.9602195024490356,
                    -3.8707687854766846
                ],
                [
                    -0.9982733726501465,
                    -0.016063520684838295,
                    0.0565003827214241,
                    0.22776034474372864
                ],
                [
                    9.313225746154785e-10,
                    0.9618804454803467,
                    0.2734704315662384,
                    1.102394700050354
                ],
                [
                    0.0,
                    0.0,
                    0.0,
                    1.0
                ]
            ]
        },
        {
            "file_path": "/data/shapenet_blender/all_50_random/02958343/b6525d69681e4f56813498cc26c2aee/r_1",
            "rotation": 0.12566370614359174,
            "transform_matrix": [
                [
                    0.8361995220184326,
                    -0.12691335380077362,
                    0.5335385799407959,
                    2.1507627964019775
                ],
                [
                    0.5484254360198975,
                    0.1935083270072937,
                    -0.8135011196136475,
                    -3.279327869415283
                ],
                [
                    7.450581485102248e-09,
                    0.9728552103042603,
                    0.23141410946846008,
                    0.9328601360321045
                ],
                [
                    0.0,
                    0.0,
                    0.0,
                    1.0
                ]
            ]
        },
        {
            "file_path": "/data/shapenet_blender/all_50_random/02958343/b6525d69681e4f56813498cc26c2aee/r_2",
            "rotation": 0.12566370614359174,
            "transform_matrix": [
                [
                    0.587023913860321,
                    -0.6635561585426331,
                    -0.46378448605537415,
                    -1.869575023651123
                ],
                [
                    -0.8095696568489075,
                    -0.4811486601829529,
                    -0.33629298210144043,
                    -1.3556404113769531
                ],
                [
                    0.0,
                    0.5728777050971985,
                    -0.8196406960487366,
                    -3.304077386856079
                ],
                [
                    0.0,
                    0.0,
                    0.0,
                    1.0
                ]
            ]
        },
        {
            "file_path": "/data/shapenet_blender/all_50_random/02958343/b6525d69681e4f56813498cc26c2aee/r_3",
            "rotation": 0.12566370614359174,
            "transform_matrix": [
                [
                    0.7233572006225586,
                    -0.033031146973371506,
                    0.6896834969520569,
                    2.780203104019165
                ],
                [
                    0.6904740333557129,
                    0.03460422903299332,
                    -0.7225290536880493,
                    -2.9126076698303223
                ],
                [
                    -1.862645149230957e-09,
                    0.9988550543785095,
                    0.04783836752176285,
                    0.19284263253211975
                ],
                [
                    0.0,
                    0.0,
                    0.0,
                    1.0
                ]
            ]
        },
        {
            "file_path": "/data/shapenet_blender/all_50_random/02958343/b6525d69681e4f56813498cc26c2aee/r_4",
            "rotation": 0.12566370614359174,
            "transform_matrix": [
                [
                    0.7292981147766113,
                    0.45456820726394653,
                    -0.5113626718521118,
                    -2.061368942260742
                ],
                [
                    -0.6841959357261658,
                    0.4845333695411682,
                    -0.5450717210769653,
                    -2.1972544193267822
                ],
                [
                    0.0,
                    0.7473921179771423,
                    0.6643831133842468,
                    2.6782140731811523
                ],
                [
                    0.0,
                    0.0,
                    0.0,
                    1.0
                ]
            ]
        },
        {
            "file_path": "/data/shapenet_blender/all_50_random/02958343/b6525d69681e4f56813498cc26c2aee/r_5",
            "rotation": 0.12566370614359174,
            "transform_matrix": [
                [
                    0.9351291656494141,
                    0.004934233147650957,
                    -0.3542726933956146,
                    -1.4281189441680908
                ],
                [
                    -0.35430705547332764,
                    0.013023012317717075,
                    -0.9350384473800659,
                    -3.7692606449127197
                ],
                [
                    0.0,
                    0.9999030828475952,
                    0.0139264315366745,
                    0.05613924190402031
                ],
                [
                    0.0,
                    0.0,
                    0.0,
                    1.0
                ]
            ]
        },
        {
            "file_path": "/data/shapenet_blender/all_50_random/02958343/b6525d69681e4f56813498cc26c2aee/r_6",
            "rotation": 0.12566370614359174,
            "transform_matrix": [
                [
                    0.4701923727989197,
                    -0.025228258222341537,
                    -0.8822033405303955,
                    -3.5562753677368164
                ],
                [
                    -0.8825640678405762,
                    -0.013440537266433239,
                    -0.4700002074241638,
                    -1.8946313858032227
                ],
                [
                    0.0,
                    0.9995912909507751,
                    -0.028585189953446388,
                    -0.11523059010505676
                ],
                [
                    0.0,
                    0.0,
                    0.0,
                    1.0
                ]
            ]
        },
        {
            "file_path": "/data/shapenet_blender/all_50_random/02958343/b6525d69681e4f56813498cc26c2aee/r_7",
            "rotation": 0.12566370614359174,
            "transform_matrix": [
                [
                    0.9968873262405396,
                    0.020523125305771828,
                    0.07612226158380508,
                    0.30685868859291077
                ],
                [
                    0.07884034514427185,
                    -0.25950220227241516,
                    -0.9625188708305359,
                    -3.880038022994995
                ],
                [
                    0.0,
                    0.965524435043335,
                    -0.26031243801116943,
                    -1.0493531227111816
                ],
                [
                    0.0,
                    0.0,
                    0.0,
                    1.0
                ]
            ]
        },
        {
            "file_path": "/data/shapenet_blender/all_50_random/02958343/b6525d69681e4f56813498cc26c2aee/r_8",
            "rotation": 0.12566370614359174,
            "transform_matrix": [
                [
                    -0.3413100242614746,
                    0.35366711020469666,
                    0.8708771467208862,
                    3.510617971420288
                ],
                [
                    0.9399507641792297,
                    0.12842176854610443,
                    0.31622838973999023,
                    1.2747573852539062
                ],
                [
                    -7.450580152834618e-09,
                    0.9265135526657104,
                    -0.37626132369041443,
                    -1.5167579650878906
                ],
                [
                    0.0,
                    0.0,
                    0.0,
                    1.0
                ]
            ]
        },
        {
            "file_path": "/data/shapenet_blender/all_50_random/02958343/b6525d69681e4f56813498cc26c2aee/r_9",
            "rotation": 0.12566370614359174,
            "transform_matrix": [
                [
                    0.6468974351882935,
                    0.45402106642723083,
                    0.6126895546913147,
                    2.4698307514190674
                ],
                [
                    0.7625770568847656,
                    -0.3851481080055237,
                    -0.519747257232666,
                    -2.095168352127075
                ],
                [
                    1.4901161193847656e-08,
                    0.8034461736679077,
                    -0.5953773260116577,
                    -2.40004301071167
                ],
                [
                    0.0,
                    0.0,
                    0.0,
                    1.0
                ]
            ]
        },
        {
            "file_path": "/data/shapenet_blender/all_50_random/02958343/b6525d69681e4f56813498cc26c2aee/r_10",
            "rotation": 0.12566370614359174,
            "transform_matrix": [
                [
                    0.7821823954582214,
                    -0.1933458298444748,
                    0.592290461063385,
                    2.387599468231201
                ],
                [
                    0.6230494379997253,
                    0.24272823333740234,
                    -0.7435672283172607,
                    -2.997415542602539
                ],
                [
                    0.0,
                    0.9506315588951111,
                    0.31032171845436096,
                    1.2509469985961914
                ],
                [
                    0.0,
                    0.0,
                    0.0,
                    1.0
                ]
            ]
        },
        {
            "file_path": "/data/shapenet_blender/all_50_random/02958343/b6525d69681e4f56813498cc26c2aee/r_11",
            "rotation": 0.12566370614359174,
            "transform_matrix": [
                [
                    0.1451415866613388,
                    0.8325068354606628,
                    -0.5346645712852478,
                    -2.155301570892334
                ],
                [
                    -0.9894107580184937,
                    0.1221245601773262,
                    -0.078432597219944,
                    -0.31617188453674316
                ],
                [
                    0.0,
                    0.5403867959976196,
                    0.8414168357849121,
                    3.391859292984009
                ],
                [
                    0.0,
                    0.0,
                    0.0,
                    1.0
                ]
            ]
        },
        {
            "file_path": "/data/shapenet_blender/all_50_random/02958343/b6525d69681e4f56813498cc26c2aee/r_12",
            "rotation": 0.12566370614359174,
            "transform_matrix": [
                [
                    -0.14515216648578644,
                    -0.20009925961494446,
                    -0.9689639210700989,
                    -3.9060184955596924
                ],
                [
                    -0.9894092679023743,
                    0.029355742037296295,
                    0.14215272665023804,
                    0.5730359554290771
                ],
                [
                    0.0,
                    0.9793357253074646,
                    -0.20224112272262573,
                    -0.8152600526809692
                ],
                [
                    0.0,
                    0.0,
                    0.0,
                    1.0
                ]
            ]
        },
        {
            "file_path": "/data/shapenet_blender/all_50_random/02958343/b6525d69681e4f56813498cc26c2aee/r_13",
            "rotation": 0.12566370614359174,
            "transform_matrix": [
                [
                    0.9888167381286621,
                    0.0014157640980556607,
                    0.149129256606102,
                    0.6011593341827393
                ],
                [
                    0.1491359919309616,
                    -0.009386943653225899,
                    -0.9887720942497253,
                    -3.985867977142334
                ],
                [
                    -1.1641532182693481e-10,
                    0.9999549388885498,
                    -0.009493106976151466,
                    -0.038267940282821655
                ],
                [
                    0.0,
                    0.0,
                    0.0,
                    1.0
                ]
            ]
        },
        {
            "file_path": "/data/shapenet_blender/all_50_random/02958343/b6525d69681e4f56813498cc26c2aee/r_14",
            "rotation": 0.12566370614359174,
            "transform_matrix": [
                [
                    0.6324890851974487,
                    0.17572075128555298,
                    0.7543736696243286,
                    3.0409774780273438
                ],
                [
                    0.7745691537857056,
                    -0.1434881091117859,
                    -0.6159980893135071,
                    -2.4831676483154297
                ],
                [
                    7.450580152834618e-09,
                    0.9739266633987427,
                    -0.2268625646829605,
                    -0.9145122170448303
                ],
                [
                    0.0,
                    0.0,
                    0.0,
                    1.0
                ]
            ]
        },
        {
            "file_path": "/data/shapenet_blender/all_50_random/02958343/b6525d69681e4f56813498cc26c2aee/r_15",
            "rotation": 0.12566370614359174,
            "transform_matrix": [
                [
                    -0.24475039541721344,
                    0.10917005687952042,
                    0.963420569896698,
                    3.8836722373962402
                ],
                [
                    0.9695860743522644,
                    0.027557549998164177,
                    0.24319405853748322,
                    0.9803465604782104
                ],
                [
                    -1.8626448161640496e-09,
                    0.9936409592628479,
                    -0.11259451508522034,
                    -0.45388299226760864
                ],
                [
                    0.0,
                    0.0,
                    0.0,
                    1.0
                ]
            ]
        },
        {
            "file_path": "/data/shapenet_blender/all_50_random/02958343/b6525d69681e4f56813498cc26c2aee/r_16",
            "rotation": 0.12566370614359174,
            "transform_matrix": [
                [
                    -0.7045251727104187,
                    0.5977057814598083,
                    -0.3826119899749756,
                    -1.5423583984375
                ],
                [
                    -0.7096788883209229,
                    -0.5933651924133301,
                    0.379833459854126,
                    1.5311577320098877
                ],
                [
                    1.4901161193847656e-08,
                    0.5391339063644409,
                    0.842219889163971,
                    3.395097255706787
                ],
                [
                    0.0,
                    0.0,
                    0.0,
                    1.0
                ]
            ]
        },
        {
            "file_path": "/data/shapenet_blender/all_50_random/02958343/b6525d69681e4f56813498cc26c2aee/r_17",
            "rotation": 0.12566370614359174,
            "transform_matrix": [
                [
                    -0.044229328632354736,
                    0.7259518504142761,
                    0.6863217353820801,
                    2.7666513919830322
                ],
                [
                    0.9990213513374329,
                    0.032139819115400314,
                    0.03038528747856617,
                    0.12248700857162476
                ],
                [
                    -1.8626450382086546e-09,
                    0.6869939565658569,
                    -0.7266630530357361,
                    -2.929272413253784
                ],
                [
                    0.0,
                    0.0,
                    0.0,
                    1.0
                ]
            ]
        },
        {
            "file_path": "/data/shapenet_blender/all_50_random/02958343/b6525d69681e4f56813498cc26c2aee/r_18",
            "rotation": 0.12566370614359174,
            "transform_matrix": [
                [
                    0.4111849367618561,
                    -0.022714586928486824,
                    -0.9112688899040222,
                    -3.6734423637390137
                ],
                [
                    -0.9115518927574158,
                    -0.010246149264276028,
                    -0.4110572636127472,
                    -1.65702486038208
                ],
                [
                    -9.313225191043273e-10,
                    0.999689519405365,
                    -0.024918587878346443,
                    -0.10045003890991211
                ],
                [
                    0.0,
                    0.0,
                    0.0,
                    1.0
                ]
            ]
        },
        {
            "file_path": "/data/shapenet_blender/all_50_random/02958343/b6525d69681e4f56813498cc26c2aee/r_19",
            "rotation": 0.12566370614359174,
            "transform_matrix": [
                [
                    0.048290226608514786,
                    -0.03858696669340134,
                    0.9980876445770264,
                    4.023420333862305
                ],
                [
                    0.9988333582878113,
                    0.0018655498279258609,
                    -0.04825417324900627,
                    -0.1945188045501709
                ],
                [
                    0.0,
                    0.9992534518241882,
                    0.03863203153014183,
                    0.1557307094335556
                ],
                [
                    0.0,
                    0.0,
                    0.0,
                    1.0
                ]
            ]
        },
        {
            "file_path": "/data/shapenet_blender/all_50_random/02958343/b6525d69681e4f56813498cc26c2aee/r_20",
            "rotation": 0.12566370614359174,
            "transform_matrix": [
                [
                    0.9861578345298767,
                    -0.014313392341136932,
                    -0.1651902198791504,
                    -0.6659030914306641
                ],
                [
                    -0.16580916941165924,
                    -0.08512958139181137,
                    -0.9824765920639038,
                    -3.9604897499084473
                ],
                [
                    -9.313225746154785e-10,
                    0.9962670803070068,
                    -0.08632449060678482,
                    -0.3479851484298706
                ],
                [
                    0.0,
                    0.0,
                    0.0,
                    1.0
                ]
            ]
        },
        {
            "file_path": "/data/shapenet_blender/all_50_random/02958343/b6525d69681e4f56813498cc26c2aee/r_21",
            "rotation": 0.12566370614359174,
            "transform_matrix": [
                [
                    0.034533530473709106,
                    0.14194948971271515,
                    -0.989271342754364,
                    -3.987880229949951
                ],
                [
                    -0.9994035363197327,
                    0.004904942121356726,
                    -0.03418342024087906,
                    -0.1377977728843689
                ],
                [
                    -4.656612873077393e-10,
                    0.9898617267608643,
                    0.14203420281410217,
                    0.5725581645965576
                ],
                [
                    0.0,
                    0.0,
                    0.0,
                    1.0
                ]
            ]
        },
        {
            "file_path": "/data/shapenet_blender/all_50_random/02958343/b6525d69681e4f56813498cc26c2aee/r_22",
            "rotation": 0.12566370614359174,
            "transform_matrix": [
                [
                    0.6381800174713135,
                    0.5504983067512512,
                    0.538217306137085,
                    2.169623374938965
                ],
                [
                    0.7698872089385986,
                    -0.45632272958755493,
                    -0.44614270329475403,
                    -1.7984588146209717
                ],
                [
                    -1.4901161193847656e-08,
                    0.6990859508514404,
                    -0.7150376439094543,
                    -2.882408857345581
                ],
                [
                    0.0,
                    0.0,
                    0.0,
                    1.0
                ]
            ]
        },
        {
            "file_path": "/data/shapenet_blender/all_50_random/02958343/b6525d69681e4f56813498cc26c2aee/r_23",
            "rotation": 0.12566370614359174,
            "transform_matrix": [
                [
                    -0.7701387405395508,
                    0.14037154614925385,
                    0.6222397089004517,
                    2.508328437805176
                ],
                [
                    0.637876570224762,
                    0.16947725415229797,
                    0.7512596249580383,
                    3.0284245014190674
                ],
                [
                    -7.450581485102248e-09,
                    0.975486159324646,
                    -0.22006069123744965,
                    -0.8870930075645447
                ],
                [
                    0.0,
                    0.0,
                    0.0,
                    1.0
                ]
            ]
        },
        {
            "file_path": "/data/shapenet_blender/all_50_random/02958343/b6525d69681e4f56813498cc26c2aee/r_24",
            "rotation": 0.12566370614359174,
            "transform_matrix": [
                [
                    -0.27713626623153687,
                    -0.05745051056146622,
                    0.9591114521026611,
                    3.866302251815796
                ],
                [
                    0.9608306288719177,
                    -0.0165706817060709,
                    0.276640385389328,
                    1.1151732206344604
                ],
                [
                    0.0,
                    0.9982106685638428,
                    0.059792548418045044,
                    0.2410314828157425
                ],
                [
                    0.0,
                    0.0,
                    0.0,
                    1.0
                ]
            ]
        },
        {
            "file_path": "/data/shapenet_blender/all_50_random/02958343/b6525d69681e4f56813498cc26c2aee/r_25",
            "rotation": 0.12566370614359174,
            "transform_matrix": [
                [
                    -0.9570582509040833,
                    -0.025309983640909195,
                    -0.28878846764564514,
                    -1.164143681526184
                ],
                [
                    -0.2898954749107361,
                    0.08355814963579178,
                    0.953403651714325,
                    3.8432931900024414
                ],
                [
                    0.0,
                    0.9961814284324646,
                    -0.08730726689100266,
                    -0.3519468903541565
                ],
                [
                    0.0,
                    0.0,
                    0.0,
                    1.0
                ]
            ]
        },
        {
            "file_path": "/data/shapenet_blender/all_50_random/02958343/b6525d69681e4f56813498cc26c2aee/r_26",
            "rotation": 0.12566370614359174,
            "transform_matrix": [
                [
                    -0.14259272813796997,
                    -0.04380302131175995,
                    0.9888117909431458,
                    3.986027240753174
                ],
                [
                    0.9897813200950623,
                    -0.0063104769214987755,
                    0.14245304465293884,
                    0.5742465257644653
                ],
                [
                    0.0,
                    0.9990202188491821,
                    0.044255249202251434,
                    0.17839859426021576
                ],
                [
                    0.0,
                    0.0,
                    0.0,
                    1.0
                ]
            ]
        },
        {
            "file_path": "/data/shapenet_blender/all_50_random/02958343/b6525d69681e4f56813498cc26c2aee/r_27",
            "rotation": 0.12566370614359174,
            "transform_matrix": [
                [
                    0.9883238673210144,
                    -0.007220277097076178,
                    0.15219652652740479,
                    0.6135238409042358
                ],
                [
                    0.1523676961660385,
                    0.046833887696266174,
                    -0.9872135519981384,
                    -3.9795851707458496
                ],
                [
                    4.6566125955216364e-10,
                    0.9988766312599182,
                    0.04738718643784523,
                    0.19102385640144348
                ],
                [
                    0.0,
                    0.0,
                    0.0,
                    1.0
                ]
            ]
        },
        {
            "file_path": "/data/shapenet_blender/all_50_random/02958343/b6525d69681e4f56813498cc26c2aee/r_28",
            "rotation": 0.12566370614359174,
            "transform_matrix": [
                [
                    -0.5875763893127441,
                    0.3124969005584717,
                    0.7463910579681396,
                    3.008798599243164
                ],
                [
                    0.8091686964035034,
                    0.22691906988620758,
                    0.5419905185699463,
                    2.1848337650299072
                ],
                [
                    -1.4901161193847656e-08,
                    0.922417163848877,
                    -0.38619497418403625,
                    -1.5568017959594727
                ],
                [
                    0.0,
                    0.0,
                    0.0,
                    1.0
                ]
            ]
        },
        {
            "file_path": "/data/shapenet_blender/all_50_random/02958343/b6525d69681e4f56813498cc26c2aee/r_29",
            "rotation": 0.12566370614359174,
            "transform_matrix": [
                [
                    -0.269209623336792,
                    -0.805401623249054,
                    0.5280666947364807,
                    2.1287050247192383
                ],
                [
                    0.9630815982818604,
                    -0.22513341903686523,
                    0.1476101577281952,
                    0.5950355529785156
                ],
                [
                    -7.450580596923828e-09,
                    0.5483092665672302,
                    0.8362755179405212,
                    3.3711345195770264
                ],
                [
                    0.0,
                    0.0,
                    0.0,
                    1.0
                ]
            ]
        },
        {
            "file_path": "/data/shapenet_blender/all_50_random/02958343/b6525d69681e4f56813498cc26c2aee/r_30",
            "rotation": 0.12566370614359174,
            "transform_matrix": [
                [
                    -0.5040442943572998,
                    0.7795116305351257,
                    -0.37188827991485596,
                    -1.4991296529769897
                ],
                [
                    -0.8636777997016907,
                    -0.4549247920513153,
                    0.21703486144542694,
                    0.8748955130577087
                ],
                [
                    0.0,
                    0.4305867850780487,
                    0.9025490880012512,
                    3.638291835784912
                ],
                [
                    0.0,
                    0.0,
                    0.0,
                    1.0
                ]
            ]
        },
        {
            "file_path": "/data/shapenet_blender/all_50_random/02958343/b6525d69681e4f56813498cc26c2aee/r_31",
            "rotation": 0.12566370614359174,
            "transform_matrix": [
                [
                    0.9641910195350647,
                    -0.136665478348732,
                    -0.2272845357656479,
                    -0.91621333360672
                ],
                [
                    -0.2652088403701782,
                    -0.4968598783016205,
                    -0.8263137340545654,
                    -3.330977439880371
                ],
                [
                    0.0,
                    0.8570021986961365,
                    -0.515312671661377,
                    -2.077291965484619
                ],
                [
                    0.0,
                    0.0,
                    0.0,
                    1.0
                ]
            ]
        },
        {
            "file_path": "/data/shapenet_blender/all_50_random/02958343/b6525d69681e4f56813498cc26c2aee/r_32",
            "rotation": 0.12566370614359174,
            "transform_matrix": [
                [
                    0.8262304067611694,
                    0.42274710536003113,
                    -0.37232810258865356,
                    -1.5009026527404785
                ],
                [
                    -0.5633324384689331,
                    0.6200361847877502,
                    -0.5460875034332275,
                    -2.2013494968414307
                ],
                [
                    -1.4901162970204496e-08,
                    0.660938560962677,
                    0.7504398822784424,
                    3.025120258331299
                ],
                [
                    0.0,
                    0.0,
                    0.0,
                    1.0
                ]
            ]
        },
        {
            "file_path": "/data/shapenet_blender/all_50_random/02958343/b6525d69681e4f56813498cc26c2aee/r_33",
            "rotation": 0.12566370614359174,
            "transform_matrix": [
                [
                    -0.8846028447151184,
                    0.1941646784543991,
                    0.4240022599697113,
                    1.7092077732086182
                ],
                [
                    0.4663452208042145,
                    0.368307888507843,
                    0.8042831420898438,
                    3.242169141769409
                ],
                [
                    0.0,
                    0.9092024564743042,
                    -0.4163540303707123,
                    -1.6783767938613892
                ],
                [
                    0.0,
                    0.0,
                    0.0,
                    1.0
                ]
            ]
        },
        {
            "file_path": "/data/shapenet_blender/all_50_random/02958343/b6525d69681e4f56813498cc26c2aee/r_34",
            "rotation": 0.12566370614359174,
            "transform_matrix": [
                [
                    -0.17923519015312195,
                    0.6190730333328247,
                    -0.7646067142486572,
                    -3.082228183746338
                ],
                [
                    -0.983806312084198,
                    -0.11278609186410904,
                    0.13930021226406097,
                    0.5615371465682983
                ],
                [
                    0.0,
                    0.7771922945976257,
                    0.629263162612915,
                    2.5366408824920654
                ],
                [
                    0.0,
                    0.0,
                    0.0,
                    1.0
                ]
            ]
        },
        {
            "file_path": "/data/shapenet_blender/all_50_random/02958343/b6525d69681e4f56813498cc26c2aee/r_35",
            "rotation": 0.12566370614359174,
            "transform_matrix": [
                [
                    0.8888953328132629,
                    0.07273288816213608,
                    0.4522998631000519,
                    1.8232790231704712
                ],
                [
                    0.4581105411052704,
                    -0.1411273330450058,
                    -0.87762051820755,
                    -3.537801504135132
                ],
                [
                    0.0,
                    0.9873158931732178,
                    -0.15876713395118713,
                    -0.6400107741355896
                ],
                [
                    0.0,
                    0.0,
                    0.0,
                    1.0
                ]
            ]
        },
        {
            "file_path": "/data/shapenet_blender/all_50_random/02958343/b6525d69681e4f56813498cc26c2aee/r_36",
            "rotation": 0.12566370614359174,
            "transform_matrix": [
                [
                    0.7927739024162292,
                    -0.48337844014167786,
                    0.37128785252571106,
                    1.4967093467712402
                ],
                [
                    0.6095157265663147,
                    0.6287119388580322,
                    -0.48291999101638794,
                    -1.946712851524353
                ],
                [
                    0.0,
                    0.6091521382331848,
                    0.7930532097816467,
                    3.196899890899658
                ],
                [
                    0.0,
                    0.0,
                    0.0,
                    1.0
                ]
            ]
        },
        {
            "file_path": "/data/shapenet_blender/all_50_random/02958343/b6525d69681e4f56813498cc26c2aee/r_37",
            "rotation": 0.12566370614359174,
            "transform_matrix": [
                [
                    -0.940850019454956,
                    0.2587517201900482,
                    0.21874390542507172,
                    0.8817849159240723
                ],
                [
                    0.33882349729537964,
                    0.7185055613517761,
                    0.60741126537323,
                    2.4485530853271484
                ],
                [
                    0.0,
                    0.645598292350769,
                    -0.7636771202087402,
                    -3.0784809589385986
                ],
                [
                    0.0,
                    0.0,
                    0.0,
                    1.0
                ]
            ]
        },
        {
            "file_path": "/data/shapenet_blender/all_50_random/02958343/b6525d69681e4f56813498cc26c2aee/r_38",
            "rotation": 0.12566370614359174,
            "transform_matrix": [
                [
                    -0.6759418249130249,
                    -0.05484418570995331,
                    -0.7349114418029785,
                    -2.9625227451324463
                ],
                [
                    -0.7369550466537476,
                    0.05030357837677002,
                    0.6740673780441284,
                    2.717252492904663
                ],
                [
                    -3.725290298461914e-09,
                    0.9972270727157593,
                    -0.07441998273134232,
                    -0.299996554851532
                ],
                [
                    0.0,
                    0.0,
                    0.0,
                    1.0
                ]
            ]
        },
        {
            "file_path": "/data/shapenet_blender/all_50_random/02958343/b6525d69681e4f56813498cc26c2aee/r_39",
            "rotation": 0.12566370614359174,
            "transform_matrix": [
                [
                    0.3095568120479584,
                    -0.5227537155151367,
                    -0.794293999671936,
                    -3.201901912689209
                ],
                [
                    -0.9508810043334961,
                    -0.17018111050128937,
                    -0.2585803270339966,
                    -1.0423707962036133
                ],
                [
                    -1.4901161193847656e-08,
                    0.8353244066238403,
                    -0.549757182598114,
                    -2.216142416000366
                ],
                [
                    0.0,
                    0.0,
                    0.0,
                    1.0
                ]
            ]
        },
        {
            "file_path": "/data/shapenet_blender/all_50_random/02958343/b6525d69681e4f56813498cc26c2aee/r_40",
            "rotation": 0.12566370614359174,
            "transform_matrix": [
                [
                    0.20655615627765656,
                    0.2121521383523941,
                    -0.9551576375961304,
                    -3.8503634929656982
                ],
                [
                    -0.9784348011016846,
                    0.044787175953388214,
                    -0.20164214074611664,
                    -0.8128454685211182
                ],
                [
                    0.0,
                    0.976209819316864,
                    0.2168281078338623,
                    0.8740620613098145
                ],
                [
                    0.0,
                    0.0,
                    0.0,
                    1.0
                ]
            ]
        },
        {
            "file_path": "/data/shapenet_blender/all_50_random/02958343/b6525d69681e4f56813498cc26c2aee/r_41",
            "rotation": 0.12566370614359174,
            "transform_matrix": [
                [
                    0.5833699107170105,
                    -0.005713318008929491,
                    0.8121863603591919,
                    3.2740283012390137
                ],
                [
                    0.812206506729126,
                    0.00410360936075449,
                    -0.5833554863929749,
                    -2.351581335067749
                ],
                [
