{
    "class": "02958343",
    "model": "2b0207d7f6a6f23bf0ff8cc77ea4c273",
    "remove_doubles": true,
    "edge_split": true,
    "denoise": true,
    "camera_angle_x": 0.6911112070083618,
    "scale_factor": 2.2610341581300597,
    "hdri_file": "/data/IndoorHDRDataset2018/AG8A2546-a819c04605.exr",
    "center_offset": [
        0.0,
        -1.862645149230957e-09,
        0.0
    ],
    "lights": [],
    "frames": [
        {
            "file_path": "/data/shapenet_blender/all_50_random/02958343/2b0207d7f6a6f23bf0ff8cc77ea4c273/r_0",
            "rotation": 0.12566370614359174,
            "transform_matrix": [
                [
                    -0.9160193204879761,
                    -0.1427745819091797,
                    0.37486541271209717,
                    1.5111308097839355
                ],
                [
                    0.4011342227458954,
                    -0.3260362148284912,
                    0.8560325503349304,
                    3.450777530670166
                ],
                [
                    7.450580596923828e-09,
                    0.9345135688781738,
                    0.3559272587299347,
                    1.434788703918457
                ],
                [
                    0.0,
                    0.0,
                    0.0,
                    1.0
                ]
            ]
        },
        {
            "file_path": "/data/shapenet_blender/all_50_random/02958343/2b0207d7f6a6f23bf0ff8cc77ea4c273/r_1",
            "rotation": 0.12566370614359174,
            "transform_matrix": [
                [
                    0.427632212638855,
                    0.507835865020752,
                    0.7478190660476685,
                    3.014554977416992
                ],
                [
                    0.9039527773857117,
                    -0.24024152755737305,
                    -0.3537701666355133,
                    -1.4260931015014648
                ],
                [
                    0.0,
                    0.8272766470909119,
                    -0.5617947578430176,
                    -2.26466703414917
                ],
                [
                    0.0,
                    0.0,
                    0.0,
                    1.0
                ]
            ]
        },
        {
            "file_path": "/data/shapenet_blender/all_50_random/02958343/2b0207d7f6a6f23bf0ff8cc77ea4c273/r_2",
            "rotation": 0.12566370614359174,
            "transform_matrix": [
                [
                    0.9758486747741699,
                    -0.00017494462372269481,
                    0.21844762563705444,
                    0.8805904984474182
                ],
                [
                    0.21844768524169922,
                    0.0007815119461156428,
                    -0.975848376750946,
                    -3.9337704181671143
                ],
                [
                    -1.4551913493643376e-11,
                    0.9999997019767761,
                    0.0008008535951375961,
                    0.0032283440232276917
                ],
                [
                    0.0,
                    0.0,
                    0.0,
                    1.0
                ]
            ]
        },
        {
            "file_path": "/data/shapenet_blender/all_50_random/02958343/2b0207d7f6a6f23bf0ff8cc77ea4c273/r_3",
            "rotation": 0.12566370614359174,
            "transform_matrix": [
                [
                    -0.126487597823143,
                    0.17767813801765442,
                    -0.9759259223937988,
                    -3.9340829849243164
                ],
                [
                    -0.9919682741165161,
                    -0.022656047716736794,
                    0.12444201111793518,
                    0.5016417503356934
                ],
                [
                    0.0,
                    0.9838276505470276,
                    0.17911678552627563,
                    0.7220428586006165
                ],
                [
                    0.0,
                    0.0,
                    0.0,
                    1.0
                ]
            ]
        },
        {
            "file_path": "/data/shapenet_blender/all_50_random/02958343/2b0207d7f6a6f23bf0ff8cc77ea4c273/r_4",
            "rotation": 0.12566370614359174,
            "transform_matrix": [
                [
                    -0.24908892810344696,
                    0.5417584776878357,
                    0.8027779459953308,
                    3.2361013889312744
                ],
                [
                    0.9684805274009705,
                    0.13933789730072021,
                    0.20647095143795013,
                    0.8323110342025757
                ],
                [
                    0.0,
                    0.8289045095443726,
                    -0.5593901872634888,
                    -2.254973888397217
                ],
                [
                    0.0,
                    0.0,
                    0.0,
                    1.0
                ]
            ]
        },
        {
            "file_path": "/data/shapenet_blender/all_50_random/02958343/2b0207d7f6a6f23bf0ff8cc77ea4c273/r_5",
            "rotation": 0.12566370614359174,
            "transform_matrix": [
                [
                    -0.783791184425354,
                    -0.07364984601736069,
                    -0.6166417598724365,
                    -2.485762357711792
                ],
                [
                    -0.6210244297981262,
                    0.09295303374528885,
                    0.7782598733901978,
                    3.137265920639038
                ],
                [
                    0.0,
                    0.992942750453949,
                    -0.11859414726495743,
                    -0.4780682921409607
                ],
                [
                    0.0,
                    0.0,
                    0.0,
                    1.0
                ]
            ]
        },
        {
            "file_path": "/data/shapenet_blender/all_50_random/02958343/2b0207d7f6a6f23bf0ff8cc77ea4c273/r_6",
            "rotation": 0.12566370614359174,
            "transform_matrix": [
                [
                    0.352374404668808,
                    0.5642152428627014,
                    -0.7466548681259155,
                    -3.009861946105957
                ],
                [
                    -0.935859203338623,
                    0.21244116127490997,
                    -0.2811342477798462,
                    -1.1332883834838867
                ],
                [
                    0.0,
                    0.7978282570838928,
                    0.6028847694396973,
                    2.4303061962127686
                ],
                [
                    0.0,
                    0.0,
                    0.0,
                    1.0
                ]
            ]
        },
        {
            "file_path": "/data/shapenet_blender/all_50_random/02958343/2b0207d7f6a6f23bf0ff8cc77ea4c273/r_7",
            "rotation": 0.12566370614359174,
            "transform_matrix": [
                [
                    0.9922943115234375,
                    -0.05572618916630745,
                    -0.11066528409719467,
                    -0.44610604643821716
                ],
                [
                    -0.12390406429767609,
                    -0.44628703594207764,
                    -0.8862705826759338,
                    -3.5726711750030518
                ],
                [
                    3.725290742551124e-09,
                    0.8931531310081482,
                    -0.44975268840789795,
                    -1.8130111694335938
                ],
                [
                    0.0,
                    0.0,
                    0.0,
                    1.0
                ]
            ]
        },
        {
            "file_path": "/data/shapenet_blender/all_50_random/02958343/2b0207d7f6a6f23bf0ff8cc77ea4c273/r_8",
            "rotation": 0.12566370614359174,
            "transform_matrix": [
                [
                    0.9931350350379944,
                    -0.007283872924745083,
                    -0.11674585938453674,
                    -0.4706176519393921
                ],
                [
                    -0.11697286367416382,
                    -0.061842285096645355,
                    -0.9912077188491821,
                    -3.9956862926483154
                ],
                [
                    4.6566125955216364e-10,
                    0.9980593323707581,
                    -0.06226976215839386,
                    -0.2510174512863159
                ],
                [
                    0.0,
                    0.0,
                    0.0,
                    1.0
                ]
            ]
        },
        {
            "file_path": "/data/shapenet_blender/all_50_random/02958343/2b0207d7f6a6f23bf0ff8cc77ea4c273/r_9",
            "rotation": 0.12566370614359174,
            "transform_matrix": [
                [
                    0.22474738955497742,
                    -0.5336981415748596,
                    0.815263569355011,
                    3.286432981491089
                ],
                [
                    0.9744171500205994,
                    0.12309641391038895,
                    -0.1880389302968979,
                    -0.7580093145370483
                ],
                [
                    7.450581485102248e-09,
                    0.836668074131012,
                    0.547710120677948,
                    2.207890272140503
                ],
                [
                    0.0,
                    0.0,
                    0.0,
                    1.0
                ]
            ]
        },
        {
            "file_path": "/data/shapenet_blender/all_50_random/02958343/2b0207d7f6a6f23bf0ff8cc77ea4c273/r_10",
            "rotation": 0.12566370614359174,
            "transform_matrix": [
                [
                    -0.7626160979270935,
                    -0.5643730759620667,
                    -0.31606900691986084,
                    -1.274114966392517
                ],
                [
                    -0.6468511819839478,
                    0.665377140045166,
                    0.3726348876953125,
                    1.5021393299102783
                ],
                [
                    0.0,
                    0.48862701654434204,
                    -0.872492790222168,
                    -3.5171308517456055
                ],
                [
                    0.0,
                    0.0,
                    0.0,
                    1.0
                ]
            ]
        },
        {
            "file_path": "/data/shapenet_blender/all_50_random/02958343/2b0207d7f6a6f23bf0ff8cc77ea4c273/r_11",
            "rotation": 0.12566370614359174,
            "transform_matrix": [
                [
                    0.03590919449925423,
                    0.14572449028491974,
                    -0.9886732697486877,
                    -3.9854695796966553
                ],
                [
                    -0.999355137348175,
                    0.005236225668340921,
                    -0.0355253666639328,
                    -0.1432073414325714
                ],
                [
                    0.0,
                    0.9893113374710083,
                    0.1458185315132141,
                    0.5878133773803711
                ],
                [
                    0.0,
                    0.0,
                    0.0,
                    1.0
                ]
            ]
        },
        {
            "file_path": "/data/shapenet_blender/all_50_random/02958343/2b0207d7f6a6f23bf0ff8cc77ea4c273/r_12",
            "rotation": 0.12566370614359174,
            "transform_matrix": [
                [
                    0.41129350662231445,
                    0.34738531708717346,
                    -0.842710554599762,
                    -3.3970749378204346
                ],
                [
                    -0.9115030169487,
                    0.15674914419651031,
                    -0.38025256991386414,
                    -1.5328471660614014
                ],
                [
                    0.0,
                    0.9245285391807556,
                    0.381112664937973,
                    1.5363142490386963
                ],
                [
                    0.0,
                    0.0,
                    0.0,
                    1.0
                ]
            ]
        },
        {
            "file_path": "/data/shapenet_blender/all_50_random/02958343/2b0207d7f6a6f23bf0ff8cc77ea4c273/r_13",
            "rotation": 0.12566370614359174,
            "transform_matrix": [
                [
                    0.7643133401870728,
                    0.5238773822784424,
                    -0.37600216269493103,
                    -1.5157132148742676
                ],
                [
                    -0.6448450684547424,
                    0.6209344267845154,
                    -0.44566282629966736,
                    -1.7965242862701416
                ],
                [
                    1.4901159417490817e-08,
                    0.583089292049408,
                    0.8124082088470459,
                    3.2749221324920654
                ],
                [
                    0.0,
                    0.0,
                    0.0,
                    1.0
                ]
            ]
        },
        {
            "file_path": "/data/shapenet_blender/all_50_random/02958343/2b0207d7f6a6f23bf0ff8cc77ea4c273/r_14",
            "rotation": 0.12566370614359174,
            "transform_matrix": [
                [
                    -0.3470085561275482,
                    -0.8347728848457336,
                    -0.42747998237609863,
                    -1.7232270240783691
                ],
                [
                    -0.9378620386123657,
                    0.30886560678482056,
                    0.15816742181777954,
                    0.6375933289527893
                ],
                [
                    -1.4901162970204496e-08,
                    0.45580264925956726,
                    -0.8900807499885559,
                    -3.5880305767059326
                ],
                [
                    0.0,
                    0.0,
                    0.0,
                    1.0
                ]
            ]
        },
        {
            "file_path": "/data/shapenet_blender/all_50_random/02958343/2b0207d7f6a6f23bf0ff8cc77ea4c273/r_15",
            "rotation": 0.12566370614359174,
            "transform_matrix": [
                [
                    0.005863289348781109,
                    0.4422535002231598,
                    -0.8968709111213684,
                    -3.6154022216796875
                ],
                [
                    -0.9999828934669495,
                    0.002593104261904955,
                    -0.005258703138679266,
                    -0.021198511123657227
                ],
                [
                    0.0,
                    0.8968862295150757,
                    0.4422611594200134,
                    1.7828117609024048
                ],
                [
                    0.0,
                    0.0,
                    0.0,
                    1.0
                ]
            ]
        },
        {
            "file_path": "/data/shapenet_blender/all_50_random/02958343/2b0207d7f6a6f23bf0ff8cc77ea4c273/r_16",
            "rotation": 0.12566370614359174,
            "transform_matrix": [
                [
                    0.9744930267333984,
                    -0.009939918294548988,
                    -0.22419756650924683,
                    -0.903769314289093
                ],
                [
                    -0.2244177907705307,
                    -0.0431622639298439,
                    -0.9735366702079773,
                    -3.9244518280029297
                ],
                [
                    0.0,
                    0.9990185499191284,
                    -0.04429202154278755,
                    -0.17854684591293335
                ],
                [
                    0.0,
                    0.0,
                    0.0,
                    1.0
                ]
            ]
        },
        {
            "file_path": "/data/shapenet_blender/all_50_random/02958343/2b0207d7f6a6f23bf0ff8cc77ea4c273/r_17",
            "rotation": 0.12566370614359174,
            "transform_matrix": [
                [
                    0.993103563785553,
                    0.04906485602259636,
                    -0.10648015141487122,
                    -0.42923521995544434
                ],
                [
                    -0.11724071204662323,
                    0.4156106412410736,
                    -0.9019547700881958,
                    -3.6358959674835205
                ],
                [
                    3.725290298461914e-09,
                    0.908218264579773,
                    0.4184967577457428,
                    1.6870143413543701
                ],
                [
                    0.0,
                    0.0,
                    0.0,
                    1.0
                ]
            ]
        },
        {
            "file_path": "/data/shapenet_blender/all_50_random/02958343/2b0207d7f6a6f23bf0ff8cc77ea4c273/r_18",
            "rotation": 0.12566370614359174,
            "transform_matrix": [
                [
                    -0.868099570274353,
                    0.42173096537590027,
                    0.26181328296661377,
                    1.0554031133651733
                ],
                [
                    0.4963902235031128,
                    0.7375336289405823,
                    0.4578655958175659,
                    1.8457152843475342
                ],
                [
                    0.0,
                    0.5274344086647034,
                    -0.8495957255363464,
                    -3.4248299598693848
                ],
                [
                    0.0,
                    0.0,
                    0.0,
                    1.0
                ]
            ]
        },
        {
            "file_path": "/data/shapenet_blender/all_50_random/02958343/2b0207d7f6a6f23bf0ff8cc77ea4c273/r_19",
            "rotation": 0.12566370614359174,
            "transform_matrix": [
                [
                    -0.9774762988090515,
                    0.01272097323089838,
                    0.2106619030237198,
                    0.8492053151130676
                ],
                [
                    0.21104565262794495,
                    0.058918289840221405,
                    0.9756989479064941,
                    3.9331681728363037
                ],
                [
                    9.313225746154785e-10,
                    0.9981818199157715,
                    -0.060275934636592865,
                    -0.24298006296157837
                ],
                [
                    0.0,
                    0.0,
                    0.0,
                    1.0
                ]
            ]
        },
        {
            "file_path": "/data/shapenet_blender/all_50_random/02958343/2b0207d7f6a6f23bf0ff8cc77ea4c273/r_20",
            "rotation": 0.12566370614359174,
            "transform_matrix": [
                [
                    0.5265562534332275,
                    -0.49825116991996765,
                    -0.6888281106948853,
                    -2.776754856109619
                ],
                [
                    -0.8501402735710144,
                    -0.3086046874523163,
                    -0.426643431186676,
                    -1.719854712486267
                ],
                [
                    0.0,
                    0.8102522492408752,
                    -0.5860812067985535,
                    -2.3625688552856445
                ],
                [
                    0.0,
                    0.0,
                    0.0,
                    1.0
                ]
            ]
        },
        {
            "file_path": "/data/shapenet_blender/all_50_random/02958343/2b0207d7f6a6f23bf0ff8cc77ea4c273/r_21",
            "rotation": 0.12566370614359174,
            "transform_matrix": [
                [
                    0.899926483631134,
                    -0.30721205472946167,
                    -0.30943968892097473,
                    -1.2473913431167603
                ],
                [
                    -0.4360414743423462,
                    -0.6340411901473999,
                    -0.6386387348175049,
                    -2.574434995651245
                ],
                [
                    1.4901160305669237e-08,
                    0.7096564769744873,
                    -0.7045478224754333,
                    -2.840123176574707
                ],
                [
                    0.0,
                    0.0,
                    0.0,
                    1.0
                ]
            ]
        },
        {
            "file_path": "/data/shapenet_blender/all_50_random/02958343/2b0207d7f6a6f23bf0ff8cc77ea4c273/r_22",
            "rotation": 0.12566370614359174,
            "transform_matrix": [
                [
                    0.7750304937362671,
                    -0.023706799373030663,
                    -0.6314790844917297,
                    -2.5455737113952637
                ],
                [
                    -0.6319239735603333,
                    -0.02907547727227211,
                    -0.7744848132133484,
                    -3.1220481395721436
                ],
                [
                    0.0,
                    0.9992960095405579,
                    -0.03751527518033981,
                    -0.1512289047241211
                ],
                [
                    0.0,
                    0.0,
                    0.0,
                    1.0
                ]
            ]
        },
        {
            "file_path": "/data/shapenet_blender/all_50_random/02958343/2b0207d7f6a6f23bf0ff8cc77ea4c273/r_23",
            "rotation": 0.12566370614359174,
            "transform_matrix": [
                [
                    -0.6946365833282471,
                    -0.5018633604049683,
                    -0.5153766870498657,
                    -2.077549934387207
                ],
                [
                    -0.7193608283996582,
                    0.48461446166038513,
                    0.49766331911087036,
                    2.0061450004577637
                ],
                [
                    0.0,
                    0.7164368033409119,
                    -0.6976518630981445,
                    -2.8123245239257812
                ],
                [
                    0.0,
                    0.0,
                    0.0,
                    1.0
                ]
            ]
        },
        {
            "file_path": "/data/shapenet_blender/all_50_random/02958343/2b0207d7f6a6f23bf0ff8cc77ea4c273/r_24",
            "rotation": 0.12566370614359174,
            "transform_matrix": [
                [
                    0.1918897032737732,
                    -0.004180991556495428,
                    -0.981407642364502,
                    -3.9561803340911865
                ],
                [
                    -0.9814165830612183,
                    -0.0008174807881005108,
                    -0.1918879598379135,
                    -0.7735249996185303
                ],
                [
                    5.820766091346741e-11,
                    0.9999909400939941,
                    -0.004260160494595766,
                    -0.01717325486242771
                ],
                [
                    0.0,
                    0.0,
                    0.0,
                    1.0
                ]
            ]
        },
        {
            "file_path": "/data/shapenet_blender/all_50_random/02958343/2b0207d7f6a6f23bf0ff8cc77ea4c273/r_25",
            "rotation": 0.12566370614359174,
            "transform_matrix": [
                [
                    -0.5810567140579224,
                    0.19842490553855896,
                    -0.7893038392066956,
                    -3.181785821914673
                ],
                [
                    -0.8138630986213684,
                    -0.1416652500629425,
                    0.5635226368904114,
                    2.271632671356201
                ],
                [
                    0.0,
                    0.9698238372802734,
                    0.24380625784397125,
                    0.9828145503997803
                ],
                [
                    0.0,
                    0.0,
                    0.0,
                    1.0
                ]
            ]
        },
        {
            "file_path": "/data/shapenet_blender/all_50_random/02958343/2b0207d7f6a6f23bf0ff8cc77ea4c273/r_26",
            "rotation": 0.12566370614359174,
            "transform_matrix": [
                [
                    0.806952178478241,
                    -0.4279792308807373,
                    -0.40701591968536377,
                    -1.6407335996627808
                ],
                [
                    -0.5906168222427368,
                    -0.584742546081543,
                    -0.5561006665229797,
                    -2.241713523864746
                ],
                [
                    0.0,
                    0.6891371607780457,
                    -0.7246309518814087,
                    -2.9210808277130127
                ],
                [
                    0.0,
                    0.0,
                    0.0,
                    1.0
                ]
            ]
        },
        {
            "file_path": "/data/shapenet_blender/all_50_random/02958343/2b0207d7f6a6f23bf0ff8cc77ea4c273/r_27",
            "rotation": 0.12566370614359174,
            "transform_matrix": [
                [
                    -0.4391014277935028,
                    -0.01850811205804348,
                    0.8982467651367188,
                    3.6209487915039062
                ],
                [
                    0.8984376192092896,
                    -0.009045634418725967,
                    0.43900811672210693,
                    1.7696985006332397
                ],
                [
                    0.0,
                    0.9997876882553101,
                    0.02060033194720745,
                    0.08304259926080704
                ],
                [
                    0.0,
                    0.0,
                    0.0,
                    1.0
                ]
            ]
        },
        {
            "file_path": "/data/shapenet_blender/all_50_random/02958343/2b0207d7f6a6f23bf0ff8cc77ea4c273/r_28",
            "rotation": 0.12566370614359174,
            "transform_matrix": [
                [
                    -0.9664840698242188,
                    -0.10055719316005707,
                    -0.23621375858783722,
                    -0.9522080421447754
                ],
                [
                    -0.2567268908023834,
                    0.37856152653694153,
                    0.8892595171928406,
                    3.584719657897949
                ],
                [
                    0.0,
                    0.9200975298881531,
                    -0.39168933033943176,
                    -1.5789501667022705
                ],
                [
                    0.0,
                    0.0,
                    0.0,
                    1.0
                ]
            ]
        },
        {
            "file_path": "/data/shapenet_blender/all_50_random/02958343/2b0207d7f6a6f23bf0ff8cc77ea4c273/r_29",
            "rotation": 0.12566370614359174,
            "transform_matrix": [
                [
                    0.9040738344192505,
                    -0.1998700648546219,
                    0.37775978446006775,
                    1.5227982997894287
                ],
                [
                    0.42737627029418945,
                    0.4228060841560364,
                    -0.7991148233413696,
                    -3.22133469581604
                ],
                [
                    0.0,
                    0.8839043378829956,
                    0.46766772866249084,
                    1.8852287530899048
                ],
                [
                    0.0,
                    0.0,
                    0.0,
                    1.0
                ]
            ]
        },
        {
            "file_path": "/data/shapenet_blender/all_50_random/02958343/2b0207d7f6a6f23bf0ff8cc77ea4c273/r_30",
            "rotation": 0.12566370614359174,
            "transform_matrix": [
                [
                    -0.07282467931509018,
                    0.7664291262626648,
                    -0.6381871700286865,
                    -2.572614908218384
                ],
                [
                    -0.9973447918891907,
                    -0.055963557213544846,
                    0.04659951478242874,
                    0.18784867227077484
                ],
                [
                    3.725290298461914e-09,
                    0.6398862600326538,
                    0.768469512462616,
                    3.0978000164031982
                ],
                [
                    0.0,
                    0.0,
                    0.0,
                    1.0
                ]
            ]
        },
        {
            "file_path": "/data/shapenet_blender/all_50_random/02958343/2b0207d7f6a6f23bf0ff8cc77ea4c273/r_31",
            "rotation": 0.12566370614359174,
            "transform_matrix": [
                [
                    -0.597827136516571,
                    -0.059730369597673416,
                    0.7993965148925781,
                    3.222470998764038
                ],
                [
                    0.80162513256073,
                    -0.04454506188631058,
                    0.5961651802062988,
                    2.403218984603882
                ],
                [
                    0.0,
                    0.9972200989723206,
                    0.07451159507036209,
                    0.3003658652305603
                ],
                [
                    0.0,
                    0.0,
                    0.0,
                    1.0
                ]
            ]
        },
        {
            "file_path": "/data/shapenet_blender/all_50_random/02958343/2b0207d7f6a6f23bf0ff8cc77ea4c273/r_32",
            "rotation": 0.12566370614359174,
            "transform_matrix": [
                [
                    0.4117574989795685,
                    0.002430159132927656,
                    -0.9112901091575623,
                    -3.6735281944274902
                ],
                [
                    -0.9112933874130249,
                    0.0010980397928506136,
                    -0.4117560386657715,
                    -1.659841775894165
                ],
                [
                    1.1641531488804091e-10,
                    0.9999964833259583,
                    0.0026667139027267694,
                    0.010749868117272854
                ],
                [
                    0.0,
                    0.0,
                    0.0,
                    1.0
                ]
            ]
        },
        {
            "file_path": "/data/shapenet_blender/all_50_random/02958343/2b0207d7f6a6f23bf0ff8cc77ea4c273/r_33",
            "rotation": 0.12566370614359174,
            "transform_matrix": [
                [
                    -0.5541223883628845,
                    0.05305195227265358,
                    0.8307429552078247,
                    3.34883189201355
                ],
                [
                    0.8324351906776428,
                    0.035314787179231644,
                    0.5529959201812744,
                    2.2291977405548096
                ],
                [
                    1.8626450382086546e-09,
                    0.9979670643806458,
                    -0.06373102962970734,
                    -0.25690799951553345
                ],
                [
                    0.0,
                    0.0,
                    0.0,
                    1.0
                ]
            ]
        },
        {
            "file_path": "/data/shapenet_blender/all_50_random/02958343/2b0207d7f6a6f23bf0ff8cc77ea4c273/r_34",
            "rotation": 0.12566370614359174,
            "transform_matrix": [
                [
                    0.6515210866928101,
                    0.7079616785049438,
                    -0.27259933948516846,
                    -1.0988831520080566
                ],
                [
                    -0.7586305141448975,
                    0.6080061197280884,
                    -0.23411165177822113,
                    -0.9437342882156372
                ],
                [
                    0.0,
                    0.35933083295822144,
                    0.9332101345062256,
                    3.7618906497955322
                ],
                [
                    0.0,
                    0.0,
                    0.0,
                    1.0
                ]
            ]
        },
        {
            "file_path": "/data/shapenet_blender/all_50_random/02958343/2b0207d7f6a6f23bf0ff8cc77ea4c273/r_35",
            "rotation": 0.12566370614359174,
            "transform_matrix": [
                [
                    -0.3511250913143158,
                    -0.3206290900707245,
                    0.8797205090522766,
                    3.546266794204712
                ],
                [
                    0.936328649520874,
                    -0.12023655325174332,
                    0.3298969566822052,
                    1.3298571109771729
                ],
                [
                    0.0,
                    0.9395424723625183,
                    0.34243226051330566,
                    1.380388617515564
                ],
                [
                    0.0,
                    0.0,
                    0.0,
                    1.0
                ]
            ]
        },
        {
            "file_path": "/data/shapenet_blender/all_50_random/02958343/2b0207d7f6a6f23bf0ff8cc77ea4c273/r_36",
            "rotation": 0.12566370614359174,
            "transform_matrix": [
                [
                    -0.9338986277580261,
                    0.01766633428633213,
                    0.3571012020111084,
                    1.4395209550857544
                ],
                [
                    0.3575379252433777,
                    0.046144939959049225,
                    0.9327579140663147,
                    3.7600672245025635
                ],
                [
                    0.0,
                    0.9987784624099731,
                    -0.04941108450293541,
                    -0.1991824507713318
                ],
                [
                    0.0,
                    0.0,
                    0.0,
                    1.0
                ]
            ]
        },
        {
            "file_path": "/data/shapenet_blender/all_50_random/02958343/2b0207d7f6a6f23bf0ff8cc77ea4c273/r_37",
            "rotation": 0.12566370614359174,
            "transform_matrix": [
                [
                    0.6463661193847656,
                    -0.33665043115615845,
                    -0.6847461462020874,
                    -2.7602996826171875
                ],
                [
                    -0.7630273699760437,
                    -0.285179078578949,
                    -0.5800535678863525,
                    -2.338270425796509
                ],
                [
                    1.4901160305669237e-08,
                    0.8974069356918335,
                    -0.44120368361473083,
                    -1.7785487174987793
                ],
                [
                    0.0,
                    0.0,
                    0.0,
                    1.0
                ]
            ]
        },
        {
            "file_path": "/data/shapenet_blender/all_50_random/02958343/2b0207d7f6a6f23bf0ff8cc77ea4c273/r_38",
            "rotation": 0.12566370614359174,
            "transform_matrix": [
                [
                    0.7509732246398926,
                    -0.30683013796806335,
                    0.584717333316803,
                    2.3570711612701416
                ],
                [
                    0.6603326201438904,
                    0.3489471971988678,
                    -0.6649786233901978,
                    -2.680614709854126
                ],
                [
                    1.4901161193847656e-08,
                    0.8854891061782837,
                    0.4646599292755127,
                    1.8731043338775635
                ],
                [
                    0.0,
                    0.0,
                    0.0,
                    1.0
                ]
            ]
        },
        {
            "file_path": "/data/shapenet_blender/all_50_random/02958343/2b0207d7f6a6f23bf0ff8cc77ea4c273/r_39",
            "rotation": 0.12566370614359174,
            "transform_matrix": [
                [
                    0.7593387365341187,
                    -0.17129668593406677,
                    -0.6277437210083008,
                    -2.5305159091949463
                ],
                [
                    -0.6506955623626709,
                    -0.1998971700668335,
                    -0.7325546741485596,
                    -2.9530222415924072
                ],
                [
                    0.0,
                    0.9647270441055298,
                    -0.2632516920566559,
                    -1.061201572418213
                ],
                [
                    0.0,
                    0.0,
                    0.0,
                    1.0
                ]
            ]
        },
        {
            "file_path": "/data/shapenet_blender/all_50_random/02958343/2b0207d7f6a6f23bf0ff8cc77ea4c273/r_40",
            "rotation": 0.12566370614359174,
            "transform_matrix": [
                [
                    0.8347612619400024,
                    -0.09529592096805573,
                    -0.5423027873039246,
                    -2.1860923767089844
                ],
                [
                    -0.5506120920181274,
                    -0.14447440207004547,
                    -0.8221639394760132,
                    -3.31424880027771
                ],
                [
                    0.0,
                    0.9849090576171875,
                    -0.1730727255344391,
                    -0.6976784467697144
                ],
                [
                    0.0,
                    0.0,
                    0.0,
                    1.0
                ]
            ]
        },
        {
            "file_path": "/data/shapenet_blender/all_50_random/02958343/2b0207d7f6a6f23bf0ff8cc77ea4c273/r_41",
            "rotation": 0.12566370614359174,
            "transform_matrix": [
                [
                    0.09759402275085449,
                    -0.8404337763786316,
                    -0.5330538749694824,
                    -2.1488089561462402
                ],
                [
                    -0.9952263236045837,
                    -0.08241473138332367,
                    -0.052272405475378036,
                    -0.21071681380271912
                ],
                [
                    3.725290298461914e-09,
