{
    "class": "02958343",
    "model": "5dcbc04a1ce783eb73f41773bda9db5c",
    "remove_doubles": true,
    "edge_split": true,
    "denoise": true,
    "camera_angle_x": 0.6911112070083618,
    "scale_factor": 2.280397782047097,
    "hdri_file": "/data/IndoorHDRDataset2018/9C4A1267-888d48eda6.exr",
    "center_offset": [
        0.0,
        0.0,
        9.313225746154785e-10
    ],
    "lights": [],
    "frames": [
        {
            "file_path": "/data/shapenet_blender/all_50_random/02958343/5dcbc04a1ce783eb73f41773bda9db5c/r_0",
            "rotation": 0.12566370614359174,
            "transform_matrix": [
                [
                    0.47677913308143616,
                    0.04669327288866043,
                    -0.8777821063995361,
                    -3.5384528636932373
                ],
                [
                    -0.8790232539176941,
                    0.02532626874744892,
                    -0.4761059582233429,
                    -1.9192445278167725
                ],
                [
                    0.0,
                    0.9985881447792053,
                    0.05311950296163559,
                    0.21413156390190125
                ],
                [
                    0.0,
                    0.0,
                    0.0,
                    1.0
                ]
            ]
        },
        {
            "file_path": "/data/shapenet_blender/all_50_random/02958343/5dcbc04a1ce783eb73f41773bda9db5c/r_1",
            "rotation": 0.12566370614359174,
            "transform_matrix": [
                [
                    0.9804142713546753,
                    -0.15239682793617249,
                    -0.12475257366895676,
                    -0.5028937458992004
                ],
                [
                    -0.19694672524929047,
                    -0.7586418986320496,
                    -0.621026873588562,
                    -2.5034396648406982
                ],
                [
                    0.0,
                    0.6334332823753357,
                    -0.7737972736358643,
                    -3.119276762008667
                ],
                [
                    0.0,
                    0.0,
                    0.0,
                    1.0
                ]
            ]
        },
        {
            "file_path": "/data/shapenet_blender/all_50_random/02958343/5dcbc04a1ce783eb73f41773bda9db5c/r_2",
            "rotation": 0.12566370614359174,
            "transform_matrix": [
                [
                    -0.9647561311721802,
                    0.09264151006937027,
                    0.24629893898963928,
                    0.9928628206253052
                ],
                [
                    0.2631456255912781,
                    0.3396463692188263,
                    0.9029920101165771,
                    3.6400773525238037
                ],
                [
                    0.0,
                    0.9359794855117798,
                    -0.3520541489124298,
                    -1.4191757440567017
                ],
                [
                    0.0,
                    0.0,
                    0.0,
                    1.0
                ]
            ]
        },
        {
            "file_path": "/data/shapenet_blender/all_50_random/02958343/5dcbc04a1ce783eb73f41773bda9db5c/r_3",
            "rotation": 0.12566370614359174,
            "transform_matrix": [
                [
                    0.06304362416267395,
                    0.38012027740478516,
                    0.9227861166000366,
                    3.719869375228882
                ],
                [
                    0.9980107545852661,
                    -0.024011924862861633,
                    -0.058291736990213394,
                    -0.2349814772605896
                ],
                [
                    -1.8626449271863521e-09,
                    0.9246253371238708,
                    -0.38087794184684753,
                    -1.5353679656982422
                ],
                [
                    0.0,
                    0.0,
                    0.0,
                    1.0
                ]
            ]
        },
        {
            "file_path": "/data/shapenet_blender/all_50_random/02958343/5dcbc04a1ce783eb73f41773bda9db5c/r_4",
            "rotation": 0.12566370614359174,
            "transform_matrix": [
                [
                    0.9050354957580566,
                    0.2526520788669586,
                    0.34216633439064026,
                    1.3793165683746338
                ],
                [
                    0.42533624172210693,
                    -0.5375961065292358,
                    -0.7280656099319458,
                    -2.9349262714385986
                ],
                [
                    0.0,
                    0.804460883140564,
                    -0.5940055847167969,
                    -2.3945131301879883
                ],
                [
                    0.0,
                    0.0,
                    0.0,
                    1.0
                ]
            ]
        },
        {
            "file_path": "/data/shapenet_blender/all_50_random/02958343/5dcbc04a1ce783eb73f41773bda9db5c/r_5",
            "rotation": 0.12566370614359174,
            "transform_matrix": [
                [
                    0.9932981729507446,
                    0.053374286741018295,
                    0.10251789540052414,
                    0.41326284408569336
                ],
                [
                    0.1155799925327301,
                    -0.4587003290653229,
                    -0.8810421228408813,
                    -3.5515944957733154
                ],
                [
                    -3.725290298461914e-09,
                    0.8869866132736206,
                    -0.4617951810359955,
                    -1.8615559339523315
                ],
                [
                    0.0,
                    0.0,
                    0.0,
                    1.0
                ]
            ]
        },
        {
            "file_path": "/data/shapenet_blender/all_50_random/02958343/5dcbc04a1ce783eb73f41773bda9db5c/r_6",
            "rotation": 0.12566370614359174,
            "transform_matrix": [
                [
                    0.5548858642578125,
                    -0.5189625024795532,
                    0.6502149701118469,
                    2.621100425720215
                ],
                [
                    0.8319264054298401,
                    0.34614235162734985,
                    -0.4336863160133362,
                    -1.7482454776763916
                ],
                [
                    -1.4901161193847656e-08,
                    0.7815774083137512,
                    0.6238082051277161,
                    2.514651298522949
                ],
                [
                    0.0,
                    0.0,
                    0.0,
                    1.0
                ]
            ]
        },
        {
            "file_path": "/data/shapenet_blender/all_50_random/02958343/5dcbc04a1ce783eb73f41773bda9db5c/r_7",
            "rotation": 0.12566370614359174,
            "transform_matrix": [
                [
                    0.272294282913208,
                    0.38581687211990356,
                    0.8814767003059387,
                    3.5533461570739746
                ],
                [
                    0.9622140526771545,
                    -0.109181247651577,
                    -0.24944664537906647,
                    -1.0055515766143799
                ],
                [
                    7.450580596923828e-09,
                    0.9160921573638916,
                    -0.4009678363800049,
                    -1.6163530349731445
                ],
                [
                    0.0,
                    0.0,
                    0.0,
                    1.0
                ]
            ]
        },
        {
            "file_path": "/data/shapenet_blender/all_50_random/02958343/5dcbc04a1ce783eb73f41773bda9db5c/r_8",
            "rotation": 0.12566370614359174,
            "transform_matrix": [
                [
                    0.7934121489524841,
                    -0.10144194215536118,
                    -0.6001721620559692,
                    -2.4193713665008545
                ],
                [
                    -0.6086846590042114,
                    -0.13222818076610565,
                    -0.7823161482810974,
                    -3.1536173820495605
                ],
                [
                    0.0,
                    0.9860148429870605,
                    -0.16665759682655334,
                    -0.6718182563781738
                ],
                [
                    0.0,
                    0.0,
                    0.0,
                    1.0
                ]
            ]
        },
        {
            "file_path": "/data/shapenet_blender/all_50_random/02958343/5dcbc04a1ce783eb73f41773bda9db5c/r_9",
            "rotation": 0.12566370614359174,
            "transform_matrix": [
                [
                    -0.732663094997406,
                    -0.6140746474266052,
                    -0.29345715045928955,
                    -1.1829636096954346
                ],
                [
                    -0.6805915236473083,
                    0.6610571146011353,
                    0.31590935587882996,
                    1.2734713554382324
                ],
                [
                    1.4901161193847656e-08,
                    0.43117958307266235,
                    -0.9022661447525024,
                    -3.6371512413024902
                ],
                [
                    0.0,
                    0.0,
                    0.0,
                    1.0
                ]
            ]
        },
        {
            "file_path": "/data/shapenet_blender/all_50_random/02958343/5dcbc04a1ce783eb73f41773bda9db5c/r_10",
            "rotation": 0.12566370614359174,
            "transform_matrix": [
                [
                    -0.9737080931663513,
                    0.10884016007184982,
                    -0.2001160979270935,
                    -0.8066937923431396
                ],
                [
                    -0.22779956459999084,
                    -0.4652271568775177,
                    0.8553776741027832,
                    3.4481377601623535
                ],
                [
                    0.0,
                    0.8784744143486023,
                    0.4777891933917999,
                    1.9260298013687134
                ],
                [
                    0.0,
                    0.0,
                    0.0,
                    1.0
                ]
            ]
        },
        {
            "file_path": "/data/shapenet_blender/all_50_random/02958343/5dcbc04a1ce783eb73f41773bda9db5c/r_11",
            "rotation": 0.12566370614359174,
            "transform_matrix": [
                [
                    0.901107907295227,
                    0.027585461735725403,
                    -0.43271660804748535,
                    -1.7443362474441528
                ],
                [
                    -0.4335950016975403,
                    0.05732879415154457,
                    -0.8992824554443359,
                    -3.6251230239868164
                ],
                [
                    0.0,
                    0.9979740977287292,
                    0.06362035125494003,
                    0.2564617991447449
                ],
                [
                    0.0,
                    0.0,
                    0.0,
                    1.0
                ]
            ]
        },
        {
            "file_path": "/data/shapenet_blender/all_50_random/02958343/5dcbc04a1ce783eb73f41773bda9db5c/r_12",
            "rotation": 0.12566370614359174,
            "transform_matrix": [
                [
                    -0.5493029952049255,
                    0.8231837153434753,
                    0.14364784955978394,
                    0.5790629982948303
                ],
                [
                    0.8356232047080994,
                    0.5411258935928345,
                    0.09442798048257828,
                    0.3806513547897339
                ],
                [
                    0.0,
                    0.17190492153167725,
                    -0.9851134419441223,
                    -3.9711194038391113
                ],
                [
                    0.0,
                    0.0,
                    0.0,
                    1.0
                ]
            ]
        },
        {
            "file_path": "/data/shapenet_blender/all_50_random/02958343/5dcbc04a1ce783eb73f41773bda9db5c/r_13",
            "rotation": 0.12566370614359174,
            "transform_matrix": [
                [
                    -0.9005860090255737,
                    -8.40451248222962e-05,
                    0.4346778392791748,
                    1.7522426843643188
                ],
                [
                    0.43467792868614197,
                    -0.00017412861052434891,
                    0.9005858302116394,
                    3.630378007888794
                ],
                [
                    0.0,
                    1.0,
                    0.00019335030810907483,
                    0.0007794201374053955
                ],
                [
                    0.0,
                    0.0,
                    0.0,
                    1.0
                ]
            ]
        },
        {
            "file_path": "/data/shapenet_blender/all_50_random/02958343/5dcbc04a1ce783eb73f41773bda9db5c/r_14",
            "rotation": 0.12566370614359174,
            "transform_matrix": [
                [
                    0.9302407503128052,
                    -0.09629921615123749,
                    -0.35408851504325867,
                    -1.4273765087127686
                ],
                [
                    -0.3669498860836029,
                    -0.24412447214126587,
                    -0.897636353969574,
                    -3.61848783493042
                ],
                [
                    7.450580596923828e-09,
                    0.9649506211280823,
                    -0.2624315023422241,
                    -1.0578951835632324
                ],
                [
                    0.0,
                    0.0,
                    0.0,
                    1.0
                ]
            ]
        },
        {
            "file_path": "/data/shapenet_blender/all_50_random/02958343/5dcbc04a1ce783eb73f41773bda9db5c/r_15",
            "rotation": 0.12566370614359174,
            "transform_matrix": [
                [
                    -0.9142452478408813,
                    -0.12982338666915894,
                    -0.38379889726638794,
                    -1.5471426248550415
                ],
                [
                    -0.4051613211631775,
                    0.29294607043266296,
                    0.8660410046577454,
                    3.4911224842071533
                ],
                [
                    0.0,
                    0.9472741484642029,
                    -0.32042399048805237,
                    -1.291670322418213
                ],
                [
                    0.0,
                    0.0,
                    0.0,
                    1.0
                ]
            ]
        },
        {
            "file_path": "/data/shapenet_blender/all_50_random/02958343/5dcbc04a1ce783eb73f41773bda9db5c/r_16",
            "rotation": 0.12566370614359174,
            "transform_matrix": [
                [
                    -0.2770526707172394,
                    0.05012810602784157,
                    -0.9595463275909424,
                    -3.8680543899536133
                ],
                [
                    -0.9608547687530518,
                    -0.014453928917646408,
                    0.27667540311813354,
                    1.1153141260147095
                ],
                [
                    -9.313225191043273e-10,
                    0.9986382126808167,
                    0.05217033624649048,
                    0.2103053331375122
                ],
                [
                    0.0,
                    0.0,
                    0.0,
                    1.0
                ]
            ]
        },
        {
            "file_path": "/data/shapenet_blender/all_50_random/02958343/5dcbc04a1ce783eb73f41773bda9db5c/r_17",
            "rotation": 0.12566370614359174,
            "transform_matrix": [
                [
                    0.7281390428543091,
                    0.4233931005001068,
                    -0.539028525352478,
                    -2.172893524169922
                ],
                [
                    -0.6854293346405029,
                    0.4497750997543335,
                    -0.5726158618927002,
                    -2.308288335800171
                ],
                [
                    0.0,
                    0.7864099144935608,
                    0.6177049279212952,
                    2.4900481700897217
                ],
                [
                    0.0,
                    0.0,
                    0.0,
                    1.0
                ]
            ]
        },
        {
            "file_path": "/data/shapenet_blender/all_50_random/02958343/5dcbc04a1ce783eb73f41773bda9db5c/r_18",
            "rotation": 0.12566370614359174,
            "transform_matrix": [
                [
                    0.4984157979488373,
                    -0.4206521511077881,
                    -0.7580457925796509,
                    -3.0557804107666016
                ],
                [
                    -0.8669381141662598,
                    -0.24183925986289978,
                    -0.43581193685531616,
                    -1.7568141222000122
                ],
                [
                    0.0,
                    0.8743943572044373,
                    -0.4852159023284912,
                    -1.955967903137207
                ],
                [
                    0.0,
                    0.0,
                    0.0,
                    1.0
                ]
            ]
        },
        {
            "file_path": "/data/shapenet_blender/all_50_random/02958343/5dcbc04a1ce783eb73f41773bda9db5c/r_19",
            "rotation": 0.12566370614359174,
            "transform_matrix": [
                [
                    -0.3798241913318634,
                    -0.20967407524585724,
                    -0.9009829759597778,
                    -3.6319785118103027
                ],
                [
                    -0.9250587821006775,
                    0.0860910639166832,
                    0.36993879079818726,
                    1.4912710189819336
                ],
                [
                    1.4901162970204496e-08,
                    0.9739738702774048,
                    -0.22666029632091522,
                    -0.9136968851089478
                ],
                [
                    0.0,
                    0.0,
                    0.0,
                    1.0
                ]
            ]
        },
        {
            "file_path": "/data/shapenet_blender/all_50_random/02958343/5dcbc04a1ce783eb73f41773bda9db5c/r_20",
            "rotation": 0.12566370614359174,
            "transform_matrix": [
                [
                    0.08551070839166641,
                    -0.09615263342857361,
                    0.9916867613792419,
                    3.99761700630188
                ],
                [
                    0.9963372945785522,
                    0.008252305909991264,
                    -0.0851115733385086,
                    -0.34309571981430054
                ],
                [
                    0.0,
                    0.9953323602676392,
                    0.09650611132383347,
                    0.38902854919433594
                ],
                [
                    0.0,
                    0.0,
                    0.0,
                    1.0
                ]
            ]
        },
        {
            "file_path": "/data/shapenet_blender/all_50_random/02958343/5dcbc04a1ce783eb73f41773bda9db5c/r_21",
            "rotation": 0.12566370614359174,
            "transform_matrix": [
                [
                    0.9875646829605103,
                    0.06035790592432022,
                    -0.14516516029834747,
                    -0.5851795673370361
                ],
                [
                    -0.1572132408618927,
                    0.37914955615997314,
                    -0.9118824005126953,
                    -3.6759157180786133
                ],
                [
                    -3.725290298461914e-09,
                    0.9233646988868713,
                    0.3839237689971924,
                    1.5476462841033936
                ],
                [
                    0.0,
                    0.0,
                    0.0,
                    1.0
                ]
            ]
        },
        {
            "file_path": "/data/shapenet_blender/all_50_random/02958343/5dcbc04a1ce783eb73f41773bda9db5c/r_22",
            "rotation": 0.12566370614359174,
            "transform_matrix": [
                [
                    -0.9915805459022522,
                    0.02854343131184578,
                    0.12630595266819,
                    0.5091556310653687
                ],
                [
                    0.12949101626873016,
                    0.2185719907283783,
                    0.9671908617019653,
                    3.898871421813965
                ],
                [
                    0.0,
                    0.975403368473053,
                    -0.22042781114578247,
                    -0.8885729908943176
                ],
                [
                    0.0,
                    0.0,
                    0.0,
                    1.0
                ]
            ]
        },
        {
            "file_path": "/data/shapenet_blender/all_50_random/02958343/5dcbc04a1ce783eb73f41773bda9db5c/r_23",
            "rotation": 0.12566370614359174,
            "transform_matrix": [
                [
                    0.22549141943454742,
                    0.9349004030227661,
                    -0.2740708887577057,
                    -1.104815125465393
                ],
                [
                    -0.9742450714111328,
                    0.21638500690460205,
                    -0.06343437731266022,
                    -0.2557121515274048
                ],
                [
                    3.725290076417309e-09,
                    0.2813161015510559,
                    0.9596151113510132,
                    3.8683321475982666
                ],
                [
                    0.0,
                    0.0,
                    0.0,
                    1.0
                ]
            ]
        },
        {
            "file_path": "/data/shapenet_blender/all_50_random/02958343/5dcbc04a1ce783eb73f41773bda9db5c/r_24",
            "rotation": 0.12566370614359174,
            "transform_matrix": [
                [
                    0.09260250627994537,
                    -0.48795366287231445,
                    0.867943525314331,
                    3.4987921714782715
                ],
                [
                    0.9957032203674316,
                    0.04538072645664215,
                    -0.08072058856487274,
                    -0.3253951072692871
                ],
                [
                    -3.725290298461914e-09,
                    0.8716890215873718,
                    0.49005940556526184,
                    1.9754925966262817
                ],
                [
                    0.0,
                    0.0,
                    0.0,
                    1.0
                ]
            ]
        },
        {
            "file_path": "/data/shapenet_blender/all_50_random/02958343/5dcbc04a1ce783eb73f41773bda9db5c/r_25",
            "rotation": 0.12566370614359174,
            "transform_matrix": [
                [
                    -0.08165037631988525,
                    0.6825651526451111,
                    -0.7262491583824158,
                    -2.9276041984558105
                ],
                [
                    -0.9966610074043274,
                    -0.055918414145708084,
                    0.059497177600860596,
                    0.2398408055305481
                ],
                [
                    -3.725290298461914e-09,
                    0.7286821603775024,
                    0.6848518252372742,
                    2.7607262134552
                ],
                [
                    0.0,
                    0.0,
                    0.0,
                    1.0
                ]
            ]
        },
        {
            "file_path": "/data/shapenet_blender/all_50_random/02958343/5dcbc04a1ce783eb73f41773bda9db5c/r_26",
            "rotation": 0.12566370614359174,
            "transform_matrix": [
                [
                    -0.37311097979545593,
                    -0.7394006848335266,
                    0.5604238510131836,
                    2.259140729904175
                ],
                [
                    0.9277868270874023,
                    -0.297351211309433,
                    0.22537536919116974,
                    0.9085171818733215
                ],
                [
                    1.4901162970204496e-08,
                    0.6040437817573547,
                    0.7969511151313782,
                    3.2126126289367676
                ],
                [
                    0.0,
                    0.0,
                    0.0,
                    1.0
                ]
            ]
        },
        {
            "file_path": "/data/shapenet_blender/all_50_random/02958343/5dcbc04a1ce783eb73f41773bda9db5c/r_27",
            "rotation": 0.12566370614359174,
            "transform_matrix": [
                [
                    0.8672523498535156,
                    -0.2410687506198883,
                    -0.43561357259750366,
                    -1.7560145854949951
                ],
                [
                    -0.4978688359260559,
                    -0.419924795627594,
                    -0.7588081359863281,
                    -3.0588536262512207
                ],
                [
                    -1.4901161193847656e-08,
                    0.8749566078186035,
                    -0.4842013418674469,
                    -1.9518781900405884
                ],
                [
                    0.0,
                    0.0,
                    0.0,
                    1.0
                ]
            ]
        },
        {
            "file_path": "/data/shapenet_blender/all_50_random/02958343/5dcbc04a1ce783eb73f41773bda9db5c/r_28",
            "rotation": 0.12566370614359174,
            "transform_matrix": [
                [
                    -0.9945085644721985,
                    -0.007874751463532448,
                    0.10435803979635239,
                    0.4206807017326355
                ],
                [
                    0.1046547219157219,
                    -0.07483186572790146,
                    0.9916892647743225,
                    3.9976272583007812
                ],
                [
                    4.6566125955216364e-10,
                    0.9971650838851929,
                    0.07524506002664566,
                    0.30332255363464355
                ],
                [
                    0.0,
                    0.0,
                    0.0,
                    1.0
                ]
            ]
        },
        {
            "file_path": "/data/shapenet_blender/all_50_random/02958343/5dcbc04a1ce783eb73f41773bda9db5c/r_29",
            "rotation": 0.12566370614359174,
            "transform_matrix": [
                [
                    -0.9958052039146423,
                    0.018078655004501343,
                    -0.08969538658857346,
                    -0.3615736663341522
                ],
                [
                    -0.09149918705224991,
                    -0.19675388932228088,
                    0.9761740565299988,
                    3.9350833892822266
                ],
                [
                    -1.862645149230957e-09,
                    0.9802863001823425,
                    0.19758270680904388,
                    0.7964813709259033
                ],
                [
                    0.0,
                    0.0,
                    0.0,
                    1.0
                ]
            ]
        },
        {
            "file_path": "/data/shapenet_blender/all_50_random/02958343/5dcbc04a1ce783eb73f41773bda9db5c/r_30",
            "rotation": 0.12566370614359174,
            "transform_matrix": [
                [
                    0.2324235886335373,
                    0.37961292266845703,
                    -0.8954737782478333,
                    -3.6097702980041504
                ],
                [
                    -0.9726147055625916,
                    0.09071525931358337,
                    -0.21398939192295074,
                    -0.8626188039779663
                ],
                [
                    0.0,
                    0.9206870198249817,
                    0.3903014659881592,
                    1.5733555555343628
                ],
                [
                    0.0,
                    0.0,
                    0.0,
                    1.0
                ]
            ]
        },
        {
            "file_path": "/data/shapenet_blender/all_50_random/02958343/5dcbc04a1ce783eb73f41773bda9db5c/r_31",
            "rotation": 0.12566370614359174,
            "transform_matrix": [
                [
                    0.00198755762539804,
                    -0.32156071066856384,
                    0.9468868374824524,
                    3.8170228004455566
                ],
                [
                    0.9999979734420776,
                    0.0006391218048520386,
                    -0.0018819961696863174,
                    -0.007586568593978882
                ],
                [
                    0.0,
                    0.9468886256217957,
                    0.32156136631965637,
                    1.296255350112915
                ],
                [
                    0.0,
                    0.0,
                    0.0,
                    1.0
                ]
            ]
        },
        {
            "file_path": "/data/shapenet_blender/all_50_random/02958343/5dcbc04a1ce783eb73f41773bda9db5c/r_32",
            "rotation": 0.12566370614359174,
            "transform_matrix": [
                [
                    -0.46330907940864563,
                    0.6040063500404358,
                    -0.6484758257865906,
                    -2.6140899658203125
                ],
                [
                    -0.8861966729164124,
                    -0.3157782256603241,
                    0.33902716636657715,
                    1.3666623830795288
                ],
                [
                    1.4901160305669237e-08,
                    0.7317516803741455,
                    0.6815712451934814,
                    2.747501850128174
                ],
                [
                    0.0,
                    0.0,
                    0.0,
                    1.0
                ]
            ]
        },
        {
            "file_path": "/data/shapenet_blender/all_50_random/02958343/5dcbc04a1ce783eb73f41773bda9db5c/r_33",
            "rotation": 0.12566370614359174,
            "transform_matrix": [
                [
                    -0.9981780648231506,
                    0.008543295785784721,
                    0.05972911790013313,
                    0.24077579379081726
                ],
                [
                    0.060337018221616745,
                    0.14133496582508087,
                    0.9881213307380676,
                    3.9832446575164795
                ],
                [
                    0.0,
                    0.9899248480796814,
                    -0.14159294962882996,
                    -0.5707795023918152
                ],
                [
                    0.0,
                    0.0,
                    0.0,
                    1.0
                ]
            ]
        },
        {
            "file_path": "/data/shapenet_blender/all_50_random/02958343/5dcbc04a1ce783eb73f41773bda9db5c/r_34",
            "rotation": 0.12566370614359174,
            "transform_matrix": [
                [
                    0.2628994286060333,
                    0.33735886216163635,
                    -0.9039208889007568,
                    -3.6438212394714355
                ],
                [
                    -0.9648231863975525,
                    0.09192509204149246,
                    -0.24630451202392578,
                    -0.9928851127624512
                ],
                [
                    0.0,
                    0.9368771314620972,
                    0.3496587574481964,
                    1.4095193147659302
                ],
                [
                    0.0,
                    0.0,
                    0.0,
                    1.0
                ]
            ]
        },
        {
            "file_path": "/data/shapenet_blender/all_50_random/02958343/5dcbc04a1ce783eb73f41773bda9db5c/r_35",
            "rotation": 0.12566370614359174,
            "transform_matrix": [
                [
                    0.9855073094367981,
                    -0.0822368934750557,
                    0.1483658403158188,
                    0.5980818271636963
                ],
                [
                    0.1696329116821289,
                    0.47776728868484497,
                    -0.86195307970047,
                    -3.4746439456939697
                ],
                [
                    0.0,
                    0.8746287822723389,
                    0.4847932755947113,
                    1.9542641639709473
                ],
                [
                    0.0,
                    0.0,
                    0.0,
                    1.0
                ]
            ]
        },
        {
            "file_path": "/data/shapenet_blender/all_50_random/02958343/5dcbc04a1ce783eb73f41773bda9db5c/r_36",
            "rotation": 0.12566370614359174,
            "transform_matrix": [
                [
                    -0.5686055421829224,
                    -0.06513667851686478,
                    -0.8200272917747498,
                    -3.305635929107666
                ],
                [
                    -0.8226103186607361,
                    0.0450238473713398,
                    0.5668201446533203,
                    2.2849252223968506
                ],
                [
                    0.0,
                    0.9968600273132324,
                    -0.07918292284011841,
                    -0.3191966116428375
                ],
                [
                    0.0,
                    0.0,
                    0.0,
                    1.0
                ]
            ]
        },
        {
            "file_path": "/data/shapenet_blender/all_50_random/02958343/5dcbc04a1ce783eb73f41773bda9db5c/r_37",
            "rotation": 0.12566370614359174,
            "transform_matrix": [
                [
                    0.49923068284988403,
                    -0.6508888006210327,
                    0.5719374418258667,
                    2.305553674697876
                ],
                [
                    0.866469144821167,
                    0.37502047419548035,
                    -0.32953131198883057,
                    -1.328383207321167
                ],
                [
                    -1.4901161193847656e-08,
                    0.6600781679153442,
                    0.7511968612670898,
                    3.0281713008880615
                ],
                [
                    0.0,
                    0.0,
                    0.0,
                    1.0
                ]
            ]
        },
        {
            "file_path": "/data/shapenet_blender/all_50_random/02958343/5dcbc04a1ce783eb73f41773bda9db5c/r_38",
            "rotation": 0.12566370614359174,
            "transform_matrix": [
                [
                    -0.31824058294296265,
                    -0.20656351745128632,
                    -0.9252321124076843,
                    -3.7297298908233643
                ],
                [
                    -0.9480100870132446,
                    0.0693419799208641,
                    0.31059420108795166,
                    1.2520452737808228
                ],
                [
                    0.0,
                    0.9759728312492371,
                    -0.21789173781871796,
                    -0.8783496618270874
                ],
                [
                    0.0,
                    0.0,
                    0.0,
                    1.0
                ]
            ]
        },
        {
            "file_path": "/data/shapenet_blender/all_50_random/02958343/5dcbc04a1ce783eb73f41773bda9db5c/r_39",
            "rotation": 0.12566370614359174,
            "transform_matrix": [
                [
                    -0.29609209299087524,
                    -0.08101259917020798,
                    0.9517176151275635,
                    3.836496353149414
                ],
                [
                    0.9551593661308289,
                    -0.025113284587860107,
                    0.29502516984939575,
                    1.1892844438552856
                ],
                [
                    -1.8626449271863521e-09,
                    0.9963967204093933,
                    0.08481578528881073,
                    0.34190335869789124
                ],
                [
                    0.0,
                    0.0,
                    0.0,
                    1.0
                ]
            ]
        },
        {
            "file_path": "/data/shapenet_blender/all_50_random/02958343/5dcbc04a1ce783eb73f41773bda9db5c/r_40",
            "rotation": 0.12566370614359174,
            "transform_matrix": [
                [
                    0.14369569718837738,
                    -0.6953595876693726,
                    -0.704149603843689,
                    -2.838517904281616
                ],
                [
                    -0.9896219968795776,
                    -0.10096801817417145,
                    -0.10224435478448868,
                    -0.412160187959671
                ],
                [
                    0.0,
                    0.7115339636802673,
                    -0.7026516795158386,
                    -2.832479476928711
                ],
                [
                    0.0,
                    0.0,
                    0.0,
                    1.0
                ]
            ]
        },
        {
            "file_path": "/data/shapenet_blender/all_50_random/02958343/5dcbc04a1ce783eb73f41773bda9db5c/r_41",
            "rotation": 0.12566370614359174,
            "transform_matrix": [
                [
                    -0.14514829218387604,
                    -0.0025284909643232822,
                    0.9894067049026489,
                    3.9884259700775146
                ],
                [
                    0.9894099831581116,
                    -0.0003709343436639756,
                    0.14514780044555664,
                    0.5851094722747803
                ],
