{
    "class": "02958343",
    "model": "b2f3ab0b028eaabe443ea0e3853eed5d",
    "remove_doubles": true,
    "edge_split": true,
    "denoise": true,
    "camera_angle_x": 0.6911112070083618,
    "scale_factor": 2.2430149840349176,
    "hdri_file": "/data/IndoorHDRDataset2018/9C4A6268-1f44d85f05.exr",
    "center_offset": [
        0.0,
        0.0,
        3.725290298461914e-09
    ],
    "lights": [],
    "frames": [
        {
            "file_path": "/data/shapenet_blender/all_50_random/02958343/b2f3ab0b028eaabe443ea0e3853eed5d/r_0",
            "rotation": 0.12566370614359174,
            "transform_matrix": [
                [
                    0.8856724500656128,
                    0.0347570963203907,
                    -0.4630078673362732,
                    -1.86644446849823
                ],
                [
                    -0.4643106460571289,
                    0.06629914790391922,
                    -0.8831874132156372,
                    -3.5602424144744873
                ],
                [
                    -1.862645371275562e-09,
                    0.9971941709518433,
                    0.07485742121934891,
                    0.3017599284648895
                ],
                [
                    0.0,
                    0.0,
                    0.0,
                    1.0
                ]
            ]
        },
        {
            "file_path": "/data/shapenet_blender/all_50_random/02958343/b2f3ab0b028eaabe443ea0e3853eed5d/r_1",
            "rotation": 0.12566370614359174,
            "transform_matrix": [
                [
                    -0.38809889554977417,
                    -0.5004291534423828,
                    0.7739184498786926,
                    3.119765281677246
                ],
                [
                    0.921617865562439,
                    -0.2107338011264801,
                    0.3259017765522003,
                    1.3137521743774414
                ],
                [
                    1.4901162970204496e-08,
                    0.8397390246391296,
                    0.54298996925354,
                    2.1888628005981445
                ],
                [
                    0.0,
                    0.0,
                    0.0,
                    1.0
                ]
            ]
        },
        {
            "file_path": "/data/shapenet_blender/all_50_random/02958343/b2f3ab0b028eaabe443ea0e3853eed5d/r_2",
            "rotation": 0.12566370614359174,
            "transform_matrix": [
                [
                    -0.08662738651037216,
                    0.20443487167358398,
                    0.9750394821166992,
                    3.9305100440979004
                ],
                [
                    0.9962407946586609,
                    0.0177764855325222,
                    0.08478384464979172,
                    0.3417746424674988
                ],
                [
                    0.0,
                    0.9787186980247498,
                    -0.20520631968975067,
                    -0.8272131681442261
                ],
                [
                    0.0,
                    0.0,
                    0.0,
                    1.0
                ]
            ]
        },
        {
            "file_path": "/data/shapenet_blender/all_50_random/02958343/b2f3ab0b028eaabe443ea0e3853eed5d/r_3",
            "rotation": 0.12566370614359174,
            "transform_matrix": [
                [
                    -0.6520535945892334,
                    -0.5982154011726379,
                    -0.46579453349113464,
                    -1.8776777982711792
                ],
                [
                    -0.7581729888916016,
                    0.5144848227500916,
                    0.40059855580329895,
                    1.614864468574524
                ],
                [
                    -1.4901162970204496e-08,
                    0.6143644452095032,
                    -0.7890223264694214,
                    -3.1806507110595703
                ],
                [
                    0.0,
                    0.0,
                    0.0,
                    1.0
                ]
            ]
        },
        {
            "file_path": "/data/shapenet_blender/all_50_random/02958343/b2f3ab0b028eaabe443ea0e3853eed5d/r_4",
            "rotation": 0.12566370614359174,
            "transform_matrix": [
                [
                    0.7953126430511475,
                    -0.2570766806602478,
                    -0.548989474773407,
                    -2.2130472660064697
                ],
                [
                    -0.6061995625495911,
                    -0.3372756242752075,
                    -0.7202550172805786,
                    -2.9034409523010254
                ],
                [
                    0.0,
                    0.9056251049041748,
                    -0.4240792989730835,
                    -1.709518313407898
                ],
                [
                    0.0,
                    0.0,
                    0.0,
                    1.0
                ]
            ]
        },
        {
            "file_path": "/data/shapenet_blender/all_50_random/02958343/b2f3ab0b028eaabe443ea0e3853eed5d/r_5",
            "rotation": 0.12566370614359174,
            "transform_matrix": [
                [
                    -0.9560990333557129,
                    -0.008856690488755703,
                    -0.2929098904132843,
                    -1.1807575225830078
                ],
                [
                    -0.29304376244544983,
                    0.028896275907754898,
                    0.9556622505187988,
                    3.8523976802825928
                ],
                [
                    0.0,
                    0.9995431900024414,
                    -0.030223097652196884,
                    -0.1218332052230835
                ],
                [
                    0.0,
                    0.0,
                    0.0,
                    1.0
                ]
            ]
        },
        {
            "file_path": "/data/shapenet_blender/all_50_random/02958343/b2f3ab0b028eaabe443ea0e3853eed5d/r_6",
            "rotation": 0.12566370614359174,
            "transform_matrix": [
                [
                    0.36822763085365295,
                    0.06618053466081619,
                    -0.9273773431777954,
                    -3.738377094268799
                ],
                [
                    -0.9297356009483337,
                    0.026211218908429146,
                    -0.3672936260700226,
                    -1.4806077480316162
                ],
                [
                    1.8626448161640496e-09,
                    0.9974632859230042,
                    0.07118211686611176,
                    0.28694427013397217
                ],
                [
                    0.0,
                    0.0,
                    0.0,
                    1.0
                ]
            ]
        },
        {
            "file_path": "/data/shapenet_blender/all_50_random/02958343/b2f3ab0b028eaabe443ea0e3853eed5d/r_7",
            "rotation": 0.12566370614359174,
            "transform_matrix": [
                [
                    -0.9856871962547302,
                    0.004194784909486771,
                    -0.168532595038414,
                    -0.6793766021728516
                ],
                [
                    -0.16858480870723724,
                    -0.024526208639144897,
                    0.9853819608688354,
                    3.9722018241882324
                ],
                [
                    0.0,
                    0.9996903538703918,
                    0.024882346391677856,
                    0.10030394792556763
                ],
                [
                    0.0,
                    0.0,
                    0.0,
                    1.0
                ]
            ]
        },
        {
            "file_path": "/data/shapenet_blender/all_50_random/02958343/b2f3ab0b028eaabe443ea0e3853eed5d/r_8",
            "rotation": 0.12566370614359174,
            "transform_matrix": [
                [
                    -0.953484833240509,
                    0.007537635043263435,
                    -0.30134665966033936,
                    -1.214767336845398
                ],
                [
                    -0.30144092440605164,
                    -0.02384221740067005,
                    0.9531866312026978,
                    3.8424184322357178
                ],
                [
                    0.0,
                    0.9996871948242188,
                    0.025005346164107323,
                    0.10079978406429291
                ],
                [
                    0.0,
                    0.0,
                    0.0,
                    1.0
                ]
            ]
        },
        {
            "file_path": "/data/shapenet_blender/all_50_random/02958343/b2f3ab0b028eaabe443ea0e3853eed5d/r_9",
            "rotation": 0.12566370614359174,
            "transform_matrix": [
                [
                    0.9617066979408264,
                    0.18283307552337646,
                    0.2041872888803482,
                    0.8231053352355957
                ],
                [
                    0.2740810215473175,
                    -0.6415321826934814,
                    -0.7164607644081116,
                    -2.888145923614502
                ],
                [
                    -1.4901162970204496e-08,
                    0.7449889183044434,
                    -0.6670767068862915,
                    -2.689072370529175
                ],
                [
                    0.0,
                    0.0,
                    0.0,
                    1.0
                ]
            ]
        },
        {
            "file_path": "/data/shapenet_blender/all_50_random/02958343/b2f3ab0b028eaabe443ea0e3853eed5d/r_10",
            "rotation": 0.12566370614359174,
            "transform_matrix": [
                [
                    0.9954637289047241,
                    -0.018867697566747665,
                    -0.09325302392244339,
                    -0.37591496109962463
                ],
                [
                    -0.09514261782169342,
                    -0.19741004705429077,
                    -0.9756931662559509,
                    -3.933145046234131
                ],
                [
                    0.0,
                    0.980139434337616,
                    -0.19830964505672455,
                    -0.7994117736816406
                ],
                [
                    0.0,
                    0.0,
                    0.0,
                    1.0
                ]
            ]
        },
        {
            "file_path": "/data/shapenet_blender/all_50_random/02958343/b2f3ab0b028eaabe443ea0e3853eed5d/r_11",
            "rotation": 0.12566370614359174,
            "transform_matrix": [
                [
                    -0.3989664316177368,
                    -0.4447759985923767,
                    0.8018728494644165,
                    3.232452869415283
                ],
                [
                    0.9169654846191406,
                    -0.1935195028781891,
                    0.3488903045654297,
                    1.4064217805862427
                ],
                [
                    0.0,
                    0.8744852542877197,
                    0.48505204916000366,
                    1.9553073644638062
                ],
                [
                    0.0,
                    0.0,
                    0.0,
                    1.0
                ]
            ]
        },
        {
            "file_path": "/data/shapenet_blender/all_50_random/02958343/b2f3ab0b028eaabe443ea0e3853eed5d/r_12",
            "rotation": 0.12566370614359174,
            "transform_matrix": [
                [
                    -0.43956172466278076,
                    -0.03937022387981415,
                    -0.8973491191864014,
                    -3.6173300743103027
                ],
                [
                    -0.8982124328613281,
                    0.019266758114099503,
                    0.4391392171382904,
                    1.7702268362045288
                ],
                [
                    0.0,
                    0.9990389347076416,
                    -0.04383175075054169,
                    -0.1766914427280426
                ],
                [
                    0.0,
                    0.0,
                    0.0,
                    1.0
                ]
            ]
        },
        {
            "file_path": "/data/shapenet_blender/all_50_random/02958343/b2f3ab0b028eaabe443ea0e3853eed5d/r_13",
            "rotation": 0.12566370614359174,
            "transform_matrix": [
                [
                    -0.7594175934791565,
                    -0.0017162205185741186,
                    0.6506012082099915,
                    2.622657537460327
                ],
                [
                    0.6506035327911377,
                    -0.002003260189667344,
                    0.7594149112701416,
                    3.0612995624542236
                ],
                [
                    1.1641530794914701e-10,
                    0.9999966025352478,
                    0.0026378894690424204,
                    0.010633673518896103
                ],
                [
                    0.0,
                    0.0,
                    0.0,
                    1.0
                ]
            ]
        },
        {
            "file_path": "/data/shapenet_blender/all_50_random/02958343/b2f3ab0b028eaabe443ea0e3853eed5d/r_14",
            "rotation": 0.12566370614359174,
            "transform_matrix": [
                [
                    0.8809040784835815,
                    -0.2043563425540924,
                    -0.42690330743789673,
                    -1.720902442932129
                ],
                [
                    -0.47329479455947876,
                    -0.38035136461257935,
                    -0.7945594787597656,
                    -3.202971935272217
                ],
                [
                    1.4901159417490817e-08,
                    0.9019818902015686,
                    -0.4317738711833954,
                    -1.7405362129211426
                ],
                [
                    0.0,
                    0.0,
                    0.0,
                    1.0
                ]
            ]
        },
        {
            "file_path": "/data/shapenet_blender/all_50_random/02958343/b2f3ab0b028eaabe443ea0e3853eed5d/r_15",
            "rotation": 0.12566370614359174,
            "transform_matrix": [
                [
                    -0.6390712857246399,
                    0.07309757173061371,
                    0.7656661868095398,
                    3.086498737335205
                ],
                [
                    0.7691474556922913,
                    0.06073550507426262,
                    0.636178731918335,
                    2.5645182132720947
                ],
                [
                    0.0,
                    0.9954736828804016,
                    -0.09503714740276337,
                    -0.38310694694519043
                ],
                [
                    0.0,
                    0.0,
                    0.0,
                    1.0
                ]
            ]
        },
        {
            "file_path": "/data/shapenet_blender/all_50_random/02958343/b2f3ab0b028eaabe443ea0e3853eed5d/r_16",
            "rotation": 0.12566370614359174,
            "transform_matrix": [
                [
                    0.44745510816574097,
                    -0.10966363549232483,
                    0.8875571489334106,
                    3.577857494354248
                ],
                [
                    0.8943064212799072,
                    0.05486883595585823,
                    -0.4440781772136688,
                    -1.790136456489563
                ],
                [
                    0.0,
                    0.9924532175064087,
                    0.1226242184638977,
                    0.4943140745162964
                ],
                [
                    0.0,
                    0.0,
                    0.0,
                    1.0
                ]
            ]
        },
        {
            "file_path": "/data/shapenet_blender/all_50_random/02958343/b2f3ab0b028eaabe443ea0e3853eed5d/r_17",
            "rotation": 0.12566370614359174,
            "transform_matrix": [
                [
                    -0.5355105996131897,
                    0.4824742376804352,
                    0.693142831325531,
                    2.7941482067108154
                ],
                [
                    0.8445285558700562,
                    0.3059341013431549,
                    0.4395178258419037,
                    1.7717530727386475
                ],
                [
                    0.0,
                    0.8207454085350037,
                    -0.5712941884994507,
                    -2.3029606342315674
                ],
                [
                    0.0,
                    0.0,
                    0.0,
                    1.0
                ]
            ]
        },
        {
            "file_path": "/data/shapenet_blender/all_50_random/02958343/b2f3ab0b028eaabe443ea0e3853eed5d/r_18",
            "rotation": 0.12566370614359174,
            "transform_matrix": [
                [
                    -0.41021981835365295,
                    0.5188546776771545,
                    0.7500061988830566,
                    3.023371934890747
                ],
                [
                    0.9119867086410522,
                    0.23338550329208374,
                    0.3373595178127289,
                    1.3599398136138916
                ],
                [
                    0.0,
                    0.8223872780799866,
                    -0.5689279437065125,
                    -2.293422222137451
                ],
                [
                    0.0,
                    0.0,
                    0.0,
                    1.0
                ]
            ]
        },
        {
            "file_path": "/data/shapenet_blender/all_50_random/02958343/b2f3ab0b028eaabe443ea0e3853eed5d/r_19",
            "rotation": 0.12566370614359174,
            "transform_matrix": [
                [
                    0.026727868244051933,
                    0.10165748000144958,
                    0.9944602847099304,
                    4.008797645568848
                ],
                [
                    0.9996427297592163,
                    -0.0027180591132491827,
                    -0.026589304208755493,
                    -0.10718491673469543
                ],
                [
                    2.328306020205062e-10,
                    0.9948157668113708,
                    -0.10169380903244019,
                    -0.4099408686161041
                ],
                [
                    0.0,
                    0.0,
                    0.0,
                    1.0
                ]
            ]
        },
        {
            "file_path": "/data/shapenet_blender/all_50_random/02958343/b2f3ab0b028eaabe443ea0e3853eed5d/r_20",
            "rotation": 0.12566370614359174,
            "transform_matrix": [
                [
                    0.27924036979675293,
                    -0.13966652750968933,
                    -0.9500094652175903,
                    -3.829610824584961
                ],
                [
                    -0.9602213501930237,
                    -0.04061618819832802,
                    -0.27627065777778625,
                    -1.113682746887207
                ],
                [
                    0.0,
                    0.9893652200698853,
                    -0.14545243978500366,
                    -0.5863376259803772
                ],
                [
                    0.0,
                    0.0,
                    0.0,
                    1.0
                ]
            ]
        },
        {
            "file_path": "/data/shapenet_blender/all_50_random/02958343/b2f3ab0b028eaabe443ea0e3853eed5d/r_21",
            "rotation": 0.12566370614359174,
            "transform_matrix": [
                [
                    -0.13983415067195892,
                    0.7258411049842834,
                    0.6734991669654846,
                    2.7149620056152344
                ],
                [
                    0.9901750087738037,
                    0.10250448435544968,
                    0.09511266648769379,
                    0.3834114372730255
                ],
                [
                    -7.450580596923828e-09,
                    0.6801819801330566,
                    -0.7330432534217834,
                    -2.9549918174743652
                ],
                [
                    0.0,
                    0.0,
                    0.0,
                    1.0
                ]
            ]
        },
        {
            "file_path": "/data/shapenet_blender/all_50_random/02958343/b2f3ab0b028eaabe443ea0e3853eed5d/r_22",
            "rotation": 0.12566370614359174,
            "transform_matrix": [
                [
                    -0.8023551106452942,
                    -0.35141098499298096,
                    0.48242780566215515,
                    1.9447287321090698
                ],
                [
                    0.5968469381332397,
                    -0.4724098742008209,
                    0.6485387682914734,
                    2.6143434047698975
                ],
                [
                    1.4901161193847656e-08,
                    0.808293879032135,
                    0.5887791514396667,
                    2.3734445571899414
                ],
                [
                    0.0,
                    0.0,
                    0.0,
                    1.0
                ]
            ]
        },
        {
            "file_path": "/data/shapenet_blender/all_50_random/02958343/b2f3ab0b028eaabe443ea0e3853eed5d/r_23",
            "rotation": 0.12566370614359174,
            "transform_matrix": [
                [
                    0.038737185299396515,
                    -0.3188963532447815,
                    -0.9469976425170898,
                    -3.817469596862793
                ],
                [
                    -0.9992494583129883,
                    -0.01236242800951004,
                    -0.03671158105134964,
                    -0.14798912405967712
                ],
                [
                    -9.313225746154785e-10,
                    0.9477088451385498,
                    -0.3191359043121338,
                    -1.2864779233932495
                ],
                [
                    0.0,
                    0.0,
                    0.0,
                    1.0
                ]
            ]
        },
        {
            "file_path": "/data/shapenet_blender/all_50_random/02958343/b2f3ab0b028eaabe443ea0e3853eed5d/r_24",
            "rotation": 0.12566370614359174,
            "transform_matrix": [
                [
                    -0.890079915523529,
                    0.0635695680975914,
                    -0.4513499438762665,
                    -1.8194499015808105
                ],
                [
                    -0.455804705619812,
                    -0.12413648515939713,
                    0.8813807964324951,
                    3.55295991897583
                ],
                [
                    0.0,
                    0.9902267456054688,
                    0.13946667313575745,
                    0.5622081756591797
                ],
                [
                    0.0,
                    0.0,
                    0.0,
                    1.0
                ]
            ]
        },
        {
            "file_path": "/data/shapenet_blender/all_50_random/02958343/b2f3ab0b028eaabe443ea0e3853eed5d/r_25",
            "rotation": 0.12566370614359174,
            "transform_matrix": [
                [
                    0.3006193935871124,
                    -0.0048858169466257095,
                    -0.9537316560745239,
                    -3.8446152210235596
                ],
                [
                    -0.9537441730499268,
                    -0.0015400054398924112,
                    -0.30061542987823486,
                    -1.2118195295333862
                ],
                [
                    0.0,
                    0.9999868869781494,
                    -0.005122774746268988,
                    -0.02065056562423706
                ],
                [
                    0.0,
                    0.0,
                    0.0,
                    1.0
                ]
            ]
        },
        {
            "file_path": "/data/shapenet_blender/all_50_random/02958343/b2f3ab0b028eaabe443ea0e3853eed5d/r_26",
            "rotation": 0.12566370614359174,
            "transform_matrix": [
                [
                    0.35023704171180725,
                    0.5835280418395996,
                    -0.7326859831809998,
                    -2.953552007675171
                ],
                [
                    -0.9366610646247864,
                    0.21819327771663666,
                    -0.273966521024704,
                    -1.1043944358825684
                ],
                [
                    0.0,
                    0.7822317481040955,
                    0.6229873895645142,
                    2.511342763900757
                ],
                [
                    0.0,
                    0.0,
                    0.0,
                    1.0
                ]
            ]
        },
        {
            "file_path": "/data/shapenet_blender/all_50_random/02958343/b2f3ab0b028eaabe443ea0e3853eed5d/r_27",
            "rotation": 0.12566370614359174,
            "transform_matrix": [
                [
                    -0.6746270656585693,
                    0.029931122437119484,
                    -0.7375515699386597,
                    -2.97316575050354
                ],
                [
                    -0.7381587624549866,
                    -0.027355017140507698,
                    0.6740721464157104,
                    2.7172720432281494
                ],
                [
                    0.0,
                    0.9991775751113892,
                    0.04054834693670273,
                    0.16345563530921936
                ],
                [
                    0.0,
                    0.0,
                    0.0,
                    1.0
                ]
            ]
        },
        {
            "file_path": "/data/shapenet_blender/all_50_random/02958343/b2f3ab0b028eaabe443ea0e3853eed5d/r_28",
            "rotation": 0.12566370614359174,
            "transform_matrix": [
                [
                    0.2507346570491791,
                    -0.0824550911784172,
                    -0.9645378589630127,
                    -3.888176441192627
                ],
                [
                    -0.9680558443069458,
                    -0.02135656774044037,
                    -0.24982348084449768,
                    -1.0070706605911255
                ],
                [
                    0.0,
                    0.9963659048080444,
                    -0.08517596870660782,
                    -0.34335529804229736
                ],
                [
                    0.0,
                    0.0,
                    0.0,
                    1.0
                ]
            ]
        },
        {
            "file_path": "/data/shapenet_blender/all_50_random/02958343/b2f3ab0b028eaabe443ea0e3853eed5d/r_29",
            "rotation": 0.12566370614359174,
            "transform_matrix": [
                [
                    -0.2185799926519394,
                    0.08296176791191101,
                    -0.9722861051559448,
                    -3.919410228729248
                ],
                [
                    -0.9758189916610718,
                    -0.0185831431299448,
                    0.21778863668441772,
                    0.8779339790344238
                ],
                [
                    0.0,
                    0.9963794350624084,
                    0.08501757681369781,
                    0.342716783285141
                ],
                [
                    0.0,
                    0.0,
                    0.0,
                    1.0
                ]
            ]
        },
        {
            "file_path": "/data/shapenet_blender/all_50_random/02958343/b2f3ab0b028eaabe443ea0e3853eed5d/r_30",
            "rotation": 0.12566370614359174,
            "transform_matrix": [
                [
                    -0.002507502678781748,
                    0.5012026429176331,
                    0.8653262257575989,
                    3.4882419109344482
                ],
                [
                    0.9999969005584717,
                    0.001256770920008421,
                    0.0021698144264519215,
                    0.008746802806854248
                ],
                [
                    0.0,
                    0.8653289675712585,
                    -0.5012041926383972,
                    -2.020418882369995
                ],
                [
                    0.0,
                    0.0,
                    0.0,
                    1.0
                ]
            ]
        },
        {
            "file_path": "/data/shapenet_blender/all_50_random/02958343/b2f3ab0b028eaabe443ea0e3853eed5d/r_31",
            "rotation": 0.12566370614359174,
            "transform_matrix": [
                [
                    -0.1801549196243286,
                    0.11204537004232407,
                    -0.9772359132766724,
                    -3.939363956451416
                ],
                [
                    -0.9836382269859314,
                    -0.020521290600299835,
                    0.17898233234882355,
                    0.7215008735656738
                ],
                [
                    -1.862645149230957e-09,
                    0.9934910535812378,
                    0.11390914022922516,
                    0.4591824412345886
                ],
                [
                    0.0,
                    0.0,
                    0.0,
                    1.0
                ]
            ]
        },
        {
            "file_path": "/data/shapenet_blender/all_50_random/02958343/b2f3ab0b028eaabe443ea0e3853eed5d/r_32",
            "rotation": 0.12566370614359174,
            "transform_matrix": [
                [
                    -0.6019778251647949,
                    -0.10507404804229736,
                    -0.7915692925453186,
                    -3.190918207168579
                ],
                [
                    -0.7985127568244934,
                    0.07921257615089417,
                    0.5967433452606201,
                    2.4055495262145996
                ],
                [
                    0.0,
                    0.9913045763969421,
                    -0.1315871626138687,
                    -0.530444860458374
                ],
                [
                    0.0,
                    0.0,
                    0.0,
                    1.0
                ]
            ]
        },
        {
            "file_path": "/data/shapenet_blender/all_50_random/02958343/b2f3ab0b028eaabe443ea0e3853eed5d/r_33",
            "rotation": 0.12566370614359174,
            "transform_matrix": [
                [
                    0.9959760904312134,
                    -0.07618176937103271,
                    0.04720185324549675,
                    0.19027677178382874
                ],
                [
                    0.08961962908506393,
                    0.8466362357139587,
                    -0.5245715975761414,
                    -2.1146159172058105
                ],
                [
                    -3.725290298461914e-09,
                    0.5266909003257751,
                    0.8500567674636841,
                    3.4266886711120605
                ],
                [
                    0.0,
                    0.0,
                    0.0,
                    1.0
                ]
            ]
        },
        {
            "file_path": "/data/shapenet_blender/all_50_random/02958343/b2f3ab0b028eaabe443ea0e3853eed5d/r_34",
            "rotation": 0.12566370614359174,
            "transform_matrix": [
                [
                    0.9993954300880432,
                    0.007880127057433128,
                    -0.033863987773656845,
                    -0.13651010394096375
                ],
                [
                    -0.03476874902844429,
                    0.22650690376758575,
                    -0.9733887910842896,
                    -3.923855781555176
                ],
                [
                    0.0,
                    0.9739776849746704,
                    0.22664394974708557,
                    0.9136309623718262
                ],
                [
                    0.0,
                    0.0,
                    0.0,
                    1.0
                ]
            ]
        },
        {
            "file_path": "/data/shapenet_blender/all_50_random/02958343/b2f3ab0b028eaabe443ea0e3853eed5d/r_35",
            "rotation": 0.12566370614359174,
            "transform_matrix": [
                [
                    0.8902596831321716,
                    -0.053422264754772186,
                    0.45230937004089355,
                    1.8233174085617065
                ],
                [
                    0.4554533064365387,
                    0.10442274808883667,
                    -0.8841143250465393,
                    -3.563978910446167
                ],
                [
                    3.725290298461914e-09,
                    0.993097186088562,
                    0.11729470640420914,
                    0.4728300869464874
                ],
                [
                    0.0,
                    0.0,
                    0.0,
                    1.0
                ]
            ]
        },
        {
            "file_path": "/data/shapenet_blender/all_50_random/02958343/b2f3ab0b028eaabe443ea0e3853eed5d/r_36",
            "rotation": 0.12566370614359174,
            "transform_matrix": [
                [
                    0.8591524362564087,
                    0.3049226701259613,
                    0.410949170589447,
                    1.656589150428772
                ],
                [
                    0.5117197036743164,
                    -0.5119502544403076,
                    -0.6899635791778564,
                    -2.78133225440979
                ],
                [
                    0.0,
                    0.8030747175216675,
                    -0.5958783030509949,
                    -2.402062177658081
                ],
                [
                    0.0,
                    0.0,
                    0.0,
                    1.0
                ]
            ]
        },
        {
            "file_path": "/data/shapenet_blender/all_50_random/02958343/b2f3ab0b028eaabe443ea0e3853eed5d/r_37",
            "rotation": 0.12566370614359174,
            "transform_matrix": [
                [
                    -0.9692266583442688,
                    -0.06187370419502258,
                    0.23826754093170166,
                    0.9604871869087219
                ],
                [
                    0.24617023766040802,
                    -0.2436104714870453,
                    0.9381120204925537,
                    3.7816505432128906
                ],
                [
                    0.0,
                    0.9678974747657776,
                    0.2513452172279358,
                    1.0132049322128296
                ],
                [
                    0.0,
                    0.0,
                    0.0,
                    1.0
                ]
            ]
        },
        {
            "file_path": "/data/shapenet_blender/all_50_random/02958343/b2f3ab0b028eaabe443ea0e3853eed5d/r_38",
            "rotation": 0.12566370614359174,
            "transform_matrix": [
                [
                    -0.12982723116874695,
                    0.9688952565193176,
                    -0.2106815129518509,
                    -0.8492844104766846
                ],
                [
                    -0.9915366172790527,
                    -0.12686266005039215,
                    0.02758566290140152,
                    0.11120136827230453
                ],
                [
                    -1.862645371275562e-09,
                    0.21247971057891846,
                    0.9771653413772583,
                    3.939079761505127
                ],
                [
                    0.0,
                    0.0,
                    0.0,
                    1.0
                ]
            ]
        },
        {
            "file_path": "/data/shapenet_blender/all_50_random/02958343/b2f3ab0b028eaabe443ea0e3853eed5d/r_39",
            "rotation": 0.12566370614359174,
            "transform_matrix": [
                [
                    -0.9955270290374756,
                    0.006425405386835337,
                    -0.09425833821296692,
                    -0.3799675405025482
                ],
                [
                    -0.0944770872592926,
                    -0.06770598888397217,
                    0.9932219982147217,
                    4.003806114196777
                ],
                [
                    0.0,
                    0.9976846575737,
                    0.06801018863916397,
                    0.27415788173675537
                ],
                [
                    0.0,
                    0.0,
                    0.0,
                    1.0
                ]
            ]
        },
        {
            "file_path": "/data/shapenet_blender/all_50_random/02958343/b2f3ab0b028eaabe443ea0e3853eed5d/r_40",
            "rotation": 0.12566370614359174,
            "transform_matrix": [
                [
                    0.19810780882835388,
                    0.6483949422836304,
                    0.735076367855072,
                    2.9631876945495605
                ],
                [
                    0.9801802635192871,
                    -0.13104946911334991,
                    -0.14856897294521332,
                    -0.5989006757736206
                ],
                [
                    0.0,
                    0.7499399781227112,
                    -0.6615058183670044,
                    -2.6666152477264404
                ],
                [
                    0.0,
                    0.0,
                    0.0,
                    1.0
                ]
            ]
        },
        {
            "file_path": "/data/shapenet_blender/all_50_random/02958343/b2f3ab0b028eaabe443ea0e3853eed5d/r_41",
            "rotation": 0.12566370614359174,
            "transform_matrix": [
                [
                    -0.3614117205142975,
                    -0.505436897277832,
                    0.7835272550582886,
                    3.1584997177124023
                ],
                [
                    0.9324063062667847,
                    -0.19591332972049713,
                    0.3037044107913971,
                    1.2242717742919922
                ],
                [
                    1.4901161193847656e-08,
