{
    "class": "02958343",
    "model": "148ba646cf954b9249352dd33f95cb9e",
    "remove_doubles": true,
    "edge_split": true,
    "denoise": true,
    "camera_angle_x": 0.6911112070083618,
    "scale_factor": 2.2032279230756755,
    "hdri_file": "/data/IndoorHDRDataset2018/AG8A7044-8750436beb.exr",
    "center_offset": [
        0.0,
        0.0,
        -3.725290298461914e-09
    ],
    "lights": [],
    "frames": [
        {
            "file_path": "/data/shapenet_blender/all_50_random/02958343/148ba646cf954b9249352dd33f95cb9e/r_0",
            "rotation": 0.12566370614359174,
            "transform_matrix": [
                [
                    -0.2281271070241928,
                    -0.8277650475502014,
                    0.5126042366027832,
                    2.066373825073242
                ],
                [
                    0.9736313223838806,
                    -0.1939498335123062,
                    0.12010595202445984,
                    0.4841625690460205
                ],
                [
                    -7.450580596923828e-09,
                    0.5264869332313538,
                    0.8501831293106079,
                    3.4271979331970215
                ],
                [
                    0.0,
                    0.0,
                    0.0,
                    1.0
                ]
            ]
        },
        {
            "file_path": "/data/shapenet_blender/all_50_random/02958343/148ba646cf954b9249352dd33f95cb9e/r_1",
            "rotation": 0.12566370614359174,
            "transform_matrix": [
                [
                    -0.7576777338981628,
                    0.6070916652679443,
                    -0.23950783908367157,
                    -0.965487003326416
                ],
                [
                    -0.6526287198066711,
                    -0.7048108577728271,
                    0.2780596911907196,
                    1.120894432067871
                ],
                [
                    0.0,
                    0.366989403963089,
                    0.930225133895874,
                    3.7498574256896973
                ],
                [
                    0.0,
                    0.0,
                    0.0,
                    1.0
                ]
            ]
        },
        {
            "file_path": "/data/shapenet_blender/all_50_random/02958343/148ba646cf954b9249352dd33f95cb9e/r_2",
            "rotation": 0.12566370614359174,
            "transform_matrix": [
                [
                    0.31849873065948486,
                    0.0987410768866539,
                    -0.9427664279937744,
                    -3.8004133701324463
                ],
                [
                    -0.9479233622550964,
                    0.03317663446068764,
                    -0.31676602363586426,
                    -1.2769248485565186
                ],
                [
                    0.0,
                    0.9945598840713501,
                    0.10416567325592041,
                    0.41990527510643005
                ],
                [
                    0.0,
                    0.0,
                    0.0,
                    1.0
                ]
            ]
        },
        {
            "file_path": "/data/shapenet_blender/all_50_random/02958343/148ba646cf954b9249352dd33f95cb9e/r_3",
            "rotation": 0.12566370614359174,
            "transform_matrix": [
                [
                    -0.16157542169094086,
                    -0.42657890915870667,
                    -0.8899009823799133,
                    -3.587305784225464
                ],
                [
                    -0.9868603944778442,
                    0.06984236091375351,
                    0.1457005739212036,
                    0.587337851524353
                ],
                [
                    -7.450580596923828e-09,
                    0.9017496705055237,
                    -0.43225857615470886,
                    -1.7424901723861694
                ],
                [
                    0.0,
                    0.0,
                    0.0,
                    1.0
                ]
            ]
        },
        {
            "file_path": "/data/shapenet_blender/all_50_random/02958343/148ba646cf954b9249352dd33f95cb9e/r_4",
            "rotation": 0.12566370614359174,
            "transform_matrix": [
                [
                    -0.5670468211174011,
                    0.6550111174583435,
                    0.49941807985305786,
                    2.013218641281128
                ],
                [
                    0.8236857056617737,
                    0.450926810503006,
                    0.3438125252723694,
                    1.3859525918960571
                ],
                [
                    2.980232594040899e-08,
                    0.6063212752342224,
                    -0.7952197790145874,
                    -3.2056334018707275
                ],
                [
                    0.0,
                    0.0,
                    0.0,
                    1.0
                ]
            ]
        },
        {
            "file_path": "/data/shapenet_blender/all_50_random/02958343/148ba646cf954b9249352dd33f95cb9e/r_5",
            "rotation": 0.12566370614359174,
            "transform_matrix": [
                [
                    -0.49580225348472595,
                    0.01841304451227188,
                    0.868240237236023,
                    3.499988317489624
                ],
                [
                    0.8684355616569519,
                    0.010512270033359528,
                    0.4956907331943512,
                    1.9981932640075684
                ],
                [
                    0.0,
                    0.9997751712799072,
                    -0.02120254747569561,
                    -0.08547019958496094
                ],
                [
                    0.0,
                    0.0,
                    0.0,
                    1.0
                ]
            ]
        },
        {
            "file_path": "/data/shapenet_blender/all_50_random/02958343/148ba646cf954b9249352dd33f95cb9e/r_6",
            "rotation": 0.12566370614359174,
            "transform_matrix": [
                [
                    -0.6268150806427002,
                    0.5490688681602478,
                    -0.5528347492218018,
                    -2.228548049926758
                ],
                [
                    -0.7791680693626404,
                    -0.4417078495025635,
                    0.44473740458488464,
                    1.792793869972229
                ],
                [
                    1.4901161193847656e-08,
                    0.7095192670822144,
                    0.7046860456466675,
                    2.8406803607940674
                ],
                [
                    0.0,
                    0.0,
                    0.0,
                    1.0
                ]
            ]
        },
        {
            "file_path": "/data/shapenet_blender/all_50_random/02958343/148ba646cf954b9249352dd33f95cb9e/r_7",
            "rotation": 0.12566370614359174,
            "transform_matrix": [
                [
                    0.12825298309326172,
                    -0.41205960512161255,
                    -0.9020853042602539,
                    -3.6364223957061768
                ],
                [
                    -0.9917414784431458,
                    -0.05328795686364174,
                    -0.11665856838226318,
                    -0.4702657461166382
                ],
                [
                    0.0,
                    0.9095972776412964,
                    -0.41549092531204224,
                    -1.6748976707458496
                ],
                [
                    0.0,
                    0.0,
                    0.0,
                    1.0
                ]
            ]
        },
        {
            "file_path": "/data/shapenet_blender/all_50_random/02958343/148ba646cf954b9249352dd33f95cb9e/r_8",
            "rotation": 0.12566370614359174,
            "transform_matrix": [
                [
                    -0.999154269695282,
                    0.0004333297838456929,
                    -0.04111635684967041,
                    -0.1657453179359436
                ],
                [
                    -0.04111864045262337,
                    -0.010529612191021442,
                    0.9990988373756409,
                    4.027495861053467
                ],
                [
                    0.0,
                    0.9999445080757141,
                    0.010538524948060513,
                    0.042482148855924606
                ],
                [
                    0.0,
                    0.0,
                    0.0,
                    1.0
                ]
            ]
        },
        {
            "file_path": "/data/shapenet_blender/all_50_random/02958343/148ba646cf954b9249352dd33f95cb9e/r_9",
            "rotation": 0.12566370614359174,
            "transform_matrix": [
                [
                    0.23884209990501404,
                    -0.6780704259872437,
                    -0.6951078772544861,
                    -2.8020694255828857
                ],
                [
                    -0.9710584878921509,
                    -0.1667785942554474,
                    -0.1709691286087036,
                    -0.6891986131668091
                ],
                [
                    -7.450580596923828e-09,
                    0.7158248424530029,
                    -0.6982797980308533,
                    -2.8148558139801025
                ],
                [
                    0.0,
                    0.0,
                    0.0,
                    1.0
                ]
            ]
        },
        {
            "file_path": "/data/shapenet_blender/all_50_random/02958343/148ba646cf954b9249352dd33f95cb9e/r_10",
            "rotation": 0.12566370614359174,
            "transform_matrix": [
                [
                    -0.9997239708900452,
                    -0.0013498696498572826,
                    -0.02345828339457512,
                    -0.09456336498260498
                ],
                [
                    -0.023497093468904495,
                    0.057432517409324646,
                    0.9980728030204773,
                    4.023360252380371
                ],
                [
                    0.0,
                    0.9983484148979187,
                    -0.0574483759701252,
                    -0.23158180713653564
                ],
                [
                    0.0,
                    0.0,
                    0.0,
                    1.0
                ]
            ]
        },
        {
            "file_path": "/data/shapenet_blender/all_50_random/02958343/148ba646cf954b9249352dd33f95cb9e/r_11",
            "rotation": 0.12566370614359174,
            "transform_matrix": [
                [
                    -0.9359738826751709,
                    -0.2927458584308624,
                    0.19558322429656982,
                    0.7884212732315063
                ],
                [
                    0.35206955671310425,
                    -0.7782623767852783,
                    0.5199562907218933,
                    2.096011161804199
                ],
                [
                    1.4901162970204496e-08,
                    0.5555243492126465,
                    0.8315001130104065,
                    3.351884365081787
                ],
                [
                    0.0,
                    0.0,
                    0.0,
                    1.0
                ]
            ]
        },
        {
            "file_path": "/data/shapenet_blender/all_50_random/02958343/148ba646cf954b9249352dd33f95cb9e/r_12",
            "rotation": 0.12566370614359174,
            "transform_matrix": [
                [
                    -0.8826318383216858,
                    0.1753999888896942,
                    0.43611443042755127,
                    1.7580336332321167
                ],
                [
                    0.47006484866142273,
                    0.3293452262878418,
                    0.8188837766647339,
                    3.3010263442993164
                ],
                [
                    0.0,
                    0.927774965763092,
                    -0.37313997745513916,
                    -1.5041754245758057
                ],
                [
                    0.0,
                    0.0,
                    0.0,
                    1.0
                ]
            ]
        },
        {
            "file_path": "/data/shapenet_blender/all_50_random/02958343/148ba646cf954b9249352dd33f95cb9e/r_13",
            "rotation": 0.12566370614359174,
            "transform_matrix": [
                [
                    0.17524677515029907,
                    0.6989644169807434,
                    0.6933522820472717,
                    2.794992446899414
                ],
                [
                    0.9845246076583862,
                    -0.12441664934158325,
                    -0.1234176903963089,
                    -0.4975126087665558
                ],
                [
                    -7.450580596923828e-09,
                    0.7042508721351624,
                    -0.7099512219429016,
                    -2.8619048595428467
                ],
                [
                    0.0,
                    0.0,
                    0.0,
                    1.0
                ]
            ]
        },
        {
            "file_path": "/data/shapenet_blender/all_50_random/02958343/148ba646cf954b9249352dd33f95cb9e/r_14",
            "rotation": 0.12566370614359174,
            "transform_matrix": [
                [
                    0.005855148658156395,
                    0.5406185388565063,
                    0.8412473797798157,
                    3.39117693901062
                ],
                [
                    0.9999829530715942,
                    -0.0031654557678848505,
                    -0.0049257124774158,
                    -0.019856184720993042
                ],
                [
                    -2.3283067140944524e-10,
                    0.8412618041038513,
                    -0.5406277775764465,
                    -2.1793406009674072
                ],
                [
                    0.0,
                    0.0,
                    0.0,
                    1.0
                ]
            ]
        },
        {
            "file_path": "/data/shapenet_blender/all_50_random/02958343/148ba646cf954b9249352dd33f95cb9e/r_15",
            "rotation": 0.12566370614359174,
            "transform_matrix": [
                [
                    -0.1811210811138153,
                    -0.07625041157007217,
                    0.9805004000663757,
                    3.9525234699249268
                ],
                [
                    0.9834608435630798,
                    -0.014042814262211323,
                    0.18057586252689362,
                    0.7279245853424072
                ],
                [
                    9.313225746154785e-10,
                    0.9969897866249084,
                    0.07753273844718933,
                    0.31254446506500244
                ],
                [
                    0.0,
                    0.0,
                    0.0,
                    1.0
                ]
            ]
        },
        {
            "file_path": "/data/shapenet_blender/all_50_random/02958343/148ba646cf954b9249352dd33f95cb9e/r_16",
            "rotation": 0.12566370614359174,
            "transform_matrix": [
                [
                    0.06388866901397705,
                    -0.2165878713130951,
                    -0.9741702675819397,
                    -3.927006244659424
                ],
                [
                    -0.9979571104049683,
                    -0.013865836896002293,
                    -0.06236584857106209,
                    -0.2514047920703888
                ],
                [
                    9.31322685637781e-10,
                    0.976164698600769,
                    -0.21703121066093445,
                    -0.874880850315094
                ],
                [
                    0.0,
                    0.0,
                    0.0,
                    1.0
                ]
            ]
        },
        {
            "file_path": "/data/shapenet_blender/all_50_random/02958343/148ba646cf954b9249352dd33f95cb9e/r_17",
            "rotation": 0.12566370614359174,
            "transform_matrix": [
                [
                    -0.4748377501964569,
                    0.04003414884209633,
                    0.8791623115539551,
                    3.5440165996551514
                ],
                [
                    0.8800734281539917,
                    0.021600158885121346,
                    0.47434619069099426,
                    1.9121506214141846
                ],
                [
                    0.0,
                    0.9989646673202515,
                    -0.04548956826329231,
                    -0.1833743155002594
                ],
                [
                    0.0,
                    0.0,
                    0.0,
                    1.0
                ]
            ]
        },
        {
            "file_path": "/data/shapenet_blender/all_50_random/02958343/148ba646cf954b9249352dd33f95cb9e/r_18",
            "rotation": 0.12566370614359174,
            "transform_matrix": [
                [
                    0.9709146618843079,
                    0.049163345247507095,
                    0.23432385921478271,
                    0.9445897340774536
                ],
                [
                    0.23942577838897705,
                    -0.19936621189117432,
                    -0.9502254128456116,
                    -3.8304812908172607
                ],
                [
                    0.0,
                    0.9786909818649292,
                    -0.20533856749534607,
                    -0.8277462720870972
                ],
                [
                    0.0,
                    0.0,
                    0.0,
                    1.0
                ]
            ]
        },
        {
            "file_path": "/data/shapenet_blender/all_50_random/02958343/148ba646cf954b9249352dd33f95cb9e/r_19",
            "rotation": 0.12566370614359174,
            "transform_matrix": [
                [
                    0.2681865096092224,
                    0.43802759051322937,
                    -0.8580255508422852,
                    -3.4588115215301514
                ],
                [
                    -0.9633670449256897,
                    0.12194010615348816,
                    -0.23886103928089142,
                    -0.9628796577453613
                ],
                [
                    0.0,
                    0.8906527757644653,
                    0.4546840488910675,
                    1.8328900337219238
                ],
                [
                    0.0,
                    0.0,
                    0.0,
                    1.0
                ]
            ]
        },
        {
            "file_path": "/data/shapenet_blender/all_50_random/02958343/148ba646cf954b9249352dd33f95cb9e/r_20",
            "rotation": 0.12566370614359174,
            "transform_matrix": [
                [
                    -0.16382651031017303,
                    0.8960039019584656,
                    0.4127200245857239,
                    1.6637277603149414
                ],
                [
                    0.9864891767501831,
                    0.1487995982170105,
                    0.06854051351547241,
                    0.2762956917285919
                ],
                [
                    -3.725290298461914e-09,
                    0.41837263107299805,
                    -0.9082754254341125,
                    -3.6613755226135254
                ],
                [
                    0.0,
                    0.0,
                    0.0,
                    1.0
                ]
            ]
        },
        {
            "file_path": "/data/shapenet_blender/all_50_random/02958343/148ba646cf954b9249352dd33f95cb9e/r_21",
            "rotation": 0.12566370614359174,
            "transform_matrix": [
                [
                    0.07220223546028137,
                    -0.6991423964500427,
                    0.7113273739814758,
                    2.867452621459961
                ],
                [
                    0.9973900318145752,
                    0.05061173811554909,
                    -0.05149382725358009,
                    -0.20757827162742615
                ],
                [
                    0.0,
                    0.7131888270378113,
                    0.7009718418121338,
                    2.8257081508636475
                ],
                [
                    0.0,
                    0.0,
                    0.0,
                    1.0
                ]
            ]
        },
        {
            "file_path": "/data/shapenet_blender/all_50_random/02958343/148ba646cf954b9249352dd33f95cb9e/r_22",
            "rotation": 0.12566370614359174,
            "transform_matrix": [
                [
                    -0.08583811670541763,
                    0.9614713191986084,
                    -0.26116037368774414,
                    -1.0527712106704712
                ],
                [
                    -0.9963091015815735,
                    -0.08283662796020508,
                    0.02250056341290474,
                    0.09070268273353577
                ],
                [
                    0.0,
                    0.26212790608406067,
                    0.9650330543518066,
                    3.8901729583740234
                ],
                [
                    0.0,
                    0.0,
                    0.0,
                    1.0
                ]
            ]
        },
        {
            "file_path": "/data/shapenet_blender/all_50_random/02958343/148ba646cf954b9249352dd33f95cb9e/r_23",
            "rotation": 0.12566370614359174,
            "transform_matrix": [
                [
                    0.06988724321126938,
                    0.15710201859474182,
                    0.9851064085960388,
                    3.9710912704467773
                ],
                [
                    0.9975548982620239,
                    -0.011006337590515614,
                    -0.06901511549949646,
                    -0.27820885181427
                ],
                [
                    -9.313225746154785e-10,
                    0.9875210523605347,
                    -0.15748704969882965,
                    -0.6348506808280945
                ],
                [
                    0.0,
                    0.0,
                    0.0,
                    1.0
                ]
            ]
        },
        {
            "file_path": "/data/shapenet_blender/all_50_random/02958343/148ba646cf954b9249352dd33f95cb9e/r_24",
            "rotation": 0.12566370614359174,
            "transform_matrix": [
                [
                    -0.6573635339736938,
                    0.5794427394866943,
                    -0.48178762197494507,
                    -1.942147970199585
                ],
                [
                    -0.753573477268219,
                    -0.5054643154144287,
                    0.4202769994735718,
                    1.6941907405853271
                ],
                [
                    1.4901158529312397e-08,
                    0.6393371820449829,
                    0.7689265012741089,
                    3.099641799926758
                ],
                [
                    0.0,
                    0.0,
                    0.0,
                    1.0
                ]
            ]
        },
        {
            "file_path": "/data/shapenet_blender/all_50_random/02958343/148ba646cf954b9249352dd33f95cb9e/r_25",
            "rotation": 0.12566370614359174,
            "transform_matrix": [
                [
                    0.4281392991542816,
                    -0.1785975992679596,
                    -0.8858891129493713,
                    -3.5711333751678467
                ],
                [
                    -0.9037127494812012,
                    -0.084611676633358,
                    -0.4196952283382416,
                    -1.6918456554412842
                ],
                [
                    0.0,
                    0.9802772998809814,
                    -0.1976265162229538,
                    -0.7966580390930176
                ],
                [
                    0.0,
                    0.0,
                    0.0,
                    1.0
                ]
            ]
        },
        {
            "file_path": "/data/shapenet_blender/all_50_random/02958343/148ba646cf954b9249352dd33f95cb9e/r_26",
            "rotation": 0.12566370614359174,
            "transform_matrix": [
                [
                    0.05909418687224388,
                    0.08945658802986145,
                    -0.9942360520362854,
                    -4.0078935623168945
                ],
                [
                    -0.9982523918151855,
                    0.005295618437230587,
                    -0.058856427669525146,
                    -0.23725783824920654
                ],
                [
                    -4.6566125955216364e-10,
                    0.9959766268730164,
                    0.0896131843328476,
                    0.36124229431152344
                ],
                [
                    0.0,
                    0.0,
                    0.0,
                    1.0
                ]
            ]
        },
        {
            "file_path": "/data/shapenet_blender/all_50_random/02958343/148ba646cf954b9249352dd33f95cb9e/r_27",
            "rotation": 0.12566370614359174,
            "transform_matrix": [
                [
                    -0.9984961748123169,
                    -0.0271126888692379,
                    0.04764629155397415,
                    0.19206833839416504
                ],
                [
                    0.054820314049720764,
                    -0.49382999539375305,
                    0.8678286671638489,
                    3.4983291625976562
                ],
                [
                    0.0,
                    0.8691355586051941,
                    0.49457377195358276,
                    1.9936904907226562
                ],
                [
                    0.0,
                    0.0,
                    0.0,
                    1.0
                ]
            ]
        },
        {
            "file_path": "/data/shapenet_blender/all_50_random/02958343/148ba646cf954b9249352dd33f95cb9e/r_28",
            "rotation": 0.12566370614359174,
            "transform_matrix": [
                [
                    0.25958457589149475,
                    -0.008838747628033161,
                    -0.965679943561554,
                    -3.892780303955078
                ],
                [
                    -0.9657203555107117,
                    -0.0023758455645292997,
                    -0.25957369804382324,
                    -1.046375036239624
                ],
                [
                    0.0,
                    0.9999581575393677,
                    -0.009152491576969624,
                    -0.03689487278461456
                ],
                [
                    0.0,
                    0.0,
                    0.0,
                    1.0
                ]
            ]
        },
        {
            "file_path": "/data/shapenet_blender/all_50_random/02958343/148ba646cf954b9249352dd33f95cb9e/r_29",
            "rotation": 0.12566370614359174,
            "transform_matrix": [
                [
                    -0.925183117389679,
                    -0.11518064141273499,
                    -0.36162078380584717,
                    -1.4577399492263794
                ],
                [
                    -0.379520982503891,
                    0.28078338503837585,
                    0.881546676158905,
                    3.5536282062530518
                ],
                [
                    0.0,
                    0.9528347849845886,
                    -0.3034895360469818,
                    -1.2234054803848267
                ],
                [
                    0.0,
                    0.0,
                    0.0,
                    1.0
                ]
            ]
        },
        {
            "file_path": "/data/shapenet_blender/all_50_random/02958343/148ba646cf954b9249352dd33f95cb9e/r_30",
            "rotation": 0.12566370614359174,
            "transform_matrix": [
                [
                    0.9280542135238647,
                    0.007265136111527681,
                    0.37237417697906494,
                    1.5010885000228882
                ],
                [
                    0.37244507670402527,
                    -0.018103180453181267,
                    -0.9278776049613953,
                    -3.7403945922851562
                ],
                [
                    -4.6566123179658803e-10,
                    0.9998098015785217,
                    -0.01950659416615963,
                    -0.07863360643386841
                ],
                [
                    0.0,
                    0.0,
                    0.0,
                    1.0
                ]
            ]
        },
        {
            "file_path": "/data/shapenet_blender/all_50_random/02958343/148ba646cf954b9249352dd33f95cb9e/r_31",
            "rotation": 0.12566370614359174,
            "transform_matrix": [
                [
                    -0.8836701512336731,
                    -0.4644668996334076,
                    0.058288440108299255,
                    0.23496823012828827
                ],
                [
                    0.468110054731369,
                    -0.8767927885055542,
                    0.11003342270851135,
                    0.443558931350708
                ],
                [
                    3.725290298461914e-09,
                    0.12451864778995514,
                    0.9922171831130981,
                    3.999755620956421
                ],
                [
                    0.0,
                    0.0,
                    0.0,
                    1.0
                ]
            ]
        },
        {
            "file_path": "/data/shapenet_blender/all_50_random/02958343/148ba646cf954b9249352dd33f95cb9e/r_32",
            "rotation": 0.12566370614359174,
            "transform_matrix": [
                [
                    0.8400269746780396,
                    0.4278678894042969,
                    0.33359217643737793,
                    1.3447530269622803
                ],
                [
                    0.5425446629524231,
                    -0.6624718308448792,
                    -0.5165038704872131,
                    -2.0820937156677246
                ],
                [
                    0.0,
                    0.6148657202720642,
                    -0.7886317372322083,
                    -3.1790761947631836
                ],
                [
                    0.0,
                    0.0,
                    0.0,
                    1.0
                ]
            ]
        },
        {
            "file_path": "/data/shapenet_blender/all_50_random/02958343/148ba646cf954b9249352dd33f95cb9e/r_33",
            "rotation": 0.12566370614359174,
            "transform_matrix": [
                [
                    -0.7297929525375366,
                    0.10888628661632538,
                    -0.6749414205551147,
                    -2.720776081085205
                ],
                [
                    -0.683668315410614,
                    -0.11623245477676392,
                    0.7204773426055908,
                    2.9043374061584473
                ],
                [
                    0.0,
                    0.987235426902771,
                    0.15926770865917206,
                    0.6420287489891052
                ],
                [
                    0.0,
                    0.0,
                    0.0,
                    1.0
                ]
            ]
        },
        {
            "file_path": "/data/shapenet_blender/all_50_random/02958343/148ba646cf954b9249352dd33f95cb9e/r_34",
            "rotation": 0.12566370614359174,
            "transform_matrix": [
                [
                    0.603050172328949,
                    0.3350861966609955,
                    -0.7239114046096802,
                    -2.918180227279663
                ],
                [
                    -0.7977033257484436,
                    0.25331950187683105,
                    -0.5472647547721863,
                    -2.206094741821289
                ],
                [
                    1.4901162970204496e-08,
                    0.9074944853782654,
                    0.42006373405456543,
                    1.6933311223983765
                ],
                [
                    0.0,
                    0.0,
                    0.0,
                    1.0
                ]
            ]
        },
        {
            "file_path": "/data/shapenet_blender/all_50_random/02958343/148ba646cf954b9249352dd33f95cb9e/r_35",
            "rotation": 0.12566370614359174,
            "transform_matrix": [
                [
                    0.6386971473693848,
                    -0.4463309049606323,
                    -0.6267812252044678,
                    -2.5266361236572266
                ],
                [
                    -0.7694582939147949,
                    -0.3704817593097687,
                    -0.5202664732933044,
                    -2.097261428833008
                ],
                [
                    0.0,
                    0.8145747780799866,
                    -0.5800585746765137,
                    -2.3382911682128906
                ],
                [
                    0.0,
                    0.0,
                    0.0,
                    1.0
                ]
            ]
        },
        {
            "file_path": "/data/shapenet_blender/all_50_random/02958343/148ba646cf954b9249352dd33f95cb9e/r_36",
            "rotation": 0.12566370614359174,
            "transform_matrix": [
                [
                    -0.9884269833564758,
                    -0.04423219710588455,
                    -0.14510536193847656,
                    -0.5849384069442749
                ],
                [
                    -0.15169721841812134,
                    0.2882075905799866,
                    0.945475697517395,
                    3.8113343715667725
                ],
                [
                    0.0,
                    0.9565457105636597,
                    -0.2915821075439453,
                    -1.1754050254821777
                ],
                [
                    0.0,
                    0.0,
                    0.0,
                    1.0
                ]
            ]
        },
        {
            "file_path": "/data/shapenet_blender/all_50_random/02958343/148ba646cf954b9249352dd33f95cb9e/r_37",
            "rotation": 0.12566370614359174,
            "transform_matrix": [
                [
                    -0.579296350479126,
                    -0.16739533841609955,
                    -0.7977433204650879,
                    -3.215806484222412
                ],
                [
                    -0.8151171207427979,
                    0.11896636337041855,
                    0.5669490098953247,
                    2.285444736480713
                ],
                [
                    -7.450581485102248e-09,
                    0.9786856770515442,
                    -0.20536357164382935,
                    -0.8278471231460571
                ],
                [
                    0.0,
                    0.0,
                    0.0,
                    1.0
                ]
            ]
        },
        {
            "file_path": "/data/shapenet_blender/all_50_random/02958343/148ba646cf954b9249352dd33f95cb9e/r_38",
            "rotation": 0.12566370614359174,
            "transform_matrix": [
                [
                    -0.9024754762649536,
                    0.19058138132095337,
                    0.38628584146499634,
                    1.5571680068969727
                ],
                [
                    0.4307412803173065,
                    0.39930009841918945,
                    0.8093339204788208,
                    3.2625293731689453
                ],
                [
                    0.0,
                    0.8967930674552917,
                    -0.4424498677253723,
                    -1.7835724353790283
                ],
                [
                    0.0,
                    0.0,
                    0.0,
                    1.0
                ]
            ]
        },
        {
            "file_path": "/data/shapenet_blender/all_50_random/02958343/148ba646cf954b9249352dd33f95cb9e/r_39",
            "rotation": 0.12566370614359174,
            "transform_matrix": [
                [
                    -0.06793542206287384,
                    0.2397346943616867,
                    -0.9684586524963379,
                    -3.9039812088012695
                ],
                [
                    -0.9976896643638611,
                    -0.01632419228553772,
                    0.06594500690698624,
                    0.265832781791687
                ],
                [
                    1.8626450382086546e-09,
                    0.9707011580467224,
                    0.2402898520231247,
                    0.9686392545700073
                ],
                [
                    0.0,
                    0.0,
                    0.0,
                    1.0
                ]
            ]
        },
        {
            "file_path": "/data/shapenet_blender/all_50_random/02958343/148ba646cf954b9249352dd33f95cb9e/r_40",
            "rotation": 0.12566370614359174,
            "transform_matrix": [
                [
                    -0.90444016456604,
                    0.09976425021886826,
                    0.41477125883102417,
                    1.6719963550567627
                ],
                [
                    0.4266006648540497,
                    0.21151115000247955,
                    0.879360556602478,
                    3.5448155403137207
                ],
                [
                    0.0,
                    0.9722705483436584,
                    -0.23385868966579437,
                    -0.9427144527435303
                ],
                [
                    0.0,
                    0.0,
                    0.0,
                    1.0
                ]
            ]
        },
        {
            "file_path": "/data/shapenet_blender/all_50_random/02958343/148ba646cf954b9249352dd33f95cb9e/r_41",
            "rotation": 0.12566370614359174,
            "transform_matrix": [
                [
                    0.5546640753746033,
                    0.10570959001779556,
                    0.8253322243690491,
                    3.3270206451416016
                ],
                [
                    0.8320744037628174,
                    -0.07046642899513245,
                    -0.5501697063446045,
                    -2.2178049087524414
                ],
