{
    "class": "02958343",
    "model": "49e8bd4cf55ea566d97f019cb91636fd",
    "remove_doubles": true,
    "edge_split": true,
    "denoise": true,
    "camera_angle_x": 0.6911112070083618,
    "scale_factor": 2.2373266684251756,
    "hdri_file": "/data/IndoorHDRDataset2018/9C4A2859-8556a1b996.exr",
    "center_offset": [
        0.0,
        0.0,
        0.0
    ],
    "lights": [],
    "frames": [
        {
            "file_path": "/data/shapenet_blender/all_50_random/02958343/49e8bd4cf55ea566d97f019cb91636fd/r_0",
            "rotation": 0.12566370614359174,
            "transform_matrix": [
                [
                    -0.9917866587638855,
                    -0.05000537261366844,
                    -0.11772283911705017,
                    -0.47455593943595886
                ],
                [
                    -0.12790308892726898,
                    0.38775181770324707,
                    0.9128468036651611,
                    3.6798031330108643
                ],
                [
                    0.0,
                    0.9204064607620239,
                    -0.3909628987312317,
                    -1.5760219097137451
                ],
                [
                    0.0,
                    0.0,
                    0.0,
                    1.0
                ]
            ]
        },
        {
            "file_path": "/data/shapenet_blender/all_50_random/02958343/49e8bd4cf55ea566d97f019cb91636fd/r_1",
            "rotation": 0.12566370614359174,
            "transform_matrix": [
                [
                    0.9924920797348022,
                    0.045607540756464005,
                    0.1134883388876915,
                    0.4574861526489258
                ],
                [
                    0.12230966985225677,
                    -0.3700862228870392,
                    -0.920910656452179,
                    -3.7123098373413086
                ],
                [
                    0.0,
                    0.9278771877288818,
                    -0.3728858232498169,
                    -1.5031509399414062
                ],
                [
                    0.0,
                    0.0,
                    0.0,
                    1.0
                ]
            ]
        },
        {
            "file_path": "/data/shapenet_blender/all_50_random/02958343/49e8bd4cf55ea566d97f019cb91636fd/r_2",
            "rotation": 0.12566370614359174,
            "transform_matrix": [
                [
                    -0.08470245450735092,
                    0.2068670094013214,
                    -0.9746955633163452,
                    -3.929123640060425
                ],
                [
                    -0.9964063167572021,
                    -0.01758534088730812,
                    0.08285686373710632,
                    0.33400672674179077
                ],
                [
                    -1.862645149230957e-09,
                    0.9782110452651978,
                    0.20761308073997498,
                    0.836915135383606
                ],
                [
                    0.0,
                    0.0,
                    0.0,
                    1.0
                ]
            ]
        },
        {
            "file_path": "/data/shapenet_blender/all_50_random/02958343/49e8bd4cf55ea566d97f019cb91636fd/r_3",
            "rotation": 0.12566370614359174,
            "transform_matrix": [
                [
                    -0.24481123685836792,
                    0.10901560634374619,
                    0.9634226560592651,
                    3.883680582046509
                ],
                [
                    0.9695707559585571,
                    0.02752583473920822,
                    0.24325886368751526,
                    0.9806077480316162
                ],
                [
                    -1.8626450382086546e-09,
                    0.9936587810516357,
                    -0.11243698745965958,
                    -0.45324793457984924
                ],
                [
                    0.0,
                    0.0,
                    0.0,
                    1.0
                ]
            ]
        },
        {
            "file_path": "/data/shapenet_blender/all_50_random/02958343/49e8bd4cf55ea566d97f019cb91636fd/r_4",
            "rotation": 0.12566370614359174,
            "transform_matrix": [
                [
                    -0.8641353249549866,
                    -0.18602930009365082,
                    -0.46761441230773926,
                    -1.8850139379501343
                ],
                [
                    -0.5032595992088318,
                    0.31942659616470337,
                    0.8029298782348633,
                    3.2367138862609863
                ],
                [
                    0.0,
                    0.9291714429855347,
                    -0.36964887380599976,
                    -1.4901022911071777
                ],
                [
                    0.0,
                    0.0,
                    0.0,
                    1.0
                ]
            ]
        },
        {
            "file_path": "/data/shapenet_blender/all_50_random/02958343/49e8bd4cf55ea566d97f019cb91636fd/r_5",
            "rotation": 0.12566370614359174,
            "transform_matrix": [
                [
                    -0.7730466723442078,
                    0.1308165043592453,
                    -0.620714008808136,
                    -2.502178192138672
                ],
                [
                    -0.6343491077423096,
                    -0.15941894054412842,
                    0.7564302682876587,
                    3.0492680072784424
                ],
                [
                    -7.450580596923828e-09,
                    0.9785052537918091,
                    0.20622162520885468,
                    0.831305980682373
                ],
                [
                    0.0,
                    0.0,
                    0.0,
                    1.0
                ]
            ]
        },
        {
            "file_path": "/data/shapenet_blender/all_50_random/02958343/49e8bd4cf55ea566d97f019cb91636fd/r_6",
            "rotation": 0.12566370614359174,
            "transform_matrix": [
                [
                    0.9815389513969421,
                    0.1388256847858429,
                    0.13156254589557648,
                    0.5303455591201782
                ],
                [
                    0.19126233458518982,
                    -0.7124394178390503,
                    -0.6751656532287598,
                    -2.7216796875
                ],
                [
                    7.450580596923828e-09,
                    0.6878642439842224,
                    -0.7258393168449402,
                    -2.9259519577026367
                ],
                [
                    0.0,
                    0.0,
                    0.0,
                    1.0
                ]
            ]
        },
        {
            "file_path": "/data/shapenet_blender/all_50_random/02958343/49e8bd4cf55ea566d97f019cb91636fd/r_7",
            "rotation": 0.12566370614359174,
            "transform_matrix": [
                [
                    0.8204770684242249,
                    -0.24692882597446442,
                    -0.5156002044677734,
                    -2.078450918197632
                ],
                [
                    -0.5716794729232788,
                    -0.3543933928012848,
                    -0.7399918437004089,
                    -2.9830024242401123
                ],
                [
                    0.0,
                    0.901904284954071,
                    -0.4319358170032501,
                    -1.7411890029907227
                ],
                [
                    0.0,
                    0.0,
                    0.0,
                    1.0
                ]
            ]
        },
        {
            "file_path": "/data/shapenet_blender/all_50_random/02958343/49e8bd4cf55ea566d97f019cb91636fd/r_8",
            "rotation": 0.12566370614359174,
            "transform_matrix": [
                [
                    0.05837252363562584,
                    0.25945451855659485,
                    0.9639896154403687,
                    3.8859665393829346
                ],
                [
                    0.9982948899269104,
                    -0.015170883387327194,
                    -0.05636661872267723,
                    -0.22722110152244568
                ],
                [
                    0.0,
                    0.9656360149383545,
                    -0.2598976790904999,
                    -1.0476810932159424
                ],
                [
                    0.0,
                    0.0,
                    0.0,
                    1.0
                ]
            ]
        },
        {
            "file_path": "/data/shapenet_blender/all_50_random/02958343/49e8bd4cf55ea566d97f019cb91636fd/r_9",
            "rotation": 0.12566370614359174,
            "transform_matrix": [
                [
                    -0.09514891356229782,
                    -0.05637840926647186,
                    0.9938653111457825,
                    4.006398677825928
                ],
                [
                    0.9954630732536316,
                    -0.005388792138546705,
                    0.09499619156122208,
                    0.3829418420791626
                ],
                [
                    -4.656612873077393e-10,
                    0.9983948469161987,
                    0.05663536116480827,
                    0.2283044159412384
                ],
                [
                    0.0,
                    0.0,
                    0.0,
                    1.0
                ]
            ]
        },
        {
            "file_path": "/data/shapenet_blender/all_50_random/02958343/49e8bd4cf55ea566d97f019cb91636fd/r_10",
            "rotation": 0.12566370614359174,
            "transform_matrix": [
                [
                    -0.8232146501541138,
                    -0.49690285325050354,
                    0.2746002674102783,
                    1.1069492101669312
                ],
                [
                    0.5677303671836853,
                    -0.7205139994621277,
                    0.39817309379577637,
                    1.605087161064148
                ],
                [
                    0.0,
                    0.4836808443069458,
                    0.8752443194389343,
                    3.5282230377197266
                ],
                [
                    0.0,
                    0.0,
                    0.0,
                    1.0
                ]
            ]
        },
        {
            "file_path": "/data/shapenet_blender/all_50_random/02958343/49e8bd4cf55ea566d97f019cb91636fd/r_11",
            "rotation": 0.12566370614359174,
            "transform_matrix": [
                [
                    0.2676331698894501,
                    0.2391674518585205,
                    0.9333655834197998,
                    3.762517213821411
                ],
                [
                    0.9635209441184998,
                    -0.06643253564834595,
                    -0.2592570185661316,
                    -1.0450985431671143
                ],
                [
                    3.725290298461914e-09,
                    0.9687030911445618,
                    -0.24822236597537994,
                    -1.000616431236267
                ],
                [
                    0.0,
                    0.0,
                    0.0,
                    1.0
                ]
            ]
        },
        {
            "file_path": "/data/shapenet_blender/all_50_random/02958343/49e8bd4cf55ea566d97f019cb91636fd/r_12",
            "rotation": 0.12566370614359174,
            "transform_matrix": [
                [
                    0.45935699343681335,
                    0.2635672092437744,
                    0.8482472896575928,
                    3.4193942546844482
                ],
                [
                    0.888251781463623,
                    -0.13630306720733643,
                    -0.43866875767707825,
                    -1.7683303356170654
                ],
                [
                    7.450580596923828e-09,
                    0.9549627900123596,
                    -0.2967257797718048,
                    -1.196139931678772
                ],
                [
                    0.0,
                    0.0,
                    0.0,
                    1.0
                ]
            ]
        },
        {
            "file_path": "/data/shapenet_blender/all_50_random/02958343/49e8bd4cf55ea566d97f019cb91636fd/r_13",
            "rotation": 0.12566370614359174,
            "transform_matrix": [
                [
                    0.27132028341293335,
                    0.6492435336112976,
                    -0.7105406522750854,
                    -2.864281177520752
                ],
                [
                    -0.962489128112793,
                    0.18301810324192047,
                    -0.20029741525650024,
                    -0.807424783706665
                ],
                [
                    0.0,
                    0.738232433795929,
                    0.6745463013648987,
                    2.7191834449768066
                ],
                [
                    0.0,
                    0.0,
                    0.0,
                    1.0
                ]
            ]
        },
        {
            "file_path": "/data/shapenet_blender/all_50_random/02958343/49e8bd4cf55ea566d97f019cb91636fd/r_14",
            "rotation": 0.12566370614359174,
            "transform_matrix": [
                [
                    0.6668359041213989,
                    0.12748481333255768,
                    -0.734218955039978,
                    -2.959731340408325
                ],
                [
                    -0.7452045679092407,
                    0.11407801508903503,
                    -0.6570056080818176,
                    -2.6484742164611816
                ],
                [
                    0.0,
                    0.985258162021637,
                    0.17107360064983368,
                    0.6896197199821472
                ],
                [
                    0.0,
                    0.0,
                    0.0,
                    1.0
                ]
            ]
        },
        {
            "file_path": "/data/shapenet_blender/all_50_random/02958343/49e8bd4cf55ea566d97f019cb91636fd/r_15",
            "rotation": 0.12566370614359174,
            "transform_matrix": [
                [
                    0.9341305494308472,
                    -0.24464352428913116,
                    0.2599031925201416,
                    1.0477032661437988
                ],
                [
                    0.35693156719207764,
                    0.6402599811553955,
                    -0.6801962852478027,
                    -2.7419588565826416
                ],
                [
                    0.0,
                    0.7281597852706909,
                    0.6854074001312256,
                    2.762965679168701
                ],
                [
                    0.0,
                    0.0,
                    0.0,
                    1.0
                ]
            ]
        },
        {
            "file_path": "/data/shapenet_blender/all_50_random/02958343/49e8bd4cf55ea566d97f019cb91636fd/r_16",
            "rotation": 0.12566370614359174,
            "transform_matrix": [
                [
                    -0.999347448348999,
                    0.0074995276518166065,
                    -0.03533355891704559,
                    -0.14243414998054504
                ],
                [
                    -0.03612067922949791,
                    -0.20748871564865112,
                    0.9775702357292175,
                    3.9407119750976562
                ],
                [
                    0.0,
                    0.9782086610794067,
                    0.2076241821050644,
                    0.8369598984718323
                ],
                [
                    0.0,
                    0.0,
                    0.0,
                    1.0
                ]
            ]
        },
        {
            "file_path": "/data/shapenet_blender/all_50_random/02958343/49e8bd4cf55ea566d97f019cb91636fd/r_17",
            "rotation": 0.12566370614359174,
            "transform_matrix": [
                [
                    0.23657381534576416,
                    0.615495502948761,
                    0.7517966032028198,
                    3.0305891036987305
                ],
                [
                    0.9716135263442993,
                    -0.14986422657966614,
                    -0.18305157124996185,
                    -0.7379044890403748
                ],
                [
                    0.0,
                    0.7737610340118408,
                    -0.6334776282310486,
                    -2.5536301136016846
                ],
                [
                    0.0,
                    0.0,
                    0.0,
                    1.0
                ]
            ]
        },
        {
            "file_path": "/data/shapenet_blender/all_50_random/02958343/49e8bd4cf55ea566d97f019cb91636fd/r_18",
            "rotation": 0.12566370614359174,
            "transform_matrix": [
                [
                    -0.969601571559906,
                    0.0008297433378174901,
                    0.2446880340576172,
                    0.9863690137863159
                ],
                [
                    0.2446894645690918,
                    0.0032879242207854986,
                    0.9695959091186523,
                    3.9085662364959717
                ],
                [
                    0.0,
                    0.9999942779541016,
                    -0.00339100556448102,
                    -0.013669580221176147
                ],
                [
                    0.0,
                    0.0,
                    0.0,
                    1.0
                ]
            ]
        },
        {
            "file_path": "/data/shapenet_blender/all_50_random/02958343/49e8bd4cf55ea566d97f019cb91636fd/r_19",
            "rotation": 0.12566370614359174,
            "transform_matrix": [
                [
                    0.8824360966682434,
                    0.14123767614364624,
                    0.44872981309890747,
                    1.8088877201080322
                ],
                [
                    0.4704322814941406,
                    -0.26493340730667114,
                    -0.8417266607284546,
                    -3.393108606338501
                ],
                [
                    0.0,
                    0.9538669586181641,
                    -0.30022957921028137,
                    -1.2102640867233276
                ],
                [
                    0.0,
                    0.0,
                    0.0,
                    1.0
                ]
            ]
        },
        {
            "file_path": "/data/shapenet_blender/all_50_random/02958343/49e8bd4cf55ea566d97f019cb91636fd/r_20",
            "rotation": 0.12566370614359174,
            "transform_matrix": [
                [
                    0.7225028872489929,
                    -0.26910045742988586,
                    0.6368473768234253,
                    2.567213773727417
                ],
                [
                    0.6913679838180542,
                    0.2812190651893616,
                    -0.6655269861221313,
                    -2.6828250885009766
                ],
                [
                    -1.4901161193847656e-08,
                    0.9211410880088806,
                    0.3892289698123932,
                    1.5690321922302246
                ],
                [
                    0.0,
                    0.0,
                    0.0,
                    1.0
                ]
            ]
        },
        {
            "file_path": "/data/shapenet_blender/all_50_random/02958343/49e8bd4cf55ea566d97f019cb91636fd/r_21",
            "rotation": 0.12566370614359174,
            "transform_matrix": [
                [
                    0.5848832726478577,
                    -0.4866078794002533,
                    0.6489409804344177,
                    2.615964651107788
                ],
                [
                    0.8111175298690796,
                    0.3508847951889038,
                    -0.46794047951698303,
                    -1.8863284587860107
                ],
                [
                    0.0,
                    0.8000579476356506,
                    0.599922776222229,
                    2.418365955352783
                ],
                [
                    0.0,
                    0.0,
                    0.0,
                    1.0
                ]
            ]
        },
        {
            "file_path": "/data/shapenet_blender/all_50_random/02958343/49e8bd4cf55ea566d97f019cb91636fd/r_22",
            "rotation": 0.12566370614359174,
            "transform_matrix": [
                [
                    0.17232923209667206,
                    -0.3309940695762634,
                    -0.9277637004852295,
                    -3.7399351596832275
                ],
                [
                    -0.985039472579956,
                    -0.05790626257658005,
                    -0.16230903565883636,
                    -0.654288649559021
                ],
                [
                    0.0,
                    0.9418543577194214,
                    -0.33602115511894226,
                    -1.3545446395874023
                ],
                [
                    0.0,
                    0.0,
                    0.0,
                    1.0
                ]
            ]
        },
        {
            "file_path": "/data/shapenet_blender/all_50_random/02958343/49e8bd4cf55ea566d97f019cb91636fd/r_23",
            "rotation": 0.12566370614359174,
            "transform_matrix": [
                [
                    0.2546897232532501,
                    -0.7346505522727966,
                    0.6288256049156189,
                    2.534877061843872
                ],
                [
                    0.9670228958129883,
                    0.19348864257335663,
                    -0.1656169891357422,
                    -0.6676234602928162
                ],
                [
                    0.0,
                    0.6502697467803955,
                    0.759703516960144,
                    3.06246280670166
                ],
                [
                    0.0,
                    0.0,
                    0.0,
                    1.0
                ]
            ]
        },
        {
            "file_path": "/data/shapenet_blender/all_50_random/02958343/49e8bd4cf55ea566d97f019cb91636fd/r_24",
            "rotation": 0.12566370614359174,
            "transform_matrix": [
                [
                    0.9244933724403381,
                    -0.3381839990615845,
                    -0.17590762674808502,
                    -0.7091063261032104
                ],
                [
                    -0.381197988986969,
                    -0.820174515247345,
                    -0.42661672830581665,
                    -1.7197470664978027
                ],
                [
                    0.0,
                    0.46146002411842346,
                    -0.8871610164642334,
                    -3.5762603282928467
                ],
                [
                    0.0,
                    0.0,
                    0.0,
                    1.0
                ]
            ]
        },
        {
            "file_path": "/data/shapenet_blender/all_50_random/02958343/49e8bd4cf55ea566d97f019cb91636fd/r_25",
            "rotation": 0.12566370614359174,
            "transform_matrix": [
                [
                    0.9776209592819214,
                    -0.12481456995010376,
                    0.16934740543365479,
                    0.6826611757278442
                ],
                [
                    0.21037402749061584,
                    0.5800209641456604,
                    -0.7869678139686584,
                    -3.1723685264587402
                ],
                [
                    0.0,
                    0.8049824237823486,
                    0.5932984948158264,
                    2.39166259765625
                ],
                [
                    0.0,
                    0.0,
                    0.0,
                    1.0
                ]
            ]
        },
        {
            "file_path": "/data/shapenet_blender/all_50_random/02958343/49e8bd4cf55ea566d97f019cb91636fd/r_26",
            "rotation": 0.12566370614359174,
            "transform_matrix": [
                [
                    -0.998302161693573,
                    0.03592323511838913,
                    0.045851096510887146,
                    0.1848316788673401
                ],
                [
                    0.05824776366353035,
                    0.6156845092773438,
                    0.7858369946479797,
                    3.1678102016448975
                ],
                [
                    -1.862645149230957e-09,
                    0.7871733903884888,
                    -0.6167316436767578,
                    -2.4861247539520264
                ],
                [
                    0.0,
                    0.0,
                    0.0,
                    1.0
                ]
            ]
        },
        {
            "file_path": "/data/shapenet_blender/all_50_random/02958343/49e8bd4cf55ea566d97f019cb91636fd/r_27",
            "rotation": 0.12566370614359174,
            "transform_matrix": [
                [
                    0.8073621392250061,
                    -0.09115058183670044,
                    0.5829732418060303,
                    2.3500404357910156
                ],
                [
                    0.5900561809539795,
                    0.12471953779459,
                    -0.7976707816123962,
                    -3.2155139446258545
                ],
                [
                    0.0,
                    0.9879962801933289,
                    0.1544777899980545,
                    0.622719943523407
                ],
                [
                    0.0,
                    0.0,
                    0.0,
                    1.0
                ]
            ]
        },
        {
            "file_path": "/data/shapenet_blender/all_50_random/02958343/49e8bd4cf55ea566d97f019cb91636fd/r_28",
            "rotation": 0.12566370614359174,
            "transform_matrix": [
                [
                    -0.5661657452583313,
                    -0.6041291952133179,
                    0.5607889890670776,
                    2.260612964630127
                ],
                [
                    0.8242914080619812,
                    -0.4149470329284668,
                    0.3851787745952606,
                    1.5527054071426392
                ],
                [
                    0.0,
                    0.6803286075592041,
                    0.7329071760177612,
                    2.9544434547424316
                ],
                [
                    0.0,
                    0.0,
                    0.0,
                    1.0
                ]
            ]
        },
        {
            "file_path": "/data/shapenet_blender/all_50_random/02958343/49e8bd4cf55ea566d97f019cb91636fd/r_29",
            "rotation": 0.12566370614359174,
            "transform_matrix": [
                [
                    -0.6414408087730408,
                    0.5305139422416687,
                    -0.5541737079620361,
                    -2.233945608139038
                ],
                [
                    -0.7671724557876587,
                    -0.44356822967529297,
                    0.463350385427475,
                    1.8678251504898071
                ],
                [
                    0.0,
                    0.7223586440086365,
                    0.6915185451507568,
                    2.787600517272949
                ],
                [
                    0.0,
                    0.0,
                    0.0,
                    1.0
                ]
            ]
        },
        {
            "file_path": "/data/shapenet_blender/all_50_random/02958343/49e8bd4cf55ea566d97f019cb91636fd/r_30",
            "rotation": 0.12566370614359174,
            "transform_matrix": [
                [
                    0.5166006684303284,
                    -0.5924250483512878,
                    -0.6181877851486206,
                    -2.491994857788086
                ],
                [
                    -0.8562265634536743,
                    -0.3574371635913849,
                    -0.3729810118675232,
                    -1.5035346746444702
                ],
                [
                    0.0,
                    0.7219910621643066,
                    -0.6919022798538208,
                    -2.7891476154327393
                ],
                [
                    0.0,
                    0.0,
                    0.0,
                    1.0
                ]
            ]
        },
        {
            "file_path": "/data/shapenet_blender/all_50_random/02958343/49e8bd4cf55ea566d97f019cb91636fd/r_31",
            "rotation": 0.12566370614359174,
            "transform_matrix": [
                [
                    -0.6236815452575684,
                    -0.43240949511528015,
                    0.6511859893798828,
                    2.6250150203704834
                ],
                [
                    0.7816785573959351,
                    -0.34500864148139954,
                    0.5195648670196533,
                    2.094433307647705
                ],
                [
                    1.4901162970204496e-08,
                    0.8330610990524292,
                    0.5531806945800781,
                    2.229943037033081
                ],
                [
                    0.0,
                    0.0,
                    0.0,
                    1.0
                ]
            ]
        },
        {
            "file_path": "/data/shapenet_blender/all_50_random/02958343/49e8bd4cf55ea566d97f019cb91636fd/r_32",
            "rotation": 0.12566370614359174,
            "transform_matrix": [
                [
                    0.4975665509700775,
                    -0.4844459593296051,
                    0.7195412516593933,
                    2.9005634784698486
                ],
                [
                    0.8674257397651672,
                    0.27788442373275757,
                    -0.4127381145954132,
                    -1.663800597190857
                ],
                [
                    0.0,
                    0.8295133113861084,
                    0.5584869384765625,
                    2.2513327598571777
                ],
                [
                    0.0,
                    0.0,
                    0.0,
                    1.0
                ]
            ]
        },
        {
            "file_path": "/data/shapenet_blender/all_50_random/02958343/49e8bd4cf55ea566d97f019cb91636fd/r_33",
            "rotation": 0.12566370614359174,
            "transform_matrix": [
                [
                    0.2613622844219208,
                    -0.040132075548172,
                    0.9644061326980591,
                    3.8876454830169678
                ],
                [
                    0.9652407765388489,
                    0.010866731405258179,
                    -0.2611362934112549,
                    -1.0526740550994873
                ],
                [
                    -9.313225746154785e-10,
                    0.9991353154182434,
                    0.04157727211713791,
                    0.16760334372520447
                ],
                [
                    0.0,
                    0.0,
                    0.0,
                    1.0
                ]
            ]
        },
        {
            "file_path": "/data/shapenet_blender/all_50_random/02958343/49e8bd4cf55ea566d97f019cb91636fd/r_34",
            "rotation": 0.12566370614359174,
            "transform_matrix": [
                [
                    0.9120894074440002,
                    0.03435052931308746,
                    -0.4085494577884674,
                    -1.6469156742095947
                ],
                [
                    -0.40999096632003784,
                    0.07641815394163132,
                    -0.9088824987411499,
                    -3.663822889328003
                ],
                [
                    1.8626449271863521e-09,
                    0.9964839816093445,
                    0.0837835967540741,
                    0.33774250745773315
                ],
                [
                    0.0,
                    0.0,
                    0.0,
                    1.0
                ]
            ]
        },
        {
            "file_path": "/data/shapenet_blender/all_50_random/02958343/49e8bd4cf55ea566d97f019cb91636fd/r_35",
            "rotation": 0.12566370614359174,
            "transform_matrix": [
                [
                    -0.8314775824546814,
                    -0.01293068379163742,
                    0.5554076433181763,
                    2.238919973373413
                ],
                [
                    0.5555581450462341,
                    -0.01935274340212345,
                    0.8312523365020752,
                    3.3508856296539307
                ],
                [
                    9.313225191043273e-10,
                    0.9997290968894958,
                    0.023275118321180344,
                    0.09382501244544983
                ],
                [
                    0.0,
                    0.0,
                    0.0,
                    1.0
                ]
            ]
        },
        {
            "file_path": "/data/shapenet_blender/all_50_random/02958343/49e8bd4cf55ea566d97f019cb91636fd/r_36",
            "rotation": 0.12566370614359174,
            "transform_matrix": [
                [
                    0.2791028618812561,
                    0.16484327614307404,
                    0.9460065364837646,
                    3.81347393989563
                ],
                [
                    0.9602611660957336,
                    -0.04791221022605896,
                    -0.2749597430229187,
                    -1.1083980798721313
                ],
                [
                    0.0,
                    0.9851553440093994,
                    -0.1716650426387787,
                    -0.6920038461685181
                ],
                [
                    0.0,
                    0.0,
                    0.0,
                    1.0
                ]
            ]
        },
        {
            "file_path": "/data/shapenet_blender/all_50_random/02958343/49e8bd4cf55ea566d97f019cb91636fd/r_37",
            "rotation": 0.12566370614359174,
            "transform_matrix": [
                [
                    0.8996302485466003,
                    -0.0571524016559124,
                    -0.43289610743522644,
                    -1.7450600862503052
                ],
                [
                    -0.4366525411605835,
                    -0.11775044351816177,
                    -0.8918908834457397,
                    -3.595327138900757
                ],
                [
                    -3.725290298461914e-09,
                    0.9913972616195679,
                    -0.13088758289813995,
                    -0.5276247262954712
                ],
                [
                    0.0,
                    0.0,
                    0.0,
                    1.0
                ]
            ]
        },
        {
            "file_path": "/data/shapenet_blender/all_50_random/02958343/49e8bd4cf55ea566d97f019cb91636fd/r_38",
            "rotation": 0.12566370614359174,
            "transform_matrix": [
                [
                    -0.13410748541355133,
                    0.37347984313964844,
                    0.9178932309150696,
                    3.700145721435547
                ],
                [
                    0.9909668564796448,
                    0.050543006509542465,
                    0.12421844154596329,
                    0.5007405281066895
                ],
                [
                    0.0,
                    0.9262603521347046,
                    -0.3768843114376068,
                    -1.5192692279815674
                ],
                [
                    0.0,
                    0.0,
                    0.0,
                    1.0
                ]
            ]
        },
        {
            "file_path": "/data/shapenet_blender/all_50_random/02958343/49e8bd4cf55ea566d97f019cb91636fd/r_39",
            "rotation": 0.12566370614359174,
            "transform_matrix": [
                [
                    0.17730917036533356,
                    -0.12615905702114105,
                    0.976035475730896,
                    3.9345250129699707
                ],
                [
                    0.9841552972793579,
                    0.02272929809987545,
                    -0.17584627866744995,
                    -0.7088590860366821
                ],
                [
                    0.0,
                    0.9917495846748352,
                    0.12819018959999084,
                    0.516751229763031
                ],
                [
                    0.0,
                    0.0,
                    0.0,
                    1.0
                ]
            ]
        },
        {
            "file_path": "/data/shapenet_blender/all_50_random/02958343/49e8bd4cf55ea566d97f019cb91636fd/r_40",
            "rotation": 0.12566370614359174,
            "transform_matrix": [
                [
                    -0.4158370792865753,
                    -0.03093407116830349,
                    -0.9089127779006958,
                    -3.663944959640503
                ],
                [
                    -0.9094390273094177,
                    0.014144469052553177,
                    0.4155964255332947,
                    1.6753228902816772
                ],
                [
                    -9.313225191043273e-10,
                    0.9994212985038757,
                    -0.034014444798231125,
                    -0.13711662590503693
                ],
                [
                    0.0,
                    0.0,
                    0.0,
                    1.0
                ]
            ]
        },
        {
            "file_path": "/data/shapenet_blender/all_50_random/02958343/49e8bd4cf55ea566d97f019cb91636fd/r_41",
            "rotation": 0.12566370614359174,
            "transform_matrix": [
                [
                    -0.9716305136680603,
                    -0.11164010316133499,
                    -0.20849640667438507,
                    -0.8404759764671326
                ],
                [
                    -0.23650430142879486,
                    0.45865100622177124,
                    0.8565657138824463,
                    3.4529271125793457
                ],
                [
                    0.0,
                    0.8815756440162659,
                    -0.47204262018203735,
                    -1.9028648138046265
