{
    "class": "02958343",
    "model": "f73858d58e6371f7d76439fb95cdd2ed",
    "remove_doubles": true,
    "edge_split": true,
    "denoise": true,
    "camera_angle_x": 0.6911112070083618,
    "scale_factor": 2.25058447101952,
    "hdri_file": "/data/IndoorHDRDataset2018/AG8A1831-c5933c08f3.exr",
    "center_offset": [
        0.0,
        -1.862645149230957e-09,
        0.0
    ],
    "lights": [],
    "frames": [
        {
            "file_path": "/data/shapenet_blender/all_50_random/02958343/f73858d58e6371f7d76439fb95cdd2ed/r_0",
            "rotation": 0.12566370614359174,
            "transform_matrix": [
                [
                    0.9763298630714417,
                    -0.15116190910339355,
                    -0.15469351410865784,
                    -0.6235895156860352
                ],
                [
                    -0.21628686785697937,
                    -0.6823524832725525,
                    -0.6982943415641785,
                    -2.8149144649505615
                ],
                [
                    7.450580596923828e-09,
                    0.7152237296104431,
                    -0.6988955140113831,
                    -2.817337989807129
                ],
                [
                    0.0,
                    0.0,
                    0.0,
                    1.0
                ]
            ]
        },
        {
            "file_path": "/data/shapenet_blender/all_50_random/02958343/f73858d58e6371f7d76439fb95cdd2ed/r_1",
            "rotation": 0.12566370614359174,
            "transform_matrix": [
                [
                    0.8482036590576172,
                    0.11000069230794907,
                    0.5181220769882202,
                    2.0886168479919434
                ],
                [
                    0.5296702980995178,
                    -0.17615294456481934,
                    -0.8297104835510254,
                    -3.344670057296753
                ],
                [
                    7.450580596923828e-09,
                    0.9781972765922546,
                    -0.2076776772737503,
                    -0.8371754884719849
                ],
                [
                    0.0,
                    0.0,
                    0.0,
                    1.0
                ]
            ]
        },
        {
            "file_path": "/data/shapenet_blender/all_50_random/02958343/f73858d58e6371f7d76439fb95cdd2ed/r_2",
            "rotation": 0.12566370614359174,
            "transform_matrix": [
                [
                    0.4226653575897217,
                    -0.6771640777587891,
                    -0.6023311018943787,
                    -2.428074359893799
                ],
                [
                    -0.9062856435775757,
                    -0.3158097267150879,
                    -0.28090977668762207,
                    -1.1323835849761963
                ],
                [
                    -1.4901159417490817e-08,
                    0.6646149158477783,
                    -0.747186005115509,
                    -3.012003183364868
                ],
                [
                    0.0,
                    0.0,
                    0.0,
                    1.0
                ]
            ]
        },
        {
            "file_path": "/data/shapenet_blender/all_50_random/02958343/f73858d58e6371f7d76439fb95cdd2ed/r_3",
            "rotation": 0.12566370614359174,
            "transform_matrix": [
                [
                    -0.678695023059845,
                    -0.4436408281326294,
                    0.5852827429771423,
                    2.3593502044677734
                ],
                [
                    0.7344202399253845,
                    -0.4099789261817932,
                    0.5408735871315002,
                    2.180331230163574
                ],
                [
                    -1.4901161193847656e-08,
                    0.7969315648078918,
                    0.6040694713592529,
                    2.435081958770752
                ],
                [
                    0.0,
                    0.0,
                    0.0,
                    1.0
                ]
            ]
        },
        {
            "file_path": "/data/shapenet_blender/all_50_random/02958343/f73858d58e6371f7d76439fb95cdd2ed/r_4",
            "rotation": 0.12566370614359174,
            "transform_matrix": [
                [
                    -0.22788481414318085,
                    -0.14883333444595337,
                    -0.9622458815574646,
                    -3.878937244415283
                ],
                [
                    -0.9736881852149963,
                    0.0348333902657032,
                    0.22520682215690613,
                    0.9078377485275269
                ],
                [
                    3.725290742551124e-09,
                    0.9882485866546631,
                    -0.1528552621603012,
                    -0.6161792874336243
                ],
                [
                    0.0,
                    0.0,
                    0.0,
                    1.0
                ]
            ]
        },
        {
            "file_path": "/data/shapenet_blender/all_50_random/02958343/f73858d58e6371f7d76439fb95cdd2ed/r_5",
            "rotation": 0.12566370614359174,
            "transform_matrix": [
                [
                    0.8815950155258179,
                    0.27425873279571533,
                    0.3841513991355896,
                    1.5485635995864868
                ],
                [
                    0.4720064699649811,
                    -0.5122496485710144,
                    -0.717502772808075,
                    -2.892345905303955
                ],
                [
                    0.0,
                    0.8138687014579773,
                    -0.5810487866401672,
                    -2.342282295227051
                ],
                [
                    0.0,
                    0.0,
                    0.0,
                    1.0
                ]
            ]
        },
        {
            "file_path": "/data/shapenet_blender/all_50_random/02958343/f73858d58e6371f7d76439fb95cdd2ed/r_6",
            "rotation": 0.12566370614359174,
            "transform_matrix": [
                [
                    0.5129527449607849,
                    0.4833955764770508,
                    -0.7093716859817505,
                    -2.8595688343048096
                ],
                [
                    -0.8584169745445251,
                    0.28885623812675476,
                    -0.42388978600502014,
                    -1.7087544202804565
                ],
                [
                    0.0,
                    0.8263720273971558,
                    0.5631244778633118,
                    2.2700273990631104
                ],
                [
                    0.0,
                    0.0,
                    0.0,
                    1.0
                ]
            ]
        },
        {
            "file_path": "/data/shapenet_blender/all_50_random/02958343/f73858d58e6371f7d76439fb95cdd2ed/r_7",
            "rotation": 0.12566370614359174,
            "transform_matrix": [
                [
                    0.04221094399690628,
                    -0.15130408108234406,
                    -0.9875856041908264,
                    -3.9810848236083984
                ],
                [
                    -0.9991087317466736,
                    -0.006392384879291058,
                    -0.041724104434251785,
                    -0.16819524765014648
                ],
                [
                    0.0,
                    0.9884665608406067,
                    -0.15143907070159912,
                    -0.6104704141616821
                ],
                [
                    0.0,
                    0.0,
                    0.0,
                    1.0
                ]
            ]
        },
        {
            "file_path": "/data/shapenet_blender/all_50_random/02958343/f73858d58e6371f7d76439fb95cdd2ed/r_8",
            "rotation": 0.12566370614359174,
            "transform_matrix": [
                [
                    0.5357197523117065,
                    -0.01537195686250925,
                    0.8442559242248535,
                    3.4033045768737793
                ],
                [
                    0.8443959355354309,
                    0.00975260604172945,
                    -0.5356309413909912,
                    -2.1591973304748535
                ],
                [
                    0.0,
                    0.9998341798782349,
                    0.01820468157529831,
                    0.07338541746139526
                ],
                [
                    0.0,
                    0.0,
                    0.0,
                    1.0
                ]
            ]
        },
        {
            "file_path": "/data/shapenet_blender/all_50_random/02958343/f73858d58e6371f7d76439fb95cdd2ed/r_9",
            "rotation": 0.12566370614359174,
            "transform_matrix": [
                [
                    -0.1743672788143158,
                    0.6455193161964417,
                    0.7435729503631592,
                    2.997438669204712
                ],
                [
                    0.9846807718276978,
                    0.11430856585502625,
                    0.13167190551757812,
                    0.5307865142822266
                ],
                [
                    7.450581485102248e-09,
                    0.7551412582397461,
                    -0.6555619835853577,
                    -2.64265513420105
                ],
                [
                    0.0,
                    0.0,
                    0.0,
                    1.0
                ]
            ]
        },
        {
            "file_path": "/data/shapenet_blender/all_50_random/02958343/f73858d58e6371f7d76439fb95cdd2ed/r_10",
            "rotation": 0.12566370614359174,
            "transform_matrix": [
                [
                    0.34457457065582275,
                    0.7477582693099976,
                    -0.5675615072250366,
                    -2.2879135608673096
                ],
                [
                    -0.9387588500976562,
                    0.2744671404361725,
                    -0.2083253413438797,
                    -0.8397862911224365
                ],
                [
                    -1.4901158529312397e-08,
                    0.6045870780944824,
                    0.7965390682220459,
                    3.210951805114746
                ],
                [
                    0.0,
                    0.0,
                    0.0,
                    1.0
                ]
            ]
        },
        {
            "file_path": "/data/shapenet_blender/all_50_random/02958343/f73858d58e6371f7d76439fb95cdd2ed/r_11",
            "rotation": 0.12566370614359174,
            "transform_matrix": [
                [
                    0.5370469093322754,
                    -0.1844453066587448,
                    0.8231406807899475,
                    3.3181862831115723
                ],
                [
                    0.8435523509979248,
                    0.11742695420980453,
                    -0.5240518450737,
                    -2.112520456314087
                ],
                [
                    0.0,
                    0.9758026003837585,
                    0.21865306794643402,
                    0.8814187049865723
                ],
                [
                    0.0,
                    0.0,
                    0.0,
                    1.0
                ]
            ]
        },
        {
            "file_path": "/data/shapenet_blender/all_50_random/02958343/f73858d58e6371f7d76439fb95cdd2ed/r_12",
            "rotation": 0.12566370614359174,
            "transform_matrix": [
                [
                    -0.5567906498908997,
                    -0.8179786801338196,
                    0.14455142617225647,
                    0.5827054381370544
                ],
                [
                    0.8306528329849243,
                    -0.5482950210571289,
                    0.09689351171255112,
                    0.39059025049209595
                ],
                [
                    0.0,
                    0.17402134835720062,
                    0.9847418665885925,
                    3.969621419906616
                ],
                [
                    0.0,
                    0.0,
                    0.0,
                    1.0
                ]
            ]
        },
        {
            "file_path": "/data/shapenet_blender/all_50_random/02958343/f73858d58e6371f7d76439fb95cdd2ed/r_13",
            "rotation": 0.12566370614359174,
            "transform_matrix": [
                [
                    -0.647433876991272,
                    0.56141597032547,
                    0.5154042840003967,
                    2.0776612758636475
                ],
                [
                    0.7621216773986816,
                    0.47693130373954773,
                    0.4378436803817749,
                    1.7650043964385986
                ],
                [
                    -1.4901161193847656e-08,
                    0.6762756109237671,
                    -0.7366486191749573,
                    -2.9695258140563965
                ],
                [
                    0.0,
                    0.0,
                    0.0,
                    1.0
                ]
            ]
        },
        {
            "file_path": "/data/shapenet_blender/all_50_random/02958343/f73858d58e6371f7d76439fb95cdd2ed/r_14",
            "rotation": 0.12566370614359174,
            "transform_matrix": [
                [
                    -0.7607297897338867,
                    -0.07805456221103668,
                    0.6443585157394409,
                    2.597492218017578
                ],
                [
                    0.6490688920021057,
                    -0.09148246049880981,
                    0.7552089691162109,
                    3.044344663619995
                ],
                [
                    -3.725290742551124e-09,
                    0.9927427768707275,
                    0.1202562153339386,
                    0.4847683012485504
                ],
                [
                    0.0,
                    0.0,
                    0.0,
                    1.0
                ]
            ]
        },
        {
            "file_path": "/data/shapenet_blender/all_50_random/02958343/f73858d58e6371f7d76439fb95cdd2ed/r_15",
            "rotation": 0.12566370614359174,
            "transform_matrix": [
                [
                    -0.13815267384052277,
                    0.038431067019701004,
                    -0.9896649718284607,
                    -3.9894673824310303
                ],
                [
                    -0.9904109239578247,
                    -0.005360759794712067,
                    0.13804861903190613,
                    0.5564918518066406
                ],
                [
                    0.0,
                    0.9992467761039734,
                    0.03880315646529198,
                    0.1564205437898636
                ],
                [
                    0.0,
                    0.0,
                    0.0,
                    1.0
                ]
            ]
        },
        {
            "file_path": "/data/shapenet_blender/all_50_random/02958343/f73858d58e6371f7d76439fb95cdd2ed/r_16",
            "rotation": 0.12566370614359174,
            "transform_matrix": [
                [
                    0.998975932598114,
                    0.02127438597381115,
                    0.039933156222105026,
                    0.16097569465637207
                ],
                [
                    0.04524662345647812,
                    -0.4697057604789734,
                    -0.8816627264022827,
                    -3.554096221923828
                ],
                [
                    0.0,
                    0.8825665712356567,
                    -0.47018730640411377,
                    -1.8953856229782104
                ],
                [
                    0.0,
                    0.0,
                    0.0,
                    1.0
                ]
            ]
        },
        {
            "file_path": "/data/shapenet_blender/all_50_random/02958343/f73858d58e6371f7d76439fb95cdd2ed/r_17",
            "rotation": 0.12566370614359174,
            "transform_matrix": [
                [
                    -0.9933599233627319,
                    -0.003419302636757493,
                    -0.11499713361263275,
                    -0.4635683000087738
                ],
                [
                    -0.11504796892404556,
                    0.029523322358727455,
                    0.9929210543632507,
                    4.002593040466309
                ],
                [
                    -2.3283064365386963e-10,
                    0.9995582103729248,
                    -0.029720667749643326,
                    -0.11980785429477692
                ],
                [
                    0.0,
                    0.0,
                    0.0,
                    1.0
                ]
            ]
        },
        {
            "file_path": "/data/shapenet_blender/all_50_random/02958343/f73858d58e6371f7d76439fb95cdd2ed/r_18",
            "rotation": 0.12566370614359174,
            "transform_matrix": [
                [
                    -0.9012271761894226,
                    -0.165553480386734,
                    0.4004765450954437,
                    1.6143724918365479
                ],
                [
                    0.4333467185497284,
                    -0.3443000018596649,
                    0.8328673839569092,
                    3.357395648956299
                ],
                [
                    -2.9802317058624794e-08,
                    0.9241480231285095,
                    0.38203465938568115,
                    1.5400309562683105
                ],
                [
                    0.0,
                    0.0,
                    0.0,
                    1.0
                ]
            ]
        },
        {
            "file_path": "/data/shapenet_blender/all_50_random/02958343/f73858d58e6371f7d76439fb95cdd2ed/r_19",
            "rotation": 0.12566370614359174,
            "transform_matrix": [
                [
                    0.6685183644294739,
                    0.07469357550144196,
                    0.7399351000785828,
                    2.982773780822754
                ],
                [
                    0.7436955571174622,
                    -0.06714311242103577,
                    -0.6651380658149719,
                    -2.6812572479248047
                ],
                [
                    3.725290076417309e-09,
                    0.9949435591697693,
                    -0.10043568909168243,
                    -0.4048691987991333
                ],
                [
                    0.0,
                    0.0,
                    0.0,
                    1.0
                ]
            ]
        },
        {
            "file_path": "/data/shapenet_blender/all_50_random/02958343/f73858d58e6371f7d76439fb95cdd2ed/r_20",
            "rotation": 0.12566370614359174,
            "transform_matrix": [
                [
                    -0.007782802451401949,
                    0.2023208886384964,
                    0.9792883396148682,
                    3.9476375579833984
                ],
                [
                    0.9999697208404541,
                    0.0015746712451800704,
                    0.007621838711202145,
                    0.03072461485862732
                ],
                [
                    0.0,
                    0.9793180227279663,
                    -0.20232702791690826,
                    -0.8156063556671143
                ],
                [
                    0.0,
                    0.0,
                    0.0,
                    1.0
                ]
            ]
        },
        {
            "file_path": "/data/shapenet_blender/all_50_random/02958343/f73858d58e6371f7d76439fb95cdd2ed/r_21",
            "rotation": 0.12566370614359174,
            "transform_matrix": [
                [
                    -0.052504006773233414,
                    -0.4156242311000824,
                    -0.9080197215080261,
                    -3.6603446006774902
                ],
                [
                    -0.9986206889152527,
                    0.021852077916264534,
                    0.047740522772073746,
                    0.1924481987953186
                ],
                [
                    0.0,
                    0.9092739224433899,
                    -0.4161982238292694,
                    -1.677748680114746
                ],
                [
                    0.0,
                    0.0,
                    0.0,
                    1.0
                ]
            ]
        },
        {
            "file_path": "/data/shapenet_blender/all_50_random/02958343/f73858d58e6371f7d76439fb95cdd2ed/r_22",
            "rotation": 0.12566370614359174,
            "transform_matrix": [
                [
                    0.6282126307487488,
                    0.10717131942510605,
                    -0.7706252336502075,
                    -3.106489658355713
                ],
                [
                    -0.7780417203903198,
                    0.08653311431407928,
                    -0.6222243309020996,
                    -2.5082664489746094
                ],
                [
                    0.0,
                    0.9904677271842957,
                    0.1377449631690979,
                    0.5552676916122437
                ],
                [
                    0.0,
                    0.0,
                    0.0,
                    1.0
                ]
            ]
        },
        {
            "file_path": "/data/shapenet_blender/all_50_random/02958343/f73858d58e6371f7d76439fb95cdd2ed/r_23",
            "rotation": 0.12566370614359174,
            "transform_matrix": [
                [
                    0.17497235536575317,
                    0.6859837770462036,
                    -0.7062654495239258,
                    -2.8470470905303955
                ],
                [
                    -0.9845733642578125,
                    0.12190883606672287,
                    -0.12551316618919373,
                    -0.5059597492218018
                ],
                [
                    0.0,
                    0.7173314690589905,
                    0.6967320442199707,
                    2.8086166381835938
                ],
                [
                    0.0,
                    0.0,
                    0.0,
                    1.0
                ]
            ]
        },
        {
            "file_path": "/data/shapenet_blender/all_50_random/02958343/f73858d58e6371f7d76439fb95cdd2ed/r_24",
            "rotation": 0.12566370614359174,
            "transform_matrix": [
                [
                    -0.4298127591609955,
                    0.48034483194351196,
                    0.7645455002784729,
                    3.0819814205169678
                ],
                [
                    0.9029180407524109,
                    0.22865676879882812,
                    0.36394375562667847,
                    1.467104196548462
                ],
                [
                    0.0,
                    0.846749484539032,
                    -0.5319916605949402,
                    -2.144526958465576
                ],
                [
                    0.0,
                    0.0,
                    0.0,
                    1.0
                ]
            ]
        },
        {
            "file_path": "/data/shapenet_blender/all_50_random/02958343/f73858d58e6371f7d76439fb95cdd2ed/r_25",
            "rotation": 0.12566370614359174,
            "transform_matrix": [
                [
                    -0.9728942513465881,
                    0.06055354326963425,
                    -0.22318166494369507,
                    -0.8996740579605103
                ],
                [
                    -0.23125049471855164,
                    -0.254754900932312,
                    0.9389479160308838,
                    3.785020112991333
                ],
                [
                    0.0,
                    0.9651079177856445,
                    0.26185259222984314,
                    1.0555615425109863
                ],
                [
                    0.0,
                    0.0,
                    0.0,
                    1.0
                ]
            ]
        },
        {
            "file_path": "/data/shapenet_blender/all_50_random/02958343/f73858d58e6371f7d76439fb95cdd2ed/r_26",
            "rotation": 0.12566370614359174,
            "transform_matrix": [
                [
                    -0.9476991295814514,
                    0.095548115670681,
                    -0.30452725291252136,
                    -1.2275885343551636
                ],
                [
                    -0.3191649615764618,
                    -0.2837117910385132,
                    0.9042352437973022,
                    3.6450884342193604
                ],
                [
                    0.0,
                    0.9541372060775757,
                    0.29936912655830383,
                    1.2067954540252686
                ],
                [
                    0.0,
                    0.0,
                    0.0,
                    1.0
                ]
            ]
        },
        {
            "file_path": "/data/shapenet_blender/all_50_random/02958343/f73858d58e6371f7d76439fb95cdd2ed/r_27",
            "rotation": 0.12566370614359174,
            "transform_matrix": [
                [
                    0.09262648224830627,
                    0.7700645923614502,
                    -0.6312058568000793,
                    -2.5444722175598145
                ],
                [
                    -0.9957009553909302,
                    0.07163634896278381,
                    -0.058718811720609665,
                    -0.23670309782028198
                ],
                [
                    3.725290298461914e-09,
                    0.6339312195777893,
                    0.773389458656311,
                    3.1176326274871826
                ],
                [
                    0.0,
                    0.0,
                    0.0,
                    1.0
                ]
            ]
        },
        {
            "file_path": "/data/shapenet_blender/all_50_random/02958343/f73858d58e6371f7d76439fb95cdd2ed/r_28",
            "rotation": 0.12566370614359174,
            "transform_matrix": [
                [
                    -0.33476611971855164,
                    -0.004279117099940777,
                    0.9422914385795593,
                    3.7984986305236816
                ],
                [
                    0.9423012137413025,
                    -0.0015202180948108435,
                    0.3347626328468323,
                    1.3494714498519897
                ],
                [
                    -1.1641531488804091e-10,
                    0.9999897480010986,
                    0.004541133996099234,
                    0.01830589771270752
                ],
                [
                    0.0,
                    0.0,
                    0.0,
                    1.0
                ]
            ]
        },
        {
            "file_path": "/data/shapenet_blender/all_50_random/02958343/f73858d58e6371f7d76439fb95cdd2ed/r_29",
            "rotation": 0.12566370614359174,
            "transform_matrix": [
                [
                    0.7735913991928101,
                    -0.5088014602661133,
                    -0.37772682309150696,
                    -1.5226655006408691
                ],
                [
                    -0.6336848735809326,
                    -0.6211358308792114,
                    -0.46112221479415894,
                    -1.8588430881500244
                ],
                [
                    0.0,
                    0.5960798859596252,
                    -0.8029251098632812,
                    -3.236694574356079
                ],
                [
                    0.0,
                    0.0,
                    0.0,
                    1.0
                ]
            ]
        },
        {
            "file_path": "/data/shapenet_blender/all_50_random/02958343/f73858d58e6371f7d76439fb95cdd2ed/r_30",
            "rotation": 0.12566370614359174,
            "transform_matrix": [
                [
                    0.7755366563796997,
                    0.4130224287509918,
                    -0.47744670510292053,
                    -1.9246492385864258
                ],
                [
                    -0.6313025951385498,
                    0.5073858499526978,
                    -0.5865291953086853,
                    -2.364374876022339
                ],
                [
                    0.0,
                    0.7562881708145142,
                    0.6542385816574097,
                    2.637320041656494
                ],
                [
                    0.0,
                    0.0,
                    0.0,
                    1.0
                ]
            ]
        },
        {
            "file_path": "/data/shapenet_blender/all_50_random/02958343/f73858d58e6371f7d76439fb95cdd2ed/r_31",
            "rotation": 0.12566370614359174,
            "transform_matrix": [
                [
                    0.8025819063186646,
                    -0.3399800956249237,
                    -0.49017930030822754,
                    -1.9759759902954102
                ],
                [
                    -0.5965418815612793,
                    -0.45740607380867004,
                    -0.6594826579093933,
                    -2.6584596633911133
                ],
                [
                    -1.4901161193847656e-08,
                    0.8217013478279114,
                    -0.5699182152748108,
                    -2.2974138259887695
                ],
                [
                    0.0,
                    0.0,
                    0.0,
                    1.0
                ]
            ]
        },
        {
            "file_path": "/data/shapenet_blender/all_50_random/02958343/f73858d58e6371f7d76439fb95cdd2ed/r_32",
            "rotation": 0.12566370614359174,
            "transform_matrix": [
                [
                    0.8876198530197144,
                    0.036592453718185425,
                    -0.4591207802295685,
                    -1.8507752418518066
                ],
                [
                    -0.46057671308517456,
                    0.07052069157361984,
                    -0.8848139643669128,
                    -3.5667994022369385
                ],
                [
                    3.7252898543727042e-09,
                    0.9968389868736267,
                    0.07944918423891068,
                    0.32026994228363037
                ],
                [
                    0.0,
                    0.0,
                    0.0,
                    1.0
                ]
            ]
        },
        {
            "file_path": "/data/shapenet_blender/all_50_random/02958343/f73858d58e6371f7d76439fb95cdd2ed/r_33",
            "rotation": 0.12566370614359174,
            "transform_matrix": [
                [
                    -0.9558979868888855,
                    0.21787525713443756,
                    0.19695012271404266,
                    0.7939313650131226
                ],
                [
                    0.2936987578868866,
                    0.7091160416603088,
                    0.6410112380981445,
                    2.583998918533325
                ],
                [
                    0.0,
                    0.6705854535102844,
                    -0.7418323159217834,
                    -2.990421772003174
                ],
                [
                    0.0,
                    0.0,
                    0.0,
                    1.0
                ]
            ]
        },
        {
            "file_path": "/data/shapenet_blender/all_50_random/02958343/f73858d58e6371f7d76439fb95cdd2ed/r_34",
            "rotation": 0.12566370614359174,
            "transform_matrix": [
                [
                    0.8986232280731201,
                    -0.15174852311611176,
                    -0.411641389131546,
                    -1.659379482269287
                ],
                [
                    -0.4387211799621582,
                    -0.31082332134246826,
                    -0.8431563377380371,
                    -3.398871898651123
                ],
                [
                    -1.4901161193847656e-08,
                    0.9382755756378174,
                    -0.3458883464336395,
                    -1.3943204879760742
                ],
                [
                    0.0,
                    0.0,
                    0.0,
                    1.0
                ]
            ]
        },
        {
            "file_path": "/data/shapenet_blender/all_50_random/02958343/f73858d58e6371f7d76439fb95cdd2ed/r_35",
            "rotation": 0.12566370614359174,
            "transform_matrix": [
                [
                    0.4688062369823456,
                    -0.4408701956272125,
                    0.7654110789299011,
                    3.085470676422119
                ],
                [
                    0.8833009600639343,
                    0.23398898541927338,
                    -0.4062369465827942,
                    -1.6375935077667236
                ],
                [
                    0.0,
                    0.8665348291397095,
                    0.49911659955978394,
                    2.0120034217834473
                ],
                [
                    0.0,
                    0.0,
                    0.0,
                    1.0
                ]
            ]
        },
        {
            "file_path": "/data/shapenet_blender/all_50_random/02958343/f73858d58e6371f7d76439fb95cdd2ed/r_36",
            "rotation": 0.12566370614359174,
            "transform_matrix": [
                [
                    -0.6193501353263855,
                    0.6283074021339417,
                    0.4707813262939453,
                    1.897780179977417
                ],
                [
                    0.7851148843765259,
                    0.49565014243125916,
                    0.3713832199573517,
                    1.497093677520752
                ],
                [
                    0.0,
                    0.5996335744857788,
                    -0.8002746105194092,
                    -3.2260100841522217
                ],
                [
                    0.0,
                    0.0,
                    0.0,
                    1.0
                ]
            ]
        },
        {
            "file_path": "/data/shapenet_blender/all_50_random/02958343/f73858d58e6371f7d76439fb95cdd2ed/r_37",
            "rotation": 0.12566370614359174,
            "transform_matrix": [
                [
                    0.9848474860191345,
                    0.09017376601696014,
                    0.14813557267189026,
                    0.5971536636352539
                ],
                [
                    0.17342278361320496,
                    -0.5120861530303955,
                    -0.8412443995475769,
                    -3.391164779663086
                ],
                [
                    0.0,
                    0.8541874289512634,
                    -0.5199649930000305,
                    -2.096046209335327
                ],
                [
                    0.0,
                    0.0,
                    0.0,
                    1.0
                ]
            ]
        },
        {
            "file_path": "/data/shapenet_blender/all_50_random/02958343/f73858d58e6371f7d76439fb95cdd2ed/r_38",
            "rotation": 0.12566370614359174,
            "transform_matrix": [
                [
                    -0.8852725625038147,
                    0.004573602695018053,
                    -0.4650501012802124,
                    -1.8746769428253174
                ],
                [
                    -0.4650726020336151,
                    -0.008705920539796352,
                    0.885229766368866,
                    3.5684752464294434
                ],
                [
                    0.0,
                    0.9999516010284424,
                    0.0098341703414917,
                    0.039642807096242905
                ],
                [
                    0.0,
                    0.0,
                    0.0,
                    1.0
                ]
            ]
        },
        {
            "file_path": "/data/shapenet_blender/all_50_random/02958343/f73858d58e6371f7d76439fb95cdd2ed/r_39",
            "rotation": 0.12566370614359174,
            "transform_matrix": [
                [
                    -0.27983957529067993,
                    -0.11735378950834274,
                    -0.9528472423553467,
                    -3.841050148010254
                ],
                [
                    -0.9600467681884766,
                    0.03420691192150116,
                    0.277741014957428,
                    1.1196098327636719
                ],
                [
                    0.0,
                    0.992500901222229,
                    -0.12223757058382034,
                    -0.4927554130554199
                ],
                [
                    0.0,
                    0.0,
                    0.0,
                    1.0
                ]
            ]
        },
        {
            "file_path": "/data/shapenet_blender/all_50_random/02958343/f73858d58e6371f7d76439fb95cdd2ed/r_40",
            "rotation": 0.12566370614359174,
            "transform_matrix": [
                [
                    -0.6374813318252563,
                    -0.6619221568107605,
                    -0.39430519938468933,
                    -1.589495062828064
                ],
                [
                    -0.7704657912254333,
                    0.5476725697517395,
                    0.3262470066547394,
                    1.3151437044143677
                ],
                [
                    1.4901159417490817e-08,
                    0.5117750763893127,
                    -0.8591195344924927,
                    -3.463221549987793
                ],
                [
                    0.0,
                    0.0,
                    0.0,
                    1.0
                ]
            ]
        },
        {
            "file_path": "/data/shapenet_blender/all_50_random/02958343/f73858d58e6371f7d76439fb95cdd2ed/r_41",
            "rotation": 0.12566370614359174,
            "transform_matrix": [
                [
                    0.6997267007827759,
                    0.5240769982337952,
                    -0.48551610112190247,
                    -1.957177758216858
                ],
                [
                    -0.714410662651062,
                    0.513305127620697,
                    -0.4755368232727051,
                    -1.916949987411499
                ],
                [
                    -1.4901161193847656e-08,
