{
    "class": "02958343",
    "model": "3e2c3cb4f4c65b9cde9d4070fcdfa604",
    "remove_doubles": true,
    "edge_split": true,
    "denoise": true,
    "camera_angle_x": 0.6911112070083618,
    "scale_factor": 2.2571962423689262,
    "hdri_file": "/data/IndoorHDRDataset2018/AG8A5619-d38c96e192.exr",
    "center_offset": [
        0.0,
        0.0,
        -3.725290298461914e-09
    ],
    "lights": [],
    "frames": [
        {
            "file_path": "/data/shapenet_blender/all_50_random/02958343/3e2c3cb4f4c65b9cde9d4070fcdfa604/r_0",
            "rotation": 0.12566370614359174,
            "transform_matrix": [
                [
                    -0.8935143947601318,
                    -0.29375550150871277,
                    -0.3396171033382416,
                    -1.3690404891967773
                ],
                [
                    -0.4490346908569336,
                    0.5845311284065247,
                    0.6757891774177551,
                    2.724193572998047
                ],
                [
                    -2.980232594040899e-08,
                    0.7563271522521973,
                    -0.6541934013366699,
                    -2.6371381282806396
                ],
                [
                    0.0,
                    0.0,
                    0.0,
                    1.0
                ]
            ]
        },
        {
            "file_path": "/data/shapenet_blender/all_50_random/02958343/3e2c3cb4f4c65b9cde9d4070fcdfa604/r_1",
            "rotation": 0.12566370614359174,
            "transform_matrix": [
                [
                    -0.9990130066871643,
                    -0.0032705049961805344,
                    -0.04429922625422478,
                    -0.17857590317726135
                ],
                [
                    -0.0444197952747345,
                    0.07355453073978424,
                    0.9963014125823975,
                    4.016219615936279
                ],
                [
                    0.0,
                    0.997285783290863,
                    -0.07362719625234604,
                    -0.29680076241493225
                ],
                [
                    0.0,
                    0.0,
                    0.0,
                    1.0
                ]
            ]
        },
        {
            "file_path": "/data/shapenet_blender/all_50_random/02958343/3e2c3cb4f4c65b9cde9d4070fcdfa604/r_2",
            "rotation": 0.12566370614359174,
            "transform_matrix": [
                [
                    -0.3996274471282959,
                    -0.023855358362197876,
                    -0.91636723279953,
                    -3.6939940452575684
                ],
                [
                    -0.9166775941848755,
                    0.010399791412055492,
                    0.39949214458465576,
                    1.610404133796692
                ],
                [
                    0.0,
                    0.9996613264083862,
                    -0.02602371759712696,
                    -0.10490494966506958
                ],
                [
                    0.0,
                    0.0,
                    0.0,
                    1.0
                ]
            ]
        },
        {
            "file_path": "/data/shapenet_blender/all_50_random/02958343/3e2c3cb4f4c65b9cde9d4070fcdfa604/r_3",
            "rotation": 0.12566370614359174,
            "transform_matrix": [
                [
                    -0.020641131326556206,
                    0.738628625869751,
                    0.6737964749336243,
                    2.716160535812378
                ],
                [
                    0.9997869729995728,
                    0.015249378979206085,
                    0.013910884968936443,
                    0.056076571345329285
                ],
                [
                    0.0,
                    0.6739400029182434,
                    -0.738785982131958,
                    -2.9781415462493896
                ],
                [
                    0.0,
                    0.0,
                    0.0,
                    1.0
                ]
            ]
        },
        {
            "file_path": "/data/shapenet_blender/all_50_random/02958343/3e2c3cb4f4c65b9cde9d4070fcdfa604/r_4",
            "rotation": 0.12566370614359174,
            "transform_matrix": [
                [
                    0.8068432211875916,
                    -0.0491969920694828,
                    -0.5887134671211243,
                    -2.3731801509857178
                ],
                [
                    -0.5907655954360962,
                    -0.0671912208199501,
                    -0.8040405511856079,
                    -3.2411913871765137
                ],
                [
                    0.0,
                    0.9965264797210693,
                    -0.0832766517996788,
                    -0.3356989622116089
                ],
                [
                    0.0,
                    0.0,
                    0.0,
                    1.0
                ]
            ]
        },
        {
            "file_path": "/data/shapenet_blender/all_50_random/02958343/3e2c3cb4f4c65b9cde9d4070fcdfa604/r_5",
            "rotation": 0.12566370614359174,
            "transform_matrix": [
                [
                    0.9340366125106812,
                    0.1398312747478485,
                    -0.3286682665348053,
                    -1.324904203414917
                ],
                [
                    -0.3571773171424866,
                    0.36566582322120667,
                    -0.859484076499939,
                    -3.464691162109375
                ],
                [
                    -7.450580596923828e-09,
                    0.9201824069023132,
                    0.39148983359336853,
                    1.578145980834961
                ],
                [
                    0.0,
                    0.0,
                    0.0,
                    1.0
                ]
            ]
        },
        {
            "file_path": "/data/shapenet_blender/all_50_random/02958343/3e2c3cb4f4c65b9cde9d4070fcdfa604/r_6",
            "rotation": 0.12566370614359174,
            "transform_matrix": [
                [
                    -0.998037576675415,
                    0.021532133221626282,
                    0.05880003422498703,
                    0.2370305359363556
                ],
                [
                    0.06261850893497467,
                    0.3431873321533203,
                    0.937177300453186,
                    3.7778828144073486
                ],
                [
                    0.0,
                    0.9390200972557068,
                    -0.3438620865345001,
                    -1.3861525058746338
                ],
                [
                    0.0,
                    0.0,
                    0.0,
                    1.0
                ]
            ]
        },
        {
            "file_path": "/data/shapenet_blender/all_50_random/02958343/3e2c3cb4f4c65b9cde9d4070fcdfa604/r_7",
            "rotation": 0.12566370614359174,
            "transform_matrix": [
                [
                    -0.8867116570472717,
                    -0.13186447322368622,
                    0.4431186318397522,
                    1.7862683534622192
                ],
                [
                    0.46232274174690247,
                    -0.252909392118454,
                    0.8498790860176086,
                    3.4259722232818604
                ],
                [
                    7.450580152834618e-09,
                    0.958461582660675,
                    0.285221666097641,
                    1.1497652530670166
                ],
                [
                    0.0,
                    0.0,
                    0.0,
                    1.0
                ]
            ]
        },
        {
            "file_path": "/data/shapenet_blender/all_50_random/02958343/3e2c3cb4f4c65b9cde9d4070fcdfa604/r_8",
            "rotation": 0.12566370614359174,
            "transform_matrix": [
                [
                    0.9386855363845825,
                    -0.019108092412352562,
                    0.34424465894699097,
                    1.3876947164535522
                ],
                [
                    0.34477460384368896,
                    0.05202381685376167,
                    -0.9372427463531494,
                    -3.778146505355835
                ],
                [
                    0.0,
                    0.998462975025177,
                    0.05542198568582535,
                    0.22341318428516388
                ],
                [
                    0.0,
                    0.0,
                    0.0,
                    1.0
                ]
            ]
        },
        {
            "file_path": "/data/shapenet_blender/all_50_random/02958343/3e2c3cb4f4c65b9cde9d4070fcdfa604/r_9",
            "rotation": 0.12566370614359174,
            "transform_matrix": [
                [
                    -0.5397252440452576,
                    -0.08868192136287689,
                    0.8371571898460388,
                    3.3746886253356934
                ],
                [
                    0.8418413400650024,
                    -0.056856170296669006,
                    0.5367221236228943,
                    2.1635961532592773
                ],
                [
                    0.0,
                    0.9944359064102173,
                    0.1053428128361702,
                    0.4246504604816437
                ],
                [
                    0.0,
                    0.0,
                    0.0,
                    1.0
                ]
            ]
        },
        {
            "file_path": "/data/shapenet_blender/all_50_random/02958343/3e2c3cb4f4c65b9cde9d4070fcdfa604/r_10",
            "rotation": 0.12566370614359174,
            "transform_matrix": [
                [
                    0.8667657375335693,
                    -0.0660373866558075,
                    0.4943239688873291,
                    1.9926837682724
                ],
                [
                    0.49871549010276794,
                    0.1147727221250534,
                    -0.859133243560791,
                    -3.4632771015167236
                ],
                [
                    7.450580596923828e-09,
                    0.9911943674087524,
                    0.13241490721702576,
                    0.5337816476821899
                ],
                [
                    0.0,
                    0.0,
                    0.0,
                    1.0
                ]
            ]
        },
        {
            "file_path": "/data/shapenet_blender/all_50_random/02958343/3e2c3cb4f4c65b9cde9d4070fcdfa604/r_11",
            "rotation": 0.12566370614359174,
            "transform_matrix": [
                [
                    -0.19884352385997772,
                    0.6505650877952576,
                    0.7329571843147278,
                    2.9546449184417725
                ],
                [
                    0.9800311923027039,
                    0.13199646770954132,
                    0.14871342480182648,
                    0.5994830131530762
                ],
                [
                    0.0,
                    0.7478915452957153,
                    -0.6638208627700806,
                    -2.675947427749634
                ],
                [
                    0.0,
                    0.0,
                    0.0,
                    1.0
                ]
            ]
        },
        {
            "file_path": "/data/shapenet_blender/all_50_random/02958343/3e2c3cb4f4c65b9cde9d4070fcdfa604/r_12",
            "rotation": 0.12566370614359174,
            "transform_matrix": [
                [
                    0.8957643508911133,
                    0.05505196750164032,
                    -0.44110721349716187,
                    -1.7781602144241333
                ],
                [
                    -0.44452938437461853,
                    0.11093438416719437,
                    -0.8888684511184692,
                    -3.583143472671509
                ],
                [
                    0.0,
                    0.9923017621040344,
                    0.12384327501058578,
                    0.49922823905944824
                ],
                [
                    0.0,
                    0.0,
                    0.0,
                    1.0
                ]
            ]
        },
        {
            "file_path": "/data/shapenet_blender/all_50_random/02958343/3e2c3cb4f4c65b9cde9d4070fcdfa604/r_13",
            "rotation": 0.12566370614359174,
            "transform_matrix": [
                [
                    -0.29523295164108276,
                    -0.17401620745658875,
                    0.9394444227218628,
                    3.7870216369628906
                ],
                [
                    0.9554253816604614,
                    -0.05377219617366791,
                    0.29029473662376404,
                    1.1702154874801636
                ],
                [
                    0.0,
                    0.9832735657691956,
                    0.18213480710983276,
                    0.734208881855011
                ],
                [
                    0.0,
                    0.0,
                    0.0,
                    1.0
                ]
            ]
        },
        {
            "file_path": "/data/shapenet_blender/all_50_random/02958343/3e2c3cb4f4c65b9cde9d4070fcdfa604/r_14",
            "rotation": 0.12566370614359174,
            "transform_matrix": [
                [
                    0.8144022822380066,
                    0.11520838737487793,
                    -0.5687494277954102,
                    -2.2927024364471436
                ],
                [
                    -0.5803007483482361,
                    0.16168507933616638,
                    -0.7981910109519958,
                    -3.217611074447632
                ],
                [
                    0.0,
                    0.9800943732261658,
                    0.19853219389915466,
                    0.8003089427947998
                ],
                [
                    0.0,
                    0.0,
                    0.0,
                    1.0
                ]
            ]
        },
        {
            "file_path": "/data/shapenet_blender/all_50_random/02958343/3e2c3cb4f4c65b9cde9d4070fcdfa604/r_15",
            "rotation": 0.12566370614359174,
            "transform_matrix": [
                [
                    -0.8536126613616943,
                    0.3634634017944336,
                    0.3731485903263092,
                    1.5042102336883545
                ],
                [
                    0.5209084153175354,
                    0.5956074595451355,
                    0.6114786267280579,
                    2.464949369430542
                ],
                [
                    1.4901162970204496e-08,
                    0.7163420915603638,
                    -0.697749137878418,
                    -2.8127169609069824
                ],
                [
                    0.0,
                    0.0,
                    0.0,
                    1.0
                ]
            ]
        },
        {
            "file_path": "/data/shapenet_blender/all_50_random/02958343/3e2c3cb4f4c65b9cde9d4070fcdfa604/r_16",
            "rotation": 0.12566370614359174,
            "transform_matrix": [
                [
                    0.8038043975830078,
                    0.4679740369319916,
                    0.3672858476638794,
                    1.480576753616333
                ],
                [
                    0.594893753528595,
                    -0.6323138475418091,
                    -0.4962666630744934,
                    -2.0005149841308594
                ],
                [
                    1.4901162970204496e-08,
                    0.6173973083496094,
                    -0.7866513133049011,
                    -3.171093225479126
                ],
                [
                    0.0,
                    0.0,
                    0.0,
                    1.0
                ]
            ]
        },
        {
            "file_path": "/data/shapenet_blender/all_50_random/02958343/3e2c3cb4f4c65b9cde9d4070fcdfa604/r_17",
            "rotation": 0.12566370614359174,
            "transform_matrix": [
                [
                    -0.9612760543823242,
                    -0.04493539035320282,
                    -0.2718990743160248,
                    -1.0960602760314941
                ],
                [
                    -0.27558720111846924,
                    0.15673917531967163,
                    0.9484115242958069,
                    3.823169231414795
                ],
                [
                    -7.450580596923828e-09,
                    0.9866172671318054,
                    -0.1630532443523407,
                    -0.657288670539856
                ],
                [
                    0.0,
                    0.0,
                    0.0,
                    1.0
                ]
            ]
        },
        {
            "file_path": "/data/shapenet_blender/all_50_random/02958343/3e2c3cb4f4c65b9cde9d4070fcdfa604/r_18",
            "rotation": 0.12566370614359174,
            "transform_matrix": [
                [
                    0.8532188534736633,
                    -0.3105168044567108,
                    0.4190429151058197,
                    1.6892160177230835
                ],
                [
                    0.521553099155426,
                    0.5079804062843323,
                    -0.6855204105377197,
                    -2.763421058654785
                ],
                [
                    0.0,
                    0.8034518957138062,
                    0.5953695178031921,
                    2.4000113010406494
                ],
                [
                    0.0,
                    0.0,
                    0.0,
                    1.0
                ]
            ]
        },
        {
            "file_path": "/data/shapenet_blender/all_50_random/02958343/3e2c3cb4f4c65b9cde9d4070fcdfa604/r_19",
            "rotation": 0.12566370614359174,
            "transform_matrix": [
                [
                    0.021192517131567,
                    0.24404187500476837,
                    0.9695330858230591,
                    3.908313035964966
                ],
                [
                    0.9997753500938416,
                    -0.005173023324459791,
                    -0.020551461726427078,
                    -0.08284559845924377
                ],
                [
                    -4.656612040410124e-10,
                    0.9697509407997131,
                    -0.24409669637680054,
                    -0.9839853048324585
                ],
                [
                    0.0,
                    0.0,
                    0.0,
                    1.0
                ]
            ]
        },
        {
            "file_path": "/data/shapenet_blender/all_50_random/02958343/3e2c3cb4f4c65b9cde9d4070fcdfa604/r_20",
            "rotation": 0.12566370614359174,
            "transform_matrix": [
                [
                    -0.8402191400527954,
                    0.47508105635643005,
                    -0.26139965653419495,
                    -1.0537358522415161
                ],
                [
                    -0.54224693775177,
                    -0.7361446619033813,
                    0.4050423800945282,
                    1.6327781677246094
                ],
                [
                    0.0,
                    0.48206761479377747,
                    0.8761339783668518,
                    3.5318093299865723
                ],
                [
                    0.0,
                    0.0,
                    0.0,
                    1.0
                ]
            ]
        },
        {
            "file_path": "/data/shapenet_blender/all_50_random/02958343/3e2c3cb4f4c65b9cde9d4070fcdfa604/r_21",
            "rotation": 0.12566370614359174,
            "transform_matrix": [
                [
                    0.8961573243141174,
                    -0.182588130235672,
                    -0.40443000197410583,
                    -1.6303095817565918
                ],
                [
                    -0.44373655319213867,
                    -0.3687496483325958,
                    -0.8167750239372253,
                    -3.2925257682800293
                ],
                [
                    0.0,
                    0.9114193320274353,
                    -0.4114786982536316,
                    -1.6587238311767578
                ],
                [
                    0.0,
                    0.0,
                    0.0,
                    1.0
                ]
            ]
        },
        {
            "file_path": "/data/shapenet_blender/all_50_random/02958343/3e2c3cb4f4c65b9cde9d4070fcdfa604/r_22",
            "rotation": 0.12566370614359174,
            "transform_matrix": [
                [
                    0.9978117346763611,
                    -0.06392514705657959,
                    0.016893664374947548,
                    0.06810054183006287
                ],
                [
                    0.06611974537372589,
                    0.9646930694580078,
                    -0.2549419403076172,
                    -1.027703881263733
                ],
                [
                    0.0,
                    0.25550106167793274,
                    0.9668087363243103,
                    3.8973307609558105
                ],
                [
                    0.0,
                    0.0,
                    0.0,
                    1.0
                ]
            ]
        },
        {
            "file_path": "/data/shapenet_blender/all_50_random/02958343/3e2c3cb4f4c65b9cde9d4070fcdfa604/r_23",
            "rotation": 0.12566370614359174,
            "transform_matrix": [
                [
                    0.031165458261966705,
                    -0.7682653665542603,
                    -0.6393723487854004,
                    -2.577392339706421
                ],
                [
                    -0.9995142817497253,
                    -0.023954976350069046,
                    -0.019936013966798782,
                    -0.0803646445274353
                ],
                [
                    -9.31322685637781e-10,
                    0.639682948589325,
                    -0.7686387300491333,
                    -3.0984818935394287
                ],
                [
                    0.0,
                    0.0,
                    0.0,
                    1.0
                ]
            ]
        },
        {
            "file_path": "/data/shapenet_blender/all_50_random/02958343/3e2c3cb4f4c65b9cde9d4070fcdfa604/r_24",
            "rotation": 0.12566370614359174,
            "transform_matrix": [
                [
                    -0.9568528532981873,
                    0.07241905480623245,
                    0.2814038097858429,
                    1.1343750953674316
                ],
                [
                    0.2905729115009308,
                    0.2384749948978424,
                    0.9266590476036072,
                    3.7354822158813477
                ],
                [
                    0.0,
                    0.9684445858001709,
                    -0.24922852218151093,
                    -1.0046722888946533
                ],
                [
                    0.0,
                    0.0,
                    0.0,
                    1.0
                ]
            ]
        },
        {
            "file_path": "/data/shapenet_blender/all_50_random/02958343/3e2c3cb4f4c65b9cde9d4070fcdfa604/r_25",
            "rotation": 0.12566370614359174,
            "transform_matrix": [
                [
                    0.44521254301071167,
                    0.5351735353469849,
                    0.7178962230682373,
                    2.893932580947876
                ],
                [
                    0.8954249024391174,
                    -0.2660926580429077,
                    -0.35694384574890137,
                    -1.4388867616653442
                ],
                [
                    1.4901160305669237e-08,
                    0.8017381429672241,
                    -0.5976753830909729,
                    -2.409306764602661
                ],
                [
                    0.0,
                    0.0,
                    0.0,
                    1.0
                ]
            ]
        },
        {
            "file_path": "/data/shapenet_blender/all_50_random/02958343/3e2c3cb4f4c65b9cde9d4070fcdfa604/r_26",
            "rotation": 0.12566370614359174,
            "transform_matrix": [
                [
                    0.9278792142868042,
                    0.14133259654045105,
                    -0.3450585603713989,
                    -1.3909755945205688
                ],
                [
                    -0.37288111448287964,
                    0.35169270634651184,
                    -0.8586453795433044,
                    -3.4613101482391357
                ],
                [
                    0.0,
                    0.9253849387168884,
                    0.3790285587310791,
                    1.527912974357605
                ],
                [
                    0.0,
                    0.0,
                    0.0,
                    1.0
                ]
            ]
        },
        {
            "file_path": "/data/shapenet_blender/all_50_random/02958343/3e2c3cb4f4c65b9cde9d4070fcdfa604/r_27",
            "rotation": 0.12566370614359174,
            "transform_matrix": [
                [
                    0.98622727394104,
                    -0.07020801305770874,
                    0.14975528419017792,
                    0.6036828756332397
                ],
                [
                    0.16539593040943146,
                    0.4186382293701172,
                    -0.8929648399353027,
                    -3.599656343460083
                ],
                [
                    0.0,
                    0.9054352045059204,
                    0.4244845509529114,
                    1.7111519575119019
                ],
                [
                    0.0,
                    0.0,
                    0.0,
                    1.0
                ]
            ]
        },
        {
            "file_path": "/data/shapenet_blender/all_50_random/02958343/3e2c3cb4f4c65b9cde9d4070fcdfa604/r_28",
            "rotation": 0.12566370614359174,
            "transform_matrix": [
                [
                    0.10058221966028214,
                    0.7499170303344727,
                    0.6538406610488892,
                    2.635716199874878
                ],
                [
                    0.994928777217865,
                    -0.07581277936697006,
                    -0.06609995663166046,
                    -0.2664574682712555
                ],
                [
                    -3.725290076417309e-09,
                    0.6571733951568604,
                    -0.7537393569946289,
                    -3.0384206771850586
                ],
                [
                    0.0,
                    0.0,
                    0.0,
                    1.0
                ]
            ]
        },
        {
            "file_path": "/data/shapenet_blender/all_50_random/02958343/3e2c3cb4f4c65b9cde9d4070fcdfa604/r_29",
            "rotation": 0.12566370614359174,
            "transform_matrix": [
                [
                    0.9056245684623718,
                    0.17175880074501038,
                    -0.3877411186695099,
                    -1.5630345344543457
                ],
                [
                    -0.42408058047294617,
                    0.36679112911224365,
                    -0.8280216455459595,
                    -3.337862253189087
                ],
                [
                    0.0,
                    0.9143102169036865,
                    0.4050145447254181,
                    1.632665991783142
                ],
                [
                    0.0,
                    0.0,
                    0.0,
                    1.0
                ]
            ]
        },
        {
            "file_path": "/data/shapenet_blender/all_50_random/02958343/3e2c3cb4f4c65b9cde9d4070fcdfa604/r_30",
            "rotation": 0.12566370614359174,
            "transform_matrix": [
                [
                    -0.7579973936080933,
                    -0.34752127528190613,
                    -0.5519682168960571,
                    -2.225054979324341
                ],
                [
                    -0.6522575616836548,
                    0.4038592278957367,
                    0.6414498090744019,
                    2.5857667922973633
                ],
                [
                    0.0,
                    0.8462427258491516,
                    -0.532797634601593,
                    -2.147775888442993
                ],
                [
                    0.0,
                    0.0,
                    0.0,
                    1.0
                ]
            ]
        },
        {
            "file_path": "/data/shapenet_blender/all_50_random/02958343/3e2c3cb4f4c65b9cde9d4070fcdfa604/r_31",
            "rotation": 0.12566370614359174,
            "transform_matrix": [
                [
                    -0.9199329614639282,
                    -0.036664530634880066,
                    0.39035764336586,
                    1.5735819339752197
                ],
                [
                    0.39207571744918823,
                    -0.08602651953697205,
                    0.915901780128479,
                    3.6921181678771973
                ],
                [
                    0.0,
                    0.9956179857254028,
                    0.09351390600204468,
                    0.3769666254520416
                ],
                [
                    0.0,
                    0.0,
                    0.0,
                    1.0
                ]
            ]
        },
        {
            "file_path": "/data/shapenet_blender/all_50_random/02958343/3e2c3cb4f4c65b9cde9d4070fcdfa604/r_32",
            "rotation": 0.12566370614359174,
            "transform_matrix": [
                [
                    0.7287976741790771,
                    0.3762141466140747,
                    0.5721160769462585,
                    2.3062736988067627
                ],
                [
                    0.6847290992736816,
                    -0.400426983833313,
                    -0.6089370250701904,
                    -2.4547035694122314
                ],
                [
                    0.0,
                    0.8355363607406616,
                    -0.549435019493103,
                    -2.214843511581421
                ],
                [
                    0.0,
                    0.0,
                    0.0,
                    1.0
                ]
            ]
        },
        {
            "file_path": "/data/shapenet_blender/all_50_random/02958343/3e2c3cb4f4c65b9cde9d4070fcdfa604/r_33",
            "rotation": 0.12566370614359174,
            "transform_matrix": [
                [
                    -0.7796751856803894,
                    -0.26571157574653625,
                    -0.567013144493103,
                    -2.285703420639038
                ],
                [
                    -0.6261841654777527,
                    0.33084309101104736,
                    0.7060000896453857,
                    2.845977544784546
                ],
                [
                    -1.4901160305669237e-08,
                    0.9055054783821106,
                    -0.4243345260620117,
                    -1.7105473279953003
                ],
                [
                    0.0,
                    0.0,
                    0.0,
                    1.0
                ]
            ]
        },
        {
            "file_path": "/data/shapenet_blender/all_50_random/02958343/3e2c3cb4f4c65b9cde9d4070fcdfa604/r_34",
            "rotation": 0.12566370614359174,
            "transform_matrix": [
                [
                    -0.804973304271698,
                    0.5298224091529846,
                    0.2670319676399231,
                    1.076440453529358
                ],
                [
                    0.5933109521865845,
                    0.7188353538513184,
                    0.3622950315475464,
                    1.4604581594467163
                ],
                [
                    1.4901160305669237e-08,
                    0.4500707983970642,
                    -0.8929927945137024,
                    -3.599769353866577
                ],
                [
                    0.0,
                    0.0,
                    0.0,
                    1.0
                ]
            ]
        },
        {
            "file_path": "/data/shapenet_blender/all_50_random/02958343/3e2c3cb4f4c65b9cde9d4070fcdfa604/r_35",
            "rotation": 0.12566370614359174,
            "transform_matrix": [
                [
                    0.7862696647644043,
                    -0.27686575055122375,
                    0.5523815751075745,
                    2.2267212867736816
                ],
                [
                    0.6178835034370422,
                    0.3523173928260803,
                    -0.7029170393943787,
                    -2.8335492610931396
                ],
                [
                    1.4901161193847656e-08,
                    0.8939898014068604,
                    0.44808727502822876,
                    1.8062975406646729
                ],
                [
                    0.0,
                    0.0,
                    0.0,
                    1.0
                ]
            ]
        },
        {
            "file_path": "/data/shapenet_blender/all_50_random/02958343/3e2c3cb4f4c65b9cde9d4070fcdfa604/r_36",
            "rotation": 0.12566370614359174,
            "transform_matrix": [
                [
                    -0.6747493743896484,
                    -0.3892815113067627,
                    -0.6270352602005005,
                    -2.5276598930358887
                ],
                [
                    -0.7380470037460327,
                    0.35589534044265747,
                    0.5732583999633789,
                    2.3108785152435303
                ],
                [
                    2.9802322387695312e-08,
                    0.8495872616767883,
                    -0.5274481773376465,
                    -2.126211643218994
                ],
                [
                    0.0,
                    0.0,
                    0.0,
                    1.0
                ]
            ]
        },
        {
            "file_path": "/data/shapenet_blender/all_50_random/02958343/3e2c3cb4f4c65b9cde9d4070fcdfa604/r_37",
            "rotation": 0.12566370614359174,
            "transform_matrix": [
                [
                    0.851689875125885,
                    0.41037818789482117,
                    -0.3259052336215973,
                    -1.3137660026550293
                ],
                [
                    -0.5240463614463806,
                    0.6669542193412781,
                    -0.5296672582626343,
                    -2.1351571083068848
                ],
                [
                    -2.980232594040899e-08,
                    0.6219016909599304,
                    0.7830954194068909,
                    3.1567585468292236
                ],
                [
                    0.0,
                    0.0,
                    0.0,
                    1.0
                ]
            ]
        },
        {
            "file_path": "/data/shapenet_blender/all_50_random/02958343/3e2c3cb4f4c65b9cde9d4070fcdfa604/r_38",
            "rotation": 0.12566370614359174,
            "transform_matrix": [
                [
                    -0.036938056349754333,
                    -0.5215594172477722,
                    0.8524148464202881,
                    3.43619441986084
                ],
                [
                    0.9993176460266113,
                    -0.019278546795248985,
                    0.03150804340839386,
                    0.12701299786567688
                ],
                [
                    1.862645593320167e-09,
                    0.8529969453811646,
                    0.5219156742095947,
                    2.103909730911255
                ],
                [
                    0.0,
                    0.0,
                    0.0,
                    1.0
                ]
            ]
        },
        {
            "file_path": "/data/shapenet_blender/all_50_random/02958343/3e2c3cb4f4c65b9cde9d4070fcdfa604/r_39",
            "rotation": 0.12566370614359174,
            "transform_matrix": [
                [
                    -0.7089301943778992,
                    0.38999900221824646,
                    0.587638258934021,
                    2.3688457012176514
                ],
                [
                    0.7052786350250244,
                    0.39201819896698,
                    0.590680718421936,
                    2.381110191345215
                ],
                [
                    0.0,
                    0.8332001566886902,
                    -0.5529714822769165,
                    -2.2290992736816406
                ],
                [
                    0.0,
                    0.0,
                    0.0,
                    1.0
                ]
            ]
        },
        {
            "file_path": "/data/shapenet_blender/all_50_random/02958343/3e2c3cb4f4c65b9cde9d4070fcdfa604/r_40",
            "rotation": 0.12566370614359174,
            "transform_matrix": [
                [
                    0.9688695669174194,
                    0.025434117764234543,
                    -0.246261864900589,
                    -0.9927133321762085
                ],
                [
                    -0.24757181107997894,
                    0.09953613579273224,
                    -0.9637430906295776,
                    -3.88497257232666
                ],
                [
                    -1.862645149230957e-09,
                    0.9947087168693542,
                    0.10273431986570358,
                    0.41413527727127075
                ],
                [
                    0.0,
                    0.0,
                    0.0,
                    1.0
                ]
            ]
        },
        {
            "file_path": "/data/shapenet_blender/all_50_random/02958343/3e2c3cb4f4c65b9cde9d4070fcdfa604/r_41",
            "rotation": 0.12566370614359174,
            "transform_matrix": [
                [
                    -0.26350459456443787,
                    -0.10034641623497009,
                    0.9594248533248901,
                    3.8675649166107178
                ],
                [
                    0.9646582007408142,
                    -0.0274104792624712,
                    0.2620750665664673,
                    1.0564582347869873
                ],
                [
                    1.862645149230957e-09,
                    0.9945749044418335,
