{
    "class": "02958343",
    "model": "8fe901ed95e115ed70a5d1d8432b5405",
    "remove_doubles": true,
    "edge_split": true,
    "denoise": true,
    "camera_angle_x": 0.6911112070083618,
    "scale_factor": 2.2059668287449146,
    "hdri_file": "/data/IndoorHDRDataset2018/AG8A6128-ad9bfaa163.exr",
    "center_offset": [
        0.0,
        -1.862645149230957e-09,
        -3.725290298461914e-09
    ],
    "lights": [],
    "frames": [
        {
            "file_path": "/data/shapenet_blender/all_50_random/02958343/8fe901ed95e115ed70a5d1d8432b5405/r_0",
            "rotation": 0.12566370614359174,
            "transform_matrix": [
                [
                    0.3862248957157135,
                    -0.4232036769390106,
                    -0.8195907473564148,
                    -3.3038759231567383
                ],
                [
                    -0.9224046468734741,
                    -0.17720183730125427,
                    -0.34317514300346375,
                    -1.3833832740783691
                ],
                [
                    -1.4901161193847656e-08,
                    0.8885370492935181,
                    -0.45880481600761414,
                    -1.849501371383667
                ],
                [
                    0.0,
                    0.0,
                    0.0,
                    1.0
                ]
            ]
        },
        {
            "file_path": "/data/shapenet_blender/all_50_random/02958343/8fe901ed95e115ed70a5d1d8432b5405/r_1",
            "rotation": 0.12566370614359174,
            "transform_matrix": [
                [
                    -0.9237685799598694,
                    -0.26655423641204834,
                    -0.2749556005001068,
                    -1.1083815097808838
                ],
                [
                    -0.38295143842697144,
                    0.6429913640022278,
                    0.663257360458374,
                    2.673676013946533
                ],
                [
                    2.980232594040899e-08,
                    0.7179909348487854,
                    -0.6960524320602417,
                    -2.805877208709717
                ],
                [
                    0.0,
                    0.0,
                    0.0,
                    1.0
                ]
            ]
        },
        {
            "file_path": "/data/shapenet_blender/all_50_random/02958343/8fe901ed95e115ed70a5d1d8432b5405/r_2",
            "rotation": 0.12566370614359174,
            "transform_matrix": [
                [
                    -0.7671170234680176,
                    -0.0027667067479342222,
                    -0.6415011286735535,
                    -2.5859737396240234
                ],
                [
                    -0.6415070295333862,
                    0.0033084407914429903,
                    0.7671099901199341,
                    3.0923192501068115
                ],
                [
                    0.0,
                    0.999990701675415,
                    -0.0043128239922225475,
                    -0.01738554984331131
                ],
                [
                    0.0,
                    0.0,
                    0.0,
                    1.0
                ]
            ]
        },
        {
            "file_path": "/data/shapenet_blender/all_50_random/02958343/8fe901ed95e115ed70a5d1d8432b5405/r_3",
            "rotation": 0.12566370614359174,
            "transform_matrix": [
                [
                    -0.9219770431518555,
                    -0.12412822991609573,
                    0.3668113946914673,
                    1.4786640405654907
                ],
                [
                    0.38724467158317566,
                    -0.2955325245857239,
                    0.8733282089233398,
                    3.520498514175415
                ],
                [
                    1.4901161193847656e-08,
                    0.9472342729568481,
                    0.32054218649864197,
                    1.292146921157837
                ],
                [
                    0.0,
                    0.0,
                    0.0,
                    1.0
                ]
            ]
        },
        {
            "file_path": "/data/shapenet_blender/all_50_random/02958343/8fe901ed95e115ed70a5d1d8432b5405/r_4",
            "rotation": 0.12566370614359174,
            "transform_matrix": [
                [
                    0.8245756030082703,
                    -0.45747876167297363,
                    -0.33284857869148254,
                    -1.3417556285858154
                ],
                [
                    -0.5657517313957214,
                    -0.6667691469192505,
                    -0.48512235283851624,
                    -1.955590844154358
                ],
                [
                    0.0,
                    0.5883297920227051,
                    -0.8086209893226624,
                    -3.259655714035034
                ],
                [
                    0.0,
                    0.0,
                    0.0,
                    1.0
                ]
            ]
        },
        {
            "file_path": "/data/shapenet_blender/all_50_random/02958343/8fe901ed95e115ed70a5d1d8432b5405/r_5",
            "rotation": 0.12566370614359174,
            "transform_matrix": [
                [
                    0.03975307568907738,
                    -0.04389047995209694,
                    0.9982451796531677,
                    4.024054527282715
                ],
                [
                    0.9992095828056335,
                    0.0017461618408560753,
                    -0.03971470892429352,
                    -0.16009509563446045
                ],
                [
                    0.0,
                    0.9990348219871521,
                    0.0439252033829689,
                    0.17706814408302307
                ],
                [
                    0.0,
                    0.0,
                    0.0,
                    1.0
                ]
            ]
        },
        {
            "file_path": "/data/shapenet_blender/all_50_random/02958343/8fe901ed95e115ed70a5d1d8432b5405/r_6",
            "rotation": 0.12566370614359174,
            "transform_matrix": [
                [
                    0.8913514018058777,
                    -0.27805107831954956,
                    0.3580228090286255,
                    1.4432361125946045
                ],
                [
                    0.45331311225891113,
                    0.5467329621315002,
                    -0.7039816975593567,
                    -2.837841033935547
                ],
                [
                    0.0,
                    0.7897914052009583,
                    0.6133754253387451,
                    2.472595453262329
                ],
                [
                    0.0,
                    0.0,
                    0.0,
                    1.0
                ]
            ]
        },
        {
            "file_path": "/data/shapenet_blender/all_50_random/02958343/8fe901ed95e115ed70a5d1d8432b5405/r_7",
            "rotation": 0.12566370614359174,
            "transform_matrix": [
                [
                    0.25221800804138184,
                    -0.8955483436584473,
                    -0.36657747626304626,
                    -1.4777212142944336
                ],
                [
                    -0.9676704406738281,
                    -0.23341979086399078,
                    -0.0955464169383049,
                    -0.385159969329834
                ],
                [
                    -7.450580596923828e-09,
                    0.3788245618343353,
                    -0.925468385219574,
                    -3.730682611465454
                ],
                [
                    0.0,
                    0.0,
                    0.0,
                    1.0
                ]
            ]
        },
        {
            "file_path": "/data/shapenet_blender/all_50_random/02958343/8fe901ed95e115ed70a5d1d8432b5405/r_8",
            "rotation": 0.12566370614359174,
            "transform_matrix": [
                [
                    0.1869640350341797,
                    0.15167023241519928,
                    0.9705877900123596,
                    3.912564277648926
                ],
                [
                    0.9823668003082275,
                    -0.02886587753891945,
                    -0.18472224473953247,
                    -0.7446391582489014
                ],
                [
                    1.8626449271863521e-09,
                    0.9880095720291138,
                    -0.15439268946647644,
                    -0.6223767995834351
                ],
                [
                    0.0,
                    0.0,
                    0.0,
                    1.0
                ]
            ]
        },
        {
            "file_path": "/data/shapenet_blender/all_50_random/02958343/8fe901ed95e115ed70a5d1d8432b5405/r_9",
            "rotation": 0.12566370614359174,
            "transform_matrix": [
                [
                    -0.9841302037239075,
                    -0.041952695697546005,
                    0.1724172681570053,
                    0.6950361728668213
                ],
                [
                    0.1774478405714035,
                    -0.23267069458961487,
                    0.9562304615974426,
                    3.8546879291534424
                ],
                [
                    0.0,
                    0.9716503024101257,
                    0.23642270267009735,
                    0.9530502557754517
                ],
                [
                    0.0,
                    0.0,
                    0.0,
                    1.0
                ]
            ]
        },
        {
            "file_path": "/data/shapenet_blender/all_50_random/02958343/8fe901ed95e115ed70a5d1d8432b5405/r_10",
            "rotation": 0.12566370614359174,
            "transform_matrix": [
                [
                    -0.9887427687644958,
                    0.005331177730113268,
                    0.14952997863292694,
                    0.6027746200561523
                ],
                [
                    0.14962495863437653,
                    0.035229168832302094,
                    0.9881150126457214,
                    3.9832189083099365
                ],
                [
                    -4.6566125955216364e-10,
                    0.9993650317192078,
                    -0.03563026338815689,
                    -0.14363019168376923
                ],
                [
                    0.0,
                    0.0,
                    0.0,
                    1.0
                ]
            ]
        },
        {
            "file_path": "/data/shapenet_blender/all_50_random/02958343/8fe901ed95e115ed70a5d1d8432b5405/r_11",
            "rotation": 0.12566370614359174,
            "transform_matrix": [
                [
                    0.012366903014481068,
                    -0.36354750394821167,
                    -0.9314934611320496,
                    -3.7549705505371094
                ],
                [
                    -0.999923586845398,
                    -0.0044963001273572445,
                    -0.011520568281412125,
                    -0.04644089937210083
                ],
                [
                    -4.656613428188905e-10,
                    0.9315648078918457,
                    -0.363575279712677,
                    -1.4656189680099487
                ],
                [
                    0.0,
                    0.0,
                    0.0,
                    1.0
                ]
            ]
        },
        {
            "file_path": "/data/shapenet_blender/all_50_random/02958343/8fe901ed95e115ed70a5d1d8432b5405/r_12",
            "rotation": 0.12566370614359174,
            "transform_matrix": [
                [
                    0.8501387238502502,
                    0.12408910691738129,
                    0.5117284655570984,
                    2.0628435611724854
                ],
                [
                    0.5265588164329529,
                    -0.20034407079219818,
                    -0.8261948227882385,
                    -3.330498218536377
                ],
                [
                    -7.450580596923828e-09,
                    0.9718353748321533,
                    -0.23566046357154846,
                    -0.9499777555465698
                ],
                [
                    0.0,
                    0.0,
                    0.0,
                    1.0
                ]
            ]
        },
        {
            "file_path": "/data/shapenet_blender/all_50_random/02958343/8fe901ed95e115ed70a5d1d8432b5405/r_13",
            "rotation": 0.12566370614359174,
            "transform_matrix": [
                [
                    0.5642910003662109,
                    0.4280987083911896,
                    -0.7059087753295898,
                    -2.845609188079834
                ],
                [
                    -0.8255760073661804,
                    0.2926105558872223,
                    -0.48249703645706177,
                    -1.9450078010559082
                ],
                [
                    0.0,
                    0.8550500273704529,
                    0.5185455083847046,
                    2.0903239250183105
                ],
                [
                    0.0,
                    0.0,
                    0.0,
                    1.0
                ]
            ]
        },
        {
            "file_path": "/data/shapenet_blender/all_50_random/02958343/8fe901ed95e115ed70a5d1d8432b5405/r_14",
            "rotation": 0.12566370614359174,
            "transform_matrix": [
                [
                    -0.8905636072158813,
                    -0.08002807945013046,
                    -0.4477633237838745,
                    -1.8049918413162231
                ],
                [
                    -0.45485880970954895,
                    0.1566861867904663,
                    0.8766714334487915,
                    3.533975839614868
                ],
                [
                    0.0,
                    0.9844008684158325,
                    -0.17594043910503387,
                    -0.7092386484146118
                ],
                [
                    0.0,
                    0.0,
                    0.0,
                    1.0
                ]
            ]
        },
        {
            "file_path": "/data/shapenet_blender/all_50_random/02958343/8fe901ed95e115ed70a5d1d8432b5405/r_15",
            "rotation": 0.12566370614359174,
            "transform_matrix": [
                [
                    0.7007798552513123,
                    0.04584759846329689,
                    0.7119027376174927,
                    2.869771718978882
                ],
                [
                    0.7133774757385254,
                    -0.04503796994686127,
                    -0.6993311643600464,
                    -2.819094181060791
                ],
                [
                    0.0,
                    0.9979326128959656,
                    -0.06426834315061569,
                    -0.25907397270202637
                ],
                [
                    0.0,
                    0.0,
                    0.0,
                    1.0
                ]
            ]
        },
        {
            "file_path": "/data/shapenet_blender/all_50_random/02958343/8fe901ed95e115ed70a5d1d8432b5405/r_16",
            "rotation": 0.12566370614359174,
            "transform_matrix": [
                [
                    -0.7589742541313171,
                    0.05430974066257477,
                    -0.6488516330718994,
                    -2.615604877471924
                ],
                [
                    -0.651120662689209,
                    -0.06330578029155731,
                    0.7563294172286987,
                    3.0488617420196533
                ],
                [
                    -7.450580596923828e-09,
                    0.9965153932571411,
                    0.0834096372127533,
                    0.33623504638671875
                ],
                [
                    0.0,
                    0.0,
                    0.0,
                    1.0
                ]
            ]
        },
        {
            "file_path": "/data/shapenet_blender/all_50_random/02958343/8fe901ed95e115ed70a5d1d8432b5405/r_17",
            "rotation": 0.12566370614359174,
            "transform_matrix": [
                [
                    -0.8097429275512695,
                    -0.49972695112228394,
                    0.307553768157959,
                    1.2397890090942383
                ],
                [
                    0.5867847204208374,
                    -0.6896061301231384,
                    0.4244137406349182,
                    1.7108666896820068
                ],
                [
                    -1.4901160305669237e-08,
                    0.5241339206695557,
                    0.851635754108429,
                    3.433053731918335
                ],
                [
                    0.0,
                    0.0,
                    0.0,
                    1.0
                ]
            ]
        },
        {
            "file_path": "/data/shapenet_blender/all_50_random/02958343/8fe901ed95e115ed70a5d1d8432b5405/r_18",
            "rotation": 0.12566370614359174,
            "transform_matrix": [
                [
                    -0.9187420606613159,
                    -0.36077332496643066,
                    -0.1604854315519333,
                    -0.6469374895095825
                ],
                [
                    -0.39485815167427063,
                    0.8394346833229065,
                    0.3734118342399597,
                    1.5052711963653564
                ],
                [
                    0.0,
                    0.40643805265426636,
                    -0.9136782884597778,
                    -3.683155059814453
                ],
                [
                    0.0,
                    0.0,
                    0.0,
                    1.0
                ]
            ]
        },
        {
            "file_path": "/data/shapenet_blender/all_50_random/02958343/8fe901ed95e115ed70a5d1d8432b5405/r_19",
            "rotation": 0.12566370614359174,
            "transform_matrix": [
                [
                    0.5705057382583618,
                    -0.5098652243614197,
                    -0.6438637971878052,
                    -2.5954980850219727
                ],
                [
                    -0.8212935924530029,
                    -0.35417428612709045,
                    -0.447255402803421,
                    -1.8029441833496094
                ],
                [
                    -1.4901161193847656e-08,
                    0.7839630842208862,
                    -0.6208074688911438,
                    -2.5025548934936523
                ],
                [
                    0.0,
                    0.0,
                    0.0,
                    1.0
                ]
            ]
        },
        {
            "file_path": "/data/shapenet_blender/all_50_random/02958343/8fe901ed95e115ed70a5d1d8432b5405/r_20",
            "rotation": 0.12566370614359174,
            "transform_matrix": [
                [
                    0.8177914619445801,
                    0.1466486155986786,
                    -0.5565170645713806,
                    -2.2433922290802
                ],
                [
                    -0.5755146741867065,
                    0.20838387310504913,
                    -0.7907963395118713,
                    -3.187802314758301
                ],
                [
                    0.0,
                    0.9669904112815857,
                    0.25481292605400085,
                    1.0271838903427124
                ],
                [
                    0.0,
                    0.0,
                    0.0,
                    1.0
                ]
            ]
        },
        {
            "file_path": "/data/shapenet_blender/all_50_random/02958343/8fe901ed95e115ed70a5d1d8432b5405/r_21",
            "rotation": 0.12566370614359174,
            "transform_matrix": [
                [
                    0.7210198044776917,
                    -0.30619919300079346,
                    -0.6215886473655701,
                    -2.505704164505005
                ],
                [
                    -0.6929144263267517,
                    -0.3186189830303192,
                    -0.6468009352684021,
                    -2.6073381900787354
                ],
                [
                    -1.4901160305669237e-08,
                    0.8970640897750854,
                    -0.44190046191215515,
                    -1.7813578844070435
                ],
                [
                    0.0,
                    0.0,
                    0.0,
                    1.0
                ]
            ]
        },
        {
            "file_path": "/data/shapenet_blender/all_50_random/02958343/8fe901ed95e115ed70a5d1d8432b5405/r_22",
            "rotation": 0.12566370614359174,
            "transform_matrix": [
                [
                    -0.5378480553627014,
                    -0.38270440697669983,
                    -0.7511702179908752,
                    -3.028064012527466
                ],
                [
                    -0.843041718006134,
                    0.2441597580909729,
                    0.4792354702949524,
                    1.9318599700927734
                ],
                [
                    1.4901160305669237e-08,
                    0.8910236954689026,
                    -0.4539566934108734,
                    -1.8299579620361328
                ],
                [
                    0.0,
                    0.0,
                    0.0,
                    1.0
                ]
            ]
        },
        {
            "file_path": "/data/shapenet_blender/all_50_random/02958343/8fe901ed95e115ed70a5d1d8432b5405/r_23",
            "rotation": 0.12566370614359174,
            "transform_matrix": [
                [
                    0.48556819558143616,
                    0.47474491596221924,
                    -0.7340577244758606,
                    -2.9590814113616943
                ],
                [
                    -0.8741989135742188,
                    0.26369401812553406,
                    -0.4077276885509491,
                    -1.6436028480529785
                ],
                [
                    -1.4901162970204496e-08,
                    0.8396919369697571,
                    0.5430629253387451,
                    2.1891567707061768
                ],
                [
                    0.0,
                    0.0,
                    0.0,
                    1.0
                ]
            ]
        },
        {
            "file_path": "/data/shapenet_blender/all_50_random/02958343/8fe901ed95e115ed70a5d1d8432b5405/r_24",
            "rotation": 0.12566370614359174,
            "transform_matrix": [
                [
                    -0.8604707717895508,
                    -0.30595895648002625,
                    -0.40740546584129333,
                    -1.6423039436340332
                ],
                [
                    -0.5094999074935913,
                    0.5167199373245239,
                    0.688048243522644,
                    2.773611068725586
                ],
                [
                    1.4901161193847656e-08,
                    0.7996184825897217,
                    -0.600508451461792,
                    -2.420727014541626
                ],
                [
                    0.0,
                    0.0,
                    0.0,
                    1.0
                ]
            ]
        },
        {
            "file_path": "/data/shapenet_blender/all_50_random/02958343/8fe901ed95e115ed70a5d1d8432b5405/r_25",
            "rotation": 0.12566370614359174,
            "transform_matrix": [
                [
                    -0.9620503187179565,
                    -0.07180824875831604,
                    -0.2632543444633484,
                    -1.0612123012542725
                ],
                [
                    -0.27287232875823975,
                    0.2531702220439911,
                    0.9281408190727234,
                    3.741455554962158
                ],
                [
                    0.0,
                    0.9647529125213623,
                    -0.2631569504737854,
                    -1.0608197450637817
                ],
                [
                    0.0,
                    0.0,
                    0.0,
                    1.0
                ]
            ]
        },
        {
            "file_path": "/data/shapenet_blender/all_50_random/02958343/8fe901ed95e115ed70a5d1d8432b5405/r_26",
            "rotation": 0.12566370614359174,
            "transform_matrix": [
                [
                    0.9963774085044861,
                    0.010411404073238373,
                    -0.08440124988555908,
                    -0.34023234248161316
                ],
                [
                    -0.08504097908735275,
                    0.1219845712184906,
                    -0.9888820052146912,
                    -3.986311197280884
                ],
                [
                    0.0,
                    0.9924774169921875,
                    0.1224280521273613,
                    0.4935232996940613
                ],
                [
                    0.0,
                    0.0,
                    0.0,
                    1.0
                ]
            ]
        },
        {
            "file_path": "/data/shapenet_blender/all_50_random/02958343/8fe901ed95e115ed70a5d1d8432b5405/r_27",
            "rotation": 0.12566370614359174,
            "transform_matrix": [
                [
                    0.9201357364654541,
                    0.13538207113742828,
                    -0.36745357513427734,
                    -1.4812527894973755
                ],
                [
                    -0.3915998935699463,
                    0.318105012178421,
                    -0.8633995056152344,
                    -3.4804747104644775
                ],
                [
                    7.450581485102248e-09,
                    0.9383394122123718,
                    0.34571537375450134,
                    1.3936232328414917
                ],
                [
                    0.0,
                    0.0,
                    0.0,
                    1.0
                ]
            ]
        },
        {
            "file_path": "/data/shapenet_blender/all_50_random/02958343/8fe901ed95e115ed70a5d1d8432b5405/r_28",
            "rotation": 0.12566370614359174,
            "transform_matrix": [
                [
                    0.9653730392456055,
                    0.06412305682897568,
                    0.2528698444366455,
                    1.0193510055541992
                ],
                [
                    0.26087337732315063,
                    -0.23729008436203003,
                    -0.9357555508613586,
                    -3.772151231765747
                ],
                [
                    0.0,
                    0.9693201780319214,
                    -0.2458014190196991,
                    -0.9908572435379028
                ],
                [
                    0.0,
                    0.0,
                    0.0,
                    1.0
                ]
            ]
        },
        {
            "file_path": "/data/shapenet_blender/all_50_random/02958343/8fe901ed95e115ed70a5d1d8432b5405/r_29",
            "rotation": 0.12566370614359174,
            "transform_matrix": [
                [
                    -0.10942184180021286,
                    0.14937472343444824,
                    0.9827075004577637,
                    3.961420774459839
                ],
                [
                    0.9939954876899719,
                    0.016443593427538872,
                    0.10817922651767731,
                    0.43608444929122925
                ],
                [
                    -1.862645149230957e-09,
                    0.9886438846588135,
                    -0.15027707815170288,
                    -0.6057863235473633
                ],
                [
                    0.0,
                    0.0,
                    0.0,
                    1.0
                ]
            ]
        },
        {
            "file_path": "/data/shapenet_blender/all_50_random/02958343/8fe901ed95e115ed70a5d1d8432b5405/r_30",
            "rotation": 0.12566370614359174,
            "transform_matrix": [
                [
                    0.7389306426048279,
                    0.006545830983668566,
                    -0.6737496852874756,
                    -2.7159721851348877
                ],
                [
                    -0.6737815737724304,
                    0.007178757805377245,
                    -0.7388956546783447,
                    -2.978583812713623
                ],
                [
                    -4.656612873077393e-10,
                    0.9999527931213379,
                    0.009715062566101551,
                    0.03916267305612564
                ],
                [
                    0.0,
                    0.0,
                    0.0,
                    1.0
                ]
            ]
        },
        {
            "file_path": "/data/shapenet_blender/all_50_random/02958343/8fe901ed95e115ed70a5d1d8432b5405/r_31",
            "rotation": 0.12566370614359174,
            "transform_matrix": [
                [
                    0.47075939178466797,
                    -0.33164480328559875,
                    -0.8175556659698486,
                    -3.2956724166870117
                ],
                [
                    -0.8822616338729858,
                    -0.17695987224578857,
                    -0.43623343110084534,
                    -1.7585132122039795
                ],
                [
                    1.4901161193847656e-08,
                    0.9266589879989624,
                    -0.3759029805660248,
                    -1.5153133869171143
                ],
                [
                    0.0,
                    0.0,
                    0.0,
                    1.0
                ]
            ]
        },
        {
            "file_path": "/data/shapenet_blender/all_50_random/02958343/8fe901ed95e115ed70a5d1d8432b5405/r_32",
            "rotation": 0.12566370614359174,
            "transform_matrix": [
                [
                    0.8625925183296204,
                    0.02920442633330822,
                    0.5050557255744934,
                    2.035944938659668
                ],
                [
                    0.5058994889259338,
                    -0.04979550465941429,
                    -0.8611539006233215,
                    -3.4714229106903076
                ],
                [
                    0.0,
                    0.9983323216438293,
                    -0.05772772803902626,
                    -0.2327079474925995
                ],
                [
                    0.0,
                    0.0,
                    0.0,
                    1.0
                ]
            ]
        },
        {
            "file_path": "/data/shapenet_blender/all_50_random/02958343/8fe901ed95e115ed70a5d1d8432b5405/r_33",
            "rotation": 0.12566370614359174,
            "transform_matrix": [
                [
                    0.9739196300506592,
                    0.1907731145620346,
                    0.12282638996839523,
                    0.4951290488243103
                ],
                [
                    0.22689364850521088,
                    -0.8188756704330444,
                    -0.5272207260131836,
                    -2.1252949237823486
                ],
                [
                    -7.450581485102248e-09,
                    0.541339099407196,
                    -0.8408042788505554,
                    -3.389390707015991
                ],
                [
                    0.0,
                    0.0,
                    0.0,
                    1.0
                ]
            ]
        },
        {
            "file_path": "/data/shapenet_blender/all_50_random/02958343/8fe901ed95e115ed70a5d1d8432b5405/r_34",
            "rotation": 0.12566370614359174,
            "transform_matrix": [
                [
                    0.6275296807289124,
                    -0.028370823711156845,
                    0.7780755162239075,
                    3.1365227699279785
                ],
                [
                    0.7785926461219788,
                    0.022866303101181984,
                    -0.6271129250526428,
                    -2.527973175048828
                ],
                [
                    0.0,
                    0.9993358254432678,
                    0.03643859922885895,
                    0.14688868820667267
                ],
                [
                    0.0,
                    0.0,
                    0.0,
                    1.0
                ]
            ]
        },
        {
            "file_path": "/data/shapenet_blender/all_50_random/02958343/8fe901ed95e115ed70a5d1d8432b5405/r_35",
            "rotation": 0.12566370614359174,
            "transform_matrix": [
                [
                    -0.9441657662391663,
                    0.03899965062737465,
                    0.32715463638305664,
                    1.3188024759292603
                ],
                [
                    0.32947102189064026,
                    0.11176138371229172,
                    0.9375277161598206,
                    3.7792952060699463
                ],
                [
                    0.0,
                    0.9929695129394531,
                    -0.11837051808834076,
                    -0.4771668314933777
                ],
                [
                    0.0,
                    0.0,
                    0.0,
                    1.0
                ]
            ]
        },
        {
            "file_path": "/data/shapenet_blender/all_50_random/02958343/8fe901ed95e115ed70a5d1d8432b5405/r_36",
            "rotation": 0.12566370614359174,
            "transform_matrix": [
                [
                    0.8542981147766113,
                    0.14142842590808868,
                    0.5001725554466248,
                    2.0162601470947266
                ],
                [
                    0.5197831392288208,
                    -0.23244696855545044,
                    -0.8220667839050293,
                    -3.313857078552246
                ],
                [
                    -1.4901158529312397e-08,
                    0.962271511554718,
                    -0.2720911204814911,
                    -1.096834421157837
                ],
                [
                    0.0,
                    0.0,
                    0.0,
                    1.0
                ]
            ]
        },
        {
            "file_path": "/data/shapenet_blender/all_50_random/02958343/8fe901ed95e115ed70a5d1d8432b5405/r_37",
            "rotation": 0.12566370614359174,
            "transform_matrix": [
                [
                    0.14239104092121124,
                    0.47567132115364075,
                    -0.8680216073989868,
                    -3.4991071224212646
                ],
                [
                    -0.989810585975647,
                    0.06842858344316483,
                    -0.12487085908651352,
                    -0.5033705234527588
                ],
                [
                    3.725290742551124e-09,
                    0.8769574165344238,
                    0.4805681109428406,
                    1.9372320175170898
                ],
                [
                    0.0,
                    0.0,
                    0.0,
                    1.0
                ]
            ]
        },
        {
            "file_path": "/data/shapenet_blender/all_50_random/02958343/8fe901ed95e115ed70a5d1d8432b5405/r_38",
            "rotation": 0.12566370614359174,
            "transform_matrix": [
                [
                    -0.9925557971000671,
                    0.00968313217163086,
                    0.1214052215218544,
                    0.48940008878707886
                ],
                [
                    0.12179075926542282,
                    0.07891442626714706,
                    0.9894137382507324,
                    3.9884543418884277
                ],
                [
                    9.313225191043273e-10,
                    0.9968343377113342,
                    -0.0795062929391861,
                    -0.32050010561943054
                ],
                [
                    0.0,
                    0.0,
                    0.0,
                    1.0
                ]
            ]
        },
        {
            "file_path": "/data/shapenet_blender/all_50_random/02958343/8fe901ed95e115ed70a5d1d8432b5405/r_39",
            "rotation": 0.12566370614359174,
            "transform_matrix": [
                [
                    -0.25306540727615356,
                    -0.17235100269317627,
                    -0.9519731998443604,
                    -3.837526798248291
                ],
                [
                    -0.9674491882324219,
                    0.045083582401275635,
                    0.24901719391345978,
                    1.0038204193115234
                ],
                [
                    0.0,
                    0.9840033650398254,
                    -0.17814992368221283,
                    -0.7181453108787537
                ],
                [
                    0.0,
                    0.0,
                    0.0,
                    1.0
                ]
            ]
        },
        {
            "file_path": "/data/shapenet_blender/all_50_random/02958343/8fe901ed95e115ed70a5d1d8432b5405/r_40",
            "rotation": 0.12566370614359174,
            "transform_matrix": [
                [
                    0.9953393936157227,
                    -0.05075664818286896,
                    -0.08199618011713028,
                    -0.33053717017173767
                ],
                [
                    -0.09643450379371643,
                    -0.5238798260688782,
                    -0.8463156819343567,
                    -3.4116077423095703
                ],
                [
                    0.0,
                    0.8502784967422485,
                    -0.5263329148292542,
                    -2.121715784072876
                ],
                [
                    0.0,
                    0.0,
                    0.0,
                    1.0
                ]
            ]
        },
        {
            "file_path": "/data/shapenet_blender/all_50_random/02958343/8fe901ed95e115ed70a5d1d8432b5405/r_41",
            "rotation": 0.12566370614359174,
            "transform_matrix": [
                [
                    0.9936425685882568,
                    -0.0029920784290879965,
                    -0.11254103481769562,
                    -0.45366743206977844
                ],
                [
                    -0.1125807985663414,
