{
    "class": "02958343",
    "model": "e0978173fcfc5203510556e7c3123591",
    "remove_doubles": true,
    "edge_split": true,
    "denoise": true,
    "camera_angle_x": 0.6911112070083618,
    "scale_factor": 2.113659948404533,
    "hdri_file": "/data/IndoorHDRDataset2018/9C4A2347-df771e2f13.exr",
    "center_offset": [
        0.0,
        0.0,
        -9.313225746154785e-10
    ],
    "lights": [],
    "frames": [
        {
            "file_path": "/data/shapenet_blender/all_50_random/02958343/e0978173fcfc5203510556e7c3123591/r_0",
            "rotation": 0.12566370614359174,
            "transform_matrix": [
                [
                    0.014503921382129192,
                    0.030991138890385628,
                    0.9994143843650818,
                    4.028768062591553
                ],
                [
                    0.9998948574066162,
                    -0.000449540326371789,
                    -0.01449695136398077,
                    -0.05843907594680786
                ],
                [
                    2.9103830456733704e-11,
                    0.9995194673538208,
                    -0.03099440410733223,
                    -0.12494242936372757
                ],
                [
                    0.0,
                    0.0,
                    0.0,
                    1.0
                ]
            ]
        },
        {
            "file_path": "/data/shapenet_blender/all_50_random/02958343/e0978173fcfc5203510556e7c3123591/r_1",
            "rotation": 0.12566370614359174,
            "transform_matrix": [
                [
                    -0.18617594242095947,
                    -0.4712626338005066,
                    0.8621194958686829,
                    3.4753148555755615
                ],
                [
                    0.9825164675712585,
                    -0.0892990306019783,
                    0.1633620709180832,
                    0.6585335731506348
                ],
                [
                    -7.450580596923828e-09,
                    0.8774605989456177,
                    0.4796485900878906,
                    1.9335253238677979
                ],
                [
                    0.0,
                    0.0,
                    0.0,
                    1.0
                ]
            ]
        },
        {
            "file_path": "/data/shapenet_blender/all_50_random/02958343/e0978173fcfc5203510556e7c3123591/r_2",
            "rotation": 0.12566370614359174,
            "transform_matrix": [
                [
                    -0.9645892381668091,
                    0.0017839571228250861,
                    -0.2637503743171692,
                    -1.0632117986679077
                ],
                [
                    -0.2637563645839691,
                    -0.006524147931486368,
                    0.964567244052887,
                    3.8882949352264404
                ],
                [
                    1.164153010102531e-10,
                    0.9999772310256958,
                    0.00676365289837122,
                    0.02726515755057335
                ],
                [
                    0.0,
                    0.0,
                    0.0,
                    1.0
                ]
            ]
        },
        {
            "file_path": "/data/shapenet_blender/all_50_random/02958343/e0978173fcfc5203510556e7c3123591/r_3",
            "rotation": 0.12566370614359174,
            "transform_matrix": [
                [
                    -0.8804323077201843,
                    0.18426203727722168,
                    -0.43690553307533264,
                    -1.7612224817276
                ],
                [
                    -0.47417184710502625,
                    -0.34213384985923767,
                    0.8112369775772095,
                    3.2702009677886963
                ],
                [
                    0.0,
                    0.9214075803756714,
                    0.3885975480079651,
                    1.5664868354797363
                ],
                [
                    0.0,
                    0.0,
                    0.0,
                    1.0
                ]
            ]
        },
        {
            "file_path": "/data/shapenet_blender/all_50_random/02958343/e0978173fcfc5203510556e7c3123591/r_4",
            "rotation": 0.12566370614359174,
            "transform_matrix": [
                [
                    0.5565178394317627,
                    0.4329332411289215,
                    -0.7091237902641296,
                    -2.858569622039795
                ],
                [
                    -0.8308355808258057,
                    0.28999125957489014,
                    -0.4749917685985565,
                    -1.9147531986236572
                ],
                [
                    -1.4901160305669237e-08,
                    0.853506863117218,
                    0.5210816264152527,
                    2.1005475521087646
                ],
                [
                    0.0,
                    0.0,
                    0.0,
                    1.0
                ]
            ]
        },
        {
            "file_path": "/data/shapenet_blender/all_50_random/02958343/e0978173fcfc5203510556e7c3123591/r_5",
            "rotation": 0.12566370614359174,
            "transform_matrix": [
                [
                    0.5458861589431763,
                    0.4559115469455719,
                    -0.7029600739479065,
                    -2.8337225914001465
                ],
                [
                    -0.8378593325614929,
                    0.2970377206802368,
                    -0.4579960107803345,
                    -1.8462409973144531
                ],
                [
                    0.0,
                    0.8389953374862671,
                    0.5441385507583618,
                    2.1934926509857178
                ],
                [
                    0.0,
                    0.0,
                    0.0,
                    1.0
                ]
            ]
        },
        {
            "file_path": "/data/shapenet_blender/all_50_random/02958343/e0978173fcfc5203510556e7c3123591/r_6",
            "rotation": 0.12566370614359174,
            "transform_matrix": [
                [
                    -0.0655951127409935,
                    0.8496461510658264,
                    -0.5232574939727783,
                    -2.109318733215332
                ],
                [
                    -0.9978463053703308,
                    -0.05585293099284172,
                    0.03439721837639809,
                    0.13865964114665985
                ],
                [
                    -1.862645149230957e-09,
                    0.5243868827819824,
                    0.8514800071716309,
                    3.4324259757995605
                ],
                [
                    0.0,
                    0.0,
                    0.0,
                    1.0
                ]
            ]
        },
        {
            "file_path": "/data/shapenet_blender/all_50_random/02958343/e0978173fcfc5203510556e7c3123591/r_7",
            "rotation": 0.12566370614359174,
            "transform_matrix": [
                [
                    0.15589706599712372,
                    -0.004261988215148449,
                    0.9877640008926392,
                    3.981804370880127
                ],
                [
                    0.9877732992172241,
                    0.0006726557621732354,
                    -0.15589559078216553,
                    -0.6284353137016296
                ],
                [
                    5.820766091346741e-11,
                    0.9999906420707703,
                    0.004314742982387543,
                    0.017393287271261215
                ],
                [
                    0.0,
                    0.0,
                    0.0,
                    1.0
                ]
            ]
        },
        {
            "file_path": "/data/shapenet_blender/all_50_random/02958343/e0978173fcfc5203510556e7c3123591/r_8",
            "rotation": 0.12566370614359174,
            "transform_matrix": [
                [
                    0.9159955382347107,
                    0.0655527263879776,
                    0.3957967162132263,
                    1.5955077409744263
                ],
                [
                    0.40118855237960815,
                    -0.14967027306556702,
                    -0.9036849141120911,
                    -3.6428706645965576
                ],
                [
                    -7.450581485102248e-09,
                    0.9865604639053345,
                    -0.16339628398418427,
                    -0.6586715579032898
                ],
                [
                    0.0,
                    0.0,
                    0.0,
                    1.0
                ]
            ]
        },
        {
            "file_path": "/data/shapenet_blender/all_50_random/02958343/e0978173fcfc5203510556e7c3123591/r_9",
            "rotation": 0.12566370614359174,
            "transform_matrix": [
                [
                    -0.10833710432052612,
                    0.1038007140159607,
                    -0.9886801838874817,
                    -3.985496997833252
                ],
                [
                    -0.9941141605377197,
                    -0.011312049813568592,
                    0.10774492472410202,
                    0.4343336522579193
                ],
                [
                    0.0,
                    0.9945337772369385,
                    0.10441528260707855,
                    0.4209114611148834
                ],
                [
                    0.0,
                    0.0,
                    0.0,
                    1.0
                ]
            ]
        },
        {
            "file_path": "/data/shapenet_blender/all_50_random/02958343/e0978173fcfc5203510556e7c3123591/r_10",
            "rotation": 0.12566370614359174,
            "transform_matrix": [
                [
                    -0.974807858467102,
                    0.010445634834468365,
                    -0.22280150651931763,
                    -0.898141622543335
                ],
                [
                    -0.22304624319076538,
                    -0.04565191641449928,
                    0.9737383127212524,
                    3.925264596939087
                ],
                [
                    -9.313225746154785e-10,
                    0.9989027976989746,
                    0.046831704676151276,
                    0.1887846440076828
                ],
                [
                    0.0,
                    0.0,
                    0.0,
                    1.0
                ]
            ]
        },
        {
            "file_path": "/data/shapenet_blender/all_50_random/02958343/e0978173fcfc5203510556e7c3123591/r_11",
            "rotation": 0.12566370614359174,
            "transform_matrix": [
                [
                    -0.6966300010681152,
                    -0.12217222899198532,
                    0.7069515585899353,
                    2.8498129844665527
                ],
                [
                    0.7174305319786072,
                    -0.11863008141517639,
                    0.6864548325538635,
                    2.7671878337860107
                ],
                [
                    0.0,
                    0.9853936433792114,
                    0.17029137909412384,
                    0.6864665150642395
                ],
                [
                    0.0,
                    0.0,
                    0.0,
                    1.0
                ]
            ]
        },
        {
            "file_path": "/data/shapenet_blender/all_50_random/02958343/e0978173fcfc5203510556e7c3123591/r_12",
            "rotation": 0.12566370614359174,
            "transform_matrix": [
                [
                    -0.2595146894454956,
                    -0.08051612973213196,
                    0.9623768329620361,
                    3.879465341567993
                ],
                [
                    0.9657391905784607,
                    -0.021636398509144783,
                    0.25861114263534546,
                    1.0424950122833252
                ],
                [
                    0.0,
                    0.9965183734893799,
                    0.08337254077196121,
                    0.3360854983329773
                ],
                [
                    0.0,
                    0.0,
                    0.0,
                    1.0
                ]
            ]
        },
        {
            "file_path": "/data/shapenet_blender/all_50_random/02958343/e0978173fcfc5203510556e7c3123591/r_13",
            "rotation": 0.12566370614359174,
            "transform_matrix": [
                [
                    -0.8524618744850159,
                    -0.038375746458768845,
                    -0.5213790535926819,
                    -2.101746082305908
                ],
                [
                    -0.522789478302002,
                    0.06257559359073639,
                    0.8501620292663574,
                    3.427112579345703
                ],
                [
                    3.725290298461914e-09,
                    0.9973021149635315,
                    -0.07340573519468307,
                    -0.29590797424316406
                ],
                [
                    0.0,
                    0.0,
                    0.0,
                    1.0
                ]
            ]
        },
        {
            "file_path": "/data/shapenet_blender/all_50_random/02958343/e0978173fcfc5203510556e7c3123591/r_14",
            "rotation": 0.12566370614359174,
            "transform_matrix": [
                [
                    0.17034488916397095,
                    -0.07917183637619019,
                    -0.9821987748146057,
                    -3.9593698978424072
                ],
                [
                    -0.9853845238685608,
                    -0.013686553575098515,
                    -0.16979417204856873,
                    -0.6844621896743774
                ],
                [
                    9.313225746154785e-10,
                    0.9967670440673828,
                    -0.08034612983465195,
                    -0.32388561964035034
                ],
                [
                    0.0,
                    0.0,
                    0.0,
                    1.0
                ]
            ]
        },
        {
            "file_path": "/data/shapenet_blender/all_50_random/02958343/e0978173fcfc5203510556e7c3123591/r_15",
            "rotation": 0.12566370614359174,
            "transform_matrix": [
                [
                    -0.32253485918045044,
                    0.8964340686798096,
                    -0.3039363920688629,
                    -1.2252068519592285
                ],
                [
                    -0.9465577006340027,
                    -0.3054554760456085,
                    0.10356482863426208,
                    0.41748321056365967
                ],
                [
                    0.0,
                    0.3210964798927307,
                    0.9470463991165161,
                    3.8176662921905518
                ],
                [
                    0.0,
                    0.0,
                    0.0,
                    1.0
                ]
            ]
        },
        {
            "file_path": "/data/shapenet_blender/all_50_random/02958343/e0978173fcfc5203510556e7c3123591/r_16",
            "rotation": 0.12566370614359174,
            "transform_matrix": [
                [
                    0.9470632672309875,
                    0.16125962138175964,
                    -0.27760860323905945,
                    -1.1190762519836426
                ],
                [
                    -0.3210470676422119,
                    0.47570300102233887,
                    -0.81892329454422,
                    -3.3011856079101562
                ],
                [
                    -1.4901161193847656e-08,
                    0.8646976351737976,
                    0.5022926330566406,
                    2.024806499481201
                ],
                [
                    0.0,
                    0.0,
                    0.0,
                    1.0
                ]
            ]
        },
        {
            "file_path": "/data/shapenet_blender/all_50_random/02958343/e0978173fcfc5203510556e7c3123591/r_17",
            "rotation": 0.12566370614359174,
            "transform_matrix": [
                [
                    -0.9981356263160706,
                    -0.003269437002018094,
                    -0.06094794720411301,
                    -0.2456890344619751
                ],
                [
                    -0.061035577207803726,
                    0.05346621572971344,
                    0.9967025518417358,
                    4.017836570739746
                ],
                [
                    -2.3283064365386963e-10,
                    0.9985643625259399,
                    -0.05356607958674431,
                    -0.21593177318572998
                ],
                [
                    0.0,
                    0.0,
                    0.0,
                    1.0
                ]
            ]
        },
        {
            "file_path": "/data/shapenet_blender/all_50_random/02958343/e0978173fcfc5203510556e7c3123591/r_18",
            "rotation": 0.12566370614359174,
            "transform_matrix": [
                [
                    0.9725903272628784,
                    0.10041845589876175,
                    0.20972396433353424,
                    0.8454244136810303
                ],
                [
                    0.2325252890586853,
                    -0.42002320289611816,
                    -0.8772185444831848,
                    -3.5361812114715576
                ],
                [
                    0.0,
                    0.9019405245780945,
                    -0.4318602979183197,
                    -1.7408846616744995
                ],
                [
                    0.0,
                    0.0,
                    0.0,
                    1.0
                ]
            ]
        },
        {
            "file_path": "/data/shapenet_blender/all_50_random/02958343/e0978173fcfc5203510556e7c3123591/r_19",
            "rotation": 0.12566370614359174,
            "transform_matrix": [
                [
                    0.9443044662475586,
                    -0.17574650049209595,
                    0.2782127261161804,
                    1.1215113401412964
                ],
                [
                    0.3290731906890869,
                    0.5043200850486755,
                    -0.7983558773994446,
                    -3.218275547027588
                ],
                [
                    -1.4901162970204496e-08,
                    0.8454433083534241,
                    0.5340651273727417,
                    2.1528854370117188
                ],
                [
                    0.0,
                    0.0,
                    0.0,
                    1.0
                ]
            ]
        },
        {
            "file_path": "/data/shapenet_blender/all_50_random/02958343/e0978173fcfc5203510556e7c3123591/r_20",
            "rotation": 0.12566370614359174,
            "transform_matrix": [
                [
                    -0.6486259698867798,
                    -0.26464417576789856,
                    0.7136159539222717,
                    2.876678228378296
                ],
                [
                    0.7611074447631836,
                    -0.22553333640098572,
                    0.6081531047821045,
                    2.4515438079833984
                ],
                [
                    0.0,
                    0.9376024007797241,
                    0.3477093577384949,
                    1.4016613960266113
                ],
                [
                    0.0,
                    0.0,
                    0.0,
                    1.0
                ]
            ]
        },
        {
            "file_path": "/data/shapenet_blender/all_50_random/02958343/e0978173fcfc5203510556e7c3123591/r_21",
            "rotation": 0.12566370614359174,
            "transform_matrix": [
                [
                    -0.6830215454101562,
                    -0.5954268574714661,
                    -0.423022985458374,
                    -1.705260157585144
                ],
                [
                    -0.7303982377052307,
                    0.5568050146102905,
                    0.39558398723602295,
                    1.5946500301361084
                ],
                [
                    -1.4901161193847656e-08,
                    0.5791675448417664,
                    -0.8152084946632385,
                    -3.286210536956787
                ],
                [
                    0.0,
                    0.0,
                    0.0,
                    1.0
                ]
            ]
        },
        {
            "file_path": "/data/shapenet_blender/all_50_random/02958343/e0978173fcfc5203510556e7c3123591/r_22",
            "rotation": 0.12566370614359174,
            "transform_matrix": [
                [
                    -0.7871844172477722,
                    0.04944051802158356,
                    -0.6147327423095703,
                    -2.478066921234131
                ],
                [
                    -0.6167176961898804,
                    -0.06310635060071945,
                    0.7846508026123047,
                    3.1630284786224365
                ],
                [
                    0.0,
                    0.9967813491821289,
                    0.08016718178987503,
                    0.3231642544269562
                ],
                [
                    0.0,
                    0.0,
                    0.0,
                    1.0
                ]
            ]
        },
        {
            "file_path": "/data/shapenet_blender/all_50_random/02958343/e0978173fcfc5203510556e7c3123591/r_23",
            "rotation": 0.12566370614359174,
            "transform_matrix": [
                [
                    -0.9998054504394531,
                    0.002406224375590682,
                    0.01957695372402668,
                    0.07891722023487091
                ],
                [
                    0.019724275916814804,
                    0.1219693049788475,
                    0.9923378825187683,
                    4.000241756439209
                ],
                [
                    0.0,
                    0.9925308227539062,
                    -0.1219930499792099,
                    -0.4917696714401245
                ],
                [
                    0.0,
                    0.0,
                    0.0,
                    1.0
                ]
            ]
        },
        {
            "file_path": "/data/shapenet_blender/all_50_random/02958343/e0978173fcfc5203510556e7c3123591/r_24",
            "rotation": 0.12566370614359174,
            "transform_matrix": [
                [
                    0.09632296115159988,
                    -0.21366694569587708,
                    0.972146213054657,
                    3.918846845626831
                ],
                [
                    0.9953501224517822,
                    0.02067718096077442,
                    -0.0940774530172348,
                    -0.3792383372783661
                ],
                [
                    -1.862645149230957e-09,
                    0.9766876697540283,
                    0.21466511487960815,
                    0.8653427362442017
                ],
                [
                    0.0,
                    0.0,
                    0.0,
                    1.0
                ]
            ]
        },
        {
            "file_path": "/data/shapenet_blender/all_50_random/02958343/e0978173fcfc5203510556e7c3123591/r_25",
            "rotation": 0.12566370614359174,
            "transform_matrix": [
                [
                    0.7113538384437561,
                    0.23270103335380554,
                    0.6631937623023987,
                    2.67341947555542
                ],
                [
                    0.7028340697288513,
                    -0.2355218380689621,
                    -0.6712329983711243,
                    -2.705826759338379
                ],
                [
                    0.0,
                    0.9435992240905762,
                    -0.331089586019516,
                    -1.3346648216247559
                ],
                [
                    0.0,
                    0.0,
                    0.0,
                    1.0
                ]
            ]
        },
        {
            "file_path": "/data/shapenet_blender/all_50_random/02958343/e0978173fcfc5203510556e7c3123591/r_26",
            "rotation": 0.12566370614359174,
            "transform_matrix": [
                [
                    0.9719746112823486,
                    0.09331073611974716,
                    0.21577447652816772,
                    0.8698146343231201
                ],
                [
                    0.23508618772029877,
                    -0.38579750061035156,
                    -0.8921294212341309,
                    -3.5962882041931152
                ],
                [
                    0.0,
                    0.9178525805473328,
                    -0.39692145586013794,
                    -1.600041389465332
                ],
                [
                    0.0,
                    0.0,
                    0.0,
                    1.0
                ]
            ]
        },
        {
            "file_path": "/data/shapenet_blender/all_50_random/02958343/e0978173fcfc5203510556e7c3123591/r_27",
            "rotation": 0.12566370614359174,
            "transform_matrix": [
                [
                    0.9790910482406616,
                    -0.1874210238456726,
                    0.07908377051353455,
                    0.31879690289497375
                ],
                [
                    0.20342294871807098,
                    0.9020724892616272,
                    -0.3806365728378296,
                    -1.5343952178955078
                ],
                [
                    7.450581485102248e-09,
                    0.3887653350830078,
                    0.9213367104530334,
                    3.7140274047851562
                ],
                [
                    0.0,
                    0.0,
                    0.0,
                    1.0
                ]
            ]
        },
        {
            "file_path": "/data/shapenet_blender/all_50_random/02958343/e0978173fcfc5203510556e7c3123591/r_28",
            "rotation": 0.12566370614359174,
            "transform_matrix": [
                [
                    0.6667870283126831,
                    -0.459142804145813,
                    0.5870118141174316,
                    2.3663203716278076
                ],
                [
                    0.7452483177185059,
                    0.41080331802368164,
                    -0.5252100229263306,
                    -2.117189407348633
                ],
                [
                    0.0,
                    0.787672758102417,
                    0.6160937547683716,
                    2.483553409576416
                ],
                [
                    0.0,
                    0.0,
                    0.0,
                    1.0
                ]
            ]
        },
        {
            "file_path": "/data/shapenet_blender/all_50_random/02958343/e0978173fcfc5203510556e7c3123591/r_29",
            "rotation": 0.12566370614359174,
            "transform_matrix": [
                [
                    0.9992588758468628,
                    0.02063906006515026,
                    -0.032493770122528076,
                    -0.13098657131195068
                ],
                [
                    -0.03849436342716217,
                    0.5357606410980225,
                    -0.8434919714927673,
                    -3.4002249240875244
                ],
                [
                    1.862645371275562e-09,
                    0.8441175818443298,
                    0.53615802526474,
                    2.1613221168518066
                ],
                [
                    0.0,
                    0.0,
                    0.0,
                    1.0
                ]
            ]
        },
        {
            "file_path": "/data/shapenet_blender/all_50_random/02958343/e0978173fcfc5203510556e7c3123591/r_30",
            "rotation": 0.12566370614359174,
            "transform_matrix": [
                [
                    0.92215895652771,
                    -0.3630262315273285,
                    -0.1335475891828537,
                    -0.538347601890564
                ],
                [
                    -0.38681137561798096,
                    -0.865455150604248,
                    -0.31837770342826843,
                    -1.2834216356277466
                ],
                [
                    7.450581485102248e-09,
                    0.34525254368782043,
                    -0.9385097026824951,
                    -3.7832539081573486
                ],
                [
                    0.0,
                    0.0,
                    0.0,
                    1.0
                ]
            ]
        },
        {
            "file_path": "/data/shapenet_blender/all_50_random/02958343/e0978173fcfc5203510556e7c3123591/r_31",
            "rotation": 0.12566370614359174,
            "transform_matrix": [
                [
                    -0.5623700022697449,
                    0.7530851364135742,
                    0.3414713740348816,
                    1.3765151500701904
                ],
                [
                    0.8268857598304749,
                    0.5121777653694153,
                    0.23223675787448883,
                    0.9361763000488281
                ],
                [
                    0.0,
                    0.4129606783390045,
                    -0.9107488393783569,
                    -3.6713459491729736
                ],
                [
                    0.0,
                    0.0,
                    0.0,
                    1.0
                ]
            ]
        },
        {
            "file_path": "/data/shapenet_blender/all_50_random/02958343/e0978173fcfc5203510556e7c3123591/r_32",
            "rotation": 0.12566370614359174,
            "transform_matrix": [
                [
                    -0.1360083967447281,
                    0.017467522993683815,
                    -0.9905537366867065,
                    -3.993049383163452
                ],
                [
                    -0.9907076954841614,
                    -0.002398013137280941,
                    0.1359872817993164,
                    0.5481821894645691
                ],
                [
                    2.3283062977608182e-10,
                    0.9998445510864258,
                    0.01763135939836502,
                    0.07107427716255188
                ],
                [
                    0.0,
                    0.0,
                    0.0,
                    1.0
                ]
            ]
        },
        {
            "file_path": "/data/shapenet_blender/all_50_random/02958343/e0978173fcfc5203510556e7c3123591/r_33",
            "rotation": 0.12566370614359174,
            "transform_matrix": [
                [
                    0.9224907755851746,
                    0.07015339285135269,
                    -0.37959110736846924,
                    -1.5301806926727295
                ],
                [
                    -0.38601934909820557,
                    0.1676492542028427,
                    -0.9071288704872131,
                    -3.6567535400390625
                ],
                [
                    0.0,
                    0.9833474159240723,
                    0.18173544108867645,
                    0.7325990200042725
                ],
                [
                    0.0,
                    0.0,
                    0.0,
                    1.0
                ]
            ]
        },
        {
            "file_path": "/data/shapenet_blender/all_50_random/02958343/e0978173fcfc5203510556e7c3123591/r_34",
            "rotation": 0.12566370614359174,
            "transform_matrix": [
                [
                    -0.0010898086475208402,
                    -0.8296750783920288,
                    0.5582454800605774,
                    2.2503597736358643
                ],
                [
                    0.9999994039535522,
                    -0.0009041875600814819,
                    0.0006083811167627573,
                    0.002452462911605835
                ],
                [
                    0.0,
                    0.558245837688446,
                    0.8296754360198975,
                    3.344528913497925
                ],
                [
                    0.0,
                    0.0,
                    0.0,
                    1.0
                ]
            ]
        },
        {
            "file_path": "/data/shapenet_blender/all_50_random/02958343/e0978173fcfc5203510556e7c3123591/r_35",
            "rotation": 0.12566370614359174,
            "transform_matrix": [
                [
                    -0.6964614987373352,
                    -0.2748880386352539,
                    0.6628559231758118,
                    2.672057628631592
                ],
                [
                    0.7175942063331604,
                    -0.2667927145957947,
                    0.643335223197937,
                    2.593367338180542
                ],
                [
                    -2.980232594040899e-08,
                    0.9237197637557983,
                    0.38306885957717896,
                    1.5441999435424805
                ],
                [
                    0.0,
                    0.0,
                    0.0,
                    1.0
                ]
            ]
        },
        {
            "file_path": "/data/shapenet_blender/all_50_random/02958343/e0978173fcfc5203510556e7c3123591/r_36",
            "rotation": 0.12566370614359174,
            "transform_matrix": [
                [
                    -0.5839837789535522,
                    0.06340739876031876,
                    -0.8092851638793945,
                    -3.2623329162597656
                ],
                [
                    -0.8117654323577881,
                    -0.045615263283252716,
                    0.5821995139122009,
                    2.34692120552063
                ],
                [
                    0.0,
                    0.9969446659088135,
                    0.07811050117015839,
                    0.31487351655960083
                ],
                [
                    0.0,
                    0.0,
                    0.0,
                    1.0
                ]
            ]
        },
        {
            "file_path": "/data/shapenet_blender/all_50_random/02958343/e0978173fcfc5203510556e7c3123591/r_37",
            "rotation": 0.12566370614359174,
            "transform_matrix": [
                [
                    -0.33549103140830994,
                    -0.039116520434617996,
                    0.9412309527397156,
                    3.7942230701446533
                ],
                [
                    0.9420434236526489,
                    -0.013930611312389374,
                    0.3352016806602478,
                    1.351241111755371
                ],
                [
                    -9.313225746154785e-10,
                    0.9991375207901001,
                    0.041523050516843796,
                    0.16738475859165192
                ],
                [
                    0.0,
                    0.0,
                    0.0,
                    1.0
                ]
            ]
        },
        {
            "file_path": "/data/shapenet_blender/all_50_random/02958343/e0978173fcfc5203510556e7c3123591/r_38",
            "rotation": 0.12566370614359174,
            "transform_matrix": [
                [
                    -0.009174666367471218,
                    -0.0011212341487407684,
                    0.999957263469696,
                    4.030956745147705
                ],
                [
                    0.9999579787254333,
                    -1.0287381883244962e-05,
                    0.009174659848213196,
                    0.03698423504829407
                ],
                [
                    9.094947017729282e-13,
                    0.999999463558197,
                    0.0011212811805307865,
                    0.004520028829574585
                ],
                [
                    0.0,
                    0.0,
                    0.0,
                    1.0
                ]
            ]
        },
        {
            "file_path": "/data/shapenet_blender/all_50_random/02958343/e0978173fcfc5203510556e7c3123591/r_39",
            "rotation": 0.12566370614359174,
            "transform_matrix": [
                [
                    -0.49104687571525574,
                    0.1627553403377533,
                    0.8557941913604736,
                    3.4498167037963867
                ],
                [
                    0.8711332082748413,
                    0.09174314886331558,
                    0.48240047693252563,
                    1.9446184635162354
                ],
                [
                    0.0,
                    0.9823918342590332,
                    -0.1868317723274231,
                    -0.7531429529190063
                ],
                [
                    0.0,
                    0.0,
                    0.0,
                    1.0
                ]
            ]
        },
        {
            "file_path": "/data/shapenet_blender/all_50_random/02958343/e0978173fcfc5203510556e7c3123591/r_40",
            "rotation": 0.12566370614359174,
            "transform_matrix": [
                [
                    0.9990429282188416,
                    0.02433711662888527,
                    -0.03634391725063324,
                    -0.14650702476501465
                ],
                [
                    -0.043739862740039825,
                    0.5558733344078064,
                    -0.8301153182983398,
                    -3.3463022708892822
                ],
                [
                    0.0,
                    0.8309106826782227,
                    0.556405782699585,
                    2.24294376373291
                ],
                [
                    0.0,
                    0.0,
                    0.0,
                    1.0
                ]
            ]
        },
        {
            "file_path": "/data/shapenet_blender/all_50_random/02958343/e0978173fcfc5203510556e7c3123591/r_41",
            "rotation": 0.12566370614359174,
            "transform_matrix": [
                [
                    0.7768311500549316,
                    0.5495154857635498,
                    0.30751579999923706,
                    1.239635944366455
                ],
                [
                    0.6297088265419006,
                    -0.6779018044471741,
                    -0.37936243414878845,
