{
    "class": "02958343",
    "model": "f1f78226ed08465f801b0db1d49ea10c",
    "remove_doubles": true,
    "edge_split": true,
    "denoise": true,
    "camera_angle_x": 0.6911112070083618,
    "scale_factor": 2.2446108693316678,
    "hdri_file": "/data/IndoorHDRDataset2018/AG8A8729-b290f2be95.exr",
    "center_offset": [
        0.0,
        0.0,
        -1.862645149230957e-09
    ],
    "lights": [],
    "frames": [
        {
            "file_path": "/data/shapenet_blender/all_50_random/02958343/f1f78226ed08465f801b0db1d49ea10c/r_0",
            "rotation": 0.12566370614359174,
            "transform_matrix": [
                [
                    -0.18672774732112885,
                    -0.08821389824151993,
                    0.9784431457519531,
                    3.944230556488037
                ],
                [
                    0.9824117422103882,
                    -0.016766883432865143,
                    0.18597343564033508,
                    0.7496829032897949
                ],
                [
                    1.862645371275562e-09,
                    0.9959604144096375,
                    0.08979320526123047,
                    0.3619679808616638
                ],
                [
                    0.0,
                    0.0,
                    0.0,
                    1.0
                ]
            ]
        },
        {
            "file_path": "/data/shapenet_blender/all_50_random/02958343/f1f78226ed08465f801b0db1d49ea10c/r_1",
            "rotation": 0.12566370614359174,
            "transform_matrix": [
                [
                    0.3176228106021881,
                    0.058747392147779465,
                    0.9463955163955688,
                    3.81504225730896
                ],
                [
                    0.9482171535491943,
                    -0.019678521901369095,
                    -0.31701263785362244,
                    -1.277918815612793
                ],
                [
                    0.0,
                    0.9980788230895996,
                    -0.061955634504556656,
                    -0.24975115060806274
                ],
                [
                    0.0,
                    0.0,
                    0.0,
                    1.0
                ]
            ]
        },
        {
            "file_path": "/data/shapenet_blender/all_50_random/02958343/f1f78226ed08465f801b0db1d49ea10c/r_2",
            "rotation": 0.12566370614359174,
            "transform_matrix": [
                [
                    -0.9866698980331421,
                    0.0204770527780056,
                    0.16144120693206787,
                    0.6507903337478638
                ],
                [
                    0.16273468732833862,
                    0.12415357679128647,
                    0.9788274765014648,
                    3.945779800415039
                ],
                [
                    -1.862645371275562e-09,
                    0.9920516014099121,
                    -0.12583091855049133,
                    -0.5072406530380249
                ],
                [
                    0.0,
                    0.0,
                    0.0,
                    1.0
                ]
            ]
        },
        {
            "file_path": "/data/shapenet_blender/all_50_random/02958343/f1f78226ed08465f801b0db1d49ea10c/r_3",
            "rotation": 0.12566370614359174,
            "transform_matrix": [
                [
                    0.969745397567749,
                    -0.004419307690113783,
                    -0.2440786361694336,
                    -0.983912467956543
                ],
                [
                    -0.24411864578723907,
                    -0.017555411905050278,
                    -0.9695864319801331,
                    -3.9085278511047363
                ],
                [
                    -4.656612873077393e-10,
                    0.9998361468315125,
                    -0.018103113397955894,
                    -0.07297598570585251
                ],
                [
                    0.0,
                    0.0,
                    0.0,
                    1.0
                ]
            ]
        },
        {
            "file_path": "/data/shapenet_blender/all_50_random/02958343/f1f78226ed08465f801b0db1d49ea10c/r_4",
            "rotation": 0.12566370614359174,
            "transform_matrix": [
                [
                    0.6999952793121338,
                    0.11928249150514603,
                    0.7041153311729431,
                    2.8383796215057373
                ],
                [
                    0.7141475677490234,
                    -0.1169186607003212,
                    -0.6901618242263794,
                    -2.7821311950683594
                ],
                [
                    0.0,
                    0.9859521389007568,
                    -0.1670278012752533,
                    -0.6733105778694153
                ],
                [
                    0.0,
                    0.0,
                    0.0,
                    1.0
                ]
            ]
        },
        {
            "file_path": "/data/shapenet_blender/all_50_random/02958343/f1f78226ed08465f801b0db1d49ea10c/r_5",
            "rotation": 0.12566370614359174,
            "transform_matrix": [
                [
                    -0.8958628177642822,
                    0.34957975149154663,
                    -0.27426987886428833,
                    -1.1056172847747803
                ],
                [
                    -0.44433099031448364,
                    -0.7048248052597046,
                    0.5529845952987671,
                    2.229152202606201
                ],
                [
                    0.0,
                    0.6172649264335632,
                    0.786755383014679,
                    3.1715123653411865
                ],
                [
                    0.0,
                    0.0,
                    0.0,
                    1.0
                ]
            ]
        },
        {
            "file_path": "/data/shapenet_blender/all_50_random/02958343/f1f78226ed08465f801b0db1d49ea10c/r_6",
            "rotation": 0.12566370614359174,
            "transform_matrix": [
                [
                    0.9888610243797302,
                    -0.0735015794634819,
                    0.12942767143249512,
                    0.521739661693573
                ],
                [
                    0.1488422155380249,
                    0.4883214831352234,
                    -0.859876811504364,
                    -3.4662742614746094
                ],
                [
                    -7.450580596923828e-09,
                    0.8695628643035889,
                    0.4938221871852875,
                    1.9906609058380127
                ],
                [
                    0.0,
                    0.0,
                    0.0,
                    1.0
                ]
            ]
        },
        {
            "file_path": "/data/shapenet_blender/all_50_random/02958343/f1f78226ed08465f801b0db1d49ea10c/r_7",
            "rotation": 0.12566370614359174,
            "transform_matrix": [
                [
                    0.684019923210144,
                    0.4241012632846832,
                    0.593510627746582,
                    2.3925178050994873
                ],
                [
                    0.7294633984565735,
                    -0.39768099784851074,
                    -0.5565366148948669,
                    -2.2434709072113037
                ],
                [
                    1.4901162970204496e-08,
                    0.8136262893676758,
                    -0.5813881158828735,
                    -2.3436503410339355
                ],
                [
                    0.0,
                    0.0,
                    0.0,
                    1.0
                ]
            ]
        },
        {
            "file_path": "/data/shapenet_blender/all_50_random/02958343/f1f78226ed08465f801b0db1d49ea10c/r_8",
            "rotation": 0.12566370614359174,
            "transform_matrix": [
                [
                    0.8658914566040039,
                    -0.07853654026985168,
                    -0.49402832984924316,
                    -1.9914919137954712
                ],
                [
                    -0.500231921672821,
                    -0.1359451860189438,
                    -0.8551532030105591,
                    -3.447232723236084
                ],
                [
                    0.0,
                    0.9875985383987427,
                    -0.15700025856494904,
                    -0.6328882575035095
                ],
                [
                    0.0,
                    0.0,
                    0.0,
                    1.0
                ]
            ]
        },
        {
            "file_path": "/data/shapenet_blender/all_50_random/02958343/f1f78226ed08465f801b0db1d49ea10c/r_9",
            "rotation": 0.12566370614359174,
            "transform_matrix": [
                [
                    0.9816272258758545,
                    -0.012624157592654228,
                    0.19039101898670197,
                    0.7674907445907593
                ],
                [
                    0.19080911576747894,
                    0.06494562327861786,
                    -0.9794763326644897,
                    -3.9483954906463623
                ],
                [
                    0.0,
                    0.9978089332580566,
                    0.06616118550300598,
                    0.266704261302948
                ],
                [
                    0.0,
                    0.0,
                    0.0,
                    1.0
                ]
            ]
        },
        {
            "file_path": "/data/shapenet_blender/all_50_random/02958343/f1f78226ed08465f801b0db1d49ea10c/r_10",
            "rotation": 0.12566370614359174,
            "transform_matrix": [
                [
                    0.9031848907470703,
                    -0.0421932116150856,
                    -0.42717310786247253,
                    -1.7219899892807007
                ],
                [
                    -0.42925193905830383,
                    -0.08877833932638168,
                    -0.8988109230995178,
                    -3.623223066329956
                ],
                [
                    0.0,
                    0.9951573610305786,
                    -0.09829474985599518,
                    -0.3962388336658478
                ],
                [
                    0.0,
                    0.0,
                    0.0,
                    1.0
                ]
            ]
        },
        {
            "file_path": "/data/shapenet_blender/all_50_random/02958343/f1f78226ed08465f801b0db1d49ea10c/r_11",
            "rotation": 0.12566370614359174,
            "transform_matrix": [
                [
                    -0.4862052798271179,
                    -0.11759958416223526,
                    -0.8658953905105591,
                    -3.4905359745025635
                ],
                [
                    -0.8738447427749634,
                    0.06543214619159698,
                    0.48178228735923767,
                    1.9421265125274658
                ],
                [
                    -3.725290742551124e-09,
                    0.9909030795097351,
                    -0.134577214717865,
                    -0.5424981117248535
                ],
                [
                    0.0,
                    0.0,
                    0.0,
                    1.0
                ]
            ]
        },
        {
            "file_path": "/data/shapenet_blender/all_50_random/02958343/f1f78226ed08465f801b0db1d49ea10c/r_12",
            "rotation": 0.12566370614359174,
            "transform_matrix": [
                [
                    0.9546857476234436,
                    0.128045454621315,
                    -0.26866236329078674,
                    -1.083012580871582
                ],
                [
                    -0.2976157069206238,
                    0.4107416868209839,
                    -0.8618097901344299,
                    -3.4740664958953857
                ],
                [
                    7.450580596923828e-09,
                    0.9027157425880432,
                    0.4302375614643097,
                    1.7343430519104004
                ],
                [
                    0.0,
                    0.0,
                    0.0,
                    1.0
                ]
            ]
        },
        {
            "file_path": "/data/shapenet_blender/all_50_random/02958343/f1f78226ed08465f801b0db1d49ea10c/r_13",
            "rotation": 0.12566370614359174,
            "transform_matrix": [
                [
                    -0.7748023867607117,
                    -0.06816241890192032,
                    0.6285182237625122,
                    2.5336382389068604
                ],
                [
                    0.6322035789489746,
                    -0.0835370123386383,
                    0.7702857255935669,
                    3.105121374130249
                ],
                [
                    -3.725290298461914e-09,
                    0.9941707849502563,
                    0.10781717300415039,
                    0.43462496995925903
                ],
                [
                    0.0,
                    0.0,
                    0.0,
                    1.0
                ]
            ]
        },
        {
            "file_path": "/data/shapenet_blender/all_50_random/02958343/f1f78226ed08465f801b0db1d49ea10c/r_14",
            "rotation": 0.12566370614359174,
            "transform_matrix": [
                [
                    -0.45077189803123474,
                    0.36757567524909973,
                    -0.8134450316429138,
                    -3.279101848602295
                ],
                [
                    -0.8926392793655396,
                    -0.1856212168931961,
                    0.41077980399131775,
                    1.655906319618225
                ],
                [
                    0.0,
                    0.9112808704376221,
                    0.4117852449417114,
                    1.6599594354629517
                ],
                [
                    0.0,
                    0.0,
                    0.0,
                    1.0
                ]
            ]
        },
        {
            "file_path": "/data/shapenet_blender/all_50_random/02958343/f1f78226ed08465f801b0db1d49ea10c/r_15",
            "rotation": 0.12566370614359174,
            "transform_matrix": [
                [
                    -0.27795761823654175,
                    0.39104336500167847,
                    0.8773963451385498,
                    3.536898374557495
                ],
                [
                    0.9605932831764221,
                    0.11315245926380157,
                    0.2538837492465973,
                    1.0234382152557373
                ],
                [
                    0.0,
                    0.9133901000022888,
                    -0.40708521008491516,
                    -1.641013264656067
                ],
                [
                    0.0,
                    0.0,
                    0.0,
                    1.0
                ]
            ]
        },
        {
            "file_path": "/data/shapenet_blender/all_50_random/02958343/f1f78226ed08465f801b0db1d49ea10c/r_16",
            "rotation": 0.12566370614359174,
            "transform_matrix": [
                [
                    -0.1732974648475647,
                    0.17464961111545563,
                    0.9692602753639221,
                    3.907212972640991
                ],
                [
                    0.9848694801330566,
                    0.030731314793229103,
                    0.1705508679151535,
                    0.6875125169754028
                ],
                [
                    0.0,
                    0.9841510057449341,
                    -0.17733271420001984,
                    -0.7148510217666626
                ],
                [
                    0.0,
                    0.0,
                    0.0,
                    1.0
                ]
            ]
        },
        {
            "file_path": "/data/shapenet_blender/all_50_random/02958343/f1f78226ed08465f801b0db1d49ea10c/r_17",
            "rotation": 0.12566370614359174,
            "transform_matrix": [
                [
                    0.9974868893623352,
                    0.03233158215880394,
                    0.06304548680782318,
                    0.25414448976516724
                ],
                [
                    0.07085242122411728,
                    -0.45517611503601074,
                    -0.8875779509544373,
                    -3.5779411792755127
                ],
                [
                    -1.862645149230957e-09,
                    0.8898141980171204,
                    -0.45632296800613403,
                    -1.8394967317581177
                ],
                [
                    0.0,
                    0.0,
                    0.0,
                    1.0
                ]
            ]
        },
        {
            "file_path": "/data/shapenet_blender/all_50_random/02958343/f1f78226ed08465f801b0db1d49ea10c/r_18",
            "rotation": 0.12566370614359174,
            "transform_matrix": [
                [
                    0.25698813796043396,
                    0.8667997121810913,
                    -0.4273349940776825,
                    -1.722642421722412
                ],
                [
                    -0.9664145112037659,
                    0.23049865663051605,
                    -0.1136365607380867,
                    -0.4580836296081543
                ],
                [
                    0.0,
                    0.4421859085559845,
                    0.8969233632087708,
                    3.6156136989593506
                ],
                [
                    0.0,
                    0.0,
                    0.0,
                    1.0
                ]
            ]
        },
        {
            "file_path": "/data/shapenet_blender/all_50_random/02958343/f1f78226ed08465f801b0db1d49ea10c/r_19",
            "rotation": 0.12566370614359174,
            "transform_matrix": [
                [
                    -0.6937060952186584,
                    0.3384939730167389,
                    0.6357622146606445,
                    2.5628397464752197
                ],
                [
                    0.7202582359313965,
                    0.32601550221443176,
                    0.6123250126838684,
                    2.4683613777160645
                ],
                [
                    -1.4901162970204496e-08,
                    0.8826866745948792,
                    -0.469961941242218,
                    -1.8944772481918335
                ],
                [
                    0.0,
                    0.0,
                    0.0,
                    1.0
                ]
            ]
        },
        {
            "file_path": "/data/shapenet_blender/all_50_random/02958343/f1f78226ed08465f801b0db1d49ea10c/r_20",
            "rotation": 0.12566370614359174,
            "transform_matrix": [
                [
                    -0.7678030729293823,
                    -0.022959977388381958,
                    0.6402744650840759,
                    2.581028938293457
                ],
                [
                    0.6406859755516052,
                    -0.027515413239598274,
                    0.767309844493866,
                    3.0931248664855957
                ],
                [
                    0.0,
                    0.9993575215339661,
                    0.035836558789014816,
                    0.14446179568767548
                ],
                [
                    0.0,
                    0.0,
                    0.0,
                    1.0
                ]
            ]
        },
        {
            "file_path": "/data/shapenet_blender/all_50_random/02958343/f1f78226ed08465f801b0db1d49ea10c/r_21",
            "rotation": 0.12566370614359174,
            "transform_matrix": [
                [
                    -0.529857337474823,
                    -0.07726848870515823,
                    -0.8445594906806946,
                    -3.4045283794403076
                ],
                [
                    -0.8480868935585022,
                    0.04827486351132393,
                    0.5276535153388977,
                    2.127039670944214
                ],
                [
                    0.0,
                    0.995840847492218,
                    -0.09110917150974274,
                    -0.36727285385131836
                ],
                [
                    0.0,
                    0.0,
                    0.0,
                    1.0
                ]
            ]
        },
        {
            "file_path": "/data/shapenet_blender/all_50_random/02958343/f1f78226ed08465f801b0db1d49ea10c/r_22",
            "rotation": 0.12566370614359174,
            "transform_matrix": [
                [
                    0.9569476842880249,
                    -0.2013455033302307,
                    0.2090720236301422,
                    0.8427963256835938
                ],
                [
                    0.2902604341506958,
                    0.6638076305389404,
                    -0.6892808675765991,
                    -2.7785801887512207
                ],
                [
                    -1.4901161193847656e-08,
                    0.7202910780906677,
                    0.6936718225479126,
                    2.796280860900879
                ],
                [
                    0.0,
                    0.0,
                    0.0,
                    1.0
                ]
            ]
        },
        {
            "file_path": "/data/shapenet_blender/all_50_random/02958343/f1f78226ed08465f801b0db1d49ea10c/r_23",
            "rotation": 0.12566370614359174,
            "transform_matrix": [
                [
                    -0.2077936828136444,
                    0.45534729957580566,
                    0.8657254576683044,
                    3.4898507595062256
                ],
                [
                    0.9781727194786072,
                    0.09672963619232178,
                    0.1839064508676529,
                    0.7413505911827087
                ],
                [
                    0.0,
                    0.8850436210632324,
                    -0.4655081331729889,
                    -1.8765232563018799
                ],
                [
                    0.0,
                    0.0,
                    0.0,
                    1.0
                ]
            ]
        },
        {
            "file_path": "/data/shapenet_blender/all_50_random/02958343/f1f78226ed08465f801b0db1d49ea10c/r_24",
            "rotation": 0.12566370614359174,
            "transform_matrix": [
                [
                    -0.010694111697375774,
                    -0.18369749188423157,
                    0.9829246401786804,
                    3.9622957706451416
                ],
                [
                    0.9999428391456604,
                    -0.0019645937718451023,
                    0.010512106120586395,
                    0.042375653982162476
                ],
                [
                    1.1641530794914701e-10,
                    0.9829809069633484,
                    0.18370798230171204,
                    0.7405505180358887
                ],
                [
                    0.0,
                    0.0,
                    0.0,
                    1.0
                ]
            ]
        },
        {
            "file_path": "/data/shapenet_blender/all_50_random/02958343/f1f78226ed08465f801b0db1d49ea10c/r_25",
            "rotation": 0.12566370614359174,
            "transform_matrix": [
                [
                    0.21236151456832886,
                    -0.22651489078998566,
                    -0.9505753517150879,
                    -3.8318920135498047
                ],
                [
                    -0.9771912693977356,
                    -0.0492258220911026,
                    -0.2065773755311966,
                    -0.832740068435669
                ],
                [
                    -3.725290742551124e-09,
                    0.9727628827095032,
                    -0.23180203139781952,
                    -0.9344239234924316
                ],
                [
                    0.0,
                    0.0,
                    0.0,
                    1.0
                ]
            ]
        },
        {
            "file_path": "/data/shapenet_blender/all_50_random/02958343/f1f78226ed08465f801b0db1d49ea10c/r_26",
            "rotation": 0.12566370614359174,
            "transform_matrix": [
                [
                    0.7536575198173523,
                    -0.15083996951580048,
                    0.6397246718406677,
                    2.578812599182129
                ],
                [
                    0.6572673320770264,
                    0.17296108603477478,
                    -0.7335421442985535,
                    -2.957002878189087
                ],
                [
                    0.0,
                    0.9733096361160278,
                    0.22949562966823578,
                    0.9251264929771423
                ],
                [
                    0.0,
                    0.0,
                    0.0,
                    1.0
                ]
            ]
        },
        {
            "file_path": "/data/shapenet_blender/all_50_random/02958343/f1f78226ed08465f801b0db1d49ea10c/r_27",
            "rotation": 0.12566370614359174,
            "transform_matrix": [
                [
                    0.9359576106071472,
                    -0.14649806916713715,
                    -0.32018980383872986,
                    -1.2907265424728394
                ],
                [
                    -0.3521125018596649,
                    -0.3894096314907074,
                    -0.8511032462120056,
                    -3.4309072494506836
                ],
                [
                    -7.450580152834618e-09,
                    0.9093395471572876,
                    -0.41605469584465027,
                    -1.6771702766418457
                ],
                [
                    0.0,
                    0.0,
                    0.0,
                    1.0
                ]
            ]
        },
        {
            "file_path": "/data/shapenet_blender/all_50_random/02958343/f1f78226ed08465f801b0db1d49ea10c/r_28",
            "rotation": 0.12566370614359174,
            "transform_matrix": [
                [
                    0.3772239685058594,
                    0.7396933436393738,
                    -0.5572754144668579,
                    -2.2464489936828613
                ],
                [
                    -0.9261220693588257,
                    0.3012886643409729,
                    -0.22698697447776794,
                    -0.9150137901306152
                ],
                [
                    1.4901161193847656e-08,
                    0.6017299890518188,
                    0.7986995577812195,
                    3.219660997390747
                ],
                [
                    0.0,
                    0.0,
                    0.0,
                    1.0
                ]
            ]
        },
        {
            "file_path": "/data/shapenet_blender/all_50_random/02958343/f1f78226ed08465f801b0db1d49ea10c/r_29",
            "rotation": 0.12566370614359174,
            "transform_matrix": [
                [
                    -0.3548325300216675,
                    0.06882331520318985,
                    -0.9323932528495789,
                    -3.7585973739624023
                ],
                [
                    -0.9349297881126404,
                    -0.026120413094758987,
                    0.35386985540390015,
                    1.4264949560165405
                ],
                [
                    0.0,
                    0.9972867965698242,
                    0.07361334562301636,
                    0.2967448830604553
                ],
                [
                    0.0,
                    0.0,
                    0.0,
                    1.0
                ]
            ]
        },
        {
            "file_path": "/data/shapenet_blender/all_50_random/02958343/f1f78226ed08465f801b0db1d49ea10c/r_30",
            "rotation": 0.12566370614359174,
            "transform_matrix": [
                [
                    -0.028418470174074173,
                    0.48872607946395874,
                    0.8719742894172668,
                    3.515040874481201
                ],
                [
                    0.9995961785316467,
                    0.013894457370042801,
                    0.024790184572339058,
                    0.09993243217468262
                ],
                [
                    0.0,
                    0.872326672077179,
                    -0.4889235198497772,
                    -1.9709137678146362
                ],
                [
                    0.0,
                    0.0,
                    0.0,
                    1.0
                ]
            ]
        },
        {
            "file_path": "/data/shapenet_blender/all_50_random/02958343/f1f78226ed08465f801b0db1d49ea10c/r_31",
            "rotation": 0.12566370614359174,
            "transform_matrix": [
                [
                    0.9776880145072937,
                    0.003383977571502328,
                    -0.21003496646881104,
                    -0.8466780185699463
                ],
                [
                    -0.21006222069263458,
                    0.015749970450997353,
                    -0.9775611162185669,
                    -3.9406750202178955
                ],
                [
                    -2.3283064365386963e-10,
                    0.9998701810836792,
                    0.0161094032227993,
                    0.06493908166885376
                ],
                [
                    0.0,
                    0.0,
                    0.0,
                    1.0
                ]
            ]
        },
        {
            "file_path": "/data/shapenet_blender/all_50_random/02958343/f1f78226ed08465f801b0db1d49ea10c/r_32",
            "rotation": 0.12566370614359174,
            "transform_matrix": [
                [
                    0.9822189211845398,
                    -0.025690361857414246,
                    -0.18597368896007538,
                    -0.7496839761734009
                ],
                [
                    -0.1877397894859314,
                    -0.13440710306167603,
                    -0.9729791283607483,
                    -3.9222044944763184
                ],
                [
                    0.0,
                    0.9905931353569031,
                    -0.13684025406837463,
                    -0.5516207814216614
                ],
                [
                    0.0,
                    0.0,
                    0.0,
                    1.0
                ]
            ]
        },
        {
            "file_path": "/data/shapenet_blender/all_50_random/02958343/f1f78226ed08465f801b0db1d49ea10c/r_33",
            "rotation": 0.12566370614359174,
            "transform_matrix": [
                [
                    -0.08257085084915161,
                    -0.6356056332588196,
                    0.7675854563713074,
                    3.094236135482788
                ],
                [
                    0.9965852499008179,
                    -0.05266232788562775,
                    0.06359735131263733,
                    0.25636914372444153
                ],
                [
                    3.725290298461914e-09,
                    0.7702156901359558,
                    0.6377834677696228,
                    2.5709877014160156
                ],
                [
                    0.0,
                    0.0,
                    0.0,
                    1.0
                ]
            ]
        },
        {
            "file_path": "/data/shapenet_blender/all_50_random/02958343/f1f78226ed08465f801b0db1d49ea10c/r_34",
            "rotation": 0.12566370614359174,
            "transform_matrix": [
                [
                    0.7580624222755432,
                    -0.08877068758010864,
                    0.6461123824119568,
                    2.604562282562256
                ],
                [
                    0.6521820425987244,
                    0.10318241268396378,
                    -0.7510073184967041,
                    -3.02740740776062
                ],
                [
                    7.450580596923828e-09,
                    0.990693211555481,
                    0.13611336052417755,
                    0.5486904978752136
                ],
                [
                    0.0,
                    0.0,
                    0.0,
                    1.0
                ]
            ]
        },
        {
            "file_path": "/data/shapenet_blender/all_50_random/02958343/f1f78226ed08465f801b0db1d49ea10c/r_35",
            "rotation": 0.12566370614359174,
            "transform_matrix": [
                [
                    -0.9991179704666138,
                    0.031792253255844116,
                    -0.027434537187218666,
                    -0.11059215664863586
                ],
                [
                    -0.04199287295341492,
                    -0.7564191222190857,
                    0.6527379155158997,
                    2.63127064704895
                ],
                [
                    0.0,
                    0.6533142328262329,
                    0.7570868730545044,
                    3.051914691925049
                ],
                [
                    0.0,
                    0.0,
                    0.0,
                    1.0
                ]
            ]
        },
        {
            "file_path": "/data/shapenet_blender/all_50_random/02958343/f1f78226ed08465f801b0db1d49ea10c/r_36",
            "rotation": 0.12566370614359174,
            "transform_matrix": [
                [
                    0.0662846639752388,
                    0.24898917973041534,
                    -0.966235339641571,
                    -3.895019054412842
                ],
                [
                    -0.9978007674217224,
                    0.016540540382266045,
                    -0.06418774276971817,
                    -0.2587490677833557
                ],
                [
                    0.0,
                    0.9683650135993958,
                    0.24953797459602356,
                    1.0059196949005127
                ],
                [
                    0.0,
                    0.0,
                    0.0,
                    1.0
                ]
            ]
        },
        {
            "file_path": "/data/shapenet_blender/all_50_random/02958343/f1f78226ed08465f801b0db1d49ea10c/r_37",
            "rotation": 0.12566370614359174,
            "transform_matrix": [
                [
                    0.7566900253295898,
                    0.5859861969947815,
                    -0.28989726305007935,
                    -1.168613314628601
                ],
                [
                    -0.6537739038467407,
                    0.6782313585281372,
                    -0.3355325162410736,
                    -1.3525749444961548
                ],
                [
                    0.0,
                    0.44342151284217834,
                    0.8963132500648499,
                    3.613154411315918
                ],
                [
                    0.0,
                    0.0,
                    0.0,
                    1.0
                ]
            ]
        },
        {
            "file_path": "/data/shapenet_blender/all_50_random/02958343/f1f78226ed08465f801b0db1d49ea10c/r_38",
            "rotation": 0.12566370614359174,
            "transform_matrix": [
                [
                    0.8587152361869812,
                    -0.2991080582141876,
                    -0.41610392928123474,
                    -1.6773687601089478
                ],
                [
                    -0.5124530792236328,
                    -0.5012139678001404,
                    -0.6972633600234985,
                    -2.8107588291168213
                ],
                [
                    0.0,
                    0.8119845986366272,
                    -0.5836788415908813,
                    -2.3528850078582764
                ],
                [
                    0.0,
                    0.0,
                    0.0,
                    1.0
                ]
            ]
        },
        {
            "file_path": "/data/shapenet_blender/all_50_random/02958343/f1f78226ed08465f801b0db1d49ea10c/r_39",
            "rotation": 0.12566370614359174,
            "transform_matrix": [
                [
                    -0.7880467772483826,
                    0.0766008123755455,
                    0.6108309626579285,
                    2.46233868598938
                ],
                [
                    0.6156153082847595,
                    0.09805639088153839,
                    0.7819223403930664,
                    3.1520299911499023
                ],
                [
                    3.725290298461914e-09,
                    0.9922283291816711,
                    -0.12442965805530548,
                    -0.5015920400619507
                ],
                [
                    0.0,
                    0.0,
                    0.0,
                    1.0
                ]
            ]
        },
        {
            "file_path": "/data/shapenet_blender/all_50_random/02958343/f1f78226ed08465f801b0db1d49ea10c/r_40",
            "rotation": 0.12566370614359174,
            "transform_matrix": [
                [
                    -0.48667585849761963,
                    -0.12476605176925659,
                    0.8646271228790283,
                    3.4854233264923096
                ],
                [
                    0.873582661151886,
                    -0.06950758397579193,
                    0.48168671131134033,
                    1.9417412281036377
                ],
                [
                    -3.725290298461914e-09,
                    0.989748477935791,
                    0.14282111823558807,
                    0.5757303237915039
                ],
                [
                    0.0,
                    0.0,
                    0.0,
                    1.0
                ]
            ]
        },
        {
            "file_path": "/data/shapenet_blender/all_50_random/02958343/f1f78226ed08465f801b0db1d49ea10c/r_41",
            "rotation": 0.12566370614359174,
            "transform_matrix": [
                [
                    -0.06885285675525665,
                    -0.4649941623210907,
                    -0.8826321959495544,
                    -3.558004379272461
                ],
                [
                    -0.997626781463623,
                    0.03209234029054642,
                    0.060916319489479065,
                    0.24556155502796173
                ],
