{
    "class": "02958343",
    "model": "5d2e6410d4fb760befdff89bf9a96890",
    "remove_doubles": true,
    "edge_split": true,
    "denoise": true,
    "camera_angle_x": 0.6911112070083618,
    "scale_factor": 2.19773706864791,
    "hdri_file": "/data/IndoorHDRDataset2018/AG8A3326-039fea45ab.exr",
    "center_offset": [
        0.0,
        0.0,
        3.725290298461914e-09
    ],
    "lights": [],
    "frames": [
        {
            "file_path": "/data/shapenet_blender/all_50_random/02958343/5d2e6410d4fb760befdff89bf9a96890/r_0",
            "rotation": 0.12566370614359174,
            "transform_matrix": [
                [
                    0.8876035213470459,
                    -0.41308361291885376,
                    0.20376938581466675,
                    0.8214207291603088
                ],
                [
                    0.4606083631515503,
                    0.7960221767425537,
                    -0.39266857504844666,
                    -1.5828977823257446
                ],
                [
                    0.0,
                    0.44239190220832825,
                    0.8968217372894287,
                    3.615204334259033
                ],
                [
                    0.0,
                    0.0,
                    0.0,
                    1.0
                ]
            ]
        },
        {
            "file_path": "/data/shapenet_blender/all_50_random/02958343/5d2e6410d4fb760befdff89bf9a96890/r_1",
            "rotation": 0.12566370614359174,
            "transform_matrix": [
                [
                    -0.32742008566856384,
                    -0.3442549407482147,
                    -0.8799343705177307,
                    -3.547128915786743
                ],
                [
                    -0.9448788166046143,
                    0.11929147690534592,
                    0.30491551756858826,
                    1.2291537523269653
                ],
                [
                    -7.450580152834618e-09,
                    0.9312669038772583,
                    -0.36433765292167664,
                    -1.4686920642852783
                ],
                [
                    0.0,
                    0.0,
                    0.0,
                    1.0
                ]
            ]
        },
        {
            "file_path": "/data/shapenet_blender/all_50_random/02958343/5d2e6410d4fb760befdff89bf9a96890/r_2",
            "rotation": 0.12566370614359174,
            "transform_matrix": [
                [
                    -0.9574247598648071,
                    0.13288402557373047,
                    0.2562803328037262,
                    1.0330989360809326
                ],
                [
                    0.28868281841278076,
                    0.44071370363235474,
                    0.8499610424041748,
                    3.426302194595337
                ],
                [
                    -1.4901159417490817e-08,
                    0.8877574801445007,
                    -0.46031156182289124,
                    -1.8555750846862793
                ],
                [
                    0.0,
                    0.0,
                    0.0,
                    1.0
                ]
            ]
        },
        {
            "file_path": "/data/shapenet_blender/all_50_random/02958343/5d2e6410d4fb760befdff89bf9a96890/r_3",
            "rotation": 0.12566370614359174,
            "transform_matrix": [
                [
                    0.6834214329719543,
                    -0.5101033449172974,
                    0.5222352147102356,
                    2.1051974296569824
                ],
                [
                    0.7300239205360413,
                    0.47753992676734924,
                    -0.48889729380607605,
                    -1.9708080291748047
                ],
                [
                    -2.9802320611338473e-08,
                    0.7153671979904175,
                    0.6987487077713013,
                    2.816746234893799
                ],
                [
                    0.0,
                    0.0,
                    0.0,
                    1.0
                ]
            ]
        },
        {
            "file_path": "/data/shapenet_blender/all_50_random/02958343/5d2e6410d4fb760befdff89bf9a96890/r_4",
            "rotation": 0.12566370614359174,
            "transform_matrix": [
                [
                    0.9920336604118347,
                    -0.06416089832782745,
                    -0.10840924829244614,
                    -0.4370116591453552
                ],
                [
                    -0.1259729415178299,
                    -0.5052654147148132,
                    -0.8537200093269348,
                    -3.441455364227295
                ],
                [
                    0.0,
                    0.8605756163597107,
                    -0.5093227624893188,
                    -2.05314564704895
                ],
                [
                    0.0,
                    0.0,
                    0.0,
                    1.0
                ]
            ]
        },
        {
            "file_path": "/data/shapenet_blender/all_50_random/02958343/5d2e6410d4fb760befdff89bf9a96890/r_5",
            "rotation": 0.12566370614359174,
            "transform_matrix": [
                [
                    0.8355745077133179,
                    0.29476141929626465,
                    -0.4636062979698181,
                    -1.8688569068908691
                ],
                [
                    -0.5493769645690918,
                    0.44831714034080505,
                    -0.705121636390686,
                    -2.8424365520477295
                ],
                [
                    -1.4901160305669237e-08,
                    0.8438764810562134,
                    0.5365374684333801,
                    2.1628520488739014
                ],
                [
                    0.0,
                    0.0,
                    0.0,
                    1.0
                ]
            ]
        },
        {
            "file_path": "/data/shapenet_blender/all_50_random/02958343/5d2e6410d4fb760befdff89bf9a96890/r_6",
            "rotation": 0.12566370614359174,
            "transform_matrix": [
                [
                    -0.6028911471366882,
                    0.716774046421051,
                    0.35036700963974,
                    1.41237473487854
                ],
                [
                    0.797823429107666,
                    0.5416445732116699,
                    0.2647618055343628,
                    1.067289113998413
                ],
                [
                    0.0,
                    0.4391535818576813,
                    -0.8984119296073914,
                    -3.621614456176758
                ],
                [
                    0.0,
                    0.0,
                    0.0,
                    1.0
                ]
            ]
        },
        {
            "file_path": "/data/shapenet_blender/all_50_random/02958343/5d2e6410d4fb760befdff89bf9a96890/r_7",
            "rotation": 0.12566370614359174,
            "transform_matrix": [
                [
                    0.7832456231117249,
                    0.23353204131126404,
                    -0.5761848092079163,
                    -2.3226754665374756
                ],
                [
                    -0.6217122673988342,
                    0.2942083477973938,
                    -0.7258892059326172,
                    -2.9261531829833984
                ],
                [
                    0.0,
                    0.926770806312561,
                    0.3756271302700043,
                    1.5142016410827637
                ],
                [
                    0.0,
                    0.0,
                    0.0,
                    1.0
                ]
            ]
        },
        {
            "file_path": "/data/shapenet_blender/all_50_random/02958343/5d2e6410d4fb760befdff89bf9a96890/r_8",
            "rotation": 0.12566370614359174,
            "transform_matrix": [
                [
                    0.9581215977668762,
                    0.1341756284236908,
                    0.25298187136650085,
                    1.0198025703430176
                ],
                [
                    0.2863615155220032,
                    -0.4489310383796692,
                    -0.8464384078979492,
                    -3.412102460861206
                ],
                [
                    7.4505797087454084e-09,
                    0.8834353089332581,
                    -0.4685532748699188,
                    -1.888798713684082
                ],
                [
                    0.0,
                    0.0,
                    0.0,
                    1.0
                ]
            ]
        },
        {
            "file_path": "/data/shapenet_blender/all_50_random/02958343/5d2e6410d4fb760befdff89bf9a96890/r_9",
            "rotation": 0.12566370614359174,
            "transform_matrix": [
                [
                    0.28130558133125305,
                    0.33826255798339844,
                    -0.8980231285095215,
                    -3.620047092437744
                ],
                [
                    -0.9596182703971863,
                    0.099159374833107,
                    -0.26324939727783203,
                    -1.061192274093628
                ],
                [
                    -7.450581485102248e-09,
                    0.9358128905296326,
                    0.35249701142311096,
                    1.4209609031677246
                ],
                [
                    0.0,
                    0.0,
                    0.0,
                    1.0
                ]
            ]
        },
        {
            "file_path": "/data/shapenet_blender/all_50_random/02958343/5d2e6410d4fb760befdff89bf9a96890/r_10",
            "rotation": 0.12566370614359174,
            "transform_matrix": [
                [
                    -0.17568300664424896,
                    -0.8209692239761353,
                    0.5432724952697754,
                    2.1900014877319336
                ],
                [
                    0.9844468832015991,
                    -0.14650900661945343,
                    0.09695164859294891,
                    0.3908245861530304
                ],
                [
                    -7.450581485102248e-09,
                    0.5518555641174316,
                    0.8339396119117737,
                    3.36171817779541
                ],
                [
                    0.0,
                    0.0,
                    0.0,
                    1.0
                ]
            ]
        },
        {
            "file_path": "/data/shapenet_blender/all_50_random/02958343/5d2e6410d4fb760befdff89bf9a96890/r_11",
            "rotation": 0.12566370614359174,
            "transform_matrix": [
                [
                    0.29862716794013977,
                    0.48135361075401306,
                    0.8240875601768494,
                    3.3220033645629883
                ],
                [
                    0.954369843006134,
                    -0.15061798691749573,
                    -0.2578611969947815,
                    -1.0394718647003174
                ],
                [
                    -7.450580596923828e-09,
                    0.8634886741638184,
                    -0.504368007183075,
                    -2.033172607421875
                ],
                [
                    0.0,
                    0.0,
                    0.0,
                    1.0
                ]
            ]
        },
        {
            "file_path": "/data/shapenet_blender/all_50_random/02958343/5d2e6410d4fb760befdff89bf9a96890/r_12",
            "rotation": 0.12566370614359174,
            "transform_matrix": [
                [
                    -0.18787705898284912,
                    0.035821523517370224,
                    -0.9815391302108765,
                    -3.9567108154296875
                ],
                [
                    -0.9821926355361938,
                    -0.0068520596250891685,
                    0.18775205314159393,
                    0.7568527460098267
                ],
                [
                    0.0,
                    0.9993347525596619,
                    0.03647097572684288,
                    0.14701920747756958
                ],
                [
                    0.0,
                    0.0,
                    0.0,
                    1.0
                ]
            ]
        },
        {
            "file_path": "/data/shapenet_blender/all_50_random/02958343/5d2e6410d4fb760befdff89bf9a96890/r_13",
            "rotation": 0.12566370614359174,
            "transform_matrix": [
                [
                    -0.8924462795257568,
                    -0.05011818930506706,
                    0.4483611285686493,
                    1.807401418685913
                ],
                [
                    0.45115357637405396,
                    -0.0991409495472908,
                    0.8869224786758423,
                    3.57529878616333
                ],
                [
                    0.0,
                    0.9938104152679443,
                    0.11108899116516113,
                    0.447814017534256
                ],
                [
                    0.0,
                    0.0,
                    0.0,
                    1.0
                ]
            ]
        },
        {
            "file_path": "/data/shapenet_blender/all_50_random/02958343/5d2e6410d4fb760befdff89bf9a96890/r_14",
            "rotation": 0.12566370614359174,
            "transform_matrix": [
                [
                    -0.08275479823350906,
                    -0.18136872351169586,
                    0.9799270033836365,
                    3.950212240219116
                ],
                [
                    0.9965699911117554,
                    -0.015060792677104473,
                    0.08137277513742447,
                    0.3280241787433624
                ],
                [
                    0.0,
                    0.9832997918128967,
                    0.18199296295642853,
                    0.7336371541023254
                ],
                [
                    0.0,
                    0.0,
                    0.0,
                    1.0
                ]
            ]
        },
        {
            "file_path": "/data/shapenet_blender/all_50_random/02958343/5d2e6410d4fb760befdff89bf9a96890/r_15",
            "rotation": 0.12566370614359174,
            "transform_matrix": [
                [
                    -0.9174301028251648,
                    0.3402802050113678,
                    0.20623165369033813,
                    0.8313464522361755
                ],
                [
                    0.3978971838951111,
                    0.7845829129219055,
                    0.47550761699676514,
                    1.916832685470581
                ],
                [
                    0.0,
                    0.5183038711547852,
                    -0.8551964163780212,
                    -3.4474072456359863
                ],
                [
                    0.0,
                    0.0,
                    0.0,
                    1.0
                ]
            ]
        },
        {
            "file_path": "/data/shapenet_blender/all_50_random/02958343/5d2e6410d4fb760befdff89bf9a96890/r_16",
            "rotation": 0.12566370614359174,
            "transform_matrix": [
                [
                    0.5873610377311707,
                    0.625129759311676,
                    -0.514022946357727,
                    -2.0720930099487305
                ],
                [
                    -0.8093249201774597,
                    0.45368289947509766,
                    -0.37304800748825073,
                    -1.5038046836853027
                ],
                [
                    0.0,
                    0.6351255178451538,
                    0.7724088430404663,
                    3.113679885864258
                ],
                [
                    0.0,
                    0.0,
                    0.0,
                    1.0
                ]
            ]
        },
        {
            "file_path": "/data/shapenet_blender/all_50_random/02958343/5d2e6410d4fb760befdff89bf9a96890/r_17",
            "rotation": 0.12566370614359174,
            "transform_matrix": [
                [
                    0.44148412346839905,
                    0.4166243076324463,
                    0.7946797609329224,
                    3.2034566402435303
                ],
                [
                    0.897269070148468,
                    -0.20499204099178314,
                    -0.3910070061683655,
                    -1.5761996507644653
                ],
                [
                    0.0,
                    0.8856649398803711,
                    -0.46432483196258545,
                    -1.871753215789795
                ],
                [
                    0.0,
                    0.0,
                    0.0,
                    1.0
                ]
            ]
        },
        {
            "file_path": "/data/shapenet_blender/all_50_random/02958343/5d2e6410d4fb760befdff89bf9a96890/r_18",
            "rotation": 0.12566370614359174,
            "transform_matrix": [
                [
                    -0.4863415062427521,
                    -0.8198649883270264,
                    -0.302147775888443,
                    -1.217996597290039
                ],
                [
                    -0.8737688064575195,
                    0.4563385248184204,
                    0.1681760549545288,
                    0.6779393553733826
                ],
                [
                    0.0,
                    0.3457982540130615,
                    -0.938308835029602,
                    -3.7824440002441406
                ],
                [
                    0.0,
                    0.0,
                    0.0,
                    1.0
                ]
            ]
        },
        {
            "file_path": "/data/shapenet_blender/all_50_random/02958343/5d2e6410d4fb760befdff89bf9a96890/r_19",
            "rotation": 0.12566370614359174,
            "transform_matrix": [
                [
                    0.7713350653648376,
                    0.04481837525963783,
                    0.6348492503166199,
                    2.559159278869629
                ],
                [
                    0.6364293694496155,
                    -0.05431865155696869,
                    -0.7694200277328491,
                    -3.1016314029693604
                ],
                [
                    0.0,
                    0.9975172877311707,
                    -0.07042160630226135,
                    -0.2838785648345947
                ],
                [
                    0.0,
                    0.0,
                    0.0,
                    1.0
                ]
            ]
        },
        {
            "file_path": "/data/shapenet_blender/all_50_random/02958343/5d2e6410d4fb760befdff89bf9a96890/r_20",
            "rotation": 0.12566370614359174,
            "transform_matrix": [
                [
                    -0.8306304216384888,
                    -0.0028076490852981806,
                    -0.5568170547485352,
                    -2.244601249694824
                ],
                [
                    -0.5568241477012634,
                    0.004188250284641981,
                    0.8306198716163635,
                    3.3483357429504395
                ],
                [
                    0.0,
                    0.9999873042106628,
                    -0.005042254459112883,
                    -0.020325977355241776
                ],
                [
                    0.0,
                    0.0,
                    0.0,
                    1.0
                ]
            ]
        },
        {
            "file_path": "/data/shapenet_blender/all_50_random/02958343/5d2e6410d4fb760befdff89bf9a96890/r_21",
            "rotation": 0.12566370614359174,
            "transform_matrix": [
                [
                    -0.5691360831260681,
                    0.6664304137229919,
                    -0.48161664605140686,
                    -1.9414589405059814
                ],
                [
                    -0.822243332862854,
                    -0.4612863063812256,
                    0.333362877368927,
                    1.3438289165496826
                ],
                [
                    1.4901161193847656e-08,
                    0.585735023021698,
                    0.8105025887489319,
                    3.2672407627105713
                ],
                [
                    0.0,
                    0.0,
                    0.0,
                    1.0
                ]
            ]
        },
        {
            "file_path": "/data/shapenet_blender/all_50_random/02958343/5d2e6410d4fb760befdff89bf9a96890/r_22",
            "rotation": 0.12566370614359174,
            "transform_matrix": [
                [
                    -0.2146337777376175,
                    0.5610132217407227,
                    0.799497663974762,
                    3.2228782176971436
                ],
                [
                    0.976694643497467,
                    0.12328559905290604,
                    0.1756938099861145,
                    0.7082443833351135
                ],
                [
                    0.0,
                    0.8185749053955078,
                    -0.5743997693061829,
                    -2.3154795169830322
                ],
                [
                    0.0,
                    0.0,
                    0.0,
                    1.0
                ]
            ]
        },
        {
            "file_path": "/data/shapenet_blender/all_50_random/02958343/5d2e6410d4fb760befdff89bf9a96890/r_23",
            "rotation": 0.12566370614359174,
            "transform_matrix": [
                [
                    -0.401452898979187,
                    -0.9094460606575012,
                    -0.10836680233478546,
                    -0.43684056401252747
                ],
                [
                    -0.9158796668052673,
                    0.39863288402557373,
                    0.047499872744083405,
                    0.19147811830043793
                ],
                [
                    0.0,
                    0.11831973493099213,
                    -0.9929755330085754,
                    -4.002812385559082
                ],
                [
                    0.0,
                    0.0,
                    0.0,
                    1.0
                ]
            ]
        },
        {
            "file_path": "/data/shapenet_blender/all_50_random/02958343/5d2e6410d4fb760befdff89bf9a96890/r_24",
            "rotation": 0.12566370614359174,
            "transform_matrix": [
                [
                    -0.9648800492286682,
                    -0.2373490035533905,
                    -0.11257018148899078,
                    -0.4537849426269531
                ],
                [
                    -0.26269108057022095,
                    0.8717970848083496,
                    0.41347700357437134,
                    1.6667792797088623
                ],
                [
                    0.0,
                    0.4285268783569336,
                    -0.9035289287567139,
                    -3.642241954803467
                ],
                [
                    0.0,
                    0.0,
                    0.0,
                    1.0
                ]
            ]
        },
        {
            "file_path": "/data/shapenet_blender/all_50_random/02958343/5d2e6410d4fb760befdff89bf9a96890/r_25",
            "rotation": 0.12566370614359174,
            "transform_matrix": [
                [
                    0.9148934483528137,
                    -0.059439945966005325,
                    0.399295449256897,
                    1.6096112728118896
                ],
                [
                    0.40369534492492676,
                    0.13470855355262756,
                    -0.9049219489097595,
                    -3.6478567123413086
                ],
                [
                    0.0,
                    0.9891007542610168,
                    0.14723962545394897,
                    0.5935418605804443
                ],
                [
                    0.0,
                    0.0,
                    0.0,
                    1.0
                ]
            ]
        },
        {
            "file_path": "/data/shapenet_blender/all_50_random/02958343/5d2e6410d4fb760befdff89bf9a96890/r_26",
            "rotation": 0.12566370614359174,
            "transform_matrix": [
                [
                    0.9998823404312134,
                    -0.015005580149590969,
                    -0.003163240384310484,
                    -0.01275143027305603
                ],
                [
                    -0.015335367061197758,
                    -0.9783799052238464,
                    -0.20624665915966034,
                    -0.8314068913459778
                ],
                [
                    0.0,
                    0.20627069473266602,
                    -0.9784949421882629,
                    -3.944439172744751
                ],
                [
                    0.0,
                    0.0,
                    0.0,
                    1.0
                ]
            ]
        },
        {
            "file_path": "/data/shapenet_blender/all_50_random/02958343/5d2e6410d4fb760befdff89bf9a96890/r_27",
            "rotation": 0.12566370614359174,
            "transform_matrix": [
                [
                    0.4532392919063568,
                    0.49255767464637756,
                    -0.7429408431053162,
                    -2.9948902130126953
                ],
                [
                    -0.8913888335227966,
                    0.2504478991031647,
                    -0.37775877118110657,
                    -1.5227943658828735
                ],
                [
                    0.0,
                    0.8334643244743347,
                    0.5525732636451721,
                    2.22749400138855
                ],
                [
                    0.0,
                    0.0,
                    0.0,
                    1.0
                ]
            ]
        },
        {
            "file_path": "/data/shapenet_blender/all_50_random/02958343/5d2e6410d4fb760befdff89bf9a96890/r_28",
            "rotation": 0.12566370614359174,
            "transform_matrix": [
                [
                    0.024467622861266136,
                    0.862362802028656,
                    -0.5056992173194885,
                    -2.038538932800293
                ],
                [
                    -0.9997005462646484,
                    0.021106287837028503,
                    -0.012376964092254639,
                    -0.04989314079284668
                ],
                [
                    0.0,
                    0.505850613117218,
                    0.862621009349823,
                    3.4773366451263428
                ],
                [
                    0.0,
                    0.0,
                    0.0,
                    1.0
                ]
            ]
        },
        {
            "file_path": "/data/shapenet_blender/all_50_random/02958343/5d2e6410d4fb760befdff89bf9a96890/r_29",
            "rotation": 0.12566370614359174,
            "transform_matrix": [
                [
                    -0.111423060297966,
                    0.13445445895195007,
                    0.9846354126930237,
                    3.9691920280456543
                ],
                [
                    0.9937730431556702,
                    0.015075200237333775,
                    0.1103985384106636,
                    0.44503071904182434
                ],
                [
                    0.0,
                    0.9908050894737244,
                    -0.13529694080352783,
                    -0.5453994274139404
                ],
                [
                    0.0,
                    0.0,
                    0.0,
                    1.0
                ]
            ]
        },
        {
            "file_path": "/data/shapenet_blender/all_50_random/02958343/5d2e6410d4fb760befdff89bf9a96890/r_30",
            "rotation": 0.12566370614359174,
            "transform_matrix": [
                [
                    0.1382683962583542,
                    0.6584198474884033,
                    -0.7398412227630615,
                    -2.9823954105377197
                ],
                [
                    -0.9903948307037354,
                    0.09192158281803131,
                    -0.10328876972198486,
                    -0.41637036204338074
                ],
                [
                    0.0,
                    0.7470164895057678,
                    0.6648054718971252,
                    2.6799166202545166
                ],
                [
                    0.0,
                    0.0,
                    0.0,
                    1.0
                ]
            ]
        },
        {
            "file_path": "/data/shapenet_blender/all_50_random/02958343/5d2e6410d4fb760befdff89bf9a96890/r_31",
            "rotation": 0.12566370614359174,
            "transform_matrix": [
                [
                    0.6483147144317627,
                    0.06338746100664139,
                    -0.7587292194366455,
                    -3.058535575866699
                ],
                [
                    -0.7613725662231445,
                    0.05397491902112961,
                    -0.6460638642311096,
                    -2.6043670177459717
                ],
                [
                    0.0,
                    0.9965283870697021,
                    0.08325418829917908,
                    0.3356083929538727
                ],
                [
                    0.0,
                    0.0,
                    0.0,
                    1.0
                ]
            ]
        },
        {
            "file_path": "/data/shapenet_blender/all_50_random/02958343/5d2e6410d4fb760befdff89bf9a96890/r_32",
            "rotation": 0.12566370614359174,
            "transform_matrix": [
                [
                    -0.9909728169441223,
                    0.024377569556236267,
                    -0.13182780146598816,
                    -0.531414806842804
                ],
                [
                    -0.1340627819299698,
                    -0.18019548058509827,
                    0.9744520783424377,
                    3.9281415939331055
                ],
                [
                    0.0,
                    0.983328640460968,
                    0.18183697760105133,
                    0.7330082058906555
                ],
                [
                    0.0,
                    0.0,
                    0.0,
                    1.0
                ]
            ]
        },
        {
            "file_path": "/data/shapenet_blender/all_50_random/02958343/5d2e6410d4fb760befdff89bf9a96890/r_33",
            "rotation": 0.12566370614359174,
            "transform_matrix": [
                [
                    -0.7481740713119507,
                    -0.42625346779823303,
                    -0.508471667766571,
                    -2.0497148036956787
                ],
                [
                    -0.6635024547576904,
                    0.48064905405044556,
                    0.5733593702316284,
                    2.3112854957580566
                ],
                [
                    1.4901161193847656e-08,
                    0.7663447260856628,
                    -0.6424294710159302,
                    -2.5897159576416016
                ],
                [
                    0.0,
                    0.0,
                    0.0,
                    1.0
                ]
            ]
        },
        {
            "file_path": "/data/shapenet_blender/all_50_random/02958343/5d2e6410d4fb760befdff89bf9a96890/r_34",
            "rotation": 0.12566370614359174,
            "transform_matrix": [
                [
                    -0.9770879745483398,
                    -0.07312328368425369,
                    -0.19988031685352325,
                    -0.8057433366775513
                ],
                [
                    -0.21283599734306335,
                    0.3356945514678955,
                    0.9176110029220581,
                    3.6990082263946533
                ],
                [
                    7.450581485102248e-09,
                    0.9391283392906189,
                    -0.3435663878917694,
                    -1.384960412979126
                ],
                [
                    0.0,
                    0.0,
                    0.0,
                    1.0
                ]
            ]
        },
        {
            "file_path": "/data/shapenet_blender/all_50_random/02958343/5d2e6410d4fb760befdff89bf9a96890/r_35",
            "rotation": 0.12566370614359174,
            "transform_matrix": [
                [
                    0.15416176617145538,
                    0.5284651517868042,
                    -0.8348404765129089,
                    -3.365349769592285
                ],
                [
                    -0.9880456924438477,
                    0.08245481550693512,
                    -0.13025762140750885,
                    -0.5250853300094604
                ],
                [
                    0.0,
                    0.8449413180351257,
                    0.5348590016365051,
                    2.156085729598999
                ],
                [
                    0.0,
                    0.0,
                    0.0,
                    1.0
                ]
            ]
        },
        {
            "file_path": "/data/shapenet_blender/all_50_random/02958343/5d2e6410d4fb760befdff89bf9a96890/r_36",
            "rotation": 0.12566370614359174,
            "transform_matrix": [
                [
                    0.09780209511518478,
                    0.2211504429578781,
                    0.9703232049942017,
                    3.9114980697631836
                ],
                [
                    0.9952059388160706,
                    -0.02173316851258278,
                    -0.09535679221153259,
                    -0.3843955099582672
                ],
                [
                    1.862645371275562e-09,
                    0.9749974608421326,
                    -0.22221577167510986,
                    -0.8957804441452026
                ],
                [
                    0.0,
                    0.0,
                    0.0,
                    1.0
                ]
            ]
        },
        {
            "file_path": "/data/shapenet_blender/all_50_random/02958343/5d2e6410d4fb760befdff89bf9a96890/r_37",
            "rotation": 0.12566370614359174,
            "transform_matrix": [
                [
                    -0.9288632869720459,
                    0.07538031041622162,
                    0.362671822309494,
                    1.4619768857955933
                ],
                [
                    0.3704227805137634,
                    0.18902185559272766,
                    0.9094271063804626,
                    3.666018009185791
                ],
                [
                    -7.450580596923828e-09,
                    0.9790753722190857,
                    -0.20349803566932678,
                    -0.8203268051147461
                ],
                [
                    0.0,
                    0.0,
                    0.0,
                    1.0
                ]
            ]
        },
        {
            "file_path": "/data/shapenet_blender/all_50_random/02958343/5d2e6410d4fb760befdff89bf9a96890/r_38",
            "rotation": 0.12566370614359174,
            "transform_matrix": [
                [
                    -0.26504799723625183,
                    0.2123919427394867,
                    0.9405525922775269,
                    3.7914888858795166
                ],
                [
                    0.9642353057861328,
                    0.058382075279951096,
                    0.2585381269454956,
                    1.0422005653381348
                ],
                [
                    3.725290742551124e-09,
                    0.9754389524459839,
                    -0.2202698439359665,
                    -0.8879361152648926
                ],
                [
                    0.0,
                    0.0,
                    0.0,
                    1.0
                ]
            ]
        },
        {
            "file_path": "/data/shapenet_blender/all_50_random/02958343/5d2e6410d4fb760befdff89bf9a96890/r_39",
            "rotation": 0.12566370614359174,
            "transform_matrix": [
                [
                    0.3209303319454193,
                    -0.46829548478126526,
                    -0.8232271671295166,
                    -3.318535089492798
                ],
                [
                    -0.9471027851104736,
                    -0.1586841642856598,
                    -0.2789544463157654,
                    -1.1245014667510986
                ],
                [
                    -1.4901161193847656e-08,
                    0.8692058324813843,
                    -0.49445047974586487,
                    -1.9931937456130981
                ],
                [
                    0.0,
                    0.0,
                    0.0,
                    1.0
                ]
            ]
        },
        {
            "file_path": "/data/shapenet_blender/all_50_random/02958343/5d2e6410d4fb760befdff89bf9a96890/r_40",
            "rotation": 0.12566370614359174,
            "transform_matrix": [
                [
                    0.9624074697494507,
                    -0.15675555169582367,
                    -0.22180971503257751,
                    -0.8941435813903809
                ],
                [
                    -0.27160972356796265,
                    -0.555439293384552,
                    -0.7859486937522888,
                    -3.1682605743408203
                ],
                [
                    -1.4901159417490817e-08,
                    0.816648542881012,
                    -0.5771352648735046,
                    -2.3265066146850586
                ],
                [
                    0.0,
                    0.0,
                    0.0,
                    1.0
                ]
            ]
        },
        {
            "file_path": "/data/shapenet_blender/all_50_random/02958343/5d2e6410d4fb760befdff89bf9a96890/r_41",
            "rotation": 0.12566370614359174,
            "transform_matrix": [
                [
                    0.8788412809371948,
                    0.15912872552871704,
                    -0.4497954845428467,
                    -1.8131835460662842
                ],
                [
                    -0.47711414098739624,
                    0.2931140959262848,
                    -0.8285204768180847,
                    -3.3398728370666504
                ],
                [
                    -1.4901160305669237e-08,
                    0.9427417516708374,
