{
    "class": "02958343",
    "model": "d474f5971b5e8ecae9795e5d56b7e9f",
    "remove_doubles": true,
    "edge_split": true,
    "denoise": true,
    "camera_angle_x": 0.6911112070083618,
    "scale_factor": 2.2678615963934208,
    "hdri_file": "/data/IndoorHDRDataset2018/9C4A2509-ad1651abdf.exr",
    "center_offset": [
        0.0,
        -1.862645149230957e-09,
        0.0
    ],
    "lights": [],
    "frames": [
        {
            "file_path": "/data/shapenet_blender/all_50_random/02958343/d474f5971b5e8ecae9795e5d56b7e9f/r_0",
            "rotation": 0.12566370614359174,
            "transform_matrix": [
                [
                    -0.3721797466278076,
                    -0.8296445608139038,
                    -0.4161393642425537,
                    -1.6775115728378296
                ],
                [
                    -0.9281606674194336,
                    0.33267614245414734,
                    0.1668662130832672,
                    0.6726592779159546
                ],
                [
                    -1.4901159417490817e-08,
                    0.4483485221862793,
                    -0.8938588500022888,
                    -3.6032605171203613
                ],
                [
                    0.0,
                    0.0,
                    0.0,
                    1.0
                ]
            ]
        },
        {
            "file_path": "/data/shapenet_blender/all_50_random/02958343/d474f5971b5e8ecae9795e5d56b7e9f/r_1",
            "rotation": 0.12566370614359174,
            "transform_matrix": [
                [
                    -0.15382874011993408,
                    -0.35312527418136597,
                    -0.9228430390357971,
                    -3.7200992107391357
                ],
                [
                    -0.9880975484848022,
                    0.054975152015686035,
                    0.14366979897022247,
                    0.5791515111923218
                ],
                [
                    0.0,
                    0.9339593648910522,
                    -0.3573789894580841,
                    -1.4406408071517944
                ],
                [
                    0.0,
                    0.0,
                    0.0,
                    1.0
                ]
            ]
        },
        {
            "file_path": "/data/shapenet_blender/all_50_random/02958343/d474f5971b5e8ecae9795e5d56b7e9f/r_2",
            "rotation": 0.12566370614359174,
            "transform_matrix": [
                [
                    0.9153785705566406,
                    0.19498370587825775,
                    0.352226585149765,
                    1.4198707342147827
                ],
                [
                    0.40259435772895813,
                    -0.44333431124687195,
                    -0.8008573651313782,
                    -3.2283592224121094
                ],
                [
                    -1.4901161193847656e-08,
                    0.8748920559883118,
                    -0.4843180179595947,
                    -1.9523483514785767
                ],
                [
                    0.0,
                    0.0,
                    0.0,
                    1.0
                ]
            ]
        },
        {
            "file_path": "/data/shapenet_blender/all_50_random/02958343/d474f5971b5e8ecae9795e5d56b7e9f/r_3",
            "rotation": 0.12566370614359174,
            "transform_matrix": [
                [
                    0.5264524817466736,
                    0.5667427778244019,
                    0.6337589025497437,
                    2.5547637939453125
                ],
                [
                    0.8502045273780823,
                    -0.3509310185909271,
                    -0.39242786169052124,
                    -1.5819272994995117
                ],
                [
                    0.0,
                    0.7454193234443665,
                    -0.6665958166122437,
                    -2.6871337890625
                ],
                [
                    0.0,
                    0.0,
                    0.0,
                    1.0
                ]
            ]
        },
        {
            "file_path": "/data/shapenet_blender/all_50_random/02958343/d474f5971b5e8ecae9795e5d56b7e9f/r_4",
            "rotation": 0.12566370614359174,
            "transform_matrix": [
                [
                    -0.18488548696041107,
                    0.08526723831892014,
                    0.9790539741516113,
                    3.946692943572998
                ],
                [
                    0.9827601313591003,
                    0.01604122668504715,
                    0.18418826162815094,
                    0.7424867153167725
                ],
                [
                    -1.862645371275562e-09,
                    0.9962289333343506,
                    -0.08676302433013916,
                    -0.3497529625892639
                ],
                [
                    0.0,
                    0.0,
                    0.0,
                    1.0
                ]
            ]
        },
        {
            "file_path": "/data/shapenet_blender/all_50_random/02958343/d474f5971b5e8ecae9795e5d56b7e9f/r_5",
            "rotation": 0.12566370614359174,
            "transform_matrix": [
                [
                    0.3582041263580322,
                    -0.12244585156440735,
                    -0.9255791306495667,
                    -3.7311289310455322
                ],
                [
                    -0.9336433410644531,
                    -0.04697790741920471,
                    -0.35511019825935364,
                    -1.431494951248169
                ],
                [
                    0.0,
                    0.9913627505302429,
                    -0.13114841282367706,
                    -0.5286761522293091
                ],
                [
                    0.0,
                    0.0,
                    0.0,
                    1.0
                ]
            ]
        },
        {
            "file_path": "/data/shapenet_blender/all_50_random/02958343/d474f5971b5e8ecae9795e5d56b7e9f/r_6",
            "rotation": 0.12566370614359174,
            "transform_matrix": [
                [
                    0.4831531345844269,
                    0.006390975788235664,
                    -0.8755124807357788,
                    -3.529303789138794
                ],
                [
                    -0.8755359053611755,
                    0.0035267772618681192,
                    -0.483140230178833,
                    -1.9476006031036377
                ],
                [
                    -2.3283064365386963e-10,
                    0.9999733567237854,
                    0.0072995019145309925,
                    0.029425233602523804
                ],
                [
                    0.0,
                    0.0,
                    0.0,
                    1.0
                ]
            ]
        },
        {
            "file_path": "/data/shapenet_blender/all_50_random/02958343/d474f5971b5e8ecae9795e5d56b7e9f/r_7",
            "rotation": 0.12566370614359174,
            "transform_matrix": [
                [
                    -0.5080020427703857,
                    0.13717897236347198,
                    -0.8503621816635132,
                    -3.427919387817383
                ],
                [
                    -0.8613558411598206,
                    -0.08090408146381378,
                    0.5015183091163635,
                    2.0216848850250244
                ],
                [
                    0.0,
                    0.9872367978096008,
                    0.15925933420658112,
                    0.6419948935508728
                ],
                [
                    0.0,
                    0.0,
                    0.0,
                    1.0
                ]
            ]
        },
        {
            "file_path": "/data/shapenet_blender/all_50_random/02958343/d474f5971b5e8ecae9795e5d56b7e9f/r_8",
            "rotation": 0.12566370614359174,
            "transform_matrix": [
                [
                    -0.20409800112247467,
                    -0.9561789035797119,
                    -0.20991864800453186,
                    -0.8462091088294983
                ],
                [
                    -0.9789504408836365,
                    0.19935044646263123,
                    0.04376521706581116,
                    0.17642322182655334
                ],
                [
                    -3.7252898543727042e-09,
                    0.21443261206150055,
                    -0.9767388701438904,
                    -3.9373600482940674
                ],
                [
                    0.0,
                    0.0,
                    0.0,
                    1.0
                ]
            ]
        },
        {
            "file_path": "/data/shapenet_blender/all_50_random/02958343/d474f5971b5e8ecae9795e5d56b7e9f/r_9",
            "rotation": 0.12566370614359174,
            "transform_matrix": [
                [
                    -0.7421539425849915,
                    -0.5650632977485657,
                    0.3604314923286438,
                    1.4529459476470947
                ],
                [
                    0.670229434967041,
                    -0.6257020831108093,
                    0.3991105854511261,
                    1.6088663339614868
                ],
                [
                    -1.4901161193847656e-08,
                    0.5377733111381531,
                    0.8430894017219543,
                    3.398602247238159
                ],
                [
                    0.0,
                    0.0,
                    0.0,
                    1.0
                ]
            ]
        },
        {
            "file_path": "/data/shapenet_blender/all_50_random/02958343/d474f5971b5e8ecae9795e5d56b7e9f/r_10",
            "rotation": 0.12566370614359174,
            "transform_matrix": [
                [
                    -0.36698397994041443,
                    0.2637121081352234,
                    -0.8920642137527466,
                    -3.5960261821746826
                ],
                [
                    -0.9302273392677307,
                    -0.10403706878423691,
                    0.3519282639026642,
                    1.418668270111084
                ],
                [
                    0.0,
                    0.9589745402336121,
                    0.2834921181201935,
                    1.1427934169769287
                ],
                [
                    0.0,
                    0.0,
                    0.0,
                    1.0
                ]
            ]
        },
        {
            "file_path": "/data/shapenet_blender/all_50_random/02958343/d474f5971b5e8ecae9795e5d56b7e9f/r_11",
            "rotation": 0.12566370614359174,
            "transform_matrix": [
                [
                    0.8754647970199585,
                    -0.2949543595314026,
                    -0.38283586502075195,
                    -1.5432606935501099
                ],
                [
                    -0.48328182101249695,
                    -0.5343096852302551,
                    -0.6935069561004639,
                    -2.7956159114837646
                ],
                [
                    0.0,
                    0.7921585440635681,
                    -0.6103153824806213,
                    -2.4602599143981934
                ],
                [
                    0.0,
                    0.0,
                    0.0,
                    1.0
                ]
            ]
        },
        {
            "file_path": "/data/shapenet_blender/all_50_random/02958343/d474f5971b5e8ecae9795e5d56b7e9f/r_12",
            "rotation": 0.12566370614359174,
            "transform_matrix": [
                [
                    0.9978927373886108,
                    -0.032510846853256226,
                    -0.05615278705954552,
                    -0.22635912895202637
                ],
                [
                    -0.064885213971138,
                    -0.4999958872795105,
                    -0.8635936379432678,
                    -3.481257200241089
                ],
                [
                    0.0,
                    0.8654172420501709,
                    -0.5010517835617065,
                    -2.0198042392730713
                ],
                [
                    0.0,
                    0.0,
                    0.0,
                    1.0
                ]
            ]
        },
        {
            "file_path": "/data/shapenet_blender/all_50_random/02958343/d474f5971b5e8ecae9795e5d56b7e9f/r_13",
            "rotation": 0.12566370614359174,
            "transform_matrix": [
                [
                    -0.7539132237434387,
                    0.15546803176403046,
                    -0.638313889503479,
                    -2.5731256008148193
                ],
                [
                    -0.6569741368293762,
                    -0.1784079521894455,
                    0.7324995994567871,
                    2.9528002738952637
                ],
                [
                    0.0,
                    0.9715966582298279,
                    0.23664259910583496,
                    0.9539368152618408
                ],
                [
                    0.0,
                    0.0,
                    0.0,
                    1.0
                ]
            ]
        },
        {
            "file_path": "/data/shapenet_blender/all_50_random/02958343/d474f5971b5e8ecae9795e5d56b7e9f/r_14",
            "rotation": 0.12566370614359174,
            "transform_matrix": [
                [
                    -0.075196772813797,
                    -0.2038569152355194,
                    -0.9761084914207458,
                    -3.934818983078003
                ],
                [
                    -0.997168779373169,
                    0.015372905880212784,
                    0.07360860705375671,
                    0.2967257797718048
                ],
                [
                    0.0,
                    0.978879988193512,
                    -0.20443573594093323,
                    -0.824106752872467
                ],
                [
                    0.0,
                    0.0,
                    0.0,
                    1.0
                ]
            ]
        },
        {
            "file_path": "/data/shapenet_blender/all_50_random/02958343/d474f5971b5e8ecae9795e5d56b7e9f/r_15",
            "rotation": 0.12566370614359174,
            "transform_matrix": [
                [
                    -0.14188598096370697,
                    -0.02345939725637436,
                    -0.9896050095558167,
                    -3.989225387573242
                ],
                [
                    -0.9898830652236938,
                    0.0033625790383666754,
                    0.14184613525867462,
                    0.5718000531196594
                ],
                [
                    2.3283064365386963e-10,
                    0.9997191429138184,
                    -0.023699160665273666,
                    -0.09553436934947968
                ],
                [
                    0.0,
                    0.0,
                    0.0,
                    1.0
                ]
            ]
        },
        {
            "file_path": "/data/shapenet_blender/all_50_random/02958343/d474f5971b5e8ecae9795e5d56b7e9f/r_16",
            "rotation": 0.12566370614359174,
            "transform_matrix": [
                [
                    -0.9040756821632385,
                    -0.004920533858239651,
                    -0.4273441433906555,
                    -1.7226791381835938
                ],
                [
                    -0.42737242579460144,
                    0.0104090366512537,
                    0.904015839099884,
                    3.6442039012908936
                ],
                [
                    0.0,
                    0.9999337196350098,
                    -0.01151345856487751,
                    -0.04641222953796387
                ],
                [
                    0.0,
                    0.0,
                    0.0,
                    1.0
                ]
            ]
        },
        {
            "file_path": "/data/shapenet_blender/all_50_random/02958343/d474f5971b5e8ecae9795e5d56b7e9f/r_17",
            "rotation": 0.12566370614359174,
            "transform_matrix": [
                [
                    -0.9530123472213745,
                    0.2122494876384735,
                    0.21614237129688263,
                    0.8712978363037109
                ],
                [
                    0.3029312789440155,
                    0.6677302122116089,
                    0.6799771189689636,
                    2.7410757541656494
                ],
                [
                    1.4901160305669237e-08,
                    0.7135030627250671,
                    -0.7006520628929138,
                    -2.8244190216064453
                ],
                [
                    0.0,
                    0.0,
                    0.0,
                    1.0
                ]
            ]
        },
        {
            "file_path": "/data/shapenet_blender/all_50_random/02958343/d474f5971b5e8ecae9795e5d56b7e9f/r_18",
            "rotation": 0.12566370614359174,
            "transform_matrix": [
                [
                    -0.9999874234199524,
                    0.004085218999534845,
                    0.002912741620093584,
                    0.01174163818359375
                ],
                [
                    0.005017278250306845,
                    0.8142198920249939,
                    0.580534815788269,
                    2.3402109146118164
                ],
                [
                    0.0,
                    0.580542266368866,
                    -0.8142301440238953,
                    -3.282266855239868
                ],
                [
                    0.0,
                    0.0,
                    0.0,
                    1.0
                ]
            ]
        },
        {
            "file_path": "/data/shapenet_blender/all_50_random/02958343/d474f5971b5e8ecae9795e5d56b7e9f/r_19",
            "rotation": 0.12566370614359174,
            "transform_matrix": [
                [
                    -0.4877995252609253,
                    0.4242595136165619,
                    -0.7629256248474121,
                    -3.075451612472534
                ],
                [
                    -0.8729556798934937,
                    -0.23707227408885956,
                    0.4263157546520233,
                    1.7185337543487549
                ],
                [
                    1.4901161193847656e-08,
                    0.8739568591117859,
                    0.48600348830223083,
                    1.9591426849365234
                ],
                [
                    0.0,
                    0.0,
                    0.0,
                    1.0
                ]
            ]
        },
        {
            "file_path": "/data/shapenet_blender/all_50_random/02958343/d474f5971b5e8ecae9795e5d56b7e9f/r_20",
            "rotation": 0.12566370614359174,
            "transform_matrix": [
                [
                    0.3611903488636017,
                    0.44156983494758606,
                    0.8213145136833191,
                    3.3108248710632324
                ],
                [
                    0.9324921369552612,
                    -0.17103712260723114,
                    -0.31812694668769836,
                    -1.2824108600616455
                ],
                [
                    1.4901161193847656e-08,
                    0.8807737827301025,
                    -0.47353726625442505,
                    -1.908889889717102
                ],
                [
                    0.0,
                    0.0,
                    0.0,
                    1.0
                ]
            ]
        },
        {
            "file_path": "/data/shapenet_blender/all_50_random/02958343/d474f5971b5e8ecae9795e5d56b7e9f/r_21",
            "rotation": 0.12566370614359174,
            "transform_matrix": [
                [
                    -0.418098121881485,
                    0.44511282444000244,
                    -0.7918765544891357,
                    -3.1921565532684326
                ],
                [
                    -0.9084018468856812,
                    -0.2048662006855011,
                    0.3644665479660034,
                    1.4692116975784302
                ],
                [
                    -1.4901161193847656e-08,
                    0.8717249035835266,
                    0.48999547958374023,
                    1.9752349853515625
                ],
                [
                    0.0,
                    0.0,
                    0.0,
                    1.0
                ]
            ]
        },
        {
            "file_path": "/data/shapenet_blender/all_50_random/02958343/d474f5971b5e8ecae9795e5d56b7e9f/r_22",
            "rotation": 0.12566370614359174,
            "transform_matrix": [
                [
                    -0.23839646577835083,
                    0.18378649652004242,
                    -0.9536191821098328,
                    -3.8441622257232666
                ],
                [
                    -0.9711679220199585,
                    -0.04511480778455734,
                    0.2340887039899826,
                    0.9436417818069458
                ],
                [
                    -3.725290298461914e-09,
                    0.9819302558898926,
                    0.18924276530742645,
                    0.7628620266914368
                ],
                [
                    0.0,
                    0.0,
                    0.0,
                    1.0
                ]
            ]
        },
        {
            "file_path": "/data/shapenet_blender/all_50_random/02958343/d474f5971b5e8ecae9795e5d56b7e9f/r_23",
            "rotation": 0.12566370614359174,
            "transform_matrix": [
                [
                    -0.9133219122886658,
                    0.1138344407081604,
                    0.3910047709941864,
                    1.57619047164917
                ],
                [
                    0.4072382152080536,
                    0.2552989721298218,
                    0.8769147992134094,
                    3.534956216812134
                ],
                [
                    -1.4901158529312397e-08,
                    0.960137665271759,
                    -0.279527872800827,
                    -1.1268128156661987
                ],
                [
                    0.0,
                    0.0,
                    0.0,
                    1.0
                ]
            ]
        },
        {
            "file_path": "/data/shapenet_blender/all_50_random/02958343/d474f5971b5e8ecae9795e5d56b7e9f/r_24",
            "rotation": 0.12566370614359174,
            "transform_matrix": [
                [
                    0.9915260076522827,
                    0.10713806748390198,
                    0.07346881181001663,
                    0.2961622476577759
                ],
                [
                    0.12990856170654297,
                    -0.8177304267883301,
                    -0.5607500672340393,
                    -2.260455846786499
                ],
                [
                    3.725290298461914e-09,
                    0.5655425190925598,
                    -0.8247191309928894,
                    -3.3245489597320557
                ],
                [
                    0.0,
                    0.0,
                    0.0,
                    1.0
                ]
            ]
        },
        {
            "file_path": "/data/shapenet_blender/all_50_random/02958343/d474f5971b5e8ecae9795e5d56b7e9f/r_25",
            "rotation": 0.12566370614359174,
            "transform_matrix": [
                [
                    -0.9599238634109497,
                    -0.14258964359760284,
                    0.24127648770809174,
                    0.9726166725158691
                ],
                [
                    0.2802608907222748,
                    -0.48838499188423157,
                    0.8263980746269226,
                    3.33131742477417
                ],
                [
                    0.0,
                    0.8608996272087097,
                    0.5087746977806091,
                    2.050936698913574
                ],
                [
                    0.0,
                    0.0,
                    0.0,
                    1.0
                ]
            ]
        },
        {
            "file_path": "/data/shapenet_blender/all_50_random/02958343/d474f5971b5e8ecae9795e5d56b7e9f/r_26",
            "rotation": 0.12566370614359174,
            "transform_matrix": [
                [
                    -0.6486425995826721,
                    -0.12236929684877396,
                    -0.7511914372444153,
                    -3.028149366378784
                ],
                [
                    -0.7610931396484375,
                    0.10428939014673233,
                    0.6402038335800171,
                    2.5807440280914307
                ],
                [
                    0.0,
                    0.9869900941848755,
                    -0.16078098118305206,
                    -0.648128867149353
                ],
                [
                    0.0,
                    0.0,
                    0.0,
                    1.0
                ]
            ]
        },
        {
            "file_path": "/data/shapenet_blender/all_50_random/02958343/d474f5971b5e8ecae9795e5d56b7e9f/r_27",
            "rotation": 0.12566370614359174,
            "transform_matrix": [
                [
                    0.9104464650154114,
                    -0.13377702236175537,
                    0.3913963735103607,
                    1.5777692794799805
                ],
                [
                    0.4136272072792053,
                    0.29446038603782654,
                    -0.8615135550498962,
                    -3.472872257232666
                ],
                [
                    -7.450582373280668e-09,
                    0.9462540149688721,
                    0.32342419028282166,
                    1.3037645816802979
                ],
                [
                    0.0,
                    0.0,
                    0.0,
                    1.0
                ]
            ]
        },
        {
            "file_path": "/data/shapenet_blender/all_50_random/02958343/d474f5971b5e8ecae9795e5d56b7e9f/r_28",
            "rotation": 0.12566370614359174,
            "transform_matrix": [
                [
                    -0.9939841628074646,
                    -0.0363338440656662,
                    0.10332173854112625,
                    0.41650328040122986
                ],
                [
                    0.10952411592006683,
                    -0.32974717020988464,
                    0.9376946091651917,
                    3.779968023300171
                ],
                [
                    0.0,
                    0.9433698654174805,
                    0.3317428231239319,
                    1.3372981548309326
                ],
                [
                    0.0,
                    0.0,
                    0.0,
                    1.0
                ]
            ]
        },
        {
            "file_path": "/data/shapenet_blender/all_50_random/02958343/d474f5971b5e8ecae9795e5d56b7e9f/r_29",
            "rotation": 0.12566370614359174,
            "transform_matrix": [
                [
                    0.9289584159851074,
                    0.007196355145424604,
                    0.37011435627937317,
                    1.491978645324707
                ],
                [
                    0.3701843321323395,
                    -0.018058881163597107,
                    -0.9287827610969543,
                    -3.7440431118011475
                ],
                [
                    9.31322685637781e-10,
                    0.9998109340667725,
                    -0.019439926370978355,
                    -0.07836484909057617
                ],
                [
                    0.0,
                    0.0,
                    0.0,
                    1.0
                ]
            ]
        },
        {
            "file_path": "/data/shapenet_blender/all_50_random/02958343/d474f5971b5e8ecae9795e5d56b7e9f/r_30",
            "rotation": 0.12566370614359174,
            "transform_matrix": [
                [
                    -0.09126530587673187,
                    -0.4151735305786133,
                    0.9051527380943298,
                    3.648787498474121
                ],
                [
                    0.9958266019821167,
                    -0.038049738854169846,
                    0.0829552486538887,
                    0.33440330624580383
                ],
                [
                    3.725290298461914e-09,
                    0.9089460372924805,
                    0.41691353917121887,
                    1.68063223361969
                ],
                [
                    0.0,
                    0.0,
                    0.0,
                    1.0
                ]
            ]
        },
        {
            "file_path": "/data/shapenet_blender/all_50_random/02958343/d474f5971b5e8ecae9795e5d56b7e9f/r_31",
            "rotation": 0.12566370614359174,
            "transform_matrix": [
                [
                    -0.15218636393547058,
                    0.11080522835254669,
                    0.9821208715438843,
                    3.9590561389923096
                ],
                [
                    0.9883518218994141,
                    0.017061781138181686,
                    0.15122690796852112,
                    0.6096152067184448
                ],
                [
                    1.862645149230957e-09,
                    0.9936956167221069,
                    -0.11211112141609192,
                    -0.45193442702293396
                ],
                [
                    0.0,
                    0.0,
                    0.0,
                    1.0
                ]
            ]
        },
        {
            "file_path": "/data/shapenet_blender/all_50_random/02958343/d474f5971b5e8ecae9795e5d56b7e9f/r_32",
            "rotation": 0.12566370614359174,
            "transform_matrix": [
                [
                    -0.5431427955627441,
                    -0.023499106988310814,
                    -0.8393114805221558,
                    -3.3833727836608887
                ],
                [
                    -0.8396403789520264,
                    0.015200995840132236,
                    0.542930006980896,
                    2.1886208057403564
                ],
                [
                    0.0,
                    0.9996082782745361,
                    -0.027987109497189522,
                    -0.11281964927911758
                ],
                [
                    0.0,
                    0.0,
                    0.0,
                    1.0
                ]
            ]
        },
        {
            "file_path": "/data/shapenet_blender/all_50_random/02958343/d474f5971b5e8ecae9795e5d56b7e9f/r_33",
            "rotation": 0.12566370614359174,
            "transform_matrix": [
                [
                    -0.7450887560844421,
                    0.3025158643722534,
                    -0.5944130420684814,
                    -2.396155834197998
                ],
                [
                    -0.6669653654098511,
                    -0.33795031905174255,
                    0.6640381813049316,
                    2.676823854446411
                ],
                [
                    1.4901161193847656e-08,
                    0.8912203907966614,
                    0.45357054471969604,
                    1.8284014463424683
                ],
                [
                    0.0,
                    0.0,
                    0.0,
                    1.0
                ]
            ]
        },
        {
            "file_path": "/data/shapenet_blender/all_50_random/02958343/d474f5971b5e8ecae9795e5d56b7e9f/r_34",
            "rotation": 0.12566370614359174,
            "transform_matrix": [
                [
                    0.16407270729541779,
                    -0.012283055111765862,
                    0.9863717555999756,
                    3.976191759109497
                ],
                [
                    0.9864482283592224,
                    0.0020430004224181175,
                    -0.16405998170375824,
                    -0.6613469123840332
                ],
                [
                    0.0,
                    0.9999225735664368,
                    0.012451797723770142,
                    0.05019480362534523
                ],
                [
                    0.0,
                    0.0,
                    0.0,
                    1.0
                ]
            ]
        },
        {
            "file_path": "/data/shapenet_blender/all_50_random/02958343/d474f5971b5e8ecae9795e5d56b7e9f/r_35",
            "rotation": 0.12566370614359174,
            "transform_matrix": [
                [
                    0.9634698629379272,
                    0.15352803468704224,
                    -0.21944256126880646,
                    -0.8846012353897095
                ],
                [
                    -0.2678169012069702,
                    0.5523162484169006,
                    -0.7894433736801147,
                    -3.1823480129241943
                ],
                [
                    7.450580596923828e-09,
                    0.8193752765655518,
                    0.5732574462890625,
                    2.3108747005462646
                ],
                [
                    0.0,
                    0.0,
                    0.0,
                    1.0
                ]
            ]
        },
        {
            "file_path": "/data/shapenet_blender/all_50_random/02958343/d474f5971b5e8ecae9795e5d56b7e9f/r_36",
            "rotation": 0.12566370614359174,
            "transform_matrix": [
                [
                    -0.1635071039199829,
                    -0.12465972453355789,
                    0.9786344170570374,
                    3.9450016021728516
                ],
                [
                    0.9865422248840332,
                    -0.020660798996686935,
                    0.16219648718833923,
                    0.6538349390029907
                ],
                [
                    0.0,
                    0.9919844269752502,
                    0.12636025249958038,
                    0.5093744993209839
                ],
                [
                    0.0,
                    0.0,
                    0.0,
                    1.0
                ]
            ]
        },
        {
            "file_path": "/data/shapenet_blender/all_50_random/02958343/d474f5971b5e8ecae9795e5d56b7e9f/r_37",
            "rotation": 0.12566370614359174,
            "transform_matrix": [
                [
                    0.530102014541626,
                    -0.08569906651973724,
                    -0.8435920476913452,
                    -3.400628089904785
                ],
                [
                    -0.8479338884353638,
                    -0.053576402366161346,
                    -0.5273876190185547,
                    -2.125967502593994
                ],
                [
                    0.0,
                    0.9948795437812805,
                    -0.10106810182332993,
                    -0.40741851925849915
                ],
                [
                    0.0,
                    0.0,
                    0.0,
                    1.0
                ]
            ]
        },
        {
            "file_path": "/data/shapenet_blender/all_50_random/02958343/d474f5971b5e8ecae9795e5d56b7e9f/r_38",
            "rotation": 0.12566370614359174,
            "transform_matrix": [
                [
                    0.8308599591255188,
                    0.5402666926383972,
                    -0.1333543211221695,
                    -0.5375683903694153
                ],
                [
                    -0.5564813017845154,
                    0.8066505789756775,
                    -0.19910599291324615,
                    -0.8026218414306641
                ],
                [
                    0.0,
                    0.23963840305805206,
                    0.9708622694015503,
                    3.913670539855957
                ],
                [
                    0.0,
                    0.0,
                    0.0,
                    1.0
                ]
            ]
        },
        {
            "file_path": "/data/shapenet_blender/all_50_random/02958343/d474f5971b5e8ecae9795e5d56b7e9f/r_39",
            "rotation": 0.12566370614359174,
            "transform_matrix": [
                [
                    0.1470140516757965,
                    -0.8740054368972778,
                    -0.46314290165901184,
                    -1.8669887781143188
                ],
                [
                    -0.9891344904899597,
                    -0.12990254163742065,
                    -0.06883645802736282,
                    -0.277488648891449
                ],
                [
                    0.0,
                    0.4682304263114929,
                    -0.8836063742637634,
                    -3.5619311332702637
                ],
                [
                    0.0,
                    0.0,
                    0.0,
                    1.0
                ]
            ]
        },
        {
            "file_path": "/data/shapenet_blender/all_50_random/02958343/d474f5971b5e8ecae9795e5d56b7e9f/r_40",
            "rotation": 0.12566370614359174,
            "transform_matrix": [
                [
                    0.028654184192419052,
                    -0.7479633092880249,
                    0.6631212830543518,
                    2.6731274127960205
                ],
                [
                    0.9995894432067871,
                    0.021441081538796425,
                    -0.019009003415703773,
                    -0.07662774622440338
                ],
                [
                    -9.31322685637781e-10,
                    0.6633936166763306,
                    0.748270571231842,
                    3.0163750648498535
                ],
                [
                    0.0,
                    0.0,
                    0.0,
                    1.0
                ]
            ]
        },
        {
            "file_path": "/data/shapenet_blender/all_50_random/02958343/d474f5971b5e8ecae9795e5d56b7e9f/r_41",
            "rotation": 0.12566370614359174,
            "transform_matrix": [
                [
                    -0.5452520847320557,
                    -0.6929569840431213,
                    -0.4717104732990265,
                    -1.9015257358551025
                ],
                [
                    -0.8382720947265625,
                    0.4507322609424591,
                    0.3068229556083679,
                    1.2368428707122803
                ],
