{
    "class": "02958343",
    "model": "389cc4b8b1e28d1770905bc56bbeab9f",
    "remove_doubles": true,
    "edge_split": true,
    "denoise": true,
    "camera_angle_x": 0.6911112070083618,
    "scale_factor": 2.256294667724979,
    "hdri_file": "/data/IndoorHDRDataset2018/9C4A1975-a3f882b631.exr",
    "center_offset": [
        0.0,
        -1.862645149230957e-09,
        -3.725290298461914e-09
    ],
    "lights": [],
    "frames": [
        {
            "file_path": "/data/shapenet_blender/all_50_random/02958343/389cc4b8b1e28d1770905bc56bbeab9f/r_0",
            "rotation": 0.12566370614359174,
            "transform_matrix": [
                [
                    0.34617453813552856,
                    0.04178937152028084,
                    -0.9372388124465942,
                    -3.7781310081481934
                ],
                [
                    -0.9381701946258545,
                    0.015419820323586464,
                    -0.34583088755607605,
                    -1.3940889835357666
                ],
                [
                    -9.31322685637781e-10,
                    0.9990073442459106,
                    0.044543489813804626,
                    0.1795605719089508
                ],
                [
                    0.0,
                    0.0,
                    0.0,
                    1.0
                ]
            ]
        },
        {
            "file_path": "/data/shapenet_blender/all_50_random/02958343/389cc4b8b1e28d1770905bc56bbeab9f/r_1",
            "rotation": 0.12566370614359174,
            "transform_matrix": [
                [
                    -0.4788045883178711,
                    -0.3992486298084259,
                    -0.7818865776062012,
                    -3.151885747909546
                ],
                [
                    -0.8779215812683105,
                    0.2177438884973526,
                    0.42642858624458313,
                    1.7189887762069702
                ],
                [
                    0.0,
                    0.8906110525131226,
                    -0.4547657072544098,
                    -1.833219289779663
                ],
                [
                    0.0,
                    0.0,
                    0.0,
                    1.0
                ]
            ]
        },
        {
            "file_path": "/data/shapenet_blender/all_50_random/02958343/389cc4b8b1e28d1770905bc56bbeab9f/r_2",
            "rotation": 0.12566370614359174,
            "transform_matrix": [
                [
                    -0.6867971420288086,
                    0.03728326037526131,
                    0.7258923053741455,
                    2.9261651039123535
                ],
                [
                    0.7268490791320801,
                    0.03522882238030434,
                    0.6858931183815002,
                    2.764923334121704
                ],
                [
                    0.0,
                    0.9986836314201355,
                    -0.05129436030983925,
                    -0.20677416026592255
                ],
                [
                    0.0,
                    0.0,
                    0.0,
                    1.0
                ]
            ]
        },
        {
            "file_path": "/data/shapenet_blender/all_50_random/02958343/389cc4b8b1e28d1770905bc56bbeab9f/r_3",
            "rotation": 0.12566370614359174,
            "transform_matrix": [
                [
                    0.9065285325050354,
                    -0.38618484139442444,
                    0.17049163579940796,
                    0.6872738003730774
                ],
                [
                    0.42214468121528625,
                    0.8293070793151855,
                    -0.3661198318004608,
                    -1.4758763313293457
                ],
                [
                    0.0,
                    0.4038700759410858,
                    0.9148162603378296,
                    3.6877424716949463
                ],
                [
                    0.0,
                    0.0,
                    0.0,
                    1.0
                ]
            ]
        },
        {
            "file_path": "/data/shapenet_blender/all_50_random/02958343/389cc4b8b1e28d1770905bc56bbeab9f/r_4",
            "rotation": 0.12566370614359174,
            "transform_matrix": [
                [
                    -0.291249543428421,
                    0.07722924649715424,
                    0.9535247087478638,
                    3.843780994415283
                ],
                [
                    0.9566472172737122,
                    0.023512307554483414,
                    0.2902989089488983,
                    1.1702322959899902
                ],
                [
                    0.0,
                    0.9967359900474548,
                    -0.08072909712791443,
                    -0.32542940974235535
                ],
                [
                    0.0,
                    0.0,
                    0.0,
                    1.0
                ]
            ]
        },
        {
            "file_path": "/data/shapenet_blender/all_50_random/02958343/389cc4b8b1e28d1770905bc56bbeab9f/r_5",
            "rotation": 0.12566370614359174,
            "transform_matrix": [
                [
                    -0.7479768395423889,
                    0.09121616929769516,
                    0.6574270725250244,
                    2.6501731872558594
                ],
                [
                    0.6637248992919922,
                    0.10279497504234314,
                    0.7408795952796936,
                    2.9865810871124268
                ],
                [
                    0.0,
                    0.9905113577842712,
                    -0.13743069767951965,
                    -0.5540008544921875
                ],
                [
                    0.0,
                    0.0,
                    0.0,
                    1.0
                ]
            ]
        },
        {
            "file_path": "/data/shapenet_blender/all_50_random/02958343/389cc4b8b1e28d1770905bc56bbeab9f/r_6",
            "rotation": 0.12566370614359174,
            "transform_matrix": [
                [
                    -0.32830408215522766,
                    0.40948885679244995,
                    -0.8511963486671448,
                    -3.4312822818756104
                ],
                [
                    -0.9445720314979553,
                    -0.14232568442821503,
                    0.29584959149360657,
                    1.1926078796386719
                ],
                [
                    0.0,
                    0.9011449217796326,
                    0.43351781368255615,
                    1.7475662231445312
                ],
                [
                    0.0,
                    0.0,
                    0.0,
                    1.0
                ]
            ]
        },
        {
            "file_path": "/data/shapenet_blender/all_50_random/02958343/389cc4b8b1e28d1770905bc56bbeab9f/r_7",
            "rotation": 0.12566370614359174,
            "transform_matrix": [
                [
                    0.11521878093481064,
                    0.39993852376937866,
                    -0.9092710018157959,
                    -3.665388584136963
                ],
                [
                    -0.9933401346206665,
                    0.0463893748819828,
                    -0.10546749085187912,
                    -0.42515304684638977
                ],
                [
                    0.0,
                    0.9153671860694885,
                    0.40261995792388916,
                    1.6230130195617676
                ],
                [
                    0.0,
                    0.0,
                    0.0,
                    1.0
                ]
            ]
        },
        {
            "file_path": "/data/shapenet_blender/all_50_random/02958343/389cc4b8b1e28d1770905bc56bbeab9f/r_8",
            "rotation": 0.12566370614359174,
            "transform_matrix": [
                [
                    0.5898468494415283,
                    -0.03947985917329788,
                    -0.8065495491027832,
                    -3.251304864883423
                ],
                [
                    -0.8075151443481445,
                    -0.028837934136390686,
                    -0.5891414880752563,
                    -2.3749051094055176
                ],
                [
                    0.0,
                    0.9988041520118713,
                    -0.048890553414821625,
                    -0.19708409905433655
                ],
                [
                    0.0,
                    0.0,
                    0.0,
                    1.0
                ]
            ]
        },
        {
            "file_path": "/data/shapenet_blender/all_50_random/02958343/389cc4b8b1e28d1770905bc56bbeab9f/r_9",
            "rotation": 0.12566370614359174,
            "transform_matrix": [
                [
                    -0.9800969362258911,
                    0.17673946917057037,
                    0.09040624648332596,
                    0.3644392788410187
                ],
                [
                    0.19851988554000854,
                    0.8725666403770447,
                    0.44633761048316956,
                    1.7992445230484009
                ],
                [
                    -7.450581485102248e-09,
                    0.4554014503955841,
                    -0.8902860283851624,
                    -3.588858127593994
                ],
                [
                    0.0,
                    0.0,
                    0.0,
                    1.0
                ]
            ]
        },
        {
            "file_path": "/data/shapenet_blender/all_50_random/02958343/389cc4b8b1e28d1770905bc56bbeab9f/r_10",
            "rotation": 0.12566370614359174,
            "transform_matrix": [
                [
                    0.9944619536399841,
                    0.031385116279125214,
                    0.10030175000429153,
                    0.4043292999267578
                ],
                [
                    0.10509742051362991,
                    -0.29697495698928833,
                    -0.9490839838981628,
                    -3.8258798122406006
                ],
                [
                    -3.725290298461914e-09,
                    0.9543692469596863,
                    -0.2986288368701935,
                    -1.2038112878799438
                ],
                [
                    0.0,
                    0.0,
                    0.0,
                    1.0
                ]
            ]
        },
        {
            "file_path": "/data/shapenet_blender/all_50_random/02958343/389cc4b8b1e28d1770905bc56bbeab9f/r_11",
            "rotation": 0.12566370614359174,
            "transform_matrix": [
                [
                    0.724927544593811,
                    -0.1881459504365921,
                    -0.6626319885253906,
                    -2.671154737472534
                ],
                [
                    -0.6888250708580017,
                    -0.1980070024728775,
                    -0.6973616480827332,
                    -2.811154365539551
                ],
                [
                    0.0,
                    0.9619742035865784,
                    -0.27314040064811707,
                    -1.1010640859603882
                ],
                [
                    0.0,
                    0.0,
                    0.0,
                    1.0
                ]
            ]
        },
        {
            "file_path": "/data/shapenet_blender/all_50_random/02958343/389cc4b8b1e28d1770905bc56bbeab9f/r_12",
            "rotation": 0.12566370614359174,
            "transform_matrix": [
                [
                    0.8207314610481262,
                    -0.16810064017772675,
                    0.5460238456726074,
                    2.20109224319458
                ],
                [
                    0.5713140964508057,
                    0.24148796498775482,
                    -0.7844002842903137,
                    -3.162018299102783
                ],
                [
                    0.0,
                    0.9557330012321472,
                    0.29423508048057556,
                    1.1860994100570679
                ],
                [
                    0.0,
                    0.0,
                    0.0,
                    1.0
                ]
            ]
        },
        {
            "file_path": "/data/shapenet_blender/all_50_random/02958343/389cc4b8b1e28d1770905bc56bbeab9f/r_13",
            "rotation": 0.12566370614359174,
            "transform_matrix": [
                [
                    0.0706702396273613,
                    -0.43364039063453674,
                    -0.8983104228973389,
                    -3.6212053298950195
                ],
                [
                    -0.9974997639656067,
                    -0.03072228468954563,
                    -0.06364293396472931,
                    -0.25655290484428406
                ],
                [
                    0.0,
                    0.9005621671676636,
                    -0.434727281332016,
                    -1.7524418830871582
                ],
                [
                    0.0,
                    0.0,
                    0.0,
                    1.0
                ]
            ]
        },
        {
            "file_path": "/data/shapenet_blender/all_50_random/02958343/389cc4b8b1e28d1770905bc56bbeab9f/r_14",
            "rotation": 0.12566370614359174,
            "transform_matrix": [
                [
                    -0.36107954382896423,
                    0.10151401162147522,
                    -0.9269932508468628,
                    -3.7368292808532715
                ],
                [
                    -0.93253493309021,
                    -0.03930644690990448,
                    0.35893380641937256,
                    1.4469084739685059
                ],
                [
                    0.0,
                    0.9940572381019592,
                    0.108858123421669,
                    0.43882113695144653
                ],
                [
                    0.0,
                    0.0,
                    0.0,
                    1.0
                ]
            ]
        },
        {
            "file_path": "/data/shapenet_blender/all_50_random/02958343/389cc4b8b1e28d1770905bc56bbeab9f/r_15",
            "rotation": 0.12566370614359174,
            "transform_matrix": [
                [
                    0.9856377243995667,
                    -0.02443462237715721,
                    -0.1670968234539032,
                    -0.673588752746582
                ],
                [
                    -0.16887390613555908,
                    -0.14261342585086823,
                    -0.9752656817436218,
                    -3.9314212799072266
                ],
                [
                    -1.862645149230957e-09,
                    0.9894767999649048,
                    -0.14469152688980103,
                    -0.5832701325416565
                ],
                [
                    0.0,
                    0.0,
                    0.0,
                    1.0
                ]
            ]
        },
        {
            "file_path": "/data/shapenet_blender/all_50_random/02958343/389cc4b8b1e28d1770905bc56bbeab9f/r_16",
            "rotation": 0.12566370614359174,
            "transform_matrix": [
                [
                    0.9677221179008484,
                    -0.09464842081069946,
                    0.23357127606868744,
                    0.9415559768676758
                ],
                [
                    0.25201958417892456,
                    0.3634375035762787,
                    -0.8968830108642578,
                    -3.6154513359069824
                ],
                [
                    -7.450580596923828e-09,
                    0.9267981052398682,
                    0.3755597472190857,
                    1.513929843902588
                ],
                [
                    0.0,
                    0.0,
                    0.0,
                    1.0
                ]
            ]
        },
        {
            "file_path": "/data/shapenet_blender/all_50_random/02958343/389cc4b8b1e28d1770905bc56bbeab9f/r_17",
            "rotation": 0.12566370614359174,
            "transform_matrix": [
                [
                    0.9919549822807312,
                    0.012644484639167786,
                    -0.1259578913450241,
                    -0.5077524781227112
                ],
                [
                    -0.12659098207950592,
                    0.09908099472522736,
                    -0.9869942665100098,
                    -3.978701114654541
                ],
                [
                    0.0,
                    0.9949989914894104,
                    0.09988457709550858,
                    0.40264761447906494
                ],
                [
                    0.0,
                    0.0,
                    0.0,
                    1.0
                ]
            ]
        },
        {
            "file_path": "/data/shapenet_blender/all_50_random/02958343/389cc4b8b1e28d1770905bc56bbeab9f/r_18",
            "rotation": 0.12566370614359174,
            "transform_matrix": [
                [
                    0.29343676567077637,
                    0.14026503264904022,
                    0.9456323981285095,
                    3.8119661808013916
                ],
                [
                    0.9559785723686218,
                    -0.04305422678589821,
                    -0.29026103019714355,
                    -1.1700795888900757
                ],
                [
                    -3.725290298461914e-09,
                    0.9891775250434875,
                    -0.14672403037548065,
                    -0.5914635062217712
                ],
                [
                    0.0,
                    0.0,
                    0.0,
                    1.0
                ]
            ]
        },
        {
            "file_path": "/data/shapenet_blender/all_50_random/02958343/389cc4b8b1e28d1770905bc56bbeab9f/r_19",
            "rotation": 0.12566370614359174,
            "transform_matrix": [
                [
                    0.7863736748695374,
                    0.12770405411720276,
                    -0.6044073700904846,
                    -2.436444044113159
                ],
                [
                    -0.6177513003349304,
                    0.16256234049797058,
                    -0.7693873047828674,
                    -3.101499319076538
                ],
                [
                    0.0,
                    0.9783992171287537,
                    0.20672407746315002,
                    0.8333313465118408
                ],
                [
                    0.0,
                    0.0,
                    0.0,
                    1.0
                ]
            ]
        },
        {
            "file_path": "/data/shapenet_blender/all_50_random/02958343/389cc4b8b1e28d1770905bc56bbeab9f/r_20",
            "rotation": 0.12566370614359174,
            "transform_matrix": [
                [
                    0.9023891687393188,
                    0.20417121052742004,
                    -0.37948375940322876,
                    -1.5297479629516602
                ],
                [
                    -0.4309220612049103,
                    0.427552729845047,
                    -0.7946727871894836,
                    -3.2034285068511963
                ],
                [
                    0.0,
                    0.8806320428848267,
                    0.47380080819129944,
                    1.909952163696289
                ],
                [
                    0.0,
                    0.0,
                    0.0,
                    1.0
                ]
            ]
        },
        {
            "file_path": "/data/shapenet_blender/all_50_random/02958343/389cc4b8b1e28d1770905bc56bbeab9f/r_21",
            "rotation": 0.12566370614359174,
            "transform_matrix": [
                [
                    0.8337327837944031,
                    -0.26374825835227966,
                    -0.48510465025901794,
                    -1.955519437789917
                ],
                [
                    -0.5521681308746338,
                    -0.39824020862579346,
                    -0.7324718236923218,
                    -2.952688455581665
                ],
                [
                    0.0,
                    0.8785450458526611,
                    -0.4776593744754791,
                    -1.9255064725875854
                ],
                [
                    0.0,
                    0.0,
                    0.0,
                    1.0
                ]
            ]
        },
        {
            "file_path": "/data/shapenet_blender/all_50_random/02958343/389cc4b8b1e28d1770905bc56bbeab9f/r_22",
            "rotation": 0.12566370614359174,
            "transform_matrix": [
                [
                    -0.2915245592594147,
                    -0.21820399165153503,
                    -0.9313433766365051,
                    -3.7543652057647705
                ],
                [
                    -0.9565633535385132,
                    0.06650037318468094,
                    0.2838384509086609,
                    1.1441893577575684
                ],
                [
                    0.0,
                    0.9736348390579224,
                    -0.22811242938041687,
                    -0.9195505976676941
                ],
                [
                    0.0,
                    0.0,
                    0.0,
                    1.0
                ]
            ]
        },
        {
            "file_path": "/data/shapenet_blender/all_50_random/02958343/389cc4b8b1e28d1770905bc56bbeab9f/r_23",
            "rotation": 0.12566370614359174,
            "transform_matrix": [
                [
                    0.27175089716911316,
                    -0.36448192596435547,
                    0.8906763195991516,
                    3.5904312133789062
                ],
                [
                    0.9623676538467407,
                    0.10292146354913712,
                    -0.25150686502456665,
                    -1.0138567686080933
                ],
                [
                    0.0,
                    0.9255052804946899,
                    0.3787345886230469,
                    1.5267280340194702
                ],
                [
                    0.0,
                    0.0,
                    0.0,
                    1.0
                ]
            ]
        },
        {
            "file_path": "/data/shapenet_blender/all_50_random/02958343/389cc4b8b1e28d1770905bc56bbeab9f/r_24",
            "rotation": 0.12566370614359174,
            "transform_matrix": [
                [
                    -0.9475207328796387,
                    -0.15848085284233093,
                    0.27764785289764404,
                    1.119234323501587
                ],
                [
                    0.3196943998336792,
                    -0.46971070766448975,
                    0.822901725769043,
                    3.317223072052002
                ],
                [
                    0.0,
                    0.8684788942337036,
                    0.495726078748703,
                    1.9983357191085815
                ],
                [
                    0.0,
                    0.0,
                    0.0,
                    1.0
                ]
            ]
        },
        {
            "file_path": "/data/shapenet_blender/all_50_random/02958343/389cc4b8b1e28d1770905bc56bbeab9f/r_25",
            "rotation": 0.12566370614359174,
            "transform_matrix": [
                [
                    0.9658375978469849,
                    0.04699411988258362,
                    0.25485190749168396,
                    1.0273408889770508
                ],
                [
                    0.259148508310318,
                    -0.1751454770565033,
                    -0.9498242735862732,
                    -3.828864097595215
                ],
                [
                    3.725290742551124e-09,
                    0.9834203124046326,
                    -0.1813405305147171,
                    -0.7310070395469666
                ],
                [
                    0.0,
                    0.0,
                    0.0,
                    1.0
                ]
            ]
        },
        {
            "file_path": "/data/shapenet_blender/all_50_random/02958343/389cc4b8b1e28d1770905bc56bbeab9f/r_26",
            "rotation": 0.12566370614359174,
            "transform_matrix": [
                [
                    -0.44631755352020264,
                    -0.09036526829004288,
                    -0.890300452709198,
                    -3.5889155864715576
                ],
                [
                    -0.8948747515678406,
                    0.04506955295801163,
                    0.4440361261367798,
                    1.7899667024612427
                ],
                [
                    0.0,
                    0.9948883056640625,
                    -0.10098093748092651,
                    -0.40706712007522583
                ],
                [
                    0.0,
                    0.0,
                    0.0,
                    1.0
                ]
            ]
        },
        {
            "file_path": "/data/shapenet_blender/all_50_random/02958343/389cc4b8b1e28d1770905bc56bbeab9f/r_27",
            "rotation": 0.12566370614359174,
            "transform_matrix": [
                [
                    -0.2583499252796173,
                    -0.674125611782074,
                    -0.6919609904289246,
                    -2.789383888244629
                ],
                [
                    -0.966051459312439,
                    0.18028058111667633,
                    0.18505026400089264,
                    0.7459614872932434
                ],
                [
                    7.450581485102248e-09,
                    0.7162774801254272,
                    -0.697815477848053,
                    -2.8129842281341553
                ],
                [
                    0.0,
                    0.0,
                    0.0,
                    1.0
                ]
            ]
        },
        {
            "file_path": "/data/shapenet_blender/all_50_random/02958343/389cc4b8b1e28d1770905bc56bbeab9f/r_28",
            "rotation": 0.12566370614359174,
            "transform_matrix": [
                [
                    0.2511570453643799,
                    0.6240257620811462,
                    0.7399404644966125,
                    2.982795476913452
                ],
                [
                    0.9679463505744934,
                    -0.16191856563091278,
                    -0.19199542701244354,
                    -0.7739583253860474
                ],
                [
                    7.450580596923828e-09,
                    0.7644436955451965,
                    -0.6446903944015503,
                    -2.598830223083496
                ],
                [
                    0.0,
                    0.0,
                    0.0,
                    1.0
                ]
            ]
        },
        {
            "file_path": "/data/shapenet_blender/all_50_random/02958343/389cc4b8b1e28d1770905bc56bbeab9f/r_29",
            "rotation": 0.12566370614359174,
            "transform_matrix": [
                [
                    -0.3379373252391815,
                    -0.08024357259273529,
                    -0.9377415180206299,
                    -3.7801573276519775
                ],
                [
                    -0.9411687254905701,
                    0.028812367469072342,
                    0.3367067575454712,
                    1.3573085069656372
                ],
                [
                    -1.862645371275562e-09,
                    0.9963587522506714,
                    -0.08525949716567993,
                    -0.3436920642852783
                ],
                [
                    0.0,
                    0.0,
                    0.0,
                    1.0
                ]
            ]
        },
        {
            "file_path": "/data/shapenet_blender/all_50_random/02958343/389cc4b8b1e28d1770905bc56bbeab9f/r_30",
            "rotation": 0.12566370614359174,
            "transform_matrix": [
                [
                    -0.4387575089931488,
                    -0.35468652844429016,
                    0.8256447911262512,
                    3.3282806873321533
                ],
                [
                    0.8986055850982666,
                    -0.17318095266819,
                    0.4031333327293396,
                    1.6250824928283691
                ],
                [
                    0.0,
                    0.918806791305542,
                    0.39470770955085754,
                    1.5911176204681396
                ],
                [
                    0.0,
                    0.0,
                    0.0,
                    1.0
                ]
            ]
        },
        {
            "file_path": "/data/shapenet_blender/all_50_random/02958343/389cc4b8b1e28d1770905bc56bbeab9f/r_31",
            "rotation": 0.12566370614359174,
            "transform_matrix": [
                [
                    -0.5006876587867737,
                    -0.04048521816730499,
                    0.864680826663971,
                    3.4856395721435547
                ],
                [
                    0.8656280040740967,
                    -0.023417042568325996,
                    0.5001397728919983,
                    2.016127586364746
                ],
                [
                    0.0,
                    0.9989057183265686,
                    0.04676976054906845,
                    0.1885349154472351
                ],
                [
                    0.0,
                    0.0,
                    0.0,
                    1.0
                ]
            ]
        },
        {
            "file_path": "/data/shapenet_blender/all_50_random/02958343/389cc4b8b1e28d1770905bc56bbeab9f/r_32",
            "rotation": 0.12566370614359174,
            "transform_matrix": [
                [
                    0.9021077752113342,
                    0.340918630361557,
                    0.2645297944545746,
                    1.0663535594940186
                ],
                [
                    0.4315108358860016,
                    -0.712717592716217,
                    -0.5530206561088562,
                    -2.229297399520874
                ],
                [
                    -1.4901161193847656e-08,
                    0.6130316853523254,
                    -0.7900583744049072,
                    -3.1848268508911133
                ],
                [
                    0.0,
                    0.0,
                    0.0,
                    1.0
                ]
            ]
        },
        {
            "file_path": "/data/shapenet_blender/all_50_random/02958343/389cc4b8b1e28d1770905bc56bbeab9f/r_33",
            "rotation": 0.12566370614359174,
            "transform_matrix": [
                [
                    0.5209810137748718,
                    0.08814968168735504,
                    -0.849004328250885,
                    -3.422445774078369
                ],
                [
                    -0.8535681366920471,
                    0.05380275100469589,
                    -0.5181954503059387,
                    -2.0889127254486084
                ],
                [
                    3.7252896323280993e-09,
                    0.9946531057357788,
                    0.10327199101448059,
                    0.4163026809692383
                ],
                [
                    0.0,
                    0.0,
                    0.0,
                    1.0
                ]
            ]
        },
        {
            "file_path": "/data/shapenet_blender/all_50_random/02958343/389cc4b8b1e28d1770905bc56bbeab9f/r_34",
            "rotation": 0.12566370614359174,
            "transform_matrix": [
                [
                    0.5940113663673401,
                    0.4780588448047638,
                    0.6470009684562683,
                    2.6081442832946777
                ],
                [
                    0.8044567108154297,
                    -0.3529989719390869,
                    -0.4777459502220154,
                    -1.9258555173873901
                ],
                [
                    0.0,
                    0.8042706251144409,
                    -0.5942630171775818,
                    -2.3955507278442383
                ],
                [
                    0.0,
                    0.0,
                    0.0,
                    1.0
                ]
            ]
        },
        {
            "file_path": "/data/shapenet_blender/all_50_random/02958343/389cc4b8b1e28d1770905bc56bbeab9f/r_35",
            "rotation": 0.12566370614359174,
            "transform_matrix": [
                [
                    -0.9888843894004822,
                    -0.003223964013159275,
                    -0.14865104854106903,
                    -0.5992316007614136
                ],
                [
                    -0.1486860066652298,
                    0.02144201472401619,
                    0.9886518716812134,
                    3.9853835105895996
                ],
                [
                    2.3283064365386963e-10,
                    0.9997647404670715,
                    -0.02168303355574608,
                    -0.08740711212158203
                ],
                [
                    0.0,
                    0.0,
                    0.0,
                    1.0
                ]
            ]
        },
        {
            "file_path": "/data/shapenet_blender/all_50_random/02958343/389cc4b8b1e28d1770905bc56bbeab9f/r_36",
            "rotation": 0.12566370614359174,
            "transform_matrix": [
                [
                    0.1401887834072113,
                    0.038386475294828415,
                    0.9893803596496582,
                    3.9883198738098145
                ],
                [
                    0.9901248216629028,
                    -0.005435024853795767,
                    -0.14008337259292603,
                    -0.5646941661834717
                ],
                [
                    0.0,
                    0.9992480874061584,
                    -0.03876933455467224,
                    -0.1562841832637787
                ],
                [
                    0.0,
                    0.0,
                    0.0,
                    1.0
                ]
            ]
        },
        {
            "file_path": "/data/shapenet_blender/all_50_random/02958343/389cc4b8b1e28d1770905bc56bbeab9f/r_37",
            "rotation": 0.12566370614359174,
            "transform_matrix": [
                [
                    -0.20480069518089294,
                    -0.6092430949211121,
                    0.7660806179046631,
                    3.088169813156128
                ],
                [
                    0.9788037538528442,
                    -0.12747541069984436,
                    0.1602914184331894,
                    0.6461553573608398
                ],
                [
                    7.450580596923828e-09,
                    0.7826703786849976,
                    0.6224364638328552,
                    2.5091216564178467
                ],
                [
                    0.0,
                    0.0,
                    0.0,
                    1.0
                ]
            ]
        },
        {
            "file_path": "/data/shapenet_blender/all_50_random/02958343/389cc4b8b1e28d1770905bc56bbeab9f/r_38",
            "rotation": 0.12566370614359174,
            "transform_matrix": [
                [
                    -0.9696655869483948,
                    -0.007354176137596369,
                    -0.2443247139453888,
                    -0.9849044680595398
                ],
                [
                    -0.2444353848695755,
                    0.029173728078603745,
                    0.9692265391349792,
                    3.9070773124694824
                ],
                [
                    0.0,
                    0.9995472431182861,
                    -0.030086379498243332,
                    -0.12128208577632904
                ],
                [
                    0.0,
                    0.0,
                    0.0,
                    1.0
                ]
            ]
        },
        {
            "file_path": "/data/shapenet_blender/all_50_random/02958343/389cc4b8b1e28d1770905bc56bbeab9f/r_39",
            "rotation": 0.12566370614359174,
            "transform_matrix": [
                [
                    0.9955430626869202,
                    0.034428078681230545,
                    0.08780054748058319,
                    0.3539353609085083
                ],
                [
                    0.0943092405796051,
                    -0.3634282052516937,
                    -0.9268363118171692,
                    -3.736196994781494
                ],
                [
                    3.725290742551124e-09,
                    0.9309857487678528,
                    -0.36505529284477234,
                    -1.4715850353240967
                ],
                [
                    0.0,
                    0.0,
                    0.0,
                    1.0
                ]
            ]
        },
        {
            "file_path": "/data/shapenet_blender/all_50_random/02958343/389cc4b8b1e28d1770905bc56bbeab9f/r_40",
            "rotation": 0.12566370614359174,
            "transform_matrix": [
                [
                    -0.6159623861312866,
                    -0.3854440748691559,
                    -0.6870394349098206,
                    -2.7695446014404297
                ],
                [
                    -0.7877756357192993,
                    0.3013790249824524,
                    0.537196695804596,
                    2.1655092239379883
                ],
                [
                    0.0,
                    0.8721259236335754,
                    -0.4892815947532654,
                    -1.972357153892517
                ],
                [
                    0.0,
                    0.0,
                    0.0,
                    1.0
                ]
            ]
        },
        {
            "file_path": "/data/shapenet_blender/all_50_random/02958343/389cc4b8b1e28d1770905bc56bbeab9f/r_41",
            "rotation": 0.12566370614359174,
            "transform_matrix": [
                [
                    0.9984290599822998,
                    -0.036959968507289886,
                    -0.04211248829960823,
                    -0.16976088285446167
                ],
                [
                    -0.056031256914138794,
                    -0.6585949659347534,
                    -0.7504084706306458,
                    -3.024993658065796
                ],
                [
                    1.862645371275562e-09,
