{
    "class": "02958343",
    "model": "fdd3f02c294518341944f01d3ab2091b",
    "remove_doubles": true,
    "edge_split": true,
    "denoise": true,
    "camera_angle_x": 0.6911112070083618,
    "scale_factor": 2.2681317064966935,
    "hdri_file": "/data/IndoorHDRDataset2018/AG8A1340-a9863f589a.exr",
    "center_offset": [
        0.0,
        -1.862645149230957e-09,
        -3.725290298461914e-09
    ],
    "lights": [],
    "frames": [
        {
            "file_path": "/data/shapenet_blender/all_50_random/02958343/fdd3f02c294518341944f01d3ab2091b/r_0",
            "rotation": 0.12566370614359174,
            "transform_matrix": [
                [
                    0.8555824756622314,
                    -0.5062035322189331,
                    0.10833539813756943,
                    0.43671393394470215
                ],
                [
                    0.5176664590835571,
                    0.8366369009017944,
                    -0.17905326187610626,
                    -0.7217867374420166
                ],
                [
                    0.0,
                    0.20927657186985016,
                    0.9778565168380737,
                    3.9418654441833496
                ],
                [
                    0.0,
                    0.0,
                    0.0,
                    1.0
                ]
            ]
        },
        {
            "file_path": "/data/shapenet_blender/all_50_random/02958343/fdd3f02c294518341944f01d3ab2091b/r_1",
            "rotation": 0.12566370614359174,
            "transform_matrix": [
                [
                    0.9998837113380432,
                    0.009985331445932388,
                    -0.011521647684276104,
                    -0.046445250511169434
                ],
                [
                    -0.015246480703353882,
                    0.6548507809638977,
                    -0.7556043863296509,
                    -3.0459389686584473
                ],
                [
                    0.0,
                    0.7556922435760498,
                    0.6549267768859863,
                    2.640094518661499
                ],
                [
                    0.0,
                    0.0,
                    0.0,
                    1.0
                ]
            ]
        },
        {
            "file_path": "/data/shapenet_blender/all_50_random/02958343/fdd3f02c294518341944f01d3ab2091b/r_2",
            "rotation": 0.12566370614359174,
            "transform_matrix": [
                [
                    -0.9189357757568359,
                    0.2908802032470703,
                    0.26635631918907166,
                    1.073716640472412
                ],
                [
                    0.39440715312957764,
                    0.6777266263961792,
                    0.6205880045890808,
                    2.5016703605651855
                ],
                [
                    0.0,
                    0.6753333210945129,
                    -0.7375125885009766,
                    -2.973008394241333
                ],
                [
                    0.0,
                    0.0,
                    0.0,
                    1.0
                ]
            ]
        },
        {
            "file_path": "/data/shapenet_blender/all_50_random/02958343/fdd3f02c294518341944f01d3ab2091b/r_3",
            "rotation": 0.12566370614359174,
            "transform_matrix": [
                [
                    -0.7954353094100952,
                    0.03091483563184738,
                    -0.6052494645118713,
                    -2.4398386478424072
                ],
                [
                    -0.606038510799408,
                    -0.04057621955871582,
                    0.7943996787071228,
                    3.2023274898529053
                ],
                [
                    0.0,
                    0.9986980557441711,
                    0.0510113388299942,
                    0.205633282661438
                ],
                [
                    0.0,
                    0.0,
                    0.0,
                    1.0
                ]
            ]
        },
        {
            "file_path": "/data/shapenet_blender/all_50_random/02958343/fdd3f02c294518341944f01d3ab2091b/r_4",
            "rotation": 0.12566370614359174,
            "transform_matrix": [
                [
                    0.8938703536987305,
                    -0.33963268995285034,
                    -0.29265227913856506,
                    -1.179719090461731
                ],
                [
                    -0.4483254551887512,
                    -0.6771588921546936,
                    -0.5834894776344299,
                    -2.352121353149414
                ],
                [
                    1.4901159417490817e-08,
                    0.6527674794197083,
                    -0.7575583457946777,
                    -3.0538151264190674
                ],
                [
                    0.0,
                    0.0,
                    0.0,
                    1.0
                ]
            ]
        },
        {
            "file_path": "/data/shapenet_blender/all_50_random/02958343/fdd3f02c294518341944f01d3ab2091b/r_5",
            "rotation": 0.12566370614359174,
            "transform_matrix": [
                [
                    -0.1831754893064499,
                    -0.027440175414085388,
                    -0.9826971888542175,
                    -3.961379051208496
                ],
                [
                    -0.983080267906189,
                    0.0051128757186234,
                    0.18310411274433136,
                    0.7381162643432617
                ],
                [
                    -4.656612873077393e-10,
                    0.9996103644371033,
                    -0.027912449091672897,
                    -0.11251868307590485
                ],
                [
                    0.0,
                    0.0,
                    0.0,
                    1.0
                ]
            ]
        },
        {
            "file_path": "/data/shapenet_blender/all_50_random/02958343/fdd3f02c294518341944f01d3ab2091b/r_6",
            "rotation": 0.12566370614359174,
            "transform_matrix": [
                [
                    -0.9838742613792419,
                    -0.09711451828479767,
                    0.15020020306110382,
                    0.605476438999176
                ],
                [
                    0.17886121571063995,
                    -0.5342046022415161,
                    0.8262166976928711,
                    3.3305861949920654
                ],
                [
                    7.450580152834618e-09,
                    0.8397584557533264,
                    0.5429601073265076,
                    2.1887423992156982
                ],
                [
                    0.0,
                    0.0,
                    0.0,
                    1.0
                ]
            ]
        },
        {
            "file_path": "/data/shapenet_blender/all_50_random/02958343/fdd3f02c294518341944f01d3ab2091b/r_7",
            "rotation": 0.12566370614359174,
            "transform_matrix": [
                [
                    0.32743728160858154,
                    -0.7915673851966858,
                    0.5159514546394348,
                    2.079866886138916
                ],
                [
                    0.9448729753494263,
                    0.2743105888366699,
                    -0.1787983626127243,
                    -0.7207592725753784
                ],
                [
                    0.0,
                    0.5460538864135742,
                    0.8377501368522644,
                    3.3770787715911865
                ],
                [
                    0.0,
                    0.0,
                    0.0,
                    1.0
                ]
            ]
        },
        {
            "file_path": "/data/shapenet_blender/all_50_random/02958343/fdd3f02c294518341944f01d3ab2091b/r_8",
            "rotation": 0.12566370614359174,
            "transform_matrix": [
                [
                    -0.6951828002929688,
                    -0.3349754810333252,
                    -0.6360127925872803,
                    -2.563849687576294
                ],
                [
                    -0.7188329696655273,
                    0.3239545226097107,
                    0.6150874495506287,
                    2.479496717453003
                ],
                [
                    0.0,
                    0.8847852349281311,
                    -0.4659990668296814,
                    -1.878502368927002
                ],
                [
                    0.0,
                    0.0,
                    0.0,
                    1.0
                ]
            ]
        },
        {
            "file_path": "/data/shapenet_blender/all_50_random/02958343/fdd3f02c294518341944f01d3ab2091b/r_9",
            "rotation": 0.12566370614359174,
            "transform_matrix": [
                [
                    -0.3741529583930969,
                    -0.6711453199386597,
                    -0.6399792432785034,
                    -2.579838991165161
                ],
                [
                    -0.927367091178894,
                    0.27077844738960266,
                    0.25820425152778625,
                    1.0408546924591064
                ],
                [
                    1.4901162970204496e-08,
                    0.6901035904884338,
                    -0.7237105369567871,
                    -2.9173707962036133
                ],
                [
                    0.0,
                    0.0,
                    0.0,
                    1.0
                ]
            ]
        },
        {
            "file_path": "/data/shapenet_blender/all_50_random/02958343/fdd3f02c294518341944f01d3ab2091b/r_10",
            "rotation": 0.12566370614359174,
            "transform_matrix": [
                [
                    0.6855422258377075,
                    0.5700231790542603,
                    -0.45288556814193726,
                    -1.8256402015686035
                ],
                [
                    -0.7280328869819641,
                    0.5367545485496521,
                    -0.42645353078842163,
                    -1.7190892696380615
                ],
                [
                    0.0,
                    0.6220675110816956,
                    0.7829635143280029,
                    3.1562271118164062
                ],
                [
                    0.0,
                    0.0,
                    0.0,
                    1.0
                ]
            ]
        },
        {
            "file_path": "/data/shapenet_blender/all_50_random/02958343/fdd3f02c294518341944f01d3ab2091b/r_11",
            "rotation": 0.12566370614359174,
            "transform_matrix": [
                [
                    -0.9824252724647522,
                    0.02074899896979332,
                    -0.1854994297027588,
                    -0.7477720379829407
                ],
                [
                    -0.18665625154972076,
                    -0.10920792818069458,
                    0.9763365983963013,
                    3.9357383251190186
                ],
                [
                    0.0,
                    0.9938023090362549,
                    0.11116157472133636,
                    0.448106586933136
                ],
                [
                    0.0,
                    0.0,
                    0.0,
                    1.0
                ]
            ]
        },
        {
            "file_path": "/data/shapenet_blender/all_50_random/02958343/fdd3f02c294518341944f01d3ab2091b/r_12",
            "rotation": 0.12566370614359174,
            "transform_matrix": [
                [
                    0.7887364029884338,
                    0.4652637541294098,
                    0.4017767310142517,
                    1.619613766670227
                ],
                [
                    0.6147316098213196,
                    -0.5969604849815369,
                    -0.5155029296875,
                    -2.0780587196350098
                ],
                [
                    0.0,
                    0.6535806655883789,
                    -0.7568567991256714,
                    -3.0509872436523438
                ],
                [
                    0.0,
                    0.0,
                    0.0,
                    1.0
                ]
            ]
        },
        {
            "file_path": "/data/shapenet_blender/all_50_random/02958343/fdd3f02c294518341944f01d3ab2091b/r_13",
            "rotation": 0.12566370614359174,
            "transform_matrix": [
                [
                    0.9330894947052002,
                    0.00015396170783787966,
                    -0.35964435338974,
                    -1.449772834777832
                ],
                [
                    -0.35964441299438477,
                    0.0003994502767454833,
                    -0.9330893158912659,
                    -3.7614035606384277
                ],
                [
                    1.4551915228366852e-11,
                    0.9999999403953552,
                    0.00042809429578483105,
                    0.001725703477859497
                ],
                [
                    0.0,
                    0.0,
                    0.0,
                    1.0
                ]
            ]
        },
        {
            "file_path": "/data/shapenet_blender/all_50_random/02958343/fdd3f02c294518341944f01d3ab2091b/r_14",
            "rotation": 0.12566370614359174,
            "transform_matrix": [
                [
                    0.8598399758338928,
                    0.0646737739443779,
                    0.506450891494751,
                    2.0415687561035156
                ],
                [
                    0.5105636119842529,
                    -0.10891707986593246,
                    -0.8529137372970581,
                    -3.4382052421569824
                ],
                [
                    0.0,
                    0.9919447302818298,
                    -0.12667132914066315,
                    -0.5106284618377686
                ],
                [
                    0.0,
                    0.0,
                    0.0,
                    1.0
                ]
            ]
        },
        {
            "file_path": "/data/shapenet_blender/all_50_random/02958343/fdd3f02c294518341944f01d3ab2091b/r_15",
            "rotation": 0.12566370614359174,
            "transform_matrix": [
                [
                    -0.6981894969940186,
                    0.01134302094578743,
                    -0.7158230543136597,
                    -2.885575294494629
                ],
                [
                    -0.7159129977226257,
                    -0.011062206700444221,
                    0.6981017589569092,
                    2.814138412475586
                ],
                [
                    0.0,
                    0.9998743534088135,
                    0.015844130888581276,
                    0.06386974453926086
                ],
                [
                    0.0,
                    0.0,
                    0.0,
                    1.0
                ]
            ]
        },
        {
            "file_path": "/data/shapenet_blender/all_50_random/02958343/fdd3f02c294518341944f01d3ab2091b/r_16",
            "rotation": 0.12566370614359174,
            "transform_matrix": [
                [
                    0.2983505129814148,
                    0.6215662360191345,
                    -0.7243218421936035,
                    -2.919835090637207
                ],
                [
                    -0.9544563889503479,
                    0.19429345428943634,
                    -0.22641350328922272,
                    -0.9127020835876465
                ],
                [
                    1.4901161193847656e-08,
                    0.7588842511177063,
                    0.6512253880500793,
                    2.625173807144165
                ],
                [
                    0.0,
                    0.0,
                    0.0,
                    1.0
                ]
            ]
        },
        {
            "file_path": "/data/shapenet_blender/all_50_random/02958343/fdd3f02c294518341944f01d3ab2091b/r_17",
            "rotation": 0.12566370614359174,
            "transform_matrix": [
                [
                    0.30099883675575256,
                    -0.38244926929473877,
                    -0.8735743761062622,
                    -3.521491050720215
                ],
                [
                    -0.9536244869232178,
                    -0.12071501463651657,
                    -0.2757321000099182,
                    -1.1115115880966187
                ],
                [
                    0.0,
                    0.9160569310188293,
                    -0.40104809403419495,
                    -1.6166765689849854
                ],
                [
                    0.0,
                    0.0,
                    0.0,
                    1.0
                ]
            ]
        },
        {
            "file_path": "/data/shapenet_blender/all_50_random/02958343/fdd3f02c294518341944f01d3ab2091b/r_18",
            "rotation": 0.12566370614359174,
            "transform_matrix": [
                [
                    -0.23800180852413177,
                    0.2518746554851532,
                    -0.9380374550819397,
                    -3.7813498973846436
                ],
                [
                    -0.9712647199630737,
                    -0.06172017753124237,
                    0.22985970973968506,
                    0.9265941381454468
                ],
                [
                    0.0,
                    0.9657896161079407,
                    0.2593265175819397,
                    1.0453786849975586
                ],
                [
                    0.0,
                    0.0,
                    0.0,
                    1.0
                ]
            ]
        },
        {
            "file_path": "/data/shapenet_blender/all_50_random/02958343/fdd3f02c294518341944f01d3ab2091b/r_19",
            "rotation": 0.12566370614359174,
            "transform_matrix": [
                [
                    -0.38332825899124146,
                    -0.28852578997612,
                    0.8773894309997559,
                    3.536870241165161
                ],
                [
                    0.9236122369766235,
                    -0.11974731087684631,
                    0.36414429545402527,
                    1.4679126739501953
                ],
                [
                    7.450581485102248e-09,
                    0.9499543905258179,
                    0.31238844990730286,
                    1.2592782974243164
                ],
                [
                    0.0,
                    0.0,
                    0.0,
                    1.0
                ]
            ]
        },
        {
            "file_path": "/data/shapenet_blender/all_50_random/02958343/fdd3f02c294518341944f01d3ab2091b/r_20",
            "rotation": 0.12566370614359174,
            "transform_matrix": [
                [
                    -0.6088860630989075,
                    0.4074179530143738,
                    0.6806381344795227,
                    2.7437400817871094
                ],
                [
                    0.7932575941085815,
                    0.3127245306968689,
                    0.5224419832229614,
                    2.1060309410095215
                ],
                [
                    0.0,
                    0.8580290675163269,
                    -0.5136010646820068,
                    -2.07039213180542
                ],
                [
                    0.0,
                    0.0,
                    0.0,
                    1.0
                ]
            ]
        },
        {
            "file_path": "/data/shapenet_blender/all_50_random/02958343/fdd3f02c294518341944f01d3ab2091b/r_21",
            "rotation": 0.12566370614359174,
            "transform_matrix": [
                [
                    -0.9899066090583801,
                    -0.0001242234284291044,
                    -0.14172138273715973,
                    -0.5712971687316895
                ],
                [
                    -0.1417214274406433,
                    0.000867685244884342,
                    0.9899062514305115,
                    3.9904396533966064
                ],
                [
                    0.0,
                    0.9999996423721313,
                    -0.0008765325183048844,
                    -0.0035334154963493347
                ],
                [
                    0.0,
                    0.0,
                    0.0,
                    1.0
                ]
            ]
        },
        {
            "file_path": "/data/shapenet_blender/all_50_random/02958343/fdd3f02c294518341944f01d3ab2091b/r_22",
            "rotation": 0.12566370614359174,
            "transform_matrix": [
                [
                    -0.4636911153793335,
                    -0.32333195209503174,
                    0.8248921632766724,
                    3.325246572494507
                ],
                [
                    0.88599693775177,
                    -0.16921745240688324,
                    0.4317116141319275,
                    1.7402851581573486
                ],
                [
                    -1.4901161193847656e-08,
                    0.931032657623291,
                    0.3649357557296753,
                    1.4711030721664429
                ],
                [
                    0.0,
                    0.0,
                    0.0,
                    1.0
                ]
            ]
        },
        {
            "file_path": "/data/shapenet_blender/all_50_random/02958343/fdd3f02c294518341944f01d3ab2091b/r_23",
            "rotation": 0.12566370614359174,
            "transform_matrix": [
                [
                    -0.1837272047996521,
                    -0.3422999083995819,
                    0.9214527010917664,
                    3.7144947052001953
                ],
                [
                    0.9829772710800171,
                    -0.0639788955450058,
                    0.17222771048545837,
                    0.6942721009254456
                ],
                [
                    -3.725290298461914e-09,
                    0.9374100565910339,
                    0.3482276499271393,
                    1.4037505388259888
                ],
                [
                    0.0,
                    0.0,
                    0.0,
                    1.0
                ]
            ]
        },
        {
            "file_path": "/data/shapenet_blender/all_50_random/02958343/fdd3f02c294518341944f01d3ab2091b/r_24",
            "rotation": 0.12566370614359174,
            "transform_matrix": [
                [
                    0.9806082248687744,
                    0.1633017361164093,
                    -0.10835137218236923,
                    -0.43677836656570435
                ],
                [
                    -0.1959782838821411,
                    0.8171060085296631,
                    -0.5421531796455383,
                    -2.1854894161224365
                ],
                [
                    0.0,
                    0.5528743863105774,
                    0.8332645297050476,
                    3.358996868133545
                ],
                [
                    0.0,
                    0.0,
                    0.0,
                    1.0
                ]
            ]
        },
        {
            "file_path": "/data/shapenet_blender/all_50_random/02958343/fdd3f02c294518341944f01d3ab2091b/r_25",
            "rotation": 0.12566370614359174,
            "transform_matrix": [
                [
                    -0.8044827580451965,
                    0.4884030222892761,
                    0.3380384147167206,
                    1.3626763820648193
                ],
                [
                    0.5939760208129883,
                    0.6614943742752075,
                    0.4578401446342468,
                    1.8456125259399414
                ],
                [
                    -1.4901161193847656e-08,
                    0.5691112279891968,
                    -0.8222605586051941,
                    -3.314638137817383
                ],
                [
                    0.0,
                    0.0,
                    0.0,
                    1.0
                ]
            ]
        },
        {
            "file_path": "/data/shapenet_blender/all_50_random/02958343/fdd3f02c294518341944f01d3ab2091b/r_26",
            "rotation": 0.12566370614359174,
            "transform_matrix": [
                [
                    0.5011197328567505,
                    0.4547886550426483,
                    -0.7362380027770996,
                    -2.9678702354431152
                ],
                [
                    -0.8653780221939087,
                    0.2633572220802307,
                    -0.4263378083705902,
                    -1.7186226844787598
                ],
                [
                    0.0,
                    0.8507704734802246,
                    0.5255375504493713,
                    2.118509531021118
                ],
                [
                    0.0,
                    0.0,
                    0.0,
                    1.0
                ]
            ]
        },
        {
            "file_path": "/data/shapenet_blender/all_50_random/02958343/fdd3f02c294518341944f01d3ab2091b/r_27",
            "rotation": 0.12566370614359174,
            "transform_matrix": [
                [
                    -0.9984903931617737,
                    0.008524752222001553,
                    -0.05426057055592537,
                    -0.2187313586473465
                ],
                [
                    -0.05492613464593887,
                    -0.15496963262557983,
                    0.9863911867141724,
                    3.9762699604034424
                ],
                [
                    0.0,
                    0.9878823757171631,
                    0.1552039533853531,
                    0.6256471276283264
                ],
                [
                    0.0,
                    0.0,
                    0.0,
                    1.0
                ]
            ]
        },
        {
            "file_path": "/data/shapenet_blender/all_50_random/02958343/fdd3f02c294518341944f01d3ab2091b/r_28",
            "rotation": 0.12566370614359174,
            "transform_matrix": [
                [
                    -0.8974685668945312,
                    0.33269765973091125,
                    -0.28959009051322937,
                    -1.1673749685287476
                ],
                [
                    -0.44107839465141296,
                    -0.6769447326660156,
                    0.5892331600189209,
                    2.375274896621704
                ],
                [
                    1.4901160305669237e-08,
                    0.6565501093864441,
                    0.7542822957038879,
                    3.040609121322632
                ],
                [
                    0.0,
                    0.0,
                    0.0,
                    1.0
                ]
            ]
        },
        {
            "file_path": "/data/shapenet_blender/all_50_random/02958343/fdd3f02c294518341944f01d3ab2091b/r_29",
            "rotation": 0.12566370614359174,
            "transform_matrix": [
                [
                    0.7912418842315674,
                    0.27501705288887024,
                    0.5461700558662415,
                    2.2016820907592773
                ],
                [
                    0.6115031838417053,
                    -0.3558526337146759,
                    -0.7067054510116577,
                    -2.848820924758911
                ],
                [
                    0.0,
                    0.8931597471237183,
                    -0.4497394263744354,
                    -1.812957763671875
                ],
                [
                    0.0,
                    0.0,
                    0.0,
                    1.0
                ]
            ]
        },
        {
            "file_path": "/data/shapenet_blender/all_50_random/02958343/fdd3f02c294518341944f01d3ab2091b/r_30",
            "rotation": 0.12566370614359174,
            "transform_matrix": [
                [
                    -0.9998604655265808,
                    -0.00440126983448863,
                    0.016115747392177582,
                    0.0649646520614624
                ],
                [
                    0.016705943271517754,
                    -0.2634185552597046,
                    0.9645369648933411,
                    3.8881728649139404
                ],
                [
                    -9.313225746154785e-10,
                    0.9646716713905334,
                    0.2634553015232086,
                    1.06202232837677
                ],
                [
                    0.0,
                    0.0,
                    0.0,
                    1.0
                ]
            ]
        },
        {
            "file_path": "/data/shapenet_blender/all_50_random/02958343/fdd3f02c294518341944f01d3ab2091b/r_31",
            "rotation": 0.12566370614359174,
            "transform_matrix": [
                [
                    0.24341677129268646,
                    0.7381337881088257,
                    0.6292112469673157,
                    2.5364317893981934
                ],
                [
                    0.9699218273162842,
                    -0.18524600565433502,
                    -0.15791021287441254,
                    -0.6365565061569214
                ],
                [
                    7.450581485102248e-09,
                    0.6487236618995667,
                    -0.7610238790512085,
                    -3.0677857398986816
                ],
                [
                    0.0,
                    0.0,
                    0.0,
                    1.0
                ]
            ]
        },
        {
            "file_path": "/data/shapenet_blender/all_50_random/02958343/fdd3f02c294518341944f01d3ab2091b/r_32",
            "rotation": 0.12566370614359174,
            "transform_matrix": [
                [
                    0.7861018180847168,
                    0.3006223738193512,
                    -0.5400648713111877,
                    -2.1770713329315186
                ],
                [
                    -0.6180970668792725,
                    0.3823344111442566,
                    -0.6868597865104675,
                    -2.7688205242156982
                ],
                [
                    -2.9802322387695312e-08,
                    0.8737543225288391,
                    0.48636752367019653,
                    1.960610270500183
                ],
                [
                    0.0,
                    0.0,
                    0.0,
                    1.0
                ]
            ]
        },
        {
            "file_path": "/data/shapenet_blender/all_50_random/02958343/fdd3f02c294518341944f01d3ab2091b/r_33",
            "rotation": 0.12566370614359174,
            "transform_matrix": [
                [
                    0.41694337129592896,
                    0.5414904356002808,
                    0.7300316691398621,
                    2.942852020263672
                ],
                [
                    0.9089325666427612,
                    -0.24839119613170624,
                    -0.3348783552646637,
                    -1.349937915802002
                ],
                [
                    0.0,
                    0.8031747937202454,
                    -0.5957432389259338,
                    -2.4015181064605713
                ],
                [
                    0.0,
                    0.0,
                    0.0,
                    1.0
                ]
            ]
        },
        {
            "file_path": "/data/shapenet_blender/all_50_random/02958343/fdd3f02c294518341944f01d3ab2091b/r_34",
            "rotation": 0.12566370614359174,
            "transform_matrix": [
                [
                    0.9986951351165771,
                    -0.00233588763512671,
                    0.051014285534620285,
                    0.2056451439857483
                ],
                [
                    0.05106772854924202,
                    0.04568128660321236,
                    -0.9976499676704407,
                    -4.021655082702637
                ],
                [
                    0.0,
                    0.9989534020423889,
                    0.045740965753793716,
                    0.1843877136707306
                ],
                [
                    0.0,
                    0.0,
                    0.0,
                    1.0
                ]
            ]
        },
        {
            "file_path": "/data/shapenet_blender/all_50_random/02958343/fdd3f02c294518341944f01d3ab2091b/r_35",
            "rotation": 0.12566370614359174,
            "transform_matrix": [
                [
                    0.9968242049217224,
                    -0.036728739738464355,
                    0.07065892964601517,
                    0.28483524918556213
                ],
                [
                    0.07963469624519348,
                    0.45975056290626526,
                    -0.8844703435897827,
                    -3.5654139518737793
                ],
                [
                    0.0,
                    0.8872883319854736,
                    0.4612152874469757,
                    1.8592182397842407
                ],
                [
                    0.0,
                    0.0,
                    0.0,
                    1.0
                ]
            ]
        },
        {
            "file_path": "/data/shapenet_blender/all_50_random/02958343/fdd3f02c294518341944f01d3ab2091b/r_36",
            "rotation": 0.12566370614359174,
            "transform_matrix": [
                [
                    -0.9624646902084351,
                    -0.25897011160850525,
                    -0.08121751993894577,
                    -0.3273983299732208
                ],
                [
                    -0.2714070975780487,
                    0.9183605909347534,
                    0.2880138158798218,
                    1.1610209941864014
                ],
                [
                    0.0,
                    0.29924604296684265,
                    -0.9541758894920349,
                    -3.8464062213897705
                ],
                [
                    0.0,
                    0.0,
                    0.0,
                    1.0
                ]
            ]
        },
        {
            "file_path": "/data/shapenet_blender/all_50_random/02958343/fdd3f02c294518341944f01d3ab2091b/r_37",
            "rotation": 0.12566370614359174,
            "transform_matrix": [
                [
                    0.9867680668830872,
                    0.09126392006874084,
                    0.13401401042938232,
                    0.5402278304100037
                ],
                [
                    0.16213840246200562,
                    -0.5554286241531372,
                    -0.8156040906906128,
                    -3.2878055572509766
                ],
                [
                    -7.450580596923828e-09,
                    0.8265409469604492,
                    -0.5628765225410461,
                    -2.2690281867980957
                ],
                [
                    0.0,
                    0.0,
                    0.0,
                    1.0
                ]
            ]
        },
        {
            "file_path": "/data/shapenet_blender/all_50_random/02958343/fdd3f02c294518341944f01d3ab2091b/r_38",
            "rotation": 0.12566370614359174,
            "transform_matrix": [
                [
                    0.21065203845500946,
                    -0.05035841092467308,
                    0.9762631058692932,
                    3.9354426860809326
                ],
                [
                    0.9775611758232117,
                    0.010851598344743252,
                    -0.21037231385707855,
                    -0.8480379581451416
                ],
                [
                    0.0,
                    0.9986722469329834,
                    0.05151433125138283,
                    0.20766092836856842
                ],
                [
                    0.0,
                    0.0,
                    0.0,
                    1.0
                ]
            ]
        },
        {
            "file_path": "/data/shapenet_blender/all_50_random/02958343/fdd3f02c294518341944f01d3ab2091b/r_39",
            "rotation": 0.12566370614359174,
            "transform_matrix": [
                [
                    0.9446335434913635,
                    0.15962748229503632,
                    0.2866818606853485,
                    1.1556516885757446
                ],
                [
                    0.3281271755695343,
                    -0.4595458507537842,
                    -0.8253181576728821,
                    -3.3269641399383545
                ],
                [
                    0.0,
                    0.8736914396286011,
                    -0.4864805042743683,
                    -1.9610657691955566
                ],
                [
                    0.0,
                    0.0,
                    0.0,
                    1.0
                ]
            ]
        },
        {
            "file_path": "/data/shapenet_blender/all_50_random/02958343/fdd3f02c294518341944f01d3ab2091b/r_40",
            "rotation": 0.12566370614359174,
            "transform_matrix": [
                [
                    0.9977304935455322,
                    -0.0005662356852553785,
                    0.06733239442110062,
                    0.2714255452156067
                ],
                [
                    0.06733477115631104,
                    0.00839017704129219,
                    -0.99769526720047,
                    -4.0218377113342285
                ],
                [
                    -5.8207653974573503e-11,
                    0.9999646544456482,
                    0.00840926356613636,
                    0.03389882296323776
                ],
                [
                    0.0,
                    0.0,
                    0.0,
                    1.0
                ]
            ]
        },
        {
            "file_path": "/data/shapenet_blender/all_50_random/02958343/fdd3f02c294518341944f01d3ab2091b/r_41",
            "rotation": 0.12566370614359174,
            "transform_matrix": [
                [
                    -0.9532608985900879,
                    -0.11465336382389069,
                    -0.2795499265193939,
                    -1.1269018650054932
                ],
                [
                    -0.3021482527256012,
                    0.36172497272491455,
                    0.8819644451141357,
                    3.5553126335144043
                ],
                [
                    7.450580596923828e-09,
