{
    "class": "02958343",
    "model": "a5047d31a855ffd1f339a7f0f377393e",
    "remove_doubles": true,
    "edge_split": true,
    "denoise": true,
    "camera_angle_x": 0.6911112070083618,
    "scale_factor": 2.1916367476461467,
    "hdri_file": "/data/IndoorHDRDataset2018/AG8A0549-1f8c0654df.exr",
    "center_offset": [
        0.0,
        -1.862645149230957e-09,
        -3.725290298461914e-09
    ],
    "lights": [],
    "frames": [
        {
            "file_path": "/data/shapenet_blender/all_50_random/02958343/a5047d31a855ffd1f339a7f0f377393e/r_0",
            "rotation": 0.12566370614359174,
            "transform_matrix": [
                [
                    0.822668731212616,
                    0.11931857466697693,
                    -0.5558589696884155,
                    -2.240739107131958
                ],
                [
                    -0.5685210227966309,
                    0.17265795171260834,
                    -0.8043463826179504,
                    -3.2424240112304688
                ],
                [
                    7.450580596923828e-09,
                    0.9777281284332275,
                    0.20987538993358612,
                    0.8460347652435303
                ],
                [
                    0.0,
                    0.0,
                    0.0,
                    1.0
                ]
            ]
        },
        {
            "file_path": "/data/shapenet_blender/all_50_random/02958343/a5047d31a855ffd1f339a7f0f377393e/r_1",
            "rotation": 0.12566370614359174,
            "transform_matrix": [
                [
                    -0.998577356338501,
                    0.03734828531742096,
                    0.038057807832956314,
                    0.15341594815254211
                ],
                [
                    0.053322527557611465,
                    0.6994258761405945,
                    0.7127131819725037,
                    2.8730390071868896
                ],
                [
                    -1.862645371275562e-09,
                    0.7137286067008972,
                    -0.7004222273826599,
                    -2.8234925270080566
                ],
                [
                    0.0,
                    0.0,
                    0.0,
                    1.0
                ]
            ]
        },
        {
            "file_path": "/data/shapenet_blender/all_50_random/02958343/a5047d31a855ffd1f339a7f0f377393e/r_2",
            "rotation": 0.12566370614359174,
            "transform_matrix": [
                [
                    0.44856005907058716,
                    0.6778739094734192,
                    -0.5824782252311707,
                    -2.3480448722839355
                ],
                [
                    -0.8937528133392334,
                    0.34021392464637756,
                    -0.2923363745212555,
                    -1.17844557762146
                ],
                [
                    0.0,
                    0.6517218947410583,
                    0.7584580183029175,
                    3.0574419498443604
                ],
                [
                    0.0,
                    0.0,
                    0.0,
                    1.0
                ]
            ]
        },
        {
            "file_path": "/data/shapenet_blender/all_50_random/02958343/a5047d31a855ffd1f339a7f0f377393e/r_3",
            "rotation": 0.12566370614359174,
            "transform_matrix": [
                [
                    -0.5638391375541687,
                    -0.28960856795310974,
                    -0.7734418511390686,
                    -3.1178441047668457
                ],
                [
                    -0.8258846998214722,
                    0.19771842658519745,
                    0.5280358791351318,
                    2.1285810470581055
                ],
                [
                    -1.4901161193847656e-08,
                    0.936501145362854,
                    -0.35066455602645874,
                    -1.41357421875
                ],
                [
                    0.0,
                    0.0,
                    0.0,
                    1.0
                ]
            ]
        },
        {
            "file_path": "/data/shapenet_blender/all_50_random/02958343/a5047d31a855ffd1f339a7f0f377393e/r_4",
            "rotation": 0.12566370614359174,
            "transform_matrix": [
                [
                    0.8250128030776978,
                    -0.08721107989549637,
                    0.5583440661430359,
                    2.2507572174072266
                ],
                [
                    0.5651140809059143,
                    0.12731988728046417,
                    -0.8151292204856873,
                    -3.28589129447937
                ],
                [
                    -7.450580596923828e-09,
                    0.988020122051239,
                    0.1543247252702713,
                    0.6221029162406921
                ],
                [
                    0.0,
                    0.0,
                    0.0,
                    1.0
                ]
            ]
        },
        {
            "file_path": "/data/shapenet_blender/all_50_random/02958343/a5047d31a855ffd1f339a7f0f377393e/r_5",
            "rotation": 0.12566370614359174,
            "transform_matrix": [
                [
                    0.1985962837934494,
                    -0.40312203764915466,
                    -0.893337607383728,
                    -3.60115909576416
                ],
                [
                    -0.98008131980896,
                    -0.0816856101155281,
                    -0.18101920187473297,
                    -0.7297117710113525
                ],
                [
                    0.0,
                    0.9114932417869568,
                    -0.4113149046897888,
                    -1.6580634117126465
                ],
                [
                    0.0,
                    0.0,
                    0.0,
                    1.0
                ]
            ]
        },
        {
            "file_path": "/data/shapenet_blender/all_50_random/02958343/a5047d31a855ffd1f339a7f0f377393e/r_6",
            "rotation": 0.12566370614359174,
            "transform_matrix": [
                [
                    -0.7887053489685059,
                    0.225073903799057,
                    -0.572088897228241,
                    -2.306164026260376
                ],
                [
                    -0.6147714853286743,
                    -0.28875279426574707,
                    0.7339468002319336,
                    2.9586341381073
                ],
                [
                    1.4901161193847656e-08,
                    0.9305716753005981,
                    0.36610984802246094,
                    1.4758360385894775
                ],
                [
                    0.0,
                    0.0,
                    0.0,
                    1.0
                ]
            ]
        },
        {
            "file_path": "/data/shapenet_blender/all_50_random/02958343/a5047d31a855ffd1f339a7f0f377393e/r_7",
            "rotation": 0.12566370614359174,
            "transform_matrix": [
                [
                    -0.7847803235054016,
                    0.45718929171562195,
                    -0.4184468686580658,
                    -1.6868133544921875
                ],
                [
                    -0.6197739839553833,
                    -0.5789096355438232,
                    0.529852569103241,
                    2.135904312133789
                ],
                [
                    0.0,
                    0.6751604080200195,
                    0.7376708388328552,
                    2.973646402359009
                ],
                [
                    0.0,
                    0.0,
                    0.0,
                    1.0
                ]
            ]
        },
        {
            "file_path": "/data/shapenet_blender/all_50_random/02958343/a5047d31a855ffd1f339a7f0f377393e/r_8",
            "rotation": 0.12566370614359174,
            "transform_matrix": [
                [
                    -0.5089629888534546,
                    0.6538372039794922,
                    0.5598692297935486,
                    2.2569050788879395
                ],
                [
                    0.8607882857322693,
                    0.3865978717803955,
                    0.3310369551181793,
                    1.3344526290893555
                ],
                [
                    2.9802320611338473e-08,
                    0.6504144668579102,
                    -0.7595794796943665,
                    -3.061962842941284
                ],
                [
                    0.0,
                    0.0,
                    0.0,
                    1.0
                ]
            ]
        },
        {
            "file_path": "/data/shapenet_blender/all_50_random/02958343/a5047d31a855ffd1f339a7f0f377393e/r_9",
            "rotation": 0.12566370614359174,
            "transform_matrix": [
                [
                    -0.5794414281845093,
                    -0.08843587338924408,
                    0.8102015852928162,
                    3.2660272121429443
                ],
                [
                    0.8150138854980469,
                    -0.06287427991628647,
                    0.5760200619697571,
                    2.3220114707946777
                ],
                [
                    3.725290298461914e-09,
                    0.994095504283905,
                    0.10850843042135239,
                    0.43741151690483093
                ],
                [
                    0.0,
                    0.0,
                    0.0,
                    1.0
                ]
            ]
        },
        {
            "file_path": "/data/shapenet_blender/all_50_random/02958343/a5047d31a855ffd1f339a7f0f377393e/r_10",
            "rotation": 0.12566370614359174,
            "transform_matrix": [
                [
                    -0.8817799687385559,
                    0.14005854725837708,
                    -0.4503859281539917,
                    -1.8155639171600342
                ],
                [
                    -0.4716607928276062,
                    -0.2618424892425537,
                    0.8420062065124512,
                    3.394235849380493
                ],
                [
                    -7.450580152834618e-09,
                    0.9548937678337097,
                    0.2969475984573364,
                    1.1970341205596924
                ],
                [
                    0.0,
                    0.0,
                    0.0,
                    1.0
                ]
            ]
        },
        {
            "file_path": "/data/shapenet_blender/all_50_random/02958343/a5047d31a855ffd1f339a7f0f377393e/r_11",
            "rotation": 0.12566370614359174,
            "transform_matrix": [
                [
                    0.36214175820350647,
                    -0.17163483798503876,
                    0.9161850214004517,
                    3.6932594776153564
                ],
                [
                    0.932123064994812,
                    0.06668233126401901,
                    -0.35594961047172546,
                    -1.4348785877227783
                ],
                [
                    0.0,
                    0.9829012751579285,
                    0.18413324654102325,
                    0.7422647476196289
                ],
                [
                    0.0,
                    0.0,
                    0.0,
                    1.0
                ]
            ]
        },
        {
            "file_path": "/data/shapenet_blender/all_50_random/02958343/a5047d31a855ffd1f339a7f0f377393e/r_12",
            "rotation": 0.12566370614359174,
            "transform_matrix": [
                [
                    0.14773496985435486,
                    0.9295712113380432,
                    -0.33774513006210327,
                    -1.3614943027496338
                ],
                [
                    -0.9890270829200745,
                    0.13885380327701569,
                    -0.05045035853981972,
                    -0.20337191224098206
                ],
                [
                    -3.725290742551124e-09,
                    0.34149235486984253,
                    0.9398844838142395,
                    3.7887957096099854
                ],
                [
                    0.0,
                    0.0,
                    0.0,
                    1.0
                ]
            ]
        },
        {
            "file_path": "/data/shapenet_blender/all_50_random/02958343/a5047d31a855ffd1f339a7f0f377393e/r_13",
            "rotation": 0.12566370614359174,
            "transform_matrix": [
                [
                    -0.4487629234790802,
                    0.5769892334938049,
                    0.682418704032898,
                    2.750917673110962
                ],
                [
                    0.8936508893966675,
                    0.289745569229126,
                    0.3426888883113861,
                    1.3814231157302856
                ],
                [
                    0.0,
                    0.7636299729347229,
                    -0.645654022693634,
                    -2.6027145385742188
                ],
                [
                    0.0,
                    0.0,
                    0.0,
                    1.0
                ]
            ]
        },
        {
            "file_path": "/data/shapenet_blender/all_50_random/02958343/a5047d31a855ffd1f339a7f0f377393e/r_14",
            "rotation": 0.12566370614359174,
            "transform_matrix": [
                [
                    -0.957507848739624,
                    0.2695154845714569,
                    -0.10266583412885666,
                    -0.4138592481613159
                ],
                [
                    -0.2884075343608856,
                    -0.8947866559028625,
                    0.3408487141132355,
                    1.3740051984786987
                ],
                [
                    -7.450581485102248e-09,
                    0.3559749126434326,
                    0.9344953894615173,
                    3.7670717239379883
                ],
                [
                    0.0,
                    0.0,
                    0.0,
                    1.0
                ]
            ]
        },
        {
            "file_path": "/data/shapenet_blender/all_50_random/02958343/a5047d31a855ffd1f339a7f0f377393e/r_15",
            "rotation": 0.12566370614359174,
            "transform_matrix": [
                [
                    0.32443931698799133,
                    -0.5344555377960205,
                    -0.7804462909698486,
                    -3.1460795402526855
                ],
                [
                    -0.9459065198898315,
                    -0.1833145171403885,
                    -0.2676876187324524,
                    -1.0790833234786987
                ],
                [
                    0.0,
                    0.825077474117279,
                    -0.5650194883346558,
                    -2.2776663303375244
                ],
                [
                    0.0,
                    0.0,
                    0.0,
                    1.0
                ]
            ]
        },
        {
            "file_path": "/data/shapenet_blender/all_50_random/02958343/a5047d31a855ffd1f339a7f0f377393e/r_16",
            "rotation": 0.12566370614359174,
            "transform_matrix": [
                [
                    -0.7973676323890686,
                    0.3269082307815552,
                    0.5072830319404602,
                    2.0449233055114746
                ],
                [
                    0.6034940481185913,
                    0.43192803859710693,
                    0.6702485680580139,
                    2.7018582820892334
                ],
                [
                    1.4901162970204496e-08,
                    0.8405766487121582,
                    -0.5416924953460693,
                    -2.1836323738098145
                ],
                [
                    0.0,
                    0.0,
                    0.0,
                    1.0
                ]
            ]
        },
        {
            "file_path": "/data/shapenet_blender/all_50_random/02958343/a5047d31a855ffd1f339a7f0f377393e/r_17",
            "rotation": 0.12566370614359174,
            "transform_matrix": [
                [
                    0.9992190003395081,
                    -0.02859443426132202,
                    -0.027270657941699028,
                    -0.10993152856826782
                ],
                [
                    -0.03951367363333702,
                    -0.7230940461158752,
                    -0.6896185278892517,
                    -2.7799408435821533
                ],
                [
                    0.0,
                    0.690157413482666,
                    -0.7236592173576355,
                    -2.917163372039795
                ],
                [
                    0.0,
                    0.0,
                    0.0,
                    1.0
                ]
            ]
        },
        {
            "file_path": "/data/shapenet_blender/all_50_random/02958343/a5047d31a855ffd1f339a7f0f377393e/r_18",
            "rotation": 0.12566370614359174,
            "transform_matrix": [
                [
                    -0.92238849401474,
                    0.2257746011018753,
                    0.31340932846069336,
                    1.2633932828903198
                ],
                [
                    0.3862636685371399,
                    0.5391444563865662,
                    0.7484140992164612,
                    3.016953468322754
                ],
                [
                    -1.4901162970204496e-08,
                    0.8113870620727539,
                    -0.5845091938972473,
                    -2.356231689453125
                ],
                [
                    0.0,
                    0.0,
                    0.0,
                    1.0
                ]
            ]
        },
        {
            "file_path": "/data/shapenet_blender/all_50_random/02958343/a5047d31a855ffd1f339a7f0f377393e/r_19",
            "rotation": 0.12566370614359174,
            "transform_matrix": [
                [
                    -0.502266526222229,
                    -0.7407218813896179,
                    -0.4461608827114105,
                    -1.7985317707061768
                ],
                [
                    -0.8647129535675049,
                    0.4302465617656708,
                    0.25915148854255676,
                    1.044672966003418
                ],
                [
                    1.4901161193847656e-08,
                    0.5159642100334167,
                    -0.8566102385520935,
                    -3.453105926513672
                ],
                [
                    0.0,
                    0.0,
                    0.0,
                    1.0
                ]
            ]
        },
        {
            "file_path": "/data/shapenet_blender/all_50_random/02958343/a5047d31a855ffd1f339a7f0f377393e/r_20",
            "rotation": 0.12566370614359174,
            "transform_matrix": [
                [
                    0.7983297109603882,
                    -0.4460635781288147,
                    -0.4045949876308441,
                    -1.630974531173706
                ],
                [
                    -0.6022207736968994,
                    -0.5913209915161133,
                    -0.5363484621047974,
                    -2.1620898246765137
                ],
                [
                    1.4901162970204496e-08,
                    0.6718383431434631,
                    -0.7406977415084839,
                    -2.9858481884002686
                ],
                [
                    0.0,
                    0.0,
                    0.0,
                    1.0
                ]
            ]
        },
        {
            "file_path": "/data/shapenet_blender/all_50_random/02958343/a5047d31a855ffd1f339a7f0f377393e/r_21",
            "rotation": 0.12566370614359174,
            "transform_matrix": [
                [
                    0.6010189056396484,
                    0.11672791093587875,
                    0.790664792060852,
                    3.1872718334198
                ],
                [
                    0.7992348074913025,
                    -0.08777856081724167,
                    -0.5945743322372437,
                    -2.396805763244629
                ],
                [
                    0.0,
                    0.989277184009552,
                    -0.1460495889186859,
                    -0.5887446999549866
                ],
                [
                    0.0,
                    0.0,
                    0.0,
                    1.0
                ]
            ]
        },
        {
            "file_path": "/data/shapenet_blender/all_50_random/02958343/a5047d31a855ffd1f339a7f0f377393e/r_22",
            "rotation": 0.12566370614359174,
            "transform_matrix": [
                [
                    -0.593313992023468,
                    -0.6859663128852844,
                    0.42122283577919006,
                    1.6980036497116089
                ],
                [
                    0.8049710392951965,
                    -0.505600094795227,
                    0.31046760082244873,
                    1.2515350580215454
                ],
                [
                    -1.4901160305669237e-08,
                    0.5232770442962646,
                    0.8521625399589539,
                    3.4351773262023926
                ],
                [
                    0.0,
                    0.0,
                    0.0,
                    1.0
                ]
            ]
        },
        {
            "file_path": "/data/shapenet_blender/all_50_random/02958343/a5047d31a855ffd1f339a7f0f377393e/r_23",
            "rotation": 0.12566370614359174,
            "transform_matrix": [
                [
                    0.8843995332717896,
                    -0.039193931967020035,
                    0.4650818705558777,
                    1.874804973602295
                ],
                [
                    0.46673041582107544,
                    0.0742679163813591,
                    -0.8812757134437561,
                    -3.5525360107421875
                ],
                [
                    0.0,
                    0.9964678287506104,
                    0.08397551625967026,
                    0.33851614594459534
                ],
                [
                    0.0,
                    0.0,
                    0.0,
                    1.0
                ]
            ]
        },
        {
            "file_path": "/data/shapenet_blender/all_50_random/02958343/a5047d31a855ffd1f339a7f0f377393e/r_24",
            "rotation": 0.12566370614359174,
            "transform_matrix": [
                [
                    0.9685186743736267,
                    0.1505119353532791,
                    0.19828703999519348,
                    0.7993205785751343
                ],
                [
                    0.24894094467163086,
                    -0.5855751037597656,
                    -0.7714468240737915,
                    -3.1098015308380127
                ],
                [
                    0.0,
                    0.7965224385261536,
                    -0.604608952999115,
                    -2.4372565746307373
                ],
                [
                    0.0,
                    0.0,
                    0.0,
                    1.0
                ]
            ]
        },
        {
            "file_path": "/data/shapenet_blender/all_50_random/02958343/a5047d31a855ffd1f339a7f0f377393e/r_25",
            "rotation": 0.12566370614359174,
            "transform_matrix": [
                [
                    -0.9155665040016174,
                    -0.23609545826911926,
                    0.3255716860294342,
                    1.3124213218688965
                ],
                [
                    0.4021666347980499,
                    -0.5374913215637207,
                    0.7411916255950928,
                    2.9878387451171875
                ],
                [
                    0.0,
                    0.8095441460609436,
                    0.5870589017868042,
                    2.3665099143981934
                ],
                [
                    0.0,
                    0.0,
                    0.0,
                    1.0
                ]
            ]
        },
        {
            "file_path": "/data/shapenet_blender/all_50_random/02958343/a5047d31a855ffd1f339a7f0f377393e/r_26",
            "rotation": 0.12566370614359174,
            "transform_matrix": [
                [
                    0.7270212769508362,
                    0.13399454951286316,
                    -0.6734133958816528,
                    -2.714616298675537
                ],
                [
                    -0.686614990234375,
                    0.14187990128993988,
                    -0.7130427360534668,
                    -2.8743672370910645
                ],
                [
                    -1.4901162970204496e-08,
                    0.9807729125022888,
                    0.1951523721218109,
                    0.7866843938827515
                ],
                [
                    0.0,
                    0.0,
                    0.0,
                    1.0
                ]
            ]
        },
        {
            "file_path": "/data/shapenet_blender/all_50_random/02958343/a5047d31a855ffd1f339a7f0f377393e/r_27",
            "rotation": 0.12566370614359174,
            "transform_matrix": [
                [
                    0.9590914845466614,
                    0.013522674329578876,
                    -0.2827731668949127,
                    -1.1398952007293701
                ],
                [
                    -0.2830963730812073,
                    0.04581296071410179,
                    -0.9579966068267822,
                    -3.8618080615997314
                ],
                [
                    9.31322685637781e-10,
                    0.9988584518432617,
                    0.0477670393884182,
                    0.19255511462688446
                ],
                [
                    0.0,
                    0.0,
                    0.0,
                    1.0
                ]
            ]
        },
        {
            "file_path": "/data/shapenet_blender/all_50_random/02958343/a5047d31a855ffd1f339a7f0f377393e/r_28",
            "rotation": 0.12566370614359174,
            "transform_matrix": [
                [
                    -0.9959620833396912,
                    -0.015843642875552177,
                    -0.08836629986763,
                    -0.3562159538269043
                ],
                [
                    -0.08977541327476501,
                    0.17576825618743896,
                    0.9803294539451599,
                    3.9518344402313232
                ],
                [
                    0.0,
                    0.9843040704727173,
                    -0.17648088932037354,
                    -0.7114171981811523
                ],
                [
                    0.0,
                    0.0,
                    0.0,
                    1.0
                ]
            ]
        },
        {
            "file_path": "/data/shapenet_blender/all_50_random/02958343/a5047d31a855ffd1f339a7f0f377393e/r_29",
            "rotation": 0.12566370614359174,
            "transform_matrix": [
                [
                    0.4267982542514801,
                    -0.3457343280315399,
                    -0.8356500267982483,
                    -3.3686130046844482
                ],
                [
                    -0.9043468832969666,
                    -0.16316615045070648,
                    -0.39437738060951233,
                    -1.5897860527038574
                ],
                [
                    0.0,
                    0.9240370392799377,
                    -0.38230282068252563,
                    -1.541111946105957
                ],
                [
                    0.0,
                    0.0,
                    0.0,
                    1.0
                ]
            ]
        },
        {
            "file_path": "/data/shapenet_blender/all_50_random/02958343/a5047d31a855ffd1f339a7f0f377393e/r_30",
            "rotation": 0.12566370614359174,
            "transform_matrix": [
                [
                    -0.8753082752227783,
                    -0.26308125257492065,
                    0.4057385325431824,
                    1.6355843544006348
                ],
                [
                    0.48356544971466064,
                    -0.47620689868927,
                    0.7344327569007874,
                    2.9605932235717773
                ],
                [
                    0.0,
                    0.839056134223938,
                    0.5440447926521301,
                    2.193114757537842
                ],
                [
                    0.0,
                    0.0,
                    0.0,
                    1.0
                ]
            ]
        },
        {
            "file_path": "/data/shapenet_blender/all_50_random/02958343/a5047d31a855ffd1f339a7f0f377393e/r_31",
            "rotation": 0.12566370614359174,
            "transform_matrix": [
                [
                    -0.7041507959365845,
                    0.41772225499153137,
                    0.5741774439811707,
                    2.3145835399627686
                ],
                [
                    0.7100505232810974,
                    0.414251446723938,
                    0.5694066882133484,
                    2.295351982116699
                ],
                [
                    1.4901162970204496e-08,
                    0.8086431622505188,
                    -0.5882992744445801,
                    -2.3715105056762695
                ],
                [
                    0.0,
                    0.0,
                    0.0,
                    1.0
                ]
            ]
        },
        {
            "file_path": "/data/shapenet_blender/all_50_random/02958343/a5047d31a855ffd1f339a7f0f377393e/r_32",
            "rotation": 0.12566370614359174,
            "transform_matrix": [
                [
                    -0.6099411249160767,
                    0.23423859477043152,
                    -0.7570363283157349,
                    -3.051711082458496
                ],
                [
                    -0.7924466729164124,
                    -0.18029196560382843,
                    0.5826860666275024,
                    2.3488826751708984
                ],
                [
                    -1.4901161193847656e-08,
                    0.955315113067627,
                    0.2955891191959381,
                    1.1915578842163086
                ],
                [
                    0.0,
                    0.0,
                    0.0,
                    1.0
                ]
            ]
        },
        {
            "file_path": "/data/shapenet_blender/all_50_random/02958343/a5047d31a855ffd1f339a7f0f377393e/r_33",
            "rotation": 0.12566370614359174,
            "transform_matrix": [
                [
                    0.9987362027168274,
                    -0.0009433820378035307,
                    0.05025092884898186,
                    0.20256799459457397
                ],
                [
                    0.0502597913146019,
                    0.018746392801404,
                    -0.9985601305961609,
                    -4.025324821472168
                ],
                [
                    0.0,
                    0.9998237490653992,
                    0.018770113587379456,
                    0.07566475868225098
                ],
                [
                    0.0,
                    0.0,
                    0.0,
                    1.0
                ]
            ]
        },
        {
            "file_path": "/data/shapenet_blender/all_50_random/02958343/a5047d31a855ffd1f339a7f0f377393e/r_34",
            "rotation": 0.12566370614359174,
            "transform_matrix": [
                [
                    -0.0296076200902462,
                    0.4806891679763794,
                    -0.8763910531997681,
                    -3.5328452587127686
                ],
                [
                    -0.9995616674423218,
                    -0.01423830259591341,
                    0.025959232822060585,
                    0.1046450138092041
                ],
                [
                    9.31322685637781e-10,
                    0.876775324344635,
                    0.48090001940727234,
                    1.9385700225830078
                ],
                [
                    0.0,
                    0.0,
                    0.0,
                    1.0
                ]
            ]
        },
        {
            "file_path": "/data/shapenet_blender/all_50_random/02958343/a5047d31a855ffd1f339a7f0f377393e/r_35",
            "rotation": 0.12566370614359174,
            "transform_matrix": [
                [
                    -0.3170459568500519,
                    -0.4162580370903015,
                    0.8521801829338074,
                    3.4352481365203857
                ],
                [
                    0.9484102725982666,
                    -0.13915172219276428,
                    0.2848770022392273,
                    1.1483758687973022
                ],
                [
                    0.0,
                    0.8985353708267212,
                    0.4389009177684784,
                    1.7692662477493286
                ],
                [
                    0.0,
                    0.0,
                    0.0,
                    1.0
                ]
            ]
        },
        {
            "file_path": "/data/shapenet_blender/all_50_random/02958343/a5047d31a855ffd1f339a7f0f377393e/r_36",
            "rotation": 0.12566370614359174,
            "transform_matrix": [
                [
                    0.39463499188423157,
                    -0.021765172481536865,
                    -0.9185801148414612,
                    -3.7029149532318115
                ],
                [
                    -0.9188379645347595,
                    -0.009348001331090927,
                    -0.3945242464542389,
                    -1.5903781652450562
                ],
                [
                    0.0,
                    0.9997193813323975,
                    -0.023687712848186493,
                    -0.09548822790384293
                ],
                [
                    0.0,
                    0.0,
                    0.0,
                    1.0
                ]
            ]
        },
        {
            "file_path": "/data/shapenet_blender/all_50_random/02958343/a5047d31a855ffd1f339a7f0f377393e/r_37",
            "rotation": 0.12566370614359174,
            "transform_matrix": [
                [
                    -0.4179725646972656,
                    -0.1899983435869217,
                    0.8883690237998962,
                    3.581130027770996
                ],
                [
                    0.9084596633911133,
                    -0.08741620928049088,
                    0.40872907638549805,
                    1.6476396322250366
                ],
                [
                    7.450580596923828e-09,
                    0.9778850078582764,
                    0.20914338529109955,
                    0.8430839776992798
                ],
                [
                    0.0,
                    0.0,
                    0.0,
                    1.0
                ]
            ]
        },
        {
            "file_path": "/data/shapenet_blender/all_50_random/02958343/a5047d31a855ffd1f339a7f0f377393e/r_38",
            "rotation": 0.12566370614359174,
            "transform_matrix": [
                [
                    -0.04141099005937576,
                    -0.6840304732322693,
                    0.7282770276069641,
                    2.9357783794403076
                ],
                [
                    0.9991421699523926,
                    -0.028350697830319405,
                    0.030184566974639893,
                    0.12167787551879883
                ],
                [
                    0.0,
                    0.7289023399353027,
                    0.6846177577972412,
                    2.759782314300537
                ],
                [
                    0.0,
                    0.0,
                    0.0,
                    1.0
                ]
            ]
        },
        {
            "file_path": "/data/shapenet_blender/all_50_random/02958343/a5047d31a855ffd1f339a7f0f377393e/r_39",
            "rotation": 0.12566370614359174,
            "transform_matrix": [
                [
                    -0.93535315990448,
                    -0.16329146921634674,
                    0.31376802921295166,
                    1.2648394107818604
                ],
                [
                    0.35371527075767517,
                    -0.4318026602268219,
                    0.8297179937362671,
                    3.3447000980377197
                ],
                [
                    0.0,
                    0.8870638608932495,
                    0.46164670586586,
                    1.860957384109497
                ],
                [
                    0.0,
                    0.0,
                    0.0,
                    1.0
                ]
            ]
        },
        {
            "file_path": "/data/shapenet_blender/all_50_random/02958343/a5047d31a855ffd1f339a7f0f377393e/r_40",
            "rotation": 0.12566370614359174,
            "transform_matrix": [
                [
                    0.2964523434638977,
                    0.34084421396255493,
                    -0.8921553492546082,
                    -3.596393346786499
                ],
                [
                    -0.9550476670265198,
                    0.10580003261566162,
                    -0.27693021297454834,
                    -1.1163413524627686
                ],
                [
                    0.0,
                    0.9341474771499634,
                    0.35688716173171997,
                    1.4386581182479858
                ],
                [
                    0.0,
                    0.0,
                    0.0,
                    1.0
                ]
            ]
        },
        {
            "file_path": "/data/shapenet_blender/all_50_random/02958343/a5047d31a855ffd1f339a7f0f377393e/r_41",
            "rotation": 0.12566370614359174,
            "transform_matrix": [
                [
                    -0.10068143904209137,
                    0.744845986366272,
                    0.6595966815948486,
                    2.658919334411621
                ],
                [
                    0.9949185848236084,
                    0.07537518441677094,
                    0.06674832105636597,
                    0.269071102142334
                ],
                [
