{
    "class": "02958343",
    "model": "6f61af12304781b1297cfecdd0d5b071",
    "remove_doubles": true,
    "edge_split": true,
    "denoise": true,
    "camera_angle_x": 0.6911112070083618,
    "scale_factor": 2.2513624479135075,
    "hdri_file": "/data/IndoorHDRDataset2018/9C4A1528-b4b5787538.exr",
    "center_offset": [
        0.0,
        -6.984919309616089e-10,
        -3.725290298461914e-09
    ],
    "lights": [],
    "frames": [
        {
            "file_path": "/data/shapenet_blender/all_50_random/02958343/6f61af12304781b1297cfecdd0d5b071/r_0",
            "rotation": 0.12566370614359174,
            "transform_matrix": [
                [
                    -0.12684398889541626,
                    -0.054089732468128204,
                    0.9904468059539795,
                    3.9926187992095947
                ],
                [
                    0.9919226765632629,
                    -0.0069168261252343655,
                    0.12665525078773499,
                    0.5105636715888977
                ],
                [
                    -4.656612873077393e-10,
                    0.9985120892524719,
                    0.05453019216656685,
                    0.21981823444366455
                ],
                [
                    0.0,
                    0.0,
                    0.0,
                    1.0
                ]
            ]
        },
        {
            "file_path": "/data/shapenet_blender/all_50_random/02958343/6f61af12304781b1297cfecdd0d5b071/r_1",
            "rotation": 0.12566370614359174,
            "transform_matrix": [
                [
                    -0.6041222214698792,
                    -0.03349897637963295,
                    0.7961872816085815,
                    3.20953369140625
                ],
                [
                    0.7968917489051819,
                    -0.02539551444351673,
                    0.6035881638526917,
                    2.4331417083740234
                ],
                [
                    0.0,
                    0.9991161227226257,
                    0.04203704744577408,
                    0.16945676505565643
                ],
                [
                    0.0,
                    0.0,
                    0.0,
                    1.0
                ]
            ]
        },
        {
            "file_path": "/data/shapenet_blender/all_50_random/02958343/6f61af12304781b1297cfecdd0d5b071/r_2",
            "rotation": 0.12566370614359174,
            "transform_matrix": [
                [
                    -0.5254474878311157,
                    0.6090525388717651,
                    0.5941042304039001,
                    2.3949108123779297
                ],
                [
                    0.8508260250091553,
                    0.3761346638202667,
                    0.3669029772281647,
                    1.4790332317352295
                ],
                [
                    0.0,
                    0.6982675194740295,
                    -0.7158368229866028,
                    -2.8856306076049805
                ],
                [
                    0.0,
                    0.0,
                    0.0,
                    1.0
                ]
            ]
        },
        {
            "file_path": "/data/shapenet_blender/all_50_random/02958343/6f61af12304781b1297cfecdd0d5b071/r_3",
            "rotation": 0.12566370614359174,
            "transform_matrix": [
                [
                    0.9773696660995483,
                    0.11012393981218338,
                    -0.18061363697052002,
                    -0.7280769348144531
                ],
                [
                    -0.21153861284255981,
                    0.5088045597076416,
                    -0.8344873785972595,
                    -3.363926410675049
                ],
                [
                    0.0,
                    0.8538094162940979,
                    0.5205855369567871,
                    2.0985476970672607
                ],
                [
                    0.0,
                    0.0,
                    0.0,
                    1.0
                ]
            ]
        },
        {
            "file_path": "/data/shapenet_blender/all_50_random/02958343/6f61af12304781b1297cfecdd0d5b071/r_4",
            "rotation": 0.12566370614359174,
            "transform_matrix": [
                [
                    0.3298988342285156,
                    0.12506994605064392,
                    0.9356944561004639,
                    3.7719051837921143
                ],
                [
                    0.9440162777900696,
                    -0.043707333505153656,
                    -0.32699066400527954,
                    -1.3181416988372803
                ],
                [
                    3.725290298461914e-09,
                    0.9911847114562988,
                    -0.13248705863952637,
                    -0.5340724587440491
                ],
                [
                    0.0,
                    0.0,
                    0.0,
                    1.0
                ]
            ]
        },
        {
            "file_path": "/data/shapenet_blender/all_50_random/02958343/6f61af12304781b1297cfecdd0d5b071/r_5",
            "rotation": 0.12566370614359174,
            "transform_matrix": [
                [
                    0.4226325750350952,
                    0.15541236102581024,
                    0.8928766250610352,
                    3.5993008613586426
                ],
                [
                    0.9063011407852173,
                    -0.0724729597568512,
                    -0.4163723587989807,
                    -1.6784507036209106
                ],
                [
                    0.0,
                    0.9851876497268677,
                    -0.17147983610630035,
                    -0.6912573575973511
                ],
                [
                    0.0,
                    0.0,
                    0.0,
                    1.0
                ]
            ]
        },
        {
            "file_path": "/data/shapenet_blender/all_50_random/02958343/6f61af12304781b1297cfecdd0d5b071/r_6",
            "rotation": 0.12566370614359174,
            "transform_matrix": [
                [
                    -0.9521222710609436,
                    0.24650126695632935,
                    0.1808318942785263,
                    0.7289567589759827
                ],
                [
                    0.3057172894477844,
                    0.7677006125450134,
                    0.563180685043335,
                    2.270254135131836
                ],
                [
                    0.0,
                    0.5915004014968872,
                    -0.8063046336174011,
                    -3.2503182888031006
                ],
                [
                    0.0,
                    0.0,
                    0.0,
                    1.0
                ]
            ]
        },
        {
            "file_path": "/data/shapenet_blender/all_50_random/02958343/6f61af12304781b1297cfecdd0d5b071/r_7",
            "rotation": 0.12566370614359174,
            "transform_matrix": [
                [
                    -0.5347018241882324,
                    0.03764311969280243,
                    -0.8442018628120422,
                    -3.4030866622924805
                ],
                [
                    -0.8450407385826111,
                    -0.023818789049983025,
                    0.5341711044311523,
                    2.1533126831054688
                ],
                [
                    1.862645149230957e-09,
                    0.9990072250366211,
                    0.04454592615365982,
                    0.17957037687301636
                ],
                [
                    0.0,
                    0.0,
                    0.0,
                    1.0
                ]
            ]
        },
        {
            "file_path": "/data/shapenet_blender/all_50_random/02958343/6f61af12304781b1297cfecdd0d5b071/r_8",
            "rotation": 0.12566370614359174,
            "transform_matrix": [
                [
                    -0.97911137342453,
                    0.08173199743032455,
                    -0.1861739456653595,
                    -0.7504912614822388
                ],
                [
                    -0.20332452654838562,
                    -0.39358124136924744,
                    0.896522581577301,
                    3.6139984130859375
                ],
                [
                    7.450580152834618e-09,
                    0.9156492948532104,
                    0.4019779860973358,
                    1.6204252243041992
                ],
                [
                    0.0,
                    0.0,
                    0.0,
                    1.0
                ]
            ]
        },
        {
            "file_path": "/data/shapenet_blender/all_50_random/02958343/6f61af12304781b1297cfecdd0d5b071/r_9",
            "rotation": 0.12566370614359174,
            "transform_matrix": [
                [
                    0.3144729435443878,
                    -0.9153755903244019,
                    0.2513846755027771,
                    1.0133641958236694
                ],
                [
                    0.9492664337158203,
                    0.3032456040382385,
                    -0.08327871561050415,
                    -0.33570727705955505
                ],
                [
                    0.0,
                    0.26482003927230835,
                    0.9642977714538574,
                    3.887208938598633
                ],
                [
                    0.0,
                    0.0,
                    0.0,
                    1.0
                ]
            ]
        },
        {
            "file_path": "/data/shapenet_blender/all_50_random/02958343/6f61af12304781b1297cfecdd0d5b071/r_10",
            "rotation": 0.12566370614359174,
            "transform_matrix": [
                [
                    0.8502779603004456,
                    -0.291242390871048,
                    -0.4384123682975769,
                    -1.7672967910766602
                ],
                [
                    -0.5263341069221497,
                    -0.4704938530921936,
                    -0.7082428336143494,
                    -2.855018138885498
                ],
                [
                    0.0,
                    0.832954466342926,
                    -0.5533413290977478,
                    -2.230590343475342
                ],
                [
                    0.0,
                    0.0,
                    0.0,
                    1.0
                ]
            ]
        },
        {
            "file_path": "/data/shapenet_blender/all_50_random/02958343/6f61af12304781b1297cfecdd0d5b071/r_11",
            "rotation": 0.12566370614359174,
            "transform_matrix": [
                [
                    -0.87537682056427,
                    -0.41887015104293823,
                    -0.2413778305053711,
                    -0.9730252027511597
                ],
                [
                    -0.4834412932395935,
                    0.7584565281867981,
                    0.4370676279067993,
                    1.761876106262207
                ],
                [
                    1.4901161193847656e-08,
                    0.49929091334342957,
                    -0.8664343357086182,
                    -3.492708683013916
                ],
                [
                    0.0,
                    0.0,
                    0.0,
                    1.0
                ]
            ]
        },
        {
            "file_path": "/data/shapenet_blender/all_50_random/02958343/6f61af12304781b1297cfecdd0d5b071/r_12",
            "rotation": 0.12566370614359174,
            "transform_matrix": [
                [
                    0.9629363417625427,
                    0.004299267195165157,
                    -0.2696946859359741,
                    -1.0871739387512207
                ],
                [
                    -0.26972895860671997,
                    0.015348449349403381,
                    -0.9628140330314636,
                    -3.8812270164489746
                ],
                [
                    0.0,
                    0.9998729228973389,
                    0.015939217060804367,
                    0.06425303220748901
                ],
                [
                    0.0,
                    0.0,
                    0.0,
                    1.0
                ]
            ]
        },
        {
            "file_path": "/data/shapenet_blender/all_50_random/02958343/6f61af12304781b1297cfecdd0d5b071/r_13",
            "rotation": 0.12566370614359174,
            "transform_matrix": [
                [
                    -0.9886631965637207,
                    -0.09669797867536545,
                    0.11486788094043732,
                    0.4630472660064697
                ],
                [
                    0.1501503735780716,
                    -0.6367065906524658,
                    0.7563460469245911,
                    3.048928737640381
                ],
                [
                    7.450581485102248e-09,
                    0.7650189399719238,
                    0.6440076231956482,
                    2.5960779190063477
                ],
                [
                    0.0,
                    0.0,
                    0.0,
                    1.0
                ]
            ]
        },
        {
            "file_path": "/data/shapenet_blender/all_50_random/02958343/6f61af12304781b1297cfecdd0d5b071/r_14",
            "rotation": 0.12566370614359174,
            "transform_matrix": [
                [
                    0.8469566702842712,
                    0.3104516267776489,
                    0.4316064417362213,
                    1.7398611307144165
                ],
                [
                    0.531661868095398,
                    -0.49456074833869934,
                    -0.6875647306442261,
                    -2.7716619968414307
                ],
                [
                    0.0,
                    0.8118060827255249,
                    -0.5839268565177917,
                    -2.35388445854187
                ],
                [
                    0.0,
                    0.0,
                    0.0,
                    1.0
                ]
            ]
        },
        {
            "file_path": "/data/shapenet_blender/all_50_random/02958343/6f61af12304781b1297cfecdd0d5b071/r_15",
            "rotation": 0.12566370614359174,
            "transform_matrix": [
                [
                    0.04898196458816528,
                    -0.18585187196731567,
                    -0.981356143951416,
                    -3.9559731483459473
                ],
                [
                    -0.998799741268158,
                    -0.009114328771829605,
                    -0.04812651872634888,
                    -0.19400420784950256
                ],
                [
                    9.313225746154785e-10,
                    0.9825355410575867,
                    -0.18607522547245026,
                    -0.7500932216644287
                ],
                [
                    0.0,
                    0.0,
                    0.0,
                    1.0
                ]
            ]
        },
        {
            "file_path": "/data/shapenet_blender/all_50_random/02958343/6f61af12304781b1297cfecdd0d5b071/r_16",
            "rotation": 0.12566370614359174,
            "transform_matrix": [
                [
                    0.012869559228420258,
                    -0.3981779217720032,
                    0.9172179102897644,
                    3.6974236965179443
                ],
                [
                    0.9999171495437622,
                    0.005124798975884914,
                    -0.011805168353021145,
                    -0.047588154673576355
                ],
                [
                    0.0,
                    0.9172938466072083,
                    0.39821091294288635,
                    1.6052395105361938
                ],
                [
                    0.0,
                    0.0,
                    0.0,
                    1.0
                ]
            ]
        },
        {
            "file_path": "/data/shapenet_blender/all_50_random/02958343/6f61af12304781b1297cfecdd0d5b071/r_17",
            "rotation": 0.12566370614359174,
            "transform_matrix": [
                [
                    0.9284586310386658,
                    -0.3538457155227661,
                    -0.11295073479413986,
                    -0.45531898736953735
                ],
                [
                    -0.3714359402656555,
                    -0.8844892978668213,
                    -0.28233692049980164,
                    -1.1381365060806274
                ],
                [
                    -7.450580596923828e-09,
                    0.304092139005661,
                    -0.9526426196098328,
                    -3.8402252197265625
                ],
                [
                    0.0,
                    0.0,
                    0.0,
                    1.0
                ]
            ]
        },
        {
            "file_path": "/data/shapenet_blender/all_50_random/02958343/6f61af12304781b1297cfecdd0d5b071/r_18",
            "rotation": 0.12566370614359174,
            "transform_matrix": [
                [
                    0.5908622145652771,
                    0.27175936102867126,
                    0.7596240043640137,
                    3.0621423721313477
                ],
                [
                    0.8067725896835327,
                    -0.19903050363063812,
                    -0.5563316941261292,
                    -2.242644786834717
                ],
                [
                    0.0,
                    0.9415590763092041,
                    -0.33684760332107544,
                    -1.3578760623931885
                ],
                [
                    0.0,
                    0.0,
                    0.0,
                    1.0
                ]
            ]
        },
        {
            "file_path": "/data/shapenet_blender/all_50_random/02958343/6f61af12304781b1297cfecdd0d5b071/r_19",
            "rotation": 0.12566370614359174,
            "transform_matrix": [
                [
                    0.9028573036193848,
                    0.3225007951259613,
                    -0.28432735800743103,
                    -1.146160364151001
                ],
                [
                    -0.4299405515193939,
                    0.6772382855415344,
                    -0.5970756411552429,
                    -2.4068892002105713
                ],
                [
                    0.0,
                    0.6613178849220276,
                    0.7501055598258972,
                    3.0237724781036377
                ],
                [
                    0.0,
                    0.0,
                    0.0,
                    1.0
                ]
            ]
        },
        {
            "file_path": "/data/shapenet_blender/all_50_random/02958343/6f61af12304781b1297cfecdd0d5b071/r_20",
            "rotation": 0.12566370614359174,
            "transform_matrix": [
                [
                    -0.324310302734375,
                    -0.14117275178432465,
                    0.9353572130203247,
                    3.770545482635498
                ],
                [
                    0.9459507465362549,
                    -0.04839973896741867,
                    0.32067838311195374,
                    1.2926958799362183
                ],
                [
                    -3.725290298461914e-09,
                    0.9888011813163757,
                    0.14923898875713348,
                    0.6016016006469727
                ],
                [
                    0.0,
                    0.0,
                    0.0,
                    1.0
                ]
            ]
        },
        {
            "file_path": "/data/shapenet_blender/all_50_random/02958343/6f61af12304781b1297cfecdd0d5b071/r_21",
            "rotation": 0.12566370614359174,
            "transform_matrix": [
                [
                    -0.922204315662384,
                    -0.3760530650615692,
                    -0.09012951701879501,
                    -0.36332371830940247
                ],
                [
                    -0.3867030739784241,
                    0.8968062996864319,
                    0.2149396538734436,
                    0.8664494752883911
                ],
                [
                    0.0,
                    0.23307178914546967,
                    -0.972459614276886,
                    -3.920109987258911
                ],
                [
                    0.0,
                    0.0,
                    0.0,
                    1.0
                ]
            ]
        },
        {
            "file_path": "/data/shapenet_blender/all_50_random/02958343/6f61af12304781b1297cfecdd0d5b071/r_22",
            "rotation": 0.12566370614359174,
            "transform_matrix": [
                [
                    -0.134336456656456,
                    0.06284617632627487,
                    0.9889408946037292,
                    3.9865481853485107
                ],
                [
                    0.9909358024597168,
                    0.008519759401679039,
                    0.13406603038311005,
                    0.5404374599456787
                ],
                [
                    -9.313225191043273e-10,
                    0.997986912727356,
                    -0.06342104077339172,
                    -0.2556583881378174
                ],
                [
                    0.0,
                    0.0,
                    0.0,
                    1.0
                ]
            ]
        },
        {
            "file_path": "/data/shapenet_blender/all_50_random/02958343/6f61af12304781b1297cfecdd0d5b071/r_23",
            "rotation": 0.12566370614359174,
            "transform_matrix": [
                [
                    -0.1868775337934494,
                    0.3123346269130707,
                    -0.9314095973968506,
                    -3.7546322345733643
                ],
                [
                    -0.9823832511901855,
                    -0.059415027499198914,
                    0.17718088626861572,
                    0.7142390012741089
                ],
                [
                    0.0,
                    0.9481122493743896,
                    0.31793564558029175,
                    1.281639575958252
                ],
                [
                    0.0,
                    0.0,
                    0.0,
                    1.0
                ]
            ]
        },
        {
            "file_path": "/data/shapenet_blender/all_50_random/02958343/6f61af12304781b1297cfecdd0d5b071/r_24",
            "rotation": 0.12566370614359174,
            "transform_matrix": [
                [
                    -0.9562442302703857,
                    0.18241693079471588,
                    0.22873829305171967,
                    0.9220736026763916
                ],
                [
                    0.2925699055194855,
                    0.5962168574333191,
                    0.7476149797439575,
                    3.013732671737671
                ],
                [
                    1.4901162970204496e-08,
                    0.7818244099617004,
                    -0.6234985589981079,
                    -2.5134034156799316
                ],
                [
                    0.0,
                    0.0,
                    0.0,
                    1.0
                ]
            ]
        },
        {
            "file_path": "/data/shapenet_blender/all_50_random/02958343/6f61af12304781b1297cfecdd0d5b071/r_25",
            "rotation": 0.12566370614359174,
            "transform_matrix": [
                [
                    0.8754669427871704,
                    -0.08224618434906006,
                    -0.4762280285358429,
                    -1.919736623764038
                ],
                [
                    -0.48327791690826416,
                    -0.1489904820919037,
                    -0.8626959323883057,
                    -3.4776384830474854
                ],
                [
                    7.4505792646561986e-09,
                    0.9854124188423157,
                    -0.17018400132656097,
                    -0.6860336661338806
                ],
                [
                    0.0,
                    0.0,
                    0.0,
                    1.0
                ]
            ]
        },
        {
            "file_path": "/data/shapenet_blender/all_50_random/02958343/6f61af12304781b1297cfecdd0d5b071/r_26",
            "rotation": 0.12566370614359174,
            "transform_matrix": [
                [
                    0.6022856831550598,
                    0.28795358538627625,
                    -0.7445364594459534,
                    -3.0013227462768555
                ],
                [
                    -0.7982805371284485,
                    0.2172548472881317,
                    -0.5617368817329407,
                    -2.2644340991973877
                ],
                [
                    0.0,
                    0.932675302028656,
                    0.36071720719337463,
                    1.4540977478027344
                ],
                [
                    0.0,
                    0.0,
                    0.0,
                    1.0
                ]
            ]
        },
        {
            "file_path": "/data/shapenet_blender/all_50_random/02958343/6f61af12304781b1297cfecdd0d5b071/r_27",
            "rotation": 0.12566370614359174,
            "transform_matrix": [
                [
                    -0.33340534567832947,
                    0.07327655702829361,
                    0.9399316310882568,
                    3.78898549079895
                ],
                [
                    0.9427835941314697,
                    0.02591347135603428,
                    0.3323967754840851,
                    1.339934229850769
                ],
                [
                    0.0,
                    0.9969748854637146,
                    -0.07772362977266312,
                    -0.31331396102905273
                ],
                [
                    0.0,
                    0.0,
                    0.0,
                    1.0
                ]
            ]
        },
        {
            "file_path": "/data/shapenet_blender/all_50_random/02958343/6f61af12304781b1297cfecdd0d5b071/r_28",
            "rotation": 0.12566370614359174,
            "transform_matrix": [
                [
                    -0.16608627140522003,
                    -0.439460813999176,
                    0.8827736973762512,
                    3.558574676513672
                ],
                [
                    0.9861112236976624,
                    -0.07401639968156815,
                    0.14868159592151642,
                    0.5993546843528748
                ],
                [
                    -7.450581485102248e-09,
                    0.8952071070671082,
                    0.4456503391265869,
                    1.7964739799499512
                ],
                [
                    0.0,
                    0.0,
                    0.0,
                    1.0
                ]
            ]
        },
        {
            "file_path": "/data/shapenet_blender/all_50_random/02958343/6f61af12304781b1297cfecdd0d5b071/r_29",
            "rotation": 0.12566370614359174,
            "transform_matrix": [
                [
                    0.863883376121521,
                    0.09594704955816269,
                    0.4944689869880676,
                    1.993268370628357
                ],
                [
                    0.5036918520927429,
                    -0.16455908119678497,
                    -0.8480652570724487,
                    -3.4186606407165527
                ],
                [
                    7.450581485102248e-09,
                    0.9816895127296448,
                    -0.1904875934123993,
                    -0.7678800821304321
                ],
                [
                    0.0,
                    0.0,
                    0.0,
                    1.0
                ]
            ]
        },
        {
            "file_path": "/data/shapenet_blender/all_50_random/02958343/6f61af12304781b1297cfecdd0d5b071/r_30",
            "rotation": 0.12566370614359174,
            "transform_matrix": [
                [
                    -0.997197687625885,
                    -0.07052534073591232,
                    -0.024955911561846733,
                    -0.10060051083564758
                ],
                [
                    -0.07481056451797485,
                    0.9400771856307983,
                    0.3326532542705536,
                    1.3409682512283325
                ],
                [
                    0.0,
                    0.333588182926178,
                    -0.9427188634872437,
                    -3.8002216815948486
                ],
                [
                    0.0,
                    0.0,
                    0.0,
                    1.0
                ]
            ]
        },
        {
            "file_path": "/data/shapenet_blender/all_50_random/02958343/6f61af12304781b1297cfecdd0d5b071/r_31",
            "rotation": 0.12566370614359174,
            "transform_matrix": [
                [
                    -0.22835274040699005,
                    -0.5629534721374512,
                    0.7943163514137268,
                    3.201991558074951
                ],
                [
                    0.9735785126686096,
                    -0.13204067945480347,
                    0.18630683422088623,
                    0.7510268688201904
                ],
                [
                    -7.450580596923828e-09,
                    0.8158729076385498,
                    0.5782312154769897,
                    2.3309245109558105
                ],
                [
                    0.0,
                    0.0,
                    0.0,
                    1.0
                ]
            ]
        },
        {
            "file_path": "/data/shapenet_blender/all_50_random/02958343/6f61af12304781b1297cfecdd0d5b071/r_32",
            "rotation": 0.12566370614359174,
            "transform_matrix": [
                [
                    0.8825135827064514,
                    0.03808792307972908,
                    0.4687422215938568,
                    1.889560341835022
                ],
                [
                    0.47028711438179016,
                    -0.07147359102964401,
                    -0.8796144723892212,
                    -3.545839309692383
                ],
                [
                    3.725290742551124e-09,
                    0.9967149496078491,
                    -0.08098866790533066,
                    -0.32647576928138733
                ],
                [
                    0.0,
                    0.0,
                    0.0,
                    1.0
                ]
            ]
        },
        {
            "file_path": "/data/shapenet_blender/all_50_random/02958343/6f61af12304781b1297cfecdd0d5b071/r_33",
            "rotation": 0.12566370614359174,
            "transform_matrix": [
                [
                    0.4672242999076843,
                    0.4890785217285156,
                    -0.7365484833717346,
                    -2.9691219329833984
                ],
                [
                    -0.884138822555542,
                    0.2584541440010071,
                    -0.38922998309135437,
                    -1.5690362453460693
                ],
                [
                    0.0,
                    0.8330687284469604,
                    0.5531693696975708,
                    2.2298970222473145
                ],
                [
                    0.0,
                    0.0,
                    0.0,
                    1.0
                ]
            ]
        },
        {
            "file_path": "/data/shapenet_blender/all_50_random/02958343/6f61af12304781b1297cfecdd0d5b071/r_34",
            "rotation": 0.12566370614359174,
            "transform_matrix": [
                [
                    0.9947537183761597,
                    0.00037467724177986383,
                    -0.10229858011007309,
                    -0.4123787581920624
                ],
                [
                    -0.10229925811290741,
                    0.0036433455534279346,
                    -0.9947470426559448,
                    -4.009953498840332
                ],
                [
                    0.0,
                    0.9999933242797852,
                    0.003662560833618045,
                    0.014764254912734032
                ],
                [
                    0.0,
                    0.0,
                    0.0,
                    1.0
                ]
            ]
        },
        {
            "file_path": "/data/shapenet_blender/all_50_random/02958343/6f61af12304781b1297cfecdd0d5b071/r_35",
            "rotation": 0.12566370614359174,
            "transform_matrix": [
                [
                    -0.9535239338874817,
                    -0.10090827941894531,
                    -0.28391802310943604,
                    -1.14451003074646
                ],
                [
                    -0.3013169467449188,
                    0.3193264305591583,
                    0.8984646797180176,
                    3.621826648712158
                ],
                [
                    0.0,
                    0.9422568678855896,
                    -0.33489084243774414,
                    -1.3499879837036133
                ],
                [
                    0.0,
                    0.0,
                    0.0,
                    1.0
                ]
            ]
        },
        {
            "file_path": "/data/shapenet_blender/all_50_random/02958343/6f61af12304781b1297cfecdd0d5b071/r_36",
            "rotation": 0.12566370614359174,
            "transform_matrix": [
                [
                    0.6870865821838379,
                    0.28511500358581543,
                    0.6682974696159363,
                    2.69399356842041
                ],
                [
                    0.7265756130218506,
                    -0.2696191072463989,
                    -0.6319757699966431,
                    -2.5475759506225586
                ],
                [
                    -1.4901161193847656e-08,
                    0.9197907447814941,
                    -0.39240920543670654,
                    -1.5818521976470947
                ],
                [
                    0.0,
                    0.0,
                    0.0,
                    1.0
                ]
            ]
        },
        {
            "file_path": "/data/shapenet_blender/all_50_random/02958343/6f61af12304781b1297cfecdd0d5b071/r_37",
            "rotation": 0.12566370614359174,
            "transform_matrix": [
                [
                    0.2690998911857605,
                    0.07249683886766434,
                    -0.9603798389434814,
                    -3.871415138244629
                ],
                [
                    -0.9631122946739197,
                    0.02025609090924263,
                    -0.2683364152908325,
                    -1.0816987752914429
                ],
                [
                    -1.8626449271863521e-09,
                    0.9971629977226257,
                    0.07527349889278412,
                    0.303437203168869
                ],
                [
                    0.0,
                    0.0,
                    0.0,
                    1.0
                ]
            ]
        },
        {
            "file_path": "/data/shapenet_blender/all_50_random/02958343/6f61af12304781b1297cfecdd0d5b071/r_38",
            "rotation": 0.12566370614359174,
            "transform_matrix": [
                [
                    0.5702356696128845,
                    -0.04699021205306053,
                    0.8201361298561096,
                    3.306074380874634
                ],
                [
                    0.8214812278747559,
                    0.03261851146817207,
                    -0.569301962852478,
                    -2.2949295043945312
                ],
                [
                    1.862645149230957e-09,
                    0.99836266040802,
                    0.0572018101811409,
                    0.23058786988258362
                ],
                [
                    0.0,
                    0.0,
                    0.0,
                    1.0
                ]
            ]
        },
        {
            "file_path": "/data/shapenet_blender/all_50_random/02958343/6f61af12304781b1297cfecdd0d5b071/r_39",
            "rotation": 0.12566370614359174,
            "transform_matrix": [
                [
                    0.24938726425170898,
                    0.04653649404644966,
                    0.9672850966453552,
                    3.8992505073547363
                ],
                [
                    0.9684038162231445,
                    -0.01198426540941,
                    -0.24909916520118713,
                    -1.0041507482528687
                ],
                [
                    -9.313224635931761e-10,
                    0.9988447427749634,
                    -0.04805484414100647,
                    -0.19371524453163147
                ],
                [
                    0.0,
                    0.0,
                    0.0,
                    1.0
                ]
            ]
        },
        {
            "file_path": "/data/shapenet_blender/all_50_random/02958343/6f61af12304781b1297cfecdd0d5b071/r_40",
            "rotation": 0.12566370614359174,
            "transform_matrix": [
                [
                    -0.4095470607280731,
                    -0.22357335686683655,
                    -0.8844693899154663,
                    -3.5654103755950928
                ],
                [
                    -0.9122890830039978,
                    0.10036709904670715,
                    0.3970581591129303,
                    1.6005927324295044
                ],
                [
                    0.0,
                    0.9695056676864624,
                    -0.24506856501102448,
                    -0.9879030585289001
                ],
                [
                    0.0,
                    0.0,
                    0.0,
                    1.0
                ]
            ]
        },
        {
            "file_path": "/data/shapenet_blender/all_50_random/02958343/6f61af12304781b1297cfecdd0d5b071/r_41",
            "rotation": 0.12566370614359174,
            "transform_matrix": [
                [
                    -0.7446994185447693,
                    0.4480610191822052,
                    -0.49463510513305664,
                    -1.9939378499984741
                ],
                [
                    -0.6673998236656189,
                    -0.499956339597702,
                    0.5519247651100159,
                    2.2248799800872803
                ],
