{
    "class": "02958343",
    "model": "b31c2984546d2746becf71e2e014ff6f",
    "remove_doubles": true,
    "edge_split": true,
    "denoise": true,
    "camera_angle_x": 0.6911112070083618,
    "scale_factor": 2.2629168848356445,
    "hdri_file": "/data/IndoorHDRDataset2018/9C4A1030-c671b82912.exr",
    "center_offset": [
        0.0,
        0.0,
        3.725290298461914e-09
    ],
    "lights": [],
    "frames": [
        {
            "file_path": "/data/shapenet_blender/all_50_random/02958343/b31c2984546d2746becf71e2e014ff6f/r_0",
            "rotation": 0.12566370614359174,
            "transform_matrix": [
                [
                    -0.8125881552696228,
                    -0.3468661904335022,
                    -0.46838486194610596,
                    -1.8881199359893799
                ],
                [
                    -0.5828384160995483,
                    0.4835977852344513,
                    0.6530179977416992,
                    2.6324000358581543
                ],
                [
                    1.4901161193847656e-08,
                    0.8036273717880249,
                    -0.5951327085494995,
                    -2.399056911468506
                ],
                [
                    0.0,
                    0.0,
                    0.0,
                    1.0
                ]
            ]
        },
        {
            "file_path": "/data/shapenet_blender/all_50_random/02958343/b31c2984546d2746becf71e2e014ff6f/r_1",
            "rotation": 0.12566370614359174,
            "transform_matrix": [
                [
                    -0.920944333076477,
                    -0.29599615931510925,
                    0.2534716725349426,
                    1.0217770338058472
                ],
                [
                    0.38969433307647705,
                    -0.6995123624801636,
                    0.5990164875984192,
                    2.41471266746521
                ],
                [
                    -1.4901162970204496e-08,
                    0.6504372358322144,
                    0.7595599889755249,
                    3.0618841648101807
                ],
                [
                    0.0,
                    0.0,
                    0.0,
                    1.0
                ]
            ]
        },
        {
            "file_path": "/data/shapenet_blender/all_50_random/02958343/b31c2984546d2746becf71e2e014ff6f/r_2",
            "rotation": 0.12566370614359174,
            "transform_matrix": [
                [
                    -0.9999143481254578,
                    1.9025837900699116e-05,
                    0.013094466179609299,
                    0.0527854859828949
                ],
                [
                    0.013094483874738216,
                    0.0014528415631502867,
                    0.9999130964279175,
                    4.030778884887695
                ],
                [
                    0.0,
                    0.999998927116394,
                    -0.0014529661275446415,
                    -0.005857094191014767
                ],
                [
                    0.0,
                    0.0,
                    0.0,
                    1.0
                ]
            ]
        },
        {
            "file_path": "/data/shapenet_blender/all_50_random/02958343/b31c2984546d2746becf71e2e014ff6f/r_3",
            "rotation": 0.12566370614359174,
            "transform_matrix": [
                [
                    -0.7892802357673645,
                    0.3242318630218506,
                    0.521450400352478,
                    2.102033853530884
                ],
                [
                    0.6140332818031311,
                    0.4167685806751251,
                    0.6702739000320435,
                    2.701960563659668
                ],
                [
                    1.4901162970204496e-08,
                    0.8492217659950256,
                    -0.5280362963676453,
                    -2.12858247756958
                ],
                [
                    0.0,
                    0.0,
                    0.0,
                    1.0
                ]
            ]
        },
        {
            "file_path": "/data/shapenet_blender/all_50_random/02958343/b31c2984546d2746becf71e2e014ff6f/r_4",
            "rotation": 0.12566370614359174,
            "transform_matrix": [
                [
                    0.5320667624473572,
                    0.4730043113231659,
                    -0.7022620439529419,
                    -2.8309085369110107
                ],
                [
                    -0.8467024564743042,
                    0.29723528027534485,
                    -0.44130057096481323,
                    -1.7789392471313477
                ],
                [
                    -1.4901161193847656e-08,
                    0.8294082880020142,
                    0.5586429238319397,
                    2.2519614696502686
                ],
                [
                    0.0,
                    0.0,
                    0.0,
                    1.0
                ]
            ]
        },
        {
            "file_path": "/data/shapenet_blender/all_50_random/02958343/b31c2984546d2746becf71e2e014ff6f/r_5",
            "rotation": 0.12566370614359174,
            "transform_matrix": [
                [
                    -0.9457536935806274,
                    -0.001070690806955099,
                    0.3248828053474426,
                    1.3096445798873901
                ],
                [
                    0.3248846232891083,
                    -0.0031168293207883835,
                    0.9457484483718872,
                    3.812434196472168
                ],
                [
                    1.1641532182693481e-10,
                    0.9999945759773254,
                    0.0032956034410744905,
                    0.01328500360250473
                ],
                [
                    0.0,
                    0.0,
                    0.0,
                    1.0
                ]
            ]
        },
        {
            "file_path": "/data/shapenet_blender/all_50_random/02958343/b31c2984546d2746becf71e2e014ff6f/r_6",
            "rotation": 0.12566370614359174,
            "transform_matrix": [
                [
                    -0.8523417115211487,
                    -0.27216488122940063,
                    -0.446586936712265,
                    -1.8002495765686035
                ],
                [
                    -0.5229852795600891,
                    0.4435640573501587,
                    0.7278305292129517,
                    2.933978796005249
                ],
                [
                    0.0,
                    0.8539187908172607,
                    -0.5204063057899475,
                    -2.097824811935425
                ],
                [
                    0.0,
                    0.0,
                    0.0,
                    1.0
                ]
            ]
        },
        {
            "file_path": "/data/shapenet_blender/all_50_random/02958343/b31c2984546d2746becf71e2e014ff6f/r_7",
            "rotation": 0.12566370614359174,
            "transform_matrix": [
                [
                    -0.9199597239494324,
                    0.18036866188049316,
                    0.34805363416671753,
                    1.403049111366272
                ],
                [
                    0.3920130133628845,
                    0.4232816696166992,
                    0.81679767370224,
                    3.292616844177246
                ],
                [
                    -2.9802322387695312e-08,
                    0.887862503528595,
                    -0.46010884642601013,
                    -1.8547581434249878
                ],
                [
                    0.0,
                    0.0,
                    0.0,
                    1.0
                ]
            ]
        },
        {
            "file_path": "/data/shapenet_blender/all_50_random/02958343/b31c2984546d2746becf71e2e014ff6f/r_8",
            "rotation": 0.12566370614359174,
            "transform_matrix": [
                [
                    -0.6656474471092224,
                    0.24057914316654205,
                    0.7064241170883179,
                    2.847687005996704
                ],
                [
                    0.7462663650512695,
                    0.214589461684227,
                    0.6301093697547913,
                    2.5400524139404297
                ],
                [
                    0.0,
                    0.946611225605011,
                    -0.3223770260810852,
                    -1.2995434999465942
                ],
                [
                    0.0,
                    0.0,
                    0.0,
                    1.0
                ]
            ]
        },
        {
            "file_path": "/data/shapenet_blender/all_50_random/02958343/b31c2984546d2746becf71e2e014ff6f/r_9",
            "rotation": 0.12566370614359174,
            "transform_matrix": [
                [
                    0.49471673369407654,
                    -0.29382213950157166,
                    0.8178777098655701,
                    3.2969703674316406
                ],
                [
                    0.8690542578697205,
                    0.1672608107328415,
                    -0.46558400988578796,
                    -1.8768290281295776
                ],
                [
                    0.0,
                    0.9411123394966125,
                    0.3380941152572632,
                    1.362900972366333
                ],
                [
                    0.0,
                    0.0,
                    0.0,
                    1.0
                ]
            ]
        },
        {
            "file_path": "/data/shapenet_blender/all_50_random/02958343/b31c2984546d2746becf71e2e014ff6f/r_10",
            "rotation": 0.12566370614359174,
            "transform_matrix": [
                [
                    -0.20886927843093872,
                    0.18712612986564636,
                    0.9598736763000488,
                    3.8693745136260986
                ],
                [
                    0.9779436588287354,
                    0.0399664081633091,
                    0.20500987768173218,
                    0.8264212608337402
                ],
                [
                    0.0,
                    0.9815225005149841,
                    -0.19134654104709625,
                    -0.7713425755500793
                ],
                [
                    0.0,
                    0.0,
                    0.0,
                    1.0
                ]
            ]
        },
        {
            "file_path": "/data/shapenet_blender/all_50_random/02958343/b31c2984546d2746becf71e2e014ff6f/r_11",
            "rotation": 0.12566370614359174,
            "transform_matrix": [
                [
                    0.5014461278915405,
                    0.4406298100948334,
                    0.74457848072052,
                    3.0014917850494385
                ],
                [
                    0.8651888966560364,
                    -0.25538021326065063,
                    -0.4315427839756012,
                    -1.7396045923233032
                ],
                [
                    0.0,
                    0.8605964183807373,
                    -0.5092874765396118,
                    -2.0530035495758057
                ],
                [
                    0.0,
                    0.0,
                    0.0,
                    1.0
                ]
            ]
        },
        {
            "file_path": "/data/shapenet_blender/all_50_random/02958343/b31c2984546d2746becf71e2e014ff6f/r_12",
            "rotation": 0.12566370614359174,
            "transform_matrix": [
                [
                    -0.2844292223453522,
                    -0.3021188974380493,
                    0.9098483920097351,
                    3.6677162647247314
                ],
                [
                    0.9586970210075378,
                    -0.08963357657194138,
                    0.2699366509914398,
                    1.0881494283676147
                ],
                [
                    0.0,
                    0.9490468502044678,
                    0.3151349127292633,
                    1.2703495025634766
                ],
                [
                    0.0,
                    0.0,
                    0.0,
                    1.0
                ]
            ]
        },
        {
            "file_path": "/data/shapenet_blender/all_50_random/02958343/b31c2984546d2746becf71e2e014ff6f/r_13",
            "rotation": 0.12566370614359174,
            "transform_matrix": [
                [
                    0.7101066708564758,
                    0.6226491928100586,
                    -0.32871952652931213,
                    -1.3251107931137085
                ],
                [
                    -0.7040941715240479,
                    0.6279661655426025,
                    -0.3315265476703644,
                    -1.3364262580871582
                ],
                [
                    0.0,
                    0.46686869859695435,
                    0.8843266367912292,
                    3.5648345947265625
                ],
                [
                    0.0,
                    0.0,
                    0.0,
                    1.0
                ]
            ]
        },
        {
            "file_path": "/data/shapenet_blender/all_50_random/02958343/b31c2984546d2746becf71e2e014ff6f/r_14",
            "rotation": 0.12566370614359174,
            "transform_matrix": [
                [
                    0.7405593991279602,
                    0.09340264648199081,
                    -0.6654680371284485,
                    -2.6825873851776123
                ],
                [
                    -0.6719909906387329,
                    0.10293325036764145,
                    -0.7333709597587585,
                    -2.956312894821167
                ],
                [
                    0.0,
                    0.9902931451797485,
                    0.13899393379688263,
                    0.5603024959564209
                ],
                [
                    0.0,
                    0.0,
                    0.0,
                    1.0
                ]
            ]
        },
        {
            "file_path": "/data/shapenet_blender/all_50_random/02958343/b31c2984546d2746becf71e2e014ff6f/r_15",
            "rotation": 0.12566370614359174,
            "transform_matrix": [
                [
                    0.008131172508001328,
                    -0.9254443645477295,
                    -0.3787959814071655,
                    -1.5269755125045776
                ],
                [
                    -0.9999669790267944,
                    -0.007525196298956871,
                    -0.003080157097429037,
                    -0.01241651177406311
                ],
                [
                    -2.3283067140944524e-10,
                    0.37880849838256836,
                    -0.925475001335144,
                    -3.7307093143463135
                ],
                [
                    0.0,
                    0.0,
                    0.0,
                    1.0
                ]
            ]
        },
        {
            "file_path": "/data/shapenet_blender/all_50_random/02958343/b31c2984546d2746becf71e2e014ff6f/r_16",
            "rotation": 0.12566370614359174,
            "transform_matrix": [
                [
                    0.10480833798646927,
                    0.43839290738105774,
                    0.8926515579223633,
                    3.598393440246582
                ],
                [
                    0.9944924116134644,
                    -0.046201691031455994,
                    -0.09407544881105423,
                    -0.379230260848999
                ],
                [
                    0.0,
                    0.8975951075553894,
                    -0.4408207833766937,
                    -1.7770054340362549
                ],
                [
                    0.0,
                    0.0,
                    0.0,
                    1.0
                ]
            ]
        },
        {
            "file_path": "/data/shapenet_blender/all_50_random/02958343/b31c2984546d2746becf71e2e014ff6f/r_17",
            "rotation": 0.12566370614359174,
            "transform_matrix": [
                [
                    -0.929927408695221,
                    0.31055063009262085,
                    -0.19696033000946045,
                    -0.7939724922180176
                ],
                [
                    -0.36774322390556335,
                    -0.7853021025657654,
                    0.4980616569519043,
                    2.0077507495880127
                ],
                [
                    1.4901161193847656e-08,
                    0.5355919599533081,
                    0.8444768786430359,
                    3.4041950702667236
                ],
                [
                    0.0,
                    0.0,
                    0.0,
                    1.0
                ]
            ]
        },
        {
            "file_path": "/data/shapenet_blender/all_50_random/02958343/b31c2984546d2746becf71e2e014ff6f/r_18",
            "rotation": 0.12566370614359174,
            "transform_matrix": [
                [
                    0.9873234629631042,
                    -0.02139057219028473,
                    -0.1572732776403427,
                    -0.6339888572692871
                ],
                [
                    -0.15872126817703247,
                    -0.13305975496768951,
                    -0.9783162474632263,
                    -3.943718910217285
                ],
                [
                    0.0,
                    0.9908772706985474,
                    -0.13476812839508057,
                    -0.5432677268981934
                ],
                [
                    0.0,
                    0.0,
                    0.0,
                    1.0
                ]
            ]
        },
        {
            "file_path": "/data/shapenet_blender/all_50_random/02958343/b31c2984546d2746becf71e2e014ff6f/r_19",
            "rotation": 0.12566370614359174,
            "transform_matrix": [
                [
                    0.7013052105903625,
                    0.32219091057777405,
                    0.6358962655067444,
                    2.5633797645568848
                ],
                [
                    0.7128612399101257,
                    -0.3169679343700409,
                    -0.6255879402160645,
                    -2.5218255519866943
                ],
                [
                    -2.9802318834981634e-08,
                    0.8920338749885559,
                    -0.4519686698913574,
                    -1.8219438791275024
                ],
                [
                    0.0,
                    0.0,
                    0.0,
                    1.0
                ]
            ]
        },
        {
            "file_path": "/data/shapenet_blender/all_50_random/02958343/b31c2984546d2746becf71e2e014ff6f/r_20",
            "rotation": 0.12566370614359174,
            "transform_matrix": [
                [
                    -0.35061776638031006,
                    0.08586877584457397,
                    -0.9325737953186035,
                    -3.759324789047241
                ],
                [
                    -0.9365186095237732,
                    -0.032147910445928574,
                    0.34914088249206543,
                    1.407431721687317
                ],
                [
                    0.0,
                    0.9957875609397888,
                    0.09168936312198639,
                    0.36961159110069275
                ],
                [
                    0.0,
                    0.0,
                    0.0,
                    1.0
                ]
            ]
        },
        {
            "file_path": "/data/shapenet_blender/all_50_random/02958343/b31c2984546d2746becf71e2e014ff6f/r_21",
            "rotation": 0.12566370614359174,
            "transform_matrix": [
                [
                    -0.13942310214042664,
                    0.5228919386863708,
                    0.8409192562103271,
                    3.3898539543151855
                ],
                [
                    0.9902329444885254,
                    0.07362229377031326,
                    0.11839999258518219,
                    0.47728562355041504
                ],
                [
                    0.0,
                    0.8492136001586914,
                    -0.5280494093894958,
                    -2.1286351680755615
                ],
                [
                    0.0,
                    0.0,
                    0.0,
                    1.0
                ]
            ]
        },
        {
            "file_path": "/data/shapenet_blender/all_50_random/02958343/b31c2984546d2746becf71e2e014ff6f/r_22",
            "rotation": 0.12566370614359174,
            "transform_matrix": [
                [
                    -0.7329630851745605,
                    0.2244787961244583,
                    0.642163872718811,
                    2.5886454582214355
                ],
                [
                    0.6802684664726257,
                    0.24186725914478302,
                    0.6919068098068237,
                    2.789165496826172
                ],
                [
                    0.0,
                    0.9439859390258789,
                    -0.3299855887889862,
                    -1.330214500427246
                ],
                [
                    0.0,
                    0.0,
                    0.0,
                    1.0
                ]
            ]
        },
        {
            "file_path": "/data/shapenet_blender/all_50_random/02958343/b31c2984546d2746becf71e2e014ff6f/r_23",
            "rotation": 0.12566370614359174,
            "transform_matrix": [
                [
                    0.4969373941421509,
                    0.1699414849281311,
                    0.8509835600852966,
                    3.430424690246582
                ],
                [
                    0.8677865266799927,
                    -0.09731688350439072,
                    -0.48731520771980286,
                    -1.964430570602417
                ],
                [
                    0.0,
                    0.9806371331214905,
                    -0.19583331048488617,
                    -0.7894293665885925
                ],
                [
                    0.0,
                    0.0,
                    0.0,
                    1.0
                ]
            ]
        },
        {
            "file_path": "/data/shapenet_blender/all_50_random/02958343/b31c2984546d2746becf71e2e014ff6f/r_24",
            "rotation": 0.12566370614359174,
            "transform_matrix": [
                [
                    -0.28724315762519836,
                    -0.22322775423526764,
                    -0.9314830899238586,
                    -3.7549283504486084
                ],
                [
                    -0.9578576683998108,
                    0.06694172322750092,
                    0.2793339192867279,
                    1.1260310411453247
                ],
                [
                    0.0,
                    0.9724650979042053,
                    -0.2330489605665207,
                    -0.9394503831863403
                ],
                [
                    0.0,
                    0.0,
                    0.0,
                    1.0
                ]
            ]
        },
        {
            "file_path": "/data/shapenet_blender/all_50_random/02958343/b31c2984546d2746becf71e2e014ff6f/r_25",
            "rotation": 0.12566370614359174,
            "transform_matrix": [
                [
                    0.16437000036239624,
                    -0.13722975552082062,
                    -0.9768062233924866,
                    -3.9376320838928223
                ],
                [
                    -0.9863988161087036,
                    -0.022867480292916298,
                    -0.16277152299880981,
                    -0.6561530828475952
                ],
                [
                    1.862645371275562e-09,
                    0.9902751445770264,
                    -0.13912199437618256,
                    -0.5608187317848206
                ],
                [
                    0.0,
                    0.0,
                    0.0,
                    1.0
                ]
            ]
        },
        {
            "file_path": "/data/shapenet_blender/all_50_random/02958343/b31c2984546d2746becf71e2e014ff6f/r_26",
            "rotation": 0.12566370614359174,
            "transform_matrix": [
                [
                    -0.9984195232391357,
                    0.019266314804553986,
                    -0.052795104682445526,
                    -0.21282386779785156
                ],
                [
                    -0.05620066449046135,
                    -0.3422711491584778,
                    0.9379189014434814,
                    3.780872106552124
                ],
                [
                    0.0,
                    0.9394035935401917,
                    0.3428129553794861,
                    1.3819231986999512
                ],
                [
                    0.0,
                    0.0,
                    0.0,
                    1.0
                ]
            ]
        },
        {
            "file_path": "/data/shapenet_blender/all_50_random/02958343/b31c2984546d2746becf71e2e014ff6f/r_27",
            "rotation": 0.12566370614359174,
            "transform_matrix": [
                [
                    0.9342910051345825,
                    0.03702404722571373,
                    0.35458359122276306,
                    1.4293721914291382
                ],
                [
                    0.35651126503944397,
                    -0.09702704846858978,
                    -0.9292392134666443,
                    -3.745882987976074
                ],
                [
                    3.725290298461914e-09,
                    0.9945927858352661,
                    -0.10385099053382874,
                    -0.4186367392539978
                ],
                [
                    0.0,
                    0.0,
                    0.0,
                    1.0
                ]
            ]
        },
        {
            "file_path": "/data/shapenet_blender/all_50_random/02958343/b31c2984546d2746becf71e2e014ff6f/r_28",
            "rotation": 0.12566370614359174,
            "transform_matrix": [
                [
                    0.9778488874435425,
                    -0.03474924713373184,
                    -0.20640796422958374,
                    -0.8320571184158325
                ],
                [
                    -0.20931261777877808,
                    -0.16233858466148376,
                    -0.9642792344093323,
                    -3.887133836746216
                ],
                [
                    0.0,
                    0.9861229658126831,
                    -0.16601605713367462,
                    -0.6692321300506592
                ],
                [
                    0.0,
                    0.0,
                    0.0,
                    1.0
                ]
            ]
        },
        {
            "file_path": "/data/shapenet_blender/all_50_random/02958343/b31c2984546d2746becf71e2e014ff6f/r_29",
            "rotation": 0.12566370614359174,
            "transform_matrix": [
                [
                    -0.9176746606826782,
                    -0.11303906887769699,
                    -0.38091397285461426,
                    -1.5355134010314941
                ],
                [
                    -0.3973327577114105,
                    0.26107358932495117,
                    0.8797540664672852,
                    3.5464022159576416
                ],
                [
                    0.0,
                    0.9586775898933411,
                    -0.28449469804763794,
                    -1.1468349695205688
                ],
                [
                    0.0,
                    0.0,
                    0.0,
                    1.0
                ]
            ]
        },
        {
            "file_path": "/data/shapenet_blender/all_50_random/02958343/b31c2984546d2746becf71e2e014ff6f/r_30",
            "rotation": 0.12566370614359174,
            "transform_matrix": [
                [
                    -0.6351962089538574,
                    0.14241522550582886,
                    -0.7591071128845215,
                    -3.06005859375
                ],
                [
                    -0.7723507285118103,
                    -0.11712504178285599,
                    0.6243044137954712,
                    2.5166516304016113
                ],
                [
                    0.0,
                    0.9828526973724365,
                    0.18439191579818726,
                    0.7433075904846191
                ],
                [
                    0.0,
                    0.0,
                    0.0,
                    1.0
                ]
            ]
        },
        {
            "file_path": "/data/shapenet_blender/all_50_random/02958343/b31c2984546d2746becf71e2e014ff6f/r_31",
            "rotation": 0.12566370614359174,
            "transform_matrix": [
                [
                    -0.9009457230567932,
                    -0.204977348446846,
                    0.3824670612812042,
                    1.541773796081543
                ],
                [
                    0.43393173813819885,
                    -0.42558184266090393,
                    0.7940928339958191,
                    3.2010903358459473
                ],
                [
                    -1.4901160305669237e-08,
                    0.8813990950584412,
                    0.47237229347229004,
                    1.90419340133667
                ],
                [
                    0.0,
                    0.0,
                    0.0,
                    1.0
                ]
            ]
        },
        {
            "file_path": "/data/shapenet_blender/all_50_random/02958343/b31c2984546d2746becf71e2e014ff6f/r_32",
            "rotation": 0.12566370614359174,
            "transform_matrix": [
                [
                    -0.8437536358833313,
                    -0.09588099271059036,
                    0.5280973315238953,
                    2.128828525543213
                ],
                [
                    0.5367308259010315,
                    -0.15072719752788544,
                    0.8301815390586853,
                    3.3465688228607178
                ],
                [
                    0.0,
                    0.9839146733283997,
                    0.17863890528678894,
                    0.7201164364814758
                ],
                [
                    0.0,
                    0.0,
                    0.0,
                    1.0
                ]
            ]
        },
        {
            "file_path": "/data/shapenet_blender/all_50_random/02958343/b31c2984546d2746becf71e2e014ff6f/r_33",
            "rotation": 0.12566370614359174,
            "transform_matrix": [
                [
                    -0.17900945246219635,
                    -0.22443333268165588,
                    0.9579066634178162,
                    3.861445426940918
                ],
                [
                    0.983847439289093,
                    -0.04083528369665146,
                    0.17428956925868988,
                    0.7025837898254395
                ],
                [
                    0.0,
                    0.9736334681510925,
                    0.22811803221702576,
                    0.9195732474327087
                ],
                [
                    0.0,
                    0.0,
                    0.0,
                    1.0
                ]
            ]
        },
        {
            "file_path": "/data/shapenet_blender/all_50_random/02958343/b31c2984546d2746becf71e2e014ff6f/r_34",
            "rotation": 0.12566370614359174,
            "transform_matrix": [
                [
                    0.18115153908729553,
                    -0.33910703659057617,
                    0.9231415390968323,
                    3.7213029861450195
                ],
                [
                    0.983455240726471,
                    0.06246320903301239,
                    -0.17004182934761047,
                    -0.68546062707901
                ],
                [
                    -3.725290298461914e-09,
                    0.9386717677116394,
                    0.3448118567466736,
                    1.3899811506271362
                ],
                [
                    0.0,
                    0.0,
                    0.0,
                    1.0
                ]
            ]
        },
        {
            "file_path": "/data/shapenet_blender/all_50_random/02958343/b31c2984546d2746becf71e2e014ff6f/r_35",
            "rotation": 0.12566370614359174,
            "transform_matrix": [
                [
                    -0.23192627727985382,
                    -0.03378298506140709,
                    -0.9721464514732361,
                    -3.9188480377197266
                ],
                [
                    -0.9727333784103394,
                    0.008054789155721664,
                    0.2317863404750824,
                    0.934360682964325
                ],
                [
                    0.0,
                    0.999396800994873,
                    -0.03472994640469551,
                    -0.14000090956687927
                ],
                [
                    0.0,
                    0.0,
                    0.0,
                    1.0
                ]
            ]
        },
        {
            "file_path": "/data/shapenet_blender/all_50_random/02958343/b31c2984546d2746becf71e2e014ff6f/r_36",
            "rotation": 0.12566370614359174,
            "transform_matrix": [
                [
                    -0.8577238321304321,
                    -0.11278080940246582,
                    0.5015878081321716,
                    2.0219650268554688
                ],
                [
                    0.5141106843948364,
                    -0.18815943598747253,
                    0.8368310332298279,
                    3.3733737468719482
                ],
                [
                    0.0,
                    0.9756414890289307,
                    0.21937067806720734,
                    0.8843114972114563
                ],
                [
                    0.0,
                    0.0,
                    0.0,
                    1.0
                ]
            ]
        },
        {
            "file_path": "/data/shapenet_blender/all_50_random/02958343/b31c2984546d2746becf71e2e014ff6f/r_37",
            "rotation": 0.12566370614359174,
            "transform_matrix": [
                [
                    -0.9970139265060425,
                    -0.07546824961900711,
                    0.01636699214577675,
                    0.06597745418548584
                ],
                [
                    0.07722263038158417,
                    -0.9743632078170776,
                    0.21131262183189392,
                    0.851828396320343
                ],
                [
                    0.0,
                    0.2119453251361847,
                    0.9772815108299255,
                    3.9395477771759033
                ],
                [
                    0.0,
                    0.0,
                    0.0,
                    1.0
                ]
            ]
        },
        {
            "file_path": "/data/shapenet_blender/all_50_random/02958343/b31c2984546d2746becf71e2e014ff6f/r_38",
            "rotation": 0.12566370614359174,
            "transform_matrix": [
                [
                    0.3751065731048584,
                    0.2778673768043518,
                    -0.8843555450439453,
                    -3.564951181411743
                ],
                [
                    -0.9269816279411316,
                    0.1124400720000267,
                    -0.3578577935695648,
                    -1.4425709247589111
                ],
                [
                    -1.4901160305669237e-08,
                    0.9540162086486816,
                    0.29975494742393494,
                    1.2083508968353271
                ],
                [
                    0.0,
                    0.0,
                    0.0,
                    1.0
                ]
            ]
        },
        {
            "file_path": "/data/shapenet_blender/all_50_random/02958343/b31c2984546d2746becf71e2e014ff6f/r_39",
            "rotation": 0.12566370614359174,
            "transform_matrix": [
                [
                    -0.14680799841880798,
                    -0.8329440355300903,
                    -0.5335273146629333,
                    -2.15071702003479
                ],
                [
                    -0.9891649484634399,
                    0.12362230569124222,
                    0.07918404042720795,
                    0.3192010521888733
                ],
                [
                    0.0,
                    0.5393713712692261,
                    -0.842068076133728,
                    -3.394484519958496
                ],
                [
                    0.0,
                    0.0,
                    0.0,
                    1.0
                ]
            ]
        },
        {
            "file_path": "/data/shapenet_blender/all_50_random/02958343/b31c2984546d2746becf71e2e014ff6f/r_40",
            "rotation": 0.12566370614359174,
            "transform_matrix": [
                [
                    0.7557248473167419,
                    -0.25137418508529663,
                    0.6047239303588867,
                    2.4377200603485107
                ],
                [
                    0.6548893451690674,
                    0.2900790870189667,
                    -0.6978352665901184,
                    -2.813063859939575
                ],
                [
                    1.4901162970204496e-08,
                    0.9233985543251038,
                    0.3838422894477844,
                    1.5473177433013916
                ],
                [
                    0.0,
                    0.0,
                    0.0,
                    1.0
                ]
            ]
        },
        {
            "file_path": "/data/shapenet_blender/all_50_random/02958343/b31c2984546d2746becf71e2e014ff6f/r_41",
            "rotation": 0.12566370614359174,
            "transform_matrix": [
                [
                    -0.08479548245668411,
                    0.5296850204467773,
                    0.8439451456069946,
                    3.4020519256591797
                ],
                [
                    0.996398389339447,
                    0.04507724940776825,
                    0.07182140648365021,
                    0.28952136635780334
                ],
                [
                    0.0,
                    0.8469958305358887,
                    -0.5315995216369629,
