{
    "class": "02958343",
    "model": "94a78fc51f84fa839ea5c205086e2a63",
    "remove_doubles": true,
    "edge_split": true,
    "denoise": true,
    "camera_angle_x": 0.6911112070083618,
    "scale_factor": 2.3130720736644066,
    "hdri_file": "/data/IndoorHDRDataset2018/AG8A0033-37e0cc5b3f.exr",
    "center_offset": [
        0.0,
        -1.862645149230957e-09,
        -3.725290298461914e-09
    ],
    "lights": [],
    "frames": [
        {
            "file_path": "/data/shapenet_blender/all_50_random/02958343/94a78fc51f84fa839ea5c205086e2a63/r_0",
            "rotation": 0.12566370614359174,
            "transform_matrix": [
                [
                    0.9266039729118347,
                    0.07822129875421524,
                    -0.36781322956085205,
                    -1.482702612876892
                ],
                [
                    -0.3760387897491455,
                    0.19274650514125824,
                    -0.9063352346420288,
                    -3.6535542011260986
                ],
                [
                    0.0,
                    0.978125810623169,
                    0.20801390707492828,
                    0.8385308980941772
                ],
                [
                    0.0,
                    0.0,
                    0.0,
                    1.0
                ]
            ]
        },
        {
            "file_path": "/data/shapenet_blender/all_50_random/02958343/94a78fc51f84fa839ea5c205086e2a63/r_1",
            "rotation": 0.12566370614359174,
            "transform_matrix": [
                [
                    -0.2919680178165436,
                    -0.32475385069847107,
                    0.8996052145957947,
                    3.626424789428711
                ],
                [
                    0.9564281702041626,
                    -0.0991373285651207,
                    0.2746216952800751,
                    1.1070356369018555
                ],
                [
                    0.0,
                    0.9405884742736816,
                    0.33954861760139465,
                    1.3687644004821777
                ],
                [
                    0.0,
                    0.0,
                    0.0,
                    1.0
                ]
            ]
        },
        {
            "file_path": "/data/shapenet_blender/all_50_random/02958343/94a78fc51f84fa839ea5c205086e2a63/r_2",
            "rotation": 0.12566370614359174,
            "transform_matrix": [
                [
                    -0.9567805528640747,
                    -0.05544469133019447,
                    -0.2854766547679901,
                    -1.150793194770813
                ],
                [
                    -0.2908110022544861,
                    0.18241539597511292,
                    0.9392303228378296,
                    3.786158561706543
                ],
                [
                    3.725290298461914e-09,
                    0.9816569685935974,
                    -0.1906554251909256,
                    -0.7685565948486328
                ],
                [
                    0.0,
                    0.0,
                    0.0,
                    1.0
                ]
            ]
        },
        {
            "file_path": "/data/shapenet_blender/all_50_random/02958343/94a78fc51f84fa839ea5c205086e2a63/r_3",
            "rotation": 0.12566370614359174,
            "transform_matrix": [
                [
                    0.9350794553756714,
                    0.17559431493282318,
                    0.3078847825527191,
                    1.2411231994628906
                ],
                [
                    0.3544381260871887,
                    -0.46325331926345825,
                    -0.8122622966766357,
                    -3.274333953857422
                ],
                [
                    0.0,
                    0.8686557412147522,
                    -0.49541598558425903,
                    -1.997085690498352
                ],
                [
                    0.0,
                    0.0,
                    0.0,
                    1.0
                ]
            ]
        },
        {
            "file_path": "/data/shapenet_blender/all_50_random/02958343/94a78fc51f84fa839ea5c205086e2a63/r_4",
            "rotation": 0.12566370614359174,
            "transform_matrix": [
                [
                    -0.2579796612262726,
                    0.5422085523605347,
                    -0.7996602058410645,
                    -3.2235333919525146
                ],
                [
                    -0.9661504030227661,
                    -0.1447795033454895,
                    0.2135237604379654,
                    0.8607417941093445
                ],
                [
                    0.0,
                    0.8276767730712891,
                    0.5612051486968994,
                    2.2622902393341064
                ],
                [
                    0.0,
                    0.0,
                    0.0,
                    1.0
                ]
            ]
        },
        {
            "file_path": "/data/shapenet_blender/all_50_random/02958343/94a78fc51f84fa839ea5c205086e2a63/r_5",
            "rotation": 0.12566370614359174,
            "transform_matrix": [
                [
                    0.16261225938796997,
                    0.40766775608062744,
                    0.8985344767570496,
                    3.6221084594726562
                ],
                [
                    0.9866900444030762,
                    -0.06718601286411285,
                    -0.14808370172977448,
                    -0.5969445705413818
                ],
                [
                    -3.7252898543727042e-09,
                    0.9106553792953491,
                    -0.41316691040992737,
                    -1.6655292510986328
                ],
                [
                    0.0,
                    0.0,
                    0.0,
                    1.0
                ]
            ]
        },
        {
            "file_path": "/data/shapenet_blender/all_50_random/02958343/94a78fc51f84fa839ea5c205086e2a63/r_6",
            "rotation": 0.12566370614359174,
            "transform_matrix": [
                [
                    0.8969950675964355,
                    0.07191523909568787,
                    -0.436151385307312,
                    -1.7581822872161865
                ],
                [
                    -0.44204047322273254,
                    0.1459314525127411,
                    -0.8850448131561279,
                    -3.5677292346954346
                ],
                [
                    -7.4505797087454084e-09,
                    0.986677348613739,
                    0.16268928349018097,
                    0.6558213829994202
                ],
                [
                    0.0,
                    0.0,
                    0.0,
                    1.0
                ]
            ]
        },
        {
            "file_path": "/data/shapenet_blender/all_50_random/02958343/94a78fc51f84fa839ea5c205086e2a63/r_7",
            "rotation": 0.12566370614359174,
            "transform_matrix": [
                [
                    -0.7852456569671631,
                    -0.45250779390335083,
                    0.4226416349411011,
                    1.7037230730056763
                ],
                [
                    0.6191843748092651,
                    -0.5738674998283386,
                    0.5359914302825928,
                    2.1606507301330566
                ],
                [
                    -1.4901161193847656e-08,
                    0.6825780868530273,
                    0.7308126091957092,
                    2.946000099182129
                ],
                [
                    0.0,
                    0.0,
                    0.0,
                    1.0
                ]
            ]
        },
        {
            "file_path": "/data/shapenet_blender/all_50_random/02958343/94a78fc51f84fa839ea5c205086e2a63/r_8",
            "rotation": 0.12566370614359174,
            "transform_matrix": [
                [
                    -0.07911279797554016,
                    -0.5408440828323364,
                    -0.8373939990997314,
                    -3.375643253326416
                ],
                [
                    -0.9968657493591309,
                    0.04292221739888191,
                    0.0664568766951561,
                    0.26789623498916626
                ],
                [
                    0.0,
                    0.8400269746780396,
                    -0.5425446629524231,
                    -2.1870675086975098
                ],
                [
                    0.0,
                    0.0,
                    0.0,
                    1.0
                ]
            ]
        },
        {
            "file_path": "/data/shapenet_blender/all_50_random/02958343/94a78fc51f84fa839ea5c205086e2a63/r_9",
            "rotation": 0.12566370614359174,
            "transform_matrix": [
                [
                    0.9683037400245667,
                    0.06800034642219543,
                    0.24034100770950317,
                    0.9688456654548645
                ],
                [
                    0.24977561831474304,
                    -0.26361656188964844,
                    -0.9317286610603333,
                    -3.755918502807617
                ],
                [
                    0.0,
                    0.9622277021408081,
                    -0.27224573493003845,
                    -1.097457766532898
                ],
                [
                    0.0,
                    0.0,
                    0.0,
                    1.0
                ]
            ]
        },
        {
            "file_path": "/data/shapenet_blender/all_50_random/02958343/94a78fc51f84fa839ea5c205086e2a63/r_10",
            "rotation": 0.12566370614359174,
            "transform_matrix": [
                [
                    0.9998459815979004,
                    -0.002144156489521265,
                    -0.01742025837302208,
                    -0.07022330164909363
                ],
                [
                    -0.017551716417074203,
                    -0.12214339524507523,
                    -0.9923573732376099,
                    -4.000319957733154
                ],
                [
                    0.0,
                    0.992510199546814,
                    -0.12216222286224365,
                    -0.49245160818099976
                ],
                [
                    0.0,
                    0.0,
                    0.0,
                    1.0
                ]
            ]
        },
        {
            "file_path": "/data/shapenet_blender/all_50_random/02958343/94a78fc51f84fa839ea5c205086e2a63/r_11",
            "rotation": 0.12566370614359174,
            "transform_matrix": [
                [
                    -0.9201020002365112,
                    0.012927612289786339,
                    0.39146557450294495,
                    1.5780483484268188
                ],
                [
                    0.391679048538208,
                    0.030368542298674583,
                    0.9196005463600159,
                    3.70702862739563
                ],
                [
                    9.31322685637781e-10,
                    0.9994551539421082,
                    -0.03300562500953674,
                    -0.13304995000362396
                ],
                [
                    0.0,
                    0.0,
                    0.0,
                    1.0
                ]
            ]
        },
        {
            "file_path": "/data/shapenet_blender/all_50_random/02958343/94a78fc51f84fa839ea5c205086e2a63/r_12",
            "rotation": 0.12566370614359174,
            "transform_matrix": [
                [
                    0.05734216421842575,
                    -0.20024627447128296,
                    -0.9780661463737488,
                    -3.9427106380462646
                ],
                [
                    -0.9983545541763306,
                    -0.011501479893922806,
                    -0.056176867336034775,
                    -0.2264561951160431
                ],
                [
                    0.0,
                    0.9796780347824097,
                    -0.2005763053894043,
                    -0.8085489273071289
                ],
                [
                    0.0,
                    0.0,
                    0.0,
                    1.0
                ]
            ]
        },
        {
            "file_path": "/data/shapenet_blender/all_50_random/02958343/94a78fc51f84fa839ea5c205086e2a63/r_13",
            "rotation": 0.12566370614359174,
            "transform_matrix": [
                [
                    -0.6395112872123718,
                    -0.01720825955271721,
                    0.7685891389846802,
                    3.0982818603515625
                ],
                [
                    0.7687817811965942,
                    -0.014314692467451096,
                    0.6393510103225708,
                    2.5773062705993652
                ],
                [
                    -9.313225746154785e-10,
                    0.9997495412826538,
                    0.0223837997764349,
                    0.0902319848537445
                ],
                [
                    0.0,
                    0.0,
                    0.0,
                    1.0
                ]
            ]
        },
        {
            "file_path": "/data/shapenet_blender/all_50_random/02958343/94a78fc51f84fa839ea5c205086e2a63/r_14",
            "rotation": 0.12566370614359174,
            "transform_matrix": [
                [
                    0.5039601922035217,
                    -0.1653463989496231,
                    -0.8477526903152466,
                    -3.417400360107422
                ],
                [
                    -0.863726794719696,
                    -0.09647496044635773,
                    -0.4946397840976715,
                    -1.9939568042755127
                ],
                [
                    0.0,
                    0.9815055727958679,
                    -0.19143366813659668,
                    -0.7716938257217407
                ],
                [
                    0.0,
                    0.0,
                    0.0,
                    1.0
                ]
            ]
        },
        {
            "file_path": "/data/shapenet_blender/all_50_random/02958343/94a78fc51f84fa839ea5c205086e2a63/r_15",
            "rotation": 0.12566370614359174,
            "transform_matrix": [
                [
                    0.2855428457260132,
                    0.06573224812746048,
                    0.9561090469360352,
                    3.854198932647705
                ],
                [
                    0.9583659172058105,
                    -0.019584767520427704,
                    -0.2848704159259796,
                    -1.148349404335022
                ],
                [
                    0.0,
                    0.9976450204849243,
                    -0.06858783960342407,
                    -0.27648642659187317
                ],
                [
                    0.0,
                    0.0,
                    0.0,
                    1.0
                ]
            ]
        },
        {
            "file_path": "/data/shapenet_blender/all_50_random/02958343/94a78fc51f84fa839ea5c205086e2a63/r_16",
            "rotation": 0.12566370614359174,
            "transform_matrix": [
                [
                    0.32070276141166687,
                    -0.7631487846374512,
                    0.5610290169715881,
                    2.261580467224121
                ],
                [
                    0.9471798539161682,
                    0.25839224457740784,
                    -0.1899571269750595,
                    -0.7657417058944702
                ],
                [
                    0.0,
                    0.5923152565956116,
                    0.805706262588501,
                    3.247905969619751
                ],
                [
                    0.0,
                    0.0,
                    0.0,
                    1.0
                ]
            ]
        },
        {
            "file_path": "/data/shapenet_blender/all_50_random/02958343/94a78fc51f84fa839ea5c205086e2a63/r_17",
            "rotation": 0.12566370614359174,
            "transform_matrix": [
                [
                    0.07665771245956421,
                    0.46124377846717834,
                    0.8839557766914368,
                    3.5633397102355957
                ],
                [
                    0.9970575571060181,
                    -0.035462237894535065,
                    -0.06796199828386307,
                    -0.2739635705947876
                ],
                [
                    3.725290742551124e-09,
                    0.8865644931793213,
                    -0.46260499954223633,
                    -1.8648203611373901
                ],
                [
                    0.0,
                    0.0,
                    0.0,
                    1.0
                ]
            ]
        },
        {
            "file_path": "/data/shapenet_blender/all_50_random/02958343/94a78fc51f84fa839ea5c205086e2a63/r_18",
            "rotation": 0.12566370614359174,
            "transform_matrix": [
                [
                    -0.9538301229476929,
                    -0.2510874271392822,
                    0.16481275856494904,
                    0.6643815040588379
                ],
                [
                    0.3003467321395874,
                    -0.7973942160606384,
                    0.5234063267707825,
                    2.1099183559417725
                ],
                [
                    -1.4901162970204496e-08,
                    0.5487415790557861,
                    0.8359919190406799,
                    3.3699913024902344
                ],
                [
                    0.0,
                    0.0,
                    0.0,
                    1.0
                ]
            ]
        },
        {
            "file_path": "/data/shapenet_blender/all_50_random/02958343/94a78fc51f84fa839ea5c205086e2a63/r_19",
            "rotation": 0.12566370614359174,
            "transform_matrix": [
                [
                    0.7427718639373779,
                    -0.2049557864665985,
                    -0.6374033689498901,
                    -2.569455146789551
                ],
                [
                    -0.6695445775985718,
                    -0.22737155854701996,
                    -0.7071154117584229,
                    -2.850473403930664
                ],
                [
                    0.0,
                    0.9519953727722168,
                    -0.30611225962638855,
                    -1.233978033065796
                ],
                [
                    0.0,
                    0.0,
                    0.0,
                    1.0
                ]
            ]
        },
        {
            "file_path": "/data/shapenet_blender/all_50_random/02958343/94a78fc51f84fa839ea5c205086e2a63/r_20",
            "rotation": 0.12566370614359174,
            "transform_matrix": [
                [
                    -0.19929976761341095,
                    -0.17455223202705383,
                    -0.9642671346664429,
                    -3.887085199356079
                ],
                [
                    -0.9799385070800781,
                    0.035500410944223404,
                    0.1961125284433365,
                    0.7905548810958862
                ],
                [
                    0.0,
                    0.9840077757835388,
                    -0.17812569439411163,
                    -0.7180476188659668
                ],
                [
                    0.0,
                    0.0,
                    0.0,
                    1.0
                ]
            ]
        },
        {
            "file_path": "/data/shapenet_blender/all_50_random/02958343/94a78fc51f84fa839ea5c205086e2a63/r_21",
            "rotation": 0.12566370614359174,
            "transform_matrix": [
                [
                    0.27839893102645874,
                    0.24089840054512024,
                    0.9297643899917603,
                    3.748000383377075
                ],
                [
                    0.9604655504226685,
                    -0.0698264017701149,
                    -0.26949992775917053,
                    -1.0863890647888184
                ],
                [
                    0.0,
                    0.9680352210998535,
                    -0.25081416964530945,
                    -1.0110644102096558
                ],
                [
                    0.0,
                    0.0,
                    0.0,
                    1.0
                ]
            ]
        },
        {
            "file_path": "/data/shapenet_blender/all_50_random/02958343/94a78fc51f84fa839ea5c205086e2a63/r_22",
            "rotation": 0.12566370614359174,
            "transform_matrix": [
                [
                    0.6540005207061768,
                    -0.6271783113479614,
                    0.4230019450187683,
                    1.7051753997802734
                ],
                [
                    0.7564939260482788,
                    0.5422051548957825,
                    -0.36569157242774963,
                    -1.4741498231887817
                ],
                [
                    0.0,
                    0.5591610074043274,
                    0.8290591239929199,
                    3.3420441150665283
                ],
                [
                    0.0,
                    0.0,
                    0.0,
                    1.0
                ]
            ]
        },
        {
            "file_path": "/data/shapenet_blender/all_50_random/02958343/94a78fc51f84fa839ea5c205086e2a63/r_23",
            "rotation": 0.12566370614359174,
            "transform_matrix": [
                [
                    -0.02890719659626484,
                    -0.8902180790901184,
                    0.4546164274215698,
                    1.8326174020767212
                ],
                [
                    0.999582052230835,
                    -0.025744467973709106,
                    0.01314717996865511,
                    0.052997976541519165
                ],
                [
                    9.313225191043273e-10,
                    0.4548064172267914,
                    0.8905903100967407,
                    3.5900843143463135
                ],
                [
                    0.0,
                    0.0,
                    0.0,
                    1.0
                ]
            ]
        },
        {
            "file_path": "/data/shapenet_blender/all_50_random/02958343/94a78fc51f84fa839ea5c205086e2a63/r_24",
            "rotation": 0.12566370614359174,
            "transform_matrix": [
                [
                    0.49803096055984497,
                    -0.2264060229063034,
                    0.8370815515518188,
                    3.3743836879730225
                ],
                [
                    0.8671593070030212,
                    0.130030557513237,
                    -0.48075658082962036,
                    -1.937991738319397
                ],
                [
                    7.450580596923828e-09,
                    0.9653146862983704,
                    0.2610893249511719,
                    1.0524847507476807
                ],
                [
                    0.0,
                    0.0,
                    0.0,
                    1.0
                ]
            ]
        },
        {
            "file_path": "/data/shapenet_blender/all_50_random/02958343/94a78fc51f84fa839ea5c205086e2a63/r_25",
            "rotation": 0.12566370614359174,
            "transform_matrix": [
                [
                    0.9992393851280212,
                    -0.010568137280642986,
                    0.0375385545194149,
                    0.15132275223731995
                ],
                [
                    0.03899780660867691,
                    0.27078697085380554,
                    -0.96184903383255,
                    -3.8773374557495117
                ],
                [
                    9.31322685637781e-10,
                    0.962581217288971,
                    0.2709931433200836,
                    1.092408299446106
                ],
                [
                    0.0,
                    0.0,
                    0.0,
                    1.0
                ]
            ]
        },
        {
            "file_path": "/data/shapenet_blender/all_50_random/02958343/94a78fc51f84fa839ea5c205086e2a63/r_26",
            "rotation": 0.12566370614359174,
            "transform_matrix": [
                [
                    -0.8124477863311768,
                    0.11671851575374603,
                    -0.5712315440177917,
                    -2.3027079105377197
                ],
                [
                    -0.5830340385437012,
                    -0.16264520585536957,
                    0.7960011959075928,
                    3.2087833881378174
                ],
                [
                    7.450580596923828e-09,
                    0.9797567129135132,
                    0.2001916468143463,
                    0.8069983124732971
                ],
                [
                    0.0,
                    0.0,
                    0.0,
                    1.0
                ]
            ]
        },
        {
            "file_path": "/data/shapenet_blender/all_50_random/02958343/94a78fc51f84fa839ea5c205086e2a63/r_27",
            "rotation": 0.12566370614359174,
            "transform_matrix": [
                [
                    -0.9990430474281311,
                    0.03448770195245743,
                    -0.026899678632616997,
                    -0.10843607783317566
                ],
                [
                    -0.04373779147863388,
                    -0.7877558469772339,
                    0.6144328713417053,
                    2.476858377456665
                ],
                [
                    0.0,
                    0.6150214076042175,
                    0.7885103225708008,
                    3.178586959838867
                ],
                [
                    0.0,
                    0.0,
                    0.0,
                    1.0
                ]
            ]
        },
        {
            "file_path": "/data/shapenet_blender/all_50_random/02958343/94a78fc51f84fa839ea5c205086e2a63/r_28",
            "rotation": 0.12566370614359174,
            "transform_matrix": [
                [
                    0.917065441608429,
                    -0.0632275640964508,
                    0.3936917781829834,
                    1.5870224237442017
                ],
                [
                    0.39873674511909485,
                    0.14541880786418915,
                    -0.9054624438285828,
                    -3.650036096572876
                ],
                [
                    -7.450580596923828e-09,
                    0.9873478412628174,
                    0.15856967866420746,
                    0.6392148733139038
                ],
                [
                    0.0,
                    0.0,
                    0.0,
                    1.0
                ]
            ]
        },
        {
            "file_path": "/data/shapenet_blender/all_50_random/02958343/94a78fc51f84fa839ea5c205086e2a63/r_29",
            "rotation": 0.12566370614359174,
            "transform_matrix": [
                [
                    0.10967373102903366,
                    -0.6972812414169312,
                    0.7083576917648315,
                    2.8554811477661133
                ],
                [
                    0.9939676523208618,
                    0.07693754881620407,
                    -0.07815971970558167,
                    -0.3150719106197357
                ],
                [
                    0.0,
                    0.7126566767692566,
                    0.7015129327774048,
                    2.8278892040252686
                ],
                [
                    0.0,
                    0.0,
                    0.0,
                    1.0
                ]
            ]
        },
        {
            "file_path": "/data/shapenet_blender/all_50_random/02958343/94a78fc51f84fa839ea5c205086e2a63/r_30",
            "rotation": 0.12566370614359174,
            "transform_matrix": [
                [
                    -0.9160750508308411,
                    0.3287949562072754,
                    0.22956538200378418,
                    0.9254076480865479
                ],
                [
                    0.4010067284107208,
                    0.7511117458343506,
                    0.5244278907775879,
                    2.1140365600585938
                ],
                [
                    0.0,
                    0.5724726319313049,
                    -0.8199237585067749,
                    -3.305218458175659
                ],
                [
                    0.0,
                    0.0,
                    0.0,
                    1.0
                ]
            ]
        },
        {
            "file_path": "/data/shapenet_blender/all_50_random/02958343/94a78fc51f84fa839ea5c205086e2a63/r_31",
            "rotation": 0.12566370614359174,
            "transform_matrix": [
                [
                    0.9597231149673462,
                    -0.1373164802789688,
                    0.24510370194911957,
                    0.9880446195602417
                ],
                [
                    0.2809477746486664,
                    0.4690757989883423,
                    -0.8372790217399597,
                    -3.3751797676086426
                ],
                [
                    0.0,
                    0.8724172711372375,
                    0.48876166343688965,
                    1.9702613353729248
                ],
                [
                    0.0,
                    0.0,
                    0.0,
                    1.0
                ]
            ]
        },
        {
            "file_path": "/data/shapenet_blender/all_50_random/02958343/94a78fc51f84fa839ea5c205086e2a63/r_32",
            "rotation": 0.12566370614359174,
            "transform_matrix": [
                [
                    0.538008987903595,
                    0.12780825793743134,
                    -0.8331934809684753,
                    -3.358710289001465
                ],
                [
                    -0.8429390788078308,
                    0.08157409727573395,
                    -0.5317888259887695,
                    -2.143709421157837
                ],
                [
                    0.0,
                    0.9884385466575623,
                    0.15162217617034912,
                    0.6112085580825806
                ],
                [
                    0.0,
                    0.0,
                    0.0,
                    1.0
                ]
            ]
        },
        {
            "file_path": "/data/shapenet_blender/all_50_random/02958343/94a78fc51f84fa839ea5c205086e2a63/r_33",
            "rotation": 0.12566370614359174,
            "transform_matrix": [
                [
                    0.9946758151054382,
                    -0.000877141545061022,
                    -0.10304957628250122,
                    -0.41540613770484924
                ],
                [
                    -0.10305330157279968,
                    -0.008466215804219246,
                    -0.9946398735046387,
                    -4.009521484375
                ],
                [
                    0.0,
                    0.9999638199806213,
                    -0.00851153302937746,
                    -0.03431108593940735
                ],
                [
                    0.0,
                    0.0,
                    0.0,
                    1.0
                ]
            ]
        },
        {
            "file_path": "/data/shapenet_blender/all_50_random/02958343/94a78fc51f84fa839ea5c205086e2a63/r_34",
            "rotation": 0.12566370614359174,
            "transform_matrix": [
                [
                    0.8517630100250244,
                    -0.04136400669813156,
                    0.522291898727417,
                    2.10542631149292
                ],
                [
                    0.5239273905754089,
                    0.06724659353494644,
                    -0.849104106426239,
                    -3.422848701477051
                ],
                [
                    0.0,
                    0.9968785047531128,
                    0.07894989103078842,
                    0.318257212638855
                ],
                [
                    0.0,
                    0.0,
                    0.0,
                    1.0
                ]
            ]
        },
        {
            "file_path": "/data/shapenet_blender/all_50_random/02958343/94a78fc51f84fa839ea5c205086e2a63/r_35",
            "rotation": 0.12566370614359174,
            "transform_matrix": [
                [
                    -0.8729453682899475,
                    -0.17459847033023834,
                    0.4555017948150635,
                    1.836186408996582
                ],
                [
                    0.48781818151474,
                    -0.3124420940876007,
                    0.8151155710220337,
                    3.2858359813690186
                ],
                [
                    0.0,
                    0.9337533116340637,
                    0.3579171895980835,
                    1.442810297012329
                ],
                [
                    0.0,
                    0.0,
                    0.0,
                    1.0
                ]
            ]
        },
        {
            "file_path": "/data/shapenet_blender/all_50_random/02958343/94a78fc51f84fa839ea5c205086e2a63/r_36",
            "rotation": 0.12566370614359174,
            "transform_matrix": [
                [
                    -0.457867294549942,
                    0.7370308637619019,
                    0.497134804725647,
                    2.004014492034912
                ],
                [
                    0.8890205025672913,
                    0.37958890199661255,
                    0.25603654980659485,
                    1.0321162939071655
                ],
                [
                    -1.4901161193847656e-08,
                    0.5591937303543091,
                    -0.8290368914604187,
                    -3.3419547080993652
                ],
                [
                    0.0,
                    0.0,
                    0.0,
                    1.0
                ]
            ]
        },
        {
            "file_path": "/data/shapenet_blender/all_50_random/02958343/94a78fc51f84fa839ea5c205086e2a63/r_37",
            "rotation": 0.12566370614359174,
            "transform_matrix": [
                [
                    0.39448118209838867,
                    -0.12016263604164124,
                    -0.9110134840011597,
                    -3.672412633895874
                ],
                [
                    -0.9189040660858154,
                    -0.051585253328084946,
                    -0.39109379053115845,
                    -1.5765494108200073
                ],
                [
                    0.0,
                    0.9914129972457886,
                    -0.1307673454284668,
                    -0.5271400213241577
                ],
                [
                    0.0,
                    0.0,
                    0.0,
                    1.0
                ]
            ]
        },
        {
            "file_path": "/data/shapenet_blender/all_50_random/02958343/94a78fc51f84fa839ea5c205086e2a63/r_38",
            "rotation": 0.12566370614359174,
            "transform_matrix": [
                [
                    0.6516051292419434,
                    0.10425400733947754,
                    0.7513599395751953,
                    3.0288290977478027
                ],
                [
                    0.7585583925247192,
                    -0.08955466747283936,
                    -0.6454216241836548,
                    -2.601778030395508
                ],
                [
                    0.0,
                    0.9905104041099548,
                    -0.13743703067302704,
                    -0.5540264248847961
                ],
                [
                    0.0,
                    0.0,
                    0.0,
                    1.0
                ]
            ]
        },
        {
            "file_path": "/data/shapenet_blender/all_50_random/02958343/94a78fc51f84fa839ea5c205086e2a63/r_39",
            "rotation": 0.12566370614359174,
            "transform_matrix": [
                [
                    -0.543488085269928,
                    -0.7421776056289673,
                    0.39216452836990356,
                    1.5808658599853516
                ],
                [
                    0.8394168615341187,
                    -0.48052969574928284,
                    0.25391048192977905,
                    1.0235459804534912
                ],
                [
                    1.4901160305669237e-08,
                    0.467186838388443,
                    0.8841585516929626,
                    3.564157247543335
                ],
                [
                    0.0,
                    0.0,
                    0.0,
                    1.0
                ]
            ]
        },
        {
            "file_path": "/data/shapenet_blender/all_50_random/02958343/94a78fc51f84fa839ea5c205086e2a63/r_40",
            "rotation": 0.12566370614359174,
            "transform_matrix": [
                [
                    -0.5164636373519897,
                    0.6010841727256775,
                    -0.6098877191543579,
                    -2.458536148071289
                ],
                [
                    -0.8563091158866882,
                    -0.3625304698944092,
                    0.36784014105796814,
                    1.4828110933303833
                ],
                [
                    1.4901161193847656e-08,
                    0.7122283577919006,
                    0.7019476890563965,
                    2.829641580581665
                ],
                [
                    0.0,
                    0.0,
                    0.0,
                    1.0
                ]
            ]
        },
        {
            "file_path": "/data/shapenet_blender/all_50_random/02958343/94a78fc51f84fa839ea5c205086e2a63/r_41",
            "rotation": 0.12566370614359174,
            "transform_matrix": [
                [
                    -0.09344683587551117,
                    -0.08598892390727997,
                    -0.9919040203094482,
                    -3.998492956161499
                ],
                [
                    -0.995624303817749,
                    0.008070707321166992,
                    0.09309766441583633,
                    0.3752886950969696
                ],
                [
                    -9.313224635931761e-10,
                    0.9962635040283203,
