{
    "class": "02958343",
    "model": "24d7494c6b92c6e7c1bbb501b1d87871",
    "remove_doubles": true,
    "edge_split": true,
    "denoise": true,
    "camera_angle_x": 0.6911112070083618,
    "scale_factor": 2.4275056271987094,
    "hdri_file": "/data/IndoorHDRDataset2018/AG8A1680-fa60be802f.exr",
    "center_offset": [
        0.0,
        -1.862645149230957e-09,
        7.450580596923828e-09
    ],
    "lights": [],
    "frames": [
        {
            "file_path": "/data/shapenet_blender/all_50_random/02958343/24d7494c6b92c6e7c1bbb501b1d87871/r_0",
            "rotation": 0.12566370614359174,
            "transform_matrix": [
                [
                    -0.8210220336914062,
                    0.10547196865081787,
                    0.561069130897522,
                    2.261742115020752
                ],
                [
                    0.5708966255187988,
                    0.15168210864067078,
                    0.8068888783454895,
                    3.2526731491088867
                ],
                [
                    7.450580596923828e-09,
                    0.9827859401702881,
                    -0.18474793434143066,
                    -0.744742751121521
                ],
                [
                    0.0,
                    0.0,
                    0.0,
                    1.0
                ]
            ]
        },
        {
            "file_path": "/data/shapenet_blender/all_50_random/02958343/24d7494c6b92c6e7c1bbb501b1d87871/r_1",
            "rotation": 0.12566370614359174,
            "transform_matrix": [
                [
                    -0.40364953875541687,
                    -0.6206808090209961,
                    -0.6721773147583008,
                    -2.7096333503723145
                ],
                [
                    -0.9149135947227478,
                    0.2738373577594757,
                    0.29655706882476807,
                    1.1954597234725952
                ],
                [
                    -2.9802317058624794e-08,
                    0.7346892952919006,
                    -0.6784036159515381,
                    -2.7347323894500732
                ],
                [
                    0.0,
                    0.0,
                    0.0,
                    1.0
                ]
            ]
        },
        {
            "file_path": "/data/shapenet_blender/all_50_random/02958343/24d7494c6b92c6e7c1bbb501b1d87871/r_2",
            "rotation": 0.12566370614359174,
            "transform_matrix": [
                [
                    0.6609951853752136,
                    0.18885083496570587,
                    -0.7262372970581055,
                    -2.927556276321411
                ],
                [
                    -0.7503901720046997,
                    0.16635280847549438,
                    -0.6397197246551514,
                    -2.5787928104400635
                ],
                [
                    1.4901161193847656e-08,
                    0.9678130149841309,
                    0.2516702115535736,
                    1.0145150423049927
                ],
                [
                    0.0,
                    0.0,
                    0.0,
                    1.0
                ]
            ]
        },
        {
            "file_path": "/data/shapenet_blender/all_50_random/02958343/24d7494c6b92c6e7c1bbb501b1d87871/r_3",
            "rotation": 0.12566370614359174,
            "transform_matrix": [
                [
                    -0.9735438227653503,
                    0.1751832216978073,
                    0.1467081904411316,
                    0.5913996696472168
                ],
                [
                    0.22850047051906586,
                    0.7463816404342651,
                    0.6250615119934082,
                    2.5197038650512695
                ],
                [
                    -7.450580596923828e-09,
                    0.6420475840568542,
                    -0.7666645646095276,
                    -3.0905239582061768
                ],
                [
                    0.0,
                    0.0,
                    0.0,
                    1.0
                ]
            ]
        },
        {
            "file_path": "/data/shapenet_blender/all_50_random/02958343/24d7494c6b92c6e7c1bbb501b1d87871/r_4",
            "rotation": 0.12566370614359174,
            "transform_matrix": [
                [
                    -0.1770687997341156,
                    -0.9456413984298706,
                    0.2727801501750946,
                    1.0996119976043701
                ],
                [
                    0.9841985106468201,
                    -0.17013192176818848,
                    0.04907633364200592,
                    0.19783303141593933
                ],
                [
                    0.0,
                    0.27715951204299927,
                    0.9608238935470581,
                    3.8732049465179443
                ],
                [
                    0.0,
                    0.0,
                    0.0,
                    1.0
                ]
            ]
        },
        {
            "file_path": "/data/shapenet_blender/all_50_random/02958343/24d7494c6b92c6e7c1bbb501b1d87871/r_5",
            "rotation": 0.12566370614359174,
            "transform_matrix": [
                [
                    0.6815369129180908,
                    -0.045721396803855896,
                    -0.7303539514541626,
                    -2.9441511631011963
                ],
                [
                    -0.7317837476730347,
                    -0.04258200153708458,
                    -0.6802052855491638,
                    -2.741995334625244
                ],
                [
                    1.8626449271863521e-09,
                    0.998046338558197,
                    -0.06247936934232712,
                    -0.25186240673065186
                ],
                [
                    0.0,
                    0.0,
                    0.0,
                    1.0
                ]
            ]
        },
        {
            "file_path": "/data/shapenet_blender/all_50_random/02958343/24d7494c6b92c6e7c1bbb501b1d87871/r_6",
            "rotation": 0.12566370614359174,
            "transform_matrix": [
                [
                    -0.9913392066955566,
                    -0.012927303090691566,
                    -0.13068926334381104,
                    -0.5268253087997437
                ],
                [
                    -0.13132710754871368,
                    0.09758337587118149,
                    0.9865244626998901,
                    3.9768075942993164
                ],
                [
                    0.0,
                    0.9951432943344116,
                    -0.09843593090772629,
                    -0.3968079686164856
                ],
                [
                    0.0,
                    0.0,
                    0.0,
                    1.0
                ]
            ]
        },
        {
            "file_path": "/data/shapenet_blender/all_50_random/02958343/24d7494c6b92c6e7c1bbb501b1d87871/r_7",
            "rotation": 0.12566370614359174,
            "transform_matrix": [
                [
                    0.7842373251914978,
                    0.11674467474222183,
                    0.6093786954879761,
                    2.456484317779541
                ],
                [
                    0.6204609274864197,
                    -0.1475605070590973,
                    -0.7702298760414124,
                    -3.104896068572998
                ],
                [
                    -7.450580152834618e-09,
                    0.9821388125419617,
                    -0.18815794587135315,
                    -0.7584890127182007
                ],
                [
                    0.0,
                    0.0,
                    0.0,
                    1.0
                ]
            ]
        },
        {
            "file_path": "/data/shapenet_blender/all_50_random/02958343/24d7494c6b92c6e7c1bbb501b1d87871/r_8",
            "rotation": 0.12566370614359174,
            "transform_matrix": [
                [
                    -0.32183507084846497,
                    0.015079233795404434,
                    -0.9466756582260132,
                    -3.816171407699585
                ],
                [
                    -0.9467957615852356,
                    -0.0051257372833788395,
                    0.3217942416667938,
                    1.297194004058838
                ],
                [
                    0.0,
                    0.9998731017112732,
                    0.015926595777273178,
                    0.06420215964317322
                ],
                [
                    0.0,
                    0.0,
                    0.0,
                    1.0
                ]
            ]
        },
        {
            "file_path": "/data/shapenet_blender/all_50_random/02958343/24d7494c6b92c6e7c1bbb501b1d87871/r_9",
            "rotation": 0.12566370614359174,
            "transform_matrix": [
                [
                    -0.9313948750495911,
                    0.030425159260630608,
                    0.36273670196533203,
                    1.4622385501861572
                ],
                [
                    0.3640104830265045,
                    0.07784895598888397,
                    0.9281356334686279,
                    3.7414345741271973
                ],
                [
                    0.0,
                    0.9965008497238159,
                    -0.08358318358659744,
                    -0.3369346261024475
                ],
                [
                    0.0,
                    0.0,
                    0.0,
                    1.0
                ]
            ]
        },
        {
            "file_path": "/data/shapenet_blender/all_50_random/02958343/24d7494c6b92c6e7c1bbb501b1d87871/r_10",
            "rotation": 0.12566370614359174,
            "transform_matrix": [
                [
                    -0.8915713429450989,
                    -0.2511139214038849,
                    0.37688499689102173,
                    1.519271969795227
                ],
                [
                    0.45288026332855225,
                    -0.4943602383136749,
                    0.7419618368148804,
                    2.9909439086914062
                ],
                [
                    0.0,
                    0.8321957588195801,
                    0.5544819235801697,
                    2.2351882457733154
                ],
                [
                    0.0,
                    0.0,
                    0.0,
                    1.0
                ]
            ]
        },
        {
            "file_path": "/data/shapenet_blender/all_50_random/02958343/24d7494c6b92c6e7c1bbb501b1d87871/r_11",
            "rotation": 0.12566370614359174,
            "transform_matrix": [
                [
                    -0.1409844160079956,
                    -0.6808705925941467,
                    0.7187061309814453,
                    2.8971972465515137
                ],
                [
                    0.9900118112564087,
                    -0.09696061164140701,
                    0.10234864801168442,
                    0.4125806391239166
                ],
                [
                    0.0,
                    0.7259570360183716,
                    0.6877398490905762,
                    2.7723681926727295
                ],
                [
                    0.0,
                    0.0,
                    0.0,
                    1.0
                ]
            ]
        },
        {
            "file_path": "/data/shapenet_blender/all_50_random/02958343/24d7494c6b92c6e7c1bbb501b1d87871/r_12",
            "rotation": 0.12566370614359174,
            "transform_matrix": [
                [
                    0.973732054233551,
                    -0.2258729636669159,
                    -0.028766322880983353,
                    -0.11596076190471649
                ],
                [
                    -0.2276974320411682,
                    -0.9659298658370972,
                    -0.12301716208457947,
                    -0.4958980679512024
                ],
                [
                    1.862645371275562e-09,
                    0.1263359636068344,
                    -0.9919874668121338,
                    -3.9988296031951904
                ],
                [
                    0.0,
                    0.0,
                    0.0,
                    1.0
                ]
            ]
        },
        {
            "file_path": "/data/shapenet_blender/all_50_random/02958343/24d7494c6b92c6e7c1bbb501b1d87871/r_13",
            "rotation": 0.12566370614359174,
            "transform_matrix": [
                [
                    0.995223879814148,
                    -0.037102263420820236,
                    -0.09029224514961243,
                    -0.363979697227478
                ],
                [
                    -0.09761794656515121,
                    -0.37826091051101685,
                    -0.9205375909805298,
                    -3.710805654525757
                ],
                [
                    0.0,
                    0.9249552488327026,
                    -0.380076140165329,
                    -1.5321359634399414
                ],
                [
                    0.0,
                    0.0,
                    0.0,
                    1.0
                ]
            ]
        },
        {
            "file_path": "/data/shapenet_blender/all_50_random/02958343/24d7494c6b92c6e7c1bbb501b1d87871/r_14",
            "rotation": 0.12566370614359174,
            "transform_matrix": [
                [
                    -0.32236573100090027,
                    0.5196319222450256,
                    -0.7912414073944092,
                    -3.189596176147461
                ],
                [
                    -0.9466152191162109,
                    -0.17695841193199158,
                    0.26945385336875916,
                    1.0862032175064087
                ],
                [
                    0.0,
                    0.8358637690544128,
                    0.5489367842674255,
                    2.2128350734710693
                ],
                [
                    0.0,
                    0.0,
                    0.0,
                    1.0
                ]
            ]
        },
        {
            "file_path": "/data/shapenet_blender/all_50_random/02958343/24d7494c6b92c6e7c1bbb501b1d87871/r_15",
            "rotation": 0.12566370614359174,
            "transform_matrix": [
                [
                    -0.9616321921348572,
                    0.16537286341190338,
                    0.2188955843448639,
                    0.8823963403701782
                ],
                [
                    0.2743418514728546,
                    0.5796704292297363,
                    0.7672800421714783,
                    3.0930047035217285
                ],
                [
                    0.0,
                    0.7978933453559875,
                    -0.6027985215187073,
                    -2.4299585819244385
                ],
                [
                    0.0,
                    0.0,
                    0.0,
                    1.0
                ]
            ]
        },
        {
            "file_path": "/data/shapenet_blender/all_50_random/02958343/24d7494c6b92c6e7c1bbb501b1d87871/r_16",
            "rotation": 0.12566370614359174,
            "transform_matrix": [
                [
                    -0.16850842535495758,
                    -0.05313265323638916,
                    -0.9842670559883118,
                    -3.967707633972168
                ],
                [
                    -0.985700249671936,
                    0.009083186276257038,
                    0.16826340556144714,
                    0.6782915592193604
                ],
                [
                    0.0,
                    0.9985461235046387,
                    -0.05390345677733421,
                    -0.21729180216789246
                ],
                [
                    0.0,
                    0.0,
                    0.0,
                    1.0
                ]
            ]
        },
        {
            "file_path": "/data/shapenet_blender/all_50_random/02958343/24d7494c6b92c6e7c1bbb501b1d87871/r_17",
            "rotation": 0.12566370614359174,
            "transform_matrix": [
                [
                    1.0,
                    0.00011463916598586366,
                    0.0003710643795784563,
                    0.0014958083629608154
                ],
                [
                    0.0003883696044795215,
                    -0.2951805889606476,
                    -0.955441415309906,
                    -3.8515074253082275
                ],
                [
                    -7.275958481545164e-12,
                    0.955441415309906,
                    -0.29518061876296997,
                    -1.189911127090454
                ],
                [
                    0.0,
                    0.0,
                    0.0,
                    1.0
                ]
            ]
        },
        {
            "file_path": "/data/shapenet_blender/all_50_random/02958343/24d7494c6b92c6e7c1bbb501b1d87871/r_18",
            "rotation": 0.12566370614359174,
            "transform_matrix": [
                [
                    -0.9999977350234985,
                    4.545055617199978e-06,
                    0.0021673343144357204,
                    0.008736804127693176
                ],
                [
                    0.002167339203879237,
                    0.0020970620680600405,
                    0.9999954700469971,
                    4.031110763549805
                ],
                [
                    4.547473508864641e-13,
                    0.9999977946281433,
                    -0.002097067190334201,
                    -0.008453547954559326
                ],
                [
                    0.0,
                    0.0,
                    0.0,
                    1.0
                ]
            ]
        },
        {
            "file_path": "/data/shapenet_blender/all_50_random/02958343/24d7494c6b92c6e7c1bbb501b1d87871/r_19",
            "rotation": 0.12566370614359174,
            "transform_matrix": [
                [
                    -0.3238898813724518,
                    -0.020394640043377876,
                    0.9458748698234558,
                    3.812943696975708
                ],
                [
                    0.9460947513580322,
                    -0.006981983780860901,
                    0.32381463050842285,
                    1.3053386211395264
                ],
                [
                    0.0,
                    0.999767541885376,
                    0.021556656807661057,
                    0.08689767122268677
                ],
                [
                    0.0,
                    0.0,
                    0.0,
                    1.0
                ]
            ]
        },
        {
            "file_path": "/data/shapenet_blender/all_50_random/02958343/24d7494c6b92c6e7c1bbb501b1d87871/r_20",
            "rotation": 0.12566370614359174,
            "transform_matrix": [
                [
                    -0.7262536287307739,
                    -0.08512807637453079,
                    0.6821355223655701,
                    2.7497761249542236
                ],
                [
                    0.6874268054962158,
                    -0.08993623405694962,
                    0.7206634879112244,
                    2.905087471008301
                ],
                [
                    3.725290298461914e-09,
                    0.9923025369644165,
                    0.12383585423231125,
                    0.4991982877254486
                ],
                [
                    0.0,
                    0.0,
                    0.0,
                    1.0
                ]
            ]
        },
        {
            "file_path": "/data/shapenet_blender/all_50_random/02958343/24d7494c6b92c6e7c1bbb501b1d87871/r_21",
            "rotation": 0.12566370614359174,
            "transform_matrix": [
                [
                    -0.9476016759872437,
                    -0.2714631259441376,
                    -0.16840136051177979,
                    -0.6788476705551147
                ],
                [
                    -0.3194546401500702,
                    0.8052439093589783,
                    0.49953076243400574,
                    2.0136730670928955
                ],
                [
                    0.0,
                    0.5271527171134949,
                    -0.8497704267501831,
                    -3.42553448677063
                ],
                [
                    0.0,
                    0.0,
                    0.0,
                    1.0
                ]
            ]
        },
        {
            "file_path": "/data/shapenet_blender/all_50_random/02958343/24d7494c6b92c6e7c1bbb501b1d87871/r_22",
            "rotation": 0.12566370614359174,
            "transform_matrix": [
                [
                    -0.41078343987464905,
                    0.4260038137435913,
                    -0.8060879111289978,
                    -3.2494442462921143
                ],
                [
                    -0.9117329120635986,
                    -0.19193702936172485,
                    0.3631848096847534,
                    1.4640446901321411
                ],
                [
                    0.0,
                    0.8841271996498108,
                    0.46724626421928406,
                    1.883529782295227
                ],
                [
                    0.0,
                    0.0,
                    0.0,
                    1.0
                ]
            ]
        },
        {
            "file_path": "/data/shapenet_blender/all_50_random/02958343/24d7494c6b92c6e7c1bbb501b1d87871/r_23",
            "rotation": 0.12566370614359174,
            "transform_matrix": [
                [
                    -0.9138761758804321,
                    -0.22670215368270874,
                    -0.33680346608161926,
                    -1.3576982021331787
                ],
                [
                    -0.4059932231903076,
                    0.5102984309196472,
                    0.7581325769424438,
                    3.0561301708221436
                ],
                [
                    0.0,
                    0.8295790553092957,
                    -0.5583891272544861,
                    -2.250938653945923
                ],
                [
                    0.0,
                    0.0,
                    0.0,
                    1.0
                ]
            ]
        },
        {
            "file_path": "/data/shapenet_blender/all_50_random/02958343/24d7494c6b92c6e7c1bbb501b1d87871/r_24",
            "rotation": 0.12566370614359174,
            "transform_matrix": [
                [
                    -0.8664253354072571,
                    -0.17723454535007477,
                    -0.46679243445396423,
                    -1.8817006349563599
                ],
                [
                    -0.499306857585907,
                    0.30754730105400085,
                    0.8100044131278992,
                    3.265232563018799
                ],
                [
                    0.0,
                    0.9348810911178589,
                    -0.3549611270427704,
                    -1.430894136428833
                ],
                [
                    0.0,
                    0.0,
                    0.0,
                    1.0
                ]
            ]
        },
        {
            "file_path": "/data/shapenet_blender/all_50_random/02958343/24d7494c6b92c6e7c1bbb501b1d87871/r_25",
            "rotation": 0.12566370614359174,
            "transform_matrix": [
                [
                    -0.13707926869392395,
                    -0.5082178115844727,
                    0.8502493500709534,
                    3.427464723587036
                ],
                [
                    0.9905601143836975,
                    -0.07033003121614456,
                    0.11766227334737778,
                    0.47431179881095886
                ],
                [
                    0.0,
                    0.85835200548172,
                    0.5130611062049866,
                    2.0682153701782227
                ],
                [
                    0.0,
                    0.0,
                    0.0,
                    1.0
                ]
            ]
        },
        {
            "file_path": "/data/shapenet_blender/all_50_random/02958343/24d7494c6b92c6e7c1bbb501b1d87871/r_26",
            "rotation": 0.12566370614359174,
            "transform_matrix": [
                [
                    0.9997188448905945,
                    0.016966283321380615,
                    -0.016566181555390358,
                    -0.06678041815757751
                ],
                [
                    -0.023712726309895515,
                    0.7152916789054871,
                    -0.6984235048294067,
                    -2.8154354095458984
                ],
                [
                    9.313225746154785e-10,
                    0.6986199617385864,
                    0.7154927849769592,
                    2.884243965148926
                ],
                [
                    0.0,
                    0.0,
                    0.0,
                    1.0
                ]
            ]
        },
        {
            "file_path": "/data/shapenet_blender/all_50_random/02958343/24d7494c6b92c6e7c1bbb501b1d87871/r_27",
            "rotation": 0.12566370614359174,
            "transform_matrix": [
                [
                    0.9424940943717957,
                    0.15517744421958923,
                    -0.2960149645805359,
                    -1.1932744979858398
                ],
                [
                    -0.33422282338142395,
                    0.4375937581062317,
                    -0.8347495198249817,
                    -3.364982843399048
                ],
                [
                    0.0,
                    0.8856814503669739,
                    0.46429339051246643,
                    1.8716264963150024
                ],
                [
                    0.0,
                    0.0,
                    0.0,
                    1.0
                ]
            ]
        },
        {
            "file_path": "/data/shapenet_blender/all_50_random/02958343/24d7494c6b92c6e7c1bbb501b1d87871/r_28",
            "rotation": 0.12566370614359174,
            "transform_matrix": [
                [
                    0.05523614585399628,
                    -0.17248308658599854,
                    0.9834625720977783,
                    3.9644644260406494
                ],
                [
                    0.9984734058380127,
                    0.009541867300868034,
                    -0.05440573766827583,
                    -0.2193165421485901
                ],
                [
                    0.0,
                    0.9849662184715271,
                    0.17274680733680725,
                    0.6963646411895752
                ],
                [
                    0.0,
                    0.0,
                    0.0,
                    1.0
                ]
            ]
        },
        {
            "file_path": "/data/shapenet_blender/all_50_random/02958343/24d7494c6b92c6e7c1bbb501b1d87871/r_29",
            "rotation": 0.12566370614359174,
            "transform_matrix": [
                [
                    0.0378439836204052,
                    -0.10131417214870453,
                    -0.9941344857215881,
                    -4.007483959197998
                ],
                [
                    -0.9992836713790894,
                    -0.003836880438029766,
                    -0.03764897584915161,
                    -0.15176787972450256
                ],
                [
                    -2.3283061589829401e-10,
                    0.9948470592498779,
                    -0.10138680785894394,
                    -0.4087032675743103
                ],
                [
                    0.0,
                    0.0,
                    0.0,
                    1.0
                ]
            ]
        },
        {
            "file_path": "/data/shapenet_blender/all_50_random/02958343/24d7494c6b92c6e7c1bbb501b1d87871/r_30",
            "rotation": 0.12566370614359174,
            "transform_matrix": [
                [
                    0.5542877316474915,
                    -0.019520511850714684,
                    -0.8320962190628052,
                    -3.3542871475219727
                ],
                [
                    -0.8323251605033875,
                    -0.012999702244997025,
                    -0.554135262966156,
                    -2.233790636062622
                ],
                [
                    9.313225746154785e-10,
                    0.9997249245643616,
                    -0.023452989757061005,
                    -0.09454202651977539
                ],
                [
                    0.0,
                    0.0,
                    0.0,
                    1.0
                ]
            ]
        },
        {
            "file_path": "/data/shapenet_blender/all_50_random/02958343/24d7494c6b92c6e7c1bbb501b1d87871/r_31",
            "rotation": 0.12566370614359174,
            "transform_matrix": [
                [
                    -0.5860815048217773,
                    0.6088706254959106,
                    0.5345885157585144,
                    2.1549954414367676
                ],
                [
                    0.8102521896362305,
                    0.44041574001312256,
                    0.3866851031780243,
                    1.5587776899337769
                ],
                [
                    0.0,
                    0.6597805619239807,
                    -0.7514582276344299,
                    -3.0292253494262695
                ],
                [
                    0.0,
                    0.0,
                    0.0,
                    1.0
                ]
            ]
        },
        {
            "file_path": "/data/shapenet_blender/all_50_random/02958343/24d7494c6b92c6e7c1bbb501b1d87871/r_32",
            "rotation": 0.12566370614359174,
            "transform_matrix": [
                [
                    0.20230895280838013,
                    -0.7507696151733398,
                    0.6288211941719055,
                    2.5348594188690186
                ],
                [
                    0.9793217778205872,
                    0.15509448945522308,
                    -0.12990230321884155,
                    -0.5236529111862183
                ],
                [
                    0.0,
                    0.6420986652374268,
                    0.766622006893158,
                    3.0903520584106445
                ],
                [
                    0.0,
                    0.0,
                    0.0,
                    1.0
                ]
            ]
        },
        {
            "file_path": "/data/shapenet_blender/all_50_random/02958343/24d7494c6b92c6e7c1bbb501b1d87871/r_33",
            "rotation": 0.12566370614359174,
            "transform_matrix": [
                [
                    0.9201233983039856,
                    -0.033407844603061676,
                    0.3902011811733246,
                    1.572951316833496
                ],
                [
                    0.3916287422180176,
                    0.07849100977182388,
                    -0.9167693853378296,
                    -3.695615530014038
                ],
                [
                    5.587936335871291e-09,
                    0.9963548183441162,
                    0.08530488610267639,
                    0.343874990940094
                ],
                [
                    0.0,
                    0.0,
                    0.0,
                    1.0
                ]
            ]
        },
        {
            "file_path": "/data/shapenet_blender/all_50_random/02958343/24d7494c6b92c6e7c1bbb501b1d87871/r_34",
            "rotation": 0.12566370614359174,
            "transform_matrix": [
                [
                    0.3001005947589874,
                    0.30431199073791504,
                    -0.9040650129318237,
                    -3.6444032192230225
                ],
                [
                    -0.9539074897766113,
                    0.09573697298765182,
                    -0.28442010283470154,
                    -1.1465342044830322
                ],
                [
                    0.0,
                    0.9477491974830627,
                    0.3190161883831024,
                    1.2859954833984375
                ],
                [
                    0.0,
                    0.0,
                    0.0,
                    1.0
                ]
            ]
        },
        {
            "file_path": "/data/shapenet_blender/all_50_random/02958343/24d7494c6b92c6e7c1bbb501b1d87871/r_35",
            "rotation": 0.12566370614359174,
            "transform_matrix": [
                [
                    -0.5747103691101074,
                    -0.5022207498550415,
                    -0.6461285948753357,
                    -2.6046276092529297
                ],
                [
                    -0.8183568716049194,
                    0.35269638895988464,
                    0.4537590742111206,
                    1.829161286354065
                ],
                [
                    0.0,
                    0.7895436882972717,
                    -0.6136941909790039,
                    -2.4738805294036865
                ],
                [
                    0.0,
                    0.0,
                    0.0,
                    1.0
                ]
            ]
        },
        {
            "file_path": "/data/shapenet_blender/all_50_random/02958343/24d7494c6b92c6e7c1bbb501b1d87871/r_36",
            "rotation": 0.12566370614359174,
            "transform_matrix": [
                [
                    0.7140543460845947,
                    -0.14233370125293732,
                    0.685468852519989,
                    2.7632131576538086
                ],
                [
                    0.7000903487205505,
                    0.14517270028591156,
                    -0.6991412043571472,
                    -2.8183281421661377
                ],
                [
                    -7.450580596923828e-09,
                    0.979114830493927,
                    0.20330765843391418,
                    0.8195593357086182
                ],
                [
                    0.0,
                    0.0,
                    0.0,
                    1.0
                ]
            ]
        },
        {
            "file_path": "/data/shapenet_blender/all_50_random/02958343/24d7494c6b92c6e7c1bbb501b1d87871/r_37",
            "rotation": 0.12566370614359174,
            "transform_matrix": [
                [
                    -0.44926729798316956,
                    -0.8629115223884583,
                    0.23139256238937378,
                    0.9327732920646667
                ],
                [
                    0.8933974504470825,
                    -0.4339366853237152,
                    0.11636155098676682,
                    0.4690684378147125
                ],
                [
                    0.0,
                    0.2590028941631317,
                    0.9658764600753784,
                    3.8935728073120117
                ],
                [
                    0.0,
                    0.0,
                    0.0,
                    1.0
                ]
            ]
        },
        {
            "file_path": "/data/shapenet_blender/all_50_random/02958343/24d7494c6b92c6e7c1bbb501b1d87871/r_38",
            "rotation": 0.12566370614359174,
            "transform_matrix": [
                [
                    -0.997965395450592,
                    0.0005519580445252359,
                    -0.06375579535961151,
                    -0.2570078372955322
                ],
                [
                    -0.06375818699598312,
                    -0.008639439009130001,
                    0.9979279041290283,
                    4.022776126861572
                ],
                [
                    0.0,
                    0.9999626278877258,
                    0.008657051250338554,
                    0.034897688776254654
                ],
                [
                    0.0,
                    0.0,
                    0.0,
                    1.0
                ]
            ]
        },
        {
            "file_path": "/data/shapenet_blender/all_50_random/02958343/24d7494c6b92c6e7c1bbb501b1d87871/r_39",
            "rotation": 0.12566370614359174,
            "transform_matrix": [
                [
                    0.05844087898731232,
                    0.7011141777038574,
                    -0.7106500864028931,
                    -2.8647220134735107
                ],
                [
                    -0.9982908964157104,
                    0.041043877601623535,
                    -0.04160211980342865,
                    -0.1677035093307495
                ],
                [
                    0.0,
                    0.7118666172027588,
                    0.7023146152496338,
                    2.831120729446411
                ],
                [
                    0.0,
                    0.0,
                    0.0,
                    1.0
                ]
            ]
        },
        {
            "file_path": "/data/shapenet_blender/all_50_random/02958343/24d7494c6b92c6e7c1bbb501b1d87871/r_40",
            "rotation": 0.12566370614359174,
            "transform_matrix": [
                [
                    -0.527328610420227,
                    -0.19386427104473114,
                    0.8272491097450256,
                    3.3347480297088623
                ],
                [
                    0.8496615290641785,
                    -0.12031871825456619,
                    0.5134187340736389,
                    2.069657325744629
                ],
                [
                    0.0,
                    0.9736220240592957,
                    0.22816650569438934,
                    0.9197686910629272
                ],
                [
                    0.0,
                    0.0,
                    0.0,
                    1.0
                ]
            ]
        },
        {
            "file_path": "/data/shapenet_blender/all_50_random/02958343/24d7494c6b92c6e7c1bbb501b1d87871/r_41",
            "rotation": 0.12566370614359174,
            "transform_matrix": [
                [
                    0.8039975166320801,
                    -0.2705993354320526,
                    0.529494047164917,
                    2.1344587802886963
                ],
                [
                    0.594632625579834,
                    0.3658749759197235,
                    -0.7159242033958435,
                    -2.8859827518463135
                ],
                [
                    0.0,
