{
    "class": "02958343",
    "model": "d94f5345be1d81a751a95aaa6caba1d3",
    "remove_doubles": true,
    "edge_split": true,
    "denoise": true,
    "camera_angle_x": 0.6911112070083618,
    "scale_factor": 2.1502949263843956,
    "hdri_file": "/data/IndoorHDRDataset2018/9C4A6681-d4f49ff53f.exr",
    "center_offset": [
        0.0,
        -9.313225746154785e-10,
        0.0
    ],
    "lights": [],
    "frames": [
        {
            "file_path": "/data/shapenet_blender/all_50_random/02958343/d94f5345be1d81a751a95aaa6caba1d3/r_0",
            "rotation": 0.12566370614359174,
            "transform_matrix": [
                [
                    0.2927689552307129,
                    0.9159204363822937,
                    -0.27454695105552673,
                    -1.106734275817871
                ],
                [
                    -0.9561832547187805,
                    0.2804410755634308,
                    -0.08406215161085129,
                    -0.33886539936065674
                ],
                [
                    0.0,
                    0.28712788224220276,
                    0.9578921794891357,
                    3.861387014389038
                ],
                [
                    0.0,
                    0.0,
                    0.0,
                    1.0
                ]
            ]
        },
        {
            "file_path": "/data/shapenet_blender/all_50_random/02958343/d94f5345be1d81a751a95aaa6caba1d3/r_1",
            "rotation": 0.12566370614359174,
            "transform_matrix": [
                [
                    0.8759328722953796,
                    -0.09451788663864136,
                    0.4730833172798157,
                    1.9070600271224976
                ],
                [
                    0.48243284225463867,
                    0.17161211371421814,
                    -0.8589572906494141,
                    -3.4625678062438965
                ],
                [
                    0.0,
                    0.9806200265884399,
                    0.1959192305803299,
                    0.7897757291793823
                ],
                [
                    0.0,
                    0.0,
                    0.0,
                    1.0
                ]
            ]
        },
        {
            "file_path": "/data/shapenet_blender/all_50_random/02958343/d94f5345be1d81a751a95aaa6caba1d3/r_2",
            "rotation": 0.12566370614359174,
            "transform_matrix": [
                [
                    -0.24230855703353882,
                    0.5608059763908386,
                    -0.7916964292526245,
                    -3.1914303302764893
                ],
                [
                    -0.9701992273330688,
                    -0.14006204903125763,
                    0.1977272480726242,
                    0.7970640063285828
                ],
                [
                    0.0,
                    0.8160142302513123,
                    0.5780317783355713,
                    2.33012056350708
                ],
                [
                    0.0,
                    0.0,
                    0.0,
                    1.0
                ]
            ]
        },
        {
            "file_path": "/data/shapenet_blender/all_50_random/02958343/d94f5345be1d81a751a95aaa6caba1d3/r_3",
            "rotation": 0.12566370614359174,
            "transform_matrix": [
                [
                    -0.6925089359283447,
                    0.015073184855282307,
                    -0.7212517857551575,
                    -2.907458782196045
                ],
                [
                    -0.721409261226654,
                    -0.014469338580965996,
                    0.6923577785491943,
                    2.7909834384918213
                ],
                [
                    0.0,
                    0.999781608581543,
                    0.020894085988402367,
                    0.08422674983739853
                ],
                [
                    0.0,
                    0.0,
                    0.0,
                    1.0
                ]
            ]
        },
        {
            "file_path": "/data/shapenet_blender/all_50_random/02958343/d94f5345be1d81a751a95aaa6caba1d3/r_4",
            "rotation": 0.12566370614359174,
            "transform_matrix": [
                [
                    0.14188538491725922,
                    -0.41208934783935547,
                    -0.9000281691551208,
                    -3.6281299591064453
                ],
                [
                    -0.9898831248283386,
                    -0.059067029505968094,
                    -0.12900598347187042,
                    -0.5200397968292236
                ],
                [
                    3.725290742551124e-09,
                    0.9092267155647278,
                    -0.4163009822368622,
                    -1.6781630516052246
                ],
                [
                    0.0,
                    0.0,
                    0.0,
                    1.0
                ]
            ]
        },
        {
            "file_path": "/data/shapenet_blender/all_50_random/02958343/d94f5345be1d81a751a95aaa6caba1d3/r_5",
            "rotation": 0.12566370614359174,
            "transform_matrix": [
                [
                    0.5051703453063965,
                    -0.3301525115966797,
                    -0.7973721027374268,
                    -3.2143096923828125
                ],
                [
                    -0.8630197644233704,
                    -0.1932554394006729,
                    -0.4667433798313141,
                    -1.8815027475357056
                ],
                [
                    0.0,
                    0.9239326119422913,
                    -0.3825550675392151,
                    -1.5421288013458252
                ],
                [
                    0.0,
                    0.0,
                    0.0,
                    1.0
                ]
            ]
        },
        {
            "file_path": "/data/shapenet_blender/all_50_random/02958343/d94f5345be1d81a751a95aaa6caba1d3/r_6",
            "rotation": 0.12566370614359174,
            "transform_matrix": [
                [
                    0.8739702701568604,
                    0.08281776309013367,
                    0.47887060046195984,
                    1.930389165878296
                ],
                [
                    0.48597925901412964,
                    -0.1489369422197342,
                    -0.8611863255500793,
                    -3.471553087234497
                ],
                [
                    0.0,
                    0.9853723645210266,
                    -0.17041419446468353,
                    -0.6869615912437439
                ],
                [
                    0.0,
                    0.0,
                    0.0,
                    1.0
                ]
            ]
        },
        {
            "file_path": "/data/shapenet_blender/all_50_random/02958343/d94f5345be1d81a751a95aaa6caba1d3/r_7",
            "rotation": 0.12566370614359174,
            "transform_matrix": [
                [
                    0.9992845058441162,
                    -1.0177903277508449e-05,
                    0.037822823971509933,
                    0.15246868133544922
                ],
                [
                    0.03782283142209053,
                    0.0002689016400836408,
                    -0.9992843866348267,
                    -4.0282440185546875
                ],
                [
                    -9.094947017729282e-13,
                    0.9999999403953552,
                    0.00026909419102594256,
                    0.0010847533121705055
                ],
                [
                    0.0,
                    0.0,
                    0.0,
                    1.0
                ]
            ]
        },
        {
            "file_path": "/data/shapenet_blender/all_50_random/02958343/d94f5345be1d81a751a95aaa6caba1d3/r_8",
            "rotation": 0.12566370614359174,
            "transform_matrix": [
                [
                    -0.9943423867225647,
                    -0.01514691486954689,
                    0.10513722896575928,
                    0.42382168769836426
                ],
                [
                    0.1062227115035057,
                    -0.14178906381130219,
                    0.9841812252998352,
                    3.9673609733581543
                ],
                [
                    0.0,
                    0.9897810816764832,
                    0.1425958126783371,
                    0.5748220086097717
                ],
                [
                    0.0,
                    0.0,
                    0.0,
                    1.0
                ]
            ]
        },
        {
            "file_path": "/data/shapenet_blender/all_50_random/02958343/d94f5345be1d81a751a95aaa6caba1d3/r_9",
            "rotation": 0.12566370614359174,
            "transform_matrix": [
                [
                    0.5088712573051453,
                    -0.7175124883651733,
                    0.4756320118904114,
                    1.9173340797424316
                ],
                [
                    0.8608426451683044,
                    0.42414426803588867,
                    -0.2811610698699951,
                    -1.1333966255187988
                ],
                [
                    0.0,
                    0.5525190830230713,
                    0.8335001468658447,
                    3.3599467277526855
                ],
                [
                    0.0,
                    0.0,
                    0.0,
                    1.0
                ]
            ]
        },
        {
            "file_path": "/data/shapenet_blender/all_50_random/02958343/d94f5345be1d81a751a95aaa6caba1d3/r_10",
            "rotation": 0.12566370614359174,
            "transform_matrix": [
                [
                    0.9847370386123657,
                    0.03429809957742691,
                    -0.17063596844673157,
                    -0.68785560131073
                ],
                [
                    -0.17404882609844208,
                    0.19405250251293182,
                    -0.9654276967048645,
                    -3.89176344871521
                ],
                [
                    0.0,
                    0.9803912043571472,
                    0.1970602571964264,
                    0.7943753004074097
                ],
                [
                    0.0,
                    0.0,
                    0.0,
                    1.0
                ]
            ]
        },
        {
            "file_path": "/data/shapenet_blender/all_50_random/02958343/d94f5345be1d81a751a95aaa6caba1d3/r_11",
            "rotation": 0.12566370614359174,
            "transform_matrix": [
                [
                    0.791322648525238,
                    0.3883741796016693,
                    0.47220101952552795,
                    1.903503179550171
                ],
                [
                    0.6113986372947693,
                    -0.5026659965515137,
                    -0.6111616492271423,
                    -2.4636714458465576
                ],
                [
                    -1.4901160305669237e-08,
                    0.7723292112350464,
                    -0.6352224946022034,
                    -2.5606637001037598
                ],
                [
                    0.0,
                    0.0,
                    0.0,
                    1.0
                ]
            ]
        },
        {
            "file_path": "/data/shapenet_blender/all_50_random/02958343/d94f5345be1d81a751a95aaa6caba1d3/r_12",
            "rotation": 0.12566370614359174,
            "transform_matrix": [
                [
                    -0.8795616030693054,
                    0.3127914369106293,
                    0.35851478576660156,
                    1.4452192783355713
                ],
                [
                    0.4757849872112274,
                    0.5782430171966553,
                    0.6627696752548218,
                    2.6717100143432617
                ],
                [
                    1.4901160305669237e-08,
                    0.7535226345062256,
                    -0.6574218273162842,
                    -2.6501519680023193
                ],
                [
                    0.0,
                    0.0,
                    0.0,
                    1.0
                ]
            ]
        },
        {
            "file_path": "/data/shapenet_blender/all_50_random/02958343/d94f5345be1d81a751a95aaa6caba1d3/r_13",
            "rotation": 0.12566370614359174,
            "transform_matrix": [
                [
                    0.9618344306945801,
                    0.01817391812801361,
                    -0.2730277478694916,
                    -1.1006100177764893
                ],
                [
                    -0.27363190054893494,
                    0.06388252973556519,
                    -0.9597106575965881,
                    -3.8687174320220947
                ],
                [
                    0.0,
                    0.9977919459342957,
                    0.06641737371683121,
                    0.2677370011806488
                ],
                [
                    0.0,
                    0.0,
                    0.0,
                    1.0
                ]
            ]
        },
        {
            "file_path": "/data/shapenet_blender/all_50_random/02958343/d94f5345be1d81a751a95aaa6caba1d3/r_14",
            "rotation": 0.12566370614359174,
            "transform_matrix": [
                [
                    -0.7094494104385376,
                    -0.0012633288279175758,
                    -0.7047551274299622,
                    -2.840959072113037
                ],
                [
                    -0.7047563195228577,
                    0.0012717414647340775,
                    0.7094482183456421,
                    2.859877586364746
                ],
                [
                    -1.1641531488804091e-10,
                    0.9999984502792358,
                    -0.0017925751162692904,
                    -0.00722610205411911
                ],
                [
                    0.0,
                    0.0,
                    0.0,
                    1.0
                ]
            ]
        },
        {
            "file_path": "/data/shapenet_blender/all_50_random/02958343/d94f5345be1d81a751a95aaa6caba1d3/r_15",
            "rotation": 0.12566370614359174,
            "transform_matrix": [
                [
                    -0.9360116124153137,
                    -0.048701588064432144,
                    -0.3485834300518036,
                    -1.4051847457885742
                ],
                [
                    -0.3519690930843353,
                    0.1295149177312851,
                    0.9270078539848328,
                    3.7368881702423096
                ],
                [
                    0.0,
                    0.9903807640075684,
                    -0.1383689045906067,
                    -0.5577828884124756
                ],
                [
                    0.0,
                    0.0,
                    0.0,
                    1.0
                ]
            ]
        },
        {
            "file_path": "/data/shapenet_blender/all_50_random/02958343/d94f5345be1d81a751a95aaa6caba1d3/r_16",
            "rotation": 0.12566370614359174,
            "transform_matrix": [
                [
                    -0.5320011973381042,
                    -0.46059513092041016,
                    0.7105116844177246,
                    2.864164113998413
                ],
                [
                    0.8467435240745544,
                    -0.28938770294189453,
                    0.4464079737663269,
                    1.7995281219482422
                ],
                [
                    0.0,
                    0.839110791683197,
                    0.5439605712890625,
                    2.192775249481201
                ],
                [
                    0.0,
                    0.0,
                    0.0,
                    1.0
                ]
            ]
        },
        {
            "file_path": "/data/shapenet_blender/all_50_random/02958343/d94f5345be1d81a751a95aaa6caba1d3/r_17",
            "rotation": 0.12566370614359174,
            "transform_matrix": [
                [
                    0.6134980320930481,
                    -0.509321928024292,
                    -0.6034991145133972,
                    -2.4327826499938965
                ],
                [
                    -0.7896961569786072,
                    -0.3956812918186188,
                    -0.46884551644325256,
                    -1.8899767398834229
                ],
                [
                    -1.4901162970204496e-08,
                    0.7642166614532471,
                    -0.6449593901634216,
                    -2.59991455078125
                ],
                [
                    0.0,
                    0.0,
                    0.0,
                    1.0
                ]
            ]
        },
        {
            "file_path": "/data/shapenet_blender/all_50_random/02958343/d94f5345be1d81a751a95aaa6caba1d3/r_18",
            "rotation": 0.12566370614359174,
            "transform_matrix": [
                [
                    0.797885537147522,
                    -0.04648154228925705,
                    -0.6010143160820007,
                    -2.4227662086486816
                ],
                [
                    -0.6028090715408325,
                    -0.06152353808283806,
                    -0.795509934425354,
                    -3.2068030834198
                ],
                [
                    0.0,
                    0.9970227479934692,
                    -0.0771082267165184,
                    -0.3108331859111786
                ],
                [
                    0.0,
                    0.0,
                    0.0,
                    1.0
                ]
            ]
        },
        {
            "file_path": "/data/shapenet_blender/all_50_random/02958343/d94f5345be1d81a751a95aaa6caba1d3/r_19",
            "rotation": 0.12566370614359174,
            "transform_matrix": [
                [
                    0.2837960124015808,
                    -0.26251640915870667,
                    -0.9222499132156372,
                    -3.7177083492279053
                ],
                [
                    -0.9588846564292908,
                    -0.07769560068845749,
                    -0.27295345067977905,
                    -1.1003105640411377
                ],
                [
                    0.0,
                    0.961794376373291,
                    -0.2737726867198944,
                    -1.103613018989563
                ],
                [
                    0.0,
                    0.0,
                    0.0,
                    1.0
                ]
            ]
        },
        {
            "file_path": "/data/shapenet_blender/all_50_random/02958343/d94f5345be1d81a751a95aaa6caba1d3/r_20",
            "rotation": 0.12566370614359174,
            "transform_matrix": [
                [
                    0.9835389852523804,
                    0.13256803154945374,
                    -0.12278702110052109,
                    -0.49497032165527344
                ],
                [
                    -0.18069568276405334,
                    0.7215768694877625,
                    -0.6683381199836731,
                    -2.694157123565674
                ],
                [
                    7.450580152834618e-09,
                    0.679523766040802,
                    0.7336534857749939,
                    2.957451820373535
                ],
                [
                    0.0,
                    0.0,
                    0.0,
                    1.0
                ]
            ]
        },
        {
            "file_path": "/data/shapenet_blender/all_50_random/02958343/d94f5345be1d81a751a95aaa6caba1d3/r_21",
            "rotation": 0.12566370614359174,
            "transform_matrix": [
                [
                    0.49557092785835266,
                    0.12908858060836792,
                    0.8589211106300354,
                    3.4624218940734863
                ],
                [
                    0.8685674667358398,
                    -0.07365294545888901,
                    -0.49006709456443787,
                    -1.9755237102508545
                ],
                [
                    7.450580596923828e-09,
                    0.9888939261436462,
                    -0.14862240850925446,
                    -0.5991161465644836
                ],
                [
                    0.0,
                    0.0,
                    0.0,
                    1.0
                ]
            ]
        },
        {
            "file_path": "/data/shapenet_blender/all_50_random/02958343/d94f5345be1d81a751a95aaa6caba1d3/r_22",
            "rotation": 0.12566370614359174,
            "transform_matrix": [
                [
                    0.9963214993476868,
                    -0.06827368587255478,
                    0.051789045333862305,
                    0.2087683230638504
                ],
                [
                    0.08569364994764328,
                    0.79378741979599,
                    -0.6021279096603394,
                    -2.427255153656006
                ],
                [
                    0.0,
                    0.6043509840965271,
                    0.796718180179596,
                    3.2116737365722656
                ],
                [
                    0.0,
                    0.0,
                    0.0,
                    1.0
                ]
            ]
        },
        {
            "file_path": "/data/shapenet_blender/all_50_random/02958343/d94f5345be1d81a751a95aaa6caba1d3/r_23",
            "rotation": 0.12566370614359174,
            "transform_matrix": [
                [
                    0.9843037724494934,
                    2.0104209397686645e-05,
                    0.17648279666900635,
                    0.7114248275756836
                ],
                [
                    0.17648279666900635,
                    -0.00011212792014703155,
                    -0.9843037724494934,
                    -3.9678549766540527
                ],
                [
                    0.0,
                    0.9999999403953552,
                    -0.00011391599400667474,
                    -0.00045921001583337784
                ],
                [
                    0.0,
                    0.0,
                    0.0,
                    1.0
                ]
            ]
        },
        {
            "file_path": "/data/shapenet_blender/all_50_random/02958343/d94f5345be1d81a751a95aaa6caba1d3/r_24",
            "rotation": 0.12566370614359174,
            "transform_matrix": [
                [
                    -0.4005851149559021,
                    -0.13436953723430634,
                    -0.9063533544540405,
                    -3.6536271572113037
                ],
                [
                    -0.9162595272064209,
                    0.05874583497643471,
                    0.39625415205955505,
                    1.5973515510559082
                ],
                [
                    -7.450580596923828e-09,
                    0.9891883134841919,
                    -0.14665009081363678,
                    -0.5911654233932495
                ],
                [
                    0.0,
                    0.0,
                    0.0,
                    1.0
                ]
            ]
        },
        {
            "file_path": "/data/shapenet_blender/all_50_random/02958343/d94f5345be1d81a751a95aaa6caba1d3/r_25",
            "rotation": 0.12566370614359174,
            "transform_matrix": [
                [
                    0.3519246578216553,
                    -0.7885438203811646,
                    0.5043288469314575,
                    2.0330147743225098
                ],
                [
                    0.9360283613204956,
                    0.2964739203453064,
                    -0.18961580097675323,
                    -0.7643657922744751
                ],
                [
                    1.4901161193847656e-08,
                    0.5387965440750122,
                    0.8424357771873474,
                    3.395967483520508
                ],
                [
                    0.0,
                    0.0,
                    0.0,
                    1.0
                ]
            ]
        },
        {
            "file_path": "/data/shapenet_blender/all_50_random/02958343/d94f5345be1d81a751a95aaa6caba1d3/r_26",
            "rotation": 0.12566370614359174,
            "transform_matrix": [
                [
                    0.7533559799194336,
                    0.06573085486888885,
                    0.654319703578949,
                    2.6376471519470215
                ],
                [
                    0.6576129794120789,
                    -0.07530072331428528,
                    -0.7495831847190857,
                    -3.0216665267944336
                ],
                [
                    0.0,
                    0.9949920773506165,
                    -0.09995370358228683,
                    -0.4029262661933899
                ],
                [
                    0.0,
                    0.0,
                    0.0,
                    1.0
                ]
            ]
        },
        {
            "file_path": "/data/shapenet_blender/all_50_random/02958343/d94f5345be1d81a751a95aaa6caba1d3/r_27",
            "rotation": 0.12566370614359174,
            "transform_matrix": [
                [
                    0.9896536469459534,
                    -0.002182629192247987,
                    0.14346057176589966,
                    0.5783080458641052
                ],
                [
                    0.1434771716594696,
                    0.015054987743496895,
                    -0.9895390868186951,
                    -3.988959550857544
                ],
                [
                    -2.3283064365386963e-10,
                    0.9998842477798462,
                    0.01521238125860691,
                    0.06132306903600693
                ],
                [
                    0.0,
                    0.0,
                    0.0,
                    1.0
                ]
            ]
        },
        {
            "file_path": "/data/shapenet_blender/all_50_random/02958343/d94f5345be1d81a751a95aaa6caba1d3/r_28",
            "rotation": 0.12566370614359174,
            "transform_matrix": [
                [
                    -0.2934977114200592,
                    0.8567683100700378,
                    0.42403659224510193,
                    1.7093461751937866
                ],
                [
                    0.9559597969055176,
                    0.2630440592765808,
                    0.1301872581243515,
                    0.5248016119003296
                ],
                [
                    7.450580596923828e-09,
                    0.4435715675354004,
                    -0.8962389230728149,
                    -3.6128547191619873
                ],
                [
                    0.0,
                    0.0,
                    0.0,
                    1.0
                ]
            ]
        },
        {
            "file_path": "/data/shapenet_blender/all_50_random/02958343/d94f5345be1d81a751a95aaa6caba1d3/r_29",
            "rotation": 0.12566370614359174,
            "transform_matrix": [
                [
                    -0.7814610004425049,
                    -0.48824959993362427,
                    -0.3884984850883484,
                    -1.5660874843597412
                ],
                [
                    -0.623954176902771,
                    0.6115000247955322,
                    0.48656848073005676,
                    1.9614202976226807
                ],
                [
                    -1.4901162970204496e-08,
                    0.6226394772529602,
                    -0.7825087308883667,
                    -3.1543936729431152
                ],
                [
                    0.0,
                    0.0,
                    0.0,
                    1.0
                ]
            ]
        },
        {
            "file_path": "/data/shapenet_blender/all_50_random/02958343/d94f5345be1d81a751a95aaa6caba1d3/r_30",
            "rotation": 0.12566370614359174,
            "transform_matrix": [
                [
                    0.5005568265914917,
                    0.15540795028209686,
                    -0.8516403436660767,
                    -3.433072090148926
                ],
                [
                    -0.865703821182251,
                    0.08985810726881027,
                    -0.49242520332336426,
                    -1.9850294589996338
                ],
                [
                    0.0,
                    0.9837549924850464,
                    0.17951631546020508,
                    0.7236534357070923
                ],
                [
                    0.0,
                    0.0,
                    0.0,
                    1.0
                ]
            ]
        },
        {
            "file_path": "/data/shapenet_blender/all_50_random/02958343/d94f5345be1d81a751a95aaa6caba1d3/r_31",
            "rotation": 0.12566370614359174,
            "transform_matrix": [
                [
                    -0.9992584586143494,
                    -0.031413741409778595,
                    0.022266821935772896,
                    0.0897604376077652
                ],
                [
                    0.03850499913096428,
                    -0.8152304291725159,
                    0.577855110168457,
                    2.329408645629883
                ],
                [
                    0.0,
                    0.5782840847969055,
                    0.8158354163169861,
                    3.2887380123138428
                ],
                [
                    0.0,
                    0.0,
                    0.0,
                    1.0
                ]
            ]
        },
        {
            "file_path": "/data/shapenet_blender/all_50_random/02958343/d94f5345be1d81a751a95aaa6caba1d3/r_32",
            "rotation": 0.12566370614359174,
            "transform_matrix": [
                [
                    -0.6047327518463135,
                    0.13832908868789673,
                    0.7843233942985535,
                    3.1617090702056885
                ],
                [
                    0.7964284420013428,
                    0.10503407567739487,
                    0.5955412983894348,
                    2.4007039070129395
                ],
                [
                    7.450580596923828e-09,
                    0.9848009347915649,
                    -0.17368675768375397,
                    -0.7001537680625916
                ],
                [
                    0.0,
                    0.0,
                    0.0,
                    1.0
                ]
            ]
        },
        {
            "file_path": "/data/shapenet_blender/all_50_random/02958343/d94f5345be1d81a751a95aaa6caba1d3/r_33",
            "rotation": 0.12566370614359174,
            "transform_matrix": [
                [
                    -0.5813440680503845,
                    -0.26982957124710083,
                    -0.7676138281822205,
                    -3.0943500995635986
                ],
                [
                    -0.8136577010154724,
                    0.1927884817123413,
                    0.548446536064148,
                    2.2108585834503174
                ],
                [
                    0.0,
                    0.9434111714363098,
                    -0.33162543177604675,
                    -1.3368247747421265
                ],
                [
                    0.0,
                    0.0,
                    0.0,
                    1.0
                ]
            ]
        },
        {
            "file_path": "/data/shapenet_blender/all_50_random/02958343/d94f5345be1d81a751a95aaa6caba1d3/r_34",
            "rotation": 0.12566370614359174,
            "transform_matrix": [
                [
                    -0.5866780281066895,
                    0.568204402923584,
                    0.5770204663276672,
                    2.3260438442230225
                ],
                [
                    0.809820294380188,
                    0.4116383194923401,
                    0.4180251359939575,
                    1.6851131916046143
                ],
                [
                    0.0,
                    0.7125289440155029,
                    -0.701642632484436,
                    -2.828411817550659
                ],
                [
                    0.0,
                    0.0,
                    0.0,
                    1.0
                ]
            ]
        },
        {
            "file_path": "/data/shapenet_blender/all_50_random/02958343/d94f5345be1d81a751a95aaa6caba1d3/r_35",
            "rotation": 0.12566370614359174,
            "transform_matrix": [
                [
                    0.05664442479610443,
                    0.6531556844711304,
                    0.7551018595695496,
                    3.0439131259918213
                ],
                [
                    0.9983944296836853,
                    -0.03705712407827377,
                    -0.042841095477342606,
                    -0.1726979911327362
                ],
                [
                    -1.862645149230957e-09,
                    0.7563162446022034,
                    -0.6542060971260071,
                    -2.6371893882751465
                ],
                [
                    0.0,
                    0.0,
                    0.0,
                    1.0
                ]
            ]
        },
        {
            "file_path": "/data/shapenet_blender/all_50_random/02958343/d94f5345be1d81a751a95aaa6caba1d3/r_36",
            "rotation": 0.12566370614359174,
            "transform_matrix": [
                [
                    0.0002682372578419745,
                    -0.8740695714950562,
                    -0.485800564289093,
                    -1.9583247900009155
                ],
                [
                    -1.0,
                    -0.0002344580425415188,
                    -0.0001303098106291145,
                    -0.0005252957344055176
                ],
                [
                    0.0,
                    0.48580068349838257,
                    -0.8740696310997009,
                    -3.5234875679016113
                ],
                [
                    0.0,
                    0.0,
                    0.0,
                    1.0
                ]
            ]
        },
        {
            "file_path": "/data/shapenet_blender/all_50_random/02958343/d94f5345be1d81a751a95aaa6caba1d3/r_37",
            "rotation": 0.12566370614359174,
            "transform_matrix": [
                [
                    0.8094617128372192,
                    -0.001421104883775115,
                    0.5871710181236267,
                    2.366962194442749
                ],
                [
                    0.58717280626297,
                    0.001959099667146802,
                    -0.8094592690467834,
                    -3.2630345821380615
                ],
                [
                    -1.1641532182693481e-10,
                    0.999997079372406,
                    0.002420250326395035,
                    0.009756341576576233
                ],
                [
                    0.0,
                    0.0,
                    0.0,
                    1.0
                ]
            ]
        },
        {
            "file_path": "/data/shapenet_blender/all_50_random/02958343/d94f5345be1d81a751a95aaa6caba1d3/r_38",
            "rotation": 0.12566370614359174,
            "transform_matrix": [
                [
                    0.7001398801803589,
                    0.4795863628387451,
                    0.5289621353149414,
                    2.132314682006836
                ],
                [
                    0.7140055894851685,
                    -0.4702729880809784,
                    -0.5186899304389954,
                    -2.0909059047698975
                ],
                [
                    -1.4901161193847656e-08,
                    0.7408373951911926,
                    -0.6716842651367188,
                    -2.707645893096924
                ],
                [
                    0.0,
                    0.0,
                    0.0,
                    1.0
                ]
            ]
        },
        {
            "file_path": "/data/shapenet_blender/all_50_random/02958343/d94f5345be1d81a751a95aaa6caba1d3/r_39",
            "rotation": 0.12566370614359174,
            "transform_matrix": [
                [
                    -0.22724846005439758,
                    -0.7469621896743774,
                    -0.6248243451118469,
                    -2.5187478065490723
                ],
                [
                    -0.9738368988037109,
                    0.17430639266967773,
                    0.14580507576465607,
                    0.5877591371536255
                ],
                [
                    0.0,
                    0.6416109800338745,
                    -0.7670300602912903,
                    -3.0919973850250244
                ],
                [
                    0.0,
                    0.0,
                    0.0,
                    1.0
                ]
            ]
        },
        {
            "file_path": "/data/shapenet_blender/all_50_random/02958343/d94f5345be1d81a751a95aaa6caba1d3/r_40",
            "rotation": 0.12566370614359174,
            "transform_matrix": [
                [
                    -0.8953412771224976,
                    0.35281461477279663,
                    -0.2718195617198944,
                    -1.0957398414611816
                ],
                [
                    -0.4453807473182678,
                    -0.7092571258544922,
                    0.5464341640472412,
                    2.202746868133545
                ],
                [
                    0.0,
                    0.6103082895278931,
                    0.7921639084815979,
                    3.193315029144287
                ],
                [
                    0.0,
                    0.0,
                    0.0,
                    1.0
                ]
            ]
        },
        {
            "file_path": "/data/shapenet_blender/all_50_random/02958343/d94f5345be1d81a751a95aaa6caba1d3/r_41",
            "rotation": 0.12566370614359174,
            "transform_matrix": [
                [
                    0.992426335811615,
                    -0.007779031991958618,
                    -0.12259455025196075,
                    -0.4941943883895874
                ],
                [
                    -0.12284109741449356,
                    -0.0628463625907898,
                    -0.9904345273971558,
                    -3.9925687313079834
                ],
                [
