{
    "class": "02958343",
    "model": "2d8b8d98d4e3c76e3000d241e527f650",
    "remove_doubles": true,
    "edge_split": true,
    "denoise": true,
    "camera_angle_x": 0.6911112070083618,
    "scale_factor": 2.2620493158693384,
    "hdri_file": "/data/IndoorHDRDataset2018/9C4A7535-a098c456e0.exr",
    "center_offset": [
        0.0,
        0.0,
        1.3969838619232178e-09
    ],
    "lights": [],
    "frames": [
        {
            "file_path": "/data/shapenet_blender/all_50_random/02958343/2d8b8d98d4e3c76e3000d241e527f650/r_0",
            "rotation": 0.12566370614359174,
            "transform_matrix": [
                [
                    0.6884342432022095,
                    0.4740084707736969,
                    0.5489756464958191,
                    2.212991952896118
                ],
                [
                    0.7252988219261169,
                    -0.44991612434387207,
                    -0.5210729837417603,
                    -2.100512742996216
                ],
                [
                    -1.4901162970204496e-08,
                    0.7568959593772888,
                    -0.6535353064537048,
                    -2.6344852447509766
                ],
                [
                    0.0,
                    0.0,
                    0.0,
                    1.0
                ]
            ]
        },
        {
            "file_path": "/data/shapenet_blender/all_50_random/02958343/2d8b8d98d4e3c76e3000d241e527f650/r_1",
            "rotation": 0.12566370614359174,
            "transform_matrix": [
                [
                    0.9768617749214172,
                    0.04843510314822197,
                    -0.20831486582756042,
                    -0.8397440910339355
                ],
                [
                    -0.2138715535402298,
                    0.22122812271118164,
                    -0.9514815211296082,
                    -3.8355445861816406
                ],
                [
                    0.0,
                    0.9740185141563416,
                    0.22646820545196533,
                    0.9129225611686707
                ],
                [
                    0.0,
                    0.0,
                    0.0,
                    1.0
                ]
            ]
        },
        {
            "file_path": "/data/shapenet_blender/all_50_random/02958343/2d8b8d98d4e3c76e3000d241e527f650/r_2",
            "rotation": 0.12566370614359174,
            "transform_matrix": [
                [
                    -0.9341346621513367,
                    -0.10020321607589722,
                    -0.3425663411617279,
                    -1.3809291124343872
                ],
                [
                    -0.35692068934440613,
                    0.2622523903846741,
                    0.8965663313865662,
                    3.6141746044158936
                ],
                [
                    1.4901161193847656e-08,
                    0.9597826600074768,
                    -0.28074365854263306,
                    -1.1317138671875
                ],
                [
                    0.0,
                    0.0,
                    0.0,
                    1.0
                ]
            ]
        },
        {
            "file_path": "/data/shapenet_blender/all_50_random/02958343/2d8b8d98d4e3c76e3000d241e527f650/r_3",
            "rotation": 0.12566370614359174,
            "transform_matrix": [
                [
                    -0.2973599135875702,
                    -0.4821684956550598,
                    0.8240695595741272,
                    3.3219306468963623
                ],
                [
                    0.9547654986381531,
                    -0.1501704603433609,
                    0.25665488839149475,
                    1.0346089601516724
                ],
                [
                    7.450580596923828e-09,
                    0.8631120324134827,
                    0.5050124526023865,
                    2.0357704162597656
                ],
                [
                    0.0,
                    0.0,
                    0.0,
                    1.0
                ]
            ]
        },
        {
            "file_path": "/data/shapenet_blender/all_50_random/02958343/2d8b8d98d4e3c76e3000d241e527f650/r_4",
            "rotation": 0.12566370614359174,
            "transform_matrix": [
                [
                    -0.9841729402542114,
                    -0.020829183980822563,
                    0.17598262429237366,
                    0.7094086408615112
                ],
                [
                    0.17721101641654968,
                    -0.11567859351634979,
                    0.9773508906364441,
                    3.9398274421691895
                ],
                [
                    1.862645371275562e-09,
                    0.9930681586265564,
                    0.11753890663385391,
                    0.4738144874572754
                ],
                [
                    0.0,
                    0.0,
                    0.0,
                    1.0
                ]
            ]
        },
        {
            "file_path": "/data/shapenet_blender/all_50_random/02958343/2d8b8d98d4e3c76e3000d241e527f650/r_5",
            "rotation": 0.12566370614359174,
            "transform_matrix": [
                [
                    -0.48829638957977295,
                    -0.022747477516531944,
                    -0.872381329536438,
                    -3.516681671142578
                ],
                [
                    -0.8726779818534851,
                    0.012728076428174973,
                    0.48813045024871826,
                    1.9677168130874634
                ],
                [
                    0.0,
                    0.9996601939201355,
                    -0.02606629580259323,
                    -0.10507659614086151
                ],
                [
                    0.0,
                    0.0,
                    0.0,
                    1.0
                ]
            ]
        },
        {
            "file_path": "/data/shapenet_blender/all_50_random/02958343/2d8b8d98d4e3c76e3000d241e527f650/r_6",
            "rotation": 0.12566370614359174,
            "transform_matrix": [
                [
                    -0.05642758309841156,
                    -0.536521315574646,
                    -0.8419981598854065,
                    -3.394202709197998
                ],
                [
                    -0.998406708240509,
                    0.030322911217808723,
                    0.047587741166353226,
                    0.1918323040008545
                ],
                [
                    -1.862645149230957e-09,
                    0.8433417677879333,
                    -0.5373775959014893,
                    -2.1662380695343018
                ],
                [
                    0.0,
                    0.0,
                    0.0,
                    1.0
                ]
            ]
        },
        {
            "file_path": "/data/shapenet_blender/all_50_random/02958343/2d8b8d98d4e3c76e3000d241e527f650/r_7",
            "rotation": 0.12566370614359174,
            "transform_matrix": [
                [
                    0.8811004757881165,
                    -0.10827185213565826,
                    0.4603685140609741,
                    1.855804681777954
                ],
                [
                    0.47292912006378174,
                    0.20171813666820526,
                    -0.8576991558074951,
                    -3.45749568939209
                ],
                [
                    0.0,
                    0.9734407663345337,
                    0.22893886268138885,
                    0.9228820204734802
                ],
                [
                    0.0,
                    0.0,
                    0.0,
                    1.0
                ]
            ]
        },
        {
            "file_path": "/data/shapenet_blender/all_50_random/02958343/2d8b8d98d4e3c76e3000d241e527f650/r_8",
            "rotation": 0.12566370614359174,
            "transform_matrix": [
                [
                    0.9726580381393433,
                    0.16261477768421173,
                    0.16581010818481445,
                    0.6684018969535828
                ],
                [
                    0.23224246501922607,
                    -0.6810492873191833,
                    -0.6944316625595093,
                    -2.7993435859680176
                ],
                [
                    7.450581485102248e-09,
                    0.7139525413513184,
                    -0.7001940011978149,
                    -2.8225722312927246
                ],
                [
                    0.0,
                    0.0,
                    0.0,
                    1.0
                ]
            ]
        },
        {
            "file_path": "/data/shapenet_blender/all_50_random/02958343/2d8b8d98d4e3c76e3000d241e527f650/r_9",
            "rotation": 0.12566370614359174,
            "transform_matrix": [
                [
                    -0.8843661546707153,
                    -0.4338838756084442,
                    -0.17216666042804718,
                    -0.694025993347168
                ],
                [
                    -0.4667940139770508,
                    0.8220161199569702,
                    0.3261789381504059,
                    1.3148694038391113
                ],
                [
                    -1.4901162970204496e-08,
                    0.3688279390335083,
                    -0.9294976592063904,
                    -3.746924877166748
                ],
                [
                    0.0,
                    0.0,
                    0.0,
                    1.0
                ]
            ]
        },
        {
            "file_path": "/data/shapenet_blender/all_50_random/02958343/2d8b8d98d4e3c76e3000d241e527f650/r_10",
            "rotation": 0.12566370614359174,
            "transform_matrix": [
                [
                    -0.8416858315467834,
                    0.08922751247882843,
                    -0.5325443744659424,
                    -2.1467549800872803
                ],
                [
                    -0.5399676561355591,
                    -0.13908523321151733,
                    0.8301146030426025,
                    3.346298933029175
                ],
                [
                    0.0,
                    0.9862523078918457,
                    0.16524606943130493,
                    0.6661282181739807
                ],
                [
                    0.0,
                    0.0,
                    0.0,
                    1.0
                ]
            ]
        },
        {
            "file_path": "/data/shapenet_blender/all_50_random/02958343/2d8b8d98d4e3c76e3000d241e527f650/r_11",
            "rotation": 0.12566370614359174,
            "transform_matrix": [
                [
                    0.9998809099197388,
                    -0.0019161392701789737,
                    -0.015310939401388168,
                    -0.06172037124633789
                ],
                [
                    -0.015430374071002007,
                    -0.12416490912437439,
                    -0.992141604423523,
                    -3.99945068359375
                ],
                [
                    1.1641532182693481e-10,
                    0.9922596216201782,
                    -0.12417971342802048,
                    -0.5005844235420227
                ],
                [
                    0.0,
                    0.0,
                    0.0,
                    1.0
                ]
            ]
        },
        {
            "file_path": "/data/shapenet_blender/all_50_random/02958343/2d8b8d98d4e3c76e3000d241e527f650/r_12",
            "rotation": 0.12566370614359174,
            "transform_matrix": [
                [
                    -0.09387588500976562,
                    0.9668236374855042,
                    0.23756945133209229,
                    0.9576730728149414
                ],
                [
                    0.9955839514732361,
                    0.0911640003323555,
                    0.02240096405148506,
                    0.09030117094516754
                ],
                [
                    0.0,
                    0.23862315714359283,
                    -0.9711121916770935,
                    -3.9146785736083984
                ],
                [
                    0.0,
                    0.0,
                    0.0,
                    1.0
                ]
            ]
        },
        {
            "file_path": "/data/shapenet_blender/all_50_random/02958343/2d8b8d98d4e3c76e3000d241e527f650/r_13",
            "rotation": 0.12566370614359174,
            "transform_matrix": [
                [
                    -0.985892653465271,
                    -0.005940871313214302,
                    0.16727370023727417,
                    0.6743018627166748
                ],
                [
                    0.16737917065620422,
                    -0.034992773085832596,
                    0.9852713942527771,
                    3.9717559814453125
                ],
                [
                    0.0,
                    0.9993698596954346,
                    0.03549349680542946,
                    0.14307886362075806
                ],
                [
                    0.0,
                    0.0,
                    0.0,
                    1.0
                ]
            ]
        },
        {
            "file_path": "/data/shapenet_blender/all_50_random/02958343/2d8b8d98d4e3c76e3000d241e527f650/r_14",
            "rotation": 0.12566370614359174,
            "transform_matrix": [
                [
                    0.5748283267021179,
                    0.021111221984028816,
                    -0.8180016875267029,
                    -3.2974698543548584
                ],
                [
                    -0.8182739615440369,
                    0.014830398373305798,
                    -0.5746370553970337,
                    -2.3164358139038086
                ],
                [
                    0.0,
                    0.9996671080589294,
                    0.025799700990319252,
                    0.10400190949440002
                ],
                [
                    0.0,
                    0.0,
                    0.0,
                    1.0
                ]
            ]
        },
        {
            "file_path": "/data/shapenet_blender/all_50_random/02958343/2d8b8d98d4e3c76e3000d241e527f650/r_15",
            "rotation": 0.12566370614359174,
            "transform_matrix": [
                [
                    0.9915857911109924,
                    0.11758623272180557,
                    0.05414007231593132,
                    0.21824562549591064
                ],
                [
                    0.1294514238834381,
                    -0.9006994962692261,
                    -0.41470789909362793,
                    -1.6717411279678345
                ],
                [
                    -3.725290298461914e-09,
                    0.41822701692581177,
                    -0.9083424806594849,
                    -3.6616458892822266
                ],
                [
                    0.0,
                    0.0,
                    0.0,
                    1.0
                ]
            ]
        },
        {
            "file_path": "/data/shapenet_blender/all_50_random/02958343/2d8b8d98d4e3c76e3000d241e527f650/r_16",
            "rotation": 0.12566370614359174,
            "transform_matrix": [
                [
                    0.843126118183136,
                    0.29013383388519287,
                    0.45272570848464966,
                    1.824995517730713
                ],
                [
                    0.5377156734466553,
                    -0.4549233317375183,
                    -0.7098637819290161,
                    -2.8615520000457764
                ],
                [
                    -1.4901158529312397e-08,
                    0.8419424295425415,
                    -0.5395674109458923,
                    -2.175065517425537
                ],
                [
                    0.0,
                    0.0,
                    0.0,
                    1.0
                ]
            ]
        },
        {
            "file_path": "/data/shapenet_blender/all_50_random/02958343/2d8b8d98d4e3c76e3000d241e527f650/r_17",
            "rotation": 0.12566370614359174,
            "transform_matrix": [
                [
                    0.680505633354187,
                    -0.7102332711219788,
                    0.18022409081459045,
                    0.7265065908432007
                ],
                [
                    0.7327428460121155,
                    0.6596007943153381,
                    -0.16737592220306396,
                    -0.6747139692306519
                ],
                [
                    -7.450580596923828e-09,
                    0.24595820903778076,
                    0.9692803621292114,
                    3.907294273376465
                ],
                [
                    0.0,
                    0.0,
                    0.0,
                    1.0
                ]
            ]
        },
        {
            "file_path": "/data/shapenet_blender/all_50_random/02958343/2d8b8d98d4e3c76e3000d241e527f650/r_18",
            "rotation": 0.12566370614359174,
            "transform_matrix": [
                [
                    0.47697919607162476,
                    -0.24205054342746735,
                    0.8449274897575378,
                    3.4060115814208984
                ],
                [
                    0.8789146542549133,
                    0.13135868310928345,
                    -0.4585346579551697,
                    -1.848412275314331
                ],
                [
                    0.0,
                    0.9613304734230042,
                    0.2753971219062805,
                    1.110161304473877
                ],
                [
                    0.0,
                    0.0,
                    0.0,
                    1.0
                ]
            ]
        },
        {
            "file_path": "/data/shapenet_blender/all_50_random/02958343/2d8b8d98d4e3c76e3000d241e527f650/r_19",
            "rotation": 0.12566370614359174,
            "transform_matrix": [
                [
                    -0.7596940398216248,
                    0.056283626705408096,
                    0.6478402614593506,
                    2.611527442932129
                ],
                [
                    0.6502805352210999,
                    0.06575367599725723,
                    0.7568432092666626,
                    3.0509324073791504
                ],
                [
                    0.0,
                    0.9962472915649414,
                    -0.08655282109975815,
                    -0.3489055633544922
                ],
                [
                    0.0,
                    0.0,
                    0.0,
                    1.0
                ]
            ]
        },
        {
            "file_path": "/data/shapenet_blender/all_50_random/02958343/2d8b8d98d4e3c76e3000d241e527f650/r_20",
            "rotation": 0.12566370614359174,
            "transform_matrix": [
                [
                    0.8905036449432373,
                    -0.2749888598918915,
                    -0.3624698221683502,
                    -1.4611625671386719
                ],
                [
                    -0.45497602224349976,
                    -0.5382230281829834,
                    -0.7094454765319824,
                    -2.859866142272949
                ],
                [
                    0.0,
                    0.796678900718689,
                    -0.6044028401374817,
                    -2.4364256858825684
                ],
                [
                    0.0,
                    0.0,
                    0.0,
                    1.0
                ]
            ]
        },
        {
            "file_path": "/data/shapenet_blender/all_50_random/02958343/2d8b8d98d4e3c76e3000d241e527f650/r_21",
            "rotation": 0.12566370614359174,
            "transform_matrix": [
                [
                    0.33718231320381165,
                    -0.36596840620040894,
                    0.8673955798149109,
                    3.4965837001800537
                ],
                [
                    0.9414394497871399,
                    0.13107381761074066,
                    -0.31066304445266724,
                    -1.2523229122161865
                ],
                [
                    7.450581485102248e-09,
                    0.9213504195213318,
                    0.38873282074928284,
                    1.5670322179794312
                ],
                [
                    0.0,
                    0.0,
                    0.0,
                    1.0
                ]
            ]
        },
        {
            "file_path": "/data/shapenet_blender/all_50_random/02958343/2d8b8d98d4e3c76e3000d241e527f650/r_22",
            "rotation": 0.12566370614359174,
            "transform_matrix": [
                [
                    -0.9735834002494812,
                    0.012846105732023716,
                    0.22797027230262756,
                    0.9189776182174683
                ],
                [
                    0.22833195328712463,
                    0.054774440824985504,
                    0.9720412492752075,
                    3.918423891067505
                ],
                [
                    9.313225746154785e-10,
                    0.9984161257743835,
                    -0.05626065656542778,
                    -0.22679397463798523
                ],
                [
                    0.0,
                    0.0,
                    0.0,
                    1.0
                ]
            ]
        },
        {
            "file_path": "/data/shapenet_blender/all_50_random/02958343/2d8b8d98d4e3c76e3000d241e527f650/r_23",
            "rotation": 0.12566370614359174,
            "transform_matrix": [
                [
                    -0.8114715218544006,
                    -0.5796852111816406,
                    -0.0740199089050293,
                    -0.29838380217552185
                ],
                [
                    -0.5843918919563293,
                    0.804935872554779,
                    0.10278213769197464,
                    0.41432803869247437
                ],
                [
                    -3.725290298461914e-09,
                    0.1266614943742752,
                    -0.9919459819793701,
                    -3.998662233352661
                ],
                [
                    0.0,
                    0.0,
                    0.0,
                    1.0
                ]
            ]
        },
        {
            "file_path": "/data/shapenet_blender/all_50_random/02958343/2d8b8d98d4e3c76e3000d241e527f650/r_24",
            "rotation": 0.12566370614359174,
            "transform_matrix": [
                [
                    0.6608575582504272,
                    0.361579567193985,
                    0.6576682329177856,
                    2.6511456966400146
                ],
                [
                    0.7505114078521729,
                    -0.31838634610176086,
                    -0.5791051387786865,
                    -2.3344476222991943
                ],
                [
                    0.0,
                    0.8762935996055603,
                    -0.48177748918533325,
                    -1.9421074390411377
                ],
                [
                    0.0,
                    0.0,
                    0.0,
                    1.0
                ]
            ]
        },
        {
            "file_path": "/data/shapenet_blender/all_50_random/02958343/2d8b8d98d4e3c76e3000d241e527f650/r_25",
            "rotation": 0.12566370614359174,
            "transform_matrix": [
                [
                    0.9911569952964783,
                    0.08895961195230484,
                    0.09845776110887527,
                    0.3968958854675293
                ],
                [
                    0.13269415497779846,
                    -0.6644824743270874,
                    -0.7354287505149841,
                    -2.9646077156066895
                ],
                [
                    0.0,
                    0.7419901490211487,
                    -0.6704109311103821,
                    -2.702512502670288
                ],
                [
                    0.0,
                    0.0,
                    0.0,
                    1.0
                ]
            ]
        },
        {
            "file_path": "/data/shapenet_blender/all_50_random/02958343/2d8b8d98d4e3c76e3000d241e527f650/r_26",
            "rotation": 0.12566370614359174,
            "transform_matrix": [
                [
                    0.5275083780288696,
                    -0.5260651111602783,
                    -0.6670759320259094,
                    -2.6890692710876465
                ],
                [
                    -0.8495498895645142,
                    -0.3266479969024658,
                    -0.4142053723335266,
                    -1.669715404510498
                ],
                [
                    -1.4901162970204496e-08,
                    0.7852109670639038,
                    -0.6192281246185303,
                    -2.4961886405944824
                ],
                [
                    0.0,
                    0.0,
                    0.0,
                    1.0
                ]
            ]
        },
        {
            "file_path": "/data/shapenet_blender/all_50_random/02958343/2d8b8d98d4e3c76e3000d241e527f650/r_27",
            "rotation": 0.12566370614359174,
            "transform_matrix": [
                [
                    0.5841109156608582,
                    0.10029532760381699,
                    0.8054534196853638,
                    3.2468864917755127
                ],
                [
                    0.8116738200187683,
                    -0.07217628508806229,
                    -0.5796345472335815,
                    -2.3365817070007324
                ],
                [
                    -3.725290076417309e-09,
                    0.9923363924026489,
                    -0.12356604635715485,
                    -0.49811065196990967
                ],
                [
                    0.0,
                    0.0,
                    0.0,
                    1.0
                ]
            ]
        },
        {
            "file_path": "/data/shapenet_blender/all_50_random/02958343/2d8b8d98d4e3c76e3000d241e527f650/r_28",
            "rotation": 0.12566370614359174,
            "transform_matrix": [
                [
                    0.4903990924358368,
                    0.05277561396360397,
                    -0.8698985576629639,
                    -3.5066733360290527
                ],
                [
                    -0.8714979887008667,
                    0.029697271063923836,
                    -0.4894990622997284,
                    -1.9732338190078735
                ],
                [
                    0.0,
                    0.9981646537780762,
                    0.06055736541748047,
                    0.24411454796791077
                ],
                [
                    0.0,
                    0.0,
                    0.0,
                    1.0
                ]
            ]
        },
        {
            "file_path": "/data/shapenet_blender/all_50_random/02958343/2d8b8d98d4e3c76e3000d241e527f650/r_29",
            "rotation": 0.12566370614359174,
            "transform_matrix": [
                [
                    -0.07106463611125946,
                    0.9055363535881042,
                    -0.4182746410369873,
                    -1.6861190795898438
                ],
                [
                    -0.997471809387207,
                    -0.06451471894979477,
                    0.029799873009324074,
                    0.12012714147567749
                ],
                [
                    -1.862645371275562e-09,
                    0.4193347692489624,
                    0.907831609249115,
                    3.6595864295959473
                ],
                [
                    0.0,
                    0.0,
                    0.0,
                    1.0
                ]
            ]
        },
        {
            "file_path": "/data/shapenet_blender/all_50_random/02958343/2d8b8d98d4e3c76e3000d241e527f650/r_30",
            "rotation": 0.12566370614359174,
            "transform_matrix": [
                [
                    0.05952635034918785,
                    0.671802818775177,
                    -0.7383344173431396,
                    -2.976321220397949
                ],
                [
                    -0.9982267022132874,
                    0.04006100818514824,
                    -0.044028427451848984,
                    -0.17748427391052246
                ],
                [
                    0.0,
                    0.7396460175514221,
                    0.6729961633682251,
                    2.7129342555999756
                ],
                [
                    0.0,
                    0.0,
                    0.0,
                    1.0
                ]
            ]
        },
        {
            "file_path": "/data/shapenet_blender/all_50_random/02958343/2d8b8d98d4e3c76e3000d241e527f650/r_31",
            "rotation": 0.12566370614359174,
            "transform_matrix": [
                [
                    -0.23216575384140015,
                    -0.2311321496963501,
                    0.9448158144950867,
                    3.8086745738983154
                ],
                [
                    0.9726763367652893,
                    -0.05516836792230606,
                    0.22551578283309937,
                    0.9090832471847534
                ],
                [
                    -3.725290742551124e-09,
                    0.9713569283485413,
                    0.23762494325637817,
                    0.9578968286514282
                ],
                [
                    0.0,
                    0.0,
                    0.0,
                    1.0
                ]
            ]
        },
        {
            "file_path": "/data/shapenet_blender/all_50_random/02958343/2d8b8d98d4e3c76e3000d241e527f650/r_32",
            "rotation": 0.12566370614359174,
            "transform_matrix": [
                [
                    -0.9538888931274414,
                    0.1670699268579483,
                    -0.24936673045158386,
                    -1.0052294731140137
                ],
                [
                    -0.3001601994037628,
                    -0.5309368968009949,
                    0.7924706935882568,
                    3.194551467895508
                ],
                [
                    2.980232594040899e-08,
                    0.8307787775993347,
                    0.5566025972366333,
                    2.243736743927002
                ],
                [
                    0.0,
                    0.0,
                    0.0,
                    1.0
                ]
            ]
        },
        {
            "file_path": "/data/shapenet_blender/all_50_random/02958343/2d8b8d98d4e3c76e3000d241e527f650/r_33",
            "rotation": 0.12566370614359174,
            "transform_matrix": [
                [
                    -0.9839966893196106,
                    0.00401332275941968,
                    0.17814162373542786,
                    0.7181118726730347
                ],
                [
                    0.1781868189573288,
                    0.022162672132253647,
                    0.9837470650672913,
                    3.965611219406128
                ],
                [
                    0.0,
                    0.9997463822364807,
                    -0.022523116320371628,
                    -0.09079358726739883
                ],
                [
                    0.0,
                    0.0,
                    0.0,
                    1.0
                ]
            ]
        },
        {
            "file_path": "/data/shapenet_blender/all_50_random/02958343/2d8b8d98d4e3c76e3000d241e527f650/r_34",
            "rotation": 0.12566370614359174,
            "transform_matrix": [
                [
                    -0.8994389772415161,
                    0.1704656332731247,
                    -0.4024313688278198,
                    -1.6222527027130127
                ],
                [
                    -0.4370464086532593,
                    -0.35081732273101807,
                    0.8282014727592468,
                    3.3385868072509766
                ],
                [
                    0.0,
                    0.9207978248596191,
                    0.39004015922546387,
                    1.572302222251892
                ],
                [
                    0.0,
                    0.0,
                    0.0,
                    1.0
                ]
            ]
        },
        {
            "file_path": "/data/shapenet_blender/all_50_random/02958343/2d8b8d98d4e3c76e3000d241e527f650/r_35",
            "rotation": 0.12566370614359174,
            "transform_matrix": [
                [
                    -0.8231411576271057,
                    -0.562239408493042,
                    -0.07953217625617981,
                    -0.32060444355010986
                ],
                [
                    -0.5678367018699646,
                    0.8150272369384766,
                    0.11529054492712021,
                    0.46475106477737427
                ],
                [
                    7.450580152834618e-09,
                    0.14006198942661285,
                    -0.990142822265625,
                    -3.9913933277130127
                ],
                [
                    0.0,
                    0.0,
                    0.0,
                    1.0
                ]
            ]
        },
        {
            "file_path": "/data/shapenet_blender/all_50_random/02958343/2d8b8d98d4e3c76e3000d241e527f650/r_36",
            "rotation": 0.12566370614359174,
            "transform_matrix": [
                [
                    0.9895947575569153,
                    -0.07653719186782837,
                    -0.12183712422847748,
                    -0.4911411702632904
                ],
                [
                    -0.14388269186019897,
                    -0.5264066457748413,
                    -0.8379700183868408,
                    -3.377965211868286
                ],
                [
                    0.0,
                    0.8467809557914734,
                    -0.5319416522979736,
                    -2.1443254947662354
                ],
                [
                    0.0,
                    0.0,
                    0.0,
                    1.0
                ]
            ]
        },
        {
            "file_path": "/data/shapenet_blender/all_50_random/02958343/2d8b8d98d4e3c76e3000d241e527f650/r_37",
            "rotation": 0.12566370614359174,
            "transform_matrix": [
                [
                    0.9986906051635742,
                    0.030466971918940544,
                    0.04109619930386543,
                    0.16566407680511475
                ],
                [
                    0.051157936453819275,
                    -0.5947675108909607,
                    -0.8022682666778564,
                    -3.2340469360351562
                ],
                [
                    0.0,
                    0.8033202290534973,
                    -0.5955473184585571,
                    -2.4007279872894287
                ],
                [
                    0.0,
                    0.0,
                    0.0,
                    1.0
                ]
            ]
        },
        {
            "file_path": "/data/shapenet_blender/all_50_random/02958343/2d8b8d98d4e3c76e3000d241e527f650/r_38",
            "rotation": 0.12566370614359174,
            "transform_matrix": [
                [
                    -0.48982906341552734,
                    -0.3412243127822876,
                    -0.8022676706314087,
                    -3.234044313430786
                ],
                [
                    -0.8718183636665344,
                    0.1917160451412201,
                    0.4507521688938141,
                    1.8170400857925415
                ],
                [
                    -1.4901158529312397e-08,
                    0.9202233552932739,
                    -0.3913937211036682,
                    -1.577758550643921
                ],
                [
                    0.0,
                    0.0,
                    0.0,
                    1.0
                ]
            ]
        },
        {
            "file_path": "/data/shapenet_blender/all_50_random/02958343/2d8b8d98d4e3c76e3000d241e527f650/r_39",
            "rotation": 0.12566370614359174,
            "transform_matrix": [
                [
                    0.030029496178030968,
                    0.9971023797988892,
                    0.06989312916994095,
                    0.2817482352256775
                ],
                [
                    0.9995490908622742,
                    -0.029955988749861717,
                    -0.002099802251905203,
                    -0.008464574813842773
                ],
                [
                    -2.3283067140944524e-10,
                    0.06992507725954056,
                    -0.9975521564483643,
                    -4.021261692047119
                ],
                [
                    0.0,
                    0.0,
                    0.0,
                    1.0
                ]
            ]
        },
        {
            "file_path": "/data/shapenet_blender/all_50_random/02958343/2d8b8d98d4e3c76e3000d241e527f650/r_40",
            "rotation": 0.12566370614359174,
            "transform_matrix": [
                [
                    -0.3431802988052368,
                    0.021163159981369972,
                    -0.9390311241149902,
                    -3.78535532951355
                ],
                [
                    -0.939269483089447,
                    -0.007732369937002659,
                    0.3430931866168976,
                    1.3830528259277344
                ],
                [
                    4.656612040410124e-10,
                    0.9997461438179016,
                    0.02253151126205921,
                    0.09082742035388947
                ],
                [
                    0.0,
                    0.0,
                    0.0,
                    1.0
                ]
            ]
        },
        {
            "file_path": "/data/shapenet_blender/all_50_random/02958343/2d8b8d98d4e3c76e3000d241e527f650/r_41",
            "rotation": 0.12566370614359174,
            "transform_matrix": [
                [
                    0.3697049021720886,
                    -0.34843701124191284,
                    0.8613418936729431,
                    3.472180128097534
                ],
                [
                    0.9291492700576782,
                    0.13864172995090485,
