{
    "class": "02958343",
    "model": "11e5b7d67058e1d75f67208653687b70",
    "remove_doubles": true,
    "edge_split": true,
    "denoise": true,
    "camera_angle_x": 0.6911112070083618,
    "scale_factor": 2.2773752193762675,
    "hdri_file": "/data/IndoorHDRDataset2018/9C4A8126-2ce955087e.exr",
    "center_offset": [
        0.0,
        -9.313225746154785e-10,
        -3.725290298461914e-09
    ],
    "lights": [],
    "frames": [
        {
            "file_path": "/data/shapenet_blender/all_50_random/02958343/11e5b7d67058e1d75f67208653687b70/r_0",
            "rotation": 0.12566370614359174,
            "transform_matrix": [
                [
                    0.1278514266014099,
                    0.05451766029000282,
                    -0.9902938008308411,
                    -3.992002010345459
                ],
                [
                    -0.9917933940887451,
                    0.007027835119515657,
                    -0.12765811383724213,
                    -0.5146062970161438
                ],
                [
                    -4.656613428188905e-10,
                    0.9984880089759827,
                    0.05496877059340477,
                    0.2215861976146698
                ],
                [
                    0.0,
                    0.0,
                    0.0,
                    1.0
                ]
            ]
        },
        {
            "file_path": "/data/shapenet_blender/all_50_random/02958343/11e5b7d67058e1d75f67208653687b70/r_1",
            "rotation": 0.12566370614359174,
            "transform_matrix": [
                [
                    -0.09496734291315079,
                    0.12855593860149384,
                    -0.9871446490287781,
                    -3.9793074131011963
                ],
                [
                    -0.9954804182052612,
                    -0.012264044024050236,
                    0.09417212009429932,
                    0.3796199560165405
                ],
                [
                    0.0,
                    0.9916264414787292,
                    0.12913960218429565,
                    0.5205783843994141
                ],
                [
                    0.0,
                    0.0,
                    0.0,
                    1.0
                ]
            ]
        },
        {
            "file_path": "/data/shapenet_blender/all_50_random/02958343/11e5b7d67058e1d75f67208653687b70/r_2",
            "rotation": 0.12566370614359174,
            "transform_matrix": [
                [
                    0.011244948022067547,
                    0.7440405488014221,
                    -0.6680397391319275,
                    -2.6929543018341064
                ],
                [
                    -0.9999367594718933,
                    0.008367227390408516,
                    -0.007512548007071018,
                    -0.03028404712677002
                ],
                [
                    4.6566125955216364e-10,
                    0.6680818796157837,
                    0.7440876364707947,
                    2.9995131492614746
                ],
                [
                    0.0,
                    0.0,
                    0.0,
                    1.0
                ]
            ]
        },
        {
            "file_path": "/data/shapenet_blender/all_50_random/02958343/11e5b7d67058e1d75f67208653687b70/r_3",
            "rotation": 0.12566370614359174,
            "transform_matrix": [
                [
                    -0.6749590635299683,
                    0.14103400707244873,
                    -0.7242510914802551,
                    -2.9195494651794434
                ],
                [
                    -0.7378551363945007,
                    -0.12901201844215393,
                    0.6625146269798279,
                    2.670681953430176
                ],
                [
                    0.0,
                    0.9815627336502075,
                    0.19114050269126892,
                    0.7705119848251343
                ],
                [
                    0.0,
                    0.0,
                    0.0,
                    1.0
                ]
            ]
        },
        {
            "file_path": "/data/shapenet_blender/all_50_random/02958343/11e5b7d67058e1d75f67208653687b70/r_4",
            "rotation": 0.12566370614359174,
            "transform_matrix": [
                [
                    0.5951415300369263,
                    0.43568184971809387,
                    0.675268828868866,
                    2.7220957279205322
                ],
                [
                    0.8036209344863892,
                    -0.3226550221443176,
                    -0.5000871419906616,
                    -2.015915632247925
                ],
                [
                    -1.4901161193847656e-08,
                    0.8402827382087708,
                    -0.5421484112739563,
                    -2.1854701042175293
                ],
                [
                    0.0,
                    0.0,
                    0.0,
                    1.0
                ]
            ]
        },
        {
            "file_path": "/data/shapenet_blender/all_50_random/02958343/11e5b7d67058e1d75f67208653687b70/r_5",
            "rotation": 0.12566370614359174,
            "transform_matrix": [
                [
                    0.8732233047485352,
                    0.08460872620344162,
                    -0.47991928458213806,
                    -1.9346166849136353
                ],
                [
                    -0.4873204529285431,
                    0.15160930156707764,
                    -0.859961211681366,
                    -3.4666147232055664
                ],
                [
                    7.450581485102248e-09,
                    0.9848126173019409,
                    0.1736202985048294,
                    0.6998858451843262
                ],
                [
                    0.0,
                    0.0,
                    0.0,
                    1.0
                ]
            ]
        },
        {
            "file_path": "/data/shapenet_blender/all_50_random/02958343/11e5b7d67058e1d75f67208653687b70/r_6",
            "rotation": 0.12566370614359174,
            "transform_matrix": [
                [
                    -0.9726677536964417,
                    -0.05180924013257027,
                    -0.22634783387184143,
                    -0.9124373197555542
                ],
                [
                    -0.2322015017271042,
                    0.21702346205711365,
                    0.9481472969055176,
                    3.822103977203369
                ],
                [
                    0.0,
                    0.9747905731201172,
                    -0.22312189638614655,
                    -0.8994331359863281
                ],
                [
                    0.0,
                    0.0,
                    0.0,
                    1.0
                ]
            ]
        },
        {
            "file_path": "/data/shapenet_blender/all_50_random/02958343/11e5b7d67058e1d75f67208653687b70/r_7",
            "rotation": 0.12566370614359174,
            "transform_matrix": [
                [
                    0.9995527267456055,
                    0.019820157438516617,
                    0.022394327446818352,
                    0.09027442336082458
                ],
                [
                    0.029905594885349274,
                    -0.6624611020088196,
                    -0.7484990954399109,
                    -3.017296314239502
                ],
                [
                    9.313225746154785e-10,
                    0.748833954334259,
                    -0.6627575755119324,
                    -2.671661138534546
                ],
                [
                    0.0,
                    0.0,
                    0.0,
                    1.0
                ]
            ]
        },
        {
            "file_path": "/data/shapenet_blender/all_50_random/02958343/11e5b7d67058e1d75f67208653687b70/r_8",
            "rotation": 0.12566370614359174,
            "transform_matrix": [
                [
                    0.5988543629646301,
                    -0.6036298274993896,
                    -0.5263121128082275,
                    -2.1216320991516113
                ],
                [
                    -0.8008580207824707,
                    -0.4513738453388214,
                    -0.3935582637786865,
                    -1.5864840745925903
                ],
                [
                    0.0,
                    0.6571851968765259,
                    -0.7537290453910828,
                    -3.038378953933716
                ],
                [
                    0.0,
                    0.0,
                    0.0,
                    1.0
                ]
            ]
        },
        {
            "file_path": "/data/shapenet_blender/all_50_random/02958343/11e5b7d67058e1d75f67208653687b70/r_9",
            "rotation": 0.12566370614359174,
            "transform_matrix": [
                [
                    0.9540916681289673,
                    0.05042385682463646,
                    0.2952401041984558,
                    1.1901509761810303
                ],
                [
                    0.29951512813568115,
                    -0.16062286496162415,
                    -0.9404737949371338,
                    -3.791171073913574
                ],
                [
                    -3.725290742551124e-09,
                    0.9857269525527954,
                    -0.16835163533687592,
                    -0.6786471605300903
                ],
                [
                    0.0,
                    0.0,
                    0.0,
                    1.0
                ]
            ]
        },
        {
            "file_path": "/data/shapenet_blender/all_50_random/02958343/11e5b7d67058e1d75f67208653687b70/r_10",
            "rotation": 0.12566370614359174,
            "transform_matrix": [
                [
                    0.6421819925308228,
                    0.058770593255758286,
                    -0.7642959356307983,
                    -3.0809757709503174
                ],
                [
                    -0.7665522694587708,
                    0.049235276877880096,
                    -0.640291690826416,
                    -2.5810985565185547
                ],
                [
                    -3.725290298461914e-09,
                    0.9970566630363464,
                    0.07666872441768646,
                    0.30906155705451965
                ],
                [
                    0.0,
                    0.0,
                    0.0,
                    1.0
                ]
            ]
        },
        {
            "file_path": "/data/shapenet_blender/all_50_random/02958343/11e5b7d67058e1d75f67208653687b70/r_11",
            "rotation": 0.12566370614359174,
            "transform_matrix": [
                [
                    0.7727808356285095,
                    0.2985019087791443,
                    -0.5600950121879578,
                    -2.257815361022949
                ],
                [
                    -0.6346731185913086,
                    0.36345723271369934,
                    -0.6819741725921631,
                    -2.7491259574890137
                ],
                [
                    -1.4901162970204496e-08,
                    0.8824937343597412,
                    0.47032392024993896,
                    1.8959364891052246
                ],
                [
                    0.0,
                    0.0,
                    0.0,
                    1.0
                ]
            ]
        },
        {
            "file_path": "/data/shapenet_blender/all_50_random/02958343/11e5b7d67058e1d75f67208653687b70/r_12",
            "rotation": 0.12566370614359174,
            "transform_matrix": [
                [
                    0.13229206204414368,
                    0.03784152865409851,
                    -0.9904881715774536,
                    -3.9927854537963867
                ],
                [
                    -0.9912108778953552,
                    0.0050505236722528934,
                    -0.1321956068277359,
                    -0.5328975319862366
                ],
                [
                    0.0,
                    0.9992709755897522,
                    0.03817707672715187,
                    0.15389671921730042
                ],
                [
                    0.0,
                    0.0,
                    0.0,
                    1.0
                ]
            ]
        },
        {
            "file_path": "/data/shapenet_blender/all_50_random/02958343/11e5b7d67058e1d75f67208653687b70/r_13",
            "rotation": 0.12566370614359174,
            "transform_matrix": [
                [
                    0.8986210227012634,
                    0.31619518995285034,
                    0.3041395843029022,
                    1.2260260581970215
                ],
                [
                    0.4387257993221283,
                    -0.6476474404335022,
                    -0.6229545474052429,
                    -2.5112104415893555
                ],
                [
                    0.0,
                    0.6932340264320374,
                    -0.7207124829292297,
                    -2.905285120010376
                ],
                [
                    0.0,
                    0.0,
                    0.0,
                    1.0
                ]
            ]
        },
        {
            "file_path": "/data/shapenet_blender/all_50_random/02958343/11e5b7d67058e1d75f67208653687b70/r_14",
            "rotation": 0.12566370614359174,
            "transform_matrix": [
                [
                    0.7659919857978821,
                    -0.1291806697845459,
                    0.6297369003295898,
                    2.53855037689209
                ],
                [
                    0.6428499817848206,
                    0.1539260447025299,
                    -0.7503669857978821,
                    -3.0248258113861084
                ],
                [
                    0.0,
                    0.9796014428138733,
                    0.20094995200634003,
                    0.8100550770759583
                ],
                [
                    0.0,
                    0.0,
                    0.0,
                    1.0
                ]
            ]
        },
        {
            "file_path": "/data/shapenet_blender/all_50_random/02958343/11e5b7d67058e1d75f67208653687b70/r_15",
            "rotation": 0.12566370614359174,
            "transform_matrix": [
                [
                    0.21244004368782043,
                    0.31515663862228394,
                    -0.9249570369720459,
                    -3.728621006011963
                ],
                [
                    -0.9771741032600403,
                    0.0685158297419548,
                    -0.20108793675899506,
                    -0.8106114268302917
                ],
                [
                    0.0,
                    0.9465630650520325,
                    0.3225184381008148,
                    1.3001134395599365
                ],
                [
                    0.0,
                    0.0,
                    0.0,
                    1.0
                ]
            ]
        },
        {
            "file_path": "/data/shapenet_blender/all_50_random/02958343/11e5b7d67058e1d75f67208653687b70/r_16",
            "rotation": 0.12566370614359174,
            "transform_matrix": [
                [
                    -0.5960025191307068,
                    0.04382051154971123,
                    -0.8017860054969788,
                    -3.232102394104004
                ],
                [
                    -0.8029825091362,
                    -0.032525159418582916,
                    0.5951144695281982,
                    2.3989827632904053
                ],
                [
                    3.725290076417309e-09,
                    0.9985097646713257,
                    0.05457218736410141,
                    0.21998749673366547
                ],
                [
                    0.0,
                    0.0,
                    0.0,
                    1.0
                ]
            ]
        },
        {
            "file_path": "/data/shapenet_blender/all_50_random/02958343/11e5b7d67058e1d75f67208653687b70/r_17",
            "rotation": 0.12566370614359174,
            "transform_matrix": [
                [
                    0.056415583938360214,
                    0.15212765336036682,
                    0.9867493510246277,
                    3.9777140617370605
                ],
                [
                    0.9984073638916016,
                    -0.00859606172889471,
                    -0.055756840854883194,
                    -0.22476303577423096
                ],
                [
                    9.313225746154785e-10,
                    0.9883233904838562,
                    -0.15237031877040863,
                    -0.6142244338989258
                ],
                [
                    0.0,
                    0.0,
                    0.0,
                    1.0
                ]
            ]
        },
        {
            "file_path": "/data/shapenet_blender/all_50_random/02958343/11e5b7d67058e1d75f67208653687b70/r_18",
            "rotation": 0.12566370614359174,
            "transform_matrix": [
                [
                    0.5848973393440247,
                    0.12244037538766861,
                    0.8018125295639038,
                    3.2322099208831787
                ],
                [
                    0.8111074566841125,
                    -0.0882929340004921,
                    -0.5781947374343872,
                    -2.330777883529663
                ],
                [
                    0.0,
                    0.9885407090187073,
                    -0.15095455944538116,
                    -0.6085173487663269
                ],
                [
                    0.0,
                    0.0,
                    0.0,
                    1.0
                ]
            ]
        },
        {
            "file_path": "/data/shapenet_blender/all_50_random/02958343/11e5b7d67058e1d75f67208653687b70/r_19",
            "rotation": 0.12566370614359174,
            "transform_matrix": [
                [
                    -0.7601830363273621,
                    0.21788276731967926,
                    0.61208575963974,
                    2.4673967361450195
                ],
                [
                    0.6497091054916382,
                    0.25493067502975464,
                    0.7161623239517212,
                    2.8869426250457764
                ],
                [
                    0.0,
                    0.9420921206474304,
                    -0.33535435795783997,
                    -1.3518567085266113
                ],
                [
                    0.0,
                    0.0,
                    0.0,
                    1.0
                ]
            ]
        },
        {
            "file_path": "/data/shapenet_blender/all_50_random/02958343/11e5b7d67058e1d75f67208653687b70/r_20",
            "rotation": 0.12566370614359174,
            "transform_matrix": [
                [
                    -0.9517674446105957,
                    -0.11623689532279968,
                    0.28395020961761475,
                    1.1446399688720703
                ],
                [
                    0.3068203926086426,
                    -0.36057084798812866,
                    0.8808233737945557,
                    3.550712823867798
                ],
                [
                    0.0,
                    0.9254607558250427,
                    0.3788434863090515,
                    1.5271670818328857
                ],
                [
                    0.0,
                    0.0,
                    0.0,
                    1.0
                ]
            ]
        },
        {
            "file_path": "/data/shapenet_blender/all_50_random/02958343/11e5b7d67058e1d75f67208653687b70/r_21",
            "rotation": 0.12566370614359174,
            "transform_matrix": [
                [
                    0.44329190254211426,
                    -0.08513369411230087,
                    0.8923253417015076,
                    3.597078561782837
                ],
                [
                    0.8963773250579834,
                    0.04210177809000015,
                    -0.4412880539894104,
                    -1.7788890600204468
                ],
                [
                    0.0,
                    0.9954795837402344,
                    0.0949753001332283,
                    0.38285768032073975
                ],
                [
                    0.0,
                    0.0,
                    0.0,
                    1.0
                ]
            ]
        },
        {
            "file_path": "/data/shapenet_blender/all_50_random/02958343/11e5b7d67058e1d75f67208653687b70/r_22",
            "rotation": 0.12566370614359174,
            "transform_matrix": [
                [
                    0.10438241064548492,
                    0.26610541343688965,
                    0.9582756161689758,
                    3.8629326820373535
                ],
                [
                    0.9945372343063354,
                    -0.02792929671704769,
                    -0.10057654231786728,
                    -0.40543702244758606
                ],
                [
                    1.862645149230957e-09,
                    0.963539183139801,
                    -0.26756706833839417,
                    -1.0785973072052002
                ],
                [
                    0.0,
                    0.0,
                    0.0,
                    1.0
                ]
            ]
        },
        {
            "file_path": "/data/shapenet_blender/all_50_random/02958343/11e5b7d67058e1d75f67208653687b70/r_23",
            "rotation": 0.12566370614359174,
            "transform_matrix": [
                [
                    -0.9967708587646484,
                    -0.04499398544430733,
                    0.06650889664888382,
                    0.2681059241294861
                ],
                [
                    0.0802987664937973,
                    -0.5585228204727173,
                    0.8255933523178101,
                    3.328073263168335
                ],
                [
                    0.0,
                    0.8282678723335266,
                    0.5603322386741638,
                    2.2587714195251465
                ],
                [
                    0.0,
                    0.0,
                    0.0,
                    1.0
                ]
            ]
        },
        {
            "file_path": "/data/shapenet_blender/all_50_random/02958343/11e5b7d67058e1d75f67208653687b70/r_24",
            "rotation": 0.12566370614359174,
            "transform_matrix": [
                [
                    -0.5918057560920715,
                    -0.7621756792068481,
                    0.26240044832229614,
                    1.057770013809204
                ],
                [
                    0.8060805797576904,
                    -0.5595718026161194,
                    0.19264835119247437,
                    0.7765903472900391
                ],
                [
                    1.4901161193847656e-08,
                    0.32552632689476013,
                    0.9455329775810242,
                    3.811565399169922
                ],
                [
                    0.0,
                    0.0,
                    0.0,
                    1.0
                ]
            ]
        },
        {
            "file_path": "/data/shapenet_blender/all_50_random/02958343/11e5b7d67058e1d75f67208653687b70/r_25",
            "rotation": 0.12566370614359174,
            "transform_matrix": [
                [
                    0.6112840175628662,
                    -0.7886983752250671,
                    0.06547317653894424,
                    0.2639307975769043
                ],
                [
                    0.791411280632019,
                    0.6091885566711426,
                    -0.05057131499052048,
                    -0.20385946333408356
                ],
                [
                    3.725290076417309e-09,
                    0.08272998780012131,
                    0.9965720772743225,
                    4.01731014251709
                ],
                [
                    0.0,
                    0.0,
                    0.0,
                    1.0
                ]
            ]
        },
        {
            "file_path": "/data/shapenet_blender/all_50_random/02958343/11e5b7d67058e1d75f67208653687b70/r_26",
            "rotation": 0.12566370614359174,
            "transform_matrix": [
                [
                    0.11745274066925049,
                    0.9391739964485168,
                    -0.32273373007774353,
                    -1.3009812831878662
                ],
                [
                    -0.9930785298347473,
                    0.11107737571001053,
                    -0.03817015513777733,
                    -0.15386882424354553
                ],
                [
                    -3.725290298461914e-09,
                    0.32498306035995483,
                    0.945719838142395,
                    3.8123185634613037
                ],
                [
                    0.0,
                    0.0,
                    0.0,
                    1.0
                ]
            ]
        },
        {
            "file_path": "/data/shapenet_blender/all_50_random/02958343/11e5b7d67058e1d75f67208653687b70/r_27",
            "rotation": 0.12566370614359174,
            "transform_matrix": [
                [
                    0.3653213381767273,
                    -0.018734924495220184,
                    0.9306929111480713,
                    3.7517430782318115
                ],
                [
                    0.9308815002441406,
                    0.0073524597100913525,
                    -0.36524736881256104,
                    -1.4723591804504395
                ],
                [
                    0.0,
                    0.9997973442077637,
                    0.02012600749731064,
                    0.08113053441047668
                ],
                [
                    0.0,
                    0.0,
                    0.0,
                    1.0
                ]
            ]
        },
        {
            "file_path": "/data/shapenet_blender/all_50_random/02958343/11e5b7d67058e1d75f67208653687b70/r_28",
            "rotation": 0.12566370614359174,
            "transform_matrix": [
                [
                    -0.31717321276664734,
                    0.6367222666740417,
                    -0.7028412222862244,
                    -2.8332438468933105
                ],
                [
                    -0.948367714881897,
                    -0.21294614672660828,
                    0.23505905270576477,
                    0.9475533962249756
                ],
                [
                    0.0,
                    0.7411062121391296,
                    0.6713876128196716,
                    2.7064502239227295
                ],
                [
                    0.0,
                    0.0,
                    0.0,
                    1.0
                ]
            ]
        },
        {
            "file_path": "/data/shapenet_blender/all_50_random/02958343/11e5b7d67058e1d75f67208653687b70/r_29",
            "rotation": 0.12566370614359174,
            "transform_matrix": [
                [
                    -0.9885177612304688,
                    0.027295418083667755,
                    -0.14861959218978882,
                    -0.5991048216819763
                ],
                [
                    -0.1511053740978241,
                    -0.1785641759634018,
                    0.972256064414978,
                    3.9192898273468018
                ],
                [
                    0.0,
                    0.9835495352745056,
                    0.18063832819461823,
                    0.728176474571228
                ],
                [
                    0.0,
                    0.0,
                    0.0,
                    1.0
                ]
            ]
        },
        {
            "file_path": "/data/shapenet_blender/all_50_random/02958343/11e5b7d67058e1d75f67208653687b70/r_30",
            "rotation": 0.12566370614359174,
            "transform_matrix": [
                [
                    0.5029513835906982,
                    -0.1850896179676056,
                    -0.844264030456543,
                    -3.403337240219116
                ],
                [
                    -0.8643147349357605,
                    -0.10770506411790848,
                    -0.49128371477127075,
                    -1.9804279804229736
                ],
                [
                    0.0,
                    0.9768016934394836,
                    -0.21414607763290405,
                    -0.8632504343986511
                ],
                [
                    0.0,
                    0.0,
                    0.0,
                    1.0
                ]
            ]
        },
        {
            "file_path": "/data/shapenet_blender/all_50_random/02958343/11e5b7d67058e1d75f67208653687b70/r_31",
            "rotation": 0.12566370614359174,
            "transform_matrix": [
                [
                    0.9671738147735596,
                    -0.05423315241932869,
                    -0.24826113879680634,
                    -1.0007725954055786
                ],
                [
                    -0.2541157603263855,
                    -0.20641334354877472,
                    -0.9448908567428589,
                    -3.808976650238037
                ],
                [
                    -3.725290076417309e-09,
                    0.9769607186317444,
                    -0.21341906487941742,
                    -0.8603197336196899
                ],
                [
                    0.0,
                    0.0,
                    0.0,
                    1.0
                ]
            ]
        },
        {
            "file_path": "/data/shapenet_blender/all_50_random/02958343/11e5b7d67058e1d75f67208653687b70/r_32",
            "rotation": 0.12566370614359174,
            "transform_matrix": [
                [
                    0.3437331020832062,
                    -0.10334181040525436,
                    -0.9333637356758118,
                    -3.762509822845459
                ],
                [
                    -0.9390674829483032,
                    -0.037826891988515854,
                    -0.34164533019065857,
                    -1.3772164583206177
                ],
                [
                    -3.725290742551124e-09,
                    0.9939262866973877,
                    -0.11004727333784103,
                    -0.44361478090286255
                ],
                [
                    0.0,
                    0.0,
                    0.0,
                    1.0
                ]
            ]
        },
        {
            "file_path": "/data/shapenet_blender/all_50_random/02958343/11e5b7d67058e1d75f67208653687b70/r_33",
            "rotation": 0.12566370614359174,
            "transform_matrix": [
                [
                    0.8243103623390198,
                    0.20354996621608734,
                    0.5282801389694214,
                    2.129565715789795
                ],
                [
                    0.5661383271217346,
                    -0.2963733971118927,
                    -0.7691879868507385,
                    -3.100696086883545
                ],
                [
                    0.0,
                    0.9331292510032654,
                    -0.35954102873802185,
                    -1.4493563175201416
                ],
                [
                    0.0,
                    0.0,
                    0.0,
                    1.0
                ]
            ]
        },
        {
            "file_path": "/data/shapenet_blender/all_50_random/02958343/11e5b7d67058e1d75f67208653687b70/r_34",
            "rotation": 0.12566370614359174,
            "transform_matrix": [
                [
                    -0.7448219656944275,
                    -0.5060003399848938,
                    0.43497562408447266,
                    1.7534428834915161
                ],
                [
                    0.6672632098197937,
                    -0.5648148655891418,
                    0.4855346977710724,
                    1.9572529792785645
                ],
                [
                    -2.9802320611338473e-08,
                    0.651880145072937,
                    0.75832200050354,
                    3.056893825531006
                ],
                [
                    0.0,
                    0.0,
                    0.0,
                    1.0
                ]
            ]
        },
        {
            "file_path": "/data/shapenet_blender/all_50_random/02958343/11e5b7d67058e1d75f67208653687b70/r_35",
            "rotation": 0.12566370614359174,
            "transform_matrix": [
                [
                    0.47616755962371826,
                    0.09449775516986847,
                    -0.8742623329162598,
                    -3.524264097213745
                ],
                [
                    -0.8793545961380005,
                    0.051170215010643005,
                    -0.47341009974479675,
                    -1.9083770513534546
                ],
                [
                    0.0,
                    0.9942090511322021,
                    0.10746264457702637,
                    0.43319573998451233
                ],
                [
                    0.0,
                    0.0,
                    0.0,
                    1.0
                ]
            ]
        },
        {
            "file_path": "/data/shapenet_blender/all_50_random/02958343/11e5b7d67058e1d75f67208653687b70/r_36",
            "rotation": 0.12566370614359174,
            "transform_matrix": [
                [
                    -0.11566173285245895,
                    -0.7457311749458313,
                    0.6561305522918701,
                    2.644946813583374
                ],
                [
                    0.9932886362075806,
                    -0.0868353471159935,
                    0.0764019563794136,
                    0.30798614025115967
                ],
                [
                    3.725290298461914e-09,
                    0.6605637669563293,
                    0.750769853591919,
                    3.0264501571655273
                ],
                [
                    0.0,
                    0.0,
                    0.0,
                    1.0
                ]
            ]
        },
        {
            "file_path": "/data/shapenet_blender/all_50_random/02958343/11e5b7d67058e1d75f67208653687b70/r_37",
            "rotation": 0.12566370614359174,
            "transform_matrix": [
                [
                    0.07712651044130325,
                    0.3462861180305481,
                    0.9349531531333923,
                    3.768916606903076
                ],
                [
                    0.9970213770866394,
                    -0.02678763121366501,
                    -0.07232510298490524,
                    -0.2915518283843994
                ],
                [
                    1.862645149230957e-09,
                    0.9377464056015015,
                    -0.34732070565223694,
                    -1.4000945091247559
                ],
                [
                    0.0,
                    0.0,
                    0.0,
                    1.0
                ]
            ]
        },
        {
            "file_path": "/data/shapenet_blender/all_50_random/02958343/11e5b7d67058e1d75f67208653687b70/r_38",
            "rotation": 0.12566370614359174,
            "transform_matrix": [
                [
                    -0.7931699156761169,
                    -0.0399104505777359,
                    -0.60769122838974,
                    -2.4496819972991943
                ],
                [
                    -0.6090005040168762,
                    0.051979873329401016,
                    0.7914647459983826,
                    3.1904966831207275
                ],
                [
                    0.0,
                    0.9978502988815308,
                    -0.06553434580564499,
                    -0.26417744159698486
                ],
                [
                    0.0,
                    0.0,
                    0.0,
                    1.0
                ]
            ]
        },
        {
            "file_path": "/data/shapenet_blender/all_50_random/02958343/11e5b7d67058e1d75f67208653687b70/r_39",
            "rotation": 0.12566370614359174,
            "transform_matrix": [
                [
                    0.9946051239967346,
                    0.02887657657265663,
                    0.09963329881429672,
                    0.40163466334342957
                ],
                [
                    0.10373356938362122,
                    -0.2768707573413849,
                    -0.9552915096282959,
                    -3.850903272628784
                ],
                [
                    0.0,
                    0.9604730606079102,
                    -0.278372585773468,
                    -1.122155785560608
                ],
                [
                    0.0,
                    0.0,
                    0.0,
                    1.0
                ]
            ]
        },
        {
            "file_path": "/data/shapenet_blender/all_50_random/02958343/11e5b7d67058e1d75f67208653687b70/r_40",
            "rotation": 0.12566370614359174,
            "transform_matrix": [
                [
                    0.4375152587890625,
                    -0.26146721839904785,
                    0.8603576421737671,
                    3.468212604522705
                ],
                [
                    0.899211049079895,
                    0.1272180825471878,
                    -0.41861096024513245,
                    -1.6874747276306152
                ],
                [
                    -7.450581485102248e-09,
                    0.9567916989326477,
                    0.29077407717704773,
                    1.1721477508544922
                ],
                [
                    0.0,
                    0.0,
                    0.0,
                    1.0
                ]
            ]
        },
        {
            "file_path": "/data/shapenet_blender/all_50_random/02958343/11e5b7d67058e1d75f67208653687b70/r_41",
            "rotation": 0.12566370614359174,
            "transform_matrix": [
                [
                    0.1013370230793953,
                    -0.3020086884498596,
                    -0.9479037523269653,
                    -3.821122169494629
                ],
                [
                    -0.9948522448539734,
                    -0.030763020738959312,
                    -0.09655478596687317,
                    -0.3892247974872589
