{
    "class": "02958343",
    "model": "c21cb9575910e30bf0174ad879a5b1cc",
    "remove_doubles": true,
    "edge_split": true,
    "denoise": true,
    "camera_angle_x": 0.6911112070083618,
    "scale_factor": 2.279204917270016,
    "hdri_file": "/data/IndoorHDRDataset2018/AG8A2206-02ce50ddef.exr",
    "center_offset": [
        0.0,
        0.0,
        4.656612873077393e-10
    ],
    "lights": [],
    "frames": [
        {
            "file_path": "/data/shapenet_blender/all_50_random/02958343/c21cb9575910e30bf0174ad879a5b1cc/r_0",
            "rotation": 0.12566370614359174,
            "transform_matrix": [
                [
                    -0.8085551857948303,
                    0.08322077989578247,
                    0.5825057625770569,
                    2.3481554985046387
                ],
                [
                    0.5884205102920532,
                    0.11435461044311523,
                    0.8004276752471924,
                    3.2266268730163574
                ],
                [
                    -7.450581485102248e-09,
                    0.9899480938911438,
                    -0.1414308249950409,
                    -0.5701258182525635
                ],
                [
                    0.0,
                    0.0,
                    0.0,
                    1.0
                ]
            ]
        },
        {
            "file_path": "/data/shapenet_blender/all_50_random/02958343/c21cb9575910e30bf0174ad879a5b1cc/r_1",
            "rotation": 0.12566370614359174,
            "transform_matrix": [
                [
                    -0.1887754201889038,
                    0.06976187229156494,
                    0.9795392155647278,
                    3.9486489295959473
                ],
                [
                    0.982020378112793,
                    0.01341044157743454,
                    0.18829846382141113,
                    0.7590553760528564
                ],
                [
                    0.0,
                    0.9974734783172607,
                    -0.07103914022445679,
                    -0.28636792302131653
                ],
                [
                    0.0,
                    0.0,
                    0.0,
                    1.0
                ]
            ]
        },
        {
            "file_path": "/data/shapenet_blender/all_50_random/02958343/c21cb9575910e30bf0174ad879a5b1cc/r_2",
            "rotation": 0.12566370614359174,
            "transform_matrix": [
                [
                    0.940048098564148,
                    -0.011725063435733318,
                    0.3408404588699341,
                    1.373971939086914
                ],
                [
                    0.34104210138320923,
                    0.032318949699401855,
                    -0.9394922256469727,
                    -3.787214517593384
                ],
                [
                    0.0,
                    0.9994087815284729,
                    0.034380100667476654,
                    0.13859063386917114
                ],
                [
                    0.0,
                    0.0,
                    0.0,
                    1.0
                ]
            ]
        },
        {
            "file_path": "/data/shapenet_blender/all_50_random/02958343/c21cb9575910e30bf0174ad879a5b1cc/r_3",
            "rotation": 0.12566370614359174,
            "transform_matrix": [
                [
                    0.04389750212430954,
                    -0.9710350632667542,
                    0.2348697930574417,
                    0.946790337562561
                ],
                [
                    0.9990360140800476,
                    0.042667143046855927,
                    -0.010320145636796951,
                    -0.04160183668136597
                ],
                [
                    0.0,
                    0.23509635031223297,
                    0.9719720482826233,
                    3.918144464492798
                ],
                [
                    0.0,
                    0.0,
                    0.0,
                    1.0
                ]
            ]
        },
        {
            "file_path": "/data/shapenet_blender/all_50_random/02958343/c21cb9575910e30bf0174ad879a5b1cc/r_4",
            "rotation": 0.12566370614359174,
            "transform_matrix": [
                [
                    -0.9378246068954468,
                    -0.05962240323424339,
                    0.34195074439048767,
                    1.3784475326538086
                ],
                [
                    0.34710970520973206,
                    -0.16108842194080353,
                    0.9238860607147217,
                    3.724303722381592
                ],
                [
                    0.0,
                    0.9851372838020325,
                    0.1717682182788849,
                    0.6924198269844055
                ],
                [
                    0.0,
                    0.0,
                    0.0,
                    1.0
                ]
            ]
        },
        {
            "file_path": "/data/shapenet_blender/all_50_random/02958343/c21cb9575910e30bf0174ad879a5b1cc/r_5",
            "rotation": 0.12566370614359174,
            "transform_matrix": [
                [
                    -0.2888239324092865,
                    0.49703386425971985,
                    0.8182530403137207,
                    3.2984836101531982
                ],
                [
                    0.957382321357727,
                    0.14994560182094574,
                    0.24685129523277283,
                    0.9950894117355347
                ],
                [
                    7.450581485102248e-09,
                    0.8546773791313171,
                    -0.5191592574119568,
                    -2.0927979946136475
                ],
                [
                    0.0,
                    0.0,
                    0.0,
                    1.0
                ]
            ]
        },
        {
            "file_path": "/data/shapenet_blender/all_50_random/02958343/c21cb9575910e30bf0174ad879a5b1cc/r_6",
            "rotation": 0.12566370614359174,
            "transform_matrix": [
                [
                    0.9929919242858887,
                    -0.07866542786359787,
                    0.08819849789142609,
                    0.3555395305156708
                ],
                [
                    0.11818304657936096,
                    0.6609589457511902,
                    -0.741057276725769,
                    -2.987297534942627
                ],
                [
                    3.725291186640334e-09,
                    0.7462874054908752,
                    0.6656237840652466,
                    2.683215379714966
                ],
                [
                    0.0,
                    0.0,
                    0.0,
                    1.0
                ]
            ]
        },
        {
            "file_path": "/data/shapenet_blender/all_50_random/02958343/c21cb9575910e30bf0174ad879a5b1cc/r_7",
            "rotation": 0.12566370614359174,
            "transform_matrix": [
                [
                    0.9998956322669983,
                    -0.0006245825788937509,
                    -0.014440356753766537,
                    -0.058210939168930054
                ],
                [
                    -0.014453859999775887,
                    -0.04320765659213066,
                    -0.9989615082740784,
                    -4.026942729949951
                ],
                [
                    0.0,
                    0.9990658760070801,
                    -0.0432121716439724,
                    -0.1741938292980194
                ],
                [
                    0.0,
                    0.0,
                    0.0,
                    1.0
                ]
            ]
        },
        {
            "file_path": "/data/shapenet_blender/all_50_random/02958343/c21cb9575910e30bf0174ad879a5b1cc/r_8",
            "rotation": 0.12566370614359174,
            "transform_matrix": [
                [
                    -0.4849982261657715,
                    0.09900965541601181,
                    -0.8688923120498657,
                    -3.5026166439056396
                ],
                [
                    -0.8745151162147522,
                    -0.05490986630320549,
                    0.4818798899650574,
                    1.9425199031829834
                ],
                [
                    3.7252898543727042e-09,
                    0.9935702085494995,
                    0.11321665346622467,
                    0.456390917301178
                ],
                [
                    0.0,
                    0.0,
                    0.0,
                    1.0
                ]
            ]
        },
        {
            "file_path": "/data/shapenet_blender/all_50_random/02958343/c21cb9575910e30bf0174ad879a5b1cc/r_9",
            "rotation": 0.12566370614359174,
            "transform_matrix": [
                [
                    0.3475678861141205,
                    -0.4913242757320404,
                    0.7986219525337219,
                    3.2193479537963867
                ],
                [
                    0.9376547932624817,
                    0.18212303519248962,
                    -0.29603150486946106,
                    -1.1933411359786987
                ],
                [
                    1.4901160305669237e-08,
                    0.8517226576805115,
                    0.5239927172660828,
                    2.1122822761535645
                ],
                [
                    0.0,
                    0.0,
                    0.0,
                    1.0
                ]
            ]
        },
        {
            "file_path": "/data/shapenet_blender/all_50_random/02958343/c21cb9575910e30bf0174ad879a5b1cc/r_10",
            "rotation": 0.12566370614359174,
            "transform_matrix": [
                [
                    -0.8446179628372192,
                    0.3443490266799927,
                    0.40993189811706543,
                    1.652488350868225
                ],
                [
                    0.5353693962097168,
                    0.5432573556900024,
                    0.646723210811615,
                    2.607024669647217
                ],
                [
                    -1.4901160305669237e-08,
                    0.7656990885734558,
                    -0.6431989669799805,
                    -2.592818021774292
                ],
                [
                    0.0,
                    0.0,
                    0.0,
                    1.0
                ]
            ]
        },
        {
            "file_path": "/data/shapenet_blender/all_50_random/02958343/c21cb9575910e30bf0174ad879a5b1cc/r_11",
            "rotation": 0.12566370614359174,
            "transform_matrix": [
                [
                    -0.5916187763214111,
                    -0.2518247663974762,
                    -0.7658795118331909,
                    -3.0873591899871826
                ],
                [
                    -0.8062179088592529,
                    0.18479406833648682,
                    0.5620176792144775,
                    2.265565872192383
                ],
                [
                    0.0,
                    0.9499660134315491,
                    -0.312353253364563,
                    -1.2591363191604614
                ],
                [
                    0.0,
                    0.0,
                    0.0,
                    1.0
                ]
            ]
        },
        {
            "file_path": "/data/shapenet_blender/all_50_random/02958343/c21cb9575910e30bf0174ad879a5b1cc/r_12",
            "rotation": 0.12566370614359174,
            "transform_matrix": [
                [
                    0.7511641979217529,
                    0.11555088311433792,
                    0.6499232649803162,
                    2.619924783706665
                ],
                [
                    0.6601154208183289,
                    -0.1314886510372162,
                    -0.7395662665367126,
                    -2.9812872409820557
                ],
                [
                    0.0,
                    0.9845601916313171,
                    -0.17504645884037018,
                    -0.7056348919868469
                ],
                [
                    0.0,
                    0.0,
                    0.0,
                    1.0
                ]
            ]
        },
        {
            "file_path": "/data/shapenet_blender/all_50_random/02958343/c21cb9575910e30bf0174ad879a5b1cc/r_13",
            "rotation": 0.12566370614359174,
            "transform_matrix": [
                [
                    -0.5212657451629639,
                    0.34647583961486816,
                    0.7798952460289001,
                    3.1438581943511963
                ],
                [
                    0.8533944487571716,
                    0.21163246035575867,
                    0.47637131810188293,
                    1.9203141927719116
                ],
                [
                    -1.4901161193847656e-08,
                    0.9138741493225098,
                    -0.4059973657131195,
                    -1.6366276741027832
                ],
                [
                    0.0,
                    0.0,
                    0.0,
                    1.0
                ]
            ]
        },
        {
            "file_path": "/data/shapenet_blender/all_50_random/02958343/c21cb9575910e30bf0174ad879a5b1cc/r_14",
            "rotation": 0.12566370614359174,
            "transform_matrix": [
                [
                    0.966393232345581,
                    0.04830983653664589,
                    0.252488374710083,
                    1.0178133249282837
                ],
                [
                    0.25706857442855835,
                    -0.18161030113697052,
                    -0.9491750597953796,
                    -3.826247215270996
                ],
                [
                    0.0,
                    0.9821832180023193,
                    -0.18792586028575897,
                    -0.7575534582138062
                ],
                [
                    0.0,
                    0.0,
                    0.0,
                    1.0
                ]
            ]
        },
        {
            "file_path": "/data/shapenet_blender/all_50_random/02958343/c21cb9575910e30bf0174ad879a5b1cc/r_15",
            "rotation": 0.12566370614359174,
            "transform_matrix": [
                [
                    -0.902945339679718,
                    0.4010341167449951,
                    -0.15447169542312622,
                    -0.6226953268051147
                ],
                [
                    -0.42975562810897827,
                    -0.8425995111465454,
                    0.324555367231369,
                    1.3083245754241943
                ],
                [
                    0.0,
                    0.3594408631324768,
                    0.9331678748130798,
                    3.7617199420928955
                ],
                [
                    0.0,
                    0.0,
                    0.0,
                    1.0
                ]
            ]
        },
        {
            "file_path": "/data/shapenet_blender/all_50_random/02958343/c21cb9575910e30bf0174ad879a5b1cc/r_16",
            "rotation": 0.12566370614359174,
            "transform_matrix": [
                [
                    0.46161872148513794,
                    -0.1387202888727188,
                    -0.8761647939682007,
                    -3.531933307647705
                ],
                [
                    -0.8870784044265747,
                    -0.0721874013543129,
                    -0.45593947172164917,
                    -1.8379508256912231
                ],
                [
                    -7.450580152834618e-09,
                    0.9876972436904907,
                    -0.1563788205385208,
                    -0.6303831934928894
                ],
                [
                    0.0,
                    0.0,
                    0.0,
                    1.0
                ]
            ]
        },
        {
            "file_path": "/data/shapenet_blender/all_50_random/02958343/c21cb9575910e30bf0174ad879a5b1cc/r_17",
            "rotation": 0.12566370614359174,
            "transform_matrix": [
                [
                    -0.805729866027832,
                    -0.04517646133899689,
                    0.5905576348304749,
                    2.3806142807006836
                ],
                [
                    0.5922830700874329,
                    -0.06145713850855827,
                    0.8033825755119324,
                    3.238538980484009
                ],
                [
                    0.0,
                    0.997086763381958,
                    0.07627510279417038,
                    0.3074747920036316
                ],
                [
                    0.0,
                    0.0,
                    0.0,
                    1.0
                ]
            ]
        },
        {
            "file_path": "/data/shapenet_blender/all_50_random/02958343/c21cb9575910e30bf0174ad879a5b1cc/r_18",
            "rotation": 0.12566370614359174,
            "transform_matrix": [
                [
                    -0.15520016849040985,
                    -0.2292206883430481,
                    0.9609218239784241,
                    3.8735997676849365
                ],
                [
                    0.9878831505775452,
                    -0.036011435091495514,
                    0.15096445381641388,
                    0.6085571646690369
                ],
                [
                    -3.725290742551124e-09,
                    0.9727081060409546,
                    0.23203220963478088,
                    0.9353517293930054
                ],
                [
                    0.0,
                    0.0,
                    0.0,
                    1.0
                ]
            ]
        },
        {
            "file_path": "/data/shapenet_blender/all_50_random/02958343/c21cb9575910e30bf0174ad879a5b1cc/r_19",
            "rotation": 0.12566370614359174,
            "transform_matrix": [
                [
                    -0.7467090487480164,
                    -0.5383848547935486,
                    0.39059868454933167,
                    1.5745536088943481
                ],
                [
                    0.6651508212089539,
                    -0.6043995022773743,
                    0.4384923577308655,
                    1.7676191329956055
                ],
                [
                    0.0,
                    0.587233304977417,
                    0.8094177842140198,
                    3.2628672122955322
                ],
                [
                    0.0,
                    0.0,
                    0.0,
                    1.0
                ]
            ]
        },
        {
            "file_path": "/data/shapenet_blender/all_50_random/02958343/c21cb9575910e30bf0174ad879a5b1cc/r_20",
            "rotation": 0.12566370614359174,
            "transform_matrix": [
                [
                    0.7182253003120422,
                    -0.289110004901886,
                    -0.6329042315483093,
                    -2.551318645477295
                ],
                [
                    -0.6958104968070984,
                    -0.29842332005500793,
                    -0.6532925367355347,
                    -2.6335065364837646
                ],
                [
                    2.9802320611338473e-08,
                    0.9095927476882935,
                    -0.4155009686946869,
                    -1.6749379634857178
                ],
                [
                    0.0,
                    0.0,
                    0.0,
                    1.0
                ]
            ]
        },
        {
            "file_path": "/data/shapenet_blender/all_50_random/02958343/c21cb9575910e30bf0174ad879a5b1cc/r_21",
            "rotation": 0.12566370614359174,
            "transform_matrix": [
                [
                    -0.2148435264825821,
                    -0.08222304284572601,
                    -0.9731811285018921,
                    -3.92301869392395
                ],
                [
                    -0.9766484498977661,
                    0.01808745786547661,
                    0.2140807807445526,
                    0.862987220287323
                ],
                [
                    0.0,
                    0.9964497089385986,
                    -0.08418899029493332,
                    -0.33937668800354004
                ],
                [
                    0.0,
                    0.0,
                    0.0,
                    1.0
                ]
            ]
        },
        {
            "file_path": "/data/shapenet_blender/all_50_random/02958343/c21cb9575910e30bf0174ad879a5b1cc/r_22",
            "rotation": 0.12566370614359174,
            "transform_matrix": [
                [
                    -0.10813688486814499,
                    0.9871686100959778,
                    0.11749252676963806,
                    0.4736274778842926
                ],
                [
                    0.9941359758377075,
                    0.1073790192604065,
                    0.012780220247805119,
                    0.05151870846748352
                ],
                [
                    0.0,
                    0.11818595230579376,
                    -0.9929916262626648,
                    -4.0028767585754395
                ],
                [
                    0.0,
                    0.0,
                    0.0,
                    1.0
                ]
            ]
        },
        {
            "file_path": "/data/shapenet_blender/all_50_random/02958343/c21cb9575910e30bf0174ad879a5b1cc/r_23",
            "rotation": 0.12566370614359174,
            "transform_matrix": [
                [
                    -0.995909571647644,
                    -0.004426475148648024,
                    -0.09024723619222641,
                    -0.36379820108413696
                ],
                [
                    -0.09035572409629822,
                    0.048789042979478836,
                    0.9947137832641602,
                    4.009819030761719
                ],
                [
                    4.6566125955216364e-10,
                    0.9987993240356445,
                    -0.0489894300699234,
                    -0.19748269021511078
                ],
                [
                    0.0,
                    0.0,
                    0.0,
                    1.0
                ]
            ]
        },
        {
            "file_path": "/data/shapenet_blender/all_50_random/02958343/c21cb9575910e30bf0174ad879a5b1cc/r_24",
            "rotation": 0.12566370614359174,
            "transform_matrix": [
                [
                    -0.4886567294597626,
                    0.49583420157432556,
                    0.7178878784179688,
                    2.8938984870910645
                ],
                [
                    0.8724761009216309,
                    0.27770698070526123,
                    0.4020749032497406,
                    1.6208157539367676
                ],
                [
                    1.4901160305669237e-08,
                    0.8228166103363037,
                    -0.5683069229125977,
                    -2.2909183502197266
                ],
                [
                    0.0,
                    0.0,
                    0.0,
                    1.0
                ]
            ]
        },
        {
            "file_path": "/data/shapenet_blender/all_50_random/02958343/c21cb9575910e30bf0174ad879a5b1cc/r_25",
            "rotation": 0.12566370614359174,
            "transform_matrix": [
                [
                    -0.915278971195221,
                    -0.01608169823884964,
                    -0.40249937772750854,
                    -1.6225266456604004
                ],
                [
                    -0.4028204679489136,
                    0.036540448665618896,
                    0.9145493507385254,
                    3.6866660118103027
                ],
                [
                    9.313224635931761e-10,
                    0.9992027878761292,
                    -0.039922744035720825,
                    -0.1609337031841278
                ],
                [
                    0.0,
                    0.0,
                    0.0,
                    1.0
                ]
            ]
        },
        {
            "file_path": "/data/shapenet_blender/all_50_random/02958343/c21cb9575910e30bf0174ad879a5b1cc/r_26",
            "rotation": 0.12566370614359174,
            "transform_matrix": [
                [
                    -0.8309401273727417,
                    0.5123341083526611,
                    -0.21691559255123138,
                    -0.8744146823883057
                ],
                [
                    -0.556361973285675,
                    -0.7651834487915039,
                    0.32396870851516724,
                    1.3059595823287964
                ],
                [
                    0.0,
                    0.3898822069168091,
                    0.9208647608757019,
                    3.7121243476867676
                ],
                [
                    0.0,
                    0.0,
                    0.0,
                    1.0
                ]
            ]
        },
        {
            "file_path": "/data/shapenet_blender/all_50_random/02958343/c21cb9575910e30bf0174ad879a5b1cc/r_27",
            "rotation": 0.12566370614359174,
            "transform_matrix": [
                [
                    0.8213328719139099,
                    -0.11971994489431381,
                    -0.5577449798583984,
                    -2.2483420372009277
                ],
                [
                    -0.5704492330551147,
                    -0.17237278819084167,
                    -0.8030412793159485,
                    -3.2371628284454346
                ],
                [
                    0.0,
                    0.977729320526123,
                    -0.2098695933818817,
                    -0.8460114002227783
                ],
                [
                    0.0,
                    0.0,
                    0.0,
                    1.0
                ]
            ]
        },
        {
            "file_path": "/data/shapenet_blender/all_50_random/02958343/c21cb9575910e30bf0174ad879a5b1cc/r_28",
            "rotation": 0.12566370614359174,
            "transform_matrix": [
                [
                    -0.7279083728790283,
                    0.5037177205085754,
                    -0.4652073383331299,
                    -1.8753107786178589
                ],
                [
                    -0.6856743693351746,
                    -0.5347440838813782,
                    0.49386173486709595,
                    1.990820288658142
                ],
                [
                    4.470348002882929e-08,
                    0.6784669160842896,
                    0.7346310019493103,
                    2.961392402648926
                ],
                [
                    0.0,
                    0.0,
                    0.0,
                    1.0
                ]
            ]
        },
        {
            "file_path": "/data/shapenet_blender/all_50_random/02958343/c21cb9575910e30bf0174ad879a5b1cc/r_29",
            "rotation": 0.12566370614359174,
            "transform_matrix": [
                [
                    0.6219118237495422,
                    0.3057467043399811,
                    0.7209330797195435,
                    2.9061741828918457
                ],
                [
                    0.7830871939659119,
                    -0.24281780421733856,
                    -0.572550356388092,
                    -2.3080244064331055
                ],
                [
                    0.0,
                    0.9206293225288391,
                    -0.39043763279914856,
                    -1.5739043951034546
                ],
                [
                    0.0,
                    0.0,
                    0.0,
                    1.0
                ]
            ]
        },
        {
            "file_path": "/data/shapenet_blender/all_50_random/02958343/c21cb9575910e30bf0174ad879a5b1cc/r_30",
            "rotation": 0.12566370614359174,
            "transform_matrix": [
                [
                    -0.7250717878341675,
                    0.22298802435398102,
                    -0.6515728235244751,
                    -2.6265742778778076
                ],
                [
                    -0.6886732578277588,
                    -0.2347736358642578,
                    0.686010479927063,
                    2.7653968334198
                ],
                [
                    0.0,
                    0.946127712726593,
                    0.3237936198711395,
                    1.3052539825439453
                ],
                [
                    0.0,
                    0.0,
                    0.0,
                    1.0
                ]
            ]
        },
        {
            "file_path": "/data/shapenet_blender/all_50_random/02958343/c21cb9575910e30bf0174ad879a5b1cc/r_31",
            "rotation": 0.12566370614359174,
            "transform_matrix": [
                [
                    -0.9140180349349976,
                    -0.059481047093868256,
                    0.4012890160083771,
                    1.6176478862762451
                ],
                [
                    0.4056733548641205,
                    -0.13401606678962708,
                    0.9041397571563721,
                    3.6447041034698486
                ],
                [
                    0.0,
                    0.9891923666000366,
                    0.14662298560142517,
                    0.591056227684021
                ],
                [
                    0.0,
                    0.0,
                    0.0,
                    1.0
                ]
            ]
        },
        {
            "file_path": "/data/shapenet_blender/all_50_random/02958343/c21cb9575910e30bf0174ad879a5b1cc/r_32",
            "rotation": 0.12566370614359174,
            "transform_matrix": [
                [
                    -0.9066566228866577,
                    0.39136379957199097,
                    0.15750586986541748,
                    0.6349264979362488
                ],
                [
                    0.42186933755874634,
                    0.8410959243774414,
                    0.33850231766700745,
                    1.364546537399292
                ],
                [
                    1.4901161193847656e-08,
                    0.37335219979286194,
                    -0.9276896119117737,
                    -3.7396364212036133
                ],
                [
                    0.0,
                    0.0,
                    0.0,
                    1.0
                ]
            ]
        },
        {
            "file_path": "/data/shapenet_blender/all_50_random/02958343/c21cb9575910e30bf0174ad879a5b1cc/r_33",
            "rotation": 0.12566370614359174,
            "transform_matrix": [
                [
                    -0.9653140902519226,
                    0.16293561458587646,
                    0.20401164889335632,
                    0.8223972320556641
                ],
                [
                    0.2610915005207062,
                    0.6024096608161926,
                    0.7542769908905029,
                    3.040587902069092
                ],
                [
                    -7.450580596923828e-09,
                    0.7813798785209656,
                    -0.6240556240081787,
                    -2.515648603439331
                ],
                [
                    0.0,
                    0.0,
                    0.0,
                    1.0
                ]
            ]
        },
        {
            "file_path": "/data/shapenet_blender/all_50_random/02958343/c21cb9575910e30bf0174ad879a5b1cc/r_34",
            "rotation": 0.12566370614359174,
            "transform_matrix": [
                [
                    0.6727973818778992,
                    -0.35976195335388184,
                    -0.6464633941650391,
                    -2.6059775352478027
                ],
                [
                    -0.7398268580436707,
                    -0.32716700434684753,
                    -0.5878928303718567,
                    -2.3698720932006836
                ],
                [
                    -1.4901162970204496e-08,
                    0.8738038539886475,
                    -0.4862785041332245,
                    -1.9602515697479248
                ],
                [
                    0.0,
                    0.0,
                    0.0,
                    1.0
                ]
            ]
        },
        {
            "file_path": "/data/shapenet_blender/all_50_random/02958343/c21cb9575910e30bf0174ad879a5b1cc/r_35",
            "rotation": 0.12566370614359174,
            "transform_matrix": [
                [
                    0.35376226902008057,
                    0.7726328372955322,
                    0.527153491973877,
                    2.125023603439331
                ],
                [
                    0.9353353381156921,
                    -0.2922249734401703,
                    -0.19937986135482788,
                    -0.8037259578704834
                ],
                [
                    -1.4901160305669237e-08,
                    0.5635983347892761,
                    -0.8260489702224731,
                    -3.3299098014831543
                ],
                [
                    0.0,
                    0.0,
                    0.0,
                    1.0
                ]
            ]
        },
        {
            "file_path": "/data/shapenet_blender/all_50_random/02958343/c21cb9575910e30bf0174ad879a5b1cc/r_36",
            "rotation": 0.12566370614359174,
            "transform_matrix": [
                [
                    0.17426125705242157,
                    0.047645438462495804,
                    0.9835460782051086,
                    3.964801073074341
                ],
                [
                    0.984699547290802,
                    -0.00843176431953907,
                    -0.17405714094638824,
                    -0.7016468048095703
                ],
                [
                    0.0,
                    0.998828649520874,
                    -0.04838577285408974,
                    -0.19504928588867188
                ],
                [
                    0.0,
                    0.0,
                    0.0,
                    1.0
                ]
            ]
        },
        {
            "file_path": "/data/shapenet_blender/all_50_random/02958343/c21cb9575910e30bf0174ad879a5b1cc/r_37",
            "rotation": 0.12566370614359174,
            "transform_matrix": [
                [
                    -0.12043213099241257,
                    -0.36868566274642944,
                    -0.921719491481781,
                    -3.7155704498291016
                ],
                [
                    -0.9927214980125427,
                    0.0447271503508091,
                    0.11181852221488953,
                    0.45075491070747375
                ],
                [
                    0.0,
                    0.92847740650177,
                    -0.3713887631893158,
                    -1.4971160888671875
                ],
                [
                    0.0,
                    0.0,
                    0.0,
                    1.0
                ]
            ]
        },
        {
            "file_path": "/data/shapenet_blender/all_50_random/02958343/c21cb9575910e30bf0174ad879a5b1cc/r_38",
            "rotation": 0.12566370614359174,
            "transform_matrix": [
                [
                    0.7718114256858826,
                    0.38965559005737305,
                    -0.502469539642334,
                    -2.025519609451294
                ],
                [
                    -0.6358514428138733,
                    0.4729730784893036,
                    -0.6099092960357666,
                    -2.458622932434082
                ],
                [
                    0.0,
                    0.790230929851532,
                    0.6128090620040894,
                    2.4703123569488525
                ],
                [
                    0.0,
                    0.0,
                    0.0,
                    1.0
                ]
            ]
        },
        {
            "file_path": "/data/shapenet_blender/all_50_random/02958343/c21cb9575910e30bf0174ad879a5b1cc/r_39",
            "rotation": 0.12566370614359174,
            "transform_matrix": [
                [
                    -0.4350864589214325,
                    0.06162017583847046,
                    -0.898277759552002,
                    -3.621073007583618
                ],
                [
                    -0.900388777256012,
                    -0.029776141047477722,
                    0.43406638503074646,
                    1.7497773170471191
                ],
                [
                    1.862645149230957e-09,
                    0.9976553320884705,
                    0.06843731552362442,
                    0.2758796215057373
                ],
                [
                    0.0,
                    0.0,
                    0.0,
                    1.0
                ]
            ]
        },
        {
            "file_path": "/data/shapenet_blender/all_50_random/02958343/c21cb9575910e30bf0174ad879a5b1cc/r_40",
            "rotation": 0.12566370614359174,
            "transform_matrix": [
                [
                    0.1448824256658554,
                    -0.7152724266052246,
                    0.6836625933647156,
                    2.755932092666626
                ],
                [
                    0.9894489049911499,
                    0.10473547130823135,
                    -0.10010692477226257,
                    -0.4035439193248749
                ],
                [
                    0.0,
                    0.6909529566764832,
                    0.7228997349739075,
                    2.914102077484131
                ],
                [
                    0.0,
                    0.0,
                    0.0,
                    1.0
                ]
            ]
        },
        {
            "file_path": "/data/shapenet_blender/all_50_random/02958343/c21cb9575910e30bf0174ad879a5b1cc/r_41",
            "rotation": 0.12566370614359174,
            "transform_matrix": [
                [
                    0.8285896182060242,
                    0.39697301387786865,
                    0.3947804570198059,
                    1.5914109945297241
                ],
                [
                    0.5598564147949219,
                    -0.5875215530395508,
                    -0.584276556968689,
                    -2.3552944660186768
                ],
                [
                    0.0,
