{
    "class": "02958343",
    "model": "72ad8ebcd7dfbc87368990af61c704f7",
    "remove_doubles": true,
    "edge_split": true,
    "denoise": true,
    "camera_angle_x": 0.6911112070083618,
    "scale_factor": 2.284012330539991,
    "hdri_file": "/data/IndoorHDRDataset2018/9C4A8411-2f265757b3.exr",
    "center_offset": [
        0.0,
        -2.7939677238464355e-09,
        -3.725290298461914e-09
    ],
    "lights": [],
    "frames": [
        {
            "file_path": "/data/shapenet_blender/all_50_random/02958343/72ad8ebcd7dfbc87368990af61c704f7/r_0",
            "rotation": 0.12566370614359174,
            "transform_matrix": [
                [
                    0.5300644040107727,
                    0.0017016578931361437,
                    -0.8479556441307068,
                    -3.4182186126708984
                ],
                [
                    -0.8479572534561157,
                    0.0010637190425768495,
                    -0.5300633907318115,
                    -2.136753797531128
                ],
                [
                    0.0,
                    0.9999978542327881,
                    0.0020067731384187937,
                    0.008089561015367508
                ],
                [
                    0.0,
                    0.0,
                    0.0,
                    1.0
                ]
            ]
        },
        {
            "file_path": "/data/shapenet_blender/all_50_random/02958343/72ad8ebcd7dfbc87368990af61c704f7/r_1",
            "rotation": 0.12566370614359174,
            "transform_matrix": [
                [
                    -0.14695824682712555,
                    -0.7879406809806824,
                    -0.5979571342468262,
                    -2.410442352294922
                ],
                [
                    -0.9891427755355835,
                    0.11706538498401642,
                    0.08883927762508392,
                    0.3581225872039795
                ],
                [
                    0.0,
                    0.6045206189155579,
                    -0.7965894937515259,
                    -3.2111549377441406
                ],
                [
                    0.0,
                    0.0,
                    0.0,
                    1.0
                ]
            ]
        },
        {
            "file_path": "/data/shapenet_blender/all_50_random/02958343/72ad8ebcd7dfbc87368990af61c704f7/r_2",
            "rotation": 0.12566370614359174,
            "transform_matrix": [
                [
                    0.986112654209137,
                    -0.1458483636379242,
                    0.07943686097860336,
                    0.3202202320098877
                ],
                [
                    0.16607818007469177,
                    0.8659952282905579,
                    -0.4716675877571106,
                    -1.901352882385254
                ],
                [
                    7.450580596923828e-09,
                    0.4783101975917816,
                    0.8781910538673401,
                    3.5401012897491455
                ],
                [
                    0.0,
                    0.0,
                    0.0,
                    1.0
                ]
            ]
        },
        {
            "file_path": "/data/shapenet_blender/all_50_random/02958343/72ad8ebcd7dfbc87368990af61c704f7/r_3",
            "rotation": 0.12566370614359174,
            "transform_matrix": [
                [
                    -0.8938605785369873,
                    -0.19359725713729858,
                    0.4043927788734436,
                    1.6301593780517578
                ],
                [
                    0.44834527373313904,
                    -0.3859725594520569,
                    0.8062330484390259,
                    3.2500293254852295
                ],
                [
                    0.0,
                    0.9019674062728882,
                    0.43180397152900696,
                    1.7406574487686157
                ],
                [
                    0.0,
                    0.0,
                    0.0,
                    1.0
                ]
            ]
        },
        {
            "file_path": "/data/shapenet_blender/all_50_random/02958343/72ad8ebcd7dfbc87368990af61c704f7/r_4",
            "rotation": 0.12566370614359174,
            "transform_matrix": [
                [
                    0.6405680775642395,
                    0.7579983472824097,
                    -0.12292714416980743,
                    -0.4955351650714874
                ],
                [
                    -0.7679014801979065,
                    0.6323071122169495,
                    -0.10254337638616562,
                    -0.41336557269096375
                ],
                [
                    -7.450581485102248e-09,
                    0.1600816547870636,
                    0.9871037602424622,
                    3.979142427444458
                ],
                [
                    0.0,
                    0.0,
                    0.0,
                    1.0
                ]
            ]
        },
        {
            "file_path": "/data/shapenet_blender/all_50_random/02958343/72ad8ebcd7dfbc87368990af61c704f7/r_5",
            "rotation": 0.12566370614359174,
            "transform_matrix": [
                [
                    0.22005940973758698,
                    -0.5036517381668091,
                    -0.8354092836380005,
                    -3.367642641067505
                ],
                [
                    -0.9754864573478699,
                    -0.11361850798130035,
                    -0.18845948576927185,
                    -0.7597044706344604
                ],
                [
                    -7.450580596923828e-09,
                    0.8564027547836304,
                    -0.5163083076477051,
                    -2.0813052654266357
                ],
                [
                    0.0,
                    0.0,
                    0.0,
                    1.0
                ]
            ]
        },
        {
            "file_path": "/data/shapenet_blender/all_50_random/02958343/72ad8ebcd7dfbc87368990af61c704f7/r_6",
            "rotation": 0.12566370614359174,
            "transform_matrix": [
                [
                    0.9546695351600647,
                    0.08683029562234879,
                    0.28472188115119934,
                    1.1477506160736084
                ],
                [
                    0.2976676821708679,
                    -0.27847912907600403,
                    -0.9131501913070679,
                    -3.6810262203216553
                ],
                [
                    0.0,
                    0.9565092325210571,
                    -0.2917020916938782,
                    -1.1758887767791748
                ],
                [
                    0.0,
                    0.0,
                    0.0,
                    1.0
                ]
            ]
        },
        {
            "file_path": "/data/shapenet_blender/all_50_random/02958343/72ad8ebcd7dfbc87368990af61c704f7/r_7",
            "rotation": 0.12566370614359174,
            "transform_matrix": [
                [
                    -0.9892060160636902,
                    -0.08271196484565735,
                    0.12095571309328079,
                    0.4875880777835846
                ],
                [
                    0.14653176069259644,
                    -0.5583716034889221,
                    0.8165473341941833,
                    3.291607618331909
                ],
                [
                    0.0,
                    0.8254572749137878,
                    0.5644644498825073,
                    2.2754290103912354
                ],
                [
                    0.0,
                    0.0,
                    0.0,
                    1.0
                ]
            ]
        },
        {
            "file_path": "/data/shapenet_blender/all_50_random/02958343/72ad8ebcd7dfbc87368990af61c704f7/r_8",
            "rotation": 0.12566370614359174,
            "transform_matrix": [
                [
                    -0.9825757145881653,
                    -0.03933636471629143,
                    -0.18165235221385956,
                    -0.7322640419006348
                ],
                [
                    -0.18586266040802002,
                    0.20795440673828125,
                    0.9603176712989807,
                    3.871164321899414
                ],
                [
                    3.725290298461914e-09,
                    0.9773472547531128,
                    -0.21164211630821228,
                    -0.8531566858291626
                ],
                [
                    0.0,
                    0.0,
                    0.0,
                    1.0
                ]
            ]
        },
        {
            "file_path": "/data/shapenet_blender/all_50_random/02958343/72ad8ebcd7dfbc87368990af61c704f7/r_9",
            "rotation": 0.12566370614359174,
            "transform_matrix": [
                [
                    -0.38602808117866516,
                    0.8838372826576233,
                    0.2642233967781067,
                    1.0651185512542725
                ],
                [
                    0.9224870204925537,
                    0.36985453963279724,
                    0.11056812107563019,
                    0.4457143545150757
                ],
                [
                    7.450580596923828e-09,
                    0.28642499446868896,
                    -0.9581026434898376,
                    -3.8622353076934814
                ],
                [
                    0.0,
                    0.0,
                    0.0,
                    1.0
                ]
            ]
        },
        {
            "file_path": "/data/shapenet_blender/all_50_random/02958343/72ad8ebcd7dfbc87368990af61c704f7/r_10",
            "rotation": 0.12566370614359174,
            "transform_matrix": [
                [
                    0.04400743171572685,
                    -0.6238514184951782,
                    -0.7803029417991638,
                    -3.1455020904541016
                ],
                [
                    -0.9990312457084656,
                    -0.0274807196110487,
                    -0.03437242656946182,
                    -0.13855969905853271
                ],
                [
                    0.0,
                    0.781059741973877,
                    -0.6244562864303589,
                    -2.5172641277313232
                ],
                [
                    0.0,
                    0.0,
                    0.0,
                    1.0
                ]
            ]
        },
        {
            "file_path": "/data/shapenet_blender/all_50_random/02958343/72ad8ebcd7dfbc87368990af61c704f7/r_11",
            "rotation": 0.12566370614359174,
            "transform_matrix": [
                [
                    0.7578392624855042,
                    -0.3672023415565491,
                    -0.5392976999282837,
                    -2.173978805541992
                ],
                [
                    -0.6524412631988525,
                    -0.4265216886997223,
                    -0.6264179944992065,
                    -2.525171995162964
                ],
                [
                    -1.4901160305669237e-08,
                    0.8265843391418457,
                    -0.5628128051757812,
                    -2.268771171569824
                ],
                [
                    0.0,
                    0.0,
                    0.0,
                    1.0
                ]
            ]
        },
        {
            "file_path": "/data/shapenet_blender/all_50_random/02958343/72ad8ebcd7dfbc87368990af61c704f7/r_12",
            "rotation": 0.12566370614359174,
            "transform_matrix": [
                [
                    0.9214491844177246,
                    -0.18464548885822296,
                    -0.34181496500968933,
                    -1.377900242805481
                ],
                [
                    -0.3884989619255066,
                    -0.4379456639289856,
                    -0.8107231855392456,
                    -3.268129587173462
                ],
                [
                    0.0,
                    0.8798348903656006,
                    -0.4752793610095978,
                    -1.915912389755249
                ],
                [
                    0.0,
                    0.0,
                    0.0,
                    1.0
                ]
            ]
        },
        {
            "file_path": "/data/shapenet_blender/all_50_random/02958343/72ad8ebcd7dfbc87368990af61c704f7/r_13",
            "rotation": 0.12566370614359174,
            "transform_matrix": [
                [
                    0.6199809908866882,
                    0.011182563379406929,
                    -0.784537136554718,
                    -3.1625702381134033
                ],
                [
                    -0.7846167683601379,
                    0.008836131542921066,
                    -0.6199180483818054,
                    -2.498969554901123
                ],
                [
                    4.6566125955216364e-10,
                    0.9998984336853027,
                    0.014252261258661747,
                    0.05745270103216171
                ],
                [
                    0.0,
                    0.0,
                    0.0,
                    1.0
                ]
            ]
        },
        {
            "file_path": "/data/shapenet_blender/all_50_random/02958343/72ad8ebcd7dfbc87368990af61c704f7/r_14",
            "rotation": 0.12566370614359174,
            "transform_matrix": [
                [
                    -0.9997383952140808,
                    -0.004453232046216726,
                    0.0224346574395895,
                    0.09043699502944946
                ],
                [
                    0.02287236601114273,
                    -0.19464829564094543,
                    0.9806063771247864,
                    3.9529507160186768
                ],
                [
                    0.0,
                    0.9808630347251892,
                    0.1946992129087448,
                    0.7848576307296753
                ],
                [
                    0.0,
                    0.0,
                    0.0,
                    1.0
                ]
            ]
        },
        {
            "file_path": "/data/shapenet_blender/all_50_random/02958343/72ad8ebcd7dfbc87368990af61c704f7/r_15",
            "rotation": 0.12566370614359174,
            "transform_matrix": [
                [
                    0.9186264276504517,
                    0.059844013303518295,
                    -0.3905690610408783,
                    -1.5744343996047974
                ],
                [
                    -0.39512723684310913,
                    0.1391305923461914,
                    -0.9080291986465454,
                    -3.6603829860687256
                ],
                [
                    -3.725290298461914e-09,
                    0.9884641170501709,
                    0.15145502984523773,
                    0.6105347871780396
                ],
                [
                    0.0,
                    0.0,
                    0.0,
                    1.0
                ]
            ]
        },
        {
            "file_path": "/data/shapenet_blender/all_50_random/02958343/72ad8ebcd7dfbc87368990af61c704f7/r_16",
            "rotation": 0.12566370614359174,
            "transform_matrix": [
                [
                    -0.23193909227848053,
                    0.34223631024360657,
                    0.9105374813079834,
                    3.6704940795898438
                ],
                [
                    0.9727303385734558,
                    0.0816032811999321,
                    0.21710975468158722,
                    0.8751974105834961
                ],
                [
                    0.0,
                    0.9360636472702026,
                    -0.3518306314945221,
                    -1.4182746410369873
                ],
                [
                    0.0,
                    0.0,
                    0.0,
                    1.0
                ]
            ]
        },
        {
            "file_path": "/data/shapenet_blender/all_50_random/02958343/72ad8ebcd7dfbc87368990af61c704f7/r_17",
            "rotation": 0.12566370614359174,
            "transform_matrix": [
                [
                    0.7382695078849792,
                    0.18347693979740143,
                    -0.6490718126296997,
                    -2.616492509841919
                ],
                [
                    -0.6745058298110962,
                    0.20082174241542816,
                    -0.7104311585426331,
                    -2.863839864730835
                ],
                [
                    0.0,
                    0.9622924327850342,
                    0.2720167934894562,
                    1.0965348482131958
                ],
                [
                    0.0,
                    0.0,
                    0.0,
                    1.0
                ]
            ]
        },
        {
            "file_path": "/data/shapenet_blender/all_50_random/02958343/72ad8ebcd7dfbc87368990af61c704f7/r_18",
            "rotation": 0.12566370614359174,
            "transform_matrix": [
                [
                    0.5207753777503967,
                    -0.2614913582801819,
                    0.8126592636108398,
                    3.2759346961975098
                ],
                [
                    0.8536937832832336,
                    0.15951652824878693,
                    -0.4957433044910431,
                    -1.9984054565429688
                ],
                [
                    0.0,
                    0.9519332051277161,
                    0.30630576610565186,
                    1.2347581386566162
                ],
                [
                    0.0,
                    0.0,
                    0.0,
                    1.0
                ]
            ]
        },
        {
            "file_path": "/data/shapenet_blender/all_50_random/02958343/72ad8ebcd7dfbc87368990af61c704f7/r_19",
            "rotation": 0.12566370614359174,
            "transform_matrix": [
                [
                    -0.9447335004806519,
                    0.05917954444885254,
                    0.3224537968635559,
                    1.299852967262268
                ],
                [
                    0.3278394639492035,
                    0.17053742706775665,
                    0.9292137026786804,
                    3.7457804679870605
                ],
                [
                    0.0,
                    0.9835723638534546,
                    -0.18051379919052124,
                    -0.7276744842529297
                ],
                [
                    0.0,
                    0.0,
                    0.0,
                    1.0
                ]
            ]
        },
        {
            "file_path": "/data/shapenet_blender/all_50_random/02958343/72ad8ebcd7dfbc87368990af61c704f7/r_20",
            "rotation": 0.12566370614359174,
            "transform_matrix": [
                [
                    0.8829036355018616,
                    0.08298429846763611,
                    -0.4621632397174835,
                    -1.8630396127700806
                ],
                [
                    -0.4695543348789215,
                    0.15603548288345337,
                    -0.8690061569213867,
                    -3.5030758380889893
                ],
                [
                    0.0,
                    0.9842594265937805,
                    0.17672991752624512,
                    0.7124210596084595
                ],
                [
                    0.0,
                    0.0,
                    0.0,
                    1.0
                ]
            ]
        },
        {
            "file_path": "/data/shapenet_blender/all_50_random/02958343/72ad8ebcd7dfbc87368990af61c704f7/r_21",
            "rotation": 0.12566370614359174,
            "transform_matrix": [
                [
                    -0.6647265553474426,
                    -0.27490782737731934,
                    -0.6946684718132019,
                    -2.8002982139587402
                ],
                [
                    -0.747086763381958,
                    0.24460148811340332,
                    0.6180869340896606,
                    2.4915881156921387
                ],
                [
                    0.0,
                    0.9298363924026489,
                    -0.36797311902046204,
                    -1.4833470582962036
                ],
                [
                    0.0,
                    0.0,
                    0.0,
                    1.0
                ]
            ]
        },
        {
            "file_path": "/data/shapenet_blender/all_50_random/02958343/72ad8ebcd7dfbc87368990af61c704f7/r_22",
            "rotation": 0.12566370614359174,
            "transform_matrix": [
                [
                    -0.5739544034004211,
                    -0.7801279425621033,
                    0.24895118176937103,
                    1.0035542249679565
                ],
                [
                    0.8188871741294861,
                    -0.546788215637207,
                    0.17448876798152924,
                    0.7033867239952087
                ],
                [
                    1.4901158529312397e-08,
                    0.3040117919445038,
                    0.9526683688163757,
                    3.8403286933898926
                ],
                [
                    0.0,
                    0.0,
                    0.0,
                    1.0
                ]
            ]
        },
        {
            "file_path": "/data/shapenet_blender/all_50_random/02958343/72ad8ebcd7dfbc87368990af61c704f7/r_23",
            "rotation": 0.12566370614359174,
            "transform_matrix": [
                [
                    0.9159085750579834,
                    -0.033399417996406555,
                    -0.39999493956565857,
                    -1.6124311685562134
                ],
                [
                    -0.40138691663742065,
                    -0.07621277868747711,
                    -0.9127322435379028,
                    -3.6793413162231445
                ],
                [
                    -1.8626450382086546e-09,
                    0.9965320825576782,
                    -0.08321002125740051,
                    -0.3354303240776062
                ],
                [
                    0.0,
                    0.0,
                    0.0,
                    1.0
                ]
            ]
        },
        {
            "file_path": "/data/shapenet_blender/all_50_random/02958343/72ad8ebcd7dfbc87368990af61c704f7/r_24",
            "rotation": 0.12566370614359174,
            "transform_matrix": [
                [
                    0.9808862209320068,
                    0.08120037615299225,
                    -0.1768295168876648,
                    -0.7128225564956665
                ],
                [
                    -0.19458205997943878,
                    0.409330278635025,
                    -0.8913958072662354,
                    -3.5933313369750977
                ],
                [
                    7.4505797087454084e-09,
                    0.9087657332420349,
                    0.4173066020011902,
                    1.6822166442871094
                ],
                [
                    0.0,
                    0.0,
                    0.0,
                    1.0
                ]
            ]
        },
        {
            "file_path": "/data/shapenet_blender/all_50_random/02958343/72ad8ebcd7dfbc87368990af61c704f7/r_25",
            "rotation": 0.12566370614359174,
            "transform_matrix": [
                [
                    0.8054875731468201,
                    0.0131528927013278,
                    -0.5924667716026306,
                    -2.388309955596924
                ],
                [
                    -0.5926128029823303,
                    0.017877595499157906,
                    -0.805289089679718,
                    -3.2462239265441895
                ],
                [
                    0.0,
                    0.9997535347938538,
                    0.02219475246965885,
                    0.08946990221738815
                ],
                [
                    0.0,
                    0.0,
                    0.0,
                    1.0
                ]
            ]
        },
        {
            "file_path": "/data/shapenet_blender/all_50_random/02958343/72ad8ebcd7dfbc87368990af61c704f7/r_26",
            "rotation": 0.12566370614359174,
            "transform_matrix": [
                [
                    0.7161261439323425,
                    -0.06457514315843582,
                    -0.6949772834777832,
                    -2.8015429973602295
                ],
                [
                    -0.6979709267616272,
                    -0.06625483930110931,
                    -0.7130546569824219,
                    -2.874415159225464
                ],
                [
                    -3.7252898543727042e-09,
                    0.9957109689712524,
                    -0.0925183892250061,
                    -0.37295353412628174
                ],
                [
                    0.0,
                    0.0,
                    0.0,
                    1.0
                ]
            ]
        },
        {
            "file_path": "/data/shapenet_blender/all_50_random/02958343/72ad8ebcd7dfbc87368990af61c704f7/r_27",
            "rotation": 0.12566370614359174,
            "transform_matrix": [
                [
                    0.14663980901241302,
                    -0.35855528712272644,
                    0.9219191074371338,
                    3.716374635696411
                ],
                [
                    0.9891899824142456,
                    0.053153060376644135,
                    -0.136667400598526,
                    -0.5509238839149475
                ],
                [
                    0.0,
                    0.9319940209388733,
                    0.36247363686561584,
                    1.461177945137024
                ],
                [
                    0.0,
                    0.0,
                    0.0,
                    1.0
                ]
            ]
        },
        {
            "file_path": "/data/shapenet_blender/all_50_random/02958343/72ad8ebcd7dfbc87368990af61c704f7/r_28",
            "rotation": 0.12566370614359174,
            "transform_matrix": [
                [
                    0.8213628530502319,
                    0.13399945199489594,
                    0.5544431805610657,
                    2.235031843185425
                ],
                [
                    0.5704060196876526,
                    -0.19295407831668854,
                    -0.7983769178390503,
                    -3.218360185623169
                ],
                [
                    0.0,
                    0.9720147252082825,
                    -0.23491942882537842,
                    -0.9469904899597168
                ],
                [
                    0.0,
                    0.0,
                    0.0,
                    1.0
                ]
            ]
        },
        {
            "file_path": "/data/shapenet_blender/all_50_random/02958343/72ad8ebcd7dfbc87368990af61c704f7/r_29",
            "rotation": 0.12566370614359174,
            "transform_matrix": [
                [
                    0.14888377487659454,
                    -0.7593402862548828,
                    -0.6334318518638611,
                    -2.553445816040039
                ],
                [
                    -0.9888547658920288,
                    -0.11432766169309616,
                    -0.09537065774202347,
                    -0.3844514489173889
                ],
                [
                    0.0,
                    0.6405712366104126,
                    -0.7678986191749573,
                    -3.095498561859131
                ],
                [
                    0.0,
                    0.0,
                    0.0,
                    1.0
                ]
            ]
        },
        {
            "file_path": "/data/shapenet_blender/all_50_random/02958343/72ad8ebcd7dfbc87368990af61c704f7/r_30",
            "rotation": 0.12566370614359174,
            "transform_matrix": [
                [
                    0.5967467427253723,
                    0.5847461819648743,
                    0.5495134592056274,
                    2.2151598930358887
                ],
                [
                    0.8024296164512634,
                    -0.43486109375953674,
                    -0.4086593985557556,
                    -1.6473588943481445
                ],
                [
                    0.0,
                    0.6848121285438538,
                    -0.7287195920944214,
                    -2.937562942504883
                ],
                [
                    0.0,
                    0.0,
                    0.0,
                    1.0
                ]
            ]
        },
        {
            "file_path": "/data/shapenet_blender/all_50_random/02958343/72ad8ebcd7dfbc87368990af61c704f7/r_31",
            "rotation": 0.12566370614359174,
            "transform_matrix": [
                [
                    0.027471918612718582,
                    0.4687442183494568,
                    0.8829066157341003,
                    3.559110403060913
                ],
                [
                    0.999622642993927,
                    -0.012882162816822529,
                    -0.024264294654130936,
                    -0.09781250357627869
                ],
                [
                    -1.862645371275562e-09,
                    0.8832399249076843,
                    -0.4689212143421173,
                    -1.8902819156646729
                ],
                [
                    0.0,
                    0.0,
                    0.0,
                    1.0
                ]
            ]
        },
        {
            "file_path": "/data/shapenet_blender/all_50_random/02958343/72ad8ebcd7dfbc87368990af61c704f7/r_32",
            "rotation": 0.12566370614359174,
            "transform_matrix": [
                [
                    -0.030888592824339867,
                    -0.3480718433856964,
                    -0.9369587898254395,
                    -3.7770018577575684
                ],
                [
                    -0.9995229244232178,
                    0.010756580159068108,
                    0.02895515225827694,
                    0.11672195792198181
                ],
                [
                    -9.31322685637781e-10,
                    0.9374061226844788,
                    -0.3482379913330078,
                    -1.403792381286621
                ],
                [
                    0.0,
                    0.0,
                    0.0,
                    1.0
                ]
            ]
        },
        {
            "file_path": "/data/shapenet_blender/all_50_random/02958343/72ad8ebcd7dfbc87368990af61c704f7/r_33",
            "rotation": 0.12566370614359174,
            "transform_matrix": [
                [
                    -0.23608137667179108,
                    -0.48947256803512573,
                    -0.8394535183906555,
                    -3.3839454650878906
                ],
                [
                    -0.9717333316802979,
                    0.11891673505306244,
                    0.2039441615343094,
                    0.8221251964569092
                ],
                [
                    0.0,
                    0.8638722896575928,
                    -0.5037107467651367,
                    -2.0305230617523193
                ],
                [
                    0.0,
                    0.0,
                    0.0,
                    1.0
                ]
            ]
        },
        {
            "file_path": "/data/shapenet_blender/all_50_random/02958343/72ad8ebcd7dfbc87368990af61c704f7/r_34",
            "rotation": 0.12566370614359174,
            "transform_matrix": [
                [
                    0.4476102292537689,
                    0.7972055673599243,
                    -0.40510281920433044,
                    -1.6330217123031616
                ],
                [
                    -0.8942287564277649,
                    0.39904484152793884,
                    -0.20277604460716248,
                    -0.8174163699150085
                ],
                [
                    0.0,
                    0.45301905274391174,
                    0.8915007710456848,
                    3.593754529953003
                ],
                [
                    0.0,
                    0.0,
                    0.0,
                    1.0
                ]
            ]
        },
        {
            "file_path": "/data/shapenet_blender/all_50_random/02958343/72ad8ebcd7dfbc87368990af61c704f7/r_35",
            "rotation": 0.12566370614359174,
            "transform_matrix": [
                [
                    -0.12181109189987183,
                    0.15774904191493988,
                    0.9799373745918274,
                    3.950253963470459
                ],
                [
                    0.9925534129142761,
                    0.01935974694788456,
                    0.12026277929544449,
                    0.4847947657108307
                ],
                [
                    0.0,
                    0.9872893691062927,
                    -0.15893256664276123,
                    -0.6406776905059814
                ],
                [
                    0.0,
                    0.0,
                    0.0,
                    1.0
                ]
            ]
        },
        {
            "file_path": "/data/shapenet_blender/all_50_random/02958343/72ad8ebcd7dfbc87368990af61c704f7/r_36",
            "rotation": 0.12566370614359174,
            "transform_matrix": [
                [
                    -0.8903141617774963,
                    0.19467651844024658,
                    0.41163286566734314,
                    1.6593451499938965
                ],
                [
                    0.45534661412239075,
                    0.38064026832580566,
                    0.8048430681228638,
                    3.2444262504577637
                ],
                [
                    0.0,
                    0.9039989113807678,
                    -0.42753472924232483,
                    -1.723447561264038
                ],
                [
                    0.0,
                    0.0,
                    0.0,
                    1.0
                ]
            ]
        },
        {
            "file_path": "/data/shapenet_blender/all_50_random/02958343/72ad8ebcd7dfbc87368990af61c704f7/r_37",
            "rotation": 0.12566370614359174,
            "transform_matrix": [
                [
                    -0.05499490723013878,
                    -0.47254034876823425,
                    0.8795914649963379,
                    3.5457465648651123
                ],
                [
                    0.9984866380691528,
                    -0.02602669782936573,
                    0.04844636470079422,
                    0.19529354572296143
                ],
                [
                    -1.862645149230957e-09,
                    0.880924642086029,
                    0.47325655817985535,
                    1.9077582359313965
                ],
                [
                    0.0,
                    0.0,
                    0.0,
                    1.0
                ]
            ]
        },
        {
            "file_path": "/data/shapenet_blender/all_50_random/02958343/72ad8ebcd7dfbc87368990af61c704f7/r_38",
            "rotation": 0.12566370614359174,
            "transform_matrix": [
                [
                    -0.2338881492614746,
                    -0.05992940068244934,
                    -0.9704148173332214,
                    -3.9118669033050537
                ],
                [
                    -0.9722635746002197,
                    0.014416642487049103,
                    0.23344340920448303,
                    0.9410403966903687
                ],
                [
                    0.0,
                    0.9980984330177307,
                    -0.06163906306028366,
                    -0.24847498536109924
                ],
                [
                    0.0,
                    0.0,
                    0.0,
                    1.0
                ]
            ]
        },
        {
            "file_path": "/data/shapenet_blender/all_50_random/02958343/72ad8ebcd7dfbc87368990af61c704f7/r_39",
            "rotation": 0.12566370614359174,
            "transform_matrix": [
                [
                    -0.25107401609420776,
                    -0.08311954140663147,
                    -0.9643925428390503,
                    -3.8875906467437744
                ],
                [
                    -0.9679679274559021,
                    0.021559763699769974,
                    0.25014662742614746,
                    1.0083732604980469
                ],
                [
                    1.862645371275562e-09,
                    0.9963062405586243,
                    -0.0858701542019844,
                    -0.3461536765098572
                ],
                [
                    0.0,
                    0.0,
                    0.0,
                    1.0
                ]
            ]
        },
        {
            "file_path": "/data/shapenet_blender/all_50_random/02958343/72ad8ebcd7dfbc87368990af61c704f7/r_40",
            "rotation": 0.12566370614359174,
            "transform_matrix": [
                [
                    -0.9050324559211731,
                    0.20581422746181488,
                    -0.3722323477268219,
                    -1.500516653060913
                ],
                [
                    -0.4253427982330322,
                    -0.4379257559776306,
                    0.7920255661010742,
                    3.1927573680877686
                ],
                [
                    -1.4901162970204496e-08,
                    0.8751351237297058,
                    0.48387858271598816,
                    1.9505770206451416
                ],
                [
                    0.0,
                    0.0,
                    0.0,
                    1.0
                ]
            ]
        },
        {
            "file_path": "/data/shapenet_blender/all_50_random/02958343/72ad8ebcd7dfbc87368990af61c704f7/r_41",
            "rotation": 0.12566370614359174,
            "transform_matrix": [
                [
                    0.999760627746582,
                    0.013965817168354988,
                    0.016841581091284752,
                    0.06789058446884155
                ],
                [
                    0.02187882363796234,
                    -0.63817298412323,
                    -0.7695820331573486,
                    -3.1022844314575195
                ],
                [
