{
    "class": "02958343",
    "model": "8a5b15ec0ed8e9aaba44b506f43666fc",
    "remove_doubles": true,
    "edge_split": true,
    "denoise": true,
    "camera_angle_x": 0.6911112070083618,
    "scale_factor": 2.261750008729,
    "hdri_file": "/data/IndoorHDRDataset2018/9C4A0792-5b369124ba.exr",
    "center_offset": [
        0.0,
        0.0,
        -1.862645149230957e-09
    ],
    "lights": [],
    "frames": [
        {
            "file_path": "/data/shapenet_blender/all_50_random/02958343/8a5b15ec0ed8e9aaba44b506f43666fc/r_0",
            "rotation": 0.12566370614359174,
            "transform_matrix": [
                [
                    0.9951865673065186,
                    -0.023152032867074013,
                    -0.09522458910942078,
                    -0.38386261463165283
                ],
                [
                    -0.09799867868423462,
                    -0.23511125147342682,
                    -0.9670153856277466,
                    -3.8981640338897705
                ],
                [
                    -1.862645149230957e-09,
                    0.971692681312561,
                    -0.23624838888645172,
                    -0.9523477554321289
                ],
                [
                    0.0,
                    0.0,
                    0.0,
                    1.0
                ]
            ]
        },
        {
            "file_path": "/data/shapenet_blender/all_50_random/02958343/8a5b15ec0ed8e9aaba44b506f43666fc/r_1",
            "rotation": 0.12566370614359174,
            "transform_matrix": [
                [
                    -0.9908273220062256,
                    0.015796536579728127,
                    0.1342075914144516,
                    0.5410081148147583
                ],
                [
                    0.1351340413093567,
                    0.11582308262586594,
                    0.9840344190597534,
                    3.9667696952819824
                ],
                [
                    -1.862645149230957e-09,
                    0.9931442737579346,
                    -0.11689531803131104,
                    -0.47122010588645935
                ],
                [
                    0.0,
                    0.0,
                    0.0,
                    1.0
                ]
            ]
        },
        {
            "file_path": "/data/shapenet_blender/all_50_random/02958343/8a5b15ec0ed8e9aaba44b506f43666fc/r_2",
            "rotation": 0.12566370614359174,
            "transform_matrix": [
                [
                    0.627704918384552,
                    -0.45736387372016907,
                    -0.6299244165420532,
                    -2.539306879043579
                ],
                [
                    -0.7784514427185059,
                    -0.3687957227230072,
                    -0.5079400539398193,
                    -2.047572135925293
                ],
                [
                    0.0,
                    0.8092021346092224,
                    -0.5875303149223328,
                    -2.368410587310791
                ],
                [
                    0.0,
                    0.0,
                    0.0,
                    1.0
                ]
            ]
        },
        {
            "file_path": "/data/shapenet_blender/all_50_random/02958343/8a5b15ec0ed8e9aaba44b506f43666fc/r_3",
            "rotation": 0.12566370614359174,
            "transform_matrix": [
                [
                    -0.594353973865509,
                    0.14863239228725433,
                    0.7903490662574768,
                    3.1859991550445557
                ],
                [
                    0.8042035698890686,
                    0.10984814167022705,
                    0.5841147303581238,
                    2.354641914367676
                ],
                [
                    0.0,
                    0.9827724099159241,
                    -0.18481937050819397,
                    -0.7450307607650757
                ],
                [
                    0.0,
                    0.0,
                    0.0,
                    1.0
                ]
            ]
        },
        {
            "file_path": "/data/shapenet_blender/all_50_random/02958343/8a5b15ec0ed8e9aaba44b506f43666fc/r_4",
            "rotation": 0.12566370614359174,
            "transform_matrix": [
                [
                    -0.940291166305542,
                    -0.029936648905277252,
                    -0.3390521705150604,
                    -1.3667631149291992
                ],
                [
                    -0.3403712511062622,
                    0.08270134776830673,
                    0.9366470575332642,
                    3.775745391845703
                ],
                [
                    -1.862645371275562e-09,
                    0.9961245656013489,
                    -0.08795291185379028,
                    -0.3545495569705963
                ],
                [
                    0.0,
                    0.0,
                    0.0,
                    1.0
                ]
            ]
        },
        {
            "file_path": "/data/shapenet_blender/all_50_random/02958343/8a5b15ec0ed8e9aaba44b506f43666fc/r_5",
            "rotation": 0.12566370614359174,
            "transform_matrix": [
                [
                    -0.02441052906215191,
                    0.2952301502227783,
                    -0.9551142454147339,
                    -3.850188732147217
                ],
                [
                    -0.9997020363807678,
                    -0.007208871655166149,
                    0.023321792483329773,
                    0.09401315450668335
                ],
                [
                    4.656612873077393e-10,
                    0.9553989768028259,
                    0.2953181266784668,
                    1.1904654502868652
                ],
                [
                    0.0,
                    0.0,
                    0.0,
                    1.0
                ]
            ]
        },
        {
            "file_path": "/data/shapenet_blender/all_50_random/02958343/8a5b15ec0ed8e9aaba44b506f43666fc/r_6",
            "rotation": 0.12566370614359174,
            "transform_matrix": [
                [
                    0.9657260775566101,
                    -0.15611031651496887,
                    0.2073708474636078,
                    0.8359386920928955
                ],
                [
                    0.25956329703330994,
                    0.5808209180831909,
                    -0.7715398073196411,
                    -3.1101768016815186
                ],
                [
                    -7.450580596923828e-09,
                    0.798922061920166,
                    0.6014344096183777,
                    2.424459934234619
                ],
                [
                    0.0,
                    0.0,
                    0.0,
                    1.0
                ]
            ]
        },
        {
            "file_path": "/data/shapenet_blender/all_50_random/02958343/8a5b15ec0ed8e9aaba44b506f43666fc/r_7",
            "rotation": 0.12566370614359174,
            "transform_matrix": [
                [
                    0.9998626708984375,
                    -0.01089103240519762,
                    -0.01249316893517971,
                    -0.050361573696136475
                ],
                [
                    -0.016573892906308174,
                    -0.6570295691490173,
                    -0.753682553768158,
                    -3.038191556930542
                ],
                [
                    0.0,
                    0.7537859678268433,
                    -0.657119870185852,
                    -2.648934841156006
                ],
                [
                    0.0,
                    0.0,
                    0.0,
                    1.0
                ]
            ]
        },
        {
            "file_path": "/data/shapenet_blender/all_50_random/02958343/8a5b15ec0ed8e9aaba44b506f43666fc/r_8",
            "rotation": 0.12566370614359174,
            "transform_matrix": [
                [
                    0.1718047708272934,
                    -0.36425408720970154,
                    0.9153152108192444,
                    3.689753770828247
                ],
                [
                    0.985131025314331,
                    0.06352514773607254,
                    -0.15962904691696167,
                    -0.6434853076934814
                ],
                [
                    0.0,
                    0.9291304349899292,
                    0.3697519302368164,
                    1.4905178546905518
                ],
                [
                    0.0,
                    0.0,
                    0.0,
                    1.0
                ]
            ]
        },
        {
            "file_path": "/data/shapenet_blender/all_50_random/02958343/8a5b15ec0ed8e9aaba44b506f43666fc/r_9",
            "rotation": 0.12566370614359174,
            "transform_matrix": [
                [
                    -0.5543648600578308,
                    -0.5866867303848267,
                    -0.5903204083442688,
                    -2.379657745361328
                ],
                [
                    -0.8322736620903015,
                    0.3907831609249115,
                    0.3932034969329834,
                    1.5850540399551392
                ],
                [
                    0.0,
                    0.7092863321304321,
                    -0.7049204111099243,
                    -2.8416249752044678
                ],
                [
                    0.0,
                    0.0,
                    0.0,
                    1.0
                ]
            ]
        },
        {
            "file_path": "/data/shapenet_blender/all_50_random/02958343/8a5b15ec0ed8e9aaba44b506f43666fc/r_10",
            "rotation": 0.12566370614359174,
            "transform_matrix": [
                [
                    -0.900732159614563,
                    -0.04801410809159279,
                    0.43171319365501404,
                    1.7402913570404053
                ],
                [
                    0.43437495827674866,
                    -0.09956340491771698,
                    0.8952126502990723,
                    3.608717203140259
                ],
                [
                    0.0,
                    0.9938719868659973,
                    0.1105361059308052,
                    0.4455852508544922
                ],
                [
                    0.0,
                    0.0,
                    0.0,
                    1.0
                ]
            ]
        },
        {
            "file_path": "/data/shapenet_blender/all_50_random/02958343/8a5b15ec0ed8e9aaba44b506f43666fc/r_11",
            "rotation": 0.12566370614359174,
            "transform_matrix": [
                [
                    0.2916879951953888,
                    -0.18095646798610687,
                    0.939240574836731,
                    3.7861998081207275
                ],
                [
                    0.9565135836601257,
                    0.05518252030014992,
                    -0.286420613527298,
                    -1.1545984745025635
                ],
                [
                    -3.725290742551124e-09,
                    0.9819415807723999,
                    0.18918341398239136,
                    0.7626227140426636
                ],
                [
                    0.0,
                    0.0,
                    0.0,
                    1.0
                ]
            ]
        },
        {
            "file_path": "/data/shapenet_blender/all_50_random/02958343/8a5b15ec0ed8e9aaba44b506f43666fc/r_12",
            "rotation": 0.12566370614359174,
            "transform_matrix": [
                [
                    -0.9998603463172913,
                    0.0019629548769444227,
                    0.016597487032413483,
                    0.06690660119056702
                ],
                [
                    0.016713161021471024,
                    0.11743325740098953,
                    0.9929401874542236,
                    4.002669334411621
                ],
                [
                    -1.1641530794914701e-10,
                    0.9930788278579712,
                    -0.11744967103004456,
                    -0.47345471382141113
                ],
                [
                    0.0,
                    0.0,
                    0.0,
                    1.0
                ]
            ]
        },
        {
            "file_path": "/data/shapenet_blender/all_50_random/02958343/8a5b15ec0ed8e9aaba44b506f43666fc/r_13",
            "rotation": 0.12566370614359174,
            "transform_matrix": [
                [
                    0.7826918959617615,
                    0.11021452397108078,
                    0.6125733256340027,
                    2.469362258911133
                ],
                [
                    0.6224093437194824,
                    -0.13859689235687256,
                    -0.770322859287262,
                    -3.105271100997925
                ],
                [
                    -7.450580596923828e-09,
                    0.9841969609260559,
                    -0.17707720398902893,
                    -0.7138211131095886
                ],
                [
                    0.0,
                    0.0,
                    0.0,
                    1.0
                ]
            ]
        },
        {
            "file_path": "/data/shapenet_blender/all_50_random/02958343/8a5b15ec0ed8e9aaba44b506f43666fc/r_14",
            "rotation": 0.12566370614359174,
            "transform_matrix": [
                [
                    0.6934533715248108,
                    -0.5842112898826599,
                    0.42168644070625305,
                    1.6998724937438965
                ],
                [
                    0.7205015420913696,
                    0.5622795820236206,
                    -0.40585604310035706,
                    -1.6360582113265991
                ],
                [
                    1.4901162970204496e-08,
                    0.585267961025238,
                    0.810839831829071,
                    3.2686002254486084
                ],
                [
                    0.0,
                    0.0,
                    0.0,
                    1.0
                ]
            ]
        },
        {
            "file_path": "/data/shapenet_blender/all_50_random/02958343/8a5b15ec0ed8e9aaba44b506f43666fc/r_15",
            "rotation": 0.12566370614359174,
            "transform_matrix": [
                [
                    0.9996039271354675,
                    -0.026386575773358345,
                    -0.009792029857635498,
                    -0.03947293758392334
                ],
                [
                    -0.028144899755716324,
                    -0.9371546506881714,
                    -0.3477770686149597,
                    -1.401934266090393
                ],
                [
                    -9.313225746154785e-10,
                    0.3479149639606476,
                    -0.9375260472297668,
                    -3.7792885303497314
                ],
                [
                    0.0,
                    0.0,
                    0.0,
                    1.0
                ]
            ]
        },
        {
            "file_path": "/data/shapenet_blender/all_50_random/02958343/8a5b15ec0ed8e9aaba44b506f43666fc/r_16",
            "rotation": 0.12566370614359174,
            "transform_matrix": [
                [
                    -0.974457859992981,
                    0.02588120847940445,
                    -0.2230742871761322,
                    -0.8992410898208618
                ],
                [
                    -0.2245706468820572,
                    -0.11230386048555374,
                    0.9679648876190186,
                    3.9019908905029297
                ],
                [
                    -3.725290298461914e-09,
                    0.9933367371559143,
                    0.11524754017591476,
                    0.46457764506340027
                ],
                [
                    0.0,
                    0.0,
                    0.0,
                    1.0
                ]
            ]
        },
        {
            "file_path": "/data/shapenet_blender/all_50_random/02958343/8a5b15ec0ed8e9aaba44b506f43666fc/r_17",
            "rotation": 0.12566370614359174,
            "transform_matrix": [
                [
                    0.2888799011707306,
                    -0.04822984337806702,
                    0.956149697303772,
                    3.854362726211548
                ],
                [
                    0.9573654532432556,
                    0.014553097076714039,
                    -0.28851306438446045,
                    -1.163033366203308
                ],
                [
                    9.31322685637781e-10,
                    0.9987302422523499,
                    0.05037767440080643,
                    0.20307889580726624
                ],
                [
                    0.0,
                    0.0,
                    0.0,
                    1.0
                ]
            ]
        },
        {
            "file_path": "/data/shapenet_blender/all_50_random/02958343/8a5b15ec0ed8e9aaba44b506f43666fc/r_18",
            "rotation": 0.12566370614359174,
            "transform_matrix": [
                [
                    0.5043938755989075,
                    0.48296573758125305,
                    -0.7157729268074036,
                    -2.885373115539551
                ],
                [
                    -0.863473653793335,
                    0.28212204575538635,
                    -0.4181152284145355,
                    -1.685476541519165
                ],
                [
                    -1.4901159417490817e-08,
                    0.8289459347724915,
                    0.5593287348747253,
                    2.2547264099121094
                ],
                [
                    0.0,
                    0.0,
                    0.0,
                    1.0
                ]
            ]
        },
        {
            "file_path": "/data/shapenet_blender/all_50_random/02958343/8a5b15ec0ed8e9aaba44b506f43666fc/r_19",
            "rotation": 0.12566370614359174,
            "transform_matrix": [
                [
                    0.9898135662078857,
                    -0.12371143698692322,
                    0.07045932114124298,
                    0.28403061628341675
                ],
                [
                    0.142369344830513,
                    0.8600955605506897,
                    -0.489863783121109,
                    -1.9747040271759033
                ],
                [
                    3.725290076417309e-09,
                    0.4949050843715668,
                    0.8689470291137695,
                    3.5028374195098877
                ],
                [
                    0.0,
                    0.0,
                    0.0,
                    1.0
                ]
            ]
        },
        {
            "file_path": "/data/shapenet_blender/all_50_random/02958343/8a5b15ec0ed8e9aaba44b506f43666fc/r_20",
            "rotation": 0.12566370614359174,
            "transform_matrix": [
                [
                    0.23409324884414673,
                    -0.4784429371356964,
                    -0.8463408350944519,
                    -3.4117085933685303
                ],
                [
                    -0.9722142219543457,
                    -0.11520121991634369,
                    -0.2037850022315979,
                    -0.8214834928512573
                ],
                [
                    0.0,
                    0.8705291748046875,
                    -0.49211686849594116,
                    -1.9837863445281982
                ],
                [
                    0.0,
                    0.0,
                    0.0,
                    1.0
                ]
            ]
        },
        {
            "file_path": "/data/shapenet_blender/all_50_random/02958343/8a5b15ec0ed8e9aaba44b506f43666fc/r_21",
            "rotation": 0.12566370614359174,
            "transform_matrix": [
                [
                    -0.659194827079773,
                    0.2756626307964325,
                    0.6996228694915771,
                    2.820270299911499
                ],
                [
                    0.7519723176956177,
                    0.2416517287492752,
                    0.6133042573928833,
                    2.472308874130249
                ],
                [
                    0.0,
                    0.9303840398788452,
                    -0.36658617854118347,
                    -1.4777562618255615
                ],
                [
                    0.0,
                    0.0,
                    0.0,
                    1.0
                ]
            ]
        },
        {
            "file_path": "/data/shapenet_blender/all_50_random/02958343/8a5b15ec0ed8e9aaba44b506f43666fc/r_22",
            "rotation": 0.12566370614359174,
            "transform_matrix": [
                [
                    -0.8539261221885681,
                    -0.030543550848960876,
                    -0.5194971561431885,
                    -2.094160318374634
                ],
                [
                    -0.5203943848609924,
                    0.050119560211896896,
                    0.852453887462616,
                    3.436351776123047
                ],
                [
                    1.862645371275562e-09,
                    0.9982760548591614,
                    -0.05869308486580849,
                    -0.236599400639534
                ],
                [
                    0.0,
                    0.0,
                    0.0,
                    1.0
                ]
            ]
        },
        {
            "file_path": "/data/shapenet_blender/all_50_random/02958343/8a5b15ec0ed8e9aaba44b506f43666fc/r_23",
            "rotation": 0.12566370614359174,
            "transform_matrix": [
                [
                    0.09261006861925125,
                    -0.20113685727119446,
                    0.9751754403114319,
                    3.931058168411255
                ],
                [
                    0.9957024455070496,
                    0.018707696348428726,
                    -0.09070085734128952,
                    -0.36562687158584595
                ],
                [
                    0.0,
                    0.9793844819068909,
                    0.20200495421886444,
                    0.8143081068992615
                ],
                [
                    0.0,
                    0.0,
                    0.0,
                    1.0
                ]
            ]
        },
        {
            "file_path": "/data/shapenet_blender/all_50_random/02958343/8a5b15ec0ed8e9aaba44b506f43666fc/r_24",
            "rotation": 0.12566370614359174,
            "transform_matrix": [
                [
                    0.976177453994751,
                    0.005093245767056942,
                    -0.21691423654556274,
                    -0.8744093179702759
                ],
                [
                    -0.21697406470775604,
                    0.02291477471590042,
                    -0.9759082794189453,
                    -3.9340124130249023
                ],
                [
                    0.0,
                    0.9997243285179138,
                    0.023473985493183136,
                    0.09462667256593704
                ],
                [
                    0.0,
                    0.0,
                    0.0,
                    1.0
                ]
            ]
        },
        {
            "file_path": "/data/shapenet_blender/all_50_random/02958343/8a5b15ec0ed8e9aaba44b506f43666fc/r_25",
            "rotation": 0.12566370614359174,
            "transform_matrix": [
                [
                    -0.23673750460147858,
                    0.08746373653411865,
                    -0.9676287770271301,
                    -3.9006364345550537
                ],
                [
                    -0.9715736508369446,
                    -0.021311761811375618,
                    0.23577627539634705,
                    0.9504445791244507
                ],
                [
                    0.0,
                    0.9959396719932556,
                    0.09002276510000229,
                    0.36289337277412415
                ],
                [
                    0.0,
                    0.0,
                    0.0,
                    1.0
                ]
            ]
        },
        {
            "file_path": "/data/shapenet_blender/all_50_random/02958343/8a5b15ec0ed8e9aaba44b506f43666fc/r_26",
            "rotation": 0.12566370614359174,
            "transform_matrix": [
                [
                    -0.9999933242797852,
                    0.003370538353919983,
                    0.0014132453361526132,
                    0.005696974694728851
                ],
                [
                    0.0036548315547406673,
                    0.922208309173584,
                    0.3866761028766632,
                    1.5587413311004639
                ],
                [
                    0.0,
                    0.3866786062717438,
                    -0.9222144484519958,
                    -3.7175655364990234
                ],
                [
                    0.0,
                    0.0,
                    0.0,
                    1.0
                ]
            ]
        },
        {
            "file_path": "/data/shapenet_blender/all_50_random/02958343/8a5b15ec0ed8e9aaba44b506f43666fc/r_27",
            "rotation": 0.12566370614359174,
            "transform_matrix": [
                [
                    -0.948345959186554,
                    -0.21324507892131805,
                    0.23487542569637299,
                    0.94681316614151
                ],
                [
                    0.3172379732131958,
                    -0.6374712586402893,
                    0.7021327018737793,
                    2.830387592315674
                ],
                [
                    0.0,
                    0.7403760552406311,
                    0.6721927523612976,
                    2.709695816040039
                ],
                [
                    0.0,
                    0.0,
                    0.0,
                    1.0
                ]
            ]
        },
        {
            "file_path": "/data/shapenet_blender/all_50_random/02958343/8a5b15ec0ed8e9aaba44b506f43666fc/r_28",
            "rotation": 0.12566370614359174,
            "transform_matrix": [
                [
                    -0.8379487991333008,
                    -0.38634058833122253,
                    -0.38546445965766907,
                    -1.5538568496704102
                ],
                [
                    -0.5457489490509033,
                    0.593191385269165,
                    0.591846227645874,
                    2.3858084678649902
                ],
                [
                    -2.9802322387695312e-08,
                    0.706303596496582,
                    -0.7079089879989624,
                    -2.8536722660064697
                ],
                [
                    0.0,
                    0.0,
                    0.0,
                    1.0
                ]
            ]
        },
        {
            "file_path": "/data/shapenet_blender/all_50_random/02958343/8a5b15ec0ed8e9aaba44b506f43666fc/r_29",
            "rotation": 0.12566370614359174,
            "transform_matrix": [
                [
                    -0.2977884113788605,
                    0.24321512877941132,
                    -0.923129677772522,
                    -3.721254825592041
                ],
                [
                    -0.9546319246292114,
                    -0.07586867362260818,
                    0.28796160221099854,
                    1.1608103513717651
                ],
                [
                    -7.450580596923828e-09,
                    0.9670007228851318,
                    0.25477370619773865,
                    1.0270256996154785
                ],
                [
                    0.0,
                    0.0,
                    0.0,
                    1.0
                ]
            ]
        },
        {
            "file_path": "/data/shapenet_blender/all_50_random/02958343/8a5b15ec0ed8e9aaba44b506f43666fc/r_30",
            "rotation": 0.12566370614359174,
            "transform_matrix": [
                [
                    0.12509003281593323,
                    -0.42497947812080383,
                    0.8965182304382324,
                    3.613980531692505
                ],
                [
                    0.9921454191207886,
                    0.05358155816793442,
                    -0.11303331702947617,
                    -0.4556518793106079
                ],
                [
                    -3.725290298461914e-09,
                    0.9036158323287964,
                    0.42834392189979553,
                    1.7267096042633057
                ],
                [
                    0.0,
                    0.0,
                    0.0,
                    1.0
                ]
            ]
        },
        {
            "file_path": "/data/shapenet_blender/all_50_random/02958343/8a5b15ec0ed8e9aaba44b506f43666fc/r_31",
            "rotation": 0.12566370614359174,
            "transform_matrix": [
                [
                    -0.467427521944046,
                    0.5208601355552673,
                    0.7142941355705261,
                    2.8794116973876953
                ],
                [
                    0.8840314149856567,
                    0.2754024267196655,
                    0.3776797354221344,
                    1.5224757194519043
                ],
                [
                    -2.9802322387695312e-08,
                    0.8079962730407715,
                    -0.5891874432563782,
                    -2.3750905990600586
                ],
                [
                    0.0,
                    0.0,
                    0.0,
                    1.0
                ]
            ]
        },
        {
            "file_path": "/data/shapenet_blender/all_50_random/02958343/8a5b15ec0ed8e9aaba44b506f43666fc/r_32",
            "rotation": 0.12566370614359174,
            "transform_matrix": [
                [
                    0.870002269744873,
                    0.2300260066986084,
                    0.4361008405685425,
                    1.7579786777496338
                ],
                [
                    0.4930475652217865,
                    -0.40589016675949097,
                    -0.7695175409317017,
                    -3.1020243167877197
                ],
                [
                    0.0,
                    0.8845005035400391,
                    -0.4665391743183136,
                    -1.8806796073913574
                ],
                [
                    0.0,
                    0.0,
                    0.0,
                    1.0
                ]
            ]
        },
        {
            "file_path": "/data/shapenet_blender/all_50_random/02958343/8a5b15ec0ed8e9aaba44b506f43666fc/r_33",
            "rotation": 0.12566370614359174,
            "transform_matrix": [
                [
                    -0.5448547601699829,
                    -0.05054374411702156,
                    -0.8370057344436646,
                    -3.3740780353546143
                ],
                [
                    -0.8385304808616638,
                    0.03284197673201561,
                    0.5438640713691711,
                    2.1923861503601074
                ],
                [
                    -1.862645149230957e-09,
                    0.9981817007064819,
                    -0.0602765791118145,
                    -0.2429826557636261
                ],
                [
                    0.0,
                    0.0,
                    0.0,
                    1.0
                ]
            ]
        },
        {
            "file_path": "/data/shapenet_blender/all_50_random/02958343/8a5b15ec0ed8e9aaba44b506f43666fc/r_34",
            "rotation": 0.12566370614359174,
            "transform_matrix": [
                [
                    0.9098123908042908,
                    -0.2633475065231323,
                    -0.3207637071609497,
                    -1.2930400371551514
                ],
                [
                    -0.41501960158348083,
                    -0.5773144364356995,
                    -0.7031831741333008,
                    -2.834622383117676
                ],
                [
                    1.4901160305669237e-08,
                    0.7728880643844604,
                    -0.6345422267913818,
                    -2.557921886444092
                ],
                [
                    0.0,
                    0.0,
                    0.0,
                    1.0
                ]
            ]
        },
        {
            "file_path": "/data/shapenet_blender/all_50_random/02958343/8a5b15ec0ed8e9aaba44b506f43666fc/r_35",
            "rotation": 0.12566370614359174,
            "transform_matrix": [
                [
                    0.5106189250946045,
                    0.34326255321502686,
                    -0.7883140444755554,
                    -3.177795648574829
                ],
                [
                    -0.8598071336746216,
                    0.2038554549217224,
                    -0.4681608974933624,
                    -1.8872169256210327
                ],
                [
                    0.0,
                    0.9168498516082764,
                    0.39923205971717834,
                    1.6093559265136719
                ],
                [
                    0.0,
                    0.0,
                    0.0,
                    1.0
                ]
            ]
        },
        {
            "file_path": "/data/shapenet_blender/all_50_random/02958343/8a5b15ec0ed8e9aaba44b506f43666fc/r_36",
            "rotation": 0.12566370614359174,
            "transform_matrix": [
                [
                    0.7111706137657166,
                    0.17870411276817322,
                    0.679927408695221,
                    2.740874767303467
                ],
                [
                    0.7030194997787476,
                    -0.18077608942985535,
                    -0.6878107786178589,
                    -2.772653579711914
                ],
                [
                    7.450580596923828e-09,
                    0.9671529531478882,
                    -0.25419512391090393,
                    -1.024693250656128
                ],
                [
                    0.0,
                    0.0,
                    0.0,
                    1.0
                ]
            ]
        },
        {
            "file_path": "/data/shapenet_blender/all_50_random/02958343/8a5b15ec0ed8e9aaba44b506f43666fc/r_37",
            "rotation": 0.12566370614359174,
            "transform_matrix": [
                [
                    0.9207538962364197,
                    0.38286450505256653,
                    0.07501354813575745,
                    0.30238932371139526
                ],
                [
                    0.3901439309120178,
                    -0.9035742282867432,
                    -0.17703470587730408,
                    -0.7136498093605042
                ],
                [
                    7.450580596923828e-09,
                    0.19227129220962524,
                    -0.9813417196273804,
                    -3.9559152126312256
                ],
                [
                    0.0,
                    0.0,
                    0.0,
                    1.0
                ]
            ]
        },
        {
            "file_path": "/data/shapenet_blender/all_50_random/02958343/8a5b15ec0ed8e9aaba44b506f43666fc/r_38",
            "rotation": 0.12566370614359174,
            "transform_matrix": [
                [
                    -0.37036049365997314,
                    -0.15450596809387207,
                    0.9159481525421143,
                    3.692305088043213
                ],
                [
                    0.928888201713562,
                    -0.06160365790128708,
                    0.36520111560821533,
                    1.472172737121582
                ],
                [
                    3.725290742551124e-09,
                    0.9860693216323853,
                    0.166334331035614,
                    0.6705151200294495
                ],
                [
                    0.0,
                    0.0,
                    0.0,
                    1.0
                ]
            ]
        },
        {
            "file_path": "/data/shapenet_blender/all_50_random/02958343/8a5b15ec0ed8e9aaba44b506f43666fc/r_39",
            "rotation": 0.12566370614359174,
            "transform_matrix": [
                [
                    0.9865695834159851,
                    -0.021033551543951035,
                    0.1619821935892105,
                    0.6529711484909058
                ],
                [
                    0.16334213316440582,
                    0.12704049050807953,
                    -0.9783557653427124,
                    -3.943878412246704
                ],
                [
                    -3.725290742551124e-09,
                    0.9916744232177734,
                    0.12876993417739868,
                    0.5190882682800293
                ],
                [
                    0.0,
                    0.0,
                    0.0,
                    1.0
                ]
            ]
        },
        {
            "file_path": "/data/shapenet_blender/all_50_random/02958343/8a5b15ec0ed8e9aaba44b506f43666fc/r_40",
            "rotation": 0.12566370614359174,
            "transform_matrix": [
                [
                    -0.979427695274353,
                    0.15373580157756805,
                    0.13071668148040771,
                    0.526935875415802
                ],
                [
                    0.20179584622383118,
                    0.7461655735969543,
                    0.6344409584999084,
                    2.557513475418091
                ],
                [
                    0.0,
                    0.647767186164856,
                    -0.7618382573127747,
                    -3.07106876373291
                ],
                [
                    0.0,
                    0.0,
                    0.0,
                    1.0
                ]
            ]
        },
        {
            "file_path": "/data/shapenet_blender/all_50_random/02958343/8a5b15ec0ed8e9aaba44b506f43666fc/r_41",
            "rotation": 0.12566370614359174,
            "transform_matrix": [
                [
                    -0.3960851728916168,
                    -0.01690097339451313,
                    0.9180582761764526,
                    3.7008109092712402
                ],
                [
                    0.9182137846946716,
                    -0.007290486246347427,
                    0.3960180878639221,
