{
    "class": "02958343",
    "model": "6f793e0f29f6b0b4da82e7357e8ee170",
    "remove_doubles": true,
    "edge_split": true,
    "denoise": true,
    "camera_angle_x": 0.6911112070083618,
    "scale_factor": 2.3119864002875166,
    "hdri_file": "/data/IndoorHDRDataset2018/AG8A6904-ea77ceb80f.exr",
    "center_offset": [
        0.0,
        -3.725290298461914e-09,
        0.0
    ],
    "lights": [],
    "frames": [
        {
            "file_path": "/data/shapenet_blender/all_50_random/02958343/6f793e0f29f6b0b4da82e7357e8ee170/r_0",
            "rotation": 0.12566370614359174,
            "transform_matrix": [
                [
                    -0.15123946964740753,
                    0.5179346799850464,
                    0.8419442176818848,
                    3.3939859867095947
                ],
                [
                    0.9884971380233765,
                    0.07924370467662811,
                    0.12881696224212646,
                    0.5192778706550598
                ],
                [
                    -7.450580596923828e-09,
                    0.8517418503761292,
                    -0.5239616632461548,
                    -2.1121573448181152
                ],
                [
                    0.0,
                    0.0,
                    0.0,
                    1.0
                ]
            ]
        },
        {
            "file_path": "/data/shapenet_blender/all_50_random/02958343/6f793e0f29f6b0b4da82e7357e8ee170/r_1",
            "rotation": 0.12566370614359174,
            "transform_matrix": [
                [
                    0.9711414575576782,
                    -0.20077666640281677,
                    0.1287369281053543,
                    0.5189552307128906
                ],
                [
                    0.23850470781326294,
                    0.817520797252655,
                    -0.5241899490356445,
                    -2.113077402114868
                ],
                [
                    -7.450581485102248e-09,
                    0.5397669672966003,
                    0.841814398765564,
                    3.393462657928467
                ],
                [
                    0.0,
                    0.0,
                    0.0,
                    1.0
                ]
            ]
        },
        {
            "file_path": "/data/shapenet_blender/all_50_random/02958343/6f793e0f29f6b0b4da82e7357e8ee170/r_2",
            "rotation": 0.12566370614359174,
            "transform_matrix": [
                [
                    0.9944002628326416,
                    0.02898307703435421,
                    -0.10162719339132309,
                    -0.4096722900867462
                ],
                [
                    -0.10567925870418549,
                    0.2727193534374237,
                    -0.9562719464302063,
                    -3.8548552989959717
                ],
                [
                    0.0,
                    0.961656928062439,
                    0.27425509691238403,
                    1.1055576801300049
                ],
                [
                    0.0,
                    0.0,
                    0.0,
                    1.0
                ]
            ]
        },
        {
            "file_path": "/data/shapenet_blender/all_50_random/02958343/6f793e0f29f6b0b4da82e7357e8ee170/r_3",
            "rotation": 0.12566370614359174,
            "transform_matrix": [
                [
                    -0.2648995518684387,
                    -0.5902877449989319,
                    -0.7624883055686951,
                    -3.0736887454986572
                ],
                [
                    -0.9642760157585144,
                    0.1621599942445755,
                    0.20946578681468964,
                    0.8443835973739624
                ],
                [
                    1.4901161193847656e-08,
                    0.7907365560531616,
                    -0.6121565103530884,
                    -2.467681884765625
                ],
                [
                    0.0,
                    0.0,
                    0.0,
                    1.0
                ]
            ]
        },
        {
            "file_path": "/data/shapenet_blender/all_50_random/02958343/6f793e0f29f6b0b4da82e7357e8ee170/r_4",
            "rotation": 0.12566370614359174,
            "transform_matrix": [
                [
                    -0.9601578116416931,
                    0.07336791604757309,
                    0.26965588331222534,
                    1.0870176553726196
                ],
                [
                    0.2794587016105652,
                    0.25207579135894775,
                    0.9264775514602661,
                    3.734750509262085
                ],
                [
                    7.450581485102248e-09,
                    0.9649221897125244,
                    -0.26253584027290344,
                    -1.0583158731460571
                ],
                [
                    0.0,
                    0.0,
                    0.0,
                    1.0
                ]
            ]
        },
        {
            "file_path": "/data/shapenet_blender/all_50_random/02958343/6f793e0f29f6b0b4da82e7357e8ee170/r_5",
            "rotation": 0.12566370614359174,
            "transform_matrix": [
                [
                    0.9764983654022217,
                    -0.10397588461637497,
                    -0.1887851506471634,
                    -0.7610172629356384
                ],
                [
                    -0.21552449464797974,
                    -0.47109389305114746,
                    -0.8553476929664612,
                    -3.44801664352417
                ],
                [
                    0.0,
                    0.8759335279464722,
                    -0.4824318289756775,
                    -1.9447448253631592
                ],
                [
                    0.0,
                    0.0,
                    0.0,
                    1.0
                ]
            ]
        },
        {
            "file_path": "/data/shapenet_blender/all_50_random/02958343/6f793e0f29f6b0b4da82e7357e8ee170/r_6",
            "rotation": 0.12566370614359174,
            "transform_matrix": [
                [
                    0.20211337506771088,
                    0.3806329071521759,
                    0.902368426322937,
                    3.637563467025757
                ],
                [
                    0.9793621301651001,
                    -0.07855214923620224,
                    -0.18622399866580963,
                    -0.7506929636001587
                ],
                [
                    -7.450580596923828e-09,
                    0.9213837385177612,
                    -0.3886539041996002,
                    -1.5667140483856201
                ],
                [
                    0.0,
                    0.0,
                    0.0,
                    1.0
                ]
            ]
        },
        {
            "file_path": "/data/shapenet_blender/all_50_random/02958343/6f793e0f29f6b0b4da82e7357e8ee170/r_7",
            "rotation": 0.12566370614359174,
            "transform_matrix": [
                [
                    0.40058600902557373,
                    0.9037441611289978,
                    0.1509213000535965,
                    0.608383297920227
                ],
                [
                    0.9162591695785522,
                    -0.3951145112514496,
                    -0.0659823939204216,
                    -0.26598358154296875
                ],
                [
                    -7.450580596923828e-09,
                    0.1647145301103592,
                    -0.9863411784172058,
                    -3.9760687351226807
                ],
                [
                    0.0,
                    0.0,
                    0.0,
                    1.0
                ]
            ]
        },
        {
            "file_path": "/data/shapenet_blender/all_50_random/02958343/6f793e0f29f6b0b4da82e7357e8ee170/r_8",
            "rotation": 0.12566370614359174,
            "transform_matrix": [
                [
                    0.8787833452224731,
                    -0.40263432264328003,
                    0.2561749517917633,
                    1.0326743125915527
                ],
                [
                    0.47722116112709045,
                    0.7414346933364868,
                    -0.47173571586608887,
                    -1.901627540588379
                ],
                [
                    0.0,
                    0.5368055701255798,
                    0.843705952167511,
                    3.401087522506714
                ],
                [
                    0.0,
                    0.0,
                    0.0,
                    1.0
                ]
            ]
        },
        {
            "file_path": "/data/shapenet_blender/all_50_random/02958343/6f793e0f29f6b0b4da82e7357e8ee170/r_9",
            "rotation": 0.12566370614359174,
            "transform_matrix": [
                [
                    0.25035664439201355,
                    0.005974004045128822,
                    0.9681352376937866,
                    3.9026780128479004
                ],
                [
                    0.9681537747383118,
                    -0.0015448284102603793,
                    -0.25035184621810913,
                    -1.0092005729675293
                ],
                [
                    -1.1641533570472262e-10,
                    0.9999809861183167,
                    -0.006170511711388826,
                    -0.02487412840127945
                ],
                [
                    0.0,
                    0.0,
                    0.0,
                    1.0
                ]
            ]
        },
        {
            "file_path": "/data/shapenet_blender/all_50_random/02958343/6f793e0f29f6b0b4da82e7357e8ee170/r_10",
            "rotation": 0.12566370614359174,
            "transform_matrix": [
                [
                    -0.1897546350955963,
                    -0.11750838905572891,
                    0.9747742414474487,
                    3.929440975189209
                ],
                [
                    0.9818315505981445,
                    -0.022710375487804413,
                    0.18839068710803986,
                    0.7594271898269653
                ],
                [
                    3.725290298461914e-09,
                    0.9928122162818909,
                    0.11968283355236053,
                    0.4824569523334503
                ],
                [
                    0.0,
                    0.0,
                    0.0,
                    1.0
                ]
            ]
        },
        {
            "file_path": "/data/shapenet_blender/all_50_random/02958343/6f793e0f29f6b0b4da82e7357e8ee170/r_11",
            "rotation": 0.12566370614359174,
            "transform_matrix": [
                [
                    -0.6405054926872253,
                    0.030887404456734657,
                    0.7673322558403015,
                    3.093214988708496
                ],
                [
                    0.767953634262085,
                    0.02576139010488987,
                    0.6399872303009033,
                    2.5798707008361816
                ],
                [
                    -1.862645149230957e-09,
                    0.9991907477378845,
                    -0.040220409631729126,
                    -0.16213363409042358
                ],
                [
                    0.0,
                    0.0,
                    0.0,
                    1.0
                ]
            ]
        },
        {
            "file_path": "/data/shapenet_blender/all_50_random/02958343/6f793e0f29f6b0b4da82e7357e8ee170/r_12",
            "rotation": 0.12566370614359174,
            "transform_matrix": [
                [
                    0.9691276550292969,
                    -0.0733078196644783,
                    0.2354091852903366,
                    0.9489648342132568
                ],
                [
                    0.24655936658382416,
                    0.28814414143562317,
                    -0.925300657749176,
                    -3.730006456375122
                ],
                [
                    -7.450580152834618e-09,
                    0.9547768235206604,
                    0.29732319712638855,
                    1.1985483169555664
                ],
                [
                    0.0,
                    0.0,
                    0.0,
                    1.0
                ]
            ]
        },
        {
            "file_path": "/data/shapenet_blender/all_50_random/02958343/6f793e0f29f6b0b4da82e7357e8ee170/r_13",
            "rotation": 0.12566370614359174,
            "transform_matrix": [
                [
                    -0.5404694676399231,
                    0.37633681297302246,
                    -0.7525047659873962,
                    -3.0334436893463135
                ],
                [
                    -0.8413636684417725,
                    -0.24174867570400238,
                    0.48338890075683594,
                    1.9486030340194702
                ],
                [
                    1.4901161193847656e-08,
                    0.8943870663642883,
                    0.44729384779930115,
                    1.8030991554260254
                ],
                [
                    0.0,
                    0.0,
                    0.0,
                    1.0
                ]
            ]
        },
        {
            "file_path": "/data/shapenet_blender/all_50_random/02958343/6f793e0f29f6b0b4da82e7357e8ee170/r_14",
            "rotation": 0.12566370614359174,
            "transform_matrix": [
                [
                    0.781729519367218,
                    -0.5277675986289978,
                    0.33220523595809937,
                    1.3391622304916382
                ],
                [
                    0.6236176490783691,
                    0.6615777015686035,
                    -0.4164324998855591,
                    -1.678693175315857
                ],
                [
                    0.0,
                    0.5327066779136658,
                    0.8462998270988464,
                    3.41154408454895
                ],
                [
                    0.0,
                    0.0,
                    0.0,
                    1.0
                ]
            ]
        },
        {
            "file_path": "/data/shapenet_blender/all_50_random/02958343/6f793e0f29f6b0b4da82e7357e8ee170/r_15",
            "rotation": 0.12566370614359174,
            "transform_matrix": [
                [
                    -0.41343024373054504,
                    0.0494750551879406,
                    0.9091905951499939,
                    3.665064811706543
                ],
                [
                    0.9105358719825745,
                    0.02246422879397869,
                    0.41281944513320923,
                    1.6641285419464111
                ],
                [
                    -1.862645149230957e-09,
                    0.9985226988792419,
                    -0.05433620139956474,
                    -0.2190362513065338
                ],
                [
                    0.0,
                    0.0,
                    0.0,
                    1.0
                ]
            ]
        },
        {
            "file_path": "/data/shapenet_blender/all_50_random/02958343/6f793e0f29f6b0b4da82e7357e8ee170/r_16",
            "rotation": 0.12566370614359174,
            "transform_matrix": [
                [
                    -0.013275589793920517,
                    0.03446270525455475,
                    -0.9993178248405457,
                    -4.028378963470459
                ],
                [
                    -0.9999119639396667,
                    -0.0004575530474539846,
                    0.013267701491713524,
                    0.053483814001083374
                ],
                [
                    0.0,
                    0.9994057416915894,
                    0.03446574881672859,
                    0.1389358788728714
                ],
                [
                    0.0,
                    0.0,
                    0.0,
                    1.0
                ]
            ]
        },
        {
            "file_path": "/data/shapenet_blender/all_50_random/02958343/6f793e0f29f6b0b4da82e7357e8ee170/r_17",
            "rotation": 0.12566370614359174,
            "transform_matrix": [
                [
                    -0.972658634185791,
                    -0.05919710919260979,
                    0.2245681881904602,
                    0.9052633047103882
                ],
                [
                    0.2322394698858261,
                    -0.24792762100696564,
                    0.940530002117157,
                    3.7913978099823
                ],
                [
                    0.0,
                    0.966968297958374,
                    0.2548968493938446,
                    1.027522087097168
                ],
                [
                    0.0,
                    0.0,
                    0.0,
                    1.0
                ]
            ]
        },
        {
            "file_path": "/data/shapenet_blender/all_50_random/02958343/6f793e0f29f6b0b4da82e7357e8ee170/r_18",
            "rotation": 0.12566370614359174,
            "transform_matrix": [
                [
                    -0.8696089386940002,
                    -0.24533066153526306,
                    -0.42847755551338196,
                    -1.7272484302520752
                ],
                [
                    -0.493740975856781,
                    0.43209245800971985,
                    0.7546627521514893,
                    3.0421431064605713
                ],
                [
                    1.4901160305669237e-08,
                    0.8678185343742371,
                    -0.4968812167644501,
                    -2.0029923915863037
                ],
                [
                    0.0,
                    0.0,
                    0.0,
                    1.0
                ]
            ]
        },
        {
            "file_path": "/data/shapenet_blender/all_50_random/02958343/6f793e0f29f6b0b4da82e7357e8ee170/r_19",
            "rotation": 0.12566370614359174,
            "transform_matrix": [
                [
                    0.9645010828971863,
                    -0.16094602644443512,
                    0.20936548709869385,
                    0.8439793586730957
                ],
                [
                    0.26407864689826965,
                    0.587827205657959,
                    -0.7646708488464355,
                    -3.082487106323242
                ],
                [
                    7.450580596923828e-09,
                    0.7928149104118347,
                    0.609462320804596,
                    2.4568214416503906
                ],
                [
                    0.0,
                    0.0,
                    0.0,
                    1.0
                ]
            ]
        },
        {
            "file_path": "/data/shapenet_blender/all_50_random/02958343/6f793e0f29f6b0b4da82e7357e8ee170/r_20",
            "rotation": 0.12566370614359174,
            "transform_matrix": [
                [
                    -0.08476302027702332,
                    0.01580185443162918,
                    0.996275782585144,
                    4.016116142272949
                ],
                [
                    0.9964011907577515,
                    0.001344250631518662,
                    0.08475235104560852,
                    0.3416476547718048
                ],
                [
                    0.0,
                    0.9998741149902344,
                    -0.015858929604291916,
                    -0.06392938643693924
                ],
                [
                    0.0,
                    0.0,
                    0.0,
                    1.0
                ]
            ]
        },
        {
            "file_path": "/data/shapenet_blender/all_50_random/02958343/6f793e0f29f6b0b4da82e7357e8ee170/r_21",
            "rotation": 0.12566370614359174,
            "transform_matrix": [
                [
                    0.9991716742515564,
                    0.030255302786827087,
                    -0.027212323620915413,
                    -0.1096963882446289
                ],
                [
                    -0.04069266840815544,
                    0.7428914904594421,
                    -0.6681739091873169,
                    -2.693495273590088
                ],
                [
                    0.0,
                    0.6687278151512146,
                    0.7435072660446167,
                    2.997173547744751
                ],
                [
                    0.0,
                    0.0,
                    0.0,
                    1.0
                ]
            ]
        },
        {
            "file_path": "/data/shapenet_blender/all_50_random/02958343/6f793e0f29f6b0b4da82e7357e8ee170/r_22",
            "rotation": 0.12566370614359174,
            "transform_matrix": [
                [
                    0.13013792037963867,
                    0.8340620994567871,
                    0.5361011028289795,
                    2.16109299659729
                ],
                [
                    0.9914959669113159,
                    -0.1094740703701973,
                    -0.07036546617746353,
                    -0.28365230560302734
                ],
                [
                    3.725291186640334e-09,
                    0.540699303150177,
                    -0.8412157893180847,
                    -3.39104962348938
                ],
                [
                    0.0,
                    0.0,
                    0.0,
                    1.0
                ]
            ]
        },
        {
            "file_path": "/data/shapenet_blender/all_50_random/02958343/6f793e0f29f6b0b4da82e7357e8ee170/r_23",
            "rotation": 0.12566370614359174,
            "transform_matrix": [
                [
                    0.15054677426815033,
                    -0.006109591107815504,
                    -0.9885841012001038,
                    -3.985109567642212
                ],
                [
                    -0.9886029362678528,
                    -0.0009303828119300306,
                    -0.15054389834403992,
                    -0.6068617701530457
                ],
                [
                    0.0,
                    0.9999809265136719,
                    -0.006180025637149811,
                    -0.024912476539611816
                ],
                [
                    0.0,
                    0.0,
                    0.0,
                    1.0
                ]
            ]
        },
        {
            "file_path": "/data/shapenet_blender/all_50_random/02958343/6f793e0f29f6b0b4da82e7357e8ee170/r_24",
            "rotation": 0.12566370614359174,
            "transform_matrix": [
                [
                    0.9650236368179321,
                    -0.14809677004814148,
                    -0.21632567048072815,
                    -0.8720366954803467
                ],
                [
                    -0.26216304302215576,
                    -0.5451450347900391,
                    -0.7962960004806519,
                    -3.2099719047546387
                ],
                [
                    0.0,
                    0.8251569271087646,
                    -0.5649034380912781,
                    -2.277198553085327
                ],
                [
                    0.0,
                    0.0,
                    0.0,
                    1.0
                ]
            ]
        },
        {
            "file_path": "/data/shapenet_blender/all_50_random/02958343/6f793e0f29f6b0b4da82e7357e8ee170/r_25",
            "rotation": 0.12566370614359174,
            "transform_matrix": [
                [
                    -0.3171844482421875,
                    0.04878158122301102,
                    0.9471084475517273,
                    3.81791615486145
                ],
                [
                    0.9483638405799866,
                    0.016315216198563576,
                    0.31676459312438965,
                    1.276918888092041
                ],
                [
                    -9.313224635931761e-10,
                    0.9986762404441833,
                    -0.0514376275241375,
                    -0.2073517143726349
                ],
                [
                    0.0,
                    0.0,
                    0.0,
                    1.0
                ]
            ]
        },
        {
            "file_path": "/data/shapenet_blender/all_50_random/02958343/6f793e0f29f6b0b4da82e7357e8ee170/r_26",
            "rotation": 0.12566370614359174,
            "transform_matrix": [
                [
                    0.5587776303291321,
                    0.3977348804473877,
                    0.727718710899353,
                    2.933527946472168
                ],
                [
                    0.8293175101280212,
                    -0.26798585057258606,
                    -0.49032241106033325,
                    -1.9765528440475464
                ],
                [
                    0.0,
                    0.8774911165237427,
                    -0.4795929491519928,
                    -1.9333009719848633
                ],
                [
                    0.0,
                    0.0,
                    0.0,
                    1.0
                ]
            ]
        },
        {
            "file_path": "/data/shapenet_blender/all_50_random/02958343/6f793e0f29f6b0b4da82e7357e8ee170/r_27",
            "rotation": 0.12566370614359174,
            "transform_matrix": [
                [
                    -0.9704470038414001,
                    0.10341060906648636,
                    -0.2180343121290207,
                    -0.8789244890213013
                ],
                [
                    -0.2413145899772644,
                    -0.4158658981323242,
                    0.8768253326416016,
                    3.5345962047576904
                ],
                [
                    0.0,
                    0.9035273790359497,
                    0.4285302758216858,
                    1.7274608612060547
                ],
                [
                    0.0,
                    0.0,
                    0.0,
                    1.0
                ]
            ]
        },
        {
            "file_path": "/data/shapenet_blender/all_50_random/02958343/6f793e0f29f6b0b4da82e7357e8ee170/r_28",
            "rotation": 0.12566370614359174,
            "transform_matrix": [
                [
                    -0.9928216338157654,
                    -0.005636860616505146,
                    0.11947140097618103,
                    0.4816046357154846
                ],
                [
                    0.11960431188344955,
                    -0.04679093509912491,
                    0.9917184114456177,
                    3.9977447986602783
                ],
                [
                    0.0,
                    0.9988887906074524,
                    0.047129251062870026,
                    0.18998408317565918
                ],
                [
                    0.0,
                    0.0,
                    0.0,
                    1.0
                ]
            ]
        },
        {
            "file_path": "/data/shapenet_blender/all_50_random/02958343/6f793e0f29f6b0b4da82e7357e8ee170/r_29",
            "rotation": 0.12566370614359174,
            "transform_matrix": [
                [
                    -0.30688974261283875,
                    -0.20498260855674744,
                    -0.929408848285675,
                    -3.7465670108795166
                ],
                [
                    -0.9517450928688049,
                    0.06609653681516647,
                    0.2996874153614044,
                    1.2080786228179932
                ],
                [
                    0.0,
                    0.9765313267707825,
                    -0.21537554264068604,
                    -0.8682065606117249
                ],
                [
                    0.0,
                    0.0,
                    0.0,
                    1.0
                ]
            ]
        },
        {
            "file_path": "/data/shapenet_blender/all_50_random/02958343/6f793e0f29f6b0b4da82e7357e8ee170/r_30",
            "rotation": 0.12566370614359174,
            "transform_matrix": [
                [
                    -0.9920048713684082,
                    0.11013516038656235,
                    -0.061617475003004074,
                    -0.24838799238204956
                ],
                [
                    -0.1262001246213913,
                    -0.8657251000404358,
                    0.48434844613075256,
                    1.9524710178375244
                ],
                [
                    0.0,
                    0.48825210332870483,
                    0.8727025985717773,
                    3.517976760864258
                ],
                [
                    0.0,
                    0.0,
                    0.0,
                    1.0
                ]
            ]
        },
        {
            "file_path": "/data/shapenet_blender/all_50_random/02958343/6f793e0f29f6b0b4da82e7357e8ee170/r_31",
            "rotation": 0.12566370614359174,
            "transform_matrix": [
                [
                    -0.7705220580101013,
                    -0.31363457441329956,
                    -0.5549136996269226,
                    -2.236928701400757
                ],
                [
                    -0.6374134421348572,
                    0.37912964820861816,
                    0.6707941293716431,
                    2.7040576934814453
                ],
                [
                    0.0,
                    0.870570957660675,
                    -0.4920426905155182,
                    -1.9834874868392944
                ],
                [
                    0.0,
                    0.0,
                    0.0,
                    1.0
                ]
            ]
        },
        {
            "file_path": "/data/shapenet_blender/all_50_random/02958343/6f793e0f29f6b0b4da82e7357e8ee170/r_32",
            "rotation": 0.12566370614359174,
            "transform_matrix": [
                [
                    0.6412964463233948,
                    0.2801995873451233,
                    -0.7143018245697021,
                    -2.8794426918029785
                ],
                [
                    -0.7672932744026184,
                    0.23418815433979034,
                    -0.5970066785812378,
                    -2.4066109657287598
                ],
                [
                    -1.4901161193847656e-08,
                    0.9309371709823608,
                    0.36517927050590515,
                    1.4720847606658936
                ],
                [
                    0.0,
                    0.0,
                    0.0,
                    1.0
                ]
            ]
        },
        {
            "file_path": "/data/shapenet_blender/all_50_random/02958343/6f793e0f29f6b0b4da82e7357e8ee170/r_33",
            "rotation": 0.12566370614359174,
            "transform_matrix": [
                [
                    -0.9775916337966919,
                    0.08213507384061813,
                    -0.19382603466510773,
                    -0.7813377380371094
                ],
                [
                    -0.21051059663295746,
                    -0.3814276456832886,
                    0.900110125541687,
                    3.628459930419922
                ],
                [
                    0.0,
                    0.9207423329353333,
                    0.3901708126068115,
                    1.5728288888931274
                ],
                [
                    0.0,
                    0.0,
                    0.0,
                    1.0
                ]
            ]
        },
        {
            "file_path": "/data/shapenet_blender/all_50_random/02958343/6f793e0f29f6b0b4da82e7357e8ee170/r_34",
            "rotation": 0.12566370614359174,
            "transform_matrix": [
                [
                    -0.6600748300552368,
                    -0.16575764119625092,
                    -0.7326838374137878,
                    -2.953543186187744
                ],
                [
                    -0.7511999011039734,
                    0.1456502228975296,
                    0.6438048481941223,
                    2.5952606201171875
                ],
                [
                    -7.450580596923828e-09,
                    0.9753513932228088,
                    -0.22065716981887817,
                    -0.8894975781440735
                ],
                [
                    0.0,
                    0.0,
                    0.0,
                    1.0
                ]
            ]
        },
        {
            "file_path": "/data/shapenet_blender/all_50_random/02958343/6f793e0f29f6b0b4da82e7357e8ee170/r_35",
            "rotation": 0.12566370614359174,
            "transform_matrix": [
                [
                    0.9006331562995911,
                    -0.33263298869132996,
                    -0.27966994047164917,
                    -1.1273857355117798
                ],
                [
                    -0.4345802664756775,
                    -0.6893554925918579,
                    -0.5795937776565552,
                    -2.3364174365997314
                ],
                [
                    0.0,
                    0.6435405015945435,
                    -0.7654120326042175,
                    -3.085474729537964
                ],
                [
                    0.0,
                    0.0,
                    0.0,
                    1.0
                ]
            ]
        },
        {
            "file_path": "/data/shapenet_blender/all_50_random/02958343/6f793e0f29f6b0b4da82e7357e8ee170/r_36",
            "rotation": 0.12566370614359174,
            "transform_matrix": [
                [
                    0.18636338412761688,
                    -0.5664296746253967,
                    0.8027616143226624,
                    3.2360353469848633
                ],
                [
                    0.9824808239936829,
                    0.10744407773017883,
                    -0.1522730588912964,
                    -0.6138322949409485
                ],
                [
                    0.0,
                    0.8170760869979858,
                    0.576529860496521,
                    2.324066162109375
                ],
                [
                    0.0,
                    0.0,
                    0.0,
                    1.0
                ]
            ]
        },
        {
            "file_path": "/data/shapenet_blender/all_50_random/02958343/6f793e0f29f6b0b4da82e7357e8ee170/r_37",
            "rotation": 0.12566370614359174,
            "transform_matrix": [
                [
                    0.9871613383293152,
                    -0.001643739058636129,
                    -0.15971828997135162,
                    -0.6438450813293457
                ],
                [
                    -0.15972676873207092,
                    -0.010158821009099483,
                    -0.9871089458465576,
                    -3.979163646697998
                ],
                [
                    -1.1641532182693481e-10,
                    0.9999471306800842,
                    -0.010290941223502159,
                    -0.04148411378264427
                ],
                [
                    0.0,
                    0.0,
                    0.0,
                    1.0
                ]
            ]
        },
        {
            "file_path": "/data/shapenet_blender/all_50_random/02958343/6f793e0f29f6b0b4da82e7357e8ee170/r_38",
            "rotation": 0.12566370614359174,
            "transform_matrix": [
                [
                    0.2290157973766327,
                    -0.5335045456886292,
                    -0.8142017722129822,
                    -3.2821526527404785
                ],
                [
                    -0.9734227657318115,
                    -0.1255168616771698,
                    -0.19155611097812653,
                    -0.7721874713897705
                ],
                [
                    7.450580596923828e-09,
                    0.8364319205284119,
                    -0.5480707287788391,
                    -2.209343910217285
                ],
                [
                    0.0,
                    0.0,
                    0.0,
                    1.0
                ]
            ]
        },
        {
            "file_path": "/data/shapenet_blender/all_50_random/02958343/6f793e0f29f6b0b4da82e7357e8ee170/r_39",
            "rotation": 0.12566370614359174,
            "transform_matrix": [
                [
                    0.6011868119239807,
                    -0.121893011033535,
                    -0.7897573113441467,
                    -3.1836135387420654
                ],
                [
                    -0.7991085648536682,
                    -0.09170276671648026,
                    -0.5941516160964966,
                    -2.39510178565979
                ],
                [
                    0.0,
                    0.9882978796958923,
                    -0.15253622829914093,
                    -0.6148931980133057
                ],
                [
                    0.0,
                    0.0,
                    0.0,
                    1.0
                ]
            ]
        },
        {
            "file_path": "/data/shapenet_blender/all_50_random/02958343/6f793e0f29f6b0b4da82e7357e8ee170/r_40",
            "rotation": 0.12566370614359174,
            "transform_matrix": [
                [
                    -0.7101668119430542,
                    -0.01127871498465538,
                    -0.7039430141448975,
                    -2.8376853466033936
                ],
                [
                    -0.7040333151817322,
                    0.011376973241567612,
                    0.7100756764411926,
                    2.8624067306518555
                ],
                [
                    0.0,
                    0.9998716711997986,
                    -0.016020137816667557,
                    -0.06457924842834473
                ],
                [
                    0.0,
                    0.0,
                    0.0,
                    1.0
                ]
            ]
        },
        {
            "file_path": "/data/shapenet_blender/all_50_random/02958343/6f793e0f29f6b0b4da82e7357e8ee170/r_41",
            "rotation": 0.12566370614359174,
            "transform_matrix": [
                [
                    -0.0894782692193985,
                    -0.3802878260612488,
                    0.9205296039581299,
                    3.710773468017578
                ],
                [
                    0.9959888458251953,
                    -0.034164536744356155,
                    0.08269912004470825,
                    0.33337080478668213
                ],
