{
    "class": "02958343",
    "model": "891b06955bdd04a7909e2381adbddb4b",
    "remove_doubles": true,
    "edge_split": true,
    "denoise": true,
    "camera_angle_x": 0.6911112070083618,
    "scale_factor": 2.2591518237666124,
    "hdri_file": "/data/IndoorHDRDataset2018/9C4A4241-558e8cf11c.exr",
    "center_offset": [
        0.0,
        -9.313225746154785e-10,
        -3.725290298461914e-09
    ],
    "lights": [],
    "frames": [
        {
            "file_path": "/data/shapenet_blender/all_50_random/02958343/891b06955bdd04a7909e2381adbddb4b/r_0",
            "rotation": 0.12566370614359174,
            "transform_matrix": [
                [
                    -0.9995989799499512,
                    0.016619982197880745,
                    0.02292815037071705,
                    0.09242632985115051
                ],
                [
                    0.028318261727690697,
                    0.5866644382476807,
                    0.8093348145484924,
                    3.262532949447632
                ],
                [
                    0.0,
                    0.8096595406532288,
                    -0.5868998169898987,
                    -2.3658688068389893
                ],
                [
                    0.0,
                    0.0,
                    0.0,
                    1.0
                ]
            ]
        },
        {
            "file_path": "/data/shapenet_blender/all_50_random/02958343/891b06955bdd04a7909e2381adbddb4b/r_1",
            "rotation": 0.12566370614359174,
            "transform_matrix": [
                [
                    0.8611196875572205,
                    -0.03663232922554016,
                    -0.5070807933807373,
                    -2.0441083908081055
                ],
                [
                    -0.5084022879600525,
                    -0.06204695999622345,
                    -0.8588812947273254,
                    -3.462261438369751
                ],
                [
                    3.725290298461914e-09,
                    0.99740070104599,
                    -0.07205381244421005,
                    -0.29045823216438293
                ],
                [
                    0.0,
                    0.0,
                    0.0,
                    1.0
                ]
            ]
        },
        {
            "file_path": "/data/shapenet_blender/all_50_random/02958343/891b06955bdd04a7909e2381adbddb4b/r_2",
            "rotation": 0.12566370614359174,
            "transform_matrix": [
                [
                    0.4104609787464142,
                    0.4323135018348694,
                    -0.802886426448822,
                    -3.236538887023926
                ],
                [
                    -0.9118780493736267,
                    0.19459600746631622,
                    -0.36140093207359314,
                    -1.4568538665771484
                ],
                [
                    -1.4901159417490817e-08,
                    0.880475640296936,
                    0.4740912914276123,
                    1.911123275756836
                ],
                [
                    0.0,
                    0.0,
                    0.0,
                    1.0
                ]
            ]
        },
        {
            "file_path": "/data/shapenet_blender/all_50_random/02958343/891b06955bdd04a7909e2381adbddb4b/r_3",
            "rotation": 0.12566370614359174,
            "transform_matrix": [
                [
                    0.47699296474456787,
                    -0.4043467938899994,
                    -0.7803725004196167,
                    -3.145782470703125
                ],
                [
                    -0.8789072036743164,
                    -0.21944363415241241,
                    -0.4235170781612396,
                    -1.707252025604248
                ],
                [
                    0.0,
                    0.8878896236419678,
                    -0.460056334733963,
                    -1.8545465469360352
                ],
                [
                    0.0,
                    0.0,
                    0.0,
                    1.0
                ]
            ]
        },
        {
            "file_path": "/data/shapenet_blender/all_50_random/02958343/891b06955bdd04a7909e2381adbddb4b/r_4",
            "rotation": 0.12566370614359174,
            "transform_matrix": [
                [
                    -0.19901935756206512,
                    0.08495540916919708,
                    0.976306140422821,
                    3.9356162548065186
                ],
                [
                    0.9799954891204834,
                    0.017252907156944275,
                    0.19827012717723846,
                    0.7992525100708008
                ],
                [
                    0.0,
                    0.9962353110313416,
                    -0.08668958395719528,
                    -0.34945690631866455
                ],
                [
                    0.0,
                    0.0,
                    0.0,
                    1.0
                ]
            ]
        },
        {
            "file_path": "/data/shapenet_blender/all_50_random/02958343/891b06955bdd04a7909e2381adbddb4b/r_5",
            "rotation": 0.12566370614359174,
            "transform_matrix": [
                [
                    0.9955740571022034,
                    0.051582224667072296,
                    0.07855939865112305,
                    0.3166830539703369
                ],
                [
                    0.0939803421497345,
                    -0.5464325547218323,
                    -0.8322133421897888,
                    -3.3547592163085938
                ],
                [
                    0.0,
                    0.8359130024909973,
                    -0.5488618612289429,
                    -2.2125329971313477
                ],
                [
                    0.0,
                    0.0,
                    0.0,
                    1.0
                ]
            ]
        },
        {
            "file_path": "/data/shapenet_blender/all_50_random/02958343/891b06955bdd04a7909e2381adbddb4b/r_6",
            "rotation": 0.12566370614359174,
            "transform_matrix": [
                [
                    0.9221336841583252,
                    -0.05251939222216606,
                    -0.3832899034023285,
                    -1.545091152191162
                ],
                [
                    -0.3868713676929474,
                    -0.12518346309661865,
                    -0.913597047328949,
                    -3.6828277111053467
                ],
                [
                    3.725290076417309e-09,
                    0.9907426238059998,
                    -0.13575412333011627,
                    -0.5472424626350403
                ],
                [
                    0.0,
                    0.0,
                    0.0,
                    1.0
                ]
            ]
        },
        {
            "file_path": "/data/shapenet_blender/all_50_random/02958343/891b06955bdd04a7909e2381adbddb4b/r_7",
            "rotation": 0.12566370614359174,
            "transform_matrix": [
                [
                    -0.6568643450737,
                    0.4393068253993988,
                    0.6128121614456177,
                    2.470324754714966
                ],
                [
                    0.7540088891983032,
                    0.38270771503448486,
                    0.5338590741157532,
                    2.152054786682129
                ],
                [
                    -1.4901162970204496e-08,
                    0.8127387166023254,
                    -0.5826283097267151,
                    -2.348649740219116
                ],
                [
                    0.0,
                    0.0,
                    0.0,
                    1.0
                ]
            ]
        },
        {
            "file_path": "/data/shapenet_blender/all_50_random/02958343/891b06955bdd04a7909e2381adbddb4b/r_8",
            "rotation": 0.12566370614359174,
            "transform_matrix": [
                [
                    0.21479961276054382,
                    0.9261017441749573,
                    0.31015586853027344,
                    1.2502782344818115
                ],
                [
                    0.9766581654548645,
                    -0.20368055999279022,
                    -0.06821358948945999,
                    -0.27497774362564087
                ],
                [
                    0.0,
                    0.31756848096847534,
                    -0.9482354521751404,
                    -3.8224589824676514
                ],
                [
                    0.0,
                    0.0,
                    0.0,
                    1.0
                ]
            ]
        },
        {
            "file_path": "/data/shapenet_blender/all_50_random/02958343/891b06955bdd04a7909e2381adbddb4b/r_9",
            "rotation": 0.12566370614359174,
            "transform_matrix": [
                [
                    0.9146007299423218,
                    0.07844556123018265,
                    -0.39667612314224243,
                    -1.5990526676177979
                ],
                [
                    -0.4043583869934082,
                    0.1774326115846634,
                    -0.8972245454788208,
                    -3.616827964782715
                ],
                [
                    0.0,
                    0.9810014963150024,
                    0.19400009512901306,
                    0.78203946352005
                ],
                [
                    0.0,
                    0.0,
                    0.0,
                    1.0
                ]
            ]
        },
        {
            "file_path": "/data/shapenet_blender/all_50_random/02958343/891b06955bdd04a7909e2381adbddb4b/r_10",
            "rotation": 0.12566370614359174,
            "transform_matrix": [
                [
                    0.37503325939178467,
                    0.3833107352256775,
                    0.8440514802932739,
                    3.402480363845825
                ],
                [
                    0.9270113706588745,
                    -0.15507282316684723,
                    -0.341470867395401,
                    -1.376513123512268
                ],
                [
                    0.0,
                    0.9105083346366882,
                    -0.41349083185195923,
                    -1.666834831237793
                ],
                [
                    0.0,
                    0.0,
                    0.0,
                    1.0
                ]
            ]
        },
        {
            "file_path": "/data/shapenet_blender/all_50_random/02958343/891b06955bdd04a7909e2381adbddb4b/r_11",
            "rotation": 0.12566370614359174,
            "transform_matrix": [
                [
                    0.6590197086334229,
                    -0.5335372090339661,
                    0.5301236510276794,
                    2.1369967460632324
                ],
                [
                    0.7521257996559143,
                    0.4674902856349945,
                    -0.464499294757843,
                    -1.8724565505981445
                ],
                [
                    0.0,
                    0.7048338055610657,
                    0.7093724012374878,
                    2.859571695327759
                ],
                [
                    0.0,
                    0.0,
                    0.0,
                    1.0
                ]
            ]
        },
        {
            "file_path": "/data/shapenet_blender/all_50_random/02958343/891b06955bdd04a7909e2381adbddb4b/r_12",
            "rotation": 0.12566370614359174,
            "transform_matrix": [
                [
                    0.3583475649356842,
                    0.746936023235321,
                    -0.5600656270980835,
                    -2.2576968669891357
                ],
                [
                    -0.9335882663726807,
                    0.2867031693458557,
                    -0.2149750292301178,
                    -0.8665920495986938
                ],
                [
                    0.0,
                    0.5999065041542053,
                    0.80007004737854,
                    3.2251856327056885
                ],
                [
                    0.0,
                    0.0,
                    0.0,
                    1.0
                ]
            ]
        },
        {
            "file_path": "/data/shapenet_blender/all_50_random/02958343/891b06955bdd04a7909e2381adbddb4b/r_13",
            "rotation": 0.12566370614359174,
            "transform_matrix": [
                [
                    0.6136165857315063,
                    -0.671599268913269,
                    -0.4152458608150482,
                    -1.6739097833633423
                ],
                [
                    -0.789604127407074,
                    -0.5219127535820007,
                    -0.3226955533027649,
                    -1.3008275032043457
                ],
                [
                    -1.4901161193847656e-08,
                    0.5258911848068237,
                    -0.8505517244338989,
                    -3.4286839962005615
                ],
                [
                    0.0,
                    0.0,
                    0.0,
                    1.0
                ]
            ]
        },
        {
            "file_path": "/data/shapenet_blender/all_50_random/02958343/891b06955bdd04a7909e2381adbddb4b/r_14",
            "rotation": 0.12566370614359174,
            "transform_matrix": [
                [
                    0.801901638507843,
                    0.024853520095348358,
                    -0.5969390273094177,
                    -2.4063382148742676
                ],
                [
                    -0.5974562764167786,
                    0.03335822373628616,
                    -0.801207423210144,
                    -3.2297704219818115
                ],
                [
                    1.862645371275562e-09,
                    0.9991343021392822,
                    0.04159890487790108,
                    0.16769054532051086
                ],
                [
                    0.0,
                    0.0,
                    0.0,
                    1.0
                ]
            ]
        },
        {
            "file_path": "/data/shapenet_blender/all_50_random/02958343/891b06955bdd04a7909e2381adbddb4b/r_15",
            "rotation": 0.12566370614359174,
            "transform_matrix": [
                [
                    0.1629636287689209,
                    -0.6710845828056335,
                    -0.7232484221458435,
                    -2.9155075550079346
                ],
                [
                    -0.9866321086883545,
                    -0.11084413528442383,
                    -0.11946012079715729,
                    -0.481559157371521
                ],
                [
                    0.0,
                    0.7330477237701416,
                    -0.6801771521568298,
                    -2.741881847381592
                ],
                [
                    0.0,
                    0.0,
                    0.0,
                    1.0
                ]
            ]
        },
        {
            "file_path": "/data/shapenet_blender/all_50_random/02958343/891b06955bdd04a7909e2381adbddb4b/r_16",
            "rotation": 0.12566370614359174,
            "transform_matrix": [
                [
                    -0.6225380301475525,
                    0.20442573726177216,
                    -0.7554181218147278,
                    -3.0451879501342773
                ],
                [
                    -0.7825895547866821,
                    -0.1626175343990326,
                    0.6009235382080078,
                    2.4224002361297607
                ],
                [
                    0.0,
                    0.9652800559997559,
                    0.26121705770492554,
                    1.0529996156692505
                ],
                [
                    0.0,
                    0.0,
                    0.0,
                    1.0
                ]
            ]
        },
        {
            "file_path": "/data/shapenet_blender/all_50_random/02958343/891b06955bdd04a7909e2381adbddb4b/r_17",
            "rotation": 0.12566370614359174,
            "transform_matrix": [
                [
                    0.9972949028015137,
                    0.07189048826694489,
                    -0.015323673374950886,
                    -0.061771705746650696
                ],
                [
                    -0.07350550591945648,
                    0.9753829836845398,
                    -0.2079058140516281,
                    -0.8380951881408691
                ],
                [
                    -9.31322685637781e-10,
                    0.20846979320049286,
                    0.9780287146568298,
                    3.9425601959228516
                ],
                [
                    0.0,
                    0.0,
                    0.0,
                    1.0
                ]
            ]
        },
        {
            "file_path": "/data/shapenet_blender/all_50_random/02958343/891b06955bdd04a7909e2381adbddb4b/r_18",
            "rotation": 0.12566370614359174,
            "transform_matrix": [
                [
                    -0.08825512230396271,
                    -0.19710026681423187,
                    -0.976402759552002,
                    -3.9360055923461914
                ],
                [
                    -0.9960979223251343,
                    0.01746325008571148,
                    0.08651010692119598,
                    0.34873342514038086
                ],
                [
                    0.0,
                    0.9802277684211731,
                    -0.19787238538265228,
                    -0.7976491451263428
                ],
                [
                    0.0,
                    0.0,
                    0.0,
                    1.0
                ]
            ]
        },
        {
            "file_path": "/data/shapenet_blender/all_50_random/02958343/891b06955bdd04a7909e2381adbddb4b/r_19",
            "rotation": 0.12566370614359174,
            "transform_matrix": [
                [
                    -0.41416600346565247,
                    -0.2925841212272644,
                    0.8618937730789185,
                    3.474405288696289
                ],
                [
                    0.910201370716095,
                    -0.13313360512256622,
                    0.3921847641468048,
                    1.5809475183486938
                ],
                [
                    -7.450580596923828e-09,
                    0.9469265937805176,
                    0.3214498460292816,
                    1.2958059310913086
                ],
                [
                    0.0,
                    0.0,
                    0.0,
                    1.0
                ]
            ]
        },
        {
            "file_path": "/data/shapenet_blender/all_50_random/02958343/891b06955bdd04a7909e2381adbddb4b/r_20",
            "rotation": 0.12566370614359174,
            "transform_matrix": [
                [
                    0.9913235902786255,
                    0.07034248858690262,
                    -0.11103835701942444,
                    -0.44760996103286743
                ],
                [
                    -0.13144424557685852,
                    0.5305075645446777,
                    -0.8374269604682922,
                    -3.3757762908935547
                ],
                [
                    -7.450581485102248e-09,
                    0.8447564244270325,
                    0.5351507663726807,
                    2.157262086868286
                ],
                [
                    0.0,
                    0.0,
                    0.0,
                    1.0
                ]
            ]
        },
        {
            "file_path": "/data/shapenet_blender/all_50_random/02958343/891b06955bdd04a7909e2381adbddb4b/r_21",
            "rotation": 0.12566370614359174,
            "transform_matrix": [
                [
                    0.10583788901567459,
                    0.09276340156793594,
                    -0.9900470972061157,
                    -3.9910075664520264
                ],
                [
                    -0.9943833947181702,
                    0.009873336181044579,
                    -0.10537635535001755,
                    -0.42478567361831665
                ],
                [
                    -1.862645149230957e-09,
                    0.9956392645835876,
                    0.09328734874725342,
                    0.3760533332824707
                ],
                [
                    0.0,
                    0.0,
                    0.0,
                    1.0
                ]
            ]
        },
        {
            "file_path": "/data/shapenet_blender/all_50_random/02958343/891b06955bdd04a7909e2381adbddb4b/r_22",
            "rotation": 0.12566370614359174,
            "transform_matrix": [
                [
                    -0.7043571472167969,
                    -0.38742008805274963,
                    0.5947996377944946,
                    2.397714138031006
                ],
                [
                    0.7098456621170044,
                    -0.3844245672225952,
                    0.590200662612915,
                    2.3791749477386475
                ],
                [
                    0.0,
                    0.8379279971122742,
                    0.5457806587219238,
                    2.2001121044158936
                ],
                [
                    0.0,
                    0.0,
                    0.0,
                    1.0
                ]
            ]
        },
        {
            "file_path": "/data/shapenet_blender/all_50_random/02958343/891b06955bdd04a7909e2381adbddb4b/r_23",
            "rotation": 0.12566370614359174,
            "transform_matrix": [
                [
                    0.9972726106643677,
                    0.0705755203962326,
                    0.021597959101200104,
                    0.08706416189670563
                ],
                [
                    0.07380634546279907,
                    -0.9536176323890686,
                    -0.29183200001716614,
                    -1.176412582397461
                ],
                [
                    0.0,
                    0.29263004660606384,
                    -0.9562256336212158,
                    -3.8546690940856934
                ],
                [
                    0.0,
                    0.0,
                    0.0,
                    1.0
                ]
            ]
        },
        {
            "file_path": "/data/shapenet_blender/all_50_random/02958343/891b06955bdd04a7909e2381adbddb4b/r_24",
            "rotation": 0.12566370614359174,
            "transform_matrix": [
                [
                    -0.9858016967773438,
                    -0.05732030048966408,
                    -0.157827690243721,
                    -0.6362237930297852
                ],
                [
                    -0.1679142713546753,
                    0.33651962876319885,
                    0.9265847206115723,
                    3.735182523727417
                ],
                [
                    0.0,
                    0.9399302005767822,
                    -0.3413664996623993,
                    -1.3760924339294434
                ],
                [
                    0.0,
                    0.0,
                    0.0,
                    1.0
                ]
            ]
        },
        {
            "file_path": "/data/shapenet_blender/all_50_random/02958343/891b06955bdd04a7909e2381adbddb4b/r_25",
            "rotation": 0.12566370614359174,
            "transform_matrix": [
                [
                    0.7329289317131042,
                    0.04833453521132469,
                    -0.6785860657691956,
                    -2.7354679107666016
                ],
                [
                    -0.6803053021430969,
                    0.05207334831357002,
                    -0.7310766577720642,
                    -2.947064161300659
                ],
                [
                    0.0,
                    0.9974728226661682,
                    0.0710482969880104,
                    0.2864048480987549
                ],
                [
                    0.0,
                    0.0,
                    0.0,
                    1.0
                ]
            ]
        },
        {
            "file_path": "/data/shapenet_blender/all_50_random/02958343/891b06955bdd04a7909e2381adbddb4b/r_26",
            "rotation": 0.12566370614359174,
            "transform_matrix": [
                [
                    0.7119199633598328,
                    0.11439359188079834,
                    -0.6928809285163879,
                    -2.7930922508239746
                ],
                [
                    -0.7022604942321777,
                    0.11596706509590149,
                    -0.702411413192749,
                    -2.8315110206604004
                ],
                [
                    7.4505792646561986e-09,
                    0.9866436719894409,
                    0.1628933846950531,
                    0.6566442251205444
                ],
                [
                    0.0,
                    0.0,
                    0.0,
                    1.0
                ]
            ]
        },
        {
            "file_path": "/data/shapenet_blender/all_50_random/02958343/891b06955bdd04a7909e2381adbddb4b/r_27",
            "rotation": 0.12566370614359174,
            "transform_matrix": [
                [
                    -0.24546293914318085,
                    -0.10396764427423477,
                    0.9638146162033081,
                    3.885261058807373
                ],
                [
                    0.9694059491157532,
                    -0.026325613260269165,
                    0.2440471649169922,
                    0.9837855696678162
                ],
                [
                    1.8626450382086546e-09,
                    0.994232177734375,
                    0.10724882036447525,
                    0.4323338270187378
                ],
                [
                    0.0,
                    0.0,
                    0.0,
                    1.0
                ]
            ]
        },
        {
            "file_path": "/data/shapenet_blender/all_50_random/02958343/891b06955bdd04a7909e2381adbddb4b/r_28",
            "rotation": 0.12566370614359174,
            "transform_matrix": [
                [
                    -0.8489879369735718,
                    -0.04511358588933945,
                    -0.5264829397201538,
                    -2.1223206520080566
                ],
                [
                    -0.5284122824668884,
                    0.07248296588659286,
                    0.845888078212738,
                    3.409883975982666
                ],
                [
                    3.725290742551124e-09,
                    0.9963487982749939,
                    -0.08537573367357254,
                    -0.3441605865955353
                ],
                [
                    0.0,
                    0.0,
                    0.0,
                    1.0
                ]
            ]
        },
        {
            "file_path": "/data/shapenet_blender/all_50_random/02958343/891b06955bdd04a7909e2381adbddb4b/r_29",
            "rotation": 0.12566370614359174,
            "transform_matrix": [
                [
                    0.7626889944076538,
                    -0.0029749711975455284,
                    -0.646758496761322,
                    -2.6071670055389404
                ],
                [
                    -0.6467653512954712,
                    -0.0035081934183835983,
                    -0.7626809477806091,
                    -3.074465274810791
                ],
                [
                    0.0,
                    0.99998939037323,
                    -0.004599768668413162,
                    -0.01854225993156433
                ],
                [
                    0.0,
                    0.0,
                    0.0,
                    1.0
                ]
            ]
        },
        {
            "file_path": "/data/shapenet_blender/all_50_random/02958343/891b06955bdd04a7909e2381adbddb4b/r_30",
            "rotation": 0.12566370614359174,
            "transform_matrix": [
                [
                    -0.09897531569004059,
                    -0.7772287726402283,
                    -0.621384859085083,
                    -2.5048828125
                ],
                [
                    -0.9950900077819824,
                    0.07730603218078613,
                    0.061805225908756256,
                    0.24914485216140747
                ],
                [
                    0.0,
                    0.6244509220123291,
                    -0.7810639142990112,
                    -3.1485695838928223
                ],
                [
                    0.0,
                    0.0,
                    0.0,
                    1.0
                ]
            ]
        },
        {
            "file_path": "/data/shapenet_blender/all_50_random/02958343/891b06955bdd04a7909e2381adbddb4b/r_31",
            "rotation": 0.12566370614359174,
            "transform_matrix": [
                [
                    -0.9119011759757996,
                    -0.21424788236618042,
                    0.3500487506389618,
                    1.4110918045043945
                ],
                [
                    0.41040995717048645,
                    -0.4760432839393616,
                    0.7777829766273499,
                    3.1353437900543213
                ],
                [
                    0.0,
                    0.8529247045516968,
                    0.5220338106155396,
                    2.1043858528137207
                ],
                [
                    0.0,
                    0.0,
                    0.0,
                    1.0
                ]
            ]
        },
        {
            "file_path": "/data/shapenet_blender/all_50_random/02958343/891b06955bdd04a7909e2381adbddb4b/r_32",
            "rotation": 0.12566370614359174,
            "transform_matrix": [
                [
                    -0.7491081953048706,
                    -0.0958745926618576,
                    -0.6554731130599976,
                    -2.642296552658081
                ],
                [
                    -0.6624477505683899,
                    0.10841678082942963,
                    0.7412211894989014,
                    2.9879581928253174
                ],
                [
                    7.450581485102248e-09,
                    0.989471435546875,
                    -0.14472781121730804,
                    -0.5834164619445801
                ],
                [
                    0.0,
                    0.0,
                    0.0,
                    1.0
                ]
            ]
        },
        {
            "file_path": "/data/shapenet_blender/all_50_random/02958343/891b06955bdd04a7909e2381adbddb4b/r_33",
            "rotation": 0.12566370614359174,
            "transform_matrix": [
                [
                    0.6247538924217224,
                    0.3281813859939575,
                    -0.7085050940513611,
                    -2.8560752868652344
                ],
                [
                    -0.7808216214179993,
                    0.26258569955825806,
                    -0.5668917298316956,
                    -2.2852137088775635
                ],
                [
                    -1.4901160305669237e-08,
                    0.907383918762207,
                    0.4203025996685028,
                    1.6942939758300781
                ],
                [
                    0.0,
                    0.0,
                    0.0,
                    1.0
                ]
            ]
        },
        {
            "file_path": "/data/shapenet_blender/all_50_random/02958343/891b06955bdd04a7909e2381adbddb4b/r_34",
            "rotation": 0.12566370614359174,
            "transform_matrix": [
                [
                    -0.9918182492256165,
                    -0.054197389632463455,
                    0.11558277904987335,
                    0.4659290909767151
                ],
                [
                    0.1276586800813675,
                    -0.42107564210891724,
                    0.8979969620704651,
                    3.619941473007202
                ],
                [
                    0.0,
                    0.9054047465324402,
                    0.42454928159713745,
                    1.7114129066467285
                ],
                [
                    0.0,
                    0.0,
                    0.0,
                    1.0
                ]
            ]
        },
        {
            "file_path": "/data/shapenet_blender/all_50_random/02958343/891b06955bdd04a7909e2381adbddb4b/r_35",
            "rotation": 0.12566370614359174,
            "transform_matrix": [
                [
                    -0.20662233233451843,
                    -0.7160453796386719,
                    -0.6667728424072266,
                    -2.68784761428833
                ],
                [
                    -0.9784208536148071,
                    0.15121403336524963,
                    0.14080868661403656,
                    0.5676180124282837
                ],
                [
                    0.0,
                    0.6814786791801453,
                    -0.7318378686904907,
                    -2.9501330852508545
                ],
                [
                    0.0,
                    0.0,
                    0.0,
                    1.0
                ]
            ]
        },
        {
            "file_path": "/data/shapenet_blender/all_50_random/02958343/891b06955bdd04a7909e2381adbddb4b/r_36",
            "rotation": 0.12566370614359174,
            "transform_matrix": [
                [
                    -0.7453394532203674,
                    -0.19110509753227234,
                    -0.6387079954147339,
                    -2.574714183807373
                ],
                [
                    -0.666685163974762,
                    0.21365134418010712,
                    0.7140616178512573,
                    2.878474473953247
                ],
                [
                    0.0,
                    0.958035409450531,
                    -0.2866497337818146,
                    -1.1555219888687134
                ],
                [
                    0.0,
                    0.0,
                    0.0,
                    1.0
                ]
            ]
        },
        {
            "file_path": "/data/shapenet_blender/all_50_random/02958343/891b06955bdd04a7909e2381adbddb4b/r_37",
            "rotation": 0.12566370614359174,
            "transform_matrix": [
                [
                    -0.24324919283390045,
                    -0.5344852805137634,
                    -0.8094165325164795,
                    -3.2628626823425293
                ],
                [
                    -0.9699639081954956,
                    0.13403913378715515,
                    0.20298685133457184,
                    0.8182662129402161
                ],
                [
                    7.450581485102248e-09,
                    0.8344811797142029,
                    -0.5510362982749939,
                    -2.2212986946105957
                ],
                [
                    0.0,
                    0.0,
                    0.0,
                    1.0
                ]
            ]
        },
        {
            "file_path": "/data/shapenet_blender/all_50_random/02958343/891b06955bdd04a7909e2381adbddb4b/r_38",
            "rotation": 0.12566370614359174,
            "transform_matrix": [
                [
                    0.7032182216644287,
                    0.31110239028930664,
                    0.6392960548400879,
                    2.57708477973938
                ],
                [
                    0.7109740972518921,
                    -0.30770865082740784,
                    -0.6323221325874329,
                    -2.5489721298217773
                ],
                [
                    0.0,
                    0.8991833925247192,
                    -0.43757203221321106,
                    -1.7639093399047852
                ],
                [
                    0.0,
                    0.0,
                    0.0,
                    1.0
                ]
            ]
        },
        {
            "file_path": "/data/shapenet_blender/all_50_random/02958343/891b06955bdd04a7909e2381adbddb4b/r_39",
            "rotation": 0.12566370614359174,
            "transform_matrix": [
                [
                    0.9785497188568115,
                    0.05338224768638611,
                    0.19897422194480896,
                    0.8020907640457153
                ],
                [
                    0.20601068437099457,
                    -0.25356537103652954,
                    -0.945126473903656,
                    -3.809926748275757
                ],
                [
                    0.0,
                    0.9658440351486206,
                    -0.25912368297576904,
                    -1.0445610284805298
                ],
                [
                    0.0,
                    0.0,
                    0.0,
                    1.0
                ]
            ]
        },
        {
            "file_path": "/data/shapenet_blender/all_50_random/02958343/891b06955bdd04a7909e2381adbddb4b/r_40",
            "rotation": 0.12566370614359174,
            "transform_matrix": [
                [
                    0.7981005907058716,
                    -0.5235867500305176,
                    -0.2981482446193695,
                    -1.201874017715454
                ],
                [
                    -0.6025242805480957,
                    -0.6935403347015381,
                    -0.39492562413215637,
                    -1.5919960737228394
                ],
                [
                    -1.4901161193847656e-08,
                    0.4948318898677826,
                    -0.8689886927604675,
                    -3.5030055046081543
                ],
                [
                    0.0,
                    0.0,
                    0.0,
                    1.0
                ]
            ]
        },
        {
            "file_path": "/data/shapenet_blender/all_50_random/02958343/891b06955bdd04a7909e2381adbddb4b/r_41",
            "rotation": 0.12566370614359174,
            "transform_matrix": [
                [
                    -0.9003168344497681,
                    -0.033253345638513565,
                    -0.433962881565094,
                    -1.7493600845336914
                ],
                [
                    -0.43523502349853516,
                    0.06878708302974701,
                    0.8976852893829346,
                    3.618684768676758
                ],
                [
                    1.8626449271863521e-09,
