{
    "class": "02958343",
    "model": "fe29b245be45318c80e6a7abc49befc7",
    "remove_doubles": true,
    "edge_split": true,
    "denoise": true,
    "camera_angle_x": 0.6911112070083618,
    "scale_factor": 2.2498148757555496,
    "hdri_file": "/data/IndoorHDRDataset2018/9C4A9337-4aeac4961b.exr",
    "center_offset": [
        0.0,
        -1.862645149230957e-09,
        0.0
    ],
    "lights": [],
    "frames": [
        {
            "file_path": "/data/shapenet_blender/all_50_random/02958343/fe29b245be45318c80e6a7abc49befc7/r_0",
            "rotation": 0.12566370614359174,
            "transform_matrix": [
                [
                    -0.11329882591962814,
                    -0.24802137911319733,
                    0.962106466293335,
                    3.8783748149871826
                ],
                [
                    0.9935609698295593,
                    -0.028282642364501953,
                    0.10971196740865707,
                    0.44226303696632385
                ],
                [
                    0.0,
                    0.9683415293693542,
                    0.24962878227233887,
                    1.0062856674194336
                ],
                [
                    0.0,
                    0.0,
                    0.0,
                    1.0
                ]
            ]
        },
        {
            "file_path": "/data/shapenet_blender/all_50_random/02958343/fe29b245be45318c80e6a7abc49befc7/r_1",
            "rotation": 0.12566370614359174,
            "transform_matrix": [
                [
                    0.2528192102909088,
                    0.22410550713539124,
                    0.941200852394104,
                    3.794102191925049
                ],
                [
                    0.9675135612487793,
                    -0.058560602366924286,
                    -0.24594347178936005,
                    -0.9914299249649048
                ],
                [
                    0.0,
                    0.9728037118911743,
                    -0.2316303849220276,
                    -0.9337320327758789
                ],
                [
                    0.0,
                    0.0,
                    0.0,
                    1.0
                ]
            ]
        },
        {
            "file_path": "/data/shapenet_blender/all_50_random/02958343/fe29b245be45318c80e6a7abc49befc7/r_2",
            "rotation": 0.12566370614359174,
            "transform_matrix": [
                [
                    -0.6945728659629822,
                    0.006367249879986048,
                    -0.7193942666053772,
                    -2.899970769882202
                ],
                [
                    -0.7194223403930664,
                    -0.006147319916635752,
                    0.6945457458496094,
                    2.7998030185699463
                ],
                [
                    -4.656612040410124e-10,
                    0.9999608397483826,
                    0.008850504644215107,
                    0.03567752242088318
                ],
                [
                    0.0,
                    0.0,
                    0.0,
                    1.0
                ]
            ]
        },
        {
            "file_path": "/data/shapenet_blender/all_50_random/02958343/fe29b245be45318c80e6a7abc49befc7/r_3",
            "rotation": 0.12566370614359174,
            "transform_matrix": [
                [
                    0.944434404373169,
                    0.02071738801896572,
                    -0.3280465006828308,
                    -1.3223978281021118
                ],
                [
                    -0.32870009541511536,
                    0.05952603369951248,
                    -0.9425565004348755,
                    -3.7995669841766357
                ],
                [
                    -1.862645149230957e-09,
                    0.9980117678642273,
                    0.06302822381258011,
                    0.25407493114471436
                ],
                [
                    0.0,
                    0.0,
                    0.0,
                    1.0
                ]
            ]
        },
        {
            "file_path": "/data/shapenet_blender/all_50_random/02958343/fe29b245be45318c80e6a7abc49befc7/r_4",
            "rotation": 0.12566370614359174,
            "transform_matrix": [
                [
                    -0.9055483341217041,
                    0.23391681909561157,
                    -0.3539283275604248,
                    -1.4267305135726929
                ],
                [
                    -0.4242432713508606,
                    -0.49929603934288025,
                    0.7554609179496765,
                    3.0453600883483887
                ],
                [
                    0.0,
                    0.8342580199241638,
                    0.5513743162155151,
                    2.222660779953003
                ],
                [
                    0.0,
                    0.0,
                    0.0,
                    1.0
                ]
            ]
        },
        {
            "file_path": "/data/shapenet_blender/all_50_random/02958343/fe29b245be45318c80e6a7abc49befc7/r_5",
            "rotation": 0.12566370614359174,
            "transform_matrix": [
                [
                    0.9777944684028625,
                    -0.09290273487567902,
                    0.18784861266613007,
                    0.75724196434021
                ],
                [
                    0.20956629514694214,
                    0.4334656298160553,
                    -0.8764641284942627,
                    -3.533139944076538
                ],
                [
                    0.0,
                    0.8963684439659119,
                    0.44330960512161255,
                    1.7870382070541382
                ],
                [
                    0.0,
                    0.0,
                    0.0,
                    1.0
                ]
            ]
        },
        {
            "file_path": "/data/shapenet_blender/all_50_random/02958343/fe29b245be45318c80e6a7abc49befc7/r_6",
            "rotation": 0.12566370614359174,
            "transform_matrix": [
                [
                    -0.963250458240509,
                    0.10482873767614365,
                    0.24730437994003296,
                    0.9969158172607422
                ],
                [
                    0.26860475540161133,
                    0.3759290277957916,
                    0.8868646025657654,
                    3.5750656127929688
                ],
                [
                    0.0,
                    0.9206998944282532,
                    -0.39027130603790283,
                    -1.573233962059021
                ],
                [
                    0.0,
                    0.0,
                    0.0,
                    1.0
                ]
            ]
        },
        {
            "file_path": "/data/shapenet_blender/all_50_random/02958343/fe29b245be45318c80e6a7abc49befc7/r_7",
            "rotation": 0.12566370614359174,
            "transform_matrix": [
                [
                    -0.5243428349494934,
                    -0.5780896544456482,
                    -0.625201404094696,
                    -2.5202674865722656
                ],
                [
                    -0.8515071272850037,
                    0.35597723722457886,
                    0.38498780131340027,
                    1.5519354343414307
                ],
                [
                    0.0,
                    0.7342290878295898,
                    -0.678901731967926,
                    -2.7367403507232666
                ],
                [
                    0.0,
                    0.0,
                    0.0,
                    1.0
                ]
            ]
        },
        {
            "file_path": "/data/shapenet_blender/all_50_random/02958343/fe29b245be45318c80e6a7abc49befc7/r_8",
            "rotation": 0.12566370614359174,
            "transform_matrix": [
                [
                    0.7419523596763611,
                    -0.06181013211607933,
                    0.6675974130630493,
                    2.6911709308624268
                ],
                [
                    0.6704526543617249,
                    0.06840180605649948,
                    -0.7387926578521729,
                    -2.97816801071167
                ],
                [
                    0.0,
                    0.9957412481307983,
                    0.09219164401292801,
                    0.37163636088371277
                ],
                [
                    0.0,
                    0.0,
                    0.0,
                    1.0
                ]
            ]
        },
        {
            "file_path": "/data/shapenet_blender/all_50_random/02958343/fe29b245be45318c80e6a7abc49befc7/r_9",
            "rotation": 0.12566370614359174,
            "transform_matrix": [
                [
                    -0.14369447529315948,
                    -0.04592655226588249,
                    0.9885558485984802,
                    3.9849960803985596
                ],
                [
                    0.9896221160888672,
                    -0.006668597459793091,
                    0.1435396373271942,
                    0.578626811504364
                ],
                [
                    4.656612873077393e-10,
                    0.99892258644104,
                    0.046408168971538544,
                    0.18707731366157532
                ],
                [
                    0.0,
                    0.0,
                    0.0,
                    1.0
                ]
            ]
        },
        {
            "file_path": "/data/shapenet_blender/all_50_random/02958343/fe29b245be45318c80e6a7abc49befc7/r_10",
            "rotation": 0.12566370614359174,
            "transform_matrix": [
                [
                    -0.476961612701416,
                    0.03135267272591591,
                    0.8783647418022156,
                    3.5408012866973877
                ],
                [
                    0.8789240121841431,
                    0.01701400987803936,
                    0.4766581356525421,
                    1.921470284461975
                ],
                [
                    9.313224080820248e-10,
                    0.9993634819984436,
                    -0.0356716550886631,
                    -0.14379703998565674
                ],
                [
                    0.0,
                    0.0,
                    0.0,
                    1.0
                ]
            ]
        },
        {
            "file_path": "/data/shapenet_blender/all_50_random/02958343/fe29b245be45318c80e6a7abc49befc7/r_11",
            "rotation": 0.12566370614359174,
            "transform_matrix": [
                [
                    -0.2865312397480011,
                    -0.038813475519418716,
                    -0.9572843313217163,
                    -3.8589367866516113
                ],
                [
                    -0.9580709934234619,
                    0.011607985012233257,
                    0.28629598021507263,
                    1.1540961265563965
                ],
                [
                    0.0,
                    0.9991790056228638,
                    -0.04051210731267929,
                    -0.16330954432487488
                ],
                [
                    0.0,
                    0.0,
                    0.0,
                    1.0
                ]
            ]
        },
        {
            "file_path": "/data/shapenet_blender/all_50_random/02958343/fe29b245be45318c80e6a7abc49befc7/r_12",
            "rotation": 0.12566370614359174,
            "transform_matrix": [
                [
                    0.9503912925720215,
                    -0.28821033239364624,
                    0.11700962483882904,
                    0.4716808795928955
                ],
                [
                    0.3110570013523102,
                    0.8805865049362183,
                    -0.3575066030025482,
                    -1.441155195236206
                ],
                [
                    0.0,
                    0.3761679530143738,
                    0.9265515804290771,
                    3.735048770904541
                ],
                [
                    0.0,
                    0.0,
                    0.0,
                    1.0
                ]
            ]
        },
        {
            "file_path": "/data/shapenet_blender/all_50_random/02958343/fe29b245be45318c80e6a7abc49befc7/r_13",
            "rotation": 0.12566370614359174,
            "transform_matrix": [
                [
                    -0.8791607618331909,
                    0.025408059358596802,
                    -0.4758473336696625,
                    -1.9182019233703613
                ],
                [
                    -0.4765251874923706,
                    -0.046876367181539536,
                    0.8779101967811584,
                    3.5389692783355713
                ],
                [
                    0.0,
                    0.9985774159431458,
                    0.05331944674253464,
                    0.21493756771087646
                ],
                [
                    0.0,
                    0.0,
                    0.0,
                    1.0
                ]
            ]
        },
        {
            "file_path": "/data/shapenet_blender/all_50_random/02958343/fe29b245be45318c80e6a7abc49befc7/r_14",
            "rotation": 0.12566370614359174,
            "transform_matrix": [
                [
                    0.8773368000984192,
                    0.032366007566452026,
                    0.47878238558769226,
                    1.930033564567566
                ],
                [
                    0.4798751473426819,
                    -0.05917349457740784,
                    -0.8753389716148376,
                    -3.52860426902771
                ],
                [
                    0.0,
                    0.9977229237556458,
                    -0.06744671612977982,
                    -0.27188640832901
                ],
                [
                    0.0,
                    0.0,
                    0.0,
                    1.0
                ]
            ]
        },
        {
            "file_path": "/data/shapenet_blender/all_50_random/02958343/fe29b245be45318c80e6a7abc49befc7/r_15",
            "rotation": 0.12566370614359174,
            "transform_matrix": [
                [
                    0.272818386554718,
                    0.18001502752304077,
                    0.9450738430023193,
                    3.8097147941589355
                ],
                [
                    0.9620656371116638,
                    -0.051047876477241516,
                    -0.26799991726875305,
                    -1.0803422927856445
                ],
                [
                    -3.725290742551124e-09,
                    0.9823383092880249,
                    -0.18711304664611816,
                    -0.7542768716812134
                ],
                [
                    0.0,
                    0.0,
                    0.0,
                    1.0
                ]
            ]
        },
        {
            "file_path": "/data/shapenet_blender/all_50_random/02958343/fe29b245be45318c80e6a7abc49befc7/r_16",
            "rotation": 0.12566370614359174,
            "transform_matrix": [
                [
                    0.6135177612304688,
                    0.6306296586990356,
                    -0.47529181838035583,
                    -1.91596257686615
                ],
                [
                    -0.7896809577941895,
                    0.4899478554725647,
                    -0.36926302313804626,
                    -1.4885468482971191
                ],
                [
                    0.0,
                    0.6018782258033752,
                    0.7985878586769104,
                    3.219210624694824
                ],
                [
                    0.0,
                    0.0,
                    0.0,
                    1.0
                ]
            ]
        },
        {
            "file_path": "/data/shapenet_blender/all_50_random/02958343/fe29b245be45318c80e6a7abc49befc7/r_17",
            "rotation": 0.12566370614359174,
            "transform_matrix": [
                [
                    -0.4398116171360016,
                    0.6851322054862976,
                    0.5806544423103333,
                    2.340693235397339
                ],
                [
                    0.8980899453163147,
                    0.3355221748352051,
                    0.2843574285507202,
                    1.1462815999984741
                ],
                [
                    -1.4901158529312397e-08,
                    0.6465438008308411,
                    -0.7628768682479858,
                    -3.0752551555633545
                ],
                [
                    0.0,
                    0.0,
                    0.0,
                    1.0
                ]
            ]
        },
        {
            "file_path": "/data/shapenet_blender/all_50_random/02958343/fe29b245be45318c80e6a7abc49befc7/r_18",
            "rotation": 0.12566370614359174,
            "transform_matrix": [
                [
                    0.19751879572868347,
                    0.07393128424882889,
                    0.9775072932243347,
                    3.940457820892334
                ],
                [
                    0.980299174785614,
                    -0.014896287582814693,
                    -0.19695626199245453,
                    -0.7939561009407043
                ],
                [
                    0.0,
                    0.9971520304679871,
                    -0.07541707158088684,
                    -0.3040159344673157
                ],
                [
                    0.0,
                    0.0,
                    0.0,
                    1.0
                ]
            ]
        },
        {
            "file_path": "/data/shapenet_blender/all_50_random/02958343/fe29b245be45318c80e6a7abc49befc7/r_19",
            "rotation": 0.12566370614359174,
            "transform_matrix": [
                [
                    -0.4925711750984192,
                    0.5547956228256226,
                    -0.6705038547515869,
                    -2.702887535095215
                ],
                [
                    -0.8702722787857056,
                    -0.31401246786117554,
                    0.37950292229652405,
                    1.529825210571289
                ],
                [
                    0.0,
                    0.7704529166221619,
                    0.6374967098236084,
                    2.569831371307373
                ],
                [
                    0.0,
                    0.0,
                    0.0,
                    1.0
                ]
            ]
        },
        {
            "file_path": "/data/shapenet_blender/all_50_random/02958343/fe29b245be45318c80e6a7abc49befc7/r_20",
            "rotation": 0.12566370614359174,
            "transform_matrix": [
                [
                    -0.9998648166656494,
                    0.0036973319947719574,
                    -0.016026919707655907,
                    -0.06460657715797424
                ],
                [
                    -0.016447870060801506,
                    -0.2247605323791504,
                    0.9742752313613892,
                    3.927428960800171
                ],
                [
                    0.0,
                    0.974406898021698,
                    0.22479099035263062,
                    0.9061614871025085
                ],
                [
                    0.0,
                    0.0,
                    0.0,
                    1.0
                ]
            ]
        },
        {
            "file_path": "/data/shapenet_blender/all_50_random/02958343/fe29b245be45318c80e6a7abc49befc7/r_21",
            "rotation": 0.12566370614359174,
            "transform_matrix": [
                [
                    0.30052366852760315,
                    0.29087772965431213,
                    -0.9083368182182312,
                    -3.6616222858428955
                ],
                [
                    -0.9537742733955383,
                    0.09165234863758087,
                    -0.28620684146881104,
                    -1.1537365913391113
                ],
                [
                    0.0,
                    0.9523601531982422,
                    0.3049754798412323,
                    1.2293953895568848
                ],
                [
                    0.0,
                    0.0,
                    0.0,
                    1.0
                ]
            ]
        },
        {
            "file_path": "/data/shapenet_blender/all_50_random/02958343/fe29b245be45318c80e6a7abc49befc7/r_22",
            "rotation": 0.12566370614359174,
            "transform_matrix": [
                [
                    -0.42032143473625183,
                    0.060814641416072845,
                    -0.905335009098053,
                    -3.649522066116333
                ],
                [
                    -0.9073752760887146,
                    -0.028171028941869736,
                    0.41937631368637085,
                    1.690559983253479
                ],
                [
                    1.862645149230957e-09,
                    0.9977514743804932,
                    0.06702258437871933,
                    0.2701766788959503
                ],
                [
                    0.0,
                    0.0,
                    0.0,
                    1.0
                ]
            ]
        },
        {
            "file_path": "/data/shapenet_blender/all_50_random/02958343/fe29b245be45318c80e6a7abc49befc7/r_23",
            "rotation": 0.12566370614359174,
            "transform_matrix": [
                [
                    0.11587370932102203,
                    -0.9821681976318359,
                    -0.1480502486228943,
                    -0.5968096256256104
                ],
                [
                    -0.9932639598846436,
                    -0.11457928270101547,
                    -0.01727147214114666,
                    -0.06962352991104126
                ],
                [
                    0.0,
                    0.14905411005020142,
                    -0.9888289570808411,
                    -3.9860970973968506
                ],
                [
                    0.0,
                    0.0,
                    0.0,
                    1.0
                ]
            ]
        },
        {
            "file_path": "/data/shapenet_blender/all_50_random/02958343/fe29b245be45318c80e6a7abc49befc7/r_24",
            "rotation": 0.12566370614359174,
            "transform_matrix": [
                [
                    0.3541201651096344,
                    -0.05792675167322159,
                    0.9334041476249695,
                    3.7626726627349854
                ],
                [
                    0.9351999759674072,
                    0.021934378892183304,
                    -0.35344016551971436,
                    -1.4247629642486572
                ],
                [
                    0.0,
                    0.998079776763916,
                    0.061940498650074005,
                    0.24969014525413513
                ],
                [
                    0.0,
                    0.0,
                    0.0,
                    1.0
                ]
            ]
        },
        {
            "file_path": "/data/shapenet_blender/all_50_random/02958343/fe29b245be45318c80e6a7abc49befc7/r_25",
            "rotation": 0.12566370614359174,
            "transform_matrix": [
                [
                    -0.7573760151863098,
                    0.20530201494693756,
                    -0.6198650598526001,
                    -2.498755931854248
                ],
                [
                    -0.6529790163040161,
                    -0.2381252944469452,
                    0.718967854976654,
                    2.898252010345459
                ],
                [
                    0.0,
                    0.9492877721786499,
                    0.3144083321094513,
                    1.2674205303192139
                ],
                [
                    0.0,
                    0.0,
                    0.0,
                    1.0
                ]
            ]
        },
        {
            "file_path": "/data/shapenet_blender/all_50_random/02958343/fe29b245be45318c80e6a7abc49befc7/r_26",
            "rotation": 0.12566370614359174,
            "transform_matrix": [
                [
                    0.9182983636856079,
                    -0.26096048951148987,
                    -0.2977041006088257,
                    -1.200083613395691
                ],
                [
                    -0.3958890438079834,
                    -0.6053200960159302,
                    -0.6905500292778015,
                    -2.783696174621582
                ],
                [
                    0.0,
                    0.7519887089729309,
                    -0.6591758728027344,
                    -2.6572229862213135
                ],
                [
                    0.0,
                    0.0,
                    0.0,
                    1.0
                ]
            ]
        },
        {
            "file_path": "/data/shapenet_blender/all_50_random/02958343/fe29b245be45318c80e6a7abc49befc7/r_27",
            "rotation": 0.12566370614359174,
            "transform_matrix": [
                [
                    0.9560515284538269,
                    0.008872520178556442,
                    -0.2930646538734436,
                    -1.1813814640045166
                ],
                [
                    -0.29319894313812256,
                    0.028931163251399994,
                    -0.9556136131286621,
                    -3.8522017002105713
                ],
                [
                    0.0,
                    0.9995419979095459,
                    0.030261097475886345,
                    0.12198638916015625
                ],
                [
                    0.0,
                    0.0,
                    0.0,
                    1.0
                ]
            ]
        },
        {
            "file_path": "/data/shapenet_blender/all_50_random/02958343/fe29b245be45318c80e6a7abc49befc7/r_28",
            "rotation": 0.12566370614359174,
            "transform_matrix": [
                [
                    -0.5309863090515137,
                    0.051849447190761566,
                    0.8457925915718079,
                    3.409498929977417
                ],
                [
                    0.8473802804946899,
                    0.03248995169997215,
                    0.5299914479255676,
                    2.1364638805389404
                ],
                [
                    1.8626448161640496e-09,
                    0.9981262683868408,
                    -0.061187926679849625,
                    -0.2466564178466797
                ],
                [
                    0.0,
                    0.0,
                    0.0,
                    1.0
                ]
            ]
        },
        {
            "file_path": "/data/shapenet_blender/all_50_random/02958343/fe29b245be45318c80e6a7abc49befc7/r_29",
            "rotation": 0.12566370614359174,
            "transform_matrix": [
                [
                    0.5786728262901306,
                    -0.4932500422000885,
                    -0.6494936347007751,
                    -2.6181929111480713
                ],
                [
                    -0.8155598044395447,
                    -0.3499809801578522,
                    -0.46084216237068176,
                    -1.857714295387268
                ],
                [
                    0.0,
                    0.7963777780532837,
                    -0.6047993302345276,
                    -2.4380242824554443
                ],
                [
                    0.0,
                    0.0,
                    0.0,
                    1.0
                ]
            ]
        },
        {
            "file_path": "/data/shapenet_blender/all_50_random/02958343/fe29b245be45318c80e6a7abc49befc7/r_30",
            "rotation": 0.12566370614359174,
            "transform_matrix": [
                [
                    0.870749831199646,
                    0.062236662954092026,
                    0.4877718389034271,
                    1.966271162033081
                ],
                [
                    0.4917263388633728,
                    -0.11020879447460175,
                    -0.863747239112854,
                    -3.4818763732910156
                ],
                [
                    0.0,
                    0.9919580221176147,
                    -0.12656767666339874,
                    -0.5102106332778931
                ],
                [
                    0.0,
                    0.0,
                    0.0,
                    1.0
                ]
            ]
        },
        {
            "file_path": "/data/shapenet_blender/all_50_random/02958343/fe29b245be45318c80e6a7abc49befc7/r_31",
            "rotation": 0.12566370614359174,
            "transform_matrix": [
                [
                    -0.775205671787262,
                    -0.29460620880126953,
                    -0.5588053464889526,
                    -2.2526164054870605
                ],
                [
                    -0.6317090392112732,
                    0.36152780055999756,
                    0.6857414245605469,
                    2.7643120288848877
                ],
                [
                    -1.4901162970204496e-08,
                    0.8845929503440857,
                    -0.4663638174533844,
                    -1.8799726963043213
                ],
                [
                    0.0,
                    0.0,
                    0.0,
                    1.0
                ]
            ]
        },
        {
            "file_path": "/data/shapenet_blender/all_50_random/02958343/fe29b245be45318c80e6a7abc49befc7/r_32",
            "rotation": 0.12566370614359174,
            "transform_matrix": [
                [
                    0.9412938356399536,
                    -0.2131875455379486,
                    0.2617575228214264,
                    1.0551782846450806
                ],
                [
                    0.3375883996486664,
                    0.5944283604621887,
                    -0.729855477809906,
                    -2.942141532897949
                ],
                [
                    0.0,
                    0.7753748297691345,
                    0.631501317024231,
                    2.5456631183624268
                ],
                [
                    0.0,
                    0.0,
                    0.0,
                    1.0
                ]
            ]
        },
        {
            "file_path": "/data/shapenet_blender/all_50_random/02958343/fe29b245be45318c80e6a7abc49befc7/r_33",
            "rotation": 0.12566370614359174,
            "transform_matrix": [
                [
                    -0.5280264616012573,
                    -0.2011946588754654,
                    -0.8250506520271301,
                    -3.325885772705078
                ],
                [
                    -0.8492279052734375,
                    0.12509730458259583,
                    0.5129937529563904,
                    2.067944288253784
                ],
                [
                    7.450580596923828e-09,
                    0.9715303778648376,
                    -0.23691481351852417,
                    -0.9550341963768005
                ],
                [
                    0.0,
                    0.0,
                    0.0,
                    1.0
                ]
            ]
        },
        {
            "file_path": "/data/shapenet_blender/all_50_random/02958343/fe29b245be45318c80e6a7abc49befc7/r_34",
            "rotation": 0.12566370614359174,
            "transform_matrix": [
                [
                    -0.5963184237480164,
                    -0.3231593072414398,
                    0.7348281741142273,
                    2.9621870517730713
                ],
                [
                    0.8027480840682983,
                    -0.24005772173404694,
                    0.5458644032478333,
                    2.2004497051239014
                ],
                [
                    0.0,
                    0.9153907895088196,
                    0.4025663435459137,
                    1.622796893119812
                ],
                [
                    0.0,
                    0.0,
                    0.0,
                    1.0
                ]
            ]
        },
        {
            "file_path": "/data/shapenet_blender/all_50_random/02958343/fe29b245be45318c80e6a7abc49befc7/r_35",
            "rotation": 0.12566370614359174,
            "transform_matrix": [
                [
                    -0.999033510684967,
                    -0.006593908648937941,
                    0.04345758631825447,
                    0.17518313229084015
                ],
                [
                    0.0439549945294857,
                    -0.14987000823020935,
                    0.9877281188964844,
                    3.981659412384033
                ],
                [
                    0.0,
                    0.9886837005615234,
                    0.1500149965286255,
                    0.6047297716140747
                ],
                [
                    0.0,
                    0.0,
                    0.0,
                    1.0
                ]
            ]
        },
        {
            "file_path": "/data/shapenet_blender/all_50_random/02958343/fe29b245be45318c80e6a7abc49befc7/r_36",
            "rotation": 0.12566370614359174,
            "transform_matrix": [
                [
                    0.15707193315029144,
                    0.11311361193656921,
                    -0.9810880422592163,
                    -3.95489239692688
                ],
                [
                    -0.9875872135162354,
                    0.01799028366804123,
                    -0.15603826940059662,
                    -0.6290103793144226
                ],
                [
                    0.0,
                    0.9934192299842834,
                    0.11453532427549362,
                    0.46170666813850403
                ],
                [
                    0.0,
                    0.0,
                    0.0,
                    1.0
                ]
            ]
        },
        {
            "file_path": "/data/shapenet_blender/all_50_random/02958343/fe29b245be45318c80e6a7abc49befc7/r_37",
            "rotation": 0.12566370614359174,
            "transform_matrix": [
                [
                    0.862078845500946,
                    0.2754821181297302,
                    0.42535826563835144,
                    1.7146739959716797
                ],
                [
                    0.5067741274833679,
                    -0.468625545501709,
                    -0.7235813736915588,
                    -2.9168498516082764
                ],
                [
                    0.0,
                    0.8393447995185852,
                    -0.5435993671417236,
                    -2.191319227218628
                ],
                [
                    0.0,
                    0.0,
                    0.0,
                    1.0
                ]
            ]
        },
        {
            "file_path": "/data/shapenet_blender/all_50_random/02958343/fe29b245be45318c80e6a7abc49befc7/r_38",
            "rotation": 0.12566370614359174,
            "transform_matrix": [
                [
                    -0.5342587232589722,
                    -0.6417648196220398,
                    0.5501868724822998,
                    2.21787428855896
                ],
                [
                    0.845320999622345,
                    -0.4056074321269989,
                    0.347728431224823,
                    1.401738166809082
                ],
                [
                    0.0,
                    0.6508614420890808,
                    0.7591964602470398,
                    3.0604188442230225
                ],
                [
                    0.0,
                    0.0,
                    0.0,
                    1.0
                ]
            ]
        },
        {
            "file_path": "/data/shapenet_blender/all_50_random/02958343/fe29b245be45318c80e6a7abc49befc7/r_39",
            "rotation": 0.12566370614359174,
            "transform_matrix": [
                [
                    -0.9728379845619202,
                    -0.14222338795661926,
                    -0.18264423310756683,
                    -0.7362625002861023
                ],
                [
                    -0.2314874231815338,
                    0.5977012515068054,
                    0.7675719261169434,
                    3.094181537628174
                ],
                [
                    7.450581485102248e-09,
                    0.7890028357505798,
                    -0.6143893599510193,
                    -2.4766829013824463
                ],
                [
                    0.0,
                    0.0,
                    0.0,
                    1.0
                ]
            ]
        },
        {
            "file_path": "/data/shapenet_blender/all_50_random/02958343/fe29b245be45318c80e6a7abc49befc7/r_40",
            "rotation": 0.12566370614359174,
            "transform_matrix": [
                [
                    -0.9627455472946167,
                    -0.06374037265777588,
                    -0.26278939843177795,
                    -1.059338092803955
                ],
                [
                    -0.2704091966152191,
                    0.2269366830587387,
                    0.9356166124343872,
                    3.7715914249420166
                ],
                [
                    3.725290742551124e-09,
                    0.9718213081359863,
                    -0.2357182651758194,
                    -0.9502108097076416
                ],
                [
                    0.0,
                    0.0,
                    0.0,
                    1.0
                ]
            ]
        },
        {
            "file_path": "/data/shapenet_blender/all_50_random/02958343/fe29b245be45318c80e6a7abc49befc7/r_41",
            "rotation": 0.12566370614359174,
            "transform_matrix": [
                [
                    0.9802259802818298,
                    -0.060700736939907074,
                    -0.18834169209003448,
                    -0.7592296600341797
                ],
                [
                    -0.19788172841072083,
                    -0.30068686604499817,
                    -0.9329684972763062,
                    -3.760916233062744
                ],
                [
                    0.0,
                    0.9517892599105835,
                    -0.30675262212753296,
                    -1.2365593910217285
