{
    "class": "02958343",
    "model": "f4440b2cecde4131afe1d4530f4c6e24",
    "remove_doubles": true,
    "edge_split": true,
    "denoise": true,
    "camera_angle_x": 0.6911112070083618,
    "scale_factor": 2.175554073823949,
    "hdri_file": "/data/IndoorHDRDataset2018/9C4A0849-af31d8c9d2.exr",
    "center_offset": [
        0.0,
        0.0,
        1.862645149230957e-09
    ],
    "lights": [],
    "frames": [
        {
            "file_path": "/data/shapenet_blender/all_50_random/02958343/f4440b2cecde4131afe1d4530f4c6e24/r_0",
            "rotation": 0.12566370614359174,
            "transform_matrix": [
                [
                    -0.8104515075683594,
                    -0.19237643480300903,
                    0.5533168911933899,
                    2.2304916381835938
                ],
                [
                    0.5858056545257568,
                    -0.2661493122577667,
                    0.7655039429664612,
                    3.0858449935913086
                ],
                [
                    0.0,
                    0.9445399641990662,
                    0.32839635014533997,
                    1.3238080739974976
                ],
                [
                    0.0,
                    0.0,
                    0.0,
                    1.0
                ]
            ]
        },
        {
            "file_path": "/data/shapenet_blender/all_50_random/02958343/f4440b2cecde4131afe1d4530f4c6e24/r_1",
            "rotation": 0.12566370614359174,
            "transform_matrix": [
                [
                    -0.20338885486125946,
                    0.17483489215373993,
                    -0.9633617401123047,
                    -3.883435010910034
                ],
                [
                    -0.9790981411933899,
                    -0.036318592727184296,
                    0.20011991262435913,
                    0.8067090511322021
                ],
                [
                    0.0,
                    0.9839276075363159,
                    0.1785673350095749,
                    0.7198278903961182
                ],
                [
                    0.0,
                    0.0,
                    0.0,
                    1.0
                ]
            ]
        },
        {
            "file_path": "/data/shapenet_blender/all_50_random/02958343/f4440b2cecde4131afe1d4530f4c6e24/r_2",
            "rotation": 0.12566370614359174,
            "transform_matrix": [
                [
                    -0.8625415563583374,
                    -0.20892663300037384,
                    -0.4608381688594818,
                    -1.8576980829238892
                ],
                [
                    -0.5059862732887268,
                    0.3561517000198364,
                    0.7855786681175232,
                    3.166768789291382
                ],
                [
                    0.0,
                    0.9107718467712402,
                    -0.41290971636772156,
                    -1.6644922494888306
                ],
                [
                    0.0,
                    0.0,
                    0.0,
                    1.0
                ]
            ]
        },
        {
            "file_path": "/data/shapenet_blender/all_50_random/02958343/f4440b2cecde4131afe1d4530f4c6e24/r_3",
            "rotation": 0.12566370614359174,
            "transform_matrix": [
                [
                    -0.16572220623493195,
                    0.0009540573810227215,
                    0.9861720204353333,
                    3.975386619567871
                ],
                [
                    0.9861725568771362,
                    0.0001603253767825663,
                    0.16572211682796478,
                    0.6680472493171692
                ],
                [
                    0.0,
                    0.999999463558197,
                    -0.0009674346656538546,
                    -0.0038998539093881845
                ],
                [
                    0.0,
                    0.0,
                    0.0,
                    1.0
                ]
            ]
        },
        {
            "file_path": "/data/shapenet_blender/all_50_random/02958343/f4440b2cecde4131afe1d4530f4c6e24/r_4",
            "rotation": 0.12566370614359174,
            "transform_matrix": [
                [
                    -0.9550999402999878,
                    -0.05579507723450661,
                    -0.29098308086395264,
                    -1.1729904413223267
                ],
                [
                    -0.29628410935401917,
                    0.17986071109771729,
                    0.9380115866661072,
                    3.7812459468841553
                ],
                [
                    -3.725290298461914e-09,
                    0.9821085333824158,
                    -0.18831610679626465,
                    -0.7591265439987183
                ],
                [
                    0.0,
                    0.0,
                    0.0,
                    1.0
                ]
            ]
        },
        {
            "file_path": "/data/shapenet_blender/all_50_random/02958343/f4440b2cecde4131afe1d4530f4c6e24/r_5",
            "rotation": 0.12566370614359174,
            "transform_matrix": [
                [
                    -0.9600308537483215,
                    -0.22042623162269592,
                    -0.17249076068401337,
                    -0.6953324675559998
                ],
                [
                    -0.27989426255226135,
                    0.7560569047927856,
                    0.5916393399238586,
                    2.384974479675293
                ],
                [
                    0.0,
                    0.6162711977958679,
                    -0.7875339984893799,
                    -3.1746509075164795
                ],
                [
                    0.0,
                    0.0,
                    0.0,
                    1.0
                ]
            ]
        },
        {
            "file_path": "/data/shapenet_blender/all_50_random/02958343/f4440b2cecde4131afe1d4530f4c6e24/r_6",
            "rotation": 0.12566370614359174,
            "transform_matrix": [
                [
                    -0.047008052468299866,
                    0.08737987279891968,
                    0.9950652718544006,
                    4.011236667633057
                ],
                [
                    0.9988945126533508,
                    0.00411210348829627,
                    0.04682784527540207,
                    0.18876910209655762
                ],
                [
                    -4.656612873077393e-10,
                    0.9961665868759155,
                    -0.08747656643390656,
                    -0.35262933373451233
                ],
                [
                    0.0,
                    0.0,
                    0.0,
                    1.0
                ]
            ]
        },
        {
            "file_path": "/data/shapenet_blender/all_50_random/02958343/f4440b2cecde4131afe1d4530f4c6e24/r_7",
            "rotation": 0.12566370614359174,
            "transform_matrix": [
                [
                    0.07716507464647293,
                    0.2742214798927307,
                    0.9585656523704529,
                    3.8641016483306885
                ],
                [
                    0.9970183968544006,
                    -0.021223602816462517,
                    -0.07418899238109589,
                    -0.29906538128852844
                ],
                [
                    0.0,
                    0.9614322185516357,
                    -0.2750416100025177,
                    -1.1087281703948975
                ],
                [
                    0.0,
                    0.0,
                    0.0,
                    1.0
                ]
            ]
        },
        {
            "file_path": "/data/shapenet_blender/all_50_random/02958343/f4440b2cecde4131afe1d4530f4c6e24/r_8",
            "rotation": 0.12566370614359174,
            "transform_matrix": [
                [
                    0.8674089908599854,
                    0.27902230620384216,
                    0.41200509667396545,
                    1.6608456373214722
                ],
                [
                    0.4975958466529846,
                    -0.4863916039466858,
                    -0.7182071805000305,
                    -2.895185708999634
                ],
                [
                    0.0,
                    0.8279913663864136,
                    -0.5607408285140991,
                    -2.260418653488159
                ],
                [
                    0.0,
                    0.0,
                    0.0,
                    1.0
                ]
            ]
        },
        {
            "file_path": "/data/shapenet_blender/all_50_random/02958343/f4440b2cecde4131afe1d4530f4c6e24/r_9",
            "rotation": 0.12566370614359174,
            "transform_matrix": [
                [
                    -0.9620746970176697,
                    -0.11089637875556946,
                    0.24922746419906616,
                    1.0046679973602295
                ],
                [
                    0.2727862596511841,
                    -0.3911142945289612,
                    0.8789864778518677,
                    3.5433075428009033
                ],
                [
                    7.450580596923828e-09,
                    0.9136363863945007,
                    0.4065322279930115,
                    1.6387836933135986
                ],
                [
                    0.0,
                    0.0,
                    0.0,
                    1.0
                ]
            ]
        },
        {
            "file_path": "/data/shapenet_blender/all_50_random/02958343/f4440b2cecde4131afe1d4530f4c6e24/r_10",
            "rotation": 0.12566370614359174,
            "transform_matrix": [
                [
                    0.5218852162361145,
                    -0.0921986773610115,
                    0.8480183482170105,
                    3.418471336364746
                ],
                [
                    0.853015661239624,
                    0.05640826374292374,
                    -0.5188278555870056,
                    -2.0914618968963623
                ],
                [
                    0.0,
                    0.9941415786743164,
                    0.10808556526899338,
                    0.43570685386657715
                ],
                [
                    0.0,
                    0.0,
                    0.0,
                    1.0
                ]
            ]
        },
        {
            "file_path": "/data/shapenet_blender/all_50_random/02958343/f4440b2cecde4131afe1d4530f4c6e24/r_11",
            "rotation": 0.12566370614359174,
            "transform_matrix": [
                [
                    -0.9999609589576721,
                    -0.000573120079934597,
                    0.008827008306980133,
                    0.03558281064033508
                ],
                [
                    0.008845596574246883,
                    -0.06478904187679291,
                    0.9978597164154053,
                    4.022501468658447
                ],
                [
                    0.0,
                    0.9978987574577332,
                    0.06479158252477646,
                    0.2611832618713379
                ],
                [
                    0.0,
                    0.0,
                    0.0,
                    1.0
                ]
            ]
        },
        {
            "file_path": "/data/shapenet_blender/all_50_random/02958343/f4440b2cecde4131afe1d4530f4c6e24/r_12",
            "rotation": 0.12566370614359174,
            "transform_matrix": [
                [
                    -0.9999980926513672,
                    -0.0015695624751970172,
                    0.001154032303020358,
                    0.004652053117752075
                ],
                [
                    0.0019481574418023229,
                    -0.8056635856628418,
                    0.5923700332641602,
                    2.3879199028015137
                ],
                [
                    5.820766091346741e-11,
                    0.5923710465431213,
                    0.8056651949882507,
                    3.2477400302886963
                ],
                [
                    0.0,
                    0.0,
                    0.0,
                    1.0
                ]
            ]
        },
        {
            "file_path": "/data/shapenet_blender/all_50_random/02958343/f4440b2cecde4131afe1d4530f4c6e24/r_13",
            "rotation": 0.12566370614359174,
            "transform_matrix": [
                [
                    -0.6410588622093201,
                    -0.07691007107496262,
                    0.763628363609314,
                    3.078284740447998
                ],
                [
                    0.7674917578697205,
                    -0.06424027681350708,
                    0.6378319263458252,
                    2.5711829662323
                ],
                [
                    0.0,
                    0.9949663281440735,
                    0.10020964592695236,
                    0.4039580225944519
                ],
                [
                    0.0,
                    0.0,
                    0.0,
                    1.0
                ]
            ]
        },
        {
            "file_path": "/data/shapenet_blender/all_50_random/02958343/f4440b2cecde4131afe1d4530f4c6e24/r_14",
            "rotation": 0.12566370614359174,
            "transform_matrix": [
                [
                    -0.1116643026471138,
                    0.750874400138855,
                    -0.6509366035461426,
                    -2.624009609222412
                ],
                [
                    -0.9937459826469421,
                    -0.08437354862689972,
                    0.07314382493495941,
                    0.29485222697257996
                ],
                [
                    -3.725290298461914e-09,
                    0.6550331711769104,
                    0.7555999755859375,
                    3.0459210872650146
                ],
                [
                    0.0,
                    0.0,
                    0.0,
                    1.0
                ]
            ]
        },
        {
            "file_path": "/data/shapenet_blender/all_50_random/02958343/f4440b2cecde4131afe1d4530f4c6e24/r_15",
            "rotation": 0.12566370614359174,
            "transform_matrix": [
                [
                    0.7755951881408691,
                    -0.5361676216125488,
                    0.33313122391700745,
                    1.3428950309753418
                ],
                [
                    0.6312306523323059,
                    0.6587908864021301,
                    -0.4093194603919983,
                    -1.650019645690918
                ],
                [
                    1.4901161193847656e-08,
                    0.5277488231658936,
                    0.8494004011154175,
                    3.4240427017211914
                ],
                [
                    0.0,
                    0.0,
                    0.0,
                    1.0
                ]
            ]
        },
        {
            "file_path": "/data/shapenet_blender/all_50_random/02958343/f4440b2cecde4131afe1d4530f4c6e24/r_16",
            "rotation": 0.12566370614359174,
            "transform_matrix": [
                [
                    0.7864561676979065,
                    -0.3194984197616577,
                    0.5285900235176086,
                    2.130814552307129
                ],
                [
                    0.6176460981369019,
                    0.4068211615085602,
                    -0.6730599999427795,
                    -2.7131917476654053
                ],
                [
                    0.0,
                    0.85581374168396,
                    0.5172839760780334,
                    2.085238456726074
                ],
                [
                    0.0,
                    0.0,
                    0.0,
                    1.0
                ]
            ]
        },
        {
            "file_path": "/data/shapenet_blender/all_50_random/02958343/f4440b2cecde4131afe1d4530f4c6e24/r_17",
            "rotation": 0.12566370614359174,
            "transform_matrix": [
                [
                    0.6735962629318237,
                    0.24421477317810059,
                    0.697586715221405,
                    2.8120620250701904
                ],
                [
                    0.7390995025634766,
                    -0.22257106006145477,
                    -0.6357625722885132,
                    -2.5628409385681152
                ],
                [
                    0.0,
                    0.9438332915306091,
                    -0.330422043800354,
                    -1.331973910331726
                ],
                [
                    0.0,
                    0.0,
                    0.0,
                    1.0
                ]
            ]
        },
        {
            "file_path": "/data/shapenet_blender/all_50_random/02958343/f4440b2cecde4131afe1d4530f4c6e24/r_18",
            "rotation": 0.12566370614359174,
            "transform_matrix": [
                [
                    -0.7204928398132324,
                    0.598909854888916,
                    0.3495669960975647,
                    1.4091496467590332
                ],
                [
                    0.6934624314308167,
                    0.6222546696662903,
                    0.36319267749786377,
                    1.4640765190124512
                ],
                [
                    -2.980232594040899e-08,
                    0.50408935546875,
                    -0.8636515140533447,
                    -3.4814906120300293
                ],
                [
                    0.0,
                    0.0,
                    0.0,
                    1.0
                ]
            ]
        },
        {
            "file_path": "/data/shapenet_blender/all_50_random/02958343/f4440b2cecde4131afe1d4530f4c6e24/r_19",
            "rotation": 0.12566370614359174,
            "transform_matrix": [
                [
                    0.1544191539287567,
                    -0.7930023074150085,
                    0.5893233418464661,
                    2.375638484954834
                ],
                [
                    0.9880054593086243,
                    0.12394137680530548,
                    -0.09210760146379471,
                    -0.3712976276874542
                ],
                [
                    -7.450580596923828e-09,
                    0.5964778065681458,
                    0.8026294708251953,
                    3.2355029582977295
                ],
                [
                    0.0,
                    0.0,
                    0.0,
                    1.0
                ]
            ]
        },
        {
            "file_path": "/data/shapenet_blender/all_50_random/02958343/f4440b2cecde4131afe1d4530f4c6e24/r_20",
            "rotation": 0.12566370614359174,
            "transform_matrix": [
                [
                    0.9614918231964111,
                    -0.14230725169181824,
                    -0.23512163758277893,
                    -0.947805643081665
                ],
                [
                    -0.27483364939689636,
                    -0.4978548288345337,
                    -0.8225612640380859,
                    -3.3158504962921143
                ],
                [
                    -7.450580596923828e-09,
                    0.855505108833313,
                    -0.5177941918373108,
                    -2.0872950553894043
                ],
                [
                    0.0,
                    0.0,
                    0.0,
                    1.0
                ]
            ]
        },
        {
            "file_path": "/data/shapenet_blender/all_50_random/02958343/f4440b2cecde4131afe1d4530f4c6e24/r_21",
            "rotation": 0.12566370614359174,
            "transform_matrix": [
                [
                    0.995902419090271,
                    -0.0067024677991867065,
                    0.09018544852733612,
                    0.3635491728782654
                ],
                [
                    0.09043416380882263,
                    0.0738106444478035,
                    -0.9931634664535522,
                    -4.003570079803467
                ],
                [
                    0.0,
                    0.9972497224807739,
                    0.07411433756351471,
                    0.2987644374370575
                ],
                [
                    0.0,
                    0.0,
                    0.0,
                    1.0
                ]
            ]
        },
        {
            "file_path": "/data/shapenet_blender/all_50_random/02958343/f4440b2cecde4131afe1d4530f4c6e24/r_22",
            "rotation": 0.12566370614359174,
            "transform_matrix": [
                [
                    -0.48969846963882446,
                    -0.1847812682390213,
                    -0.8520864844322205,
                    -3.4348700046539307
                ],
                [
                    -0.8718918561935425,
                    0.10378249734640121,
                    0.4785747826099396,
                    1.9291964769363403
                ],
                [
                    7.450580596923828e-09,
                    0.9772844314575195,
                    -0.21193145215511322,
                    -0.8543229103088379
                ],
                [
                    0.0,
                    0.0,
                    0.0,
                    1.0
                ]
            ]
        },
        {
            "file_path": "/data/shapenet_blender/all_50_random/02958343/f4440b2cecde4131afe1d4530f4c6e24/r_23",
            "rotation": 0.12566370614359174,
            "transform_matrix": [
                [
                    -0.4018056392669678,
                    -0.6092740297317505,
                    -0.6836208701133728,
                    -2.7557637691497803
                ],
                [
                    -0.9157251119613647,
                    0.2673397362232208,
                    0.29996195435523987,
                    1.2091853618621826
                ],
                [
                    0.0,
                    0.7465349435806274,
                    -0.665346086025238,
                    -2.682095766067505
                ],
                [
                    0.0,
                    0.0,
                    0.0,
                    1.0
                ]
            ]
        },
        {
            "file_path": "/data/shapenet_blender/all_50_random/02958343/f4440b2cecde4131afe1d4530f4c6e24/r_24",
            "rotation": 0.12566370614359174,
            "transform_matrix": [
                [
                    0.998873770236969,
                    -0.004417053889483213,
                    -0.0472426563501358,
                    -0.19044122099876404
                ],
                [
                    -0.04744870215654373,
                    -0.09298630803823471,
                    -0.9945362210273743,
                    -4.009103298187256
                ],
                [
                    0.0,
                    0.9956575632095337,
                    -0.09309116005897522,
                    -0.37526243925094604
                ],
                [
                    0.0,
                    0.0,
                    0.0,
                    1.0
                ]
            ]
        },
        {
            "file_path": "/data/shapenet_blender/all_50_random/02958343/f4440b2cecde4131afe1d4530f4c6e24/r_25",
            "rotation": 0.12566370614359174,
            "transform_matrix": [
                [
                    -0.030893001705408096,
                    -0.5157678723335266,
                    -0.856171190738678,
                    -3.45133638381958
                ],
                [
                    -0.9995226860046387,
                    0.015941226854920387,
                    0.026462329551577568,
                    0.10667306184768677
                ],
                [
                    0.0,
                    0.8565800189971924,
                    -0.5160142183303833,
                    -2.0801198482513428
                ],
                [
                    0.0,
                    0.0,
                    0.0,
                    1.0
                ]
            ]
        },
        {
            "file_path": "/data/shapenet_blender/all_50_random/02958343/f4440b2cecde4131afe1d4530f4c6e24/r_26",
            "rotation": 0.12566370614359174,
            "transform_matrix": [
                [
                    -0.6976976990699768,
                    -0.01381662767380476,
                    -0.7162590026855469,
                    -2.8873324394226074
                ],
                [
                    -0.7163922190666199,
                    0.013456077314913273,
                    0.6975679397583008,
                    2.811986207962036
                ],
                [
                    0.0,
                    0.9998140335083008,
                    -0.019286397844552994,
                    -0.0777459591627121
                ],
                [
                    0.0,
                    0.0,
                    0.0,
                    1.0
                ]
            ]
        },
        {
            "file_path": "/data/shapenet_blender/all_50_random/02958343/f4440b2cecde4131afe1d4530f4c6e24/r_27",
            "rotation": 0.12566370614359174,
            "transform_matrix": [
                [
                    -0.043998777866363525,
                    0.3552953004837036,
                    -0.9337180256843567,
                    -3.7639377117156982
                ],
                [
                    -0.9990316033363342,
                    -0.015647711232304573,
                    0.04112227261066437,
                    0.16576918959617615
                ],
                [
                    -9.313225746154785e-10,
                    0.9346230626106262,
                    0.3556397259235382,
                    1.4336296319961548
                ],
                [
                    0.0,
                    0.0,
                    0.0,
                    1.0
                ]
            ]
        },
        {
            "file_path": "/data/shapenet_blender/all_50_random/02958343/f4440b2cecde4131afe1d4530f4c6e24/r_28",
            "rotation": 0.12566370614359174,
            "transform_matrix": [
                [
                    0.16489297151565552,
                    -0.0897228792309761,
                    -0.9822220206260681,
                    -3.959463596343994
                ],
                [
                    -0.9863114953041077,
                    -0.014999999664723873,
                    -0.1642092913389206,
                    -0.6619488000869751
                ],
                [
                    0.0,
                    0.995853841304779,
                    -0.09096809476613998,
                    -0.3667041063308716
                ],
                [
                    0.0,
                    0.0,
                    0.0,
                    1.0
                ]
            ]
        },
        {
            "file_path": "/data/shapenet_blender/all_50_random/02958343/f4440b2cecde4131afe1d4530f4c6e24/r_29",
            "rotation": 0.12566370614359174,
            "transform_matrix": [
                [
                    0.3576318025588989,
                    -0.23271110653877258,
                    -0.9044031500816345,
                    -3.645765781402588
                ],
                [
                    -0.9338627457618713,
                    -0.08911897242069244,
                    -0.3463499844074249,
                    -1.3961814641952515
                ],
                [
                    7.450580596923828e-09,
                    0.9684540629386902,
                    -0.2491919994354248,
                    -1.004525065422058
                ],
                [
                    0.0,
                    0.0,
                    0.0,
                    1.0
                ]
            ]
        },
        {
            "file_path": "/data/shapenet_blender/all_50_random/02958343/f4440b2cecde4131afe1d4530f4c6e24/r_30",
            "rotation": 0.12566370614359174,
            "transform_matrix": [
                [
                    -0.8314988017082214,
                    0.20601095259189606,
                    0.5159159302711487,
                    2.079723596572876
                ],
                [
                    0.555526614189148,
                    0.3083522319793701,
                    0.7722105383872986,
                    3.112880229949951
                ],
                [
                    0.0,
                    0.9286971092224121,
                    -0.37083908915519714,
                    -1.4949002265930176
                ],
                [
                    0.0,
                    0.0,
                    0.0,
                    1.0
                ]
            ]
        },
        {
            "file_path": "/data/shapenet_blender/all_50_random/02958343/f4440b2cecde4131afe1d4530f4c6e24/r_31",
            "rotation": 0.12566370614359174,
            "transform_matrix": [
                [
                    -0.05533481389284134,
                    0.17601005733013153,
                    0.9828318953514099,
                    3.9619219303131104
                ],
                [
                    0.9984679222106934,
                    0.009754427708685398,
                    0.054468270391225815,
                    0.21956861019134521
                ],
                [
                    9.313225746154785e-10,
                    0.9843400120735168,
                    -0.17628012597560883,
                    -0.7106078863143921
                ],
                [
                    0.0,
                    0.0,
                    0.0,
                    1.0
                ]
            ]
        },
        {
            "file_path": "/data/shapenet_blender/all_50_random/02958343/f4440b2cecde4131afe1d4530f4c6e24/r_32",
            "rotation": 0.12566370614359174,
            "transform_matrix": [
                [
                    -0.8225092887878418,
                    -0.3881360590457916,
                    0.4157269597053528,
                    1.6758490800857544
                ],
                [
                    0.5687517523765564,
                    -0.5613090395927429,
                    0.6012099981307983,
                    2.423555374145508
                ],
                [
                    1.4901162970204496e-08,
                    0.7309463620185852,
                    0.6824348568916321,
                    2.750983238220215
                ],
                [
                    0.0,
                    0.0,
                    0.0,
                    1.0
                ]
            ]
        },
        {
            "file_path": "/data/shapenet_blender/all_50_random/02958343/f4440b2cecde4131afe1d4530f4c6e24/r_33",
            "rotation": 0.12566370614359174,
            "transform_matrix": [
                [
                    0.24954469501972198,
                    -0.8300095796585083,
                    -0.4988098442554474,
                    -2.0107667446136475
                ],
                [
                    -0.9683632850646973,
                    -0.21389129757881165,
                    -0.1285419911146164,
                    -0.5181693434715271
                ],
                [
                    0.0,
                    0.5151060223579407,
                    -0.8571264743804932,
                    -3.4551873207092285
                ],
                [
                    0.0,
                    0.0,
                    0.0,
                    1.0
                ]
            ]
        },
        {
            "file_path": "/data/shapenet_blender/all_50_random/02958343/f4440b2cecde4131afe1d4530f4c6e24/r_34",
            "rotation": 0.12566370614359174,
            "transform_matrix": [
                [
                    -0.6712868809700012,
                    -0.0472407266497612,
                    0.7396906614303589,
                    2.981788396835327
                ],
                [
                    0.7411977052688599,
                    -0.0427849180996418,
                    0.6699219942092896,
                    2.7005419731140137
                ],
                [
                    3.725290742551124e-09,
                    0.9979667067527771,
                    0.06373567134141922,
                    0.2569267153739929
                ],
                [
                    0.0,
                    0.0,
                    0.0,
                    1.0
                ]
            ]
        },
        {
            "file_path": "/data/shapenet_blender/all_50_random/02958343/f4440b2cecde4131afe1d4530f4c6e24/r_35",
            "rotation": 0.12566370614359174,
            "transform_matrix": [
                [
                    -0.23376567661762238,
                    -0.8002473711967468,
                    0.5522298216819763,
                    2.226109504699707
                ],
                [
                    0.9722930192947388,
                    -0.1924012303352356,
                    0.1327710747718811,
                    0.5352173447608948
                ],
                [
                    -7.450580596923828e-09,
                    0.5679664611816406,
                    0.8230516910552979,
                    3.3178274631500244
                ],
                [
                    0.0,
                    0.0,
                    0.0,
                    1.0
                ]
            ]
        },
        {
            "file_path": "/data/shapenet_blender/all_50_random/02958343/f4440b2cecde4131afe1d4530f4c6e24/r_36",
            "rotation": 0.12566370614359174,
            "transform_matrix": [
                [
                    -0.6845701932907104,
                    0.6835602521896362,
                    -0.2531973719596863,
                    -1.0206713676452637
                ],
                [
                    -0.7289469242095947,
                    -0.64194655418396,
                    0.2377832531929016,
                    0.9585350751876831
                ],
                [
                    0.0,
                    0.34734678268432617,
                    0.9377365708351135,
                    3.780137538909912
                ],
                [
                    0.0,
                    0.0,
                    0.0,
                    1.0
                ]
            ]
        },
        {
            "file_path": "/data/shapenet_blender/all_50_random/02958343/f4440b2cecde4131afe1d4530f4c6e24/r_37",
            "rotation": 0.12566370614359174,
            "transform_matrix": [
                [
                    -0.38640332221984863,
                    0.18219676613807678,
                    -0.9041553139686584,
                    -3.6447665691375732
                ],
                [
                    -0.922329843044281,
                    -0.07632999122142792,
                    0.3787892162799835,
                    1.5269482135772705
                ],
                [
                    0.0,
                    0.9802948236465454,
                    0.19753970205783844,
                    0.7963079810142517
                ],
                [
                    0.0,
                    0.0,
                    0.0,
                    1.0
                ]
            ]
        },
        {
            "file_path": "/data/shapenet_blender/all_50_random/02958343/f4440b2cecde4131afe1d4530f4c6e24/r_38",
            "rotation": 0.12566370614359174,
            "transform_matrix": [
                [
                    -0.08685264736413956,
                    -0.001462465152144432,
                    -0.9962201714515686,
                    -4.0158915519714355
                ],
                [
                    -0.9962210655212402,
                    0.00012750079622492194,
                    0.08685257285833359,
                    0.3501138687133789
                ],
                [
                    0.0,
                    0.999998927116394,
                    -0.0014680128078907728,
                    -0.005917748436331749
                ],
                [
                    0.0,
                    0.0,
                    0.0,
                    1.0
                ]
            ]
        },
        {
            "file_path": "/data/shapenet_blender/all_50_random/02958343/f4440b2cecde4131afe1d4530f4c6e24/r_39",
            "rotation": 0.12566370614359174,
            "transform_matrix": [
                [
                    -0.643325924873352,
                    0.1356416493654251,
                    -0.7534805536270142,
                    -3.0373775959014893
                ],
                [
                    -0.7655924558639526,
                    -0.11397942155599594,
                    0.6331483125686646,
                    2.552302837371826
                ],
                [
                    7.450580596923828e-09,
                    0.9841797947883606,
                    0.17717213928699493,
                    0.7142037749290466
                ],
                [
                    0.0,
                    0.0,
                    0.0,
                    1.0
                ]
            ]
        },
        {
            "file_path": "/data/shapenet_blender/all_50_random/02958343/f4440b2cecde4131afe1d4530f4c6e24/r_40",
            "rotation": 0.12566370614359174,
            "transform_matrix": [
                [
                    0.8675367832183838,
                    0.4625503122806549,
                    0.18283085525035858,
                    0.7370147705078125
                ],
                [
                    0.4973730146884918,
                    -0.8067976832389832,
                    -0.318900465965271,
                    -1.2855288982391357
                ],
                [
                    0.0,
                    0.3675931394100189,
                    -0.9299867153167725,
                    -3.748896360397339
                ],
                [
                    0.0,
                    0.0,
                    0.0,
                    1.0
                ]
            ]
        },
        {
            "file_path": "/data/shapenet_blender/all_50_random/02958343/f4440b2cecde4131afe1d4530f4c6e24/r_41",
            "rotation": 0.12566370614359174,
            "transform_matrix": [
                [
                    0.5945833921432495,
                    -0.7665584683418274,
                    0.24260802567005157,
                    0.9779843091964722
                ],
                [
                    0.8040339350700378,
                    0.5668702721595764,
                    -0.1794087141752243,
                    -0.7232196927070618
                ],
                [
                    0.0,
