{
    "class": "02958343",
    "model": "21e028eacc690c9de13f97dcb961e16",
    "remove_doubles": true,
    "edge_split": true,
    "denoise": true,
    "camera_angle_x": 0.6911112070083618,
    "scale_factor": 2.2304773920621446,
    "hdri_file": "/data/IndoorHDRDataset2018/9C4A9775-d5e94f8a67.exr",
    "center_offset": [
        0.0,
        0.0,
        1.862645149230957e-09
    ],
    "lights": [],
    "frames": [
        {
            "file_path": "/data/shapenet_blender/all_50_random/02958343/21e028eacc690c9de13f97dcb961e16/r_0",
            "rotation": 0.12566370614359174,
            "transform_matrix": [
                [
                    -0.32828739285469055,
                    0.4753230810165405,
                    -0.8162690997123718,
                    -3.2904863357543945
                ],
                [
                    -0.9445779919624329,
                    -0.1651981920003891,
                    0.28369373083114624,
                    1.143606185913086
                ],
                [
                    0.0,
                    0.8641629219055176,
                    0.503212034702301,
                    2.028512716293335
                ],
                [
                    0.0,
                    0.0,
                    0.0,
                    1.0
                ]
            ]
        },
        {
            "file_path": "/data/shapenet_blender/all_50_random/02958343/21e028eacc690c9de13f97dcb961e16/r_1",
            "rotation": 0.12566370614359174,
            "transform_matrix": [
                [
                    0.8611510396003723,
                    0.4669469892978668,
                    -0.20094610750675201,
                    -0.8100396394729614
                ],
                [
                    -0.5083491802215576,
                    0.7910151481628418,
                    -0.34040573239326477,
                    -1.372219443321228
                ],
                [
                    -1.4901161193847656e-08,
                    0.39529138803482056,
                    0.9185556769371033,
                    3.7028164863586426
                ],
                [
                    0.0,
                    0.0,
                    0.0,
                    1.0
                ]
            ]
        },
        {
            "file_path": "/data/shapenet_blender/all_50_random/02958343/21e028eacc690c9de13f97dcb961e16/r_2",
            "rotation": 0.12566370614359174,
            "transform_matrix": [
                [
                    -0.07322847843170166,
                    -0.36606183648109436,
                    0.9277048110961914,
                    3.7396979331970215
                ],
                [
                    0.9973152875900269,
                    -0.02687831223011017,
                    0.06811728328466415,
                    0.27458956837654114
                ],
                [
                    0.0,
                    0.9302021861076355,
                    0.3670473098754883,
                    1.4796152114868164
                ],
                [
                    0.0,
                    0.0,
                    0.0,
                    1.0
                ]
            ]
        },
        {
            "file_path": "/data/shapenet_blender/all_50_random/02958343/21e028eacc690c9de13f97dcb961e16/r_3",
            "rotation": 0.12566370614359174,
            "transform_matrix": [
                [
                    0.977749764919281,
                    0.02939002588391304,
                    0.20770525932312012,
                    0.8372867107391357
                ],
                [
                    0.20977425575256348,
                    -0.13698577880859375,
                    -0.968106210231781,
                    -3.9025609493255615
                ],
                [
                    0.0,
                    0.990136981010437,
                    -0.14010308682918549,
                    -0.5647736191749573
                ],
                [
                    0.0,
                    0.0,
                    0.0,
                    1.0
                ]
            ]
        },
        {
            "file_path": "/data/shapenet_blender/all_50_random/02958343/21e028eacc690c9de13f97dcb961e16/r_4",
            "rotation": 0.12566370614359174,
            "transform_matrix": [
                [
                    0.7029412984848022,
                    0.2559780180454254,
                    -0.6635878086090088,
                    -2.6750080585479736
                ],
                [
                    -0.7112479209899902,
                    0.2529884874820709,
                    -0.6558378338813782,
                    -2.6437668800354004
                ],
                [
                    0.0,
                    0.9329909682273865,
                    0.3598998785018921,
                    1.4508028030395508
                ],
                [
                    0.0,
                    0.0,
                    0.0,
                    1.0
                ]
            ]
        },
        {
            "file_path": "/data/shapenet_blender/all_50_random/02958343/21e028eacc690c9de13f97dcb961e16/r_5",
            "rotation": 0.12566370614359174,
            "transform_matrix": [
                [
                    0.9651728868484497,
                    0.18763260543346405,
                    -0.18230567872524261,
                    -0.7348977327346802
                ],
                [
                    -0.26161304116249084,
                    0.6922358274459839,
                    -0.6725831031799316,
                    -2.7112693786621094
                ],
                [
                    0.0,
                    0.6968525648117065,
                    0.7172143459320068,
                    2.891183853149414
                ],
                [
                    0.0,
                    0.0,
                    0.0,
                    1.0
                ]
            ]
        },
        {
            "file_path": "/data/shapenet_blender/all_50_random/02958343/21e028eacc690c9de13f97dcb961e16/r_6",
            "rotation": 0.12566370614359174,
            "transform_matrix": [
                [
                    0.8920612335205078,
                    0.3481365144252777,
                    0.2881452143192291,
                    1.161550521850586
                ],
                [
                    0.4519144892692566,
                    -0.6872075796127319,
                    -0.5687872171401978,
                    -2.2928545475006104
                ],
                [
                    -2.9802322387695312e-08,
                    0.6376100778579712,
                    -0.7703593373298645,
                    -3.1054177284240723
                ],
                [
                    0.0,
                    0.0,
                    0.0,
                    1.0
                ]
            ]
        },
        {
            "file_path": "/data/shapenet_blender/all_50_random/02958343/21e028eacc690c9de13f97dcb961e16/r_7",
            "rotation": 0.12566370614359174,
            "transform_matrix": [
                [
                    0.838419497013092,
                    0.019564662128686905,
                    0.5446740388870239,
                    2.1956515312194824
                ],
                [
                    0.5450252890586853,
                    -0.030096571892499924,
                    -0.8378791213035583,
                    -3.377599000930786
                ],
                [
                    -1.8626450382086546e-09,
                    0.9993554353713989,
                    -0.03589678555727005,
                    -0.14470458030700684
                ],
                [
                    0.0,
                    0.0,
                    0.0,
                    1.0
                ]
            ]
        },
        {
            "file_path": "/data/shapenet_blender/all_50_random/02958343/21e028eacc690c9de13f97dcb961e16/r_8",
            "rotation": 0.12566370614359174,
            "transform_matrix": [
                [
                    -0.013733366504311562,
                    0.23117974400520325,
                    -0.9728140234947205,
                    -3.921539068222046
                ],
                [
                    -0.9999057054519653,
                    -0.0031751752831041813,
                    0.013361270539462566,
                    0.05386100709438324
                ],
                [
                    0.0,
                    0.9729057550430298,
                    0.23120155930519104,
                    0.932003378868103
                ],
                [
                    0.0,
                    0.0,
                    0.0,
                    1.0
                ]
            ]
        },
        {
            "file_path": "/data/shapenet_blender/all_50_random/02958343/21e028eacc690c9de13f97dcb961e16/r_9",
            "rotation": 0.12566370614359174,
            "transform_matrix": [
                [
                    0.6361462473869324,
                    0.13848210871219635,
                    -0.7590393424034119,
                    -3.0597853660583496
                ],
                [
                    -0.7715685963630676,
                    0.11417634040117264,
                    -0.6258161067962646,
                    -2.522745370864868
                ],
                [
                    0.0,
                    0.9837613701820374,
                    0.17948128283023834,
                    0.7235121726989746
                ],
                [
                    0.0,
                    0.0,
                    0.0,
                    1.0
                ]
            ]
        },
        {
            "file_path": "/data/shapenet_blender/all_50_random/02958343/21e028eacc690c9de13f97dcb961e16/r_10",
            "rotation": 0.12566370614359174,
            "transform_matrix": [
                [
                    0.8298181295394897,
                    -0.3063083291053772,
                    -0.4664517641067505,
                    -1.8803272247314453
                ],
                [
                    -0.5580341219902039,
                    -0.45549219846725464,
                    -0.6936315894126892,
                    -2.7961182594299316
                ],
                [
                    0.0,
                    0.8358839154243469,
                    -0.548906147480011,
                    -2.2127115726470947
                ],
                [
                    0.0,
                    0.0,
                    0.0,
                    1.0
                ]
            ]
        },
        {
            "file_path": "/data/shapenet_blender/all_50_random/02958343/21e028eacc690c9de13f97dcb961e16/r_11",
            "rotation": 0.12566370614359174,
            "transform_matrix": [
                [
                    -0.7968911528587341,
                    0.3738207221031189,
                    0.4745762348175049,
                    1.9130779504776
                ],
                [
                    0.6041229963302612,
                    0.4931022822856903,
                    0.6260076761245728,
                    2.523517608642578
                ],
                [
                    1.4901161193847656e-08,
                    0.7855623960494995,
                    -0.6187825202941895,
                    -2.494392156600952
                ],
                [
                    0.0,
                    0.0,
                    0.0,
                    1.0
                ]
            ]
        },
        {
            "file_path": "/data/shapenet_blender/all_50_random/02958343/21e028eacc690c9de13f97dcb961e16/r_12",
            "rotation": 0.12566370614359174,
            "transform_matrix": [
                [
                    0.025240741670131683,
                    -0.014939007349312305,
                    0.9995697736740112,
                    4.029394626617432
                ],
                [
                    0.9996814131736755,
                    0.00037719178362749517,
                    -0.025237923488020897,
                    -0.10173732042312622
                ],
                [
                    2.9103830456733704e-11,
                    0.9998883605003357,
                    0.014943767338991165,
                    0.0602402538061142
                ],
                [
                    0.0,
                    0.0,
                    0.0,
                    1.0
                ]
            ]
        },
        {
            "file_path": "/data/shapenet_blender/all_50_random/02958343/21e028eacc690c9de13f97dcb961e16/r_13",
            "rotation": 0.12566370614359174,
            "transform_matrix": [
                [
                    0.8783320188522339,
                    -0.17492258548736572,
                    0.4448988139629364,
                    1.793444275856018
                ],
                [
                    0.4780510663986206,
                    0.32138845324516296,
                    -0.8174207806587219,
                    -3.295128107070923
                ],
                [
                    1.4901160305669237e-08,
                    0.930651068687439,
                    0.3659077286720276,
                    1.4750210046768188
                ],
                [
                    0.0,
                    0.0,
                    0.0,
                    1.0
                ]
            ]
        },
        {
            "file_path": "/data/shapenet_blender/all_50_random/02958343/21e028eacc690c9de13f97dcb961e16/r_14",
            "rotation": 0.12566370614359174,
            "transform_matrix": [
                [
                    -0.9540361762046814,
                    -0.024092989042401314,
                    -0.2987213730812073,
                    -1.2041845321655273
                ],
                [
                    -0.29969143867492676,
                    0.07669749855995178,
                    0.9509481191635132,
                    3.833394765853882
                ],
                [
                    1.862645149230957e-09,
                    0.9967632293701172,
                    -0.08039264380931854,
                    -0.3240731358528137
                ],
                [
                    0.0,
                    0.0,
                    0.0,
                    1.0
                ]
            ]
        },
        {
            "file_path": "/data/shapenet_blender/all_50_random/02958343/21e028eacc690c9de13f97dcb961e16/r_15",
            "rotation": 0.12566370614359174,
            "transform_matrix": [
                [
                    -0.6783077716827393,
                    0.13037267327308655,
                    -0.7231192588806152,
                    -2.914987325668335
                ],
                [
                    -0.7347779870033264,
                    -0.12035307288169861,
                    0.6675450205802917,
                    2.69096040725708
                ],
                [
                    7.450582373280668e-09,
                    0.9841330647468567,
                    0.1774313747882843,
                    0.7152488231658936
                ],
                [
                    0.0,
                    0.0,
                    0.0,
                    1.0
                ]
            ]
        },
        {
            "file_path": "/data/shapenet_blender/all_50_random/02958343/21e028eacc690c9de13f97dcb961e16/r_16",
            "rotation": 0.12566370614359174,
            "transform_matrix": [
                [
                    -0.9774359464645386,
                    -0.11062805354595184,
                    0.17994531989097595,
                    0.7253828048706055
                ],
                [
                    0.21123182773590088,
                    -0.5119107365608215,
                    0.8326634764671326,
                    3.3565738201141357
                ],
                [
                    0.0,
                    0.8518853783607483,
                    0.5237281322479248,
                    2.111215591430664
                ],
                [
                    0.0,
                    0.0,
                    0.0,
                    1.0
                ]
            ]
        },
        {
            "file_path": "/data/shapenet_blender/all_50_random/02958343/21e028eacc690c9de13f97dcb961e16/r_17",
            "rotation": 0.12566370614359174,
            "transform_matrix": [
                [
                    0.6119929552078247,
                    0.06667052209377289,
                    -0.7880479693412781,
                    -3.1767232418060303
                ],
                [
                    -0.7908632755279541,
                    0.05159158632159233,
                    -0.6098143458366394,
                    -2.458240509033203
                ],
                [
                    3.725290742551124e-09,
                    0.9964402318000793,
                    0.08430095762014389,
                    0.3398280739784241
                ],
                [
                    0.0,
                    0.0,
                    0.0,
                    1.0
                ]
            ]
        },
        {
            "file_path": "/data/shapenet_blender/all_50_random/02958343/21e028eacc690c9de13f97dcb961e16/r_18",
            "rotation": 0.12566370614359174,
            "transform_matrix": [
                [
                    0.9058681130409241,
                    0.06684982031583786,
                    -0.4182511866092682,
                    -1.6860244274139404
                ],
                [
                    -0.42355987429618835,
                    0.14297181367874146,
                    -0.8945144414901733,
                    -3.605903148651123
                ],
                [
                    0.0,
                    0.9874665141105652,
                    0.15782852470874786,
                    0.6362271308898926
                ],
                [
                    0.0,
                    0.0,
                    0.0,
                    1.0
                ]
            ]
        },
        {
            "file_path": "/data/shapenet_blender/all_50_random/02958343/21e028eacc690c9de13f97dcb961e16/r_19",
            "rotation": 0.12566370614359174,
            "transform_matrix": [
                [
                    0.6577016115188599,
                    -0.6058030128479004,
                    -0.44769540429115295,
                    -1.8047178983688354
                ],
                [
                    -0.7532784342765808,
                    -0.5289380550384521,
                    -0.39089134335517883,
                    -1.5757334232330322
                ],
                [
                    2.9802320611338473e-08,
                    0.5943292379379272,
                    -0.8042218089103699,
                    -3.241921901702881
                ],
                [
                    0.0,
                    0.0,
                    0.0,
                    1.0
                ]
            ]
        },
        {
            "file_path": "/data/shapenet_blender/all_50_random/02958343/21e028eacc690c9de13f97dcb961e16/r_20",
            "rotation": 0.12566370614359174,
            "transform_matrix": [
                [
                    -0.6231694221496582,
                    -0.24378809332847595,
                    0.743120014667511,
                    2.995612144470215
                ],
                [
                    0.782086968421936,
                    -0.1942511349916458,
                    0.5921204686164856,
                    2.386913776397705
                ],
                [
                    -1.4901161193847656e-08,
                    0.9501755833625793,
                    0.31171488761901855,
                    1.2565627098083496
                ],
                [
                    0.0,
                    0.0,
                    0.0,
                    1.0
                ]
            ]
        },
        {
            "file_path": "/data/shapenet_blender/all_50_random/02958343/21e028eacc690c9de13f97dcb961e16/r_21",
            "rotation": 0.12566370614359174,
            "transform_matrix": [
                [
                    -0.8699623346328735,
                    0.32370156049728394,
                    -0.37199851870536804,
                    -1.4995739459991455
                ],
                [
                    -0.4931182265281677,
                    -0.5710763335227966,
                    0.6562821269035339,
                    2.6455578804016113
                ],
                [
                    0.0,
                    0.75437992811203,
                    0.6564379334449768,
                    2.646185874938965
                ],
                [
                    0.0,
                    0.0,
                    0.0,
                    1.0
                ]
            ]
        },
        {
            "file_path": "/data/shapenet_blender/all_50_random/02958343/21e028eacc690c9de13f97dcb961e16/r_22",
            "rotation": 0.12566370614359174,
            "transform_matrix": [
                [
                    -0.876650869846344,
                    0.1216195598244667,
                    -0.4655018448829651,
                    -1.8764979839324951
                ],
                [
                    -0.4811271131038666,
                    -0.2216002643108368,
                    0.8481804132461548,
                    3.4191246032714844
                ],
                [
                    0.0,
                    0.9675236940383911,
                    0.2527804970741272,
                    1.0189907550811768
                ],
                [
                    0.0,
                    0.0,
                    0.0,
                    1.0
                ]
            ]
        },
        {
            "file_path": "/data/shapenet_blender/all_50_random/02958343/21e028eacc690c9de13f97dcb961e16/r_23",
            "rotation": 0.12566370614359174,
            "transform_matrix": [
                [
                    -0.965086817741394,
                    -0.015179004520177841,
                    -0.2614903151988983,
                    -1.0541012287139893
                ],
                [
                    -0.26193055510520935,
                    0.05592725798487663,
                    0.9634648561477661,
                    3.8838510513305664
                ],
                [
                    -9.31322685637781e-10,
                    0.9983194470405579,
                    -0.05795050412416458,
                    -0.23360595107078552
                ],
                [
                    0.0,
                    0.0,
                    0.0,
                    1.0
                ]
            ]
        },
        {
            "file_path": "/data/shapenet_blender/all_50_random/02958343/21e028eacc690c9de13f97dcb961e16/r_24",
            "rotation": 0.12566370614359174,
            "transform_matrix": [
                [
                    0.9698871970176697,
                    -0.22372961044311523,
                    0.0962497666478157,
                    0.3879952132701874
                ],
                [
                    0.24355483055114746,
                    0.890938937664032,
                    -0.3832870423793793,
                    -1.5450794696807861
                ],
                [
                    -7.450580596923828e-09,
                    0.3951873183250427,
                    0.9186005592346191,
                    3.7029972076416016
                ],
                [
                    0.0,
                    0.0,
                    0.0,
                    1.0
                ]
            ]
        },
        {
            "file_path": "/data/shapenet_blender/all_50_random/02958343/21e028eacc690c9de13f97dcb961e16/r_25",
            "rotation": 0.12566370614359174,
            "transform_matrix": [
                [
                    -0.662139356136322,
                    -0.14732003211975098,
                    0.7347571849822998,
                    2.9619009494781494
                ],
                [
                    0.7493805885314941,
                    -0.1301693618297577,
                    0.6492184400558472,
                    2.6170833110809326
                ],
                [
                    -7.450580596923828e-09,
                    0.9804857969284058,
                    0.19658906757831573,
                    0.7924758791923523
                ],
                [
                    0.0,
                    0.0,
                    0.0,
                    1.0
                ]
            ]
        },
        {
            "file_path": "/data/shapenet_blender/all_50_random/02958343/21e028eacc690c9de13f97dcb961e16/r_26",
            "rotation": 0.12566370614359174,
            "transform_matrix": [
                [
                    0.6846358776092529,
                    0.09242220222949982,
                    -0.7230019569396973,
                    -2.9145140647888184
                ],
                [
                    -0.728885293006897,
                    0.08681140840053558,
                    -0.6791097521781921,
                    -2.737578868865967
                ],
                [
                    0.0,
                    0.9919282793998718,
                    0.12679938971996307,
                    0.5111446976661682
                ],
                [
                    0.0,
                    0.0,
                    0.0,
                    1.0
                ]
            ]
        },
        {
            "file_path": "/data/shapenet_blender/all_50_random/02958343/21e028eacc690c9de13f97dcb961e16/r_27",
            "rotation": 0.12566370614359174,
            "transform_matrix": [
                [
                    -0.5469747185707092,
                    -0.2933264970779419,
                    -0.7840778827667236,
                    -3.160719394683838
                ],
                [
                    -0.8371492028236389,
                    0.1916530430316925,
                    0.5122990608215332,
                    2.0651438236236572
                ],
                [
                    1.4901162970204496e-08,
                    0.9366048574447632,
                    -0.3503873646259308,
                    -1.412456750869751
                ],
                [
                    0.0,
                    0.0,
                    0.0,
                    1.0
                ]
            ]
        },
        {
            "file_path": "/data/shapenet_blender/all_50_random/02958343/21e028eacc690c9de13f97dcb961e16/r_28",
            "rotation": 0.12566370614359174,
            "transform_matrix": [
                [
                    0.8937368392944336,
                    0.24151402711868286,
                    -0.3780285716056824,
                    -1.5238819122314453
                ],
                [
                    -0.4485918879508972,
                    0.4811722934246063,
                    -0.7531524300575256,
                    -3.0360546112060547
                ],
                [
                    0.0,
                    0.8427005410194397,
                    0.5383825302124023,
                    2.1702895164489746
                ],
                [
                    0.0,
                    0.0,
                    0.0,
                    1.0
                ]
            ]
        },
        {
            "file_path": "/data/shapenet_blender/all_50_random/02958343/21e028eacc690c9de13f97dcb961e16/r_29",
            "rotation": 0.12566370614359174,
            "transform_matrix": [
                [
                    -0.6135683655738831,
                    0.04380432888865471,
                    -0.7884256839752197,
                    -3.1782455444335938
                ],
                [
                    -0.7896416187286377,
                    -0.034036897122859955,
                    0.6126235723495483,
                    2.46956467628479
                ],
                [
                    0.0,
                    0.9984601140022278,
                    0.055473692715168,
                    0.22362160682678223
                ],
                [
                    0.0,
                    0.0,
                    0.0,
                    1.0
                ]
            ]
        },
        {
            "file_path": "/data/shapenet_blender/all_50_random/02958343/21e028eacc690c9de13f97dcb961e16/r_30",
            "rotation": 0.12566370614359174,
            "transform_matrix": [
                [
                    -0.9264398813247681,
                    0.015207482501864433,
                    -0.3761354684829712,
                    -1.5162506103515625
                ],
                [
                    -0.3764427900314331,
                    -0.0374261848628521,
                    0.9256835579872131,
                    3.7315497398376465
                ],
                [
                    0.0,
                    0.9991835951805115,
                    0.04039786010980606,
                    0.16284897923469543
                ],
                [
                    0.0,
                    0.0,
                    0.0,
                    1.0
                ]
            ]
        },
        {
            "file_path": "/data/shapenet_blender/all_50_random/02958343/21e028eacc690c9de13f97dcb961e16/r_31",
            "rotation": 0.12566370614359174,
            "transform_matrix": [
                [
                    -0.9821221828460693,
                    -0.00756134232506156,
                    -0.1880924105644226,
                    -0.7582248449325562
                ],
                [
                    -0.18824434280395508,
                    0.03944958746433258,
                    0.9813295006752014,
                    3.9558660984039307
                ],
                [
                    0.0,
                    0.9991928339004517,
                    -0.04016769677400589,
                    -0.1619211733341217
                ],
                [
                    0.0,
                    0.0,
                    0.0,
                    1.0
                ]
            ]
        },
        {
            "file_path": "/data/shapenet_blender/all_50_random/02958343/21e028eacc690c9de13f97dcb961e16/r_32",
            "rotation": 0.12566370614359174,
            "transform_matrix": [
                [
                    0.3705589771270752,
                    -0.7858670353889465,
                    0.49507471919059753,
                    1.9957101345062256
                ],
                [
                    0.9288089275360107,
                    0.31353065371513367,
                    -0.19751572608947754,
                    -0.7962114214897156
                ],
                [
                    0.0,
                    0.5330211520195007,
                    0.8461018800735474,
                    3.4107460975646973
                ],
                [
                    0.0,
                    0.0,
                    0.0,
                    1.0
                ]
            ]
        },
        {
            "file_path": "/data/shapenet_blender/all_50_random/02958343/21e028eacc690c9de13f97dcb961e16/r_33",
            "rotation": 0.12566370614359174,
            "transform_matrix": [
                [
                    0.49918580055236816,
                    -0.4493543207645416,
                    0.7408738732337952,
                    2.986558437347412
                ],
                [
                    0.8664950132369995,
                    0.25887200236320496,
                    -0.4268157482147217,
                    -1.720549464225769
                ],
                [
                    0.0,
                    0.8550239205360413,
                    0.5185884237289429,
                    2.0904970169067383
                ],
                [
                    0.0,
                    0.0,
                    0.0,
                    1.0
                ]
            ]
        },
        {
            "file_path": "/data/shapenet_blender/all_50_random/02958343/21e028eacc690c9de13f97dcb961e16/r_34",
            "rotation": 0.12566370614359174,
            "transform_matrix": [
                [
                    -0.9008870124816895,
                    -0.07237321138381958,
                    0.4279775321483612,
                    1.7252326011657715
                ],
                [
                    0.4340537190437317,
                    -0.15021200478076935,
                    0.888275682926178,
                    3.580753803253174
                ],
                [
                    0.0,
                    0.986001193523407,
                    0.16673792898654938,
                    0.6721420884132385
                ],
                [
                    0.0,
                    0.0,
                    0.0,
                    1.0
                ]
            ]
        },
        {
            "file_path": "/data/shapenet_blender/all_50_random/02958343/21e028eacc690c9de13f97dcb961e16/r_35",
            "rotation": 0.12566370614359174,
            "transform_matrix": [
                [
                    -0.9359768629074097,
                    -0.012525794096291065,
                    0.3518386781215668,
                    1.4183070659637451
                ],
                [
                    0.35206159949302673,
                    -0.03330057114362717,
                    0.9353842735290527,
                    3.7706544399261475
                ],
                [
                    -1.862645149230957e-09,
                    0.999366819858551,
                    0.035578422248363495,
                    0.1434212028980255
                ],
                [
                    0.0,
                    0.0,
                    0.0,
                    1.0
                ]
            ]
        },
        {
            "file_path": "/data/shapenet_blender/all_50_random/02958343/21e028eacc690c9de13f97dcb961e16/r_36",
            "rotation": 0.12566370614359174,
            "transform_matrix": [
                [
                    0.8111059069633484,
                    0.23546867072582245,
                    0.535408079624176,
                    2.158298969268799
                ],
                [
                    0.5848994851112366,
                    -0.32653483748435974,
                    -0.7424740195274353,
                    -2.993008613586426
                ],
                [
                    2.980232594040899e-08,
                    0.9153848886489868,
                    -0.40257978439331055,
                    -1.622851014137268
                ],
                [
                    0.0,
                    0.0,
                    0.0,
                    1.0
                ]
            ]
        },
        {
            "file_path": "/data/shapenet_blender/all_50_random/02958343/21e028eacc690c9de13f97dcb961e16/r_37",
            "rotation": 0.12566370614359174,
            "transform_matrix": [
                [
                    0.5989251732826233,
                    0.4613020718097687,
                    -0.6545907258987427,
                    -2.638739585876465
                ],
                [
                    -0.8008049726486206,
                    0.3450096547603607,
                    -0.4895709753036499,
                    -1.973523736000061
                ],
                [
                    1.4901160305669237e-08,
                    0.8174159526824951,
                    0.576047956943512,
                    2.3221235275268555
                ],
                [
                    0.0,
                    0.0,
                    0.0,
                    1.0
                ]
            ]
        },
        {
            "file_path": "/data/shapenet_blender/all_50_random/02958343/21e028eacc690c9de13f97dcb961e16/r_38",
            "rotation": 0.12566370614359174,
            "transform_matrix": [
                [
                    -0.7041003704071045,
                    0.020061375573277473,
                    -0.7098169922828674,
                    -2.8613638877868652
                ],
                [
                    -0.7101004719734192,
                    -0.01989186741411686,
                    0.7038193345069885,
                    2.837186574935913
                ],
                [
                    -9.313225746154785e-10,
                    0.999600887298584,
                    0.028251461684703827,
                    0.11388528347015381
                ],
                [
                    0.0,
                    0.0,
                    0.0,
                    1.0
                ]
            ]
        },
        {
            "file_path": "/data/shapenet_blender/all_50_random/02958343/21e028eacc690c9de13f97dcb961e16/r_39",
            "rotation": 0.12566370614359174,
            "transform_matrix": [
                [
                    -0.6941902041435242,
                    -0.07846997678279877,
                    -0.7155015468597412,
                    -2.8842790126800537
                ],
                [
                    -0.7197916507720947,
                    0.07567897439002991,
                    0.6900526881217957,
                    2.781691312789917
                ],
                [
                    7.450581485102248e-09,
                    0.9940397143363953,
                    -0.10901764035224915,
                    -0.43946415185928345
                ],
                [
                    0.0,
                    0.0,
                    0.0,
                    1.0
                ]
            ]
        },
        {
            "file_path": "/data/shapenet_blender/all_50_random/02958343/21e028eacc690c9de13f97dcb961e16/r_40",
            "rotation": 0.12566370614359174,
            "transform_matrix": [
                [
                    -0.9940402507781982,
                    -0.005113478284329176,
                    0.10889343172311783,
                    0.4389634132385254
                ],
                [
                    0.10901341587305069,
                    -0.04662732034921646,
                    0.992946207523346,
                    4.0026936531066895
                ],
                [
                    0.0,
                    0.9988992214202881,
                    0.04690688103437424,
                    0.1890876591205597
                ],
                [
                    0.0,
                    0.0,
                    0.0,
                    1.0
                ]
            ]
        },
        {
            "file_path": "/data/shapenet_blender/all_50_random/02958343/21e028eacc690c9de13f97dcb961e16/r_41",
            "rotation": 0.12566370614359174,
            "transform_matrix": [
                [
                    0.08555389195680618,
                    -0.452178955078125,
                    -0.887814462184906,
                    -3.578895092010498
                ],
                [
                    -0.9963335990905762,
                    -0.03882802650332451,
                    -0.07623549550771713,
                    -0.3073151409626007
                ],
                [
                    0.0,
                    0.8910816311836243,
