{
    "class": "02958343",
    "model": "6942e70e574edda3c8831f15c6e487ac",
    "remove_doubles": true,
    "edge_split": true,
    "denoise": true,
    "camera_angle_x": 0.6911112070083618,
    "scale_factor": 2.311142090635773,
    "hdri_file": "/data/IndoorHDRDataset2018/9C4A7065-ace434a4f3.exr",
    "center_offset": [
        0.0,
        0.0,
        3.725290298461914e-09
    ],
    "lights": [],
    "frames": [
        {
            "file_path": "/data/shapenet_blender/all_50_random/02958343/6942e70e574edda3c8831f15c6e487ac/r_0",
            "rotation": 0.12566370614359174,
            "transform_matrix": [
                [
                    -0.839590311050415,
                    0.08839041739702225,
                    0.535980761051178,
                    2.1606075763702393
                ],
                [
                    0.5432202816009521,
                    0.13661442697048187,
                    0.8284009695053101,
                    3.3393912315368652
                ],
                [
                    0.0,
                    0.9866729378700256,
                    -0.1627156138420105,
                    -0.6559275984764099
                ],
                [
                    0.0,
                    0.0,
                    0.0,
                    1.0
                ]
            ]
        },
        {
            "file_path": "/data/shapenet_blender/all_50_random/02958343/6942e70e574edda3c8831f15c6e487ac/r_1",
            "rotation": 0.12566370614359174,
            "transform_matrix": [
                [
                    0.970758318901062,
                    -0.05615463852882385,
                    -0.23339900374412537,
                    -0.9408615231513977
                ],
                [
                    -0.2400592714548111,
                    -0.22707965970039368,
                    -0.9438253045082092,
                    -3.8046817779541016
                ],
                [
                    0.0,
                    0.9722558259963989,
                    -0.2339198887348175,
                    -0.9429612755775452
                ],
                [
                    0.0,
                    0.0,
                    0.0,
                    1.0
                ]
            ]
        },
        {
            "file_path": "/data/shapenet_blender/all_50_random/02958343/6942e70e574edda3c8831f15c6e487ac/r_2",
            "rotation": 0.12566370614359174,
            "transform_matrix": [
                [
                    0.5631868839263916,
                    0.17393220961093903,
                    -0.8078168630599976,
                    -3.2564139366149902
                ],
                [
                    -0.8263295292854309,
                    0.11854391545057297,
                    -0.5505695343017578,
                    -2.219416856765747
                ],
                [
                    0.0,
                    0.9775964617729187,
                    0.2104877084493637,
                    0.8485031127929688
                ],
                [
                    0.0,
                    0.0,
                    0.0,
                    1.0
                ]
            ]
        },
        {
            "file_path": "/data/shapenet_blender/all_50_random/02958343/6942e70e574edda3c8831f15c6e487ac/r_3",
            "rotation": 0.12566370614359174,
            "transform_matrix": [
                [
                    -0.5906586050987244,
                    0.19198113679885864,
                    -0.7837510704994202,
                    -3.1594016551971436
                ],
                [
                    -0.8069216012954712,
                    -0.14052829146385193,
                    0.5736979842185974,
                    2.312650442123413
                ],
                [
                    -7.450580596923828e-09,
                    0.9712852239608765,
                    0.23791798949241638,
                    0.9590780735015869
                ],
                [
                    0.0,
                    0.0,
                    0.0,
                    1.0
                ]
            ]
        },
        {
            "file_path": "/data/shapenet_blender/all_50_random/02958343/6942e70e574edda3c8831f15c6e487ac/r_4",
            "rotation": 0.12566370614359174,
            "transform_matrix": [
                [
                    -0.2420824021100998,
                    0.44136685132980347,
                    0.8640552759170532,
                    3.4831178188323975
                ],
                [
                    0.9702557325363159,
                    0.1101226657629013,
                    0.21558500826358795,
                    0.8690508604049683
                ],
                [
                    0.0,
                    0.8905438184738159,
                    -0.4548974931240082,
                    -1.8337502479553223
                ],
                [
                    0.0,
                    0.0,
                    0.0,
                    1.0
                ]
            ]
        },
        {
            "file_path": "/data/shapenet_blender/all_50_random/02958343/6942e70e574edda3c8831f15c6e487ac/r_5",
            "rotation": 0.12566370614359174,
            "transform_matrix": [
                [
                    0.6948299407958984,
                    -0.17137223482131958,
                    0.6984574198722839,
                    2.8155722618103027
                ],
                [
                    0.7191740870475769,
                    0.16557125747203827,
                    -0.6748145222663879,
                    -2.7202646732330322
                ],
                [
                    0.0,
                    0.9711939096450806,
                    0.23829032480716705,
                    0.9605790972709656
                ],
                [
                    0.0,
                    0.0,
                    0.0,
                    1.0
                ]
            ]
        },
        {
            "file_path": "/data/shapenet_blender/all_50_random/02958343/6942e70e574edda3c8831f15c6e487ac/r_6",
            "rotation": 0.12566370614359174,
            "transform_matrix": [
                [
                    0.8895825743675232,
                    0.16949942708015442,
                    0.42416146397590637,
                    1.7098495960235596
                ],
                [
                    0.45677465200424194,
                    -0.33010533452033997,
                    -0.8260674476623535,
                    -3.329984426498413
                ],
                [
                    0.0,
                    0.9286013245582581,
                    -0.3710789382457733,
                    -1.4958670139312744
                ],
                [
                    0.0,
                    0.0,
                    0.0,
                    1.0
                ]
            ]
        },
        {
            "file_path": "/data/shapenet_blender/all_50_random/02958343/6942e70e574edda3c8831f15c6e487ac/r_7",
            "rotation": 0.12566370614359174,
            "transform_matrix": [
                [
                    0.7657352685928345,
                    0.5605111718177795,
                    -0.3153994381427765,
                    -1.2714159488677979
                ],
                [
                    -0.6431560516357422,
                    0.6673390865325928,
                    -0.3755114674568176,
                    -1.513735294342041
                ],
                [
                    0.0,
                    0.4903934597969055,
                    0.871501088142395,
                    3.5131335258483887
                ],
                [
                    0.0,
                    0.0,
                    0.0,
                    1.0
                ]
            ]
        },
        {
            "file_path": "/data/shapenet_blender/all_50_random/02958343/6942e70e574edda3c8831f15c6e487ac/r_8",
            "rotation": 0.12566370614359174,
            "transform_matrix": [
                [
                    0.9478949308395386,
                    0.08615995198488235,
                    0.3067111372947693,
                    1.2363921403884888
                ],
                [
                    0.3185831904411316,
                    -0.25635555386543274,
                    -0.9125714302062988,
                    -3.6786930561065674
                ],
                [
                    -7.450580596923828e-09,
                    0.9627347588539124,
                    -0.2704472839832306,
                    -1.090207815170288
                ],
                [
                    0.0,
                    0.0,
                    0.0,
                    1.0
                ]
            ]
        },
        {
            "file_path": "/data/shapenet_blender/all_50_random/02958343/6942e70e574edda3c8831f15c6e487ac/r_9",
            "rotation": 0.12566370614359174,
            "transform_matrix": [
                [
                    -0.037872251123189926,
                    -0.7057741284370422,
                    -0.707423746585846,
                    -2.8517165184020996
                ],
                [
                    -0.9992825388908386,
                    0.026748448610305786,
                    0.026810968294739723,
                    0.1080784797668457
                ],
                [
                    0.0,
                    0.7079316973686218,
                    -0.7062808275222778,
                    -2.847109317779541
                ],
                [
                    0.0,
                    0.0,
                    0.0,
                    1.0
                ]
            ]
        },
        {
            "file_path": "/data/shapenet_blender/all_50_random/02958343/6942e70e574edda3c8831f15c6e487ac/r_10",
            "rotation": 0.12566370614359174,
            "transform_matrix": [
                [
                    0.9924280047416687,
                    -0.05612827092409134,
                    -0.10925409197807312,
                    -0.4404173195362091
                ],
                [
                    -0.12282850593328476,
                    -0.45350438356399536,
                    -0.882749617099762,
                    -3.5584776401519775
                ],
                [
                    0.0,
                    0.8894848227500916,
                    -0.4569645822048187,
                    -1.8420830965042114
                ],
                [
                    0.0,
                    0.0,
                    0.0,
                    1.0
                ]
            ]
        },
        {
            "file_path": "/data/shapenet_blender/all_50_random/02958343/6942e70e574edda3c8831f15c6e487ac/r_11",
            "rotation": 0.12566370614359174,
            "transform_matrix": [
                [
                    0.7882866859436035,
                    0.19643014669418335,
                    0.5831117033958435,
                    2.3505988121032715
                ],
                [
                    0.6153081655502319,
                    -0.2516515254974365,
                    -0.7470389008522034,
                    -3.0114104747772217
                ],
                [
                    0.0,
                    0.9476742744445801,
                    -0.3192386329174042,
                    -1.2868921756744385
                ],
                [
                    0.0,
                    0.0,
                    0.0,
                    1.0
                ]
            ]
        },
        {
            "file_path": "/data/shapenet_blender/all_50_random/02958343/6942e70e574edda3c8831f15c6e487ac/r_12",
            "rotation": 0.12566370614359174,
            "transform_matrix": [
                [
                    0.87369304895401,
                    -0.20866835117340088,
                    0.43945205211639404,
                    1.771487832069397
                ],
                [
                    0.486477792263031,
                    0.374759316444397,
                    -0.789236843585968,
                    -3.1815154552459717
                ],
                [
                    0.0,
                    0.9033343195915222,
                    0.4289371073246002,
                    1.7291008234024048
                ],
                [
                    0.0,
                    0.0,
                    0.0,
                    1.0
                ]
            ]
        },
        {
            "file_path": "/data/shapenet_blender/all_50_random/02958343/6942e70e574edda3c8831f15c6e487ac/r_13",
            "rotation": 0.12566370614359174,
            "transform_matrix": [
                [
                    0.500544011592865,
                    -0.31887975335121155,
                    -0.804842472076416,
                    -3.2444238662719727
                ],
                [
                    -0.8657112121582031,
                    -0.18437252938747406,
                    -0.4653504490852356,
                    -1.8758876323699951
                ],
                [
                    -1.4901162970204496e-08,
                    0.929689347743988,
                    -0.3683443069458008,
                    -1.484843373298645
                ],
                [
                    0.0,
                    0.0,
                    0.0,
                    1.0
                ]
            ]
        },
        {
            "file_path": "/data/shapenet_blender/all_50_random/02958343/6942e70e574edda3c8831f15c6e487ac/r_14",
            "rotation": 0.12566370614359174,
            "transform_matrix": [
                [
                    0.1784394085407257,
                    0.13589997589588165,
                    -0.9745206236839294,
                    -3.9284183979034424
                ],
                [
                    -0.9839509725570679,
                    0.024645447731018066,
                    -0.176729217171669,
                    -0.712418258190155
                ],
                [
                    0.0,
                    0.9904159307479858,
                    0.13811662793159485,
                    0.5567659139633179
                ],
                [
                    0.0,
                    0.0,
                    0.0,
                    1.0
                ]
            ]
        },
        {
            "file_path": "/data/shapenet_blender/all_50_random/02958343/6942e70e574edda3c8831f15c6e487ac/r_15",
            "rotation": 0.12566370614359174,
            "transform_matrix": [
                [
                    0.309296190738678,
                    0.1281442493200302,
                    -0.942292332649231,
                    -3.798501968383789
                ],
                [
                    -0.9509657025337219,
                    0.04167819395661354,
                    -0.3064752221107483,
                    -1.2354410886764526
                ],
                [
                    3.725290298461914e-09,
                    0.9908792972564697,
                    0.13475172221660614,
                    0.5432015657424927
                ],
                [
                    0.0,
                    0.0,
                    0.0,
                    1.0
                ]
            ]
        },
        {
            "file_path": "/data/shapenet_blender/all_50_random/02958343/6942e70e574edda3c8831f15c6e487ac/r_16",
            "rotation": 0.12566370614359174,
            "transform_matrix": [
                [
                    -0.26199930906295776,
                    -0.35955074429512024,
                    0.8955889344215393,
                    3.610234498977661
                ],
                [
                    0.9650680422782898,
                    -0.09761182218790054,
                    0.2431369423866272,
                    0.9801163673400879
                ],
                [
                    0.0,
                    0.9280059933662415,
                    0.3725651800632477,
                    1.5018582344055176
                ],
                [
                    0.0,
                    0.0,
                    0.0,
                    1.0
                ]
            ]
        },
        {
            "file_path": "/data/shapenet_blender/all_50_random/02958343/6942e70e574edda3c8831f15c6e487ac/r_17",
            "rotation": 0.12566370614359174,
            "transform_matrix": [
                [
                    -0.9999870657920837,
                    0.0004465718811843544,
                    0.005068177357316017,
                    0.02043047547340393
                ],
                [
                    0.0050878142938017845,
                    0.0877717062830925,
                    0.9961276054382324,
                    4.015518665313721
                ],
                [
                    0.0,
                    0.9961404800415039,
                    -0.08777283877134323,
                    -0.35382363200187683
                ],
                [
                    0.0,
                    0.0,
                    0.0,
                    1.0
                ]
            ]
        },
        {
            "file_path": "/data/shapenet_blender/all_50_random/02958343/6942e70e574edda3c8831f15c6e487ac/r_18",
            "rotation": 0.12566370614359174,
            "transform_matrix": [
                [
                    0.911257803440094,
                    -0.19906607270240784,
                    0.3605300784111023,
                    1.4533432722091675
                ],
                [
                    0.4118364453315735,
                    0.44046735763549805,
                    -0.7977337837219238,
                    -3.2157678604125977
                ],
                [
                    0.0,
                    0.8754205107688904,
                    0.48336195945739746,
                    1.9484944343566895
                ],
                [
                    0.0,
                    0.0,
                    0.0,
                    1.0
                ]
            ]
        },
        {
            "file_path": "/data/shapenet_blender/all_50_random/02958343/6942e70e574edda3c8831f15c6e487ac/r_19",
            "rotation": 0.12566370614359174,
            "transform_matrix": [
                [
                    -0.13154850900173187,
                    -0.7750880122184753,
                    0.6180076599121094,
                    2.4912688732147217
                ],
                [
                    0.9913097620010376,
                    -0.10285551100969315,
                    0.0820106789469719,
                    0.33059564232826233
                ],
                [
                    0.0,
                    0.6234254240989685,
                    0.7818827033042908,
                    3.1518702507019043
                ],
                [
                    0.0,
                    0.0,
                    0.0,
                    1.0
                ]
            ]
        },
        {
            "file_path": "/data/shapenet_blender/all_50_random/02958343/6942e70e574edda3c8831f15c6e487ac/r_20",
            "rotation": 0.12566370614359174,
            "transform_matrix": [
                [
                    0.3408283293247223,
                    -0.24550089240074158,
                    0.9075049757957458,
                    3.6582696437835693
                ],
                [
                    0.9401255249977112,
                    0.08900265395641327,
                    -0.3290022611618042,
                    -1.3262505531311035
                ],
                [
                    0.0,
                    0.9653019309043884,
                    0.2611362934112549,
                    1.0526740550994873
                ],
                [
                    0.0,
                    0.0,
                    0.0,
                    1.0
                ]
            ]
        },
        {
            "file_path": "/data/shapenet_blender/all_50_random/02958343/6942e70e574edda3c8831f15c6e487ac/r_21",
            "rotation": 0.12566370614359174,
            "transform_matrix": [
                [
                    -0.9619054794311523,
                    0.23407746851444244,
                    -0.14122873544692993,
                    -0.5693113207817078
                ],
                [
                    -0.27338215708732605,
                    -0.8236104249954224,
                    0.496918648481369,
                    2.003143310546875
                ],
                [
                    -7.450580152834618e-09,
                    0.5165982246398926,
                    0.8562278747558594,
                    3.4515652656555176
                ],
                [
                    0.0,
                    0.0,
                    0.0,
                    1.0
                ]
            ]
        },
        {
            "file_path": "/data/shapenet_blender/all_50_random/02958343/6942e70e574edda3c8831f15c6e487ac/r_22",
            "rotation": 0.12566370614359174,
            "transform_matrix": [
                [
                    -0.5640891194343567,
                    -0.13971860706806183,
                    -0.8138072490692139,
                    -3.2805614471435547
                ],
                [
                    -0.8257138133049011,
                    0.09544923901557922,
                    0.5559551119804382,
                    2.241126537322998
                ],
                [
                    7.4505792646561986e-09,
                    0.9855800867080688,
                    -0.16920948028564453,
                    -0.6821051239967346
                ],
                [
                    0.0,
                    0.0,
                    0.0,
                    1.0
                ]
            ]
        },
        {
            "file_path": "/data/shapenet_blender/all_50_random/02958343/6942e70e574edda3c8831f15c6e487ac/r_23",
            "rotation": 0.12566370614359174,
            "transform_matrix": [
                [
                    -0.9705920219421387,
                    0.01676931232213974,
                    -0.24014566838741302,
                    -0.9680582284927368
                ],
                [
                    -0.24073044955730438,
                    -0.06761155277490616,
                    0.9682341814041138,
                    3.9030771255493164
                ],
                [
                    0.0,
                    0.997570812702179,
                    0.06966011226177216,
                    0.2808089256286621
                ],
                [
                    0.0,
                    0.0,
                    0.0,
                    1.0
                ]
            ]
        },
        {
            "file_path": "/data/shapenet_blender/all_50_random/02958343/6942e70e574edda3c8831f15c6e487ac/r_24",
            "rotation": 0.12566370614359174,
            "transform_matrix": [
                [
                    -0.065436951816082,
                    -0.24578703939914703,
                    0.9671125411987305,
                    3.8985555171966553
                ],
                [
                    0.9978567361831665,
                    -0.01611809991300106,
                    0.06342082470655441,
                    0.2556575536727905
                ],
                [
                    -9.313224635931761e-10,
                    0.9691898822784424,
                    0.24631494283676147,
                    0.9929273724555969
                ],
                [
                    0.0,
                    0.0,
                    0.0,
                    1.0
                ]
            ]
        },
        {
            "file_path": "/data/shapenet_blender/all_50_random/02958343/6942e70e574edda3c8831f15c6e487ac/r_25",
            "rotation": 0.12566370614359174,
            "transform_matrix": [
                [
                    -0.801644504070282,
                    -0.11682459712028503,
                    -0.5862748622894287,
                    -2.363349199295044
                ],
                [
                    -0.5978010892868042,
                    0.15666048228740692,
                    0.7861879467964172,
                    3.169224500656128
                ],
                [
                    7.4505797087454084e-09,
                    0.9807187914848328,
                    -0.1954239010810852,
                    -0.7877788543701172
                ],
                [
                    0.0,
                    0.0,
                    0.0,
                    1.0
                ]
            ]
        },
        {
            "file_path": "/data/shapenet_blender/all_50_random/02958343/6942e70e574edda3c8831f15c6e487ac/r_26",
            "rotation": 0.12566370614359174,
            "transform_matrix": [
                [
                    -0.49392589926719666,
                    -0.18545027077198029,
                    0.8494970798492432,
                    3.4244325160980225
                ],
                [
                    0.8695040941238403,
                    -0.10534590482711792,
                    0.4825608432292938,
                    1.9452650547027588
                ],
                [
                    0.0,
                    0.9769904017448425,
                    0.21328282356262207,
                    0.8597705960273743
                ],
                [
                    0.0,
                    0.0,
                    0.0,
                    1.0
                ]
            ]
        },
        {
            "file_path": "/data/shapenet_blender/all_50_random/02958343/6942e70e574edda3c8831f15c6e487ac/r_27",
            "rotation": 0.12566370614359174,
            "transform_matrix": [
                [
                    0.9627916216850281,
                    -0.05494481697678566,
                    -0.2646001875400543,
                    -1.0666375160217285
                ],
                [
                    -0.27024468779563904,
                    -0.19575004279613495,
                    -0.942682147026062,
                    -3.8000733852386475
                ],
                [
                    0.0,
                    0.9791133999824524,
                    -0.20331504940986633,
                    -0.8195891976356506
                ],
                [
                    0.0,
                    0.0,
                    0.0,
                    1.0
                ]
            ]
        },
        {
            "file_path": "/data/shapenet_blender/all_50_random/02958343/6942e70e574edda3c8831f15c6e487ac/r_28",
            "rotation": 0.12566370614359174,
            "transform_matrix": [
                [
                    0.999994158744812,
                    0.0023512463085353374,
                    0.002499034395441413,
                    0.010073930025100708
                ],
                [
                    0.0034312582574784756,
                    -0.6852391958236694,
                    -0.7283099889755249,
                    -2.9359114170074463
                ],
                [
                    1.1641532182693481e-10,
                    0.728314220905304,
                    -0.6852432489395142,
                    -2.7623038291931152
                ],
                [
                    0.0,
                    0.0,
                    0.0,
                    1.0
                ]
            ]
        },
        {
            "file_path": "/data/shapenet_blender/all_50_random/02958343/6942e70e574edda3c8831f15c6e487ac/r_29",
            "rotation": 0.12566370614359174,
            "transform_matrix": [
                [
                    -0.09369815140962601,
                    -0.015964193269610405,
                    -0.9954726099967957,
                    -4.01287841796875
                ],
                [
                    -0.9956006407737732,
                    0.0015024252934381366,
                    0.09368611127138138,
                    0.3776607811450958
                ],
                [
                    1.1641532182693481e-10,
                    0.9998714327812195,
                    -0.01603473350405693,
                    -0.06463807821273804
                ],
                [
                    0.0,
                    0.0,
                    0.0,
                    1.0
                ]
            ]
        },
        {
            "file_path": "/data/shapenet_blender/all_50_random/02958343/6942e70e574edda3c8831f15c6e487ac/r_30",
            "rotation": 0.12566370614359174,
            "transform_matrix": [
                [
                    0.20041240751743317,
                    0.30843403935432434,
                    0.929894208908081,
                    3.748523473739624
                ],
                [
                    0.9797117114067078,
                    -0.06309407949447632,
                    -0.1902216076850891,
                    -0.7668078541755676
                ],
                [
                    0.0,
                    0.9491508603096008,
                    -0.3148212730884552,
                    -1.269085168838501
                ],
                [
                    0.0,
                    0.0,
                    0.0,
                    1.0
                ]
            ]
        },
        {
            "file_path": "/data/shapenet_blender/all_50_random/02958343/6942e70e574edda3c8831f15c6e487ac/r_31",
            "rotation": 0.12566370614359174,
            "transform_matrix": [
                [
                    -0.8406950831413269,
                    0.4406365156173706,
                    -0.31475576758384705,
                    -1.2688212394714355
                ],
                [
                    -0.5415087342262268,
                    -0.6840903759002686,
                    0.48865991830825806,
                    1.9698512554168701
                ],
                [
                    0.0,
                    0.5812569856643677,
                    0.8137199282646179,
                    3.280210256576538
                ],
                [
                    0.0,
                    0.0,
                    0.0,
                    1.0
                ]
            ]
        },
        {
            "file_path": "/data/shapenet_blender/all_50_random/02958343/6942e70e574edda3c8831f15c6e487ac/r_32",
            "rotation": 0.12566370614359174,
            "transform_matrix": [
                [
                    0.9914599061012268,
                    0.08805525302886963,
                    -0.09619464725255966,
                    -0.3877730369567871
                ],
                [
                    -0.13041141629219055,
                    0.6694448590278625,
                    -0.7313250303268433,
                    -2.9480655193328857
                ],
                [
                    0.0,
                    0.7376242876052856,
                    0.6752112507820129,
                    2.7218635082244873
                ],
                [
                    0.0,
                    0.0,
                    0.0,
                    1.0
                ]
            ]
        },
        {
            "file_path": "/data/shapenet_blender/all_50_random/02958343/6942e70e574edda3c8831f15c6e487ac/r_33",
            "rotation": 0.12566370614359174,
            "transform_matrix": [
                [
                    -0.8698070645332336,
                    -0.09162786602973938,
                    0.48480919003486633,
                    1.9543282985687256
                ],
                [
                    0.4933919608592987,
                    -0.1615319550037384,
                    0.8546764254570007,
                    3.4453108310699463
                ],
                [
                    0.0,
                    0.9826046228408813,
                    0.1857100874185562,
                    0.7486212849617004
                ],
                [
                    0.0,
                    0.0,
                    0.0,
                    1.0
                ]
            ]
        },
        {
            "file_path": "/data/shapenet_blender/all_50_random/02958343/6942e70e574edda3c8831f15c6e487ac/r_34",
            "rotation": 0.12566370614359174,
            "transform_matrix": [
                [
                    -0.6826992034912109,
                    -0.08318302780389786,
                    0.7259492874145508,
                    2.9263951778411865
                ],
                [
                    0.7306995391845703,
                    -0.07771865278482437,
                    0.6782609820365906,
                    2.7341575622558594
                ],
                [
                    0.0,
                    0.9934991002082825,
                    0.113840252161026,
                    0.4589047431945801
                ],
                [
                    0.0,
                    0.0,
                    0.0,
                    1.0
                ]
            ]
        },
        {
            "file_path": "/data/shapenet_blender/all_50_random/02958343/6942e70e574edda3c8831f15c6e487ac/r_35",
            "rotation": 0.12566370614359174,
            "transform_matrix": [
                [
                    0.1843852996826172,
                    0.38347911834716797,
                    0.9049562215805054,
                    3.6479952335357666
                ],
                [
                    0.9828540682792664,
                    -0.07194141298532486,
                    -0.16977150738239288,
                    -0.6843708157539368
                ],
                [
                    0.0,
                    0.9207432270050049,
                    -0.3901689052581787,
                    -1.5728211402893066
                ],
                [
                    0.0,
                    0.0,
                    0.0,
                    1.0
                ]
            ]
        },
        {
            "file_path": "/data/shapenet_blender/all_50_random/02958343/6942e70e574edda3c8831f15c6e487ac/r_36",
            "rotation": 0.12566370614359174,
            "transform_matrix": [
                [
                    -0.6652950644493103,
                    0.033044055104255676,
                    0.7458488941192627,
                    3.00661301612854
                ],
                [
                    0.7465805411338806,
                    0.0294463150203228,
                    0.6646430492401123,
                    2.6792619228363037
                ],
                [
                    0.0,
                    0.9990200996398926,
                    -0.04426053166389465,
                    -0.17841990292072296
                ],
                [
                    0.0,
                    0.0,
                    0.0,
                    1.0
                ]
            ]
        },
        {
            "file_path": "/data/shapenet_blender/all_50_random/02958343/6942e70e574edda3c8831f15c6e487ac/r_37",
            "rotation": 0.12566370614359174,
            "transform_matrix": [
                [
                    -0.37986335158348083,
                    0.8595489263534546,
                    -0.34187641739845276,
                    -1.3781479597091675
                ],
                [
                    -0.9250426292419434,
                    -0.3529687225818634,
                    0.1403895616531372,
                    0.5659283995628357
                ],
                [
                    1.4901161193847656e-08,
                    0.369579017162323,
                    0.9291992783546448,
                    3.7457220554351807
                ],
                [
                    0.0,
                    0.0,
                    0.0,
                    1.0
                ]
            ]
        },
        {
            "file_path": "/data/shapenet_blender/all_50_random/02958343/6942e70e574edda3c8831f15c6e487ac/r_38",
            "rotation": 0.12566370614359174,
            "transform_matrix": [
                [
                    0.5717276930809021,
                    -0.25619471073150635,
                    0.7794174551963806,
                    3.141932487487793
                ],
                [
                    0.8204434514045715,
                    0.17852982878684998,
                    -0.5431386828422546,
                    -2.189462184906006
                ],
                [
                    0.0,
                    0.9499953389167786,
                    0.31226372718811035,
                    1.2587754726409912
                ],
                [
                    0.0,
                    0.0,
                    0.0,
                    1.0
                ]
            ]
        },
        {
            "file_path": "/data/shapenet_blender/all_50_random/02958343/6942e70e574edda3c8831f15c6e487ac/r_39",
            "rotation": 0.12566370614359174,
            "transform_matrix": [
                [
                    -0.3863157033920288,
                    -0.24379463493824005,
                    0.8895641565322876,
                    3.5859477519989014
                ],
                [
                    0.9223666191101074,
                    -0.10210873931646347,
                    0.3725770115852356,
                    1.501905918121338
                ],
                [
                    0.0,
                    0.9644365906715393,
                    0.2643142342567444,
                    1.0654847621917725
                ],
                [
                    0.0,
                    0.0,
                    0.0,
                    1.0
                ]
            ]
        },
        {
            "file_path": "/data/shapenet_blender/all_50_random/02958343/6942e70e574edda3c8831f15c6e487ac/r_40",
            "rotation": 0.12566370614359174,
            "transform_matrix": [
                [
                    -0.9998362064361572,
                    0.005719638895243406,
                    -0.017170274630188942,
                    -0.06921558827161789
                ],
                [
                    -0.018097862601280212,
                    -0.3159877359867096,
                    0.9485906362533569,
                    3.8238911628723145
                ],
                [
                    -4.6566123179658803e-10,
                    0.9487461447715759,
                    0.31603944301605225,
                    1.2739957571029663
                ],
                [
                    0.0,
                    0.0,
                    0.0,
                    1.0
                ]
            ]
        },
        {
            "file_path": "/data/shapenet_blender/all_50_random/02958343/6942e70e574edda3c8831f15c6e487ac/r_41",
            "rotation": 0.12566370614359174,
            "transform_matrix": [
                [
                    -0.7802444696426392,
                    0.26700130105018616,
                    0.5656225085258484,
                    2.280097246170044
                ],
                [
                    0.6254746317863464,
                    0.3330691158771515,
                    0.705582320690155,
                    2.8442933559417725
                ],
                [
                    1.4901161193847656e-08,
                    0.9043092727661133,
                    -0.4268779158592224,
                    -1.7207999229431152
