{
    "class": "02958343",
    "model": "cc8b44ddf6ec80fffd8e7b05498794b9",
    "remove_doubles": true,
    "edge_split": true,
    "denoise": true,
    "camera_angle_x": 0.6911112070083618,
    "scale_factor": 2.230410377197329,
    "hdri_file": "/data/IndoorHDRDataset2018/9C4A3145-fb669643d6.exr",
    "center_offset": [
        0.0,
        -1.862645149230957e-09,
        -3.725290298461914e-09
    ],
    "lights": [],
    "frames": [
        {
            "file_path": "/data/shapenet_blender/all_50_random/02958343/cc8b44ddf6ec80fffd8e7b05498794b9/r_0",
            "rotation": 0.12566370614359174,
            "transform_matrix": [
                [
                    -0.9473863840103149,
                    -0.00019531967700459063,
                    0.32009220123291016,
                    1.2903330326080322
                ],
                [
                    0.3200923204421997,
                    -0.0005780932260677218,
                    0.9473860859870911,
                    3.819035768508911
                ],
                [
                    -1.4551915228366852e-11,
                    0.9999997615814209,
                    0.0006101979524828494,
                    0.002459786832332611
                ],
                [
                    0.0,
                    0.0,
                    0.0,
                    1.0
                ]
            ]
        },
        {
            "file_path": "/data/shapenet_blender/all_50_random/02958343/cc8b44ddf6ec80fffd8e7b05498794b9/r_1",
            "rotation": 0.12566370614359174,
            "transform_matrix": [
                [
                    -0.9004378318786621,
                    -0.05308585613965988,
                    -0.43173328042030334,
                    -1.7403725385665894
                ],
                [
                    -0.4349847733974457,
                    0.10989008843898773,
                    0.8937071561813354,
                    3.6026487350463867
                ],
                [
                    0.0,
                    0.9925249814987183,
                    -0.12204074114561081,
                    -0.4919619560241699
                ],
                [
                    0.0,
                    0.0,
                    0.0,
                    1.0
                ]
            ]
        },
        {
            "file_path": "/data/shapenet_blender/all_50_random/02958343/cc8b44ddf6ec80fffd8e7b05498794b9/r_2",
            "rotation": 0.12566370614359174,
            "transform_matrix": [
                [
                    -0.5986005067825317,
                    -0.4946800172328949,
                    0.6300548315048218,
                    2.539832592010498
                ],
                [
                    0.8010478019714355,
                    -0.36966046690940857,
                    0.470822274684906,
                    1.8979454040527344
                ],
                [
                    0.0,
                    0.7865384817123413,
                    0.6175411343574524,
                    2.4893882274627686
                ],
                [
                    0.0,
                    0.0,
                    0.0,
                    1.0
                ]
            ]
        },
        {
            "file_path": "/data/shapenet_blender/all_50_random/02958343/cc8b44ddf6ec80fffd8e7b05498794b9/r_3",
            "rotation": 0.12566370614359174,
            "transform_matrix": [
                [
                    -0.9790927171707153,
                    -0.11728666722774506,
                    0.1661965698003769,
                    0.6699597835540771
                ],
                [
                    0.20341452956199646,
                    -0.5645344853401184,
                    0.79995197057724,
                    3.2247095108032227
                ],
                [
                    0.0,
                    0.8170338869094849,
                    0.5765895247459412,
                    2.3243067264556885
                ],
                [
                    0.0,
                    0.0,
                    0.0,
                    1.0
                ]
            ]
        },
        {
            "file_path": "/data/shapenet_blender/all_50_random/02958343/cc8b44ddf6ec80fffd8e7b05498794b9/r_4",
            "rotation": 0.12566370614359174,
            "transform_matrix": [
                [
                    -0.4981926381587982,
                    0.6376668810844421,
                    0.5875244736671448,
                    2.36838698387146
                ],
                [
                    0.867066502571106,
                    0.36638590693473816,
                    0.33757543563842773,
                    1.3608101606369019
                ],
                [
                    0.0,
                    0.6776002645492554,
                    -0.7354303598403931,
                    -2.9646146297454834
                ],
                [
                    0.0,
                    0.0,
                    0.0,
                    1.0
                ]
            ]
        },
        {
            "file_path": "/data/shapenet_blender/all_50_random/02958343/cc8b44ddf6ec80fffd8e7b05498794b9/r_5",
            "rotation": 0.12566370614359174,
            "transform_matrix": [
                [
                    0.7974308729171753,
                    -0.015087004750967026,
                    -0.6032217144966125,
                    -2.4316647052764893
                ],
                [
                    -0.6034104228019714,
                    -0.01993807591497898,
                    -0.7971814870834351,
                    -3.2135415077209473
                ],
                [
                    0.0,
                    0.9996873140335083,
                    -0.025002894923090935,
                    -0.10078989714384079
                ],
                [
                    0.0,
                    0.0,
                    0.0,
                    1.0
                ]
            ]
        },
        {
            "file_path": "/data/shapenet_blender/all_50_random/02958343/cc8b44ddf6ec80fffd8e7b05498794b9/r_6",
            "rotation": 0.12566370614359174,
            "transform_matrix": [
                [
                    0.9863938689231873,
                    0.031245283782482147,
                    -0.16140314936637878,
                    -0.6506369113922119
                ],
                [
                    -0.164399653673172,
                    0.1874709278345108,
                    -0.9684149026870728,
                    -3.9038052558898926
                ],
                [
                    0.0,
                    0.9817730784416199,
                    0.19005687534809113,
                    0.766143798828125
                ],
                [
                    0.0,
                    0.0,
                    0.0,
                    1.0
                ]
            ]
        },
        {
            "file_path": "/data/shapenet_blender/all_50_random/02958343/cc8b44ddf6ec80fffd8e7b05498794b9/r_7",
            "rotation": 0.12566370614359174,
            "transform_matrix": [
                [
                    0.17903649806976318,
                    0.8407999277114868,
                    -0.5108829140663147,
                    -2.059434652328491
                ],
                [
                    -0.9838424324989319,
                    0.15300607681274414,
                    -0.09296883642673492,
                    -0.37476933002471924
                ],
                [
                    0.0,
                    0.5192731022834778,
                    0.854608416557312,
                    3.4450364112854004
                ],
                [
                    0.0,
                    0.0,
                    0.0,
                    1.0
                ]
            ]
        },
        {
            "file_path": "/data/shapenet_blender/all_50_random/02958343/cc8b44ddf6ec80fffd8e7b05498794b9/r_8",
            "rotation": 0.12566370614359174,
            "transform_matrix": [
                [
                    -0.6819920539855957,
                    -0.5560852289199829,
                    -0.4750327169895172,
                    -1.9149181842803955
                ],
                [
                    -0.7313595414161682,
                    0.5185489058494568,
                    0.4429675340652466,
                    1.7856591939926147
                ],
                [
                    0.0,
                    0.6495200395584106,
                    -0.760344386100769,
                    -3.0650463104248047
                ],
                [
                    0.0,
                    0.0,
                    0.0,
                    1.0
                ]
            ]
        },
        {
            "file_path": "/data/shapenet_blender/all_50_random/02958343/cc8b44ddf6ec80fffd8e7b05498794b9/r_9",
            "rotation": 0.12566370614359174,
            "transform_matrix": [
                [
                    0.9996117353439331,
                    0.0036556546110659838,
                    0.027619637548923492,
                    0.11133831739425659
                ],
                [
                    0.027860509231686592,
                    -0.13116182386875153,
                    -0.9909694194793701,
                    -3.994725465774536
                ],
                [
                    2.328306020205062e-10,
                    0.99135422706604,
                    -0.1312127560377121,
                    -0.5289355516433716
                ],
                [
                    0.0,
                    0.0,
                    0.0,
                    1.0
                ]
            ]
        },
        {
            "file_path": "/data/shapenet_blender/all_50_random/02958343/cc8b44ddf6ec80fffd8e7b05498794b9/r_10",
            "rotation": 0.12566370614359174,
            "transform_matrix": [
                [
                    -0.644160807132721,
                    0.03693212568759918,
                    0.7639979124069214,
                    3.0797741413116455
                ],
                [
                    0.7648901343345642,
                    0.031102806329727173,
                    0.6434094905853271,
                    2.5936665534973145
                ],
                [
                    1.862645371275562e-09,
                    0.9988334774971008,
                    -0.04828422889113426,
                    -0.19463995099067688
                ],
                [
                    0.0,
                    0.0,
                    0.0,
                    1.0
                ]
            ]
        },
        {
            "file_path": "/data/shapenet_blender/all_50_random/02958343/cc8b44ddf6ec80fffd8e7b05498794b9/r_11",
            "rotation": 0.12566370614359174,
            "transform_matrix": [
                [
                    -0.29686057567596436,
                    0.19929219782352448,
                    0.9338931441307068,
                    3.764643430709839
                ],
                [
                    0.9549208283424377,
                    0.06195487454533577,
                    0.2903236150741577,
                    1.1703319549560547
                ],
                [
                    3.725290076417309e-09,
                    0.9779794812202454,
                    -0.2087002694606781,
                    -0.8412976264953613
                ],
                [
                    0.0,
                    0.0,
                    0.0,
                    1.0
                ]
            ]
        },
        {
            "file_path": "/data/shapenet_blender/all_50_random/02958343/cc8b44ddf6ec80fffd8e7b05498794b9/r_12",
            "rotation": 0.12566370614359174,
            "transform_matrix": [
                [
                    -0.2895975410938263,
                    0.01004980131983757,
                    0.9570958018302917,
                    3.8581764698028564
                ],
                [
                    0.9571484923362732,
                    0.0030406962614506483,
                    0.2895815968513489,
                    1.1673407554626465
                ],
                [
                    0.0,
                    0.9999448657035828,
                    -0.010499730706214905,
                    -0.04232576861977577
                ],
                [
                    0.0,
                    0.0,
                    0.0,
                    1.0
                ]
            ]
        },
        {
            "file_path": "/data/shapenet_blender/all_50_random/02958343/cc8b44ddf6ec80fffd8e7b05498794b9/r_13",
            "rotation": 0.12566370614359174,
            "transform_matrix": [
                [
                    0.9540092945098877,
                    0.10132096707820892,
                    0.2821352481842041,
                    1.1373237371444702
                ],
                [
                    0.29977700114250183,
                    -0.32244348526000977,
                    -0.8978662490844727,
                    -3.619414806365967
                ],
                [
                    0.0,
                    0.9411505460739136,
                    -0.3379877507686615,
                    -1.3624722957611084
                ],
                [
                    0.0,
                    0.0,
                    0.0,
                    1.0
                ]
            ]
        },
        {
            "file_path": "/data/shapenet_blender/all_50_random/02958343/cc8b44ddf6ec80fffd8e7b05498794b9/r_14",
            "rotation": 0.12566370614359174,
            "transform_matrix": [
                [
                    0.07312154024839401,
                    -0.033648595213890076,
                    0.9967551827430725,
                    4.0180487632751465
                ],
                [
                    0.9973229765892029,
                    0.0024670413695275784,
                    -0.073079913854599,
                    -0.29459455609321594
                ],
                [
                    2.3283062977608182e-10,
                    0.9994306564331055,
                    0.033738911151885986,
                    0.13600590825080872
                ],
                [
                    0.0,
                    0.0,
                    0.0,
                    1.0
                ]
            ]
        },
        {
            "file_path": "/data/shapenet_blender/all_50_random/02958343/cc8b44ddf6ec80fffd8e7b05498794b9/r_15",
            "rotation": 0.12566370614359174,
            "transform_matrix": [
                [
                    0.1077374666929245,
                    -0.608728289604187,
                    0.786029577255249,
                    3.168586492538452
                ],
                [
                    0.9941794872283936,
                    0.06596680730581284,
                    -0.08518063277006149,
                    -0.343374103307724
                ],
                [
                    0.0,
                    0.7906315326690674,
                    0.6122922301292419,
                    2.468228816986084
                ],
                [
                    0.0,
                    0.0,
                    0.0,
                    1.0
                ]
            ]
        },
        {
            "file_path": "/data/shapenet_blender/all_50_random/02958343/cc8b44ddf6ec80fffd8e7b05498794b9/r_16",
            "rotation": 0.12566370614359174,
            "transform_matrix": [
                [
                    -0.9867434501647949,
                    0.10937926918268204,
                    0.11989012360572815,
                    0.4832925796508789
                ],
                [
                    0.16228823363780975,
                    0.6650468111038208,
                    0.7289548516273499,
                    2.9385111331939697
                ],
                [
                    0.0,
                    0.7387480735778809,
                    -0.6739815473556519,
                    -2.716906785964966
                ],
                [
                    0.0,
                    0.0,
                    0.0,
                    1.0
                ]
            ]
        },
        {
            "file_path": "/data/shapenet_blender/all_50_random/02958343/cc8b44ddf6ec80fffd8e7b05498794b9/r_17",
            "rotation": 0.12566370614359174,
            "transform_matrix": [
                [
                    0.3930284082889557,
                    0.0040122210048139095,
                    -0.9195175766944885,
                    -3.7066938877105713
                ],
                [
                    -0.9195263981819153,
                    0.0017149228369817138,
                    -0.39302465319633484,
                    -1.584333062171936
                ],
                [
                    -1.1641532182693481e-10,
                    0.9999905228614807,
                    0.004363355692476034,
                    0.017589248716831207
                ],
                [
                    0.0,
                    0.0,
                    0.0,
                    1.0
                ]
            ]
        },
        {
            "file_path": "/data/shapenet_blender/all_50_random/02958343/cc8b44ddf6ec80fffd8e7b05498794b9/r_18",
            "rotation": 0.12566370614359174,
            "transform_matrix": [
                [
                    -0.9962092041969299,
                    -0.006666180212050676,
                    0.08673509955406189,
                    0.3496403992176056
                ],
                [
                    0.08699090778827667,
                    -0.07634027302265167,
                    0.9932796955108643,
                    4.0040388107299805
                ],
                [
                    0.0,
                    0.9970595240592957,
                    0.07663076370954514,
                    0.30890852212905884
                ],
                [
                    0.0,
                    0.0,
                    0.0,
                    1.0
                ]
            ]
        },
        {
            "file_path": "/data/shapenet_blender/all_50_random/02958343/cc8b44ddf6ec80fffd8e7b05498794b9/r_19",
            "rotation": 0.12566370614359174,
            "transform_matrix": [
                [
                    0.9970369338989258,
                    0.030460810288786888,
                    -0.07063654065132141,
                    -0.2847450077533722
                ],
                [
                    -0.07692451775074005,
                    0.3948097825050354,
                    -0.9155369400978088,
                    -3.6906473636627197
                ],
                [
                    1.862645149230957e-09,
                    0.9182577729225159,
                    0.39598315954208374,
                    1.5962591171264648
                ],
                [
                    0.0,
                    0.0,
                    0.0,
                    1.0
                ]
            ]
        },
        {
            "file_path": "/data/shapenet_blender/all_50_random/02958343/cc8b44ddf6ec80fffd8e7b05498794b9/r_20",
            "rotation": 0.12566370614359174,
            "transform_matrix": [
                [
                    0.6239834427833557,
                    0.025137808173894882,
                    -0.7810330986976624,
                    -3.1484451293945312
                ],
                [
                    -0.7814375758171082,
                    0.02007272094488144,
                    -0.6236605048179626,
                    -2.5140559673309326
                ],
                [
                    1.862645149230957e-09,
                    0.9994824528694153,
                    0.0321686714887619,
                    0.12967605888843536
                ],
                [
                    0.0,
                    0.0,
                    0.0,
                    1.0
                ]
            ]
        },
        {
            "file_path": "/data/shapenet_blender/all_50_random/02958343/cc8b44ddf6ec80fffd8e7b05498794b9/r_21",
            "rotation": 0.12566370614359174,
            "transform_matrix": [
                [
                    -0.716859757900238,
                    0.658949077129364,
                    -0.22781172394752502,
                    -0.918338418006897
                ],
                [
                    -0.6972174048423767,
                    -0.6775133609771729,
                    0.23422977328300476,
                    0.944210410118103
                ],
                [
                    1.4901159417490817e-08,
                    0.3267441689968109,
                    0.9451128244400024,
                    3.8098716735839844
                ],
                [
                    0.0,
                    0.0,
                    0.0,
                    1.0
                ]
            ]
        },
        {
            "file_path": "/data/shapenet_blender/all_50_random/02958343/cc8b44ddf6ec80fffd8e7b05498794b9/r_22",
            "rotation": 0.12566370614359174,
            "transform_matrix": [
                [
                    0.7975735068321228,
                    0.11055955290794373,
                    0.593003511428833,
                    2.3904736042022705
                ],
                [
                    0.6032218933105469,
                    -0.1461806446313858,
                    -0.7840628623962402,
                    -3.160658597946167
                ],
                [
                    -7.450581485102248e-09,
                    0.9830604195594788,
                    -0.18328173458576202,
                    -0.7388322949409485
                ],
                [
                    0.0,
                    0.0,
                    0.0,
                    1.0
                ]
            ]
        },
        {
            "file_path": "/data/shapenet_blender/all_50_random/02958343/cc8b44ddf6ec80fffd8e7b05498794b9/r_23",
            "rotation": 0.12566370614359174,
            "transform_matrix": [
                [
                    -0.6763967871665955,
                    -0.04830072820186615,
                    -0.7349519729614258,
                    -2.9626858234405518
                ],
                [
                    -0.7365373373031616,
                    0.044356826692819595,
                    0.6749408841133118,
                    2.720773458480835
                ],
                [
                    0.0,
                    0.9978473782539368,
                    -0.06557811796665192,
                    -0.26435381174087524
                ],
                [
                    0.0,
                    0.0,
                    0.0,
                    1.0
                ]
            ]
        },
        {
            "file_path": "/data/shapenet_blender/all_50_random/02958343/cc8b44ddf6ec80fffd8e7b05498794b9/r_24",
            "rotation": 0.12566370614359174,
            "transform_matrix": [
                [
                    -0.16041052341461182,
                    0.1193109080195427,
                    0.9798128604888916,
                    3.94975209236145
                ],
                [
                    0.9870503544807434,
                    0.019389817491173744,
                    0.15923433005809784,
                    0.6418941020965576
                ],
                [
                    0.0,
                    0.992667555809021,
                    -0.12087620794773102,
                    -0.4872675836086273
                ],
                [
                    0.0,
                    0.0,
                    0.0,
                    1.0
                ]
            ]
        },
        {
            "file_path": "/data/shapenet_blender/all_50_random/02958343/cc8b44ddf6ec80fffd8e7b05498794b9/r_25",
            "rotation": 0.12566370614359174,
            "transform_matrix": [
                [
                    -0.07850870490074158,
                    0.43721768260002136,
                    0.8959224224090576,
                    3.611578941345215
                ],
                [
                    0.9969133734703064,
                    0.03443167358636856,
                    0.07055548578500748,
                    0.2844182848930359
                ],
                [
                    0.0,
                    0.8986963629722595,
                    -0.43857133388519287,
                    -1.7679376602172852
                ],
                [
                    0.0,
                    0.0,
                    0.0,
                    1.0
                ]
            ]
        },
        {
            "file_path": "/data/shapenet_blender/all_50_random/02958343/cc8b44ddf6ec80fffd8e7b05498794b9/r_26",
            "rotation": 0.12566370614359174,
            "transform_matrix": [
                [
                    -0.14113374054431915,
                    -0.22087126970291138,
                    -0.9650373458862305,
                    -3.8901898860931396
                ],
                [
                    -0.9899904727935791,
                    0.03148756921291351,
                    0.1375764161348343,
                    0.554588258266449
                ],
                [
                    1.8626450382086546e-09,
                    0.9747944474220276,
                    -0.22310444712638855,
                    -0.8993628025054932
                ],
                [
                    0.0,
                    0.0,
                    0.0,
                    1.0
                ]
            ]
        },
        {
            "file_path": "/data/shapenet_blender/all_50_random/02958343/cc8b44ddf6ec80fffd8e7b05498794b9/r_27",
            "rotation": 0.12566370614359174,
            "transform_matrix": [
                [
                    -0.9609755277633667,
                    0.21458345651626587,
                    -0.1745855212211609,
                    -0.7037768363952637
                ],
                [
                    -0.27663367986679077,
                    -0.7454242706298828,
                    0.6064786314964294,
                    2.444793701171875
                ],
                [
                    0.0,
                    0.6311072111129761,
                    0.7756954431533813,
                    3.1269285678863525
                ],
                [
                    0.0,
                    0.0,
                    0.0,
                    1.0
                ]
            ]
        },
        {
            "file_path": "/data/shapenet_blender/all_50_random/02958343/cc8b44ddf6ec80fffd8e7b05498794b9/r_28",
            "rotation": 0.12566370614359174,
            "transform_matrix": [
                [
                    0.9968175888061523,
                    0.013190606608986855,
                    0.07861778140068054,
                    0.31691840291023254
                ],
                [
                    0.07971667498350143,
                    -0.16494201123714447,
                    -0.9830764532089233,
                    -3.9629080295562744
                ],
                [
                    0.0,
                    0.9862150549888611,
                    -0.16546858847141266,
                    -0.6670252084732056
                ],
                [
                    0.0,
                    0.0,
                    0.0,
                    1.0
                ]
            ]
        },
        {
            "file_path": "/data/shapenet_blender/all_50_random/02958343/cc8b44ddf6ec80fffd8e7b05498794b9/r_29",
            "rotation": 0.12566370614359174,
            "transform_matrix": [
                [
                    -0.8803828358650208,
                    0.051815710961818695,
                    0.47142452001571655,
                    1.9003732204437256
                ],
                [
                    0.47426363825798035,
                    0.09618629515171051,
                    0.8751125335693359,
                    3.5276918411254883
                ],
                [
                    0.0,
                    0.9940137267112732,
                    -0.10925506800413132,
                    -0.44042131304740906
                ],
                [
                    0.0,
                    0.0,
                    0.0,
                    1.0
                ]
            ]
        },
        {
            "file_path": "/data/shapenet_blender/all_50_random/02958343/cc8b44ddf6ec80fffd8e7b05498794b9/r_30",
            "rotation": 0.12566370614359174,
            "transform_matrix": [
                [
                    0.28256380558013916,
                    0.2824341654777527,
                    -0.9167271256446838,
                    -3.6954452991485596
                ],
                [
                    -0.9592486023902893,
                    0.08319602161645889,
                    -0.27003833651542664,
                    -1.0885593891143799
                ],
                [
                    -7.450581485102248e-09,
                    0.9556722044944763,
                    0.29443269968032837,
                    1.1868962049484253
                ],
                [
                    0.0,
                    0.0,
                    0.0,
                    1.0
                ]
            ]
        },
        {
            "file_path": "/data/shapenet_blender/all_50_random/02958343/cc8b44ddf6ec80fffd8e7b05498794b9/r_31",
            "rotation": 0.12566370614359174,
            "transform_matrix": [
                [
                    -0.7955042123794556,
                    0.20424647629261017,
                    0.5704878568649292,
                    2.299710273742676
                ],
                [
                    0.6059480905532837,
                    0.26814004778862,
                    0.7489511370658875,
                    3.0191187858581543
                ],
                [
                    -1.4901161193847656e-08,
                    0.9414797425270081,
                    -0.3370693027973175,
                    -1.3587698936462402
                ],
                [
                    0.0,
                    0.0,
                    0.0,
                    1.0
                ]
            ]
        },
        {
            "file_path": "/data/shapenet_blender/all_50_random/02958343/cc8b44ddf6ec80fffd8e7b05498794b9/r_32",
            "rotation": 0.12566370614359174,
            "transform_matrix": [
                [
                    -0.3536205291748047,
                    -0.25289252400398254,
                    0.9005542397499084,
                    3.6302502155303955
                ],
                [
                    0.93538898229599,
                    -0.09560514241456985,
                    0.3404513895511627,
                    1.3724035024642944
                ],
                [
                    0.0,
                    0.9627591371536255,
                    0.2703608274459839,
                    1.0898593664169312
                ],
                [
                    0.0,
                    0.0,
                    0.0,
                    1.0
                ]
            ]
        },
        {
            "file_path": "/data/shapenet_blender/all_50_random/02958343/cc8b44ddf6ec80fffd8e7b05498794b9/r_33",
            "rotation": 0.12566370614359174,
            "transform_matrix": [
                [
                    0.6910752654075623,
                    -0.5874841809272766,
                    0.42104312777519226,
                    1.6972790956497192
                ],
                [
                    0.7227828502655029,
                    0.5617119669914246,
                    -0.40257248282432556,
                    -1.622821569442749
                ],
                [
                    0.0,
                    0.5825306177139282,
                    0.8128087520599365,
                    3.2765369415283203
                ],
                [
                    0.0,
                    0.0,
                    0.0,
                    1.0
                ]
            ]
        },
        {
            "file_path": "/data/shapenet_blender/all_50_random/02958343/cc8b44ddf6ec80fffd8e7b05498794b9/r_34",
            "rotation": 0.12566370614359174,
            "transform_matrix": [
                [
                    -0.8651641607284546,
                    0.42980584502220154,
                    -0.2583753764629364,
                    -1.0415444374084473
                ],
                [
                    -0.5014886260032654,
                    -0.7414975166320801,
                    0.4457470774650574,
                    1.7968637943267822
                ],
                [
                    -1.4901160305669237e-08,
                    0.5152167677879333,
                    0.857059895992279,
                    3.45491886138916
                ],
                [
                    0.0,
                    0.0,
                    0.0,
                    1.0
                ]
            ]
        },
        {
            "file_path": "/data/shapenet_blender/all_50_random/02958343/cc8b44ddf6ec80fffd8e7b05498794b9/r_35",
            "rotation": 0.12566370614359174,
            "transform_matrix": [
                [
                    0.8231083750724792,
                    0.3364552855491638,
                    -0.45748254656791687,
                    -1.844171404838562
                ],
                [
                    -0.5678842067718506,
                    0.48766836524009705,
                    -0.6630889177322388,
                    -2.672997236251831
                ],
                [
                    0.0,
                    0.8055912852287292,
                    0.5924715399742126,
                    2.38832950592041
                ],
                [
                    0.0,
                    0.0,
                    0.0,
                    1.0
                ]
            ]
        },
        {
            "file_path": "/data/shapenet_blender/all_50_random/02958343/cc8b44ddf6ec80fffd8e7b05498794b9/r_36",
            "rotation": 0.12566370614359174,
            "transform_matrix": [
                [
                    0.609085202217102,
                    -0.43722090125083923,
                    0.6617047190666199,
                    2.667417049407959
                ],
                [
                    0.7931048274040222,
                    0.3357750177383423,
                    -0.5081731081008911,
                    -2.048511266708374
                ],
                [
                    -1.4901161193847656e-08,
                    0.8343218564987183,
                    0.5512775778770447,
                    2.222270965576172
                ],
                [
                    0.0,
                    0.0,
                    0.0,
                    1.0
                ]
            ]
        },
        {
            "file_path": "/data/shapenet_blender/all_50_random/02958343/cc8b44ddf6ec80fffd8e7b05498794b9/r_37",
            "rotation": 0.12566370614359174,
            "transform_matrix": [
                [
                    -0.8813788294792175,
                    0.30690741539001465,
                    0.359136700630188,
                    1.4477264881134033
                ],
                [
                    0.4724101424217224,
                    0.5725992321968079,
                    0.6700437664985657,
                    2.701033115386963
                ],
                [
                    0.0,
                    0.7602221369743347,
                    -0.649662971496582,
                    -2.618875503540039
                ],
                [
                    0.0,
                    0.0,
                    0.0,
                    1.0
                ]
            ]
        },
        {
            "file_path": "/data/shapenet_blender/all_50_random/02958343/cc8b44ddf6ec80fffd8e7b05498794b9/r_38",
            "rotation": 0.12566370614359174,
            "transform_matrix": [
                [
                    -0.5859910845756531,
                    -0.3754112720489502,
                    -0.718109130859375,
                    -2.8947906494140625
                ],
                [
                    -0.8103175163269043,
                    0.27148330211639404,
                    0.5193094611167908,
                    2.0934035778045654
                ],
                [
                    0.0,
                    0.8862071633338928,
                    -0.4632891118526459,
                    -1.8675782680511475
                ],
                [
                    0.0,
                    0.0,
                    0.0,
                    1.0
                ]
            ]
        },
        {
            "file_path": "/data/shapenet_blender/all_50_random/02958343/cc8b44ddf6ec80fffd8e7b05498794b9/r_39",
            "rotation": 0.12566370614359174,
            "transform_matrix": [
                [
                    -0.9476854205131531,
                    -0.23842817544937134,
                    -0.21223674714565277,
                    -0.8555537462234497
                ],
                [
                    -0.31920596957206726,
                    0.7078654766082764,
                    0.6301062107086182,
                    2.540039539337158
                ],
                [
                    -1.4901162970204496e-08,
                    0.6648896336555481,
                    -0.7469414472579956,
                    -3.0110175609588623
                ],
                [
                    0.0,
                    0.0,
                    0.0,
                    1.0
                ]
            ]
        },
        {
            "file_path": "/data/shapenet_blender/all_50_random/02958343/cc8b44ddf6ec80fffd8e7b05498794b9/r_40",
            "rotation": 0.12566370614359174,
            "transform_matrix": [
                [
                    0.9886770844459534,
                    0.10520417243242264,
                    0.10700281709432602,
                    0.43134215474128723
                ],
                [
                    0.15005837380886078,
                    -0.6931499242782593,
                    -0.7050005197525024,
                    -2.8419480323791504
                ],
                [
                    0.0,
                    0.7130745053291321,
                    -0.7010881900787354,
                    -2.826176881790161
                ],
                [
                    0.0,
                    0.0,
                    0.0,
                    1.0
                ]
            ]
        },
        {
            "file_path": "/data/shapenet_blender/all_50_random/02958343/cc8b44ddf6ec80fffd8e7b05498794b9/r_41",
            "rotation": 0.12566370614359174,
            "transform_matrix": [
                [
                    0.33375319838523865,
                    0.2455199509859085,
                    0.9101256728172302,
                    3.6688339710235596
                ],
                [
                    0.9426605701446533,
                    -0.08692744374275208,
                    -0.3222340941429138,
                    -1.2989671230316162
                ],
                [
                    0.0,
                    0.9654860496520996,
