{
    "class": "02958343",
    "model": "e9bdc6c0a9e4675bbecf71e2e014ff6f",
    "remove_doubles": true,
    "edge_split": true,
    "denoise": true,
    "camera_angle_x": 0.6911112070083618,
    "scale_factor": 2.474607428284397,
    "hdri_file": "/data/IndoorHDRDataset2018/9C4A9102-2b2c2e1fc1.exr",
    "center_offset": [
        0.0,
        -3.259629011154175e-09,
        7.450580596923828e-09
    ],
    "lights": [],
    "frames": [
        {
            "file_path": "/data/shapenet_blender/all_50_random/02958343/e9bdc6c0a9e4675bbecf71e2e014ff6f/r_0",
            "rotation": 0.12566370614359174,
            "transform_matrix": [
                [
                    -0.9819672107696533,
                    0.030569128692150116,
                    -0.1865634322166443,
                    -0.7520612478256226
                ],
                [
                    -0.1890512853860855,
                    -0.15878169238567352,
                    0.9690448641777039,
                    3.9063448905944824
                ],
                [
                    -1.862645149230957e-09,
                    0.9868404269218445,
                    0.16169752180576324,
                    0.6518235802650452
                ],
                [
                    0.0,
                    0.0,
                    0.0,
                    1.0
                ]
            ]
        },
        {
            "file_path": "/data/shapenet_blender/all_50_random/02958343/e9bdc6c0a9e4675bbecf71e2e014ff6f/r_1",
            "rotation": 0.12566370614359174,
            "transform_matrix": [
                [
                    -0.8232526183128357,
                    0.1975758969783783,
                    -0.5321832299232483,
                    -2.145299196243286
                ],
                [
                    -0.5676752924919128,
                    -0.28652799129486084,
                    0.7717813849449158,
                    3.1111502647399902
                ],
                [
                    1.4901161193847656e-08,
                    0.9374781847000122,
                    0.34804388880729675,
                    1.4030097723007202
                ],
                [
                    0.0,
                    0.0,
                    0.0,
                    1.0
                ]
            ]
        },
        {
            "file_path": "/data/shapenet_blender/all_50_random/02958343/e9bdc6c0a9e4675bbecf71e2e014ff6f/r_2",
            "rotation": 0.12566370614359174,
            "transform_matrix": [
                [
                    -0.4925116002559662,
                    -0.4319472908973694,
                    -0.7555487751960754,
                    -3.0457141399383545
                ],
                [
                    -0.8703058958053589,
                    0.2444417029619217,
                    0.42756983637809753,
                    1.7235889434814453
                ],
                [
                    0.0,
                    0.8681415319442749,
                    -0.49631667137145996,
                    -2.000716209411621
                ],
                [
                    0.0,
                    0.0,
                    0.0,
                    1.0
                ]
            ]
        },
        {
            "file_path": "/data/shapenet_blender/all_50_random/02958343/e9bdc6c0a9e4675bbecf71e2e014ff6f/r_3",
            "rotation": 0.12566370614359174,
            "transform_matrix": [
                [
                    -0.8009602427482605,
                    -0.19639305770397186,
                    0.5655903220176697,
                    2.2799675464630127
                ],
                [
                    0.5987175107002258,
                    -0.2627332806587219,
                    0.7566428780555725,
                    3.0501251220703125
                ],
                [
                    0.0,
                    0.9446697235107422,
                    0.32802289724349976,
                    1.3223025798797607
                ],
                [
                    0.0,
                    0.0,
                    0.0,
                    1.0
                ]
            ]
        },
        {
            "file_path": "/data/shapenet_blender/all_50_random/02958343/e9bdc6c0a9e4675bbecf71e2e014ff6f/r_4",
            "rotation": 0.12566370614359174,
            "transform_matrix": [
                [
                    0.9068382382392883,
                    -0.12186063826084137,
                    -0.4034777879714966,
                    -1.6264710426330566
                ],
                [
                    -0.4214787781238556,
                    -0.2621908485889435,
                    -0.8681079745292664,
                    -3.499455213546753
                ],
                [
                    7.450580596923828e-09,
                    0.9572909474372864,
                    -0.28912636637687683,
                    -1.1655056476593018
                ],
                [
                    0.0,
                    0.0,
                    0.0,
                    1.0
                ]
            ]
        },
        {
            "file_path": "/data/shapenet_blender/all_50_random/02958343/e9bdc6c0a9e4675bbecf71e2e014ff6f/r_5",
            "rotation": 0.12566370614359174,
            "transform_matrix": [
                [
                    -0.9742301106452942,
                    -0.03696645796298981,
                    -0.22250641882419586,
                    -0.8969521522521973
                ],
                [
                    -0.22555628418922424,
                    0.1596667319536209,
                    0.9610570669174194,
                    3.874145269393921
                ],
                [
                    -3.725290298461914e-09,
                    0.9864786267280579,
                    -0.16389013826847076,
                    -0.6606623530387878
                ],
                [
                    0.0,
                    0.0,
                    0.0,
                    1.0
                ]
            ]
        },
        {
            "file_path": "/data/shapenet_blender/all_50_random/02958343/e9bdc6c0a9e4675bbecf71e2e014ff6f/r_6",
            "rotation": 0.12566370614359174,
            "transform_matrix": [
                [
                    0.9998761415481567,
                    0.01570575125515461,
                    0.0010166589636355639,
                    0.004098283592611551
                ],
                [
                    0.015738623216748238,
                    -0.9977878332138062,
                    -0.06458843499422073,
                    -0.2603643238544464
                ],
                [
                    0.0,
                    0.06459616869688034,
                    -0.9979114532470703,
                    -4.022709846496582
                ],
                [
                    0.0,
                    0.0,
                    0.0,
                    1.0
                ]
            ]
        },
        {
            "file_path": "/data/shapenet_blender/all_50_random/02958343/e9bdc6c0a9e4675bbecf71e2e014ff6f/r_7",
            "rotation": 0.12566370614359174,
            "transform_matrix": [
                [
                    0.5231884121894836,
                    -0.0004347751091700047,
                    -0.8522168397903442,
                    -3.435396194458008
                ],
                [
                    -0.8522169589996338,
                    -0.0002669147797860205,
                    -0.5231883525848389,
                    -2.1090400218963623
                ],
                [
                    1.4551914361005114e-11,
                    0.9999998807907104,
                    -0.0005101694259792566,
                    -0.002056559082120657
                ],
                [
                    0.0,
                    0.0,
                    0.0,
                    1.0
                ]
            ]
        },
        {
            "file_path": "/data/shapenet_blender/all_50_random/02958343/e9bdc6c0a9e4675bbecf71e2e014ff6f/r_8",
            "rotation": 0.12566370614359174,
            "transform_matrix": [
                [
                    0.2334764003753662,
                    -0.16111606359481812,
                    -0.9589213728904724,
                    -3.8655359745025635
                ],
                [
                    -0.9723623991012573,
                    -0.03868598863482475,
                    -0.2302490472793579,
                    -0.9281636476516724
                ],
                [
                    -3.725290076417309e-09,
                    0.9861769080162048,
                    -0.16569547355175018,
                    -0.6679399013519287
                ],
                [
                    0.0,
                    0.0,
                    0.0,
                    1.0
                ]
            ]
        },
        {
            "file_path": "/data/shapenet_blender/all_50_random/02958343/e9bdc6c0a9e4675bbecf71e2e014ff6f/r_9",
            "rotation": 0.12566370614359174,
            "transform_matrix": [
                [
                    -0.9044409394264221,
                    0.011565701104700565,
                    -0.4264422059059143,
                    -1.7190436124801636
                ],
                [
                    -0.42659908533096313,
                    -0.024520667269825935,
                    0.9041083455085754,
                    3.6445775032043457
                ],
                [
                    0.0,
                    0.9996324181556702,
                    0.02711140736937523,
                    0.10928958654403687
                ],
                [
                    0.0,
                    0.0,
                    0.0,
                    1.0
                ]
            ]
        },
        {
            "file_path": "/data/shapenet_blender/all_50_random/02958343/e9bdc6c0a9e4675bbecf71e2e014ff6f/r_10",
            "rotation": 0.12566370614359174,
            "transform_matrix": [
                [
                    0.8096858263015747,
                    0.3005753755569458,
                    0.5040467381477356,
                    2.0318775177001953
                ],
                [
                    0.5868633985519409,
                    -0.4146989583969116,
                    -0.6954250335693359,
                    -2.8033483028411865
                ],
                [
                    1.4901160305669237e-08,
                    0.8588824272155762,
                    -0.5121725797653198,
                    -2.064633846282959
                ],
                [
                    0.0,
                    0.0,
                    0.0,
                    1.0
                ]
            ]
        },
        {
            "file_path": "/data/shapenet_blender/all_50_random/02958343/e9bdc6c0a9e4675bbecf71e2e014ff6f/r_11",
            "rotation": 0.12566370614359174,
            "transform_matrix": [
                [
                    0.6137734651565552,
                    0.6002088189125061,
                    0.5128660202026367,
                    2.0674290657043457
                ],
                [
                    0.7894822359085083,
                    -0.4666251242160797,
                    -0.39872151613235474,
                    -1.6072978973388672
                ],
                [
                    0.0,
                    0.6496232151985168,
                    -0.760256290435791,
                    -3.0646910667419434
                ],
                [
                    0.0,
                    0.0,
                    0.0,
                    1.0
                ]
            ]
        },
        {
            "file_path": "/data/shapenet_blender/all_50_random/02958343/e9bdc6c0a9e4675bbecf71e2e014ff6f/r_12",
            "rotation": 0.12566370614359174,
            "transform_matrix": [
                [
                    -0.9591424465179443,
                    -0.029330402612686157,
                    -0.2813991904258728,
                    -1.1343562602996826
                ],
                [
                    -0.2829235792160034,
                    0.09943333268165588,
                    0.9539745450019836,
                    3.8455939292907715
                ],
                [
                    1.8626449271863521e-09,
                    0.9946117997169495,
                    -0.10366901010274887,
                    -0.4179030954837799
                ],
                [
                    0.0,
                    0.0,
                    0.0,
                    1.0
                ]
            ]
        },
        {
            "file_path": "/data/shapenet_blender/all_50_random/02958343/e9bdc6c0a9e4675bbecf71e2e014ff6f/r_13",
            "rotation": 0.12566370614359174,
            "transform_matrix": [
                [
                    0.8746697306632996,
                    -0.2653985619544983,
                    0.40560638904571533,
                    1.6350516080856323
                ],
                [
                    0.4847194254398346,
                    0.47890812158584595,
                    -0.731911301612854,
                    -2.9504287242889404
                ],
                [
                    1.4901161193847656e-08,
                    0.8367858529090881,
                    0.5475302338600159,
                    2.207165002822876
                ],
                [
                    0.0,
                    0.0,
                    0.0,
                    1.0
                ]
            ]
        },
        {
            "file_path": "/data/shapenet_blender/all_50_random/02958343/e9bdc6c0a9e4675bbecf71e2e014ff6f/r_14",
            "rotation": 0.12566370614359174,
            "transform_matrix": [
                [
                    -0.7670680284500122,
                    -0.023837849497795105,
                    -0.6411226391792297,
                    -2.5844483375549316
                ],
                [
                    -0.6415656805038452,
                    0.028500983491539955,
                    0.7665383219718933,
                    3.090015172958374
                ],
                [
                    0.0,
                    0.9993095397949219,
                    -0.03715573623776436,
                    -0.1497795730829239
                ],
                [
                    0.0,
                    0.0,
                    0.0,
                    1.0
                ]
            ]
        },
        {
            "file_path": "/data/shapenet_blender/all_50_random/02958343/e9bdc6c0a9e4675bbecf71e2e014ff6f/r_15",
            "rotation": 0.12566370614359174,
            "transform_matrix": [
                [
                    -0.4808167815208435,
                    0.19207866489887238,
                    0.8555238246917725,
                    3.4487268924713135
                ],
                [
                    0.8768211603164673,
                    0.10532894730567932,
                    0.46913811564445496,
                    1.8911561965942383
                ],
                [
                    -7.450580596923828e-09,
                    0.9757108688354492,
                    -0.21906253695487976,
                    -0.8830693364143372
                ],
                [
                    0.0,
                    0.0,
                    0.0,
                    1.0
                ]
            ]
        },
        {
            "file_path": "/data/shapenet_blender/all_50_random/02958343/e9bdc6c0a9e4675bbecf71e2e014ff6f/r_16",
            "rotation": 0.12566370614359174,
            "transform_matrix": [
                [
                    -0.033389996737241745,
                    0.31677478551864624,
                    -0.9479128122329712,
                    -3.8211591243743896
                ],
                [
                    -0.9994423985481262,
                    -0.010583010502159595,
                    0.031668465584516525,
                    0.12765967845916748
                ],
                [
                    9.313225191043273e-10,
                    0.9484418034553528,
                    0.3169514238834381,
                    1.2776721715927124
                ],
                [
                    0.0,
                    0.0,
                    0.0,
                    1.0
                ]
            ]
        },
        {
            "file_path": "/data/shapenet_blender/all_50_random/02958343/e9bdc6c0a9e4675bbecf71e2e014ff6f/r_17",
            "rotation": 0.12566370614359174,
            "transform_matrix": [
                [
                    -0.9863405823707581,
                    0.013457695953547955,
                    0.1641683727502823,
                    0.6617839336395264
                ],
                [
                    0.16471907496452332,
                    0.08058491349220276,
                    0.9830430150032043,
                    3.962773323059082
                ],
                [
                    0.0,
                    0.9966568350791931,
                    -0.081700898706913,
                    -0.3293468952178955
                ],
                [
                    0.0,
                    0.0,
                    0.0,
                    1.0
                ]
            ]
        },
        {
            "file_path": "/data/shapenet_blender/all_50_random/02958343/e9bdc6c0a9e4675bbecf71e2e014ff6f/r_18",
            "rotation": 0.12566370614359174,
            "transform_matrix": [
                [
                    -0.8120035529136658,
                    -0.12084487080574036,
                    -0.5710050463676453,
                    -2.301795244216919
                ],
                [
                    -0.5836525559425354,
                    0.16812476515769958,
                    0.7944076657295227,
                    3.202360153198242
                ],
                [
                    -7.450581485102248e-09,
                    0.9783304333686829,
                    -0.20704929530620575,
                    -0.8346425294876099
                ],
                [
                    0.0,
                    0.0,
                    0.0,
                    1.0
                ]
            ]
        },
        {
            "file_path": "/data/shapenet_blender/all_50_random/02958343/e9bdc6c0a9e4675bbecf71e2e014ff6f/r_19",
            "rotation": 0.12566370614359174,
            "transform_matrix": [
                [
                    -0.2626519501209259,
                    -0.4765545427799225,
                    -0.8389933109283447,
                    -3.3820903301239014
                ],
                [
                    -0.9648905992507935,
                    0.129722461104393,
                    0.22838157415390015,
                    0.9206355810165405
                ],
                [
                    0.0,
                    0.8695216774940491,
                    -0.4938948154449463,
                    -1.9909536838531494
                ],
                [
                    0.0,
                    0.0,
                    0.0,
                    1.0
                ]
            ]
        },
        {
            "file_path": "/data/shapenet_blender/all_50_random/02958343/e9bdc6c0a9e4675bbecf71e2e014ff6f/r_20",
            "rotation": 0.12566370614359174,
            "transform_matrix": [
                [
                    0.5474033951759338,
                    0.013952543027698994,
                    -0.8367525339126587,
                    -3.3730576038360596
                ],
                [
                    -0.8368688225746155,
                    0.009126483462750912,
                    -0.5473272800445557,
                    -2.2063469886779785
                ],
                [
                    4.6566123179658803e-10,
                    0.9998610019683838,
                    0.016672316938638687,
                    0.06720826774835587
                ],
                [
                    0.0,
                    0.0,
                    0.0,
                    1.0
                ]
            ]
        },
        {
            "file_path": "/data/shapenet_blender/all_50_random/02958343/e9bdc6c0a9e4675bbecf71e2e014ff6f/r_21",
            "rotation": 0.12566370614359174,
            "transform_matrix": [
                [
                    -0.9431427717208862,
                    0.08933938294649124,
                    -0.32015660405158997,
                    -1.2905925512313843
                ],
                [
                    -0.3323880136013031,
                    -0.2534983158111572,
                    0.9084364771842957,
                    3.66202449798584
                ],
                [
                    -7.450580596923828e-09,
                    0.9632015228271484,
                    0.2687804102897644,
                    1.0834884643554688
                ],
                [
                    0.0,
                    0.0,
                    0.0,
                    1.0
                ]
            ]
        },
        {
            "file_path": "/data/shapenet_blender/all_50_random/02958343/e9bdc6c0a9e4675bbecf71e2e014ff6f/r_22",
            "rotation": 0.12566370614359174,
            "transform_matrix": [
                [
                    0.587059497833252,
                    0.10439705848693848,
                    0.802784264087677,
                    3.23612642288208
                ],
                [
                    0.8095438480377197,
                    -0.07570594549179077,
                    -0.5821576118469238,
                    -2.346752166748047
                ],
                [
                    0.0,
                    0.9916500449180603,
                    -0.12895791232585907,
                    -0.5198459029197693
                ],
                [
                    0.0,
                    0.0,
                    0.0,
                    1.0
                ]
            ]
        },
        {
            "file_path": "/data/shapenet_blender/all_50_random/02958343/e9bdc6c0a9e4675bbecf71e2e014ff6f/r_23",
            "rotation": 0.12566370614359174,
            "transform_matrix": [
                [
                    -0.9465885162353516,
                    -0.07337765395641327,
                    -0.31398406624794006,
                    -1.2657102346420288
                ],
                [
                    -0.32244423031806946,
                    0.21541225910186768,
                    0.9217523336410522,
                    3.715702533721924
                ],
                [
                    0.0,
                    0.9737624526023865,
                    -0.22756695747375488,
                    -0.9173517227172852
                ],
                [
                    0.0,
                    0.0,
                    0.0,
                    1.0
                ]
            ]
        },
        {
            "file_path": "/data/shapenet_blender/all_50_random/02958343/e9bdc6c0a9e4675bbecf71e2e014ff6f/r_24",
            "rotation": 0.12566370614359174,
            "transform_matrix": [
                [
                    0.5638267993927002,
                    -0.19863131642341614,
                    -0.8016513586044312,
                    -3.231559991836548
                ],
                [
                    -0.8258930444717407,
                    -0.13560311496257782,
                    -0.5472773313522339,
                    -2.2061455249786377
                ],
                [
                    -7.450580596923828e-09,
                    0.970647931098938,
                    -0.2405048906803131,
                    -0.9695062041282654
                ],
                [
                    0.0,
                    0.0,
                    0.0,
                    1.0
                ]
            ]
        },
        {
            "file_path": "/data/shapenet_blender/all_50_random/02958343/e9bdc6c0a9e4675bbecf71e2e014ff6f/r_25",
            "rotation": 0.12566370614359174,
            "transform_matrix": [
                [
                    0.4587349593639374,
                    -0.429521381855011,
                    -0.7778646945953369,
                    -3.1356730461120605
                ],
                [
                    -0.8885732293128967,
                    -0.22174477577209473,
                    -0.4015805721282959,
                    -1.6188231706619263
                ],
                [
                    1.4901162970204496e-08,
                    0.8754087090492249,
                    -0.48338326811790466,
                    -1.9485803842544556
                ],
                [
                    0.0,
                    0.0,
                    0.0,
                    1.0
                ]
            ]
        },
        {
            "file_path": "/data/shapenet_blender/all_50_random/02958343/e9bdc6c0a9e4675bbecf71e2e014ff6f/r_26",
            "rotation": 0.12566370614359174,
            "transform_matrix": [
                [
                    0.759428858757019,
                    -0.25343552231788635,
                    -0.5991979241371155,
                    -2.4154441356658936
                ],
                [
                    -0.6505902409553528,
                    -0.2958332896232605,
                    -0.6994389891624451,
                    -2.819528818130493
                ],
                [
                    -1.4901160305669237e-08,
                    0.9210066199302673,
                    -0.3895469903945923,
                    -1.5703141689300537
                ],
                [
                    0.0,
                    0.0,
                    0.0,
                    1.0
                ]
            ]
        },
        {
            "file_path": "/data/shapenet_blender/all_50_random/02958343/e9bdc6c0a9e4675bbecf71e2e014ff6f/r_27",
            "rotation": 0.12566370614359174,
            "transform_matrix": [
                [
                    0.1772497594356537,
                    -0.037488680332899094,
                    0.9834516048431396,
                    3.9644203186035156
                ],
                [
                    0.9841659665107727,
                    0.006751767825335264,
                    -0.177121102809906,
                    -0.713998019695282
                ],
                [
                    -4.656613428188905e-10,
                    0.9992742538452148,
                    0.03809182718396187,
                    0.1535530686378479
                ],
                [
                    0.0,
                    0.0,
                    0.0,
                    1.0
                ]
            ]
        },
        {
            "file_path": "/data/shapenet_blender/all_50_random/02958343/e9bdc6c0a9e4675bbecf71e2e014ff6f/r_28",
            "rotation": 0.12566370614359174,
            "transform_matrix": [
                [
                    0.982865035533905,
                    0.05039547383785248,
                    -0.1773037314414978,
                    -0.7147341966629028
                ],
                [
                    -0.1843266636133194,
                    0.26871833205223083,
                    -0.9454174041748047,
                    -3.8110995292663574
                ],
                [
                    7.450581485102248e-09,
                    0.9618995189666748,
                    0.2734030485153198,
                    1.1021229028701782
                ],
                [
                    0.0,
                    0.0,
                    0.0,
                    1.0
                ]
            ]
        },
        {
            "file_path": "/data/shapenet_blender/all_50_random/02958343/e9bdc6c0a9e4675bbecf71e2e014ff6f/r_29",
            "rotation": 0.12566370614359174,
            "transform_matrix": [
                [
                    -0.9263331294059753,
                    0.20668204128742218,
                    -0.31494376063346863,
                    -1.2695789337158203
                ],
                [
                    -0.3767055571079254,
                    -0.5082389116287231,
                    0.7744585871696472,
                    3.1219425201416016
                ],
                [
                    0.0,
                    0.8360476493835449,
                    0.5486567616462708,
                    2.2117061614990234
                ],
                [
                    0.0,
                    0.0,
                    0.0,
                    1.0
                ]
            ]
        },
        {
            "file_path": "/data/shapenet_blender/all_50_random/02958343/e9bdc6c0a9e4675bbecf71e2e014ff6f/r_30",
            "rotation": 0.12566370614359174,
            "transform_matrix": [
                [
                    0.7632558941841125,
                    0.39332178235054016,
                    0.512580156326294,
                    2.066276788711548
                ],
                [
                    0.6460962891578674,
                    -0.46464458107948303,
                    -0.6055286526679993,
                    -2.4409639835357666
                ],
                [
                    -1.4901161193847656e-08,
                    0.7933493852615356,
                    -0.6087664365768433,
                    -2.4540159702301025
                ],
                [
                    0.0,
                    0.0,
                    0.0,
                    1.0
                ]
            ]
        },
        {
            "file_path": "/data/shapenet_blender/all_50_random/02958343/e9bdc6c0a9e4675bbecf71e2e014ff6f/r_31",
            "rotation": 0.12566370614359174,
            "transform_matrix": [
                [
                    -0.17202074825763702,
                    -0.8888089656829834,
                    0.42476770281791687,
                    1.7122933864593506
                ],
                [
                    0.9850934147834778,
                    -0.15520720183849335,
                    0.07417455315589905,
                    0.2990071773529053
                ],
                [
                    0.0,
                    0.4311954081058502,
                    0.9022585153579712,
                    3.637120485305786
                ],
                [
                    0.0,
                    0.0,
                    0.0,
                    1.0
                ]
            ]
        },
        {
            "file_path": "/data/shapenet_blender/all_50_random/02958343/e9bdc6c0a9e4675bbecf71e2e014ff6f/r_32",
            "rotation": 0.12566370614359174,
            "transform_matrix": [
                [
                    -0.7057628035545349,
                    0.26893818378448486,
                    -0.65541672706604,
                    -2.6420693397521973
                ],
                [
                    -0.7084482312202454,
                    -0.26791876554489136,
                    0.652932345867157,
                    2.632054567337036
                ],
                [
                    0.0,
                    0.9251442551612854,
                    0.379615843296051,
                    1.5302804708480835
                ],
                [
                    0.0,
                    0.0,
                    0.0,
                    1.0
                ]
            ]
        },
        {
            "file_path": "/data/shapenet_blender/all_50_random/02958343/e9bdc6c0a9e4675bbecf71e2e014ff6f/r_33",
            "rotation": 0.12566370614359174,
            "transform_matrix": [
                [
                    -0.3477875292301178,
                    0.740445077419281,
                    0.5751389861106873,
                    2.3184595108032227
                ],
                [
                    0.9375733733177185,
                    0.27466389536857605,
                    0.213344544172287,
                    0.8600193858146667
                ],
                [
                    0.0,
                    0.6134335994720459,
                    -0.7897462248802185,
                    -3.1835689544677734
                ],
                [
                    0.0,
                    0.0,
                    0.0,
                    1.0
                ]
            ]
        },
        {
            "file_path": "/data/shapenet_blender/all_50_random/02958343/e9bdc6c0a9e4675bbecf71e2e014ff6f/r_34",
            "rotation": 0.12566370614359174,
            "transform_matrix": [
                [
                    -0.6881422400474548,
                    -0.06122012063860893,
                    -0.7229884266853333,
                    -2.914459705352783
                ],
                [
                    -0.7255758047103882,
                    0.05806167796254158,
                    0.685688316822052,
                    2.7640981674194336
                ],
                [
                    0.0,
                    0.9964341521263123,
                    -0.08437452465295792,
                    -0.34012460708618164
                ],
                [
                    0.0,
                    0.0,
                    0.0,
                    1.0
                ]
            ]
        },
        {
            "file_path": "/data/shapenet_blender/all_50_random/02958343/e9bdc6c0a9e4675bbecf71e2e014ff6f/r_35",
            "rotation": 0.12566370614359174,
            "transform_matrix": [
                [
                    -0.9434161186218262,
                    -0.046960003674030304,
                    0.3282696306705475,
                    1.3232972621917725
                ],
                [
                    0.3316115438938141,
                    -0.13359856605529785,
                    0.9339085817337036,
                    3.7647058963775635
                ],
                [
                    3.725290742551124e-09,
                    0.9899222254753113,
                    0.1416115164756775,
                    0.5708543062210083
                ],
                [
                    0.0,
                    0.0,
                    0.0,
                    1.0
                ]
            ]
        },
        {
            "file_path": "/data/shapenet_blender/all_50_random/02958343/e9bdc6c0a9e4675bbecf71e2e014ff6f/r_36",
            "rotation": 0.12566370614359174,
            "transform_matrix": [
                [
                    -0.6781793832778931,
                    0.16799962520599365,
                    -0.7154361009597778,
                    -2.8840153217315674
                ],
                [
                    -0.7348964810371399,
                    -0.1550339162349701,
                    0.6602209210395813,
                    2.661435842514038
                ],
                [
                    7.450581485102248e-09,
                    0.9735196828842163,
                    0.22860313951969147,
                    0.9215288162231445
                ],
                [
                    0.0,
                    0.0,
                    0.0,
                    1.0
                ]
            ]
        },
        {
            "file_path": "/data/shapenet_blender/all_50_random/02958343/e9bdc6c0a9e4675bbecf71e2e014ff6f/r_37",
            "rotation": 0.12566370614359174,
            "transform_matrix": [
                [
                    -0.760246753692627,
                    -0.009970156475901604,
                    0.6495579481124878,
                    2.6184518337249756
                ],
                [
                    0.6496344208717346,
                    -0.011667759157717228,
                    0.7601571679115295,
                    3.064291477203369
                ],
                [
                    -4.656612873077393e-10,
                    0.9998822212219238,
                    0.015347333624958992,
                    0.06186708062887192
                ],
                [
                    0.0,
                    0.0,
                    0.0,
                    1.0
                ]
            ]
        },
        {
            "file_path": "/data/shapenet_blender/all_50_random/02958343/e9bdc6c0a9e4675bbecf71e2e014ff6f/r_38",
            "rotation": 0.12566370614359174,
            "transform_matrix": [
                [
                    0.9786823391914368,
                    -0.03458201885223389,
                    0.20244747400283813,
                    0.8160918951034546
                ],
                [
                    0.20537987351417542,
                    0.1647912561893463,
                    -0.9647087454795837,
                    -3.8888652324676514
                ],
                [
                    3.725290298461914e-09,
                    0.985722005367279,
                    0.1683807671070099,
                    0.6787645816802979
                ],
                [
                    0.0,
                    0.0,
                    0.0,
                    1.0
                ]
            ]
        },
        {
            "file_path": "/data/shapenet_blender/all_50_random/02958343/e9bdc6c0a9e4675bbecf71e2e014ff6f/r_39",
            "rotation": 0.12566370614359174,
            "transform_matrix": [
                [
                    -0.5293197631835938,
                    0.819996178150177,
                    0.21777698397636414,
                    0.8778871297836304
                ],
                [
                    0.8484223484992981,
                    0.5115850567817688,
                    0.13586825132369995,
                    0.547702431678772
                ],
                [
                    -7.450580596923828e-09,
                    0.2566845118999481,
                    -0.966495156288147,
                    -3.896066665649414
                ],
                [
                    0.0,
                    0.0,
                    0.0,
                    1.0
                ]
            ]
        },
        {
            "file_path": "/data/shapenet_blender/all_50_random/02958343/e9bdc6c0a9e4675bbecf71e2e014ff6f/r_40",
            "rotation": 0.12566370614359174,
            "transform_matrix": [
                [
                    -0.9684628248214722,
                    -0.1251068115234375,
                    0.21547181904315948,
                    0.8685947060585022
                ],
                [
                    0.24915823340415955,
                    -0.4862825274467468,
                    0.8375257849693298,
                    3.3761744499206543
                ],
                [
                    0.0,
                    0.8647992014884949,
                    0.502117931842804,
                    2.024102210998535
                ],
                [
                    0.0,
                    0.0,
                    0.0,
                    1.0
                ]
            ]
        },
        {
            "file_path": "/data/shapenet_blender/all_50_random/02958343/e9bdc6c0a9e4675bbecf71e2e014ff6f/r_41",
            "rotation": 0.12566370614359174,
            "transform_matrix": [
                [
                    -0.8848696947097778,
                    -0.078122079372406,
                    0.4592413008213043,
                    1.8512609004974365
                ],
                [
                    0.46583861112594604,
