{
    "class": "02958343",
    "model": "6b642c1c62ae5b49247a5be450795511",
    "remove_doubles": true,
    "edge_split": true,
    "denoise": true,
    "camera_angle_x": 0.6911112070083618,
    "scale_factor": 2.242866554299746,
    "hdri_file": "/data/IndoorHDRDataset2018/AG8A3638-741e48cbc4.exr",
    "center_offset": [
        0.0,
        0.0,
        -4.656612873077393e-10
    ],
    "lights": [],
    "frames": [
        {
            "file_path": "/data/shapenet_blender/all_50_random/02958343/6b642c1c62ae5b49247a5be450795511/r_0",
            "rotation": 0.12566370614359174,
            "transform_matrix": [
                [
                    -0.27551737427711487,
                    -0.10803525149822235,
                    -0.955206036567688,
                    -3.8505587577819824
                ],
                [
                    -0.9612962007522583,
                    0.030964013189077377,
                    0.27377185225486755,
                    1.1036096811294556
                ],
                [
                    1.862645371275562e-09,
                    0.9936647415161133,
                    -0.11238498985767365,
                    -0.45303839445114136
                ],
                [
                    0.0,
                    0.0,
                    0.0,
                    1.0
                ]
            ]
        },
        {
            "file_path": "/data/shapenet_blender/all_50_random/02958343/6b642c1c62ae5b49247a5be450795511/r_1",
            "rotation": 0.12566370614359174,
            "transform_matrix": [
                [
                    0.7426966428756714,
                    0.029727378860116005,
                    -0.6689677834510803,
                    -2.696695566177368
                ],
                [
                    -0.6696279644966125,
                    0.03297117352485657,
                    -0.7419643998146057,
                    -2.9909543991088867
                ],
                [
                    -1.8626450382086546e-09,
                    0.9990140795707703,
                    0.044393863528966904,
                    0.17895740270614624
                ],
                [
                    0.0,
                    0.0,
                    0.0,
                    1.0
                ]
            ]
        },
        {
            "file_path": "/data/shapenet_blender/all_50_random/02958343/6b642c1c62ae5b49247a5be450795511/r_2",
            "rotation": 0.12566370614359174,
            "transform_matrix": [
                [
                    -0.9237952828407288,
                    0.15432420372962952,
                    -0.3504089415073395,
                    -1.412543773651123
                ],
                [
                    -0.38288700580596924,
                    -0.37233954668045044,
                    0.8454352021217346,
                    3.4080586433410645
                ],
                [
                    1.4901162970204496e-08,
                    0.9151761531829834,
                    0.4030541181564331,
                    1.6247632503509521
                ],
                [
                    0.0,
                    0.0,
                    0.0,
                    1.0
                ]
            ]
        },
        {
            "file_path": "/data/shapenet_blender/all_50_random/02958343/6b642c1c62ae5b49247a5be450795511/r_3",
            "rotation": 0.12566370614359174,
            "transform_matrix": [
                [
                    -0.9224109053611755,
                    0.05387487635016441,
                    -0.3824336528778076,
                    -1.5416393280029297
                ],
                [
                    -0.38620975613594055,
                    -0.1286730170249939,
                    0.913392186164856,
                    3.6820015907287598
                ],
                [
                    0.0,
                    0.9902225732803345,
                    0.13949640095233917,
                    0.5623279809951782
                ],
                [
                    0.0,
                    0.0,
                    0.0,
                    1.0
                ]
            ]
        },
        {
            "file_path": "/data/shapenet_blender/all_50_random/02958343/6b642c1c62ae5b49247a5be450795511/r_4",
            "rotation": 0.12566370614359174,
            "transform_matrix": [
                [
                    0.2225579023361206,
                    -0.02409067563712597,
                    -0.9746218323707581,
                    -3.928825855255127
                ],
                [
                    -0.9749194979667664,
                    -0.005499500315636396,
                    -0.22248993813991547,
                    -0.8968855142593384
                ],
                [
                    -4.656612873077393e-10,
                    0.9996945858001709,
                    -0.024710431694984436,
                    -0.09961092472076416
                ],
                [
                    0.0,
                    0.0,
                    0.0,
                    1.0
                ]
            ]
        },
        {
            "file_path": "/data/shapenet_blender/all_50_random/02958343/6b642c1c62ae5b49247a5be450795511/r_5",
            "rotation": 0.12566370614359174,
            "transform_matrix": [
                [
                    -0.9927965998649597,
                    0.05791381001472473,
                    -0.10488556325435638,
                    -0.4228072166442871
                ],
                [
                    -0.11981232464313507,
                    -0.4798891246318817,
                    0.8691095113754272,
                    3.503492593765259
                ],
                [
                    3.725290298461914e-09,
                    0.875415563583374,
                    0.4833710789680481,
                    1.948531150817871
                ],
                [
                    0.0,
                    0.0,
                    0.0,
                    1.0
                ]
            ]
        },
        {
            "file_path": "/data/shapenet_blender/all_50_random/02958343/6b642c1c62ae5b49247a5be450795511/r_6",
            "rotation": 0.12566370614359174,
            "transform_matrix": [
                [
                    -0.5447058081626892,
                    -0.8013264536857605,
                    0.2473287582397461,
                    0.9970141649246216
                ],
                [
                    0.8386272192001343,
                    -0.5204781889915466,
                    0.16064514219760895,
                    0.6475813388824463
                ],
                [
                    2.9802322387695312e-08,
                    0.294920951128006,
                    0.9555215835571289,
                    3.8518309593200684
                ],
                [
                    0.0,
                    0.0,
                    0.0,
                    1.0
                ]
            ]
        },
        {
            "file_path": "/data/shapenet_blender/all_50_random/02958343/6b642c1c62ae5b49247a5be450795511/r_7",
            "rotation": 0.12566370614359174,
            "transform_matrix": [
                [
                    -0.3863818645477295,
                    -0.14376503229141235,
                    0.9110655784606934,
                    3.6726231575012207
                ],
                [
                    0.9223389029502869,
                    -0.06022537127137184,
                    0.38165929913520813,
                    1.538517951965332
                ],
                [
                    3.725290298461914e-09,
                    0.987777590751648,
                    0.15587005019187927,
                    0.6283323168754578
                ],
                [
                    0.0,
                    0.0,
                    0.0,
                    1.0
                ]
            ]
        },
        {
            "file_path": "/data/shapenet_blender/all_50_random/02958343/6b642c1c62ae5b49247a5be450795511/r_8",
            "rotation": 0.12566370614359174,
            "transform_matrix": [
                [
                    -0.7440869808197021,
                    0.040599215775728226,
                    -0.6668481230735779,
                    -2.688150405883789
                ],
                [
                    -0.6680828332901001,
                    -0.04521796479821205,
                    0.7427117824554443,
                    2.993966579437256
                ],
                [
                    1.8626449271863521e-09,
                    0.9981518387794495,
                    0.06076973304152489,
                    0.24497060477733612
                ],
                [
                    0.0,
                    0.0,
                    0.0,
                    1.0
                ]
            ]
        },
        {
            "file_path": "/data/shapenet_blender/all_50_random/02958343/6b642c1c62ae5b49247a5be450795511/r_9",
            "rotation": 0.12566370614359174,
            "transform_matrix": [
                [
                    -0.20761826634407043,
                    0.5712413191795349,
                    -0.7940893769264221,
                    -3.2010769844055176
                ],
                [
                    -0.9782099723815918,
                    -0.12124200165271759,
                    0.16853995621204376,
                    0.6794063448905945
                ],
                [
                    7.450580596923828e-09,
                    0.8117781281471252,
                    0.5839659571647644,
                    2.3540422916412354
                ],
                [
                    0.0,
                    0.0,
                    0.0,
                    1.0
                ]
            ]
        },
        {
            "file_path": "/data/shapenet_blender/all_50_random/02958343/6b642c1c62ae5b49247a5be450795511/r_10",
            "rotation": 0.12566370614359174,
            "transform_matrix": [
                [
                    -0.23413792252540588,
                    0.6772152185440063,
                    0.6975376009941101,
                    2.811864137649536
                ],
                [
                    0.9722034335136414,
                    0.16309525072574615,
                    0.16798953711986542,
                    0.6771875619888306
                ],
                [
                    0.0,
                    0.7174811363220215,
                    -0.696577787399292,
                    -2.807995080947876
                ],
                [
                    0.0,
                    0.0,
                    0.0,
                    1.0
                ]
            ]
        },
        {
            "file_path": "/data/shapenet_blender/all_50_random/02958343/6b642c1c62ae5b49247a5be450795511/r_11",
            "rotation": 0.12566370614359174,
            "transform_matrix": [
                [
                    -0.9254279136657715,
                    0.18749912083148956,
                    -0.3292830288410187,
                    -1.3273823261260986
                ],
                [
                    -0.37892380356788635,
                    -0.4579203128814697,
                    0.8041925430297852,
                    3.2418038845062256
                ],
                [
                    1.4901162970204496e-08,
                    0.8689953684806824,
                    0.49482008814811707,
                    1.9946836233139038
                ],
                [
                    0.0,
                    0.0,
                    0.0,
                    1.0
                ]
            ]
        },
        {
            "file_path": "/data/shapenet_blender/all_50_random/02958343/6b642c1c62ae5b49247a5be450795511/r_12",
            "rotation": 0.12566370614359174,
            "transform_matrix": [
                [
                    -0.310046911239624,
                    -0.5764428377151489,
                    0.7560320496559143,
                    3.0476627349853516
                ],
                [
                    0.950721263885498,
                    -0.18798814713954926,
                    0.24655534327030182,
                    0.9938963651657104
                ],
                [
                    0.0,
                    0.7952194809913635,
                    0.6063216328620911,
                    2.4441606998443604
                ],
                [
                    0.0,
                    0.0,
                    0.0,
                    1.0
                ]
            ]
        },
        {
            "file_path": "/data/shapenet_blender/all_50_random/02958343/6b642c1c62ae5b49247a5be450795511/r_13",
            "rotation": 0.12566370614359174,
            "transform_matrix": [
                [
                    0.15025675296783447,
                    -0.17948010563850403,
                    0.972218930721283,
                    3.919140100479126
                ],
                [
                    0.9886471033096313,
                    0.027277780696749687,
                    -0.14775995910167694,
                    -0.5956395268440247
                ],
                [
                    0.0,
                    0.9833833575248718,
                    0.18154111504554749,
                    0.7318156957626343
                ],
                [
                    0.0,
                    0.0,
                    0.0,
                    1.0
                ]
            ]
        },
        {
            "file_path": "/data/shapenet_blender/all_50_random/02958343/6b642c1c62ae5b49247a5be450795511/r_14",
            "rotation": 0.12566370614359174,
            "transform_matrix": [
                [
                    0.9417489171028137,
                    0.08881580084562302,
                    -0.3243776559829712,
                    -1.3076082468032837
                ],
                [
                    -0.3363170325756073,
                    0.24870041012763977,
                    -0.9083164930343628,
                    -3.661541223526001
                ],
                [
                    0.0,
                    0.9644997715950012,
                    0.26408353447914124,
                    1.0645549297332764
                ],
                [
                    0.0,
                    0.0,
                    0.0,
                    1.0
                ]
            ]
        },
        {
            "file_path": "/data/shapenet_blender/all_50_random/02958343/6b642c1c62ae5b49247a5be450795511/r_15",
            "rotation": 0.12566370614359174,
            "transform_matrix": [
                [
                    -0.961793839931488,
                    0.06598883122205734,
                    -0.26570308208465576,
                    -1.071083426475525
                ],
                [
                    -0.2737748324871063,
                    -0.23182426393032074,
                    0.9334371089935303,
                    3.762805223464966
                ],
                [
                    3.725290298461914e-09,
                    0.9705168604850769,
                    0.24103322625160217,
                    0.9716359972953796
                ],
                [
                    0.0,
                    0.0,
                    0.0,
                    1.0
                ]
            ]
        },
        {
            "file_path": "/data/shapenet_blender/all_50_random/02958343/6b642c1c62ae5b49247a5be450795511/r_16",
            "rotation": 0.12566370614359174,
            "transform_matrix": [
                [
                    -0.14416930079460144,
                    0.5614216327667236,
                    0.8148747086524963,
                    3.284865379333496
                ],
                [
                    0.9895530343055725,
                    0.08179426938295364,
                    0.11872018873691559,
                    0.4785764217376709
                ],
                [
                    7.450580596923828e-09,
                    0.8234775066375732,
                    -0.5673487186431885,
                    -2.2870559692382812
                ],
                [
                    0.0,
                    0.0,
                    0.0,
                    1.0
                ]
            ]
        },
        {
            "file_path": "/data/shapenet_blender/all_50_random/02958343/6b642c1c62ae5b49247a5be450795511/r_17",
            "rotation": 0.12566370614359174,
            "transform_matrix": [
                [
                    0.11645347625017166,
                    -0.7172085046768188,
                    -0.687059223651886,
                    -2.7696244716644287
                ],
                [
                    -0.9931961297988892,
                    -0.08409358561038971,
                    -0.08055854588747025,
                    -0.324741929769516
                ],
                [
                    0.0,
                    0.6917658448219299,
                    -0.7221217155456543,
                    -2.910965919494629
                ],
                [
                    0.0,
                    0.0,
                    0.0,
                    1.0
                ]
            ]
        },
        {
            "file_path": "/data/shapenet_blender/all_50_random/02958343/6b642c1c62ae5b49247a5be450795511/r_18",
            "rotation": 0.12566370614359174,
            "transform_matrix": [
                [
                    -0.2885349988937378,
                    -0.9543180465698242,
                    -0.07761763781309128,
                    -0.31288665533065796
                ],
                [
                    -0.9574694037437439,
                    0.2875853180885315,
                    0.023390203714370728,
                    0.0942889153957367
                ],
                [
                    0.0,
                    0.08106603473424911,
                    -0.9967088103294373,
                    -4.017861366271973
                ],
                [
                    0.0,
                    0.0,
                    0.0,
                    1.0
                ]
            ]
        },
        {
            "file_path": "/data/shapenet_blender/all_50_random/02958343/6b642c1c62ae5b49247a5be450795511/r_19",
            "rotation": 0.12566370614359174,
            "transform_matrix": [
                [
                    -0.09057577699422836,
                    0.27601367235183716,
                    -0.956876277923584,
                    -3.8572921752929688
                ],
                [
                    -0.9958896040916443,
                    -0.025103338062763214,
                    0.08702753484249115,
                    0.3508192300796509
                ],
                [
                    0.0,
                    0.9608258605003357,
                    0.2771528661251068,
                    1.1172391176223755
                ],
                [
                    0.0,
                    0.0,
                    0.0,
                    1.0
                ]
            ]
        },
        {
            "file_path": "/data/shapenet_blender/all_50_random/02958343/6b642c1c62ae5b49247a5be450795511/r_20",
            "rotation": 0.12566370614359174,
            "transform_matrix": [
                [
                    0.941704511642456,
                    0.19136974215507507,
                    0.2767135798931122,
                    1.1154682636260986
                ],
                [
                    0.33644142746925354,
                    -0.5356466770172119,
                    -0.7745254039764404,
                    -3.1222119331359863
                ],
                [
                    0.0,
                    0.8224719166755676,
                    -0.5688055753707886,
                    -2.29292893409729
                ],
                [
                    0.0,
                    0.0,
                    0.0,
                    1.0
                ]
            ]
        },
        {
            "file_path": "/data/shapenet_blender/all_50_random/02958343/6b642c1c62ae5b49247a5be450795511/r_21",
            "rotation": 0.12566370614359174,
            "transform_matrix": [
                [
                    -0.8189638257026672,
                    0.11824950575828552,
                    0.5615293979644775,
                    2.2635974884033203
                ],
                [
                    0.5738450884819031,
                    0.16875994205474854,
                    0.801387369632721,
                    3.2304959297180176
                ],
                [
                    -7.450580152834618e-09,
                    0.9785382747650146,
                    -0.20606516301631927,
                    -0.8306752443313599
                ],
                [
                    0.0,
                    0.0,
                    0.0,
                    1.0
                ]
            ]
        },
        {
            "file_path": "/data/shapenet_blender/all_50_random/02958343/6b642c1c62ae5b49247a5be450795511/r_22",
            "rotation": 0.12566370614359174,
            "transform_matrix": [
                [
                    -0.2501332759857178,
                    0.3218844532966614,
                    0.9131394624710083,
                    3.680982828140259
                ],
                [
                    0.9682114124298096,
                    0.083157479763031,
                    0.2359056919813156,
                    0.9509662389755249
                ],
                [
                    0.0,
                    0.9431198239326477,
                    -0.3324526846408844,
                    -1.3401596546173096
                ],
                [
                    0.0,
                    0.0,
                    0.0,
                    1.0
                ]
            ]
        },
        {
            "file_path": "/data/shapenet_blender/all_50_random/02958343/6b642c1c62ae5b49247a5be450795511/r_23",
            "rotation": 0.12566370614359174,
            "transform_matrix": [
                [
                    0.5363956093788147,
                    0.03225919231772423,
                    -0.8433499336242676,
                    -3.3996522426605225
                ],
                [
                    -0.8439666628837585,
                    0.020502811297774315,
                    -0.536003589630127,
                    -2.1606996059417725
                ],
                [
                    0.0,
                    0.9992690682411194,
                    0.03822330757975578,
                    0.15408307313919067
                ],
                [
                    0.0,
                    0.0,
                    0.0,
                    1.0
                ]
            ]
        },
        {
            "file_path": "/data/shapenet_blender/all_50_random/02958343/6b642c1c62ae5b49247a5be450795511/r_24",
            "rotation": 0.12566370614359174,
            "transform_matrix": [
                [
                    0.8470382690429688,
                    0.13937267661094666,
                    0.5129342079162598,
                    2.06770396232605
                ],
                [
                    0.5315319895744324,
                    -0.2221013754606247,
                    -0.8174012303352356,
                    -3.2950496673583984
                ],
                [
                    -7.450580596923828e-09,
                    0.9650110006332397,
                    -0.26220938563346863,
                    -1.0569998025894165
                ],
                [
                    0.0,
                    0.0,
                    0.0,
                    1.0
                ]
            ]
        },
        {
            "file_path": "/data/shapenet_blender/all_50_random/02958343/6b642c1c62ae5b49247a5be450795511/r_25",
            "rotation": 0.12566370614359174,
            "transform_matrix": [
                [
                    -0.8017685413360596,
                    -0.2454380840063095,
                    -0.5449103713035583,
                    -2.1966042518615723
                ],
                [
                    -0.5976346731185913,
                    0.3292722702026367,
                    0.7310351729393005,
                    2.946897268295288
                ],
                [
                    1.4901161193847656e-08,
                    0.911778450012207,
                    -0.41068241000175476,
                    -1.655513882637024
                ],
                [
                    0.0,
                    0.0,
                    0.0,
                    1.0
                ]
            ]
        },
        {
            "file_path": "/data/shapenet_blender/all_50_random/02958343/6b642c1c62ae5b49247a5be450795511/r_26",
            "rotation": 0.12566370614359174,
            "transform_matrix": [
                [
                    0.9999778270721436,
                    -0.005898491945117712,
                    0.00309286592528224,
                    0.012467741966247559
                ],
                [
                    0.006660182029008865,
                    0.8856155872344971,
                    -0.4643712639808655,
                    -1.8719406127929688
                ],
                [
                    -2.3283064365386963e-10,
                    0.4643815755844116,
                    0.8856351375579834,
                    3.5701096057891846
                ],
                [
                    0.0,
                    0.0,
                    0.0,
                    1.0
                ]
            ]
        },
        {
            "file_path": "/data/shapenet_blender/all_50_random/02958343/6b642c1c62ae5b49247a5be450795511/r_27",
            "rotation": 0.12566370614359174,
            "transform_matrix": [
                [
                    -0.9975293278694153,
                    0.0005416710046119988,
                    -0.07024908810853958,
                    -0.28318312764167786
                ],
                [
                    -0.07025118917226791,
                    -0.007691440172493458,
                    0.9974996447563171,
                    4.021049499511719
                ],
                [
                    0.0,
                    0.9999703168869019,
                    0.007710489444434643,
                    0.031081974506378174
                ],
                [
                    0.0,
                    0.0,
                    0.0,
                    1.0
                ]
            ]
        },
        {
            "file_path": "/data/shapenet_blender/all_50_random/02958343/6b642c1c62ae5b49247a5be450795511/r_28",
            "rotation": 0.12566370614359174,
            "transform_matrix": [
                [
                    -0.7198480367660522,
                    -0.5204244256019592,
                    0.45932239294052124,
                    1.8515877723693848
                ],
                [
                    0.6941315531730652,
                    -0.5397053360939026,
                    0.47633954882621765,
                    1.920186161994934
                ],
                [
                    1.4901160305669237e-08,
                    0.6617222428321838,
                    0.7497490048408508,
                    3.0223348140716553
                ],
                [
                    0.0,
                    0.0,
                    0.0,
                    1.0
                ]
            ]
        },
        {
            "file_path": "/data/shapenet_blender/all_50_random/02958343/6b642c1c62ae5b49247a5be450795511/r_29",
            "rotation": 0.12566370614359174,
            "transform_matrix": [
                [
                    0.23990826308727264,
                    0.6811797618865967,
                    -0.6916921734809875,
                    -2.7883002758026123
                ],
                [
                    -0.9707955718040466,
                    0.16833683848381042,
                    -0.17093472182750702,
                    -0.6890599131584167
                ],
                [
                    0.0,
                    0.712500274181366,
                    0.7016717195510864,
                    2.828529119491577
                ],
                [
                    0.0,
                    0.0,
                    0.0,
                    1.0
                ]
            ]
        },
        {
            "file_path": "/data/shapenet_blender/all_50_random/02958343/6b642c1c62ae5b49247a5be450795511/r_30",
            "rotation": 0.12566370614359174,
            "transform_matrix": [
                [
                    -0.32862767577171326,
                    0.1814333200454712,
                    -0.9268686771392822,
                    -3.736327648162842
                ],
                [
                    -0.9444596767425537,
                    -0.06313028931617737,
                    0.3225068747997284,
                    1.3000669479370117
                ],
                [
                    3.725290742551124e-09,
                    0.9813748598098755,
                    0.19210274517536163,
                    0.7743910551071167
                ],
                [
                    0.0,
                    0.0,
                    0.0,
                    1.0
                ]
            ]
        },
        {
            "file_path": "/data/shapenet_blender/all_50_random/02958343/6b642c1c62ae5b49247a5be450795511/r_31",
            "rotation": 0.12566370614359174,
            "transform_matrix": [
                [
                    0.09126928448677063,
                    0.24037660658359528,
                    0.9663792252540588,
                    3.895599603652954
                ],
                [
                    0.995826244354248,
                    -0.02203095145523548,
                    -0.08857040852308273,
                    -0.3570387661457062
                ],
                [
                    0.0,
                    0.9704296588897705,
                    -0.24138405919075012,
                    -0.9730503559112549
                ],
                [
                    0.0,
                    0.0,
                    0.0,
                    1.0
                ]
            ]
        },
        {
            "file_path": "/data/shapenet_blender/all_50_random/02958343/6b642c1c62ae5b49247a5be450795511/r_32",
            "rotation": 0.12566370614359174,
            "transform_matrix": [
                [
                    -0.5743568539619446,
                    0.4132636487483978,
                    0.7066310048103333,
                    2.8485207557678223
                ],
                [
                    0.8186050653457642,
                    0.2899576723575592,
                    0.4957926273345947,
                    1.9986040592193604
                ],
                [
                    -1.4901162970204496e-08,
                    0.8632135391235352,
                    -0.5048388242721558,
                    -2.0350704193115234
                ],
                [
                    0.0,
                    0.0,
                    0.0,
                    1.0
                ]
            ]
        },
        {
            "file_path": "/data/shapenet_blender/all_50_random/02958343/6b642c1c62ae5b49247a5be450795511/r_33",
            "rotation": 0.12566370614359174,
            "transform_matrix": [
                [
                    -0.47988033294677734,
                    -0.08307710289955139,
                    0.8733916878700256,
                    3.52075457572937
                ],
                [
                    0.87733393907547,
                    -0.0454411543905735,
                    0.47772401571273804,
                    1.9257670640945435
                ],
                [
                    0.0,
                    0.9955065846443176,
                    0.0946926698088646,
                    0.38171836733818054
                ],
                [
                    0.0,
                    0.0,
                    0.0,
                    1.0
                ]
            ]
        },
        {
            "file_path": "/data/shapenet_blender/all_50_random/02958343/6b642c1c62ae5b49247a5be450795511/r_34",
            "rotation": 0.12566370614359174,
            "transform_matrix": [
                [
                    0.6658439636230469,
                    0.0065193078480660915,
                    0.7460625767707825,
                    3.007474422454834
                ],
                [
                    0.7460911273956299,
                    -0.005818111822009087,
                    -0.665818452835083,
                    -2.684000015258789
                ],
                [
                    0.0,
                    0.9999619126319885,
                    -0.008737949654459953,
                    -0.03522380068898201
                ],
                [
                    0.0,
                    0.0,
                    0.0,
                    1.0
                ]
            ]
        },
        {
            "file_path": "/data/shapenet_blender/all_50_random/02958343/6b642c1c62ae5b49247a5be450795511/r_35",
            "rotation": 0.12566370614359174,
            "transform_matrix": [
                [
                    0.5760589241981506,
                    0.6872943639755249,
                    0.44247305393218994,
                    1.7836658954620361
                ],
                [
                    0.8174081444740295,
                    -0.48436278104782104,
                    -0.31182777881622314,
                    -1.257017970085144
                ],
                [
                    -1.4901161193847656e-08,
                    0.5413122773170471,
                    -0.8408216238021851,
                    -3.389460325241089
                ],
                [
                    0.0,
                    0.0,
                    0.0,
                    1.0
                ]
            ]
        },
        {
            "file_path": "/data/shapenet_blender/all_50_random/02958343/6b642c1c62ae5b49247a5be450795511/r_36",
            "rotation": 0.12566370614359174,
            "transform_matrix": [
                [
                    -0.3555366098880768,
                    0.1955370157957077,
                    0.9139797687530518,
                    3.684370279312134
                ],
                [
                    0.9346623420715332,
                    0.07438039779663086,
                    0.3476691246032715,
                    1.4014990329742432
                ],
                [
                    0.0,
                    0.9778715968132019,
                    -0.20920604467391968,
                    -0.8433365225791931
                ],
                [
                    0.0,
                    0.0,
                    0.0,
                    1.0
                ]
            ]
        },
        {
            "file_path": "/data/shapenet_blender/all_50_random/02958343/6b642c1c62ae5b49247a5be450795511/r_37",
            "rotation": 0.12566370614359174,
            "transform_matrix": [
                [
                    0.10770036280155182,
                    0.010297843255102634,
                    -0.9941301345825195,
                    -4.0074663162231445
                ],
                [
                    -0.994183361530304,
                    0.0011155703105032444,
                    -0.1076945960521698,
                    -0.4341307580471039
                ],
                [
                    0.0,
                    0.9999462962150574,
                    0.010358093306422234,
                    0.04175480455160141
                ],
                [
                    0.0,
                    0.0,
                    0.0,
                    1.0
                ]
            ]
        },
        {
            "file_path": "/data/shapenet_blender/all_50_random/02958343/6b642c1c62ae5b49247a5be450795511/r_38",
            "rotation": 0.12566370614359174,
            "transform_matrix": [
                [
                    0.4059959053993225,
                    0.11528157442808151,
                    0.906574547290802,
                    3.6545190811157227
                ],
                [
                    0.9138749837875366,
                    -0.051214709877967834,
                    -0.4027526080608368,
                    -1.6235477924346924
                ],
                [
                    -3.725290742551124e-09,
                    0.9920116066932678,
                    -0.12614589929580688,
                    -0.5085104703903198
                ],
                [
                    0.0,
                    0.0,
                    0.0,
                    1.0
                ]
            ]
        },
        {
            "file_path": "/data/shapenet_blender/all_50_random/02958343/6b642c1c62ae5b49247a5be450795511/r_39",
            "rotation": 0.12566370614359174,
            "transform_matrix": [
                [
                    0.5306664705276489,
                    -0.4979463517665863,
                    0.6858881115913391,
                    2.7649035453796387
                ],
                [
                    0.8475806713104248,
                    0.3117619454860687,
                    -0.4294314384460449,
                    -1.7310936450958252
                ],
                [
                    -1.4901159417490817e-08,
                    0.8092304468154907,
                    0.5874913334846497,
                    2.368253469467163
                ],
                [
                    0.0,
                    0.0,
                    0.0,
                    1.0
                ]
            ]
        },
        {
            "file_path": "/data/shapenet_blender/all_50_random/02958343/6b642c1c62ae5b49247a5be450795511/r_40",
            "rotation": 0.12566370614359174,
            "transform_matrix": [
                [
                    0.45455244183540344,
                    -0.016111770644783974,
                    0.8905742168426514,
                    3.590019464492798
                ],
                [
                    0.890720009803772,
                    0.008222161792218685,
                    -0.45447805523872375,
                    -1.832059621810913
                ],
                [
                    9.31322685637781e-10,
                    0.999836266040802,
                    0.018088480457663536,
                    0.07291699945926666
                ],
                [
                    0.0,
                    0.0,
                    0.0,
                    1.0
                ]
            ]
        },
        {
            "file_path": "/data/shapenet_blender/all_50_random/02958343/6b642c1c62ae5b49247a5be450795511/r_41",
            "rotation": 0.12566370614359174,
            "transform_matrix": [
                [
                    -0.732990562915802,
                    -0.4953460097312927,
                    -0.46621569991111755,
                    -1.8793755769729614
                ],
                [
                    -0.6802387237548828,
                    0.5337596535682678,
                    0.502370297908783,
