{
    "class": "02958343",
    "model": "a61488f91b2837f8473f10e6caaeca56",
    "remove_doubles": true,
    "edge_split": true,
    "denoise": true,
    "camera_angle_x": 0.6911112070083618,
    "scale_factor": 2.194438164289847,
    "hdri_file": "/data/IndoorHDRDataset2018/9C4A6471-8995c9a5df.exr",
    "center_offset": [
        0.0,
        -2.0954757928848267e-09,
        -3.725290298461914e-09
    ],
    "lights": [],
    "frames": [
        {
            "file_path": "/data/shapenet_blender/all_50_random/02958343/a61488f91b2837f8473f10e6caaeca56/r_0",
            "rotation": 0.12566370614359174,
            "transform_matrix": [
                [
                    0.4083089232444763,
                    -0.12701989710330963,
                    0.9039633870124817,
                    3.6439929008483887
                ],
                [
                    0.9128438830375671,
                    0.05681515112519264,
                    -0.40433675050735474,
                    -1.6299335956573486
                ],
                [
                    -3.725290298461914e-09,
                    0.9902716875076294,
                    0.13914746046066284,
                    0.5609213709831238
                ],
                [
                    0.0,
                    0.0,
                    0.0,
                    1.0
                ]
            ]
        },
        {
            "file_path": "/data/shapenet_blender/all_50_random/02958343/a61488f91b2837f8473f10e6caaeca56/r_1",
            "rotation": 0.12566370614359174,
            "transform_matrix": [
                [
                    -0.0392671599984169,
                    0.5253894925117493,
                    0.8499552011489868,
                    3.426279306411743
                ],
                [
                    0.999228835105896,
                    0.02064647525548935,
                    0.03340108320116997,
                    0.13464409112930298
                ],
                [
                    0.0,
                    0.8506112098693848,
                    -0.5257949829101562,
                    -2.1195476055145264
                ],
                [
                    0.0,
                    0.0,
                    0.0,
                    1.0
                ]
            ]
        },
        {
            "file_path": "/data/shapenet_blender/all_50_random/02958343/a61488f91b2837f8473f10e6caaeca56/r_2",
            "rotation": 0.12566370614359174,
            "transform_matrix": [
                [
                    0.07453540712594986,
                    -0.04519034922122955,
                    -0.9961939454078674,
                    -4.0157856941223145
                ],
                [
                    -0.9972183108329773,
                    -0.0033776769414544106,
                    -0.07445884495973587,
                    -0.3001531660556793
                ],
                [
                    -2.3283062977608182e-10,
                    0.9989725947380066,
                    -0.045316413044929504,
                    -0.1826762855052948
                ],
                [
                    0.0,
                    0.0,
                    0.0,
                    1.0
                ]
            ]
        },
        {
            "file_path": "/data/shapenet_blender/all_50_random/02958343/a61488f91b2837f8473f10e6caaeca56/r_3",
            "rotation": 0.12566370614359174,
            "transform_matrix": [
                [
                    -0.7819244861602783,
                    -0.5761152505874634,
                    -0.23808664083480835,
                    -0.9597580432891846
                ],
                [
                    -0.6233730912208557,
                    0.7226468920707703,
                    0.298642635345459,
                    1.2038670778274536
                ],
                [
                    0.0,
                    0.3819328844547272,
                    -0.9241899251937866,
                    -3.725529193878174
                ],
                [
                    0.0,
                    0.0,
                    0.0,
                    1.0
                ]
            ]
        },
        {
            "file_path": "/data/shapenet_blender/all_50_random/02958343/a61488f91b2837f8473f10e6caaeca56/r_4",
            "rotation": 0.12566370614359174,
            "transform_matrix": [
                [
                    -0.22864626348018646,
                    0.22698289155960083,
                    0.9466781616210938,
                    3.8161818981170654
                ],
                [
                    0.973509669303894,
                    0.05331101641058922,
                    0.22234439849853516,
                    0.8962990045547485
                ],
                [
                    0.0,
                    0.9724384546279907,
                    -0.2331593930721283,
                    -0.9398956298828125
                ],
                [
                    0.0,
                    0.0,
                    0.0,
                    1.0
                ]
            ]
        },
        {
            "file_path": "/data/shapenet_blender/all_50_random/02958343/a61488f91b2837f8473f10e6caaeca56/r_5",
            "rotation": 0.12566370614359174,
            "transform_matrix": [
                [
                    -0.8777093291282654,
                    -0.21952171623706818,
                    -0.4259535074234009,
                    -1.7170735597610474
                ],
                [
                    -0.47919318079948425,
                    0.40208470821380615,
                    0.7801933884620667,
                    3.1450600624084473
                ],
                [
                    0.0,
                    0.888897180557251,
                    -0.4581068456172943,
                    -1.8466877937316895
                ],
                [
                    0.0,
                    0.0,
                    0.0,
                    1.0
                ]
            ]
        },
        {
            "file_path": "/data/shapenet_blender/all_50_random/02958343/a61488f91b2837f8473f10e6caaeca56/r_6",
            "rotation": 0.12566370614359174,
            "transform_matrix": [
                [
                    0.4208568334579468,
                    -0.20170925557613373,
                    -0.8844166398048401,
                    -3.565197706222534
                ],
                [
                    -0.9071270823478699,
                    -0.09358194470405579,
                    -0.4103204309940338,
                    -1.6540546417236328
                ],
                [
                    0.0,
                    0.9749643802642822,
                    -0.2223605513572693,
                    -0.8963640928268433
                ],
                [
                    0.0,
                    0.0,
                    0.0,
                    1.0
                ]
            ]
        },
        {
            "file_path": "/data/shapenet_blender/all_50_random/02958343/a61488f91b2837f8473f10e6caaeca56/r_7",
            "rotation": 0.12566370614359174,
            "transform_matrix": [
                [
                    -0.25769132375717163,
                    0.07296385616064072,
                    -0.9634684324264526,
                    -3.8838655948638916
                ],
                [
                    -0.9662273526191711,
                    -0.019459346309304237,
                    0.25695550441741943,
                    1.035820722579956
                ],
                [
                    -1.862645371275562e-09,
                    0.9971446394920349,
                    0.07551418244838715,
                    0.30440741777420044
                ],
                [
                    0.0,
                    0.0,
                    0.0,
                    1.0
                ]
            ]
        },
        {
            "file_path": "/data/shapenet_blender/all_50_random/02958343/a61488f91b2837f8473f10e6caaeca56/r_8",
            "rotation": 0.12566370614359174,
            "transform_matrix": [
                [
                    -0.9545385241508484,
                    0.032610487192869186,
                    0.2962980270385742,
                    1.19441556930542
                ],
                [
                    0.29808714985847473,
                    0.10442572087049484,
                    0.9488093852996826,
                    3.824772834777832
                ],
                [
                    1.8626447051417472e-09,
                    0.9939979314804077,
                    -0.10939914733171463,
                    -0.4410020411014557
                ],
                [
                    0.0,
                    0.0,
                    0.0,
                    1.0
                ]
            ]
        },
        {
            "file_path": "/data/shapenet_blender/all_50_random/02958343/a61488f91b2837f8473f10e6caaeca56/r_9",
            "rotation": 0.12566370614359174,
            "transform_matrix": [
                [
                    0.5872798562049866,
                    0.10356686264276505,
                    -0.8027304410934448,
                    -3.235910177230835
                ],
                [
                    -0.8093839287757874,
                    0.07514695078134537,
                    -0.5824521780014038,
                    -2.347939968109131
                ],
                [
                    0.0,
                    0.9917795658111572,
                    0.12795764207839966,
                    0.5158138275146484
                ],
                [
                    0.0,
                    0.0,
                    0.0,
                    1.0
                ]
            ]
        },
        {
            "file_path": "/data/shapenet_blender/all_50_random/02958343/a61488f91b2837f8473f10e6caaeca56/r_10",
            "rotation": 0.12566370614359174,
            "transform_matrix": [
                [
                    -0.9988967776298523,
                    0.004480982664972544,
                    0.04674559459090233,
                    0.18843749165534973
                ],
                [
                    0.04695986956357956,
                    0.09531626850366592,
                    0.9943388104438782,
                    4.008307456970215
                ],
                [
                    -9.313225191043273e-10,
                    0.99543696641922,
                    -0.09542154520750046,
                    -0.38465651869773865
                ],
                [
                    0.0,
                    0.0,
                    0.0,
                    1.0
                ]
            ]
        },
        {
            "file_path": "/data/shapenet_blender/all_50_random/02958343/a61488f91b2837f8473f10e6caaeca56/r_11",
            "rotation": 0.12566370614359174,
            "transform_matrix": [
                [
                    0.7405424118041992,
                    0.15462946891784668,
                    -0.6539775729179382,
                    -2.636267900466919
                ],
                [
                    -0.6720097064971924,
                    0.17039887607097626,
                    -0.7206714153289795,
                    -2.9051194190979004
                ],
                [
                    7.450581485102248e-09,
                    0.9731669425964355,
                    0.23010008037090302,
                    0.9275630712509155
                ],
                [
                    0.0,
                    0.0,
                    0.0,
                    1.0
                ]
            ]
        },
        {
            "file_path": "/data/shapenet_blender/all_50_random/02958343/a61488f91b2837f8473f10e6caaeca56/r_12",
            "rotation": 0.12566370614359174,
            "transform_matrix": [
                [
                    -0.9713844656944275,
                    -0.01593954861164093,
                    0.23697708547115326,
                    0.9552851915359497
                ],
                [
                    0.23751254379749298,
                    -0.06518994271755219,
                    0.9691945314407349,
                    3.9069480895996094
                ],
                [
                    -9.313225746154785e-10,
                    0.9977455139160156,
                    0.0671103373169899,
                    0.27053043246269226
                ],
                [
                    0.0,
                    0.0,
                    0.0,
                    1.0
                ]
            ]
        },
        {
            "file_path": "/data/shapenet_blender/all_50_random/02958343/a61488f91b2837f8473f10e6caaeca56/r_13",
            "rotation": 0.12566370614359174,
            "transform_matrix": [
                [
                    -0.7395529747009277,
                    -0.001342728384770453,
                    -0.6730970144271851,
                    -2.7133407592773438
                ],
                [
                    -0.6730983853340149,
                    0.0014752951683476567,
                    0.7395514845848083,
                    2.981227397918701
                ],
                [
                    0.0,
                    0.9999979734420776,
                    -0.001994847087189555,
                    -0.008041486144065857
                ],
                [
                    0.0,
                    0.0,
                    0.0,
                    1.0
                ]
            ]
        },
        {
            "file_path": "/data/shapenet_blender/all_50_random/02958343/a61488f91b2837f8473f10e6caaeca56/r_14",
            "rotation": 0.12566370614359174,
            "transform_matrix": [
                [
                    0.19200053811073303,
                    -0.6617709994316101,
                    -0.7247032523155212,
                    -2.921372413635254
                ],
                [
                    -0.9813948273658752,
                    -0.12946917116641998,
                    -0.1417812705039978,
                    -0.5715386271476746
                ],
                [
                    0.0,
                    0.7384421229362488,
                    -0.6743167042732239,
                    -2.7182579040527344
                ],
                [
                    0.0,
                    0.0,
                    0.0,
                    1.0
                ]
            ]
        },
        {
            "file_path": "/data/shapenet_blender/all_50_random/02958343/a61488f91b2837f8473f10e6caaeca56/r_15",
            "rotation": 0.12566370614359174,
            "transform_matrix": [
                [
                    0.06297316402196884,
                    0.159170463681221,
                    -0.9852405786514282,
                    -3.9716320037841797
                ],
                [
                    -0.9980152249336243,
                    0.010043402202427387,
                    -0.06216710805892944,
                    -0.25060364603996277
                ],
                [
                    0.0,
                    0.9872000217437744,
                    0.15948699414730072,
                    0.6429126858711243
                ],
                [
                    0.0,
                    0.0,
                    0.0,
                    1.0
                ]
            ]
        },
        {
            "file_path": "/data/shapenet_blender/all_50_random/02958343/a61488f91b2837f8473f10e6caaeca56/r_16",
            "rotation": 0.12566370614359174,
            "transform_matrix": [
                [
                    -0.8847461342811584,
                    0.06267266720533371,
                    0.46184033155441284,
                    1.8617379665374756
                ],
                [
                    0.4660733640193939,
                    0.11897140741348267,
                    0.8767105937004089,
                    3.5341334342956543
                ],
                [
                    0.0,
                    0.9909176230430603,
                    -0.13446955382823944,
                    -0.5420641303062439
                ],
                [
                    0.0,
                    0.0,
                    0.0,
                    1.0
                ]
            ]
        },
        {
            "file_path": "/data/shapenet_blender/all_50_random/02958343/a61488f91b2837f8473f10e6caaeca56/r_17",
            "rotation": 0.12566370614359174,
            "transform_matrix": [
                [
                    0.3453609347343445,
                    -0.17353017628192902,
                    -0.922286868095398,
                    -3.7178573608398438
                ],
                [
                    -0.9384699463844299,
                    -0.06385984271764755,
                    -0.33940550684928894,
                    -1.3681873083114624
                ],
                [
                    3.725290298461914e-09,
                    0.9827559590339661,
                    -0.18490754067897797,
                    -0.7453861236572266
                ],
                [
                    0.0,
                    0.0,
                    0.0,
                    1.0
                ]
            ]
        },
        {
            "file_path": "/data/shapenet_blender/all_50_random/02958343/a61488f91b2837f8473f10e6caaeca56/r_18",
            "rotation": 0.12566370614359174,
            "transform_matrix": [
                [
                    0.22755908966064453,
                    0.4110884964466095,
                    -0.8827360272407532,
                    -3.5584232807159424
                ],
                [
                    -0.9737643003463745,
                    0.09606731683015823,
                    -0.20628668367862701,
                    -0.8315683603286743
                ],
                [
                    -7.450580596923828e-09,
                    0.9065194129943848,
                    0.4221641421318054,
                    1.7017983198165894
                ],
                [
                    0.0,
                    0.0,
                    0.0,
                    1.0
                ]
            ]
        },
        {
            "file_path": "/data/shapenet_blender/all_50_random/02958343/a61488f91b2837f8473f10e6caaeca56/r_19",
            "rotation": 0.12566370614359174,
            "transform_matrix": [
                [
                    0.9426587820053101,
                    0.3023777902126312,
                    -0.14128760993480682,
                    -0.5695486068725586
                ],
                [
                    -0.3337582051753998,
                    0.8540287017822266,
                    -0.39904943108558655,
                    -1.6086198091506958
                ],
                [
                    -7.450581485102248e-09,
                    0.42332324385643005,
                    0.9059786200523376,
                    3.6521167755126953
                ],
                [
                    0.0,
                    0.0,
                    0.0,
                    1.0
                ]
            ]
        },
        {
            "file_path": "/data/shapenet_blender/all_50_random/02958343/a61488f91b2837f8473f10e6caaeca56/r_20",
            "rotation": 0.12566370614359174,
            "transform_matrix": [
                [
                    0.9274915456771851,
                    -0.23654520511627197,
                    0.2894923985004425,
                    1.1669813394546509
                ],
                [
                    0.3738442361354828,
                    0.5868585109710693,
                    -0.7182182669639587,
                    -2.895230770111084
                ],
                [
                    1.4901162970204496e-08,
                    0.7743663787841797,
                    0.6327372789382935,
                    2.5506458282470703
                ],
                [
                    0.0,
                    0.0,
                    0.0,
                    1.0
                ]
            ]
        },
        {
            "file_path": "/data/shapenet_blender/all_50_random/02958343/a61488f91b2837f8473f10e6caaeca56/r_21",
            "rotation": 0.12566370614359174,
            "transform_matrix": [
                [
                    -0.26334041357040405,
                    -0.8217228055000305,
                    0.5053941011428833,
                    2.037308931350708
                ],
                [
                    0.9647030234336853,
                    -0.22431032359600067,
                    0.137960284948349,
                    0.5561357736587524
                ],
                [
                    0.0,
                    0.5238857269287109,
                    0.8517884612083435,
                    3.433669328689575
                ],
                [
                    0.0,
                    0.0,
                    0.0,
                    1.0
                ]
            ]
        },
        {
            "file_path": "/data/shapenet_blender/all_50_random/02958343/a61488f91b2837f8473f10e6caaeca56/r_22",
            "rotation": 0.12566370614359174,
            "transform_matrix": [
                [
                    0.7322366237640381,
                    0.5100752115249634,
                    0.4512789249420166,
                    1.8191636800765991
                ],
                [
                    0.6810503005981445,
                    -0.5484114289283752,
                    -0.4851961135864258,
                    -1.955888271331787
                ],
                [
                    0.0,
                    0.6626220345497131,
                    -0.7489538192749023,
                    -3.019129753112793
                ],
                [
                    0.0,
                    0.0,
                    0.0,
                    1.0
                ]
            ]
        },
        {
            "file_path": "/data/shapenet_blender/all_50_random/02958343/a61488f91b2837f8473f10e6caaeca56/r_23",
            "rotation": 0.12566370614359174,
            "transform_matrix": [
                [
                    -0.9980748891830444,
                    0.03479136899113655,
                    0.051343102008104324,
                    0.20697066187858582
                ],
                [
                    0.062020592391490936,
                    0.5598849058151245,
                    0.826245903968811,
                    3.3307037353515625
                ],
                [
                    -1.862645149230957e-09,
                    0.8278395533561707,
                    -0.5609648823738098,
                    -2.261321783065796
                ],
                [
                    0.0,
                    0.0,
                    0.0,
                    1.0
                ]
            ]
        },
        {
            "file_path": "/data/shapenet_blender/all_50_random/02958343/a61488f91b2837f8473f10e6caaeca56/r_24",
            "rotation": 0.12566370614359174,
            "transform_matrix": [
                [
                    0.5597792863845825,
                    0.015582527033984661,
                    0.8284952044487,
                    3.339771270751953
                ],
                [
                    0.8286418318748474,
                    -0.010526593774557114,
                    -0.5596802234649658,
                    -2.25614333152771
                ],
                [
                    0.0,
                    0.9998232126235962,
                    -0.018804898485541344,
                    -0.07580497860908508
                ],
                [
                    0.0,
                    0.0,
                    0.0,
                    1.0
                ]
            ]
        },
        {
            "file_path": "/data/shapenet_blender/all_50_random/02958343/a61488f91b2837f8473f10e6caaeca56/r_25",
            "rotation": 0.12566370614359174,
            "transform_matrix": [
                [
                    0.9890866875648499,
                    0.031765371561050415,
                    -0.143869549036026,
                    -0.5799567103385925
                ],
                [
                    -0.14733459055423737,
                    0.21324729919433594,
                    -0.965825080871582,
                    -3.8933653831481934
                ],
                [
                    0.0,
                    0.9764816761016846,
                    0.21560020744800568,
                    0.8691122531890869
                ],
                [
                    0.0,
                    0.0,
                    0.0,
                    1.0
                ]
            ]
        },
        {
            "file_path": "/data/shapenet_blender/all_50_random/02958343/a61488f91b2837f8473f10e6caaeca56/r_26",
            "rotation": 0.12566370614359174,
            "transform_matrix": [
                [
                    0.18613313138484955,
                    -0.16599693894386292,
                    0.9684004187583923,
                    3.903747081756592
                ],
                [
                    0.9825245141983032,
                    0.03144708648324013,
                    -0.1834574192762375,
                    -0.7395405769348145
                ],
                [
                    0.0,
                    0.9856246709823608,
                    0.1689494103193283,
                    0.6810569167137146
                ],
                [
                    0.0,
                    0.0,
                    0.0,
                    1.0
                ]
            ]
        },
        {
            "file_path": "/data/shapenet_blender/all_50_random/02958343/a61488f91b2837f8473f10e6caaeca56/r_27",
            "rotation": 0.12566370614359174,
            "transform_matrix": [
                [
                    -0.7034197449684143,
                    -0.11507897078990936,
                    0.7013968825340271,
                    2.827421188354492
                ],
                [
                    0.7107747793197632,
                    -0.11388812959194183,
                    0.6941388249397278,
                    2.7981631755828857
                ],
                [
                    -7.450581485102248e-09,
                    0.9868060350418091,
                    0.1619063913822174,
                    0.6526655554771423
                ],
                [
                    0.0,
                    0.0,
                    0.0,
                    1.0
                ]
            ]
        },
        {
            "file_path": "/data/shapenet_blender/all_50_random/02958343/a61488f91b2837f8473f10e6caaeca56/r_28",
            "rotation": 0.12566370614359174,
            "transform_matrix": [
                [
                    -0.5519888997077942,
                    0.013376159593462944,
                    -0.8337441682815552,
                    -3.3609302043914795
                ],
                [
                    -0.8338515162467957,
                    -0.008854684419929981,
                    0.5519178509712219,
                    2.2248520851135254
                ],
                [
                    0.0,
                    0.9998713731765747,
                    0.016041414812207222,
                    0.06466501206159592
                ],
                [
                    0.0,
                    0.0,
                    0.0,
                    1.0
                ]
            ]
        },
        {
            "file_path": "/data/shapenet_blender/all_50_random/02958343/a61488f91b2837f8473f10e6caaeca56/r_29",
            "rotation": 0.12566370614359174,
            "transform_matrix": [
                [
                    -0.9152743220329285,
                    0.09782230854034424,
                    -0.3907734751701355,
                    -1.5752582550048828
                ],
                [
                    -0.40283140540122986,
                    -0.22226230800151825,
                    0.8878774046897888,
                    3.579148292541504
                ],
                [
                    7.450582373280668e-09,
                    0.9700669646263123,
                    0.2428368777036667,
                    0.9789067506790161
                ],
                [
                    0.0,
                    0.0,
                    0.0,
                    1.0
                ]
            ]
        },
        {
            "file_path": "/data/shapenet_blender/all_50_random/02958343/a61488f91b2837f8473f10e6caaeca56/r_30",
            "rotation": 0.12566370614359174,
            "transform_matrix": [
                [
                    0.9968851804733276,
                    0.04663538560271263,
                    0.06360190361738205,
                    0.25638750195503235
                ],
                [
                    0.07886737585067749,
                    -0.5894721746444702,
                    -0.803929328918457,
                    -3.2407429218292236
                ],
                [
                    0.0,
                    0.8064413070678711,
                    -0.5913140177726746,
                    -2.3836631774902344
                ],
                [
                    0.0,
                    0.0,
                    0.0,
                    1.0
                ]
            ]
        },
        {
            "file_path": "/data/shapenet_blender/all_50_random/02958343/a61488f91b2837f8473f10e6caaeca56/r_31",
            "rotation": 0.12566370614359174,
            "transform_matrix": [
                [
                    -0.7710565328598022,
                    0.23509947955608368,
                    0.591776967048645,
                    2.3855295181274414
                ],
                [
                    0.6367666721343994,
                    0.2846803665161133,
                    0.7165787816047668,
                    2.8886218070983887
                ],
                [
                    1.4901161193847656e-08,
                    0.9293466210365295,
                    -0.3692081868648529,
                    -1.4883259534835815
                ],
                [
                    0.0,
                    0.0,
                    0.0,
                    1.0
                ]
            ]
        },
        {
            "file_path": "/data/shapenet_blender/all_50_random/02958343/a61488f91b2837f8473f10e6caaeca56/r_32",
            "rotation": 0.12566370614359174,
            "transform_matrix": [
                [
                    0.9851118922233582,
                    -0.10810297727584839,
                    -0.13367266952991486,
                    -0.538851797580719
                ],
                [
                    -0.17191463708877563,
                    -0.6194558143615723,
                    -0.7659763097763062,
                    -3.087749481201172
                ],
                [
                    7.450580596923828e-09,
                    0.777552604675293,
                    -0.6288177371025085,
                    -2.5348455905914307
                ],
                [
                    0.0,
                    0.0,
                    0.0,
                    1.0
                ]
            ]
        },
        {
            "file_path": "/data/shapenet_blender/all_50_random/02958343/a61488f91b2837f8473f10e6caaeca56/r_33",
            "rotation": 0.12566370614359174,
            "transform_matrix": [
                [
                    0.4888916611671448,
                    0.014825724065303802,
                    -0.8722184300422668,
                    -3.5160253047943115
                ],
                [
                    -0.8723446130752563,
                    0.008308841846883297,
                    -0.48882097005844116,
                    -1.9705004692077637
                ],
                [
                    0.0,
                    0.9998555779457092,
                    0.016995258629322052,
                    0.06851008534431458
                ],
                [
                    0.0,
                    0.0,
                    0.0,
                    1.0
                ]
            ]
        },
        {
            "file_path": "/data/shapenet_blender/all_50_random/02958343/a61488f91b2837f8473f10e6caaeca56/r_34",
            "rotation": 0.12566370614359174,
            "transform_matrix": [
                [
                    -0.49655380845069885,
                    -0.09511315822601318,
                    0.8627791404724121,
                    3.4779739379882812
                ],
                [
                    0.8680060505867004,
                    -0.05441068112850189,
                    0.493563711643219,
                    1.9896190166473389
                ],
                [
                    -3.725290298461914e-09,
                    0.9939783811569214,
                    0.10957661271095276,
                    0.4417174458503723
                ],
                [
                    0.0,
                    0.0,
                    0.0,
                    1.0
                ]
            ]
        },
        {
            "file_path": "/data/shapenet_blender/all_50_random/02958343/a61488f91b2837f8473f10e6caaeca56/r_35",
            "rotation": 0.12566370614359174,
            "transform_matrix": [
                [
                    -0.926413893699646,
                    0.31787654757499695,
                    0.20177200436592102,
                    0.8133690357208252
                ],
                [
                    0.3765069842338562,
                    0.7821508646011353,
                    0.4964698851108551,
                    2.0013341903686523
                ],
                [
                    -1.4901162970204496e-08,
                    0.535905122756958,
                    -0.84427809715271,
                    -3.4033942222595215
                ],
                [
                    0.0,
                    0.0,
                    0.0,
                    1.0
                ]
            ]
        },
        {
            "file_path": "/data/shapenet_blender/all_50_random/02958343/a61488f91b2837f8473f10e6caaeca56/r_36",
            "rotation": 0.12566370614359174,
            "transform_matrix": [
                [
                    0.695672333240509,
                    0.15592707693576813,
                    0.7012322545051575,
                    2.8267579078674316
                ],
                [
                    0.7183592319488525,
                    -0.1510026454925537,
                    -0.6790862083435059,
                    -2.7374842166900635
                ],
                [
                    0.0,
                    0.9761583209037781,
                    -0.21705999970436096,
                    -0.8749969005584717
                ],
                [
                    0.0,
                    0.0,
                    0.0,
                    1.0
                ]
            ]
        },
        {
            "file_path": "/data/shapenet_blender/all_50_random/02958343/a61488f91b2837f8473f10e6caaeca56/r_37",
            "rotation": 0.12566370614359174,
            "transform_matrix": [
                [
                    -0.8965184688568115,
                    -0.33095890283584595,
                    0.29448401927948,
                    1.187103033065796
                ],
                [
                    0.44300636649131775,
                    -0.669766366481781,
                    0.5959516167640686,
                    2.402357816696167
                ],
                [
                    0.0,
                    0.6647398471832275,
                    0.7470748424530029,
                    3.0115549564361572
                ],
                [
                    0.0,
                    0.0,
                    0.0,
                    1.0
                ]
            ]
        },
        {
            "file_path": "/data/shapenet_blender/all_50_random/02958343/a61488f91b2837f8473f10e6caaeca56/r_38",
            "rotation": 0.12566370614359174,
            "transform_matrix": [
                [
                    0.9675509333610535,
                    0.01827404834330082,
                    -0.25201427936553955,
                    -1.015902042388916
                ],
                [
                    -0.25267595052719116,
                    0.06997528672218323,
                    -0.9650172591209412,
                    -3.890109062194824
                ],
                [
                    0.0,
                    0.9973813891410828,
                    0.0723220631480217,
                    0.2915395498275757
                ],
                [
                    0.0,
                    0.0,
                    0.0,
                    1.0
                ]
            ]
        },
        {
            "file_path": "/data/shapenet_blender/all_50_random/02958343/a61488f91b2837f8473f10e6caaeca56/r_39",
            "rotation": 0.12566370614359174,
            "transform_matrix": [
                [
                    -0.8278937339782715,
                    0.1717735230922699,
                    -0.5339343547821045,
                    -2.152358293533325
                ],
                [
                    -0.5608850717544556,
                    -0.2535460889339447,
                    0.7881131172180176,
                    3.176985502243042
                ],
                [
                    -1.4901162970204496e-08,
                    0.9519495368003845,
                    0.30625444650650024,
                    1.234551191329956
                ],
                [
                    0.0,
                    0.0,
                    0.0,
                    1.0
                ]
            ]
        },
        {
            "file_path": "/data/shapenet_blender/all_50_random/02958343/a61488f91b2837f8473f10e6caaeca56/r_40",
            "rotation": 0.12566370614359174,
            "transform_matrix": [
                [
                    0.986448347568512,
                    -0.0634496733546257,
                    0.15130707621574402,
                    0.609938383102417
                ],
                [
                    0.16407223045825958,
                    0.3814772665500641,
                    -0.9097006320953369,
                    -3.6671206951141357
                ],
                [
                    -3.725290298461914e-09,
                    0.9221979379653931,
                    0.3867179751396179,
                    1.5589101314544678
                ],
                [
                    0.0,
                    0.0,
                    0.0,
                    1.0
                ]
            ]
        },
        {
            "file_path": "/data/shapenet_blender/all_50_random/02958343/a61488f91b2837f8473f10e6caaeca56/r_41",
            "rotation": 0.12566370614359174,
            "transform_matrix": [
                [
                    -0.06278373301029205,
                    0.018714040517807007,
                    -0.9978516101837158,
                    -4.0224690437316895
                ],
                [
                    -0.9980272650718689,
                    -0.0011772597208619118,
                    0.06277267634868622,
                    0.2530447840690613
                ],
