{
    "class": "02958343",
    "model": "fb6c92a80dd9af59b528c0abff96f586",
    "remove_doubles": true,
    "edge_split": true,
    "denoise": true,
    "camera_angle_x": 0.6911112070083618,
    "scale_factor": 2.3014271010025693,
    "hdri_file": "/data/IndoorHDRDataset2018/AG8A4677-c215096d4c.exr",
    "center_offset": [
        0.0,
        -1.862645149230957e-09,
        -3.725290298461914e-09
    ],
    "lights": [],
    "frames": [
        {
            "file_path": "/data/shapenet_blender/all_50_random/02958343/fb6c92a80dd9af59b528c0abff96f586/r_0",
            "rotation": 0.12566370614359174,
            "transform_matrix": [
                [
                    -0.977154016494751,
                    0.10153202712535858,
                    -0.1867118626832962,
                    -0.7526596188545227
                ],
                [
                    -0.21253253519535065,
                    -0.46681055426597595,
                    0.8584391474723816,
                    3.4604787826538086
                ],
                [
                    0.0,
                    0.8785095810890198,
                    0.47772467136383057,
                    1.9257698059082031
                ],
                [
                    0.0,
                    0.0,
                    0.0,
                    1.0
                ]
            ]
        },
        {
            "file_path": "/data/shapenet_blender/all_50_random/02958343/fb6c92a80dd9af59b528c0abff96f586/r_1",
            "rotation": 0.12566370614359174,
            "transform_matrix": [
                [
                    0.35221409797668457,
                    -0.5370180606842041,
                    0.7665225267410278,
                    3.089951276779175
                ],
                [
                    0.9359194040298462,
                    0.20209576189517975,
                    -0.28846505284309387,
                    -1.1628398895263672
                ],
                [
                    -1.4901160305669237e-08,
                    0.8190048336982727,
                    0.5737865567207336,
                    2.3130078315734863
                ],
                [
                    0.0,
                    0.0,
                    0.0,
                    1.0
                ]
            ]
        },
        {
            "file_path": "/data/shapenet_blender/all_50_random/02958343/fb6c92a80dd9af59b528c0abff96f586/r_2",
            "rotation": 0.12566370614359174,
            "transform_matrix": [
                [
                    -0.7884656190872192,
                    -0.05431389436125755,
                    0.6126760840415955,
                    2.4697763919830322
                ],
                [
                    0.615078866481781,
                    -0.06962462514638901,
                    0.7853854894638062,
                    3.165990114212036
                ],
                [
                    -3.725290298461914e-09,
                    0.9960935115814209,
                    0.08830395340919495,
                    0.35596463084220886
                ],
                [
                    0.0,
                    0.0,
                    0.0,
                    1.0
                ]
            ]
        },
        {
            "file_path": "/data/shapenet_blender/all_50_random/02958343/fb6c92a80dd9af59b528c0abff96f586/r_3",
            "rotation": 0.12566370614359174,
            "transform_matrix": [
                [
                    0.9475799798965454,
                    -0.21914361417293549,
                    -0.23252585530281067,
                    -0.9373416900634766
                ],
                [
                    -0.31951871514320374,
                    -0.6499027609825134,
                    -0.68958979845047,
                    -2.779825448989868
                ],
                [
                    1.4901161193847656e-08,
                    0.7277378439903259,
                    -0.6858553290367126,
                    -2.7647712230682373
                ],
                [
                    0.0,
                    0.0,
                    0.0,
                    1.0
                ]
            ]
        },
        {
            "file_path": "/data/shapenet_blender/all_50_random/02958343/fb6c92a80dd9af59b528c0abff96f586/r_4",
            "rotation": 0.12566370614359174,
            "transform_matrix": [
                [
                    0.49087563157081604,
                    -0.26728373765945435,
                    -0.829216718673706,
                    -3.342679738998413
                ],
                [
                    -0.8712296485900879,
                    -0.1505952924489975,
                    -0.46720436215400696,
                    -1.8833611011505127
                ],
                [
                    -7.450580152834618e-09,
                    0.9517775177955627,
                    -0.3067891001701355,
                    -1.2367064952850342
                ],
                [
                    0.0,
                    0.0,
                    0.0,
                    1.0
                ]
            ]
        },
        {
            "file_path": "/data/shapenet_blender/all_50_random/02958343/fb6c92a80dd9af59b528c0abff96f586/r_5",
            "rotation": 0.12566370614359174,
            "transform_matrix": [
                [
                    -0.5999411940574646,
                    0.21617700159549713,
                    0.7702844142913818,
                    3.1051158905029297
                ],
                [
                    0.8000441789627075,
                    0.162107914686203,
                    0.5776247978210449,
                    2.3284800052642822
                ],
                [
                    0.0,
                    0.9628024101257324,
                    -0.2702063322067261,
                    -1.0892366170883179
                ],
                [
                    0.0,
                    0.0,
                    0.0,
                    1.0
                ]
            ]
        },
        {
            "file_path": "/data/shapenet_blender/all_50_random/02958343/fb6c92a80dd9af59b528c0abff96f586/r_6",
            "rotation": 0.12566370614359174,
            "transform_matrix": [
                [
                    -0.30353447794914246,
                    -0.05037442594766617,
                    -0.9514880180358887,
                    -3.8355703353881836
                ],
                [
                    -0.9528204798698425,
                    0.016047488898038864,
                    0.3031100034713745,
                    1.2218753099441528
                ],
                [
                    1.8626450382086546e-09,
                    0.9986013770103455,
                    -0.052868761122226715,
                    -0.21312077343463898
                ],
                [
                    0.0,
                    0.0,
                    0.0,
                    1.0
                ]
            ]
        },
        {
            "file_path": "/data/shapenet_blender/all_50_random/02958343/fb6c92a80dd9af59b528c0abff96f586/r_7",
            "rotation": 0.12566370614359174,
            "transform_matrix": [
                [
                    -0.8992246389389038,
                    -0.1439361572265625,
                    0.4131311774253845,
                    1.6653850078582764
                ],
                [
                    0.4374871253967285,
                    -0.29585084319114685,
                    0.8491626977920532,
                    3.423084259033203
                ],
                [
                    -7.450580152834618e-09,
                    0.9443275928497314,
                    0.3290066123008728,
                    1.3262680768966675
                ],
                [
                    0.0,
                    0.0,
                    0.0,
                    1.0
                ]
            ]
        },
        {
            "file_path": "/data/shapenet_blender/all_50_random/02958343/fb6c92a80dd9af59b528c0abff96f586/r_8",
            "rotation": 0.12566370614359174,
            "transform_matrix": [
                [
                    -0.8904056549072266,
                    -0.1886260062456131,
                    -0.4142439067363739,
                    -1.6698707342147827
                ],
                [
                    -0.4551679491996765,
                    0.36899271607398987,
                    0.8103495240211487,
                    3.2666237354278564
                ],
                [
                    0.0,
                    0.9100902676582336,
                    -0.41440972685813904,
                    -1.670539140701294
                ],
                [
                    0.0,
                    0.0,
                    0.0,
                    1.0
                ]
            ]
        },
        {
            "file_path": "/data/shapenet_blender/all_50_random/02958343/fb6c92a80dd9af59b528c0abff96f586/r_9",
            "rotation": 0.12566370614359174,
            "transform_matrix": [
                [
                    -0.07976143062114716,
                    0.9928624033927917,
                    0.08866839110851288,
                    0.3574337065219879
                ],
                [
                    0.9968140721321106,
                    0.0794452354311943,
                    0.007094922009855509,
                    0.0286005437374115
                ],
                [
                    0.0,
                    0.08895150572061539,
                    -0.9960359334945679,
                    -4.015149116516113
                ],
                [
                    0.0,
                    0.0,
                    0.0,
                    1.0
                ]
            ]
        },
        {
            "file_path": "/data/shapenet_blender/all_50_random/02958343/fb6c92a80dd9af59b528c0abff96f586/r_10",
            "rotation": 0.12566370614359174,
            "transform_matrix": [
                [
                    -0.9420927166938782,
                    0.13176357746124268,
                    0.3083822727203369,
                    1.2431285381317139
                ],
                [
                    0.33535242080688477,
                    0.3701583743095398,
                    0.8663265109062195,
                    3.4922735691070557
                ],
                [
                    0.0,
                    0.9195767045021057,
                    -0.39291074872016907,
                    -1.5838737487792969
                ],
                [
                    0.0,
                    0.0,
                    0.0,
                    1.0
                ]
            ]
        },
        {
            "file_path": "/data/shapenet_blender/all_50_random/02958343/fb6c92a80dd9af59b528c0abff96f586/r_11",
            "rotation": 0.12566370614359174,
            "transform_matrix": [
                [
                    0.11505348235368729,
                    0.07374932616949081,
                    0.9906178712844849,
                    3.9933083057403564
                ],
                [
                    0.9933593273162842,
                    -0.008541840128600597,
                    -0.11473596096038818,
                    -0.4625154435634613
                ],
                [
                    0.0,
                    0.9972402453422546,
                    -0.07424234598875046,
                    -0.29928046464920044
                ],
                [
                    0.0,
                    0.0,
                    0.0,
                    1.0
                ]
            ]
        },
        {
            "file_path": "/data/shapenet_blender/all_50_random/02958343/fb6c92a80dd9af59b528c0abff96f586/r_12",
            "rotation": 0.12566370614359174,
            "transform_matrix": [
                [
                    0.17649996280670166,
                    -0.023141752928495407,
                    0.9840285778045654,
                    3.9667458534240723
                ],
                [
                    0.9843006730079651,
                    0.004149665590375662,
                    -0.176451176404953,
                    -0.7112973928451538
                ],
                [
                    0.0,
                    0.9997236132621765,
                    0.023510856553912163,
                    0.09477528929710388
                ],
                [
                    0.0,
                    0.0,
                    0.0,
                    1.0
                ]
            ]
        },
        {
            "file_path": "/data/shapenet_blender/all_50_random/02958343/fb6c92a80dd9af59b528c0abff96f586/r_13",
            "rotation": 0.12566370614359174,
            "transform_matrix": [
                [
                    0.9161666631698608,
                    -0.38824528455734253,
                    -0.09952055662870407,
                    -0.4011802077293396
                ],
                [
                    -0.40079763531684875,
                    -0.8874737620353699,
                    -0.22748993337154388,
                    -0.9170412421226501
                ],
                [
                    1.4901161193847656e-08,
                    0.2483062595129013,
                    -0.9686815738677979,
                    -3.9048802852630615
                ],
                [
                    0.0,
                    0.0,
                    0.0,
                    1.0
                ]
            ]
        },
        {
            "file_path": "/data/shapenet_blender/all_50_random/02958343/fb6c92a80dd9af59b528c0abff96f586/r_14",
            "rotation": 0.12566370614359174,
            "transform_matrix": [
                [
                    0.9450500011444092,
                    0.15417709946632385,
                    0.2882882356643677,
                    1.1621270179748535
                ],
                [
                    0.3269261121749878,
                    -0.4456818699836731,
                    -0.8333588242530823,
                    -3.359376907348633
                ],
                [
                    0.0,
                    0.8818145990371704,
                    -0.4715961515903473,
                    -1.9010648727416992
                ],
                [
                    0.0,
                    0.0,
                    0.0,
                    1.0
                ]
            ]
        },
        {
            "file_path": "/data/shapenet_blender/all_50_random/02958343/fb6c92a80dd9af59b528c0abff96f586/r_15",
            "rotation": 0.12566370614359174,
            "transform_matrix": [
                [
                    -0.6480397582054138,
                    -0.542320728302002,
                    0.5347267985343933,
                    2.155552625656128
                ],
                [
                    0.7616064548492432,
                    -0.4614527225494385,
                    0.45499110221862793,
                    1.8341277837753296
                ],
                [
                    2.9802318834981634e-08,
                    0.7021036744117737,
                    0.7120746970176697,
                    2.87046480178833
                ],
                [
                    0.0,
                    0.0,
                    0.0,
                    1.0
                ]
            ]
        },
        {
            "file_path": "/data/shapenet_blender/all_50_random/02958343/fb6c92a80dd9af59b528c0abff96f586/r_16",
            "rotation": 0.12566370614359174,
            "transform_matrix": [
                [
                    0.8508232831954956,
                    -0.44723838567733765,
                    -0.2758215665817261,
                    -1.1118721961975098
                ],
                [
                    -0.5254519581794739,
                    -0.72417813539505,
                    -0.4466162919998169,
                    -1.8003675937652588
                ],
                [
                    -1.4901161193847656e-08,
                    0.5249224305152893,
                    -0.8511500954627991,
                    -3.4310953617095947
                ],
                [
                    0.0,
                    0.0,
                    0.0,
                    1.0
                ]
            ]
        },
        {
            "file_path": "/data/shapenet_blender/all_50_random/02958343/fb6c92a80dd9af59b528c0abff96f586/r_17",
            "rotation": 0.12566370614359174,
            "transform_matrix": [
                [
                    0.17906060814857483,
                    0.6090877056121826,
                    0.7726249694824219,
                    3.114551067352295
                ],
                [
                    0.9838380813598633,
                    -0.11085524410009384,
                    -0.14061936736106873,
                    -0.5668548345565796
                ],
                [
                    0.0,
                    0.7853173613548279,
                    -0.6190934181213379,
                    -2.495645523071289
                ],
                [
                    0.0,
                    0.0,
                    0.0,
                    1.0
                ]
            ]
        },
        {
            "file_path": "/data/shapenet_blender/all_50_random/02958343/fb6c92a80dd9af59b528c0abff96f586/r_18",
            "rotation": 0.12566370614359174,
            "transform_matrix": [
                [
                    -0.3089413046836853,
                    0.5888627171516418,
                    0.7468574047088623,
                    3.01067852973938
                ],
                [
                    0.9510811567306519,
                    0.1912812739610672,
                    0.24260294437408447,
                    0.9779637455940247
                ],
                [
                    0.0,
                    0.7852721214294434,
                    -0.6191508173942566,
                    -2.4958767890930176
                ],
                [
                    0.0,
                    0.0,
                    0.0,
                    1.0
                ]
            ]
        },
        {
            "file_path": "/data/shapenet_blender/all_50_random/02958343/fb6c92a80dd9af59b528c0abff96f586/r_19",
            "rotation": 0.12566370614359174,
            "transform_matrix": [
                [
                    -0.9999885559082031,
                    0.0033577647991478443,
                    0.003416474210098386,
                    0.013772249221801758
                ],
                [
                    0.004790290724486113,
                    0.7009441256523132,
                    0.7131999135017395,
                    2.8750009536743164
                ],
                [
                    0.0,
                    0.7132081389427185,
                    -0.7009522318840027,
                    -2.8256289958953857
                ],
                [
                    0.0,
                    0.0,
                    0.0,
                    1.0
                ]
            ]
        },
        {
            "file_path": "/data/shapenet_blender/all_50_random/02958343/fb6c92a80dd9af59b528c0abff96f586/r_20",
            "rotation": 0.12566370614359174,
            "transform_matrix": [
                [
                    0.9333386421203613,
                    0.12801894545555115,
                    -0.3353954553604126,
                    -1.3520222902297974
                ],
                [
                    -0.3589971363544464,
                    0.3328300416469574,
                    -0.8719777464866638,
                    -3.515054702758789
                ],
                [
                    7.450580152834618e-09,
                    0.9342564940452576,
                    0.3566015660762787,
                    1.437506914138794
                ],
                [
                    0.0,
                    0.0,
                    0.0,
                    1.0
                ]
            ]
        },
        {
            "file_path": "/data/shapenet_blender/all_50_random/02958343/fb6c92a80dd9af59b528c0abff96f586/r_21",
            "rotation": 0.12566370614359174,
            "transform_matrix": [
                [
                    0.3232196271419525,
                    -0.07422339916229248,
                    -0.9434086680412292,
                    -3.803001880645752
                ],
                [
                    -0.9463239312171936,
                    -0.025351213291287422,
                    -0.3222239017486572,
                    -1.2989261150360107
                ],
                [
                    0.0,
                    0.9969193339347839,
                    -0.07843339443206787,
                    -0.3161751329898834
                ],
                [
                    0.0,
                    0.0,
                    0.0,
                    1.0
                ]
            ]
        },
        {
            "file_path": "/data/shapenet_blender/all_50_random/02958343/fb6c92a80dd9af59b528c0abff96f586/r_22",
            "rotation": 0.12566370614359174,
            "transform_matrix": [
                [
                    0.2546742856502533,
                    0.09483339637517929,
                    -0.9623655080795288,
                    -3.8794198036193848
                ],
                [
                    -0.9670268297195435,
                    0.024975135922431946,
                    -0.25344666838645935,
                    -1.0216763019561768
                ],
                [
                    0.0,
                    0.9951797723770142,
                    0.09806696325540543,
                    0.3953205943107605
                ],
                [
                    0.0,
                    0.0,
                    0.0,
                    1.0
                ]
            ]
        },
        {
            "file_path": "/data/shapenet_blender/all_50_random/02958343/fb6c92a80dd9af59b528c0abff96f586/r_23",
            "rotation": 0.12566370614359174,
            "transform_matrix": [
                [
                    -0.6254744529724121,
                    0.24620690941810608,
                    0.7403808832168579,
                    2.9845709800720215
                ],
                [
                    0.7802447080612183,
                    0.19736900925636292,
                    0.5935180187225342,
                    2.392547845840454
                ],
                [
                    0.0,
                    0.9489087462425232,
                    -0.31555086374282837,
                    -1.2720263004302979
                ],
                [
                    0.0,
                    0.0,
                    0.0,
                    1.0
                ]
            ]
        },
        {
            "file_path": "/data/shapenet_blender/all_50_random/02958343/fb6c92a80dd9af59b528c0abff96f586/r_24",
            "rotation": 0.12566370614359174,
            "transform_matrix": [
                [
                    -0.06150128319859505,
                    0.6359501481056213,
                    0.7692755460739136,
                    3.1010491847991943
                ],
                [
                    0.9981070160865784,
                    0.03918593004345894,
                    0.04740116372704506,
                    0.1910802125930786
                ],
                [
                    -1.862645149230957e-09,
                    0.7707346081733704,
                    -0.6371561884880066,
                    -2.5684590339660645
                ],
                [
                    0.0,
                    0.0,
                    0.0,
                    1.0
                ]
            ]
        },
        {
            "file_path": "/data/shapenet_blender/all_50_random/02958343/fb6c92a80dd9af59b528c0abff96f586/r_25",
            "rotation": 0.12566370614359174,
            "transform_matrix": [
                [
                    -0.7823106646537781,
                    0.5739881992340088,
                    -0.24192453920841217,
                    -0.975229024887085
                ],
                [
                    -0.622888445854187,
                    -0.7208949327468872,
                    0.30384278297424316,
                    1.2248294353485107
                ],
                [
                    0.0,
                    0.3883914053440094,
                    0.9214944839477539,
                    3.714663028717041
                ],
                [
                    0.0,
                    0.0,
                    0.0,
                    1.0
                ]
            ]
        },
        {
            "file_path": "/data/shapenet_blender/all_50_random/02958343/fb6c92a80dd9af59b528c0abff96f586/r_26",
            "rotation": 0.12566370614359174,
            "transform_matrix": [
                [
                    -0.6756850481033325,
                    -0.11394770443439484,
                    -0.7283307313919067,
                    -2.935995101928711
                ],
                [
                    -0.7371904253959656,
                    0.10444080084562302,
                    0.6675645112991333,
                    2.6910386085510254
                ],
                [
                    0.0,
                    0.9879816770553589,
                    -0.15457026660442352,
                    -0.6230926513671875
                ],
                [
                    0.0,
                    0.0,
                    0.0,
                    1.0
                ]
            ]
        },
        {
            "file_path": "/data/shapenet_blender/all_50_random/02958343/fb6c92a80dd9af59b528c0abff96f586/r_27",
            "rotation": 0.12566370614359174,
            "transform_matrix": [
                [
                    -0.5879915952682495,
                    0.7623077630996704,
                    -0.270467609167099,
                    -1.090289831161499
                ],
                [
                    -0.8088671565055847,
                    -0.5541460514068604,
                    0.19661159813404083,
                    0.79256671667099
                ],
                [
                    -1.4901162970204496e-08,
                    0.3343782424926758,
                    0.9424389004707336,
                    3.7990927696228027
                ],
                [
                    0.0,
                    0.0,
                    0.0,
                    1.0
                ]
            ]
        },
        {
            "file_path": "/data/shapenet_blender/all_50_random/02958343/fb6c92a80dd9af59b528c0abff96f586/r_28",
            "rotation": 0.12566370614359174,
            "transform_matrix": [
                [
                    0.7003081440925598,
                    -0.17634998261928558,
                    -0.6917146444320679,
                    -2.788390636444092
                ],
                [
                    -0.7138406038284302,
                    -0.17300690710544586,
                    -0.6786016821861267,
                    -2.7355306148529053
                ],
                [
                    -1.4901158529312397e-08,
                    0.9690043330192566,
                    -0.24704395234584808,
                    -0.9958658814430237
                ],
                [
                    0.0,
                    0.0,
                    0.0,
                    1.0
                ]
            ]
        },
        {
            "file_path": "/data/shapenet_blender/all_50_random/02958343/fb6c92a80dd9af59b528c0abff96f586/r_29",
            "rotation": 0.12566370614359174,
            "transform_matrix": [
                [
                    -0.9707165360450745,
                    -0.0014279137831181288,
                    0.2402237504720688,
                    0.9683729410171509
                ],
                [
                    0.24022802710533142,
                    -0.005769933108240366,
                    0.9706993103027344,
                    3.9130141735076904
                ],
                [
                    0.0,
                    0.9999822974205017,
                    0.0059439935721457005,
                    0.023961003869771957
                ],
                [
                    0.0,
                    0.0,
                    0.0,
                    1.0
                ]
            ]
        },
        {
            "file_path": "/data/shapenet_blender/all_50_random/02958343/fb6c92a80dd9af59b528c0abff96f586/r_30",
            "rotation": 0.12566370614359174,
            "transform_matrix": [
                [
                    -0.7206276059150696,
                    -0.40441346168518066,
                    0.56315678358078,
                    2.270157814025879
                ],
                [
                    0.6933224201202393,
                    -0.42034053802490234,
                    0.5853356719017029,
                    2.3595638275146484
                ],
                [
                    0.0,
                    0.8122583031654358,
                    0.583297848701477,
                    2.351349115371704
                ],
                [
                    0.0,
                    0.0,
                    0.0,
                    1.0
                ]
            ]
        },
        {
            "file_path": "/data/shapenet_blender/all_50_random/02958343/fb6c92a80dd9af59b528c0abff96f586/r_31",
            "rotation": 0.12566370614359174,
            "transform_matrix": [
                [
                    -0.9708974361419678,
                    0.05791822075843811,
                    -0.232386514544487,
                    -0.9367799758911133
                ],
                [
                    -0.23949529230594635,
                    -0.23479647934436798,
                    0.9420788884162903,
                    3.7976415157318115
                ],
                [
                    -3.725290076417309e-09,
                    0.9703174829483032,
                    0.24183446168899536,
                    0.9748659133911133
                ],
                [
                    0.0,
                    0.0,
                    0.0,
                    1.0
                ]
            ]
        },
        {
            "file_path": "/data/shapenet_blender/all_50_random/02958343/fb6c92a80dd9af59b528c0abff96f586/r_32",
            "rotation": 0.12566370614359174,
            "transform_matrix": [
                [
                    0.32489654421806335,
                    0.2393961250782013,
                    -0.9149489998817444,
                    -3.68827748298645
                ],
                [
                    -0.9457495212554932,
                    0.08224056661128998,
                    -0.3143155574798584,
                    -1.267046570777893
                ],
                [
                    0.0,
                    0.9674326181411743,
                    0.2531284689903259,
                    1.0203934907913208
                ],
                [
                    0.0,
                    0.0,
                    0.0,
                    1.0
                ]
            ]
        },
        {
            "file_path": "/data/shapenet_blender/all_50_random/02958343/fb6c92a80dd9af59b528c0abff96f586/r_33",
            "rotation": 0.12566370614359174,
            "transform_matrix": [
                [
                    -0.995324432849884,
                    -0.05466717109084129,
                    -0.07962976396083832,
                    -0.32099786400794983
                ],
                [
                    -0.09658883512020111,
                    0.5633319020271301,
                    0.820565402507782,
                    3.307805299758911
                ],
                [
                    -3.725290742551124e-09,
                    0.8244202136993408,
                    -0.5659781694412231,
                    -2.28153133392334
                ],
                [
                    0.0,
                    0.0,
                    0.0,
                    1.0
                ]
            ]
        },
        {
            "file_path": "/data/shapenet_blender/all_50_random/02958343/fb6c92a80dd9af59b528c0abff96f586/r_34",
            "rotation": 0.12566370614359174,
            "transform_matrix": [
                [
                    0.8199763298034668,
                    0.24430152773857117,
                    -0.5176442265510559,
                    -2.086690902709961
                ],
                [
                    -0.5723974704742432,
                    0.34996914863586426,
                    -0.7415406703948975,
                    -2.989246368408203
                ],
                [
                    0.0,
                    0.9043440222740173,
                    0.42680394649505615,
                    1.7205018997192383
                ],
                [
                    0.0,
                    0.0,
                    0.0,
                    1.0
                ]
            ]
        },
        {
            "file_path": "/data/shapenet_blender/all_50_random/02958343/fb6c92a80dd9af59b528c0abff96f586/r_35",
            "rotation": 0.12566370614359174,
            "transform_matrix": [
                [
                    -0.5907420516014099,
                    -0.8057935833930969,
                    0.041478611528873444,
                    0.16720563173294067
                ],
                [
                    0.8068604469299316,
                    -0.5899609923362732,
                    0.03036852367222309,
                    0.12241943180561066
                ],
                [
                    1.862645149230957e-09,
                    0.05140796676278114,
                    0.9986777305603027,
                    4.025798797607422
                ],
                [
                    0.0,
                    0.0,
                    0.0,
                    1.0
                ]
            ]
        },
        {
            "file_path": "/data/shapenet_blender/all_50_random/02958343/fb6c92a80dd9af59b528c0abff96f586/r_36",
            "rotation": 0.12566370614359174,
            "transform_matrix": [
                [
                    -0.9998336434364319,
                    -0.010008295997977257,
                    0.015252201817929745,
                    0.06148359179496765
                ],
                [
                    0.018242686986923218,
                    -0.5485283136367798,
                    0.8359329700469971,
                    3.36975359916687
                ],
                [
                    0.0,
                    0.8360721468925476,
                    0.5486195087432861,
                    2.2115559577941895
                ],
                [
                    0.0,
                    0.0,
                    0.0,
                    1.0
                ]
            ]
        },
        {
            "file_path": "/data/shapenet_blender/all_50_random/02958343/fb6c92a80dd9af59b528c0abff96f586/r_37",
            "rotation": 0.12566370614359174,
            "transform_matrix": [
                [
                    -0.14638371765613556,
                    0.7077801823616028,
                    0.6910998225212097,
                    2.78591251373291
                ],
                [
                    0.9892279505729675,
                    0.10473570972681046,
                    0.10226739197969437,
                    0.4122530519962311
                ],
                [
                    0.0,
                    0.6986255049705505,
                    -0.7154874801635742,
                    -2.8842222690582275
                ],
                [
                    0.0,
                    0.0,
                    0.0,
                    1.0
                ]
            ]
        },
        {
            "file_path": "/data/shapenet_blender/all_50_random/02958343/fb6c92a80dd9af59b528c0abff96f586/r_38",
            "rotation": 0.12566370614359174,
            "transform_matrix": [
                [
                    0.41721683740615845,
                    -0.46921032667160034,
                    -0.7783134579658508,
                    -3.137481927871704
                ],
                [
                    -0.9088069200515747,
                    -0.21540597081184387,
                    -0.35730963945388794,
                    -1.4403612613677979
                ],
                [
                    0.0,
                    0.8564122319221497,
                    -0.5162925720214844,
                    -2.0812418460845947
                ],
                [
                    0.0,
                    0.0,
                    0.0,
                    1.0
                ]
            ]
        },
        {
            "file_path": "/data/shapenet_blender/all_50_random/02958343/fb6c92a80dd9af59b528c0abff96f586/r_39",
            "rotation": 0.12566370614359174,
            "transform_matrix": [
                [
                    0.46823054552078247,
                    -0.034344758838415146,
                    -0.8829385638237,
                    -3.559239387512207
                ],
                [
                    -0.8836063146591187,
                    -0.018199581652879715,
                    -0.46787670254707336,
                    -1.8860714435577393
                ],
                [
                    0.0,
                    0.9992443323135376,
                    -0.03886884078383446,
                    -0.15668532252311707
                ],
                [
                    0.0,
                    0.0,
                    0.0,
                    1.0
                ]
            ]
        },
        {
            "file_path": "/data/shapenet_blender/all_50_random/02958343/fb6c92a80dd9af59b528c0abff96f586/r_40",
            "rotation": 0.12566370614359174,
            "transform_matrix": [
                [
                    -0.9999651908874512,
                    0.008289576508104801,
                    -0.0009615543531253934,
                    -0.0038761496543884277
                ],
                [
                    -0.008345158770680428,
                    -0.9933050274848938,
                    0.11521901190280914,
                    0.4644626975059509
                ],
                [
                    5.820766785236131e-11,
                    0.11522296071052551,
                    0.9933395981788635,
                    4.004280090332031
                ],
                [
                    0.0,
                    0.0,
                    0.0,
                    1.0
                ]
            ]
        },
        {
            "file_path": "/data/shapenet_blender/all_50_random/02958343/fb6c92a80dd9af59b528c0abff96f586/r_41",
            "rotation": 0.12566370614359174,
            "transform_matrix": [
                [
                    0.6699738502502441,
                    0.13664454221725464,
                    -0.7297008037567139,
                    -2.9415180683135986
                ],
                [
                    -0.742384672164917,
                    0.12331648916006088,
                    -0.658527135848999,
                    -2.6546077728271484
                ],
                [
                    0.0,
