{
    "class": "02958343",
    "model": "fab45f900797908bbda733a39f84326d",
    "remove_doubles": true,
    "edge_split": true,
    "denoise": true,
    "camera_angle_x": 0.6911112070083618,
    "scale_factor": 2.27250779120017,
    "hdri_file": "/data/IndoorHDRDataset2018/9C4A7559-d17b29e683.exr",
    "center_offset": [
        0.0,
        0.0,
        -1.862645149230957e-09
    ],
    "lights": [],
    "frames": [
        {
            "file_path": "/data/shapenet_blender/all_50_random/02958343/fab45f900797908bbda733a39f84326d/r_0",
            "rotation": 0.12566370614359174,
            "transform_matrix": [
                [
                    -0.9997598528862,
                    -0.0028814219404011965,
                    -0.021725215017795563,
                    -0.08757714927196503
                ],
                [
                    -0.021915467455983162,
                    0.13144734501838684,
                    0.9910808205604553,
                    3.9951748847961426
                ],
                [
                    0.0,
                    0.9913190007209778,
                    -0.1314789056777954,
                    -0.5300084948539734
                ],
                [
                    0.0,
                    0.0,
                    0.0,
                    1.0
                ]
            ]
        },
        {
            "file_path": "/data/shapenet_blender/all_50_random/02958343/fab45f900797908bbda733a39f84326d/r_1",
            "rotation": 0.12566370614359174,
            "transform_matrix": [
                [
                    -0.325511634349823,
                    -0.7242558598518372,
                    -0.6078614592552185,
                    -2.4503679275512695
                ],
                [
                    -0.9455380439758301,
                    0.24933287501335144,
                    0.20926284790039062,
                    0.8435655236244202
                ],
                [
                    0.0,
                    0.6428735852241516,
                    -0.7659721970558167,
                    -3.0877327919006348
                ],
                [
                    0.0,
                    0.0,
                    0.0,
                    1.0
                ]
            ]
        },
        {
            "file_path": "/data/shapenet_blender/all_50_random/02958343/fab45f900797908bbda733a39f84326d/r_2",
            "rotation": 0.12566370614359174,
            "transform_matrix": [
                [
                    -0.5061019062995911,
                    -0.14813914895057678,
                    -0.8496561646461487,
                    -3.4250736236572266
                ],
                [
                    -0.8624737858772278,
                    0.08692844212055206,
                    0.4985805153846741,
                    2.0098423957824707
                ],
                [
                    -7.450581485102248e-09,
                    0.9851386547088623,
                    -0.17176076769828796,
                    -0.6923897862434387
                ],
                [
                    0.0,
                    0.0,
                    0.0,
                    1.0
                ]
            ]
        },
        {
            "file_path": "/data/shapenet_blender/all_50_random/02958343/fab45f900797908bbda733a39f84326d/r_3",
            "rotation": 0.12566370614359174,
            "transform_matrix": [
                [
                    -0.013850715942680836,
                    -0.13005828857421875,
                    0.9914095997810364,
                    3.996500015258789
                ],
                [
                    0.9999041557312012,
                    -0.0018015732057392597,
                    0.013733048923313618,
                    0.05535969138145447
                ],
                [
                    1.1641533570472262e-10,
                    0.9915046691894531,
                    0.1300707757472992,
                    0.5243320465087891
                ],
                [
                    0.0,
                    0.0,
                    0.0,
                    1.0
                ]
            ]
        },
        {
            "file_path": "/data/shapenet_blender/all_50_random/02958343/fab45f900797908bbda733a39f84326d/r_4",
            "rotation": 0.12566370614359174,
            "transform_matrix": [
                [
                    0.96135413646698,
                    -0.010819997638463974,
                    0.2751021683216095,
                    1.1089723110198975
                ],
                [
                    0.2753148674964905,
                    0.037781648337841034,
                    -0.9606114029884338,
                    -3.8723483085632324
                ],
                [
                    0.0,
                    0.9992274045944214,
                    0.039300449192523956,
                    0.15842518210411072
                ],
                [
                    0.0,
                    0.0,
                    0.0,
                    1.0
                ]
            ]
        },
        {
            "file_path": "/data/shapenet_blender/all_50_random/02958343/fab45f900797908bbda733a39f84326d/r_5",
            "rotation": 0.12566370614359174,
            "transform_matrix": [
                [
                    -0.4064348042011261,
                    -0.47755104303359985,
                    0.7789453268051147,
                    3.140028953552246
                ],
                [
                    0.9136798977851868,
                    -0.21243037283420563,
                    0.346500426530838,
                    1.3967878818511963
                ],
                [
                    0.0,
                    0.8525364398956299,
                    0.5226677656173706,
                    2.1069412231445312
                ],
                [
                    0.0,
                    0.0,
                    0.0,
                    1.0
                ]
            ]
        },
        {
            "file_path": "/data/shapenet_blender/all_50_random/02958343/fab45f900797908bbda733a39f84326d/r_6",
            "rotation": 0.12566370614359174,
            "transform_matrix": [
                [
                    -0.5926604270935059,
                    -0.7201173901557922,
                    0.36081114411354065,
                    1.454476237297058
                ],
                [
                    0.8054525256156921,
                    -0.5298699140548706,
                    0.2654885947704315,
                    1.070218801498413
                ],
                [
                    1.4901161193847656e-08,
                    0.44796067476272583,
                    0.8940532207489014,
                    3.60404372215271
                ],
                [
                    0.0,
                    0.0,
                    0.0,
                    1.0
                ]
            ]
        },
        {
            "file_path": "/data/shapenet_blender/all_50_random/02958343/fab45f900797908bbda733a39f84326d/r_7",
            "rotation": 0.12566370614359174,
            "transform_matrix": [
                [
                    0.04880243539810181,
                    -0.11136007308959961,
                    -0.9925811290740967,
                    -4.001222610473633
                ],
                [
                    -0.9988085031509399,
                    -0.005441125016659498,
                    -0.048498161137104034,
                    -0.19550234079360962
                ],
                [
                    4.656612873077393e-10,
                    0.9937651753425598,
                    -0.11149292439222336,
                    -0.4494423568248749
                ],
                [
                    0.0,
                    0.0,
                    0.0,
                    1.0
                ]
            ]
        },
        {
            "file_path": "/data/shapenet_blender/all_50_random/02958343/fab45f900797908bbda733a39f84326d/r_8",
            "rotation": 0.12566370614359174,
            "transform_matrix": [
                [
                    -0.7415817379951477,
                    -0.42255330085754395,
                    0.5210615992546082,
                    2.10046648979187
                ],
                [
                    0.6708624958992004,
                    -0.4670969247817993,
                    0.5759894847869873,
                    2.321887969970703
                ],
                [
                    1.4901162970204496e-08,
                    0.7767040133476257,
                    0.6298657059669495,
                    2.539069890975952
                ],
                [
                    0.0,
                    0.0,
                    0.0,
                    1.0
                ]
            ]
        },
        {
            "file_path": "/data/shapenet_blender/all_50_random/02958343/fab45f900797908bbda733a39f84326d/r_9",
            "rotation": 0.12566370614359174,
            "transform_matrix": [
                [
                    0.8646520376205444,
                    -0.07873604446649551,
                    0.4961628019809723,
                    2.000096321105957
                ],
                [
                    0.5023713111877441,
                    0.13551585376262665,
                    -0.8539662957191467,
                    -3.442448377609253
                ],
                [
                    0.0,
                    0.9876415729522705,
                    0.15672878921031952,
                    0.6317940354347229
                ],
                [
                    0.0,
                    0.0,
                    0.0,
                    1.0
                ]
            ]
        },
        {
            "file_path": "/data/shapenet_blender/all_50_random/02958343/fab45f900797908bbda733a39f84326d/r_10",
            "rotation": 0.12566370614359174,
            "transform_matrix": [
                [
                    0.7061929106712341,
                    0.049477145075798035,
                    -0.7062886357307434,
                    -2.8471405506134033
                ],
                [
                    -0.708019495010376,
                    0.04934949427843094,
                    -0.7044664621353149,
                    -2.8397951126098633
                ],
                [
                    -3.725290298461914e-09,
                    0.9975553750991821,
                    0.06988104432821274,
                    0.2816995084285736
                ],
                [
                    0.0,
                    0.0,
                    0.0,
                    1.0
                ]
            ]
        },
        {
            "file_path": "/data/shapenet_blender/all_50_random/02958343/fab45f900797908bbda733a39f84326d/r_11",
            "rotation": 0.12566370614359174,
            "transform_matrix": [
                [
                    0.9393061399459839,
                    -0.00022248354798648506,
                    0.3430801033973694,
                    1.383000135421753
                ],
                [
                    0.34308019280433655,
                    0.0006091291434131563,
                    -0.9393059015274048,
                    -3.7864632606506348
                ],
                [
                    1.4551915228366852e-11,
                    0.9999997615814209,
                    0.000648488465230912,
                    0.002614140510559082
                ],
                [
                    0.0,
                    0.0,
                    0.0,
                    1.0
                ]
            ]
        },
        {
            "file_path": "/data/shapenet_blender/all_50_random/02958343/fab45f900797908bbda733a39f84326d/r_12",
            "rotation": 0.12566370614359174,
            "transform_matrix": [
                [
                    -0.5849741101264954,
                    0.5889108777046204,
                    0.557664155960083,
                    2.248016357421875
                ],
                [
                    0.8110520839691162,
                    0.42475399374961853,
                    0.40221720933914185,
                    1.6213895082473755
                ],
                [
                    0.0,
                    0.6875813007354736,
                    -0.7261072993278503,
                    -2.927032470703125
                ],
                [
                    0.0,
                    0.0,
                    0.0,
                    1.0
                ]
            ]
        },
        {
            "file_path": "/data/shapenet_blender/all_50_random/02958343/fab45f900797908bbda733a39f84326d/r_13",
            "rotation": 0.12566370614359174,
            "transform_matrix": [
                [
                    -0.6172390580177307,
                    0.05836723372340202,
                    0.7846077084541321,
                    3.1628544330596924
                ],
                [
                    0.7867756485939026,
                    0.04579010233283043,
                    0.6155382990837097,
                    2.481313943862915
                ],
                [
                    3.725290076417309e-09,
                    0.9972444772720337,
                    -0.07418535649776459,
                    -0.2990506887435913
                ],
                [
                    0.0,
                    0.0,
                    0.0,
                    1.0
                ]
            ]
        },
        {
            "file_path": "/data/shapenet_blender/all_50_random/02958343/fab45f900797908bbda733a39f84326d/r_14",
            "rotation": 0.12566370614359174,
            "transform_matrix": [
                [
                    0.3670004904270172,
                    -0.30636098980903625,
                    0.8783242106437683,
                    3.5406384468078613
                ],
                [
                    0.9302207827568054,
                    0.12086876481771469,
                    -0.3465256989002228,
                    -1.3968899250030518
                ],
                [
                    0.0,
                    0.9442105293273926,
                    0.329342246055603,
                    1.3276212215423584
                ],
                [
                    0.0,
                    0.0,
                    0.0,
                    1.0
                ]
            ]
        },
        {
            "file_path": "/data/shapenet_blender/all_50_random/02958343/fab45f900797908bbda733a39f84326d/r_15",
            "rotation": 0.12566370614359174,
            "transform_matrix": [
                [
                    0.6062321662902832,
                    0.08281996846199036,
                    -0.7909635901451111,
                    -3.1884758472442627
                ],
                [
                    -0.795287549495697,
                    0.06313204020261765,
                    -0.6029360890388489,
                    -2.4305129051208496
                ],
                [
                    -3.7252896323280993e-09,
                    0.9945628046989441,
                    0.10413838177919388,
                    0.4197951853275299
                ],
                [
                    0.0,
                    0.0,
                    0.0,
                    1.0
                ]
            ]
        },
        {
            "file_path": "/data/shapenet_blender/all_50_random/02958343/fab45f900797908bbda733a39f84326d/r_16",
            "rotation": 0.12566370614359174,
            "transform_matrix": [
                [
                    -0.9776659607887268,
                    -0.09423188865184784,
                    -0.18785537779331207,
                    -0.7572692632675171
                ],
                [
                    -0.21016493439674377,
                    0.4383572041988373,
                    0.8738842010498047,
                    3.522739887237549
                ],
                [
                    0.0,
                    0.8938474059104919,
                    -0.44837117195129395,
                    -1.8074419498443604
                ],
                [
                    0.0,
                    0.0,
                    0.0,
                    1.0
                ]
            ]
        },
        {
            "file_path": "/data/shapenet_blender/all_50_random/02958343/fab45f900797908bbda733a39f84326d/r_17",
            "rotation": 0.12566370614359174,
            "transform_matrix": [
                [
                    0.8364496231079102,
                    -0.14170844852924347,
                    -0.5294060111045837,
                    -2.134104013442993
                ],
                [
                    -0.5480439066886902,
                    -0.2162819355726242,
                    -0.8080037236213684,
                    -3.257167339324951
                ],
                [
                    0.0,
                    0.9659920930862427,
                    -0.2585713565349579,
                    -1.0423345565795898
                ],
                [
                    0.0,
                    0.0,
                    0.0,
                    1.0
                ]
            ]
        },
        {
            "file_path": "/data/shapenet_blender/all_50_random/02958343/fab45f900797908bbda733a39f84326d/r_18",
            "rotation": 0.12566370614359174,
            "transform_matrix": [
                [
                    -0.6621425747871399,
                    0.152282252907753,
                    0.7337419390678406,
                    2.957808494567871
                ],
                [
                    0.7493777871131897,
                    0.13455502688884735,
                    0.6483268737792969,
                    2.6134893894195557
                ],
                [
                    1.4901160305669237e-08,
                    0.9791347980499268,
                    -0.20321157574653625,
                    -0.8191721439361572
                ],
                [
                    0.0,
                    0.0,
                    0.0,
                    1.0
                ]
            ]
        },
        {
            "file_path": "/data/shapenet_blender/all_50_random/02958343/fab45f900797908bbda733a39f84326d/r_19",
            "rotation": 0.12566370614359174,
            "transform_matrix": [
                [
                    0.9428863525390625,
                    -0.017822405323386192,
                    -0.33263757824897766,
                    -1.340904951095581
                ],
                [
                    -0.3331146538257599,
                    -0.05044659599661827,
                    -0.9415358304977417,
                    -3.795452356338501
                ],
                [
                    -1.862645149230957e-09,
                    0.9985677003860474,
                    -0.053502313792705536,
                    -0.2156747281551361
                ],
                [
                    0.0,
                    0.0,
                    0.0,
                    1.0
                ]
            ]
        },
        {
            "file_path": "/data/shapenet_blender/all_50_random/02958343/fab45f900797908bbda733a39f84326d/r_20",
            "rotation": 0.12566370614359174,
            "transform_matrix": [
                [
                    -0.04265256226062775,
                    0.5111335515975952,
                    -0.8584423065185547,
                    -3.46049165725708
                ],
                [
                    -0.9990900158882141,
                    -0.02182101272046566,
                    0.03664811700582504,
                    0.14773328602313995
                ],
                [
                    1.862645371275562e-09,
                    0.8592242002487183,
                    0.5115991234779358,
                    2.0623221397399902
                ],
                [
                    0.0,
                    0.0,
                    0.0,
                    1.0
                ]
            ]
        },
        {
            "file_path": "/data/shapenet_blender/all_50_random/02958343/fab45f900797908bbda733a39f84326d/r_21",
            "rotation": 0.12566370614359174,
            "transform_matrix": [
                [
                    -0.1686716228723526,
                    0.5759956240653992,
                    0.7998616695404053,
                    3.2243456840515137
                ],
                [
                    0.9856723546981812,
                    0.09856634587049484,
                    0.13687506318092346,
                    0.5517610907554626
                ],
                [
                    -7.450581485102248e-09,
                    0.8114885091781616,
                    -0.5843682885169983,
                    -2.3556642532348633
                ],
                [
                    0.0,
                    0.0,
                    0.0,
                    1.0
                ]
            ]
        },
        {
            "file_path": "/data/shapenet_blender/all_50_random/02958343/fab45f900797908bbda733a39f84326d/r_22",
            "rotation": 0.12566370614359174,
            "transform_matrix": [
                [
                    0.4770953357219696,
                    0.28802067041397095,
                    0.8303155899047852,
                    3.34710955619812
                ],
                [
                    0.878851592540741,
                    -0.15635555982589722,
                    -0.450747013092041,
                    -1.8170194625854492
                ],
                [
                    1.4901162970204496e-08,
                    0.9447734355926514,
                    -0.327723890542984,
                    -1.3210973739624023
                ],
                [
                    0.0,
                    0.0,
                    0.0,
                    1.0
                ]
            ]
        },
        {
            "file_path": "/data/shapenet_blender/all_50_random/02958343/fab45f900797908bbda733a39f84326d/r_23",
            "rotation": 0.12566370614359174,
            "transform_matrix": [
                [
                    -0.8453239798545837,
                    -0.031123245134949684,
                    0.5333467125892639,
                    2.149989366531372
                ],
                [
                    0.5342540740966797,
                    -0.04924478381872177,
                    0.8438883423805237,
                    3.401822805404663
                ],
                [
                    1.862645149230957e-09,
                    0.9983016848564148,
                    0.05825551226735115,
                    0.23483547568321228
                ],
                [
                    0.0,
                    0.0,
                    0.0,
                    1.0
                ]
            ]
        },
        {
            "file_path": "/data/shapenet_blender/all_50_random/02958343/fab45f900797908bbda733a39f84326d/r_24",
            "rotation": 0.12566370614359174,
            "transform_matrix": [
                [
                    -0.7225297689437866,
                    -0.5077163577079773,
                    -0.46922793984413147,
                    -1.8915183544158936
                ],
                [
                    -0.6913398504257202,
                    0.5306220650672913,
                    0.49039724469184875,
                    1.9768545627593994
                ],
                [
                    0.0,
                    0.6787225604057312,
                    -0.7343947291374207,
                    -2.960439920425415
                ],
                [
                    0.0,
                    0.0,
                    0.0,
                    1.0
                ]
            ]
        },
        {
            "file_path": "/data/shapenet_blender/all_50_random/02958343/fab45f900797908bbda733a39f84326d/r_25",
            "rotation": 0.12566370614359174,
            "transform_matrix": [
                [
                    -0.7075117826461792,
                    -0.16643847525119781,
                    -0.6868225336074829,
                    -2.7686703205108643
                ],
                [
                    -0.7067015171051025,
                    0.16662931442260742,
                    0.6876100301742554,
                    2.7718448638916016
                ],
                [
                    0.0,
                    0.9718708395957947,
                    -0.23551452159881592,
                    -0.9493894577026367
                ],
                [
                    0.0,
                    0.0,
                    0.0,
                    1.0
                ]
            ]
        },
        {
            "file_path": "/data/shapenet_blender/all_50_random/02958343/fab45f900797908bbda733a39f84326d/r_26",
            "rotation": 0.12566370614359174,
            "transform_matrix": [
                [
                    0.9842237830162048,
                    -0.01942441612482071,
                    0.17585891485214233,
                    0.7089099884033203
                ],
                [
                    0.17692843079566956,
                    0.10805483162403107,
                    -0.9782742261886597,
                    -3.943549633026123
                ],
                [
                    1.862645371275562e-09,
                    0.9939550757408142,
                    0.10978686809539795,
                    0.44256502389907837
                ],
                [
                    0.0,
                    0.0,
                    0.0,
                    1.0
                ]
            ]
        },
        {
            "file_path": "/data/shapenet_blender/all_50_random/02958343/fab45f900797908bbda733a39f84326d/r_27",
            "rotation": 0.12566370614359174,
            "transform_matrix": [
                [
                    -0.8066223859786987,
                    0.10323305428028107,
                    0.5819821953773499,
                    2.3460452556610107
                ],
                [
                    0.5910670757293701,
                    0.14088094234466553,
                    0.7942243218421936,
                    3.201620578765869
                ],
                [
                    -7.450580152834618e-09,
                    0.9846295714378357,
                    -0.17465539276599884,
                    -0.7040584087371826
                ],
                [
                    0.0,
                    0.0,
                    0.0,
                    1.0
                ]
            ]
        },
        {
            "file_path": "/data/shapenet_blender/all_50_random/02958343/fab45f900797908bbda733a39f84326d/r_28",
            "rotation": 0.12566370614359174,
            "transform_matrix": [
                [
                    0.9894551038742065,
                    0.09956929087638855,
                    0.10518887639045715,
                    0.4240299165248871
                ],
                [
                    0.14484041929244995,
                    -0.6801923513412476,
                    -0.7185816168785095,
                    -2.896695137023926
                ],
                [
                    0.0,
                    0.7262397408485413,
                    -0.6874414086341858,
                    -2.771164894104004
                ],
                [
                    0.0,
                    0.0,
                    0.0,
                    1.0
                ]
            ]
        },
        {
            "file_path": "/data/shapenet_blender/all_50_random/02958343/fab45f900797908bbda733a39f84326d/r_29",
            "rotation": 0.12566370614359174,
            "transform_matrix": [
                [
                    0.8573623895645142,
                    0.03487509489059448,
                    0.5135303735733032,
                    2.0701074600219727
                ],
                [
                    0.5147132873535156,
                    -0.058091748505830765,
                    -0.8553919792175293,
                    -3.448195695877075
                ],
                [
                    0.0,
                    0.9977018237113953,
                    -0.06775634735822678,
                    -0.27313458919525146
                ],
                [
                    0.0,
                    0.0,
                    0.0,
                    1.0
                ]
            ]
        },
        {
            "file_path": "/data/shapenet_blender/all_50_random/02958343/fab45f900797908bbda733a39f84326d/r_30",
            "rotation": 0.12566370614359174,
            "transform_matrix": [
                [
                    0.09846024215221405,
                    -0.0647873803973198,
                    -0.993029773235321,
                    -4.003031253814697
                ],
                [
                    -0.9951410293579102,
                    -0.006410127971321344,
                    -0.0982513502240181,
                    -0.396063894033432
                ],
                [
                    0.0,
                    0.9978784918785095,
                    -0.06510372459888458,
                    -0.2624415457248688
                ],
                [
                    0.0,
                    0.0,
                    0.0,
                    1.0
                ]
            ]
        },
        {
            "file_path": "/data/shapenet_blender/all_50_random/02958343/fab45f900797908bbda733a39f84326d/r_31",
            "rotation": 0.12566370614359174,
            "transform_matrix": [
                [
                    0.14466150104999542,
                    -0.5414393544197083,
                    -0.82820063829422,
                    -3.3385837078094482
                ],
                [
                    -0.9894812107086182,
                    -0.07915807515382767,
                    -0.12108238786458969,
                    -0.48809874057769775
                ],
                [
                    7.450580596923828e-09,
                    0.8370048999786377,
                    -0.5471952557563782,
                    -2.205814838409424
                ],
                [
                    0.0,
                    0.0,
                    0.0,
                    1.0
                ]
            ]
        },
        {
            "file_path": "/data/shapenet_blender/all_50_random/02958343/fab45f900797908bbda733a39f84326d/r_32",
            "rotation": 0.12566370614359174,
            "transform_matrix": [
                [
                    0.750644862651825,
                    -0.5689181685447693,
                    -0.33595314621925354,
                    -1.354270577430725
                ],
                [
                    -0.6607059836387634,
                    -0.6463623642921448,
                    -0.38168489933013916,
                    -1.538621187210083
                ],
                [
                    0.0,
                    0.5084760189056396,
                    -0.8610759973526001,
                    -3.4711086750030518
                ],
                [
                    0.0,
                    0.0,
                    0.0,
                    1.0
                ]
            ]
        },
        {
            "file_path": "/data/shapenet_blender/all_50_random/02958343/fab45f900797908bbda733a39f84326d/r_33",
            "rotation": 0.12566370614359174,
            "transform_matrix": [
                [
                    -0.6607270836830139,
                    0.014863857068121433,
                    -0.7504790425300598,
                    -3.025277853012085
                ],
                [
                    -0.7506262063980103,
                    -0.013083678670227528,
                    0.6605975031852722,
                    2.6629536151885986
                ],
                [
                    0.0,
                    0.999803900718689,
                    0.019801940768957138,
                    0.07982417941093445
                ],
                [
                    0.0,
                    0.0,
                    0.0,
                    1.0
                ]
            ]
        },
        {
            "file_path": "/data/shapenet_blender/all_50_random/02958343/fab45f900797908bbda733a39f84326d/r_34",
            "rotation": 0.12566370614359174,
            "transform_matrix": [
                [
                    0.9967593550682068,
                    -0.011955521069467068,
                    -0.07954825460910797,
                    -0.3206692934036255
                ],
                [
                    -0.0804416686296463,
                    -0.14814184606075287,
                    -0.9856889843940735,
                    -3.973439931869507
                ],
                [
                    0.0,
                    0.9888937473297119,
                    -0.1486234813928604,
                    -0.5991204977035522
                ],
                [
                    0.0,
                    0.0,
                    0.0,
                    1.0
                ]
            ]
        },
        {
            "file_path": "/data/shapenet_blender/all_50_random/02958343/fab45f900797908bbda733a39f84326d/r_35",
            "rotation": 0.12566370614359174,
            "transform_matrix": [
                [
                    0.9783607721328735,
                    -0.13462388515472412,
                    0.15711984038352966,
                    0.6333703994750977
                ],
                [
                    0.20690634846687317,
                    0.6365717053413391,
                    -0.7429443001747131,
                    -2.9949045181274414
                ],
                [
                    0.0,
                    0.7593766450881958,
                    0.6506511569023132,
                    2.622859001159668
                ],
                [
                    0.0,
                    0.0,
                    0.0,
                    1.0
                ]
            ]
        },
        {
            "file_path": "/data/shapenet_blender/all_50_random/02958343/fab45f900797908bbda733a39f84326d/r_36",
            "rotation": 0.12566370614359174,
            "transform_matrix": [
                [
                    -0.9955452084541321,
                    0.04239355027675629,
                    -0.08421829342842102,
                    -0.33949482440948486
                ],
                [
                    -0.0942864716053009,
                    -0.44762203097343445,
                    0.8892381191253662,
                    3.5846338272094727
                ],
                [
                    -3.725290742551124e-09,
                    0.8932173252105713,
                    0.44962504506111145,
                    1.8124966621398926
                ],
                [
                    0.0,
                    0.0,
                    0.0,
                    1.0
                ]
            ]
        },
        {
            "file_path": "/data/shapenet_blender/all_50_random/02958343/fab45f900797908bbda733a39f84326d/r_37",
            "rotation": 0.12566370614359174,
            "transform_matrix": [
                [
                    0.9847243428230286,
                    -0.006575972773134708,
                    0.173996239900589,
                    0.7014012932777405
                ],
                [
                    0.1741204708814621,
                    0.03718988597393036,
                    -0.9840218424797058,
                    -3.966718912124634
                ],
                [
                    4.656612873077393e-10,
                    0.9992865324020386,
                    0.03776680305600166,
                    0.15224285423755646
                ],
                [
                    0.0,
                    0.0,
                    0.0,
                    1.0
                ]
            ]
        },
        {
            "file_path": "/data/shapenet_blender/all_50_random/02958343/fab45f900797908bbda733a39f84326d/r_38",
            "rotation": 0.12566370614359174,
            "transform_matrix": [
                [
                    -0.9013845324516296,
                    -0.03186195716261864,
                    -0.4318458139896393,
                    -1.74082612991333
                ],
                [
                    -0.43301963806152344,
                    0.06632465124130249,
                    0.8989410400390625,
                    3.6237473487854004
                ],
                [
                    1.862645149230957e-09,
                    0.9972891807556152,
                    -0.07358086854219437,
                    -0.2966139614582062
                ],
                [
                    0.0,
                    0.0,
                    0.0,
                    1.0
                ]
            ]
        },
        {
            "file_path": "/data/shapenet_blender/all_50_random/02958343/fab45f900797908bbda733a39f84326d/r_39",
            "rotation": 0.12566370614359174,
            "transform_matrix": [
                [
                    0.899017333984375,
                    -0.3713305592536926,
                    -0.23212379217147827,
                    -0.9357209801673889
                ],
                [
                    -0.43791306018829346,
                    -0.762326180934906,
                    -0.4765405058860779,
                    -1.9209963083267212
                ],
                [
                    0.0,
                    0.5300682783126831,
                    -0.8479549288749695,
                    -3.4182159900665283
                ],
                [
                    0.0,
                    0.0,
                    0.0,
                    1.0
                ]
            ]
        },
        {
            "file_path": "/data/shapenet_blender/all_50_random/02958343/fab45f900797908bbda733a39f84326d/r_40",
            "rotation": 0.12566370614359174,
            "transform_matrix": [
                [
                    -0.9020776748657227,
                    -0.279706746339798,
                    -0.3286639451980591,
                    -1.3248865604400635
                ],
                [
                    -0.43157368898391724,
                    0.5846445560455322,
                    0.6869751214981079,
                    2.769284963607788
                ],
                [
                    1.4901161193847656e-08,
                    0.7615475058555603,
                    -0.6481090188026428,
                    -2.6126108169555664
                ],
                [
                    0.0,
                    0.0,
                    0.0,
                    1.0
                ]
            ]
        },
        {
            "file_path": "/data/shapenet_blender/all_50_random/02958343/fab45f900797908bbda733a39f84326d/r_41",
            "rotation": 0.12566370614359174,
            "transform_matrix": [
                [
                    -0.18113763630390167,
                    -0.5300428867340088,
                    -0.8283981680870056,
                    -3.3393797874450684
                ],
                [
                    -0.9834578037261963,
                    0.09762567281723022,
                    0.15257807075977325,
