{
    "class": "02958343",
    "model": "80cae0cc66dcb8a88acb0ff76f4aec7d",
    "remove_doubles": true,
    "edge_split": true,
    "denoise": true,
    "camera_angle_x": 0.6911112070083618,
    "scale_factor": 2.256585096454085,
    "hdri_file": "/data/IndoorHDRDataset2018/AG8A0277-ff75a19dbc.exr",
    "center_offset": [
        0.0,
        0.0,
        -1.862645149230957e-09
    ],
    "lights": [],
    "frames": [
        {
            "file_path": "/data/shapenet_blender/all_50_random/02958343/80cae0cc66dcb8a88acb0ff76f4aec7d/r_0",
            "rotation": 0.12566370614359174,
            "transform_matrix": [
                [
                    -0.8325440883636475,
                    0.1846206933259964,
                    -0.5222887992858887,
                    -2.1054136753082275
                ],
                [
                    -0.5539589524269104,
                    -0.27746617794036865,
                    0.7849470973014832,
                    3.1642231941223145
                ],
                [
                    0.0,
                    0.9428295493125916,
                    0.33327507972717285,
                    1.3434749841690063
                ],
                [
                    0.0,
                    0.0,
                    0.0,
                    1.0
                ]
            ]
        },
        {
            "file_path": "/data/shapenet_blender/all_50_random/02958343/80cae0cc66dcb8a88acb0ff76f4aec7d/r_1",
            "rotation": 0.12566370614359174,
            "transform_matrix": [
                [
                    0.6638433933258057,
                    -0.2879054844379425,
                    0.6902334690093994,
                    2.7824201583862305
                ],
                [
                    0.7478715181350708,
                    0.25555747747421265,
                    -0.6126813888549805,
                    -2.4697976112365723
                ],
                [
                    0.0,
                    0.9229305386543274,
                    0.3849664330482483,
                    1.551849365234375
                ],
                [
                    0.0,
                    0.0,
                    0.0,
                    1.0
                ]
            ]
        },
        {
            "file_path": "/data/shapenet_blender/all_50_random/02958343/80cae0cc66dcb8a88acb0ff76f4aec7d/r_2",
            "rotation": 0.12566370614359174,
            "transform_matrix": [
                [
                    -0.15042029321193695,
                    -0.02859240211546421,
                    -0.9882086515426636,
                    -3.983596086502075
                ],
                [
                    -0.9886221885681152,
                    0.004350374918431044,
                    0.15035736560821533,
                    0.6061098575592041
                ],
                [
                    0.0,
                    0.9995816349983215,
                    -0.028921470046043396,
                    -0.11658616364002228
                ],
                [
                    0.0,
                    0.0,
                    0.0,
                    1.0
                ]
            ]
        },
        {
            "file_path": "/data/shapenet_blender/all_50_random/02958343/80cae0cc66dcb8a88acb0ff76f4aec7d/r_3",
            "rotation": 0.12566370614359174,
            "transform_matrix": [
                [
                    -0.9942448139190674,
                    0.03677474707365036,
                    -0.10062218457460403,
                    -0.4056209921836853
                ],
                [
                    -0.1071317195892334,
                    -0.3412910997867584,
                    0.9338325262069702,
                    3.764399290084839
                ],
                [
                    0.0,
                    0.9392378926277161,
                    0.34326669573783875,
                    1.3837523460388184
                ],
                [
                    0.0,
                    0.0,
                    0.0,
                    1.0
                ]
            ]
        },
        {
            "file_path": "/data/shapenet_blender/all_50_random/02958343/80cae0cc66dcb8a88acb0ff76f4aec7d/r_4",
            "rotation": 0.12566370614359174,
            "transform_matrix": [
                [
                    -0.3299953043460846,
                    0.7599425315856934,
                    -0.5599913597106934,
                    -2.2573976516723633
                ],
                [
                    -0.9439826011657715,
                    -0.265658974647522,
                    0.19576050341129303,
                    0.7891358733177185
                ],
                [
                    0.0,
                    0.5932220816612244,
                    0.8050386905670166,
                    3.2452149391174316
                ],
                [
                    0.0,
                    0.0,
                    0.0,
                    1.0
                ]
            ]
        },
        {
            "file_path": "/data/shapenet_blender/all_50_random/02958343/80cae0cc66dcb8a88acb0ff76f4aec7d/r_5",
            "rotation": 0.12566370614359174,
            "transform_matrix": [
                [
                    0.42612943053245544,
                    -0.024814650416374207,
                    -0.9043217897415161,
                    -3.645437717437744
                ],
                [
                    -0.9046622514724731,
                    -0.011688620783388615,
                    -0.42596906423568726,
                    -1.717136263847351
                ],
                [
                    -9.313225746154785e-10,
                    0.999623715877533,
                    -0.027429742738604546,
                    -0.11057282984256744
                ],
                [
                    0.0,
                    0.0,
                    0.0,
                    1.0
                ]
            ]
        },
        {
            "file_path": "/data/shapenet_blender/all_50_random/02958343/80cae0cc66dcb8a88acb0ff76f4aec7d/r_6",
            "rotation": 0.12566370614359174,
            "transform_matrix": [
                [
                    -0.5254775881767273,
                    -0.2525583803653717,
                    0.8124577403068542,
                    3.2751219272613525
                ],
                [
                    0.8508075475692749,
                    -0.15598565340042114,
                    0.5017918944358826,
                    2.0227878093719482
                ],
                [
                    0.0,
                    0.9549253582954407,
                    0.29684555530548096,
                    1.1966227293014526
                ],
                [
                    0.0,
                    0.0,
                    0.0,
                    1.0
                ]
            ]
        },
        {
            "file_path": "/data/shapenet_blender/all_50_random/02958343/80cae0cc66dcb8a88acb0ff76f4aec7d/r_7",
            "rotation": 0.12566370614359174,
            "transform_matrix": [
                [
                    -0.5331052541732788,
                    -0.0013452391140162945,
                    -0.8460478186607361,
                    -3.4105281829833984
                ],
                [
                    -0.8460490107536316,
                    0.0008476507500745356,
                    0.5331044793128967,
                    2.149013042449951
                ],
                [
                    5.820766091346741e-11,
                    0.9999987483024597,
                    -0.001590025145560503,
                    -0.006409596651792526
                ],
                [
                    0.0,
                    0.0,
                    0.0,
                    1.0
                ]
            ]
        },
        {
            "file_path": "/data/shapenet_blender/all_50_random/02958343/80cae0cc66dcb8a88acb0ff76f4aec7d/r_8",
            "rotation": 0.12566370614359174,
            "transform_matrix": [
                [
                    -0.9997133612632751,
                    -0.0005582651356235147,
                    0.023935722187161446,
                    0.09648798406124115
                ],
                [
                    0.02394223026931286,
                    -0.02331048995256424,
                    0.9994415640830994,
                    4.0288777351379395
                ],
                [
                    0.0,
                    0.9997281432151794,
                    0.02331717312335968,
                    0.09399452805519104
                ],
                [
                    0.0,
                    0.0,
                    0.0,
                    1.0
                ]
            ]
        },
        {
            "file_path": "/data/shapenet_blender/all_50_random/02958343/80cae0cc66dcb8a88acb0ff76f4aec7d/r_9",
            "rotation": 0.12566370614359174,
            "transform_matrix": [
                [
                    0.5259333252906799,
                    -0.6408170461654663,
                    -0.5592381954193115,
                    -2.254361629486084
                ],
                [
                    -0.8505256772041321,
                    -0.3962574005126953,
                    -0.345812052488327,
                    -1.3940130472183228
                ],
                [
                    -2.9802320611338473e-08,
                    0.657520592212677,
                    -0.7534364461898804,
                    -3.0371997356414795
                ],
                [
                    0.0,
                    0.0,
                    0.0,
                    1.0
                ]
            ]
        },
        {
            "file_path": "/data/shapenet_blender/all_50_random/02958343/80cae0cc66dcb8a88acb0ff76f4aec7d/r_10",
            "rotation": 0.12566370614359174,
            "transform_matrix": [
                [
                    -0.09133152663707733,
                    -0.7137355804443359,
                    -0.6944350600242615,
                    -2.7993571758270264
                ],
                [
                    -0.9958206415176392,
                    0.06546013802289963,
                    0.06368999928236008,
                    0.25674259662628174
                ],
                [
                    0.0,
                    0.697349488735199,
                    -0.7167311906814575,
                    -2.889235734939575
                ],
                [
                    0.0,
                    0.0,
                    0.0,
                    1.0
                ]
            ]
        },
        {
            "file_path": "/data/shapenet_blender/all_50_random/02958343/80cae0cc66dcb8a88acb0ff76f4aec7d/r_11",
            "rotation": 0.12566370614359174,
            "transform_matrix": [
                [
                    -0.3362346887588501,
                    0.46679240465164185,
                    -0.8179554343223572,
                    -3.297283887863159
                ],
                [
                    -0.9417782425880432,
                    -0.16665472090244293,
                    0.2920273244380951,
                    1.1771998405456543
                ],
                [
                    0.0,
                    0.8685224056243896,
                    0.49564996361732483,
                    1.9980288743972778
                ],
                [
                    0.0,
                    0.0,
                    0.0,
                    1.0
                ]
            ]
        },
        {
            "file_path": "/data/shapenet_blender/all_50_random/02958343/80cae0cc66dcb8a88acb0ff76f4aec7d/r_12",
            "rotation": 0.12566370614359174,
            "transform_matrix": [
                [
                    -0.977344274520874,
                    -0.13826677203178406,
                    -0.16025139391422272,
                    -0.6459940075874329
                ],
                [
                    -0.2116558849811554,
                    0.6384620070457458,
                    0.7399783730506897,
                    2.9829483032226562
                ],
                [
                    0.0,
                    0.7571316361427307,
                    -0.653262197971344,
                    -2.6333842277526855
                ],
                [
                    0.0,
                    0.0,
                    0.0,
                    1.0
                ]
            ]
        },
        {
            "file_path": "/data/shapenet_blender/all_50_random/02958343/80cae0cc66dcb8a88acb0ff76f4aec7d/r_13",
            "rotation": 0.12566370614359174,
            "transform_matrix": [
                [
                    0.534209668636322,
                    -0.007293923292309046,
                    -0.845320463180542,
                    -3.4075961112976074
                ],
                [
                    -0.845352053642273,
                    -0.0046093035489320755,
                    -0.5341897010803223,
                    -2.1533877849578857
                ],
                [
                    0.0,
                    0.9999628067016602,
                    -0.00862826593220234,
                    -0.03478165715932846
                ],
                [
                    0.0,
                    0.0,
                    0.0,
                    1.0
                ]
            ]
        },
        {
            "file_path": "/data/shapenet_blender/all_50_random/02958343/80cae0cc66dcb8a88acb0ff76f4aec7d/r_14",
            "rotation": 0.12566370614359174,
            "transform_matrix": [
                [
                    0.9929065704345703,
                    -0.10571912676095963,
                    -0.05440753325819969,
                    -0.2193237841129303
                ],
                [
                    -0.1188979297876358,
                    -0.8828514814376831,
                    -0.4543527066707611,
                    -1.8315542936325073
                ],
                [
                    0.0,
                    0.45759859681129456,
                    -0.8891588449478149,
                    -3.5843138694763184
                ],
                [
                    0.0,
                    0.0,
                    0.0,
                    1.0
                ]
            ]
        },
        {
            "file_path": "/data/shapenet_blender/all_50_random/02958343/80cae0cc66dcb8a88acb0ff76f4aec7d/r_15",
            "rotation": 0.12566370614359174,
            "transform_matrix": [
                [
                    0.8549848794937134,
                    0.0034506123047322035,
                    0.5186414122581482,
                    2.0907106399536133
                ],
                [
                    0.5186529755592346,
                    -0.005688237491995096,
                    -0.85496586561203,
                    -3.4464778900146484
                ],
                [
                    0.0,
                    0.9999778866767883,
                    -0.006653026677668095,
                    -0.02681921049952507
                ],
                [
                    0.0,
                    0.0,
                    0.0,
                    1.0
                ]
            ]
        },
        {
            "file_path": "/data/shapenet_blender/all_50_random/02958343/80cae0cc66dcb8a88acb0ff76f4aec7d/r_16",
            "rotation": 0.12566370614359174,
            "transform_matrix": [
                [
                    -0.09703148156404495,
                    0.5164727568626404,
                    0.8507882952690125,
                    3.4296374320983887
                ],
                [
                    0.9952813386917114,
                    0.05035170540213585,
                    0.08294463157653809,
                    0.3343605101108551
                ],
                [
                    3.725290298461914e-09,
                    0.854822039604187,
                    -0.5189213156700134,
                    -2.091838836669922
                ],
                [
                    0.0,
                    0.0,
                    0.0,
                    1.0
                ]
            ]
        },
        {
            "file_path": "/data/shapenet_blender/all_50_random/02958343/80cae0cc66dcb8a88acb0ff76f4aec7d/r_17",
            "rotation": 0.12566370614359174,
            "transform_matrix": [
                [
                    0.6395766139030457,
                    0.4129602909088135,
                    0.6483868956565857,
                    2.6137311458587646
                ],
                [
                    0.7687273621559143,
                    -0.3435804843902588,
                    -0.5394540429115295,
                    -2.1746087074279785
                ],
                [
                    -1.4901161193847656e-08,
                    0.8434549570083618,
                    -0.5371999144554138,
                    -2.1655220985412598
                ],
                [
                    0.0,
                    0.0,
                    0.0,
                    1.0
                ]
            ]
        },
        {
            "file_path": "/data/shapenet_blender/all_50_random/02958343/80cae0cc66dcb8a88acb0ff76f4aec7d/r_18",
            "rotation": 0.12566370614359174,
            "transform_matrix": [
                [
                    0.5261370539665222,
                    -0.2464575320482254,
                    -0.8139032125473022,
                    -3.2809488773345947
                ],
                [
                    -0.850399911403656,
                    -0.15248171985149384,
                    -0.5035567879676819,
                    -2.029902458190918
                ],
                [
                    0.0,
                    0.9570831060409546,
                    -0.28981366753578186,
                    -1.168276309967041
                ],
                [
                    0.0,
                    0.0,
                    0.0,
                    1.0
                ]
            ]
        },
        {
            "file_path": "/data/shapenet_blender/all_50_random/02958343/80cae0cc66dcb8a88acb0ff76f4aec7d/r_19",
            "rotation": 0.12566370614359174,
            "transform_matrix": [
                [
                    -0.1998794972896576,
                    -0.7345940470695496,
                    0.6483978629112244,
                    2.6137754917144775
                ],
                [
                    0.9798204898834229,
                    -0.14985425770282745,
                    0.13227058947086334,
                    0.5331997871398926
                ],
                [
                    -7.450580596923828e-09,
                    0.6617517471313477,
                    0.7497230768203735,
                    3.022230386734009
                ],
                [
                    0.0,
                    0.0,
                    0.0,
                    1.0
                ]
            ]
        },
        {
            "file_path": "/data/shapenet_blender/all_50_random/02958343/80cae0cc66dcb8a88acb0ff76f4aec7d/r_20",
            "rotation": 0.12566370614359174,
            "transform_matrix": [
                [
                    -0.9870959520339966,
                    -0.07077901810407639,
                    0.14363797008991241,
                    0.5790231823921204
                ],
                [
                    0.16012974083423615,
                    -0.4363066852092743,
                    0.8854348659515381,
                    3.5693020820617676
                ],
                [
                    0.0,
                    0.8970097899436951,
                    0.44201046228408813,
                    1.7818012237548828
                ],
                [
                    0.0,
                    0.0,
                    0.0,
                    1.0
                ]
            ]
        },
        {
            "file_path": "/data/shapenet_blender/all_50_random/02958343/80cae0cc66dcb8a88acb0ff76f4aec7d/r_21",
            "rotation": 0.12566370614359174,
            "transform_matrix": [
                [
                    0.46972525119781494,
                    0.26322972774505615,
                    -0.8426553606987,
                    -3.396852970123291
                ],
                [
                    -0.8828125596046448,
                    0.14005878567695618,
                    -0.4483584761619568,
                    -1.8073910474777222
                ],
                [
                    7.450580152834618e-09,
                    0.9545122385025024,
                    0.29817166924476624,
                    1.2019685506820679
                ],
                [
                    0.0,
                    0.0,
                    0.0,
                    1.0
                ]
            ]
        },
        {
            "file_path": "/data/shapenet_blender/all_50_random/02958343/80cae0cc66dcb8a88acb0ff76f4aec7d/r_22",
            "rotation": 0.12566370614359174,
            "transform_matrix": [
                [
                    0.9887503981590271,
                    -0.03325697034597397,
                    -0.1458314210176468,
                    -0.5878652930259705
                ],
                [
                    -0.14957553148269653,
                    -0.21984106302261353,
                    -0.9640004634857178,
                    -3.8860104084014893
                ],
                [
                    0.0,
                    0.974968671798706,
                    -0.2223423421382904,
                    -0.8962907195091248
                ],
                [
                    0.0,
                    0.0,
                    0.0,
                    1.0
                ]
            ]
        },
        {
            "file_path": "/data/shapenet_blender/all_50_random/02958343/80cae0cc66dcb8a88acb0ff76f4aec7d/r_23",
            "rotation": 0.12566370614359174,
            "transform_matrix": [
                [
                    0.20936542749404907,
                    -0.5232106447219849,
                    0.8260852098464966,
                    3.3300559520721436
                ],
                [
                    0.9778375029563904,
                    0.11202497035264969,
                    -0.17687363922595978,
                    -0.7130004167556763
                ],
                [
                    0.0,
                    0.8448082804679871,
                    0.5350691080093384,
                    2.1569325923919678
                ],
                [
                    0.0,
                    0.0,
                    0.0,
                    1.0
                ]
            ]
        },
        {
            "file_path": "/data/shapenet_blender/all_50_random/02958343/80cae0cc66dcb8a88acb0ff76f4aec7d/r_24",
            "rotation": 0.12566370614359174,
            "transform_matrix": [
                [
                    0.3258810043334961,
                    0.5956867933273315,
                    0.7341380715370178,
                    2.9594054222106934
                ],
                [
                    0.9454107880592346,
                    -0.2053319215774536,
                    -0.25305575132369995,
                    -1.020100474357605
                ],
                [
                    0.0,
                    0.7765280604362488,
                    -0.6300824880599976,
                    -2.5399439334869385
                ],
                [
                    0.0,
                    0.0,
                    0.0,
                    1.0
                ]
            ]
        },
        {
            "file_path": "/data/shapenet_blender/all_50_random/02958343/80cae0cc66dcb8a88acb0ff76f4aec7d/r_25",
            "rotation": 0.12566370614359174,
            "transform_matrix": [
                [
                    -0.49675536155700684,
                    -0.2733624279499054,
                    -0.823715329170227,
                    -3.320502996444702
                ],
                [
                    -0.8678905963897705,
                    0.15646472573280334,
                    0.47147074341773987,
                    1.900559425354004
                ],
                [
                    0.0,
                    0.9491004347801208,
                    -0.314973384141922,
                    -1.2696985006332397
                ],
                [
                    0.0,
                    0.0,
                    0.0,
                    1.0
                ]
            ]
        },
        {
            "file_path": "/data/shapenet_blender/all_50_random/02958343/80cae0cc66dcb8a88acb0ff76f4aec7d/r_26",
            "rotation": 0.12566370614359174,
            "transform_matrix": [
                [
                    -0.92177814245224,
                    0.07986839860677719,
                    0.3794023394584656,
                    1.5294197797775269
                ],
                [
                    0.3877178132534027,
                    0.1898827850818634,
                    0.9020085334777832,
                    3.636112689971924
                ],
                [
                    0.0,
                    0.9785528182983398,
                    -0.20599618554115295,
                    -0.8303971886634827
                ],
                [
                    0.0,
                    0.0,
                    0.0,
                    1.0
                ]
            ]
        },
        {
            "file_path": "/data/shapenet_blender/all_50_random/02958343/80cae0cc66dcb8a88acb0ff76f4aec7d/r_27",
            "rotation": 0.12566370614359174,
            "transform_matrix": [
                [
                    0.9923903942108154,
                    -0.06690122932195663,
                    -0.10337057709693909,
                    -0.416700154542923
                ],
                [
                    -0.12313102930784225,
                    -0.5391990542411804,
                    -0.8331284523010254,
                    -3.3584485054016113
                ],
                [
                    0.0,
                    0.839516818523407,
                    -0.5433335304260254,
                    -2.1902477741241455
                ],
                [
                    0.0,
                    0.0,
                    0.0,
                    1.0
                ]
            ]
        },
        {
            "file_path": "/data/shapenet_blender/all_50_random/02958343/80cae0cc66dcb8a88acb0ff76f4aec7d/r_28",
            "rotation": 0.12566370614359174,
            "transform_matrix": [
                [
                    -0.0993361696600914,
                    0.33581873774528503,
                    0.9366739392280579,
                    3.775853395462036
                ],
                [
                    0.9950540065765381,
                    0.033524759113788605,
                    0.09350808709859848,
                    0.3769431412220001
                ],
                [
                    0.0,
                    0.9413297772407532,
                    -0.33748799562454224,
                    -1.3604576587677002
                ],
                [
                    0.0,
                    0.0,
                    0.0,
                    1.0
                ]
            ]
        },
        {
            "file_path": "/data/shapenet_blender/all_50_random/02958343/80cae0cc66dcb8a88acb0ff76f4aec7d/r_29",
            "rotation": 0.12566370614359174,
            "transform_matrix": [
                [
                    0.9679406881332397,
                    -0.12303733825683594,
                    0.21898126602172852,
                    0.8827416896820068
                ],
                [
                    0.25117918848991394,
                    0.47413501143455505,
                    -0.8438631892204285,
                    -3.401721239089966
                ],
                [
                    -7.450581485102248e-09,
                    0.8718128800392151,
                    0.48983892798423767,
                    1.9746038913726807
                ],
                [
                    0.0,
                    0.0,
                    0.0,
                    1.0
                ]
            ]
        },
        {
            "file_path": "/data/shapenet_blender/all_50_random/02958343/80cae0cc66dcb8a88acb0ff76f4aec7d/r_30",
            "rotation": 0.12566370614359174,
            "transform_matrix": [
                [
                    0.01751701533794403,
                    0.8657514452934265,
                    -0.5001674294471741,
                    -2.016239643096924
                ],
                [
                    -0.9998465776443481,
                    0.015167707577347755,
                    -0.00876278430223465,
                    -0.035323917865753174
                ],
                [
                    4.656613428188905e-10,
                    0.5002442598342896,
                    0.8658842444419861,
                    3.4904913902282715
                ],
                [
                    0.0,
                    0.0,
                    0.0,
                    1.0
                ]
            ]
        },
        {
            "file_path": "/data/shapenet_blender/all_50_random/02958343/80cae0cc66dcb8a88acb0ff76f4aec7d/r_31",
            "rotation": 0.12566370614359174,
            "transform_matrix": [
                [
                    -0.5849984884262085,
                    -0.2923470437526703,
                    -0.7565116882324219,
                    -3.049596071243286
                ],
                [
                    -0.8110343813896179,
                    0.21086972951889038,
                    0.5456713438034058,
                    2.199671506881714
                ],
                [
                    0.0,
                    0.9327738285064697,
                    -0.3604619801044464,
                    -1.453068733215332
                ],
                [
                    0.0,
                    0.0,
                    0.0,
                    1.0
                ]
            ]
        },
        {
            "file_path": "/data/shapenet_blender/all_50_random/02958343/80cae0cc66dcb8a88acb0ff76f4aec7d/r_32",
            "rotation": 0.12566370614359174,
            "transform_matrix": [
                [
                    0.08826354891061783,
                    -0.43487784266471863,
                    0.8961532711982727,
                    3.6125097274780273
                ],
                [
                    0.996097207069397,
                    0.0385342538356781,
                    -0.07940758019685745,
                    -0.3201022148132324
                ],
                [
                    0.0,
                    0.899664580821991,
                    0.43658173084259033,
                    1.7599173784255981
                ],
                [
                    0.0,
                    0.0,
                    0.0,
                    1.0
                ]
            ]
        },
        {
            "file_path": "/data/shapenet_blender/all_50_random/02958343/80cae0cc66dcb8a88acb0ff76f4aec7d/r_33",
            "rotation": 0.12566370614359174,
            "transform_matrix": [
                [
                    0.5479221940040588,
                    -0.0018732543103396893,
                    0.8365271687507629,
                    3.3721489906311035
                ],
                [
                    0.8365293741226196,
                    0.0012269713915884495,
                    -0.5479207634925842,
                    -2.2087392807006836
                ],
                [
                    0.0,
                    0.9999974966049194,
                    0.0022393169347196817,
                    0.009026975370943546
                ],
                [
                    0.0,
                    0.0,
                    0.0,
                    1.0
                ]
            ]
        },
        {
            "file_path": "/data/shapenet_blender/all_50_random/02958343/80cae0cc66dcb8a88acb0ff76f4aec7d/r_34",
            "rotation": 0.12566370614359174,
            "transform_matrix": [
                [
                    -0.9892347455024719,
                    -0.02828921750187874,
                    0.14357741177082062,
                    0.5787790417671204
                ],
                [
                    0.1463378220796585,
                    -0.19123339653015137,
                    0.9705746173858643,
                    3.912511110305786
                ],
                [
                    1.862645149230957e-09,
                    0.9811367988586426,
                    0.19331450760364532,
                    0.77927565574646
                ],
                [
                    0.0,
                    0.0,
                    0.0,
                    1.0
                ]
            ]
        },
        {
            "file_path": "/data/shapenet_blender/all_50_random/02958343/80cae0cc66dcb8a88acb0ff76f4aec7d/r_35",
            "rotation": 0.12566370614359174,
            "transform_matrix": [
                [
                    0.4065951108932495,
                    0.27029949426651,
                    0.8727076649665833,
                    3.5179970264434814
                ],
                [
                    0.9136085510253906,
                    -0.12029491364955902,
                    -0.38839244842529297,
                    -1.565659999847412
                ],
                [
                    7.450580596923828e-09,
                    0.9552315473556519,
                    -0.2958592474460602,
                    -1.1926467418670654
                ],
                [
                    0.0,
                    0.0,
                    0.0,
                    1.0
                ]
            ]
        },
        {
            "file_path": "/data/shapenet_blender/all_50_random/02958343/80cae0cc66dcb8a88acb0ff76f4aec7d/r_36",
            "rotation": 0.12566370614359174,
            "transform_matrix": [
                [
                    -0.7410908937454224,
                    -0.6151464581489563,
                    -0.2690335214138031,
                    -1.0845088958740234
                ],
                [
                    -0.6714047193527222,
                    0.6789934635162354,
                    0.2969569265842438,
                    1.1970717906951904
                ],
                [
                    0.0,
                    0.4007025361061096,
                    -0.9162081480026245,
                    -3.6933534145355225
                ],
                [
                    0.0,
                    0.0,
                    0.0,
                    1.0
                ]
            ]
        },
        {
            "file_path": "/data/shapenet_blender/all_50_random/02958343/80cae0cc66dcb8a88acb0ff76f4aec7d/r_37",
            "rotation": 0.12566370614359174,
            "transform_matrix": [
                [
                    -0.7353536486625671,
                    -0.5430817008018494,
                    -0.40536049008369446,
                    -1.6340603828430176
                ],
                [
                    -0.6776834726333618,
                    0.5892974138259888,
                    0.43985626101493835,
                    1.7731173038482666
                ],
                [
                    0.0,
                    0.5981560349464417,
                    -0.8013795614242554,
                    -3.230464458465576
                ],
                [
                    0.0,
                    0.0,
                    0.0,
                    1.0
                ]
            ]
        },
        {
            "file_path": "/data/shapenet_blender/all_50_random/02958343/80cae0cc66dcb8a88acb0ff76f4aec7d/r_38",
            "rotation": 0.12566370614359174,
            "transform_matrix": [
                [
                    0.36640051007270813,
                    -0.837294340133667,
                    -0.4058188199996948,
                    -1.635907769203186
                ],
                [
                    -0.9304572939872742,
                    -0.32971426844596863,
                    -0.1598055213689804,
                    -0.6441965699195862
                ],
                [
                    0.0,
                    0.4361499547958374,
                    -0.8998740911483765,
                    -3.6275081634521484
                ],
                [
                    0.0,
                    0.0,
                    0.0,
                    1.0
                ]
            ]
        },
        {
            "file_path": "/data/shapenet_blender/all_50_random/02958343/80cae0cc66dcb8a88acb0ff76f4aec7d/r_39",
            "rotation": 0.12566370614359174,
            "transform_matrix": [
                [
                    -0.3430634140968323,
                    0.5145739316940308,
                    -0.7858250737190247,
                    -3.167762279510498
                ],
                [
                    -0.9393123388290405,
                    -0.1879369616508484,
                    0.28700554370880127,
                    1.1569563150405884
                ],
                [
                    0.0,
                    0.8365961909294128,
                    0.547819972038269,
                    2.2083330154418945
                ],
                [
                    0.0,
                    0.0,
                    0.0,
                    1.0
                ]
            ]
        },
        {
            "file_path": "/data/shapenet_blender/all_50_random/02958343/80cae0cc66dcb8a88acb0ff76f4aec7d/r_40",
            "rotation": 0.12566370614359174,
            "transform_matrix": [
                [
                    0.998328685760498,
                    0.0550822988152504,
                    -0.017485661432147026,
                    -0.07048696279525757
                ],
                [
                    -0.057791076600551605,
                    0.9515351057052612,
                    -0.30206114053726196,
                    -1.2176475524902344
                ],
                [
                    -1.862645149230957e-09,
                    0.30256685614585876,
                    0.9531280994415283,
                    3.8421823978424072
                ],
                [
                    0.0,
                    0.0,
                    0.0,
                    1.0
                ]
            ]
        },
        {
            "file_path": "/data/shapenet_blender/all_50_random/02958343/80cae0cc66dcb8a88acb0ff76f4aec7d/r_41",
            "rotation": 0.12566370614359174,
            "transform_matrix": [
                [
                    -0.8276252746582031,
                    -0.15168146789073944,
                    -0.5403971076011658,
                    -2.178410530090332
                ],
                [
                    -0.5612809062004089,
                    0.22365880012512207,
                    0.7968314290046692,
                    3.212130308151245
                ],
                [
                    7.450580596923828e-09,
                    0.9627924561500549,
                    -0.2702416181564331,
