{
    "class": "02958343",
    "model": "8e8da02ac0168a47ec5e3fe5c33367cf",
    "remove_doubles": true,
    "edge_split": true,
    "denoise": true,
    "camera_angle_x": 0.6911112070083618,
    "scale_factor": 2.2205321201057218,
    "hdri_file": "/data/IndoorHDRDataset2018/9C4A6948-1c80f5988a.exr",
    "center_offset": [
        0.0,
        0.0,
        0.0
    ],
    "lights": [],
    "frames": [
        {
            "file_path": "/data/shapenet_blender/all_50_random/02958343/8e8da02ac0168a47ec5e3fe5c33367cf/r_0",
            "rotation": 0.12566370614359174,
            "transform_matrix": [
                [
                    0.9944719076156616,
                    0.005246455781161785,
                    0.10487223416566849,
                    0.4227535128593445
                ],
                [
                    0.10500338673591614,
                    -0.049688421189785004,
                    -0.9932297468185425,
                    -4.0038371086120605
                ],
                [
                    -4.656612873077393e-10,
                    0.9987510442733765,
                    -0.04996463283896446,
                    -0.20141388475894928
                ],
                [
                    0.0,
                    0.0,
                    0.0,
                    1.0
                ]
            ]
        },
        {
            "file_path": "/data/shapenet_blender/all_50_random/02958343/8e8da02ac0168a47ec5e3fe5c33367cf/r_1",
            "rotation": 0.12566370614359174,
            "transform_matrix": [
                [
                    -0.8454657793045044,
                    -0.0026841373182833195,
                    -0.534022867679596,
                    -2.152714729309082
                ],
                [
                    -0.5340295433998108,
                    0.004249476827681065,
                    0.8454552292823792,
                    3.4081385135650635
                ],
                [
                    0.0,
                    0.9999873042106628,
                    -0.005026197526603937,
                    -0.02026124857366085
                ],
                [
                    0.0,
                    0.0,
                    0.0,
                    1.0
                ]
            ]
        },
        {
            "file_path": "/data/shapenet_blender/all_50_random/02958343/8e8da02ac0168a47ec5e3fe5c33367cf/r_2",
            "rotation": 0.12566370614359174,
            "transform_matrix": [
                [
                    -0.4154212176799774,
                    0.7226086854934692,
                    -0.5525050163269043,
                    -2.2272188663482666
                ],
                [
                    -0.9096291661262512,
                    -0.3300102949142456,
                    0.2523251473903656,
                    1.0171551704406738
                ],
                [
                    0.0,
                    0.6073958873748779,
                    0.7943992614746094,
                    3.2023258209228516
                ],
                [
                    0.0,
                    0.0,
                    0.0,
                    1.0
                ]
            ]
        },
        {
            "file_path": "/data/shapenet_blender/all_50_random/02958343/8e8da02ac0168a47ec5e3fe5c33367cf/r_3",
            "rotation": 0.12566370614359174,
            "transform_matrix": [
                [
                    0.32208284735679626,
                    -0.5378685593605042,
                    0.7790763974189758,
                    3.1405575275421143
                ],
                [
                    0.9467114806175232,
                    0.1829894781112671,
                    -0.26505133509635925,
                    -1.0684560537338257
                ],
                [
                    0.0,
                    0.8229290246963501,
                    0.5681440830230713,
                    2.29026198387146
                ],
                [
                    0.0,
                    0.0,
                    0.0,
                    1.0
                ]
            ]
        },
        {
            "file_path": "/data/shapenet_blender/all_50_random/02958343/8e8da02ac0168a47ec5e3fe5c33367cf/r_4",
            "rotation": 0.12566370614359174,
            "transform_matrix": [
                [
                    -0.6757971048355103,
                    0.6755138039588928,
                    -0.29492253065109253,
                    -1.188870906829834
                ],
                [
                    -0.7370877861976624,
                    -0.6193431615829468,
                    0.27039897441864014,
                    1.0900132656097412
                ],
                [
                    -1.4901162970204496e-08,
                    0.40011873841285706,
                    0.9164632558822632,
                    3.6943817138671875
                ],
                [
                    0.0,
                    0.0,
                    0.0,
                    1.0
                ]
            ]
        },
        {
            "file_path": "/data/shapenet_blender/all_50_random/02958343/8e8da02ac0168a47ec5e3fe5c33367cf/r_5",
            "rotation": 0.12566370614359174,
            "transform_matrix": [
                [
                    -0.8310549259185791,
                    0.11357884109020233,
                    0.5444698929786682,
                    2.194828510284424
                ],
                [
                    0.5561903715133667,
                    0.16970854997634888,
                    0.813542366027832,
                    3.279494524002075
                ],
                [
                    0.0,
                    0.9789273738861084,
                    -0.20420856773853302,
                    -0.8231911063194275
                ],
                [
                    0.0,
                    0.0,
                    0.0,
                    1.0
                ]
            ]
        },
        {
            "file_path": "/data/shapenet_blender/all_50_random/02958343/8e8da02ac0168a47ec5e3fe5c33367cf/r_6",
            "rotation": 0.12566370614359174,
            "transform_matrix": [
                [
                    0.8477692604064941,
                    -0.08348308503627777,
                    -0.5237536430358887,
                    -2.111318349838257
                ],
                [
                    -0.5303652882575989,
                    -0.1334446370601654,
                    -0.8372008204460144,
                    -3.374864339828491
                ],
                [
                    -7.4505797087454084e-09,
                    0.9875339269638062,
                    -0.1574067920446396,
                    -0.6345270872116089
                ],
                [
                    0.0,
                    0.0,
                    0.0,
                    1.0
                ]
            ]
        },
        {
            "file_path": "/data/shapenet_blender/all_50_random/02958343/8e8da02ac0168a47ec5e3fe5c33367cf/r_7",
            "rotation": 0.12566370614359174,
            "transform_matrix": [
                [
                    -0.4376632571220398,
                    0.15458674728870392,
                    -0.885750412940979,
                    -3.5705740451812744
                ],
                [
                    -0.8991389870643616,
                    -0.07524636387825012,
                    0.4311462640762329,
                    1.7380062341690063
                ],
                [
                    0.0,
                    0.9851095676422119,
                    0.1719275414943695,
                    0.6930620670318604
                ],
                [
                    0.0,
                    0.0,
                    0.0,
                    1.0
                ]
            ]
        },
        {
            "file_path": "/data/shapenet_blender/all_50_random/02958343/8e8da02ac0168a47ec5e3fe5c33367cf/r_8",
            "rotation": 0.12566370614359174,
            "transform_matrix": [
                [
                    -0.25469210743904114,
                    0.31565308570861816,
                    -0.9140540957450867,
                    -3.6846702098846436
                ],
                [
                    -0.9670222997665405,
                    -0.08313597738742828,
                    0.24074146151542664,
                    0.9704599380493164
                ],
                [
                    0.0,
                    0.9452255964279175,
                    0.32641759514808655,
                    1.3158315420150757
                ],
                [
                    0.0,
                    0.0,
                    0.0,
                    1.0
                ]
            ]
        },
        {
            "file_path": "/data/shapenet_blender/all_50_random/02958343/8e8da02ac0168a47ec5e3fe5c33367cf/r_9",
            "rotation": 0.12566370614359174,
            "transform_matrix": [
                [
                    0.9480101466178894,
                    0.1975071281194687,
                    -0.24953489005565643,
                    -1.0059072971343994
                ],
                [
                    -0.31824004650115967,
                    0.5883570313453674,
                    -0.7433432936668396,
                    -2.9965126514434814
                ],
                [
                    1.4901161193847656e-08,
                    0.7841089963912964,
                    0.6206231117248535,
                    2.5018117427825928
                ],
                [
                    0.0,
                    0.0,
                    0.0,
                    1.0
                ]
            ]
        },
        {
            "file_path": "/data/shapenet_blender/all_50_random/02958343/8e8da02ac0168a47ec5e3fe5c33367cf/r_10",
            "rotation": 0.12566370614359174,
            "transform_matrix": [
                [
                    0.5887336730957031,
                    0.15218760073184967,
                    -0.7938713431358337,
                    -3.200197458267212
                ],
                [
                    -0.8083270788192749,
                    0.11084368824958801,
                    -0.5782049894332886,
                    -2.3308186531066895
                ],
                [
                    -7.450580596923828e-09,
                    0.9821163415908813,
                    0.1882748007774353,
                    0.7589598894119263
                ],
                [
                    0.0,
                    0.0,
                    0.0,
                    1.0
                ]
            ]
        },
        {
            "file_path": "/data/shapenet_blender/all_50_random/02958343/8e8da02ac0168a47ec5e3fe5c33367cf/r_11",
            "rotation": 0.12566370614359174,
            "transform_matrix": [
                [
                    0.09454582631587982,
                    0.7476665377616882,
                    0.6573095917701721,
                    2.6496996879577637
                ],
                [
                    0.9955204725265503,
                    -0.07100683450698853,
                    -0.06242552027106285,
                    -0.2516453266143799
                ],
                [
                    0.0,
                    0.6602672934532166,
                    -0.7510307431221008,
                    -3.0275018215179443
                ],
                [
                    0.0,
                    0.0,
                    0.0,
                    1.0
                ]
            ]
        },
        {
            "file_path": "/data/shapenet_blender/all_50_random/02958343/8e8da02ac0168a47ec5e3fe5c33367cf/r_12",
            "rotation": 0.12566370614359174,
            "transform_matrix": [
                [
                    0.16545365750789642,
                    0.09341660141944885,
                    -0.9817832708358765,
                    -3.9576950073242188
                ],
                [
                    -0.9862175583839417,
                    0.015672117471694946,
                    -0.16470973193645477,
                    -0.663966178894043
                ],
                [
                    0.0,
                    0.9955037236213684,
                    0.09472210705280304,
                    0.38183704018592834
                ],
                [
                    0.0,
                    0.0,
                    0.0,
                    1.0
                ]
            ]
        },
        {
            "file_path": "/data/shapenet_blender/all_50_random/02958343/8e8da02ac0168a47ec5e3fe5c33367cf/r_13",
            "rotation": 0.12566370614359174,
            "transform_matrix": [
                [
                    0.9999048709869385,
                    0.004328441806137562,
                    0.013102401979267597,
                    0.052817463874816895
                ],
                [
                    0.013798853382468224,
                    -0.313651442527771,
                    -0.9494379758834839,
                    -3.8273065090179443
                ],
                [
                    0.0,
                    0.9495283365249634,
                    -0.31368130445480347,
                    -1.2644896507263184
                ],
                [
                    0.0,
                    0.0,
                    0.0,
                    1.0
                ]
            ]
        },
        {
            "file_path": "/data/shapenet_blender/all_50_random/02958343/8e8da02ac0168a47ec5e3fe5c33367cf/r_14",
            "rotation": 0.12566370614359174,
            "transform_matrix": [
                [
                    -0.6184791326522827,
                    -0.3436518907546997,
                    0.7066730260848999,
                    2.8486902713775635
                ],
                [
                    0.7858012318611145,
                    -0.2704775035381317,
                    0.5561999082565308,
                    2.2421138286590576
                ],
                [
                    0.0,
                    0.8993026614189148,
                    0.43732669949531555,
                    1.7629204988479614
                ],
                [
                    0.0,
                    0.0,
                    0.0,
                    1.0
                ]
            ]
        },
        {
            "file_path": "/data/shapenet_blender/all_50_random/02958343/8e8da02ac0168a47ec5e3fe5c33367cf/r_15",
            "rotation": 0.12566370614359174,
            "transform_matrix": [
                [
                    0.07901281863451004,
                    -0.3938290774822235,
                    0.9157813787460327,
                    3.6916329860687256
                ],
                [
                    0.9968735575675964,
                    0.031215136870741844,
                    -0.07258539646863937,
                    -0.2926011085510254
                ],
                [
                    0.0,
                    0.9186535477638245,
                    0.3950641453266144,
                    1.5925546884536743
                ],
                [
                    0.0,
                    0.0,
                    0.0,
                    1.0
                ]
            ]
        },
        {
            "file_path": "/data/shapenet_blender/all_50_random/02958343/8e8da02ac0168a47ec5e3fe5c33367cf/r_16",
            "rotation": 0.12566370614359174,
            "transform_matrix": [
                [
                    0.2699225842952728,
                    0.10046917200088501,
                    0.9576260447502136,
                    3.860314130783081
                ],
                [
                    0.9628820419311523,
                    -0.028164301067590714,
                    -0.26844918727874756,
                    -1.0821533203125
                ],
                [
                    1.862645371275562e-09,
                    0.9945414066314697,
                    -0.10434214025735855,
                    -0.42061662673950195
                ],
                [
                    0.0,
                    0.0,
                    0.0,
                    1.0
                ]
            ]
        },
        {
            "file_path": "/data/shapenet_blender/all_50_random/02958343/8e8da02ac0168a47ec5e3fe5c33367cf/r_17",
            "rotation": 0.12566370614359174,
            "transform_matrix": [
                [
                    -0.6230220794677734,
                    -0.02866654098033905,
                    -0.7816787958145142,
                    -3.151047945022583
                ],
                [
                    -0.782204270362854,
                    0.02283276617527008,
                    0.6226035356521606,
                    2.5097951889038086
                ],
                [
                    0.0,
                    0.9993281960487366,
                    -0.03664840757846832,
                    -0.14773446321487427
                ],
                [
                    0.0,
                    0.0,
                    0.0,
                    1.0
                ]
            ]
        },
        {
            "file_path": "/data/shapenet_blender/all_50_random/02958343/8e8da02ac0168a47ec5e3fe5c33367cf/r_18",
            "rotation": 0.12566370614359174,
            "transform_matrix": [
                [
                    -0.17917205393314362,
                    0.05768882483243942,
                    -0.982124924659729,
                    -3.9590721130371094
                ],
                [
                    -0.9838178157806396,
                    -0.010506239719688892,
                    0.1788637489080429,
                    0.7210228443145752
                ],
                [
                    0.0,
                    0.9982793927192688,
                    0.05863771587610245,
                    0.23637619614601135
                ],
                [
                    0.0,
                    0.0,
                    0.0,
                    1.0
                ]
            ]
        },
        {
            "file_path": "/data/shapenet_blender/all_50_random/02958343/8e8da02ac0168a47ec5e3fe5c33367cf/r_19",
            "rotation": 0.12566370614359174,
            "transform_matrix": [
                [
                    -0.6410826444625854,
                    0.07047601789236069,
                    -0.7642291188240051,
                    -3.0807058811187744
                ],
                [
                    -0.7674717903137207,
                    -0.0588698573410511,
                    0.6383739709854126,
                    2.5733678340911865
                ],
                [
                    -3.7252896323280993e-09,
                    0.9957748055458069,
                    0.09182880073785782,
                    0.37017372250556946
                ],
                [
                    0.0,
                    0.0,
                    0.0,
                    1.0
                ]
            ]
        },
        {
            "file_path": "/data/shapenet_blender/all_50_random/02958343/8e8da02ac0168a47ec5e3fe5c33367cf/r_20",
            "rotation": 0.12566370614359174,
            "transform_matrix": [
                [
                    0.03796519711613655,
                    0.25904035568237305,
                    -0.9651200771331787,
                    -3.8905234336853027
                ],
                [
                    -0.9992790222167969,
                    0.009841613471508026,
                    -0.03666741028428078,
                    -0.14781105518341064
                ],
                [
                    0.0,
                    0.9658162593841553,
                    0.25922727584838867,
                    1.0449786186218262
                ],
                [
                    0.0,
                    0.0,
                    0.0,
                    1.0
                ]
            ]
        },
        {
            "file_path": "/data/shapenet_blender/all_50_random/02958343/8e8da02ac0168a47ec5e3fe5c33367cf/r_21",
            "rotation": 0.12566370614359174,
            "transform_matrix": [
                [
                    0.1678694188594818,
                    0.09925475716590881,
                    -0.9807997941970825,
                    -3.953730821609497
                ],
                [
                    -0.985809326171875,
                    0.016901684924960136,
                    -0.16701637208461761,
                    -0.6732646226882935
                ],
                [
                    0.0,
                    0.9949184656143188,
                    0.1006835326552391,
                    0.4058683514595032
                ],
                [
                    0.0,
                    0.0,
                    0.0,
                    1.0
                ]
            ]
        },
        {
            "file_path": "/data/shapenet_blender/all_50_random/02958343/8e8da02ac0168a47ec5e3fe5c33367cf/r_22",
            "rotation": 0.12566370614359174,
            "transform_matrix": [
                [
                    -0.33829405903816223,
                    0.05011345073580742,
                    0.9397050738334656,
                    3.7880725860595703
                ],
                [
                    0.9410403966903687,
                    0.01801525615155697,
                    0.3378140330314636,
                    1.361772060394287
                ],
                [
                    0.0,
                    0.9985809922218323,
                    -0.053253237158060074,
                    -0.21467068791389465
                ],
                [
                    0.0,
                    0.0,
                    0.0,
                    1.0
                ]
            ]
        },
        {
            "file_path": "/data/shapenet_blender/all_50_random/02958343/8e8da02ac0168a47ec5e3fe5c33367cf/r_23",
            "rotation": 0.12566370614359174,
            "transform_matrix": [
                [
                    -0.45916491746902466,
                    -0.09156600385904312,
                    -0.8836194276809692,
                    -3.561983585357666
                ],
                [
                    -0.8883510828018188,
                    0.04732802137732506,
                    0.4567192792892456,
                    1.8410942554473877
                ],
                [
                    0.0,
                    0.9946737289428711,
                    -0.10307411849498749,
                    -0.415505051612854
                ],
                [
                    0.0,
                    0.0,
                    0.0,
                    1.0
                ]
            ]
        },
        {
            "file_path": "/data/shapenet_blender/all_50_random/02958343/8e8da02ac0168a47ec5e3fe5c33367cf/r_24",
            "rotation": 0.12566370614359174,
            "transform_matrix": [
                [
                    -0.17356698215007782,
                    0.263371080160141,
                    0.9489521384239197,
                    3.825348377227783
                ],
                [
                    0.984822154045105,
                    0.04641703888773918,
                    0.16724519431591034,
                    0.6741869449615479
                ],
                [
                    -3.725290742551124e-09,
                    0.9635772109031677,
                    -0.2674300968647003,
                    -1.0780452489852905
                ],
                [
                    0.0,
                    0.0,
                    0.0,
                    1.0
                ]
            ]
        },
        {
            "file_path": "/data/shapenet_blender/all_50_random/02958343/8e8da02ac0168a47ec5e3fe5c33367cf/r_25",
            "rotation": 0.12566370614359174,
            "transform_matrix": [
                [
                    0.8354536294937134,
                    0.4911497235298157,
                    0.24655462801456451,
                    0.9938935041427612
                ],
                [
                    0.5495609045028687,
                    -0.7466557621955872,
                    -0.3748173415660858,
                    -1.510936975479126
                ],
                [
                    0.0,
                    0.44863927364349365,
                    -0.8937129378318787,
                    -3.6026721000671387
                ],
                [
                    0.0,
                    0.0,
                    0.0,
                    1.0
                ]
            ]
        },
        {
            "file_path": "/data/shapenet_blender/all_50_random/02958343/8e8da02ac0168a47ec5e3fe5c33367cf/r_26",
            "rotation": 0.12566370614359174,
            "transform_matrix": [
                [
                    0.7223173975944519,
                    0.08495195209980011,
                    -0.6863240599632263,
                    -2.766660690307617
                ],
                [
                    -0.6915616393089294,
                    0.08873000741004944,
                    -0.7168468832969666,
                    -2.889702320098877
                ],
                [
                    0.0,
                    0.9924263954162598,
                    0.12284073978662491,
                    0.49518686532974243
                ],
                [
                    0.0,
                    0.0,
                    0.0,
                    1.0
                ]
            ]
        },
        {
            "file_path": "/data/shapenet_blender/all_50_random/02958343/8e8da02ac0168a47ec5e3fe5c33367cf/r_27",
            "rotation": 0.12566370614359174,
            "transform_matrix": [
                [
                    -0.8064752817153931,
                    -0.13690878450870514,
                    0.5751987099647522,
                    2.3187003135681152
                ],
                [
                    0.5912678241729736,
                    -0.18674032390117645,
                    0.7845574021339417,
                    3.1626522541046143
                ],
                [
                    -7.450581485102248e-09,
                    0.9728225469589233,
                    0.23155125975608826,
                    0.933413028717041
                ],
                [
                    0.0,
                    0.0,
                    0.0,
                    1.0
                ]
            ]
        },
        {
            "file_path": "/data/shapenet_blender/all_50_random/02958343/8e8da02ac0168a47ec5e3fe5c33367cf/r_28",
            "rotation": 0.12566370614359174,
            "transform_matrix": [
                [
                    0.010257887654006481,
                    0.4855004549026489,
                    -0.8741762042045593,
                    -3.5239169597625732
                ],
                [
                    -0.9999474287033081,
                    0.004980470985174179,
                    -0.008967672474682331,
                    -0.03614984452724457
                ],
                [
                    0.0,
                    0.8742222189903259,
                    0.4855259954929352,
                    1.9572179317474365
                ],
                [
                    0.0,
                    0.0,
                    0.0,
                    1.0
                ]
            ]
        },
        {
            "file_path": "/data/shapenet_blender/all_50_random/02958343/8e8da02ac0168a47ec5e3fe5c33367cf/r_29",
            "rotation": 0.12566370614359174,
            "transform_matrix": [
                [
                    -0.013109434396028519,
                    0.7010162472724915,
                    -0.7130246758460999,
                    -2.8742945194244385
                ],
                [
                    -0.9999141693115234,
                    -0.009190714918076992,
                    0.009348152205348015,
                    0.03768360614776611
                ],
                [
                    0.0,
                    0.7130860090255737,
                    0.7010765075683594,
                    2.826129913330078
                ],
                [
                    0.0,
                    0.0,
                    0.0,
                    1.0
                ]
            ]
        },
        {
            "file_path": "/data/shapenet_blender/all_50_random/02958343/8e8da02ac0168a47ec5e3fe5c33367cf/r_30",
            "rotation": 0.12566370614359174,
            "transform_matrix": [
                [
                    0.980837345123291,
                    0.05873756855726242,
                    -0.18576323986053467,
                    -0.748835563659668
                ],
                [
                    -0.1948283463716507,
                    0.29570645093917847,
                    -0.9352002739906311,
                    -3.7699129581451416
                ],
                [
                    0.0,
                    0.953471302986145,
                    0.301483690738678,
                    1.2153196334838867
                ],
                [
                    0.0,
                    0.0,
                    0.0,
                    1.0
                ]
            ]
        },
        {
            "file_path": "/data/shapenet_blender/all_50_random/02958343/8e8da02ac0168a47ec5e3fe5c33367cf/r_31",
            "rotation": 0.12566370614359174,
            "transform_matrix": [
                [
                    -0.42891719937324524,
                    -0.6190168857574463,
                    0.6579118967056274,
                    2.652127742767334
                ],
                [
                    0.9033437371253967,
                    -0.2939158082008362,
                    0.3123835623264313,
                    1.2592583894729614
                ],
                [
                    0.0,
                    0.7283072471618652,
                    0.6852506995201111,
                    2.762333869934082
                ],
                [
                    0.0,
                    0.0,
                    0.0,
                    1.0
                ]
            ]
        },
        {
            "file_path": "/data/shapenet_blender/all_50_random/02958343/8e8da02ac0168a47ec5e3fe5c33367cf/r_32",
            "rotation": 0.12566370614359174,
            "transform_matrix": [
                [
                    -0.40724462270736694,
                    0.8613461256027222,
                    -0.3037015497684479,
                    -1.2242600917816162
                ],
                [
                    -0.9133191108703613,
                    -0.38407009840011597,
                    0.1354190558195114,
                    0.5458917021751404
                ],
                [
                    -7.450580596923828e-09,
                    0.33252501487731934,
                    0.9430943727493286,
                    3.8017349243164062
                ],
                [
                    0.0,
                    0.0,
                    0.0,
                    1.0
                ]
            ]
        },
        {
            "file_path": "/data/shapenet_blender/all_50_random/02958343/8e8da02ac0168a47ec5e3fe5c33367cf/r_33",
            "rotation": 0.12566370614359174,
            "transform_matrix": [
                [
                    0.8927541971206665,
                    0.0028819399885833263,
                    -0.45053479075431824,
                    -1.8161637783050537
                ],
                [
                    -0.45054399967193604,
                    0.00571057153865695,
                    -0.8927359580993652,
                    -3.59873366355896
                ],
                [
                    -2.3283061589829401e-10,
                    0.999979555606842,
                    0.006396578159183264,
                    0.025785431265830994
                ],
                [
                    0.0,
                    0.0,
                    0.0,
                    1.0
                ]
            ]
        },
        {
            "file_path": "/data/shapenet_blender/all_50_random/02958343/8e8da02ac0168a47ec5e3fe5c33367cf/r_34",
            "rotation": 0.12566370614359174,
            "transform_matrix": [
                [
                    0.14107409119606018,
                    -0.6316876411437988,
                    -0.76227867603302,
                    -3.072843551635742
                ],
                [
                    -0.9899991154670715,
                    -0.0900149941444397,
                    -0.10862410813570023,
                    -0.4378777742385864
                ],
                [
                    0.0,
                    0.7699792385101318,
                    -0.6380689144134521,
                    -2.5721380710601807
                ],
                [
                    0.0,
                    0.0,
                    0.0,
                    1.0
                ]
            ]
        },
        {
            "file_path": "/data/shapenet_blender/all_50_random/02958343/8e8da02ac0168a47ec5e3fe5c33367cf/r_35",
            "rotation": 0.12566370614359174,
            "transform_matrix": [
                [
                    -0.6524320244789124,
                    -0.44846251606941223,
                    0.6109122633934021,
                    2.4626660346984863
                ],
                [
                    0.757847249507904,
                    -0.3860822021961212,
                    0.5259354710578918,
                    2.1201136112213135
                ],
                [
                    1.4901161193847656e-08,
                    0.8061152696609497,
                    0.5917584896087646,
                    2.3854546546936035
                ],
                [
                    0.0,
                    0.0,
                    0.0,
                    1.0
                ]
            ]
        },
        {
            "file_path": "/data/shapenet_blender/all_50_random/02958343/8e8da02ac0168a47ec5e3fe5c33367cf/r_36",
            "rotation": 0.12566370614359174,
            "transform_matrix": [
                [
                    -0.019138947129249573,
                    0.7431084513664246,
                    -0.668897271156311,
                    -2.6964111328125
                ],
                [
                    -0.99981689453125,
                    -0.014224918559193611,
                    0.012804334983229637,
                    0.05161592364311218
                ],
                [
                    9.313225746154785e-10,
                    0.669019877910614,
                    0.7432445287704468,
                    2.996114492416382
                ],
                [
                    0.0,
                    0.0,
                    0.0,
                    1.0
                ]
            ]
        },
        {
            "file_path": "/data/shapenet_blender/all_50_random/02958343/8e8da02ac0168a47ec5e3fe5c33367cf/r_37",
            "rotation": 0.12566370614359174,
            "transform_matrix": [
                [
                    0.9907887578010559,
                    -0.058203257620334625,
                    -0.12227058410644531,
                    -0.49288854002952576
                ],
                [
                    -0.13541685044765472,
                    -0.425849050283432,
                    -0.8946030139923096,
                    -3.6062605381011963
                ],
                [
                    -3.725290742551124e-09,
                    0.902920126914978,
                    -0.4298081398010254,
                    -1.7326122522354126
                ],
                [
                    0.0,
                    0.0,
                    0.0,
                    1.0
                ]
            ]
        },
        {
            "file_path": "/data/shapenet_blender/all_50_random/02958343/8e8da02ac0168a47ec5e3fe5c33367cf/r_38",
            "rotation": 0.12566370614359174,
            "transform_matrix": [
                [
                    0.31663548946380615,
                    -0.004225878044962883,
                    0.9485378265380859,
                    3.823678493499756
                ],
                [
                    0.94854736328125,
                    0.001410644268617034,
                    -0.3166322708129883,
                    -1.2763856649398804
                ],
                [
                    0.0,
                    0.9999901652336121,
                    0.004455104470252991,
                    0.017959102988243103
                ],
                [
                    0.0,
                    0.0,
                    0.0,
                    1.0
                ]
            ]
        },
        {
            "file_path": "/data/shapenet_blender/all_50_random/02958343/8e8da02ac0168a47ec5e3fe5c33367cf/r_39",
            "rotation": 0.12566370614359174,
            "transform_matrix": [
                [
                    0.7218142151832581,
                    0.11174938082695007,
                    -0.6830053329467773,
                    -2.7532825469970703
                ],
                [
                    -0.6920868158340454,
                    0.11654938012361526,
                    -0.7123426198959351,
                    -2.87154483795166
                ],
                [
                    7.450580152834618e-09,
                    0.9868780374526978,
                    0.1614672690629959,
                    0.650895357131958
                ],
                [
                    0.0,
                    0.0,
                    0.0,
                    1.0
                ]
            ]
        },
        {
            "file_path": "/data/shapenet_blender/all_50_random/02958343/8e8da02ac0168a47ec5e3fe5c33367cf/r_40",
            "rotation": 0.12566370614359174,
            "transform_matrix": [
                [
                    -0.8171094655990601,
                    0.47542130947113037,
                    -0.32604721188545227,
                    -1.3143383264541626
                ],
                [
                    -0.5764826536178589,
                    -0.6738646030426025,
                    0.4621410071849823,
                    1.8629499673843384
                ],
                [
                    0.0,
                    0.5655802488327026,
                    0.8246932029724121,
                    3.324444532394409
                ],
                [
                    0.0,
                    0.0,
                    0.0,
                    1.0
                ]
            ]
        },
        {
            "file_path": "/data/shapenet_blender/all_50_random/02958343/8e8da02ac0168a47ec5e3fe5c33367cf/r_41",
            "rotation": 0.12566370614359174,
            "transform_matrix": [
                [
                    -0.9408590793609619,
                    0.1303505301475525,
                    0.3127187192440033,
                    1.2606096267700195
                ],
                [
                    0.33879828453063965,
                    0.3619896471500397,
                    0.8684348464012146,
                    3.5007731914520264
                ],
                [
                    0.0,
                    0.9230234622955322,
