{
    "class": "02958343",
    "model": "ec18723333333a6e2fb4628a7a8b337f",
    "remove_doubles": true,
    "edge_split": true,
    "denoise": true,
    "camera_angle_x": 0.6911112070083618,
    "scale_factor": 2.2500073760989716,
    "hdri_file": "/data/IndoorHDRDataset2018/AG8A6383-695ecde991.exr",
    "center_offset": [
        0.0,
        0.0,
        -1.862645149230957e-09
    ],
    "lights": [],
    "frames": [
        {
            "file_path": "/data/shapenet_blender/all_50_random/02958343/ec18723333333a6e2fb4628a7a8b337f/r_0",
            "rotation": 0.12566370614359174,
            "transform_matrix": [
                [
                    -0.21034610271453857,
                    -0.20415081083774567,
                    -0.9560737609863281,
                    -3.8540565967559814
                ],
                [
                    -0.9776270389556885,
                    0.04392505809664726,
                    0.20570868253707886,
                    0.82923823595047
                ],
                [
                    0.0,
                    0.9779535531997681,
                    -0.2088228166103363,
                    -0.8417916893959045
                ],
                [
                    0.0,
                    0.0,
                    0.0,
                    1.0
                ]
            ]
        },
        {
            "file_path": "/data/shapenet_blender/all_50_random/02958343/ec18723333333a6e2fb4628a7a8b337f/r_1",
            "rotation": 0.12566370614359174,
            "transform_matrix": [
                [
                    0.9979543685913086,
                    0.020973537117242813,
                    0.060392510145902634,
                    0.24345001578330994
                ],
                [
                    0.06393077969551086,
                    -0.3273952305316925,
                    -0.9427222013473511,
                    -3.8002350330352783
                ],
                [
                    0.0,
                    0.9446547031402588,
                    -0.32806628942489624,
                    -1.3224775791168213
                ],
                [
                    0.0,
                    0.0,
                    0.0,
                    1.0
                ]
            ]
        },
        {
            "file_path": "/data/shapenet_blender/all_50_random/02958343/ec18723333333a6e2fb4628a7a8b337f/r_2",
            "rotation": 0.12566370614359174,
            "transform_matrix": [
                [
                    -0.8116068840026855,
                    0.08415138721466064,
                    0.5781113505363464,
                    2.33044171333313
                ],
                [
                    0.5842039585113525,
                    0.11690753698348999,
                    0.8031427264213562,
                    3.237572193145752
                ],
                [
                    0.0,
                    0.9895710945129395,
                    -0.14404453337192535,
                    -0.5806621313095093
                ],
                [
                    0.0,
                    0.0,
                    0.0,
                    1.0
                ]
            ]
        },
        {
            "file_path": "/data/shapenet_blender/all_50_random/02958343/ec18723333333a6e2fb4628a7a8b337f/r_3",
            "rotation": 0.12566370614359174,
            "transform_matrix": [
                [
                    -0.8986512422561646,
                    -0.07699989527463913,
                    0.4318528473377228,
                    1.7408546209335327
                ],
                [
                    0.4386637508869171,
                    -0.15774281322956085,
                    0.8846983313560486,
                    3.566333293914795
                ],
                [
                    7.450580596923828e-09,
                    0.984473466873169,
                    0.17553283274173737,
                    0.7075955271720886
                ],
                [
                    0.0,
                    0.0,
                    0.0,
                    1.0
                ]
            ]
        },
        {
            "file_path": "/data/shapenet_blender/all_50_random/02958343/ec18723333333a6e2fb4628a7a8b337f/r_4",
            "rotation": 0.12566370614359174,
            "transform_matrix": [
                [
                    -0.9572418928146362,
                    0.02682833932340145,
                    0.2880421280860901,
                    1.161134958267212
                ],
                [
                    0.28928884863853455,
                    0.08877358585596085,
                    0.9531165957450867,
                    3.8421359062194824
                ],
                [
                    3.725290742551124e-09,
                    0.9956902861595154,
                    -0.09273894876241684,
                    -0.37384265661239624
                ],
                [
                    0.0,
                    0.0,
                    0.0,
                    1.0
                ]
            ]
        },
        {
            "file_path": "/data/shapenet_blender/all_50_random/02958343/ec18723333333a6e2fb4628a7a8b337f/r_5",
            "rotation": 0.12566370614359174,
            "transform_matrix": [
                [
                    0.4104057252407074,
                    0.4104820191860199,
                    -0.8142920732498169,
                    -3.2825164794921875
                ],
                [
                    -0.9119030237197876,
                    0.1847391128540039,
                    -0.36647552251815796,
                    -1.4773101806640625
                ],
                [
                    -1.4901161193847656e-08,
                    0.8929591178894043,
                    0.450137734413147,
                    1.8145633935928345
                ],
                [
                    0.0,
                    0.0,
                    0.0,
                    1.0
                ]
            ]
        },
        {
            "file_path": "/data/shapenet_blender/all_50_random/02958343/ec18723333333a6e2fb4628a7a8b337f/r_6",
            "rotation": 0.12566370614359174,
            "transform_matrix": [
                [
                    -0.3246055841445923,
                    -0.45609143376350403,
                    -0.8286203742027283,
                    -3.340275764465332
                ],
                [
                    -0.9458494186401367,
                    0.15652579069137573,
                    0.28437381982803345,
                    1.1463476419448853
                ],
                [
                    0.0,
                    0.8760594129562378,
                    -0.48220294713974,
                    -1.9438223838806152
                ],
                [
                    0.0,
                    0.0,
                    0.0,
                    1.0
                ]
            ]
        },
        {
            "file_path": "/data/shapenet_blender/all_50_random/02958343/ec18723333333a6e2fb4628a7a8b337f/r_7",
            "rotation": 0.12566370614359174,
            "transform_matrix": [
                [
                    -0.4342944324016571,
                    0.04021177068352699,
                    0.8998729586601257,
                    3.6275038719177246
                ],
                [
                    0.9007710814476013,
                    0.01938755437731743,
                    0.4338614344596863,
                    1.7489514350891113
                ],
                [
                    1.862645371275562e-09,
                    0.9990030527114868,
                    -0.04464150592684746,
                    -0.17995566129684448
                ],
                [
                    0.0,
                    0.0,
                    0.0,
                    1.0
                ]
            ]
        },
        {
            "file_path": "/data/shapenet_blender/all_50_random/02958343/ec18723333333a6e2fb4628a7a8b337f/r_8",
            "rotation": 0.12566370614359174,
            "transform_matrix": [
                [
                    0.21673396229743958,
                    0.469340980052948,
                    -0.8560054898262024,
                    -3.4506685733795166
                ],
                [
                    -0.976230800151825,
                    0.10419884324073792,
                    -0.1900426149368286,
                    -0.7660862803459167
                ],
                [
                    -7.450581485102248e-09,
                    0.8768475651741028,
                    0.48076850175857544,
                    1.938039779663086
                ],
                [
                    0.0,
                    0.0,
                    0.0,
                    1.0
                ]
            ]
        },
        {
            "file_path": "/data/shapenet_blender/all_50_random/02958343/ec18723333333a6e2fb4628a7a8b337f/r_9",
            "rotation": 0.12566370614359174,
            "transform_matrix": [
                [
                    -0.4728541970252991,
                    -0.7168371677398682,
                    -0.5123994946479797,
                    -2.0655486583709717
                ],
                [
                    -0.8811405897140503,
                    0.38468262553215027,
                    0.27497345209121704,
                    1.1084535121917725
                ],
                [
                    -1.4901160305669237e-08,
                    0.5815184712409973,
                    -0.8135331273078918,
                    -3.2794570922851562
                ],
                [
                    0.0,
                    0.0,
                    0.0,
                    1.0
                ]
            ]
        },
        {
            "file_path": "/data/shapenet_blender/all_50_random/02958343/ec18723333333a6e2fb4628a7a8b337f/r_10",
            "rotation": 0.12566370614359174,
            "transform_matrix": [
                [
                    -0.894803524017334,
                    0.3043603003025055,
                    0.3266366422176361,
                    1.3167144060134888
                ],
                [
                    0.44646021723747253,
                    0.6100043058395386,
                    0.6546509861946106,
                    2.6389825344085693
                ],
                [
                    1.4901161193847656e-08,
                    0.7316142916679382,
                    -0.6817188262939453,
                    -2.748096466064453
                ],
                [
                    0.0,
                    0.0,
                    0.0,
                    1.0
                ]
            ]
        },
        {
            "file_path": "/data/shapenet_blender/all_50_random/02958343/ec18723333333a6e2fb4628a7a8b337f/r_11",
            "rotation": 0.12566370614359174,
            "transform_matrix": [
                [
                    -0.8298043608665466,
                    0.11231543123722076,
                    -0.5466351509094238,
                    -2.203557014465332
                ],
                [
                    -0.558054506778717,
                    -0.1670084446668625,
                    0.8128241300582886,
                    3.276599407196045
                ],
                [
                    7.450581485102248e-09,
                    0.9795372486114502,
                    0.2012624442577362,
                    0.8113150000572205
                ],
                [
                    0.0,
                    0.0,
                    0.0,
                    1.0
                ]
            ]
        },
        {
            "file_path": "/data/shapenet_blender/all_50_random/02958343/ec18723333333a6e2fb4628a7a8b337f/r_12",
            "rotation": 0.12566370614359174,
            "transform_matrix": [
                [
                    -0.3378826081752777,
                    -0.036125823855400085,
                    0.9404946565628052,
                    3.791255235671997
                ],
                [
                    0.9411882758140564,
                    -0.012969017960131168,
                    0.3376336097717285,
                    1.3610446453094482
                ],
                [
                    0.0,
                    0.9992630481719971,
                    0.038383208215236664,
                    0.15472766757011414
                ],
                [
                    0.0,
                    0.0,
                    0.0,
                    1.0
                ]
            ]
        },
        {
            "file_path": "/data/shapenet_blender/all_50_random/02958343/ec18723333333a6e2fb4628a7a8b337f/r_13",
            "rotation": 0.12566370614359174,
            "transform_matrix": [
                [
                    0.14077402651309967,
                    -0.3954945504665375,
                    -0.9076159596443176,
                    -3.658716917037964
                ],
                [
                    -0.9900417327880859,
                    -0.05623536929488182,
                    -0.12905390560626984,
                    -0.5202329158782959
                ],
                [
                    0.0,
                    0.916745126247406,
                    -0.3994726240634918,
                    -1.6103256940841675
                ],
                [
                    0.0,
                    0.0,
                    0.0,
                    1.0
                ]
            ]
        },
        {
            "file_path": "/data/shapenet_blender/all_50_random/02958343/ec18723333333a6e2fb4628a7a8b337f/r_14",
            "rotation": 0.12566370614359174,
            "transform_matrix": [
                [
                    0.051856618374586105,
                    -0.36688047647476196,
                    -0.9288216829299927,
                    -3.744199514389038
                ],
                [
                    -0.9986545443534851,
                    -0.01905081421136856,
                    -0.04823044314980507,
                    -0.194423109292984
                ],
                [
                    0.0,
                    0.9300730228424072,
                    -0.3673747777938843,
                    -1.480934977531433
                ],
                [
                    0.0,
                    0.0,
                    0.0,
                    1.0
                ]
            ]
        },
        {
            "file_path": "/data/shapenet_blender/all_50_random/02958343/ec18723333333a6e2fb4628a7a8b337f/r_15",
            "rotation": 0.12566370614359174,
            "transform_matrix": [
                [
                    -0.7121199369430542,
                    0.11648286879062653,
                    0.6923271417617798,
                    2.790860176086426
                ],
                [
                    0.7020578384399414,
                    0.11815232783555984,
                    0.7022497057914734,
                    2.830859422683716
                ],
                [
                    0.0,
                    0.9861398339271545,
                    -0.1659163236618042,
                    -0.668830156326294
                ],
                [
                    0.0,
                    0.0,
                    0.0,
                    1.0
                ]
            ]
        },
        {
            "file_path": "/data/shapenet_blender/all_50_random/02958343/ec18723333333a6e2fb4628a7a8b337f/r_16",
            "rotation": 0.12566370614359174,
            "transform_matrix": [
                [
                    -0.45881563425064087,
                    -0.6671947836875916,
                    0.5868044495582581,
                    2.3654847145080566
                ],
                [
                    0.8885315656661987,
                    -0.3445228040218353,
                    0.3030112385749817,
                    1.2214775085449219
                ],
                [
                    0.0,
                    0.6604205369949341,
                    0.7508957982063293,
                    3.0269579887390137
                ],
                [
                    0.0,
                    0.0,
                    0.0,
                    1.0
                ]
            ]
        },
        {
            "file_path": "/data/shapenet_blender/all_50_random/02958343/ec18723333333a6e2fb4628a7a8b337f/r_17",
            "rotation": 0.12566370614359174,
            "transform_matrix": [
                [
                    -0.21578027307987213,
                    0.5103089809417725,
                    0.8324803709983826,
                    3.3558356761932373
                ],
                [
                    0.9764420390129089,
                    0.11277127265930176,
                    0.183966726064682,
                    0.741593599319458
                ],
                [
                    7.450581485102248e-09,
                    0.8525650501251221,
                    -0.5226209163665771,
                    -2.106752395629883
                ],
                [
                    0.0,
                    0.0,
                    0.0,
                    1.0
                ]
            ]
        },
        {
            "file_path": "/data/shapenet_blender/all_50_random/02958343/ec18723333333a6e2fb4628a7a8b337f/r_18",
            "rotation": 0.12566370614359174,
            "transform_matrix": [
                [
                    0.47084227204322815,
                    -0.27423563599586487,
                    -0.8385119438171387,
                    -3.3801498413085938
                ],
                [
                    -0.8822174072265625,
                    -0.14636045694351196,
                    -0.447516530752182,
                    -1.8039968013763428
                ],
                [
                    -7.450580596923828e-09,
                    0.9504595398902893,
                    -0.3108481764793396,
                    -1.2530690431594849
                ],
                [
                    0.0,
                    0.0,
                    0.0,
                    1.0
                ]
            ]
        },
        {
            "file_path": "/data/shapenet_blender/all_50_random/02958343/ec18723333333a6e2fb4628a7a8b337f/r_19",
            "rotation": 0.12566370614359174,
            "transform_matrix": [
                [
                    -0.9948132634162903,
                    -0.06720826774835587,
                    -0.07635239511728287,
                    -0.30778634548187256
                ],
                [
                    -0.10171844810247421,
                    0.6573014259338379,
                    0.7467315793037415,
                    3.0101711750030518
                ],
                [
                    0.0,
                    0.7506248354911804,
                    -0.6607285141944885,
                    -2.6634819507598877
                ],
                [
                    0.0,
                    0.0,
                    0.0,
                    1.0
                ]
            ]
        },
        {
            "file_path": "/data/shapenet_blender/all_50_random/02958343/ec18723333333a6e2fb4628a7a8b337f/r_20",
            "rotation": 0.12566370614359174,
            "transform_matrix": [
                [
                    -0.8846040964126587,
                    -0.22330571711063385,
                    0.4094022810459137,
                    1.6503535509109497
                ],
                [
                    0.4663429260253906,
                    -0.4235876798629761,
                    0.7765935659408569,
                    3.1305489540100098
                ],
                [
                    -1.4901162970204496e-08,
                    0.8778996467590332,
                    0.47884446382522583,
                    1.9302839040756226
                ],
                [
                    0.0,
                    0.0,
                    0.0,
                    1.0
                ]
            ]
        },
        {
            "file_path": "/data/shapenet_blender/all_50_random/02958343/ec18723333333a6e2fb4628a7a8b337f/r_21",
            "rotation": 0.12566370614359174,
            "transform_matrix": [
                [
                    -0.9237816333770752,
                    -0.07033475488424301,
                    -0.3764047622680664,
                    -1.5173358917236328
                ],
                [
                    -0.38291969895362854,
                    0.16968035697937012,
                    0.9080645442008972,
                    3.660524845123291
                ],
                [
                    -7.450580152834618e-09,
                    0.9829860329627991,
                    -0.18368017673492432,
                    -0.7404384016990662
                ],
                [
                    0.0,
                    0.0,
                    0.0,
                    1.0
                ]
            ]
        },
        {
            "file_path": "/data/shapenet_blender/all_50_random/02958343/ec18723333333a6e2fb4628a7a8b337f/r_22",
            "rotation": 0.12566370614359174,
            "transform_matrix": [
                [
                    -0.21959848701953888,
                    -0.3448632061481476,
                    -0.9126039147377014,
                    -3.678823947906494
                ],
                [
                    -0.9755903482437134,
                    0.07762627303600311,
                    0.20542070269584656,
                    0.8280773162841797
                ],
                [
                    0.0,
                    0.9354375600814819,
                    -0.35349181294441223,
                    -1.424971103668213
                ],
                [
                    0.0,
                    0.0,
                    0.0,
                    1.0
                ]
            ]
        },
        {
            "file_path": "/data/shapenet_blender/all_50_random/02958343/ec18723333333a6e2fb4628a7a8b337f/r_23",
            "rotation": 0.12566370614359174,
            "transform_matrix": [
                [
                    0.06749961525201797,
                    -0.3810223639011383,
                    0.9220985174179077,
                    3.7170982360839844
                ],
                [
                    0.9977193474769592,
                    0.025777652859687805,
                    -0.06238356977701187,
                    -0.2514762282371521
                ],
                [
                    0.0,
                    0.9242064356803894,
                    0.3818933069705963,
                    1.5394612550735474
                ],
                [
                    0.0,
                    0.0,
                    0.0,
                    1.0
                ]
            ]
        },
        {
            "file_path": "/data/shapenet_blender/all_50_random/02958343/ec18723333333a6e2fb4628a7a8b337f/r_24",
            "rotation": 0.12566370614359174,
            "transform_matrix": [
                [
                    0.7915132641792297,
                    -0.04185117036104202,
                    -0.6097172498703003,
                    -2.4578490257263184
                ],
                [
                    -0.611151933670044,
                    -0.054202161729335785,
                    -0.7896551489830017,
                    -3.183202028274536
                ],
                [
                    0.0,
                    0.997652530670166,
                    -0.06847914308309555,
                    -0.2760482728481293
                ],
                [
                    0.0,
                    0.0,
                    0.0,
                    1.0
                ]
            ]
        },
        {
            "file_path": "/data/shapenet_blender/all_50_random/02958343/ec18723333333a6e2fb4628a7a8b337f/r_25",
            "rotation": 0.12566370614359174,
            "transform_matrix": [
                [
                    0.12706229090690613,
                    0.27122509479522705,
                    0.9540923237800598,
                    3.846069097518921
                ],
                [
                    0.9918947219848633,
                    -0.03474409133195877,
                    -0.12221978604793549,
                    -0.4926837086677551
                ],
                [
                    -3.7252898543727042e-09,
                    0.9618886709213257,
                    -0.2734414041042328,
                    -1.1022775173187256
                ],
                [
                    0.0,
                    0.0,
                    0.0,
                    1.0
                ]
            ]
        },
        {
            "file_path": "/data/shapenet_blender/all_50_random/02958343/ec18723333333a6e2fb4628a7a8b337f/r_26",
            "rotation": 0.12566370614359174,
            "transform_matrix": [
                [
                    -0.8412703275680542,
                    0.3247683346271515,
                    0.4321918785572052,
                    1.7422213554382324
                ],
                [
                    0.5406147837638855,
                    0.5053837895393372,
                    0.6725494861602783,
                    2.7111339569091797
                ],
                [
                    1.4901162970204496e-08,
                    0.7994452118873596,
                    -0.6007388234138489,
                    -2.4216558933258057
                ],
                [
                    0.0,
                    0.0,
                    0.0,
                    1.0
                ]
            ]
        },
        {
            "file_path": "/data/shapenet_blender/all_50_random/02958343/ec18723333333a6e2fb4628a7a8b337f/r_27",
            "rotation": 0.12566370614359174,
            "transform_matrix": [
                [
                    0.9638749361038208,
                    -0.03762250393629074,
                    -0.26368483901023865,
                    -1.0629475116729736
                ],
                [
                    -0.2663552761077881,
                    -0.136146679520607,
                    -0.9542112350463867,
                    -3.846548080444336
                ],
                [
                    0.0,
                    0.9899740219116211,
                    -0.14124932885169983,
                    -0.5693941712379456
                ],
                [
                    0.0,
                    0.0,
                    0.0,
                    1.0
                ]
            ]
        },
        {
            "file_path": "/data/shapenet_blender/all_50_random/02958343/ec18723333333a6e2fb4628a7a8b337f/r_28",
            "rotation": 0.12566370614359174,
            "transform_matrix": [
                [
                    0.7950218319892883,
                    -0.010689192451536655,
                    0.6064866781234741,
                    2.4448258876800537
                ],
                [
                    0.6065808534622192,
                    0.014009905979037285,
                    -0.7948983907699585,
                    -3.2043378353118896
                ],
                [
                    9.313225746154785e-10,
                    0.9998446702957153,
                    0.017622042447328568,
                    0.07103672623634338
                ],
                [
                    0.0,
                    0.0,
                    0.0,
                    1.0
                ]
            ]
        },
        {
            "file_path": "/data/shapenet_blender/all_50_random/02958343/ec18723333333a6e2fb4628a7a8b337f/r_29",
            "rotation": 0.12566370614359174,
            "transform_matrix": [
                [
                    -0.9441815614700317,
                    -0.012006334029138088,
                    -0.32920676469802856,
                    -1.3270747661590576
                ],
                [
                    -0.3294256329536438,
                    0.03441189229488373,
                    0.9435542821884155,
                    3.803588628768921
                ],
                [
                    -9.313225746154785e-10,
                    0.9993355870246887,
                    -0.03644626960158348,
                    -0.1469195932149887
                ],
                [
                    0.0,
                    0.0,
                    0.0,
                    1.0
                ]
            ]
        },
        {
            "file_path": "/data/shapenet_blender/all_50_random/02958343/ec18723333333a6e2fb4628a7a8b337f/r_30",
            "rotation": 0.12566370614359174,
            "transform_matrix": [
                [
                    -0.39113834500312805,
                    0.060053691267967224,
                    -0.9183704257011414,
                    -3.7020697593688965
                ],
                [
                    -0.9203320145606995,
                    -0.025522638112306595,
                    0.39030465483665466,
                    1.5733685493469238
                ],
                [
                    -1.862645371275562e-09,
                    0.9978687167167664,
                    0.06525219976902008,
                    0.26304006576538086
                ],
                [
                    0.0,
                    0.0,
                    0.0,
                    1.0
                ]
            ]
        },
        {
            "file_path": "/data/shapenet_blender/all_50_random/02958343/ec18723333333a6e2fb4628a7a8b337f/r_31",
            "rotation": 0.12566370614359174,
            "transform_matrix": [
                [
                    -0.9739885926246643,
                    0.18286705017089844,
                    -0.13381312787532806,
                    -0.5394179821014404
                ],
                [
                    -0.22659724950790405,
                    -0.7860220074653625,
                    0.5751723051071167,
                    2.318593740463257
                ],
                [
                    0.0,
                    0.5905328392982483,
                    0.8070135712623596,
                    3.253175735473633
                ],
                [
                    0.0,
                    0.0,
                    0.0,
                    1.0
                ]
            ]
        },
        {
            "file_path": "/data/shapenet_blender/all_50_random/02958343/ec18723333333a6e2fb4628a7a8b337f/r_32",
            "rotation": 0.12566370614359174,
            "transform_matrix": [
                [
                    0.1426326334476471,
                    0.0007468211115337908,
                    0.9897754192352295,
                    3.989912271499634
                ],
                [
                    0.9897757172584534,
                    -0.00010762140300357714,
                    -0.1426325887441635,
                    -0.5749703645706177
                ],
                [
                    -1.4551915228366852e-11,
                    0.9999997019767761,
                    -0.0007545356638729572,
                    -0.0030416306108236313
                ],
                [
                    0.0,
                    0.0,
                    0.0,
                    1.0
                ]
            ]
        },
        {
            "file_path": "/data/shapenet_blender/all_50_random/02958343/ec18723333333a6e2fb4628a7a8b337f/r_33",
            "rotation": 0.12566370614359174,
            "transform_matrix": [
                [
                    -0.04021155834197998,
                    0.3988419473171234,
                    0.9161375164985657,
                    3.693068742752075
                ],
                [
                    0.999191164970398,
                    0.0160510390996933,
                    0.03686913847923279,
                    0.1486242711544037
                ],
                [
                    0.0,
                    0.9168791770935059,
                    -0.3991647958755493,
                    -1.6090848445892334
                ],
                [
                    0.0,
                    0.0,
                    0.0,
                    1.0
                ]
            ]
        },
        {
            "file_path": "/data/shapenet_blender/all_50_random/02958343/ec18723333333a6e2fb4628a7a8b337f/r_34",
            "rotation": 0.12566370614359174,
            "transform_matrix": [
                [
                    -0.6648948788642883,
                    -0.6963384747505188,
                    -0.27023613452911377,
                    -1.0893566608428955
                ],
                [
                    -0.7469369769096375,
                    0.6198540329933167,
                    0.24055394530296326,
                    0.9697039723396301
                ],
                [
                    0.0,
                    0.3617924153804779,
                    -0.9322586059570312,
                    -3.758054733276367
                ],
                [
                    0.0,
                    0.0,
                    0.0,
                    1.0
                ]
            ]
        },
        {
            "file_path": "/data/shapenet_blender/all_50_random/02958343/ec18723333333a6e2fb4628a7a8b337f/r_35",
            "rotation": 0.12566370614359174,
            "transform_matrix": [
                [
                    -0.9690254330635071,
                    -0.00569674838334322,
                    -0.24689549207687378,
                    -0.9952674508094788
                ],
                [
                    -0.24696119129657745,
                    0.022352879866957664,
                    0.9687676429748535,
                    3.905226707458496
                ],
                [
                    0.0,
                    0.9997339248657227,
                    -0.02306738682091236,
                    -0.09298759698867798
                ],
                [
                    0.0,
                    0.0,
                    0.0,
                    1.0
                ]
            ]
        },
        {
            "file_path": "/data/shapenet_blender/all_50_random/02958343/ec18723333333a6e2fb4628a7a8b337f/r_36",
            "rotation": 0.12566370614359174,
            "transform_matrix": [
                [
                    -0.05577315390110016,
                    -0.49469220638275146,
                    -0.8672767281532288,
                    -3.4961042404174805
                ],
                [
                    -0.9984435439109802,
                    0.027633555233478546,
                    0.048446159809827805,
                    0.19529271125793457
                ],
                [
                    1.862645371275562e-09,
                    0.8686286807060242,
                    -0.49546346068382263,
                    -1.9972771406173706
                ],
                [
                    0.0,
                    0.0,
                    0.0,
                    1.0
                ]
            ]
        },
        {
            "file_path": "/data/shapenet_blender/all_50_random/02958343/ec18723333333a6e2fb4628a7a8b337f/r_37",
            "rotation": 0.12566370614359174,
            "transform_matrix": [
                [
                    -0.9888495802879333,
                    -0.043432027101516724,
                    -0.1424432396888733,
                    -0.5742071270942688
                ],
                [
                    -0.14891748130321503,
                    0.2883995771408081,
                    0.9458589553833008,
                    3.8128795623779297
                ],
                [
                    0.0,
                    0.9565245509147644,
                    -0.2916516065597534,
                    -1.1756854057312012
                ],
                [
                    0.0,
                    0.0,
                    0.0,
                    1.0
                ]
            ]
        },
        {
            "file_path": "/data/shapenet_blender/all_50_random/02958343/ec18723333333a6e2fb4628a7a8b337f/r_38",
            "rotation": 0.12566370614359174,
            "transform_matrix": [
                [
                    -0.5864442586898804,
                    0.16246987879276276,
                    -0.7935280203819275,
                    -3.1988136768341064
                ],
                [
                    -0.8099895715713501,
                    -0.11763056367635727,
                    0.5745258331298828,
                    2.3159878253936768
                ],
                [
                    0.0,
                    0.9796767234802246,
                    0.20058268308639526,
                    0.8085746765136719
                ],
                [
                    0.0,
                    0.0,
                    0.0,
                    1.0
                ]
            ]
        },
        {
            "file_path": "/data/shapenet_blender/all_50_random/02958343/ec18723333333a6e2fb4628a7a8b337f/r_39",
            "rotation": 0.12566370614359174,
            "transform_matrix": [
                [
                    0.9874535799026489,
                    -0.08603280037641525,
                    0.13241590559482574,
                    0.5337855815887451
                ],
                [
                    0.15791016817092896,
                    0.5379855632781982,
                    -0.8280313014984131,
                    -3.3379008769989014
                ],
                [
                    0.0,
                    0.8385521173477173,
                    0.5448213219642639,
                    2.196244955062866
                ],
                [
                    0.0,
                    0.0,
                    0.0,
                    1.0
                ]
            ]
        },
        {
            "file_path": "/data/shapenet_blender/all_50_random/02958343/ec18723333333a6e2fb4628a7a8b337f/r_40",
            "rotation": 0.12566370614359174,
            "transform_matrix": [
                [
                    0.41024255752563477,
                    -0.016384216025471687,
                    -0.9118292927742004,
                    -3.675701379776001
                ],
                [
                    -0.9119764566421509,
                    -0.007370258681476116,
                    -0.4101763665676117,
                    -1.6534738540649414
                ],
                [
                    9.313225746154785e-10,
                    0.9998385310173035,
                    -0.017965614795684814,
                    -0.07242170721292496
                ],
                [
                    0.0,
                    0.0,
                    0.0,
                    1.0
                ]
            ]
        },
        {
            "file_path": "/data/shapenet_blender/all_50_random/02958343/ec18723333333a6e2fb4628a7a8b337f/r_41",
            "rotation": 0.12566370614359174,
            "transform_matrix": [
                [
                    -0.7060011029243469,
                    -0.4119807481765747,
                    0.5760505795478821,
                    2.322134494781494
                ],
                [
                    0.708210825920105,
                    -0.410695344209671,
                    0.5742532014846802,
                    2.3148889541625977
