{
    "class": "02958343",
    "model": "834c7e46dfe757b4d229396ef51d2d02",
    "remove_doubles": true,
    "edge_split": true,
    "denoise": true,
    "camera_angle_x": 0.6911112070083618,
    "scale_factor": 2.2928339100535173,
    "hdri_file": "/data/IndoorHDRDataset2018/AG8A0502-ad90797ef2.exr",
    "center_offset": [
        0.0,
        -3.725290298461914e-09,
        0.0
    ],
    "lights": [],
    "frames": [
        {
            "file_path": "/data/shapenet_blender/all_50_random/02958343/834c7e46dfe757b4d229396ef51d2d02/r_0",
            "rotation": 0.12566370614359174,
            "transform_matrix": [
                [
                    0.999087929725647,
                    -0.035787779837846756,
                    -0.023294368758797646,
                    -0.09390261024236679
                ],
                [
                    -0.042701203376054764,
                    -0.8373332619667053,
                    -0.5450225472450256,
                    -2.197056293487549
                ],
                [
                    -1.862645149230957e-09,
                    0.5455201864242554,
                    -0.8380976319313049,
                    -3.3784799575805664
                ],
                [
                    0.0,
                    0.0,
                    0.0,
                    1.0
                ]
            ]
        },
        {
            "file_path": "/data/shapenet_blender/all_50_random/02958343/834c7e46dfe757b4d229396ef51d2d02/r_1",
            "rotation": 0.12566370614359174,
            "transform_matrix": [
                [
                    -0.09432373940944672,
                    -0.7702348232269287,
                    -0.6307464838027954,
                    -2.5426204204559326
                ],
                [
                    -0.9955416321754456,
                    0.07297678291797638,
                    0.05976080521941185,
                    0.24090351164340973
                ],
                [
                    -3.725290742551124e-09,
                    0.633571207523346,
                    -0.7736843228340149,
                    -3.118821382522583
                ],
                [
                    0.0,
                    0.0,
                    0.0,
                    1.0
                ]
            ]
        },
        {
            "file_path": "/data/shapenet_blender/all_50_random/02958343/834c7e46dfe757b4d229396ef51d2d02/r_2",
            "rotation": 0.12566370614359174,
            "transform_matrix": [
                [
                    -0.6361973881721497,
                    0.45062533020973206,
                    0.6262504458427429,
                    2.52449631690979
                ],
                [
                    0.7715263366699219,
                    0.3715837597846985,
                    0.5164034962654114,
                    2.0816891193389893
                ],
                [
                    -1.4901161193847656e-08,
                    0.8117032647132874,
                    -0.5840699672698975,
                    -2.354461431503296
                ],
                [
                    0.0,
                    0.0,
                    0.0,
                    1.0
                ]
            ]
        },
        {
            "file_path": "/data/shapenet_blender/all_50_random/02958343/834c7e46dfe757b4d229396ef51d2d02/r_3",
            "rotation": 0.12566370614359174,
            "transform_matrix": [
                [
                    -0.8172128796577454,
                    0.05233897641301155,
                    -0.5739544034004211,
                    -2.3136844635009766
                ],
                [
                    -0.5763359069824219,
                    -0.07421381026506424,
                    0.8138360381126404,
                    3.2806782722473145
                ],
                [
                    0.0,
                    0.9958678483963013,
                    0.09081331640481949,
                    0.36608022451400757
                ],
                [
                    0.0,
                    0.0,
                    0.0,
                    1.0
                ]
            ]
        },
        {
            "file_path": "/data/shapenet_blender/all_50_random/02958343/834c7e46dfe757b4d229396ef51d2d02/r_4",
            "rotation": 0.12566370614359174,
            "transform_matrix": [
                [
                    -0.20682506263256073,
                    -0.24366304278373718,
                    0.9475504159927368,
                    3.819697856903076
                ],
                [
                    0.9783779978752136,
                    -0.05150935426354408,
                    0.20030823349952698,
                    0.8074682950973511
                ],
                [
                    -3.725290298461914e-09,
                    0.9684911966323853,
                    0.24904794991016388,
                    1.0039443969726562
                ],
                [
                    0.0,
                    0.0,
                    0.0,
                    1.0
                ]
            ]
        },
        {
            "file_path": "/data/shapenet_blender/all_50_random/02958343/834c7e46dfe757b4d229396ef51d2d02/r_5",
            "rotation": 0.12566370614359174,
            "transform_matrix": [
                [
                    0.5873850584030151,
                    0.22919653356075287,
                    -0.7761750817298889,
                    -3.128861665725708
                ],
                [
                    -0.8093076348304749,
                    0.16634789109230042,
                    -0.5633378624916077,
                    -2.270887613296509
                ],
                [
                    0.0,
                    0.9590606093406677,
                    0.283200740814209,
                    1.1416187286376953
                ],
                [
                    0.0,
                    0.0,
                    0.0,
                    1.0
                ]
            ]
        },
        {
            "file_path": "/data/shapenet_blender/all_50_random/02958343/834c7e46dfe757b4d229396ef51d2d02/r_6",
            "rotation": 0.12566370614359174,
            "transform_matrix": [
                [
                    0.23172003030776978,
                    0.4198348820209503,
                    -0.877521812915802,
                    -3.5374035835266113
                ],
                [
                    -0.9727826118469238,
                    0.10000605881214142,
                    -0.20902860164642334,
                    -0.8426212668418884
                ],
                [
                    0.0,
                    0.9020739197731018,
                    0.43158143758773804,
                    1.739760398864746
                ],
                [
                    0.0,
                    0.0,
                    0.0,
                    1.0
                ]
            ]
        },
        {
            "file_path": "/data/shapenet_blender/all_50_random/02958343/834c7e46dfe757b4d229396ef51d2d02/r_7",
            "rotation": 0.12566370614359174,
            "transform_matrix": [
                [
                    -0.9938914179801941,
                    0.09227078408002853,
                    -0.060546472668647766,
                    -0.2440706193447113
                ],
                [
                    -0.11036200076341629,
                    -0.830966591835022,
                    0.5452656745910645,
                    2.1980361938476562
                ],
                [
                    0.0,
                    0.5486169457435608,
                    0.8360738158226013,
                    3.370321273803711
                ],
                [
                    0.0,
                    0.0,
                    0.0,
                    1.0
                ]
            ]
        },
        {
            "file_path": "/data/shapenet_blender/all_50_random/02958343/834c7e46dfe757b4d229396ef51d2d02/r_8",
            "rotation": 0.12566370614359174,
            "transform_matrix": [
                [
                    -0.9999589323997498,
                    -0.0009351553744636476,
                    -0.009022709913551807,
                    -0.036371707916259766
                ],
                [
                    -0.009071042761206627,
                    0.1030881404876709,
                    0.9946308732032776,
                    4.009485244750977
                ],
                [
                    0.0,
                    0.9946718215942383,
                    -0.10309237986803055,
                    -0.4155786633491516
                ],
                [
                    0.0,
                    0.0,
                    0.0,
                    1.0
                ]
            ]
        },
        {
            "file_path": "/data/shapenet_blender/all_50_random/02958343/834c7e46dfe757b4d229396ef51d2d02/r_9",
            "rotation": 0.12566370614359174,
            "transform_matrix": [
                [
                    0.5838589072227478,
                    -0.1624033898115158,
                    0.7954457402229309,
                    3.2065443992614746
                ],
                [
                    0.8118552565574646,
                    0.11679504811763763,
                    -0.5720577836036682,
                    -2.3060386180877686
                ],
                [
                    0.0,
                    0.9797877073287964,
                    0.20003986358642578,
                    0.8063864707946777
                ],
                [
                    0.0,
                    0.0,
                    0.0,
                    1.0
                ]
            ]
        },
        {
            "file_path": "/data/shapenet_blender/all_50_random/02958343/834c7e46dfe757b4d229396ef51d2d02/r_10",
            "rotation": 0.12566370614359174,
            "transform_matrix": [
                [
                    -0.2885788083076477,
                    0.28339675068855286,
                    0.914553701877594,
                    3.6866838932037354
                ],
                [
                    0.9574561715126038,
                    0.08541623502969742,
                    0.27564793825149536,
                    1.1111724376678467
                ],
                [
                    -7.450581485102248e-09,
                    0.9551911950111389,
                    -0.2959893047809601,
                    -1.1931710243225098
                ],
                [
                    0.0,
                    0.0,
                    0.0,
                    1.0
                ]
            ]
        },
        {
            "file_path": "/data/shapenet_blender/all_50_random/02958343/834c7e46dfe757b4d229396ef51d2d02/r_11",
            "rotation": 0.12566370614359174,
            "transform_matrix": [
                [
                    -0.7688849568367004,
                    -0.0864737406373024,
                    -0.6335126161575317,
                    -2.5537710189819336
                ],
                [
                    -0.6393872499465942,
                    0.10398762673139572,
                    0.7618205547332764,
                    3.0709969997406006
                ],
                [
                    -7.450581485102248e-09,
                    0.9908121228218079,
                    -0.1352447271347046,
                    -0.5451889634132385
                ],
                [
                    0.0,
                    0.0,
                    0.0,
                    1.0
                ]
            ]
        },
        {
            "file_path": "/data/shapenet_blender/all_50_random/02958343/834c7e46dfe757b4d229396ef51d2d02/r_12",
            "rotation": 0.12566370614359174,
            "transform_matrix": [
                [
                    -0.7366459369659424,
                    -0.058534909039735794,
                    0.6737405061721802,
                    2.715934991836548
                ],
                [
                    0.6762785315513611,
                    -0.06375997513532639,
                    0.7338813543319702,
                    2.9583706855773926
                ],
                [
                    0.0,
                    0.9962471723556519,
                    0.08655442297458649,
                    0.3489120602607727
                ],
                [
                    0.0,
                    0.0,
                    0.0,
                    1.0
                ]
            ]
        },
        {
            "file_path": "/data/shapenet_blender/all_50_random/02958343/834c7e46dfe757b4d229396ef51d2d02/r_13",
            "rotation": 0.12566370614359174,
            "transform_matrix": [
                [
                    -0.9508104920387268,
                    0.10621652752161026,
                    -0.29099389910697937,
                    -1.1730338335037231
                ],
                [
                    -0.3097730875015259,
                    -0.3260185718536377,
                    0.8931699991226196,
                    3.600482940673828
                ],
                [
                    -7.450580152834618e-09,
                    0.9393772482872009,
                    0.34288495779037476,
                    1.3822133541107178
                ],
                [
                    0.0,
                    0.0,
                    0.0,
                    1.0
                ]
            ]
        },
        {
            "file_path": "/data/shapenet_blender/all_50_random/02958343/834c7e46dfe757b4d229396ef51d2d02/r_14",
            "rotation": 0.12566370614359174,
            "transform_matrix": [
                [
                    0.36547237634658813,
                    0.5472146272659302,
                    -0.7529847621917725,
                    -3.0353786945343018
                ],
                [
                    -0.9308222532272339,
                    0.21485503017902374,
                    -0.29564738273620605,
                    -1.1917927265167236
                ],
                [
                    -1.4901162970204496e-08,
                    0.8089458346366882,
                    0.5878830552101135,
                    2.3698325157165527
                ],
                [
                    0.0,
                    0.0,
                    0.0,
                    1.0
                ]
            ]
        },
        {
            "file_path": "/data/shapenet_blender/all_50_random/02958343/834c7e46dfe757b4d229396ef51d2d02/r_15",
            "rotation": 0.12566370614359174,
            "transform_matrix": [
                [
                    -0.05643569678068161,
                    0.6807512640953064,
                    -0.7303372621536255,
                    -2.9440839290618896
                ],
                [
                    -0.998406171798706,
                    -0.0384800024330616,
                    0.04128288850188255,
                    0.16641665995121002
                ],
                [
                    -1.8626450382086546e-09,
                    0.7315031886100769,
                    0.6818379163742065,
                    2.7485768795013428
                ],
                [
                    0.0,
                    0.0,
                    0.0,
                    1.0
                ]
            ]
        },
        {
            "file_path": "/data/shapenet_blender/all_50_random/02958343/834c7e46dfe757b4d229396ef51d2d02/r_16",
            "rotation": 0.12566370614359174,
            "transform_matrix": [
                [
                    -0.18753932416439056,
                    -0.5240093469619751,
                    -0.8308087587356567,
                    -3.34909725189209
                ],
                [
                    -0.9822570085525513,
                    0.10004749894142151,
                    0.15862378478050232,
                    0.6394329071044922
                ],
                [
                    -7.450580152834618e-09,
                    0.8458160161972046,
                    -0.5334746837615967,
                    -2.150505304336548
                ],
                [
                    0.0,
                    0.0,
                    0.0,
                    1.0
                ]
            ]
        },
        {
            "file_path": "/data/shapenet_blender/all_50_random/02958343/834c7e46dfe757b4d229396ef51d2d02/r_17",
            "rotation": 0.12566370614359174,
            "transform_matrix": [
                [
                    0.4241337180137634,
                    -0.11331409215927124,
                    0.8984822630882263,
                    3.6218979358673096
                ],
                [
                    0.9055995345115662,
                    0.053070180118083954,
                    -0.4208003878593445,
                    -1.6963006258010864
                ],
                [
                    0.0,
                    0.9921407699584961,
                    0.12512603402137756,
                    0.5043991804122925
                ],
                [
                    0.0,
                    0.0,
                    0.0,
                    1.0
                ]
            ]
        },
        {
            "file_path": "/data/shapenet_blender/all_50_random/02958343/834c7e46dfe757b4d229396ef51d2d02/r_18",
            "rotation": 0.12566370614359174,
            "transform_matrix": [
                [
                    -0.08248882740736008,
                    0.864238977432251,
                    -0.49627256393432617,
                    -2.0005388259887695
                ],
                [
                    -0.9965919852256775,
                    -0.07153384387493134,
                    0.04107692837715149,
                    0.1655864119529724
                ],
                [
                    -3.725290742551124e-09,
                    0.4979695975780487,
                    0.8671942949295044,
                    3.495772361755371
                ],
                [
                    0.0,
                    0.0,
                    0.0,
                    1.0
                ]
            ]
        },
        {
            "file_path": "/data/shapenet_blender/all_50_random/02958343/834c7e46dfe757b4d229396ef51d2d02/r_19",
            "rotation": 0.12566370614359174,
            "transform_matrix": [
                [
                    0.27681633830070496,
                    -0.03990667685866356,
                    -0.9600937366485596,
                    -3.8702619075775146
                ],
                [
                    -0.9609228372573853,
                    -0.011496054008603096,
                    -0.27657750248908997,
                    -1.114919662475586
                ],
                [
                    0.0,
                    0.9991372227668762,
                    -0.04152952879667282,
                    -0.16741089522838593
                ],
                [
                    0.0,
                    0.0,
                    0.0,
                    1.0
                ]
            ]
        },
        {
            "file_path": "/data/shapenet_blender/all_50_random/02958343/834c7e46dfe757b4d229396ef51d2d02/r_20",
            "rotation": 0.12566370614359174,
            "transform_matrix": [
                [
                    0.27414482831954956,
                    -0.04128679260611534,
                    -0.9608016610145569,
                    -3.8731155395507812
                ],
                [
                    -0.9616884589195251,
                    -0.01176946796476841,
                    -0.27389204502105713,
                    -1.1040942668914795
                ],
                [
                    0.0,
                    0.9990779161453247,
                    -0.04293156787753105,
                    -0.17306269705295563
                ],
                [
                    0.0,
                    0.0,
                    0.0,
                    1.0
                ]
            ]
        },
        {
            "file_path": "/data/shapenet_blender/all_50_random/02958343/834c7e46dfe757b4d229396ef51d2d02/r_21",
            "rotation": 0.12566370614359174,
            "transform_matrix": [
                [
                    0.2519206702709198,
                    0.6269546747207642,
                    -0.7372000217437744,
                    -2.971748113632202
                ],
                [
                    -0.9677478671073914,
                    0.16320660710334778,
                    -0.19190527498722076,
                    -0.773594856262207
                ],
                [
                    7.450580152834618e-09,
                    0.7617685794830322,
                    0.6478491425514221,
                    2.6115634441375732
                ],
                [
                    0.0,
                    0.0,
                    0.0,
                    1.0
                ]
            ]
        },
        {
            "file_path": "/data/shapenet_blender/all_50_random/02958343/834c7e46dfe757b4d229396ef51d2d02/r_22",
            "rotation": 0.12566370614359174,
            "transform_matrix": [
                [
                    0.5754833221435547,
                    0.6006788611412048,
                    -0.5549807548522949,
                    -2.237199306488037
                ],
                [
                    -0.8178134560585022,
                    0.42268893122673035,
                    -0.39053183794021606,
                    -1.574284315109253
                ],
                [
                    0.0,
                    0.678615391254425,
                    0.7344936728477478,
                    2.960839033126831
                ],
                [
                    0.0,
                    0.0,
                    0.0,
                    1.0
                ]
            ]
        },
        {
            "file_path": "/data/shapenet_blender/all_50_random/02958343/834c7e46dfe757b4d229396ef51d2d02/r_23",
            "rotation": 0.12566370614359174,
            "transform_matrix": [
                [
                    0.3889121115207672,
                    0.8059571385383606,
                    -0.4462963044643402,
                    -1.799078106880188
                ],
                [
                    -0.9212748408317566,
                    0.3402312397956848,
                    -0.18840201199054718,
                    -0.7594728469848633
                ],
                [
                    0.0,
                    0.4844333231449127,
                    0.8748281002044678,
                    3.5265450477600098
                ],
                [
                    0.0,
                    0.0,
                    0.0,
                    1.0
                ]
            ]
        },
        {
            "file_path": "/data/shapenet_blender/all_50_random/02958343/834c7e46dfe757b4d229396ef51d2d02/r_24",
            "rotation": 0.12566370614359174,
            "transform_matrix": [
                [
                    -0.9717693328857422,
                    0.057132937014102936,
                    -0.22891086339950562,
                    -0.9227691292762756
                ],
                [
                    -0.23593294620513916,
                    -0.2353212684392929,
                    0.9428465366363525,
                    3.8007357120513916
                ],
                [
                    -3.725290298461914e-09,
                    0.9702367782592773,
                    0.24215754866600037,
                    0.9761682748794556
                ],
                [
                    0.0,
                    0.0,
                    0.0,
                    1.0
                ]
            ]
        },
        {
            "file_path": "/data/shapenet_blender/all_50_random/02958343/834c7e46dfe757b4d229396ef51d2d02/r_25",
            "rotation": 0.12566370614359174,
            "transform_matrix": [
                [
                    0.6261656880378723,
                    -0.6488001346588135,
                    0.4324060380458832,
                    1.7430845499038696
                ],
                [
                    0.7796900868415833,
                    0.5210485458374023,
                    -0.3472633957862854,
                    -1.3998634815216064
                ],
                [
                    0.0,
                    0.554587185382843,
                    0.8321256637573242,
                    3.3544058799743652
                ],
                [
                    0.0,
                    0.0,
                    0.0,
                    1.0
                ]
            ]
        },
        {
            "file_path": "/data/shapenet_blender/all_50_random/02958343/834c7e46dfe757b4d229396ef51d2d02/r_26",
            "rotation": 0.12566370614359174,
            "transform_matrix": [
                [
                    0.6244009137153625,
                    0.29169026017189026,
                    -0.7245965600013733,
                    -2.9209423065185547
                ],
                [
                    -0.7811040878295898,
                    0.23317210376262665,
                    -0.5792298316955566,
                    -2.3349504470825195
                ],
                [
                    0.0,
                    0.9276570081710815,
                    0.37343329191207886,
                    1.5053578615188599
                ],
                [
                    0.0,
                    0.0,
                    0.0,
                    1.0
                ]
            ]
        },
        {
            "file_path": "/data/shapenet_blender/all_50_random/02958343/834c7e46dfe757b4d229396ef51d2d02/r_27",
            "rotation": 0.12566370614359174,
            "transform_matrix": [
                [
                    0.4459696412086487,
                    0.13964304327964783,
                    0.8840876221656799,
                    3.563871145248413
                ],
                [
                    0.8950481414794922,
                    -0.06957900524139404,
                    -0.4405084252357483,
                    -1.77574622631073
                ],
                [
                    0.0,
                    0.9877543449401855,
                    -0.15601736307144165,
                    -0.6289260983467102
                ],
                [
                    0.0,
                    0.0,
                    0.0,
                    1.0
                ]
            ]
        },
        {
            "file_path": "/data/shapenet_blender/all_50_random/02958343/834c7e46dfe757b4d229396ef51d2d02/r_28",
            "rotation": 0.12566370614359174,
            "transform_matrix": [
                [
                    -0.4913936257362366,
                    0.705125629901886,
                    0.5112046003341675,
                    2.060731887817383
                ],
                [
                    0.870937705039978,
                    0.3978404700756073,
                    0.28842785954475403,
                    1.1626900434494019
                ],
                [
                    0.0,
                    0.5869588851928711,
                    -0.8096166253089905,
                    -3.26366925239563
                ],
                [
                    0.0,
                    0.0,
                    0.0,
                    1.0
                ]
            ]
        },
        {
            "file_path": "/data/shapenet_blender/all_50_random/02958343/834c7e46dfe757b4d229396ef51d2d02/r_29",
            "rotation": 0.12566370614359174,
            "transform_matrix": [
                [
                    0.7835798263549805,
                    -0.19717271625995636,
                    -0.5891737341880798,
                    -2.375035285949707
                ],
                [
                    -0.6212912797927856,
                    -0.24867655336856842,
                    -0.7430728077888489,
                    -2.99542236328125
                ],
                [
                    -1.4901162970204496e-08,
                    0.9483052492141724,
                    -0.3173596262931824,
                    -1.2793176174163818
                ],
                [
                    0.0,
                    0.0,
                    0.0,
                    1.0
                ]
            ]
        },
        {
            "file_path": "/data/shapenet_blender/all_50_random/02958343/834c7e46dfe757b4d229396ef51d2d02/r_30",
            "rotation": 0.12566370614359174,
            "transform_matrix": [
                [
                    -0.7144735455513,
                    0.5091193914413452,
                    0.4799218773841858,
                    1.9346270561218262
                ],
                [
                    0.699662446975708,
                    0.5198968648910522,
                    0.4900812804698944,
                    1.9755809307098389
                ],
                [
                    0.0,
                    0.685933530330658,
                    -0.7276641726493835,
                    -2.9333083629608154
                ],
                [
                    0.0,
                    0.0,
                    0.0,
                    1.0
                ]
            ]
        },
        {
            "file_path": "/data/shapenet_blender/all_50_random/02958343/834c7e46dfe757b4d229396ef51d2d02/r_31",
            "rotation": 0.12566370614359174,
            "transform_matrix": [
                [
                    -0.6057732105255127,
                    -0.0373406708240509,
                    0.7947607040405273,
                    3.203782558441162
                ],
                [
                    0.795637309551239,
                    -0.02843000926077366,
                    0.6051057577133179,
                    2.4392590522766113
                ],
                [
                    -1.8626449271863521e-09,
                    0.9988981485366821,
                    0.04693177342414856,
                    0.18918800354003906
                ],
                [
                    0.0,
                    0.0,
                    0.0,
                    1.0
                ]
            ]
        },
        {
            "file_path": "/data/shapenet_blender/all_50_random/02958343/834c7e46dfe757b4d229396ef51d2d02/r_32",
            "rotation": 0.12566370614359174,
            "transform_matrix": [
                [
                    -0.5717228651046753,
                    0.4740149974822998,
                    -0.6696585416793823,
                    -2.6994800567626953
                ],
                [
                    -0.820446789264679,
                    -0.3303142189979553,
                    0.4666471481323242,
                    1.8811149597167969
                ],
                [
                    -1.4901161193847656e-08,
                    0.816211998462677,
                    0.5777522921562195,
                    2.3289942741394043
                ],
                [
                    0.0,
                    0.0,
                    0.0,
                    1.0
                ]
            ]
        },
        {
            "file_path": "/data/shapenet_blender/all_50_random/02958343/834c7e46dfe757b4d229396ef51d2d02/r_33",
            "rotation": 0.12566370614359174,
            "transform_matrix": [
                [
                    0.15192784368991852,
                    0.6676522493362427,
                    -0.7288060784339905,
                    -2.9379115104675293
                ],
                [
                    -0.9883915185928345,
                    0.10262630134820938,
                    -0.1120263934135437,
                    -0.4515928626060486
                ],
                [
                    0.0,
                    0.7373657822608948,
                    0.675493597984314,
                    2.7230019569396973
                ],
                [
                    0.0,
                    0.0,
                    0.0,
                    1.0
                ]
            ]
        },
        {
            "file_path": "/data/shapenet_blender/all_50_random/02958343/834c7e46dfe757b4d229396ef51d2d02/r_34",
            "rotation": 0.12566370614359174,
            "transform_matrix": [
                [
                    0.12426265329122543,
                    0.3815634250640869,
                    0.9159520268440247,
                    3.6923205852508545
                ],
                [
                    0.9922493696212769,
                    -0.04778444766998291,
                    -0.11470769345760345,
                    -0.46240147948265076
                ],
                [
                    0.0,
                    0.9231066703796387,
                    -0.38454392552375793,
                    -1.5501461029052734
                ],
                [
                    0.0,
                    0.0,
                    0.0,
                    1.0
                ]
            ]
        },
        {
            "file_path": "/data/shapenet_blender/all_50_random/02958343/834c7e46dfe757b4d229396ef51d2d02/r_35",
            "rotation": 0.12566370614359174,
            "transform_matrix": [
                [
                    0.8469451665878296,
                    0.4530453383922577,
                    0.2782692611217499,
                    1.1217392683029175
                ],
                [
                    0.5316802263259888,
                    -0.7216829657554626,
                    -0.4432717561721802,
                    -1.7868854999542236
                ],
                [
                    -1.4901160305669237e-08,
                    0.5233771800994873,
                    -0.8521011471748352,
                    -3.434929370880127
                ],
                [
                    0.0,
                    0.0,
                    0.0,
                    1.0
                ]
            ]
        },
        {
            "file_path": "/data/shapenet_blender/all_50_random/02958343/834c7e46dfe757b4d229396ef51d2d02/r_36",
            "rotation": 0.12566370614359174,
            "transform_matrix": [
                [
                    -0.793319582939148,
                    0.07433618605136871,
                    -0.6042501330375671,
                    -2.435810089111328
                ],
                [
                    -0.6088055372238159,
                    -0.09686566889286041,
                    0.7873836159706116,
                    3.1740448474884033
                ],
                [
                    0.0,
                    0.9925176501274109,
                    0.12210168689489365,
                    0.4922076463699341
                ],
                [
                    0.0,
                    0.0,
                    0.0,
                    1.0
                ]
            ]
        },
        {
            "file_path": "/data/shapenet_blender/all_50_random/02958343/834c7e46dfe757b4d229396ef51d2d02/r_37",
            "rotation": 0.12566370614359174,
            "transform_matrix": [
                [
                    -0.9972807168960571,
                    -0.050283681601285934,
                    0.053877562284469604,
                    0.21718737483024597
                ],
                [
                    0.07369695603847504,
                    -0.6804479956626892,
                    0.7290810346603394,
                    2.939019203186035
                ],
                [
                    3.725290298461914e-09,
                    0.7310689687728882,
                    0.6823036074638367,
                    2.750453472137451
                ],
                [
                    0.0,
                    0.0,
                    0.0,
                    1.0
                ]
            ]
        },
        {
            "file_path": "/data/shapenet_blender/all_50_random/02958343/834c7e46dfe757b4d229396ef51d2d02/r_38",
            "rotation": 0.12566370614359174,
            "transform_matrix": [
                [
                    0.858481228351593,
                    -0.029313378036022186,
                    0.5120067000389099,
                    2.06396484375
                ],
                [
                    0.5128451585769653,
                    0.0490693673491478,
                    -0.8570777177810669,
                    -3.4549903869628906
                ],
                [
                    0.0,
                    0.998365044593811,
                    0.05715835839509964,
                    0.23041269183158875
                ],
                [
                    0.0,
                    0.0,
                    0.0,
                    1.0
                ]
            ]
        },
        {
            "file_path": "/data/shapenet_blender/all_50_random/02958343/834c7e46dfe757b4d229396ef51d2d02/r_39",
            "rotation": 0.12566370614359174,
            "transform_matrix": [
                [
                    -0.6697448492050171,
                    -0.059321045875549316,
                    0.7402181625366211,
                    2.983914852142334
                ],
                [
                    0.742591381072998,
                    -0.053501781076192856,
                    0.667604386806488,
                    2.69119930267334
                ],
                [
                    0.0,
                    0.9968041777610779,
                    0.07988382875919342,
                    0.322022020816803
                ],
                [
                    0.0,
                    0.0,
                    0.0,
                    1.0
                ]
            ]
        },
        {
            "file_path": "/data/shapenet_blender/all_50_random/02958343/834c7e46dfe757b4d229396ef51d2d02/r_40",
            "rotation": 0.12566370614359174,
            "transform_matrix": [
                [
                    -0.5548602342605591,
                    -0.34397679567337036,
                    0.7575024962425232,
                    3.0535902976989746
                ],
                [
                    0.8319435715675354,
                    -0.2294134497642517,
                    0.5052121877670288,
                    2.0365755558013916
                ],
                [
                    -1.4901161193847656e-08,
                    0.9105215668678284,
                    0.41346168518066406,
                    1.6667174100875854
                ],
                [
                    0.0,
                    0.0,
                    0.0,
                    1.0
                ]
            ]
        },
        {
            "file_path": "/data/shapenet_blender/all_50_random/02958343/834c7e46dfe757b4d229396ef51d2d02/r_41",
            "rotation": 0.12566370614359174,
            "transform_matrix": [
                [
                    0.20657935738563538,
                    -0.6550548672676086,
                    -0.7267929911613464,
                    -2.9297962188720703
                ],
                [
                    -0.978429913520813,
                    -0.13830403983592987,
                    -0.1534503549337387,
                    -0.6185781955718994
                ],
                [
                    0.0,
