{
    "class": "02958343",
    "model": "2d1718bda87f59dc673ddeabdcc8c6e",
    "remove_doubles": true,
    "edge_split": true,
    "denoise": true,
    "camera_angle_x": 0.6911112070083618,
    "scale_factor": 2.3132111236764046,
    "hdri_file": "/data/IndoorHDRDataset2018/AG8A0213-906aaa71ee.exr",
    "center_offset": [
        0.0,
        -1.862645149230957e-09,
        0.0
    ],
    "lights": [],
    "frames": [
        {
            "file_path": "/data/shapenet_blender/all_50_random/02958343/2d1718bda87f59dc673ddeabdcc8c6e/r_0",
            "rotation": 0.12566370614359174,
            "transform_matrix": [
                [
                    0.3422905504703522,
                    -0.8993809819221497,
                    0.2719389498233795,
                    1.0962209701538086
                ],
                [
                    0.9395941495895386,
                    0.3276410400867462,
                    -0.09906631708145142,
                    -0.3993490934371948
                ],
                [
                    -7.450580596923828e-09,
                    0.28942182660102844,
                    0.9572017192840576,
                    3.8586034774780273
                ],
                [
                    0.0,
                    0.0,
                    0.0,
                    1.0
                ]
            ]
        },
        {
            "file_path": "/data/shapenet_blender/all_50_random/02958343/2d1718bda87f59dc673ddeabdcc8c6e/r_1",
            "rotation": 0.12566370614359174,
            "transform_matrix": [
                [
                    -0.7655847668647766,
                    0.10807491838932037,
                    0.6341923475265503,
                    2.5565109252929688
                ],
                [
                    0.6433351635932922,
                    0.12861181795597076,
                    0.7547045946121216,
                    3.042311191558838
                ],
                [
                    0.0,
                    0.9857883453369141,
                    -0.16799165308475494,
                    -0.6771959066390991
                ],
                [
                    0.0,
                    0.0,
                    0.0,
                    1.0
                ]
            ]
        },
        {
            "file_path": "/data/shapenet_blender/all_50_random/02958343/2d1718bda87f59dc673ddeabdcc8c6e/r_2",
            "rotation": 0.12566370614359174,
            "transform_matrix": [
                [
                    0.6088802814483643,
                    -0.5488568544387817,
                    0.5727309584617615,
                    2.3087525367736816
                ],
                [
                    0.7932620644569397,
                    0.42128342390060425,
                    -0.4396083652973175,
                    -1.772118091583252
                ],
                [
                    0.0,
                    0.7219945788383484,
                    0.6918984651565552,
                    2.7891321182250977
                ],
                [
                    0.0,
                    0.0,
                    0.0,
                    1.0
                ]
            ]
        },
        {
            "file_path": "/data/shapenet_blender/all_50_random/02958343/2d1718bda87f59dc673ddeabdcc8c6e/r_3",
            "rotation": 0.12566370614359174,
            "transform_matrix": [
                [
                    0.8130391240119934,
                    -0.4668377637863159,
                    0.3478933572769165,
                    1.4024031162261963
                ],
                [
                    0.5822089910507202,
                    0.6519263386726379,
                    -0.48582369089126587,
                    -1.9584180116653442
                ],
                [
                    -1.4901160305669237e-08,
                    0.5975403785705566,
                    0.801838755607605,
                    3.2323155403137207
                ],
                [
                    0.0,
                    0.0,
                    0.0,
                    1.0
                ]
            ]
        },
        {
            "file_path": "/data/shapenet_blender/all_50_random/02958343/2d1718bda87f59dc673ddeabdcc8c6e/r_4",
            "rotation": 0.12566370614359174,
            "transform_matrix": [
                [
                    0.6028608083724976,
                    -0.20502720773220062,
                    -0.771052896976471,
                    -3.1082139015197754
                ],
                [
                    -0.7978463768959045,
                    -0.15492063760757446,
                    -0.5826153755187988,
                    -2.348598003387451
                ],
                [
                    0.0,
                    0.9664178490638733,
                    -0.2569757401943207,
                    -1.035902500152588
                ],
                [
                    0.0,
                    0.0,
                    0.0,
                    1.0
                ]
            ]
        },
        {
            "file_path": "/data/shapenet_blender/all_50_random/02958343/2d1718bda87f59dc673ddeabdcc8c6e/r_5",
            "rotation": 0.12566370614359174,
            "transform_matrix": [
                [
                    0.936829686164856,
                    -0.1636224091053009,
                    0.3091566562652588,
                    1.2462503910064697
                ],
                [
                    0.34978583455085754,
                    0.4382290840148926,
                    -0.8280127644538879,
                    -3.3378262519836426
                ],
                [
                    1.4901160305669237e-08,
                    0.8838456273078918,
                    0.4677787721157074,
                    1.8856765031814575
                ],
                [
                    0.0,
                    0.0,
                    0.0,
                    1.0
                ]
            ]
        },
        {
            "file_path": "/data/shapenet_blender/all_50_random/02958343/2d1718bda87f59dc673ddeabdcc8c6e/r_6",
            "rotation": 0.12566370614359174,
            "transform_matrix": [
                [
                    0.24871209263801575,
                    0.37793901562690735,
                    0.8917984366416931,
                    3.594954490661621
                ],
                [
                    0.9685775637626648,
                    -0.09704746305942535,
                    -0.22899667918682098,
                    -0.9231151342391968
                ],
                [
                    0.0,
                    0.9207299947738647,
                    -0.39020010828971863,
                    -1.5729469060897827
                ],
                [
                    0.0,
                    0.0,
                    0.0,
                    1.0
                ]
            ]
        },
        {
            "file_path": "/data/shapenet_blender/all_50_random/02958343/2d1718bda87f59dc673ddeabdcc8c6e/r_7",
            "rotation": 0.12566370614359174,
            "transform_matrix": [
                [
                    -0.7797205448150635,
                    0.31522366404533386,
                    0.5409897565841675,
                    2.1807994842529297
                ],
                [
                    0.6261277794837952,
                    0.39254987239837646,
                    0.6736977100372314,
                    2.7157623767852783
                ],
                [
                    0.0,
                    0.8640245199203491,
                    -0.5034494996070862,
                    -2.0294697284698486
                ],
                [
                    0.0,
                    0.0,
                    0.0,
                    1.0
                ]
            ]
        },
        {
            "file_path": "/data/shapenet_blender/all_50_random/02958343/2d1718bda87f59dc673ddeabdcc8c6e/r_8",
            "rotation": 0.12566370614359174,
            "transform_matrix": [
                [
                    0.4470404088497162,
                    -0.2494761049747467,
                    0.8590206503868103,
                    3.4628231525421143
                ],
                [
                    0.8945138454437256,
                    0.12467766553163528,
                    -0.4293023943901062,
                    -1.7305734157562256
                ],
                [
                    0.0,
                    0.9603213667869568,
                    0.27889570593833923,
                    1.1242647171020508
                ],
                [
                    0.0,
                    0.0,
                    0.0,
                    1.0
                ]
            ]
        },
        {
            "file_path": "/data/shapenet_blender/all_50_random/02958343/2d1718bda87f59dc673ddeabdcc8c6e/r_9",
            "rotation": 0.12566370614359174,
            "transform_matrix": [
                [
                    0.6938272714614868,
                    -0.25737279653549194,
                    0.672579288482666,
                    2.7112538814544678
                ],
                [
                    0.7201414108276367,
                    0.24796834588050842,
                    -0.648003101348877,
                    -2.6121840476989746
                ],
                [
                    0.0,
                    0.9339544177055359,
                    0.3573920428752899,
                    1.4406933784484863
                ],
                [
                    0.0,
                    0.0,
                    0.0,
                    1.0
                ]
            ]
        },
        {
            "file_path": "/data/shapenet_blender/all_50_random/02958343/2d1718bda87f59dc673ddeabdcc8c6e/r_10",
            "rotation": 0.12566370614359174,
            "transform_matrix": [
                [
                    0.5412470102310181,
                    -0.28150299191474915,
                    0.7923431396484375,
                    3.194037437438965
                ],
                [
                    0.8408635258674622,
                    0.1811978667974472,
                    -0.5100154280662537,
                    -2.0559380054473877
                ],
                [
                    -1.4901158529312397e-08,
                    0.9422969818115234,
                    0.33477842807769775,
                    1.3495349884033203
                ],
                [
                    0.0,
                    0.0,
                    0.0,
                    1.0
                ]
            ]
        },
        {
            "file_path": "/data/shapenet_blender/all_50_random/02958343/2d1718bda87f59dc673ddeabdcc8c6e/r_11",
            "rotation": 0.12566370614359174,
            "transform_matrix": [
                [
                    -0.8642351031303406,
                    0.48452797532081604,
                    0.13538934290409088,
                    0.5457718968391418
                ],
                [
                    0.5030881762504578,
                    0.8323512673377991,
                    0.23257994651794434,
                    0.9375597238540649
                ],
                [
                    0.0,
                    0.26911669969558716,
                    -0.9631076455116272,
                    -3.882411003112793
                ],
                [
                    0.0,
                    0.0,
                    0.0,
                    1.0
                ]
            ]
        },
        {
            "file_path": "/data/shapenet_blender/all_50_random/02958343/2d1718bda87f59dc673ddeabdcc8c6e/r_12",
            "rotation": 0.12566370614359174,
            "transform_matrix": [
                [
                    -0.7909703254699707,
                    0.6016830205917358,
                    0.11110127717256546,
                    0.4478635787963867
                ],
                [
                    0.6118544936180115,
                    0.7778212428092957,
                    0.14362533390522003,
                    0.5789722204208374
                ],
                [
                    -7.450580596923828e-09,
                    0.18158091604709625,
                    -0.9833759665489197,
                    -3.9641153812408447
                ],
                [
                    0.0,
                    0.0,
                    0.0,
                    1.0
                ]
            ]
        },
        {
            "file_path": "/data/shapenet_blender/all_50_random/02958343/2d1718bda87f59dc673ddeabdcc8c6e/r_13",
            "rotation": 0.12566370614359174,
            "transform_matrix": [
                [
                    -0.1851821392774582,
                    -0.696950376033783,
                    0.6927970051765442,
                    2.7927541732788086
                ],
                [
                    0.982704222202301,
                    -0.13133428990840912,
                    0.13055163621902466,
                    0.5262705087661743
                ],
                [
                    -7.450580596923828e-09,
                    0.7049902677536011,
                    0.709216833114624,
                    2.8589444160461426
                ],
                [
                    0.0,
                    0.0,
                    0.0,
                    1.0
                ]
            ]
        },
        {
            "file_path": "/data/shapenet_blender/all_50_random/02958343/2d1718bda87f59dc673ddeabdcc8c6e/r_14",
            "rotation": 0.12566370614359174,
            "transform_matrix": [
                [
                    0.6692712903022766,
                    -0.6352906823158264,
                    0.38533321022987366,
                    1.5533277988433838
                ],
                [
                    0.7430181503295898,
                    0.5722361207008362,
                    -0.34708771109580994,
                    -1.3991552591323853
                ],
                [
                    0.0,
                    0.5186053514480591,
                    0.8550137281417847,
                    3.4466705322265625
                ],
                [
                    0.0,
                    0.0,
                    0.0,
                    1.0
                ]
            ]
        },
        {
            "file_path": "/data/shapenet_blender/all_50_random/02958343/2d1718bda87f59dc673ddeabdcc8c6e/r_15",
            "rotation": 0.12566370614359174,
            "transform_matrix": [
                [
                    0.9814918041229248,
                    0.06044064834713936,
                    -0.1817167103290558,
                    -0.732523500919342
                ],
                [
                    -0.19150470197200775,
                    0.30976784229278564,
                    -0.9313268661499023,
                    -3.754298686981201
                ],
                [
                    -7.450581485102248e-09,
                    0.9488892555236816,
                    0.31560924649238586,
                    1.272261619567871
                ],
                [
                    0.0,
                    0.0,
                    0.0,
                    1.0
                ]
            ]
        },
        {
            "file_path": "/data/shapenet_blender/all_50_random/02958343/2d1718bda87f59dc673ddeabdcc8c6e/r_16",
            "rotation": 0.12566370614359174,
            "transform_matrix": [
                [
                    -0.9933445453643799,
                    -0.062277331948280334,
                    0.09689275920391083,
                    0.3905872106552124
                ],
                [
                    0.11518104374408722,
                    -0.5370922684669495,
                    0.8356226682662964,
                    3.368502616882324
                ],
                [
                    3.725290298461914e-09,
                    0.8412213325500488,
                    0.5406908392906189,
                    2.1795945167541504
                ],
                [
                    0.0,
                    0.0,
                    0.0,
                    1.0
                ]
            ]
        },
        {
            "file_path": "/data/shapenet_blender/all_50_random/02958343/2d1718bda87f59dc673ddeabdcc8c6e/r_17",
            "rotation": 0.12566370614359174,
            "transform_matrix": [
                [
                    0.43417027592658997,
                    0.862407922744751,
                    -0.2602858245372772,
                    -1.049245834350586
                ],
                [
                    -0.9008309245109558,
                    0.41565167903900146,
                    -0.1254490315914154,
                    -0.5057013034820557
                ],
                [
                    0.0,
                    0.28893980383872986,
                    0.9573472142219543,
                    3.8591902256011963
                ],
                [
                    0.0,
                    0.0,
                    0.0,
                    1.0
                ]
            ]
        },
        {
            "file_path": "/data/shapenet_blender/all_50_random/02958343/2d1718bda87f59dc673ddeabdcc8c6e/r_18",
            "rotation": 0.12566370614359174,
            "transform_matrix": [
                [
                    0.9908024072647095,
                    -0.0028614706825464964,
                    0.13528600335121155,
                    0.5453553199768066
                ],
                [
                    0.13531626760959625,
                    0.020952042192220688,
                    -0.9905809164047241,
                    -3.993159055709839
                ],
                [
                    0.0,
                    0.9997763633728027,
                    0.021146537736058235,
                    0.08524441719055176
                ],
                [
                    0.0,
                    0.0,
                    0.0,
                    1.0
                ]
            ]
        },
        {
            "file_path": "/data/shapenet_blender/all_50_random/02958343/2d1718bda87f59dc673ddeabdcc8c6e/r_19",
            "rotation": 0.12566370614359174,
            "transform_matrix": [
                [
                    -0.6550424695014954,
                    -0.048295505344867706,
                    0.7540468573570251,
                    3.0396604537963867
                ],
                [
                    0.7555919289588928,
                    -0.04186864197254181,
                    0.6537030339241028,
                    2.6351613998413086
                ],
                [
                    0.0,
                    0.9979551434516907,
                    0.06391743570566177,
                    0.2576594650745392
                ],
                [
                    0.0,
                    0.0,
                    0.0,
                    1.0
                ]
            ]
        },
        {
            "file_path": "/data/shapenet_blender/all_50_random/02958343/2d1718bda87f59dc673ddeabdcc8c6e/r_20",
            "rotation": 0.12566370614359174,
            "transform_matrix": [
                [
                    0.5398529171943665,
                    -0.16149358451366425,
                    0.8261227011680603,
                    3.330207109451294
                ],
                [
                    0.8417593836784363,
                    0.10357207804918289,
                    -0.529824435710907,
                    -2.1357905864715576
                ],
                [
                    7.4505797087454084e-09,
                    0.9814238548278809,
                    0.1918524205684662,
                    0.7733818292617798
                ],
                [
                    0.0,
                    0.0,
                    0.0,
                    1.0
                ]
            ]
        },
        {
            "file_path": "/data/shapenet_blender/all_50_random/02958343/2d1718bda87f59dc673ddeabdcc8c6e/r_21",
            "rotation": 0.12566370614359174,
            "transform_matrix": [
                [
                    -0.33900776505470276,
                    0.6738148331642151,
                    -0.6565419435501099,
                    -2.6466052532196045
                ],
                [
                    -0.9407835602760315,
                    -0.2428065985441208,
                    0.23658239841461182,
                    0.9536941647529602
                ],
                [
                    1.4901160305669237e-08,
                    0.697867214679718,
                    0.7162271738052368,
                    2.887204170227051
                ],
                [
                    0.0,
                    0.0,
                    0.0,
                    1.0
                ]
            ]
        },
        {
            "file_path": "/data/shapenet_blender/all_50_random/02958343/2d1718bda87f59dc673ddeabdcc8c6e/r_22",
            "rotation": 0.12566370614359174,
            "transform_matrix": [
                [
                    0.9930230975151062,
                    -0.0841582864522934,
                    -0.08259806036949158,
                    -0.33296337723731995
                ],
                [
                    -0.1179196909070015,
                    -0.7087121605873108,
                    -0.6955732107162476,
                    -2.8039450645446777
                ],
                [
                    0.0,
                    0.7004601359367371,
                    -0.7136915326118469,
                    -2.8769822120666504
                ],
                [
                    0.0,
                    0.0,
                    0.0,
                    1.0
                ]
            ]
        },
        {
            "file_path": "/data/shapenet_blender/all_50_random/02958343/2d1718bda87f59dc673ddeabdcc8c6e/r_23",
            "rotation": 0.12566370614359174,
            "transform_matrix": [
                [
                    -0.8541029095649719,
                    0.22785228490829468,
                    -0.46753785014152527,
                    -1.8847053050994873
                ],
                [
                    -0.5201041102409363,
                    -0.37417370080947876,
                    0.7677797079086304,
                    3.0950191020965576
                ],
                [
                    0.0,
                    0.8989311456680298,
                    0.4380897879600525,
                    1.7659964561462402
                ],
                [
                    0.0,
                    0.0,
                    0.0,
                    1.0
                ]
            ]
        },
        {
            "file_path": "/data/shapenet_blender/all_50_random/02958343/2d1718bda87f59dc673ddeabdcc8c6e/r_24",
            "rotation": 0.12566370614359174,
            "transform_matrix": [
                [
                    0.41585248708724976,
                    0.15658806264400482,
                    -0.8958498239517212,
                    -3.611286163330078
                ],
                [
                    -0.9094321727752686,
                    0.07160241901874542,
                    -0.40964174270629883,
                    -1.6513186693191528
                ],
                [
                    7.450581485102248e-09,
                    0.9850650429725647,
                    0.17218226194381714,
                    0.694088876247406
                ],
                [
                    0.0,
                    0.0,
                    0.0,
                    1.0
                ]
            ]
        },
        {
            "file_path": "/data/shapenet_blender/all_50_random/02958343/2d1718bda87f59dc673ddeabdcc8c6e/r_25",
            "rotation": 0.12566370614359174,
            "transform_matrix": [
                [
                    0.2566710114479065,
                    0.7271871566772461,
                    0.6366466283798218,
                    2.566404342651367
                ],
                [
                    0.9664989113807678,
                    -0.19311751425266266,
                    -0.16907286643981934,
                    -0.6815544366836548
                ],
                [
                    -7.450580596923828e-09,
                    0.658714234828949,
                    -0.7523932456970215,
                    -3.032993793487549
                ],
                [
                    0.0,
                    0.0,
                    0.0,
                    1.0
                ]
            ]
        },
        {
            "file_path": "/data/shapenet_blender/all_50_random/02958343/2d1718bda87f59dc673ddeabdcc8c6e/r_26",
            "rotation": 0.12566370614359174,
            "transform_matrix": [
                [
                    0.24599169194698334,
                    0.1532258540391922,
                    -0.957084059715271,
                    -3.8581292629241943
                ],
                [
                    -0.9692720174789429,
                    0.03888721391558647,
                    -0.24289850890636444,
                    -0.9791551828384399
                ],
                [
                    0.0,
                    0.9874258041381836,
                    0.15808343887329102,
                    0.6372547149658203
                ],
                [
                    0.0,
                    0.0,
                    0.0,
                    1.0
                ]
            ]
        },
        {
            "file_path": "/data/shapenet_blender/all_50_random/02958343/2d1718bda87f59dc673ddeabdcc8c6e/r_27",
            "rotation": 0.12566370614359174,
            "transform_matrix": [
                [
                    0.06875542551279068,
                    0.7142825722694397,
                    -0.6964718103408813,
                    -2.807567596435547
                ],
                [
                    -0.9976336359977722,
                    0.04922729358077049,
                    -0.047999802976846695,
                    -0.19349339604377747
                ],
                [
                    0.0,
                    0.6981238722801208,
                    0.7159769535064697,
                    2.886195421218872
                ],
                [
                    0.0,
                    0.0,
                    0.0,
                    1.0
                ]
            ]
        },
        {
            "file_path": "/data/shapenet_blender/all_50_random/02958343/2d1718bda87f59dc673ddeabdcc8c6e/r_28",
            "rotation": 0.12566370614359174,
            "transform_matrix": [
                [
                    -0.9943006038665771,
                    0.05524438992142677,
                    -0.09118423610925674,
                    -0.36757543683052063
                ],
                [
                    -0.10661384463310242,
                    -0.515219509601593,
                    0.8504011631011963,
                    3.428077220916748
                ],
                [
                    0.0,
                    0.8552758693695068,
                    0.5181727409362793,
                    2.0888214111328125
                ],
                [
                    0.0,
                    0.0,
                    0.0,
                    1.0
                ]
            ]
        },
        {
            "file_path": "/data/shapenet_blender/all_50_random/02958343/2d1718bda87f59dc673ddeabdcc8c6e/r_29",
            "rotation": 0.12566370614359174,
            "transform_matrix": [
                [
                    -0.7040358781814575,
                    0.4816019833087921,
                    0.5219128727912903,
                    2.103898048400879
                ],
                [
                    0.7101644277572632,
                    0.47744590044021606,
                    0.5174089074134827,
                    2.0857419967651367
                ],
                [
                    0.0,
                    0.7349183559417725,
                    -0.6781555414199829,
                    -2.7337324619293213
                ],
                [
                    0.0,
                    0.0,
                    0.0,
                    1.0
                ]
            ]
        },
        {
            "file_path": "/data/shapenet_blender/all_50_random/02958343/2d1718bda87f59dc673ddeabdcc8c6e/r_30",
            "rotation": 0.12566370614359174,
            "transform_matrix": [
                [
                    -0.05445690453052521,
                    0.05914608761668205,
                    -0.9967628717422485,
                    -4.0180792808532715
                ],
                [
                    -0.9985161423683167,
                    -0.0032256992999464273,
                    0.05436128377914429,
                    0.2191373109817505
                ],
                [
                    0.0,
                    0.998244047164917,
                    0.05923398584127426,
                    0.23877981305122375
                ],
                [
                    0.0,
                    0.0,
                    0.0,
                    1.0
                ]
            ]
        },
        {
            "file_path": "/data/shapenet_blender/all_50_random/02958343/2d1718bda87f59dc673ddeabdcc8c6e/r_31",
            "rotation": 0.12566370614359174,
            "transform_matrix": [
                [
                    0.21750113368034363,
                    -0.2541061043739319,
                    -0.9424029588699341,
                    -3.798947811126709
                ],
                [
                    -0.9760600328445435,
                    -0.05662394315004349,
                    -0.210001140832901,
                    -0.846541702747345
                ],
                [
                    0.0,
                    0.9655174016952515,
                    -0.26033857464790344,
                    -1.049458384513855
                ],
                [
                    0.0,
                    0.0,
                    0.0,
                    1.0
                ]
            ]
        },
        {
            "file_path": "/data/shapenet_blender/all_50_random/02958343/2d1718bda87f59dc673ddeabdcc8c6e/r_32",
            "rotation": 0.12566370614359174,
            "transform_matrix": [
                [
                    -0.9985314607620239,
                    0.025446055456995964,
                    0.047828130424022675,
                    0.1928013563156128
                ],
                [
                    0.05417593941092491,
                    0.46900317072868347,
                    0.8815332651138306,
                    3.553574323654175
                ],
                [
                    0.0,
                    0.8828297257423401,
                    -0.46969300508499146,
                    -1.8933930397033691
                ],
                [
                    0.0,
                    0.0,
                    0.0,
                    1.0
                ]
            ]
        },
        {
            "file_path": "/data/shapenet_blender/all_50_random/02958343/2d1718bda87f59dc673ddeabdcc8c6e/r_33",
            "rotation": 0.12566370614359174,
            "transform_matrix": [
                [
                    -0.396273672580719,
                    -0.00738942576572299,
                    0.9181027412414551,
                    3.7009904384613037
                ],
                [
                    0.918132483959198,
                    -0.003189337905496359,
                    0.3962608277797699,
                    1.5973784923553467
                ],
                [
                    0.0,
                    0.9999675750732422,
                    0.008048322051763535,
                    0.0324438251554966
                ],
                [
                    0.0,
                    0.0,
                    0.0,
                    1.0
                ]
            ]
        },
        {
            "file_path": "/data/shapenet_blender/all_50_random/02958343/2d1718bda87f59dc673ddeabdcc8c6e/r_34",
            "rotation": 0.12566370614359174,
            "transform_matrix": [
                [
                    -0.1232178583741188,
                    0.8151005506515503,
                    0.5660640597343445,
                    2.281877279281616
                ],
                [
                    0.9923796057701111,
                    0.10120616853237152,
                    0.07028479129076004,
                    0.28332704305648804
                ],
                [
                    -3.725290076417309e-09,
                    0.5704109072685242,
                    -0.8213595151901245,
                    -3.3110060691833496
                ],
                [
                    0.0,
                    0.0,
                    0.0,
                    1.0
                ]
            ]
        },
        {
            "file_path": "/data/shapenet_blender/all_50_random/02958343/2d1718bda87f59dc673ddeabdcc8c6e/r_35",
            "rotation": 0.12566370614359174,
            "transform_matrix": [
                [
                    0.9976981282234192,
                    0.02253311686217785,
                    -0.0639588013291359,
                    -0.25782620906829834
                ],
                [
                    -0.06781202554702759,
                    0.331523060798645,
                    -0.9410068392753601,
                    -3.7933201789855957
                ],
                [
                    1.862645149230957e-09,
                    0.9431779980659485,
                    0.33228790760040283,
                    1.3394955396652222
                ],
                [
                    0.0,
                    0.0,
                    0.0,
                    1.0
                ]
            ]
        },
        {
            "file_path": "/data/shapenet_blender/all_50_random/02958343/2d1718bda87f59dc673ddeabdcc8c6e/r_36",
            "rotation": 0.12566370614359174,
            "transform_matrix": [
                [
                    0.35913386940956116,
                    -0.007314449641853571,
                    -0.9332574009895325,
                    -3.762080669403076
                ],
                [
                    -0.9332860708236694,
                    -0.002814642619341612,
                    -0.3591228425502777,
                    -1.4476704597473145
                ],
                [
                    0.0,
                    0.9999693036079407,
                    -0.007837306708097458,
                    -0.031593192368745804
                ],
                [
                    0.0,
                    0.0,
                    0.0,
                    1.0
                ]
            ]
        },
        {
            "file_path": "/data/shapenet_blender/all_50_random/02958343/2d1718bda87f59dc673ddeabdcc8c6e/r_37",
            "rotation": 0.12566370614359174,
            "transform_matrix": [
                [
                    -0.8358923196792603,
                    0.09936148673295975,
                    -0.5398252606391907,
                    -2.17610502243042
                ],
                [
                    -0.548893392086029,
                    -0.15131445229053497,
                    0.8220827579498291,
                    3.3139212131500244
                ],
                [
                    -7.4505792646561986e-09,
                    0.9834792017936707,
                    0.18102145195007324,
                    0.7297207117080688
                ],
                [
                    0.0,
                    0.0,
                    0.0,
                    1.0
                ]
            ]
        },
        {
            "file_path": "/data/shapenet_blender/all_50_random/02958343/2d1718bda87f59dc673ddeabdcc8c6e/r_38",
            "rotation": 0.12566370614359174,
            "transform_matrix": [
                [
                    0.9896224141120911,
                    -0.06958235055208206,
                    0.12572114169597626,
                    0.5067981481552124
                ],
                [
                    0.14369241893291473,
                    0.47921985387802124,
                    -0.8658526539802551,
                    -3.490363597869873
                ],
                [
                    0.0,
                    0.8749322295188904,
                    0.484245240688324,
                    1.9520549774169922
                ],
                [
                    0.0,
                    0.0,
                    0.0,
                    1.0
                ]
            ]
        },
        {
            "file_path": "/data/shapenet_blender/all_50_random/02958343/2d1718bda87f59dc673ddeabdcc8c6e/r_39",
            "rotation": 0.12566370614359174,
            "transform_matrix": [
                [
                    0.14581899344921112,
                    -0.16375182569026947,
                    -0.9756649136543274,
                    -3.9330313205718994
                ],
                [
                    -0.9893113374710083,
                    -0.02413610927760601,
                    -0.14380759000778198,
                    -0.5797070264816284
                ],
                [
                    1.862645149230957e-09,
                    0.9862062335014343,
                    -0.16552101075649261,
                    -0.6672366261482239
                ],
                [
                    0.0,
                    0.0,
                    0.0,
                    1.0
                ]
            ]
        },
        {
            "file_path": "/data/shapenet_blender/all_50_random/02958343/2d1718bda87f59dc673ddeabdcc8c6e/r_40",
            "rotation": 0.12566370614359174,
            "transform_matrix": [
                [
                    -0.6262977123260498,
                    0.05218471214175224,
                    -0.777835488319397,
                    -3.1355550289154053
                ],
                [
                    -0.7795841097831726,
                    -0.041923847049474716,
                    0.6248928904533386,
                    2.519023895263672
                ],
                [
                    0.0,
                    0.9977569580078125,
                    0.06693918257951736,
                    0.2698404788970947
                ],
                [
                    0.0,
                    0.0,
                    0.0,
                    1.0
                ]
            ]
        },
        {
            "file_path": "/data/shapenet_blender/all_50_random/02958343/2d1718bda87f59dc673ddeabdcc8c6e/r_41",
            "rotation": 0.12566370614359174,
            "transform_matrix": [
                [
                    0.27876654267311096,
                    -0.573638916015625,
                    -0.7702126502990723,
                    -3.1048264503479004
                ],
                [
                    -0.9603589773178101,
                    -0.16651205718517303,
                    -0.22357214987277985,
                    -0.9012481570243835
                ],
                [
                    0.0,
                    0.802004873752594,
                    -0.5973172783851624,
