{
    "class": "02958343",
    "model": "854881671316e926f63ee8a34069b7c5",
    "remove_doubles": true,
    "edge_split": true,
    "denoise": true,
    "camera_angle_x": 0.6911112070083618,
    "scale_factor": 2.2951098114578636,
    "hdri_file": "/data/IndoorHDRDataset2018/9C4A9691-fa47a7b00a.exr",
    "center_offset": [
        0.0,
        0.0,
        3.725290298461914e-09
    ],
    "lights": [],
    "frames": [
        {
            "file_path": "/data/shapenet_blender/all_50_random/02958343/854881671316e926f63ee8a34069b7c5/r_0",
            "rotation": 0.12566370614359174,
            "transform_matrix": [
                [
                    -0.7028813362121582,
                    0.5474088191986084,
                    -0.4542040228843689,
                    -1.8309550285339355
                ],
                [
                    -0.7113070487976074,
                    -0.5409244894981384,
                    0.4488237798213959,
                    1.8092665672302246
                ],
                [
                    1.4901161193847656e-08,
                    0.6385483741760254,
                    0.7695816159248352,
                    3.102282762527466
                ],
                [
                    0.0,
                    0.0,
                    0.0,
                    1.0
                ]
            ]
        },
        {
            "file_path": "/data/shapenet_blender/all_50_random/02958343/854881671316e926f63ee8a34069b7c5/r_1",
            "rotation": 0.12566370614359174,
            "transform_matrix": [
                [
                    0.7355495095252991,
                    -0.14699742197990417,
                    0.6613309383392334,
                    2.665910482406616
                ],
                [
                    0.6774709820747375,
                    0.15959928929805756,
                    -0.718025803565979,
                    -2.8944549560546875
                ],
                [
                    -7.450580596923828e-09,
                    0.9761760830879211,
                    0.21697965264320374,
                    0.8746730089187622
                ],
                [
                    0.0,
                    0.0,
                    0.0,
                    1.0
                ]
            ]
        },
        {
            "file_path": "/data/shapenet_blender/all_50_random/02958343/854881671316e926f63ee8a34069b7c5/r_2",
            "rotation": 0.12566370614359174,
            "transform_matrix": [
                [
                    -0.987972617149353,
                    -0.13219846785068512,
                    0.08021064847707748,
                    0.32333946228027344
                ],
                [
                    0.154629185795784,
                    -0.8446560502052307,
                    0.5124900937080383,
                    2.065913677215576
                ],
                [
                    0.0,
                    0.5187290906906128,
                    0.8549386262893677,
                    3.4463677406311035
                ],
                [
                    0.0,
                    0.0,
                    0.0,
                    1.0
                ]
            ]
        },
        {
            "file_path": "/data/shapenet_blender/all_50_random/02958343/854881671316e926f63ee8a34069b7c5/r_3",
            "rotation": 0.12566370614359174,
            "transform_matrix": [
                [
                    0.9232131242752075,
                    -0.23465564846992493,
                    0.3043259382247925,
                    1.2267770767211914
                ],
                [
                    0.3842884302139282,
                    0.5637359023094177,
                    -0.7311115860939026,
                    -2.947205066680908
                ],
                [
                    1.4901162970204496e-08,
                    0.7919207215309143,
                    0.6106238961219788,
                    2.461503744125366
                ],
                [
                    0.0,
                    0.0,
                    0.0,
                    1.0
                ]
            ]
        },
        {
            "file_path": "/data/shapenet_blender/all_50_random/02958343/854881671316e926f63ee8a34069b7c5/r_4",
            "rotation": 0.12566370614359174,
            "transform_matrix": [
                [
                    -0.9037105441093445,
                    -0.08129844814538956,
                    -0.42035457491874695,
                    -1.6945035457611084
                ],
                [
                    -0.4281442165374756,
                    0.17160169780254364,
                    0.8872684836387634,
                    3.5766937732696533
                ],
                [
                    7.450581485102248e-09,
                    0.9818061590194702,
                    -0.1898856908082962,
                    -0.7654536962509155
                ],
                [
                    0.0,
                    0.0,
                    0.0,
                    1.0
                ]
            ]
        },
        {
            "file_path": "/data/shapenet_blender/all_50_random/02958343/854881671316e926f63ee8a34069b7c5/r_5",
            "rotation": 0.12566370614359174,
            "transform_matrix": [
                [
                    0.8968263864517212,
                    0.28125879168510437,
                    -0.3414615988731384,
                    -1.3764758110046387
                ],
                [
                    -0.4423828721046448,
                    0.5701855421066284,
                    -0.6922324895858765,
                    -2.7904787063598633
                ],
                [
                    0.0,
                    0.7718691229820251,
                    0.6357814073562622,
                    2.5629169940948486
                ],
                [
                    0.0,
                    0.0,
                    0.0,
                    1.0
                ]
            ]
        },
        {
            "file_path": "/data/shapenet_blender/all_50_random/02958343/854881671316e926f63ee8a34069b7c5/r_6",
            "rotation": 0.12566370614359174,
            "transform_matrix": [
                [
                    0.8331010937690735,
                    0.07001866400241852,
                    0.5486710071563721,
                    2.211763858795166
                ],
                [
                    0.5531207919120789,
                    -0.10546092689037323,
                    -0.826399028301239,
                    -3.3313212394714355
                ],
                [
                    0.0,
                    0.9919553399085999,
                    -0.126588374376297,
                    -0.5102941393852234
                ],
                [
                    0.0,
                    0.0,
                    0.0,
                    1.0
                ]
            ]
        },
        {
            "file_path": "/data/shapenet_blender/all_50_random/02958343/854881671316e926f63ee8a34069b7c5/r_7",
            "rotation": 0.12566370614359174,
            "transform_matrix": [
                [
                    -0.8557491898536682,
                    -0.4126634895801544,
                    0.3120930790901184,
                    1.258087396621704
                ],
                [
                    0.517390787601471,
                    -0.6825332641601562,
                    0.5161927938461304,
                    2.0808396339416504
                ],
                [
                    0.0,
                    0.6032056212425232,
                    0.797585666179657,
                    3.2151706218719482
                ],
                [
                    0.0,
                    0.0,
                    0.0,
                    1.0
                ]
            ]
        },
        {
            "file_path": "/data/shapenet_blender/all_50_random/02958343/854881671316e926f63ee8a34069b7c5/r_8",
            "rotation": 0.12566370614359174,
            "transform_matrix": [
                [
                    -0.9978265166282654,
                    0.029302742332220078,
                    -0.05902349203824997,
                    -0.23793131113052368
                ],
                [
                    -0.06589706987142563,
                    -0.4437079131603241,
                    0.8937454223632812,
                    3.6028029918670654
                ],
                [
                    0.0,
                    0.8956922292709351,
                    0.44467446208000183,
                    1.7925400733947754
                ],
                [
                    0.0,
                    0.0,
                    0.0,
                    1.0
                ]
            ]
        },
        {
            "file_path": "/data/shapenet_blender/all_50_random/02958343/854881671316e926f63ee8a34069b7c5/r_9",
            "rotation": 0.12566370614359174,
            "transform_matrix": [
                [
                    -0.14142493903636932,
                    -0.3012956976890564,
                    0.9429846405982971,
                    3.8012921810150146
                ],
                [
                    0.9899489879608154,
                    -0.043043352663517,
                    0.13471557199954987,
                    0.5430557727813721
                ],
                [
                    0.0,
                    0.9525588154792786,
                    0.30435478687286377,
                    1.2268931865692139
                ],
                [
                    0.0,
                    0.0,
                    0.0,
                    1.0
                ]
            ]
        },
        {
            "file_path": "/data/shapenet_blender/all_50_random/02958343/854881671316e926f63ee8a34069b7c5/r_10",
            "rotation": 0.12566370614359174,
            "transform_matrix": [
                [
                    0.2784288227558136,
                    0.8818894028663635,
                    -0.38045820593833923,
                    -1.533676028251648
                ],
                [
                    -0.9604569673538208,
                    0.2556527256965637,
                    -0.11029180884361267,
                    -0.44460049271583557
                ],
                [
                    0.0,
                    0.39612212777137756,
                    0.9181978106498718,
                    3.701373815536499
                ],
                [
                    0.0,
                    0.0,
                    0.0,
                    1.0
                ]
            ]
        },
        {
            "file_path": "/data/shapenet_blender/all_50_random/02958343/854881671316e926f63ee8a34069b7c5/r_11",
            "rotation": 0.12566370614359174,
            "transform_matrix": [
                [
                    -0.7373866438865662,
                    0.08510436862707138,
                    -0.6700882315635681,
                    -2.701211929321289
                ],
                [
                    -0.6754710078239441,
                    -0.09290527552366257,
                    0.7315104603767395,
                    2.948812961578369
                ],
                [
                    3.725290298461914e-09,
                    0.9920311570167542,
                    0.12599262595176697,
                    0.5078925490379333
                ],
                [
                    0.0,
                    0.0,
                    0.0,
                    1.0
                ]
            ]
        },
        {
            "file_path": "/data/shapenet_blender/all_50_random/02958343/854881671316e926f63ee8a34069b7c5/r_12",
            "rotation": 0.12566370614359174,
            "transform_matrix": [
                [
                    -0.4829430878162384,
                    0.2598748207092285,
                    -0.8362003564834595,
                    -3.3708314895629883
                ],
                [
                    -0.8756518363952637,
                    -0.1433272510766983,
                    0.46118465065956116,
                    1.8590947389602661
                ],
                [
                    -1.4901162970204496e-08,
                    0.9549461603164673,
                    0.2967787981033325,
                    1.196353554725647
                ],
                [
                    0.0,
                    0.0,
                    0.0,
                    1.0
                ]
            ]
        },
        {
            "file_path": "/data/shapenet_blender/all_50_random/02958343/854881671316e926f63ee8a34069b7c5/r_13",
            "rotation": 0.12566370614359174,
            "transform_matrix": [
                [
                    -0.38530251383781433,
                    0.0037031464744359255,
                    0.922782838344574,
                    3.7198567390441895
                ],
                [
                    0.9227902889251709,
                    0.001546214334666729,
                    0.3852993845939636,
                    1.5531916618347168
                ],
                [
                    0.0,
                    0.9999919533729553,
                    -0.004012987483292818,
                    -0.016176871955394745
                ],
                [
                    0.0,
                    0.0,
                    0.0,
                    1.0
                ]
            ]
        },
        {
            "file_path": "/data/shapenet_blender/all_50_random/02958343/854881671316e926f63ee8a34069b7c5/r_14",
            "rotation": 0.12566370614359174,
            "transform_matrix": [
                [
                    0.9181628227233887,
                    -0.15856491029262543,
                    -0.3630899488925934,
                    -1.4636623859405518
                ],
                [
                    -0.3962034285068512,
                    -0.3674587607383728,
                    -0.8414255380630493,
                    -3.391894817352295
                ],
                [
                    -1.4901161193847656e-08,
                    0.9164231419563293,
                    -0.4002108573913574,
                    -1.6133015155792236
                ],
                [
                    0.0,
                    0.0,
                    0.0,
                    1.0
                ]
            ]
        },
        {
            "file_path": "/data/shapenet_blender/all_50_random/02958343/854881671316e926f63ee8a34069b7c5/r_15",
            "rotation": 0.12566370614359174,
            "transform_matrix": [
                [
                    -0.9681854248046875,
                    -0.1883753538131714,
                    -0.164717435836792,
                    -0.663997232913971
                ],
                [
                    -0.25023412704467773,
                    0.7288464903831482,
                    0.6373112201690674,
                    2.5690836906433105
                ],
                [
                    0.0,
                    0.6582533121109009,
                    -0.752796471118927,
                    -3.0346195697784424
                ],
                [
                    0.0,
                    0.0,
                    0.0,
                    1.0
                ]
            ]
        },
        {
            "file_path": "/data/shapenet_blender/all_50_random/02958343/854881671316e926f63ee8a34069b7c5/r_16",
            "rotation": 0.12566370614359174,
            "transform_matrix": [
                [
                    0.45588886737823486,
                    -0.5181040167808533,
                    0.723694384098053,
                    2.9173054695129395
                ],
                [
                    0.8900368213653564,
                    0.2653798758983612,
                    -0.37068602442741394,
                    -1.4942831993103027
                ],
                [
                    -1.4901162970204496e-08,
                    0.8131062388420105,
                    0.5821152925491333,
                    2.3465816974639893
                ],
                [
                    0.0,
                    0.0,
                    0.0,
                    1.0
                ]
            ]
        },
        {
            "file_path": "/data/shapenet_blender/all_50_random/02958343/854881671316e926f63ee8a34069b7c5/r_17",
            "rotation": 0.12566370614359174,
            "transform_matrix": [
                [
                    -0.9679763913154602,
                    0.1335327923297882,
                    0.21258077025413513,
                    0.856940507888794
                ],
                [
                    0.2510409951210022,
                    0.5148823857307434,
                    0.8196794986724854,
                    3.3042337894439697
                ],
                [
                    -7.450580152834618e-09,
                    0.8467968702316284,
                    -0.5319162607192993,
                    -2.1442229747772217
                ],
                [
                    0.0,
                    0.0,
                    0.0,
                    1.0
                ]
            ]
        },
        {
            "file_path": "/data/shapenet_blender/all_50_random/02958343/854881671316e926f63ee8a34069b7c5/r_18",
            "rotation": 0.12566370614359174,
            "transform_matrix": [
                [
                    -0.9501392841339111,
                    0.2526373863220215,
                    -0.18278338015079498,
                    -0.7368233799934387
                ],
                [
                    -0.31182602047920227,
                    -0.769790530204773,
                    0.5569441318511963,
                    2.2451136112213135
                ],
                [
                    0.0,
                    0.5861710906028748,
                    0.8101873397827148,
                    3.2659695148468018
                ],
                [
                    0.0,
                    0.0,
                    0.0,
                    1.0
                ]
            ]
        },
        {
            "file_path": "/data/shapenet_blender/all_50_random/02958343/854881671316e926f63ee8a34069b7c5/r_19",
            "rotation": 0.12566370614359174,
            "transform_matrix": [
                [
                    -0.9665284156799316,
                    -0.22347941994667053,
                    0.12601526081562042,
                    0.5079837441444397
                ],
                [
                    0.2565597593784332,
                    -0.8419060111045837,
                    0.47473278641700745,
                    1.913709044456482
                ],
                [
                    0.0,
                    0.4911730885505676,
                    0.8710619211196899,
                    3.5113630294799805
                ],
                [
                    0.0,
                    0.0,
                    0.0,
                    1.0
                ]
            ]
        },
        {
            "file_path": "/data/shapenet_blender/all_50_random/02958343/854881671316e926f63ee8a34069b7c5/r_20",
            "rotation": 0.12566370614359174,
            "transform_matrix": [
                [
                    -0.3992731273174286,
                    -0.20564375817775726,
                    -0.8934716582298279,
                    -3.6016993522644043
                ],
                [
                    -0.9168320298194885,
                    0.08955623209476471,
                    0.3890998661518097,
                    1.568511724472046
                ],
                [
                    0.0,
                    0.9745205044746399,
                    -0.22429820895195007,
                    -0.9041749835014343
                ],
                [
                    0.0,
                    0.0,
                    0.0,
                    1.0
                ]
            ]
        },
        {
            "file_path": "/data/shapenet_blender/all_50_random/02958343/854881671316e926f63ee8a34069b7c5/r_21",
            "rotation": 0.12566370614359174,
            "transform_matrix": [
                [
                    -0.9460850954055786,
                    0.16447313129901886,
                    -0.2790547311306,
                    -1.1249055862426758
                ],
                [
                    -0.32391810417175293,
                    -0.48038557171821594,
                    0.8150501847267151,
                    3.2855722904205322
                ],
                [
                    -1.4901159417490817e-08,
                    0.8614977598190308,
                    0.5077614784240723,
                    2.046851873397827
                ],
                [
                    0.0,
                    0.0,
                    0.0,
                    1.0
                ]
            ]
        },
        {
            "file_path": "/data/shapenet_blender/all_50_random/02958343/854881671316e926f63ee8a34069b7c5/r_22",
            "rotation": 0.12566370614359174,
            "transform_matrix": [
                [
                    -0.32955288887023926,
                    0.7342426180839539,
                    -0.5935339331626892,
                    -2.3926119804382324
                ],
                [
                    -0.9441372156143188,
                    -0.2562887966632843,
                    0.2071741670370102,
                    0.8351458311080933
                ],
                [
                    0.0,
                    0.6286523342132568,
                    0.7776864171028137,
                    3.1349544525146484
                ],
                [
                    0.0,
                    0.0,
                    0.0,
                    1.0
                ]
            ]
        },
        {
            "file_path": "/data/shapenet_blender/all_50_random/02958343/854881671316e926f63ee8a34069b7c5/r_23",
            "rotation": 0.12566370614359174,
            "transform_matrix": [
                [
                    0.3898770809173584,
                    0.4155690670013428,
                    -0.8217651844024658,
                    -3.3126418590545654
                ],
                [
                    -0.920866847038269,
                    0.17594385147094727,
                    -0.34791940450668335,
                    -1.4025081396102905
                ],
                [
                    0.0,
                    0.8923823237419128,
                    0.4512802064418793,
                    1.8191689252853394
                ],
                [
                    0.0,
                    0.0,
                    0.0,
                    1.0
                ]
            ]
        },
        {
            "file_path": "/data/shapenet_blender/all_50_random/02958343/854881671316e926f63ee8a34069b7c5/r_24",
            "rotation": 0.12566370614359174,
            "transform_matrix": [
                [
                    -0.9034320712089539,
                    -0.0011064201826229692,
                    0.42872992157936096,
                    1.728265643119812
                ],
                [
                    0.42873141169548035,
                    -0.0023314724676311016,
                    0.9034289717674255,
                    3.641838788986206
                ],
                [
                    0.0,
                    0.9999966025352478,
                    0.002580684144049883,
                    0.010403070598840714
                ],
                [
                    0.0,
                    0.0,
                    0.0,
                    1.0
                ]
            ]
        },
        {
            "file_path": "/data/shapenet_blender/all_50_random/02958343/854881671316e926f63ee8a34069b7c5/r_25",
            "rotation": 0.12566370614359174,
            "transform_matrix": [
                [
                    -0.07724278420209885,
                    0.5103151798248291,
                    -0.8565114736557007,
                    -3.4527082443237305
                ],
                [
                    -0.9970123171806335,
                    -0.03953628987073898,
                    0.06635759025812149,
                    0.2674959897994995
                ],
                [
                    0.0,
                    0.8590781688690186,
                    0.5118443965911865,
                    2.0633108615875244
                ],
                [
                    0.0,
                    0.0,
                    0.0,
                    1.0
                ]
            ]
        },
        {
            "file_path": "/data/shapenet_blender/all_50_random/02958343/854881671316e926f63ee8a34069b7c5/r_26",
            "rotation": 0.12566370614359174,
            "transform_matrix": [
                [
                    0.801216185092926,
                    0.39566248655319214,
                    0.44889184832572937,
                    1.809540867805481
                ],
                [
                    0.598375141620636,
                    -0.5297866463661194,
                    -0.6010600924491882,
                    -2.4229507446289062
                ],
                [
                    -1.4901162970204496e-08,
                    0.7501846551895142,
                    -0.6612282991409302,
                    -2.665496587753296
                ],
                [
                    0.0,
                    0.0,
                    0.0,
                    1.0
                ]
            ]
        },
        {
            "file_path": "/data/shapenet_blender/all_50_random/02958343/854881671316e926f63ee8a34069b7c5/r_27",
            "rotation": 0.12566370614359174,
            "transform_matrix": [
                [
                    0.5474211573600769,
                    -0.690907895565033,
                    -0.47220367193222046,
                    -1.9035139083862305
                ],
                [
                    -0.836857259273529,
                    -0.45194995403289795,
                    -0.30888694524765015,
                    -1.245163083076477
                ],
                [
                    0.0,
                    0.5642582178115845,
                    -0.8255982398986816,
                    -3.3280930519104004
                ],
                [
                    0.0,
                    0.0,
                    0.0,
                    1.0
                ]
            ]
        },
        {
            "file_path": "/data/shapenet_blender/all_50_random/02958343/854881671316e926f63ee8a34069b7c5/r_28",
            "rotation": 0.12566370614359174,
            "transform_matrix": [
                [
                    0.09461455047130585,
                    -0.9438567161560059,
                    -0.31651604175567627,
                    -1.2759169340133667
                ],
                [
                    -0.9955139756202698,
                    -0.08970499783754349,
                    -0.03008197247982025,
                    -0.12126430869102478
                ],
                [
                    0.0,
                    0.3179422914981842,
                    -0.948110044002533,
                    -3.821953773498535
                ],
                [
                    0.0,
                    0.0,
                    0.0,
                    1.0
                ]
            ]
        },
        {
            "file_path": "/data/shapenet_blender/all_50_random/02958343/854881671316e926f63ee8a34069b7c5/r_29",
            "rotation": 0.12566370614359174,
            "transform_matrix": [
                [
                    -0.9771059155464172,
                    -0.07831832766532898,
                    -0.19781388342380524,
                    -0.7974133491516113
                ],
                [
                    -0.21275363862514496,
                    0.35968974232673645,
                    0.9084926843643188,
                    3.6622514724731445
                ],
                [
                    0.0,
                    0.9297792315483093,
                    -0.36811745166778564,
                    -1.4839290380477905
                ],
                [
                    0.0,
                    0.0,
                    0.0,
                    1.0
                ]
            ]
        },
        {
            "file_path": "/data/shapenet_blender/all_50_random/02958343/854881671316e926f63ee8a34069b7c5/r_30",
            "rotation": 0.12566370614359174,
            "transform_matrix": [
                [
                    -0.8913425803184509,
                    -0.08948517590761185,
                    -0.44441062211990356,
                    -1.7914764881134033
                ],
                [
                    -0.4533303678035736,
                    0.17594663798809052,
                    0.87380450963974,
                    3.522418737411499
                ],
                [
                    7.450580596923828e-09,
                    0.9803240299224854,
                    -0.19739507138729095,
                    -0.7957249879837036
                ],
                [
                    0.0,
                    0.0,
                    0.0,
                    1.0
                ]
            ]
        },
        {
            "file_path": "/data/shapenet_blender/all_50_random/02958343/854881671316e926f63ee8a34069b7c5/r_31",
            "rotation": 0.12566370614359174,
            "transform_matrix": [
                [
                    0.529274046421051,
                    0.42054346203804016,
                    -0.7368935346603394,
                    -2.970513105392456
                ],
                [
                    -0.8484510183334351,
                    0.26234012842178345,
                    -0.4596831500530243,
                    -1.8530421257019043
                ],
                [
                    0.0,
                    0.8685162663459778,
                    0.49566033482551575,
                    1.9980708360671997
                ],
                [
                    0.0,
                    0.0,
                    0.0,
                    1.0
                ]
            ]
        },
        {
            "file_path": "/data/shapenet_blender/all_50_random/02958343/854881671316e926f63ee8a34069b7c5/r_32",
            "rotation": 0.12566370614359174,
            "transform_matrix": [
                [
                    0.9025929570198059,
                    -0.045816659927368164,
                    0.4280500113964081,
                    1.7255245447158813
                ],
                [
                    0.4304949939250946,
                    0.09606104344129562,
                    -0.8974667191505432,
                    -3.6178035736083984
                ],
                [
                    -3.7252898543727042e-09,
                    0.9943203926086426,
                    0.1064278781414032,
                    0.42902445793151855
                ],
                [
                    0.0,
                    0.0,
                    0.0,
                    1.0
                ]
            ]
        },
        {
            "file_path": "/data/shapenet_blender/all_50_random/02958343/854881671316e926f63ee8a34069b7c5/r_33",
            "rotation": 0.12566370614359174,
            "transform_matrix": [
                [
                    0.9800900816917419,
                    0.17578382790088654,
                    -0.09232278168201447,
                    -0.3721650540828705
                ],
                [
                    -0.1985534131526947,
                    0.8676959872245789,
                    -0.4557194709777832,
                    -1.8370640277862549
                ],
                [
                    -7.450580596923828e-09,
                    0.4649771451950073,
                    0.885322630405426,
                    3.568849802017212
                ],
                [
                    0.0,
                    0.0,
                    0.0,
                    1.0
                ]
            ]
        },
        {
            "file_path": "/data/shapenet_blender/all_50_random/02958343/854881671316e926f63ee8a34069b7c5/r_34",
            "rotation": 0.12566370614359174,
            "transform_matrix": [
                [
                    -0.7149792313575745,
                    -0.041113536804914474,
                    -0.6979358196258545,
                    -2.813469171524048
                ],
                [
                    -0.6991456747055054,
                    0.04204463213682175,
                    0.7137419581413269,
                    2.877185821533203
                ],
                [
                    -1.862645149230957e-09,
                    0.9982694387435913,
                    -0.05880539119243622,
                    -0.23705211281776428
                ],
                [
                    0.0,
                    0.0,
                    0.0,
                    1.0
                ]
            ]
        },
        {
            "file_path": "/data/shapenet_blender/all_50_random/02958343/854881671316e926f63ee8a34069b7c5/r_35",
            "rotation": 0.12566370614359174,
            "transform_matrix": [
                [
                    -0.7413662075996399,
                    0.6315811276435852,
                    0.22689510881900787,
                    0.9146434664726257
                ],
                [
                    0.6711006760597229,
                    0.6977088451385498,
                    0.25065144896507263,
                    1.0104082822799683
                ],
                [
                    0.0,
                    0.3380938768386841,
                    -0.9411122798919678,
                    -3.7937450408935547
                ],
                [
                    0.0,
                    0.0,
                    0.0,
                    1.0
                ]
            ]
        },
        {
            "file_path": "/data/shapenet_blender/all_50_random/02958343/854881671316e926f63ee8a34069b7c5/r_36",
            "rotation": 0.12566370614359174,
            "transform_matrix": [
                [
                    0.9840232133865356,
                    0.010354788042604923,
                    0.1777389794588089,
                    0.7164887189865112
                ],
                [
                    0.17804035544395447,
                    -0.057230573147535324,
                    -0.9823575019836426,
                    -3.960009813308716
                ],
                [
                    0.0,
                    0.9983073472976685,
                    -0.05815977603197098,
                    -0.23444955050945282
                ],
                [
                    0.0,
                    0.0,
                    0.0,
                    1.0
                ]
            ]
        },
        {
            "file_path": "/data/shapenet_blender/all_50_random/02958343/854881671316e926f63ee8a34069b7c5/r_37",
            "rotation": 0.12566370614359174,
            "transform_matrix": [
                [
                    0.06436575204133987,
                    0.28068193793296814,
                    0.9576401710510254,
                    3.8603711128234863
                ],
                [
                    0.9979264140129089,
                    -0.018103845417499542,
                    -0.06176730990409851,
                    -0.24899199604988098
                ],
                [
                    1.862645371275562e-09,
                    0.959630012512207,
                    -0.28126516938209534,
                    -1.133816123008728
                ],
                [
                    0.0,
                    0.0,
                    0.0,
                    1.0
                ]
            ]
        },
        {
            "file_path": "/data/shapenet_blender/all_50_random/02958343/854881671316e926f63ee8a34069b7c5/r_38",
            "rotation": 0.12566370614359174,
            "transform_matrix": [
                [
                    0.6449318528175354,
                    -0.7044855952262878,
                    0.29624804854393005,
                    1.194214105606079
                ],
                [
                    0.7642402052879333,
                    0.594505786895752,
                    -0.24999970197677612,
                    -1.0077810287475586
                ],
                [
                    1.4901162970204496e-08,
                    0.3876374065876007,
                    0.9218119382858276,
                    3.715942859649658
                ],
                [
                    0.0,
                    0.0,
                    0.0,
                    1.0
                ]
            ]
        },
        {
            "file_path": "/data/shapenet_blender/all_50_random/02958343/854881671316e926f63ee8a34069b7c5/r_39",
            "rotation": 0.12566370614359174,
            "transform_matrix": [
                [
                    0.04015441983938217,
                    0.6220525503158569,
                    0.7819450497627258,
                    3.1521215438842773
                ],
                [
                    0.999193549156189,
                    -0.024998318403959274,
                    -0.031423889100551605,
                    -0.12667375802993774
                ],
                [
                    -1.862645371275562e-09,
                    0.7825762033462524,
                    -0.6225546598434448,
                    -2.5095982551574707
                ],
                [
                    0.0,
                    0.0,
                    0.0,
                    1.0
                ]
            ]
        },
        {
            "file_path": "/data/shapenet_blender/all_50_random/02958343/854881671316e926f63ee8a34069b7c5/r_40",
            "rotation": 0.12566370614359174,
            "transform_matrix": [
                [
                    0.8090546131134033,
                    -0.06730497628450394,
                    0.5838670134544373,
                    2.3536431789398193
                ],
                [
                    0.5877335071563721,
                    0.09264981001615524,
                    -0.8037320971488953,
                    -3.23994779586792
                ],
                [
                    3.725290298461914e-09,
                    0.9934213757514954,
                    0.11451614648103714,
                    0.46162936091423035
                ],
                [
                    0.0,
                    0.0,
                    0.0,
                    1.0
                ]
            ]
        },
        {
            "file_path": "/data/shapenet_blender/all_50_random/02958343/854881671316e926f63ee8a34069b7c5/r_41",
            "rotation": 0.12566370614359174,
            "transform_matrix": [
                [
                    0.9197708368301392,
                    -0.05104465037584305,
                    -0.3891220688819885,
                    -1.568601369857788
                ],
                [
                    -0.3924558460712433,
                    -0.11962972581386566,
                    -0.9119578003883362,
                    -3.6762197017669678
                ],
                [
                    0.0,
