{
    "class": "02958343",
    "model": "e738466fb6cc90530714334794526d4",
    "remove_doubles": true,
    "edge_split": true,
    "denoise": true,
    "camera_angle_x": 0.6911112070083618,
    "scale_factor": 2.25843503249765,
    "hdri_file": "/data/IndoorHDRDataset2018/9C4A0632-aba46c619b.exr",
    "center_offset": [
        0.0,
        -6.984919309616089e-10,
        -3.725290298461914e-09
    ],
    "lights": [],
    "frames": [
        {
            "file_path": "/data/shapenet_blender/all_50_random/02958343/e738466fb6cc90530714334794526d4/r_0",
            "rotation": 0.12566370614359174,
            "transform_matrix": [
                [
                    -0.14299194514751434,
                    -0.5493404865264893,
                    0.8232729434967041,
                    3.3187193870544434
                ],
                [
                    0.9897239208221436,
                    -0.07936684042215347,
                    0.11894366890192032,
                    0.47947725653648376
                ],
                [
                    0.0,
                    0.8318207263946533,
                    0.5550442337989807,
                    2.237454891204834
                ],
                [
                    0.0,
                    0.0,
                    0.0,
                    1.0
                ]
            ]
        },
        {
            "file_path": "/data/shapenet_blender/all_50_random/02958343/e738466fb6cc90530714334794526d4/r_1",
            "rotation": 0.12566370614359174,
            "transform_matrix": [
                [
                    0.9733065366744995,
                    0.10723874717950821,
                    0.20291437208652496,
                    0.8179739713668823
                ],
                [
                    0.22950902581214905,
                    -0.4547802209854126,
                    -0.8605233430862427,
                    -3.4688806533813477
                ],
                [
                    -7.450581485102248e-09,
                    0.8841235637664795,
                    -0.4672528803348541,
                    -1.883556604385376
                ],
                [
                    0.0,
                    0.0,
                    0.0,
                    1.0
                ]
            ]
        },
        {
            "file_path": "/data/shapenet_blender/all_50_random/02958343/e738466fb6cc90530714334794526d4/r_2",
            "rotation": 0.12566370614359174,
            "transform_matrix": [
                [
                    0.9986664056777954,
                    -0.006107059773057699,
                    0.051265738904476166,
                    0.20665881037712097
                ],
                [
                    0.051628220826387405,
                    0.11813145130872726,
                    -0.9916548728942871,
                    -3.9974887371063232
                ],
                [
                    -4.656613428188905e-10,
                    0.9929791688919067,
                    0.11828918755054474,
                    0.47683897614479065
                ],
                [
                    0.0,
                    0.0,
                    0.0,
                    1.0
                ]
            ]
        },
        {
            "file_path": "/data/shapenet_blender/all_50_random/02958343/e738466fb6cc90530714334794526d4/r_3",
            "rotation": 0.12566370614359174,
            "transform_matrix": [
                [
                    0.8939793109893799,
                    -0.025728870183229446,
                    0.4473690688610077,
                    1.8034024238586426
                ],
                [
                    0.44810834527015686,
                    0.05132927745580673,
                    -0.8925044536590576,
                    -3.5978004932403564
                ],
                [
                    0.0,
                    0.998350203037262,
                    0.0574166402220726,
                    0.23145388066768646
                ],
                [
                    0.0,
                    0.0,
                    0.0,
                    1.0
                ]
            ]
        },
        {
            "file_path": "/data/shapenet_blender/all_50_random/02958343/e738466fb6cc90530714334794526d4/r_4",
            "rotation": 0.12566370614359174,
            "transform_matrix": [
                [
                    -0.6645621061325073,
                    -0.4821838140487671,
                    -0.5708378553390503,
                    -2.3011209964752197
                ],
                [
                    -0.7472329139709473,
                    0.42883700132369995,
                    0.5076826810836792,
                    2.046534299850464
                ],
                [
                    2.9802322387695312e-08,
                    0.7639355063438416,
                    -0.6452925205230713,
                    -2.60125732421875
                ],
                [
                    0.0,
                    0.0,
                    0.0,
                    1.0
                ]
            ]
        },
        {
            "file_path": "/data/shapenet_blender/all_50_random/02958343/e738466fb6cc90530714334794526d4/r_5",
            "rotation": 0.12566370614359174,
            "transform_matrix": [
                [
                    0.3143702745437622,
                    -0.21546384692192078,
                    -0.9245250225067139,
                    -3.726879835128784
                ],
                [
                    -0.9493004679679871,
                    -0.0713529959321022,
                    -0.3061656355857849,
                    -1.2341933250427246
                ],
                [
                    0.0,
                    0.9739014506340027,
                    -0.22697117924690247,
                    -0.9149501323699951
                ],
                [
                    0.0,
                    0.0,
                    0.0,
                    1.0
                ]
            ]
        },
        {
            "file_path": "/data/shapenet_blender/all_50_random/02958343/e738466fb6cc90530714334794526d4/r_6",
            "rotation": 0.12566370614359174,
            "transform_matrix": [
                [
                    0.9109976291656494,
                    0.07076478004455566,
                    0.40629518032073975,
                    1.6378283500671387
                ],
                [
                    0.41241177916526794,
                    -0.15631596744060516,
                    -0.8974863290786743,
                    -3.6178834438323975
                ],
                [
                    0.0,
                    0.9851688146591187,
                    -0.17158767580986023,
                    -0.6916921138763428
                ],
                [
                    0.0,
                    0.0,
                    0.0,
                    1.0
                ]
            ]
        },
        {
            "file_path": "/data/shapenet_blender/all_50_random/02958343/e738466fb6cc90530714334794526d4/r_7",
            "rotation": 0.12566370614359174,
            "transform_matrix": [
                [
                    0.8722670674324036,
                    0.13538596034049988,
                    0.4699157476425171,
                    1.8942906856536865
                ],
                [
                    0.48902976512908936,
                    -0.2414836883544922,
                    -0.8381739854812622,
                    -3.378787040710449
                ],
                [
                    0.0,
                    0.9609143137931824,
                    -0.2768460512161255,
                    -1.1160019636154175
                ],
                [
                    0.0,
                    0.0,
                    0.0,
                    1.0
                ]
            ]
        },
        {
            "file_path": "/data/shapenet_blender/all_50_random/02958343/e738466fb6cc90530714334794526d4/r_8",
            "rotation": 0.12566370614359174,
            "transform_matrix": [
                [
                    0.98842453956604,
                    -0.0978388637304306,
                    0.11595051735639572,
                    0.46741151809692383
                ],
                [
                    0.15171344578266144,
                    0.637427568435669,
                    -0.7554263472557068,
                    -3.0452213287353516
                ],
                [
                    0.0,
                    0.7642732262611389,
                    0.6448924541473389,
                    2.599644899368286
                ],
                [
                    0.0,
                    0.0,
                    0.0,
                    1.0
                ]
            ]
        },
        {
            "file_path": "/data/shapenet_blender/all_50_random/02958343/e738466fb6cc90530714334794526d4/r_9",
            "rotation": 0.12566370614359174,
            "transform_matrix": [
                [
                    0.9879011511802673,
                    0.051927484571933746,
                    -0.14613325893878937,
                    -0.5890820026397705
                ],
                [
                    -0.15508511662483215,
                    0.3307810425758362,
                    -0.9308772683143616,
                    -3.752486228942871
                ],
                [
                    -3.725290298461914e-09,
                    0.942277729511261,
                    0.33483216166496277,
                    1.349751591682434
                ],
                [
                    0.0,
                    0.0,
                    0.0,
                    1.0
                ]
            ]
        },
        {
            "file_path": "/data/shapenet_blender/all_50_random/02958343/e738466fb6cc90530714334794526d4/r_10",
            "rotation": 0.12566370614359174,
            "transform_matrix": [
                [
                    0.954497218132019,
                    0.26623523235321045,
                    -0.13436481356620789,
                    -0.541641891002655
                ],
                [
                    -0.2982198894023895,
                    0.8521254658699036,
                    -0.43005457520484924,
                    -1.7336053848266602
                ],
                [
                    -7.450580596923828e-09,
                    0.4505559504032135,
                    0.8927481174468994,
                    3.598782777786255
                ],
                [
                    0.0,
                    0.0,
                    0.0,
                    1.0
                ]
            ]
        },
        {
            "file_path": "/data/shapenet_blender/all_50_random/02958343/e738466fb6cc90530714334794526d4/r_11",
            "rotation": 0.12566370614359174,
            "transform_matrix": [
                [
                    -0.6532853841781616,
                    0.438397616147995,
                    -0.6172727942466736,
                    -2.4883060455322266
                ],
                [
                    -0.7571116089820862,
                    -0.37827810645103455,
                    0.532623291015625,
                    2.1470727920532227
                ],
                [
                    -1.4901158529312397e-08,
                    0.8152994513511658,
                    0.5790395736694336,
                    2.3341829776763916
                ],
                [
                    0.0,
                    0.0,
                    0.0,
                    1.0
                ]
            ]
        },
        {
            "file_path": "/data/shapenet_blender/all_50_random/02958343/e738466fb6cc90530714334794526d4/r_12",
            "rotation": 0.12566370614359174,
            "transform_matrix": [
                [
                    -0.9390695095062256,
                    -0.0026264102198183537,
                    0.34371721744537354,
                    1.385568380355835
                ],
                [
                    0.3437272310256958,
                    -0.007175403647124767,
                    0.9390421509742737,
                    3.7853996753692627
                ],
                [
                    0.0,
                    0.9999709129333496,
                    0.007640971336513758,
                    0.030801739543676376
                ],
                [
                    0.0,
                    0.0,
                    0.0,
                    1.0
                ]
            ]
        },
        {
            "file_path": "/data/shapenet_blender/all_50_random/02958343/e738466fb6cc90530714334794526d4/r_13",
            "rotation": 0.12566370614359174,
            "transform_matrix": [
                [
                    0.42913541197776794,
                    0.8439621925354004,
                    -0.3218240737915039,
                    -1.2973144054412842
                ],
                [
                    -0.9032402038574219,
                    0.40097203850746155,
                    -0.15290075540542603,
                    -0.6163626909255981
                ],
                [
                    0.0,
                    0.356299489736557,
                    0.9343716502189636,
                    3.766572952270508
                ],
                [
                    0.0,
                    0.0,
                    0.0,
                    1.0
                ]
            ]
        },
        {
            "file_path": "/data/shapenet_blender/all_50_random/02958343/e738466fb6cc90530714334794526d4/r_14",
            "rotation": 0.12566370614359174,
            "transform_matrix": [
                [
                    0.9507725834846497,
                    -0.3030092418193817,
                    0.06493748724460602,
                    0.26177138090133667
                ],
                [
                    0.30988940596580505,
                    0.9296634197235107,
                    -0.19923484325408936,
                    -0.8031413555145264
                ],
                [
                    -7.450580152834618e-09,
                    0.2095501720905304,
                    0.9777978658676147,
                    3.94162917137146
                ],
                [
                    0.0,
                    0.0,
                    0.0,
                    1.0
                ]
            ]
        },
        {
            "file_path": "/data/shapenet_blender/all_50_random/02958343/e738466fb6cc90530714334794526d4/r_15",
            "rotation": 0.12566370614359174,
            "transform_matrix": [
                [
                    0.31070980429649353,
                    0.20502012968063354,
                    -0.9281305074691772,
                    -3.7414133548736572
                ],
                [
                    -0.9505048394203186,
                    0.06701886653900146,
                    -0.3033958673477173,
                    -1.2230277061462402
                ],
                [
                    -3.725290298461914e-09,
                    0.9764604568481445,
                    0.2156960815191269,
                    0.869498610496521
                ],
                [
                    0.0,
                    0.0,
                    0.0,
                    1.0
                ]
            ]
        },
        {
            "file_path": "/data/shapenet_blender/all_50_random/02958343/e738466fb6cc90530714334794526d4/r_16",
            "rotation": 0.12566370614359174,
            "transform_matrix": [
                [
                    0.6445958018302917,
                    0.138286292552948,
                    -0.7519130110740662,
                    -3.0310583114624023
                ],
                [
                    -0.7645235657691956,
                    0.1165938675403595,
                    -0.633963406085968,
                    -2.5555882453918457
                ],
                [
                    -7.450580596923828e-09,
                    0.9835053086280823,
                    0.18087904155254364,
                    0.7291467189788818
                ],
                [
                    0.0,
                    0.0,
                    0.0,
                    1.0
                ]
            ]
        },
        {
            "file_path": "/data/shapenet_blender/all_50_random/02958343/e738466fb6cc90530714334794526d4/r_17",
            "rotation": 0.12566370614359174,
            "transform_matrix": [
                [
                    0.13582558929920197,
                    0.6699489951133728,
                    0.7298763990402222,
                    2.942225933074951
                ],
                [
                    0.9907327890396118,
                    -0.09184739738702774,
                    -0.10006320476531982,
                    -0.40336766839027405
                ],
                [
                    7.450581485102248e-09,
                    0.7367035746574402,
                    -0.6762157082557678,
                    -2.7259128093719482
                ],
                [
                    0.0,
                    0.0,
                    0.0,
                    1.0
                ]
            ]
        },
        {
            "file_path": "/data/shapenet_blender/all_50_random/02958343/e738466fb6cc90530714334794526d4/r_18",
            "rotation": 0.12566370614359174,
            "transform_matrix": [
                [
                    0.9997848272323608,
                    0.0006894611287862062,
                    -0.020732508972287178,
                    -0.08357542753219604
                ],
                [
                    -0.020743973553180695,
                    0.03322954475879669,
                    -0.9992323517799377,
                    -4.028034687042236
                ],
                [
                    0.0,
                    0.9994474649429321,
                    0.03323669359087944,
                    0.13398140668869019
                ],
                [
                    0.0,
                    0.0,
                    0.0,
                    1.0
                ]
            ]
        },
        {
            "file_path": "/data/shapenet_blender/all_50_random/02958343/e738466fb6cc90530714334794526d4/r_19",
            "rotation": 0.12566370614359174,
            "transform_matrix": [
                [
                    0.9817520380020142,
                    -0.035245779901742935,
                    0.18687081336975098,
                    0.7533004283905029
                ],
                [
                    0.19016563892364502,
                    0.18196040391921997,
                    -0.9647420644760132,
                    -3.8889999389648438
                ],
                [
                    0.0,
                    0.9826740026473999,
                    0.18534250557422638,
                    0.747139573097229
                ],
                [
                    0.0,
                    0.0,
                    0.0,
                    1.0
                ]
            ]
        },
        {
            "file_path": "/data/shapenet_blender/all_50_random/02958343/e738466fb6cc90530714334794526d4/r_20",
            "rotation": 0.12566370614359174,
            "transform_matrix": [
                [
                    0.9618124961853027,
                    0.2278442680835724,
                    -0.1516697108745575,
                    -0.6114002466201782
                ],
                [
                    -0.27370917797088623,
                    0.8006435036659241,
                    -0.5329664945602417,
                    -2.1484568119049072
                ],
                [
                    0.0,
                    0.5541273355484009,
                    0.8324318528175354,
                    3.355640411376953
                ],
                [
                    0.0,
                    0.0,
                    0.0,
                    1.0
                ]
            ]
        },
        {
            "file_path": "/data/shapenet_blender/all_50_random/02958343/e738466fb6cc90530714334794526d4/r_21",
            "rotation": 0.12566370614359174,
            "transform_matrix": [
                [
                    0.9218829870223999,
                    0.14641131460666656,
                    -0.35874131321907043,
                    -1.4461326599121094
                ],
                [
                    -0.38746821880340576,
                    0.34834882616996765,
                    -0.8535345792770386,
                    -3.4407081604003906
                ],
                [
                    0.0,
                    0.9258600473403931,
                    0.37786659598350525,
                    1.5232291221618652
                ],
                [
                    0.0,
                    0.0,
                    0.0,
                    1.0
                ]
            ]
        },
        {
            "file_path": "/data/shapenet_blender/all_50_random/02958343/e738466fb6cc90530714334794526d4/r_22",
            "rotation": 0.12566370614359174,
            "transform_matrix": [
                [
                    -0.9383237361907959,
                    -0.2506459653377533,
                    -0.23817050457000732,
                    -0.960096001625061
                ],
                [
                    -0.34575799107551575,
                    0.6802071332931519,
                    0.6463510394096375,
                    2.6055243015289307
                ],
                [
                    0.0,
                    0.6888357996940613,
                    -0.7249174118041992,
                    -2.9222354888916016
                ],
                [
                    0.0,
                    0.0,
                    0.0,
                    1.0
                ]
            ]
        },
        {
            "file_path": "/data/shapenet_blender/all_50_random/02958343/e738466fb6cc90530714334794526d4/r_23",
            "rotation": 0.12566370614359174,
            "transform_matrix": [
                [
                    -0.9052261710166931,
                    0.09379804134368896,
                    -0.4144485294818878,
                    -1.6706955432891846
                ],
                [
                    -0.424930214881897,
                    -0.19981735944747925,
                    0.8828970789909363,
                    3.559072256088257
                ],
                [
                    7.450580596923828e-09,
                    0.9753332734107971,
                    0.2207375019788742,
                    0.8898214101791382
                ],
                [
                    0.0,
                    0.0,
                    0.0,
                    1.0
                ]
            ]
        },
        {
            "file_path": "/data/shapenet_blender/all_50_random/02958343/e738466fb6cc90530714334794526d4/r_24",
            "rotation": 0.12566370614359174,
            "transform_matrix": [
                [
                    -0.6084710955619812,
                    -0.22143591940402985,
                    -0.7620558142662048,
                    -3.0719451904296875
                ],
                [
                    -0.7935760617256165,
                    0.1697850525379181,
                    0.5843030214309692,
                    2.355400800704956
                ],
                [
                    0.0,
                    0.96028071641922,
                    -0.2790355384349823,
                    -1.1248282194137573
                ],
                [
                    0.0,
                    0.0,
                    0.0,
                    1.0
                ]
            ]
        },
        {
            "file_path": "/data/shapenet_blender/all_50_random/02958343/e738466fb6cc90530714334794526d4/r_25",
            "rotation": 0.12566370614359174,
            "transform_matrix": [
                [
                    0.2618449032306671,
                    0.044115547090768814,
                    -0.9641011953353882,
                    -3.88641619682312
                ],
                [
                    -0.9651099443435669,
                    0.011969031766057014,
                    -0.2615712285041809,
                    -1.0544273853302002
                ],
                [
                    0.0,
                    0.998954713344574,
                    0.04571038484573364,
                    0.18426445126533508
                ],
                [
                    0.0,
                    0.0,
                    0.0,
                    1.0
                ]
            ]
        },
        {
            "file_path": "/data/shapenet_blender/all_50_random/02958343/e738466fb6cc90530714334794526d4/r_26",
            "rotation": 0.12566370614359174,
            "transform_matrix": [
                [
                    0.9908132553100586,
                    0.083745077252388,
                    0.10618798434734344,
                    0.428057461977005
                ],
                [
                    0.13523729145526886,
                    -0.6135565638542175,
                    -0.777984082698822,
                    -3.1361541748046875
                ],
                [
                    -7.450580596923828e-09,
                    0.7851974964141846,
                    -0.6192454099655151,
                    -2.496258020401001
                ],
                [
                    0.0,
                    0.0,
                    0.0,
                    1.0
                ]
            ]
        },
        {
            "file_path": "/data/shapenet_blender/all_50_random/02958343/e738466fb6cc90530714334794526d4/r_27",
            "rotation": 0.12566370614359174,
            "transform_matrix": [
                [
                    -0.41426271200180054,
                    0.02222406305372715,
                    0.9098859429359436,
                    3.667867660522461
                ],
                [
                    0.9101573824882507,
                    0.010115393437445164,
                    0.41413915157318115,
                    1.6694483757019043
                ],
                [
                    9.313225746154785e-10,
                    0.9997018575668335,
                    -0.024417821317911148,
                    -0.09843138605356216
                ],
                [
                    0.0,
                    0.0,
                    0.0,
                    1.0
                ]
            ]
        },
        {
            "file_path": "/data/shapenet_blender/all_50_random/02958343/e738466fb6cc90530714334794526d4/r_28",
            "rotation": 0.12566370614359174,
            "transform_matrix": [
                [
                    0.687096118927002,
                    -0.44590795040130615,
                    0.5736418962478638,
                    2.312424659729004
                ],
                [
                    0.7265666127204895,
                    0.4216841459274292,
                    -0.5424789786338806,
                    -2.186802864074707
                ],
                [
                    0.0,
                    0.789524257183075,
                    0.6137192249298096,
                    2.4739816188812256
                ],
                [
                    0.0,
                    0.0,
                    0.0,
                    1.0
                ]
            ]
        },
        {
            "file_path": "/data/shapenet_blender/all_50_random/02958343/e738466fb6cc90530714334794526d4/r_29",
            "rotation": 0.12566370614359174,
            "transform_matrix": [
                [
                    -0.58375084400177,
                    0.055015865713357925,
                    -0.8100667595863342,
                    -3.2654836177825928
                ],
                [
                    -0.8119329214096069,
                    -0.03955445438623428,
                    0.5824092030525208,
                    2.347766637802124
                ],
                [
                    -3.725290742551124e-09,
                    0.9977015852928162,
                    0.06775914132595062,
                    0.2731458246707916
                ],
                [
                    0.0,
                    0.0,
                    0.0,
                    1.0
                ]
            ]
        },
        {
            "file_path": "/data/shapenet_blender/all_50_random/02958343/e738466fb6cc90530714334794526d4/r_30",
            "rotation": 0.12566370614359174,
            "transform_matrix": [
                [
                    0.482133150100708,
                    -0.5982563495635986,
                    0.6400288343429565,
                    2.5800387859344482
                ],
                [
                    0.8760980367660522,
                    0.3292316794395447,
                    -0.3522198796272278,
                    -1.4198437929153442
                ],
                [
                    1.4901162970204496e-08,
                    0.7305448651313782,
                    0.6828646659851074,
                    2.752715587615967
                ],
                [
                    0.0,
                    0.0,
                    0.0,
                    1.0
                ]
            ]
        },
        {
            "file_path": "/data/shapenet_blender/all_50_random/02958343/e738466fb6cc90530714334794526d4/r_31",
            "rotation": 0.12566370614359174,
            "transform_matrix": [
                [
                    0.8259105682373047,
                    0.3786832392215729,
                    0.4176968038082123,
                    1.683789849281311
                ],
                [
                    0.5638009905815125,
                    -0.554732084274292,
                    -0.6118828654289246,
                    -2.466578960418701
                ],
                [
                    2.9802320611338473e-08,
                    0.7408585548400879,
                    -0.6716610193252563,
                    -2.707552433013916
                ],
                [
                    0.0,
                    0.0,
                    0.0,
                    1.0
                ]
            ]
        },
        {
            "file_path": "/data/shapenet_blender/all_50_random/02958343/e738466fb6cc90530714334794526d4/r_32",
            "rotation": 0.12566370614359174,
            "transform_matrix": [
                [
                    -0.9727707505226135,
                    0.07366359978914261,
                    0.2197517305612564,
                    0.8858475685119629
                ],
                [
                    0.2317695915699005,
                    0.30917683243751526,
                    0.9223299622535706,
                    3.7180309295654297
                ],
                [
                    0.0,
                    0.9481472373008728,
                    -0.3178311884403229,
                    -1.2812185287475586
                ],
                [
                    0.0,
                    0.0,
                    0.0,
                    1.0
                ]
            ]
        },
        {
            "file_path": "/data/shapenet_blender/all_50_random/02958343/e738466fb6cc90530714334794526d4/r_33",
            "rotation": 0.12566370614359174,
            "transform_matrix": [
                [
                    -0.8807686567306519,
                    -0.19563211500644684,
                    -0.43124786019325256,
                    -1.7384158372879028
                ],
                [
                    -0.47354698181152344,
                    0.36386388540267944,
                    0.8020948767662048,
                    3.2333481311798096
                ],
                [
                    0.0,
                    0.9106761813163757,
                    -0.413120836019516,
                    -1.6653435230255127
                ],
                [
                    0.0,
                    0.0,
                    0.0,
                    1.0
                ]
            ]
        },
        {
            "file_path": "/data/shapenet_blender/all_50_random/02958343/e738466fb6cc90530714334794526d4/r_34",
            "rotation": 0.12566370614359174,
            "transform_matrix": [
                [
                    -0.7607572674751282,
                    -0.03970588743686676,
                    0.6478208303451538,
                    2.6114492416381836
                ],
                [
                    0.6490366458892822,
                    -0.04654058441519737,
                    0.7593322396278381,
                    3.0609662532806396
                ],
                [
                    0.0,
                    0.9981268048286438,
                    0.061176665127277374,
                    0.24661102890968323
                ],
                [
                    0.0,
                    0.0,
                    0.0,
                    1.0
                ]
            ]
        },
        {
            "file_path": "/data/shapenet_blender/all_50_random/02958343/e738466fb6cc90530714334794526d4/r_35",
            "rotation": 0.12566370614359174,
            "transform_matrix": [
                [
                    -0.6514469981193542,
                    0.71540766954422,
                    0.25260353088378906,
                    1.0182774066925049
                ],
                [
                    0.7586942315101624,
                    0.6142793893814087,
                    0.21689611673355103,
                    0.8743362426757812
                ],
                [
                    0.0,
                    0.3329451382160187,
                    -0.942946195602417,
                    -3.801137685775757
                ],
                [
                    0.0,
                    0.0,
                    0.0,
                    1.0
                ]
            ]
        },
        {
            "file_path": "/data/shapenet_blender/all_50_random/02958343/e738466fb6cc90530714334794526d4/r_36",
            "rotation": 0.12566370614359174,
            "transform_matrix": [
                [
                    -0.8856061697006226,
                    0.0007069121929816902,
                    0.4644366502761841,
                    1.872204065322876
                ],
                [
                    0.46443724632263184,
                    0.001347966492176056,
                    0.8856050372123718,
                    3.5699880123138428
                ],
                [
                    -5.820766785236131e-11,
                    0.9999988079071045,
                    -0.00152208365034312,
                    -0.006135715637356043
                ],
                [
                    0.0,
                    0.0,
                    0.0,
                    1.0
                ]
            ]
        },
        {
            "file_path": "/data/shapenet_blender/all_50_random/02958343/e738466fb6cc90530714334794526d4/r_37",
            "rotation": 0.12566370614359174,
            "transform_matrix": [
                [
                    0.3006524443626404,
                    0.017597660422325134,
                    0.9535713791847229,
                    3.8439693450927734
                ],
                [
                    0.9537337422370911,
                    -0.005547439679503441,
                    -0.3006012737751007,
                    -1.2117626667022705
                ],
                [
                    4.6566125955216364e-10,
                    0.9998297095298767,
                    -0.018451333045959473,
                    -0.07437971234321594
                ],
                [
                    0.0,
                    0.0,
                    0.0,
                    1.0
                ]
            ]
        },
        {
            "file_path": "/data/shapenet_blender/all_50_random/02958343/e738466fb6cc90530714334794526d4/r_38",
            "rotation": 0.12566370614359174,
            "transform_matrix": [
                [
                    0.9998202919960022,
                    0.009872881695628166,
                    0.016184652224183083,
                    0.06524241715669632
                ],
                [
                    0.01895829290151596,
                    -0.5206749439239502,
                    -0.8535444140434265,
                    -3.4407474994659424
                ],
                [
                    0.0,
                    0.8536977767944336,
                    -0.5207685828208923,
                    -2.099285364151001
                ],
                [
                    0.0,
                    0.0,
                    0.0,
                    1.0
                ]
            ]
        },
        {
            "file_path": "/data/shapenet_blender/all_50_random/02958343/e738466fb6cc90530714334794526d4/r_39",
            "rotation": 0.12566370614359174,
            "transform_matrix": [
                [
                    -0.10508300364017487,
                    -0.7852519154548645,
                    0.6101941466331482,
                    2.4597716331481934
                ],
                [
                    0.9944635629653931,
                    -0.08297601342201233,
                    0.06447800248861313,
                    0.2599191665649414
                ],
                [
                    0.0,
                    0.6135913729667664,
                    0.7896236181259155,
                    3.183074951171875
                ],
                [
                    0.0,
                    0.0,
                    0.0,
                    1.0
                ]
            ]
        },
        {
            "file_path": "/data/shapenet_blender/all_50_random/02958343/e738466fb6cc90530714334794526d4/r_40",
            "rotation": 0.12566370614359174,
            "transform_matrix": [
                [
                    0.9301735758781433,
                    -0.0672512948513031,
                    -0.36090752482414246,
                    -1.454864740371704
                ],
                [
                    -0.36711981892585754,
                    -0.17039500176906586,
                    -0.914433479309082,
                    -3.6861989498138428
                ],
                [
                    -3.725290076417309e-09,
                    0.983078122138977,
                    -0.18318623304367065,
                    -0.7384473085403442
                ],
                [
                    0.0,
                    0.0,
                    0.0,
                    1.0
                ]
            ]
        },
        {
            "file_path": "/data/shapenet_blender/all_50_random/02958343/e738466fb6cc90530714334794526d4/r_41",
            "rotation": 0.12566370614359174,
            "transform_matrix": [
                [
                    -0.9407448172569275,
                    -0.23051436245441437,
                    0.248721182346344,
                    1.0026271343231201
                ],
                [
                    0.339115172624588,
                    -0.6394736170768738,
                    0.6899814605712891,
                    2.7814042568206787
                ],
                [
                    -1.4901159417490817e-08,
