{
    "class": "02958343",
    "model": "63428e5fb6fb627aea5698f3cf7b2f4b",
    "remove_doubles": true,
    "edge_split": true,
    "denoise": true,
    "camera_angle_x": 0.6911112070083618,
    "scale_factor": 2.3088476429263154,
    "hdri_file": "/data/IndoorHDRDataset2018/AG8A5013-ad4e1b1b14.exr",
    "center_offset": [
        0.0,
        -1.862645149230957e-09,
        0.0
    ],
    "lights": [],
    "frames": [
        {
            "file_path": "/data/shapenet_blender/all_50_random/02958343/63428e5fb6fb627aea5698f3cf7b2f4b/r_0",
            "rotation": 0.12566370614359174,
            "transform_matrix": [
                [
                    0.6041387319564819,
                    -0.7801361083984375,
                    -0.1624932736158371,
                    -0.6550313234329224
                ],
                [
                    -0.796879231929779,
                    -0.5914452075958252,
                    -0.12319114804267883,
                    -0.496599406003952
                ],
                [
                    -7.450580596923828e-09,
                    0.20391212403774261,
                    -0.9789891839027405,
                    -3.9464316368103027
                ],
                [
                    0.0,
                    0.0,
                    0.0,
                    1.0
                ]
            ]
        },
        {
            "file_path": "/data/shapenet_blender/all_50_random/02958343/63428e5fb6fb627aea5698f3cf7b2f4b/r_1",
            "rotation": 0.12566370614359174,
            "transform_matrix": [
                [
                    -0.764363706111908,
                    0.29756227135658264,
                    0.5720180869102478,
                    2.3058786392211914
                ],
                [
                    0.6447852253913879,
                    0.3527466356754303,
                    0.6781015992164612,
                    2.7335150241851807
                ],
                [
                    0.0,
                    0.8871451020240784,
                    -0.46149057149887085,
                    -1.860327959060669
                ],
                [
                    0.0,
                    0.0,
                    0.0,
                    1.0
                ]
            ]
        },
        {
            "file_path": "/data/shapenet_blender/all_50_random/02958343/63428e5fb6fb627aea5698f3cf7b2f4b/r_2",
            "rotation": 0.12566370614359174,
            "transform_matrix": [
                [
                    -0.7104437947273254,
                    -0.12371024489402771,
                    0.6927953958511353,
                    2.7927474975585938
                ],
                [
                    0.7037540078163147,
                    -0.12488622963428497,
                    0.6993810534477234,
                    2.8192951679229736
                ],
                [
                    7.4505797087454084e-09,
                    0.984428346157074,
                    0.17578622698783875,
                    0.7086169719696045
                ],
                [
                    0.0,
                    0.0,
                    0.0,
                    1.0
                ]
            ]
        },
        {
            "file_path": "/data/shapenet_blender/all_50_random/02958343/63428e5fb6fb627aea5698f3cf7b2f4b/r_3",
            "rotation": 0.12566370614359174,
            "transform_matrix": [
                [
                    -0.11592520028352737,
                    -0.38295978307724,
                    -0.9164623618125916,
                    -3.6943774223327637
                ],
                [
                    -0.9932578802108765,
                    0.04469603672623634,
                    0.10696224123239517,
                    0.4311785399913788
                ],
                [
                    -3.7252896323280993e-09,
                    0.92268306016922,
                    -0.3855592906475067,
                    -1.55423903465271
                ],
                [
                    0.0,
                    0.0,
                    0.0,
                    1.0
                ]
            ]
        },
        {
            "file_path": "/data/shapenet_blender/all_50_random/02958343/63428e5fb6fb627aea5698f3cf7b2f4b/r_4",
            "rotation": 0.12566370614359174,
            "transform_matrix": [
                [
                    0.8716338276863098,
                    0.14067842066287994,
                    0.4695359766483307,
                    1.8927600383758545
                ],
                [
                    0.4901575744152069,
                    -0.25016459822654724,
                    -0.8349630236625671,
                    -3.3658435344696045
                ],
                [
                    0.0,
                    0.9579285979270935,
                    -0.28700652718544006,
                    -1.156960368156433
                ],
                [
                    0.0,
                    0.0,
                    0.0,
                    1.0
                ]
            ]
        },
        {
            "file_path": "/data/shapenet_blender/all_50_random/02958343/63428e5fb6fb627aea5698f3cf7b2f4b/r_5",
            "rotation": 0.12566370614359174,
            "transform_matrix": [
                [
                    0.9912770986557007,
                    -0.10226792842149734,
                    -0.08313295990228653,
                    -0.33511969447135925
                ],
                [
                    -0.13179461658000946,
                    -0.7691957354545593,
                    -0.6252744197845459,
                    -2.520561695098877
                ],
                [
                    0.0,
                    0.6307766437530518,
                    -0.7759644389152527,
                    -3.1280126571655273
                ],
                [
                    0.0,
                    0.0,
                    0.0,
                    1.0
                ]
            ]
        },
        {
            "file_path": "/data/shapenet_blender/all_50_random/02958343/63428e5fb6fb627aea5698f3cf7b2f4b/r_6",
            "rotation": 0.12566370614359174,
            "transform_matrix": [
                [
                    -0.4432527422904968,
                    0.039258699864149094,
                    -0.8955365419387817,
                    -3.610023260116577
                ],
                [
                    -0.8963966369628906,
                    -0.019412752240896225,
                    0.442827433347702,
                    1.7850944995880127
                ],
                [
                    0.0,
                    0.9990403652191162,
                    0.043796129524707794,
                    0.1765478402376175
                ],
                [
                    0.0,
                    0.0,
                    0.0,
                    1.0
                ]
            ]
        },
        {
            "file_path": "/data/shapenet_blender/all_50_random/02958343/63428e5fb6fb627aea5698f3cf7b2f4b/r_7",
            "rotation": 0.12566370614359174,
            "transform_matrix": [
                [
                    -0.9794459939002991,
                    0.15073193609714508,
                    0.13403460383415222,
                    0.540310800075531
                ],
                [
                    0.2017061859369278,
                    0.7319249510765076,
                    0.6508459448814392,
                    2.6236438751220703
                ],
                [
                    0.0,
                    0.6645041704177856,
                    -0.7472845911979675,
                    -3.0124006271362305
                ],
                [
                    0.0,
                    0.0,
                    0.0,
                    1.0
                ]
            ]
        },
        {
            "file_path": "/data/shapenet_blender/all_50_random/02958343/63428e5fb6fb627aea5698f3cf7b2f4b/r_8",
            "rotation": 0.12566370614359174,
            "transform_matrix": [
                [
                    0.9921591281890869,
                    0.013195195235311985,
                    -0.12428297847509384,
                    -0.501000702381134
                ],
                [
                    -0.12498149275779724,
                    0.10474936664104462,
                    -0.9866139888763428,
                    -3.977168321609497
                ],
                [
                    -9.313225746154785e-10,
                    0.9944111704826355,
                    0.10557717829942703,
                    0.425595223903656
                ],
                [
                    0.0,
                    0.0,
                    0.0,
                    1.0
                ]
            ]
        },
        {
            "file_path": "/data/shapenet_blender/all_50_random/02958343/63428e5fb6fb627aea5698f3cf7b2f4b/r_9",
            "rotation": 0.12566370614359174,
            "transform_matrix": [
                [
                    0.7524088621139526,
                    0.02767862007021904,
                    0.658114492893219,
                    2.652944326400757
                ],
                [
                    0.6586962342262268,
                    -0.0316164530813694,
                    -0.7517443895339966,
                    -3.0303783416748047
                ],
                [
                    -1.8626448161640496e-09,
                    0.9991167783737183,
                    -0.04202030971646309,
                    -0.1693892776966095
                ],
                [
                    0.0,
                    0.0,
                    0.0,
                    1.0
                ]
            ]
        },
        {
            "file_path": "/data/shapenet_blender/all_50_random/02958343/63428e5fb6fb627aea5698f3cf7b2f4b/r_10",
            "rotation": 0.12566370614359174,
            "transform_matrix": [
                [
                    0.6382170915603638,
                    0.20673473179340363,
                    0.7415791153907776,
                    2.989401340484619
                ],
                [
                    0.7698565125465393,
                    -0.17138473689556122,
                    -0.6147749423980713,
                    -2.4782373905181885
                ],
                [
                    0.0,
                    0.9632692337036133,
                    -0.2685367465019226,
                    -1.0825064182281494
                ],
                [
                    0.0,
                    0.0,
                    0.0,
                    1.0
                ]
            ]
        },
        {
            "file_path": "/data/shapenet_blender/all_50_random/02958343/63428e5fb6fb627aea5698f3cf7b2f4b/r_11",
            "rotation": 0.12566370614359174,
            "transform_matrix": [
                [
                    0.06055019795894623,
                    0.5939840078353882,
                    0.8021947741508484,
                    3.233750820159912
                ],
                [
                    0.9981651306152344,
                    -0.03603196144104004,
                    -0.04866234213113785,
                    -0.19616419076919556
                ],
                [
                    -1.862645149230957e-09,
                    0.8036693930625916,
                    -0.5950758457183838,
                    -2.3988277912139893
                ],
                [
                    0.0,
                    0.0,
                    0.0,
                    1.0
                ]
            ]
        },
        {
            "file_path": "/data/shapenet_blender/all_50_random/02958343/63428e5fb6fb627aea5698f3cf7b2f4b/r_12",
            "rotation": 0.12566370614359174,
            "transform_matrix": [
                [
                    -0.9942998886108398,
                    -0.026836276054382324,
                    -0.1031874567270279,
                    -0.415961891412735
                ],
                [
                    -0.10662005841732025,
                    0.25026535987854004,
                    0.9622886776924133,
                    3.8791093826293945
                ],
                [
                    0.0,
                    0.9678051471710205,
                    -0.25170013308525085,
                    -1.0146355628967285
                ],
                [
                    0.0,
                    0.0,
                    0.0,
                    1.0
                ]
            ]
        },
        {
            "file_path": "/data/shapenet_blender/all_50_random/02958343/63428e5fb6fb627aea5698f3cf7b2f4b/r_13",
            "rotation": 0.12566370614359174,
            "transform_matrix": [
                [
                    -0.6724798083305359,
                    -0.4139363467693329,
                    0.6135368943214417,
                    2.4732463359832764
                ],
                [
                    0.7401154637336731,
                    -0.37610867619514465,
                    0.5574687123298645,
                    2.2472281455993652
                ],
                [
                    -1.4901162970204496e-08,
                    0.8289744853973389,
                    0.5592862367630005,
                    2.2545549869537354
                ],
                [
                    0.0,
                    0.0,
                    0.0,
                    1.0
                ]
            ]
        },
        {
            "file_path": "/data/shapenet_blender/all_50_random/02958343/63428e5fb6fb627aea5698f3cf7b2f4b/r_14",
            "rotation": 0.12566370614359174,
            "transform_matrix": [
                [
                    -0.8369280099868774,
                    -0.22936654090881348,
                    0.49693313241004944,
                    2.003201484680176
                ],
                [
                    0.5473130941390991,
                    -0.35073766112327576,
                    0.7598891854286194,
                    3.06321120262146
                ],
                [
                    0.0,
                    0.9079504013061523,
                    0.41907748579978943,
                    1.6893553733825684
                ],
                [
                    0.0,
                    0.0,
                    0.0,
                    1.0
                ]
            ]
        },
        {
            "file_path": "/data/shapenet_blender/all_50_random/02958343/63428e5fb6fb627aea5698f3cf7b2f4b/r_15",
            "rotation": 0.12566370614359174,
            "transform_matrix": [
                [
                    -0.45593759417533875,
                    -0.16923460364341736,
                    0.8737737536430359,
                    3.522294759750366
                ],
                [
                    0.890011727809906,
                    -0.08669596165418625,
                    0.44761916995048523,
                    1.8044105768203735
                ],
                [
                    0.0,
                    0.9817553162574768,
                    0.19014872610569,
                    0.766514003276825
                ],
                [
                    0.0,
                    0.0,
                    0.0,
                    1.0
                ]
            ]
        },
        {
            "file_path": "/data/shapenet_blender/all_50_random/02958343/63428e5fb6fb627aea5698f3cf7b2f4b/r_16",
            "rotation": 0.12566370614359174,
            "transform_matrix": [
                [
                    -0.9236446619033813,
                    0.07168188691139221,
                    0.37648680806159973,
                    1.5176668167114258
                ],
                [
                    0.38325005769729614,
                    0.17275559902191162,
                    0.9073449969291687,
                    3.6576247215270996
                ],
                [
                    0.0,
                    0.9823529124259949,
                    -0.18703687191009521,
                    -0.7539697289466858
                ],
                [
                    0.0,
                    0.0,
                    0.0,
                    1.0
                ]
            ]
        },
        {
            "file_path": "/data/shapenet_blender/all_50_random/02958343/63428e5fb6fb627aea5698f3cf7b2f4b/r_17",
            "rotation": 0.12566370614359174,
            "transform_matrix": [
                [
                    0.9988499283790588,
                    0.042679011821746826,
                    -0.02185039222240448,
                    -0.08808174729347229
                ],
                [
                    -0.047947242856025696,
                    0.8891006708145142,
                    -0.45519325137138367,
                    -1.8349426984786987
                ],
                [
                    -1.862645149230957e-09,
                    0.4557174742221832,
                    0.8901245594024658,
                    3.5882067680358887
                ],
                [
                    0.0,
                    0.0,
                    0.0,
                    1.0
                ]
            ]
        },
        {
            "file_path": "/data/shapenet_blender/all_50_random/02958343/63428e5fb6fb627aea5698f3cf7b2f4b/r_18",
            "rotation": 0.12566370614359174,
            "transform_matrix": [
                [
                    0.5889868140220642,
                    0.7723877429962158,
                    -0.23772187530994415,
                    -0.9582875967025757
                ],
                [
                    -0.8081427216529846,
                    0.5629280209541321,
                    -0.1732553392648697,
                    -0.69841468334198
                ],
                [
                    0.0,
                    0.29415836930274963,
                    0.9557566046714783,
                    3.852778434753418
                ],
                [
                    0.0,
                    0.0,
                    0.0,
                    1.0
                ]
            ]
        },
        {
            "file_path": "/data/shapenet_blender/all_50_random/02958343/63428e5fb6fb627aea5698f3cf7b2f4b/r_19",
            "rotation": 0.12566370614359174,
            "transform_matrix": [
                [
                    0.9720951914787292,
                    -0.08984257280826569,
                    0.21670041978359222,
                    0.8735473155975342
                ],
                [
                    0.23458632826805115,
                    0.37229591608047485,
                    -0.8979783058166504,
                    -3.619866371154785
                ],
                [
                    0.0,
                    0.9237555265426636,
                    0.38298290967941284,
                    1.543853521347046
                ],
                [
                    0.0,
                    0.0,
                    0.0,
                    1.0
                ]
            ]
        },
        {
            "file_path": "/data/shapenet_blender/all_50_random/02958343/63428e5fb6fb627aea5698f3cf7b2f4b/r_20",
            "rotation": 0.12566370614359174,
            "transform_matrix": [
                [
                    -0.5852163434028625,
                    0.016194753348827362,
                    -0.8107154369354248,
                    -3.2680985927581787
                ],
                [
                    -0.8108773231506348,
                    -0.011687877587974072,
                    0.5850995182991028,
                    2.358611822128296
                ],
                [
                    0.0,
                    0.999800443649292,
                    0.01997189410030842,
                    0.08050929009914398
                ],
                [
                    0.0,
                    0.0,
                    0.0,
                    1.0
                ]
            ]
        },
        {
            "file_path": "/data/shapenet_blender/all_50_random/02958343/63428e5fb6fb627aea5698f3cf7b2f4b/r_21",
            "rotation": 0.12566370614359174,
            "transform_matrix": [
                [
                    -0.3485780358314514,
                    0.09167154878377914,
                    0.9327859282493591,
                    3.7601804733276367
                ],
                [
                    0.9372797608375549,
                    0.03409301117062569,
                    0.34690678119659424,
                    1.3984260559082031
                ],
                [
                    0.0,
                    0.9952054619789124,
                    -0.09780596196651459,
                    -0.3942684829235077
                ],
                [
                    0.0,
                    0.0,
                    0.0,
                    1.0
                ]
            ]
        },
        {
            "file_path": "/data/shapenet_blender/all_50_random/02958343/63428e5fb6fb627aea5698f3cf7b2f4b/r_22",
            "rotation": 0.12566370614359174,
            "transform_matrix": [
                [
                    -0.20570214092731476,
                    0.14088700711727142,
                    0.9684200286865234,
                    3.9038262367248535
                ],
                [
                    0.9786146879196167,
                    0.02961406111717224,
                    0.20355923473834991,
                    0.8205735683441162
                ],
                [
                    1.862645149230957e-09,
                    0.9895826578140259,
                    -0.1439657360315323,
                    -0.5803444981575012
                ],
                [
                    0.0,
                    0.0,
                    0.0,
                    1.0
                ]
            ]
        },
        {
            "file_path": "/data/shapenet_blender/all_50_random/02958343/63428e5fb6fb627aea5698f3cf7b2f4b/r_23",
            "rotation": 0.12566370614359174,
            "transform_matrix": [
                [
                    -0.9999654293060303,
                    -0.0024842771235853434,
                    -0.00793483853340149,
                    -0.031986355781555176
                ],
                [
                    -0.008314643986523151,
                    0.29877302050590515,
                    0.9542879462242126,
                    3.846857786178589
                ],
                [
                    0.0,
                    0.9543209671974182,
                    -0.2987833321094513,
                    -1.2044341564178467
                ],
                [
                    0.0,
                    0.0,
                    0.0,
                    1.0
                ]
            ]
        },
        {
            "file_path": "/data/shapenet_blender/all_50_random/02958343/63428e5fb6fb627aea5698f3cf7b2f4b/r_24",
            "rotation": 0.12566370614359174,
            "transform_matrix": [
                [
                    0.9526323676109314,
                    -0.2974071204662323,
                    -0.06356512010097504,
                    -0.25623923540115356
                ],
                [
                    -0.3041241765022278,
                    -0.9315919876098633,
                    -0.19911009073257446,
                    -0.8026385307312012
                ],
                [
                    0.0,
                    0.209010511636734,
                    -0.9779133200645447,
                    -3.9420950412750244
                ],
                [
                    0.0,
                    0.0,
                    0.0,
                    1.0
                ]
            ]
        },
        {
            "file_path": "/data/shapenet_blender/all_50_random/02958343/63428e5fb6fb627aea5698f3cf7b2f4b/r_25",
            "rotation": 0.12566370614359174,
            "transform_matrix": [
                [
                    0.9831374287605286,
                    -0.034360405057668686,
                    -0.1796112209558487,
                    -0.7240359783172607
                ],
                [
                    -0.1828683316707611,
                    -0.18472853302955627,
                    -0.9656264781951904,
                    -3.8925647735595703
                ],
                [
                    0.0,
                    0.9821887016296387,
                    -0.1878969669342041,
                    -0.7574368715286255
                ],
                [
                    0.0,
                    0.0,
                    0.0,
                    1.0
                ]
            ]
        },
        {
            "file_path": "/data/shapenet_blender/all_50_random/02958343/63428e5fb6fb627aea5698f3cf7b2f4b/r_26",
            "rotation": 0.12566370614359174,
            "transform_matrix": [
                [
                    0.8260831832885742,
                    -0.18673036992549896,
                    0.5317127108573914,
                    2.1434028148651123
                ],
                [
                    0.5635483860969543,
                    0.2737206220626831,
                    -0.779416561126709,
                    -3.1419289112091064
                ],
                [
                    1.4901162970204496e-08,
                    0.9435088038444519,
                    0.3313474953174591,
                    1.3357045650482178
                ],
                [
                    0.0,
                    0.0,
                    0.0,
                    1.0
                ]
            ]
        },
        {
            "file_path": "/data/shapenet_blender/all_50_random/02958343/63428e5fb6fb627aea5698f3cf7b2f4b/r_27",
            "rotation": 0.12566370614359174,
            "transform_matrix": [
                [
                    -0.5659456253051758,
                    0.7483313679695129,
                    -0.34598514437675476,
                    -1.3947107791900635
                ],
                [
                    -0.8244426846504211,
                    -0.513698399066925,
                    0.23750442266464233,
                    0.9574109315872192
                ],
                [
                    -1.4901162970204496e-08,
                    0.41965946555137634,
                    0.9076815843582153,
                    3.6589815616607666
                ],
                [
                    0.0,
                    0.0,
                    0.0,
                    1.0
                ]
            ]
        },
        {
            "file_path": "/data/shapenet_blender/all_50_random/02958343/63428e5fb6fb627aea5698f3cf7b2f4b/r_28",
            "rotation": 0.12566370614359174,
            "transform_matrix": [
                [
                    0.9924193024635315,
                    0.036742448806762695,
                    -0.11727717518806458,
                    -0.4727594256401062
                ],
                [
                    -0.12289810180664062,
                    0.2967003881931305,
                    -0.9470295310020447,
                    -3.8175981044769287
                ],
                [
                    0.0,
                    0.95426344871521,
                    0.29896679520606995,
                    1.2051737308502197
                ],
                [
                    0.0,
                    0.0,
                    0.0,
                    1.0
                ]
            ]
        },
        {
            "file_path": "/data/shapenet_blender/all_50_random/02958343/63428e5fb6fb627aea5698f3cf7b2f4b/r_29",
            "rotation": 0.12566370614359174,
            "transform_matrix": [
                [
                    -0.08186369389295578,
                    -0.5672303438186646,
                    0.8194803595542908,
                    3.3034310340881348
                ],
                [
                    0.996643602848053,
                    -0.04659195616841316,
                    0.0673116147518158,
                    0.27134180068969727
                ],
                [
                    3.725290742551124e-09,
                    0.8222401738166809,
                    0.569140613079071,
                    2.294279098510742
                ],
                [
                    0.0,
                    0.0,
                    0.0,
                    1.0
                ]
            ]
        },
        {
            "file_path": "/data/shapenet_blender/all_50_random/02958343/63428e5fb6fb627aea5698f3cf7b2f4b/r_30",
            "rotation": 0.12566370614359174,
            "transform_matrix": [
                [
                    -0.7520566582679749,
                    0.5636182427406311,
                    0.34168022871017456,
                    1.3773571252822876
                ],
                [
                    0.6590985059738159,
                    0.6431099772453308,
                    0.38987022638320923,
                    1.5716172456741333
                ],
                [
                    1.4901161193847656e-08,
                    0.5184053778648376,
                    -0.855134904384613,
                    -3.4471592903137207
                ],
                [
                    0.0,
                    0.0,
                    0.0,
                    1.0
                ]
            ]
        },
        {
            "file_path": "/data/shapenet_blender/all_50_random/02958343/63428e5fb6fb627aea5698f3cf7b2f4b/r_31",
            "rotation": 0.12566370614359174,
            "transform_matrix": [
                [
                    0.9070445895195007,
                    -0.35936543345451355,
                    -0.21937783062458038,
                    -0.8843404054641724
                ],
                [
                    -0.42103463411331177,
                    -0.7741891741752625,
                    -0.4726107120513916,
                    -1.905154824256897
                ],
                [
                    1.4901161193847656e-08,
                    0.5210446119308472,
                    -0.8535293340682983,
                    -3.4406869411468506
                ],
                [
                    0.0,
                    0.0,
                    0.0,
                    1.0
                ]
            ]
        },
        {
            "file_path": "/data/shapenet_blender/all_50_random/02958343/63428e5fb6fb627aea5698f3cf7b2f4b/r_32",
            "rotation": 0.12566370614359174,
            "transform_matrix": [
                [
                    -0.7212941646575928,
                    -0.3881799578666687,
                    -0.5736297369003296,
                    -2.312375545501709
                ],
                [
                    -0.6926289200782776,
                    0.4042452573776245,
                    0.5973700881004333,
                    2.4080758094787598
                ],
                [
                    0.0,
                    0.8281921148300171,
                    -0.5604443550109863,
                    -2.259223461151123
                ],
                [
                    0.0,
                    0.0,
                    0.0,
                    1.0
                ]
            ]
        },
        {
            "file_path": "/data/shapenet_blender/all_50_random/02958343/63428e5fb6fb627aea5698f3cf7b2f4b/r_33",
            "rotation": 0.12566370614359174,
            "transform_matrix": [
                [
                    0.11057361960411072,
                    -0.3394998610019684,
                    -0.9340841770172119,
                    -3.765413999557495
                ],
                [
                    -0.9938679337501526,
                    -0.03777134418487549,
                    -0.10392232984304428,
                    -0.41892433166503906
                ],
                [
                    3.725290076417309e-09,
                    0.939847469329834,
                    -0.34159448742866516,
                    -1.3770115375518799
                ],
                [
                    0.0,
                    0.0,
                    0.0,
                    1.0
                ]
            ]
        },
        {
            "file_path": "/data/shapenet_blender/all_50_random/02958343/63428e5fb6fb627aea5698f3cf7b2f4b/r_34",
            "rotation": 0.12566370614359174,
            "transform_matrix": [
                [
                    0.8707186579704285,
                    -0.0031125338282436132,
                    0.4917715787887573,
                    1.982394814491272
                ],
                [
                    0.49178147315979004,
                    0.005510865245014429,
                    -0.8707011938095093,
                    -3.50990891456604
                ],
                [
                    0.0,
                    0.9999799132347107,
                    0.006329099647700787,
                    0.0255134180188179
                ],
                [
                    0.0,
                    0.0,
                    0.0,
                    1.0
                ]
            ]
        },
        {
            "file_path": "/data/shapenet_blender/all_50_random/02958343/63428e5fb6fb627aea5698f3cf7b2f4b/r_35",
            "rotation": 0.12566370614359174,
            "transform_matrix": [
                [
                    0.13833969831466675,
                    0.8436415195465088,
                    0.5187782645225525,
                    2.091262102127075
                ],
                [
                    0.9903849363327026,
                    -0.1178421750664711,
                    -0.07246437668800354,
                    -0.2921132445335388
                ],
                [
                    0.0,
                    0.5238147974014282,
                    -0.8518321514129639,
                    -3.433845281600952
                ],
                [
                    0.0,
                    0.0,
                    0.0,
                    1.0
                ]
            ]
        },
        {
            "file_path": "/data/shapenet_blender/all_50_random/02958343/63428e5fb6fb627aea5698f3cf7b2f4b/r_36",
            "rotation": 0.12566370614359174,
            "transform_matrix": [
                [
                    0.5017356872558594,
                    0.49782606959342957,
                    -0.7074111104011536,
                    -2.851665496826172
                ],
                [
                    -0.8650210499763489,
                    0.28875264525413513,
                    -0.41031765937805176,
                    -1.654043436050415
                ],
                [
                    0.0,
                    0.8177964091300964,
                    0.5755075216293335,
                    2.3199450969696045
                ],
                [
                    0.0,
                    0.0,
                    0.0,
                    1.0
                ]
            ]
        },
        {
            "file_path": "/data/shapenet_blender/all_50_random/02958343/63428e5fb6fb627aea5698f3cf7b2f4b/r_37",
            "rotation": 0.12566370614359174,
            "transform_matrix": [
                [
                    0.4664507508277893,
                    -0.05105279013514519,
                    -0.883072555065155,
                    -3.559779644012451
                ],
                [
                    -0.884547233581543,
                    -0.02692180871963501,
                    -0.4656730890274048,
                    -1.8771884441375732
                ],
                [
                    0.0,
                    0.9983329772949219,
                    -0.05771629512310028,
                    -0.23266184329986572
                ],
                [
                    0.0,
                    0.0,
                    0.0,
                    1.0
                ]
            ]
        },
        {
            "file_path": "/data/shapenet_blender/all_50_random/02958343/63428e5fb6fb627aea5698f3cf7b2f4b/r_38",
            "rotation": 0.12566370614359174,
            "transform_matrix": [
                [
                    -0.90163654088974,
                    -0.268319696187973,
                    0.3391990661621094,
                    1.367355227470398
                ],
                [
                    0.4324943721294403,
                    -0.5593756437301636,
                    0.7071403861045837,
                    2.850574016571045
                ],
                [
                    0.0,
                    0.784285306930542,
                    0.6204002499580383,
                    2.500913381576538
                ],
                [
                    0.0,
                    0.0,
                    0.0,
                    1.0
                ]
            ]
        },
        {
            "file_path": "/data/shapenet_blender/all_50_random/02958343/63428e5fb6fb627aea5698f3cf7b2f4b/r_39",
            "rotation": 0.12566370614359174,
            "transform_matrix": [
                [
                    0.4485939145088196,
                    -0.7668440341949463,
                    -0.45903557538986206,
                    -1.8504316806793213
                ],
                [
                    -0.8937356472015381,
                    -0.38490304350852966,
                    -0.2304043471813202,
                    -0.9287896752357483
                ],
                [
                    1.4901159417490817e-08,
                    0.5136144161224365,
                    -0.8580210208892822,
                    -3.4587936401367188
                ],
                [
                    0.0,
                    0.0,
                    0.0,
                    1.0
                ]
            ]
        },
        {
            "file_path": "/data/shapenet_blender/all_50_random/02958343/63428e5fb6fb627aea5698f3cf7b2f4b/r_40",
            "rotation": 0.12566370614359174,
            "transform_matrix": [
                [
                    0.6446983814239502,
                    0.20548565685749054,
                    0.7363013625144958,
                    2.968125820159912
                ],
                [
                    0.7644370794296265,
                    -0.17329910397529602,
                    -0.6209697127342224,
                    -2.503208875656128
                ],
                [
                    0.0,
                    0.9631941914558411,
                    -0.26880648732185364,
                    -1.0835936069488525
                ],
                [
                    0.0,
                    0.0,
                    0.0,
                    1.0
                ]
            ]
        },
        {
            "file_path": "/data/shapenet_blender/all_50_random/02958343/63428e5fb6fb627aea5698f3cf7b2f4b/r_41",
            "rotation": 0.12566370614359174,
            "transform_matrix": [
                [
                    0.4856646955013275,
                    -0.7543443441390991,
                    0.4416949152946472,
                    1.780529260635376
                ],
                [
                    0.8741452097892761,
                    0.41910475492477417,
                    -0.24540044367313385,
                    -0.9892408847808838
                ],
                [
                    0.0,
                    0.5052878856658936,
