{
    "class": "02958343",
    "model": "da73c98813b82014d94cee2a22cdfdd2",
    "remove_doubles": true,
    "edge_split": true,
    "denoise": true,
    "camera_angle_x": 0.6911112070083618,
    "scale_factor": 2.287337696310988,
    "hdri_file": "/data/IndoorHDRDataset2018/9C4A6299-57a9042b8a.exr",
    "center_offset": [
        0.0,
        0.0,
        -4.656612873077393e-10
    ],
    "lights": [],
    "frames": [
        {
            "file_path": "/data/shapenet_blender/all_50_random/02958343/da73c98813b82014d94cee2a22cdfdd2/r_0",
            "rotation": 0.12566370614359174,
            "transform_matrix": [
                [
                    -0.4522366225719452,
                    -0.45261088013648987,
                    0.7685217261314392,
                    3.0980095863342285
                ],
                [
                    0.891897976398468,
                    -0.22949622571468353,
                    0.3896787464618683,
                    1.5708450078964233
                ],
                [
                    0.0,
                    0.8616698980331421,
                    0.5074693560600281,
                    2.0456740856170654
                ],
                [
                    0.0,
                    0.0,
                    0.0,
                    1.0
                ]
            ]
        },
        {
            "file_path": "/data/shapenet_blender/all_50_random/02958343/da73c98813b82014d94cee2a22cdfdd2/r_1",
            "rotation": 0.12566370614359174,
            "transform_matrix": [
                [
                    0.9999797344207764,
                    4.9369814405508805e-06,
                    0.0063704620115458965,
                    0.02568015456199646
                ],
                [
                    0.006370464339852333,
                    -0.0007749641081318259,
                    -0.9999793767929077,
                    -4.031045913696289
                ],
                [
                    0.0,
                    0.9999997615814209,
                    -0.0007749797659926116,
                    -0.003124043345451355
                ],
                [
                    0.0,
                    0.0,
                    0.0,
                    1.0
                ]
            ]
        },
        {
            "file_path": "/data/shapenet_blender/all_50_random/02958343/da73c98813b82014d94cee2a22cdfdd2/r_2",
            "rotation": 0.12566370614359174,
            "transform_matrix": [
                [
                    0.6679245829582214,
                    0.5497463345527649,
                    0.5016529560089111,
                    2.0222277641296387
                ],
                [
                    0.7442290186882019,
                    -0.4933818578720093,
                    -0.45021939277648926,
                    -1.8148924112319946
                ],
                [
                    0.0,
                    0.6740571856498718,
                    -0.738679051399231,
                    -2.977710485458374
                ],
                [
                    0.0,
                    0.0,
                    0.0,
                    1.0
                ]
            ]
        },
        {
            "file_path": "/data/shapenet_blender/all_50_random/02958343/da73c98813b82014d94cee2a22cdfdd2/r_3",
            "rotation": 0.12566370614359174,
            "transform_matrix": [
                [
                    -0.4441837668418884,
                    0.636761486530304,
                    0.6302662491798401,
                    2.540684461593628
                ],
                [
                    0.8959357738494873,
                    0.3156912922859192,
                    0.3124711215496063,
                    1.2596113681793213
                ],
                [
                    0.0,
                    0.7034724354743958,
                    -0.7107223868370056,
                    -2.865013599395752
                ],
                [
                    0.0,
                    0.0,
                    0.0,
                    1.0
                ]
            ]
        },
        {
            "file_path": "/data/shapenet_blender/all_50_random/02958343/da73c98813b82014d94cee2a22cdfdd2/r_4",
            "rotation": 0.12566370614359174,
            "transform_matrix": [
                [
                    -0.9982666969299316,
                    -0.002873254707083106,
                    -0.0587819442152977,
                    -0.23695756494998932
                ],
                [
                    -0.058852117508649826,
                    0.04873698204755783,
                    0.9970763921737671,
                    4.01934289932251
                ],
                [
                    2.3283062977608182e-10,
                    0.998807430267334,
                    -0.04882161319255829,
                    -0.1968061923980713
                ],
                [
                    0.0,
                    0.0,
                    0.0,
                    1.0
                ]
            ]
        },
        {
            "file_path": "/data/shapenet_blender/all_50_random/02958343/da73c98813b82014d94cee2a22cdfdd2/r_5",
            "rotation": 0.12566370614359174,
            "transform_matrix": [
                [
                    -0.8886146545410156,
                    0.2187831550836563,
                    0.4031103253364563,
                    1.6249898672103882
                ],
                [
                    0.4586545526981354,
                    0.4238786995410919,
                    0.781001091003418,
                    3.1483163833618164
                ],
                [
                    0.0,
                    0.8788974285125732,
                    -0.47701069712638855,
                    -1.9228917360305786
                ],
                [
                    0.0,
                    0.0,
                    0.0,
                    1.0
                ]
            ]
        },
        {
            "file_path": "/data/shapenet_blender/all_50_random/02958343/da73c98813b82014d94cee2a22cdfdd2/r_6",
            "rotation": 0.12566370614359174,
            "transform_matrix": [
                [
                    -0.22249837219715118,
                    -0.102347731590271,
                    -0.9695459604263306,
                    -3.90836501121521
                ],
                [
                    -0.9749330282211304,
                    0.023357711732387543,
                    0.2212689369916916,
                    0.8919636607170105
                ],
                [
                    1.8626449271863521e-09,
                    0.994474470615387,
                    -0.10497923940420151,
                    -0.423184871673584
                ],
                [
                    0.0,
                    0.0,
                    0.0,
                    1.0
                ]
            ]
        },
        {
            "file_path": "/data/shapenet_blender/all_50_random/02958343/da73c98813b82014d94cee2a22cdfdd2/r_7",
            "rotation": 0.12566370614359174,
            "transform_matrix": [
                [
                    -0.26386603713035583,
                    0.14901365339756012,
                    0.952979326248169,
                    3.8415825366973877
                ],
                [
                    0.9645593166351318,
                    0.04076435789465904,
                    0.26069819927215576,
                    1.050908088684082
                ],
                [
                    0.0,
                    0.9879944324493408,
                    -0.15448884665966034,
                    -0.6227644681930542
                ],
                [
                    0.0,
                    0.0,
                    0.0,
                    1.0
                ]
            ]
        },
        {
            "file_path": "/data/shapenet_blender/all_50_random/02958343/da73c98813b82014d94cee2a22cdfdd2/r_8",
            "rotation": 0.12566370614359174,
            "transform_matrix": [
                [
                    0.9843669533729553,
                    0.02756621316075325,
                    0.17395925521850586,
                    0.7012521624565125
                ],
                [
                    0.17612983286380768,
                    -0.15406401455402374,
                    -0.9722358584403992,
                    -3.91920804977417
                ],
                [
                    0.0,
                    0.9876762628555298,
                    -0.15651075541973114,
                    -0.6309150457382202
                ],
                [
                    0.0,
                    0.0,
                    0.0,
                    1.0
                ]
            ]
        },
        {
            "file_path": "/data/shapenet_blender/all_50_random/02958343/da73c98813b82014d94cee2a22cdfdd2/r_9",
            "rotation": 0.12566370614359174,
            "transform_matrix": [
                [
                    0.8527327179908752,
                    -0.24947601556777954,
                    -0.4589211940765381,
                    -1.8499704599380493
                ],
                [
                    -0.5223475098609924,
                    -0.4072697162628174,
                    -0.7491891384124756,
                    -3.02007794380188
                ],
                [
                    1.4901161193847656e-08,
                    0.8785743117332458,
                    -0.4776054620742798,
                    -1.9252891540527344
                ],
                [
                    0.0,
                    0.0,
                    0.0,
                    1.0
                ]
            ]
        },
        {
            "file_path": "/data/shapenet_blender/all_50_random/02958343/da73c98813b82014d94cee2a22cdfdd2/r_10",
            "rotation": 0.12566370614359174,
            "transform_matrix": [
                [
                    0.8480695486068726,
                    0.08302483707666397,
                    -0.5233400464057922,
                    -2.1096513271331787
                ],
                [
                    -0.5298848152160645,
                    0.13287949562072754,
                    -0.837594747543335,
                    -3.376452684402466
                ],
                [
                    0.0,
                    0.9876486659049988,
                    0.15668465197086334,
                    0.6316161155700684
                ],
                [
                    0.0,
                    0.0,
                    0.0,
                    1.0
                ]
            ]
        },
        {
            "file_path": "/data/shapenet_blender/all_50_random/02958343/da73c98813b82014d94cee2a22cdfdd2/r_11",
            "rotation": 0.12566370614359174,
            "transform_matrix": [
                [
                    -0.8595069646835327,
                    0.4811100363731384,
                    0.1725713312625885,
                    0.6956572532653809
                ],
                [
                    0.5111240148544312,
                    0.8090353608131409,
                    0.2901962101459503,
                    1.1698182821273804
                ],
                [
                    0.0,
                    0.3376311957836151,
                    -0.9412785768508911,
                    -3.79441499710083
                ],
                [
                    0.0,
                    0.0,
                    0.0,
                    1.0
                ]
            ]
        },
        {
            "file_path": "/data/shapenet_blender/all_50_random/02958343/da73c98813b82014d94cee2a22cdfdd2/r_12",
            "rotation": 0.12566370614359174,
            "transform_matrix": [
                [
                    -0.9997130632400513,
                    -0.006656640209257603,
                    0.023015068843960762,
                    0.09277671575546265
                ],
                [
                    0.023958392441272736,
                    -0.27776196599006653,
                    0.9603509902954102,
                    3.8712990283966064
                ],
                [
                    0.0,
                    0.9606268405914307,
                    0.2778416574001312,
                    1.1200156211853027
                ],
                [
                    0.0,
                    0.0,
                    0.0,
                    1.0
                ]
            ]
        },
        {
            "file_path": "/data/shapenet_blender/all_50_random/02958343/da73c98813b82014d94cee2a22cdfdd2/r_13",
            "rotation": 0.12566370614359174,
            "transform_matrix": [
                [
                    0.7463780641555786,
                    0.10911335796117783,
                    0.6565164923667908,
                    2.64650297164917
                ],
                [
                    0.6655221581459045,
                    -0.12236981093883514,
                    -0.7362782955169678,
                    -2.9680330753326416
                ],
                [
                    0.0,
                    0.9864683151245117,
                    -0.16395148634910583,
                    -0.6609096527099609
                ],
                [
                    0.0,
                    0.0,
                    0.0,
                    1.0
                ]
            ]
        },
        {
            "file_path": "/data/shapenet_blender/all_50_random/02958343/da73c98813b82014d94cee2a22cdfdd2/r_14",
            "rotation": 0.12566370614359174,
            "transform_matrix": [
                [
                    0.5087112784385681,
                    0.14118532836437225,
                    -0.8492817878723145,
                    -3.4235644340515137
                ],
                [
                    -0.860937237739563,
                    0.08342370390892029,
                    -0.5018243193626404,
                    -2.022918462753296
                ],
                [
                    0.0,
                    0.9864619970321655,
                    0.16399027407169342,
                    0.661065936088562
                ],
                [
                    0.0,
                    0.0,
                    0.0,
                    1.0
                ]
            ]
        },
        {
            "file_path": "/data/shapenet_blender/all_50_random/02958343/da73c98813b82014d94cee2a22cdfdd2/r_15",
            "rotation": 0.12566370614359174,
            "transform_matrix": [
                [
                    -0.4878389835357666,
                    0.5742227435112,
                    -0.6574810743331909,
                    -2.650391101837158
                ],
                [
                    -0.8729337453842163,
                    -0.32090437412261963,
                    0.3674332797527313,
                    1.481170892715454
                ],
                [
                    0.0,
                    0.7531856298446655,
                    0.6578080058097839,
                    2.6517088413238525
                ],
                [
                    0.0,
                    0.0,
                    0.0,
                    1.0
                ]
            ]
        },
        {
            "file_path": "/data/shapenet_blender/all_50_random/02958343/da73c98813b82014d94cee2a22cdfdd2/r_16",
            "rotation": 0.12566370614359174,
            "transform_matrix": [
                [
                    0.96753990650177,
                    -0.04119358956813812,
                    -0.24933843314647675,
                    -1.0051153898239136
                ],
                [
                    -0.25271835923194885,
                    -0.15771089494228363,
                    -0.9545997381210327,
                    -3.8481147289276123
                ],
                [
                    3.725290742551124e-09,
                    0.9866256713867188,
                    -0.16300196945667267,
                    -0.6570819616317749
                ],
                [
                    0.0,
                    0.0,
                    0.0,
                    1.0
                ]
            ]
        },
        {
            "file_path": "/data/shapenet_blender/all_50_random/02958343/da73c98813b82014d94cee2a22cdfdd2/r_17",
            "rotation": 0.12566370614359174,
            "transform_matrix": [
                [
                    -0.870848536491394,
                    -0.03238573297858238,
                    0.4904833436012268,
                    1.9772013425827026
                ],
                [
                    0.49155130982398987,
                    -0.05737563967704773,
                    0.8689565062522888,
                    3.502875328063965
                ],
                [
                    0.0,
                    0.9978272318840027,
                    0.06588474661111832,
                    0.2655898630619049
                ],
                [
                    0.0,
                    0.0,
                    0.0,
                    1.0
                ]
            ]
        },
        {
            "file_path": "/data/shapenet_blender/all_50_random/02958343/da73c98813b82014d94cee2a22cdfdd2/r_18",
            "rotation": 0.12566370614359174,
            "transform_matrix": [
                [
                    0.5833296775817871,
                    -0.12901891767978668,
                    -0.8019230365753174,
                    -3.2326552867889404
                ],
                [
                    -0.8122355341911316,
                    -0.09265854209661484,
                    -0.5759234428405762,
                    -2.321621894836426
                ],
                [
                    0.0,
                    0.987303614616394,
                    -0.1588442027568817,
                    -0.6403214931488037
                ],
                [
                    0.0,
                    0.0,
                    0.0,
                    1.0
                ]
            ]
        },
        {
            "file_path": "/data/shapenet_blender/all_50_random/02958343/da73c98813b82014d94cee2a22cdfdd2/r_19",
            "rotation": 0.12566370614359174,
            "transform_matrix": [
                [
                    0.31834676861763,
                    -0.4134618937969208,
                    -0.853056013584137,
                    -3.4387786388397217
                ],
                [
                    -0.9479743838310242,
                    -0.13884790241718292,
                    -0.28647148609161377,
                    -1.1548035144805908
                ],
                [
                    0.0,
                    0.899872362613678,
                    -0.4361530840396881,
                    -1.7581892013549805
                ],
                [
                    0.0,
                    0.0,
                    0.0,
                    1.0
                ]
            ]
        },
        {
            "file_path": "/data/shapenet_blender/all_50_random/02958343/da73c98813b82014d94cee2a22cdfdd2/r_20",
            "rotation": 0.12566370614359174,
            "transform_matrix": [
                [
                    -0.18069207668304443,
                    0.7128263115882874,
                    0.6776643395423889,
                    2.731752634048462
                ],
                [
                    0.9835397005081177,
                    0.13095766305923462,
                    0.12449785321950912,
                    0.5018669366836548
                ],
                [
                    0.0,
                    0.6890056133270264,
                    -0.7247558832168579,
                    -2.9215846061706543
                ],
                [
                    0.0,
                    0.0,
                    0.0,
                    1.0
                ]
            ]
        },
        {
            "file_path": "/data/shapenet_blender/all_50_random/02958343/da73c98813b82014d94cee2a22cdfdd2/r_21",
            "rotation": 0.12566370614359174,
            "transform_matrix": [
                [
                    0.6070671081542969,
                    0.6041650772094727,
                    0.5161918997764587,
                    2.080836057662964
                ],
                [
                    0.794650673866272,
                    -0.46154719591140747,
                    -0.39434075355529785,
                    -1.5896384716033936
                ],
                [
                    0.0,
                    0.6495833992958069,
                    -0.7602902054786682,
                    -3.0648279190063477
                ],
                [
                    0.0,
                    0.0,
                    0.0,
                    1.0
                ]
            ]
        },
        {
            "file_path": "/data/shapenet_blender/all_50_random/02958343/da73c98813b82014d94cee2a22cdfdd2/r_22",
            "rotation": 0.12566370614359174,
            "transform_matrix": [
                [
                    -0.963530421257019,
                    -0.05801628157496452,
                    -0.2612340450286865,
                    -1.0530681610107422
                ],
                [
                    -0.26759880781173706,
                    0.2088964879512787,
                    0.9406130909919739,
                    3.7917327880859375
                ],
                [
                    0.0,
                    0.9762153625488281,
                    -0.2168031930923462,
                    -0.8739616274833679
                ],
                [
                    0.0,
                    0.0,
                    0.0,
                    1.0
                ]
            ]
        },
        {
            "file_path": "/data/shapenet_blender/all_50_random/02958343/da73c98813b82014d94cee2a22cdfdd2/r_23",
            "rotation": 0.12566370614359174,
            "transform_matrix": [
                [
                    0.6691305041313171,
                    -0.4176896810531616,
                    -0.614654004573822,
                    -2.477749824523926
                ],
                [
                    -0.7431448698043823,
                    -0.3760893940925598,
                    -0.553436815738678,
                    -2.230975389480591
                ],
                [
                    0.0,
                    0.827098548412323,
                    -0.5620567798614502,
                    -2.265723705291748
                ],
                [
                    0.0,
                    0.0,
                    0.0,
                    1.0
                ]
            ]
        },
        {
            "file_path": "/data/shapenet_blender/all_50_random/02958343/da73c98813b82014d94cee2a22cdfdd2/r_24",
            "rotation": 0.12566370614359174,
            "transform_matrix": [
                [
                    0.452938050031662,
                    -0.6680620908737183,
                    0.5903726816177368,
                    2.379868745803833
                ],
                [
                    0.8915420174598694,
                    0.33940157294273376,
                    -0.2999323010444641,
                    -1.2090659141540527
                ],
                [
                    -1.4901161193847656e-08,
                    0.6621928811073303,
                    0.7493333220481873,
                    3.0206594467163086
                ],
                [
                    0.0,
                    0.0,
                    0.0,
                    1.0
                ]
            ]
        },
        {
            "file_path": "/data/shapenet_blender/all_50_random/02958343/da73c98813b82014d94cee2a22cdfdd2/r_25",
            "rotation": 0.12566370614359174,
            "transform_matrix": [
                [
                    0.5487468242645264,
                    0.44216465950012207,
                    0.709483802318573,
                    2.860020637512207
                ],
                [
                    0.8359885811805725,
                    -0.2902389466762543,
                    -0.46570849418640137,
                    -1.877331018447876
                ],
                [
                    0.0,
                    0.8486763834953308,
                    -0.528912365436554,
                    -2.1321139335632324
                ],
                [
                    0.0,
                    0.0,
                    0.0,
                    1.0
                ]
            ]
        },
        {
            "file_path": "/data/shapenet_blender/all_50_random/02958343/da73c98813b82014d94cee2a22cdfdd2/r_26",
            "rotation": 0.12566370614359174,
            "transform_matrix": [
                [
                    0.6670190095901489,
                    -0.1796780526638031,
                    -0.7230501174926758,
                    -2.914708137512207
                ],
                [
                    -0.745040774345398,
                    -0.16086192429065704,
                    -0.6473312973976135,
                    -2.60947585105896
                ],
                [
                    0.0,
                    0.9704839587211609,
                    -0.241165429353714,
                    -0.9721689224243164
                ],
                [
                    0.0,
                    0.0,
                    0.0,
                    1.0
                ]
            ]
        },
        {
            "file_path": "/data/shapenet_blender/all_50_random/02958343/da73c98813b82014d94cee2a22cdfdd2/r_27",
            "rotation": 0.12566370614359174,
            "transform_matrix": [
                [
                    -0.969652533531189,
                    0.17052844166755676,
                    0.17519700527191162,
                    0.7062417268753052
                ],
                [
                    0.24448709189891815,
                    0.6763274669647217,
                    0.6948432922363281,
                    2.8010029792785645
                ],
                [
                    0.0,
                    0.7165899276733398,
                    -0.697494626045227,
                    -2.8116908073425293
                ],
                [
                    0.0,
                    0.0,
                    0.0,
                    1.0
                ]
            ]
        },
        {
            "file_path": "/data/shapenet_blender/all_50_random/02958343/da73c98813b82014d94cee2a22cdfdd2/r_28",
            "rotation": 0.12566370614359174,
            "transform_matrix": [
                [
                    -0.8860800266265869,
                    -0.022710828110575676,
                    -0.4629756808280945,
                    -1.8663146495819092
                ],
                [
                    -0.463532418012619,
                    0.04341359809041023,
                    0.8850157856941223,
                    3.567612648010254
                ],
                [
                    0.0,
                    0.9987990856170654,
                    -0.04899512231349945,
                    -0.1975056529045105
                ],
                [
                    0.0,
                    0.0,
                    0.0,
                    1.0
                ]
            ]
        },
        {
            "file_path": "/data/shapenet_blender/all_50_random/02958343/da73c98813b82014d94cee2a22cdfdd2/r_29",
            "rotation": 0.12566370614359174,
            "transform_matrix": [
                [
                    -0.9949281811714172,
                    -0.011503084562718868,
                    -0.09992865473031998,
                    -0.4028252959251404
                ],
                [
                    -0.10058856010437012,
                    0.1137777790427208,
                    0.9884009957313538,
                    3.9843719005584717
                ],
                [
                    0.0,
                    0.9934396743774414,
                    -0.11435777693986893,
                    -0.46099093556404114
                ],
                [
                    0.0,
                    0.0,
                    0.0,
                    1.0
                ]
            ]
        },
        {
            "file_path": "/data/shapenet_blender/all_50_random/02958343/da73c98813b82014d94cee2a22cdfdd2/r_30",
            "rotation": 0.12566370614359174,
            "transform_matrix": [
                [
                    0.9684796333312988,
                    -0.048698440194129944,
                    -0.2442857027053833,
                    -0.9847471714019775
                ],
                [
                    -0.24909241497516632,
                    -0.18934115767478943,
                    -0.9497909545898438,
                    -3.8287298679351807
                ],
                [
                    0.0,
                    0.9807029366493225,
                    -0.19550348818302155,
                    -0.7880997657775879
                ],
                [
                    0.0,
                    0.0,
                    0.0,
                    1.0
                ]
            ]
        },
        {
            "file_path": "/data/shapenet_blender/all_50_random/02958343/da73c98813b82014d94cee2a22cdfdd2/r_31",
            "rotation": 0.12566370614359174,
            "transform_matrix": [
                [
                    0.9363478422164917,
                    0.0227835513651371,
                    0.35033339262008667,
                    1.4122390747070312
                ],
                [
                    0.3510734438896179,
                    -0.060766007751226425,
                    -0.9343740940093994,
                    -3.7665822505950928
                ],
                [
                    1.8626448161640496e-09,
                    0.9978919625282288,
                    -0.06489682197570801,
                    -0.26160746812820435
                ],
                [
                    0.0,
                    0.0,
                    0.0,
                    1.0
                ]
            ]
        },
        {
            "file_path": "/data/shapenet_blender/all_50_random/02958343/da73c98813b82014d94cee2a22cdfdd2/r_32",
            "rotation": 0.12566370614359174,
            "transform_matrix": [
                [
                    -0.32689401507377625,
                    0.18628087639808655,
                    -0.9265202283859253,
                    -3.734922409057617
                ],
                [
                    -0.9450610280036926,
                    -0.06443404406309128,
                    0.3204808235168457,
                    1.291899561882019
                ],
                [
                    0.0,
                    0.9803813099861145,
                    0.1971099078655243,
                    0.7945754528045654
                ],
                [
                    0.0,
                    0.0,
                    0.0,
                    1.0
                ]
            ]
        },
        {
            "file_path": "/data/shapenet_blender/all_50_random/02958343/da73c98813b82014d94cee2a22cdfdd2/r_33",
            "rotation": 0.12566370614359174,
            "transform_matrix": [
                [
                    -0.5954684615135193,
                    -0.25875571370124817,
                    0.7605673670768738,
                    3.0659451484680176
                ],
                [
                    0.803378701210022,
                    -0.1917911022901535,
                    0.5637365579605103,
                    2.2724947929382324
                ],
                [
                    0.0,
                    0.946711003780365,
                    0.32208433747291565,
                    1.298363447189331
                ],
                [
                    0.0,
                    0.0,
                    0.0,
                    1.0
                ]
            ]
        },
        {
            "file_path": "/data/shapenet_blender/all_50_random/02958343/da73c98813b82014d94cee2a22cdfdd2/r_34",
            "rotation": 0.12566370614359174,
            "transform_matrix": [
                [
                    0.888597846031189,
                    -0.02961016073822975,
                    0.4577305018901825,
                    1.8451706171035767
                ],
                [
                    0.4586872458457947,
                    0.05736266449093819,
                    -0.8867443799972534,
                    -3.5745809078216553
                ],
                [
                    1.862645149230957e-09,
                    0.99791419506073,
                    0.0645541399717331,
                    0.2602260708808899
                ],
                [
                    0.0,
                    0.0,
                    0.0,
                    1.0
                ]
            ]
        },
        {
            "file_path": "/data/shapenet_blender/all_50_random/02958343/da73c98813b82014d94cee2a22cdfdd2/r_35",
            "rotation": 0.12566370614359174,
            "transform_matrix": [
                [
                    -0.127686008810997,
                    -0.18464720249176025,
                    0.974475085735321,
                    3.928234815597534
                ],
                [
                    0.9918146729469299,
                    -0.023771444335579872,
                    0.12545372545719147,
                    0.5057201385498047
                ],
                [
                    0.0,
                    0.9825173616409302,
                    0.18617106974124908,
                    0.7504795789718628
                ],
                [
                    0.0,
                    0.0,
                    0.0,
                    1.0
                ]
            ]
        },
        {
            "file_path": "/data/shapenet_blender/all_50_random/02958343/da73c98813b82014d94cee2a22cdfdd2/r_36",
            "rotation": 0.12566370614359174,
            "transform_matrix": [
                [
                    0.11020289361476898,
                    -0.8008632063865662,
                    -0.5886199474334717,
                    -2.372802972793579
                ],
                [
                    -0.9939091801643372,
                    -0.08879829198122025,
                    -0.06526514142751694,
                    -0.26309219002723694
                ],
                [
                    3.725290742551124e-09,
                    0.592227041721344,
                    -0.805770993232727,
                    -3.248166799545288
                ],
                [
                    0.0,
                    0.0,
                    0.0,
                    1.0
                ]
            ]
        },
        {
            "file_path": "/data/shapenet_blender/all_50_random/02958343/da73c98813b82014d94cee2a22cdfdd2/r_37",
            "rotation": 0.12566370614359174,
            "transform_matrix": [
                [
                    -0.8798158168792725,
                    -0.007125169038772583,
                    0.47526147961616516,
                    1.9158400297164917
                ],
                [
                    0.4753148555755615,
                    -0.013188807293772697,
                    0.8797169923782349,
                    3.5462522506713867
                ],
                [
                    -4.6566123179658803e-10,
                    0.9998877048492432,
                    0.014990421012043953,
                    0.06042831391096115
                ],
                [
                    0.0,
                    0.0,
                    0.0,
                    1.0
                ]
            ]
        },
        {
            "file_path": "/data/shapenet_blender/all_50_random/02958343/da73c98813b82014d94cee2a22cdfdd2/r_38",
            "rotation": 0.12566370614359174,
            "transform_matrix": [
                [
                    -0.9684885144233704,
                    0.008979287929832935,
                    0.2488967329263687,
                    1.003334879875183
                ],
                [
                    0.24905869364738464,
                    0.034916818141937256,
                    0.9678586721420288,
                    3.9015634059906006
                ],
                [
                    0.0,
                    0.9993498921394348,
                    -0.036052897572517395,
                    -0.1453339010477066
                ],
                [
                    0.0,
                    0.0,
                    0.0,
                    1.0
                ]
            ]
        },
        {
            "file_path": "/data/shapenet_blender/all_50_random/02958343/da73c98813b82014d94cee2a22cdfdd2/r_39",
            "rotation": 0.12566370614359174,
            "transform_matrix": [
                [
                    -0.3657636344432831,
                    -0.4357663094997406,
                    0.822389543056488,
                    3.3151586055755615
                ],
                [
                    0.9307077527046204,
                    -0.17125405371189117,
                    0.32319509983062744,
                    1.3028411865234375
                ],
                [
                    0.0,
                    0.8836173415184021,
                    0.4682096242904663,
                    1.887413501739502
                ],
                [
                    0.0,
                    0.0,
                    0.0,
                    1.0
                ]
            ]
        },
        {
            "file_path": "/data/shapenet_blender/all_50_random/02958343/da73c98813b82014d94cee2a22cdfdd2/r_40",
            "rotation": 0.12566370614359174,
            "transform_matrix": [
                [
                    -0.8141912221908569,
                    0.40931713581085205,
                    -0.4117669463157654,
                    -1.6598856449127197
                ],
                [
                    -0.5805966854095459,
                    -0.57399982213974,
                    0.577435314655304,
                    2.327716112136841
                ],
                [
                    1.4901160305669237e-08,
                    0.7092133164405823,
                    0.7049939036369324,
                    2.841921329498291
                ],
                [
                    0.0,
                    0.0,
                    0.0,
                    1.0
                ]
            ]
        },
        {
            "file_path": "/data/shapenet_blender/all_50_random/02958343/da73c98813b82014d94cee2a22cdfdd2/r_41",
            "rotation": 0.12566370614359174,
            "transform_matrix": [
                [
                    0.5105199217796326,
                    -0.0572897270321846,
                    0.8579553961753845,
                    3.458528518676758
                ],
                [
                    0.8598660230636597,
                    0.03401407226920128,
                    -0.5093855261802673,
                    -2.053398370742798
                ],
                [
                    -1.862645149230957e-09,
                    0.9977779388427734,
                    0.06662635505199432,
                    0.2685793936252594
                ],
                [
                    0.0,
