{
    "class": "02958343",
    "model": "49997c6f094c0f5e785c95dc3e37946",
    "remove_doubles": true,
    "edge_split": true,
    "denoise": true,
    "camera_angle_x": 0.6911112070083618,
    "scale_factor": 2.3007493349621355,
    "hdri_file": "/data/IndoorHDRDataset2018/AG8A6635-3f90581acd.exr",
    "center_offset": [
        0.0,
        0.0,
        3.725290298461914e-09
    ],
    "lights": [],
    "frames": [
        {
            "file_path": "/data/shapenet_blender/all_50_random/02958343/49997c6f094c0f5e785c95dc3e37946/r_0",
            "rotation": 0.12566370614359174,
            "transform_matrix": [
                [
                    0.48204711079597473,
                    -0.8697920441627502,
                    0.10532081872224808,
                    0.4245617985725403
                ],
                [
                    0.8761452436447144,
                    0.47855162620544434,
                    -0.05794655159115791,
                    -0.2335900217294693
                ],
                [
                    0.0,
                    0.12020909786224365,
                    0.9927485585212708,
                    4.00189733505249
                ],
                [
                    0.0,
                    0.0,
                    0.0,
                    1.0
                ]
            ]
        },
        {
            "file_path": "/data/shapenet_blender/all_50_random/02958343/49997c6f094c0f5e785c95dc3e37946/r_1",
            "rotation": 0.12566370614359174,
            "transform_matrix": [
                [
                    -0.06625476479530334,
                    -0.30667054653167725,
                    -0.9495068192481995,
                    -3.827584981918335
                ],
                [
                    -0.9978027939796448,
                    0.020363125950098038,
                    0.0630478784441948,
                    0.25415414571762085
                ],
                [
                    0.0,
                    0.9515979886054993,
                    -0.30734580755233765,
                    -1.2389507293701172
                ],
                [
                    0.0,
                    0.0,
                    0.0,
                    1.0
                ]
            ]
        },
        {
            "file_path": "/data/shapenet_blender/all_50_random/02958343/49997c6f094c0f5e785c95dc3e37946/r_2",
            "rotation": 0.12566370614359174,
            "transform_matrix": [
                [
                    0.48058703541755676,
                    -0.006412915885448456,
                    0.8769235014915466,
                    3.53499174118042
                ],
                [
                    0.8769469857215881,
                    0.003514425130560994,
                    -0.48057419061660767,
                    -1.9372565746307373
                ],
                [
                    0.0,
                    0.9999733567237854,
                    0.007312773261219263,
                    0.029478732496500015
                ],
                [
                    0.0,
                    0.0,
                    0.0,
                    1.0
                ]
            ]
        },
        {
            "file_path": "/data/shapenet_blender/all_50_random/02958343/49997c6f094c0f5e785c95dc3e37946/r_3",
            "rotation": 0.12566370614359174,
            "transform_matrix": [
                [
                    -0.5193533897399902,
                    -0.802157461643219,
                    -0.29464468359947205,
                    -1.1877508163452148
                ],
                [
                    -0.854559600353241,
                    0.48750630021095276,
                    0.17906852066516876,
                    0.7218483686447144
                ],
                [
                    0.0,
                    0.3447912931442261,
                    -0.9386792778968811,
                    -3.783937454223633
                ],
                [
                    0.0,
                    0.0,
                    0.0,
                    1.0
                ]
            ]
        },
        {
            "file_path": "/data/shapenet_blender/all_50_random/02958343/49997c6f094c0f5e785c95dc3e37946/r_4",
            "rotation": 0.12566370614359174,
            "transform_matrix": [
                [
                    0.9999653100967407,
                    0.0009421097347512841,
                    -0.008276070468127728,
                    -0.03336191177368164
                ],
                [
                    -0.008329521864652634,
                    0.11310096830129623,
                    -0.9935484528541565,
                    -4.005122184753418
                ],
                [
                    -5.820766091346741e-11,
                    0.993583083152771,
                    0.11310487240552902,
                    0.4559403657913208
                ],
                [
                    0.0,
                    0.0,
                    0.0,
                    1.0
                ]
            ]
        },
        {
            "file_path": "/data/shapenet_blender/all_50_random/02958343/49997c6f094c0f5e785c95dc3e37946/r_5",
            "rotation": 0.12566370614359174,
            "transform_matrix": [
                [
                    -0.31315675377845764,
                    -0.3670177459716797,
                    0.8759170770645142,
                    3.5309348106384277
                ],
                [
                    0.9497015476226807,
                    -0.12102126330137253,
                    0.2888268828392029,
                    1.1642985343933105
                ],
                [
                    -7.450581485102248e-09,
                    0.9223078489303589,
                    0.3864558935165405,
                    1.5578536987304688
                ],
                [
                    0.0,
                    0.0,
                    0.0,
                    1.0
                ]
            ]
        },
        {
            "file_path": "/data/shapenet_blender/all_50_random/02958343/49997c6f094c0f5e785c95dc3e37946/r_6",
            "rotation": 0.12566370614359174,
            "transform_matrix": [
                [
                    -0.31194958090782166,
                    -0.377341091632843,
                    -0.8719525337219238,
                    -3.514953136444092
                ],
                [
                    -0.9500986933708191,
                    0.1238938495516777,
                    0.28629153966903687,
                    1.1540781259536743
                ],
                [
                    0.0,
                    0.9177494645118713,
                    -0.3971598744392395,
                    -1.6010026931762695
                ],
                [
                    0.0,
                    0.0,
                    0.0,
                    1.0
                ]
            ]
        },
        {
            "file_path": "/data/shapenet_blender/all_50_random/02958343/49997c6f094c0f5e785c95dc3e37946/r_7",
            "rotation": 0.12566370614359174,
            "transform_matrix": [
                [
                    0.8771942853927612,
                    0.3018563687801361,
                    0.37338048219680786,
                    1.5051449537277222
                ],
                [
                    0.4801356792449951,
                    -0.5514830350875854,
                    -0.6821555495262146,
                    -2.749857187271118
                ],
                [
                    0.0,
                    0.7776561975479126,
                    -0.628689706325531,
                    -2.534329414367676
                ],
                [
                    0.0,
                    0.0,
                    0.0,
                    1.0
                ]
            ]
        },
        {
            "file_path": "/data/shapenet_blender/all_50_random/02958343/49997c6f094c0f5e785c95dc3e37946/r_8",
            "rotation": 0.12566370614359174,
            "transform_matrix": [
                [
                    -0.4245082139968872,
                    -0.5361669659614563,
                    0.7296011447906494,
                    2.9411163330078125
                ],
                [
                    0.9054239988327026,
                    -0.2513819932937622,
                    0.3420736491680145,
                    1.3789429664611816
                ],
                [
                    0.0,
                    0.8058115243911743,
                    0.5921721458435059,
                    2.38712215423584
                ],
                [
                    0.0,
                    0.0,
                    0.0,
                    1.0
                ]
            ]
        },
        {
            "file_path": "/data/shapenet_blender/all_50_random/02958343/49997c6f094c0f5e785c95dc3e37946/r_9",
            "rotation": 0.12566370614359174,
            "transform_matrix": [
                [
                    0.823677122592926,
                    0.37183836102485657,
                    0.42812660336494446,
                    1.7258336544036865
                ],
                [
                    0.5670592784881592,
                    -0.5401105880737305,
                    -0.6218715906143188,
                    -2.5068447589874268
                ],
                [
                    -1.4901162970204496e-08,
                    0.7549945712089539,
                    -0.6557309627532959,
                    -2.643336296081543
                ],
                [
                    0.0,
                    0.0,
                    0.0,
                    1.0
                ]
            ]
        },
        {
            "file_path": "/data/shapenet_blender/all_50_random/02958343/49997c6f094c0f5e785c95dc3e37946/r_10",
            "rotation": 0.12566370614359174,
            "transform_matrix": [
                [
                    -0.6011995077133179,
                    0.19087615609169006,
                    -0.7759674787521362,
                    -3.1280245780944824
                ],
                [
                    -0.7990989089012146,
                    -0.1436050534248352,
                    0.5837966203689575,
                    2.3533592224121094
                ],
                [
                    7.4505797087454084e-09,
                    0.9710530042648315,
                    0.2388642579317093,
                    0.9628925323486328
                ],
                [
                    0.0,
                    0.0,
                    0.0,
                    1.0
                ]
            ]
        },
        {
            "file_path": "/data/shapenet_blender/all_50_random/02958343/49997c6f094c0f5e785c95dc3e37946/r_11",
            "rotation": 0.12566370614359174,
            "transform_matrix": [
                [
                    -0.03133554756641388,
                    0.32115107774734497,
                    0.9465094804763794,
                    3.8155012130737305
                ],
                [
                    0.9995089173316956,
                    0.010068390518426895,
                    0.029673967510461807,
                    0.11961957812309265
                ],
                [
                    -9.313225191043273e-10,
                    0.9469744563102722,
                    -0.3213089108467102,
                    -1.2952375411987305
                ],
                [
                    0.0,
                    0.0,
                    0.0,
                    1.0
                ]
            ]
        },
        {
            "file_path": "/data/shapenet_blender/all_50_random/02958343/49997c6f094c0f5e785c95dc3e37946/r_12",
            "rotation": 0.12566370614359174,
            "transform_matrix": [
                [
                    0.30836212635040283,
                    -0.05453554913401604,
                    0.9497045278549194,
                    3.828381299972534
                ],
                [
                    0.9512690305709839,
                    0.017678171396255493,
                    -0.3078549802303314,
                    -1.241003155708313
                ],
                [
                    0.0,
                    0.9983552098274231,
                    0.05732926353812218,
                    0.2311016470193863
                ],
                [
                    0.0,
                    0.0,
                    0.0,
                    1.0
                ]
            ]
        },
        {
            "file_path": "/data/shapenet_blender/all_50_random/02958343/49997c6f094c0f5e785c95dc3e37946/r_13",
            "rotation": 0.12566370614359174,
            "transform_matrix": [
                [
                    -0.6842674016952515,
                    -0.20451860129833221,
                    0.6999644637107849,
                    2.8216469287872314
                ],
                [
                    0.7292311787605286,
                    -0.19190816581249237,
                    0.6568052768707275,
                    2.6476666927337646
                ],
                [
                    0.0,
                    0.9598664045333862,
                    0.28045782446861267,
                    1.1305617094039917
                ],
                [
                    0.0,
                    0.0,
                    0.0,
                    1.0
                ]
            ]
        },
        {
            "file_path": "/data/shapenet_blender/all_50_random/02958343/49997c6f094c0f5e785c95dc3e37946/r_14",
            "rotation": 0.12566370614359174,
            "transform_matrix": [
                [
                    -0.021499494090676308,
                    -0.3425804376602173,
                    0.939242422580719,
                    3.786207437515259
                ],
                [
                    0.9997689127922058,
                    -0.0073670088313519955,
                    0.020197903737425804,
                    0.08142036199569702
                ],
                [
                    4.656613428188905e-10,
                    0.9394595623016357,
                    0.3426596224308014,
                    1.38130521774292
                ],
                [
                    0.0,
                    0.0,
                    0.0,
                    1.0
                ]
            ]
        },
        {
            "file_path": "/data/shapenet_blender/all_50_random/02958343/49997c6f094c0f5e785c95dc3e37946/r_15",
            "rotation": 0.12566370614359174,
            "transform_matrix": [
                [
                    -0.9062928557395935,
                    0.1608661562204361,
                    -0.390839159488678,
                    -1.575523018836975
                ],
                [
                    -0.42265015840530396,
                    -0.34494686126708984,
                    0.8380802273750305,
                    3.3784093856811523
                ],
                [
                    1.4901160305669237e-08,
                    0.924734354019165,
                    0.3806130588054657,
                    1.5343003273010254
                ],
                [
                    0.0,
                    0.0,
                    0.0,
                    1.0
                ]
            ]
        },
        {
            "file_path": "/data/shapenet_blender/all_50_random/02958343/49997c6f094c0f5e785c95dc3e37946/r_16",
            "rotation": 0.12566370614359174,
            "transform_matrix": [
                [
                    -0.27071741223335266,
                    0.7439135313034058,
                    0.6109865307807922,
                    2.462965488433838
                ],
                [
                    0.9626589417457581,
                    0.20920217037200928,
                    0.17182065546512604,
                    0.6926312446594238
                ],
                [
                    -1.4901162970204496e-08,
                    0.6346864104270935,
                    -0.7727697491645813,
                    -3.1151344776153564
                ],
                [
                    0.0,
                    0.0,
                    0.0,
                    1.0
                ]
            ]
        },
        {
            "file_path": "/data/shapenet_blender/all_50_random/02958343/49997c6f094c0f5e785c95dc3e37946/r_17",
            "rotation": 0.12566370614359174,
            "transform_matrix": [
                [
                    -0.6928396821022034,
                    0.624297559261322,
                    -0.36086800694465637,
                    -1.4547054767608643
                ],
                [
                    -0.7210916876792908,
                    -0.5998378992080688,
                    0.3467293977737427,
                    1.397710919380188
                ],
                [
                    0.0,
                    0.5004467368125916,
                    0.8657673001289368,
                    3.4900195598602295
                ],
                [
                    0.0,
                    0.0,
                    0.0,
                    1.0
                ]
            ]
        },
        {
            "file_path": "/data/shapenet_blender/all_50_random/02958343/49997c6f094c0f5e785c95dc3e37946/r_18",
            "rotation": 0.12566370614359174,
            "transform_matrix": [
                [
                    0.5543197989463806,
                    0.18441392481327057,
                    -0.8116163015365601,
                    -3.2717301845550537
                ],
                [
                    -0.8323037624359131,
                    0.1228208914399147,
                    -0.5405417680740356,
                    -2.1789937019348145
                ],
                [
                    7.450580596923828e-09,
                    0.9751443862915039,
                    0.2215704321861267,
                    0.8931790590286255
                ],
                [
                    0.0,
                    0.0,
                    0.0,
                    1.0
                ]
            ]
        },
        {
            "file_path": "/data/shapenet_blender/all_50_random/02958343/49997c6f094c0f5e785c95dc3e37946/r_19",
            "rotation": 0.12566370614359174,
            "transform_matrix": [
                [
                    0.36725088953971863,
                    0.7057796120643616,
                    0.6058068871498108,
                    2.4420857429504395
                ],
                [
                    0.9301220178604126,
                    -0.27867117524147034,
                    -0.23919777572155,
                    -0.9642370939254761
                ],
                [
                    0.0,
                    0.6513198018074036,
                    -0.7588032484054565,
                    -3.0588338375091553
                ],
                [
                    0.0,
                    0.0,
                    0.0,
                    1.0
                ]
            ]
        },
        {
            "file_path": "/data/shapenet_blender/all_50_random/02958343/49997c6f094c0f5e785c95dc3e37946/r_20",
            "rotation": 0.12566370614359174,
            "transform_matrix": [
                [
                    0.9186948537826538,
                    -0.007939387112855911,
                    -0.3948882222175598,
                    -1.5918453931808472
                ],
                [
                    -0.39496803283691406,
                    -0.018466999754309654,
                    -0.9185092449188232,
                    -3.7026290893554688
                ],
                [
                    0.0,
                    0.9997979402542114,
                    -0.020101342350244522,
                    -0.08103110641241074
                ],
                [
                    0.0,
                    0.0,
                    0.0,
                    1.0
                ]
            ]
        },
        {
            "file_path": "/data/shapenet_blender/all_50_random/02958343/49997c6f094c0f5e785c95dc3e37946/r_21",
            "rotation": 0.12566370614359174,
            "transform_matrix": [
                [
                    -0.6947355270385742,
                    0.16522835195064545,
                    0.7000300288200378,
                    2.821911334991455
                ],
                [
                    0.7192652821540833,
                    0.15959343314170837,
                    0.6761563420295715,
                    2.7256734371185303
                ],
                [
                    7.450581485102248e-09,
                    0.9732570648193359,
                    -0.22971825301647186,
                    -0.9260239005088806
                ],
                [
                    0.0,
                    0.0,
                    0.0,
                    1.0
                ]
            ]
        },
        {
            "file_path": "/data/shapenet_blender/all_50_random/02958343/49997c6f094c0f5e785c95dc3e37946/r_22",
            "rotation": 0.12566370614359174,
            "transform_matrix": [
                [
                    0.8885692358016968,
                    -0.0010610406752675772,
                    -0.45874127745628357,
                    -1.8492451906204224
                ],
                [
                    -0.45874249935150146,
                    -0.002055200980976224,
                    -0.8885668516159058,
                    -3.581927537918091
                ],
                [
                    5.8207657444020455e-11,
                    0.9999973177909851,
                    -0.0023129330947995186,
                    -0.009323731064796448
                ],
                [
                    0.0,
                    0.0,
                    0.0,
                    1.0
                ]
            ]
        },
        {
            "file_path": "/data/shapenet_blender/all_50_random/02958343/49997c6f094c0f5e785c95dc3e37946/r_23",
            "rotation": 0.12566370614359174,
            "transform_matrix": [
                [
                    0.6530380249023438,
                    0.04927089810371399,
                    0.7557205557823181,
                    3.0464072227478027
                ],
                [
                    0.7573250532150269,
                    -0.042486075311899185,
                    -0.6516544818878174,
                    -2.626903533935547
                ],
                [
                    0.0,
                    0.9978814125061035,
                    -0.0650591030716896,
                    -0.26226165890693665
                ],
                [
                    0.0,
                    0.0,
                    0.0,
                    1.0
                ]
            ]
        },
        {
            "file_path": "/data/shapenet_blender/all_50_random/02958343/49997c6f094c0f5e785c95dc3e37946/r_24",
            "rotation": 0.12566370614359174,
            "transform_matrix": [
                [
                    0.6918832063674927,
                    -0.2449859380722046,
                    0.679175615310669,
                    2.737844467163086
                ],
                [
                    0.7220094799995422,
                    0.23476377129554749,
                    -0.6508366465568542,
                    -2.6236064434051514
                ],
                [
                    0.0,
                    0.9406741261482239,
                    0.33931127190589905,
                    1.3678075075149536
                ],
                [
                    0.0,
                    0.0,
                    0.0,
                    1.0
                ]
            ]
        },
        {
            "file_path": "/data/shapenet_blender/all_50_random/02958343/49997c6f094c0f5e785c95dc3e37946/r_25",
            "rotation": 0.12566370614359174,
            "transform_matrix": [
                [
                    0.15504910051822662,
                    0.7329393029212952,
                    0.66238933801651,
                    2.6701769828796387
                ],
                [
                    0.9879066944122314,
                    -0.11503270268440247,
                    -0.10396009683609009,
                    -0.4190765917301178
                ],
                [
                    -7.450580152834618e-09,
                    0.6704977750778198,
                    -0.7419114112854004,
                    -2.9907407760620117
                ],
                [
                    0.0,
                    0.0,
                    0.0,
                    1.0
                ]
            ]
        },
        {
            "file_path": "/data/shapenet_blender/all_50_random/02958343/49997c6f094c0f5e785c95dc3e37946/r_26",
            "rotation": 0.12566370614359174,
            "transform_matrix": [
                [
                    0.9001643061637878,
                    -0.30193382501602173,
                    -0.31391116976737976,
                    -1.2654165029525757
                ],
                [
                    -0.4355505108833313,
                    -0.6240149736404419,
                    -0.6487689018249512,
                    -2.6152713298797607
                ],
                [
                    1.4901160305669237e-08,
                    0.7207227945327759,
                    -0.6932232975959778,
                    -2.7944726943969727
                ],
                [
                    0.0,
                    0.0,
                    0.0,
                    1.0
                ]
            ]
        },
        {
            "file_path": "/data/shapenet_blender/all_50_random/02958343/49997c6f094c0f5e785c95dc3e37946/r_27",
            "rotation": 0.12566370614359174,
            "transform_matrix": [
                [
                    -0.5902512073516846,
                    -0.8018296957015991,
                    -0.09312666952610016,
                    -0.37540560960769653
                ],
                [
                    -0.8072195649147034,
                    0.586310088634491,
                    0.06809564679861069,
                    0.27450233697891235
                ],
                [
                    -3.725290076417309e-09,
                    0.11536725610494614,
                    -0.9933229684829712,
                    -4.004212856292725
                ],
                [
                    0.0,
                    0.0,
                    0.0,
                    1.0
                ]
            ]
        },
        {
            "file_path": "/data/shapenet_blender/all_50_random/02958343/49997c6f094c0f5e785c95dc3e37946/r_28",
            "rotation": 0.12566370614359174,
            "transform_matrix": [
                [
                    0.8676692247390747,
                    0.47997644543647766,
                    -0.12950946390628815,
                    -0.5220693945884705
                ],
                [
                    -0.49714192748069763,
                    0.8377100825309753,
                    -0.22603482007980347,
                    -0.911175549030304
                ],
                [
                    0.0,
                    0.2605079412460327,
                    0.965471625328064,
                    3.8919408321380615
                ],
                [
                    0.0,
                    0.0,
                    0.0,
                    1.0
                ]
            ]
        },
        {
            "file_path": "/data/shapenet_blender/all_50_random/02958343/49997c6f094c0f5e785c95dc3e37946/r_29",
            "rotation": 0.12566370614359174,
            "transform_matrix": [
                [
                    -0.9806549549102783,
                    -0.04152406379580498,
                    -0.19128970801830292,
                    -0.7711134552955627
                ],
                [
                    -0.19574473798274994,
                    0.20803000032901764,
                    0.958335816860199,
                    3.8631751537323
                ],
                [
                    0.0,
                    0.9772406220436096,
                    -0.21213379502296448,
                    -0.8551386594772339
                ],
                [
                    0.0,
                    0.0,
                    0.0,
                    1.0
                ]
            ]
        },
        {
            "file_path": "/data/shapenet_blender/all_50_random/02958343/49997c6f094c0f5e785c95dc3e37946/r_30",
            "rotation": 0.12566370614359174,
            "transform_matrix": [
                [
                    -0.9473001956939697,
                    -0.047006960958242416,
                    -0.3168798089027405,
                    -1.2773833274841309
                ],
                [
                    -0.3203474283218384,
                    0.13900437951087952,
                    0.9370460510253906,
                    3.777353525161743
                ],
                [
                    -3.725290742551124e-09,
                    0.9891753792762756,
                    -0.14673744142055511,
                    -0.5915175676345825
                ],
                [
                    0.0,
                    0.0,
                    0.0,
                    1.0
                ]
            ]
        },
        {
            "file_path": "/data/shapenet_blender/all_50_random/02958343/49997c6f094c0f5e785c95dc3e37946/r_31",
            "rotation": 0.12566370614359174,
            "transform_matrix": [
                [
                    -0.4588572382926941,
                    -0.023566795513033867,
                    0.8881973624229431,
                    3.5804381370544434
                ],
                [
                    0.88850998878479,
                    -0.012170707806944847,
                    0.45869579911231995,
                    1.8490619659423828
                ],
                [
                    9.313225191043273e-10,
                    0.9996482729911804,
                    0.026523947715759277,
                    0.10692145675420761
                ],
                [
                    0.0,
                    0.0,
                    0.0,
                    1.0
                ]
            ]
        },
        {
            "file_path": "/data/shapenet_blender/all_50_random/02958343/49997c6f094c0f5e785c95dc3e37946/r_32",
            "rotation": 0.12566370614359174,
            "transform_matrix": [
                [
                    0.6710854172706604,
                    0.35968372225761414,
                    0.6482837796211243,
                    2.6133158206939697
                ],
                [
                    0.741379976272583,
                    -0.32558000087738037,
                    -0.5868161916732788,
                    -2.3655319213867188
                ],
                [
                    0.0,
                    0.8744285702705383,
                    -0.4851542115211487,
                    -1.9557193517684937
                ],
                [
                    0.0,
                    0.0,
                    0.0,
                    1.0
                ]
            ]
        },
        {
            "file_path": "/data/shapenet_blender/all_50_random/02958343/49997c6f094c0f5e785c95dc3e37946/r_33",
            "rotation": 0.12566370614359174,
            "transform_matrix": [
                [
                    -0.9920578002929688,
                    -0.0364428348839283,
                    -0.12038778513669968,
                    -0.48529863357543945
                ],
                [
                    -0.12578272819519043,
                    0.2874273657798767,
                    0.9495074152946472,
                    3.8275864124298096
                ],
                [
                    0.0,
                    0.9571088552474976,
                    -0.28972846269607544,
                    -1.1679326295852661
                ],
                [
                    0.0,
                    0.0,
                    0.0,
                    1.0
                ]
            ]
        },
        {
            "file_path": "/data/shapenet_blender/all_50_random/02958343/49997c6f094c0f5e785c95dc3e37946/r_34",
            "rotation": 0.12566370614359174,
            "transform_matrix": [
                [
                    0.9736981987953186,
                    -0.12985704839229584,
                    0.18721342086791992,
                    0.7546814680099487
                ],
                [
                    0.22784142196178436,
                    0.5549542307853699,
                    -0.8000712394714355,
                    -3.2251904010772705
                ],
                [
                    1.4901160305669237e-08,
                    0.8216828107833862,
                    0.5699448585510254,
                    2.2975211143493652
                ],
                [
                    0.0,
                    0.0,
                    0.0,
                    1.0
                ]
            ]
        },
        {
            "file_path": "/data/shapenet_blender/all_50_random/02958343/49997c6f094c0f5e785c95dc3e37946/r_35",
            "rotation": 0.12566370614359174,
            "transform_matrix": [
                [
                    -0.08374382555484772,
                    0.8236770033836365,
                    0.5608415603637695,
                    2.260824680328369
                ],
                [
                    0.9964873194694519,
                    0.06922101974487305,
                    0.04713257774710655,
                    0.18999749422073364
                ],
                [
                    -3.725290076417309e-09,
                    0.5628185868263245,
                    -0.8265804648399353,
                    -3.33205246925354
                ],
                [
                    0.0,
                    0.0,
                    0.0,
                    1.0
                ]
            ]
        },
        {
            "file_path": "/data/shapenet_blender/all_50_random/02958343/49997c6f094c0f5e785c95dc3e37946/r_36",
            "rotation": 0.12566370614359174,
            "transform_matrix": [
                [
                    -0.9805406332015991,
                    -0.1114850640296936,
                    -0.16159000992774963,
                    -0.6513901948928833
                ],
                [
                    -0.19631673395633698,
                    0.556833028793335,
                    0.8070915341377258,
                    3.2534899711608887
                ],
                [
                    7.450581485102248e-09,
                    0.8231086134910583,
                    -0.5678837895393372,
                    -2.289212703704834
                ],
                [
                    0.0,
                    0.0,
                    0.0,
                    1.0
                ]
            ]
        },
        {
            "file_path": "/data/shapenet_blender/all_50_random/02958343/49997c6f094c0f5e785c95dc3e37946/r_37",
            "rotation": 0.12566370614359174,
            "transform_matrix": [
                [
                    0.9394673109054565,
                    0.18526722490787506,
                    0.2882312834262848,
                    1.1618974208831787
                ],
                [
                    0.34263861179351807,
                    -0.5079768896102905,
                    -0.7902899980545044,
                    -3.185760974884033
                ],
                [
                    0.0,
                    0.8412107825279236,
                    -0.5407073497772217,
                    -2.1796610355377197
                ],
                [
                    0.0,
                    0.0,
                    0.0,
                    1.0
                ]
            ]
        },
        {
            "file_path": "/data/shapenet_blender/all_50_random/02958343/49997c6f094c0f5e785c95dc3e37946/r_38",
            "rotation": 0.12566370614359174,
            "transform_matrix": [
                [
                    0.9999983906745911,
                    0.0004683761508204043,
                    0.0017796687316149473,
                    0.007174074649810791
                ],
                [
                    0.0018402712885290384,
                    -0.25451430678367615,
                    -0.9670671820640564,
                    -3.8983726501464844
                ],
                [
                    -2.9103833926180656e-11,
                    0.9670687913894653,
                    -0.25451475381851196,
                    -1.0259819030761719
                ],
                [
                    0.0,
                    0.0,
                    0.0,
                    1.0
                ]
            ]
        },
        {
            "file_path": "/data/shapenet_blender/all_50_random/02958343/49997c6f094c0f5e785c95dc3e37946/r_39",
            "rotation": 0.12566370614359174,
            "transform_matrix": [
                [
                    0.6835299730300903,
                    -0.06819052249193192,
                    0.726730227470398,
                    2.9295432567596436
                ],
                [
                    0.7299224734306335,
                    0.06385646015405655,
                    -0.6805406212806702,
                    -2.743346929550171
                ],
                [
                    3.725290298461914e-09,
                    0.99562668800354,
                    0.09342159330844879,
                    0.3765944838523865
                ],
                [
                    0.0,
                    0.0,
                    0.0,
                    1.0
                ]
            ]
        },
        {
            "file_path": "/data/shapenet_blender/all_50_random/02958343/49997c6f094c0f5e785c95dc3e37946/r_40",
            "rotation": 0.12566370614359174,
            "transform_matrix": [
                [
                    0.9612108469009399,
                    0.06567336618900299,
                    -0.26788201928138733,
                    -1.0798670053482056
                ],
                [
                    -0.2758147418498993,
                    0.22887085378170013,
                    -0.9335653781890869,
                    -3.763322353363037
                ],
                [
                    7.450580596923828e-09,
                    0.9712390303611755,
                    0.23810680210590363,
                    0.9598392248153687
                ],
                [
                    0.0,
                    0.0,
                    0.0,
                    1.0
                ]
            ]
        },
        {
            "file_path": "/data/shapenet_blender/all_50_random/02958343/49997c6f094c0f5e785c95dc3e37946/r_41",
            "rotation": 0.12566370614359174,
            "transform_matrix": [
                [
                    0.27118614315986633,
                    0.7930951714515686,
                    0.5453969836235046,
                    2.198565721511841
                ],
                [
                    0.9625268578529358,
                    -0.22344978153705597,
                    -0.1536623239517212,
                    -0.6194326877593994
                ],
