{
    "class": "02958343",
    "model": "c7bd3c33967a3f80d292079a67d9d7f4",
    "remove_doubles": true,
    "edge_split": true,
    "denoise": true,
    "camera_angle_x": 0.6911112070083618,
    "scale_factor": 2.41077135499642,
    "hdri_file": "/data/IndoorHDRDataset2018/9C4A3319-036562f85a.exr",
    "center_offset": [
        0.0,
        0.0,
        3.725290298461914e-09
    ],
    "lights": [],
    "frames": [
        {
            "file_path": "/data/shapenet_blender/all_50_random/02958343/c7bd3c33967a3f80d292079a67d9d7f4/r_0",
            "rotation": 0.12566370614359174,
            "transform_matrix": [
                [
                    0.32565563917160034,
                    0.09891081601381302,
                    0.9403005838394165,
                    3.7904725074768066
                ],
                [
                    0.945488452911377,
                    -0.03406796231865883,
                    -0.3238687813282013,
                    -1.3055566549301147
                ],
                [
                    0.0,
                    0.9945128560066223,
                    -0.10461347550153732,
                    -0.42171037197113037
                ],
                [
                    0.0,
                    0.0,
                    0.0,
                    1.0
                ]
            ]
        },
        {
            "file_path": "/data/shapenet_blender/all_50_random/02958343/c7bd3c33967a3f80d292079a67d9d7f4/r_1",
            "rotation": 0.12566370614359174,
            "transform_matrix": [
                [
                    0.7629373073577881,
                    0.3639860451221466,
                    0.5342667698860168,
                    2.153698205947876
                ],
                [
                    0.6464726328849792,
                    -0.429559588432312,
                    -0.6305170655250549,
                    -2.5416955947875977
                ],
                [
                    0.0,
                    0.8264336585998535,
                    -0.5630339980125427,
                    -2.269662618637085
                ],
                [
                    0.0,
                    0.0,
                    0.0,
                    1.0
                ]
            ]
        },
        {
            "file_path": "/data/shapenet_blender/all_50_random/02958343/c7bd3c33967a3f80d292079a67d9d7f4/r_2",
            "rotation": 0.12566370614359174,
            "transform_matrix": [
                [
                    -0.1500445157289505,
                    0.7462908029556274,
                    -0.64848792552948,
                    -2.61413836479187
                ],
                [
                    -0.9886792302131653,
                    -0.11325903981924057,
                    0.09841621667146683,
                    0.3967284560203552
                ],
                [
                    0.0,
                    0.6559132933616638,
                    0.7548362016677856,
                    3.042842149734497
                ],
                [
                    0.0,
                    0.0,
                    0.0,
                    1.0
                ]
            ]
        },
        {
            "file_path": "/data/shapenet_blender/all_50_random/02958343/c7bd3c33967a3f80d292079a67d9d7f4/r_3",
            "rotation": 0.12566370614359174,
            "transform_matrix": [
                [
                    0.9326826930046082,
                    -0.04191449284553528,
                    -0.3582543134689331,
                    -1.444169282913208
                ],
                [
                    -0.3606978952884674,
                    -0.10838133841753006,
                    -0.9263641238212585,
                    -3.734293222427368
                ],
                [
                    0.0,
                    0.9932253956794739,
                    -0.11620386689901352,
                    -0.46843278408050537
                ],
                [
                    0.0,
                    0.0,
                    0.0,
                    1.0
                ]
            ]
        },
        {
            "file_path": "/data/shapenet_blender/all_50_random/02958343/c7bd3c33967a3f80d292079a67d9d7f4/r_4",
            "rotation": 0.12566370614359174,
            "transform_matrix": [
                [
                    -0.7718271613121033,
                    -0.13026800751686096,
                    0.6223449110984802,
                    2.5087525844573975
                ],
                [
                    0.6358325481414795,
                    -0.15813030302524567,
                    0.7554547786712646,
                    3.045335531234741
                ],
                [
                    0.0,
                    0.9787874221801758,
                    0.20487794280052185,
                    0.8258894085884094
                ],
                [
                    0.0,
                    0.0,
                    0.0,
                    1.0
                ]
            ]
        },
        {
            "file_path": "/data/shapenet_blender/all_50_random/02958343/c7bd3c33967a3f80d292079a67d9d7f4/r_5",
            "rotation": 0.12566370614359174,
            "transform_matrix": [
                [
                    -0.8038212060928345,
                    -0.0036645603831857443,
                    0.5948595404624939,
                    2.3979554176330566
                ],
                [
                    0.5948707461357117,
                    -0.0049517503939569,
                    0.8038060665130615,
                    3.240245819091797
                ],
                [
                    0.0,
                    0.9999811053276062,
                    0.006160262040793896,
                    0.02483281120657921
                ],
                [
                    0.0,
                    0.0,
                    0.0,
                    1.0
                ]
            ]
        },
        {
            "file_path": "/data/shapenet_blender/all_50_random/02958343/c7bd3c33967a3f80d292079a67d9d7f4/r_6",
            "rotation": 0.12566370614359174,
            "transform_matrix": [
                [
                    -0.05751354247331619,
                    -0.00038761054747737944,
                    0.9983446598052979,
                    4.024456024169922
                ],
                [
                    0.9983447790145874,
                    -2.2329815692501143e-05,
                    0.057513538748025894,
                    0.2318444848060608
                ],
                [
                    -1.8189894035458565e-12,
                    0.9999998807907104,
                    0.00038825321826152503,
                    0.001565098762512207
                ],
                [
                    0.0,
                    0.0,
                    0.0,
                    1.0
                ]
            ]
        },
        {
            "file_path": "/data/shapenet_blender/all_50_random/02958343/c7bd3c33967a3f80d292079a67d9d7f4/r_7",
            "rotation": 0.12566370614359174,
            "transform_matrix": [
                [
                    0.12154138088226318,
                    0.13625559210777283,
                    -0.9831898808479309,
                    -3.963364601135254
                ],
                [
                    -0.9925864338874817,
                    0.016684381291270256,
                    -0.12039077281951904,
                    -0.4853106737136841
                ],
                [
                    0.0,
                    0.990533173084259,
                    0.13727329671382904,
                    0.5533663034439087
                ],
                [
                    0.0,
                    0.0,
                    0.0,
                    1.0
                ]
            ]
        },
        {
            "file_path": "/data/shapenet_blender/all_50_random/02958343/c7bd3c33967a3f80d292079a67d9d7f4/r_8",
            "rotation": 0.12566370614359174,
            "transform_matrix": [
                [
                    -0.8695011734962463,
                    -0.2946679890155792,
                    0.39640697836875916,
                    1.5979677438735962
                ],
                [
                    0.49393096566200256,
                    -0.5187246799468994,
                    0.6978229284286499,
                    2.813014507293701
                ],
                [
                    0.0,
                    0.8025556802749634,
                    0.5965772271156311,
                    2.4048800468444824
                ],
                [
                    0.0,
                    0.0,
                    0.0,
                    1.0
                ]
            ]
        },
        {
            "file_path": "/data/shapenet_blender/all_50_random/02958343/c7bd3c33967a3f80d292079a67d9d7f4/r_9",
            "rotation": 0.12566370614359174,
            "transform_matrix": [
                [
                    0.45735353231430054,
                    -0.42218244075775146,
                    -0.7826810479164124,
                    -3.155088424682617
                ],
                [
                    -0.8892849683761597,
                    -0.21712569892406464,
                    -0.4025278091430664,
                    -1.6226415634155273
                ],
                [
                    1.4901161193847656e-08,
                    0.8801239728927612,
                    -0.47474372386932373,
                    -1.9137532711029053
                ],
                [
                    0.0,
                    0.0,
                    0.0,
                    1.0
                ]
            ]
        },
        {
            "file_path": "/data/shapenet_blender/all_50_random/02958343/c7bd3c33967a3f80d292079a67d9d7f4/r_10",
            "rotation": 0.12566370614359174,
            "transform_matrix": [
                [
                    -0.968238115310669,
                    0.17331334948539734,
                    0.18021534383296967,
                    0.7264712452888489
                ],
                [
                    0.25003018975257874,
                    0.6711533069610596,
                    0.6978811621665955,
                    2.813248872756958
                ],
                [
                    0.0,
                    0.7207742929458618,
                    -0.6931697130203247,
                    -2.7942564487457275
                ],
                [
                    0.0,
                    0.0,
                    0.0,
                    1.0
                ]
            ]
        },
        {
            "file_path": "/data/shapenet_blender/all_50_random/02958343/c7bd3c33967a3f80d292079a67d9d7f4/r_11",
            "rotation": 0.12566370614359174,
            "transform_matrix": [
                [
                    0.1710069477558136,
                    0.002167525002732873,
                    -0.9852675199508667,
                    -3.9717400074005127
                ],
                [
                    -0.9852699041366577,
                    0.0003762033593375236,
                    -0.17100653052330017,
                    -0.6893492937088013
                ],
                [
                    0.0,
                    0.999997615814209,
                    0.002199930604547262,
                    0.008868202567100525
                ],
                [
                    0.0,
                    0.0,
                    0.0,
                    1.0
                ]
            ]
        },
        {
            "file_path": "/data/shapenet_blender/all_50_random/02958343/c7bd3c33967a3f80d292079a67d9d7f4/r_12",
            "rotation": 0.12566370614359174,
            "transform_matrix": [
                [
                    0.7135087847709656,
                    0.13042591512203217,
                    0.6883997321128845,
                    2.7750279903411865
                ],
                [
                    0.700646162033081,
                    -0.13282030820846558,
                    -0.7010375261306763,
                    -2.825972557067871
                ],
                [
                    7.450580152834618e-09,
                    0.982521116733551,
                    -0.186150923371315,
                    -0.7503983378410339
                ],
                [
                    0.0,
                    0.0,
                    0.0,
                    1.0
                ]
            ]
        },
        {
            "file_path": "/data/shapenet_blender/all_50_random/02958343/c7bd3c33967a3f80d292079a67d9d7f4/r_13",
            "rotation": 0.12566370614359174,
            "transform_matrix": [
                [
                    0.8572299480438232,
                    -0.0740273967385292,
                    0.5095849633216858,
                    2.0542030334472656
                ],
                [
                    0.5149340033531189,
                    0.12323618680238724,
                    -0.848325252532959,
                    -3.419708728790283
                ],
                [
                    0.0,
                    0.9896124005317688,
                    0.14376093447208405,
                    0.5795189142227173
                ],
                [
                    0.0,
                    0.0,
                    0.0,
                    1.0
                ]
            ]
        },
        {
            "file_path": "/data/shapenet_blender/all_50_random/02958343/c7bd3c33967a3f80d292079a67d9d7f4/r_14",
            "rotation": 0.12566370614359174,
            "transform_matrix": [
                [
                    -0.9980916976928711,
                    0.0027809885796159506,
                    -0.06168627738952637,
                    -0.24866534769535065
                ],
                [
                    -0.0617489367723465,
                    -0.04495108500123024,
                    0.9970788955688477,
                    4.019353866577148
                ],
                [
                    -2.3283062977608182e-10,
                    0.9989852905273438,
                    0.045037027448415756,
                    0.18155008554458618
                ],
                [
                    0.0,
                    0.0,
                    0.0,
                    1.0
                ]
            ]
        },
        {
            "file_path": "/data/shapenet_blender/all_50_random/02958343/c7bd3c33967a3f80d292079a67d9d7f4/r_15",
            "rotation": 0.12566370614359174,
            "transform_matrix": [
                [
                    0.9270458221435547,
                    -0.033808931708335876,
                    0.3734206259250641,
                    1.5053067207336426
                ],
                [
                    0.37494799494743347,
                    0.08359140902757645,
                    -0.9232694506645203,
                    -3.721818208694458
                ],
                [
                    -1.862645149230957e-09,
                    0.9959263205528259,
                    0.09016966819763184,
                    0.36348554491996765
                ],
                [
                    0.0,
                    0.0,
                    0.0,
                    1.0
                ]
            ]
        },
        {
            "file_path": "/data/shapenet_blender/all_50_random/02958343/c7bd3c33967a3f80d292079a67d9d7f4/r_16",
            "rotation": 0.12566370614359174,
            "transform_matrix": [
                [
                    -0.6579915285110474,
                    0.2670469582080841,
                    -0.7040832042694092,
                    -2.838249921798706
                ],
                [
                    -0.7530254125595093,
                    -0.2333449125289917,
                    0.6152260303497314,
                    2.480055093765259
                ],
                [
                    1.4901161193847656e-08,
                    0.9350059032440186,
                    0.35463210940361023,
                    1.429567575454712
                ],
                [
                    0.0,
                    0.0,
                    0.0,
                    1.0
                ]
            ]
        },
        {
            "file_path": "/data/shapenet_blender/all_50_random/02958343/c7bd3c33967a3f80d292079a67d9d7f4/r_17",
            "rotation": 0.12566370614359174,
            "transform_matrix": [
                [
                    -0.18341785669326782,
                    0.7408338189125061,
                    0.6461603045463562,
                    2.604755401611328
                ],
                [
                    0.9830350875854492,
                    0.1382271647453308,
                    0.12056268006563187,
                    0.48600369691848755
                ],
                [
                    0.0,
                    0.6573114395141602,
                    -0.7536189556121826,
                    -3.037935256958008
                ],
                [
                    0.0,
                    0.0,
                    0.0,
                    1.0
                ]
            ]
        },
        {
            "file_path": "/data/shapenet_blender/all_50_random/02958343/c7bd3c33967a3f80d292079a67d9d7f4/r_18",
            "rotation": 0.12566370614359174,
            "transform_matrix": [
                [
                    0.9898457527160645,
                    -0.01878690905869007,
                    0.14089925587177277,
                    0.567983090877533
                ],
                [
                    0.1421462446451187,
                    0.130824014544487,
                    -0.9811623096466064,
                    -3.9551918506622314
                ],
                [
                    0.0,
                    0.9912276268005371,
                    0.1321660578250885,
                    0.5327784419059753
                ],
                [
                    0.0,
                    0.0,
                    0.0,
                    1.0
                ]
            ]
        },
        {
            "file_path": "/data/shapenet_blender/all_50_random/02958343/c7bd3c33967a3f80d292079a67d9d7f4/r_19",
            "rotation": 0.12566370614359174,
            "transform_matrix": [
                [
                    -0.6429274678230286,
                    -0.44871166348457336,
                    -0.6207268834114075,
                    -2.502230405807495
                ],
                [
                    -0.7659270167350769,
                    0.3766534924507141,
                    0.5210449695587158,
                    2.1003997325897217
                ],
                [
                    0.0,
                    0.8104256391525269,
                    -0.5858412981033325,
                    -2.3616020679473877
                ],
                [
                    0.0,
                    0.0,
                    0.0,
                    1.0
                ]
            ]
        },
        {
            "file_path": "/data/shapenet_blender/all_50_random/02958343/c7bd3c33967a3f80d292079a67d9d7f4/r_20",
            "rotation": 0.12566370614359174,
            "transform_matrix": [
                [
                    -0.45414257049560547,
                    0.4091002345085144,
                    -0.7914490103721619,
                    -3.1904330253601074
                ],
                [
                    -0.890929102897644,
                    -0.20853491127490997,
                    0.40343353152275085,
                    1.6262925863265991
                ],
                [
                    0.0,
                    0.8883411884307861,
                    0.45918387174606323,
                    1.851029396057129
                ],
                [
                    0.0,
                    0.0,
                    0.0,
                    1.0
                ]
            ]
        },
        {
            "file_path": "/data/shapenet_blender/all_50_random/02958343/c7bd3c33967a3f80d292079a67d9d7f4/r_21",
            "rotation": 0.12566370614359174,
            "transform_matrix": [
                [
                    0.061158984899520874,
                    -0.7233115434646606,
                    -0.687808096408844,
                    -2.7726430892944336
                ],
                [
                    -0.9981280565261841,
                    -0.044319964945316315,
                    -0.0421445369720459,
                    -0.16989006102085114
                ],
                [
                    0.0,
                    0.6890979409217834,
                    -0.7246681451797485,
                    -2.9212307929992676
                ],
                [
                    0.0,
                    0.0,
                    0.0,
                    1.0
                ]
            ]
        },
        {
            "file_path": "/data/shapenet_blender/all_50_random/02958343/c7bd3c33967a3f80d292079a67d9d7f4/r_22",
            "rotation": 0.12566370614359174,
            "transform_matrix": [
                [
                    -0.004584206268191338,
                    0.0025264795403927565,
                    0.9999864101409912,
                    4.031073570251465
                ],
                [
                    0.9999895095825195,
                    1.1582023944356479e-05,
                    0.004584191832691431,
                    0.018479466438293457
                ],
                [
                    0.0,
                    0.9999968409538269,
                    -0.0025265063159167767,
                    -0.010184671729803085
                ],
                [
                    0.0,
                    0.0,
                    0.0,
                    1.0
                ]
            ]
        },
        {
            "file_path": "/data/shapenet_blender/all_50_random/02958343/c7bd3c33967a3f80d292079a67d9d7f4/r_23",
            "rotation": 0.12566370614359174,
            "transform_matrix": [
                [
                    -0.2184772789478302,
                    -0.07721998542547226,
                    0.9727818965911865,
                    3.9214093685150146
                ],
                [
                    0.9758420586585999,
                    -0.017288465052843094,
                    0.21779215335845947,
                    0.8779482245445251
                ],
                [
                    -1.862645149230957e-09,
                    0.9968641400337219,
                    0.07913164794445038,
                    0.3189898729324341
                ],
                [
                    0.0,
                    0.0,
                    0.0,
                    1.0
                ]
            ]
        },
        {
            "file_path": "/data/shapenet_blender/all_50_random/02958343/c7bd3c33967a3f80d292079a67d9d7f4/r_24",
            "rotation": 0.12566370614359174,
            "transform_matrix": [
                [
                    -0.6760643124580383,
                    -0.03517507016658783,
                    -0.7360025644302368,
                    -2.966920852661133
                ],
                [
                    -0.7368425726890564,
                    0.03227366507053375,
                    0.6752936244010925,
                    2.7221953868865967
                ],
                [
                    0.0,
                    0.9988597631454468,
                    -0.04773757979273796,
                    -0.1924363225698471
                ],
                [
                    0.0,
                    0.0,
                    0.0,
                    1.0
                ]
            ]
        },
        {
            "file_path": "/data/shapenet_blender/all_50_random/02958343/c7bd3c33967a3f80d292079a67d9d7f4/r_25",
            "rotation": 0.12566370614359174,
            "transform_matrix": [
                [
                    -0.07931637763977051,
                    -0.8784975409507751,
                    0.4711167514324188,
                    1.8991323709487915
                ],
                [
                    0.9968494772911072,
                    -0.06989946216344833,
                    0.03748537600040436,
                    0.15110838413238525
                ],
                [
                    -3.725290298461914e-09,
                    0.4726056158542633,
                    0.8812739849090576,
                    3.5525290966033936
                ],
                [
                    0.0,
                    0.0,
                    0.0,
                    1.0
                ]
            ]
        },
        {
            "file_path": "/data/shapenet_blender/all_50_random/02958343/c7bd3c33967a3f80d292079a67d9d7f4/r_26",
            "rotation": 0.12566370614359174,
            "transform_matrix": [
                [
                    -0.8776636123657227,
                    -0.0014228845247998834,
                    -0.47927504777908325,
                    -1.9320192337036133
                ],
                [
                    -0.479277104139328,
                    0.002605619840323925,
                    0.8776598572731018,
                    3.537959575653076
                ],
                [
                    0.0,
                    0.9999955892562866,
                    -0.002968813991174102,
                    -0.011967670172452927
                ],
                [
                    0.0,
                    0.0,
                    0.0,
                    1.0
                ]
            ]
        },
        {
            "file_path": "/data/shapenet_blender/all_50_random/02958343/c7bd3c33967a3f80d292079a67d9d7f4/r_27",
            "rotation": 0.12566370614359174,
            "transform_matrix": [
                [
                    0.14865519106388092,
                    -0.4086686372756958,
                    -0.900495171546936,
                    -3.630012035369873
                ],
                [
                    -0.9888890981674194,
                    -0.06143329292535782,
                    -0.13536733388900757,
                    -0.5456832051277161
                ],
                [
                    3.725290298461914e-09,
                    0.9106128811836243,
                    -0.4132603704929352,
                    -1.6659058332443237
                ],
                [
                    0.0,
                    0.0,
                    0.0,
                    1.0
                ]
            ]
        },
        {
            "file_path": "/data/shapenet_blender/all_50_random/02958343/c7bd3c33967a3f80d292079a67d9d7f4/r_28",
            "rotation": 0.12566370614359174,
            "transform_matrix": [
                [
                    -0.7817748188972473,
                    0.1216660812497139,
                    -0.6115761995315552,
                    -2.4653427600860596
                ],
                [
                    -0.6235608458518982,
                    -0.15253600478172302,
                    0.7667493224143982,
                    3.0908656120300293
                ],
                [
                    -7.450580596923828e-09,
                    0.9807803630828857,
                    0.19511500000953674,
                    0.786533772945404
                ],
                [
                    0.0,
                    0.0,
                    0.0,
                    1.0
                ]
            ]
        },
        {
            "file_path": "/data/shapenet_blender/all_50_random/02958343/c7bd3c33967a3f80d292079a67d9d7f4/r_29",
            "rotation": 0.12566370614359174,
            "transform_matrix": [
                [
                    -0.2985665798187256,
                    -0.41778382658958435,
                    -0.8580877780914307,
                    -3.4590625762939453
                ],
                [
                    -0.9543889164924622,
                    0.13069754838943481,
                    0.2684401869773865,
                    1.082116961479187
                ],
                [
                    0.0,
                    0.899096667766571,
                    -0.4377501308917999,
                    -1.76462721824646
                ],
                [
                    0.0,
                    0.0,
                    0.0,
                    1.0
                ]
            ]
        },
        {
            "file_path": "/data/shapenet_blender/all_50_random/02958343/c7bd3c33967a3f80d292079a67d9d7f4/r_30",
            "rotation": 0.12566370614359174,
            "transform_matrix": [
                [
                    -0.7770742177963257,
                    -0.004825834650546312,
                    -0.6293904781341553,
                    -2.53715443611145
                ],
                [
                    -0.6294090747833252,
                    0.005958019755780697,
                    0.7770512700080872,
                    3.1323940753936768
                ],
                [
                    0.0,
                    0.9999706745147705,
                    -0.007667246274650097,
                    -0.030907660722732544
                ],
                [
                    0.0,
                    0.0,
                    0.0,
                    1.0
                ]
            ]
        },
        {
            "file_path": "/data/shapenet_blender/all_50_random/02958343/c7bd3c33967a3f80d292079a67d9d7f4/r_31",
            "rotation": 0.12566370614359174,
            "transform_matrix": [
                [
                    0.5271098613739014,
                    0.1081165000796318,
                    -0.8428914546966553,
                    -3.397804021835327
                ],
                [
                    -0.8497971892356873,
                    0.06706220656633377,
                    -0.5228264331817627,
                    -2.1075806617736816
                ],
                [
                    -3.725290742551124e-09,
                    0.9918736219406128,
                    0.12722624838352203,
                    0.512865424156189
                ],
                [
                    0.0,
                    0.0,
                    0.0,
                    1.0
                ]
            ]
        },
        {
            "file_path": "/data/shapenet_blender/all_50_random/02958343/c7bd3c33967a3f80d292079a67d9d7f4/r_32",
            "rotation": 0.12566370614359174,
            "transform_matrix": [
                [
                    0.9406840801239014,
                    -0.1703808307647705,
                    -0.2934006452560425,
                    -1.1827359199523926
                ],
                [
                    -0.33928394317626953,
                    -0.4723905622959137,
                    -0.8134700655937195,
                    -3.279202938079834
                ],
                [
                    0.0,
                    0.864764392375946,
                    -0.5021776556968689,
                    -2.0243430137634277
                ],
                [
                    0.0,
                    0.0,
                    0.0,
                    1.0
                ]
            ]
        },
        {
            "file_path": "/data/shapenet_blender/all_50_random/02958343/c7bd3c33967a3f80d292079a67d9d7f4/r_33",
            "rotation": 0.12566370614359174,
            "transform_matrix": [
                [
                    -0.41456255316734314,
                    0.632905125617981,
                    -0.6538875699043274,
                    -2.6359050273895264
                ],
                [
                    -0.9100207686424255,
                    -0.28832173347473145,
                    0.2978803515434265,
                    1.2007941007614136
                ],
                [
                    0.0,
                    0.7185412645339966,
                    0.6954842805862427,
                    2.803586721420288
                ],
                [
                    0.0,
                    0.0,
                    0.0,
                    1.0
                ]
            ]
        },
        {
            "file_path": "/data/shapenet_blender/all_50_random/02958343/c7bd3c33967a3f80d292079a67d9d7f4/r_34",
            "rotation": 0.12566370614359174,
            "transform_matrix": [
                [
                    0.5691589713096619,
                    0.4464944303035736,
                    0.6904352307319641,
                    2.783233404159546
                ],
                [
                    0.8222275972366333,
                    -0.30907052755355835,
                    -0.4779302179813385,
                    -1.926598310470581
                ],
                [
                    0.0,
                    0.8397130966186523,
                    -0.5430302619934082,
                    -2.1890249252319336
                ],
                [
                    0.0,
                    0.0,
                    0.0,
                    1.0
                ]
            ]
        },
        {
            "file_path": "/data/shapenet_blender/all_50_random/02958343/c7bd3c33967a3f80d292079a67d9d7f4/r_35",
            "rotation": 0.12566370614359174,
            "transform_matrix": [
                [
                    -0.9782956838607788,
                    0.16495530307292938,
                    -0.12540879845619202,
                    -0.5055391192436218
                ],
                [
                    -0.20721398293972015,
                    -0.7787846326828003,
                    0.5920782685279846,
                    2.3867440223693848
                ],
                [
                    7.450581485102248e-09,
                    0.6052139401435852,
                    0.796062707901001,
                    3.209031581878662
                ],
                [
                    0.0,
                    0.0,
                    0.0,
                    1.0
                ]
            ]
        },
        {
            "file_path": "/data/shapenet_blender/all_50_random/02958343/c7bd3c33967a3f80d292079a67d9d7f4/r_36",
            "rotation": 0.12566370614359174,
            "transform_matrix": [
                [
                    -0.04419628158211708,
                    0.19106420874595642,
                    0.9805819988250732,
                    3.952852487564087
                ],
                [
                    0.9990229606628418,
                    0.008452586829662323,
                    0.04338046535849571,
                    0.1748722493648529
                ],
                [
                    0.0,
                    0.9815411567687988,
                    -0.19125106930732727,
                    -0.7709577083587646
                ],
                [
                    0.0,
                    0.0,
                    0.0,
                    1.0
                ]
            ]
        },
        {
            "file_path": "/data/shapenet_blender/all_50_random/02958343/c7bd3c33967a3f80d292079a67d9d7f4/r_37",
            "rotation": 0.12566370614359174,
            "transform_matrix": [
                [
                    0.33748477697372437,
                    0.1425929218530655,
                    0.9304682016372681,
                    3.750837564468384
                ],
                [
                    0.9413309097290039,
                    -0.051122236996889114,
                    -0.3335902988910675,
                    -1.3447456359863281
                ],
                [
                    -3.725290076417309e-09,
                    0.9884602427482605,
                    -0.15148010849952698,
                    -0.6106359362602234
                ],
                [
                    0.0,
                    0.0,
                    0.0,
                    1.0
                ]
            ]
        },
        {
            "file_path": "/data/shapenet_blender/all_50_random/02958343/c7bd3c33967a3f80d292079a67d9d7f4/r_38",
            "rotation": 0.12566370614359174,
            "transform_matrix": [
                [
                    0.044398438185453415,
                    0.393855482339859,
                    0.9180994629859924,
                    3.700977325439453
                ],
                [
                    0.9990138411521912,
                    -0.017503829672932625,
                    -0.040802422910928726,
                    -0.1644798219203949
                ],
                [
                    -1.8626450382086546e-09,
                    0.9190056920051575,
                    -0.3942442238330841,
                    -1.5892492532730103
                ],
                [
                    0.0,
                    0.0,
                    0.0,
                    1.0
                ]
            ]
        },
        {
            "file_path": "/data/shapenet_blender/all_50_random/02958343/c7bd3c33967a3f80d292079a67d9d7f4/r_39",
            "rotation": 0.12566370614359174,
            "transform_matrix": [
                [
                    -0.6398659348487854,
                    -0.24956351518630981,
                    0.7268354892730713,
                    2.929967164993286
                ],
                [
                    0.7684866189956665,
                    -0.20779435336589813,
                    0.605185866355896,
                    2.439581871032715
                ],
                [
                    0.0,
                    0.9458010196685791,
                    0.3247467875480652,
                    1.3090959787368774
                ],
                [
                    0.0,
                    0.0,
                    0.0,
                    1.0
                ]
            ]
        },
        {
            "file_path": "/data/shapenet_blender/all_50_random/02958343/c7bd3c33967a3f80d292079a67d9d7f4/r_40",
            "rotation": 0.12566370614359174,
            "transform_matrix": [
                [
                    -0.7948362827301025,
                    -0.08166450262069702,
                    0.60130375623703,
                    2.4239327907562256
                ],
                [
                    0.6068239212036133,
                    -0.10696662962436676,
                    0.7876058220863342,
                    3.174940347671509
                ],
                [
                    0.0,
                    0.9909032583236694,
                    0.1345769315958023,
                    0.542496919631958
                ],
                [
                    0.0,
                    0.0,
                    0.0,
                    1.0
                ]
            ]
        },
        {
            "file_path": "/data/shapenet_blender/all_50_random/02958343/c7bd3c33967a3f80d292079a67d9d7f4/r_41",
            "rotation": 0.12566370614359174,
            "transform_matrix": [
                [
                    -0.6066946387290955,
                    -0.6836308836936951,
                    0.40567293763160706,
                    1.6353200674057007
                ],
                [
                    0.7949352264404297,
                    -0.5217471718788147,
                    0.30960962176322937,
                    1.2480764389038086
                ],
                [
                    1.4901162970204496e-08,
                    0.510322093963623,
