{
    "class": "02958343",
    "model": "10fda5aa525f6232be8100817bfe3c8a",
    "remove_doubles": true,
    "edge_split": true,
    "denoise": true,
    "camera_angle_x": 0.6911112070083618,
    "scale_factor": 2.274280498800755,
    "hdri_file": "/data/IndoorHDRDataset2018/AG8A5146-0c0a37afe3.exr",
    "center_offset": [
        0.0,
        -9.313225746154785e-10,
        -3.725290298461914e-09
    ],
    "lights": [],
    "frames": [
        {
            "file_path": "/data/shapenet_blender/all_50_random/02958343/10fda5aa525f6232be8100817bfe3c8a/r_0",
            "rotation": 0.12566370614359174,
            "transform_matrix": [
                [
                    0.8212239742279053,
                    0.20004606246948242,
                    -0.5343900322914124,
                    -2.1541950702667236
                ],
                [
                    -0.5706058740615845,
                    0.2879090905189514,
                    -0.7691015601158142,
                    -3.1003475189208984
                ],
                [
                    0.0,
                    0.9365308284759521,
                    0.35058531165122986,
                    1.4132546186447144
                ],
                [
                    0.0,
                    0.0,
                    0.0,
                    1.0
                ]
            ]
        },
        {
            "file_path": "/data/shapenet_blender/all_50_random/02958343/10fda5aa525f6232be8100817bfe3c8a/r_1",
            "rotation": 0.12566370614359174,
            "transform_matrix": [
                [
                    0.904015302658081,
                    -0.05601346865296364,
                    0.42381471395492554,
                    1.708451747894287
                ],
                [
                    0.42750024795532227,
                    0.1184491291642189,
                    -0.8962216973304749,
                    -3.6127853393554688
                ],
                [
                    0.0,
                    0.9913789629936218,
                    0.13102558255195618,
                    0.5281810164451599
                ],
                [
                    0.0,
                    0.0,
                    0.0,
                    1.0
                ]
            ]
        },
        {
            "file_path": "/data/shapenet_blender/all_50_random/02958343/10fda5aa525f6232be8100817bfe3c8a/r_2",
            "rotation": 0.12566370614359174,
            "transform_matrix": [
                [
                    0.8637867569923401,
                    0.3083259165287018,
                    -0.3985067307949066,
                    -1.6064319610595703
                ],
                [
                    -0.5038576126098633,
                    0.5285775661468506,
                    -0.6831787824630737,
                    -2.753981828689575
                ],
                [
                    -1.4901161193847656e-08,
                    0.7909114360809326,
                    0.6119306683540344,
                    2.466771364212036
                ],
                [
                    0.0,
                    0.0,
                    0.0,
                    1.0
                ]
            ]
        },
        {
            "file_path": "/data/shapenet_blender/all_50_random/02958343/10fda5aa525f6232be8100817bfe3c8a/r_3",
            "rotation": 0.12566370614359174,
            "transform_matrix": [
                [
                    0.9931513071060181,
                    -0.036825068295001984,
                    -0.11087999492883682,
                    -0.446971595287323
                ],
                [
                    -0.11683519184589386,
                    -0.31302952766418457,
                    -0.9425294995307922,
                    -3.7994582653045654
                ],
                [
                    0.0,
                    0.9490290880203247,
                    -0.31518813967704773,
                    -1.2705641984939575
                ],
                [
                    0.0,
                    0.0,
                    0.0,
                    1.0
                ]
            ]
        },
        {
            "file_path": "/data/shapenet_blender/all_50_random/02958343/10fda5aa525f6232be8100817bfe3c8a/r_4",
            "rotation": 0.12566370614359174,
            "transform_matrix": [
                [
                    -0.770862877368927,
                    -0.4546508491039276,
                    -0.4461648166179657,
                    -1.7985477447509766
                ],
                [
                    -0.637001097202301,
                    0.5501928925514221,
                    0.5399235486984253,
                    2.1765012741088867
                ],
                [
                    1.4901160305669237e-08,
                    0.7004144787788391,
                    -0.713736355304718,
                    -2.8771629333496094
                ],
                [
                    0.0,
                    0.0,
                    0.0,
                    1.0
                ]
            ]
        },
        {
            "file_path": "/data/shapenet_blender/all_50_random/02958343/10fda5aa525f6232be8100817bfe3c8a/r_5",
            "rotation": 0.12566370614359174,
            "transform_matrix": [
                [
                    -0.8364066481590271,
                    -0.23850812017917633,
                    0.4934955835342407,
                    1.9893441200256348
                ],
                [
                    0.5481095314025879,
                    -0.3639596998691559,
                    0.7530666589736938,
                    3.035708427429199
                ],
                [
                    0.0,
                    0.9003593921661377,
                    0.43514692783355713,
                    1.7541331052780151
                ],
                [
                    0.0,
                    0.0,
                    0.0,
                    1.0
                ]
            ]
        },
        {
            "file_path": "/data/shapenet_blender/all_50_random/02958343/10fda5aa525f6232be8100817bfe3c8a/r_6",
            "rotation": 0.12566370614359174,
            "transform_matrix": [
                [
                    -0.5195758938789368,
                    0.6691275238990784,
                    -0.5313278436660767,
                    -2.1418509483337402
                ],
                [
                    -0.8544242978096008,
                    -0.40689682960510254,
                    0.3231007754802704,
                    1.3024609088897705
                ],
                [
                    1.4901161193847656e-08,
                    0.6218547821044922,
                    0.7831325531005859,
                    3.1569082736968994
                ],
                [
                    0.0,
                    0.0,
                    0.0,
                    1.0
                ]
            ]
        },
        {
            "file_path": "/data/shapenet_blender/all_50_random/02958343/10fda5aa525f6232be8100817bfe3c8a/r_7",
            "rotation": 0.12566370614359174,
            "transform_matrix": [
                [
                    -0.5485049486160278,
                    0.7400833368301392,
                    -0.38912585377693176,
                    -1.5686166286468506
                ],
                [
                    -0.8361471891403198,
                    -0.4854879677295685,
                    0.2552630305290222,
                    1.0289982557296753
                ],
                [
                    0.0,
                    0.46537962555885315,
                    0.8851110935211182,
                    3.5679972171783447
                ],
                [
                    0.0,
                    0.0,
                    0.0,
                    1.0
                ]
            ]
        },
        {
            "file_path": "/data/shapenet_blender/all_50_random/02958343/10fda5aa525f6232be8100817bfe3c8a/r_8",
            "rotation": 0.12566370614359174,
            "transform_matrix": [
                [
                    -0.7982102632522583,
                    -0.2145099937915802,
                    0.5628907084465027,
                    2.269084930419922
                ],
                [
                    0.6023790836334229,
                    -0.28424638509750366,
                    0.745884358882904,
                    3.006756067276001
                ],
                [
                    0.0,
                    0.9344460964202881,
                    0.35610467195510864,
                    1.4355038404464722
                ],
                [
                    0.0,
                    0.0,
                    0.0,
                    1.0
                ]
            ]
        },
        {
            "file_path": "/data/shapenet_blender/all_50_random/02958343/10fda5aa525f6232be8100817bfe3c8a/r_9",
            "rotation": 0.12566370614359174,
            "transform_matrix": [
                [
                    0.5681188106536865,
                    0.6033029556274414,
                    -0.5597021579742432,
                    -2.2562317848205566
                ],
                [
                    -0.8229465484619141,
                    0.4164884388446808,
                    -0.38638877868652344,
                    -1.5575830936431885
                ],
                [
                    0.0,
                    0.6801198124885559,
                    0.733100950717926,
                    2.9552247524261475
                ],
                [
                    0.0,
                    0.0,
                    0.0,
                    1.0
                ]
            ]
        },
        {
            "file_path": "/data/shapenet_blender/all_50_random/02958343/10fda5aa525f6232be8100817bfe3c8a/r_10",
            "rotation": 0.12566370614359174,
            "transform_matrix": [
                [
                    0.9593998193740845,
                    0.17508365213871002,
                    0.2211284190416336,
                    0.8913971781730652
                ],
                [
                    0.2820497751235962,
                    -0.5955517292022705,
                    -0.7521742582321167,
                    -3.032111406326294
                ],
                [
                    -1.4901161193847656e-08,
                    0.7840049862861633,
                    -0.6207545399665833,
                    -2.5023415088653564
                ],
                [
                    0.0,
                    0.0,
                    0.0,
                    1.0
                ]
            ]
        },
        {
            "file_path": "/data/shapenet_blender/all_50_random/02958343/10fda5aa525f6232be8100817bfe3c8a/r_11",
            "rotation": 0.12566370614359174,
            "transform_matrix": [
                [
                    0.45014792680740356,
                    0.2519100606441498,
                    0.8566843271255493,
                    3.4534051418304443
                ],
                [
                    0.8929541110992432,
                    -0.12699063122272491,
                    -0.431863933801651,
                    -1.7408993244171143
                ],
                [
                    1.4901162970204496e-08,
                    0.9593824148178101,
                    -0.2821086645126343,
                    -1.137216567993164
                ],
                [
                    0.0,
                    0.0,
                    0.0,
                    1.0
                ]
            ]
        },
        {
            "file_path": "/data/shapenet_blender/all_50_random/02958343/10fda5aa525f6232be8100817bfe3c8a/r_12",
            "rotation": 0.12566370614359174,
            "transform_matrix": [
                [
                    0.9440209865570068,
                    0.16085048019886017,
                    0.2880133092403412,
                    1.1610187292099
                ],
                [
                    0.32988569140434265,
                    -0.4602995216846466,
                    -0.8241963982582092,
                    -3.322442054748535
                ],
                [
                    0.0,
                    0.8730700016021729,
                    -0.4875946640968323,
                    -1.9655569791793823
                ],
                [
                    0.0,
                    0.0,
                    0.0,
                    1.0
                ]
            ]
        },
        {
            "file_path": "/data/shapenet_blender/all_50_random/02958343/10fda5aa525f6232be8100817bfe3c8a/r_13",
            "rotation": 0.12566370614359174,
            "transform_matrix": [
                [
                    0.9747747182846069,
                    -0.21640680730342865,
                    -0.05461158975958824,
                    -0.22014635801315308
                ],
                [
                    -0.2231912761926651,
                    -0.9451439380645752,
                    -0.23851290345191956,
                    -0.9614762663841248
                ],
                [
                    3.725290298461914e-09,
                    0.24468518793582916,
                    -0.969602644443512,
                    -3.90859317779541
                ],
                [
                    0.0,
                    0.0,
                    0.0,
                    1.0
                ]
            ]
        },
        {
            "file_path": "/data/shapenet_blender/all_50_random/02958343/10fda5aa525f6232be8100817bfe3c8a/r_14",
            "rotation": 0.12566370614359174,
            "transform_matrix": [
                [
                    -0.9956457018852234,
                    0.014451192691922188,
                    0.09209121763706207,
                    0.3712316155433655
                ],
                [
                    0.09321818500757217,
                    0.1543504297733307,
                    0.9836087822914124,
                    3.9650540351867676
                ],
                [
                    0.0,
                    0.9879105091094971,
                    -0.1550254374742508,
                    -0.6249275803565979
                ],
                [
                    0.0,
                    0.0,
                    0.0,
                    1.0
                ]
            ]
        },
        {
            "file_path": "/data/shapenet_blender/all_50_random/02958343/10fda5aa525f6232be8100817bfe3c8a/r_15",
            "rotation": 0.12566370614359174,
            "transform_matrix": [
                [
                    0.9798880219459534,
                    0.03468088060617447,
                    -0.19651147723197937,
                    -0.7921630144119263
                ],
                [
                    -0.19954827427864075,
                    0.17030152678489685,
                    -0.9649756550788879,
                    -3.8899407386779785
                ],
                [
                    0.0,
                    0.9847815632820129,
                    0.17379696667194366,
                    0.700597882270813
                ],
                [
                    0.0,
                    0.0,
                    0.0,
                    1.0
                ]
            ]
        },
        {
            "file_path": "/data/shapenet_blender/all_50_random/02958343/10fda5aa525f6232be8100817bfe3c8a/r_16",
            "rotation": 0.12566370614359174,
            "transform_matrix": [
                [
                    -0.4335637390613556,
                    0.3836158215999603,
                    -0.8153902888298035,
                    -3.2869434356689453
                ],
                [
                    -0.9011229276657104,
                    -0.18457183241844177,
                    0.3923145830631256,
                    1.5814707279205322
                ],
                [
                    0.0,
                    0.9048603177070618,
                    0.4257086515426636,
                    1.716086506843567
                ],
                [
                    0.0,
                    0.0,
                    0.0,
                    1.0
                ]
            ]
        },
        {
            "file_path": "/data/shapenet_blender/all_50_random/02958343/10fda5aa525f6232be8100817bfe3c8a/r_17",
            "rotation": 0.12566370614359174,
            "transform_matrix": [
                [
                    -0.9966688752174377,
                    0.07950281351804733,
                    0.01817947067320347,
                    0.07328379154205322
                ],
                [
                    0.0815548375248909,
                    0.9715914130210876,
                    0.2221684455871582,
                    0.8955896496772766
                ],
                [
                    0.0,
                    0.22291088104248047,
                    -0.9748387932777405,
                    -3.9297008514404297
                ],
                [
                    0.0,
                    0.0,
                    0.0,
                    1.0
                ]
            ]
        },
        {
            "file_path": "/data/shapenet_blender/all_50_random/02958343/10fda5aa525f6232be8100817bfe3c8a/r_18",
            "rotation": 0.12566370614359174,
            "transform_matrix": [
                [
                    0.9688979387283325,
                    -0.22253768146038055,
                    0.10823018103837967,
                    0.43628984689712524
                ],
                [
                    0.2474607229232788,
                    0.8713152408599854,
                    -0.42376020550727844,
                    -1.7082321643829346
                ],
                [
                    7.450581485102248e-09,
                    0.43736305832862854,
                    0.8992848992347717,
                    3.625133514404297
                ],
                [
                    0.0,
                    0.0,
                    0.0,
                    1.0
                ]
            ]
        },
        {
            "file_path": "/data/shapenet_blender/all_50_random/02958343/10fda5aa525f6232be8100817bfe3c8a/r_19",
            "rotation": 0.12566370614359174,
            "transform_matrix": [
                [
                    0.9623539447784424,
                    0.14731550216674805,
                    0.22841405868530273,
                    0.9207665920257568
                ],
                [
                    0.2717992663383484,
                    -0.5215969085693359,
                    -0.8087408542633057,
                    -3.260138988494873
                ],
                [
                    0.0,
                    0.8403778672218323,
                    -0.542000949382782,
                    -2.184875965118408
                ],
                [
                    0.0,
                    0.0,
                    0.0,
                    1.0
                ]
            ]
        },
        {
            "file_path": "/data/shapenet_blender/all_50_random/02958343/10fda5aa525f6232be8100817bfe3c8a/r_20",
            "rotation": 0.12566370614359174,
            "transform_matrix": [
                [
                    -0.38874030113220215,
                    0.8097422122955322,
                    0.4395434856414795,
                    1.7718565464019775
                ],
                [
                    0.9213473796844482,
                    0.34165120124816895,
                    0.18545477092266083,
                    0.7475921511650085
                ],
                [
                    0.0,
                    0.4770660698413849,
                    -0.8788673877716064,
                    -3.54282808303833
                ],
                [
                    0.0,
                    0.0,
                    0.0,
                    1.0
                ]
            ]
        },
        {
            "file_path": "/data/shapenet_blender/all_50_random/02958343/10fda5aa525f6232be8100817bfe3c8a/r_21",
            "rotation": 0.12566370614359174,
            "transform_matrix": [
                [
                    -0.5532858371734619,
                    -0.11615949869155884,
                    -0.8248526453971863,
                    -3.325087308883667
                ],
                [
                    -0.8329915404319763,
                    0.07715492695569992,
                    0.5478798151016235,
                    2.2085742950439453
                ],
                [
                    0.0,
                    0.9902293086051941,
                    -0.1394486129283905,
                    -0.5621353387832642
                ],
                [
                    0.0,
                    0.0,
                    0.0,
                    1.0
                ]
            ]
        },
        {
            "file_path": "/data/shapenet_blender/all_50_random/02958343/10fda5aa525f6232be8100817bfe3c8a/r_22",
            "rotation": 0.12566370614359174,
            "transform_matrix": [
                [
                    0.789094090461731,
                    -0.34005218744277954,
                    -0.5115612745285034,
                    -2.0621697902679443
                ],
                [
                    -0.6142723560333252,
                    -0.43683096766471863,
                    -0.6571515202522278,
                    -2.6490626335144043
                ],
                [
                    0.0,
                    0.832792341709137,
                    -0.5535853505134583,
                    -2.231574058532715
                ],
                [
                    0.0,
                    0.0,
                    0.0,
                    1.0
                ]
            ]
        },
        {
            "file_path": "/data/shapenet_blender/all_50_random/02958343/10fda5aa525f6232be8100817bfe3c8a/r_23",
            "rotation": 0.12566370614359174,
            "transform_matrix": [
                [
                    0.9656493067741394,
                    0.05531096085906029,
                    0.25389382243156433,
                    1.0234787464141846
                ],
                [
                    0.25984877347946167,
                    -0.20554646849632263,
                    -0.9435195922851562,
                    -3.8034491539001465
                ],
                [
                    3.725290298461914e-09,
                    0.9770830869674683,
                    -0.21285827457904816,
                    -0.8580591678619385
                ],
                [
                    0.0,
                    0.0,
                    0.0,
                    1.0
                ]
            ]
        },
        {
            "file_path": "/data/shapenet_blender/all_50_random/02958343/10fda5aa525f6232be8100817bfe3c8a/r_24",
            "rotation": 0.12566370614359174,
            "transform_matrix": [
                [
                    0.023257682099938393,
                    -0.025269698351621628,
                    0.9994100332260132,
                    4.028750896453857
                ],
                [
                    0.9997295141220093,
                    0.0005878736265003681,
                    -0.023250248283147812,
                    -0.09372475743293762
                ],
                [
                    -5.820766091346741e-11,
                    0.9996804594993591,
                    0.025276536121964455,
                    0.10189298540353775
                ],
                [
                    0.0,
                    0.0,
                    0.0,
                    1.0
                ]
            ]
        },
        {
            "file_path": "/data/shapenet_blender/all_50_random/02958343/10fda5aa525f6232be8100817bfe3c8a/r_25",
            "rotation": 0.12566370614359174,
            "transform_matrix": [
                [
                    0.3018271028995514,
                    -0.030793199315667152,
                    -0.9528652429580688,
                    -3.8411223888397217
                ],
                [
                    -0.9533625841140747,
                    -0.009748886339366436,
                    -0.3016696572303772,
                    -1.216069221496582
                ],
                [
                    -9.313224080820248e-10,
                    0.9994782209396362,
                    -0.03229956701397896,
                    -0.1302037239074707
                ],
                [
                    0.0,
                    0.0,
                    0.0,
                    1.0
                ]
            ]
        },
        {
            "file_path": "/data/shapenet_blender/all_50_random/02958343/10fda5aa525f6232be8100817bfe3c8a/r_26",
            "rotation": 0.12566370614359174,
            "transform_matrix": [
                [
                    0.48219388723373413,
                    -0.26663246750831604,
                    0.8345035910606384,
                    3.3639912605285645
                ],
                [
                    0.8760644793510437,
                    0.14675696194171906,
                    -0.4593184292316437,
                    -1.8515715599060059
                ],
                [
                    0.0,
                    0.9525595307350159,
                    0.3043525516986847,
                    1.2268842458724976
                ],
                [
                    0.0,
                    0.0,
                    0.0,
                    1.0
                ]
            ]
        },
        {
            "file_path": "/data/shapenet_blender/all_50_random/02958343/10fda5aa525f6232be8100817bfe3c8a/r_27",
            "rotation": 0.12566370614359174,
            "transform_matrix": [
                [
                    0.9457252025604248,
                    0.0405220091342926,
                    0.3224309980869293,
                    1.2997610569000244
                ],
                [
                    0.3249673843383789,
                    -0.11792778968811035,
                    -0.9383438229560852,
                    -3.7825851440429688
                ],
                [
                    0.0,
                    0.9921950697898865,
                    -0.12469560652971268,
                    -0.5026640892028809
                ],
                [
                    0.0,
                    0.0,
                    0.0,
                    1.0
                ]
            ]
        },
        {
            "file_path": "/data/shapenet_blender/all_50_random/02958343/10fda5aa525f6232be8100817bfe3c8a/r_28",
            "rotation": 0.12566370614359174,
            "transform_matrix": [
                [
                    0.9053449630737305,
                    -0.185655876994133,
                    0.38194558024406433,
                    1.5396720170974731
                ],
                [
                    0.4246770441532135,
                    0.3957892954349518,
                    -0.8142482042312622,
                    -3.2823398113250732
                ],
                [
                    -1.4901162970204496e-08,
                    0.8993790149688721,
                    0.4371695816516876,
                    1.7622870206832886
                ],
                [
                    0.0,
                    0.0,
                    0.0,
                    1.0
                ]
            ]
        },
        {
            "file_path": "/data/shapenet_blender/all_50_random/02958343/10fda5aa525f6232be8100817bfe3c8a/r_29",
            "rotation": 0.12566370614359174,
            "transform_matrix": [
                [
                    -0.37741994857788086,
                    0.4200756847858429,
                    -0.8252821564674377,
                    -3.3268187046051025
                ],
                [
                    -0.9260423183441162,
                    -0.1712070107460022,
                    0.3363538980484009,
                    1.3558859825134277
                ],
                [
                    0.0,
                    0.8911927342414856,
                    0.45362478494644165,
                    1.8286199569702148
                ],
                [
                    0.0,
                    0.0,
                    0.0,
                    1.0
                ]
            ]
        },
        {
            "file_path": "/data/shapenet_blender/all_50_random/02958343/10fda5aa525f6232be8100817bfe3c8a/r_30",
            "rotation": 0.12566370614359174,
            "transform_matrix": [
                [
                    0.36450058221817017,
                    -0.1960679441690445,
                    0.9103277325630188,
                    3.6696486473083496
                ],
                [
                    0.9312030673027039,
                    0.07674682140350342,
                    -0.3563293516635895,
                    -1.4364097118377686
                ],
                [
                    7.450580152834618e-09,
                    0.9775823354721069,
                    0.2105533331632614,
                    0.8487676978111267
                ],
                [
                    0.0,
                    0.0,
                    0.0,
                    1.0
                ]
            ]
        },
        {
            "file_path": "/data/shapenet_blender/all_50_random/02958343/10fda5aa525f6232be8100817bfe3c8a/r_31",
            "rotation": 0.12566370614359174,
            "transform_matrix": [
                [
                    -0.9580512642860413,
                    0.12200258672237396,
                    -0.2593322992324829,
                    -1.045401930809021
                ],
                [
                    -0.2865970730781555,
                    -0.4078364670276642,
                    0.8669092059135437,
                    3.4946227073669434
                ],
                [
                    -7.450580596923828e-09,
                    0.9048672318458557,
                    0.4256938099861145,
                    1.7160266637802124
                ],
                [
                    0.0,
                    0.0,
                    0.0,
                    1.0
                ]
            ]
        },
        {
            "file_path": "/data/shapenet_blender/all_50_random/02958343/10fda5aa525f6232be8100817bfe3c8a/r_32",
            "rotation": 0.12566370614359174,
            "transform_matrix": [
                [
                    -0.9624942541122437,
                    0.08340923488140106,
                    0.25816214084625244,
                    1.0406849384307861
                ],
                [
                    0.2713020443916321,
                    0.29590967297554016,
                    0.9158779978752136,
                    3.6920225620269775
                ],
                [
                    7.450580596923828e-09,
                    0.9515672922134399,
                    -0.3074404299259186,
                    -1.2393320798873901
                ],
                [
                    0.0,
                    0.0,
                    0.0,
                    1.0
                ]
            ]
        },
        {
            "file_path": "/data/shapenet_blender/all_50_random/02958343/10fda5aa525f6232be8100817bfe3c8a/r_33",
            "rotation": 0.12566370614359174,
            "transform_matrix": [
                [
                    -0.9860747456550598,
                    -0.0021868092007935047,
                    -0.16628876328468323,
                    -0.6703314185142517
                ],
                [
                    -0.16630315780639648,
                    0.01296642329543829,
                    0.9859893918037415,
                    3.9746503829956055
                ],
                [
                    -2.3283064365386963e-10,
                    0.9999136328697205,
                    -0.013149533420801163,
                    -0.05300746485590935
                ],
                [
                    0.0,
                    0.0,
                    0.0,
                    1.0
                ]
            ]
        },
        {
            "file_path": "/data/shapenet_blender/all_50_random/02958343/10fda5aa525f6232be8100817bfe3c8a/r_34",
            "rotation": 0.12566370614359174,
            "transform_matrix": [
                [
                    -0.9721980094909668,
                    0.1755727380514145,
                    0.15493613481521606,
                    0.6245675086975098
                ],
                [
                    0.2341601848602295,
                    0.7289516925811768,
                    0.6432716250419617,
                    2.5931107997894287
                ],
                [
                    0.0,
                    0.6616672277450562,
                    -0.7497975826263428,
                    -3.0225307941436768
                ],
                [
                    0.0,
                    0.0,
                    0.0,
                    1.0
                ]
            ]
        },
        {
            "file_path": "/data/shapenet_blender/all_50_random/02958343/10fda5aa525f6232be8100817bfe3c8a/r_35",
            "rotation": 0.12566370614359174,
            "transform_matrix": [
                [
                    -0.7733728289604187,
                    0.577699601650238,
                    0.2610698640346527,
                    1.0524063110351562
                ],
                [
                    0.6339513659477234,
                    0.7047499418258667,
                    0.3184855580329895,
                    1.2838563919067383
                ],
                [
                    1.4901160305669237e-08,
                    0.4118137061595917,
                    -0.9112680554389954,
                    -3.6734390258789062
                ],
                [
                    0.0,
                    0.0,
                    0.0,
                    1.0
                ]
            ]
        },
        {
            "file_path": "/data/shapenet_blender/all_50_random/02958343/10fda5aa525f6232be8100817bfe3c8a/r_36",
            "rotation": 0.12566370614359174,
            "transform_matrix": [
                [
                    0.2368701994419098,
                    -0.8359920382499695,
                    0.4949847161769867,
                    1.995347261428833
                ],
                [
                    0.9715412259101868,
                    0.20382210612297058,
                    -0.12068156152963638,
                    -0.4864829480648041
                ],
                [
                    0.0,
                    0.509484052658081,
                    0.8604801297187805,
                    3.4687063694000244
                ],
                [
                    0.0,
                    0.0,
                    0.0,
                    1.0
                ]
            ]
        },
        {
            "file_path": "/data/shapenet_blender/all_50_random/02958343/10fda5aa525f6232be8100817bfe3c8a/r_37",
            "rotation": 0.12566370614359174,
            "transform_matrix": [
                [
                    0.8719409108161926,
                    -0.24594883620738983,
                    -0.423353374004364,
                    -1.7065922021865845
                ],
                [
                    -0.4896109998226166,
                    -0.4380066394805908,
                    -0.7539437413215637,
                    -3.0392446517944336
                ],
                [
                    0.0,
                    0.8646728992462158,
                    -0.5023351311683655,
                    -2.024977922439575
                ],
                [
                    0.0,
                    0.0,
                    0.0,
                    1.0
                ]
            ]
        },
        {
            "file_path": "/data/shapenet_blender/all_50_random/02958343/10fda5aa525f6232be8100817bfe3c8a/r_38",
            "rotation": 0.12566370614359174,
            "transform_matrix": [
                [
                    0.4274837076663971,
                    -0.41149938106536865,
                    0.8049384355545044,
                    3.2448105812072754
                ],
                [
                    0.9040230512619019,
                    0.1945849508047104,
                    -0.3806297481060028,
                    -1.534367561340332
                ],
                [
                    0.0,
                    0.8903958201408386,
                    0.4551868736743927,
                    1.8349169492721558
                ],
                [
                    0.0,
                    0.0,
                    0.0,
                    1.0
                ]
            ]
        },
        {
            "file_path": "/data/shapenet_blender/all_50_random/02958343/10fda5aa525f6232be8100817bfe3c8a/r_39",
            "rotation": 0.12566370614359174,
            "transform_matrix": [
                [
                    0.008225919678807259,
                    0.17872604727745056,
                    0.983864426612854,
                    3.9660844802856445
                ],
                [
                    0.9999662637710571,
                    -0.0014702357584610581,
                    -0.008093463256955147,
                    -0.032625794410705566
                ],
                [
                    0.0,
                    0.9838977456092834,
                    -0.17873209714889526,
                    -0.7204921245574951
                ],
                [
                    0.0,
                    0.0,
                    0.0,
                    1.0
                ]
            ]
        },
        {
            "file_path": "/data/shapenet_blender/all_50_random/02958343/10fda5aa525f6232be8100817bfe3c8a/r_40",
            "rotation": 0.12566370614359174,
            "transform_matrix": [
                [
                    -0.4551122784614563,
                    0.3669703006744385,
                    -0.811298668384552,
                    -3.270449638366699
                ],
                [
                    -0.8904340863227844,
                    -0.1875632405281067,
                    0.414665162563324,
                    1.671568751335144
                ],
                [
                    -1.4901161193847656e-08,
                    0.9111271500587463,
                    0.41212520003318787,
                    1.6613298654556274
                ],
                [
                    0.0,
                    0.0,
                    0.0,
                    1.0
                ]
            ]
        },
        {
            "file_path": "/data/shapenet_blender/all_50_random/02958343/10fda5aa525f6232be8100817bfe3c8a/r_41",
            "rotation": 0.12566370614359174,
            "transform_matrix": [
                [
                    -0.30847615003585815,
                    0.380099892616272,
                    -0.8719899654388428,
                    -3.515104055404663
                ],
                [
                    -0.9512320756912231,
                    -0.12326303124427795,
                    0.28277862071990967,
                    1.1399171352386475
                ],
                [
                    0.0,
                    0.9166952967643738,
