{
    "class": "02958343",
    "model": "7aff83bed75b6778e5e8ebca62d4509c",
    "remove_doubles": true,
    "edge_split": true,
    "denoise": true,
    "camera_angle_x": 0.6911112070083618,
    "scale_factor": 2.309778199028121,
    "hdri_file": "/data/IndoorHDRDataset2018/9C4A1143-0c066bc93e.exr",
    "center_offset": [
        0.0,
        0.0,
        4.656612873077393e-10
    ],
    "lights": [],
    "frames": [
        {
            "file_path": "/data/shapenet_blender/all_50_random/02958343/7aff83bed75b6778e5e8ebca62d4509c/r_0",
            "rotation": 0.12566370614359174,
            "transform_matrix": [
                [
                    0.6720638871192932,
                    -0.4520564079284668,
                    0.5864938497543335,
                    2.3642325401306152
                ],
                [
                    0.7404931783676147,
                    0.4102816879749298,
                    -0.5322957038879395,
                    -2.1457529067993164
                ],
                [
                    0.0,
                    0.7920315265655518,
                    0.6104800701141357,
                    2.4609241485595703
                ],
                [
                    0.0,
                    0.0,
                    0.0,
                    1.0
                ]
            ]
        },
        {
            "file_path": "/data/shapenet_blender/all_50_random/02958343/7aff83bed75b6778e5e8ebca62d4509c/r_1",
            "rotation": 0.12566370614359174,
            "transform_matrix": [
                [
                    0.0024794144555926323,
                    -0.7103613615036011,
                    -0.7038328051567078,
                    -2.8372409343719482
                ],
                [
                    -0.9999968409538269,
                    -0.0017612858209758997,
                    -0.0017450988525524735,
                    -0.007034718990325928
                ],
                [
                    0.0,
                    0.7038350701332092,
                    -0.7103633880615234,
                    -2.8635666370391846
                ],
                [
                    0.0,
                    0.0,
                    0.0,
                    1.0
                ]
            ]
        },
        {
            "file_path": "/data/shapenet_blender/all_50_random/02958343/7aff83bed75b6778e5e8ebca62d4509c/r_2",
            "rotation": 0.12566370614359174,
            "transform_matrix": [
                [
                    0.9897225499153137,
                    -0.027038149535655975,
                    -0.14042122662067413,
                    -0.5660560131072998
                ],
                [
                    -0.14300061762332916,
                    -0.18713389337062836,
                    -0.9718702435493469,
                    -3.917733907699585
                ],
                [
                    1.8626450382086546e-09,
                    0.9819621443748474,
                    -0.18907716870307922,
                    -0.7621943354606628
                ],
                [
                    0.0,
                    0.0,
                    0.0,
                    1.0
                ]
            ]
        },
        {
            "file_path": "/data/shapenet_blender/all_50_random/02958343/7aff83bed75b6778e5e8ebca62d4509c/r_3",
            "rotation": 0.12566370614359174,
            "transform_matrix": [
                [
                    -0.8765111565589905,
                    0.08855900168418884,
                    0.4731654226779938,
                    1.9073909521102905
                ],
                [
                    0.4813816547393799,
                    0.16125033795833588,
                    0.8615508675575256,
                    3.473022937774658
                ],
                [
                    0.0,
                    0.9829322099685669,
                    -0.18396836519241333,
                    -0.7416002750396729
                ],
                [
                    0.0,
                    0.0,
                    0.0,
                    1.0
                ]
            ]
        },
        {
            "file_path": "/data/shapenet_blender/all_50_random/02958343/7aff83bed75b6778e5e8ebca62d4509c/r_4",
            "rotation": 0.12566370614359174,
            "transform_matrix": [
                [
                    -0.10913591831922531,
                    -0.4630880057811737,
                    0.8795673251152039,
                    3.545649766921997
                ],
                [
                    0.994026780128479,
                    -0.05084323510527611,
                    0.09656921774148941,
                    0.38928303122520447
                ],
                [
                    0.0,
                    0.8848527669906616,
                    0.4658706486225128,
                    1.877984881401062
                ],
                [
                    0.0,
                    0.0,
                    0.0,
                    1.0
                ]
            ]
        },
        {
            "file_path": "/data/shapenet_blender/all_50_random/02958343/7aff83bed75b6778e5e8ebca62d4509c/r_5",
            "rotation": 0.12566370614359174,
            "transform_matrix": [
                [
                    -0.5935317277908325,
                    -0.700534462928772,
                    0.39619630575180054,
                    1.5971184968948364
                ],
                [
                    0.804810643196106,
                    -0.5166301131248474,
                    0.29218682646751404,
                    1.1778428554534912
                ],
                [
                    0.0,
                    0.4922850728034973,
                    0.8704338669776917,
                    3.50883150100708
                ],
                [
                    0.0,
                    0.0,
                    0.0,
                    1.0
                ]
            ]
        },
        {
            "file_path": "/data/shapenet_blender/all_50_random/02958343/7aff83bed75b6778e5e8ebca62d4509c/r_6",
            "rotation": 0.12566370614359174,
            "transform_matrix": [
                [
                    -0.3182819187641144,
                    0.3708808124065399,
                    0.8724356889724731,
                    3.5169007778167725
                ],
                [
                    0.9479961395263672,
                    0.1245201900601387,
                    0.2929131090641022,
                    1.1807705163955688
                ],
                [
                    -7.450580596923828e-09,
                    0.9202945828437805,
                    -0.3912261128425598,
                    -1.577082872390747
                ],
                [
                    0.0,
                    0.0,
                    0.0,
                    1.0
                ]
            ]
        },
        {
            "file_path": "/data/shapenet_blender/all_50_random/02958343/7aff83bed75b6778e5e8ebca62d4509c/r_7",
            "rotation": 0.12566370614359174,
            "transform_matrix": [
                [
                    -0.9969751834869385,
                    0.013864672742784023,
                    0.07647445052862167,
                    0.3082783818244934
                ],
                [
                    0.07772110402584076,
                    0.17785046994686127,
                    0.980983555316925,
                    3.9544711112976074
                ],
                [
                    -9.313225746154785e-10,
                    0.9839598536491394,
                    -0.17839007079601288,
                    -0.7191133499145508
                ],
                [
                    0.0,
                    0.0,
                    0.0,
                    1.0
                ]
            ]
        },
        {
            "file_path": "/data/shapenet_blender/all_50_random/02958343/7aff83bed75b6778e5e8ebca62d4509c/r_8",
            "rotation": 0.12566370614359174,
            "transform_matrix": [
                [
                    0.8248144388198853,
                    0.26823991537094116,
                    -0.4977233409881592,
                    -2.0063869953155518
                ],
                [
                    -0.5654035806655884,
                    0.3913101553916931,
                    -0.7260820865631104,
                    -2.9269304275512695
                ],
                [
                    0.0,
                    0.8802975416183472,
                    0.4744220972061157,
                    1.9124566316604614
                ],
                [
                    0.0,
                    0.0,
                    0.0,
                    1.0
                ]
            ]
        },
        {
            "file_path": "/data/shapenet_blender/all_50_random/02958343/7aff83bed75b6778e5e8ebca62d4509c/r_9",
            "rotation": 0.12566370614359174,
            "transform_matrix": [
                [
                    -0.045288898050785065,
                    -0.19608257710933685,
                    0.9795409440994263,
                    3.948655843734741
                ],
                [
                    0.9989739060401917,
                    -0.008889486081898212,
                    0.04440790042281151,
                    0.17901396751403809
                ],
                [
                    0.0,
                    0.9805470108985901,
                    0.1962839961051941,
                    0.7912461161613464
                ],
                [
                    0.0,
                    0.0,
                    0.0,
                    1.0
                ]
            ]
        },
        {
            "file_path": "/data/shapenet_blender/all_50_random/02958343/7aff83bed75b6778e5e8ebca62d4509c/r_10",
            "rotation": 0.12566370614359174,
            "transform_matrix": [
                [
                    -0.45565420389175415,
                    -0.40166693925857544,
                    -0.7943820953369141,
                    -3.202256679534912
                ],
                [
                    -0.8901569843292236,
                    0.20560558140277863,
                    0.40662890672683716,
                    1.6391735076904297
                ],
                [
                    0.0,
                    0.8924068212509155,
                    -0.45123159885406494,
                    -1.8189727067947388
                ],
                [
                    0.0,
                    0.0,
                    0.0,
                    1.0
                ]
            ]
        },
        {
            "file_path": "/data/shapenet_blender/all_50_random/02958343/7aff83bed75b6778e5e8ebca62d4509c/r_11",
            "rotation": 0.12566370614359174,
            "transform_matrix": [
                [
                    -0.6028673648834229,
                    0.6760051846504211,
                    0.4237546920776367,
                    1.708209753036499
                ],
                [
                    0.7978414297103882,
                    0.510805070400238,
                    0.32019880414009094,
                    1.2907626628875732
                ],
                [
                    1.4901161193847656e-08,
                    0.5311263203620911,
                    -0.8472926020622253,
                    -3.415545701980591
                ],
                [
                    0.0,
                    0.0,
                    0.0,
                    1.0
                ]
            ]
        },
        {
            "file_path": "/data/shapenet_blender/all_50_random/02958343/7aff83bed75b6778e5e8ebca62d4509c/r_12",
            "rotation": 0.12566370614359174,
            "transform_matrix": [
                [
                    -0.634167492389679,
                    -0.37053725123405457,
                    0.678626298904419,
                    2.7356300354003906
                ],
                [
                    0.7731955647468567,
                    -0.303911030292511,
                    0.5566027164459229,
                    2.24373722076416
                ],
                [
                    -1.4901160305669237e-08,
                    0.8776901364326477,
                    0.47922828793525696,
                    1.9318310022354126
                ],
                [
                    0.0,
                    0.0,
                    0.0,
                    1.0
                ]
            ]
        },
        {
            "file_path": "/data/shapenet_blender/all_50_random/02958343/7aff83bed75b6778e5e8ebca62d4509c/r_13",
            "rotation": 0.12566370614359174,
            "transform_matrix": [
                [
                    -0.8074510097503662,
                    0.14383551478385925,
                    0.5721312761306763,
                    2.306334972381592
                ],
                [
                    0.5899346470832825,
                    0.19686949253082275,
                    0.7830833196640015,
                    3.156709909439087
                ],
                [
                    0.0,
                    0.9698215126991272,
                    -0.24381600320339203,
                    -0.9828537702560425
                ],
                [
                    0.0,
                    0.0,
                    0.0,
                    1.0
                ]
            ]
        },
        {
            "file_path": "/data/shapenet_blender/all_50_random/02958343/7aff83bed75b6778e5e8ebca62d4509c/r_14",
            "rotation": 0.12566370614359174,
            "transform_matrix": [
                [
                    0.05438245087862015,
                    0.6497547030448914,
                    0.7581961154937744,
                    3.0563862323760986
                ],
                [
                    0.9985201954841614,
                    -0.03538762032985687,
                    -0.0412936694920063,
                    -0.16646011173725128
                ],
                [
                    1.862645149230957e-09,
                    0.7593197822570801,
                    -0.6507176756858826,
                    -2.623126745223999
                ],
                [
                    0.0,
                    0.0,
                    0.0,
                    1.0
                ]
            ]
        },
        {
            "file_path": "/data/shapenet_blender/all_50_random/02958343/7aff83bed75b6778e5e8ebca62d4509c/r_15",
            "rotation": 0.12566370614359174,
            "transform_matrix": [
                [
                    0.8363270163536072,
                    0.1394665241241455,
                    -0.5301945805549622,
                    -2.1372828483581543
                ],
                [
                    -0.5482310652732849,
                    0.21275632083415985,
                    -0.8088123202323914,
                    -3.2604269981384277
                ],
                [
                    7.450581485102248e-09,
                    0.9671006798744202,
                    0.25439369678497314,
                    1.025493860244751
                ],
                [
                    0.0,
                    0.0,
                    0.0,
                    1.0
                ]
            ]
        },
        {
            "file_path": "/data/shapenet_blender/all_50_random/02958343/7aff83bed75b6778e5e8ebca62d4509c/r_16",
            "rotation": 0.12566370614359174,
            "transform_matrix": [
                [
                    0.63051837682724,
                    -0.38648316264152527,
                    -0.6731101274490356,
                    -2.7133936882019043
                ],
                [
                    -0.7761743068695068,
                    -0.31395623087882996,
                    -0.546795129776001,
                    -2.2042016983032227
                ],
                [
                    -1.4901161193847656e-08,
                    0.8672151565551758,
                    -0.4979335367679596,
                    -2.0072343349456787
                ],
                [
                    0.0,
                    0.0,
                    0.0,
                    1.0
                ]
            ]
        },
        {
            "file_path": "/data/shapenet_blender/all_50_random/02958343/7aff83bed75b6778e5e8ebca62d4509c/r_17",
            "rotation": 0.12566370614359174,
            "transform_matrix": [
                [
                    -0.2547908425331116,
                    -0.5446428656578064,
                    -0.7990279793739319,
                    -3.220984935760498
                ],
                [
                    -0.9669962525367737,
                    0.1435062736272812,
                    0.21053341031074524,
                    0.8486874103546143
                ],
                [
                    7.450580596923828e-09,
                    0.8262990713119507,
                    -0.5632316470146179,
                    -2.2704596519470215
                ],
                [
                    0.0,
                    0.0,
                    0.0,
                    1.0
                ]
            ]
        },
        {
            "file_path": "/data/shapenet_blender/all_50_random/02958343/7aff83bed75b6778e5e8ebca62d4509c/r_18",
            "rotation": 0.12566370614359174,
            "transform_matrix": [
                [
                    -0.4234040379524231,
                    0.059936270117759705,
                    -0.9039561152458191,
                    -3.643963575363159
                ],
                [
                    -0.9059408903121948,
                    -0.028012044727802277,
                    0.4224764108657837,
                    1.7030569314956665
                ],
                [
                    1.8626450382086546e-09,
                    0.9978090524673462,
                    0.06615913659334183,
                    0.2666960060596466
                ],
                [
                    0.0,
                    0.0,
                    0.0,
                    1.0
                ]
            ]
        },
        {
            "file_path": "/data/shapenet_blender/all_50_random/02958343/7aff83bed75b6778e5e8ebca62d4509c/r_19",
            "rotation": 0.12566370614359174,
            "transform_matrix": [
                [
                    -0.1931433230638504,
                    -0.5353125929832458,
                    0.8222748637199402,
                    3.3146960735321045
                ],
                [
                    0.981170654296875,
                    -0.1053762286901474,
                    0.16186471283435822,
                    0.6524975299835205
                ],
                [
                    7.450581485102248e-09,
                    0.8380549550056458,
                    0.5455856919288635,
                    2.199326276779175
                ],
                [
                    0.0,
                    0.0,
                    0.0,
                    1.0
                ]
            ]
        },
        {
            "file_path": "/data/shapenet_blender/all_50_random/02958343/7aff83bed75b6778e5e8ebca62d4509c/r_20",
            "rotation": 0.12566370614359174,
            "transform_matrix": [
                [
                    -0.21076840162277222,
                    0.3546311557292938,
                    -0.910940945148468,
                    -3.6721203327178955
                ],
                [
                    -0.977536141872406,
                    -0.07646268606185913,
                    0.196409672498703,
                    0.7917526960372925
                ],
                [
                    0.0,
                    0.9318745136260986,
                    0.36278069019317627,
                    1.4624156951904297
                ],
                [
                    0.0,
                    0.0,
                    0.0,
                    1.0
                ]
            ]
        },
        {
            "file_path": "/data/shapenet_blender/all_50_random/02958343/7aff83bed75b6778e5e8ebca62d4509c/r_21",
            "rotation": 0.12566370614359174,
            "transform_matrix": [
                [
                    -0.9007840156555176,
                    -0.11647806316614151,
                    -0.418355256319046,
                    -1.6864439249038696
                ],
                [
                    -0.434267520904541,
                    0.24160584807395935,
                    0.8677778244018555,
                    3.498124361038208
                ],
                [
                    0.0,
                    0.963358461856842,
                    -0.2682172954082489,
                    -1.0812184810638428
                ],
                [
                    0.0,
                    0.0,
                    0.0,
                    1.0
                ]
            ]
        },
        {
            "file_path": "/data/shapenet_blender/all_50_random/02958343/7aff83bed75b6778e5e8ebca62d4509c/r_22",
            "rotation": 0.12566370614359174,
            "transform_matrix": [
                [
                    0.7077236771583557,
                    -0.4501621425151825,
                    0.5445008277893066,
                    2.194952964782715
                ],
                [
                    0.7064893245697021,
                    0.45094865560531616,
                    -0.5454521775245667,
                    -2.1987881660461426
                ],
                [
                    0.0,
                    0.7707134485244751,
                    0.6371818780899048,
                    2.5685622692108154
                ],
                [
                    0.0,
                    0.0,
                    0.0,
                    1.0
                ]
            ]
        },
        {
            "file_path": "/data/shapenet_blender/all_50_random/02958343/7aff83bed75b6778e5e8ebca62d4509c/r_23",
            "rotation": 0.12566370614359174,
            "transform_matrix": [
                [
                    0.8547458648681641,
                    -0.21013912558555603,
                    -0.47460633516311646,
                    -1.9131994247436523
                ],
                [
                    -0.5190469026565552,
                    -0.3460487723350525,
                    -0.781562864780426,
                    -3.150580883026123
                ],
                [
                    0.0,
                    0.9143804907798767,
                    -0.40485575795173645,
                    -1.6320258378982544
                ],
                [
                    0.0,
                    0.0,
                    0.0,
                    1.0
                ]
            ]
        },
        {
            "file_path": "/data/shapenet_blender/all_50_random/02958343/7aff83bed75b6778e5e8ebca62d4509c/r_24",
            "rotation": 0.12566370614359174,
            "transform_matrix": [
                [
                    -0.9252102971076965,
                    0.006641396787017584,
                    0.3793966770172119,
                    1.529396891593933
                ],
                [
                    0.3794547915458679,
                    0.016193468123674393,
                    0.9250685572624207,
                    3.7290706634521484
                ],
                [
                    -4.656612873077393e-10,
                    0.9998468160629272,
                    -0.017502469941973686,
                    -0.0705547109246254
                ],
                [
                    0.0,
                    0.0,
                    0.0,
                    1.0
                ]
            ]
        },
        {
            "file_path": "/data/shapenet_blender/all_50_random/02958343/7aff83bed75b6778e5e8ebca62d4509c/r_25",
            "rotation": 0.12566370614359174,
            "transform_matrix": [
                [
                    0.9473221898078918,
                    -0.014261484146118164,
                    -0.3199647068977356,
                    -1.2898190021514893
                ],
                [
                    -0.3202824294567108,
                    -0.04218221455812454,
                    -0.9463825225830078,
                    -3.8149898052215576
                ],
                [
                    -9.313225746154785e-10,
                    0.9990081787109375,
                    -0.04452783986926079,
                    -0.17949745059013367
                ],
                [
                    0.0,
                    0.0,
                    0.0,
                    1.0
                ]
            ]
        },
        {
            "file_path": "/data/shapenet_blender/all_50_random/02958343/7aff83bed75b6778e5e8ebca62d4509c/r_26",
            "rotation": 0.12566370614359174,
            "transform_matrix": [
                [
                    0.8163429498672485,
                    0.5734680891036987,
                    0.06869127601385117,
                    0.2769034206867218
                ],
                [
                    0.577567458152771,
                    -0.8105489015579224,
                    -0.09708934277296066,
                    -0.3913796842098236
                ],
                [
                    0.0,
                    0.1189320906996727,
                    -0.9929023385047913,
                    -4.0025177001953125
                ],
                [
                    0.0,
                    0.0,
                    0.0,
                    1.0
                ]
            ]
        },
        {
            "file_path": "/data/shapenet_blender/all_50_random/02958343/7aff83bed75b6778e5e8ebca62d4509c/r_27",
            "rotation": 0.12566370614359174,
            "transform_matrix": [
                [
                    0.15449686348438263,
                    0.2861552834510803,
                    0.9456456899642944,
                    3.8120198249816895
                ],
                [
                    0.9879933595657349,
                    -0.04474736377596855,
                    -0.14787478744983673,
                    -0.5961023569107056
                ],
                [
                    0.0,
                    0.9571378231048584,
                    -0.2896328270435333,
                    -1.1675472259521484
                ],
                [
                    0.0,
                    0.0,
                    0.0,
                    1.0
                ]
            ]
        },
        {
            "file_path": "/data/shapenet_blender/all_50_random/02958343/7aff83bed75b6778e5e8ebca62d4509c/r_28",
            "rotation": 0.12566370614359174,
            "transform_matrix": [
                [
                    -0.2582828998565674,
                    0.03836493566632271,
                    -0.9653071165084839,
                    -3.89127779006958
                ],
                [
                    -0.9660693407058716,
                    -0.010257035493850708,
                    0.2580791115760803,
                    1.040350317955017
                ],
                [
                    -9.313225746154785e-10,
                    0.9992111921310425,
                    0.03971239924430847,
                    0.16008581221103668
                ],
                [
                    0.0,
                    0.0,
                    0.0,
                    1.0
                ]
            ]
        },
        {
            "file_path": "/data/shapenet_blender/all_50_random/02958343/7aff83bed75b6778e5e8ebca62d4509c/r_29",
            "rotation": 0.12566370614359174,
            "transform_matrix": [
                [
                    -0.5107474327087402,
                    0.12192844599485397,
                    -0.851040780544281,
                    -3.4306554794311523
                ],
                [
                    -0.8597308993339539,
                    -0.07243504375219345,
                    0.5055848360061646,
                    2.0380778312683105
                ],
                [
                    -3.725290742551124e-09,
                    0.9898921251296997,
                    0.14182165265083313,
                    0.5717014074325562
                ],
                [
                    0.0,
                    0.0,
                    0.0,
                    1.0
                ]
            ]
        },
        {
            "file_path": "/data/shapenet_blender/all_50_random/02958343/7aff83bed75b6778e5e8ebca62d4509c/r_30",
            "rotation": 0.12566370614359174,
            "transform_matrix": [
                [
                    0.8710237145423889,
                    0.213480144739151,
                    0.4424295723438263,
                    1.7834906578063965
                ],
                [
                    0.4912409782409668,
                    -0.37852349877357483,
                    -0.7844758033752441,
                    -3.162322998046875
                ],
                [
                    -1.4901161193847656e-08,
                    0.9006364345550537,
                    -0.4345731735229492,
                    -1.75182044506073
                ],
                [
                    0.0,
                    0.0,
                    0.0,
                    1.0
                ]
            ]
        },
        {
            "file_path": "/data/shapenet_blender/all_50_random/02958343/7aff83bed75b6778e5e8ebca62d4509c/r_31",
            "rotation": 0.12566370614359174,
            "transform_matrix": [
                [
                    -0.5042402148246765,
                    -0.41773608326911926,
                    0.7558031678199768,
                    3.0467400550842285
                ],
                [
                    0.8635635375976562,
                    -0.24391871690750122,
                    0.44131821393966675,
                    1.7790106534957886
                ],
                [
                    0.0,
                    0.8752143979072571,
                    0.48373520374298096,
                    1.9499989748001099
                ],
                [
                    0.0,
                    0.0,
                    0.0,
                    1.0
                ]
            ]
        },
        {
            "file_path": "/data/shapenet_blender/all_50_random/02958343/7aff83bed75b6778e5e8ebca62d4509c/r_32",
            "rotation": 0.12566370614359174,
            "transform_matrix": [
                [
                    -0.998604953289032,
                    -0.025780031457543373,
                    -0.046081654727458954,
                    -0.18576109409332275
                ],
                [
                    -0.052802737802267075,
                    0.4875517785549164,
                    0.8714959025382996,
                    3.5131123065948486
                ],
                [
                    0.0,
                    0.8727133274078369,
                    -0.48823291063308716,
                    -1.9681298732757568
                ],
                [
                    0.0,
                    0.0,
                    0.0,
                    1.0
                ]
            ]
        },
        {
            "file_path": "/data/shapenet_blender/all_50_random/02958343/7aff83bed75b6778e5e8ebca62d4509c/r_33",
            "rotation": 0.12566370614359174,
            "transform_matrix": [
                [
                    -0.3313833773136139,
                    0.20573340356349945,
                    0.9207924008369446,
                    3.7118332386016846
                ],
                [
                    0.9434962272644043,
                    0.0722595751285553,
                    0.32340914011001587,
                    1.303704023361206
                ],
                [
                    0.0,
                    0.9759365916252136,
                    -0.21805429458618164,
                    -0.8790050148963928
                ],
                [
                    0.0,
                    0.0,
                    0.0,
                    1.0
                ]
            ]
        },
        {
            "file_path": "/data/shapenet_blender/all_50_random/02958343/7aff83bed75b6778e5e8ebca62d4509c/r_34",
            "rotation": 0.12566370614359174,
            "transform_matrix": [
                [
                    -0.5198387503623962,
                    0.12843216955661774,
                    -0.8445548415184021,
                    -3.4045090675354004
                ],
                [
                    -0.8542643189430237,
                    -0.0781538188457489,
                    0.5139303207397461,
                    2.071719169616699
                ],
                [
                    0.0,
                    0.9886338710784912,
                    0.1503424197435379,
                    0.6060495972633362
                ],
                [
                    0.0,
                    0.0,
                    0.0,
                    1.0
                ]
            ]
        },
        {
            "file_path": "/data/shapenet_blender/all_50_random/02958343/7aff83bed75b6778e5e8ebca62d4509c/r_35",
            "rotation": 0.12566370614359174,
            "transform_matrix": [
                [
                    0.3154158592224121,
                    -0.8071366548538208,
                    -0.4990423321723938,
                    -2.0117037296295166
                ],
                [
                    -0.9489535689353943,
                    -0.2682783603668213,
                    -0.16587309539318085,
                    -0.6686557531356812
                ],
                [
                    0.0,
                    0.5258869528770447,
                    -0.8505545258522034,
                    -3.428694486618042
                ],
                [
                    0.0,
                    0.0,
                    0.0,
                    1.0
                ]
            ]
        },
        {
            "file_path": "/data/shapenet_blender/all_50_random/02958343/7aff83bed75b6778e5e8ebca62d4509c/r_36",
            "rotation": 0.12566370614359174,
            "transform_matrix": [
                [
                    0.6746289730072021,
                    0.28690412640571594,
                    0.6801189184188843,
                    2.7416470050811768
                ],
                [
                    0.7381570339202881,
                    -0.26221227645874023,
                    -0.6215857863426208,
                    -2.505692481994629
                ],
                [
                    0.0,
                    0.9213742613792419,
                    -0.38867634534835815,
                    -1.5668044090270996
                ],
                [
                    0.0,
                    0.0,
                    0.0,
                    1.0
                ]
            ]
        },
        {
            "file_path": "/data/shapenet_blender/all_50_random/02958343/7aff83bed75b6778e5e8ebca62d4509c/r_37",
            "rotation": 0.12566370614359174,
            "transform_matrix": [
                [
                    -0.29195770621299744,
                    0.873092770576477,
                    -0.39047369360923767,
                    -1.574049949645996
                ],
                [
                    -0.9564312696456909,
                    -0.2665180265903473,
                    0.11919498443603516,
                    0.48049038648605347
                ],
                [
                    0.0,
                    0.40826115012168884,
                    0.9128650426864624,
                    3.6798770427703857
                ],
                [
                    0.0,
                    0.0,
                    0.0,
                    1.0
                ]
            ]
        },
        {
            "file_path": "/data/shapenet_blender/all_50_random/02958343/7aff83bed75b6778e5e8ebca62d4509c/r_38",
            "rotation": 0.12566370614359174,
            "transform_matrix": [
                [
                    0.7497318387031555,
                    0.3577579855918884,
                    0.5566967725753784,
                    2.24411678314209
                ],
                [
                    0.6617417335510254,
                    -0.4053281843662262,
                    -0.6307193040847778,
                    -2.542510986328125
                ],
                [
                    2.9802320611338473e-08,
                    0.8412598967552185,
                    -0.5406308174133301,
                    -2.1793527603149414
                ],
                [
                    0.0,
                    0.0,
                    0.0,
                    1.0
                ]
            ]
        },
        {
            "file_path": "/data/shapenet_blender/all_50_random/02958343/7aff83bed75b6778e5e8ebca62d4509c/r_39",
            "rotation": 0.12566370614359174,
            "transform_matrix": [
                [
                    0.1634664237499237,
                    0.4761996567249298,
                    0.8640096187591553,
                    3.48293399810791
                ],
                [
                    0.9865488409996033,
                    -0.07890401035547256,
                    -0.14316226541996002,
                    -0.5771055221557617
                ],
                [
                    0.0,
                    0.8757898211479187,
                    -0.4826924204826355,
                    -1.9457952976226807
                ],
                [
                    0.0,
                    0.0,
                    0.0,
                    1.0
                ]
            ]
        },
        {
            "file_path": "/data/shapenet_blender/all_50_random/02958343/7aff83bed75b6778e5e8ebca62d4509c/r_40",
            "rotation": 0.12566370614359174,
            "transform_matrix": [
                [
                    0.9980825781822205,
                    0.028916027396917343,
                    -0.054726455360651016,
                    -0.2206093966960907
                ],
                [
                    -0.061896055936813354,
                    0.46627500653266907,
                    -0.8824717998504639,
                    -3.5573575496673584
                ],
                [
                    0.0,
                    0.8841670751571655,
                    0.4671708345413208,
                    1.883225917816162
                ],
                [
                    0.0,
                    0.0,
                    0.0,
                    1.0
                ]
            ]
        },
        {
            "file_path": "/data/shapenet_blender/all_50_random/02958343/7aff83bed75b6778e5e8ebca62d4509c/r_41",
            "rotation": 0.12566370614359174,
            "transform_matrix": [
                [
                    -0.7121793031692505,
                    -0.17860087752342224,
                    0.6788979768753052,
                    2.736725330352783
                ],
                [
                    0.701997697353363,
                    -0.18119126558303833,
                    0.6887445449829102,
                    2.7764179706573486
                ],
                [
                    0.0,
                    0.967094361782074,
