{
    "class": "02958343",
    "model": "63e0df089d6c1442f3aed64053e21b3c",
    "remove_doubles": true,
    "edge_split": true,
    "denoise": true,
    "camera_angle_x": 0.6911112070083618,
    "scale_factor": 2.1776504833550834,
    "hdri_file": "/data/IndoorHDRDataset2018/AG8A4131-e339e19f4f.exr",
    "center_offset": [
        0.0,
        0.0,
        4.656612873077393e-10
    ],
    "lights": [],
    "frames": [
        {
            "file_path": "/data/shapenet_blender/all_50_random/02958343/63e0df089d6c1442f3aed64053e21b3c/r_0",
            "rotation": 0.12566370614359174,
            "transform_matrix": [
                [
                    0.9667268991470337,
                    -0.15374241769313812,
                    0.20445628464221954,
                    0.8241895437240601
                ],
                [
                    0.2558106780052185,
                    0.5810036659240723,
                    -0.7726550102233887,
                    -3.1146717071533203
                ],
                [
                    0.0,
                    0.7992483973503113,
                    0.6010007858276367,
                    2.4227113723754883
                ],
                [
                    0.0,
                    0.0,
                    0.0,
                    1.0
                ]
            ]
        },
        {
            "file_path": "/data/shapenet_blender/all_50_random/02958343/63e0df089d6c1442f3aed64053e21b3c/r_1",
            "rotation": 0.12566370614359174,
            "transform_matrix": [
                [
                    0.6129187345504761,
                    0.4680831730365753,
                    0.6365757584571838,
                    2.5661191940307617
                ],
                [
                    0.790145993232727,
                    -0.3630935847759247,
                    -0.49379387497901917,
                    -1.9905469417572021
                ],
                [
                    -1.4901161193847656e-08,
                    0.8056433200836182,
                    -0.592400848865509,
                    -2.3880443572998047
                ],
                [
                    0.0,
                    0.0,
                    0.0,
                    1.0
                ]
            ]
        },
        {
            "file_path": "/data/shapenet_blender/all_50_random/02958343/63e0df089d6c1442f3aed64053e21b3c/r_2",
            "rotation": 0.12566370614359174,
            "transform_matrix": [
                [
                    0.9505870342254639,
                    -0.1258106529712677,
                    0.28382405638694763,
                    1.1441314220428467
                ],
                [
                    0.3104584217071533,
                    0.3852173984050751,
                    -0.8690357208251953,
                    -3.50319504737854
                ],
                [
                    -7.450581485102248e-09,
                    0.9142095446586609,
                    0.40524163842201233,
                    1.633581280708313
                ],
                [
                    0.0,
                    0.0,
                    0.0,
                    1.0
                ]
            ]
        },
        {
            "file_path": "/data/shapenet_blender/all_50_random/02958343/63e0df089d6c1442f3aed64053e21b3c/r_3",
            "rotation": 0.12566370614359174,
            "transform_matrix": [
                [
                    -0.17440052330493927,
                    0.2716125249862671,
                    0.9464730024337769,
                    3.815354347229004
                ],
                [
                    0.9846747517585754,
                    0.048106610774993896,
                    0.16763442754745483,
                    0.6757559180259705
                ],
                [
                    3.725290076417309e-09,
                    0.9612035751342773,
                    -0.2758398652076721,
                    -1.1119459867477417
                ],
                [
                    0.0,
                    0.0,
                    0.0,
                    1.0
                ]
            ]
        },
        {
            "file_path": "/data/shapenet_blender/all_50_random/02958343/63e0df089d6c1442f3aed64053e21b3c/r_4",
            "rotation": 0.12566370614359174,
            "transform_matrix": [
                [
                    0.5506939888000488,
                    -0.5274275541305542,
                    -0.6469593048095703,
                    -2.6079764366149902
                ],
                [
                    -0.8347072601318359,
                    -0.3479677438735962,
                    -0.4268282353878021,
                    -1.72059965133667
                ],
                [
                    0.0,
                    0.7750733494758606,
                    -0.6318712830543518,
                    -2.547154664993286
                ],
                [
                    0.0,
                    0.0,
                    0.0,
                    1.0
                ]
            ]
        },
        {
            "file_path": "/data/shapenet_blender/all_50_random/02958343/63e0df089d6c1442f3aed64053e21b3c/r_5",
            "rotation": 0.12566370614359174,
            "transform_matrix": [
                [
                    0.8106369972229004,
                    0.10209184139966965,
                    0.576580286026001,
                    2.3242695331573486
                ],
                [
                    0.585548996925354,
                    -0.14133647084236145,
                    -0.7982207536697388,
                    -3.217730760574341
                ],
                [
                    -7.450580596923828e-09,
                    0.9846832752227783,
                    -0.17435236275196075,
                    -0.7028368711471558
                ],
                [
                    0.0,
                    0.0,
                    0.0,
                    1.0
                ]
            ]
        },
        {
            "file_path": "/data/shapenet_blender/all_50_random/02958343/63e0df089d6c1442f3aed64053e21b3c/r_6",
            "rotation": 0.12566370614359174,
            "transform_matrix": [
                [
                    0.8836427330970764,
                    0.11096221208572388,
                    0.4548218548297882,
                    1.8334455490112305
                ],
                [
                    0.46816185116767883,
                    -0.20943814516067505,
                    -0.8584638237953186,
                    -3.460578441619873
                ],
                [
                    0.0,
                    0.9715055227279663,
                    -0.23701676726341248,
                    -0.9554451704025269
                ],
                [
                    0.0,
                    0.0,
                    0.0,
                    1.0
                ]
            ]
        },
        {
            "file_path": "/data/shapenet_blender/all_50_random/02958343/63e0df089d6c1442f3aed64053e21b3c/r_7",
            "rotation": 0.12566370614359174,
            "transform_matrix": [
                [
                    0.05051880702376366,
                    -0.5000138878822327,
                    -0.864542543888092,
                    -3.4850828647613525
                ],
                [
                    -0.9987230896949768,
                    -0.025292402133345604,
                    -0.04373149946331978,
                    -0.17628732323646545
                ],
                [
                    -1.8626450382086546e-09,
                    0.8656480312347412,
                    -0.500653088092804,
                    -2.0181972980499268
                ],
                [
                    0.0,
                    0.0,
                    0.0,
                    1.0
                ]
            ]
        },
        {
            "file_path": "/data/shapenet_blender/all_50_random/02958343/63e0df089d6c1442f3aed64053e21b3c/r_8",
            "rotation": 0.12566370614359174,
            "transform_matrix": [
                [
                    -0.23197460174560547,
                    0.17355503141880035,
                    -0.9571135640144348,
                    -3.858248233795166
                ],
                [
                    -0.9727218747138977,
                    -0.041389379650354385,
                    0.2282523214817047,
                    0.9201145172119141
                ],
                [
                    3.725290742551124e-09,
                    0.9839539527893066,
                    0.17842206358909607,
                    0.7192423343658447
                ],
                [
                    0.0,
                    0.0,
                    0.0,
                    1.0
                ]
            ]
        },
        {
            "file_path": "/data/shapenet_blender/all_50_random/02958343/63e0df089d6c1442f3aed64053e21b3c/r_9",
            "rotation": 0.12566370614359174,
            "transform_matrix": [
                [
                    -0.042001672089099884,
                    0.31718841195106506,
                    -0.9474319815635681,
                    -3.819220542907715
                ],
                [
                    -0.9991176128387451,
                    -0.013334211893379688,
                    0.03982887417078018,
                    0.16055533289909363
                ],
                [
                    -9.313225746154785e-10,
                    0.9482687711715698,
                    0.3174685835838318,
                    1.279756784439087
                ],
                [
                    0.0,
                    0.0,
                    0.0,
                    1.0
                ]
            ]
        },
        {
            "file_path": "/data/shapenet_blender/all_50_random/02958343/63e0df089d6c1442f3aed64053e21b3c/r_10",
            "rotation": 0.12566370614359174,
            "transform_matrix": [
                [
                    0.32585543394088745,
                    0.7076631784439087,
                    -0.6269219517707825,
                    -2.527202844619751
                ],
                [
                    -0.9454196691513062,
                    0.24390849471092224,
                    -0.21607963740825653,
                    -0.8710447549819946
                ],
                [
                    -1.4901161193847656e-08,
                    0.6631149649620056,
                    0.748517632484436,
                    3.0173707008361816
                ],
                [
                    0.0,
                    0.0,
                    0.0,
                    1.0
                ]
            ]
        },
        {
            "file_path": "/data/shapenet_blender/all_50_random/02958343/63e0df089d6c1442f3aed64053e21b3c/r_11",
            "rotation": 0.12566370614359174,
            "transform_matrix": [
                [
                    -0.1593009978532791,
                    -0.453780859708786,
                    0.8767589330673218,
                    3.5343282222747803
                ],
                [
                    0.987230122089386,
                    -0.07322277873754501,
                    0.14147518575191498,
                    0.5703046917915344
                ],
                [
                    0.0,
                    0.8880998492240906,
                    0.45965051651000977,
                    1.8529105186462402
                ],
                [
                    0.0,
                    0.0,
                    0.0,
                    1.0
                ]
            ]
        },
        {
            "file_path": "/data/shapenet_blender/all_50_random/02958343/63e0df089d6c1442f3aed64053e21b3c/r_12",
            "rotation": 0.12566370614359174,
            "transform_matrix": [
                [
                    0.6241437196731567,
                    -0.050487712025642395,
                    -0.779676616191864,
                    -3.142976760864258
                ],
                [
                    -0.7813094854354858,
                    -0.04033175855875015,
                    -0.6228392720222473,
                    -2.5107452869415283
                ],
                [
                    0.0,
                    0.9979099035263062,
                    -0.06461935490369797,
                    -0.26048895716667175
                ],
                [
                    0.0,
                    0.0,
                    0.0,
                    1.0
                ]
            ]
        },
        {
            "file_path": "/data/shapenet_blender/all_50_random/02958343/63e0df089d6c1442f3aed64053e21b3c/r_13",
            "rotation": 0.12566370614359174,
            "transform_matrix": [
                [
                    0.3211612105369568,
                    -0.8275055885314941,
                    0.4605323374271393,
                    1.856465220451355
                ],
                [
                    0.9470245838165283,
                    0.28062915802001953,
                    -0.15617875754833221,
                    -0.6295766830444336
                ],
                [
                    0.0,
                    0.4862940013408661,
                    0.8737952709197998,
                    3.52238130569458
                ],
                [
                    0.0,
                    0.0,
                    0.0,
                    1.0
                ]
            ]
        },
        {
            "file_path": "/data/shapenet_blender/all_50_random/02958343/63e0df089d6c1442f3aed64053e21b3c/r_14",
            "rotation": 0.12566370614359174,
            "transform_matrix": [
                [
                    -0.2679230570793152,
                    -0.5529380440711975,
                    0.7889719009399414,
                    3.180447578430176
                ],
                [
                    0.9634402990341187,
                    -0.15376649796962738,
                    0.2194051444530487,
                    0.8844504356384277
                ],
                [
                    0.0,
                    0.8189110159873962,
                    0.5739204287528992,
                    2.313547134399414
                ],
                [
                    0.0,
                    0.0,
                    0.0,
                    1.0
                ]
            ]
        },
        {
            "file_path": "/data/shapenet_blender/all_50_random/02958343/63e0df089d6c1442f3aed64053e21b3c/r_15",
            "rotation": 0.12566370614359174,
            "transform_matrix": [
                [
                    -0.7431641221046448,
                    -0.1819058507680893,
                    0.643907904624939,
                    2.5956759452819824
                ],
                [
                    0.6691092848777771,
                    -0.20203858613967896,
                    0.7151735424995422,
                    2.8829569816589355
                ],
                [
                    0.0,
                    0.9623360633850098,
                    0.2718626856803894,
                    1.0959136486053467
                ],
                [
                    0.0,
                    0.0,
                    0.0,
                    1.0
                ]
            ]
        },
        {
            "file_path": "/data/shapenet_blender/all_50_random/02958343/63e0df089d6c1442f3aed64053e21b3c/r_16",
            "rotation": 0.12566370614359174,
            "transform_matrix": [
                [
                    0.4377758800983429,
                    -0.6112246513366699,
                    0.6593607664108276,
                    2.657968282699585
                ],
                [
                    0.8990840315818787,
                    0.29761335253715515,
                    -0.3210514485836029,
                    -1.294199824333191
                ],
                [
                    -1.4901160305669237e-08,
                    0.7333693504333496,
                    0.6798303723335266,
                    2.7404839992523193
                ],
                [
                    0.0,
                    0.0,
                    0.0,
                    1.0
                ]
            ]
        },
        {
            "file_path": "/data/shapenet_blender/all_50_random/02958343/63e0df089d6c1442f3aed64053e21b3c/r_17",
            "rotation": 0.12566370614359174,
            "transform_matrix": [
                [
                    0.9988237023353577,
                    0.01597554422914982,
                    -0.045783933252096176,
                    -0.18456093966960907
                ],
                [
                    -0.04849110543727875,
                    0.32906559109687805,
                    -0.9430611729621887,
                    -3.8016011714935303
                ],
                [
                    1.862645371275562e-09,
                    0.9441718459129333,
                    0.32945317029953003,
                    1.3280682563781738
                ],
                [
                    0.0,
                    0.0,
                    0.0,
                    1.0
                ]
            ]
        },
        {
            "file_path": "/data/shapenet_blender/all_50_random/02958343/63e0df089d6c1442f3aed64053e21b3c/r_18",
            "rotation": 0.12566370614359174,
            "transform_matrix": [
                [
                    0.9352858066558838,
                    0.32838529348373413,
                    -0.13192245364189148,
                    -0.531796395778656
                ],
                [
                    -0.3538932800292969,
                    0.8678720593452454,
                    -0.34865084290504456,
                    -1.40545654296875
                ],
                [
                    0.0,
                    0.3727746605873108,
                    0.9279218912124634,
                    3.740572690963745
                ],
                [
                    0.0,
                    0.0,
                    0.0,
                    1.0
                ]
            ]
        },
        {
            "file_path": "/data/shapenet_blender/all_50_random/02958343/63e0df089d6c1442f3aed64053e21b3c/r_19",
            "rotation": 0.12566370614359174,
            "transform_matrix": [
                [
                    0.3436393141746521,
                    -0.7581520676612854,
                    0.5541817545890808,
                    2.233978271484375
                ],
                [
                    0.9391016960144043,
                    0.2774255871772766,
                    -0.2027880847454071,
                    -0.8174649477005005
                ],
                [
                    0.0,
                    0.5901190638542175,
                    0.8073161840438843,
                    3.2543959617614746
                ],
                [
                    0.0,
                    0.0,
                    0.0,
                    1.0
                ]
            ]
        },
        {
            "file_path": "/data/shapenet_blender/all_50_random/02958343/63e0df089d6c1442f3aed64053e21b3c/r_20",
            "rotation": 0.12566370614359174,
            "transform_matrix": [
                [
                    0.9119850993156433,
                    0.06837081164121628,
                    0.40448546409606934,
                    1.630533218383789
                ],
                [
                    0.41022321581840515,
                    -0.1519981324672699,
                    -0.8992292881011963,
                    -3.6249094009399414
                ],
                [
                    0.0,
                    0.9860131144523621,
                    -0.16666731238365173,
                    -0.671857476234436
                ],
                [
                    0.0,
                    0.0,
                    0.0,
                    1.0
                ]
            ]
        },
        {
            "file_path": "/data/shapenet_blender/all_50_random/02958343/63e0df089d6c1442f3aed64053e21b3c/r_21",
            "rotation": 0.12566370614359174,
            "transform_matrix": [
                [
                    0.9629632830619812,
                    -0.1352769285440445,
                    -0.23324202001094818,
                    -0.9402287006378174
                ],
                [
                    -0.2696325182914734,
                    -0.48312684893608093,
                    -0.832998514175415,
                    -3.357924699783325
                ],
                [
                    0.0,
                    0.8650366067886353,
                    -0.5017085075378418,
                    -2.022451877593994
                ],
                [
                    0.0,
                    0.0,
                    0.0,
                    1.0
                ]
            ]
        },
        {
            "file_path": "/data/shapenet_blender/all_50_random/02958343/63e0df089d6c1442f3aed64053e21b3c/r_22",
            "rotation": 0.12566370614359174,
            "transform_matrix": [
                [
                    0.973304808139801,
                    0.028578946366906166,
                    -0.22773008048534393,
                    -0.9180092215538025
                ],
                [
                    -0.22951629757881165,
                    0.12119410932064056,
                    -0.9657299518585205,
                    -3.89298152923584
                ],
                [
                    -1.8626449271863521e-09,
                    0.9922173023223877,
                    0.12451816350221634,
                    0.5019487142562866
                ],
                [
                    0.0,
                    0.0,
                    0.0,
                    1.0
                ]
            ]
        },
        {
            "file_path": "/data/shapenet_blender/all_50_random/02958343/63e0df089d6c1442f3aed64053e21b3c/r_23",
            "rotation": 0.12566370614359174,
            "transform_matrix": [
                [
                    -0.05219755694270134,
                    -0.02967095747590065,
                    0.9981958866119385,
                    4.023856163024902
                ],
                [
                    0.998636782169342,
                    -0.0015508655924350023,
                    0.052174508571624756,
                    0.21032215654850006
                ],
                [
                    1.1641532182693481e-10,
                    0.9995584487915039,
                    0.029711464419960976,
                    0.11977073550224304
                ],
                [
                    0.0,
                    0.0,
                    0.0,
                    1.0
                ]
            ]
        },
        {
            "file_path": "/data/shapenet_blender/all_50_random/02958343/63e0df089d6c1442f3aed64053e21b3c/r_24",
            "rotation": 0.12566370614359174,
            "transform_matrix": [
                [
                    -0.9900530576705933,
                    0.02205253578722477,
                    0.1389554738998413,
                    0.5601474046707153
                ],
                [
                    0.1406944841146469,
                    0.15518148243427277,
                    0.9778158068656921,
                    3.941701650619507
                ],
                [
                    1.8626450382086546e-09,
                    0.987639844417572,
                    -0.15674057602882385,
                    -0.6318414807319641
                ],
                [
                    0.0,
                    0.0,
                    0.0,
                    1.0
                ]
            ]
        },
        {
            "file_path": "/data/shapenet_blender/all_50_random/02958343/63e0df089d6c1442f3aed64053e21b3c/r_25",
            "rotation": 0.12566370614359174,
            "transform_matrix": [
                [
                    -0.3854925334453583,
                    0.446291446685791,
                    -0.8076010346412659,
                    -3.2555439472198486
                ],
                [
                    -0.9227109551429749,
                    -0.18645277619361877,
                    0.3374016284942627,
                    1.3601094484329224
                ],
                [
                    0.0,
                    0.8752480745315552,
                    0.48367416858673096,
                    1.949752926826477
                ],
                [
                    0.0,
                    0.0,
                    0.0,
                    1.0
                ]
            ]
        },
        {
            "file_path": "/data/shapenet_blender/all_50_random/02958343/63e0df089d6c1442f3aed64053e21b3c/r_26",
            "rotation": 0.12566370614359174,
            "transform_matrix": [
                [
                    -0.8106173872947693,
                    -0.3428499102592468,
                    -0.4747140407562256,
                    -1.9136334657669067
                ],
                [
                    -0.5855761766433716,
                    0.4746096134185791,
                    0.6571500897407532,
                    2.6490566730499268
                ],
                [
                    -1.4901160305669237e-08,
                    0.8106784820556641,
                    -0.5854915380477905,
                    -2.360191822052002
                ],
                [
                    0.0,
                    0.0,
                    0.0,
                    1.0
                ]
            ]
        },
        {
            "file_path": "/data/shapenet_blender/all_50_random/02958343/63e0df089d6c1442f3aed64053e21b3c/r_27",
            "rotation": 0.12566370614359174,
            "transform_matrix": [
                [
                    0.8706772923469543,
                    0.14637506008148193,
                    0.4695693254470825,
                    1.8928946256637573
                ],
                [
                    0.4918546974658966,
                    -0.2591119706630707,
                    -0.8312278985977173,
                    -3.3507871627807617
                ],
                [
                    0.0,
                    0.9546912312507629,
                    -0.29759812355041504,
                    -1.1996564865112305
                ],
                [
                    0.0,
                    0.0,
                    0.0,
                    1.0
                ]
            ]
        },
        {
            "file_path": "/data/shapenet_blender/all_50_random/02958343/63e0df089d6c1442f3aed64053e21b3c/r_28",
            "rotation": 0.12566370614359174,
            "transform_matrix": [
                [
                    0.2542533874511719,
                    -0.3576405644416809,
                    -0.8985812664031982,
                    -3.6222972869873047
                ],
                [
                    -0.9671376347541809,
                    -0.09402108192443848,
                    -0.23623043298721313,
                    -0.9522753953933716
                ],
                [
                    0.0,
                    0.9291141629219055,
                    -0.3697928190231323,
                    -1.490682601928711
                ],
                [
                    0.0,
                    0.0,
                    0.0,
                    1.0
                ]
            ]
        },
        {
            "file_path": "/data/shapenet_blender/all_50_random/02958343/63e0df089d6c1442f3aed64053e21b3c/r_29",
            "rotation": 0.12566370614359174,
            "transform_matrix": [
                [
                    -0.668704628944397,
                    0.36820971965789795,
                    -0.6459532976150513,
                    -2.6039211750030518
                ],
                [
                    -0.7435281276702881,
                    -0.3311556279659271,
                    0.5809490084648132,
                    2.3418805599212646
                ],
                [
                    0.0,
                    0.8687677979469299,
                    0.4952195882797241,
                    1.9962941408157349
                ],
                [
                    0.0,
                    0.0,
                    0.0,
                    1.0
                ]
            ]
        },
        {
            "file_path": "/data/shapenet_blender/all_50_random/02958343/63e0df089d6c1442f3aed64053e21b3c/r_30",
            "rotation": 0.12566370614359174,
            "transform_matrix": [
                [
                    0.38261207938194275,
                    0.45626312494277954,
                    0.8033877015113831,
                    3.2385597229003906
                ],
                [
                    0.9239091873168945,
                    -0.1889490783214569,
                    -0.33270135521888733,
                    -1.3411622047424316
                ],
                [
                    1.4901164746561335e-08,
                    0.8695526719093323,
                    -0.4938398599624634,
                    -1.9907323122024536
                ],
                [
                    0.0,
                    0.0,
                    0.0,
                    1.0
                ]
            ]
        },
        {
            "file_path": "/data/shapenet_blender/all_50_random/02958343/63e0df089d6c1442f3aed64053e21b3c/r_31",
            "rotation": 0.12566370614359174,
            "transform_matrix": [
                [
                    0.14125210046768188,
                    0.5335604548454285,
                    0.8338830471038818,
                    3.361490249633789
                ],
                [
                    0.9899736642837524,
                    -0.07612984627485275,
                    -0.11898067593574524,
                    -0.47962647676467896
                ],
                [
                    7.450580596923828e-09,
                    0.8423286080360413,
                    -0.5389642715454102,
                    -2.1726346015930176
                ],
                [
                    0.0,
                    0.0,
                    0.0,
                    1.0
                ]
            ]
        },
        {
            "file_path": "/data/shapenet_blender/all_50_random/02958343/63e0df089d6c1442f3aed64053e21b3c/r_32",
            "rotation": 0.12566370614359174,
            "transform_matrix": [
                [
                    0.5392637848854065,
                    0.4371594786643982,
                    -0.7197819352149963,
                    -2.901534080505371
                ],
                [
                    -0.8421369194984436,
                    0.2799358367919922,
                    -0.46091362833976746,
                    -1.8580024242401123
                ],
                [
                    0.0,
                    0.8547089695930481,
                    0.5191072821617126,
                    2.0925886631011963
                ],
                [
                    0.0,
                    0.0,
                    0.0,
                    1.0
                ]
            ]
        },
        {
            "file_path": "/data/shapenet_blender/all_50_random/02958343/63e0df089d6c1442f3aed64053e21b3c/r_33",
            "rotation": 0.12566370614359174,
            "transform_matrix": [
                [
                    0.732427179813385,
                    0.36095157265663147,
                    0.577290415763855,
                    2.327132225036621
                ],
                [
                    0.6808453798294067,
                    -0.38829776644706726,
                    -0.6210268139839172,
                    -2.503439426422119
                ],
                [
                    -1.4901162970204496e-08,
                    0.8479024171829224,
                    -0.5301520824432373,
                    -2.1371116638183594
                ],
                [
                    0.0,
                    0.0,
                    0.0,
                    1.0
                ]
            ]
        },
        {
            "file_path": "/data/shapenet_blender/all_50_random/02958343/63e0df089d6c1442f3aed64053e21b3c/r_34",
            "rotation": 0.12566370614359174,
            "transform_matrix": [
                [
                    -0.21579496562480927,
                    0.1598084717988968,
                    0.9632724523544312,
                    3.883075475692749
                ],
                [
                    0.9764387011528015,
                    0.03531799837946892,
                    0.21288520097732544,
                    0.8581677079200745
                ],
                [
                    3.7252898543727042e-09,
                    0.9865161180496216,
                    -0.16366460919380188,
                    -0.659753143787384
                ],
                [
                    0.0,
                    0.0,
                    0.0,
                    1.0
                ]
            ]
        },
        {
            "file_path": "/data/shapenet_blender/all_50_random/02958343/63e0df089d6c1442f3aed64053e21b3c/r_35",
            "rotation": 0.12566370614359174,
            "transform_matrix": [
                [
                    0.958368718624115,
                    -0.2281210869550705,
                    -0.17172683775424957,
                    -0.6922531127929688
                ],
                [
                    -0.2855333983898163,
                    -0.765669047832489,
                    -0.5763865113258362,
                    -2.323488473892212
                ],
                [
                    0.0,
                    0.6014246344566345,
                    -0.7989294528961182,
                    -3.220587968826294
                ],
                [
                    0.0,
                    0.0,
                    0.0,
                    1.0
                ]
            ]
        },
        {
            "file_path": "/data/shapenet_blender/all_50_random/02958343/63e0df089d6c1442f3aed64053e21b3c/r_36",
            "rotation": 0.12566370614359174,
            "transform_matrix": [
                [
                    0.27623656392097473,
                    -0.05769529938697815,
                    0.9593563079833984,
                    3.8672890663146973
                ],
                [
                    0.9610896706581116,
                    0.01658279448747635,
                    -0.275738388299942,
                    -1.111536979675293
                ],
                [
                    0.0,
                    0.9981964230537415,
                    0.06003113463521004,
                    0.241993248462677
                ],
                [
                    0.0,
                    0.0,
                    0.0,
                    1.0
                ]
            ]
        },
        {
            "file_path": "/data/shapenet_blender/all_50_random/02958343/63e0df089d6c1442f3aed64053e21b3c/r_37",
            "rotation": 0.12566370614359174,
            "transform_matrix": [
                [
                    -0.7570964097976685,
                    0.4425317347049713,
                    0.4805941581726074,
                    1.937337040901184
                ],
                [
                    0.6533032655715942,
                    0.51283860206604,
                    0.556948184967041,
                    2.2451300621032715
                ],
                [
                    0.0,
                    0.7356371283531189,
                    -0.6773757338523865,
                    -2.730588912963867
                ],
                [
                    0.0,
                    0.0,
                    0.0,
                    1.0
                ]
            ]
        },
        {
            "file_path": "/data/shapenet_blender/all_50_random/02958343/63e0df089d6c1442f3aed64053e21b3c/r_38",
            "rotation": 0.12566370614359174,
            "transform_matrix": [
                [
                    0.28345292806625366,
                    -0.9438695907592773,
                    0.169601172208786,
                    0.683684229850769
                ],
                [
                    0.958986222743988,
                    0.27898484468460083,
                    -0.0501299723982811,
                    -0.2020803987979889
                ],
                [
                    0.0,
                    0.17685478925704956,
                    0.9842368960380554,
                    3.967586040496826
                ],
                [
                    0.0,
                    0.0,
                    0.0,
                    1.0
                ]
            ]
        },
        {
            "file_path": "/data/shapenet_blender/all_50_random/02958343/63e0df089d6c1442f3aed64053e21b3c/r_39",
            "rotation": 0.12566370614359174,
            "transform_matrix": [
                [
                    0.05083967372775078,
                    -0.5441805124282837,
                    0.8374262452125549,
                    3.3757734298706055
                ],
                [
                    0.9987068176269531,
                    0.027701783925294876,
                    -0.042629603296518326,
                    -0.1718454360961914
                ],
                [
                    0.0,
                    0.8385106325149536,
                    0.5448850989341736,
                    2.196502447128296
                ],
                [
                    0.0,
                    0.0,
                    0.0,
                    1.0
                ]
            ]
        },
        {
            "file_path": "/data/shapenet_blender/all_50_random/02958343/63e0df089d6c1442f3aed64053e21b3c/r_40",
            "rotation": 0.12566370614359174,
            "transform_matrix": [
                [
                    0.42816829681396484,
                    -0.26452505588531494,
                    -0.8641170263290405,
                    -3.483367443084717
                ],
                [
                    -0.9036990404129028,
                    -0.12533070147037506,
                    -0.40941449999809265,
                    -1.6504027843475342
                ],
                [
                    0.0,
                    0.956200122833252,
                    -0.29271364212036133,
                    -1.1799665689468384
                ],
                [
                    0.0,
                    0.0,
                    0.0,
                    1.0
                ]
            ]
        },
        {
            "file_path": "/data/shapenet_blender/all_50_random/02958343/63e0df089d6c1442f3aed64053e21b3c/r_41",
            "rotation": 0.12566370614359174,
            "transform_matrix": [
                [
                    -0.43344029784202576,
                    -0.0890069305896759,
                    -0.896776020526886,
                    -3.6150197982788086
                ],
                [
                    -0.9011823534965515,
                    0.04280952364206314,
                    0.4313209652900696,
                    1.7387104034423828
                ],
                [
                    0.0,
                    0.9951106309890747,
