{
    "class": "02958343",
    "model": "47aa50eef6b59ddbc552d162ae439d98",
    "remove_doubles": true,
    "edge_split": true,
    "denoise": true,
    "camera_angle_x": 0.6911112070083618,
    "scale_factor": 2.2451200013703123,
    "hdri_file": "/data/IndoorHDRDataset2018/AG8A9071-bab527f75d.exr",
    "center_offset": [
        0.0,
        -1.862645149230957e-09,
        -3.725290298461914e-09
    ],
    "lights": [],
    "frames": [
        {
            "file_path": "/data/shapenet_blender/all_50_random/02958343/47aa50eef6b59ddbc552d162ae439d98/r_0",
            "rotation": 0.12566370614359174,
            "transform_matrix": [
                [
                    -0.11011020839214325,
                    0.8150479197502136,
                    0.5688344240188599,
                    2.2930450439453125
                ],
                [
                    0.9939193725585938,
                    0.09029414504766464,
                    0.06301766633987427,
                    0.2540323734283447
                ],
                [
                    0.0,
                    0.5723145604133606,
                    -0.8200342059135437,
                    -3.305663824081421
                ],
                [
                    0.0,
                    0.0,
                    0.0,
                    1.0
                ]
            ]
        },
        {
            "file_path": "/data/shapenet_blender/all_50_random/02958343/47aa50eef6b59ddbc552d162ae439d98/r_1",
            "rotation": 0.12566370614359174,
            "transform_matrix": [
                [
                    -0.7923463582992554,
                    0.4716171324253082,
                    -0.386994332075119,
                    -1.5600240230560303
                ],
                [
                    -0.6100716590881348,
                    -0.6125249862670898,
                    0.5026189088821411,
                    2.0261216163635254
                ],
                [
                    0.0,
                    0.6343424320220947,
                    0.7730521559715271,
                    3.1162729263305664
                ],
                [
                    0.0,
                    0.0,
                    0.0,
                    1.0
                ]
            ]
        },
        {
            "file_path": "/data/shapenet_blender/all_50_random/02958343/47aa50eef6b59ddbc552d162ae439d98/r_2",
            "rotation": 0.12566370614359174,
            "transform_matrix": [
                [
                    0.5735624432563782,
                    0.13886220753192902,
                    -0.8073062300682068,
                    -3.2543556690216064
                ],
                [
                    -0.8191618919372559,
                    0.09722881764173508,
                    -0.5652613043785095,
                    -2.27864146232605
                ],
                [
                    -7.450580596923828e-09,
                    0.9855271577835083,
                    0.1695174127817154,
                    0.6833466291427612
                ],
                [
                    0.0,
                    0.0,
                    0.0,
                    1.0
                ]
            ]
        },
        {
            "file_path": "/data/shapenet_blender/all_50_random/02958343/47aa50eef6b59ddbc552d162ae439d98/r_3",
            "rotation": 0.12566370614359174,
            "transform_matrix": [
                [
                    -0.9634219408035278,
                    0.17540378868579865,
                    -0.2026122361421585,
                    -0.8167561292648315
                ],
                [
                    -0.26798921823501587,
                    -0.630577027797699,
                    0.7283914685249329,
                    2.9362401962280273
                ],
                [
                    0.0,
                    0.7560462951660156,
                    0.6545180678367615,
                    2.6384470462799072
                ],
                [
                    0.0,
                    0.0,
                    0.0,
                    1.0
                ]
            ]
        },
        {
            "file_path": "/data/shapenet_blender/all_50_random/02958343/47aa50eef6b59ddbc552d162ae439d98/r_4",
            "rotation": 0.12566370614359174,
            "transform_matrix": [
                [
                    -0.8496497273445129,
                    -0.20308086276054382,
                    -0.4866759181022644,
                    -1.9618535041809082
                ],
                [
                    -0.5273474454879761,
                    0.3271990716457367,
                    0.7841207385063171,
                    3.1608920097351074
                ],
                [
                    0.0,
                    0.9228752851486206,
                    -0.38509878516197205,
                    -1.5523829460144043
                ],
                [
                    0.0,
                    0.0,
                    0.0,
                    1.0
                ]
            ]
        },
        {
            "file_path": "/data/shapenet_blender/all_50_random/02958343/47aa50eef6b59ddbc552d162ae439d98/r_5",
            "rotation": 0.12566370614359174,
            "transform_matrix": [
                [
                    -0.47186389565467834,
                    0.461377888917923,
                    0.7513154149055481,
                    3.02864933013916
                ],
                [
                    0.8816713690757751,
                    0.2469259798526764,
                    0.40209832787513733,
                    1.6209101676940918
                ],
                [
                    -1.4901161193847656e-08,
                    0.8521488904953003,
                    -0.5232992172241211,
                    -2.1094865798950195
                ],
                [
                    0.0,
                    0.0,
                    0.0,
                    1.0
                ]
            ]
        },
        {
            "file_path": "/data/shapenet_blender/all_50_random/02958343/47aa50eef6b59ddbc552d162ae439d98/r_6",
            "rotation": 0.12566370614359174,
            "transform_matrix": [
                [
                    -0.05122767761349678,
                    -0.765500009059906,
                    0.6413934230804443,
                    2.5855395793914795
                ],
                [
                    0.9986869692802429,
                    -0.039266347885131836,
                    0.03290029615163803,
                    0.13262534141540527
                ],
                [
                    0.0,
                    0.642236590385437,
                    0.7665064334869385,
                    3.08988618850708
                ],
                [
                    0.0,
                    0.0,
                    0.0,
                    1.0
                ]
            ]
        },
        {
            "file_path": "/data/shapenet_blender/all_50_random/02958343/47aa50eef6b59ddbc552d162ae439d98/r_7",
            "rotation": 0.12566370614359174,
            "transform_matrix": [
                [
                    0.05343553423881531,
                    0.9616256952285767,
                    -0.2691110670566559,
                    -1.0848214626312256
                ],
                [
                    -0.9985713958740234,
                    0.05145849660038948,
                    -0.014400666579604149,
                    -0.05805094540119171
                ],
                [
                    -9.31322685637781e-10,
                    0.26949605345726013,
                    0.9630014300346375,
                    3.8819830417633057
                ],
                [
                    0.0,
                    0.0,
                    0.0,
                    1.0
                ]
            ]
        },
        {
            "file_path": "/data/shapenet_blender/all_50_random/02958343/47aa50eef6b59ddbc552d162ae439d98/r_8",
            "rotation": 0.12566370614359174,
            "transform_matrix": [
                [
                    -0.9846506118774414,
                    0.13135358691215515,
                    0.11493227630853653,
                    0.46330681443214417
                ],
                [
                    0.17453709244728088,
                    0.7410309910774231,
                    0.6483902335166931,
                    2.6137447357177734
                ],
                [
                    7.450580596923828e-09,
                    0.6584978103637695,
                    -0.7525826692581177,
                    -3.0337576866149902
                ],
                [
                    0.0,
                    0.0,
                    0.0,
                    1.0
                ]
            ]
        },
        {
            "file_path": "/data/shapenet_blender/all_50_random/02958343/47aa50eef6b59ddbc552d162ae439d98/r_9",
            "rotation": 0.12566370614359174,
            "transform_matrix": [
                [
                    0.5859641432762146,
                    -0.2557329833507538,
                    0.7689255475997925,
                    3.0996382236480713
                ],
                [
                    0.8103369474411011,
                    0.18492354452610016,
                    -0.556019127368927,
                    -2.241384983062744
                ],
                [
                    1.4901160305669237e-08,
                    0.9488961100578308,
                    0.31558847427368164,
                    1.2721779346466064
                ],
                [
                    0.0,
                    0.0,
                    0.0,
                    1.0
                ]
            ]
        },
        {
            "file_path": "/data/shapenet_blender/all_50_random/02958343/47aa50eef6b59ddbc552d162ae439d98/r_10",
            "rotation": 0.12566370614359174,
            "transform_matrix": [
                [
                    0.8956258893013,
                    -0.1553119271993637,
                    -0.4168122112751007,
                    -1.680223822593689
                ],
                [
                    -0.4448080360889435,
                    -0.31272226572036743,
                    -0.8392559885978699,
                    -3.3831491470336914
                ],
                [
                    0.0,
                    0.9370608925819397,
                    -0.3491661250591278,
                    -1.4075336456298828
                ],
                [
                    0.0,
                    0.0,
                    0.0,
                    1.0
                ]
            ]
        },
        {
            "file_path": "/data/shapenet_blender/all_50_random/02958343/47aa50eef6b59ddbc552d162ae439d98/r_11",
            "rotation": 0.12566370614359174,
            "transform_matrix": [
                [
                    -0.2349189668893814,
                    0.16792409121990204,
                    -0.957399845123291,
                    -3.8594024181365967
                ],
                [
                    -0.9720150232315063,
                    -0.040584299713373184,
                    0.2313867211341858,
                    0.9327497482299805
                ],
                [
                    3.725290742551124e-09,
                    0.9849640727043152,
                    0.17275874316692352,
                    0.6964128017425537
                ],
                [
                    0.0,
                    0.0,
                    0.0,
                    1.0
                ]
            ]
        },
        {
            "file_path": "/data/shapenet_blender/all_50_random/02958343/47aa50eef6b59ddbc552d162ae439d98/r_12",
            "rotation": 0.12566370614359174,
            "transform_matrix": [
                [
                    -0.6614328026771545,
                    0.4900854825973511,
                    -0.5677348375320435,
                    -2.2886123657226562
                ],
                [
                    -0.7500043511390686,
                    -0.43220892548561096,
                    0.5006883144378662,
                    2.018339157104492
                ],
                [
                    1.4901159417490817e-08,
                    0.7569752931594849,
                    0.653443455696106,
                    2.6341147422790527
                ],
                [
                    0.0,
                    0.0,
                    0.0,
                    1.0
                ]
            ]
        },
        {
            "file_path": "/data/shapenet_blender/all_50_random/02958343/47aa50eef6b59ddbc552d162ae439d98/r_13",
            "rotation": 0.12566370614359174,
            "transform_matrix": [
                [
                    0.4721715450286865,
                    0.4765319526195526,
                    -0.7416004538536072,
                    -2.9894871711730957
                ],
                [
                    -0.8815066814422607,
                    0.2552502751350403,
                    -0.39723196625709534,
                    -1.6012934446334839
                ],
                [
                    0.0,
                    0.8412874937057495,
                    0.5405879616737366,
                    2.1791799068450928
                ],
                [
                    0.0,
                    0.0,
                    0.0,
                    1.0
                ]
            ]
        },
        {
            "file_path": "/data/shapenet_blender/all_50_random/02958343/47aa50eef6b59ddbc552d162ae439d98/r_14",
            "rotation": 0.12566370614359174,
            "transform_matrix": [
                [
                    -0.2004108726978302,
                    -0.306037962436676,
                    -0.9306859374046326,
                    -3.7517147064208984
                ],
                [
                    -0.9797119498252869,
                    0.0626034364104271,
                    0.19038206338882446,
                    0.7674546241760254
                ],
                [
                    -3.725290076417309e-09,
                    0.9499586820602417,
                    -0.3123754560947418,
                    -1.2592257261276245
                ],
                [
                    0.0,
                    0.0,
                    0.0,
                    1.0
                ]
            ]
        },
        {
            "file_path": "/data/shapenet_blender/all_50_random/02958343/47aa50eef6b59ddbc552d162ae439d98/r_15",
            "rotation": 0.12566370614359174,
            "transform_matrix": [
                [
                    -0.8569586277008057,
                    -0.09995473921298981,
                    0.5055995583534241,
                    2.038137197494507
                ],
                [
                    0.5153852701187134,
                    -0.16620010137557983,
                    0.8406875133514404,
                    3.3889200687408447
                ],
                [
                    0.0,
                    0.9810130596160889,
                    0.19394177198410034,
                    0.7818043231964111
                ],
                [
                    0.0,
                    0.0,
                    0.0,
                    1.0
                ]
            ]
        },
        {
            "file_path": "/data/shapenet_blender/all_50_random/02958343/47aa50eef6b59ddbc552d162ae439d98/r_16",
            "rotation": 0.12566370614359174,
            "transform_matrix": [
                [
                    -0.9575068354606628,
                    -0.1246245801448822,
                    -0.2600952684879303,
                    -1.0484775304794312
                ],
                [
                    -0.28841090202331543,
                    0.41374608874320984,
                    0.8635005950927734,
                    3.480882167816162
                ],
                [
                    0.0,
                    0.9018219709396362,
                    -0.43210774660110474,
                    -1.741882085800171
                ],
                [
                    0.0,
                    0.0,
                    0.0,
                    1.0
                ]
            ]
        },
        {
            "file_path": "/data/shapenet_blender/all_50_random/02958343/47aa50eef6b59ddbc552d162ae439d98/r_17",
            "rotation": 0.12566370614359174,
            "transform_matrix": [
                [
                    0.44008389115333557,
                    0.01727350801229477,
                    -0.8977904319763184,
                    -3.6191091537475586
                ],
                [
                    -0.8979566693305969,
                    0.008465656079351902,
                    -0.4400024116039276,
                    -1.7737065553665161
                ],
                [
                    -4.656612873077393e-10,
                    0.9998148679733276,
                    0.019236460328102112,
                    0.07754465937614441
                ],
                [
                    0.0,
                    0.0,
                    0.0,
                    1.0
                ]
            ]
        },
        {
            "file_path": "/data/shapenet_blender/all_50_random/02958343/47aa50eef6b59ddbc552d162ae439d98/r_18",
            "rotation": 0.12566370614359174,
            "transform_matrix": [
                [
                    -0.7382230758666992,
                    -0.0710555911064148,
                    -0.6708037853240967,
                    -2.704096794128418
                ],
                [
                    -0.6745567321777344,
                    0.07776200026273727,
                    0.7341159582138062,
                    2.9593162536621094
                ],
                [
                    3.725290742551124e-09,
                    0.9944366216659546,
                    -0.10533671826124191,
                    -0.4246259331703186
                ],
                [
                    0.0,
                    0.0,
                    0.0,
                    1.0
                ]
            ]
        },
        {
            "file_path": "/data/shapenet_blender/all_50_random/02958343/47aa50eef6b59ddbc552d162ae439d98/r_19",
            "rotation": 0.12566370614359174,
            "transform_matrix": [
                [
                    -0.6118203997612,
                    -0.09874757379293442,
                    -0.7848086953163147,
                    -3.1636650562286377
                ],
                [
                    -0.7909967303276062,
                    0.07637931406497955,
                    0.6070341467857361,
                    2.447032928466797
                ],
                [
                    0.0,
                    0.99217689037323,
                    -0.1248394325375557,
                    -0.5032438635826111
                ],
                [
                    0.0,
                    0.0,
                    0.0,
                    1.0
                ]
            ]
        },
        {
            "file_path": "/data/shapenet_blender/all_50_random/02958343/47aa50eef6b59ddbc552d162ae439d98/r_20",
            "rotation": 0.12566370614359174,
            "transform_matrix": [
                [
                    -0.9384950995445251,
                    0.2530983090400696,
                    0.23487898707389832,
                    0.9468274712562561
                ],
                [
                    0.34529244899749756,
                    0.6879140138626099,
                    0.6383944153785706,
                    2.5734500885009766
                ],
                [
                    0.0,
                    0.6802319884300232,
                    -0.7329968810081482,
                    -2.9548048973083496
                ],
                [
                    0.0,
                    0.0,
                    0.0,
                    1.0
                ]
            ]
        },
        {
            "file_path": "/data/shapenet_blender/all_50_random/02958343/47aa50eef6b59ddbc552d162ae439d98/r_21",
            "rotation": 0.12566370614359174,
            "transform_matrix": [
                [
                    0.49441301822662354,
                    0.11854281276464462,
                    0.8611058592796326,
                    3.471228837966919
                ],
                [
                    0.8692271113395691,
                    -0.06742669641971588,
                    -0.48979368805885315,
                    -1.974421501159668
                ],
                [
                    0.0,
                    0.9906569719314575,
                    -0.1363772600889206,
                    -0.5497543215751648
                ],
                [
                    0.0,
                    0.0,
                    0.0,
                    1.0
                ]
            ]
        },
        {
            "file_path": "/data/shapenet_blender/all_50_random/02958343/47aa50eef6b59ddbc552d162ae439d98/r_22",
            "rotation": 0.12566370614359174,
            "transform_matrix": [
                [
                    -0.9845058917999268,
                    0.007140600588172674,
                    0.17520612478256226,
                    0.7062785625457764
                ],
                [
                    0.1753515899181366,
                    0.04009067267179489,
                    0.9836891889572144,
                    3.9653782844543457
                ],
                [
                    0.0,
                    0.9991705417633057,
                    -0.04072161018848419,
                    -0.1641540825366974
                ],
                [
                    0.0,
                    0.0,
                    0.0,
                    1.0
                ]
            ]
        },
        {
            "file_path": "/data/shapenet_blender/all_50_random/02958343/47aa50eef6b59ddbc552d162ae439d98/r_23",
            "rotation": 0.12566370614359174,
            "transform_matrix": [
                [
                    0.7537164688110352,
                    0.11561374366283417,
                    0.646950364112854,
                    2.607940435409546
                ],
                [
                    0.6571996212005615,
                    -0.13259287178516388,
                    -0.7419620752334595,
                    -2.9909448623657227
                ],
                [
                    0.0,
                    0.9844046831130981,
                    -0.17591875791549683,
                    -0.7091512084007263
                ],
                [
                    0.0,
                    0.0,
                    0.0,
                    1.0
                ]
            ]
        },
        {
            "file_path": "/data/shapenet_blender/all_50_random/02958343/47aa50eef6b59ddbc552d162ae439d98/r_24",
            "rotation": 0.12566370614359174,
            "transform_matrix": [
                [
                    -0.1574801802635193,
                    -0.4647051990032196,
                    0.8713489770889282,
                    3.5125203132629395
                ],
                [
                    0.9875221848487854,
                    -0.07410655170679092,
                    0.1389540433883667,
                    0.5601417422294617
                ],
                [
                    -7.450580596923828e-09,
                    0.8823589086532593,
                    0.4705769419670105,
                    1.896956443786621
                ],
                [
                    0.0,
                    0.0,
                    0.0,
                    1.0
                ]
            ]
        },
        {
            "file_path": "/data/shapenet_blender/all_50_random/02958343/47aa50eef6b59ddbc552d162ae439d98/r_25",
            "rotation": 0.12566370614359174,
            "transform_matrix": [
                [
                    0.8430793285369873,
                    -0.05828172713518143,
                    0.5346219539642334,
                    2.15513014793396
                ],
                [
                    0.5377894043922424,
                    0.09136683493852615,
                    -0.8381137251853943,
                    -3.378544569015503
                ],
                [
                    -3.725290742551124e-09,
                    0.9941102862358093,
                    0.1083727777004242,
                    0.4368646442890167
                ],
                [
                    0.0,
                    0.0,
                    0.0,
                    1.0
                ]
            ]
        },
        {
            "file_path": "/data/shapenet_blender/all_50_random/02958343/47aa50eef6b59ddbc552d162ae439d98/r_26",
            "rotation": 0.12566370614359174,
            "transform_matrix": [
                [
                    -0.724030613899231,
                    -0.006245587486773729,
                    0.6897394061088562,
                    2.780428647994995
                ],
                [
                    0.6897677183151245,
                    -0.006555825471878052,
                    0.7240009307861328,
                    2.918541431427002
                ],
                [
                    0.0,
                    0.9999591112136841,
                    0.009054621681571007,
                    0.03650034964084625
                ],
                [
                    0.0,
                    0.0,
                    0.0,
                    1.0
                ]
            ]
        },
        {
            "file_path": "/data/shapenet_blender/all_50_random/02958343/47aa50eef6b59ddbc552d162ae439d98/r_27",
            "rotation": 0.12566370614359174,
            "transform_matrix": [
                [
                    -0.5073613524436951,
                    -0.23924994468688965,
                    -0.8278549909591675,
                    -3.3371901512145996
                ],
                [
                    -0.8617334365844727,
                    0.14086279273033142,
                    0.4874148368835449,
                    1.964832067489624
                ],
                [
                    0.0,
                    0.9606857299804688,
                    -0.2776379883289337,
                    -1.119194507598877
                ],
                [
                    0.0,
                    0.0,
                    0.0,
                    1.0
                ]
            ]
        },
        {
            "file_path": "/data/shapenet_blender/all_50_random/02958343/47aa50eef6b59ddbc552d162ae439d98/r_28",
            "rotation": 0.12566370614359174,
            "transform_matrix": [
                [
                    -0.6846050024032593,
                    0.1000237762928009,
                    -0.722018837928772,
                    -2.9105513095855713
                ],
                [
                    -0.7289142608642578,
                    -0.0939435213804245,
                    0.678128719329834,
                    2.7336244583129883
                ],
                [
                    0.0,
                    0.990540087223053,
                    0.13722297549247742,
                    0.5531635880470276
                ],
                [
                    0.0,
                    0.0,
                    0.0,
                    1.0
                ]
            ]
        },
        {
            "file_path": "/data/shapenet_blender/all_50_random/02958343/47aa50eef6b59ddbc552d162ae439d98/r_29",
            "rotation": 0.12566370614359174,
            "transform_matrix": [
                [
                    -0.9161681532859802,
                    0.18293866515159607,
                    0.35660818219184875,
                    1.4375336170196533
                ],
                [
                    0.4007941782474518,
                    0.41817617416381836,
                    0.8151642084121704,
                    3.28603196144104
                ],
                [
                    1.4901161193847656e-08,
                    0.8897539377212524,
                    -0.45644041895866394,
                    -1.8399702310562134
                ],
                [
                    0.0,
                    0.0,
                    0.0,
                    1.0
                ]
            ]
        },
        {
            "file_path": "/data/shapenet_blender/all_50_random/02958343/47aa50eef6b59ddbc552d162ae439d98/r_30",
            "rotation": 0.12566370614359174,
            "transform_matrix": [
                [
                    0.9964649677276611,
                    0.07901545614004135,
                    -0.028535204008221626,
                    -0.11502909660339355
                ],
                [
                    -0.08401012420654297,
                    0.9372219443321228,
                    -0.33846315741539,
                    -1.3643887042999268
                ],
                [
                    -1.862645371275562e-09,
                    0.33966392278671265,
                    0.9405468106269836,
                    3.7914657592773438
                ],
                [
                    0.0,
                    0.0,
                    0.0,
                    1.0
                ]
            ]
        },
        {
            "file_path": "/data/shapenet_blender/all_50_random/02958343/47aa50eef6b59ddbc552d162ae439d98/r_31",
            "rotation": 0.12566370614359174,
            "transform_matrix": [
                [
                    0.546755850315094,
                    0.7514154314994812,
                    0.3693681061267853,
                    1.4889705181121826
                ],
                [
                    0.8372921943664551,
                    -0.49067792296409607,
                    -0.24119918048381805,
                    -0.9723049998283386
                ],
                [
                    -1.4901162970204496e-08,
                    0.4411460757255554,
                    -0.8974353075027466,
                    -3.6176774501800537
                ],
                [
                    0.0,
                    0.0,
                    0.0,
                    1.0
                ]
            ]
        },
        {
            "file_path": "/data/shapenet_blender/all_50_random/02958343/47aa50eef6b59ddbc552d162ae439d98/r_32",
            "rotation": 0.12566370614359174,
            "transform_matrix": [
                [
                    -0.4440964460372925,
                    -0.37978869676589966,
                    0.8115040063858032,
                    3.27127742767334
                ],
                [
                    0.8959789872169495,
                    -0.18824416399002075,
                    0.4022260010242462,
                    1.621424913406372
                ],
                [
                    1.4901160305669237e-08,
                    0.9057177901268005,
                    0.4238812327384949,
                    1.7087199687957764
                ],
                [
                    0.0,
                    0.0,
                    0.0,
                    1.0
                ]
            ]
        },
        {
            "file_path": "/data/shapenet_blender/all_50_random/02958343/47aa50eef6b59ddbc552d162ae439d98/r_33",
            "rotation": 0.12566370614359174,
            "transform_matrix": [
                [
                    0.9255606532096863,
                    -0.26459699869155884,
                    0.27078789472579956,
                    1.0915809869766235
                ],
                [
                    0.3785996735095978,
                    0.6468589305877686,
                    -0.6619938015937805,
                    -2.6685826778411865
                ],
                [
                    0.0,
                    0.7152356505393982,
                    0.6988832950592041,
                    2.817288875579834
                ],
                [
                    0.0,
                    0.0,
                    0.0,
                    1.0
                ]
            ]
        },
        {
            "file_path": "/data/shapenet_blender/all_50_random/02958343/47aa50eef6b59ddbc552d162ae439d98/r_34",
            "rotation": 0.12566370614359174,
            "transform_matrix": [
                [
                    -0.23687510192394257,
                    -0.8094061613082886,
                    -0.5373563766479492,
                    -2.1661531925201416
                ],
                [
                    -0.9715401530265808,
                    0.197344571352005,
                    0.13101501762866974,
                    0.5281385183334351
                ],
                [
                    0.0,
                    0.5530974864959717,
                    -0.8331164121627808,
                    -3.3583998680114746
                ],
                [
                    0.0,
                    0.0,
                    0.0,
                    1.0
                ]
            ]
        },
        {
            "file_path": "/data/shapenet_blender/all_50_random/02958343/47aa50eef6b59ddbc552d162ae439d98/r_35",
            "rotation": 0.12566370614359174,
            "transform_matrix": [
                [
                    -0.5863461494445801,
                    -0.8089385628700256,
                    -0.04262038692831993,
                    -0.17180827260017395
                ],
                [
                    -0.8100606203079224,
                    0.5855339765548706,
                    0.030849916860461235,
                    0.12435999512672424
                ],
                [
                    -1.862645149230957e-09,
                    0.05261276289820671,
                    -0.9986149668693542,
                    -4.025545597076416
                ],
                [
                    0.0,
                    0.0,
                    0.0,
                    1.0
                ]
            ]
        },
        {
            "file_path": "/data/shapenet_blender/all_50_random/02958343/47aa50eef6b59ddbc552d162ae439d98/r_36",
            "rotation": 0.12566370614359174,
            "transform_matrix": [
                [
                    0.5796225070953369,
                    0.2975701689720154,
                    0.7586103081703186,
                    3.058056116104126
                ],
                [
                    0.8148850202560425,
                    -0.211659774184227,
                    -0.5395946502685547,
                    -2.175175905227661
                ],
                [
                    1.4901160305669237e-08,
                    0.9309415221214294,
                    -0.3651682436466217,
                    -1.4720404148101807
                ],
                [
                    0.0,
                    0.0,
                    0.0,
                    1.0
                ]
            ]
        },
        {
            "file_path": "/data/shapenet_blender/all_50_random/02958343/47aa50eef6b59ddbc552d162ae439d98/r_37",
            "rotation": 0.12566370614359174,
            "transform_matrix": [
                [
                    0.9038702249526978,
                    -0.10704366117715836,
                    -0.4141983985900879,
                    -1.669687271118164
                ],
                [
                    -0.4278068542480469,
                    -0.22616183757781982,
                    -0.8751183152198792,
                    -3.527714967727661
                ],
                [
                    0.0,
                    0.9681902527809143,
                    -0.25021496415138245,
                    -1.0086488723754883
                ],
                [
                    0.0,
                    0.0,
                    0.0,
                    1.0
                ]
            ]
        },
        {
            "file_path": "/data/shapenet_blender/all_50_random/02958343/47aa50eef6b59ddbc552d162ae439d98/r_38",
            "rotation": 0.12566370614359174,
            "transform_matrix": [
                [
                    0.6128211617469788,
                    0.6406078338623047,
                    0.46267884969711304,
                    1.865118145942688
                ],
                [
                    0.790221631526947,
                    -0.49679484963417053,
                    -0.3588099777698517,
                    -1.4464092254638672
                ],
                [
                    0.0,
                    0.5855052471160889,
                    -0.8106687068939209,
                    -3.2679100036621094
                ],
                [
                    0.0,
                    0.0,
                    0.0,
                    1.0
                ]
            ]
        },
        {
            "file_path": "/data/shapenet_blender/all_50_random/02958343/47aa50eef6b59ddbc552d162ae439d98/r_39",
            "rotation": 0.12566370614359174,
            "transform_matrix": [
                [
                    0.9895907640457153,
                    -0.09820758551359177,
                    -0.10519204288721085,
                    -0.4240427017211914
                ],
                [
                    -0.1439100205898285,
                    -0.675320029258728,
                    -0.7233483195304871,
                    -2.915910243988037
                ],
                [
                    0.0,
                    0.7309569120407104,
                    -0.6824235916137695,
                    -2.7509374618530273
                ],
                [
                    0.0,
                    0.0,
                    0.0,
                    1.0
                ]
            ]
        },
        {
            "file_path": "/data/shapenet_blender/all_50_random/02958343/47aa50eef6b59ddbc552d162ae439d98/r_40",
            "rotation": 0.12566370614359174,
            "transform_matrix": [
                [
                    0.2035037875175476,
                    0.48419415950775146,
                    -0.8509654402732849,
                    -3.430351495742798
                ],
                [
                    -0.979074239730835,
                    0.10064133256673813,
                    -0.17687593400478363,
                    -0.7130097150802612
                ],
                [
                    0.0,
                    0.8691532611846924,
                    0.4945428669452667,
                    1.9935660362243652
                ],
                [
                    0.0,
                    0.0,
                    0.0,
                    1.0
                ]
            ]
        },
        {
            "file_path": "/data/shapenet_blender/all_50_random/02958343/47aa50eef6b59ddbc552d162ae439d98/r_41",
            "rotation": 0.12566370614359174,
            "transform_matrix": [
                [
                    -0.5325301289558411,
                    0.0907961055636406,
                    0.841526985168457,
                    3.392303705215454
                ],
                [
                    0.8464110493659973,
                    0.0571255162358284,
                    0.5294573307037354,
                    2.134310722351074
                ],
                [
                    0.0,
                    0.9942296743392944,
