{
    "class": "02958343",
    "model": "cb19594e73992a3d51008e496c6cfd2e",
    "remove_doubles": true,
    "edge_split": true,
    "denoise": true,
    "camera_angle_x": 0.6911112070083618,
    "scale_factor": 2.215943759049168,
    "hdri_file": "/data/IndoorHDRDataset2018/9C4A7157-8faaac3321.exr",
    "center_offset": [
        0.0,
        -3.725290298461914e-09,
        0.0
    ],
    "lights": [],
    "frames": [
        {
            "file_path": "/data/shapenet_blender/all_50_random/02958343/cb19594e73992a3d51008e496c6cfd2e/r_0",
            "rotation": 0.12566370614359174,
            "transform_matrix": [
                [
                    0.38553252816200256,
                    -0.207023024559021,
                    -0.8991696238517761,
                    -3.624668836593628
                ],
                [
                    -0.9226941466331482,
                    -0.08650115877389908,
                    -0.37570321559906006,
                    -1.5145082473754883
                ],
                [
                    0.0,
                    0.9745044708251953,
                    -0.22436794638633728,
                    -0.9044561982154846
                ],
                [
                    0.0,
                    0.0,
                    0.0,
                    1.0
                ]
            ]
        },
        {
            "file_path": "/data/shapenet_blender/all_50_random/02958343/cb19594e73992a3d51008e496c6cfd2e/r_1",
            "rotation": 0.12566370614359174,
            "transform_matrix": [
                [
                    -0.8384013175964355,
                    -0.023773737251758575,
                    0.5445346236228943,
                    2.195089340209961
                ],
                [
                    0.5450533032417297,
                    -0.0365687757730484,
                    0.8376034498214722,
                    3.3764874935150146
                ],
                [
                    1.8626450382086546e-09,
                    0.9990482926368713,
                    0.04361726716160774,
                    0.17582683265209198
                ],
                [
                    0.0,
                    0.0,
                    0.0,
                    1.0
                ]
            ]
        },
        {
            "file_path": "/data/shapenet_blender/all_50_random/02958343/cb19594e73992a3d51008e496c6cfd2e/r_2",
            "rotation": 0.12566370614359174,
            "transform_matrix": [
                [
                    -0.6851540803909302,
                    -0.09820873290300369,
                    -0.7217472195625305,
                    -2.9094560146331787
                ],
                [
                    -0.7283982038497925,
                    0.09237818419933319,
                    0.6788978576660156,
                    2.736724853515625
                ],
                [
                    0.0,
                    0.9908689856529236,
                    -0.1348283439874649,
                    -0.5435104370117188
                ],
                [
                    0.0,
                    0.0,
                    0.0,
                    1.0
                ]
            ]
        },
        {
            "file_path": "/data/shapenet_blender/all_50_random/02958343/cb19594e73992a3d51008e496c6cfd2e/r_3",
            "rotation": 0.12566370614359174,
            "transform_matrix": [
                [
                    -0.5403012037277222,
                    -0.26511144638061523,
                    0.7986178994178772,
                    3.219331741333008
                ],
                [
                    0.8414717316627502,
                    -0.1702256053686142,
                    0.5127851366996765,
                    2.0671029090881348
                ],
                [
                    0.0,
                    0.9490726590156555,
                    0.3150569200515747,
                    1.2700350284576416
                ],
                [
                    0.0,
                    0.0,
                    0.0,
                    1.0
                ]
            ]
        },
        {
            "file_path": "/data/shapenet_blender/all_50_random/02958343/cb19594e73992a3d51008e496c6cfd2e/r_4",
            "rotation": 0.12566370614359174,
            "transform_matrix": [
                [
                    0.4480516016483307,
                    0.8099738359451294,
                    -0.37840721011161804,
                    -1.5254082679748535
                ],
                [
                    -0.8940076231956482,
                    0.40593624114990234,
                    -0.18964709341526031,
                    -0.7644919157028198
                ],
                [
                    1.4901161193847656e-08,
                    0.423270583152771,
                    0.9060032367706299,
                    3.6522159576416016
                ],
                [
                    0.0,
                    0.0,
                    0.0,
                    1.0
                ]
            ]
        },
        {
            "file_path": "/data/shapenet_blender/all_50_random/02958343/cb19594e73992a3d51008e496c6cfd2e/r_5",
            "rotation": 0.12566370614359174,
            "transform_matrix": [
                [
                    0.30740323662757874,
                    0.70345538854599,
                    0.64082270860672,
                    2.5832390785217285
                ],
                [
                    0.9515794515609741,
                    -0.2272479385137558,
                    -0.2070147544145584,
                    -0.834503173828125
                ],
                [
                    -1.4901162970204496e-08,
                    0.6734308004379272,
                    -0.7392503023147583,
                    -2.980013370513916
                ],
                [
                    0.0,
                    0.0,
                    0.0,
                    1.0
                ]
            ]
        },
        {
            "file_path": "/data/shapenet_blender/all_50_random/02958343/cb19594e73992a3d51008e496c6cfd2e/r_6",
            "rotation": 0.12566370614359174,
            "transform_matrix": [
                [
                    0.9944890141487122,
                    0.009502879343926907,
                    0.1044091284275055,
                    0.4208866357803345
                ],
                [
                    0.10484068840742111,
                    -0.09014160931110382,
                    -0.9903953671455383,
                    -3.9924111366271973
                ],
                [
                    -9.313224635931761e-10,
                    0.995883584022522,
                    -0.09064114093780518,
                    -0.36538609862327576
                ],
                [
                    0.0,
                    0.0,
                    0.0,
                    1.0
                ]
            ]
        },
        {
            "file_path": "/data/shapenet_blender/all_50_random/02958343/cb19594e73992a3d51008e496c6cfd2e/r_7",
            "rotation": 0.12566370614359174,
            "transform_matrix": [
                [
                    -0.8757593631744385,
                    -0.20842842757701874,
                    -0.4354344308376312,
                    -1.7552924156188965
                ],
                [
                    -0.48274797201156616,
                    0.37811270356178284,
                    0.7899272441864014,
                    3.1842987537384033
                ],
                [
                    0.0,
                    0.9019912481307983,
                    -0.43175411224365234,
                    -1.7404565811157227
                ],
                [
                    0.0,
                    0.0,
                    0.0,
                    1.0
                ]
            ]
        },
        {
            "file_path": "/data/shapenet_blender/all_50_random/02958343/cb19594e73992a3d51008e496c6cfd2e/r_8",
            "rotation": 0.12566370614359174,
            "transform_matrix": [
                [
                    0.5555953979492188,
                    0.5171251893043518,
                    0.6510723829269409,
                    2.62455677986145
                ],
                [
                    0.8314529061317444,
                    -0.3455546200275421,
                    -0.43506115674972534,
                    -1.753787636756897
                ],
                [
                    -1.4901162970204496e-08,
                    0.7830539345741272,
                    -0.6219537854194641,
                    -2.507175922393799
                ],
                [
                    0.0,
                    0.0,
                    0.0,
                    1.0
                ]
            ]
        },
        {
            "file_path": "/data/shapenet_blender/all_50_random/02958343/cb19594e73992a3d51008e496c6cfd2e/r_9",
            "rotation": 0.12566370614359174,
            "transform_matrix": [
                [
                    0.9748309850692749,
                    0.04112260416150093,
                    0.2191198319196701,
                    0.8833003044128418
                ],
                [
                    0.2229452133178711,
                    -0.17980913817882538,
                    -0.9581044316291809,
                    -3.8622424602508545
                ],
                [
                    -3.725290298461914e-09,
                    0.9828416109085083,
                    -0.1844516098499298,
                    -0.7435482144355774
                ],
                [
                    0.0,
                    0.0,
                    0.0,
                    1.0
                ]
            ]
        },
        {
            "file_path": "/data/shapenet_blender/all_50_random/02958343/cb19594e73992a3d51008e496c6cfd2e/r_10",
            "rotation": 0.12566370614359174,
            "transform_matrix": [
                [
                    -0.17784875631332397,
                    -0.72415691614151,
                    0.6663081645965576,
                    2.685974359512329
                ],
                [
                    0.9840578436851501,
                    -0.13087686896324158,
                    0.12042186409235,
                    0.4854360818862915
                ],
                [
                    7.450580596923828e-09,
                    0.6771027445793152,
                    0.7358884215354919,
                    2.966461420059204
                ],
                [
                    0.0,
                    0.0,
                    0.0,
                    1.0
                ]
            ]
        },
        {
            "file_path": "/data/shapenet_blender/all_50_random/02958343/cb19594e73992a3d51008e496c6cfd2e/r_11",
            "rotation": 0.12566370614359174,
            "transform_matrix": [
                [
                    0.9277940392494202,
                    -0.04870230704545975,
                    0.3699004650115967,
                    1.4911165237426758
                ],
                [
                    0.3730928599834442,
                    0.12111116945743561,
                    -0.9198552966117859,
                    -3.708055257797241
                ],
                [
                    -3.725290298461914e-09,
                    0.9914434552192688,
                    0.13053669035434723,
                    0.5262102484703064
                ],
                [
                    0.0,
                    0.0,
                    0.0,
                    1.0
                ]
            ]
        },
        {
            "file_path": "/data/shapenet_blender/all_50_random/02958343/cb19594e73992a3d51008e496c6cfd2e/r_12",
            "rotation": 0.12566370614359174,
            "transform_matrix": [
                [
                    -0.0670027881860733,
                    -0.7063876390457153,
                    0.7046467065811157,
                    2.840522050857544
                ],
                [
                    0.9977527260780334,
                    -0.04743654653429985,
                    0.04731963947415352,
                    0.1907515823841095
                ],
                [
                    0.0,
                    0.70623379945755,
                    0.7079785466194153,
                    2.8539531230926514
                ],
                [
                    0.0,
                    0.0,
                    0.0,
                    1.0
                ]
            ]
        },
        {
            "file_path": "/data/shapenet_blender/all_50_random/02958343/cb19594e73992a3d51008e496c6cfd2e/r_13",
            "rotation": 0.12566370614359174,
            "transform_matrix": [
                [
                    0.7892998456954956,
                    -0.27358612418174744,
                    0.5496875047683716,
                    2.2158613204956055
                ],
                [
                    0.6140078902244568,
                    0.35169169306755066,
                    -0.7066167593002319,
                    -2.848463296890259
                ],
                [
                    1.4901159417490817e-08,
                    0.8952450752258301,
                    0.44557422399520874,
                    1.7961671352386475
                ],
                [
                    0.0,
                    0.0,
                    0.0,
                    1.0
                ]
            ]
        },
        {
            "file_path": "/data/shapenet_blender/all_50_random/02958343/cb19594e73992a3d51008e496c6cfd2e/r_14",
            "rotation": 0.12566370614359174,
            "transform_matrix": [
                [
                    0.3615141212940216,
                    -0.7131828665733337,
                    0.6005645990371704,
                    2.4209532737731934
                ],
                [
                    0.9323667287826538,
                    0.27652817964553833,
                    -0.23286180198192596,
                    -0.9386959671974182
                ],
                [
                    1.4901162970204496e-08,
                    0.64412921667099,
                    0.7649166584014893,
                    3.083477735519409
                ],
                [
                    0.0,
                    0.0,
                    0.0,
                    1.0
                ]
            ]
        },
        {
            "file_path": "/data/shapenet_blender/all_50_random/02958343/cb19594e73992a3d51008e496c6cfd2e/r_15",
            "rotation": 0.12566370614359174,
            "transform_matrix": [
                [
                    -0.29065167903900146,
                    -0.08085436373949051,
                    -0.953406572341919,
                    -3.8433048725128174
                ],
                [
                    -0.9568289518356323,
                    0.024560775607824326,
                    0.2896121144294739,
                    1.167463779449463
                ],
                [
                    1.862645149230957e-09,
                    0.9964231848716736,
                    -0.0845024362206459,
                    -0.34064021706581116
                ],
                [
                    0.0,
                    0.0,
                    0.0,
                    1.0
                ]
            ]
        },
        {
            "file_path": "/data/shapenet_blender/all_50_random/02958343/cb19594e73992a3d51008e496c6cfd2e/r_16",
            "rotation": 0.12566370614359174,
            "transform_matrix": [
                [
                    0.5135655999183655,
                    -0.6267791390419006,
                    0.5860018730163574,
                    2.3622493743896484
                ],
                [
                    0.8580503463745117,
                    0.37514373660087585,
                    -0.35073748230934143,
                    -1.4138681888580322
                ],
                [
                    0.0,
                    0.6829459071159363,
                    0.7304688692092896,
                    2.9446144104003906
                ],
                [
                    0.0,
                    0.0,
                    0.0,
                    1.0
                ]
            ]
        },
        {
            "file_path": "/data/shapenet_blender/all_50_random/02958343/cb19594e73992a3d51008e496c6cfd2e/r_17",
            "rotation": 0.12566370614359174,
            "transform_matrix": [
                [
                    0.8328412175178528,
                    0.32359105348587036,
                    -0.4490704834461212,
                    -1.8102610111236572
                ],
                [
                    -0.553511917591095,
                    0.486890971660614,
                    -0.6756934523582458,
                    -2.7238073348999023
                ],
                [
                    0.0,
                    0.8113111257553101,
                    0.5846144556999207,
                    2.356656312942505
                ],
                [
                    0.0,
                    0.0,
                    0.0,
                    1.0
                ]
            ]
        },
        {
            "file_path": "/data/shapenet_blender/all_50_random/02958343/cb19594e73992a3d51008e496c6cfd2e/r_18",
            "rotation": 0.12566370614359174,
            "transform_matrix": [
                [
                    0.9692666530609131,
                    0.041079167276620865,
                    -0.2425585836172104,
                    -0.9777849316596985
                ],
                [
                    -0.24601252377033234,
                    0.16184811294078827,
                    -0.9556583762168884,
                    -3.852382183074951
                ],
                [
                    0.0,
                    0.9859603047370911,
                    0.16697995364665985,
                    0.6731176972389221
                ],
                [
                    0.0,
                    0.0,
                    0.0,
                    1.0
                ]
            ]
        },
        {
            "file_path": "/data/shapenet_blender/all_50_random/02958343/cb19594e73992a3d51008e496c6cfd2e/r_19",
            "rotation": 0.12566370614359174,
            "transform_matrix": [
                [
                    -0.6842015385627747,
                    -0.502090334892273,
                    0.5289362072944641,
                    2.1322100162506104
                ],
                [
                    0.7292928695678711,
                    -0.47104668617248535,
                    0.4962327480316162,
                    2.000378131866455
                ],
                [
                    -2.9802317058624794e-08,
                    0.7252726554870605,
                    0.6884617209434509,
                    2.775277853012085
                ],
                [
                    0.0,
                    0.0,
                    0.0,
                    1.0
                ]
            ]
        },
        {
            "file_path": "/data/shapenet_blender/all_50_random/02958343/cb19594e73992a3d51008e496c6cfd2e/r_20",
            "rotation": 0.12566370614359174,
            "transform_matrix": [
                [
                    -0.7174332141876221,
                    0.24689805507659912,
                    0.6514068841934204,
                    2.6259052753448486
                ],
                [
                    0.6966273784637451,
                    0.2542720437049866,
                    0.6708621382713318,
                    2.704332113265991
                ],
                [
                    0.0,
                    0.935086727142334,
                    -0.354419082403183,
                    -1.4287091493606567
                ],
                [
                    0.0,
                    0.0,
                    0.0,
                    1.0
                ]
            ]
        },
        {
            "file_path": "/data/shapenet_blender/all_50_random/02958343/cb19594e73992a3d51008e496c6cfd2e/r_21",
            "rotation": 0.12566370614359174,
            "transform_matrix": [
                [
                    0.21585629880428314,
                    -0.597669780254364,
                    -0.7721378803253174,
                    -3.1125874519348145
                ],
                [
                    -0.9764251112937927,
                    -0.1321256458759308,
                    -0.17069494724273682,
                    -0.688093364238739
                ],
                [
                    0.0,
                    0.7907804250717163,
                    -0.6120998859405518,
                    -2.4674534797668457
                ],
                [
                    0.0,
                    0.0,
                    0.0,
                    1.0
                ]
            ]
        },
        {
            "file_path": "/data/shapenet_blender/all_50_random/02958343/cb19594e73992a3d51008e496c6cfd2e/r_22",
            "rotation": 0.12566370614359174,
            "transform_matrix": [
                [
                    0.9395050406455994,
                    -0.009365086443722248,
                    -0.3424070477485657,
                    -1.3802868127822876
                ],
                [
                    -0.3425350487232208,
                    -0.025686556473374367,
                    -0.9391539096832275,
                    -3.7858500480651855
                ],
                [
                    0.0,
                    0.999626100063324,
                    -0.027340523898601532,
                    -0.11021316051483154
                ],
                [
                    0.0,
                    0.0,
                    0.0,
                    1.0
                ]
            ]
        },
        {
            "file_path": "/data/shapenet_blender/all_50_random/02958343/cb19594e73992a3d51008e496c6cfd2e/r_23",
            "rotation": 0.12566370614359174,
            "transform_matrix": [
                [
                    -0.33872392773628235,
                    -0.4664219617843628,
                    -0.8171392679214478,
                    -3.2939937114715576
                ],
                [
                    -0.9408857226371765,
                    0.16791442036628723,
                    0.29417452216148376,
                    1.1858553886413574
                ],
                [
                    0.0,
                    0.8684787750244141,
                    -0.49572646617889404,
                    -1.9983372688293457
                ],
                [
                    0.0,
                    0.0,
                    0.0,
                    1.0
                ]
            ]
        },
        {
            "file_path": "/data/shapenet_blender/all_50_random/02958343/cb19594e73992a3d51008e496c6cfd2e/r_24",
            "rotation": 0.12566370614359174,
            "transform_matrix": [
                [
                    -0.29014140367507935,
                    0.36951062083244324,
                    0.8827682137489319,
                    3.5585527420043945
                ],
                [
                    0.9569838643074036,
                    0.11202941089868546,
                    0.26764047145843506,
                    1.0788934230804443
                ],
                [
                    0.0,
                    0.9224485754966736,
                    -0.3861199915409088,
                    -1.5564996004104614
                ],
                [
                    0.0,
                    0.0,
                    0.0,
                    1.0
                ]
            ]
        },
        {
            "file_path": "/data/shapenet_blender/all_50_random/02958343/cb19594e73992a3d51008e496c6cfd2e/r_25",
            "rotation": 0.12566370614359174,
            "transform_matrix": [
                [
                    -0.10006739944219589,
                    0.6992506384849548,
                    -0.7078381776809692,
                    -2.853386878967285
                ],
                [
                    -0.9949806928634644,
                    -0.07032516598701477,
                    0.07118883728981018,
                    0.28697139024734497
                ],
                [
                    3.725290742551124e-09,
                    0.7114089727401733,
                    0.7027782201766968,
                    2.8329896926879883
                ],
                [
                    0.0,
                    0.0,
                    0.0,
                    1.0
                ]
            ]
        },
        {
            "file_path": "/data/shapenet_blender/all_50_random/02958343/cb19594e73992a3d51008e496c6cfd2e/r_26",
            "rotation": 0.12566370614359174,
            "transform_matrix": [
                [
                    0.9607769250869751,
                    -0.15296559035778046,
                    -0.23132029175758362,
                    -0.9324819445610046
                ],
                [
                    -0.27732208371162415,
                    -0.5299463272094727,
                    -0.801404595375061,
                    -3.230565309524536
                ],
                [
                    -7.450580152834618e-09,
                    0.8341214060783386,
                    -0.5515809059143066,
                    -2.223493814468384
                ],
                [
                    0.0,
                    0.0,
                    0.0,
                    1.0
                ]
            ]
        },
        {
            "file_path": "/data/shapenet_blender/all_50_random/02958343/cb19594e73992a3d51008e496c6cfd2e/r_27",
            "rotation": 0.12566370614359174,
            "transform_matrix": [
                [
                    -0.11990117281675339,
                    -0.19355875253677368,
                    0.9737344980239868,
                    3.925248861312866
                ],
                [
                    0.9927858710289001,
                    -0.02337656356394291,
                    0.11760029196739197,
                    0.47406187653541565
                ],
                [
                    1.8626449271863521e-09,
                    0.9808102250099182,
                    0.19496527314186096,
                    0.7859300374984741
                ],
                [
                    0.0,
                    0.0,
                    0.0,
                    1.0
                ]
            ]
        },
        {
            "file_path": "/data/shapenet_blender/all_50_random/02958343/cb19594e73992a3d51008e496c6cfd2e/r_28",
            "rotation": 0.12566370614359174,
            "transform_matrix": [
                [
                    -0.9884915947914124,
                    0.023201966658234596,
                    -0.14948652684688568,
                    -0.6025995016098022
                ],
                [
                    -0.15127643942832947,
                    -0.15160951018333435,
                    0.9767956733703613,
                    3.937589645385742
                ],
                [
                    0.0,
                    0.988167941570282,
                    0.15337462723255157,
                    0.6182729601860046
                ],
                [
                    0.0,
                    0.0,
                    0.0,
                    1.0
                ]
            ]
        },
        {
            "file_path": "/data/shapenet_blender/all_50_random/02958343/cb19594e73992a3d51008e496c6cfd2e/r_29",
            "rotation": 0.12566370614359174,
            "transform_matrix": [
                [
                    -0.3573685586452484,
                    0.07345517724752426,
                    -0.9310703873634338,
                    -3.7532646656036377
                ],
                [
                    -0.9339635372161865,
                    -0.028106635436415672,
                    0.35626155138015747,
                    1.436136245727539
                ],
                [
                    0.0,
                    0.9969022870063782,
                    0.0786488875746727,
                    0.31704381108283997
                ],
                [
                    0.0,
                    0.0,
                    0.0,
                    1.0
                ]
            ]
        },
        {
            "file_path": "/data/shapenet_blender/all_50_random/02958343/cb19594e73992a3d51008e496c6cfd2e/r_30",
            "rotation": 0.12566370614359174,
            "transform_matrix": [
                [
                    -0.6963106393814087,
                    -0.2469756156206131,
                    0.6739098429679871,
                    2.7166178226470947
                ],
                [
                    0.717740535736084,
                    -0.23960153758525848,
                    0.6537885665893555,
                    2.6355061531066895
                ],
                [
                    0.0,
                    0.9389324188232422,
                    0.3441014885902405,
                    1.387117624282837
                ],
                [
                    0.0,
                    0.0,
                    0.0,
                    1.0
                ]
            ]
        },
        {
            "file_path": "/data/shapenet_blender/all_50_random/02958343/cb19594e73992a3d51008e496c6cfd2e/r_31",
            "rotation": 0.12566370614359174,
            "transform_matrix": [
                [
                    -0.9986116886138916,
                    -0.017301738262176514,
                    -0.04975305497646332,
                    -0.20056098699569702
                ],
                [
                    -0.052675582468509674,
                    0.3280024528503418,
                    0.9432071447372437,
                    3.802189588546753
                ],
                [
                    0.0,
                    0.9445184469223022,
                    -0.3284584581851959,
                    -1.3240584135055542
                ],
                [
                    0.0,
                    0.0,
                    0.0,
                    1.0
                ]
            ]
        },
        {
            "file_path": "/data/shapenet_blender/all_50_random/02958343/cb19594e73992a3d51008e496c6cfd2e/r_32",
            "rotation": 0.12566370614359174,
            "transform_matrix": [
                [
                    0.6620998978614807,
                    -0.015940692275762558,
                    -0.7492460012435913,
                    -3.0203073024749756
                ],
                [
                    -0.7494155168533325,
                    -0.014083417132496834,
                    -0.6619501113891602,
                    -2.6684062480926514
                ],
                [
                    0.0,
                    0.9997736215591431,
                    -0.021270835772156715,
                    -0.08574548363685608
                ],
                [
                    0.0,
                    0.0,
                    0.0,
                    1.0
                ]
            ]
        },
        {
            "file_path": "/data/shapenet_blender/all_50_random/02958343/cb19594e73992a3d51008e496c6cfd2e/r_33",
            "rotation": 0.12566370614359174,
            "transform_matrix": [
                [
                    -0.9997194409370422,
                    0.0013235979713499546,
                    0.023650744929909706,
                    0.09533920884132385
                ],
                [
                    0.023687755689024925,
                    0.055861204862594604,
                    0.9981574416160583,
                    4.0237016677856445
                ],
                [
                    0.0,
                    0.9984376430511475,
                    -0.055876877158880234,
                    -0.22524690628051758
                ],
                [
                    0.0,
                    0.0,
                    0.0,
                    1.0
                ]
            ]
        },
        {
            "file_path": "/data/shapenet_blender/all_50_random/02958343/cb19594e73992a3d51008e496c6cfd2e/r_34",
            "rotation": 0.12566370614359174,
            "transform_matrix": [
                [
                    -0.8309326767921448,
                    0.0457858182489872,
                    -0.5544858574867249,
                    -2.235203981399536
                ],
                [
                    -0.5563730001449585,
                    -0.06838025897741318,
                    0.8281142711639404,
                    3.3382351398468018
                ],
                [
                    3.725290298461914e-09,
                    0.9966081380844116,
                    0.08229339122772217,
                    0.3317352533340454
                ],
                [
                    0.0,
                    0.0,
                    0.0,
                    1.0
                ]
            ]
        },
        {
            "file_path": "/data/shapenet_blender/all_50_random/02958343/cb19594e73992a3d51008e496c6cfd2e/r_35",
            "rotation": 0.12566370614359174,
            "transform_matrix": [
                [
                    -0.7865939140319824,
                    -0.0363377220928669,
                    0.6164004802703857,
                    2.484790086746216
                ],
                [
                    0.6174706816673279,
                    -0.046290505677461624,
                    0.7852305769920349,
                    3.1653659343719482
                ],
                [
                    -1.862645149230957e-09,
                    0.9982667565345764,
                    0.05884930491447449,
                    0.2372291535139084
                ],
                [
                    0.0,
                    0.0,
                    0.0,
                    1.0
                ]
            ]
        },
        {
            "file_path": "/data/shapenet_blender/all_50_random/02958343/cb19594e73992a3d51008e496c6cfd2e/r_36",
            "rotation": 0.12566370614359174,
            "transform_matrix": [
                [
                    0.09988813102245331,
                    0.5595393776893616,
                    -0.8227623701095581,
                    -3.3166613578796387
                ],
                [
                    -0.9949986934661865,
                    0.05617228522896767,
                    -0.0825972929596901,
                    -0.3329603672027588
                ],
                [
                    3.725290298461914e-09,
                    0.826897919178009,
                    0.5623518824577332,
                    2.2669131755828857
                ],
                [
                    0.0,
                    0.0,
                    0.0,
                    1.0
                ]
            ]
        },
        {
            "file_path": "/data/shapenet_blender/all_50_random/02958343/cb19594e73992a3d51008e496c6cfd2e/r_37",
            "rotation": 0.12566370614359174,
            "transform_matrix": [
                [
                    0.6600878834724426,
                    -0.12934423983097076,
                    -0.7399689555168152,
                    -2.98291015625
                ],
                [
                    -0.7511883974075317,
                    -0.11365799605846405,
                    -0.6502290964126587,
                    -2.62115740776062
                ],
                [
                    7.450580596923828e-09,
                    0.9850643277168274,
                    -0.17218618094921112,
                    -0.6941046714782715
                ],
                [
                    0.0,
                    0.0,
                    0.0,
                    1.0
                ]
            ]
        },
        {
            "file_path": "/data/shapenet_blender/all_50_random/02958343/cb19594e73992a3d51008e496c6cfd2e/r_38",
            "rotation": 0.12566370614359174,
            "transform_matrix": [
                [
                    0.6905179023742676,
                    0.000541744870133698,
                    -0.7233150601387024,
                    -2.915776252746582
                ],
                [
                    -0.7233152985572815,
                    0.0005171804805286229,
                    -0.6905177235603333,
                    -2.7835659980773926
                ],
                [
                    0.0,
                    0.9999997019767761,
                    0.0007489747367799282,
                    0.0030192136764526367
                ],
                [
                    0.0,
                    0.0,
                    0.0,
                    1.0
                ]
            ]
        },
        {
            "file_path": "/data/shapenet_blender/all_50_random/02958343/cb19594e73992a3d51008e496c6cfd2e/r_39",
            "rotation": 0.12566370614359174,
            "transform_matrix": [
                [
                    -0.9525521993637085,
                    0.13618850708007812,
                    -0.272207647562027,
                    -1.097304105758667
                ],
                [
                    -0.3043752908706665,
                    -0.4262062907218933,
                    0.8518825769424438,
                    3.4340484142303467
                ],
                [
                    7.4505797087454084e-09,
                    0.8943159580230713,
                    0.4474361836910248,
                    1.8036729097366333
                ],
                [
                    0.0,
                    0.0,
                    0.0,
                    1.0
                ]
            ]
        },
        {
            "file_path": "/data/shapenet_blender/all_50_random/02958343/cb19594e73992a3d51008e496c6cfd2e/r_40",
            "rotation": 0.12566370614359174,
            "transform_matrix": [
                [
                    0.5550884008407593,
                    -0.6583384871482849,
                    0.5083967447280884,
                    2.049412965774536
                ],
                [
                    0.8317914009094238,
                    0.4393361508846283,
                    -0.3392738997936249,
                    -1.367656946182251
                ],
                [
                    -1.4901161193847656e-08,
                    0.6112071871757507,
                    0.7914707064628601,
                    3.190520763397217
                ],
                [
                    0.0,
                    0.0,
                    0.0,
                    1.0
                ]
            ]
        },
        {
            "file_path": "/data/shapenet_blender/all_50_random/02958343/cb19594e73992a3d51008e496c6cfd2e/r_41",
            "rotation": 0.12566370614359174,
            "transform_matrix": [
                [
                    0.8986093401908875,
                    -0.11747200042009354,
                    -0.4227311313152313,
                    -1.7040836811065674
                ],
                [
                    -0.4387497007846832,
                    -0.24059605598449707,
                    -0.8658015131950378,
                    -3.4901576042175293
                ],
