{
    "class": "02958343",
    "model": "764f08cd895e492e5dca6305fb9f97ca",
    "remove_doubles": true,
    "edge_split": true,
    "denoise": true,
    "camera_angle_x": 0.6911112070083618,
    "scale_factor": 2.263001434775964,
    "hdri_file": "/data/IndoorHDRDataset2018/AG8A6550-b1782726c9.exr",
    "center_offset": [
        0.0,
        -3.725290298461914e-09,
        -3.725290298461914e-09
    ],
    "lights": [],
    "frames": [
        {
            "file_path": "/data/shapenet_blender/all_50_random/02958343/764f08cd895e492e5dca6305fb9f97ca/r_0",
            "rotation": 0.12566370614359174,
            "transform_matrix": [
                [
                    -0.10148285329341888,
                    -0.7306599617004395,
                    0.6751571893692017,
                    2.7216458320617676
                ],
                [
                    0.9948372840881348,
                    -0.07453425228595734,
                    0.06887244433164597,
                    0.2776337265968323
                ],
                [
                    -3.725290298461914e-09,
                    0.6786609292030334,
                    0.7344516515731812,
                    2.96066951751709
                ],
                [
                    0.0,
                    0.0,
                    0.0,
                    1.0
                ]
            ]
        },
        {
            "file_path": "/data/shapenet_blender/all_50_random/02958343/764f08cd895e492e5dca6305fb9f97ca/r_1",
            "rotation": 0.12566370614359174,
            "transform_matrix": [
                [
                    0.6815757155418396,
                    0.6860033273696899,
                    0.25466400384902954,
                    1.0265835523605347
                ],
                [
                    0.7317475080490112,
                    -0.6389679908752441,
                    -0.23720316588878632,
                    -0.9561966061592102
                ],
                [
                    0.0,
                    0.3480217456817627,
                    -0.9374864101409912,
                    -3.7791287899017334
                ],
                [
                    0.0,
                    0.0,
                    0.0,
                    1.0
                ]
            ]
        },
        {
            "file_path": "/data/shapenet_blender/all_50_random/02958343/764f08cd895e492e5dca6305fb9f97ca/r_2",
            "rotation": 0.12566370614359174,
            "transform_matrix": [
                [
                    0.4269865155220032,
                    -0.03910579904913902,
                    -0.9034120440483093,
                    -3.641770362854004
                ],
                [
                    -0.9042579531669617,
                    -0.01846558041870594,
                    -0.4265870749950409,
                    -1.7196274995803833
                ],
                [
                    1.8626450382086546e-09,
                    0.9990643858909607,
                    -0.04324629530310631,
                    -0.174331396818161
                ],
                [
                    0.0,
                    0.0,
                    0.0,
                    1.0
                ]
            ]
        },
        {
            "file_path": "/data/shapenet_blender/all_50_random/02958343/764f08cd895e492e5dca6305fb9f97ca/r_3",
            "rotation": 0.12566370614359174,
            "transform_matrix": [
                [
                    -0.8302141427993774,
                    0.21602238714694977,
                    -0.5138859152793884,
                    -2.071540594100952
                ],
                [
                    -0.5574445724487305,
                    -0.3217267692089081,
                    0.7653413414955139,
                    3.0851898193359375
                ],
                [
                    0.0,
                    0.9218601584434509,
                    0.3875226676464081,
                    1.562153935432434
                ],
                [
                    0.0,
                    0.0,
                    0.0,
                    1.0
                ]
            ]
        },
        {
            "file_path": "/data/shapenet_blender/all_50_random/02958343/764f08cd895e492e5dca6305fb9f97ca/r_4",
            "rotation": 0.12566370614359174,
            "transform_matrix": [
                [
                    -0.5547615885734558,
                    -0.3449481129646301,
                    0.7571330666542053,
                    3.052100658416748
                ],
                [
                    0.8320094347000122,
                    -0.23000214993953705,
                    0.5048360228538513,
                    2.0350589752197266
                ],
                [
                    0.0,
                    0.9100053906440735,
                    0.41459646821022034,
                    1.6712915897369385
                ],
                [
                    0.0,
                    0.0,
                    0.0,
                    1.0
                ]
            ]
        },
        {
            "file_path": "/data/shapenet_blender/all_50_random/02958343/764f08cd895e492e5dca6305fb9f97ca/r_5",
            "rotation": 0.12566370614359174,
            "transform_matrix": [
                [
                    -0.6263377070426941,
                    0.1612352877855301,
                    0.7626952528953552,
                    3.0745232105255127
                ],
                [
                    0.7795517444610596,
                    0.1295459121465683,
                    0.6127942204475403,
                    2.470252752304077
                ],
                [
                    0.0,
                    0.9783766865730286,
                    -0.20683075487613678,
                    -0.8337615132331848
                ],
                [
                    0.0,
                    0.0,
                    0.0,
                    1.0
                ]
            ]
        },
        {
            "file_path": "/data/shapenet_blender/all_50_random/02958343/764f08cd895e492e5dca6305fb9f97ca/r_6",
            "rotation": 0.12566370614359174,
            "transform_matrix": [
                [
                    0.9955689907073975,
                    -0.015103667043149471,
                    -0.09281310439109802,
                    -0.3741416037082672
                ],
                [
                    -0.09403400123119354,
                    -0.1599075049161911,
                    -0.9826429486274719,
                    -3.96116042137146
                ],
                [
                    -9.313225746154785e-10,
                    0.9870163798332214,
                    -0.16061919927597046,
                    -0.6474766731262207
                ],
                [
                    0.0,
                    0.0,
                    0.0,
                    1.0
                ]
            ]
        },
        {
            "file_path": "/data/shapenet_blender/all_50_random/02958343/764f08cd895e492e5dca6305fb9f97ca/r_7",
            "rotation": 0.12566370614359174,
            "transform_matrix": [
                [
                    0.8019932508468628,
                    -0.25417643785476685,
                    0.5405563116073608,
                    2.1790521144866943
                ],
                [
                    0.5973330736160278,
                    0.34126320481300354,
                    -0.7257634401321411,
                    -2.9256460666656494
                ],
                [
                    0.0,
                    0.9049495458602905,
                    0.42551881074905396,
                    1.7153211832046509
                ],
                [
                    0.0,
                    0.0,
                    0.0,
                    1.0
                ]
            ]
        },
        {
            "file_path": "/data/shapenet_blender/all_50_random/02958343/764f08cd895e492e5dca6305fb9f97ca/r_8",
            "rotation": 0.12566370614359174,
            "transform_matrix": [
                [
                    -0.9905351996421814,
                    -0.027133218944072723,
                    -0.1345510631799698,
                    -0.5423926711082458
                ],
                [
                    -0.1372596174478531,
                    0.1958070993423462,
                    0.9709888696670532,
                    3.9141812324523926
                ],
                [
                    0.0,
                    0.9802668690681458,
                    -0.19767813384532928,
                    -0.7968660593032837
                ],
                [
                    0.0,
                    0.0,
                    0.0,
                    1.0
                ]
            ]
        },
        {
            "file_path": "/data/shapenet_blender/all_50_random/02958343/764f08cd895e492e5dca6305fb9f97ca/r_9",
            "rotation": 0.12566370614359174,
            "transform_matrix": [
                [
                    -0.3584064543247223,
                    0.049649614840745926,
                    0.9322445392608643,
                    3.757997512817383
                ],
                [
                    0.9335656762123108,
                    0.019061051309108734,
                    0.3578992486000061,
                    1.4427378177642822
                ],
                [
                    0.0,
                    0.9985847473144531,
                    -0.05318278446793556,
                    -0.21438664197921753
                ],
                [
                    0.0,
                    0.0,
                    0.0,
                    1.0
                ]
            ]
        },
        {
            "file_path": "/data/shapenet_blender/all_50_random/02958343/764f08cd895e492e5dca6305fb9f97ca/r_10",
            "rotation": 0.12566370614359174,
            "transform_matrix": [
                [
                    0.9739057421684265,
                    0.1380959153175354,
                    0.18010295927524567,
                    0.7260183095932007
                ],
                [
                    0.22695276141166687,
                    -0.5926008820533752,
                    -0.7728626132011414,
                    -3.115509033203125
                ],
                [
                    7.4505797087454084e-09,
                    0.7935701608657837,
                    -0.6084786057472229,
                    -2.4528560638427734
                ],
                [
                    0.0,
                    0.0,
                    0.0,
                    1.0
                ]
            ]
        },
        {
            "file_path": "/data/shapenet_blender/all_50_random/02958343/764f08cd895e492e5dca6305fb9f97ca/r_11",
            "rotation": 0.12566370614359174,
            "transform_matrix": [
                [
                    -0.8111657500267029,
                    -0.03618618845939636,
                    0.5836958289146423,
                    2.3529529571533203
                ],
                [
                    0.5848164558410645,
                    -0.05019180476665497,
                    0.8096113801002502,
                    3.2636475563049316
                ],
                [
                    0.0,
                    0.998083770275116,
                    0.06187615916132927,
                    0.24943074584007263
                ],
                [
                    0.0,
                    0.0,
                    0.0,
                    1.0
                ]
            ]
        },
        {
            "file_path": "/data/shapenet_blender/all_50_random/02958343/764f08cd895e492e5dca6305fb9f97ca/r_12",
            "rotation": 0.12566370614359174,
            "transform_matrix": [
                [
                    0.36743319034576416,
                    0.35895854234695435,
                    0.8579869270324707,
                    3.458655834197998
                ],
                [
                    0.9300499558448792,
                    -0.14181311428546906,
                    -0.3389633893966675,
                    -1.3664051294326782
                ],
                [
                    -7.450580596923828e-09,
                    0.9225170612335205,
                    -0.38595616817474365,
                    -1.5558390617370605
                ],
                [
                    0.0,
                    0.0,
                    0.0,
                    1.0
                ]
            ]
        },
        {
            "file_path": "/data/shapenet_blender/all_50_random/02958343/764f08cd895e492e5dca6305fb9f97ca/r_13",
            "rotation": 0.12566370614359174,
            "transform_matrix": [
                [
                    -0.37439414858818054,
                    -0.08451161533594131,
                    0.9234104752540588,
                    3.722386360168457
                ],
                [
                    0.9272696375846863,
                    -0.03412238508462906,
                    0.3728359639644623,
                    1.5029497146606445
                ],
                [
                    -3.7252898543727042e-09,
                    0.9958381056785583,
                    0.0911402776837349,
                    0.3673981726169586
                ],
                [
                    0.0,
                    0.0,
                    0.0,
                    1.0
                ]
            ]
        },
        {
            "file_path": "/data/shapenet_blender/all_50_random/02958343/764f08cd895e492e5dca6305fb9f97ca/r_14",
            "rotation": 0.12566370614359174,
            "transform_matrix": [
                [
                    -0.7690343856811523,
                    -0.5725759863853455,
                    -0.2841527462005615,
                    -1.1454564332962036
                ],
                [
                    -0.6392073035240173,
                    0.688869833946228,
                    0.3418659567832947,
                    1.378105878829956
                ],
                [
                    1.4901160305669237e-08,
                    0.44453924894332886,
                    -0.8957592844963074,
                    -3.6109213829040527
                ],
                [
                    0.0,
                    0.0,
                    0.0,
                    1.0
                ]
            ]
        },
        {
            "file_path": "/data/shapenet_blender/all_50_random/02958343/764f08cd895e492e5dca6305fb9f97ca/r_15",
            "rotation": 0.12566370614359174,
            "transform_matrix": [
                [
                    -0.9951772689819336,
                    0.0003873718378599733,
                    0.09809224307537079,
                    0.39542242884635925
                ],
                [
                    0.09809300303459167,
                    0.00392998056486249,
                    0.9951695203781128,
                    4.011656284332275
                ],
                [
                    2.9103828722010228e-11,
                    0.9999922513961792,
                    -0.003949025645852089,
                    -0.015919029712677002
                ],
                [
                    0.0,
                    0.0,
                    0.0,
                    1.0
                ]
            ]
        },
        {
            "file_path": "/data/shapenet_blender/all_50_random/02958343/764f08cd895e492e5dca6305fb9f97ca/r_16",
            "rotation": 0.12566370614359174,
            "transform_matrix": [
                [
                    -0.5606111288070679,
                    -0.5612981915473938,
                    0.608817994594574,
                    2.454224109649658
                ],
                [
                    0.8280792236328125,
                    -0.37999990582466125,
                    0.4121708869934082,
                    1.661514163017273
                ],
                [
                    1.4901161193847656e-08,
                    0.735217273235321,
                    0.6778314709663391,
                    2.732426404953003
                ],
                [
                    0.0,
                    0.0,
                    0.0,
                    1.0
                ]
            ]
        },
        {
            "file_path": "/data/shapenet_blender/all_50_random/02958343/764f08cd895e492e5dca6305fb9f97ca/r_17",
            "rotation": 0.12566370614359174,
            "transform_matrix": [
                [
                    -0.8512796759605408,
                    -0.24449022114276886,
                    0.4642708897590637,
                    1.8715357780456543
                ],
                [
                    0.5247122049331665,
                    -0.3966546654701233,
                    0.7532211542129517,
                    3.0363316535949707
                ],
                [
                    0.0,
                    0.8848104476928711,
                    0.4659510552883148,
                    1.8783087730407715
                ],
                [
                    0.0,
                    0.0,
                    0.0,
                    1.0
                ]
            ]
        },
        {
            "file_path": "/data/shapenet_blender/all_50_random/02958343/764f08cd895e492e5dca6305fb9f97ca/r_18",
            "rotation": 0.12566370614359174,
            "transform_matrix": [
                [
                    0.9747670888900757,
                    0.13135434687137604,
                    -0.1804858148097992,
                    -0.7275616526603699
                ],
                [
                    -0.22322434186935425,
                    0.5735929012298584,
                    -0.788138210773468,
                    -3.1770870685577393
                ],
                [
                    0.0,
                    0.8085399866104126,
                    0.588441014289856,
                    2.372081756591797
                ],
                [
                    0.0,
                    0.0,
                    0.0,
                    1.0
                ]
            ]
        },
        {
            "file_path": "/data/shapenet_blender/all_50_random/02958343/764f08cd895e492e5dca6305fb9f97ca/r_19",
            "rotation": 0.12566370614359174,
            "transform_matrix": [
                [
                    -0.3575233817100525,
                    -0.7283992767333984,
                    0.5844753384590149,
                    2.356095552444458
                ],
                [
                    0.933904230594635,
                    -0.27885061502456665,
                    0.2237527072429657,
                    0.9019759893417358
                ],
                [
                    -1.4901162970204496e-08,
                    0.6258407831192017,
                    0.7799507975578308,
                    3.1440823078155518
                ],
                [
                    0.0,
                    0.0,
                    0.0,
                    1.0
                ]
            ]
        },
        {
            "file_path": "/data/shapenet_blender/all_50_random/02958343/764f08cd895e492e5dca6305fb9f97ca/r_20",
            "rotation": 0.12566370614359174,
            "transform_matrix": [
                [
                    -0.2546137869358063,
                    -0.7188228964805603,
                    0.6468889713287354,
                    2.6076931953430176
                ],
                [
                    0.9670429229736328,
                    -0.18925967812538147,
                    0.17032012343406677,
                    0.6865824460983276
                ],
                [
                    0.0,
                    0.6689351797103882,
                    0.743320643901825,
                    2.9964215755462646
                ],
                [
                    0.0,
                    0.0,
                    0.0,
                    1.0
                ]
            ]
        },
        {
            "file_path": "/data/shapenet_blender/all_50_random/02958343/764f08cd895e492e5dca6305fb9f97ca/r_21",
            "rotation": 0.12566370614359174,
            "transform_matrix": [
                [
                    0.9898282289505005,
                    -0.04567227140069008,
                    0.13473737239837646,
                    0.5431438088417053
                ],
                [
                    0.14226777851581573,
                    0.31776490807533264,
                    -0.9374354481697083,
                    -3.778923511505127
                ],
                [
                    -3.725290298461914e-09,
                    0.9470688104629517,
                    0.32103031873703003,
                    1.2941147089004517
                ],
                [
                    0.0,
                    0.0,
                    0.0,
                    1.0
                ]
            ]
        },
        {
            "file_path": "/data/shapenet_blender/all_50_random/02958343/764f08cd895e492e5dca6305fb9f97ca/r_22",
            "rotation": 0.12566370614359174,
            "transform_matrix": [
                [
                    0.6551399827003479,
                    -0.08444873243570328,
                    -0.7507729530334473,
                    -3.0264625549316406
                ],
                [
                    -0.7555075287818909,
                    -0.07322990149259567,
                    -0.6510343551635742,
                    -2.624403476715088
                ],
                [
                    -3.725290298461914e-09,
                    0.993733286857605,
                    -0.11177748441696167,
                    -0.45058944821357727
                ],
                [
                    0.0,
                    0.0,
                    0.0,
                    1.0
                ]
            ]
        },
        {
            "file_path": "/data/shapenet_blender/all_50_random/02958343/764f08cd895e492e5dca6305fb9f97ca/r_23",
            "rotation": 0.12566370614359174,
            "transform_matrix": [
                [
                    -0.9990852475166321,
                    -0.0020527997985482216,
                    -0.04271432384848595,
                    -0.172186940908432
                ],
                [
                    -0.04276362061500549,
                    0.04795950651168823,
                    0.9979335069656372,
                    4.022798538208008
                ],
                [
                    2.3283062977608182e-10,
                    0.9988471269607544,
                    -0.0480034239590168,
                    -0.19350798428058624
                ],
                [
                    0.0,
                    0.0,
                    0.0,
                    1.0
                ]
            ]
        },
        {
            "file_path": "/data/shapenet_blender/all_50_random/02958343/764f08cd895e492e5dca6305fb9f97ca/r_24",
            "rotation": 0.12566370614359174,
            "transform_matrix": [
                [
                    0.508465588092804,
                    0.8346949815750122,
                    0.2115347534418106,
                    0.8527237772941589
                ],
                [
                    0.8610822558403015,
                    -0.4928840100765228,
                    -0.12491042166948318,
                    -0.503529965877533
                ],
                [
                    0.0,
                    0.24566131830215454,
                    -0.9693557620048523,
                    -3.907597541809082
                ],
                [
                    0.0,
                    0.0,
                    0.0,
                    1.0
                ]
            ]
        },
        {
            "file_path": "/data/shapenet_blender/all_50_random/02958343/764f08cd895e492e5dca6305fb9f97ca/r_25",
            "rotation": 0.12566370614359174,
            "transform_matrix": [
                [
                    -0.7845883965492249,
                    -0.6035578846931458,
                    0.14191222190856934,
                    0.5720664858818054
                ],
                [
                    0.6200171113014221,
                    -0.7637603282928467,
                    0.17958000302314758,
                    0.7239101529121399
                ],
                [
                    0.0,
                    0.22888417541980743,
                    0.9734536409378052,
                    3.924117088317871
                ],
                [
                    0.0,
                    0.0,
                    0.0,
                    1.0
                ]
            ]
        },
        {
            "file_path": "/data/shapenet_blender/all_50_random/02958343/764f08cd895e492e5dca6305fb9f97ca/r_26",
            "rotation": 0.12566370614359174,
            "transform_matrix": [
                [
                    -0.3649914264678955,
                    -0.015872623771429062,
                    -0.9308754801750183,
                    -3.752479314804077
                ],
                [
                    -0.9310109615325928,
                    0.00622266810387373,
                    0.36493831872940063,
                    1.4711135625839233
                ],
                [
                    0.0,
                    0.999854564666748,
                    -0.017048805952072144,
                    -0.06872594356536865
                ],
                [
                    0.0,
                    0.0,
                    0.0,
                    1.0
                ]
            ]
        },
        {
            "file_path": "/data/shapenet_blender/all_50_random/02958343/764f08cd895e492e5dca6305fb9f97ca/r_27",
            "rotation": 0.12566370614359174,
            "transform_matrix": [
                [
                    -0.20174603164196014,
                    0.18547630310058594,
                    -0.9617156386375427,
                    -3.8767998218536377
                ],
                [
                    -0.9794379472732544,
                    -0.03820466995239258,
                    0.19809554517269135,
                    0.798548698425293
                ],
                [
                    0.0,
                    0.9819058179855347,
                    0.18937012553215027,
                    0.7633754014968872
                ],
                [
                    0.0,
                    0.0,
                    0.0,
                    1.0
                ]
            ]
        },
        {
            "file_path": "/data/shapenet_blender/all_50_random/02958343/764f08cd895e492e5dca6305fb9f97ca/r_28",
            "rotation": 0.12566370614359174,
            "transform_matrix": [
                [
                    -0.9687108397483826,
                    -0.03859703615307808,
                    -0.2451724261045456,
                    -0.9883216619491577
                ],
                [
                    -0.2481919676065445,
                    0.15064698457717896,
                    0.9569253921508789,
                    3.857489585876465
                ],
                [
                    3.725290298461914e-09,
                    0.9878337979316711,
                    -0.15551283955574036,
                    -0.6268923282623291
                ],
                [
                    0.0,
                    0.0,
                    0.0,
                    1.0
                ]
            ]
        },
        {
            "file_path": "/data/shapenet_blender/all_50_random/02958343/764f08cd895e492e5dca6305fb9f97ca/r_29",
            "rotation": 0.12566370614359174,
            "transform_matrix": [
                [
                    -0.7214000821113586,
                    0.2915576696395874,
                    -0.6281527280807495,
                    -2.5321648120880127
                ],
                [
                    -0.692518413066864,
                    -0.3037171959877014,
                    0.6543500423431396,
                    2.6377696990966797
                ],
                [
                    -1.4901161193847656e-08,
                    0.9070556163787842,
                    0.4210106432437897,
                    1.697148323059082
                ],
                [
                    0.0,
                    0.0,
                    0.0,
                    1.0
                ]
            ]
        },
        {
            "file_path": "/data/shapenet_blender/all_50_random/02958343/764f08cd895e492e5dca6305fb9f97ca/r_30",
            "rotation": 0.12566370614359174,
            "transform_matrix": [
                [
                    -0.9657485485076904,
                    -0.039227332919836044,
                    -0.2564975917339325,
                    -1.0339748859405518
                ],
                [
                    -0.2594798803329468,
                    0.1459987610578537,
                    0.9546489119529724,
                    3.8483128547668457
                ],
                [
                    0.0,
                    0.9885067939758301,
                    -0.15117676556110382,
                    -0.6094130277633667
                ],
                [
                    0.0,
                    0.0,
                    0.0,
                    1.0
                ]
            ]
        },
        {
            "file_path": "/data/shapenet_blender/all_50_random/02958343/764f08cd895e492e5dca6305fb9f97ca/r_31",
            "rotation": 0.12566370614359174,
            "transform_matrix": [
                [
                    -0.9996579885482788,
                    -0.01698455400764942,
                    -0.01988932676613331,
                    -0.080176442861557
                ],
                [
                    -0.026154551655054092,
                    0.6491698026657104,
                    0.7601937055587769,
                    3.064438819885254
                ],
                [
                    -9.31322685637781e-10,
                    0.7604537010192871,
                    -0.6493920087814331,
                    -2.6177828311920166
                ],
                [
                    0.0,
                    0.0,
                    0.0,
                    1.0
                ]
            ]
        },
        {
            "file_path": "/data/shapenet_blender/all_50_random/02958343/764f08cd895e492e5dca6305fb9f97ca/r_32",
            "rotation": 0.12566370614359174,
            "transform_matrix": [
                [
                    -0.9751589894294739,
                    0.08759754151105881,
                    0.2034488320350647,
                    0.8201285004615784
                ],
                [
                    0.22150562703609467,
                    0.3856404423713684,
                    0.8956654667854309,
                    3.6105430126190186
                ],
                [
                    0.0,
                    0.9184814095497131,
                    -0.395464152097702,
                    -1.5941669940948486
                ],
                [
                    0.0,
                    0.0,
                    0.0,
                    1.0
                ]
            ]
        },
        {
            "file_path": "/data/shapenet_blender/all_50_random/02958343/764f08cd895e492e5dca6305fb9f97ca/r_33",
            "rotation": 0.12566370614359174,
            "transform_matrix": [
                [
                    0.3173925578594208,
                    0.08899422734975815,
                    0.9441092014312744,
                    3.8058254718780518
                ],
                [
                    0.9482942223548889,
                    -0.02978622540831566,
                    -0.3159918189048767,
                    -1.2738035917282104
                ],
                [
                    0.0,
                    0.995586633682251,
                    -0.09384665638208389,
                    -0.37830793857574463
                ],
                [
                    0.0,
                    0.0,
                    0.0,
                    1.0
                ]
            ]
        },
        {
            "file_path": "/data/shapenet_blender/all_50_random/02958343/764f08cd895e492e5dca6305fb9f97ca/r_34",
            "rotation": 0.12566370614359174,
            "transform_matrix": [
                [
                    -0.26333507895469666,
                    0.8014164566993713,
                    -0.5370160341262817,
                    -2.164780855178833
                ],
                [
                    -0.9647045135498047,
                    -0.2187623828649521,
                    0.14658908545970917,
                    0.5909194946289062
                ],
                [
                    0.0,
                    0.5566637516021729,
                    0.830737829208374,
                    3.348811388015747
                ],
                [
                    0.0,
                    0.0,
                    0.0,
                    1.0
                ]
            ]
        },
        {
            "file_path": "/data/shapenet_blender/all_50_random/02958343/764f08cd895e492e5dca6305fb9f97ca/r_35",
            "rotation": 0.12566370614359174,
            "transform_matrix": [
                [
                    0.6048325300216675,
                    -0.5450729131698608,
                    0.5805800557136536,
                    2.340393304824829
                ],
                [
                    0.796352744102478,
                    0.41398462653160095,
                    -0.44095245003700256,
                    -1.7775362730026245
                ],
                [
                    1.4901161193847656e-08,
                    0.7290489077568054,
                    0.6844615340232849,
                    2.759152889251709
                ],
                [
                    0.0,
                    0.0,
                    0.0,
                    1.0
                ]
            ]
        },
        {
            "file_path": "/data/shapenet_blender/all_50_random/02958343/764f08cd895e492e5dca6305fb9f97ca/r_36",
            "rotation": 0.12566370614359174,
            "transform_matrix": [
                [
                    -0.8706304430961609,
                    -0.20451276004314423,
                    0.44741156697273254,
                    1.8035738468170166
                ],
                [
                    0.4919376075267792,
                    -0.36194637417793274,
                    0.7918283343315125,
                    3.191962242126465
                ],
                [
                    0.0,
                    0.9094884395599365,
                    0.4157290458679199,
                    1.6758575439453125
                ],
                [
                    0.0,
                    0.0,
                    0.0,
                    1.0
                ]
            ]
        },
        {
            "file_path": "/data/shapenet_blender/all_50_random/02958343/764f08cd895e492e5dca6305fb9f97ca/r_37",
            "rotation": 0.12566370614359174,
            "transform_matrix": [
                [
                    -0.983437716960907,
                    -0.08136789500713348,
                    -0.1619555950164795,
                    -0.6528639197349548
                ],
                [
                    -0.18124668300151825,
                    0.44149914383888245,
                    0.8787650465965271,
                    3.5424153804779053
                ],
                [
                    0.0,
                    0.8935645818710327,
                    -0.44893455505371094,
                    -1.8097132444381714
                ],
                [
                    0.0,
                    0.0,
                    0.0,
                    1.0
                ]
            ]
        },
        {
            "file_path": "/data/shapenet_blender/all_50_random/02958343/764f08cd895e492e5dca6305fb9f97ca/r_38",
            "rotation": 0.12566370614359174,
            "transform_matrix": [
                [
                    0.9068803787231445,
                    -0.2295253425836563,
                    0.3533923625946045,
                    1.4245702028274536
                ],
                [
                    0.42138826847076416,
                    0.49396732449531555,
                    -0.7605447173118591,
                    -3.0658538341522217
                ],
                [
                    0.0,
                    0.8386384844779968,
                    0.5446884632110596,
                    2.195709466934204
                ],
                [
                    0.0,
                    0.0,
                    0.0,
                    1.0
                ]
            ]
        },
        {
            "file_path": "/data/shapenet_blender/all_50_random/02958343/764f08cd895e492e5dca6305fb9f97ca/r_39",
            "rotation": 0.12566370614359174,
            "transform_matrix": [
                [
                    -0.6808359026908875,
                    -0.6766338348388672,
                    0.2804087996482849,
                    1.1303640604019165
                ],
                [
                    0.732435941696167,
                    -0.6289650797843933,
                    0.2606540322303772,
                    1.0507299900054932
                ],
                [
                    0.0,
                    0.38284409046173096,
                    0.9238129258155823,
                    3.7240090370178223
                ],
                [
                    0.0,
                    0.0,
                    0.0,
                    1.0
                ]
            ]
        },
        {
            "file_path": "/data/shapenet_blender/all_50_random/02958343/764f08cd895e492e5dca6305fb9f97ca/r_40",
            "rotation": 0.12566370614359174,
            "transform_matrix": [
                [
                    0.996627688407898,
                    -0.019238388165831566,
                    0.07977046072483063,
                    0.32156500220298767
                ],
                [
                    0.08205755800008774,
                    0.2336592823266983,
                    -0.968849778175354,
                    -3.9055583477020264
                ],
                [
                    0.0,
                    0.9721280932426453,
                    0.23444995284080505,
                    0.9450979828834534
                ],
                [
                    0.0,
                    0.0,
                    0.0,
                    1.0
                ]
            ]
        },
        {
            "file_path": "/data/shapenet_blender/all_50_random/02958343/764f08cd895e492e5dca6305fb9f97ca/r_41",
            "rotation": 0.12566370614359174,
            "transform_matrix": [
                [
                    -0.2956356704235077,
                    -0.153276726603508,
                    -0.9429240226745605,
                    -3.8010482788085938
                ],
                [
                    -0.9553008079528809,
                    0.04743434488773346,
                    0.2918054759502411,
                    1.1763055324554443
                ],
                [
                    -3.725290298461914e-09,
