{
    "class": "02958343",
    "model": "7275ca45638f16041899a3ad18d10126",
    "remove_doubles": true,
    "edge_split": true,
    "denoise": true,
    "camera_angle_x": 0.6911112070083618,
    "scale_factor": 2.304511197380553,
    "hdri_file": "/data/IndoorHDRDataset2018/9C4A8847-10a74f78a1.exr",
    "center_offset": [
        0.0,
        -9.313225746154785e-10,
        0.0
    ],
    "lights": [],
    "frames": [
        {
            "file_path": "/data/shapenet_blender/all_50_random/02958343/7275ca45638f16041899a3ad18d10126/r_0",
            "rotation": 0.12566370614359174,
            "transform_matrix": [
                [
                    0.2506544888019562,
                    0.18451492488384247,
                    -0.9503296613693237,
                    -3.830901622772217
                ],
                [
                    -0.9680765867233276,
                    0.047774624079465866,
                    -0.24605946242809296,
                    -0.991897463798523
                ],
                [
                    -3.725290076417309e-09,
                    0.9816678166389465,
                    0.1905995011329651,
                    0.7683312296867371
                ],
                [
                    0.0,
                    0.0,
                    0.0,
                    1.0
                ]
            ]
        },
        {
            "file_path": "/data/shapenet_blender/all_50_random/02958343/7275ca45638f16041899a3ad18d10126/r_1",
            "rotation": 0.12566370614359174,
            "transform_matrix": [
                [
                    0.39129072427749634,
                    -0.22239966690540314,
                    0.8929893374443054,
                    3.599755048751831
                ],
                [
                    0.9202671647071838,
                    0.09456267952919006,
                    -0.379692405462265,
                    -1.5305891036987305
                ],
                [
                    -7.450580596923828e-09,
                    0.970358669757843,
                    0.24166864156723022,
                    0.9741974472999573
                ],
                [
                    0.0,
                    0.0,
                    0.0,
                    1.0
                ]
            ]
        },
        {
            "file_path": "/data/shapenet_blender/all_50_random/02958343/7275ca45638f16041899a3ad18d10126/r_2",
            "rotation": 0.12566370614359174,
            "transform_matrix": [
                [
                    0.9937688112258911,
                    0.008973335847258568,
                    0.11109934747219086,
                    0.44785574078559875
                ],
                [
                    0.11146113276481628,
                    -0.0800047516822815,
                    -0.9905431866645813,
                    -3.993006944656372
                ],
                [
                    -9.313225746154785e-10,
                    0.9967540502548218,
                    -0.08050641417503357,
                    -0.3245317041873932
                ],
                [
                    0.0,
                    0.0,
                    0.0,
                    1.0
                ]
            ]
        },
        {
            "file_path": "/data/shapenet_blender/all_50_random/02958343/7275ca45638f16041899a3ad18d10126/r_3",
            "rotation": 0.12566370614359174,
            "transform_matrix": [
                [
                    0.9841169118881226,
                    0.15238355100154877,
                    -0.09106794744729996,
                    -0.3671066164970398
                ],
                [
                    -0.1775221973657608,
                    0.8447576761245728,
                    -0.5048467516899109,
                    -2.035102367401123
                ],
                [
                    0.0,
                    0.5129948854446411,
                    0.8583917021751404,
                    3.460287570953369
                ],
                [
                    0.0,
                    0.0,
                    0.0,
                    1.0
                ]
            ]
        },
        {
            "file_path": "/data/shapenet_blender/all_50_random/02958343/7275ca45638f16041899a3ad18d10126/r_4",
            "rotation": 0.12566370614359174,
            "transform_matrix": [
                [
                    -0.19995738565921783,
                    0.20872385799884796,
                    -0.957314670085907,
                    -3.8590588569641113
                ],
                [
                    -0.979804515838623,
                    -0.042596131563186646,
                    0.195367693901062,
                    0.7875523567199707
                ],
                [
                    -3.725290076417309e-09,
                    0.9770464897155762,
                    0.2130260169506073,
                    0.8587353229522705
                ],
                [
                    0.0,
                    0.0,
                    0.0,
                    1.0
                ]
            ]
        },
        {
            "file_path": "/data/shapenet_blender/all_50_random/02958343/7275ca45638f16041899a3ad18d10126/r_5",
            "rotation": 0.12566370614359174,
            "transform_matrix": [
                [
                    -0.9883662462234497,
                    0.049986716359853745,
                    -0.14364314079284668,
                    -0.5790440440177917
                ],
                [
                    -0.15209214389324188,
                    -0.32483717799186707,
                    0.9334605932235718,
                    3.7629001140594482
                ],
                [
                    -3.725290076417309e-09,
                    0.9444480538368225,
                    0.3286606967449188,
                    1.324873685836792
                ],
                [
                    0.0,
                    0.0,
                    0.0,
                    1.0
                ]
            ]
        },
        {
            "file_path": "/data/shapenet_blender/all_50_random/02958343/7275ca45638f16041899a3ad18d10126/r_6",
            "rotation": 0.12566370614359174,
            "transform_matrix": [
                [
                    0.7710171341896057,
                    -0.0019212800543755293,
                    -0.6368114948272705,
                    -2.5670695304870605
                ],
                [
                    -0.6368144750595093,
                    -0.0023261713795363903,
                    -0.7710134983062744,
                    -3.1080551147460938
                ],
                [
                    1.1641532182693481e-10,
                    0.9999954700469971,
                    -0.003017016686499119,
                    -0.012161984108388424
                ],
                [
                    0.0,
                    0.0,
                    0.0,
                    1.0
                ]
            ]
        },
        {
            "file_path": "/data/shapenet_blender/all_50_random/02958343/7275ca45638f16041899a3ad18d10126/r_7",
            "rotation": 0.12566370614359174,
            "transform_matrix": [
                [
                    -0.02872426249086857,
                    -0.0781276598572731,
                    0.9965294003486633,
                    4.017138481140137
                ],
                [
                    0.99958735704422,
                    -0.00224508554674685,
                    0.02863638661801815,
                    0.11543697118759155
                ],
                [
                    0.0,
                    0.9969407320022583,
                    0.07815991342067719,
                    0.3150726854801178
                ],
                [
                    0.0,
                    0.0,
                    0.0,
                    1.0
                ]
            ]
        },
        {
            "file_path": "/data/shapenet_blender/all_50_random/02958343/7275ca45638f16041899a3ad18d10126/r_8",
            "rotation": 0.12566370614359174,
            "transform_matrix": [
                [
                    0.979987382888794,
                    -0.13444353640079498,
                    -0.14679761230945587,
                    -0.5917600989341736
                ],
                [
                    -0.19905929267406464,
                    -0.6618780493736267,
                    -0.7226982712745667,
                    -2.913290023803711
                ],
                [
                    -7.450580152834618e-09,
                    0.7374565601348877,
                    -0.6753944754600525,
                    -2.722602128982544
                ],
                [
                    0.0,
                    0.0,
                    0.0,
                    1.0
                ]
            ]
        },
        {
            "file_path": "/data/shapenet_blender/all_50_random/02958343/7275ca45638f16041899a3ad18d10126/r_9",
            "rotation": 0.12566370614359174,
            "transform_matrix": [
                [
                    0.1848282814025879,
                    -0.8207395076751709,
                    -0.5405784845352173,
                    -2.1791415214538574
                ],
                [
                    -0.9827708601951599,
                    -0.15435530245304108,
                    -0.10166580975055695,
                    -0.40982797741889954
                ],
                [
                    -7.450580596923828e-09,
                    0.5500555038452148,
                    -0.8351280689239502,
                    -3.366508960723877
                ],
                [
                    0.0,
                    0.0,
                    0.0,
                    1.0
                ]
            ]
        },
        {
            "file_path": "/data/shapenet_blender/all_50_random/02958343/7275ca45638f16041899a3ad18d10126/r_10",
            "rotation": 0.12566370614359174,
            "transform_matrix": [
                [
                    -0.711031973361969,
                    -0.3703414499759674,
                    0.5977296233177185,
                    2.409524917602539
                ],
                [
                    0.7031595706939697,
                    -0.3744876980781555,
                    0.6044216752052307,
                    2.4365015029907227
                ],
                [
                    0.0,
                    0.8500624895095825,
                    0.5266819000244141,
                    2.123122453689575
                ],
                [
                    0.0,
                    0.0,
                    0.0,
                    1.0
                ]
            ]
        },
        {
            "file_path": "/data/shapenet_blender/all_50_random/02958343/7275ca45638f16041899a3ad18d10126/r_11",
            "rotation": 0.12566370614359174,
            "transform_matrix": [
                [
                    -0.16589389741420746,
                    -0.023264098912477493,
                    0.9858691692352295,
                    3.974165678024292
                ],
                [
                    0.9861437082290649,
                    -0.003913599997758865,
                    0.16584771871566772,
                    0.6685535311698914
                ],
                [
                    -2.3283067140944524e-10,
                    0.9997216463088989,
                    0.02359098382294178,
                    0.09509829431772232
                ],
                [
                    0.0,
                    0.0,
                    0.0,
                    1.0
                ]
            ]
        },
        {
            "file_path": "/data/shapenet_blender/all_50_random/02958343/7275ca45638f16041899a3ad18d10126/r_12",
            "rotation": 0.12566370614359174,
            "transform_matrix": [
                [
                    -0.7778035998344421,
                    0.033173009753227234,
                    0.627631425857544,
                    2.5300631523132324
                ],
                [
                    0.6285075545310974,
                    0.04105294868350029,
                    0.776719331741333,
                    3.1310558319091797
                ],
                [
                    -1.862645371275562e-09,
                    0.9986060857772827,
                    -0.05278061702847481,
                    -0.21276547014713287
                ],
                [
                    0.0,
                    0.0,
                    0.0,
                    1.0
                ]
            ]
        },
        {
            "file_path": "/data/shapenet_blender/all_50_random/02958343/7275ca45638f16041899a3ad18d10126/r_13",
            "rotation": 0.12566370614359174,
            "transform_matrix": [
                [
                    0.5790688991546631,
                    0.1633785367012024,
                    -0.7987406849861145,
                    -3.2198266983032227
                ],
                [
                    -0.8152786493301392,
                    0.11604306101799011,
                    -0.5673224925994873,
                    -2.28695011138916
                ],
                [
                    -7.450580596923828e-09,
                    0.9797149896621704,
                    0.20039595663547516,
                    0.8078219294548035
                ],
                [
                    0.0,
                    0.0,
                    0.0,
                    1.0
                ]
            ]
        },
        {
            "file_path": "/data/shapenet_blender/all_50_random/02958343/7275ca45638f16041899a3ad18d10126/r_14",
            "rotation": 0.12566370614359174,
            "transform_matrix": [
                [
                    0.9696663618087769,
                    0.03079533390700817,
                    0.24248452484607697,
                    0.9774863719940186
                ],
                [
                    0.24443219602108002,
                    -0.12216557562351227,
                    -0.9619399309158325,
                    -3.877703905105591
                ],
                [
                    0.0,
                    0.9920318126678467,
                    -0.1259872168302536,
                    -0.5078707337379456
                ],
                [
                    0.0,
                    0.0,
                    0.0,
                    1.0
                ]
            ]
        },
        {
            "file_path": "/data/shapenet_blender/all_50_random/02958343/7275ca45638f16041899a3ad18d10126/r_15",
            "rotation": 0.12566370614359174,
            "transform_matrix": [
                [
                    -0.8718571066856384,
                    0.43305912613868713,
                    0.22874657809734344,
                    0.9221069812774658
                ],
                [
                    0.4897603690624237,
                    0.7709192037582397,
                    0.4072079658508301,
                    1.6415079832077026
                ],
                [
                    0.0,
                    0.467058002948761,
                    -0.8842265605926514,
                    -3.5644314289093018
                ],
                [
                    0.0,
                    0.0,
                    0.0,
                    1.0
                ]
            ]
        },
        {
            "file_path": "/data/shapenet_blender/all_50_random/02958343/7275ca45638f16041899a3ad18d10126/r_16",
            "rotation": 0.12566370614359174,
            "transform_matrix": [
                [
                    0.905620813369751,
                    0.30455952882766724,
                    -0.2951176166534424,
                    -1.1896573305130005
                ],
                [
                    -0.42408838868141174,
                    0.6503725647926331,
                    -0.6302098035812378,
                    -2.540457248687744
                ],
                [
                    0.0,
                    0.69588702917099,
                    0.7181510925292969,
                    2.8949599266052246
                ],
                [
                    0.0,
                    0.0,
                    0.0,
                    1.0
                ]
            ]
        },
        {
            "file_path": "/data/shapenet_blender/all_50_random/02958343/7275ca45638f16041899a3ad18d10126/r_17",
            "rotation": 0.12566370614359174,
            "transform_matrix": [
                [
                    0.3886665403842926,
                    -0.0036554650869220495,
                    -0.9213712215423584,
                    -3.7141661643981934
                ],
                [
                    -0.9213785529136658,
                    -0.0015419904375448823,
                    -0.3886634409427643,
                    -1.5667524337768555
                ],
                [
                    0.0,
                    0.9999921321868896,
                    -0.003967386670410633,
                    -0.01599304750561714
                ],
                [
                    0.0,
                    0.0,
                    0.0,
                    1.0
                ]
            ]
        },
        {
            "file_path": "/data/shapenet_blender/all_50_random/02958343/7275ca45638f16041899a3ad18d10126/r_18",
            "rotation": 0.12566370614359174,
            "transform_matrix": [
                [
                    -0.3402184545993805,
                    -0.5388021469116211,
                    -0.7706774473190308,
                    -3.1067001819610596
                ],
                [
                    -0.9403464794158936,
                    0.1949392408132553,
                    0.27883198857307434,
                    1.1240077018737793
                ],
                [
                    0.0,
                    0.8195676207542419,
                    -0.5729825496673584,
                    -2.3097665309906006
                ],
                [
                    0.0,
                    0.0,
                    0.0,
                    1.0
                ]
            ]
        },
        {
            "file_path": "/data/shapenet_blender/all_50_random/02958343/7275ca45638f16041899a3ad18d10126/r_19",
            "rotation": 0.12566370614359174,
            "transform_matrix": [
                [
                    0.5709975957870483,
                    -0.5384376645088196,
                    0.6197148561477661,
                    2.4981508255004883
                ],
                [
                    0.8209518194198608,
                    0.37450018525123596,
                    -0.4310310184955597,
                    -1.737541675567627
                ],
                [
                    1.4901162970204496e-08,
                    0.7548736333847046,
                    0.6558700799942017,
                    2.64389705657959
                ],
                [
                    0.0,
                    0.0,
                    0.0,
                    1.0
                ]
            ]
        },
        {
            "file_path": "/data/shapenet_blender/all_50_random/02958343/7275ca45638f16041899a3ad18d10126/r_20",
            "rotation": 0.12566370614359174,
            "transform_matrix": [
                [
                    0.8924234509468079,
                    0.40532490611076355,
                    0.19822226464748383,
                    0.7990595102310181
                ],
                [
                    0.4511987864971161,
                    -0.8016897439956665,
                    -0.39206263422966003,
                    -1.5804550647735596
                ],
                [
                    0.0,
                    0.4393235743045807,
                    -0.8983289003372192,
                    -3.621279716491699
                ],
                [
                    0.0,
                    0.0,
                    0.0,
                    1.0
                ]
            ]
        },
        {
            "file_path": "/data/shapenet_blender/all_50_random/02958343/7275ca45638f16041899a3ad18d10126/r_21",
            "rotation": 0.12566370614359174,
            "transform_matrix": [
                [
                    -0.8285291194915771,
                    0.04871939867734909,
                    -0.5578224658966064,
                    -2.2486541271209717
                ],
                [
                    -0.5599459409713745,
                    -0.07208810746669769,
                    0.825387179851532,
                    3.3272416591644287
                ],
                [
                    0.0,
                    0.9962077140808105,
                    0.08700732886791229,
                    0.35073772072792053
                ],
                [
                    0.0,
                    0.0,
                    0.0,
                    1.0
                ]
            ]
        },
        {
            "file_path": "/data/shapenet_blender/all_50_random/02958343/7275ca45638f16041899a3ad18d10126/r_22",
            "rotation": 0.12566370614359174,
            "transform_matrix": [
                [
                    0.08278016000986099,
                    0.9591643810272217,
                    -0.27046436071395874,
                    -1.090276837348938
                ],
                [
                    -0.9965677857398987,
                    0.07967323809862137,
                    -0.02246619388461113,
                    -0.09056413173675537
                ],
                [
                    0.0,
                    0.27139586210250854,
                    0.9624677300453186,
                    3.8798317909240723
                ],
                [
                    0.0,
                    0.0,
                    0.0,
                    1.0
                ]
            ]
        },
        {
            "file_path": "/data/shapenet_blender/all_50_random/02958343/7275ca45638f16041899a3ad18d10126/r_23",
            "rotation": 0.12566370614359174,
            "transform_matrix": [
                [
                    -0.9987877607345581,
                    -0.024565011262893677,
                    0.04265519231557846,
                    0.17194858193397522
                ],
                [
                    0.04922301322221756,
                    -0.4984504282474518,
                    0.865519642829895,
                    3.4890213012695312
                ],
                [
                    -1.8626450382086546e-09,
                    0.8665701150894165,
                    0.4990553855895996,
                    2.011756658554077
                ],
                [
                    0.0,
                    0.0,
                    0.0,
                    1.0
                ]
            ]
        },
        {
            "file_path": "/data/shapenet_blender/all_50_random/02958343/7275ca45638f16041899a3ad18d10126/r_24",
            "rotation": 0.12566370614359174,
            "transform_matrix": [
                [
                    0.24247638881206512,
                    -0.2501443028450012,
                    -0.9373542666435242,
                    -3.7785959243774414
                ],
                [
                    -0.9701573848724365,
                    -0.0625198483467102,
                    -0.23427774012088776,
                    -0.9444037675857544
                ],
                [
                    -3.725290742551124e-09,
                    0.9661878943443298,
                    -0.2578389048576355,
                    -1.0393818616867065
                ],
                [
                    0.0,
                    0.0,
                    0.0,
                    1.0
                ]
            ]
        },
        {
            "file_path": "/data/shapenet_blender/all_50_random/02958343/7275ca45638f16041899a3ad18d10126/r_25",
            "rotation": 0.12566370614359174,
            "transform_matrix": [
                [
                    -0.29740455746650696,
                    0.5748046636581421,
                    0.762332022190094,
                    3.073058605194092
                ],
                [
                    0.9547514915466309,
                    0.17905133962631226,
                    0.2374660074710846,
                    0.9572560787200928
                ],
                [
                    0.0,
                    0.7984611988067627,
                    -0.6020463109016418,
                    -2.426926374435425
                ],
                [
                    0.0,
                    0.0,
                    0.0,
                    1.0
                ]
            ]
        },
        {
            "file_path": "/data/shapenet_blender/all_50_random/02958343/7275ca45638f16041899a3ad18d10126/r_26",
            "rotation": 0.12566370614359174,
            "transform_matrix": [
                [
                    -0.6469835638999939,
                    0.002585937036201358,
                    0.7624995112419128,
                    3.0737342834472656
                ],
                [
                    0.762503981590271,
                    0.002194163855165243,
                    0.6469797492027283,
                    2.6080589294433594
                ],
                [
                    -1.1641530794914701e-10,
                    0.9999942779541016,
                    -0.0033913746010512114,
                    -0.013671070337295532
                ],
                [
                    0.0,
                    0.0,
                    0.0,
                    1.0
                ]
            ]
        },
        {
            "file_path": "/data/shapenet_blender/all_50_random/02958343/7275ca45638f16041899a3ad18d10126/r_27",
            "rotation": 0.12566370614359174,
            "transform_matrix": [
                [
                    0.9901726245880127,
                    -0.06959537416696548,
                    -0.12130381911993027,
                    -0.488991379737854
                ],
                [
                    -0.13985039293766022,
                    -0.4927510917186737,
                    -0.858858585357666,
                    -3.462169885635376
                ],
                [
                    0.0,
                    0.8673826456069946,
                    -0.49764159321784973,
                    -2.0060575008392334
                ],
                [
                    0.0,
                    0.0,
                    0.0,
                    1.0
                ]
            ]
        },
        {
            "file_path": "/data/shapenet_blender/all_50_random/02958343/7275ca45638f16041899a3ad18d10126/r_28",
            "rotation": 0.12566370614359174,
            "transform_matrix": [
                [
                    -0.8234744668006897,
                    -0.21921773254871368,
                    -0.5232908725738525,
                    -2.1094532012939453
                ],
                [
                    -0.567353367805481,
                    0.31817948818206787,
                    0.7595208287239075,
                    3.0617265701293945
                ],
                [
                    -1.4901161193847656e-08,
                    0.9223368763923645,
                    -0.38638660311698914,
                    -1.5575743913650513
                ],
                [
                    0.0,
                    0.0,
                    0.0,
                    1.0
                ]
            ]
        },
        {
            "file_path": "/data/shapenet_blender/all_50_random/02958343/7275ca45638f16041899a3ad18d10126/r_29",
            "rotation": 0.12566370614359174,
            "transform_matrix": [
                [
                    0.48599541187286377,
                    -0.0450359545648098,
                    0.8728002905845642,
                    3.5183701515197754
                ],
                [
                    0.873961329460144,
                    0.025043748319149017,
                    -0.48534977436065674,
                    -1.9565073251724243
                ],
                [
                    0.0,
                    0.9986714124679565,
                    0.051530834287405014,
                    0.20772741734981537
                ],
                [
                    0.0,
                    0.0,
                    0.0,
                    1.0
                ]
            ]
        },
        {
            "file_path": "/data/shapenet_blender/all_50_random/02958343/7275ca45638f16041899a3ad18d10126/r_30",
            "rotation": 0.12566370614359174,
            "transform_matrix": [
                [
                    -0.9240161180496216,
                    -0.006317769642919302,
                    -0.3823015093803406,
                    -1.5411067008972168
                ],
                [
                    -0.3823537826538086,
                    0.015267853625118732,
                    0.9238898754119873,
                    3.7243192195892334
                ],
                [
                    4.656613428188905e-10,
                    0.9998634457588196,
                    -0.016523364931344986,
                    -0.06660781800746918
                ],
                [
                    0.0,
                    0.0,
                    0.0,
                    1.0
                ]
            ]
        },
        {
            "file_path": "/data/shapenet_blender/all_50_random/02958343/7275ca45638f16041899a3ad18d10126/r_31",
            "rotation": 0.12566370614359174,
            "transform_matrix": [
                [
                    0.6863482594490051,
                    0.13196402788162231,
                    0.7152003049850464,
                    2.8830647468566895
                ],
                [
                    0.7272729277610779,
                    -0.12453823536634445,
                    -0.6749549508094788,
                    -2.7208304405212402
                ],
                [
                    7.450580152834618e-09,
                    0.9834000468254089,
                    -0.1814505010843277,
                    -0.7314503788948059
                ],
                [
                    0.0,
                    0.0,
                    0.0,
                    1.0
                ]
            ]
        },
        {
            "file_path": "/data/shapenet_blender/all_50_random/02958343/7275ca45638f16041899a3ad18d10126/r_32",
            "rotation": 0.12566370614359174,
            "transform_matrix": [
                [
                    0.8743155002593994,
                    0.39098572731018066,
                    0.2875804603099823,
                    1.1592738628387451
                ],
                [
                    0.48535799980163574,
                    -0.7043148875236511,
                    -0.5180424451828003,
                    -2.0882959365844727
                ],
                [
                    0.0,
                    0.5925119519233704,
                    -0.8055616021156311,
                    -3.2473227977752686
                ],
                [
                    0.0,
                    0.0,
                    0.0,
                    1.0
                ]
            ]
        },
        {
            "file_path": "/data/shapenet_blender/all_50_random/02958343/7275ca45638f16041899a3ad18d10126/r_33",
            "rotation": 0.12566370614359174,
            "transform_matrix": [
                [
                    -0.9994850158691406,
                    0.027835538610816002,
                    0.01596699096262455,
                    0.06436499953269958
                ],
                [
                    0.03208990767598152,
                    0.8669767379760742,
                    0.4973142445087433,
                    2.0047378540039062
                ],
                [
                    0.0,
                    0.4975704848766327,
                    -0.8674235343933105,
                    -3.4966959953308105
                ],
                [
                    0.0,
                    0.0,
                    0.0,
                    1.0
                ]
            ]
        },
        {
            "file_path": "/data/shapenet_blender/all_50_random/02958343/7275ca45638f16041899a3ad18d10126/r_34",
            "rotation": 0.12566370614359174,
            "transform_matrix": [
                [
                    -0.08612675219774246,
                    -0.6146290898323059,
                    -0.7841002345085144,
                    -3.160809278488159
                ],
                [
                    -0.9962842464447021,
                    0.05313343554735184,
                    0.06778386980295181,
                    0.27324554324150085
                ],
                [
                    0.0,
                    0.7870246767997742,
                    -0.6169214248657227,
                    -2.4868900775909424
                ],
                [
                    0.0,
                    0.0,
                    0.0,
                    1.0
                ]
            ]
        },
        {
            "file_path": "/data/shapenet_blender/all_50_random/02958343/7275ca45638f16041899a3ad18d10126/r_35",
            "rotation": 0.12566370614359174,
            "transform_matrix": [
                [
                    -0.5540072321891785,
                    0.35799455642700195,
                    -0.7516088485717773,
                    -3.029832124710083
                ],
                [
                    -0.8325119018554688,
                    -0.23823274672031403,
                    0.5001691579818726,
                    2.0162463188171387
                ],
                [
                    0.0,
                    0.9028206467628479,
                    0.430017352104187,
                    1.7334554195404053
                ],
                [
                    0.0,
                    0.0,
                    0.0,
                    1.0
                ]
            ]
        },
        {
            "file_path": "/data/shapenet_blender/all_50_random/02958343/7275ca45638f16041899a3ad18d10126/r_36",
            "rotation": 0.12566370614359174,
            "transform_matrix": [
                [
                    0.9821199178695679,
                    -0.018389323726296425,
                    0.1873561143875122,
                    0.755256712436676
                ],
                [
                    0.18825644254684448,
                    0.09593573957681656,
                    -0.9774230122566223,
                    -3.9401183128356934
                ],
                [
                    0.0,
                    0.9952176809310913,
                    0.09768229722976685,
                    0.3937699794769287
                ],
                [
                    0.0,
                    0.0,
                    0.0,
                    1.0
                ]
            ]
        },
        {
            "file_path": "/data/shapenet_blender/all_50_random/02958343/7275ca45638f16041899a3ad18d10126/r_37",
            "rotation": 0.12566370614359174,
            "transform_matrix": [
                [
                    0.6721218228340149,
                    -0.28731265664100647,
                    -0.6824248433113098,
                    -2.7509424686431885
                ],
                [
                    -0.7404404878616333,
                    -0.2608030140399933,
                    -0.6194591522216797,
                    -2.497119665145874
                ],
                [
                    0.0,
                    0.9216470718383789,
                    -0.3880293071269989,
                    -1.5641961097717285
                ],
                [
                    0.0,
                    0.0,
                    0.0,
                    1.0
                ]
            ]
        },
        {
            "file_path": "/data/shapenet_blender/all_50_random/02958343/7275ca45638f16041899a3ad18d10126/r_38",
            "rotation": 0.12566370614359174,
            "transform_matrix": [
                [
                    0.9854692220687866,
                    -0.012346684001386166,
                    0.16940532624721527,
                    0.6828947067260742
                ],
                [
                    0.16985468566417694,
                    0.07163345068693161,
                    -0.982862114906311,
                    -3.9620440006256104
                ],
                [
                    -9.31322685637781e-10,
                    0.9973545670509338,
                    0.07268969714641571,
                    0.2930215299129486
                ],
                [
                    0.0,
                    0.0,
                    0.0,
                    1.0
                ]
            ]
        },
        {
            "file_path": "/data/shapenet_blender/all_50_random/02958343/7275ca45638f16041899a3ad18d10126/r_39",
            "rotation": 0.12566370614359174,
            "transform_matrix": [
                [
                    0.062040384858846664,
                    -0.016145387664437294,
                    0.9979429841041565,
                    4.022837162017822
                ],
                [
                    0.9980736374855042,
                    0.0010035994928330183,
                    -0.062032267451286316,
                    -0.2500600814819336
                ],
                [
                    0.0,
                    0.999869167804718,
                    0.01617654785513878,
                    0.06520976126194
                ],
                [
                    0.0,
                    0.0,
                    0.0,
                    1.0
                ]
            ]
        },
        {
            "file_path": "/data/shapenet_blender/all_50_random/02958343/7275ca45638f16041899a3ad18d10126/r_40",
            "rotation": 0.12566370614359174,
            "transform_matrix": [
                [
                    0.8724333047866821,
                    -0.22081346809864044,
                    -0.4360063076019287,
                    -1.7575976848602295
                ],
                [
                    -0.488733172416687,
                    -0.39417222142219543,
                    -0.7783110737800598,
                    -3.13747239112854
                ],
                [
                    0.0,
                    0.8921152949333191,
                    -0.4518078565597534,
                    -1.8212957382202148
                ],
                [
                    0.0,
                    0.0,
                    0.0,
                    1.0
                ]
            ]
        },
        {
            "file_path": "/data/shapenet_blender/all_50_random/02958343/7275ca45638f16041899a3ad18d10126/r_41",
            "rotation": 0.12566370614359174,
            "transform_matrix": [
                [
                    0.717840313911438,
                    0.5131126642227173,
                    -0.47055351734161377,
                    -1.8968620300292969
                ],
                [
                    -0.6962078213691711,
                    0.5290560126304626,
                    -0.4851745367050171,
                    -1.955801248550415
                ],
