{
    "class": "02958343",
    "model": "b50f9931670e25ef44ccce632b473b8c",
    "remove_doubles": true,
    "edge_split": true,
    "denoise": true,
    "camera_angle_x": 0.6911112070083618,
    "scale_factor": 2.3323561206286785,
    "hdri_file": "/data/IndoorHDRDataset2018/9C4A0349-5bb184d532.exr",
    "center_offset": [
        0.0,
        0.0,
        0.0
    ],
    "lights": [],
    "frames": [
        {
            "file_path": "/data/shapenet_blender/all_50_random/02958343/b50f9931670e25ef44ccce632b473b8c/r_0",
            "rotation": 0.12566370614359174,
            "transform_matrix": [
                [
                    -0.2484857738018036,
                    -0.8990117907524109,
                    0.3606002926826477,
                    1.453626275062561
                ],
                [
                    0.968635618686676,
                    -0.23062504827976227,
                    0.09250541776418686,
                    0.3729012608528137
                ],
                [
                    -7.450581485102248e-09,
                    0.3722764253616333,
                    0.92812180519104,
                    3.7413787841796875
                ],
                [
                    0.0,
                    0.0,
                    0.0,
                    1.0
                ]
            ]
        },
        {
            "file_path": "/data/shapenet_blender/all_50_random/02958343/b50f9931670e25ef44ccce632b473b8c/r_1",
            "rotation": 0.12566370614359174,
            "transform_matrix": [
                [
                    -0.19978412985801697,
                    -0.40260404348373413,
                    -0.893306314945221,
                    -3.6010332107543945
                ],
                [
                    -0.9798399209976196,
                    0.08208882063627243,
                    0.18214039504528046,
                    0.7342314720153809
                ],
                [
                    7.450580596923828e-09,
                    0.9116858839988708,
                    -0.41088759899139404,
                    -1.6563409566879272
                ],
                [
                    0.0,
                    0.0,
                    0.0,
                    1.0
                ]
            ]
        },
        {
            "file_path": "/data/shapenet_blender/all_50_random/02958343/b50f9931670e25ef44ccce632b473b8c/r_2",
            "rotation": 0.12566370614359174,
            "transform_matrix": [
                [
                    -0.20226621627807617,
                    -0.0034074722789227962,
                    0.9793246388435364,
                    3.947783946990967
                ],
                [
                    0.9793305993080139,
                    -0.0007037629256956279,
                    0.20226499438285828,
                    0.8153562545776367
                ],
                [
                    0.0,
                    0.9999939799308777,
                    0.003479389240965247,
                    0.014025866985321045
                ],
                [
                    0.0,
                    0.0,
                    0.0,
                    1.0
                ]
            ]
        },
        {
            "file_path": "/data/shapenet_blender/all_50_random/02958343/b50f9931670e25ef44ccce632b473b8c/r_3",
            "rotation": 0.12566370614359174,
            "transform_matrix": [
                [
                    -0.9791848659515381,
                    0.1345898061990738,
                    -0.15192967653274536,
                    -0.6124481558799744
                ],
                [
                    -0.20297056436538696,
                    -0.6492975950241089,
                    0.7329498529434204,
                    2.954615592956543
                ],
                [
                    7.450580596923828e-09,
                    0.7485307455062866,
                    0.6631000638008118,
                    2.673042058944702
                ],
                [
                    0.0,
                    0.0,
                    0.0,
                    1.0
                ]
            ]
        },
        {
            "file_path": "/data/shapenet_blender/all_50_random/02958343/b50f9931670e25ef44ccce632b473b8c/r_4",
            "rotation": 0.12566370614359174,
            "transform_matrix": [
                [
                    -0.46683230996131897,
                    -0.0861426293849945,
                    0.8801403045654297,
                    3.547959327697754
                ],
                [
                    0.8843458294868469,
                    -0.04547334089875221,
                    0.46461227536201477,
                    1.872912049293518
                ],
                [
                    -3.725290076417309e-09,
                    0.9952444434165955,
                    0.09740829467773438,
                    0.39266541600227356
                ],
                [
                    0.0,
                    0.0,
                    0.0,
                    1.0
                ]
            ]
        },
        {
            "file_path": "/data/shapenet_blender/all_50_random/02958343/b50f9931670e25ef44ccce632b473b8c/r_5",
            "rotation": 0.12566370614359174,
            "transform_matrix": [
                [
                    0.4084712266921997,
                    0.03691592812538147,
                    -0.9120243191719055,
                    -3.676487922668457
                ],
                [
                    -0.9127712845802307,
                    0.016520125791430473,
                    -0.4081369638442993,
                    -1.6452528238296509
                ],
                [
                    1.862645149230957e-09,
                    0.999181866645813,
                    0.0404437854886055,
                    0.163034126162529
                ],
                [
                    0.0,
                    0.0,
                    0.0,
                    1.0
                ]
            ]
        },
        {
            "file_path": "/data/shapenet_blender/all_50_random/02958343/b50f9931670e25ef44ccce632b473b8c/r_6",
            "rotation": 0.12566370614359174,
            "transform_matrix": [
                [
                    0.48425862193107605,
                    0.585205078125,
                    0.650406539440155,
                    2.621872663497925
                ],
                [
                    0.874924898147583,
                    -0.32390275597572327,
                    -0.3599908649921417,
                    -1.4511696100234985
                ],
                [
                    -1.4901161193847656e-08,
                    0.7433855533599854,
                    -0.6688631176948547,
                    -2.6962735652923584
                ],
                [
                    0.0,
                    0.0,
                    0.0,
                    1.0
                ]
            ]
        },
        {
            "file_path": "/data/shapenet_blender/all_50_random/02958343/b50f9931670e25ef44ccce632b473b8c/r_7",
            "rotation": 0.12566370614359174,
            "transform_matrix": [
                [
                    -0.9760360717773438,
                    -0.15807095170021057,
                    -0.14955700933933258,
                    -0.6028836369514465
                ],
                [
                    -0.21760915219783783,
                    0.7089911103248596,
                    0.6708037853240967,
                    2.704096794128418
                ],
                [
                    -7.450581485102248e-09,
                    0.6872736215591431,
                    -0.7263984680175781,
                    -2.928206205368042
                ],
                [
                    0.0,
                    0.0,
                    0.0,
                    1.0
                ]
            ]
        },
        {
            "file_path": "/data/shapenet_blender/all_50_random/02958343/b50f9931670e25ef44ccce632b473b8c/r_8",
            "rotation": 0.12566370614359174,
            "transform_matrix": [
                [
                    -0.2434990406036377,
                    0.5792139172554016,
                    0.7779585123062134,
                    3.1360509395599365
                ],
                [
                    0.9699012041091919,
                    0.14541484415531158,
                    0.19531075656414032,
                    0.7873228192329407
                ],
                [
                    -7.450580596923828e-09,
                    0.8021008372306824,
                    -0.5971886515617371,
                    -2.407344341278076
                ],
                [
                    0.0,
                    0.0,
                    0.0,
                    1.0
                ]
            ]
        },
        {
            "file_path": "/data/shapenet_blender/all_50_random/02958343/b50f9931670e25ef44ccce632b473b8c/r_9",
            "rotation": 0.12566370614359174,
            "transform_matrix": [
                [
                    -0.1724710911512375,
                    -0.6487951278686523,
                    -0.7411602139472961,
                    -2.9877123832702637
                ],
                [
                    -0.9850146174430847,
                    0.11360076814889908,
                    0.12977342307567596,
                    0.523133397102356
                ],
                [
                    0.0,
                    0.7524356842041016,
                    -0.6586655974388123,
                    -2.655165910720825
                ],
                [
                    0.0,
                    0.0,
                    0.0,
                    1.0
                ]
            ]
        },
        {
            "file_path": "/data/shapenet_blender/all_50_random/02958343/b50f9931670e25ef44ccce632b473b8c/r_10",
            "rotation": 0.12566370614359174,
            "transform_matrix": [
                [
                    0.7759696245193481,
                    0.08496895432472229,
                    0.6250211596488953,
                    2.519540786743164
                ],
                [
                    0.6307703256607056,
                    -0.1045282706618309,
                    -0.7688970565795898,
                    -3.0995230674743652
                ],
                [
                    0.0,
                    0.9908854961395264,
                    -0.13470666110515594,
                    -0.5430198907852173
                ],
                [
                    0.0,
                    0.0,
                    0.0,
                    1.0
                ]
            ]
        },
        {
            "file_path": "/data/shapenet_blender/all_50_random/02958343/b50f9931670e25ef44ccce632b473b8c/r_11",
            "rotation": 0.12566370614359174,
            "transform_matrix": [
                [
                    0.29147353768348694,
                    0.2945731580257416,
                    0.9100933074951172,
                    3.668703556060791
                ],
                [
                    0.9565789699554443,
                    -0.08975764364004135,
                    -0.2773091495037079,
                    -1.1178689002990723
                ],
                [
                    0.0,
                    0.951404333114624,
                    -0.3079444169998169,
                    -1.2413636445999146
                ],
                [
                    0.0,
                    0.0,
                    0.0,
                    1.0
                ]
            ]
        },
        {
            "file_path": "/data/shapenet_blender/all_50_random/02958343/b50f9931670e25ef44ccce632b473b8c/r_12",
            "rotation": 0.12566370614359174,
            "transform_matrix": [
                [
                    -0.9930327534675598,
                    0.007283364422619343,
                    0.11761347204446793,
                    0.4741150736808777
                ],
                [
                    0.1178387850522995,
                    0.06137724220752716,
                    0.9911341071128845,
                    3.995389461517334
                ],
                [
                    0.0,
                    0.998088002204895,
                    -0.06180787831544876,
                    -0.24915552139282227
                ],
                [
                    0.0,
                    0.0,
                    0.0,
                    1.0
                ]
            ]
        },
        {
            "file_path": "/data/shapenet_blender/all_50_random/02958343/b50f9931670e25ef44ccce632b473b8c/r_13",
            "rotation": 0.12566370614359174,
            "transform_matrix": [
                [
                    -0.9335635900497437,
                    -0.09798289835453033,
                    -0.34475845098495483,
                    -1.389765739440918
                ],
                [
                    -0.3584118187427521,
                    0.2552183270454407,
                    0.8980002999305725,
                    3.619955062866211
                ],
                [
                    0.0,
                    0.9619059562683105,
                    -0.27338072657585144,
                    -1.1020328998565674
                ],
                [
                    0.0,
                    0.0,
                    0.0,
                    1.0
                ]
            ]
        },
        {
            "file_path": "/data/shapenet_blender/all_50_random/02958343/b50f9931670e25ef44ccce632b473b8c/r_14",
            "rotation": 0.12566370614359174,
            "transform_matrix": [
                [
                    0.16815580427646637,
                    0.14345817267894745,
                    0.9752658009529114,
                    3.931421995162964
                ],
                [
                    0.9857603907585144,
                    -0.024471793323755264,
                    -0.1663655936717987,
                    -0.6706411242485046
                ],
                [
                    -1.8626450382086546e-09,
                    0.9893537163734436,
                    -0.14553044736385345,
                    -0.5866519808769226
                ],
                [
                    0.0,
                    0.0,
                    0.0,
                    1.0
                ]
            ]
        },
        {
            "file_path": "/data/shapenet_blender/all_50_random/02958343/b50f9931670e25ef44ccce632b473b8c/r_15",
            "rotation": 0.12566370614359174,
            "transform_matrix": [
                [
                    -0.6360379457473755,
                    -0.3548160493373871,
                    -0.6852453947067261,
                    -2.762312889099121
                ],
                [
                    -0.7716578245162964,
                    0.29245665669441223,
                    0.5648126006126404,
                    2.2768325805664062
                ],
                [
                    0.0,
                    0.8880172967910767,
                    -0.4598100781440735,
                    -1.8535538911819458
                ],
                [
                    0.0,
                    0.0,
                    0.0,
                    1.0
                ]
            ]
        },
        {
            "file_path": "/data/shapenet_blender/all_50_random/02958343/b50f9931670e25ef44ccce632b473b8c/r_16",
            "rotation": 0.12566370614359174,
            "transform_matrix": [
                [
                    0.458116739988327,
                    -0.42691752314567566,
                    -0.7796604633331299,
                    -3.142911911010742
                ],
                [
                    -0.8888921141624451,
                    -0.22002452611923218,
                    -0.40182098746299744,
                    -1.6197922229766846
                ],
                [
                    0.0,
                    0.8771149516105652,
                    -0.48028048872947693,
                    -1.936072587966919
                ],
                [
                    0.0,
                    0.0,
                    0.0,
                    1.0
                ]
            ]
        },
        {
            "file_path": "/data/shapenet_blender/all_50_random/02958343/b50f9931670e25ef44ccce632b473b8c/r_17",
            "rotation": 0.12566370614359174,
            "transform_matrix": [
                [
                    0.5674811601638794,
                    -0.21369294822216034,
                    0.795173168182373,
                    3.2054457664489746
                ],
                [
                    0.8233863711357117,
                    0.1472780406475067,
                    -0.548036515712738,
                    -2.2092061042785645
                ],
                [
                    -7.450580596923828e-09,
                    0.9657351970672607,
                    0.25952935218811035,
                    1.046196460723877
                ],
                [
                    0.0,
                    0.0,
                    0.0,
                    1.0
                ]
            ]
        },
        {
            "file_path": "/data/shapenet_blender/all_50_random/02958343/b50f9931670e25ef44ccce632b473b8c/r_18",
            "rotation": 0.12566370614359174,
            "transform_matrix": [
                [
                    -0.956028938293457,
                    0.1387036293745041,
                    -0.2583991587162018,
                    -1.041640281677246
                ],
                [
                    -0.29327264428138733,
                    -0.4521549642086029,
                    0.8423461318016052,
                    3.3956058025360107
                ],
                [
                    0.0,
                    0.8810884356498718,
                    0.4729512631893158,
                    1.9065275192260742
                ],
                [
                    0.0,
                    0.0,
                    0.0,
                    1.0
                ]
            ]
        },
        {
            "file_path": "/data/shapenet_blender/all_50_random/02958343/b50f9931670e25ef44ccce632b473b8c/r_19",
            "rotation": 0.12566370614359174,
            "transform_matrix": [
                [
                    -0.03953118622303009,
                    -0.3724304437637329,
                    0.9272177219390869,
                    3.737734317779541
                ],
                [
                    0.9992184042930603,
                    -0.014734135009348392,
                    0.03668268769979477,
                    0.147872656583786
                ],
                [
                    9.31322685637781e-10,
                    0.9279431104660034,
                    0.372721791267395,
                    1.502489686012268
                ],
                [
                    0.0,
                    0.0,
                    0.0,
                    1.0
                ]
            ]
        },
        {
            "file_path": "/data/shapenet_blender/all_50_random/02958343/b50f9931670e25ef44ccce632b473b8c/r_20",
            "rotation": 0.12566370614359174,
            "transform_matrix": [
                [
                    -0.5457942485809326,
                    0.08188118040561676,
                    -0.8339088559150696,
                    -3.3615944385528564
                ],
                [
                    -0.8379192352294922,
                    -0.05333482474088669,
                    0.5431819558143616,
                    2.189636707305908
                ],
                [
                    0.0,
                    0.9952139854431152,
                    0.09771963953971863,
                    0.39392051100730896
                ],
                [
                    0.0,
                    0.0,
                    0.0,
                    1.0
                ]
            ]
        },
        {
            "file_path": "/data/shapenet_blender/all_50_random/02958343/b50f9931670e25ef44ccce632b473b8c/r_21",
            "rotation": 0.12566370614359174,
            "transform_matrix": [
                [
                    0.95857834815979,
                    0.057894736528396606,
                    0.27888283133506775,
                    1.1242127418518066
                ],
                [
                    0.284828782081604,
                    -0.19484210014343262,
                    -0.9385675191879272,
                    -3.783486843109131
                ],
                [
                    0.0,
                    0.9791244864463806,
                    -0.20326150953769684,
                    -0.8193734288215637
                ],
                [
                    0.0,
                    0.0,
                    0.0,
                    1.0
                ]
            ]
        },
        {
            "file_path": "/data/shapenet_blender/all_50_random/02958343/b50f9931670e25ef44ccce632b473b8c/r_22",
            "rotation": 0.12566370614359174,
            "transform_matrix": [
                [
                    -0.9877227544784546,
                    0.1058594211935997,
                    -0.11488068103790283,
                    -0.46309882402420044
                ],
                [
                    -0.15621712803840637,
                    -0.6693232655525208,
                    0.7263625264167786,
                    2.928061008453369
                ],
                [
                    7.450580596923828e-09,
                    0.7353911995887756,
                    0.677642822265625,
                    2.73166561126709
                ],
                [
                    0.0,
                    0.0,
                    0.0,
                    1.0
                ]
            ]
        },
        {
            "file_path": "/data/shapenet_blender/all_50_random/02958343/b50f9931670e25ef44ccce632b473b8c/r_23",
            "rotation": 0.12566370614359174,
            "transform_matrix": [
                [
                    -0.6313305497169495,
                    0.2808074355125427,
                    0.7228891849517822,
                    2.914059638977051
                ],
                [
                    0.7755138278007507,
                    0.22859983146190643,
                    0.5884898900985718,
                    2.372278928756714
                ],
                [
                    0.0,
                    0.9321421980857849,
                    -0.36209210753440857,
                    -1.4596401453018188
                ],
                [
                    0.0,
                    0.0,
                    0.0,
                    1.0
                ]
            ]
        },
        {
            "file_path": "/data/shapenet_blender/all_50_random/02958343/b50f9931670e25ef44ccce632b473b8c/r_24",
            "rotation": 0.12566370614359174,
            "transform_matrix": [
                [
                    -0.9364915490150452,
                    -0.1315850168466568,
                    -0.3250676095485687,
                    -1.310389518737793
                ],
                [
                    -0.35069015622138977,
                    0.35138779878616333,
                    0.8680684566497803,
                    3.499296188354492
                ],
                [
                    -1.4901162970204496e-08,
                    0.9269368052482605,
                    -0.3752172589302063,
                    -1.5125492811203003
                ],
                [
                    0.0,
                    0.0,
                    0.0,
                    1.0
                ]
            ]
        },
        {
            "file_path": "/data/shapenet_blender/all_50_random/02958343/b50f9931670e25ef44ccce632b473b8c/r_25",
            "rotation": 0.12566370614359174,
            "transform_matrix": [
                [
                    -0.8439356684684753,
                    0.04948903247714043,
                    -0.5341566801071167,
                    -2.153254747390747
                ],
                [
                    -0.5364444255828857,
                    -0.07785626500844955,
                    0.8403366208076477,
                    3.387505531311035
                ],
                [
                    0.0,
                    0.9957354664802551,
                    0.09225378185510635,
                    0.3718869090080261
                ],
                [
                    0.0,
                    0.0,
                    0.0,
                    1.0
                ]
            ]
        },
        {
            "file_path": "/data/shapenet_blender/all_50_random/02958343/b50f9931670e25ef44ccce632b473b8c/r_26",
            "rotation": 0.12566370614359174,
            "transform_matrix": [
                [
                    0.8634266257286072,
                    0.002215363085269928,
                    -0.5044695138931274,
                    -2.033581495285034
                ],
                [
                    -0.5044742822647095,
                    0.0037916763685643673,
                    -0.8634184002876282,
                    -3.480550527572632
                ],
                [
                    -1.1641531488804091e-10,
                    0.9999903440475464,
                    0.0043914285488426685,
                    0.017702411860227585
                ],
                [
                    0.0,
                    0.0,
                    0.0,
                    1.0
                ]
            ]
        },
        {
            "file_path": "/data/shapenet_blender/all_50_random/02958343/b50f9931670e25ef44ccce632b473b8c/r_27",
            "rotation": 0.12566370614359174,
            "transform_matrix": [
                [
                    0.47167080640792847,
                    0.497441828250885,
                    0.7280648350715637,
                    2.9349231719970703
                ],
                [
                    0.8817747831344604,
                    -0.2660869359970093,
                    -0.3894496560096741,
                    -1.5699217319488525
                ],
                [
                    0.0,
                    0.8256811499595642,
                    -0.5641370415687561,
                    -2.274109125137329
                ],
                [
                    0.0,
                    0.0,
                    0.0,
                    1.0
                ]
            ]
        },
        {
            "file_path": "/data/shapenet_blender/all_50_random/02958343/b50f9931670e25ef44ccce632b473b8c/r_28",
            "rotation": 0.12566370614359174,
            "transform_matrix": [
                [
                    -0.9909414052963257,
                    0.08653574436903,
                    0.10269699990749359,
                    0.41398489475250244
                ],
                [
                    0.13429486751556396,
                    0.6385341286659241,
                    0.7577855587005615,
                    3.054731607437134
                ],
                [
                    -7.450580596923828e-09,
                    0.7647128105163574,
                    -0.6443712115287781,
                    -2.597543716430664
                ],
                [
                    0.0,
                    0.0,
                    0.0,
                    1.0
                ]
            ]
        },
        {
            "file_path": "/data/shapenet_blender/all_50_random/02958343/b50f9931670e25ef44ccce632b473b8c/r_29",
            "rotation": 0.12566370614359174,
            "transform_matrix": [
                [
                    0.05183691158890724,
                    -0.37474051117897034,
                    0.9256794452667236,
                    3.7315332889556885
                ],
                [
                    0.9986556172370911,
                    0.01945154182612896,
                    -0.0480489581823349,
                    -0.19369155168533325
                ],
                [
                    -1.862645371275562e-09,
                    0.9269255995750427,
                    0.37524503469467163,
                    1.512661099433899
                ],
                [
                    0.0,
                    0.0,
                    0.0,
                    1.0
                ]
            ]
        },
        {
            "file_path": "/data/shapenet_blender/all_50_random/02958343/b50f9931670e25ef44ccce632b473b8c/r_30",
            "rotation": 0.12566370614359174,
            "transform_matrix": [
                [
                    0.9770130515098572,
                    0.013840832747519016,
                    -0.21272984147071838,
                    -0.8575414419174194
                ],
                [
                    -0.21317963302135468,
                    0.06343323737382889,
                    -0.9749516248703003,
                    -3.9301557540893555
                ],
                [
                    9.31322685637781e-10,
                    0.9978899359703064,
                    0.06492569297552109,
                    0.2617238461971283
                ],
                [
                    0.0,
                    0.0,
                    0.0,
                    1.0
                ]
            ]
        },
        {
            "file_path": "/data/shapenet_blender/all_50_random/02958343/b50f9931670e25ef44ccce632b473b8c/r_31",
            "rotation": 0.12566370614359174,
            "transform_matrix": [
                [
                    0.911322832107544,
                    0.1387799233198166,
                    0.3875961899757385,
                    1.5624501705169678
                ],
                [
                    0.41169244050979614,
                    -0.30720341205596924,
                    -0.8579833507537842,
                    -3.458641529083252
                ],
                [
                    7.450580596923828e-09,
                    0.941470205783844,
                    -0.33709612488746643,
                    -1.3588778972625732
                ],
                [
                    0.0,
                    0.0,
                    0.0,
                    1.0
                ]
            ]
        },
        {
            "file_path": "/data/shapenet_blender/all_50_random/02958343/b50f9931670e25ef44ccce632b473b8c/r_32",
            "rotation": 0.12566370614359174,
            "transform_matrix": [
                [
                    0.7410570383071899,
                    0.20718415081501007,
                    -0.638677716255188,
                    -2.574592113494873
                ],
                [
                    -0.6714421510696411,
                    0.22866493463516235,
                    -0.7048956751823425,
                    -2.8415253162384033
                ],
                [
                    -1.4901161193847656e-08,
                    0.9512029886245728,
                    0.3085658848285675,
                    1.2438688278198242
                ],
                [
                    0.0,
                    0.0,
                    0.0,
                    1.0
                ]
            ]
        },
        {
            "file_path": "/data/shapenet_blender/all_50_random/02958343/b50f9931670e25ef44ccce632b473b8c/r_33",
            "rotation": 0.12566370614359174,
            "transform_matrix": [
                [
                    0.9035876393318176,
                    -0.08605889976024628,
                    -0.41967037320137024,
                    -1.691745400428772
                ],
                [
                    -0.42840325832366943,
                    -0.18151532113552094,
                    -0.8851682543754578,
                    -3.5682272911071777
                ],
                [
                    7.450580596923828e-09,
                    0.9796152114868164,
                    -0.2008829265832901,
                    -0.8097849488258362
                ],
                [
                    0.0,
                    0.0,
                    0.0,
                    1.0
                ]
            ]
        },
        {
            "file_path": "/data/shapenet_blender/all_50_random/02958343/b50f9931670e25ef44ccce632b473b8c/r_34",
            "rotation": 0.12566370614359174,
            "transform_matrix": [
                [
                    0.027497317641973495,
                    0.6947780251502991,
                    -0.7186985015869141,
                    -2.8971662521362305
                ],
                [
                    -0.9996217489242554,
                    0.019111761823296547,
                    -0.019769759848713875,
                    -0.07969444990158081
                ],
                [
                    -9.313223525708736e-10,
                    0.7189703583717346,
                    0.6950408220291138,
                    2.8017990589141846
                ],
                [
                    0.0,
                    0.0,
                    0.0,
                    1.0
                ]
            ]
        },
        {
            "file_path": "/data/shapenet_blender/all_50_random/02958343/b50f9931670e25ef44ccce632b473b8c/r_35",
            "rotation": 0.12566370614359174,
            "transform_matrix": [
                [
                    -0.17060749232769012,
                    -0.26689016819000244,
                    -0.9485055208206177,
                    -3.823547840118408
                ],
                [
                    -0.9853390455245972,
                    0.04621095955371857,
                    0.16422989964485168,
                    0.662031888961792
                ],
                [
                    0.0,
                    0.962618350982666,
                    -0.27086126804351807,
                    -1.0918766260147095
                ],
                [
                    0.0,
                    0.0,
                    0.0,
                    1.0
                ]
            ]
        },
        {
            "file_path": "/data/shapenet_blender/all_50_random/02958343/b50f9931670e25ef44ccce632b473b8c/r_36",
            "rotation": 0.12566370614359174,
            "transform_matrix": [
                [
                    0.477250337600708,
                    -0.766822874546051,
                    0.42920228838920593,
                    1.7301698923110962
                ],
                [
                    0.8787673115730286,
                    0.41645437479019165,
                    -0.23309576511383057,
                    -0.939639151096344
                ],
                [
                    -1.4901160305669237e-08,
                    0.4884140193462372,
                    0.872611939907074,
                    3.517611503601074
                ],
                [
                    0.0,
                    0.0,
                    0.0,
                    1.0
                ]
            ]
        },
        {
            "file_path": "/data/shapenet_blender/all_50_random/02958343/b50f9931670e25ef44ccce632b473b8c/r_37",
            "rotation": 0.12566370614359174,
            "transform_matrix": [
                [
                    -0.6573680639266968,
                    0.13947612047195435,
                    -0.7405495643615723,
                    -2.98525071144104
                ],
                [
                    -0.7535696625709534,
                    -0.1216704323887825,
                    0.6460101008415222,
                    2.6041500568389893
                ],
                [
                    0.0,
                    0.9827220439910889,
                    0.18508724868297577,
                    0.7461105585098267
                ],
                [
                    0.0,
                    0.0,
                    0.0,
                    1.0
                ]
            ]
        },
        {
            "file_path": "/data/shapenet_blender/all_50_random/02958343/b50f9931670e25ef44ccce632b473b8c/r_38",
            "rotation": 0.12566370614359174,
            "transform_matrix": [
                [
                    -0.6001722812652588,
                    0.1172976940870285,
                    0.791223406791687,
                    3.189523220062256
                ],
                [
                    0.7998707294464111,
                    0.08801275491714478,
                    0.5936838984489441,
                    2.393216133117676
                ],
                [
                    0.0,
                    0.989189088344574,
                    -0.14664582908153534,
                    -0.5911481976509094
                ],
                [
                    0.0,
                    0.0,
                    0.0,
                    1.0
                ]
            ]
        },
        {
            "file_path": "/data/shapenet_blender/all_50_random/02958343/b50f9931670e25ef44ccce632b473b8c/r_39",
            "rotation": 0.12566370614359174,
            "transform_matrix": [
                [
                    0.34863945841789246,
                    -0.30644479393959045,
                    -0.8857438564300537,
                    -3.570547580718994
                ],
                [
                    -0.9372568726539612,
                    -0.1139908954501152,
                    -0.3294777274131775,
                    -1.328167200088501
                ],
                [
                    0.0,
                    0.945038378238678,
                    -0.3269592523574829,
                    -1.3180148601531982
                ],
                [
                    0.0,
                    0.0,
                    0.0,
                    1.0
                ]
            ]
        },
        {
            "file_path": "/data/shapenet_blender/all_50_random/02958343/b50f9931670e25ef44ccce632b473b8c/r_40",
            "rotation": 0.12566370614359174,
            "transform_matrix": [
                [
                    0.02115495316684246,
                    0.8755935430526733,
                    0.48258504271507263,
                    1.9453624486923218
                ],
                [
                    0.9997761845588684,
                    -0.018527287989854813,
                    -0.010211349464952946,
                    -0.04116326570510864
                ],
                [
                    0.0,
                    0.48269304633140564,
                    -0.8757895827293396,
                    -3.5304205417633057
                ],
                [
                    0.0,
                    0.0,
                    0.0,
                    1.0
                ]
            ]
        },
        {
            "file_path": "/data/shapenet_blender/all_50_random/02958343/b50f9931670e25ef44ccce632b473b8c/r_41",
            "rotation": 0.12566370614359174,
            "transform_matrix": [
                [
                    -0.7210791110992432,
                    0.08695898205041885,
                    -0.6873740553855896,
                    -2.7708933353424072
                ],
                [
                    -0.692852795124054,
                    -0.09050162136554718,
                    0.715377151966095,
                    2.883777618408203
                ],
                [
