{
    "class": "02958343",
    "model": "ce93ae42d9cba64c8dcad5127c74b8e0",
    "remove_doubles": true,
    "edge_split": true,
    "denoise": true,
    "camera_angle_x": 0.6911112070083618,
    "scale_factor": 2.2503465947866994,
    "hdri_file": "/data/IndoorHDRDataset2018/AG8A7338-45340813dd.exr",
    "center_offset": [
        0.0,
        -3.725290298461914e-09,
        -3.725290298461914e-09
    ],
    "lights": [],
    "frames": [
        {
            "file_path": "/data/shapenet_blender/all_50_random/02958343/ce93ae42d9cba64c8dcad5127c74b8e0/r_0",
            "rotation": 0.12566370614359174,
            "transform_matrix": [
                [
                    -0.7471066117286682,
                    0.005884870421141386,
                    0.664678156375885,
                    2.679403305053711
                ],
                [
                    0.6647042036056519,
                    0.006614409387111664,
                    0.7470773458480835,
                    3.0115652084350586
                ],
                [
                    -4.656612873077393e-10,
                    0.9999607801437378,
                    -0.0088533665984869,
                    -0.035689063370227814
                ],
                [
                    0.0,
                    0.0,
                    0.0,
                    1.0
                ]
            ]
        },
        {
            "file_path": "/data/shapenet_blender/all_50_random/02958343/ce93ae42d9cba64c8dcad5127c74b8e0/r_1",
            "rotation": 0.12566370614359174,
            "transform_matrix": [
                [
                    0.8433359861373901,
                    0.08557868003845215,
                    0.530528724193573,
                    2.138629913330078
                ],
                [
                    0.5373867750167847,
                    -0.13430100679397583,
                    -0.8325734734535217,
                    -3.3562111854553223
                ],
                [
                    7.450581485102248e-09,
                    0.9872382283210754,
                    -0.15924972295761108,
                    -0.6419562101364136
                ],
                [
                    0.0,
                    0.0,
                    0.0,
                    1.0
                ]
            ]
        },
        {
            "file_path": "/data/shapenet_blender/all_50_random/02958343/ce93ae42d9cba64c8dcad5127c74b8e0/r_2",
            "rotation": 0.12566370614359174,
            "transform_matrix": [
                [
                    0.9150975346565247,
                    -0.04805446043610573,
                    0.4003586769104004,
                    1.613897442817688
                ],
                [
                    0.40323227643966675,
                    0.1090550571680069,
                    -0.9085761904716492,
                    -3.662587881088257
                ],
                [
                    0.0,
                    0.9928735494613647,
                    0.11917313188314438,
                    0.48040226101875305
                ],
                [
                    0.0,
                    0.0,
                    0.0,
                    1.0
                ]
            ]
        },
        {
            "file_path": "/data/shapenet_blender/all_50_random/02958343/ce93ae42d9cba64c8dcad5127c74b8e0/r_3",
            "rotation": 0.12566370614359174,
            "transform_matrix": [
                [
                    0.7549958229064941,
                    -0.05408059433102608,
                    0.6534956693649292,
                    2.6343252658843994
                ],
                [
                    0.6557295918464661,
                    0.062267471104860306,
                    -0.7524237036705017,
                    -3.0331170558929443
                ],
                [
                    0.0,
                    0.9965932369232178,
                    0.08247392624616623,
                    0.33246302604675293
                ],
                [
                    0.0,
                    0.0,
                    0.0,
                    1.0
                ]
            ]
        },
        {
            "file_path": "/data/shapenet_blender/all_50_random/02958343/ce93ae42d9cba64c8dcad5127c74b8e0/r_4",
            "rotation": 0.12566370614359174,
            "transform_matrix": [
                [
                    0.926216721534729,
                    -0.2612144351005554,
                    -0.2718264162540436,
                    -1.0957673788070679
                ],
                [
                    -0.37699148058891296,
                    -0.6417682766914368,
                    -0.6678404808044434,
                    -2.6921510696411133
                ],
                [
                    0.0,
                    0.7210412621498108,
                    -0.6928921341896057,
                    -2.793137550354004
                ],
                [
                    0.0,
                    0.0,
                    0.0,
                    1.0
                ]
            ]
        },
        {
            "file_path": "/data/shapenet_blender/all_50_random/02958343/ce93ae42d9cba64c8dcad5127c74b8e0/r_5",
            "rotation": 0.12566370614359174,
            "transform_matrix": [
                [
                    0.9998659491539001,
                    -0.014119545929133892,
                    -0.008293715305626392,
                    -0.033433035016059875
                ],
                [
                    -0.016375206410884857,
                    -0.8621359467506409,
                    -0.5064122080802917,
                    -2.041412830352783
                ],
                [
                    4.656612873077393e-10,
                    0.5064800977706909,
                    -0.8622516393661499,
                    -3.4758474826812744
                ],
                [
                    0.0,
                    0.0,
                    0.0,
                    1.0
                ]
            ]
        },
        {
            "file_path": "/data/shapenet_blender/all_50_random/02958343/ce93ae42d9cba64c8dcad5127c74b8e0/r_6",
            "rotation": 0.12566370614359174,
            "transform_matrix": [
                [
                    0.9398448467254639,
                    0.12934857606887817,
                    0.3161652684211731,
                    1.2745029926300049
                ],
                [
                    0.3416014015674591,
                    -0.35587558150291443,
                    -0.8698626160621643,
                    -3.506528377532959
                ],
                [
                    7.450580152834618e-09,
                    0.9255384206771851,
                    -0.37865355610847473,
                    -1.5264012813568115
                ],
                [
                    0.0,
                    0.0,
                    0.0,
                    1.0
                ]
            ]
        },
        {
            "file_path": "/data/shapenet_blender/all_50_random/02958343/ce93ae42d9cba64c8dcad5127c74b8e0/r_7",
            "rotation": 0.12566370614359174,
            "transform_matrix": [
                [
                    -0.9303839802742004,
                    -0.1335456222295761,
                    -0.34139570593833923,
                    -1.3762102127075195
                ],
                [
                    -0.36658623814582825,
                    0.33893445134162903,
                    0.8664512634277344,
                    3.492777109146118
                ],
                [
                    0.0,
                    0.9312835335731506,
                    -0.3642951548099518,
                    -1.4685208797454834
                ],
                [
                    0.0,
                    0.0,
                    0.0,
                    1.0
                ]
            ]
        },
        {
            "file_path": "/data/shapenet_blender/all_50_random/02958343/ce93ae42d9cba64c8dcad5127c74b8e0/r_8",
            "rotation": 0.12566370614359174,
            "transform_matrix": [
                [
                    -0.7928237915039062,
                    0.4691929817199707,
                    -0.3889581263065338,
                    -1.5679404735565186
                ],
                [
                    -0.6094509959220886,
                    -0.6103646159172058,
                    0.5059885382652283,
                    2.039705276489258
                ],
                [
                    0.0,
                    0.6382105946540833,
                    0.7698616981506348,
                    3.103411912918091
                ],
                [
                    0.0,
                    0.0,
                    0.0,
                    1.0
                ]
            ]
        },
        {
            "file_path": "/data/shapenet_blender/all_50_random/02958343/ce93ae42d9cba64c8dcad5127c74b8e0/r_9",
            "rotation": 0.12566370614359174,
            "transform_matrix": [
                [
                    0.48218366503715515,
                    -0.27873894572257996,
                    0.8305440545082092,
                    3.3480303287506104
                ],
                [
                    0.8760701417922974,
                    0.1534162163734436,
                    -0.4571263790130615,
                    -1.8427355289459229
                ],
                [
                    0.0,
                    0.9480337500572205,
                    0.31816965341567993,
                    1.2825829982757568
                ],
                [
                    0.0,
                    0.0,
                    0.0,
                    1.0
                ]
            ]
        },
        {
            "file_path": "/data/shapenet_blender/all_50_random/02958343/ce93ae42d9cba64c8dcad5127c74b8e0/r_10",
            "rotation": 0.12566370614359174,
            "transform_matrix": [
                [
                    -0.3856964707374573,
                    0.01965487003326416,
                    -0.9224163293838501,
                    -3.718379259109497
                ],
                [
                    -0.922625720500946,
                    -0.008216564543545246,
                    0.3856089413166046,
                    1.5544393062591553
                ],
                [
                    4.656612873077393e-10,
                    0.9997730255126953,
                    0.021303188055753708,
                    0.08587589859962463
                ],
                [
                    0.0,
                    0.0,
                    0.0,
                    1.0
                ]
            ]
        },
        {
            "file_path": "/data/shapenet_blender/all_50_random/02958343/ce93ae42d9cba64c8dcad5127c74b8e0/r_11",
            "rotation": 0.12566370614359174,
            "transform_matrix": [
                [
                    -0.03365354984998703,
                    -0.07744675129652023,
                    0.996428370475769,
                    4.016731262207031
                ],
                [
                    0.9994335770606995,
                    -0.0026078352238982916,
                    0.03355235606431961,
                    0.1352538764476776
                ],
                [
                    0.0,
                    0.9969930648803711,
                    0.07749064266681671,
                    0.3123747706413269
                ],
                [
                    0.0,
                    0.0,
                    0.0,
                    1.0
                ]
            ]
        },
        {
            "file_path": "/data/shapenet_blender/all_50_random/02958343/ce93ae42d9cba64c8dcad5127c74b8e0/r_12",
            "rotation": 0.12566370614359174,
            "transform_matrix": [
                [
                    -0.40103062987327576,
                    -0.27637389302253723,
                    0.8733795881271362,
                    3.5207056999206543
                ],
                [
                    0.9160646796226501,
                    -0.12098970264196396,
                    0.382344126701355,
                    1.5412784814834595
                ],
                [
                    0.0,
                    0.953403890132904,
                    0.30169689655303955,
                    1.2161791324615479
                ],
                [
                    0.0,
                    0.0,
                    0.0,
                    1.0
                ]
            ]
        },
        {
            "file_path": "/data/shapenet_blender/all_50_random/02958343/ce93ae42d9cba64c8dcad5127c74b8e0/r_13",
            "rotation": 0.12566370614359174,
            "transform_matrix": [
                [
                    -0.6648743152618408,
                    -0.20258355140686035,
                    0.7189590334892273,
                    2.8982162475585938
                ],
                [
                    0.7469552755355835,
                    -0.18032218515872955,
                    0.6399545669555664,
                    2.5797390937805176
                ],
                [
                    -1.4901161193847656e-08,
                    0.9625194668769836,
                    0.27121245861053467,
                    1.093292236328125
                ],
                [
                    0.0,
                    0.0,
                    0.0,
                    1.0
                ]
            ]
        },
        {
            "file_path": "/data/shapenet_blender/all_50_random/02958343/ce93ae42d9cba64c8dcad5127c74b8e0/r_14",
            "rotation": 0.12566370614359174,
            "transform_matrix": [
                [
                    -0.07512646913528442,
                    0.7319353818893433,
                    -0.6772196888923645,
                    -2.7299602031707764
                ],
                [
                    -0.9971739649772644,
                    -0.0551435612142086,
                    0.05102131515741348,
                    0.20567351579666138
                ],
                [
                    -3.725290076417309e-09,
                    0.6791390180587769,
                    0.7340096235275269,
                    2.9588875770568848
                ],
                [
                    0.0,
                    0.0,
                    0.0,
                    1.0
                ]
            ]
        },
        {
            "file_path": "/data/shapenet_blender/all_50_random/02958343/ce93ae42d9cba64c8dcad5127c74b8e0/r_15",
            "rotation": 0.12566370614359174,
            "transform_matrix": [
                [
                    -0.39290159940719604,
                    0.043954867869615555,
                    0.9185293912887573,
                    3.7027106285095215
                ],
                [
                    0.9195806384086609,
                    0.01878022961318493,
                    0.3924524188041687,
                    1.582026481628418
                ],
                [
                    1.862645371275562e-09,
                    0.9988569617271423,
                    -0.047798819839954376,
                    -0.19268321990966797
                ],
                [
                    0.0,
                    0.0,
                    0.0,
                    1.0
                ]
            ]
        },
        {
            "file_path": "/data/shapenet_blender/all_50_random/02958343/ce93ae42d9cba64c8dcad5127c74b8e0/r_16",
            "rotation": 0.12566370614359174,
            "transform_matrix": [
                [
                    0.4009186327457428,
                    0.489160418510437,
                    -0.7745878100395203,
                    -3.1224632263183594
                ],
                [
                    -0.9161137342453003,
                    0.21407116949558258,
                    -0.3389827013015747,
                    -1.3664829730987549
                ],
                [
                    0.0,
                    0.8455149531364441,
                    0.5339516997337341,
                    2.152428150177002
                ],
                [
                    0.0,
                    0.0,
                    0.0,
                    1.0
                ]
            ]
        },
        {
            "file_path": "/data/shapenet_blender/all_50_random/02958343/ce93ae42d9cba64c8dcad5127c74b8e0/r_17",
            "rotation": 0.12566370614359174,
            "transform_matrix": [
                [
                    0.07392185926437378,
                    -0.3642500340938568,
                    0.9283627867698669,
                    3.7423501014709473
                ],
                [
                    0.9972639679908752,
                    0.02699991501867771,
                    -0.06881459057331085,
                    -0.27740049362182617
                ],
                [
                    0.0,
                    0.9309096336364746,
                    0.365249365568161,
                    1.472367286682129
                ],
                [
                    0.0,
                    0.0,
                    0.0,
                    1.0
                ]
            ]
        },
        {
            "file_path": "/data/shapenet_blender/all_50_random/02958343/ce93ae42d9cba64c8dcad5127c74b8e0/r_18",
            "rotation": 0.12566370614359174,
            "transform_matrix": [
                [
                    -0.9601747989654541,
                    0.007864108309149742,
                    0.2792894244194031,
                    1.1258516311645508
                ],
                [
                    0.27940014004707336,
                    0.027025466784834862,
                    0.9597943425178528,
                    3.8690547943115234
                ],
                [
                    0.0,
                    0.9996036887168884,
                    -0.02814640663564205,
                    -0.11346179246902466
                ],
                [
                    0.0,
                    0.0,
                    0.0,
                    1.0
                ]
            ]
        },
        {
            "file_path": "/data/shapenet_blender/all_50_random/02958343/ce93ae42d9cba64c8dcad5127c74b8e0/r_19",
            "rotation": 0.12566370614359174,
            "transform_matrix": [
                [
                    0.10304680466651917,
                    -0.5172642469406128,
                    -0.8495993614196777,
                    -3.42484450340271
                ],
                [
                    -0.9946765899658203,
                    -0.05358769744634628,
                    -0.0880170539021492,
                    -0.35480809211730957
                ],
                [
                    3.725290298461914e-09,
                    0.8541463613510132,
                    -0.5200326442718506,
                    -2.0963187217712402
                ],
                [
                    0.0,
                    0.0,
                    0.0,
                    1.0
                ]
            ]
        },
        {
            "file_path": "/data/shapenet_blender/all_50_random/02958343/ce93ae42d9cba64c8dcad5127c74b8e0/r_20",
            "rotation": 0.12566370614359174,
            "transform_matrix": [
                [
                    0.9735835790634155,
                    -0.08206339925527573,
                    0.21307428181171417,
                    0.8589299917221069
                ],
                [
                    0.228331059217453,
                    0.3499111235141754,
                    -0.908530056476593,
                    -3.6624021530151367
                ],
                [
                    0.0,
                    0.9331814646720886,
                    0.3594053387641907,
                    1.4488093852996826
                ],
                [
                    0.0,
                    0.0,
                    0.0,
                    1.0
                ]
            ]
        },
        {
            "file_path": "/data/shapenet_blender/all_50_random/02958343/ce93ae42d9cba64c8dcad5127c74b8e0/r_21",
            "rotation": 0.12566370614359174,
            "transform_matrix": [
                [
                    0.06738173961639404,
                    0.27893441915512085,
                    0.957943320274353,
                    3.8615925312042236
                ],
                [
                    0.9977272748947144,
                    -0.018837900832295418,
                    -0.06469491869211197,
                    -0.260793536901474
                ],
                [
                    1.862645149230957e-09,
                    0.9601253271102905,
                    -0.2795698344707489,
                    -1.1269819736480713
                ],
                [
                    0.0,
                    0.0,
                    0.0,
                    1.0
                ]
            ]
        },
        {
            "file_path": "/data/shapenet_blender/all_50_random/02958343/ce93ae42d9cba64c8dcad5127c74b8e0/r_22",
            "rotation": 0.12566370614359174,
            "transform_matrix": [
                [
                    -0.9886413812637329,
                    0.14116524159908295,
                    0.05158248916268349,
                    0.20793567597866058
                ],
                [
                    0.15029433369636536,
                    0.9285898804664612,
                    0.339311420917511,
                    1.367808222770691
                ],
                [
                    3.725290742551124e-09,
                    0.3432098627090454,
                    -0.9392586350440979,
                    -3.7862730026245117
                ],
                [
                    0.0,
                    0.0,
                    0.0,
                    1.0
                ]
            ]
        },
        {
            "file_path": "/data/shapenet_blender/all_50_random/02958343/ce93ae42d9cba64c8dcad5127c74b8e0/r_23",
            "rotation": 0.12566370614359174,
            "transform_matrix": [
                [
                    0.031242672353982925,
                    0.6531859636306763,
                    -0.7565526366233826,
                    -3.0497612953186035
                ],
                [
                    -0.9995118379592896,
                    0.020417241379618645,
                    -0.023648269474506378,
                    -0.09532922506332397
                ],
                [
                    0.0,
                    0.7569221258163452,
                    0.6535050272941589,
                    2.6343629360198975
                ],
                [
                    0.0,
                    0.0,
                    0.0,
                    1.0
                ]
            ]
        },
        {
            "file_path": "/data/shapenet_blender/all_50_random/02958343/ce93ae42d9cba64c8dcad5127c74b8e0/r_24",
            "rotation": 0.12566370614359174,
            "transform_matrix": [
                [
                    0.9003022313117981,
                    -0.4128488302230835,
                    0.1378830373287201,
                    0.555824339389801
                ],
                [
                    0.43526536226272583,
                    0.8539358973503113,
                    -0.28519707918167114,
                    -1.1496663093566895
                ],
                [
                    0.0,
                    0.3167792856693268,
                    0.9484992027282715,
                    3.8235228061676025
                ],
                [
                    0.0,
                    0.0,
                    0.0,
                    1.0
                ]
            ]
        },
        {
            "file_path": "/data/shapenet_blender/all_50_random/02958343/ce93ae42d9cba64c8dcad5127c74b8e0/r_25",
            "rotation": 0.12566370614359174,
            "transform_matrix": [
                [
                    0.7472913861274719,
                    -0.3605290949344635,
                    0.5581883192062378,
                    2.250129222869873
                ],
                [
                    0.6644963622093201,
                    0.40545034408569336,
                    -0.6277375221252441,
                    -2.5304911136627197
                ],
                [
                    -1.4901160305669237e-08,
                    0.8400170803070068,
                    0.5425598621368408,
                    2.187129020690918
                ],
                [
                    0.0,
                    0.0,
                    0.0,
                    1.0
                ]
            ]
        },
        {
            "file_path": "/data/shapenet_blender/all_50_random/02958343/ce93ae42d9cba64c8dcad5127c74b8e0/r_26",
            "rotation": 0.12566370614359174,
            "transform_matrix": [
                [
                    -0.2875288724899292,
                    -0.43596431612968445,
                    0.8527966737747192,
                    3.4377334117889404
                ],
                [
                    0.9577719569206238,
                    -0.13087910413742065,
                    0.2560146749019623,
                    1.0320281982421875
                ],
                [
                    7.450580596923828e-09,
                    0.8903962969779968,
                    0.4551859200000763,
                    1.8349131345748901
                ],
                [
                    0.0,
                    0.0,
                    0.0,
                    1.0
                ]
            ]
        },
        {
            "file_path": "/data/shapenet_blender/all_50_random/02958343/ce93ae42d9cba64c8dcad5127c74b8e0/r_27",
            "rotation": 0.12566370614359174,
            "transform_matrix": [
                [
                    -0.04250968247652054,
                    0.19860409200191498,
                    -0.9791574478149414,
                    -3.9471099376678467
                ],
                [
                    -0.9990960359573364,
                    -0.008450235240161419,
                    0.041661329567432404,
                    0.16794219613075256
                ],
                [
                    -9.31322685637781e-10,
                    0.9800432324409485,
                    0.19878381490707397,
                    0.8013231754302979
                ],
                [
                    0.0,
                    0.0,
                    0.0,
                    1.0
                ]
            ]
        },
        {
            "file_path": "/data/shapenet_blender/all_50_random/02958343/ce93ae42d9cba64c8dcad5127c74b8e0/r_28",
            "rotation": 0.12566370614359174,
            "transform_matrix": [
                [
                    -0.7961065173149109,
                    -0.10424991697072983,
                    -0.5961093306541443,
                    -2.40299391746521
                ],
                [
                    -0.6051566004753113,
                    0.13714471459388733,
                    0.7842044234275818,
                    3.1612296104431152
                ],
                [
                    -7.450581485102248e-09,
                    0.985049843788147,
                    -0.1722692996263504,
                    -0.6944398283958435
                ],
                [
                    0.0,
                    0.0,
                    0.0,
                    1.0
                ]
            ]
        },
        {
            "file_path": "/data/shapenet_blender/all_50_random/02958343/ce93ae42d9cba64c8dcad5127c74b8e0/r_29",
            "rotation": 0.12566370614359174,
            "transform_matrix": [
                [
                    -0.3768426179885864,
                    0.7851841449737549,
                    0.4914015531539917,
                    1.9809030294418335
                ],
                [
                    0.9262773394584656,
                    0.3194408714771271,
                    0.199919655919075,
                    0.8059018850326538
                ],
                [
                    0.0,
                    0.5305122137069702,
                    -0.8476772308349609,
                    -3.4170961380004883
                ],
                [
                    0.0,
                    0.0,
                    0.0,
                    1.0
                ]
            ]
        },
        {
            "file_path": "/data/shapenet_blender/all_50_random/02958343/ce93ae42d9cba64c8dcad5127c74b8e0/r_30",
            "rotation": 0.12566370614359174,
            "transform_matrix": [
                [
                    0.9201033115386963,
                    -0.1527036726474762,
                    0.3606821596622467,
                    1.4539563655853271
                ],
                [
                    0.39167603850364685,
                    0.35872289538383484,
                    -0.8472943305969238,
                    -3.415552854537964
                ],
                [
                    0.0,
                    0.9208688735961914,
                    0.3898724317550659,
                    1.5716261863708496
                ],
                [
                    0.0,
                    0.0,
                    0.0,
                    1.0
                ]
            ]
        },
        {
            "file_path": "/data/shapenet_blender/all_50_random/02958343/ce93ae42d9cba64c8dcad5127c74b8e0/r_31",
            "rotation": 0.12566370614359174,
            "transform_matrix": [
                [
                    -0.8730315566062927,
                    -0.20372389256954193,
                    -0.4430716633796692,
                    -1.7860791683197021
                ],
                [
                    -0.48766380548477173,
                    0.3647131323814392,
                    0.7932012677192688,
                    3.1974968910217285
                ],
                [
                    0.0,
                    0.9085598587989807,
                    -0.41775476932525635,
                    -1.6840234994888306
                ],
                [
                    0.0,
                    0.0,
                    0.0,
                    1.0
                ]
            ]
        },
        {
            "file_path": "/data/shapenet_blender/all_50_random/02958343/ce93ae42d9cba64c8dcad5127c74b8e0/r_32",
            "rotation": 0.12566370614359174,
            "transform_matrix": [
                [
                    0.4409533441066742,
                    -0.5009629726409912,
                    -0.7447121739387512,
                    -3.002030849456787
                ],
                [
                    -0.8975300192832947,
                    -0.246121346950531,
                    -0.3658744990825653,
                    -1.4748872518539429
                ],
                [
                    1.4901160305669237e-08,
                    0.8297351598739624,
                    -0.5581573247909546,
                    -2.2500040531158447
                ],
                [
                    0.0,
                    0.0,
                    0.0,
                    1.0
                ]
            ]
        },
        {
            "file_path": "/data/shapenet_blender/all_50_random/02958343/ce93ae42d9cba64c8dcad5127c74b8e0/r_33",
            "rotation": 0.12566370614359174,
            "transform_matrix": [
                [
                    0.8458717465400696,
                    -0.028826996684074402,
                    -0.532606840133667,
                    -2.1470067501068115
                ],
                [
                    -0.5333863496780396,
                    -0.0457153394818306,
                    -0.8446354866027832,
                    -3.404834508895874
                ],
                [
                    1.862645149230957e-09,
                    0.9985384345054626,
                    -0.05404524505138397,
                    -0.21786335110664368
                ],
                [
                    0.0,
                    0.0,
                    0.0,
                    1.0
                ]
            ]
        },
        {
            "file_path": "/data/shapenet_blender/all_50_random/02958343/ce93ae42d9cba64c8dcad5127c74b8e0/r_34",
            "rotation": 0.12566370614359174,
            "transform_matrix": [
                [
                    0.9821168184280396,
                    0.15109628438949585,
                    -0.11232347041368484,
                    -0.45279034972190857
                ],
                [
                    -0.18827280402183533,
                    0.7881870865821838,
                    -0.5859304070472717,
                    -2.3619606494903564
                ],
                [
                    0.0,
                    0.5965994000434875,
                    0.8025392293930054,
                    3.2351386547088623
                ],
                [
                    0.0,
                    0.0,
                    0.0,
                    1.0
                ]
            ]
        },
        {
            "file_path": "/data/shapenet_blender/all_50_random/02958343/ce93ae42d9cba64c8dcad5127c74b8e0/r_35",
            "rotation": 0.12566370614359174,
            "transform_matrix": [
                [
                    0.6682481169700623,
                    -0.1603391468524933,
                    0.7264542579650879,
                    2.9284307956695557
                ],
                [
                    0.7439385056495667,
                    0.1440257877111435,
                    -0.652542769908905,
                    -2.630484104156494
                ],
                [
                    7.450581485102248e-09,
                    0.9764977097511292,
                    0.21552741527557373,
                    0.8688188195228577
                ],
                [
                    0.0,
                    0.0,
                    0.0,
                    1.0
                ]
            ]
        },
        {
            "file_path": "/data/shapenet_blender/all_50_random/02958343/ce93ae42d9cba64c8dcad5127c74b8e0/r_36",
            "rotation": 0.12566370614359174,
            "transform_matrix": [
                [
                    0.9571669101715088,
                    0.09354105591773987,
                    -0.2740100622177124,
                    -1.104569911956787
                ],
                [
                    -0.28953659534454346,
                    0.3092334568500519,
                    -0.9058384299278259,
                    -3.6515512466430664
                ],
                [
                    0.0,
                    0.9463745355606079,
                    0.32307156920433044,
                    1.3023431301116943
                ],
                [
                    0.0,
                    0.0,
                    0.0,
                    1.0
                ]
            ]
        },
        {
            "file_path": "/data/shapenet_blender/all_50_random/02958343/ce93ae42d9cba64c8dcad5127c74b8e0/r_37",
            "rotation": 0.12566370614359174,
            "transform_matrix": [
                [
                    0.4797467589378357,
                    -0.3566098213195801,
                    -0.8016685247421265,
                    -3.2316291332244873
                ],
                [
                    -0.8774069547653198,
                    -0.19498638808727264,
                    -0.4383346438407898,
                    -1.7669835090637207
                ],
                [
                    -1.4901161193847656e-08,
                    0.9136791825294495,
                    -0.406436026096344,
                    -1.6383960247039795
                ],
                [
                    0.0,
                    0.0,
                    0.0,
                    1.0
                ]
            ]
        },
        {
            "file_path": "/data/shapenet_blender/all_50_random/02958343/ce93ae42d9cba64c8dcad5127c74b8e0/r_38",
            "rotation": 0.12566370614359174,
            "transform_matrix": [
                [
                    0.8011807203292847,
                    -0.1241256445646286,
                    -0.5854078531265259,
                    -2.3598546981811523
                ],
                [
                    -0.598422646522522,
                    -0.16618196666240692,
                    -0.7837561964988708,
                    -3.1594226360321045
                ],
                [
                    7.450581485102248e-09,
                    0.9782516360282898,
                    -0.20742136240005493,
                    -0.8361423015594482
                ],
                [
                    0.0,
                    0.0,
                    0.0,
                    1.0
                ]
            ]
        },
        {
            "file_path": "/data/shapenet_blender/all_50_random/02958343/ce93ae42d9cba64c8dcad5127c74b8e0/r_39",
            "rotation": 0.12566370614359174,
            "transform_matrix": [
                [
                    0.09058526903390884,
                    -0.6867126226425171,
                    -0.7212627530097961,
                    -2.907503128051758
                ],
                [
                    -0.9958887696266174,
                    -0.06246285140514374,
                    -0.06560550630092621,
                    -0.26446425914764404
                ],
                [
                    0.0,
                    0.7242403626441956,
                    -0.689547598361969,
                    -2.7796552181243896
                ],
                [
                    0.0,
                    0.0,
                    0.0,
                    1.0
                ]
            ]
        },
        {
            "file_path": "/data/shapenet_blender/all_50_random/02958343/ce93ae42d9cba64c8dcad5127c74b8e0/r_40",
            "rotation": 0.12566370614359174,
            "transform_matrix": [
                [
                    -0.33417999744415283,
                    -0.10747844725847244,
                    -0.9363610148429871,
                    -3.774592161178589
                ],
                [
                    -0.9425092339515686,
                    0.03810800984501839,
                    0.33200007677078247,
                    1.3383352756500244
                ],
                [
                    0.0,
                    0.9934768080711365,
                    -0.11403434723615646,
                    -0.45968717336654663
                ],
                [
                    0.0,
                    0.0,
                    0.0,
                    1.0
                ]
            ]
        },
        {
            "file_path": "/data/shapenet_blender/all_50_random/02958343/ce93ae42d9cba64c8dcad5127c74b8e0/r_41",
            "rotation": 0.12566370614359174,
            "transform_matrix": [
                [
                    0.5546480417251587,
                    -0.0008640734595246613,
                    -0.8320846557617188,
                    -3.354240655899048
                ],
                [
                    -0.832085132598877,
                    -0.0005759706255048513,
                    -0.55464768409729,
                    -2.235856294631958
                ],
