{
    "class": "02958343",
    "model": "bcf0b18a19bce6d91ad107790a9e2d51",
    "remove_doubles": true,
    "edge_split": true,
    "denoise": true,
    "camera_angle_x": 0.6911112070083618,
    "scale_factor": 2.407941382301593,
    "hdri_file": "/data/IndoorHDRDataset2018/9C4A1612-974a98b1a7.exr",
    "center_offset": [
        0.0,
        -3.725290298461914e-09,
        -3.725290298461914e-09
    ],
    "lights": [],
    "frames": [
        {
            "file_path": "/data/shapenet_blender/all_50_random/02958343/bcf0b18a19bce6d91ad107790a9e2d51/r_0",
            "rotation": 0.12566370614359174,
            "transform_matrix": [
                [
                    -0.7352636456489563,
                    -0.18159733712673187,
                    -0.6530005931854248,
                    -2.6323297023773193
                ],
                [
                    -0.6777812838554382,
                    0.19699853658676147,
                    0.7083813548088074,
                    2.855576515197754
                ],
                [
                    -1.4901162970204496e-08,
                    0.9634386301040649,
                    -0.2679291367530823,
                    -1.08005690574646
                ],
                [
                    0.0,
                    0.0,
                    0.0,
                    1.0
                ]
            ]
        },
        {
            "file_path": "/data/shapenet_blender/all_50_random/02958343/bcf0b18a19bce6d91ad107790a9e2d51/r_1",
            "rotation": 0.12566370614359174,
            "transform_matrix": [
                [
                    0.9997854828834534,
                    0.015304012224078178,
                    0.013960902579128742,
                    0.056278202682733536
                ],
                [
                    0.020715203136205673,
                    -0.7386232018470764,
                    -0.6738001704216003,
                    -2.7161755561828613
                ],
                [
                    9.313225746154785e-10,
                    0.6739448308944702,
                    -0.7387816309928894,
                    -2.9781241416931152
                ],
                [
                    0.0,
                    0.0,
                    0.0,
                    1.0
                ]
            ]
        },
        {
            "file_path": "/data/shapenet_blender/all_50_random/02958343/bcf0b18a19bce6d91ad107790a9e2d51/r_2",
            "rotation": 0.12566370614359174,
            "transform_matrix": [
                [
                    -0.26127317547798157,
                    0.9441319704055786,
                    0.20087598264217377,
                    0.8097569942474365
                ],
                [
                    0.9652649164199829,
                    0.2555530369281769,
                    0.05437213182449341,
                    0.21918107569217682
                ],
                [
                    0.0,
                    0.20810449123382568,
                    -0.9781065583229065,
                    -3.94287371635437
                ],
                [
                    0.0,
                    0.0,
                    0.0,
                    1.0
                ]
            ]
        },
        {
            "file_path": "/data/shapenet_blender/all_50_random/02958343/bcf0b18a19bce6d91ad107790a9e2d51/r_3",
            "rotation": 0.12566370614359174,
            "transform_matrix": [
                [
                    0.9922565221786499,
                    -0.09156575053930283,
                    0.0839209333062172,
                    0.338296115398407
                ],
                [
                    0.12420551478862762,
                    0.7315030097961426,
                    -0.6704298853874207,
                    -2.702589273452759
                ],
                [
                    0.0,
                    0.6756619215011597,
                    0.7372116446495056,
                    2.971795082092285
                ],
                [
                    0.0,
                    0.0,
                    0.0,
                    1.0
                ]
            ]
        },
        {
            "file_path": "/data/shapenet_blender/all_50_random/02958343/bcf0b18a19bce6d91ad107790a9e2d51/r_4",
            "rotation": 0.12566370614359174,
            "transform_matrix": [
                [
                    -0.08551320433616638,
                    0.03155127912759781,
                    -0.9958372116088867,
                    -4.01434850692749
                ],
                [
                    -0.9963370561599731,
                    -0.0027079705614596605,
                    0.0854703038930893,
                    0.34454184770584106
                ],
                [
                    -2.3283064365386963e-10,
                    0.9994984269142151,
                    0.03166727349162102,
                    0.12765488028526306
                ],
                [
                    0.0,
                    0.0,
                    0.0,
                    1.0
                ]
            ]
        },
        {
            "file_path": "/data/shapenet_blender/all_50_random/02958343/bcf0b18a19bce6d91ad107790a9e2d51/r_5",
            "rotation": 0.12566370614359174,
            "transform_matrix": [
                [
                    0.9934371113777161,
                    0.0684688463807106,
                    -0.09162289649248123,
                    -0.36934366822242737
                ],
                [
                    -0.11437978595495224,
                    0.5946810245513916,
                    -0.7957837581634521,
                    -3.207906484603882
                ],
                [
                    0.0,
                    0.8010408282279968,
                    0.5986097455024719,
                    2.4130728244781494
                ],
                [
                    0.0,
                    0.0,
                    0.0,
                    1.0
                ]
            ]
        },
        {
            "file_path": "/data/shapenet_blender/all_50_random/02958343/bcf0b18a19bce6d91ad107790a9e2d51/r_6",
            "rotation": 0.12566370614359174,
            "transform_matrix": [
                [
                    0.27804890275001526,
                    -0.8343022465705872,
                    0.4760551154613495,
                    1.9190396070480347
                ],
                [
                    0.9605669975280762,
                    0.2414999008178711,
                    -0.13780049979686737,
                    -0.55549156665802
                ],
                [
                    0.0,
                    0.49559804797172546,
                    0.8685519695281982,
                    3.5012450218200684
                ],
                [
                    0.0,
                    0.0,
                    0.0,
                    1.0
                ]
            ]
        },
        {
            "file_path": "/data/shapenet_blender/all_50_random/02958343/bcf0b18a19bce6d91ad107790a9e2d51/r_7",
            "rotation": 0.12566370614359174,
            "transform_matrix": [
                [
                    0.47274354100227356,
                    -0.24089214205741882,
                    -0.8476345539093018,
                    -3.416924476623535
                ],
                [
                    -0.8811999559402466,
                    -0.12923309206962585,
                    -0.45473647117614746,
                    -1.833101511001587
                ],
                [
                    7.450580596923828e-09,
                    0.9619093537330627,
                    -0.273368239402771,
                    -1.1019827127456665
                ],
                [
                    0.0,
                    0.0,
                    0.0,
                    1.0
                ]
            ]
        },
        {
            "file_path": "/data/shapenet_blender/all_50_random/02958343/bcf0b18a19bce6d91ad107790a9e2d51/r_8",
            "rotation": 0.12566370614359174,
            "transform_matrix": [
                [
                    -0.45147398114204407,
                    0.3081289827823639,
                    -0.8373934030532837,
                    -3.375640869140625
                ],
                [
                    -0.8922842741012573,
                    -0.15590572357177734,
                    0.42370057106018066,
                    1.707991600036621
                ],
                [
                    0.0,
                    0.9384828805923462,
                    0.3453259766101837,
                    1.392053484916687
                ],
                [
                    0.0,
                    0.0,
                    0.0,
                    1.0
                ]
            ]
        },
        {
            "file_path": "/data/shapenet_blender/all_50_random/02958343/bcf0b18a19bce6d91ad107790a9e2d51/r_9",
            "rotation": 0.12566370614359174,
            "transform_matrix": [
                [
                    -0.9028115272521973,
                    -0.007790869567543268,
                    0.42996591329574585,
                    1.7332481145858765
                ],
                [
                    0.4300365746021271,
                    -0.01635602116584778,
                    0.9026632308959961,
                    3.6387522220611572
                ],
                [
                    4.656613428188905e-10,
                    0.9998358488082886,
                    0.01811676099896431,
                    0.07303100824356079
                ],
                [
                    0.0,
                    0.0,
                    0.0,
                    1.0
                ]
            ]
        },
        {
            "file_path": "/data/shapenet_blender/all_50_random/02958343/bcf0b18a19bce6d91ad107790a9e2d51/r_10",
            "rotation": 0.12566370614359174,
            "transform_matrix": [
                [
                    0.9351107478141785,
                    -0.13703987002372742,
                    0.3267843425273895,
                    1.317309856414795
                ],
                [
                    0.3543556332588196,
                    0.36163514852523804,
                    -0.8623526692390442,
                    -3.47625470161438
                ],
                [
                    -7.450580596923828e-09,
                    0.9221930503845215,
                    0.38672974705696106,
                    1.5589574575424194
                ],
                [
                    0.0,
                    0.0,
                    0.0,
                    1.0
                ]
            ]
        },
        {
            "file_path": "/data/shapenet_blender/all_50_random/02958343/bcf0b18a19bce6d91ad107790a9e2d51/r_11",
            "rotation": 0.12566370614359174,
            "transform_matrix": [
                [
                    0.8450418710708618,
                    0.1198960542678833,
                    0.5210846066474915,
                    2.1005592346191406
                ],
                [
                    0.5347001552581787,
                    -0.1894841343164444,
                    -0.8235238194465637,
                    -3.319730758666992
                ],
                [
                    7.450580596923828e-09,
                    0.974536120891571,
                    -0.22423043847084045,
                    -0.9039018154144287
                ],
                [
                    0.0,
                    0.0,
                    0.0,
                    1.0
                ]
            ]
        },
        {
            "file_path": "/data/shapenet_blender/all_50_random/02958343/bcf0b18a19bce6d91ad107790a9e2d51/r_12",
            "rotation": 0.12566370614359174,
            "transform_matrix": [
                [
                    -0.6173394322395325,
                    0.08307252079248428,
                    0.7822984457015991,
                    3.153546094894409
                ],
                [
                    0.7866969108581543,
                    0.0651889443397522,
                    0.6138878464698792,
                    2.474661350250244
                ],
                [
                    0.0,
                    0.9944089651107788,
                    -0.10559660196304321,
                    -0.42567354440689087
                ],
                [
                    0.0,
                    0.0,
                    0.0,
                    1.0
                ]
            ]
        },
        {
            "file_path": "/data/shapenet_blender/all_50_random/02958343/bcf0b18a19bce6d91ad107790a9e2d51/r_13",
            "rotation": 0.12566370614359174,
            "transform_matrix": [
                [
                    0.30527040362358093,
                    -0.2503657042980194,
                    0.9187638163566589,
                    3.703655481338501
                ],
                [
                    0.9522657990455627,
                    0.08026040345430374,
                    -0.29453057050704956,
                    -1.1872906684875488
                ],
                [
                    0.0,
                    0.9648187160491943,
                    0.26291581988334656,
                    1.0598475933074951
                ],
                [
                    0.0,
                    0.0,
                    0.0,
                    1.0
                ]
            ]
        },
        {
            "file_path": "/data/shapenet_blender/all_50_random/02958343/bcf0b18a19bce6d91ad107790a9e2d51/r_14",
            "rotation": 0.12566370614359174,
            "transform_matrix": [
                [
                    -0.6748042702674866,
                    0.00040260492824018,
                    0.7379966378211975,
                    2.9749596118927
                ],
                [
                    0.7379968166351318,
                    0.000368131062714383,
                    0.674804151058197,
                    2.7202224731445312
                ],
                [
                    0.0,
                    0.9999999403953552,
                    -0.0005455375066958368,
                    -0.0021991319954395294
                ],
                [
                    0.0,
                    0.0,
                    0.0,
                    1.0
                ]
            ]
        },
        {
            "file_path": "/data/shapenet_blender/all_50_random/02958343/bcf0b18a19bce6d91ad107790a9e2d51/r_15",
            "rotation": 0.12566370614359174,
            "transform_matrix": [
                [
                    0.08865828067064285,
                    -0.5770295858383179,
                    -0.8118969202041626,
                    -3.2728612422943115
                ],
                [
                    -0.9960620999336243,
                    -0.05136070400476456,
                    -0.07226596027612686,
                    -0.29131340980529785
                ],
                [
                    0.0,
                    0.8151068091392517,
                    -0.5793107748031616,
                    -2.3352763652801514
                ],
                [
                    0.0,
                    0.0,
                    0.0,
                    1.0
                ]
            ]
        },
        {
            "file_path": "/data/shapenet_blender/all_50_random/02958343/bcf0b18a19bce6d91ad107790a9e2d51/r_16",
            "rotation": 0.12566370614359174,
            "transform_matrix": [
                [
                    0.9906631708145142,
                    -0.0031473259441554546,
                    0.13629591464996338,
                    0.5494263768196106
                ],
                [
                    0.13633224368095398,
                    0.022870155051350594,
                    -0.9903991222381592,
                    -3.992426633834839
                ],
                [
                    2.3283064365386963e-10,
                    0.9997334480285645,
                    0.0230857040733099,
                    0.09306144714355469
                ],
                [
                    0.0,
                    0.0,
                    0.0,
                    1.0
                ]
            ]
        },
        {
            "file_path": "/data/shapenet_blender/all_50_random/02958343/bcf0b18a19bce6d91ad107790a9e2d51/r_17",
            "rotation": 0.12566370614359174,
            "transform_matrix": [
                [
                    0.9212539792060852,
                    0.3138284683227539,
                    -0.2297886610031128,
                    -0.9263077974319458
                ],
                [
                    -0.38896164298057556,
                    0.7433013916015625,
                    -0.5442534685134888,
                    -2.193956136703491
                ],
                [
                    -1.4901161193847656e-08,
                    0.5907745361328125,
                    0.8068364858627319,
                    3.252462148666382
                ],
                [
                    0.0,
                    0.0,
                    0.0,
                    1.0
                ]
            ]
        },
        {
            "file_path": "/data/shapenet_blender/all_50_random/02958343/bcf0b18a19bce6d91ad107790a9e2d51/r_18",
            "rotation": 0.12566370614359174,
            "transform_matrix": [
                [
                    -0.4856603145599365,
                    -0.39796313643455505,
                    0.7783054709434509,
                    3.1374497413635254
                ],
                [
                    0.8741476535797119,
                    -0.22110097110271454,
                    0.43241217732429504,
                    1.7431092262268066
                ],
                [
                    -1.4901161193847656e-08,
                    0.8903592824935913,
                    0.45525848865509033,
                    1.8352056741714478
                ],
                [
                    0.0,
                    0.0,
                    0.0,
                    1.0
                ]
            ]
        },
        {
            "file_path": "/data/shapenet_blender/all_50_random/02958343/bcf0b18a19bce6d91ad107790a9e2d51/r_19",
            "rotation": 0.12566370614359174,
            "transform_matrix": [
                [
                    -0.39869096875190735,
                    0.7766156196594238,
                    0.4877640902996063,
                    1.9662400484085083
                ],
                [
                    0.9170854687690735,
                    0.3376235067844391,
                    0.21204908192157745,
                    0.8547972440719604
                ],
                [
                    1.4901162970204496e-08,
                    0.5318633317947388,
                    -0.8468300700187683,
                    -3.4136815071105957
                ],
                [
                    0.0,
                    0.0,
                    0.0,
                    1.0
                ]
            ]
        },
        {
            "file_path": "/data/shapenet_blender/all_50_random/02958343/bcf0b18a19bce6d91ad107790a9e2d51/r_20",
            "rotation": 0.12566370614359174,
            "transform_matrix": [
                [
                    0.9965681433677673,
                    0.07420141249895096,
                    0.03668710216879845,
                    0.14789044857025146
                ],
                [
                    0.0827755555510521,
                    -0.8933405876159668,
                    -0.4416907727718353,
                    -1.7805125713348389
                ],
                [
                    0.0,
                    0.44321176409721375,
                    -0.8964168429374695,
                    -3.613572120666504
                ],
                [
                    0.0,
                    0.0,
                    0.0,
                    1.0
                ]
            ]
        },
        {
            "file_path": "/data/shapenet_blender/all_50_random/02958343/bcf0b18a19bce6d91ad107790a9e2d51/r_21",
            "rotation": 0.12566370614359174,
            "transform_matrix": [
                [
                    0.6674138307571411,
                    -0.019860396161675453,
                    -0.744422197341919,
                    -3.000861883163452
                ],
                [
                    -0.7446870803833008,
                    -0.017799559980630875,
                    -0.6671764254570007,
                    -2.689474105834961
                ],
                [
                    0.0,
                    0.9996442794799805,
                    -0.0266694538295269,
                    -0.10750800371170044
                ],
                [
                    0.0,
                    0.0,
                    0.0,
                    1.0
                ]
            ]
        },
        {
            "file_path": "/data/shapenet_blender/all_50_random/02958343/bcf0b18a19bce6d91ad107790a9e2d51/r_22",
            "rotation": 0.12566370614359174,
            "transform_matrix": [
                [
                    -0.9727460145950317,
                    0.02617061696946621,
                    -0.23039133846759796,
                    -0.9287371635437012
                ],
                [
                    -0.23187294602394104,
                    -0.10979013890028,
                    0.966530442237854,
                    3.8962087631225586
                ],
                [
                    1.8626450382086546e-09,
                    0.9936102032661438,
                    0.11286618560552597,
                    0.4549781382083893
                ],
                [
                    0.0,
                    0.0,
                    0.0,
                    1.0
                ]
            ]
        },
        {
            "file_path": "/data/shapenet_blender/all_50_random/02958343/bcf0b18a19bce6d91ad107790a9e2d51/r_23",
            "rotation": 0.12566370614359174,
            "transform_matrix": [
                [
                    0.9804525375366211,
                    0.09581108391284943,
                    0.17185206711292267,
                    0.6927578449249268
                ],
                [
                    0.19675596058368683,
                    -0.47743523120880127,
                    -0.8563542366027832,
                    -3.4520742893218994
                ],
                [
                    0.0,
                    0.8734275102615356,
                    -0.4869540333747864,
                    -1.9629745483398438
                ],
                [
                    0.0,
                    0.0,
                    0.0,
                    1.0
                ]
            ]
        },
        {
            "file_path": "/data/shapenet_blender/all_50_random/02958343/bcf0b18a19bce6d91ad107790a9e2d51/r_24",
            "rotation": 0.12566370614359174,
            "transform_matrix": [
                [
                    -0.7823461294174194,
                    -0.13267216086387634,
                    0.6085495352745056,
                    2.453141927719116
                ],
                [
                    0.622843861579895,
                    -0.1666477918624878,
                    0.7643911838531494,
                    3.081359624862671
                ],
                [
                    7.450580596923828e-09,
                    0.9770499467849731,
                    0.2130102813243866,
                    0.8586719632148743
                ],
                [
                    0.0,
                    0.0,
                    0.0,
                    1.0
                ]
            ]
        },
        {
            "file_path": "/data/shapenet_blender/all_50_random/02958343/bcf0b18a19bce6d91ad107790a9e2d51/r_25",
            "rotation": 0.12566370614359174,
            "transform_matrix": [
                [
                    -0.6709553003311157,
                    0.00044609347241930664,
                    -0.7414976358413696,
                    -2.989072561264038
                ],
                [
                    -0.741497814655304,
                    -0.000403654295951128,
                    0.6709551811218262,
                    2.704706907272339
                ],
                [
                    0.0,
                    0.9999998211860657,
                    0.0006016113329678774,
                    0.002425172831863165
                ],
                [
                    0.0,
                    0.0,
                    0.0,
                    1.0
                ]
            ]
        },
        {
            "file_path": "/data/shapenet_blender/all_50_random/02958343/bcf0b18a19bce6d91ad107790a9e2d51/r_26",
            "rotation": 0.12566370614359174,
            "transform_matrix": [
                [
                    -0.09334782510995865,
                    0.11429931223392487,
                    0.9890509247779846,
                    3.986992120742798
                ],
                [
                    0.9956335425376892,
                    0.010716385208070278,
                    0.09273065626621246,
                    0.37380924820899963
                ],
                [
                    -9.313225746154785e-10,
                    0.9933885335922241,
                    -0.11480057239532471,
                    -0.46277594566345215
                ],
                [
                    0.0,
                    0.0,
                    0.0,
                    1.0
                ]
            ]
        },
        {
            "file_path": "/data/shapenet_blender/all_50_random/02958343/bcf0b18a19bce6d91ad107790a9e2d51/r_27",
            "rotation": 0.12566370614359174,
            "transform_matrix": [
                [
                    -0.19834980368614197,
                    0.806266188621521,
                    -0.5573078393936157,
                    -2.246579885482788
                ],
                [
                    -0.9801313281059265,
                    -0.16316460072994232,
                    0.11278275400400162,
                    0.45464184880256653
                ],
                [
                    7.450580596923828e-09,
                    0.5686053037643433,
                    0.8226103782653809,
                    3.3160488605499268
                ],
                [
                    0.0,
                    0.0,
                    0.0,
                    1.0
                ]
            ]
        },
        {
            "file_path": "/data/shapenet_blender/all_50_random/02958343/bcf0b18a19bce6d91ad107790a9e2d51/r_28",
            "rotation": 0.12566370614359174,
            "transform_matrix": [
                [
                    -0.9838663339614868,
                    0.038474299013614655,
                    0.174718976020813,
                    0.7043147087097168
                ],
                [
                    0.1789049655199051,
                    0.21158474683761597,
                    0.960845947265625,
                    3.87329363822937
                ],
                [
                    3.725290076417309e-09,
                    0.9766020178794861,
                    -0.21505437791347504,
                    -0.8669118881225586
                ],
                [
                    0.0,
                    0.0,
                    0.0,
                    1.0
                ]
            ]
        },
        {
            "file_path": "/data/shapenet_blender/all_50_random/02958343/bcf0b18a19bce6d91ad107790a9e2d51/r_29",
            "rotation": 0.12566370614359174,
            "transform_matrix": [
                [
                    0.961509644985199,
                    -0.018110714852809906,
                    -0.2741737365722656,
                    -1.1052297353744507
                ],
                [
                    -0.27477124333381653,
                    -0.06337499618530273,
                    -0.9594187140464783,
                    -3.8675405979156494
                ],
                [
                    -1.862645371275562e-09,
                    0.9978253841400146,
                    -0.06591197103261948,
                    -0.2656996548175812
                ],
                [
                    0.0,
                    0.0,
                    0.0,
                    1.0
                ]
            ]
        },
        {
            "file_path": "/data/shapenet_blender/all_50_random/02958343/bcf0b18a19bce6d91ad107790a9e2d51/r_30",
            "rotation": 0.12566370614359174,
            "transform_matrix": [
                [
                    -0.5272949934005737,
                    0.7812218070030212,
                    -0.3341445326805115,
                    -1.3469797372817993
                ],
                [
                    -0.8496823906898499,
                    -0.4848097860813141,
                    0.2073630541563034,
                    0.8359072208404541
                ],
                [
                    0.0,
                    0.39325815439224243,
                    0.9194280505180359,
                    3.7063329219818115
                ],
                [
                    0.0,
                    0.0,
                    0.0,
                    1.0
                ]
            ]
        },
        {
            "file_path": "/data/shapenet_blender/all_50_random/02958343/bcf0b18a19bce6d91ad107790a9e2d51/r_31",
            "rotation": 0.12566370614359174,
            "transform_matrix": [
                [
                    0.438882052898407,
                    0.1602267026901245,
                    0.884143590927124,
                    3.5640969276428223
                ],
                [
                    0.8985446691513062,
                    -0.07826057076454163,
                    -0.43184804916381836,
                    -1.740835189819336
                ],
                [
                    -7.450580152834618e-09,
                    0.9839729070663452,
                    -0.17831800878047943,
                    -0.7188228964805603
                ],
                [
                    0.0,
                    0.0,
                    0.0,
                    1.0
                ]
            ]
        },
        {
            "file_path": "/data/shapenet_blender/all_50_random/02958343/bcf0b18a19bce6d91ad107790a9e2d51/r_32",
            "rotation": 0.12566370614359174,
            "transform_matrix": [
                [
                    -0.8230944871902466,
                    0.4855307936668396,
                    0.294576495885849,
                    1.1874759197235107
                ],
                [
                    0.5679044723510742,
                    0.7037058472633362,
                    0.4269455671310425,
                    1.721072793006897
                ],
                [
                    1.4901162970204496e-08,
                    0.518707811832428,
                    -0.8549514412879944,
                    -3.4464197158813477
                ],
                [
                    0.0,
                    0.0,
                    0.0,
                    1.0
                ]
            ]
        },
        {
            "file_path": "/data/shapenet_blender/all_50_random/02958343/bcf0b18a19bce6d91ad107790a9e2d51/r_33",
            "rotation": 0.12566370614359174,
            "transform_matrix": [
                [
                    0.9495382308959961,
                    0.07800893485546112,
                    0.30379557609558105,
                    1.2246391773223877
                ],
                [
                    0.31365135312080383,
                    -0.23616181313991547,
                    -0.9197012186050415,
                    -3.7074341773986816
                ],
                [
                    0.0,
                    0.9685773253440857,
                    -0.24871230125427246,
                    -1.0025913715362549
                ],
                [
                    0.0,
                    0.0,
                    0.0,
                    1.0
                ]
            ]
        },
        {
            "file_path": "/data/shapenet_blender/all_50_random/02958343/bcf0b18a19bce6d91ad107790a9e2d51/r_34",
            "rotation": 0.12566370614359174,
            "transform_matrix": [
                [
                    0.8568047881126404,
                    -0.07365582883358002,
                    -0.5103530883789062,
                    -2.0572993755340576
                ],
                [
                    -0.5156408548355103,
                    -0.12238878756761551,
                    -0.8480184674263,
                    -3.4184720516204834
                ],
                [
                    3.725290298461914e-09,
                    0.9897453188896179,
                    -0.14284324645996094,
                    -0.5758196115493774
                ],
                [
                    0.0,
                    0.0,
                    0.0,
                    1.0
                ]
            ]
        },
        {
            "file_path": "/data/shapenet_blender/all_50_random/02958343/bcf0b18a19bce6d91ad107790a9e2d51/r_35",
            "rotation": 0.12566370614359174,
            "transform_matrix": [
                [
                    -0.5865101218223572,
                    0.030901968479156494,
                    -0.8093520998954773,
                    -3.2626028060913086
                ],
                [
                    -0.8099418878555298,
                    -0.02237730659544468,
                    0.5860830545425415,
                    2.362576484680176
                ],
                [
                    1.862645149230957e-09,
                    0.9992718696594238,
                    0.03815331310033798,
                    0.15380093455314636
                ],
                [
                    0.0,
                    0.0,
                    0.0,
                    1.0
                ]
            ]
        },
        {
            "file_path": "/data/shapenet_blender/all_50_random/02958343/bcf0b18a19bce6d91ad107790a9e2d51/r_36",
            "rotation": 0.12566370614359174,
            "transform_matrix": [
                [
                    -0.40453267097473145,
                    -0.233768492937088,
                    -0.8841410875320435,
                    -3.5640869140625
                ],
                [
                    -0.9145235419273376,
                    0.10340575128793716,
                    0.3910932242870331,
                    1.576547384262085
                ],
                [
                    0.0,
                    0.9667779207229614,
                    -0.25561773777008057,
                    -1.030428171157837
                ],
                [
                    0.0,
                    0.0,
                    0.0,
                    1.0
                ]
            ]
        },
        {
            "file_path": "/data/shapenet_blender/all_50_random/02958343/bcf0b18a19bce6d91ad107790a9e2d51/r_37",
            "rotation": 0.12566370614359174,
            "transform_matrix": [
                [
                    0.9530814290046692,
                    -0.22879783809185028,
                    0.19821028411388397,
                    0.79901123046875
                ],
                [
                    0.3027139902114868,
                    0.7203596234321594,
                    -0.6240561008453369,
                    -2.515650510787964
                ],
                [
                    0.0,
                    0.6547772288322449,
                    0.7558218240737915,
                    3.0468151569366455
                ],
                [
                    0.0,
                    0.0,
                    0.0,
                    1.0
                ]
            ]
        },
        {
            "file_path": "/data/shapenet_blender/all_50_random/02958343/bcf0b18a19bce6d91ad107790a9e2d51/r_38",
            "rotation": 0.12566370614359174,
            "transform_matrix": [
                [
                    -0.999967098236084,
                    0.007452745921909809,
                    -0.0031958287581801414,
                    -0.012882798910140991
                ],
                [
                    -0.00810905359685421,
                    -0.9190346002578735,
                    0.3940933048725128,
                    1.5886410474777222
                ],
                [
                    2.3283064365386963e-10,
                    0.3941062390804291,
                    0.9190648198127747,
                    3.704869031906128
                ],
                [
                    0.0,
                    0.0,
                    0.0,
                    1.0
                ]
            ]
        },
        {
            "file_path": "/data/shapenet_blender/all_50_random/02958343/bcf0b18a19bce6d91ad107790a9e2d51/r_39",
            "rotation": 0.12566370614359174,
            "transform_matrix": [
                [
                    -0.8279327154159546,
                    0.43253782391548157,
                    0.35698530077934265,
                    1.4390537738800049
                ],
                [
                    0.5608274936676025,
                    0.6385425329208374,
                    0.5270066261291504,
                    2.124431610107422
                ],
                [
                    0.0,
                    0.6365332007408142,
                    -0.7712492942810059,
                    -3.1090054512023926
                ],
                [
                    0.0,
                    0.0,
                    0.0,
                    1.0
                ]
            ]
        },
        {
            "file_path": "/data/shapenet_blender/all_50_random/02958343/bcf0b18a19bce6d91ad107790a9e2d51/r_40",
            "rotation": 0.12566370614359174,
            "transform_matrix": [
                [
                    -0.4097300171852112,
                    -0.36914440989494324,
                    -0.8341784477233887,
                    -3.3626809120178223
                ],
                [
                    -0.9122068881988525,
                    0.16580620408058167,
                    0.3746825158596039,
                    1.510393500328064
                ],
                [
                    1.4901161193847656e-08,
                    0.9144620299339294,
                    -0.4046718180179596,
                    -1.631284236907959
                ],
                [
                    0.0,
                    0.0,
                    0.0,
                    1.0
                ]
            ]
        },
        {
            "file_path": "/data/shapenet_blender/all_50_random/02958343/bcf0b18a19bce6d91ad107790a9e2d51/r_41",
            "rotation": 0.12566370614359174,
            "transform_matrix": [
                [
                    0.5759181976318359,
                    0.502072274684906,
                    -0.6451678276062012,
                    -2.600754737854004
                ],
                [
                    -0.8175072073936462,
                    0.35370033979415894,
                    -0.4545084238052368,
