{
    "class": "02958343",
    "model": "528fffd59eee9bc5851f021b9ed69c58",
    "remove_doubles": true,
    "edge_split": true,
    "denoise": true,
    "camera_angle_x": 0.6911112070083618,
    "scale_factor": 2.260586772160256,
    "hdri_file": "/data/IndoorHDRDataset2018/AG8A9268-5520d2dcdd.exr",
    "center_offset": [
        0.0,
        -1.862645149230957e-09,
        0.0
    ],
    "lights": [],
    "frames": [
        {
            "file_path": "/data/shapenet_blender/all_50_random/02958343/528fffd59eee9bc5851f021b9ed69c58/r_0",
            "rotation": 0.12566370614359174,
            "transform_matrix": [
                [
                    -0.8637690544128418,
                    0.3465152084827423,
                    -0.3658280372619629,
                    -1.4747000932693481
                ],
                [
                    -0.5038878917694092,
                    -0.5939993858337402,
                    0.6271056532859802,
                    2.5279440879821777
                ],
                [
                    1.4901161193847656e-08,
                    0.7260108590126038,
                    0.68768310546875,
                    2.772139549255371
                ],
                [
                    0.0,
                    0.0,
                    0.0,
                    1.0
                ]
            ]
        },
        {
            "file_path": "/data/shapenet_blender/all_50_random/02958343/528fffd59eee9bc5851f021b9ed69c58/r_1",
            "rotation": 0.12566370614359174,
            "transform_matrix": [
                [
                    -0.8368224501609802,
                    -0.056895337998867035,
                    -0.544510006904602,
                    -2.194990396499634
                ],
                [
                    -0.5474744439125061,
                    0.08696532249450684,
                    0.8322912454605103,
                    3.3550734519958496
                ],
                [
                    0.0,
                    0.9945853352546692,
                    -0.1039232611656189,
                    -0.4189280867576599
                ],
                [
                    0.0,
                    0.0,
                    0.0,
                    1.0
                ]
            ]
        },
        {
            "file_path": "/data/shapenet_blender/all_50_random/02958343/528fffd59eee9bc5851f021b9ed69c58/r_2",
            "rotation": 0.12566370614359174,
            "transform_matrix": [
                [
                    -0.6077269315719604,
                    0.05850842967629433,
                    0.7919878363609314,
                    3.1926047801971436
                ],
                [
                    0.794145941734314,
                    0.044774070382118225,
                    0.6060754060745239,
                    2.4431679248809814
                ],
                [
                    0.0,
                    0.9972823858261108,
                    -0.07367464154958725,
                    -0.2969919443130493
                ],
                [
                    0.0,
                    0.0,
                    0.0,
                    1.0
                ]
            ]
        },
        {
            "file_path": "/data/shapenet_blender/all_50_random/02958343/528fffd59eee9bc5851f021b9ed69c58/r_3",
            "rotation": 0.12566370614359174,
            "transform_matrix": [
                [
                    -0.761823296546936,
                    -0.023767411708831787,
                    -0.6473486423492432,
                    -2.609546184539795
                ],
                [
                    -0.6477848887443542,
                    0.02795151248574257,
                    0.7613102197647095,
                    3.0689401626586914
                ],
                [
                    -1.862645149230957e-09,
                    0.9993266463279724,
                    -0.036690279841423035,
                    -0.14790326356887817
                ],
                [
                    0.0,
                    0.0,
                    0.0,
                    1.0
                ]
            ]
        },
        {
            "file_path": "/data/shapenet_blender/all_50_random/02958343/528fffd59eee9bc5851f021b9ed69c58/r_4",
            "rotation": 0.12566370614359174,
            "transform_matrix": [
                [
                    0.9011533856391907,
                    0.035645946860313416,
                    -0.43203243613243103,
                    -1.7415785789489746
                ],
                [
                    -0.4335005283355713,
                    0.07410016655921936,
                    -0.8981015086174011,
                    -3.620363235473633
                ],
                [
                    -3.725290298461914e-09,
                    0.9966135621070862,
                    0.0822281464934349,
                    0.3314722776412964
                ],
                [
                    0.0,
                    0.0,
                    0.0,
                    1.0
                ]
            ]
        },
        {
            "file_path": "/data/shapenet_blender/all_50_random/02958343/528fffd59eee9bc5851f021b9ed69c58/r_5",
            "rotation": 0.12566370614359174,
            "transform_matrix": [
                [
                    -0.4245031774044037,
                    0.11699371784925461,
                    -0.8978360295295715,
                    -3.619292736053467
                ],
                [
                    -0.905426561832428,
                    -0.0548517219722271,
                    0.4209443926811218,
                    1.6968811750411987
                ],
                [
                    -3.725290742551124e-09,
                    0.9916166663169861,
                    0.12921394407749176,
                    0.5208780765533447
                ],
                [
                    0.0,
                    0.0,
                    0.0,
                    1.0
                ]
            ]
        },
        {
            "file_path": "/data/shapenet_blender/all_50_random/02958343/528fffd59eee9bc5851f021b9ed69c58/r_6",
            "rotation": 0.12566370614359174,
            "transform_matrix": [
                [
                    0.3700118362903595,
                    -0.22332768142223358,
                    0.9017848372459412,
                    3.635211229324341
                ],
                [
                    0.9290270805358887,
                    0.08894669264554977,
                    -0.3591618239879608,
                    -1.447827696800232
                ],
                [
                    0.0,
                    0.970676600933075,
                    0.24038878083229065,
                    0.9690382480621338
                ],
                [
                    0.0,
                    0.0,
                    0.0,
                    1.0
                ]
            ]
        },
        {
            "file_path": "/data/shapenet_blender/all_50_random/02958343/528fffd59eee9bc5851f021b9ed69c58/r_7",
            "rotation": 0.12566370614359174,
            "transform_matrix": [
                [
                    0.9205541610717773,
                    -0.2429218888282776,
                    0.3058904707431793,
                    1.233083963394165
                ],
                [
                    0.39061492681503296,
                    0.5724890232086182,
                    -0.7208857536315918,
                    -2.9059834480285645
                ],
                [
                    -1.4901161193847656e-08,
                    0.7830997705459595,
                    0.6218960881233215,
                    2.5069432258605957
                ],
                [
                    0.0,
                    0.0,
                    0.0,
                    1.0
                ]
            ]
        },
        {
            "file_path": "/data/shapenet_blender/all_50_random/02958343/528fffd59eee9bc5851f021b9ed69c58/r_8",
            "rotation": 0.12566370614359174,
            "transform_matrix": [
                [
                    0.30826225876808167,
                    0.30252617597579956,
                    0.901915967464447,
                    3.6357390880584717
                ],
                [
                    0.9513013362884521,
                    -0.0980314090847969,
                    -0.2922593057155609,
                    -1.178134799003601
                ],
                [
                    0.0,
                    0.9480863809585571,
                    -0.3180130124092102,
                    -1.2819513082504272
                ],
                [
                    0.0,
                    0.0,
                    0.0,
                    1.0
                ]
            ]
        },
        {
            "file_path": "/data/shapenet_blender/all_50_random/02958343/528fffd59eee9bc5851f021b9ed69c58/r_9",
            "rotation": 0.12566370614359174,
            "transform_matrix": [
                [
                    -0.6031973958015442,
                    -0.7761873006820679,
                    -0.18353742361068726,
                    -0.7398630976676941
                ],
                [
                    -0.797592043876648,
                    0.5870095491409302,
                    0.13880440592765808,
                    0.5595385432243347
                ],
                [
                    7.450581485102248e-09,
                    0.2301146388053894,
                    -0.9731635451316833,
                    -3.922947883605957
                ],
                [
                    0.0,
                    0.0,
                    0.0,
                    1.0
                ]
            ]
        },
        {
            "file_path": "/data/shapenet_blender/all_50_random/02958343/528fffd59eee9bc5851f021b9ed69c58/r_10",
            "rotation": 0.12566370614359174,
            "transform_matrix": [
                [
                    -0.9652407169342041,
                    0.162791907787323,
                    0.20447325706481934,
                    0.8242580890655518
                ],
                [
                    0.26136285066604614,
                    0.6012078523635864,
                    0.7551414370536804,
                    3.044072389602661
                ],
                [
                    -1.4901162970204496e-08,
                    0.7823349237442017,
                    -0.6228579878807068,
                    -2.5108208656311035
                ],
                [
                    0.0,
                    0.0,
                    0.0,
                    1.0
                ]
            ]
        },
        {
            "file_path": "/data/shapenet_blender/all_50_random/02958343/528fffd59eee9bc5851f021b9ed69c58/r_11",
            "rotation": 0.12566370614359174,
            "transform_matrix": [
                [
                    0.9691172242164612,
                    -0.06597185879945755,
                    -0.23761211335659027,
                    -0.9578450918197632
                ],
                [
                    -0.24660050868988037,
                    -0.2592633068561554,
                    -0.9337937235832214,
                    -3.7642428874969482
                ],
                [
                    7.450580596923828e-09,
                    0.9635508060455322,
                    -0.26752522587776184,
                    -1.0784286260604858
                ],
                [
                    0.0,
                    0.0,
                    0.0,
                    1.0
                ]
            ]
        },
        {
            "file_path": "/data/shapenet_blender/all_50_random/02958343/528fffd59eee9bc5851f021b9ed69c58/r_12",
            "rotation": 0.12566370614359174,
            "transform_matrix": [
                [
                    0.9967396259307861,
                    0.06350909173488617,
                    0.04976574331521988,
                    0.2006121277809143
                ],
                [
                    0.08068478107452393,
                    -0.7845596671104431,
                    -0.6147812604904175,
                    -2.478262424468994
                ],
                [
                    -3.725290298461914e-09,
                    0.6167922019958496,
                    -0.7871259450912476,
                    -3.173006296157837
                ],
                [
                    0.0,
                    0.0,
                    0.0,
                    1.0
                ]
            ]
        },
        {
            "file_path": "/data/shapenet_blender/all_50_random/02958343/528fffd59eee9bc5851f021b9ed69c58/r_13",
            "rotation": 0.12566370614359174,
            "transform_matrix": [
                [
                    0.9094288349151611,
                    -0.3466733694076538,
                    -0.22968855500221252,
                    -0.9259041547775269
                ],
                [
                    -0.4158596992492676,
                    -0.758127748966217,
                    -0.5022977590560913,
                    -2.024827003479004
                ],
                [
                    -1.4901161193847656e-08,
                    0.5523221492767334,
                    -0.8336306810379028,
                    -3.3604726791381836
                ],
                [
                    0.0,
                    0.0,
                    0.0,
                    1.0
                ]
            ]
        },
        {
            "file_path": "/data/shapenet_blender/all_50_random/02958343/528fffd59eee9bc5851f021b9ed69c58/r_14",
            "rotation": 0.12566370614359174,
            "transform_matrix": [
                [
                    0.8404844999313354,
                    -0.23667407035827637,
                    0.487412691116333,
                    1.9648234844207764
                ],
                [
                    0.5418355464935303,
                    0.367124080657959,
                    -0.7560648322105408,
                    -3.047795057296753
                ],
                [
                    0.0,
                    0.8995584845542908,
                    0.43680045008659363,
                    1.7607990503311157
                ],
                [
                    0.0,
                    0.0,
                    0.0,
                    1.0
                ]
            ]
        },
        {
            "file_path": "/data/shapenet_blender/all_50_random/02958343/528fffd59eee9bc5851f021b9ed69c58/r_15",
            "rotation": 0.12566370614359174,
            "transform_matrix": [
                [
                    0.37424716353416443,
                    0.3387792706489563,
                    -0.8632308840751648,
                    -3.479795217514038
                ],
                [
                    -0.9273289442062378,
                    0.13672298192977905,
                    -0.3483787775039673,
                    -1.4043599367141724
                ],
                [
                    -7.4505797087454084e-09,
                    0.9308788776397705,
                    0.36532798409461975,
                    1.472684383392334
                ],
                [
                    0.0,
                    0.0,
                    0.0,
                    1.0
                ]
            ]
        },
        {
            "file_path": "/data/shapenet_blender/all_50_random/02958343/528fffd59eee9bc5851f021b9ed69c58/r_16",
            "rotation": 0.12566370614359174,
            "transform_matrix": [
                [
                    -0.9691440463066101,
                    -0.16704846918582916,
                    0.18125872313976288,
                    0.7306773066520691
                ],
                [
                    0.24649527668952942,
                    -0.6567835211753845,
                    0.7126538753509521,
                    2.8727996349334717
                ],
                [
                    7.450580596923828e-09,
                    0.7353436350822449,
                    0.6776944398880005,
                    2.7318737506866455
                ],
                [
                    0.0,
                    0.0,
                    0.0,
                    1.0
                ]
            ]
        },
        {
            "file_path": "/data/shapenet_blender/all_50_random/02958343/528fffd59eee9bc5851f021b9ed69c58/r_17",
            "rotation": 0.12566370614359174,
            "transform_matrix": [
                [
                    0.3168816864490509,
                    0.37078627943992615,
                    -0.8729853630065918,
                    -3.5191166400909424
                ],
                [
                    -0.9484650492668152,
                    0.12387951463460922,
                    -0.2916639745235443,
                    -1.1757351160049438
                ],
                [
                    0.0,
                    0.9204190373420715,
                    0.39093300700187683,
                    1.5759013891220093
                ],
                [
                    0.0,
                    0.0,
                    0.0,
                    1.0
                ]
            ]
        },
        {
            "file_path": "/data/shapenet_blender/all_50_random/02958343/528fffd59eee9bc5851f021b9ed69c58/r_18",
            "rotation": 0.12566370614359174,
            "transform_matrix": [
                [
                    -0.07594712823629379,
                    -0.4643727242946625,
                    0.8823773860931396,
                    3.5569772720336914
                ],
                [
                    0.9971119165420532,
                    -0.03536992147564888,
                    0.06720812618732452,
                    0.2709246575832367
                ],
                [
                    -1.862645371275562e-09,
                    0.8849332332611084,
                    0.46571773290634155,
                    1.8773683309555054
                ],
                [
                    0.0,
                    0.0,
                    0.0,
                    1.0
                ]
            ]
        },
        {
            "file_path": "/data/shapenet_blender/all_50_random/02958343/528fffd59eee9bc5851f021b9ed69c58/r_19",
            "rotation": 0.12566370614359174,
            "transform_matrix": [
                [
                    -0.21106144785881042,
                    0.14684277772903442,
                    -0.9663799405097961,
                    -3.895602226257324
                ],
                [
                    -0.9774727821350098,
                    -0.03170712664723396,
                    0.20866622030735016,
                    0.8411604166030884
                ],
                [
                    -3.725290298461914e-09,
                    0.9886515140533447,
                    0.15022698044776917,
                    0.6055843234062195
                ],
                [
                    0.0,
                    0.0,
                    0.0,
                    1.0
                ]
            ]
        },
        {
            "file_path": "/data/shapenet_blender/all_50_random/02958343/528fffd59eee9bc5851f021b9ed69c58/r_20",
            "rotation": 0.12566370614359174,
            "transform_matrix": [
                [
                    0.019688069820404053,
                    0.7612410187721252,
                    0.648169994354248,
                    2.6128571033477783
                ],
                [
                    0.9998061656951904,
                    -0.014990272000432014,
                    -0.012763690203428268,
                    -0.05145208537578583
                ],
                [
                    0.0,
                    0.6482956409454346,
                    -0.7613885998725891,
                    -3.069255828857422
                ],
                [
                    0.0,
                    0.0,
                    0.0,
                    1.0
                ]
            ]
        },
        {
            "file_path": "/data/shapenet_blender/all_50_random/02958343/528fffd59eee9bc5851f021b9ed69c58/r_21",
            "rotation": 0.12566370614359174,
            "transform_matrix": [
                [
                    0.49234840273857117,
                    -0.8095676302909851,
                    -0.3196767270565033,
                    -1.2886581420898438
                ],
                [
                    -0.870398223400116,
                    -0.4579390585422516,
                    -0.18082796037197113,
                    -0.7289408445358276
                ],
                [
                    1.4901161193847656e-08,
                    0.36727645993232727,
                    -0.930111825466156,
                    -3.7494006156921387
                ],
                [
                    0.0,
                    0.0,
                    0.0,
                    1.0
                ]
            ]
        },
        {
            "file_path": "/data/shapenet_blender/all_50_random/02958343/528fffd59eee9bc5851f021b9ed69c58/r_22",
            "rotation": 0.12566370614359174,
            "transform_matrix": [
                [
                    0.4390856623649597,
                    -0.3510948717594147,
                    0.8270043730735779,
                    3.333761215209961
                ],
                [
                    0.8984452486038208,
                    0.17158609628677368,
                    -0.40417125821113586,
                    -1.6292665004730225
                ],
                [
                    1.4901161193847656e-08,
                    0.9204839468002319,
                    0.3907804787158966,
                    1.5752865076065063
                ],
                [
                    0.0,
                    0.0,
                    0.0,
                    1.0
                ]
            ]
        },
        {
            "file_path": "/data/shapenet_blender/all_50_random/02958343/528fffd59eee9bc5851f021b9ed69c58/r_23",
            "rotation": 0.12566370614359174,
            "transform_matrix": [
                [
                    -0.2863231897354126,
                    0.16469667851924896,
                    -0.943871796131134,
                    -3.8048689365386963
                ],
                [
                    -0.9581331014633179,
                    -0.049217041581869125,
                    0.2820614278316498,
                    1.1370259523391724
                ],
                [
                    0.0,
                    0.985115647315979,
                    0.17189328372478485,
                    0.6929239630699158
                ],
                [
                    0.0,
                    0.0,
                    0.0,
                    1.0
                ]
            ]
        },
        {
            "file_path": "/data/shapenet_blender/all_50_random/02958343/528fffd59eee9bc5851f021b9ed69c58/r_24",
            "rotation": 0.12566370614359174,
            "transform_matrix": [
                [
                    0.07112275063991547,
                    0.011594007723033428,
                    0.9974000453948975,
                    4.02064847946167
                ],
                [
                    0.997467577457428,
                    -0.0008266913355328143,
                    -0.07111793756484985,
                    -0.28668561577796936
                ],
                [
                    0.0,
                    0.9999324083328247,
                    -0.01162344217300415,
                    -0.04685559868812561
                ],
                [
                    0.0,
                    0.0,
                    0.0,
                    1.0
                ]
            ]
        },
        {
            "file_path": "/data/shapenet_blender/all_50_random/02958343/528fffd59eee9bc5851f021b9ed69c58/r_25",
            "rotation": 0.12566370614359174,
            "transform_matrix": [
                [
                    0.5412278771400452,
                    0.5155722498893738,
                    -0.6642723083496094,
                    -2.677767276763916
                ],
                [
                    -0.8408759832382202,
                    0.3318468928337097,
                    -0.4275573194026947,
                    -1.7235386371612549
                ],
                [
                    1.4901161193847656e-08,
                    0.7899765372276306,
                    0.6131370663642883,
                    2.47163462638855
                ],
                [
                    0.0,
                    0.0,
                    0.0,
                    1.0
                ]
            ]
        },
        {
            "file_path": "/data/shapenet_blender/all_50_random/02958343/528fffd59eee9bc5851f021b9ed69c58/r_26",
            "rotation": 0.12566370614359174,
            "transform_matrix": [
                [
                    -0.953215479850769,
                    -0.098407082259655,
                    -0.28582578897476196,
                    -1.152200698852539
                ],
                [
                    -0.3022918403148651,
                    0.310306578874588,
                    0.901293158531189,
                    3.6332292556762695
                ],
                [
                    0.0,
                    0.9455294609069824,
                    -0.3255366086959839,
                    -1.3122801780700684
                ],
                [
                    0.0,
                    0.0,
                    0.0,
                    1.0
                ]
            ]
        },
        {
            "file_path": "/data/shapenet_blender/all_50_random/02958343/528fffd59eee9bc5851f021b9ed69c58/r_27",
            "rotation": 0.12566370614359174,
            "transform_matrix": [
                [
                    0.8284933567047119,
                    0.5415745377540588,
                    0.1424635648727417,
                    0.574289083480835
                ],
                [
                    0.5599989891052246,
                    -0.8012351393699646,
                    -0.2107684314250946,
                    -0.8496347665786743
                ],
                [
                    7.450581485102248e-09,
                    0.2543996572494507,
                    -0.9670990705490112,
                    -3.898501396179199
                ],
                [
                    0.0,
                    0.0,
                    0.0,
                    1.0
                ]
            ]
        },
        {
            "file_path": "/data/shapenet_blender/all_50_random/02958343/528fffd59eee9bc5851f021b9ed69c58/r_28",
            "rotation": 0.12566370614359174,
            "transform_matrix": [
                [
                    0.5687307715415955,
                    -0.17736446857452393,
                    -0.8031731843948364,
                    -3.23769474029541
                ],
                [
                    -0.822523832321167,
                    -0.12263794243335724,
                    -0.5553508400917053,
                    -2.2386908531188965
                ],
                [
                    0.0,
                    0.9764741659164429,
                    -0.21563443541526794,
                    -0.8692502379417419
                ],
                [
                    0.0,
                    0.0,
                    0.0,
                    1.0
                ]
            ]
        },
        {
            "file_path": "/data/shapenet_blender/all_50_random/02958343/528fffd59eee9bc5851f021b9ed69c58/r_29",
            "rotation": 0.12566370614359174,
            "transform_matrix": [
                [
                    -0.022654330357909203,
                    0.040921714156866074,
                    -0.998905599117279,
                    -4.026716709136963
                ],
                [
                    -0.9997434020042419,
                    -0.0009272919851355255,
                    0.02263534441590309,
                    0.09124597907066345
                ],
                [
                    0.0,
                    0.9991618394851685,
                    0.04093223065137863,
                    0.16500307619571686
                ],
                [
                    0.0,
                    0.0,
                    0.0,
                    1.0
                ]
            ]
        },
        {
            "file_path": "/data/shapenet_blender/all_50_random/02958343/528fffd59eee9bc5851f021b9ed69c58/r_30",
            "rotation": 0.12566370614359174,
            "transform_matrix": [
                [
                    -0.9959301948547363,
                    -0.035843588411808014,
                    0.08269450813531876,
                    0.333352267742157
                ],
                [
                    0.09012849628925323,
                    -0.3960757255554199,
                    0.9137837886810303,
                    3.6835803985595703
                ],
                [
                    -3.725290298461914e-09,
                    0.9175180196762085,
                    0.3976942300796509,
                    1.6031568050384521
                ],
                [
                    0.0,
                    0.0,
                    0.0,
                    1.0
                ]
            ]
        },
        {
            "file_path": "/data/shapenet_blender/all_50_random/02958343/528fffd59eee9bc5851f021b9ed69c58/r_31",
            "rotation": 0.12566370614359174,
            "transform_matrix": [
                [
                    0.9970716238021851,
                    0.020934894680976868,
                    -0.07355199009180069,
                    -0.29649755358695984
                ],
                [
                    -0.07647329568862915,
                    0.2729526460170746,
                    -0.9589831233024597,
                    -3.8657846450805664
                ],
                [
                    -1.862645149230957e-09,
                    0.961799681186676,
                    0.2737542986869812,
                    1.1035388708114624
                ],
                [
                    0.0,
                    0.0,
                    0.0,
                    1.0
                ]
            ]
        },
        {
            "file_path": "/data/shapenet_blender/all_50_random/02958343/528fffd59eee9bc5851f021b9ed69c58/r_32",
            "rotation": 0.12566370614359174,
            "transform_matrix": [
                [
                    -0.9895179271697998,
                    0.06949768960475922,
                    -0.12658746540546417,
                    -0.5102903842926025
                ],
                [
                    -0.14441023766994476,
                    -0.47620728611946106,
                    0.8673939108848572,
                    3.4965767860412598
                ],
                [
                    0.0,
                    0.8765823245048523,
                    0.4812518358230591,
                    1.9399882555007935
                ],
                [
                    0.0,
                    0.0,
                    0.0,
                    1.0
                ]
            ]
        },
        {
            "file_path": "/data/shapenet_blender/all_50_random/02958343/528fffd59eee9bc5851f021b9ed69c58/r_33",
            "rotation": 0.12566370614359174,
            "transform_matrix": [
                [
                    0.9165610671043396,
                    0.008581744506955147,
                    0.399802565574646,
                    1.6116557121276855
                ],
                [
                    0.39989468455314636,
                    -0.019669411703944206,
                    -0.9163499474525452,
                    -3.693924903869629
                ],
                [
                    0.0,
                    0.9997696876525879,
                    -0.02146000973880291,
                    -0.08650806546211243
                ],
                [
                    0.0,
                    0.0,
                    0.0,
                    1.0
                ]
            ]
        },
        {
            "file_path": "/data/shapenet_blender/all_50_random/02958343/528fffd59eee9bc5851f021b9ed69c58/r_34",
            "rotation": 0.12566370614359174,
            "transform_matrix": [
                [
                    0.8873419761657715,
                    -0.05324355140328407,
                    0.45802775025367737,
                    1.846368670463562
                ],
                [
                    0.46111202239990234,
                    0.10245935618877411,
                    -0.8814067840576172,
                    -3.5530638694763184
                ],
                [
                    -3.725290298461914e-09,
                    0.9933111667633057,
                    0.11546775698661804,
                    0.46546536684036255
                ],
                [
                    0.0,
                    0.0,
                    0.0,
                    1.0
                ]
            ]
        },
        {
            "file_path": "/data/shapenet_blender/all_50_random/02958343/528fffd59eee9bc5851f021b9ed69c58/r_35",
            "rotation": 0.12566370614359174,
            "transform_matrix": [
                [
                    -0.17527401447296143,
                    -0.08326321095228195,
                    0.9809924960136414,
                    3.954507350921631
                ],
                [
                    0.9845197200775146,
                    -0.014823345467448235,
                    0.1746460497379303,
                    0.7040207386016846
                ],
                [
                    0.0,
                    0.9964174032211304,
                    0.08457241207361221,
                    0.3409222960472107
                ],
                [
                    0.0,
                    0.0,
                    0.0,
                    1.0
                ]
            ]
        },
        {
            "file_path": "/data/shapenet_blender/all_50_random/02958343/528fffd59eee9bc5851f021b9ed69c58/r_36",
            "rotation": 0.12566370614359174,
            "transform_matrix": [
                [
                    0.5975825786590576,
                    0.09407974034547806,
                    0.7962688207626343,
                    3.209862470626831
                ],
                [
                    0.8018074631690979,
                    -0.07011709362268448,
                    -0.5934545993804932,
                    -2.3922922611236572
                ],
                [
                    -3.725290742551124e-09,
                    0.99309241771698,
                    -0.11733456701040268,
                    -0.47299081087112427
                ],
                [
                    0.0,
                    0.0,
                    0.0,
                    1.0
                ]
            ]
        },
        {
            "file_path": "/data/shapenet_blender/all_50_random/02958343/528fffd59eee9bc5851f021b9ed69c58/r_37",
            "rotation": 0.12566370614359174,
            "transform_matrix": [
                [
                    0.38924193382263184,
                    -0.577908992767334,
                    0.7172948122024536,
                    2.891507863998413
                ],
                [
                    0.9211355447769165,
                    0.2442055642604828,
                    -0.3031054437160492,
                    -1.2218570709228516
                ],
                [
                    -1.4901161193847656e-08,
                    0.7787070870399475,
                    0.6273876428604126,
                    2.529080390930176
                ],
                [
                    0.0,
                    0.0,
                    0.0,
                    1.0
                ]
            ]
        },
        {
            "file_path": "/data/shapenet_blender/all_50_random/02958343/528fffd59eee9bc5851f021b9ed69c58/r_38",
            "rotation": 0.12566370614359174,
            "transform_matrix": [
                [
                    0.12072727829217911,
                    0.9495269060134888,
                    0.28952309489250183,
                    1.167104959487915
                ],
                [
                    0.9926857948303223,
                    -0.11547843366861343,
                    -0.035210877656936646,
                    -0.14193958044052124
                ],
                [
                    -3.725290742551124e-09,
                    0.2916562259197235,
                    -0.9565231204032898,
                    -3.855868101119995
                ],
                [
                    0.0,
                    0.0,
                    0.0,
                    1.0
                ]
            ]
        },
        {
            "file_path": "/data/shapenet_blender/all_50_random/02958343/528fffd59eee9bc5851f021b9ed69c58/r_39",
            "rotation": 0.12566370614359174,
            "transform_matrix": [
                [
                    -0.5756152272224426,
                    0.6246893405914307,
                    0.5276648998260498,
                    2.1270854473114014
                ],
                [
                    0.8177206516265869,
                    0.43973538279533386,
                    0.37143734097480774,
                    1.4973119497299194
                ],
                [
                    1.4901161193847656e-08,
                    0.6452875137329102,
                    -0.7639396786689758,
                    -3.0795395374298096
                ],
                [
                    0.0,
                    0.0,
                    0.0,
                    1.0
                ]
            ]
        },
        {
            "file_path": "/data/shapenet_blender/all_50_random/02958343/528fffd59eee9bc5851f021b9ed69c58/r_40",
            "rotation": 0.12566370614359174,
            "transform_matrix": [
                [
                    -0.9129766821861267,
                    0.05017423629760742,
                    0.4049149751663208,
                    1.6322646141052246
                ],
                [
                    0.408011794090271,
                    0.11227104067802429,
                    0.9060471653938293,
                    3.652393102645874
                ],
                [
                    0.0,
                    0.9924099445343018,
                    -0.1229725331068039,
                    -0.49571818113327026
                ],
                [
                    0.0,
                    0.0,
                    0.0,
                    1.0
                ]
            ]
        },
        {
            "file_path": "/data/shapenet_blender/all_50_random/02958343/528fffd59eee9bc5851f021b9ed69c58/r_41",
            "rotation": 0.12566370614359174,
            "transform_matrix": [
                [
                    -0.3860853910446167,
                    -0.3519676923751831,
                    -0.8526762127876282,
                    -3.4372477531433105
                ],
                [
                    -0.922463059425354,
                    0.14731168746948242,
                    0.3568769693374634,
