{
    "class": "02958343",
    "model": "2fe7e3fc47dad6c7afe1d4530f4c6e24",
    "remove_doubles": true,
    "edge_split": true,
    "denoise": true,
    "camera_angle_x": 0.6911112070083618,
    "scale_factor": 2.259271688163384,
    "hdri_file": "/data/IndoorHDRDataset2018/AG8A6700-ae22d9d67d.exr",
    "center_offset": [
        0.0,
        -1.862645149230957e-09,
        -3.725290298461914e-09
    ],
    "lights": [],
    "frames": [
        {
            "file_path": "/data/shapenet_blender/all_50_random/02958343/2fe7e3fc47dad6c7afe1d4530f4c6e24/r_0",
            "rotation": 0.12566370614359174,
            "transform_matrix": [
                [
                    -0.5185002088546753,
                    0.5330759286880493,
                    0.6685712337493896,
                    2.6950972080230713
                ],
                [
                    0.8550775647163391,
                    0.3232455253601074,
                    0.4054069221019745,
                    1.6342476606369019
                ],
                [
                    1.4901161193847656e-08,
                    0.7818838357925415,
                    -0.6234240531921387,
                    -2.5131030082702637
                ],
                [
                    0.0,
                    0.0,
                    0.0,
                    1.0
                ]
            ]
        },
        {
            "file_path": "/data/shapenet_blender/all_50_random/02958343/2fe7e3fc47dad6c7afe1d4530f4c6e24/r_1",
            "rotation": 0.12566370614359174,
            "transform_matrix": [
                [
                    0.5692171454429626,
                    -0.1576663851737976,
                    0.8069282174110413,
                    3.2528316974639893
                ],
                [
                    0.8221873044967651,
                    0.10915567725896835,
                    -0.558652937412262,
                    -2.252002000808716
                ],
                [
                    0.0,
                    0.9814407825469971,
                    0.19176457822322845,
                    0.7730277180671692
                ],
                [
                    0.0,
                    0.0,
                    0.0,
                    1.0
                ]
            ]
        },
        {
            "file_path": "/data/shapenet_blender/all_50_random/02958343/2fe7e3fc47dad6c7afe1d4530f4c6e24/r_2",
            "rotation": 0.12566370614359174,
            "transform_matrix": [
                [
                    -0.8957803249359131,
                    -0.020464321598410606,
                    -0.44402575492858887,
                    -1.789925217628479
                ],
                [
                    -0.44449716806411743,
                    0.04124106839299202,
                    0.8948303461074829,
                    3.6071767807006836
                ],
                [
                    1.862645371275562e-09,
                    0.9989395141601562,
                    -0.046039268374443054,
                    -0.1855902373790741
                ],
                [
                    0.0,
                    0.0,
                    0.0,
                    1.0
                ]
            ]
        },
        {
            "file_path": "/data/shapenet_blender/all_50_random/02958343/2fe7e3fc47dad6c7afe1d4530f4c6e24/r_3",
            "rotation": 0.12566370614359174,
            "transform_matrix": [
                [
                    0.6565977931022644,
                    -0.4093571603298187,
                    0.6334872245788574,
                    2.553668737411499
                ],
                [
                    0.7542408108711243,
                    0.35636231303215027,
                    -0.551476776599884,
                    -2.223073959350586
                ],
                [
                    0.0,
                    0.8399004340171814,
                    0.542740523815155,
                    2.187856912612915
                ],
                [
                    0.0,
                    0.0,
                    0.0,
                    1.0
                ]
            ]
        },
        {
            "file_path": "/data/shapenet_blender/all_50_random/02958343/2fe7e3fc47dad6c7afe1d4530f4c6e24/r_4",
            "rotation": 0.12566370614359174,
            "transform_matrix": [
                [
                    0.9616133570671082,
                    0.18877944350242615,
                    0.19915364682674408,
                    0.8028140068054199
                ],
                [
                    0.27440816164016724,
                    -0.661543071269989,
                    -0.6978975534439087,
                    -2.813314914703369
                ],
                [
                    1.4901161193847656e-08,
                    0.7257569432258606,
                    -0.6879512071609497,
                    -2.7732200622558594
                ],
                [
                    0.0,
                    0.0,
                    0.0,
                    1.0
                ]
            ]
        },
        {
            "file_path": "/data/shapenet_blender/all_50_random/02958343/2fe7e3fc47dad6c7afe1d4530f4c6e24/r_5",
            "rotation": 0.12566370614359174,
            "transform_matrix": [
                [
                    0.26207485795021057,
                    -0.22015951573848724,
                    -0.9395990967750549,
                    -3.7876453399658203
                ],
                [
                    -0.9650475382804871,
                    -0.059788014739751816,
                    -0.25516390800476074,
                    -1.0285987854003906
                ],
                [
                    3.725290076417309e-09,
                    0.9736299514770508,
                    -0.22813333570957184,
                    -0.9196349382400513
                ],
                [
                    0.0,
                    0.0,
                    0.0,
                    1.0
                ]
            ]
        },
        {
            "file_path": "/data/shapenet_blender/all_50_random/02958343/2fe7e3fc47dad6c7afe1d4530f4c6e24/r_6",
            "rotation": 0.12566370614359174,
            "transform_matrix": [
                [
                    -0.9384925961494446,
                    0.05051576718688011,
                    0.3415842056274414,
                    1.376969814300537
                ],
                [
                    0.34529927372932434,
                    0.13729733228683472,
                    0.9283953905105591,
                    3.742480993270874
                ],
                [
                    7.4505792646561986e-09,
                    0.9892410039901733,
                    -0.14629559218883514,
                    -0.5897363424301147
                ],
                [
                    0.0,
                    0.0,
                    0.0,
                    1.0
                ]
            ]
        },
        {
            "file_path": "/data/shapenet_blender/all_50_random/02958343/2fe7e3fc47dad6c7afe1d4530f4c6e24/r_7",
            "rotation": 0.12566370614359174,
            "transform_matrix": [
                [
                    -0.2065630555152893,
                    0.3400946259498596,
                    0.9174242615699768,
                    3.698255777359009
                ],
                [
                    0.9784333109855652,
                    0.07179945707321167,
                    0.19368304312229156,
                    0.7807613611221313
                ],
                [
                    0.0,
                    0.9376462697982788,
                    -0.34759098291397095,
                    -1.4011842012405396
                ],
                [
                    0.0,
                    0.0,
                    0.0,
                    1.0
                ]
            ]
        },
        {
            "file_path": "/data/shapenet_blender/all_50_random/02958343/2fe7e3fc47dad6c7afe1d4530f4c6e24/r_8",
            "rotation": 0.12566370614359174,
            "transform_matrix": [
                [
                    -0.9587722420692444,
                    0.21537819504737854,
                    0.1853862851858139,
                    0.7473160028457642
                ],
                [
                    0.28417572379112244,
                    0.7266582250595093,
                    0.6254693865776062,
                    2.521347761154175
                ],
                [
                    0.0,
                    0.6523649096488953,
                    -0.7579050064086914,
                    -3.0552127361297607
                ],
                [
                    0.0,
                    0.0,
                    0.0,
                    1.0
                ]
            ]
        },
        {
            "file_path": "/data/shapenet_blender/all_50_random/02958343/2fe7e3fc47dad6c7afe1d4530f4c6e24/r_9",
            "rotation": 0.12566370614359174,
            "transform_matrix": [
                [
                    -0.3629453182220459,
                    0.09652385860681534,
                    0.92679762840271,
                    3.7360405921936035
                ],
                [
                    0.9318104386329651,
                    0.037596579641103745,
                    0.36099281907081604,
                    1.4552085399627686
                ],
                [
                    -3.725290076417309e-09,
                    0.9946202635765076,
                    -0.10358744859695435,
                    -0.41757434606552124
                ],
                [
                    0.0,
                    0.0,
                    0.0,
                    1.0
                ]
            ]
        },
        {
            "file_path": "/data/shapenet_blender/all_50_random/02958343/2fe7e3fc47dad6c7afe1d4530f4c6e24/r_10",
            "rotation": 0.12566370614359174,
            "transform_matrix": [
                [
                    -0.7816872000694275,
                    -0.5586571097373962,
                    0.27724960446357727,
                    1.117629051208496
                ],
                [
                    0.623670756816864,
                    -0.7002013325691223,
                    0.3474949896335602,
                    1.4007972478866577
                ],
                [
                    0.0,
                    0.44454485177993774,
                    0.8957564830780029,
                    3.610910177230835
                ],
                [
                    0.0,
                    0.0,
                    0.0,
                    1.0
                ]
            ]
        },
        {
            "file_path": "/data/shapenet_blender/all_50_random/02958343/2fe7e3fc47dad6c7afe1d4530f4c6e24/r_11",
            "rotation": 0.12566370614359174,
            "transform_matrix": [
                [
                    -0.48133155703544617,
                    -0.8267571926116943,
                    -0.2911913990974426,
                    -1.1738301515579224
                ],
                [
                    -0.8765386343002319,
                    0.4539951682090759,
                    0.1599012315273285,
                    0.6445825695991516
                ],
                [
                    -1.4901161193847656e-08,
                    0.33220604062080383,
                    -0.943206787109375,
                    -3.8021883964538574
                ],
                [
                    0.0,
                    0.0,
                    0.0,
                    1.0
                ]
            ]
        },
        {
            "file_path": "/data/shapenet_blender/all_50_random/02958343/2fe7e3fc47dad6c7afe1d4530f4c6e24/r_12",
            "rotation": 0.12566370614359174,
            "transform_matrix": [
                [
                    0.9570639729499817,
                    0.18911924958229065,
                    0.21968761086463928,
                    0.885589063167572
                ],
                [
                    0.28987714648246765,
                    -0.6243997812271118,
                    -0.7253248691558838,
                    -2.9238779544830322
                ],
                [
                    0.0,
                    0.7578646540641785,
                    -0.6524118185043335,
                    -2.6299562454223633
                ],
                [
                    0.0,
                    0.0,
                    0.0,
                    1.0
                ]
            ]
        },
        {
            "file_path": "/data/shapenet_blender/all_50_random/02958343/2fe7e3fc47dad6c7afe1d4530f4c6e24/r_13",
            "rotation": 0.12566370614359174,
            "transform_matrix": [
                [
                    -0.3206307291984558,
                    -0.26634377241134644,
                    0.9089867472648621,
                    3.664242744445801
                ],
                [
                    0.9472042918205261,
                    -0.09015795588493347,
                    0.3076940178871155,
                    1.240354299545288
                ],
                [
                    0.0,
                    0.9596521854400635,
                    0.2811894118785858,
                    1.1335108280181885
                ],
                [
                    0.0,
                    0.0,
                    0.0,
                    1.0
                ]
            ]
        },
        {
            "file_path": "/data/shapenet_blender/all_50_random/02958343/2fe7e3fc47dad6c7afe1d4530f4c6e24/r_14",
            "rotation": 0.12566370614359174,
            "transform_matrix": [
                [
                    -0.5469360947608948,
                    -0.35713112354278564,
                    -0.7571778893470764,
                    -3.052281618118286
                ],
                [
                    -0.8371744751930237,
                    0.2333180159330368,
                    0.49467334151268005,
                    1.9940919876098633
                ],
                [
                    0.0,
                    0.9044445753097534,
                    -0.42659106850624084,
                    -1.7196435928344727
                ],
                [
                    0.0,
                    0.0,
                    0.0,
                    1.0
                ]
            ]
        },
        {
            "file_path": "/data/shapenet_blender/all_50_random/02958343/2fe7e3fc47dad6c7afe1d4530f4c6e24/r_15",
            "rotation": 0.12566370614359174,
            "transform_matrix": [
                [
                    -0.08828524500131607,
                    -0.170558363199234,
                    -0.9813844561576843,
                    -3.956087350845337
                ],
                [
                    -0.9960952401161194,
                    0.015116812661290169,
                    0.0869814082980156,
                    0.35063326358795166
                ],
                [
                    -1.862645149230957e-09,
                    0.9852316975593567,
                    -0.17122693359851837,
                    -0.690237820148468
                ],
                [
                    0.0,
                    0.0,
                    0.0,
                    1.0
                ]
            ]
        },
        {
            "file_path": "/data/shapenet_blender/all_50_random/02958343/2fe7e3fc47dad6c7afe1d4530f4c6e24/r_16",
            "rotation": 0.12566370614359174,
            "transform_matrix": [
                [
                    -0.894750714302063,
                    0.03902911767363548,
                    0.444857120513916,
                    1.7932764291763306
                ],
                [
                    0.4465658962726593,
                    0.07819972932338715,
                    0.8913269639015198,
                    3.5930538177490234
                ],
                [
                    -3.7252898543727042e-09,
                    0.9961735010147095,
                    -0.08739834278821945,
                    -0.3523139953613281
                ],
                [
                    0.0,
                    0.0,
                    0.0,
                    1.0
                ]
            ]
        },
        {
            "file_path": "/data/shapenet_blender/all_50_random/02958343/2fe7e3fc47dad6c7afe1d4530f4c6e24/r_17",
            "rotation": 0.12566370614359174,
            "transform_matrix": [
                [
                    -0.5484402179718018,
                    -0.12456192076206207,
                    0.8268601298332214,
                    3.333179473876953
                ],
                [
                    0.8361897468566895,
                    -0.08169769495725632,
                    0.5423211455345154,
                    2.186166286468506
                ],
                [
                    0.0,
                    0.9888426661491394,
                    0.14896370470523834,
                    0.6004918217658997
                ],
                [
                    0.0,
                    0.0,
                    0.0,
                    1.0
                ]
            ]
        },
        {
            "file_path": "/data/shapenet_blender/all_50_random/02958343/2fe7e3fc47dad6c7afe1d4530f4c6e24/r_18",
            "rotation": 0.12566370614359174,
            "transform_matrix": [
                [
                    0.6271041631698608,
                    0.101943239569664,
                    0.7722356915473938,
                    3.1129815578460693
                ],
                [
                    0.778935432434082,
                    -0.08207231760025024,
                    -0.6217103600502014,
                    -2.506194591522217
                ],
                [
                    7.450580596923828e-09,
                    0.991398811340332,
                    -0.1308751106262207,
                    -0.5275744199752808
                ],
                [
                    0.0,
                    0.0,
                    0.0,
                    1.0
                ]
            ]
        },
        {
            "file_path": "/data/shapenet_blender/all_50_random/02958343/2fe7e3fc47dad6c7afe1d4530f4c6e24/r_19",
            "rotation": 0.12566370614359174,
            "transform_matrix": [
                [
                    -0.6420778036117554,
                    -0.3351079225540161,
                    -0.6895206570625305,
                    -2.7795467376708984
                ],
                [
                    -0.7666394710540771,
                    0.2806604206562042,
                    0.5774890780448914,
                    2.327932834625244
                ],
                [
                    -1.4901161193847656e-08,
                    0.8994067311286926,
                    -0.43711280822753906,
                    -1.762058138847351
                ],
                [
                    0.0,
                    0.0,
                    0.0,
                    1.0
                ]
            ]
        },
        {
            "file_path": "/data/shapenet_blender/all_50_random/02958343/2fe7e3fc47dad6c7afe1d4530f4c6e24/r_20",
            "rotation": 0.12566370614359174,
            "transform_matrix": [
                [
                    -0.707882821559906,
                    -0.6863253116607666,
                    -0.16691195964813232,
                    -0.6728436946868896
                ],
                [
                    -0.7063299417495728,
                    0.6878342032432556,
                    0.16727891564369202,
                    0.6743229627609253
                ],
                [
                    0.0,
                    0.23630863428115845,
                    -0.9716779589653015,
                    -3.916959285736084
                ],
                [
                    0.0,
                    0.0,
                    0.0,
                    1.0
                ]
            ]
        },
        {
            "file_path": "/data/shapenet_blender/all_50_random/02958343/2fe7e3fc47dad6c7afe1d4530f4c6e24/r_21",
            "rotation": 0.12566370614359174,
            "transform_matrix": [
                [
                    -0.910710334777832,
                    0.14915786683559418,
                    0.3851734697818756,
                    1.5526840686798096
                ],
                [
                    0.41304564476013184,
                    0.3288731276988983,
                    0.8492559790611267,
                    3.4234604835510254
                ],
                [
                    1.4901161193847656e-08,
                    0.9325204491615295,
                    -0.3611171543598175,
                    -1.4557099342346191
                ],
                [
                    0.0,
                    0.0,
                    0.0,
                    1.0
                ]
            ]
        },
        {
            "file_path": "/data/shapenet_blender/all_50_random/02958343/2fe7e3fc47dad6c7afe1d4530f4c6e24/r_22",
            "rotation": 0.12566370614359174,
            "transform_matrix": [
                [
                    0.9805946946144104,
                    0.050128284841775894,
                    0.18952889740467072,
                    0.7640153169631958
                ],
                [
                    0.19604603946208954,
                    -0.2507346272468567,
                    -0.9479969143867493,
                    -3.8214974403381348
                ],
                [
                    -3.725290298461914e-09,
                    0.96675705909729,
                    -0.25569653511047363,
                    -1.0307456254959106
                ],
                [
                    0.0,
                    0.0,
                    0.0,
                    1.0
                ]
            ]
        },
        {
            "file_path": "/data/shapenet_blender/all_50_random/02958343/2fe7e3fc47dad6c7afe1d4530f4c6e24/r_23",
            "rotation": 0.12566370614359174,
            "transform_matrix": [
                [
                    0.890001654624939,
                    0.14523744583129883,
                    0.43220725655555725,
                    1.7422833442687988
                ],
                [
                    0.4559573233127594,
                    -0.28349488973617554,
                    -0.8436429500579834,
                    -3.40083384513855
                ],
                [
                    0.0,
                    0.9479116797447205,
                    -0.3185329735279083,
                    -1.2840476036071777
                ],
                [
                    0.0,
                    0.0,
                    0.0,
                    1.0
                ]
            ]
        },
        {
            "file_path": "/data/shapenet_blender/all_50_random/02958343/2fe7e3fc47dad6c7afe1d4530f4c6e24/r_24",
            "rotation": 0.12566370614359174,
            "transform_matrix": [
                [
                    -0.9129639267921448,
                    -0.32949522137641907,
                    -0.24068588018417358,
                    -0.9702358245849609
                ],
                [
                    -0.40804019570350647,
                    0.7372245788574219,
                    0.5385193824768066,
                    2.1708409786224365
                ],
                [
                    -2.9802322387695312e-08,
                    0.5898582935333252,
                    -0.8075067400932312,
                    -3.2551639080047607
                ],
                [
                    0.0,
                    0.0,
                    0.0,
                    1.0
                ]
            ]
        },
        {
            "file_path": "/data/shapenet_blender/all_50_random/02958343/2fe7e3fc47dad6c7afe1d4530f4c6e24/r_25",
            "rotation": 0.12566370614359174,
            "transform_matrix": [
                [
                    -0.3061116635799408,
                    -0.9198127388954163,
                    -0.24543873965740204,
                    -0.9893952012062073
                ],
                [
                    -0.9519956111907959,
                    0.2957633435726166,
                    0.07892017811536789,
                    0.31813740730285645
                ],
                [
                    0.0,
                    0.25781485438346863,
                    -0.9661943316459656,
                    -3.8948538303375244
                ],
                [
                    0.0,
                    0.0,
                    0.0,
                    1.0
                ]
            ]
        },
        {
            "file_path": "/data/shapenet_blender/all_50_random/02958343/2fe7e3fc47dad6c7afe1d4530f4c6e24/r_26",
            "rotation": 0.12566370614359174,
            "transform_matrix": [
                [
                    0.6265679597854614,
                    0.31271472573280334,
                    0.7138780355453491,
                    2.877734661102295
                ],
                [
                    0.779366672039032,
                    -0.2514054775238037,
                    -0.5739187598228455,
                    -2.3135406970977783
                ],
                [
                    0.0,
                    0.9159719347953796,
                    -0.40124204754829407,
                    -1.6174585819244385
                ],
                [
                    0.0,
                    0.0,
                    0.0,
                    1.0
                ]
            ]
        },
        {
            "file_path": "/data/shapenet_blender/all_50_random/02958343/2fe7e3fc47dad6c7afe1d4530f4c6e24/r_27",
            "rotation": 0.12566370614359174,
            "transform_matrix": [
                [
                    0.6978311538696289,
                    -0.030569864436984062,
                    -0.7156096696853638,
                    -2.8847148418426514
                ],
                [
                    -0.7162622809410095,
                    -0.029783228412270546,
                    -0.697195291519165,
                    -2.8104841709136963
                ],
                [
                    0.0,
                    0.999088704586029,
                    -0.04267970845103264,
                    -0.17204740643501282
                ],
                [
                    0.0,
                    0.0,
                    0.0,
                    1.0
                ]
            ]
        },
        {
            "file_path": "/data/shapenet_blender/all_50_random/02958343/2fe7e3fc47dad6c7afe1d4530f4c6e24/r_28",
            "rotation": 0.12566370614359174,
            "transform_matrix": [
                [
                    0.99993497133255,
                    0.0019732690416276455,
                    -0.011235913261771202,
                    -0.0452934205532074
                ],
                [
                    -0.011407872661948204,
                    0.17296306788921356,
                    -0.9848621487617493,
                    -3.970106601715088
                ],
                [
                    0.0,
                    0.9849262833595276,
                    0.17297431826591492,
                    0.6972818374633789
                ],
                [
                    0.0,
                    0.0,
                    0.0,
                    1.0
                ]
            ]
        },
        {
            "file_path": "/data/shapenet_blender/all_50_random/02958343/2fe7e3fc47dad6c7afe1d4530f4c6e24/r_29",
            "rotation": 0.12566370614359174,
            "transform_matrix": [
                [
                    0.6341384053230286,
                    0.13625356554985046,
                    0.7611199021339417,
                    3.0681724548339844
                ],
                [
                    0.773219645023346,
                    -0.11174524575471878,
                    -0.6242151260375977,
                    -2.516291618347168
                ],
                [
                    -7.450580596923828e-09,
                    0.9843515753746033,
                    -0.17621585726737976,
                    -0.7103488445281982
                ],
                [
                    0.0,
                    0.0,
                    0.0,
                    1.0
                ]
            ]
        },
        {
            "file_path": "/data/shapenet_blender/all_50_random/02958343/2fe7e3fc47dad6c7afe1d4530f4c6e24/r_30",
            "rotation": 0.12566370614359174,
            "transform_matrix": [
                [
                    0.9837007522583008,
                    -0.04626596346497536,
                    0.1737598180770874,
                    0.7004481554031372
                ],
                [
                    0.17981383204460144,
                    0.2531054615974426,
                    -0.9505812525749207,
                    -3.8319151401519775
                ],
                [
                    0.0,
                    0.9663317203521729,
                    0.2572993338108063,
                    1.0372066497802734
                ],
                [
                    0.0,
                    0.0,
                    0.0,
                    1.0
                ]
            ]
        },
        {
            "file_path": "/data/shapenet_blender/all_50_random/02958343/2fe7e3fc47dad6c7afe1d4530f4c6e24/r_31",
            "rotation": 0.12566370614359174,
            "transform_matrix": [
                [
                    0.391196072101593,
                    -0.5898354053497314,
                    -0.7064415216445923,
                    -2.84775710105896
                ],
                [
                    -0.9203073382377625,
                    -0.2507219910621643,
                    -0.3002878725528717,
                    -1.2104992866516113
                ],
                [
                    -1.4901161193847656e-08,
                    0.7676147818565369,
                    -0.640911340713501,
                    -2.5835964679718018
                ],
                [
                    0.0,
                    0.0,
                    0.0,
                    1.0
                ]
            ]
        },
        {
            "file_path": "/data/shapenet_blender/all_50_random/02958343/2fe7e3fc47dad6c7afe1d4530f4c6e24/r_32",
            "rotation": 0.12566370614359174,
            "transform_matrix": [
                [
                    -0.9465582966804504,
                    0.17062421143054962,
                    -0.27370595932006836,
                    -1.1033439636230469
                ],
                [
                    -0.32253310084342957,
                    -0.5007416605949402,
                    0.8032621741294861,
                    3.238053321838379
                ],
                [
                    0.0,
                    0.8486135601997375,
                    0.5290131568908691,
                    2.1325201988220215
                ],
                [
                    0.0,
                    0.0,
                    0.0,
                    1.0
                ]
            ]
        },
        {
            "file_path": "/data/shapenet_blender/all_50_random/02958343/2fe7e3fc47dad6c7afe1d4530f4c6e24/r_33",
            "rotation": 0.12566370614359174,
            "transform_matrix": [
                [
                    0.1513785421848297,
                    -0.7259373068809509,
                    0.6708945035934448,
                    2.7044625282287598
                ],
                [
                    0.9884759187698364,
                    0.11117248982191086,
                    -0.10274304449558258,
                    -0.414170503616333
                ],
                [
                    0.0,
                    0.6787161231040955,
                    0.7344006299972534,
                    2.960463762283325
                ],
                [
                    0.0,
                    0.0,
                    0.0,
                    1.0
                ]
            ]
        },
        {
            "file_path": "/data/shapenet_blender/all_50_random/02958343/2fe7e3fc47dad6c7afe1d4530f4c6e24/r_34",
            "rotation": 0.12566370614359174,
            "transform_matrix": [
                [
                    -0.7905559539794922,
                    -0.07782360166311264,
                    -0.6074247360229492,
                    -2.4486076831817627
                ],
                [
                    -0.6123899221420288,
                    0.10046526044607162,
                    0.7841461896896362,
                    3.160994529724121
                ],
                [
                    3.725290742551124e-09,
                    0.9918920993804932,
                    -0.12708179652690887,
                    -0.5122831463813782
                ],
                [
                    0.0,
                    0.0,
                    0.0,
                    1.0
                ]
            ]
        },
        {
            "file_path": "/data/shapenet_blender/all_50_random/02958343/2fe7e3fc47dad6c7afe1d4530f4c6e24/r_35",
            "rotation": 0.12566370614359174,
            "transform_matrix": [
                [
                    0.49590030312538147,
                    0.15866722166538239,
                    0.8537607789039612,
                    3.441620111465454
                ],
                [
                    0.8683794736862183,
                    -0.09060914814472198,
                    -0.48755210638046265,
                    -1.9653855562210083
                ],
                [
                    0.0,
                    0.9831655621528625,
                    -0.1827164590358734,
                    -0.7365536689758301
                ],
                [
                    0.0,
                    0.0,
                    0.0,
                    1.0
                ]
            ]
        },
        {
            "file_path": "/data/shapenet_blender/all_50_random/02958343/2fe7e3fc47dad6c7afe1d4530f4c6e24/r_36",
            "rotation": 0.12566370614359174,
            "transform_matrix": [
                [
                    -0.9948418140411377,
                    -0.02289613150060177,
                    0.09882137179374695,
                    0.3983616828918457
                ],
                [
                    0.10143914073705673,
                    -0.22454872727394104,
                    0.9691686630249023,
                    3.906843900680542
                ],
                [
                    0.0,
                    0.9741937518119812,
                    0.22571302950382233,
                    0.9098783135414124
                ],
                [
                    0.0,
                    0.0,
                    0.0,
                    1.0
                ]
            ]
        },
        {
            "file_path": "/data/shapenet_blender/all_50_random/02958343/2fe7e3fc47dad6c7afe1d4530f4c6e24/r_37",
            "rotation": 0.12566370614359174,
            "transform_matrix": [
                [
                    0.9329273700714111,
                    -0.020090613514184952,
                    -0.3595038056373596,
                    -1.4492062330245972
                ],
                [
                    -0.3600647449493408,
                    -0.0520547553896904,
                    -0.931473970413208,
                    -3.7548916339874268
                ],
                [
                    1.862645149230957e-09,
                    0.9984420537948608,
                    -0.055797234177589417,
                    -0.22492584586143494
                ],
                [
                    0.0,
                    0.0,
                    0.0,
                    1.0
                ]
            ]
        },
        {
            "file_path": "/data/shapenet_blender/all_50_random/02958343/2fe7e3fc47dad6c7afe1d4530f4c6e24/r_38",
            "rotation": 0.12566370614359174,
            "transform_matrix": [
                [
                    0.6112957000732422,
                    0.06558934599161148,
                    -0.7886795997619629,
                    -3.179269313812256
                ],
                [
                    -0.7914022207260132,
                    0.05066258832812309,
                    -0.6091926693916321,
                    -2.4557344913482666
                ],
                [
                    0.0,
                    0.9965597987174988,
                    0.08287736773490906,
                    0.33408939838409424
                ],
                [
                    0.0,
                    0.0,
                    0.0,
                    1.0
                ]
            ]
        },
        {
            "file_path": "/data/shapenet_blender/all_50_random/02958343/2fe7e3fc47dad6c7afe1d4530f4c6e24/r_39",
            "rotation": 0.12566370614359174,
            "transform_matrix": [
                [
                    0.7477065324783325,
                    0.03280527889728546,
                    0.6632183790206909,
                    2.6735188961029053
                ],
                [
                    0.6640291810035706,
                    -0.03693922609090805,
                    -0.7467935681343079,
                    -3.0104212760925293
                ],
                [
                    1.8626450382086546e-09,
                    0.9987789392471313,
                    -0.049403365701436996,
                    -0.19915133714675903
                ],
                [
                    0.0,
                    0.0,
                    0.0,
                    1.0
                ]
            ]
        },
        {
            "file_path": "/data/shapenet_blender/all_50_random/02958343/2fe7e3fc47dad6c7afe1d4530f4c6e24/r_40",
            "rotation": 0.12566370614359174,
            "transform_matrix": [
                [
                    -0.9302558302879333,
                    -0.16822175681591034,
                    -0.32607588171958923,
                    -1.3144539594650269
                ],
                [
                    -0.36691147089004517,
                    0.42650413513183594,
                    0.8267225623130798,
                    3.332625150680542
                ],
                [
                    0.0,
                    0.8887044191360474,
                    -0.45848047733306885,
                    -1.848193883895874
                ],
                [
                    0.0,
                    0.0,
                    0.0,
                    1.0
                ]
            ]
        },
        {
            "file_path": "/data/shapenet_blender/all_50_random/02958343/2fe7e3fc47dad6c7afe1d4530f4c6e24/r_41",
            "rotation": 0.12566370614359174,
            "transform_matrix": [
                [
                    -0.8184005618095398,
                    0.28893738985061646,
                    -0.4967251121997833,
                    -2.0023629665374756
                ],
                [
                    -0.5746483206748962,
                    -0.4114978015422821,
                    0.7074241042137146,
                    2.851717710494995
                ],
                [
