{
    "class": "02958343",
    "model": "1e6ba139bec5e49dd9f9c2955f462abf",
    "remove_doubles": true,
    "edge_split": true,
    "denoise": true,
    "camera_angle_x": 0.6911112070083618,
    "scale_factor": 2.25971079252911,
    "hdri_file": "/data/IndoorHDRDataset2018/9C4A3233-df84227a2e.exr",
    "center_offset": [
        0.0,
        3.725290298461914e-09,
        0.0
    ],
    "lights": [],
    "frames": [
        {
            "file_path": "/data/shapenet_blender/all_50_random/02958343/1e6ba139bec5e49dd9f9c2955f462abf/r_0",
            "rotation": 0.12566370614359174,
            "transform_matrix": [
                [
                    0.9043954610824585,
                    0.24102385342121124,
                    -0.352102667093277,
                    -1.4193713665008545
                ],
                [
                    -0.42669516801834106,
                    0.5108585357666016,
                    -0.7462939620018005,
                    -3.0084073543548584
                ],
                [
                    1.4901160305669237e-08,
                    0.8251854777336121,
                    0.5648617744445801,
                    2.2770309448242188
                ],
                [
                    0.0,
                    0.0,
                    0.0,
                    1.0
                ]
            ]
        },
        {
            "file_path": "/data/shapenet_blender/all_50_random/02958343/1e6ba139bec5e49dd9f9c2955f462abf/r_1",
            "rotation": 0.12566370614359174,
            "transform_matrix": [
                [
                    0.5514697432518005,
                    0.09190118312835693,
                    -0.8291171789169312,
                    -3.342278242111206
                ],
                [
                    -0.8341948986053467,
                    0.06075405329465866,
                    -0.5481129288673401,
                    -2.2095139026641846
                ],
                [
                    0.0,
                    0.9939130544662476,
                    0.11016751825809479,
                    0.444099485874176
                ],
                [
                    0.0,
                    0.0,
                    0.0,
                    1.0
                ]
            ]
        },
        {
            "file_path": "/data/shapenet_blender/all_50_random/02958343/1e6ba139bec5e49dd9f9c2955f462abf/r_2",
            "rotation": 0.12566370614359174,
            "transform_matrix": [
                [
                    -0.13302050530910492,
                    -0.4810550808906555,
                    -0.8665399551391602,
                    -3.4931342601776123
                ],
                [
                    -0.9911133050918579,
                    0.06456394493579865,
                    0.11630111932754517,
                    0.4688248038291931
                ],
                [
                    -3.725290298461914e-09,
                    0.8743097186088562,
                    -0.48536840081214905,
                    -1.9565826654434204
                ],
                [
                    0.0,
                    0.0,
                    0.0,
                    1.0
                ]
            ]
        },
        {
            "file_path": "/data/shapenet_blender/all_50_random/02958343/1e6ba139bec5e49dd9f9c2955f462abf/r_3",
            "rotation": 0.12566370614359174,
            "transform_matrix": [
                [
                    -0.3496861755847931,
                    0.014317098073661327,
                    0.9367573857307434,
                    3.7761900424957275
                ],
                [
                    0.9368668794631958,
                    0.0053438665345311165,
                    0.34964531660079956,
                    1.4094654321670532
                ],
                [
                    0.0,
                    0.999883234500885,
                    -0.015281890518963337,
                    -0.06160327419638634
                ],
                [
                    0.0,
                    0.0,
                    0.0,
                    1.0
                ]
            ]
        },
        {
            "file_path": "/data/shapenet_blender/all_50_random/02958343/1e6ba139bec5e49dd9f9c2955f462abf/r_4",
            "rotation": 0.12566370614359174,
            "transform_matrix": [
                [
                    0.6923614740371704,
                    0.023157496005296707,
                    0.7211790680885315,
                    2.907166004180908
                ],
                [
                    0.7215508222579956,
                    -0.022220689803361893,
                    -0.6920047402381897,
                    -2.789560556411743
                ],
                [
                    0.0,
                    0.9994848370552063,
                    -0.03209405764937401,
                    -0.12937529385089874
                ],
                [
                    0.0,
                    0.0,
                    0.0,
                    1.0
                ]
            ]
        },
        {
            "file_path": "/data/shapenet_blender/all_50_random/02958343/1e6ba139bec5e49dd9f9c2955f462abf/r_5",
            "rotation": 0.12566370614359174,
            "transform_matrix": [
                [
                    0.7843731045722961,
                    -0.06097376346588135,
                    0.6172851920127869,
                    2.488356113433838
                ],
                [
                    0.6202892661094666,
                    0.07710303366184235,
                    -0.780574381351471,
                    -3.1465959548950195
                ],
                [
                    -3.7252898543727042e-09,
                    0.99515700340271,
                    0.09829890727996826,
                    0.39625558257102966
                ],
                [
                    0.0,
                    0.0,
                    0.0,
                    1.0
                ]
            ]
        },
        {
            "file_path": "/data/shapenet_blender/all_50_random/02958343/1e6ba139bec5e49dd9f9c2955f462abf/r_6",
            "rotation": 0.12566370614359174,
            "transform_matrix": [
                [
                    0.9952701330184937,
                    0.04632077366113663,
                    0.0853913277387619,
                    0.3442234396934509
                ],
                [
                    0.09714572876691818,
                    -0.4745621383190155,
                    -0.8748448491096497,
                    -3.5266122817993164
                ],
                [
                    0.0,
                    0.8790023922920227,
                    -0.47681739926338196,
                    -1.9221124649047852
                ],
                [
                    0.0,
                    0.0,
                    0.0,
                    1.0
                ]
            ]
        },
        {
            "file_path": "/data/shapenet_blender/all_50_random/02958343/1e6ba139bec5e49dd9f9c2955f462abf/r_7",
            "rotation": 0.12566370614359174,
            "transform_matrix": [
                [
                    0.8460685610771179,
                    -0.08369305729866028,
                    0.5264632105827332,
                    2.1222410202026367
                ],
                [
                    0.533074140548706,
                    0.13283342123031616,
                    -0.8355759978294373,
                    -3.368314504623413
                ],
                [
                    0.0,
                    0.9875984191894531,
                    0.15700079500675201,
                    0.6328904628753662
                ],
                [
                    0.0,
                    0.0,
                    0.0,
                    1.0
                ]
            ]
        },
        {
            "file_path": "/data/shapenet_blender/all_50_random/02958343/1e6ba139bec5e49dd9f9c2955f462abf/r_8",
            "rotation": 0.12566370614359174,
            "transform_matrix": [
                [
                    -0.6207981109619141,
                    0.7186716794967651,
                    0.31324225664138794,
                    1.262719988822937
                ],
                [
                    0.7839703559875488,
                    0.5690903663635254,
                    0.24804532527923584,
                    0.9999027252197266
                ],
                [
                    -1.4901159417490817e-08,
                    0.39955878257751465,
                    -0.9167075157165527,
                    -3.695366382598877
                ],
                [
                    0.0,
                    0.0,
                    0.0,
                    1.0
                ]
            ]
        },
        {
            "file_path": "/data/shapenet_blender/all_50_random/02958343/1e6ba139bec5e49dd9f9c2955f462abf/r_9",
            "rotation": 0.12566370614359174,
            "transform_matrix": [
                [
                    0.986409068107605,
                    -0.16279342770576477,
                    0.0222584567964077,
                    0.08972671627998352
                ],
                [
                    0.16430805623531342,
                    0.9773160815238953,
                    -0.13362668454647064,
                    -0.5386664271354675
                ],
                [
                    -1.862645149230957e-09,
                    0.13546797633171082,
                    0.9907816648483276,
                    3.993968963623047
                ],
                [
                    0.0,
                    0.0,
                    0.0,
                    1.0
                ]
            ]
        },
        {
            "file_path": "/data/shapenet_blender/all_50_random/02958343/1e6ba139bec5e49dd9f9c2955f462abf/r_10",
            "rotation": 0.12566370614359174,
            "transform_matrix": [
                [
                    -0.9928999543190002,
                    0.08212365210056305,
                    -0.08605482429265976,
                    -0.34689807891845703
                ],
                [
                    -0.11895263195037842,
                    -0.6854877471923828,
                    0.7183012962341309,
                    2.8955650329589844
                ],
                [
                    0.0,
                    0.7234376668930054,
                    0.6903895735740662,
                    2.7830493450164795
                ],
                [
                    0.0,
                    0.0,
                    0.0,
                    1.0
                ]
            ]
        },
        {
            "file_path": "/data/shapenet_blender/all_50_random/02958343/1e6ba139bec5e49dd9f9c2955f462abf/r_11",
            "rotation": 0.12566370614359174,
            "transform_matrix": [
                [
                    -0.7100816369056702,
                    -0.5988795757293701,
                    -0.370307058095932,
                    -1.4927555322647095
                ],
                [
                    -0.7041193246841431,
                    0.6039507389068604,
                    0.37344273924827576,
                    1.5053958892822266
                ],
                [
                    0.0,
                    0.5259151458740234,
                    -0.8505370020866394,
                    -3.428624391555786
                ],
                [
                    0.0,
                    0.0,
                    0.0,
                    1.0
                ]
            ]
        },
        {
            "file_path": "/data/shapenet_blender/all_50_random/02958343/1e6ba139bec5e49dd9f9c2955f462abf/r_12",
            "rotation": 0.12566370614359174,
            "transform_matrix": [
                [
                    -0.9599799513816833,
                    0.22423052787780762,
                    0.16780707240104675,
                    0.6764519810676575
                ],
                [
                    0.28006884455680847,
                    0.7685852646827698,
                    0.5751850605010986,
                    2.318645477294922
                ],
                [
                    0.0,
                    0.5991636514663696,
                    -0.8006264567375183,
                    -3.227428674697876
                ],
                [
                    0.0,
                    0.0,
                    0.0,
                    1.0
                ]
            ]
        },
        {
            "file_path": "/data/shapenet_blender/all_50_random/02958343/1e6ba139bec5e49dd9f9c2955f462abf/r_13",
            "rotation": 0.12566370614359174,
            "transform_matrix": [
                [
                    0.29924461245536804,
                    -0.4277923107147217,
                    -0.8529045581817627,
                    -3.438168525695801
                ],
                [
                    -0.9541763663291931,
                    -0.13416236639022827,
                    -0.26748421788215637,
                    -1.078263521194458
                ],
                [
                    0.0,
                    0.8938646912574768,
                    -0.4483366906642914,
                    -1.8073030710220337
                ],
                [
                    0.0,
                    0.0,
                    0.0,
                    1.0
                ]
            ]
        },
        {
            "file_path": "/data/shapenet_blender/all_50_random/02958343/1e6ba139bec5e49dd9f9c2955f462abf/r_14",
            "rotation": 0.12566370614359174,
            "transform_matrix": [
                [
                    -0.8197672367095947,
                    0.3355565369129181,
                    -0.46409422159194946,
                    -1.870823621749878
                ],
                [
                    -0.5726968050003052,
                    -0.48032093048095703,
                    0.6643117666244507,
                    2.6779263019561768
                ],
                [
                    -1.4901159417490817e-08,
                    0.8103663921356201,
                    0.5859234929084778,
                    2.3619332313537598
                ],
                [
                    0.0,
                    0.0,
                    0.0,
                    1.0
                ]
            ]
        },
        {
            "file_path": "/data/shapenet_blender/all_50_random/02958343/1e6ba139bec5e49dd9f9c2955f462abf/r_15",
            "rotation": 0.12566370614359174,
            "transform_matrix": [
                [
                    0.6894205212593079,
                    -0.22744330763816833,
                    0.6877273321151733,
                    2.7723171710968018
                ],
                [
                    0.7243612408638,
                    0.21647222340106964,
                    -0.6545537114143372,
                    -2.638590097427368
                ],
                [
                    0.0,
                    0.9494256973266602,
                    0.31399160623550415,
                    1.2657405138015747
                ],
                [
                    0.0,
                    0.0,
                    0.0,
                    1.0
                ]
            ]
        },
        {
            "file_path": "/data/shapenet_blender/all_50_random/02958343/1e6ba139bec5e49dd9f9c2955f462abf/r_16",
            "rotation": 0.12566370614359174,
            "transform_matrix": [
                [
                    -0.9758337736129761,
                    0.028686022385954857,
                    0.2166229486465454,
                    0.8732350468635559
                ],
                [
                    0.21851404011249542,
                    0.12810522317886353,
                    0.9673885703086853,
                    3.899667978286743
                ],
                [
                    -3.725290076417309e-09,
                    0.9913455843925476,
                    -0.13127771019935608,
                    -0.5291973948478699
                ],
                [
                    0.0,
                    0.0,
                    0.0,
                    1.0
                ]
            ]
        },
        {
            "file_path": "/data/shapenet_blender/all_50_random/02958343/1e6ba139bec5e49dd9f9c2955f462abf/r_17",
            "rotation": 0.12566370614359174,
            "transform_matrix": [
                [
                    -0.7264937162399292,
                    0.26056671142578125,
                    0.6358551979064941,
                    2.5632143020629883
                ],
                [
                    0.687173068523407,
                    0.2754765748977661,
                    0.6722394227981567,
                    2.709883689880371
                ],
                [
                    1.4901161193847656e-08,
                    0.9253200888633728,
                    -0.3791865408420563,
                    -1.5285497903823853
                ],
                [
                    0.0,
                    0.0,
                    0.0,
                    1.0
                ]
            ]
        },
        {
            "file_path": "/data/shapenet_blender/all_50_random/02958343/1e6ba139bec5e49dd9f9c2955f462abf/r_18",
            "rotation": 0.12566370614359174,
            "transform_matrix": [
                [
                    -0.8443102836608887,
                    -0.2413989007472992,
                    -0.4784003496170044,
                    -1.9284934997558594
                ],
                [
                    -0.5358548164367676,
                    0.38035595417022705,
                    0.7537831664085388,
                    3.0385971069335938
                ],
                [
                    -1.4901162970204496e-08,
                    0.8927798271179199,
                    -0.4504931569099426,
                    -1.8159960508346558
                ],
                [
                    0.0,
                    0.0,
                    0.0,
                    1.0
                ]
            ]
        },
        {
            "file_path": "/data/shapenet_blender/all_50_random/02958343/1e6ba139bec5e49dd9f9c2955f462abf/r_19",
            "rotation": 0.12566370614359174,
            "transform_matrix": [
                [
                    0.8450155258178711,
                    -0.002074423013255,
                    -0.5347377061843872,
                    -2.1555967330932617
                ],
                [
                    -0.5347417593002319,
                    -0.0032780675683170557,
                    -0.8450091481208801,
                    -3.4063408374786377
                ],
                [
                    0.0,
                    0.9999923706054688,
                    -0.0038792986888438463,
                    -0.015637952834367752
                ],
                [
                    0.0,
                    0.0,
                    0.0,
                    1.0
                ]
            ]
        },
        {
            "file_path": "/data/shapenet_blender/all_50_random/02958343/1e6ba139bec5e49dd9f9c2955f462abf/r_20",
            "rotation": 0.12566370614359174,
            "transform_matrix": [
                [
                    0.43831658363342285,
                    -0.39420998096466064,
                    0.80776047706604,
                    3.2561867237091064
                ],
                [
                    0.8988206386566162,
                    0.192239448428154,
                    -0.3939104378223419,
                    -1.5879037380218506
                ],
                [
                    0.0,
                    0.8986892104148865,
                    0.4385858476161957,
                    1.767996072769165
                ],
                [
                    0.0,
                    0.0,
                    0.0,
                    1.0
                ]
            ]
        },
        {
            "file_path": "/data/shapenet_blender/all_50_random/02958343/1e6ba139bec5e49dd9f9c2955f462abf/r_21",
            "rotation": 0.12566370614359174,
            "transform_matrix": [
                [
                    0.6302909851074219,
                    -0.7176830768585205,
                    -0.29608142375946045,
                    -1.193542242050171
                ],
                [
                    -0.7763590812683105,
                    -0.5826546549797058,
                    -0.24037519097328186,
                    -0.9689832925796509
                ],
                [
                    -1.4901161193847656e-08,
                    0.3813718259334564,
                    -0.9244217872619629,
                    -3.7264630794525146
                ],
                [
                    0.0,
                    0.0,
                    0.0,
                    1.0
                ]
            ]
        },
        {
            "file_path": "/data/shapenet_blender/all_50_random/02958343/1e6ba139bec5e49dd9f9c2955f462abf/r_22",
            "rotation": 0.12566370614359174,
            "transform_matrix": [
                [
                    0.9106382131576538,
                    -0.36216259002685547,
                    0.19893835484981537,
                    0.8019461631774902
                ],
                [
                    0.4132048487663269,
                    0.7981491684913635,
                    -0.43842872977256775,
                    -1.7673627138137817
                ],
                [
                    0.0,
                    0.4814521372318268,
                    0.8764722943305969,
                    3.533172845840454
                ],
                [
                    0.0,
                    0.0,
                    0.0,
                    1.0
                ]
            ]
        },
        {
            "file_path": "/data/shapenet_blender/all_50_random/02958343/1e6ba139bec5e49dd9f9c2955f462abf/r_23",
            "rotation": 0.12566370614359174,
            "transform_matrix": [
                [
                    -0.165920689702034,
                    -0.19256557524204254,
                    0.9671549797058105,
                    3.898726463317871
                ],
                [
                    0.986139178276062,
                    -0.032399699091911316,
                    0.16272655129432678,
                    0.6559717059135437
                ],
                [
                    -3.725290742551124e-09,
                    0.9807490706443787,
                    0.19527220726013184,
                    0.7871674299240112
                ],
                [
                    0.0,
                    0.0,
                    0.0,
                    1.0
                ]
            ]
        },
        {
            "file_path": "/data/shapenet_blender/all_50_random/02958343/1e6ba139bec5e49dd9f9c2955f462abf/r_24",
            "rotation": 0.12566370614359174,
            "transform_matrix": [
                [
                    0.7492666244506836,
                    0.24844990670681,
                    0.6138991117477417,
                    2.4747064113616943
                ],
                [
                    0.6622684597969055,
                    -0.2810872495174408,
                    -0.6945433020591736,
                    -2.7997934818267822
                ],
                [
                    -1.4901161193847656e-08,
                    0.9269639849662781,
                    -0.3751499354839325,
                    -1.5122777223587036
                ],
                [
                    0.0,
                    0.0,
                    0.0,
                    1.0
                ]
            ]
        },
        {
            "file_path": "/data/shapenet_blender/all_50_random/02958343/1e6ba139bec5e49dd9f9c2955f462abf/r_25",
            "rotation": 0.12566370614359174,
            "transform_matrix": [
                [
                    -0.7370490431785583,
                    0.46770763397216797,
                    -0.4878609776496887,
                    -1.966630458831787
                ],
                [
                    -0.675839364528656,
                    -0.5100671052932739,
                    0.5320457816123962,
                    2.144745111465454
                ],
                [
                    2.9802322387695312e-08,
                    0.7218594551086426,
                    0.6920396685600281,
                    2.789701223373413
                ],
                [
                    0.0,
                    0.0,
                    0.0,
                    1.0
                ]
            ]
        },
        {
            "file_path": "/data/shapenet_blender/all_50_random/02958343/1e6ba139bec5e49dd9f9c2955f462abf/r_26",
            "rotation": 0.12566370614359174,
            "transform_matrix": [
                [
                    -0.871911883354187,
                    -0.04927348718047142,
                    -0.4871772527694702,
                    -1.963874340057373
                ],
                [
                    -0.48966267704963684,
                    0.08773823827505112,
                    0.8674862384796143,
                    3.4969489574432373
                ],
                [
                    3.725290298461914e-09,
                    0.9949241280555725,
                    -0.10062739998102188,
                    -0.405642032623291
                ],
                [
                    0.0,
                    0.0,
                    0.0,
                    1.0
                ]
            ]
        },
        {
            "file_path": "/data/shapenet_blender/all_50_random/02958343/1e6ba139bec5e49dd9f9c2955f462abf/r_27",
            "rotation": 0.12566370614359174,
            "transform_matrix": [
                [
                    0.9699455499649048,
                    0.21086309850215912,
                    -0.121418297290802,
                    -0.4894528388977051
                ],
                [
                    -0.24332213401794434,
                    0.8405553698539734,
                    -0.48400506377220154,
                    -1.9510869979858398
                ],
                [
                    -7.450580596923828e-09,
                    0.4990023076534271,
                    0.866600513458252,
                    3.4933786392211914
                ],
                [
                    0.0,
                    0.0,
                    0.0,
                    1.0
                ]
            ]
        },
        {
            "file_path": "/data/shapenet_blender/all_50_random/02958343/1e6ba139bec5e49dd9f9c2955f462abf/r_28",
            "rotation": 0.12566370614359174,
            "transform_matrix": [
                [
                    0.11623508483171463,
                    -0.058194298297166824,
                    -0.9915153980255127,
                    -3.9969265460968018
                ],
                [
                    -0.9932217001914978,
                    -0.006810382008552551,
                    -0.11603540182113647,
                    -0.46775370836257935
                ],
                [
                    0.0,
                    0.9982820153236389,
                    -0.05859145149588585,
                    -0.23618970811367035
                ],
                [
                    0.0,
                    0.0,
                    0.0,
                    1.0
                ]
            ]
        },
        {
            "file_path": "/data/shapenet_blender/all_50_random/02958343/1e6ba139bec5e49dd9f9c2955f462abf/r_29",
            "rotation": 0.12566370614359174,
            "transform_matrix": [
                [
                    0.2066165953874588,
                    0.8600268959999084,
                    -0.46654409170150757,
                    -1.8806993961334229
                ],
                [
                    -0.9784219861030579,
                    0.1816147118806839,
                    -0.0985216572880745,
                    -0.39715349674224854
                ],
                [
                    0.0,
                    0.47683319449424744,
                    0.878993809223175,
                    3.543337345123291
                ],
                [
                    0.0,
                    0.0,
                    0.0,
                    1.0
                ]
            ]
        },
        {
            "file_path": "/data/shapenet_blender/all_50_random/02958343/1e6ba139bec5e49dd9f9c2955f462abf/r_30",
            "rotation": 0.12566370614359174,
            "transform_matrix": [
                [
                    -0.3319642245769501,
                    -0.2646111249923706,
                    -0.9054173827171326,
                    -3.6498541831970215
                ],
                [
                    -0.9432919025421143,
                    0.0931222140789032,
                    0.31863540410995483,
                    1.284460425376892
                ],
                [
                    0.0,
                    0.9598485231399536,
                    -0.2805188000202179,
                    -1.1308073997497559
                ],
                [
                    0.0,
                    0.0,
                    0.0,
                    1.0
                ]
            ]
        },
        {
            "file_path": "/data/shapenet_blender/all_50_random/02958343/1e6ba139bec5e49dd9f9c2955f462abf/r_31",
            "rotation": 0.12566370614359174,
            "transform_matrix": [
                [
                    0.6987829208374023,
                    0.23023276031017303,
                    -0.6772704124450684,
                    -2.7301645278930664
                ],
                [
                    -0.7153338193893433,
                    0.2249058037996292,
                    -0.6616002321243286,
                    -2.6669960021972656
                ],
                [
                    0.0,
                    0.9467893838882446,
                    0.3218535780906677,
                    1.2974333763122559
                ],
                [
                    0.0,
                    0.0,
                    0.0,
                    1.0
                ]
            ]
        },
        {
            "file_path": "/data/shapenet_blender/all_50_random/02958343/1e6ba139bec5e49dd9f9c2955f462abf/r_32",
            "rotation": 0.12566370614359174,
            "transform_matrix": [
                [
                    -0.7985163927078247,
                    -0.08857709169387817,
                    -0.5954205989837646,
                    -2.400217294692993
                ],
                [
                    -0.6019730567932129,
                    0.11749736964702606,
                    0.7898244857788086,
                    3.183884382247925
                ],
                [
                    0.0,
                    0.9891149997711182,
                    -0.14714458584785461,
                    -0.5931587815284729
                ],
                [
                    0.0,
                    0.0,
                    0.0,
                    1.0
                ]
            ]
        },
        {
            "file_path": "/data/shapenet_blender/all_50_random/02958343/1e6ba139bec5e49dd9f9c2955f462abf/r_33",
            "rotation": 0.12566370614359174,
            "transform_matrix": [
                [
                    -0.9494063854217529,
                    -0.13887591660022736,
                    0.2816753387451172,
                    1.135469675064087
                ],
                [
                    0.31405019760131836,
                    -0.4198363125324249,
                    0.851533830165863,
                    3.432642936706543
                ],
                [
                    -7.450580596923828e-09,
                    0.8969119191169739,
                    0.44220924377441406,
                    1.7826025485992432
                ],
                [
                    0.0,
                    0.0,
                    0.0,
                    1.0
                ]
            ]
        },
        {
            "file_path": "/data/shapenet_blender/all_50_random/02958343/1e6ba139bec5e49dd9f9c2955f462abf/r_34",
            "rotation": 0.12566370614359174,
            "transform_matrix": [
                [
                    0.6674990057945251,
                    0.2678651213645935,
                    -0.6947612762451172,
                    -2.8006722927093506
                ],
                [
                    -0.7446105480194092,
                    0.2401251196861267,
                    -0.6228120923042297,
                    -2.5106358528137207
                ],
                [
                    -1.4901160305669237e-08,
                    0.9330530762672424,
                    0.3597385287284851,
                    1.4501523971557617
                ],
                [
                    0.0,
                    0.0,
                    0.0,
                    1.0
                ]
            ]
        },
        {
            "file_path": "/data/shapenet_blender/all_50_random/02958343/1e6ba139bec5e49dd9f9c2955f462abf/r_35",
            "rotation": 0.12566370614359174,
            "transform_matrix": [
                [
                    0.3338593542575836,
                    -0.27334433794021606,
                    -0.9021201133728027,
                    -3.6365625858306885
                ],
                [
                    -0.9426229000091553,
                    -0.09681345522403717,
                    -0.31951403617858887,
                    -1.2880022525787354
                ],
                [
                    -1.4901161193847656e-08,
                    0.9570318460464478,
                    -0.28998273611068726,
                    -1.1689578294754028
                ],
                [
                    0.0,
                    0.0,
                    0.0,
                    1.0
                ]
            ]
        },
        {
            "file_path": "/data/shapenet_blender/all_50_random/02958343/1e6ba139bec5e49dd9f9c2955f462abf/r_36",
            "rotation": 0.12566370614359174,
            "transform_matrix": [
                [
                    -0.8251731991767883,
                    0.057584941387176514,
                    0.5619369745254517,
                    2.2652406692504883
                ],
                [
                    0.5648798942565918,
                    0.08411973714828491,
                    0.8208742141723633,
                    3.3090500831604004
                ],
                [
                    0.0,
                    0.9947903156280518,
                    -0.10194192081689835,
                    -0.41094106435775757
                ],
                [
                    0.0,
                    0.0,
                    0.0,
                    1.0
                ]
            ]
        },
        {
            "file_path": "/data/shapenet_blender/all_50_random/02958343/1e6ba139bec5e49dd9f9c2955f462abf/r_37",
            "rotation": 0.12566370614359174,
            "transform_matrix": [
                [
                    -0.7367455959320068,
                    0.0010084607638418674,
                    0.676169216632843,
                    2.7257254123687744
                ],
                [
                    0.6761700510978699,
                    0.0010988051071763039,
                    0.73674476146698,
                    2.9699132442474365
                ],
                [
                    0.0,
                    0.999998927116394,
                    -0.0014914306811988354,
                    -0.006012149155139923
                ],
                [
                    0.0,
                    0.0,
                    0.0,
                    1.0
                ]
            ]
        },
        {
            "file_path": "/data/shapenet_blender/all_50_random/02958343/1e6ba139bec5e49dd9f9c2955f462abf/r_38",
            "rotation": 0.12566370614359174,
            "transform_matrix": [
                [
                    0.36688902974128723,
                    -0.14439409971237183,
                    -0.9189900755882263,
                    -3.7045674324035645
                ],
                [
                    -0.9302647113800049,
                    -0.05694789066910744,
                    -0.36244240403175354,
                    -1.4610520601272583
                ],
                [
                    -3.725290298461914e-09,
                    0.9878802299499512,
                    -0.15521827340126038,
                    -0.6257048845291138
                ],
                [
                    0.0,
                    0.0,
                    0.0,
                    1.0
                ]
            ]
        },
        {
            "file_path": "/data/shapenet_blender/all_50_random/02958343/1e6ba139bec5e49dd9f9c2955f462abf/r_39",
            "rotation": 0.12566370614359174,
            "transform_matrix": [
                [
                    0.7356151938438416,
                    0.07902093231678009,
                    -0.6727748513221741,
                    -2.7120420932769775
                ],
                [
                    -0.6773996353149414,
                    0.08581196516752243,
                    -0.7305929064750671,
                    -2.9451141357421875
                ],
                [
                    0.0,
                    0.9931726455688477,
                    0.11665334552526474,
                    0.4702446758747101
                ],
                [
                    0.0,
                    0.0,
                    0.0,
                    1.0
                ]
            ]
        },
        {
            "file_path": "/data/shapenet_blender/all_50_random/02958343/1e6ba139bec5e49dd9f9c2955f462abf/r_40",
            "rotation": 0.12566370614359174,
            "transform_matrix": [
                [
                    0.9999986290931702,
                    -9.704176045488566e-05,
                    0.0016655646031722426,
                    0.0067141056060791016
                ],
                [
                    0.0016683891881257296,
                    0.05816486477851868,
                    -0.99830561876297,
                    -4.024298667907715
                ],
                [
                    -7.275957614183426e-12,
                    0.998306930065155,
                    0.05816495418548584,
                    0.2344704270362854
                ],
                [
                    0.0,
                    0.0,
                    0.0,
                    1.0
                ]
            ]
        },
        {
            "file_path": "/data/shapenet_blender/all_50_random/02958343/1e6ba139bec5e49dd9f9c2955f462abf/r_41",
            "rotation": 0.12566370614359174,
            "transform_matrix": [
                [
                    -0.9996209740638733,
                    -0.0006210093852132559,
                    -0.027525339275598526,
                    -0.11095818877220154
                ],
                [
                    -0.027532346546649933,
                    0.022547079250216484,
                    0.9993665814399719,
                    4.028575420379639
                ],
