{
    "class": "02958343",
    "model": "89765af115d9a4955591fcdffe729c55",
    "remove_doubles": true,
    "edge_split": true,
    "denoise": true,
    "camera_angle_x": 0.6911112070083618,
    "scale_factor": 2.2327633474330404,
    "hdri_file": "/data/IndoorHDRDataset2018/9C4A0496-be8f794fad.exr",
    "center_offset": [
        0.0,
        -1.862645149230957e-09,
        -3.725290298461914e-09
    ],
    "lights": [],
    "frames": [
        {
            "file_path": "/data/shapenet_blender/all_50_random/02958343/89765af115d9a4955591fcdffe729c55/r_0",
            "rotation": 0.12566370614359174,
            "transform_matrix": [
                [
                    0.826567530632019,
                    0.12284338474273682,
                    0.5492681264877319,
                    2.2141706943511963
                ],
                [
                    0.5628373622894287,
                    -0.1804044097661972,
                    -0.806640088558197,
                    -3.2516701221466064
                ],
                [
                    -7.450580152834618e-09,
                    0.9758911728858948,
                    -0.21825730800628662,
                    -0.8798233270645142
                ],
                [
                    0.0,
                    0.0,
                    0.0,
                    1.0
                ]
            ]
        },
        {
            "file_path": "/data/shapenet_blender/all_50_random/02958343/89765af115d9a4955591fcdffe729c55/r_1",
            "rotation": 0.12566370614359174,
            "transform_matrix": [
                [
                    -0.09120433777570724,
                    0.19662494957447052,
                    -0.9762275815010071,
                    -3.9352993965148926
                ],
                [
                    -0.9958322644233704,
                    -0.018008101731538773,
                    0.08940882235765457,
                    0.36041852831840515
                ],
                [
                    0.0,
                    0.9803133606910706,
                    0.19744786620140076,
                    0.7959378957748413
                ],
                [
                    0.0,
                    0.0,
                    0.0,
                    1.0
                ]
            ]
        },
        {
            "file_path": "/data/shapenet_blender/all_50_random/02958343/89765af115d9a4955591fcdffe729c55/r_2",
            "rotation": 0.12566370614359174,
            "transform_matrix": [
                [
                    0.997754693031311,
                    -0.05773545429110527,
                    0.03394514322280884,
                    0.13683724403381348
                ],
                [
                    0.06697503477334976,
                    0.8601087927818298,
                    -0.5056947469711304,
                    -2.0385208129882812
                ],
                [
                    0.0,
                    0.5068327784538269,
                    0.8620443940162659,
                    3.4750120639801025
                ],
                [
                    0.0,
                    0.0,
                    0.0,
                    1.0
                ]
            ]
        },
        {
            "file_path": "/data/shapenet_blender/all_50_random/02958343/89765af115d9a4955591fcdffe729c55/r_3",
            "rotation": 0.12566370614359174,
            "transform_matrix": [
                [
                    0.9955644011497498,
                    -0.012449654750525951,
                    -0.09325457364320755,
                    -0.37592124938964844
                ],
                [
                    -0.09408193081617355,
                    -0.13174083828926086,
                    -0.9868093729019165,
                    -3.9779560565948486
                ],
                [
                    -9.313225191043273e-10,
                    0.9912059903144836,
                    -0.13232776522636414,
                    -0.5334303379058838
                ],
                [
                    0.0,
                    0.0,
                    0.0,
                    1.0
                ]
            ]
        },
        {
            "file_path": "/data/shapenet_blender/all_50_random/02958343/89765af115d9a4955591fcdffe729c55/r_4",
            "rotation": 0.12566370614359174,
            "transform_matrix": [
                [
                    -0.9501258730888367,
                    -0.2404402643442154,
                    0.1986183077096939,
                    0.8006560206413269
                ],
                [
                    0.31186655163764954,
                    -0.7325200438499451,
                    0.6051061749458313,
                    2.439260959625244
                ],
                [
                    0.0,
                    0.6368693709373474,
                    0.7709717154502869,
                    3.10788631439209
                ],
                [
                    0.0,
                    0.0,
                    0.0,
                    1.0
                ]
            ]
        },
        {
            "file_path": "/data/shapenet_blender/all_50_random/02958343/89765af115d9a4955591fcdffe729c55/r_5",
            "rotation": 0.12566370614359174,
            "transform_matrix": [
                [
                    0.06336484104394913,
                    0.216450497508049,
                    -0.9742351174354553,
                    -3.92726731300354
                ],
                [
                    -0.9979904294013977,
                    0.013742969371378422,
                    -0.06185655668377876,
                    -0.24935175478458405
                ],
                [
                    9.313225746154785e-10,
                    0.9761968851089478,
                    0.21688635647296906,
                    0.8742968440055847
                ],
                [
                    0.0,
                    0.0,
                    0.0,
                    1.0
                ]
            ]
        },
        {
            "file_path": "/data/shapenet_blender/all_50_random/02958343/89765af115d9a4955591fcdffe729c55/r_6",
            "rotation": 0.12566370614359174,
            "transform_matrix": [
                [
                    0.29232123494148254,
                    -0.7610548138618469,
                    0.5790887475013733,
                    2.334381341934204
                ],
                [
                    0.9563202857971191,
                    0.23263387382030487,
                    -0.17701177299022675,
                    -0.7135573029518127
                ],
                [
                    0.0,
                    0.6055386066436768,
                    0.7958160042762756,
                    3.2080368995666504
                ],
                [
                    0.0,
                    0.0,
                    0.0,
                    1.0
                ]
            ]
        },
        {
            "file_path": "/data/shapenet_blender/all_50_random/02958343/89765af115d9a4955591fcdffe729c55/r_7",
            "rotation": 0.12566370614359174,
            "transform_matrix": [
                [
                    -0.8065381050109863,
                    -0.005773479584604502,
                    0.5911539196968079,
                    2.3830177783966064
                ],
                [
                    0.5911821126937866,
                    -0.007876643911004066,
                    0.8064996004104614,
                    3.2511038780212402
                ],
                [
                    0.0,
                    0.9999522566795349,
                    0.009765991941094398,
                    0.03936797380447388
                ],
                [
                    0.0,
                    0.0,
                    0.0,
                    1.0
                ]
            ]
        },
        {
            "file_path": "/data/shapenet_blender/all_50_random/02958343/89765af115d9a4955591fcdffe729c55/r_8",
            "rotation": 0.12566370614359174,
            "transform_matrix": [
                [
                    0.6769204139709473,
                    -0.09672854095697403,
                    -0.7296726107597351,
                    -2.9414045810699463
                ],
                [
                    -0.7360560297966003,
                    -0.08895726501941681,
                    -0.6710498332977295,
                    -2.7050886154174805
                ],
                [
                    0.0,
                    0.9913272857666016,
                    -0.13141463696956635,
                    -0.5297493934631348
                ],
                [
                    0.0,
                    0.0,
                    0.0,
                    1.0
                ]
            ]
        },
        {
            "file_path": "/data/shapenet_blender/all_50_random/02958343/89765af115d9a4955591fcdffe729c55/r_9",
            "rotation": 0.12566370614359174,
            "transform_matrix": [
                [
                    0.5179800987243652,
                    -0.4076545536518097,
                    0.7520068287849426,
                    3.0314366817474365
                ],
                [
                    0.855392575263977,
                    0.24685384333133698,
                    -0.45537522435188293,
                    -1.8356763124465942
                ],
                [
                    0.0,
                    0.8791365623474121,
                    0.4765700697898865,
                    1.921115517616272
                ],
                [
                    0.0,
                    0.0,
                    0.0,
                    1.0
                ]
            ]
        },
        {
            "file_path": "/data/shapenet_blender/all_50_random/02958343/89765af115d9a4955591fcdffe729c55/r_10",
            "rotation": 0.12566370614359174,
            "transform_matrix": [
                [
                    0.6607879400253296,
                    0.36468505859375,
                    0.6560214161872864,
                    2.6445069313049316
                ],
                [
                    0.7505726218223572,
                    -0.3210608661174774,
                    -0.5775470733642578,
                    -2.3281667232513428
                ],
                [
                    1.4901161193847656e-08,
                    0.8740279078483582,
                    -0.4858757555484772,
                    -1.9586278200149536
                ],
                [
                    0.0,
                    0.0,
                    0.0,
                    1.0
                ]
            ]
        },
        {
            "file_path": "/data/shapenet_blender/all_50_random/02958343/89765af115d9a4955591fcdffe729c55/r_11",
            "rotation": 0.12566370614359174,
            "transform_matrix": [
                [
                    0.31272536516189575,
                    0.04451722279191017,
                    -0.9487999081611633,
                    -3.8247342109680176
                ],
                [
                    -0.9498435854911804,
                    0.014656796120107174,
                    -0.3123817443847656,
                    -1.2592508792877197
                ],
                [
                    -9.313224080820248e-10,
                    0.9989011287689209,
                    0.04686795175075531,
                    0.18893073499202728
                ],
                [
                    0.0,
                    0.0,
                    0.0,
                    1.0
                ]
            ]
        },
        {
            "file_path": "/data/shapenet_blender/all_50_random/02958343/89765af115d9a4955591fcdffe729c55/r_12",
            "rotation": 0.12566370614359174,
            "transform_matrix": [
                [
                    0.116729736328125,
                    0.3583155870437622,
                    -0.926274299621582,
                    -3.733931064605713
                ],
                [
                    -0.9931637644767761,
                    0.04211398959159851,
                    -0.10886800289154053,
                    -0.4388609528541565
                ],
                [
                    3.725290298461914e-09,
                    0.9326501488685608,
                    0.36078202724456787,
                    1.4543588161468506
                ],
                [
                    0.0,
                    0.0,
                    0.0,
                    1.0
                ]
            ]
        },
        {
            "file_path": "/data/shapenet_blender/all_50_random/02958343/89765af115d9a4955591fcdffe729c55/r_13",
            "rotation": 0.12566370614359174,
            "transform_matrix": [
                [
                    0.257548451423645,
                    -0.9332464933395386,
                    -0.250438928604126,
                    -1.009551763534546
                ],
                [
                    -0.9662654995918274,
                    -0.2487475574016571,
                    -0.06675200164318085,
                    -0.26908594369888306
                ],
                [
                    0.0,
                    0.2591823637485504,
                    -0.9658282399177551,
                    -3.893378734588623
                ],
                [
                    0.0,
                    0.0,
                    0.0,
                    1.0
                ]
            ]
        },
        {
            "file_path": "/data/shapenet_blender/all_50_random/02958343/89765af115d9a4955591fcdffe729c55/r_14",
            "rotation": 0.12566370614359174,
            "transform_matrix": [
                [
                    0.7273114323616028,
                    0.176476389169693,
                    0.6632300019264221,
                    2.673565626144409
                ],
                [
                    0.6863074898719788,
                    -0.18702012300491333,
                    -0.7028552293777466,
                    -2.8333001136779785
                ],
                [
                    7.450580596923828e-09,
                    0.9663743376731873,
                    -0.2571389675140381,
                    -1.036560297012329
                ],
                [
                    0.0,
                    0.0,
                    0.0,
                    1.0
                ]
            ]
        },
        {
            "file_path": "/data/shapenet_blender/all_50_random/02958343/89765af115d9a4955591fcdffe729c55/r_15",
            "rotation": 0.12566370614359174,
            "transform_matrix": [
                [
                    0.23613721132278442,
                    0.5704899430274963,
                    -0.7866259813308716,
                    -3.1709907054901123
                ],
                [
                    -0.9717197418212891,
                    0.13863451778888702,
                    -0.19115765392780304,
                    -0.7705811262130737
                ],
                [
                    -7.450580596923828e-09,
                    0.8095194101333618,
                    0.5870931148529053,
                    2.366647958755493
                ],
                [
                    0.0,
                    0.0,
                    0.0,
                    1.0
                ]
            ]
        },
        {
            "file_path": "/data/shapenet_blender/all_50_random/02958343/89765af115d9a4955591fcdffe729c55/r_16",
            "rotation": 0.12566370614359174,
            "transform_matrix": [
                [
                    -0.1823822408914566,
                    0.2920806109905243,
                    -0.9388427138328552,
                    -3.7845959663391113
                ],
                [
                    -0.9832276701927185,
                    -0.05417902395129204,
                    0.17414914071559906,
                    0.7020176649093628
                ],
                [
                    3.725290076417309e-09,
                    0.9548578858375549,
                    0.2970629930496216,
                    1.1974992752075195
                ],
                [
                    0.0,
                    0.0,
                    0.0,
                    1.0
                ]
            ]
        },
        {
            "file_path": "/data/shapenet_blender/all_50_random/02958343/89765af115d9a4955591fcdffe729c55/r_17",
            "rotation": 0.12566370614359174,
            "transform_matrix": [
                [
                    0.4671087861061096,
                    -0.3135579526424408,
                    -0.8267349600791931,
                    -3.3326754570007324
                ],
                [
                    -0.884199857711792,
                    -0.1656477004289627,
                    -0.43675097823143005,
                    -1.7605996131896973
                ],
                [
                    0.0,
                    0.935009241104126,
                    -0.35462334752082825,
                    -1.429532527923584
                ],
                [
                    0.0,
                    0.0,
                    0.0,
                    1.0
                ]
            ]
        },
        {
            "file_path": "/data/shapenet_blender/all_50_random/02958343/89765af115d9a4955591fcdffe729c55/r_18",
            "rotation": 0.12566370614359174,
            "transform_matrix": [
                [
                    0.22779035568237305,
                    0.40801188349723816,
                    0.8841028213500977,
                    3.563932418823242
                ],
                [
                    0.9737100601196289,
                    -0.09545056521892548,
                    -0.20682759582996368,
                    -0.8337486982345581
                ],
                [
                    0.0,
                    0.9079732894897461,
                    -0.41902801394462585,
                    -1.68915593624115
                ],
                [
                    0.0,
                    0.0,
                    0.0,
                    1.0
                ]
            ]
        },
        {
            "file_path": "/data/shapenet_blender/all_50_random/02958343/89765af115d9a4955591fcdffe729c55/r_19",
            "rotation": 0.12566370614359174,
            "transform_matrix": [
                [
                    -0.871809184551239,
                    0.04711602255702019,
                    0.48757439851760864,
                    1.9654754400253296
                ],
                [
                    0.4898456633090973,
                    0.08385536074638367,
                    0.8677669167518616,
                    3.4980804920196533
                ],
                [
                    0.0,
                    0.9953634142875671,
                    -0.09618544578552246,
                    -0.3877359628677368
                ],
                [
                    0.0,
                    0.0,
                    0.0,
                    1.0
                ]
            ]
        },
        {
            "file_path": "/data/shapenet_blender/all_50_random/02958343/89765af115d9a4955591fcdffe729c55/r_20",
            "rotation": 0.12566370614359174,
            "transform_matrix": [
                [
                    -0.20377063751220703,
                    -0.44082939624786377,
                    -0.8741549253463745,
                    -3.523831367492676
                ],
                [
                    -0.9790186882019043,
                    0.09175319224596024,
                    0.18194453418254852,
                    0.733441948890686
                ],
                [
                    0.0,
                    0.8928889036178589,
                    -0.45027682185173035,
                    -1.8151240348815918
                ],
                [
                    0.0,
                    0.0,
                    0.0,
                    1.0
                ]
            ]
        },
        {
            "file_path": "/data/shapenet_blender/all_50_random/02958343/89765af115d9a4955591fcdffe729c55/r_21",
            "rotation": 0.12566370614359174,
            "transform_matrix": [
                [
                    0.8998439311981201,
                    -0.057587187737226486,
                    0.4323940873146057,
                    1.7430362701416016
                ],
                [
                    0.43621203303337097,
                    0.11879424750804901,
                    -0.8919680118560791,
                    -3.5956380367279053
                ],
                [
                    0.0,
                    0.9912474155426025,
                    0.13201650977134705,
                    0.532175600528717
                ],
                [
                    0.0,
                    0.0,
                    0.0,
                    1.0
                ]
            ]
        },
        {
            "file_path": "/data/shapenet_blender/all_50_random/02958343/89765af115d9a4955591fcdffe729c55/r_22",
            "rotation": 0.12566370614359174,
            "transform_matrix": [
                [
                    0.3465888202190399,
                    0.01602339744567871,
                    -0.9378803372383118,
                    -3.7807161808013916
                ],
                [
                    -0.9380171298980713,
                    0.005920499097555876,
                    -0.346538245677948,
                    -1.3969402313232422
                ],
                [
                    -4.6566123179658803e-10,
                    0.9998540878295898,
                    0.017082201316952705,
                    0.06886054575443268
                ],
                [
                    0.0,
                    0.0,
                    0.0,
                    1.0
                ]
            ]
        },
        {
            "file_path": "/data/shapenet_blender/all_50_random/02958343/89765af115d9a4955591fcdffe729c55/r_23",
            "rotation": 0.12566370614359174,
            "transform_matrix": [
                [
                    -0.7125746011734009,
                    -0.45208901166915894,
                    -0.5365192890167236,
                    -2.162778377532959
                ],
                [
                    -0.7015963196754456,
                    0.4591631293296814,
                    0.5449145436286926,
                    2.1966207027435303
                ],
                [
                    0.0,
                    0.7647121548652649,
                    -0.6443719863891602,
                    -2.5975465774536133
                ],
                [
                    0.0,
                    0.0,
                    0.0,
                    1.0
                ]
            ]
        },
        {
            "file_path": "/data/shapenet_blender/all_50_random/02958343/89765af115d9a4955591fcdffe729c55/r_24",
            "rotation": 0.12566370614359174,
            "transform_matrix": [
                [
                    -0.8591352105140686,
                    -0.16751760244369507,
                    0.48355403542518616,
                    1.9492686986923218
                ],
                [
                    0.5117486119270325,
                    -0.28123238682746887,
                    0.811801552772522,
                    3.2724766731262207
                ],
                [
                    0.0,
                    0.9449054598808289,
                    0.32734352350234985,
                    1.3195639848709106
                ],
                [
                    0.0,
                    0.0,
                    0.0,
                    1.0
                ]
            ]
        },
        {
            "file_path": "/data/shapenet_blender/all_50_random/02958343/89765af115d9a4955591fcdffe729c55/r_25",
            "rotation": 0.12566370614359174,
            "transform_matrix": [
                [
                    0.219126358628273,
                    -0.07740065455436707,
                    0.972621500492096,
                    3.9207630157470703
                ],
                [
                    0.9756964445114136,
                    0.017382994294166565,
                    -0.21843579411506653,
                    -0.8805429339408875
                ],
                [
                    -1.8626449271863521e-09,
                    0.9968485236167908,
                    0.07932861894369125,
                    0.31978392601013184
                ],
                [
                    0.0,
                    0.0,
                    0.0,
                    1.0
                ]
            ]
        },
        {
            "file_path": "/data/shapenet_blender/all_50_random/02958343/89765af115d9a4955591fcdffe729c55/r_26",
            "rotation": 0.12566370614359174,
            "transform_matrix": [
                [
                    -0.587657630443573,
                    0.6547977924346924,
                    0.475287526845932,
                    1.915945291519165
                ],
                [
                    0.809109628200531,
                    0.47558072209358215,
                    0.34520211815834045,
                    1.3915542364120483
                ],
                [
                    0.0,
                    0.5874203443527222,
                    -0.8092819452285767,
                    -3.262319803237915
                ],
                [
                    0.0,
                    0.0,
                    0.0,
                    1.0
                ]
            ]
        },
        {
            "file_path": "/data/shapenet_blender/all_50_random/02958343/89765af115d9a4955591fcdffe729c55/r_27",
            "rotation": 0.12566370614359174,
            "transform_matrix": [
                [
                    0.48616212606430054,
                    -0.3679947555065155,
                    -0.7926072478294373,
                    -3.1951019763946533
                ],
                [
                    -0.8738686442375183,
                    -0.2047276794910431,
                    -0.44095373153686523,
                    -1.7775413990020752
                ],
                [
                    0.0,
                    0.907009482383728,
                    -0.4211099445819855,
                    -1.697548508644104
                ],
                [
                    0.0,
                    0.0,
                    0.0,
                    1.0
                ]
            ]
        },
        {
            "file_path": "/data/shapenet_blender/all_50_random/02958343/89765af115d9a4955591fcdffe729c55/r_28",
            "rotation": 0.12566370614359174,
            "transform_matrix": [
                [
                    -0.5448169112205505,
                    0.33437079191207886,
                    -0.7690063118934631,
                    -3.099963665008545
                ],
                [
                    -0.8385551571846008,
                    -0.2172437608242035,
                    0.4996304512023926,
                    2.0140748023986816
                ],
                [
                    1.4901162970204496e-08,
                    0.9170612096786499,
                    0.3987463712692261,
                    1.6073980331420898
                ],
                [
                    0.0,
                    0.0,
                    0.0,
                    1.0
                ]
            ]
        },
        {
            "file_path": "/data/shapenet_blender/all_50_random/02958343/89765af115d9a4955591fcdffe729c55/r_29",
            "rotation": 0.12566370614359174,
            "transform_matrix": [
                [
                    0.9684271216392517,
                    0.05565384775400162,
                    0.24300561845302582,
                    0.9795869588851929
                ],
                [
                    0.24929720163345337,
                    -0.2161945402622223,
                    -0.9439866542816162,
                    -3.8053319454193115
                ],
                [
                    0.0,
                    0.9747627377510071,
                    -0.22324301302433014,
                    -0.8999213576316833
                ],
                [
                    0.0,
                    0.0,
                    0.0,
                    1.0
                ]
            ]
        },
        {
            "file_path": "/data/shapenet_blender/all_50_random/02958343/89765af115d9a4955591fcdffe729c55/r_30",
            "rotation": 0.12566370614359174,
            "transform_matrix": [
                [
                    0.46993497014045715,
                    0.7451465725898743,
                    -0.47319942712783813,
                    -1.907528042793274
                ],
                [
                    -0.8827010989189148,
                    0.39670330286026,
                    -0.2519232928752899,
                    -1.0155353546142578
                ],
                [
                    -1.4901161193847656e-08,
                    0.5360811948776245,
                    0.8441663384437561,
                    3.4029436111450195
                ],
                [
                    0.0,
                    0.0,
                    0.0,
                    1.0
                ]
            ]
        },
        {
            "file_path": "/data/shapenet_blender/all_50_random/02958343/89765af115d9a4955591fcdffe729c55/r_31",
            "rotation": 0.12566370614359174,
            "transform_matrix": [
                [
                    0.9829553961753845,
                    0.0010178781813010573,
                    -0.18384113907814026,
                    -0.7410873174667358
                ],
                [
                    -0.1838439553976059,
                    0.0054422724060714245,
                    -0.9829403758049011,
                    -3.9623591899871826
                ],
                [
                    0.0,
                    0.9999847412109375,
                    0.005536641459912062,
                    0.022318914532661438
                ],
                [
                    0.0,
                    0.0,
                    0.0,
                    1.0
                ]
            ]
        },
        {
            "file_path": "/data/shapenet_blender/all_50_random/02958343/89765af115d9a4955591fcdffe729c55/r_32",
            "rotation": 0.12566370614359174,
            "transform_matrix": [
                [
                    -0.3328976333141327,
                    0.03278464823961258,
                    0.942392885684967,
                    3.7989072799682617
                ],
                [
                    0.9429630041122437,
                    0.01157408207654953,
                    0.3326963484287262,
                    1.3411418199539185
                ],
                [
                    9.313225746154785e-10,
                    0.9993954300880432,
                    -0.034767694771289825,
                    -0.14015306532382965
                ],
                [
                    0.0,
                    0.0,
                    0.0,
                    1.0
                ]
            ]
        },
        {
            "file_path": "/data/shapenet_blender/all_50_random/02958343/89765af115d9a4955591fcdffe729c55/r_33",
            "rotation": 0.12566370614359174,
            "transform_matrix": [
                [
                    0.07722291350364685,
                    0.539250910282135,
                    0.8385971188545227,
                    3.380492687225342
                ],
                [
                    0.9970138669013977,
                    -0.04176725074648857,
                    -0.06495287269353867,
                    -0.2618333697319031
                ],
                [
                    0.0,
                    0.8411086797714233,
                    -0.5408660769462585,
                    -2.180300712585449
                ],
                [
                    0.0,
                    0.0,
                    0.0,
                    1.0
                ]
            ]
        },
        {
            "file_path": "/data/shapenet_blender/all_50_random/02958343/89765af115d9a4955591fcdffe729c55/r_34",
            "rotation": 0.12566370614359174,
            "transform_matrix": [
                [
                    0.3938732147216797,
                    0.8673031330108643,
                    -0.3043832778930664,
                    -1.22700834274292
                ],
                [
                    -0.9191648364067078,
                    0.3716498613357544,
                    -0.1304319053888321,
                    -0.525787889957428
                ],
                [
                    0.0,
                    0.3311521112918854,
                    0.9435773491859436,
                    3.8036820888519287
                ],
                [
                    0.0,
                    0.0,
                    0.0,
                    1.0
                ]
            ]
        },
        {
            "file_path": "/data/shapenet_blender/all_50_random/02958343/89765af115d9a4955591fcdffe729c55/r_35",
            "rotation": 0.12566370614359174,
            "transform_matrix": [
                [
                    -0.16555432975292206,
                    0.3015514314174652,
                    0.938966691493988,
                    3.7850959300994873
                ],
                [
                    0.9862006902694702,
                    0.05062168836593628,
                    0.15762510895729065,
                    0.6354072093963623
                ],
                [
                    0.0,
                    0.9521050453186035,
                    -0.3057708442211151,
                    -1.2326017618179321
                ],
                [
                    0.0,
                    0.0,
                    0.0,
                    1.0
                ]
            ]
        },
        {
            "file_path": "/data/shapenet_blender/all_50_random/02958343/89765af115d9a4955591fcdffe729c55/r_36",
            "rotation": 0.12566370614359174,
            "transform_matrix": [
                [
                    0.8663105964660645,
                    0.021253658458590508,
                    -0.4990532100200653,
                    -2.0117478370666504
                ],
                [
                    -0.49950554966926575,
                    0.03686098754405975,
                    -0.8655260801315308,
                    -3.4890472888946533
                ],
                [
                    -1.8626450382086546e-09,
                    0.9990943670272827,
                    0.042549386620521545,
                    0.17152206599712372
                ],
                [
                    0.0,
                    0.0,
                    0.0,
                    1.0
                ]
            ]
        },
        {
            "file_path": "/data/shapenet_blender/all_50_random/02958343/89765af115d9a4955591fcdffe729c55/r_37",
            "rotation": 0.12566370614359174,
            "transform_matrix": [
                [
                    -0.9805953502655029,
                    0.06290919333696365,
                    0.18567532300949097,
                    0.7484812140464783
                ],
                [
                    0.19604313373565674,
                    0.31466782093048096,
                    0.9287362694740295,
                    3.7438559532165527
                ],
                [
                    0.0,
                    0.947114884853363,
                    -0.32089465856552124,
                    -1.2935678958892822
                ],
                [
                    0.0,
                    0.0,
                    0.0,
                    1.0
                ]
            ]
        },
        {
            "file_path": "/data/shapenet_blender/all_50_random/02958343/89765af115d9a4955591fcdffe729c55/r_38",
            "rotation": 0.12566370614359174,
            "transform_matrix": [
                [
                    -0.9431366920471191,
                    -0.15257544815540314,
                    -0.29532018303871155,
                    -1.1904737949371338
                ],
                [
                    -0.33240532875061035,
                    0.4329037368297577,
                    0.8379146456718445,
                    3.377742052078247
                ],
                [
                    0.0,
                    0.8884339332580566,
                    -0.4590042531490326,
                    -1.8503053188323975
                ],
                [
                    0.0,
                    0.0,
                    0.0,
                    1.0
                ]
            ]
        },
        {
            "file_path": "/data/shapenet_blender/all_50_random/02958343/89765af115d9a4955591fcdffe729c55/r_39",
            "rotation": 0.12566370614359174,
            "transform_matrix": [
                [
                    -0.8315880298614502,
                    -0.20160341262817383,
                    0.517510712146759,
                    2.0861525535583496
                ],
                [
                    0.5553929209709167,
                    -0.30186009407043457,
                    0.774867057800293,
                    3.123589277267456
                ],
                [
                    0.0,
                    0.9317920207977295,
                    0.3629923462867737,
                    1.4632691144943237
                ],
                [
                    0.0,
                    0.0,
                    0.0,
                    1.0
                ]
            ]
        },
        {
            "file_path": "/data/shapenet_blender/all_50_random/02958343/89765af115d9a4955591fcdffe729c55/r_40",
            "rotation": 0.12566370614359174,
            "transform_matrix": [
                [
                    -0.9649699926376343,
                    0.2285742610692978,
                    -0.12878991663455963,
                    -0.5191687345504761
                ],
                [
                    -0.262360543012619,
                    -0.840703010559082,
                    0.47369322180747986,
                    1.9095184803009033
                ],
                [
                    7.450581485102248e-09,
                    0.4908890426158905,
                    0.8712220788002014,
                    3.5120084285736084
                ],
                [
                    0.0,
                    0.0,
                    0.0,
                    1.0
                ]
            ]
        },
        {
            "file_path": "/data/shapenet_blender/all_50_random/02958343/89765af115d9a4955591fcdffe729c55/r_41",
            "rotation": 0.12566370614359174,
            "transform_matrix": [
                [
                    0.4472600221633911,
                    -0.20974837243556976,
                    0.8694619536399841,
                    3.504913330078125
                ],
                [
                    0.8944039940834045,
                    0.10488779842853546,
                    -0.434787392616272,
                    -1.7526839971542358
                ],
                [
                    0.0,
                    0.9721132516860962,
