{
    "class": "02958343",
    "model": "a421aeec78440e40d3a3ff116860ca63",
    "remove_doubles": true,
    "edge_split": true,
    "denoise": true,
    "camera_angle_x": 0.6911112070083618,
    "scale_factor": 2.2462697767804007,
    "hdri_file": "/data/IndoorHDRDataset2018/9C4A7989-0812eba9f2.exr",
    "center_offset": [
        0.0,
        -1.862645149230957e-09,
        -3.725290298461914e-09
    ],
    "lights": [],
    "frames": [
        {
            "file_path": "/data/shapenet_blender/all_50_random/02958343/a421aeec78440e40d3a3ff116860ca63/r_0",
            "rotation": 0.12566370614359174,
            "transform_matrix": [
                [
                    0.33758246898651123,
                    0.38767412304878235,
                    0.8577567934989929,
                    3.457728385925293
                ],
                [
                    0.9412959814071655,
                    -0.13903385400772095,
                    -0.30762234330177307,
                    -1.2400654554367065
                ],
                [
                    7.450580596923828e-09,
                    0.9112509489059448,
                    -0.4118514060974121,
                    -1.6602262258529663
                ],
                [
                    0.0,
                    0.0,
                    0.0,
                    1.0
                ]
            ]
        },
        {
            "file_path": "/data/shapenet_blender/all_50_random/02958343/a421aeec78440e40d3a3ff116860ca63/r_1",
            "rotation": 0.12566370614359174,
            "transform_matrix": [
                [
                    0.6505773067474365,
                    0.7292754650115967,
                    0.21191143989562988,
                    0.8542423248291016
                ],
                [
                    0.7594398856163025,
                    -0.6247367858886719,
                    -0.1815347820520401,
                    -0.7317901253700256
                ],
                [
                    1.4901158529312397e-08,
                    0.27903637290000916,
                    -0.9602805376052856,
                    -3.8710145950317383
                ],
                [
                    0.0,
                    0.0,
                    0.0,
                    1.0
                ]
            ]
        },
        {
            "file_path": "/data/shapenet_blender/all_50_random/02958343/a421aeec78440e40d3a3ff116860ca63/r_2",
            "rotation": 0.12566370614359174,
            "transform_matrix": [
                [
                    0.8999451994895935,
                    -0.19781793653964996,
                    0.3885444104671478,
                    1.5662727355957031
                ],
                [
                    0.4360031485557556,
                    0.40831196308135986,
                    -0.801986575126648,
                    -3.2329115867614746
                ],
                [
                    0.0,
                    0.8911505937576294,
                    0.45370757579803467,
                    1.8289538621902466
                ],
                [
                    0.0,
                    0.0,
                    0.0,
                    1.0
                ]
            ]
        },
        {
            "file_path": "/data/shapenet_blender/all_50_random/02958343/a421aeec78440e40d3a3ff116860ca63/r_3",
            "rotation": 0.12566370614359174,
            "transform_matrix": [
                [
                    -0.49946117401123047,
                    0.6114188432693481,
                    -0.6137633323669434,
                    -2.4741592407226562
                ],
                [
                    -0.8663363456726074,
                    -0.35249587893486023,
                    0.3538475036621094,
                    1.4264049530029297
                ],
                [
                    -1.4901161193847656e-08,
                    0.7084585428237915,
                    0.705752432346344,
                    2.8449790477752686
                ],
                [
                    0.0,
                    0.0,
                    0.0,
                    1.0
                ]
            ]
        },
        {
            "file_path": "/data/shapenet_blender/all_50_random/02958343/a421aeec78440e40d3a3ff116860ca63/r_4",
            "rotation": 0.12566370614359174,
            "transform_matrix": [
                [
                    0.8277362585067749,
                    0.13814616203308105,
                    0.5438458323478699,
                    2.192312717437744
                ],
                [
                    0.5611172914505005,
                    -0.20378732681274414,
                    -0.8022580742835999,
                    -3.2340056896209717
                ],
                [
                    1.4901161193847656e-08,
                    0.969219446182251,
                    -0.246198371052742,
                    -0.992457389831543
                ],
                [
                    0.0,
                    0.0,
                    0.0,
                    1.0
                ]
            ]
        },
        {
            "file_path": "/data/shapenet_blender/all_50_random/02958343/a421aeec78440e40d3a3ff116860ca63/r_5",
            "rotation": 0.12566370614359174,
            "transform_matrix": [
                [
                    -0.9776727557182312,
                    -0.008790538646280766,
                    -0.20994924008846283,
                    -0.8463324308395386
                ],
                [
                    -0.2101331651210785,
                    0.04089915752410889,
                    0.9768169522285461,
                    3.9376749992370605
                ],
                [
                    -9.313225746154785e-10,
                    0.9991244673728943,
                    -0.04183318465948105,
                    -0.16863496601581573
                ],
                [
                    0.0,
                    0.0,
                    0.0,
                    1.0
                ]
            ]
        },
        {
            "file_path": "/data/shapenet_blender/all_50_random/02958343/a421aeec78440e40d3a3ff116860ca63/r_6",
            "rotation": 0.12566370614359174,
            "transform_matrix": [
                [
                    0.8922466039657593,
                    -0.10046903043985367,
                    -0.4402293264865875,
                    -1.7746211290359497
                ],
                [
                    -0.4515482783317566,
                    -0.19852396845817566,
                    -0.8698806762695312,
                    -3.506601095199585
                ],
                [
                    0.0,
                    0.9749330282211304,
                    -0.22249898314476013,
                    -0.8969221115112305
                ],
                [
                    0.0,
                    0.0,
                    0.0,
                    1.0
                ]
            ]
        },
        {
            "file_path": "/data/shapenet_blender/all_50_random/02958343/a421aeec78440e40d3a3ff116860ca63/r_7",
            "rotation": 0.12566370614359174,
            "transform_matrix": [
                [
                    0.2530105412006378,
                    0.8039053082466125,
                    0.5382580161094666,
                    2.169787645339966
                ],
                [
                    0.9674635529518127,
                    -0.21023687720298767,
                    -0.14076495170593262,
                    -0.5674417018890381
                ],
                [
                    -7.450580596923828e-09,
                    0.5563600063323975,
                    -0.8309412598609924,
                    -3.3496315479278564
                ],
                [
                    0.0,
                    0.0,
                    0.0,
                    1.0
                ]
            ]
        },
        {
            "file_path": "/data/shapenet_blender/all_50_random/02958343/a421aeec78440e40d3a3ff116860ca63/r_8",
            "rotation": 0.12566370614359174,
            "transform_matrix": [
                [
                    0.9910394549369812,
                    -0.015472933650016785,
                    -0.13267067074775696,
                    -0.5348126292228699
                ],
                [
                    -0.13356991112232208,
                    -0.11480344831943512,
                    -0.9843673706054688,
                    -3.968111991882324
                ],
                [
                    -9.313225746154785e-10,
                    0.9932676553726196,
                    -0.11584145575761795,
                    -0.46697187423706055
                ],
                [
                    0.0,
                    0.0,
                    0.0,
                    1.0
                ]
            ]
        },
        {
            "file_path": "/data/shapenet_blender/all_50_random/02958343/a421aeec78440e40d3a3ff116860ca63/r_9",
            "rotation": 0.12566370614359174,
            "transform_matrix": [
                [
                    -0.9943332076072693,
                    -0.08073443174362183,
                    -0.06916332244873047,
                    -0.27880629897117615
                ],
                [
                    -0.10630907118320465,
                    0.7551277279853821,
                    0.646900475025177,
                    2.6077394485473633
                ],
                [
                    0.0,
                    0.650587260723114,
                    -0.7594313621520996,
                    -3.061366081237793
                ],
                [
                    0.0,
                    0.0,
                    0.0,
                    1.0
                ]
            ]
        },
        {
            "file_path": "/data/shapenet_blender/all_50_random/02958343/a421aeec78440e40d3a3ff116860ca63/r_10",
            "rotation": 0.12566370614359174,
            "transform_matrix": [
                [
                    0.546955943107605,
                    0.4267118275165558,
                    0.7202473878860474,
                    2.9034101963043213
                ],
                [
                    0.8371616005897522,
                    -0.2787903845310211,
                    -0.47057056427001953,
                    -1.8969305753707886
                ],
                [
                    2.980232949312267e-08,
                    0.8603445887565613,
                    -0.5097126960754395,
                    -2.054717540740967
                ],
                [
                    0.0,
                    0.0,
                    0.0,
                    1.0
                ]
            ]
        },
        {
            "file_path": "/data/shapenet_blender/all_50_random/02958343/a421aeec78440e40d3a3ff116860ca63/r_11",
            "rotation": 0.12566370614359174,
            "transform_matrix": [
                [
                    0.2572004199028015,
                    0.8192424774169922,
                    0.5125325918197632,
                    2.066084861755371
                ],
                [
                    0.9663580060005188,
                    -0.21804499626159668,
                    -0.1364128142595291,
                    -0.5498976707458496
                ],
                [
                    0.0,
                    0.5303753018379211,
                    -0.8477628231048584,
                    -3.4174413681030273
                ],
                [
                    0.0,
                    0.0,
                    0.0,
                    1.0
                ]
            ]
        },
        {
            "file_path": "/data/shapenet_blender/all_50_random/02958343/a421aeec78440e40d3a3ff116860ca63/r_12",
            "rotation": 0.12566370614359174,
            "transform_matrix": [
                [
                    0.8269186615943909,
                    0.4535023272037506,
                    0.3324775695800781,
                    1.3402599096298218
                ],
                [
                    0.5623217225074768,
                    -0.6668949127197266,
                    -0.48892271518707275,
                    -1.9709105491638184
                ],
                [
                    1.4901162970204496e-08,
                    0.5912585854530334,
                    -0.8064819574356079,
                    -3.251032829284668
                ],
                [
                    0.0,
                    0.0,
                    0.0,
                    1.0
                ]
            ]
        },
        {
            "file_path": "/data/shapenet_blender/all_50_random/02958343/a421aeec78440e40d3a3ff116860ca63/r_13",
            "rotation": 0.12566370614359174,
            "transform_matrix": [
                [
                    -0.9873334765434265,
                    -0.011937190778553486,
                    0.1582091748714447,
                    0.6377615928649902
                ],
                [
                    0.15865889191627502,
                    -0.07428508251905441,
                    0.9845349192619324,
                    3.96878719329834
                ],
                [
                    0.0,
                    0.9971655607223511,
                    0.07523808628320694,
                    0.30329442024230957
                ],
                [
                    0.0,
                    0.0,
                    0.0,
                    1.0
                ]
            ]
        },
        {
            "file_path": "/data/shapenet_blender/all_50_random/02958343/a421aeec78440e40d3a3ff116860ca63/r_14",
            "rotation": 0.12566370614359174,
            "transform_matrix": [
                [
                    0.8689867854118347,
                    -0.023229360580444336,
                    -0.49428993463516235,
                    -1.9925464391708374
                ],
                [
                    -0.4948354959487915,
                    -0.040793366730213165,
                    -0.8680287003517151,
                    -3.4991354942321777
                ],
                [
                    1.862645371275562e-09,
                    0.9988974928855896,
                    -0.046943604946136475,
                    -0.18923571705818176
                ],
                [
                    0.0,
                    0.0,
                    0.0,
                    1.0
                ]
            ]
        },
        {
            "file_path": "/data/shapenet_blender/all_50_random/02958343/a421aeec78440e40d3a3ff116860ca63/r_15",
            "rotation": 0.12566370614359174,
            "transform_matrix": [
                [
                    -0.6653503775596619,
                    -0.06768757849931717,
                    -0.7434563040733337,
                    -2.9969682693481445
                ],
                [
                    -0.7465312480926514,
                    0.0603269524872303,
                    0.6626098155975342,
                    2.67106556892395
                ],
                [
                    0.0,
                    0.9958810210227966,
                    -0.09066945314407349,
                    -0.36550024151802063
                ],
                [
                    0.0,
                    0.0,
                    0.0,
                    1.0
                ]
            ]
        },
        {
            "file_path": "/data/shapenet_blender/all_50_random/02958343/a421aeec78440e40d3a3ff116860ca63/r_16",
            "rotation": 0.12566370614359174,
            "transform_matrix": [
                [
                    0.038065355271101,
                    0.9379439949989319,
                    -0.3446911573410034,
                    -1.3894942998886108
                ],
                [
                    -0.999275267124176,
                    0.0357290655374527,
                    -0.013130306266248226,
                    -0.05292995274066925
                ],
                [
                    9.313225746154785e-10,
                    0.3449411690235138,
                    0.938624382019043,
                    3.7837154865264893
                ],
                [
                    0.0,
                    0.0,
                    0.0,
                    1.0
                ]
            ]
        },
        {
            "file_path": "/data/shapenet_blender/all_50_random/02958343/a421aeec78440e40d3a3ff116860ca63/r_17",
            "rotation": 0.12566370614359174,
            "transform_matrix": [
                [
                    -0.8839447498321533,
                    0.11528819054365158,
                    -0.4531560242176056,
                    -1.8267303705215454
                ],
                [
                    -0.4675914943218231,
                    -0.2179431915283203,
                    0.8566556572914124,
                    3.45328950881958
                ],
                [
                    1.4901162970204496e-08,
                    0.9691280722618103,
                    0.24655753374099731,
                    0.9939051866531372
                ],
                [
                    0.0,
                    0.0,
                    0.0,
                    1.0
                ]
            ]
        },
        {
            "file_path": "/data/shapenet_blender/all_50_random/02958343/a421aeec78440e40d3a3ff116860ca63/r_18",
            "rotation": 0.12566370614359174,
            "transform_matrix": [
                [
                    -0.7939133048057556,
                    0.31422922015190125,
                    -0.5205396413803101,
                    -2.098362445831299
                ],
                [
                    -0.6080307960510254,
                    -0.41029298305511475,
                    0.6796750426292419,
                    2.7398576736450195
                ],
                [
                    0.0,
                    0.8561073541641235,
                    0.5167980790138245,
                    2.083279609680176
                ],
                [
                    0.0,
                    0.0,
                    0.0,
                    1.0
                ]
            ]
        },
        {
            "file_path": "/data/shapenet_blender/all_50_random/02958343/a421aeec78440e40d3a3ff116860ca63/r_19",
            "rotation": 0.12566370614359174,
            "transform_matrix": [
                [
                    0.6320688128471375,
                    -0.3915666937828064,
                    0.668703556060791,
                    2.6956303119659424
                ],
                [
                    0.7749122381210327,
                    0.319387286901474,
                    -0.5454381108283997,
                    -2.1987314224243164
                ],
                [
                    -1.4901161193847656e-08,
                    0.8629410862922668,
                    0.5053045749664307,
                    2.0369479656219482
                ],
                [
                    0.0,
                    0.0,
                    0.0,
                    1.0
                ]
            ]
        },
        {
            "file_path": "/data/shapenet_blender/all_50_random/02958343/a421aeec78440e40d3a3ff116860ca63/r_20",
            "rotation": 0.12566370614359174,
            "transform_matrix": [
                [
                    0.7687477469444275,
                    0.19032159447669983,
                    -0.6105771660804749,
                    -2.461315393447876
                ],
                [
                    -0.6395519971847534,
                    0.22876840829849243,
                    -0.7339196801185608,
                    -2.9585249423980713
                ],
                [
                    1.4901161193847656e-08,
                    0.9546950459480286,
                    0.29758578538894653,
                    1.1996066570281982
                ],
                [
                    0.0,
                    0.0,
                    0.0,
                    1.0
                ]
            ]
        },
        {
            "file_path": "/data/shapenet_blender/all_50_random/02958343/a421aeec78440e40d3a3ff116860ca63/r_21",
            "rotation": 0.12566370614359174,
            "transform_matrix": [
                [
                    -0.946989893913269,
                    0.2607870399951935,
                    -0.18761777877807617,
                    -0.7563114762306213
                ],
                [
                    -0.3212636411190033,
                    -0.7687227725982666,
                    0.5530415177345276,
                    2.229381561279297
                ],
                [
                    0.0,
                    0.5839993357658386,
                    0.811754047870636,
                    3.272285223007202
                ],
                [
                    0.0,
                    0.0,
                    0.0,
                    1.0
                ]
            ]
        },
        {
            "file_path": "/data/shapenet_blender/all_50_random/02958343/a421aeec78440e40d3a3ff116860ca63/r_22",
            "rotation": 0.12566370614359174,
            "transform_matrix": [
                [
                    0.961102306842804,
                    0.26970645785331726,
                    -0.059504393488168716,
                    -0.2398698776960373
                ],
                [
                    -0.27619263529777527,
                    0.9385315179824829,
                    -0.2070649117231369,
                    -0.8347053527832031
                ],
                [
                    0.0,
                    0.21544544398784637,
                    0.9765159487724304,
                    3.9364616870880127
                ],
                [
                    0.0,
                    0.0,
                    0.0,
                    1.0
                ]
            ]
        },
        {
            "file_path": "/data/shapenet_blender/all_50_random/02958343/a421aeec78440e40d3a3ff116860ca63/r_23",
            "rotation": 0.12566370614359174,
            "transform_matrix": [
                [
                    -0.10260910540819168,
                    -0.5194710493087769,
                    -0.8483049273490906,
                    -3.419626474380493
                ],
                [
                    -0.9947217702865601,
                    0.053585298359394073,
                    0.08750569075345993,
                    0.35274672508239746
                ],
                [
                    -3.725290298461914e-09,
                    0.8528060913085938,
                    -0.5222275257110596,
                    -2.105166435241699
                ],
                [
                    0.0,
                    0.0,
                    0.0,
                    1.0
                ]
            ]
        },
        {
            "file_path": "/data/shapenet_blender/all_50_random/02958343/a421aeec78440e40d3a3ff116860ca63/r_24",
            "rotation": 0.12566370614359174,
            "transform_matrix": [
                [
                    0.7675025463104248,
                    -0.21930645406246185,
                    0.6023657917976379,
                    2.4282140731811523
                ],
                [
                    0.641045868396759,
                    0.2625681757926941,
                    -0.7211921215057373,
                    -2.9072184562683105
                ],
                [
                    0.0,
                    0.9396607875823975,
                    0.34210726618766785,
                    1.3790785074234009
                ],
                [
                    0.0,
                    0.0,
                    0.0,
                    1.0
                ]
            ]
        },
        {
            "file_path": "/data/shapenet_blender/all_50_random/02958343/a421aeec78440e40d3a3ff116860ca63/r_25",
            "rotation": 0.12566370614359174,
            "transform_matrix": [
                [
                    -0.2268446683883667,
                    0.5776859521865845,
                    -0.7841047644615173,
                    -3.16082763671875
                ],
                [
                    -0.9739309549331665,
                    -0.13455262780189514,
                    0.1826310008764267,
                    0.7362091541290283
                ],
                [
                    7.450580596923828e-09,
                    0.8050928115844727,
                    0.5931487083435059,
                    2.391059160232544
                ],
                [
                    0.0,
                    0.0,
                    0.0,
                    1.0
                ]
            ]
        },
        {
            "file_path": "/data/shapenet_blender/all_50_random/02958343/a421aeec78440e40d3a3ff116860ca63/r_26",
            "rotation": 0.12566370614359174,
            "transform_matrix": [
                [
                    0.8970592021942139,
                    0.18776024878025055,
                    -0.40003880858421326,
                    -1.6126081943511963
                ],
                [
                    -0.44191065430641174,
                    0.38114506006240845,
                    -0.8120611906051636,
                    -3.2735235691070557
                ],
                [
                    0.0,
                    0.9052482843399048,
                    0.4248828589916229,
                    1.7127577066421509
                ],
                [
                    0.0,
                    0.0,
                    0.0,
                    1.0
                ]
            ]
        },
        {
            "file_path": "/data/shapenet_blender/all_50_random/02958343/a421aeec78440e40d3a3ff116860ca63/r_27",
            "rotation": 0.12566370614359174,
            "transform_matrix": [
                [
                    0.9641063809394836,
                    -0.20747117698192596,
                    0.1656937450170517,
                    0.6679327487945557
                ],
                [
                    0.26551589369773865,
                    0.7533420324325562,
                    -0.601645290851593,
                    -2.425309419631958
                ],
                [
                    -7.4505792646561986e-09,
                    0.6240444779396057,
                    0.7813889384269714,
                    3.149879217147827
                ],
                [
                    0.0,
                    0.0,
                    0.0,
                    1.0
                ]
            ]
        },
        {
            "file_path": "/data/shapenet_blender/all_50_random/02958343/a421aeec78440e40d3a3ff116860ca63/r_28",
            "rotation": 0.12566370614359174,
            "transform_matrix": [
                [
                    -0.09164451062679291,
                    -0.01130807027220726,
                    -0.9957276582717896,
                    -4.013906002044678
                ],
                [
                    -0.9957917928695679,
                    0.0010407022200524807,
                    0.09163860976696014,
                    0.3694069981575012
                ],
                [
                    1.164153010102531e-10,
                    0.9999356269836426,
                    -0.011355857364833355,
                    -0.04577691853046417
                ],
                [
                    0.0,
                    0.0,
                    0.0,
                    1.0
                ]
            ]
        },
        {
            "file_path": "/data/shapenet_blender/all_50_random/02958343/a421aeec78440e40d3a3ff116860ca63/r_29",
            "rotation": 0.12566370614359174,
            "transform_matrix": [
                [
                    0.09515204280614853,
                    0.3964732885360718,
                    -0.913101851940155,
                    -3.68083119392395
                ],
                [
                    -0.9954627752304077,
                    0.03789718821644783,
                    -0.08727951347827911,
                    -0.3518349826335907
                ],
                [
                    -3.725290298461914e-09,
                    0.9172636270523071,
                    0.39828041195869446,
                    1.6055196523666382
                ],
                [
                    0.0,
                    0.0,
                    0.0,
                    1.0
                ]
            ]
        },
        {
            "file_path": "/data/shapenet_blender/all_50_random/02958343/a421aeec78440e40d3a3ff116860ca63/r_30",
            "rotation": 0.12566370614359174,
            "transform_matrix": [
                [
                    0.5740587115287781,
                    0.11126456409692764,
                    -0.8112192749977112,
                    -3.270129442214966
                ],
                [
                    -0.8188140392303467,
                    0.07800597697496414,
                    -0.5687341690063477,
                    -2.2926406860351562
                ],
                [
                    -7.450580152834618e-09,
                    0.9907245635986328,
                    0.13588501513004303,
                    0.5477700233459473
                ],
                [
                    0.0,
                    0.0,
                    0.0,
                    1.0
                ]
            ]
        },
        {
            "file_path": "/data/shapenet_blender/all_50_random/02958343/a421aeec78440e40d3a3ff116860ca63/r_31",
            "rotation": 0.12566370614359174,
            "transform_matrix": [
                [
                    0.4213370978832245,
                    -0.6877296566963196,
                    0.5911877155303955,
                    2.3831539154052734
                ],
                [
                    0.9069041013717651,
                    0.31951120495796204,
                    -0.2746589481830597,
                    -1.1071856021881104
                ],
                [
                    1.4901161193847656e-08,
                    0.6518744230270386,
                    0.7583268284797668,
                    3.056913137435913
                ],
                [
                    0.0,
                    0.0,
                    0.0,
                    1.0
                ]
            ]
        },
        {
            "file_path": "/data/shapenet_blender/all_50_random/02958343/a421aeec78440e40d3a3ff116860ca63/r_32",
            "rotation": 0.12566370614359174,
            "transform_matrix": [
                [
                    -0.37465789914131165,
                    0.002855342347174883,
                    -0.9271585941314697,
                    -3.7374961376190186
                ],
                [
                    -0.9271630644798279,
                    -0.001153817167505622,
                    0.3746561110019684,
                    1.5102871656417847
                ],
                [
                    0.0,
                    0.9999952912330627,
                    0.0030796544160693884,
                    0.012414485216140747
                ],
                [
                    0.0,
                    0.0,
                    0.0,
                    1.0
                ]
            ]
        },
        {
            "file_path": "/data/shapenet_blender/all_50_random/02958343/a421aeec78440e40d3a3ff116860ca63/r_33",
            "rotation": 0.12566370614359174,
            "transform_matrix": [
                [
                    -0.7385736107826233,
                    0.15945209562778473,
                    -0.6550449728965759,
                    -2.640570878982544
                ],
                [
                    -0.6741728186607361,
                    -0.17468386888504028,
                    0.7176186442375183,
                    2.8928134441375732
                ],
                [
                    7.450580596923828e-09,
                    0.9716277718544006,
                    0.23651519417762756,
                    0.9534233212471008
                ],
                [
                    0.0,
                    0.0,
                    0.0,
                    1.0
                ]
            ]
        },
        {
            "file_path": "/data/shapenet_blender/all_50_random/02958343/a421aeec78440e40d3a3ff116860ca63/r_34",
            "rotation": 0.12566370614359174,
            "transform_matrix": [
                [
                    0.19287791848182678,
                    0.702193558216095,
                    0.6853628754615784,
                    2.762786388397217
                ],
                [
                    0.9812228679656982,
                    -0.13802942633628845,
                    -0.134721040725708,
                    -0.5430779457092285
                ],
                [
                    -7.450581485102248e-09,
                    0.6984784603118896,
                    -0.7156310081481934,
                    -2.884801149368286
                ],
                [
                    0.0,
                    0.0,
                    0.0,
                    1.0
                ]
            ]
        },
        {
            "file_path": "/data/shapenet_blender/all_50_random/02958343/a421aeec78440e40d3a3ff116860ca63/r_35",
            "rotation": 0.12566370614359174,
            "transform_matrix": [
                [
                    -0.5149450898170471,
                    -0.7366125583648682,
                    -0.43844422698020935,
                    -1.7674251794815063
                ],
                [
                    -0.8572230339050293,
                    0.442492812871933,
                    0.26337921619415283,
                    1.0617156028747559
                ],
                [
                    -1.4901160305669237e-08,
                    0.5114702582359314,
                    -0.8593009114265442,
                    -3.4639527797698975
                ],
                [
                    0.0,
                    0.0,
                    0.0,
                    1.0
                ]
            ]
        },
        {
            "file_path": "/data/shapenet_blender/all_50_random/02958343/a421aeec78440e40d3a3ff116860ca63/r_36",
            "rotation": 0.12566370614359174,
            "transform_matrix": [
                [
                    0.7505735158920288,
                    0.02624858170747757,
                    -0.660265326499939,
                    -2.6616148948669434
                ],
                [
                    -0.6607869267463684,
                    0.029815196990966797,
                    -0.7499810457229614,
                    -3.023270606994629
                ],
                [
                    3.725290298461914e-09,
                    0.9992106556892395,
                    0.03972321376204491,
                    0.16012941300868988
                ],
                [
                    0.0,
                    0.0,
                    0.0,
                    1.0
                ]
            ]
        },
        {
            "file_path": "/data/shapenet_blender/all_50_random/02958343/a421aeec78440e40d3a3ff116860ca63/r_37",
            "rotation": 0.12566370614359174,
            "transform_matrix": [
                [
                    0.3619382083415985,
                    -0.0062629226595163345,
                    -0.9321810007095337,
                    -3.757741928100586
                ],
                [
                    -0.9322021007537842,
                    -0.002431652043014765,
                    -0.3619300425052643,
                    -1.4589866399765015
                ],
                [
                    2.3283062977608182e-10,
                    0.9999775290489197,
                    -0.006718415766954422,
                    -0.02708280086517334
                ],
                [
                    0.0,
                    0.0,
                    0.0,
                    1.0
                ]
            ]
        },
        {
            "file_path": "/data/shapenet_blender/all_50_random/02958343/a421aeec78440e40d3a3ff116860ca63/r_38",
            "rotation": 0.12566370614359174,
            "transform_matrix": [
                [
                    0.8945966958999634,
                    0.16343599557876587,
                    -0.4159151613712311,
                    -1.676607608795166
                ],
                [
                    -0.4468744397163391,
                    0.3271820843219757,
                    -0.8326194286346436,
                    -3.356396198272705
                ],
                [
                    1.4901161193847656e-08,
                    0.9307203888893127,
                    0.3657313883304596,
                    1.4743103981018066
                ],
                [
                    0.0,
                    0.0,
                    0.0,
                    1.0
                ]
            ]
        },
        {
            "file_path": "/data/shapenet_blender/all_50_random/02958343/a421aeec78440e40d3a3ff116860ca63/r_39",
            "rotation": 0.12566370614359174,
            "transform_matrix": [
                [
                    0.6527082920074463,
                    -0.5664000511169434,
                    -0.5031528472900391,
                    -2.0282742977142334
                ],
                [
                    -0.7576093673706055,
                    -0.48797446489334106,
                    -0.43348467350006104,
                    -1.7474327087402344
                ],
                [
                    -1.4901162970204496e-08,
                    0.6641324162483215,
                    -0.747614860534668,
                    -3.0137321949005127
                ],
                [
                    0.0,
                    0.0,
                    0.0,
                    1.0
                ]
            ]
        },
        {
            "file_path": "/data/shapenet_blender/all_50_random/02958343/a421aeec78440e40d3a3ff116860ca63/r_40",
            "rotation": 0.12566370614359174,
            "transform_matrix": [
                [
                    0.857441782951355,
                    0.0821893960237503,
                    0.5079749822616577,
                    2.047712564468384
                ],
                [
                    0.5145810842514038,
                    -0.13695143163204193,
                    -0.8464340567588806,
                    -3.4120848178863525
                ],
                [
                    0.0,
                    0.9871621131896973,
                    -0.1597210019826889,
                    -0.6438559293746948
                ],
                [
                    0.0,
                    0.0,
                    0.0,
                    1.0
                ]
            ]
        },
        {
            "file_path": "/data/shapenet_blender/all_50_random/02958343/a421aeec78440e40d3a3ff116860ca63/r_41",
            "rotation": 0.12566370614359174,
            "transform_matrix": [
                [
                    -0.8557817935943604,
                    -0.5018209218978882,
                    0.12575112283229828,
                    0.5069189667701721
                ],
                [
