{
    "class": "02958343",
    "model": "841d9f6bbe50ec6f122568beab222093",
    "remove_doubles": true,
    "edge_split": true,
    "denoise": true,
    "camera_angle_x": 0.6911112070083618,
    "scale_factor": 2.3153829178914265,
    "hdri_file": "/data/IndoorHDRDataset2018/9C4A0010-48093a025c.exr",
    "center_offset": [
        0.0,
        0.0,
        9.313225746154785e-10
    ],
    "lights": [],
    "frames": [
        {
            "file_path": "/data/shapenet_blender/all_50_random/02958343/841d9f6bbe50ec6f122568beab222093/r_0",
            "rotation": 0.12566370614359174,
            "transform_matrix": [
                [
                    -0.3145383894443512,
                    -0.4055763781070709,
                    0.8582383990287781,
                    3.459670066833496
                ],
                [
                    0.9492447376251221,
                    -0.13439035415649414,
                    0.2843828797340393,
                    1.1463841199874878
                ],
                [
                    -7.450580596923828e-09,
                    0.9041276574134827,
                    0.4272620975971222,
                    1.7223488092422485
                ],
                [
                    0.0,
                    0.0,
                    0.0,
                    1.0
                ]
            ]
        },
        {
            "file_path": "/data/shapenet_blender/all_50_random/02958343/841d9f6bbe50ec6f122568beab222093/r_1",
            "rotation": 0.12566370614359174,
            "transform_matrix": [
                [
                    0.8606716394424438,
                    -0.025276178494095802,
                    0.5085325241088867,
                    2.0499603748321533
                ],
                [
                    0.5091603398323059,
                    0.04272620752453804,
                    -0.8596104383468628,
                    -3.465200662612915
                ],
                [
                    0.0,
                    0.9987670183181763,
                    0.049642860889434814,
                    0.20011678338050842
                ],
                [
                    0.0,
                    0.0,
                    0.0,
                    1.0
                ]
            ]
        },
        {
            "file_path": "/data/shapenet_blender/all_50_random/02958343/841d9f6bbe50ec6f122568beab222093/r_2",
            "rotation": 0.12566370614359174,
            "transform_matrix": [
                [
                    0.233737051486969,
                    -0.10251230001449585,
                    0.9668806791305542,
                    3.897620677947998
                ],
                [
                    0.9722998738288879,
                    0.0246435534209013,
                    -0.23243430256843567,
                    -0.9369726181030273
                ],
                [
                    -1.8626450382086546e-09,
                    0.994426429271698,
                    0.10543280839920044,
                    0.4250132441520691
                ],
                [
                    0.0,
                    0.0,
                    0.0,
                    1.0
                ]
            ]
        },
        {
            "file_path": "/data/shapenet_blender/all_50_random/02958343/841d9f6bbe50ec6f122568beab222093/r_3",
            "rotation": 0.12566370614359174,
            "transform_matrix": [
                [
                    -0.9703088998794556,
                    0.11640825122594833,
                    0.212013840675354,
                    0.8546550273895264
                ],
                [
                    0.24186930060386658,
                    0.46699586510658264,
                    0.8505375981330872,
                    3.428626298904419
                ],
                [
                    7.450580596923828e-09,
                    0.8765636682510376,
                    -0.48128587007522583,
                    -1.9401251077651978
                ],
                [
                    0.0,
                    0.0,
                    0.0,
                    1.0
                ]
            ]
        },
        {
            "file_path": "/data/shapenet_blender/all_50_random/02958343/841d9f6bbe50ec6f122568beab222093/r_4",
            "rotation": 0.12566370614359174,
            "transform_matrix": [
                [
                    -0.957141637802124,
                    0.22097203135490417,
                    0.1872197687625885,
                    0.7547070980072021
                ],
                [
                    0.28962022066116333,
                    0.7302719354629517,
                    0.618726909160614,
                    2.494168281555176
                ],
                [
                    0.0,
                    0.6464318633079529,
                    -0.7629715204238892,
                    -3.075636863708496
                ],
                [
                    0.0,
                    0.0,
                    0.0,
                    1.0
                ]
            ]
        },
        {
            "file_path": "/data/shapenet_blender/all_50_random/02958343/841d9f6bbe50ec6f122568beab222093/r_5",
            "rotation": 0.12566370614359174,
            "transform_matrix": [
                [
                    -0.20230212807655334,
                    -0.6417065858840942,
                    -0.7397881746292114,
                    -2.9821815490722656
                ],
                [
                    -0.979323148727417,
                    0.13255952298641205,
                    0.15282055735588074,
                    0.6160393953323364
                ],
                [
                    7.450580596923828e-09,
                    0.7554075717926025,
                    -0.6552551984786987,
                    -2.641418218612671
                ],
                [
                    0.0,
                    0.0,
                    0.0,
                    1.0
                ]
            ]
        },
        {
            "file_path": "/data/shapenet_blender/all_50_random/02958343/841d9f6bbe50ec6f122568beab222093/r_6",
            "rotation": 0.12566370614359174,
            "transform_matrix": [
                [
                    0.9759490489959717,
                    -0.07251491397619247,
                    -0.20558449625968933,
                    -0.8287376165390015
                ],
                [
                    -0.21799862384796143,
                    -0.32463905215263367,
                    -0.9203727841377258,
                    -3.71014142036438
                ],
                [
                    -7.450580596923828e-09,
                    0.9430540800094604,
                    -0.33263933658599854,
                    -1.340912103652954
                ],
                [
                    0.0,
                    0.0,
                    0.0,
                    1.0
                ]
            ]
        },
        {
            "file_path": "/data/shapenet_blender/all_50_random/02958343/841d9f6bbe50ec6f122568beab222093/r_7",
            "rotation": 0.12566370614359174,
            "transform_matrix": [
                [
                    0.9770844578742981,
                    0.19069941341876984,
                    -0.0945495143532753,
                    -0.3811413049697876
                ],
                [
                    -0.21285177767276764,
                    0.8753952383995056,
                    -0.4340243935585022,
                    -1.7496083974838257
                ],
                [
                    0.0,
                    0.44420358538627625,
                    0.8959258198738098,
                    3.6115927696228027
                ],
                [
                    0.0,
                    0.0,
                    0.0,
                    1.0
                ]
            ]
        },
        {
            "file_path": "/data/shapenet_blender/all_50_random/02958343/841d9f6bbe50ec6f122568beab222093/r_8",
            "rotation": 0.12566370614359174,
            "transform_matrix": [
                [
                    0.7822823524475098,
                    0.020315365865826607,
                    -0.6225926876068115,
                    -2.509751319885254
                ],
                [
                    -0.6229240894317627,
                    0.02551250159740448,
                    -0.7818661332130432,
                    -3.1518032550811768
                ],
                [
                    0.0,
                    0.9994680285453796,
                    0.03261290863156319,
                    0.1314668357372284
                ],
                [
                    0.0,
                    0.0,
                    0.0,
                    1.0
                ]
            ]
        },
        {
            "file_path": "/data/shapenet_blender/all_50_random/02958343/841d9f6bbe50ec6f122568beab222093/r_9",
            "rotation": 0.12566370614359174,
            "transform_matrix": [
                [
                    -0.5623608231544495,
                    -0.5109525918960571,
                    -0.6501366496086121,
                    -2.6207847595214844
                ],
                [
                    -0.8268920183181763,
                    0.3474936783313751,
                    0.4421513080596924,
                    1.7823688983917236
                ],
                [
                    1.4901161193847656e-08,
                    0.786241352558136,
                    -0.6179195046424866,
                    -2.490913152694702
                ],
                [
                    0.0,
                    0.0,
                    0.0,
                    1.0
                ]
            ]
        },
        {
            "file_path": "/data/shapenet_blender/all_50_random/02958343/841d9f6bbe50ec6f122568beab222093/r_10",
            "rotation": 0.12566370614359174,
            "transform_matrix": [
                [
                    0.18946005403995514,
                    0.06429875642061234,
                    0.979780912399292,
                    3.9496231079101562
                ],
                [
                    0.9818885326385498,
                    -0.012406750582158566,
                    -0.18905337154865265,
                    -0.762098491191864
                ],
                [
                    0.0,
                    0.9978535175323486,
                    -0.06548479944467545,
                    -0.26397767663002014
                ],
                [
                    0.0,
                    0.0,
                    0.0,
                    1.0
                ]
            ]
        },
        {
            "file_path": "/data/shapenet_blender/all_50_random/02958343/841d9f6bbe50ec6f122568beab222093/r_11",
            "rotation": 0.12566370614359174,
            "transform_matrix": [
                [
                    -0.7622935175895691,
                    -0.14107714593410492,
                    -0.6316691040992737,
                    -2.546339511871338
                ],
                [
                    -0.6472315192222595,
                    0.16615724563598633,
                    0.7439645528793335,
                    2.9990170001983643
                ],
                [
                    0.0,
                    0.9759554862976074,
                    -0.21797017753124237,
                    -0.8786658644676208
                ],
                [
                    0.0,
                    0.0,
                    0.0,
                    1.0
                ]
            ]
        },
        {
            "file_path": "/data/shapenet_blender/all_50_random/02958343/841d9f6bbe50ec6f122568beab222093/r_12",
            "rotation": 0.12566370614359174,
            "transform_matrix": [
                [
                    -0.8082120418548584,
                    0.3365107476711273,
                    0.48327401280403137,
                    1.9481399059295654
                ],
                [
                    0.5888915061950684,
                    0.4618372619152069,
                    0.6632595062255859,
                    2.673684597015381
                ],
                [
                    1.4901160305669237e-08,
                    0.8206503391265869,
                    -0.5714306831359863,
                    -2.3035106658935547
                ],
                [
                    0.0,
                    0.0,
                    0.0,
                    1.0
                ]
            ]
        },
        {
            "file_path": "/data/shapenet_blender/all_50_random/02958343/841d9f6bbe50ec6f122568beab222093/r_13",
            "rotation": 0.12566370614359174,
            "transform_matrix": [
                [
                    -0.4698076844215393,
                    -0.21583464741706848,
                    0.8559766411781311,
                    3.450552463531494
                ],
                [
                    0.8827688097953796,
                    -0.11486674100160599,
                    0.4555489420890808,
                    1.836376667022705
                ],
                [
                    7.450581485102248e-09,
                    0.9696497917175293,
                    0.2444973737001419,
                    0.985600471496582
                ],
                [
                    0.0,
                    0.0,
                    0.0,
                    1.0
                ]
            ]
        },
        {
            "file_path": "/data/shapenet_blender/all_50_random/02958343/841d9f6bbe50ec6f122568beab222093/r_14",
            "rotation": 0.12566370614359174,
            "transform_matrix": [
                [
                    -0.7217868566513062,
                    -0.10280624032020569,
                    0.6844373345375061,
                    2.7590553760528564
                ],
                [
                    0.6921153664588928,
                    -0.10721361637115479,
                    0.7137796878814697,
                    2.877338171005249
                ],
                [
                    0.0,
                    0.9889064431190491,
                    0.14853915572166443,
                    0.5987805724143982
                ],
                [
                    0.0,
                    0.0,
                    0.0,
                    1.0
                ]
            ]
        },
        {
            "file_path": "/data/shapenet_blender/all_50_random/02958343/841d9f6bbe50ec6f122568beab222093/r_15",
            "rotation": 0.12566370614359174,
            "transform_matrix": [
                [
                    -0.25613316893577576,
                    0.19121697545051575,
                    0.9475398063659668,
                    3.819655418395996
                ],
                [
                    0.9666414856910706,
                    0.05066719651222229,
                    0.2510717511177063,
                    1.012102723121643
                ],
                [
                    0.0,
                    0.9802391529083252,
                    -0.19781580567359924,
                    -0.7974210977554321
                ],
                [
                    0.0,
                    0.0,
                    0.0,
                    1.0
                ]
            ]
        },
        {
            "file_path": "/data/shapenet_blender/all_50_random/02958343/841d9f6bbe50ec6f122568beab222093/r_16",
            "rotation": 0.12566370614359174,
            "transform_matrix": [
                [
                    0.7200005054473877,
                    0.15342414379119873,
                    -0.6768015623092651,
                    -2.728274345397949
                ],
                [
                    -0.6939736008644104,
                    0.15917818248271942,
                    -0.7021844387054443,
                    -2.8305959701538086
                ],
                [
                    0.0,
                    0.9752554893493652,
                    0.22108067572116852,
                    0.8912047147750854
                ],
                [
                    0.0,
                    0.0,
                    0.0,
                    1.0
                ]
            ]
        },
        {
            "file_path": "/data/shapenet_blender/all_50_random/02958343/841d9f6bbe50ec6f122568beab222093/r_17",
            "rotation": 0.12566370614359174,
            "transform_matrix": [
                [
                    0.08663427829742432,
                    -0.10773773491382599,
                    -0.9903974533081055,
                    -3.992419719696045
                ],
                [
                    -0.9962401986122131,
                    -0.00936900731176138,
                    -0.0861261859536171,
                    -0.34718576073646545
                ],
                [
                    0.0,
                    0.9941352009773254,
                    -0.10814433544874191,
                    -0.43594375252723694
                ],
                [
                    0.0,
                    0.0,
                    0.0,
                    1.0
                ]
            ]
        },
        {
            "file_path": "/data/shapenet_blender/all_50_random/02958343/841d9f6bbe50ec6f122568beab222093/r_18",
            "rotation": 0.12566370614359174,
            "transform_matrix": [
                [
                    -0.9851431846618652,
                    -0.14637716114521027,
                    0.08981524407863617,
                    0.36205682158470154
                ],
                [
                    0.17173542082309723,
                    -0.8396780490875244,
                    0.5152162313461304,
                    2.0769031047821045
                ],
                [
                    0.0,
                    0.522986114025116,
                    0.8523411750793457,
                    3.4358971118927
                ],
                [
                    0.0,
                    0.0,
                    0.0,
                    1.0
                ]
            ]
        },
        {
            "file_path": "/data/shapenet_blender/all_50_random/02958343/841d9f6bbe50ec6f122568beab222093/r_19",
            "rotation": 0.12566370614359174,
            "transform_matrix": [
                [
                    -0.9501730799674988,
                    0.19700495898723602,
                    -0.2415783703327179,
                    -0.973833441734314
                ],
                [
                    -0.3117227256298065,
                    -0.600497841835022,
                    0.7363636493682861,
                    2.968376398086548
                ],
                [
                    0.0,
                    0.7749783396720886,
                    0.6319878101348877,
                    2.547624111175537
                ],
                [
                    0.0,
                    0.0,
                    0.0,
                    1.0
                ]
            ]
        },
        {
            "file_path": "/data/shapenet_blender/all_50_random/02958343/841d9f6bbe50ec6f122568beab222093/r_20",
            "rotation": 0.12566370614359174,
            "transform_matrix": [
                [
                    -0.6960738301277161,
                    -0.21670597791671753,
                    0.6844849586486816,
                    2.759247303009033
                ],
                [
                    0.7179701924324036,
                    -0.21009694039821625,
                    0.6636097431182861,
                    2.6750967502593994
                ],
                [
                    0.0,
                    0.9533612132072449,
                    0.3018313944339752,
                    1.2167214155197144
                ],
                [
                    0.0,
                    0.0,
                    0.0,
                    1.0
                ]
            ]
        },
        {
            "file_path": "/data/shapenet_blender/all_50_random/02958343/841d9f6bbe50ec6f122568beab222093/r_21",
            "rotation": 0.12566370614359174,
            "transform_matrix": [
                [
                    0.999795138835907,
                    -0.018377287313342094,
                    0.008491863496601582,
                    0.034231796860694885
                ],
                [
                    0.02024441957473755,
                    0.907584547996521,
                    -0.41938096284866333,
                    -1.6905786991119385
                ],
                [
                    4.656613428188905e-10,
                    0.41946688294410706,
                    0.9077706336975098,
                    3.6593403816223145
                ],
                [
                    0.0,
                    0.0,
                    0.0,
                    1.0
                ]
            ]
        },
        {
            "file_path": "/data/shapenet_blender/all_50_random/02958343/841d9f6bbe50ec6f122568beab222093/r_22",
            "rotation": 0.12566370614359174,
            "transform_matrix": [
                [
                    0.5306061506271362,
                    -0.034563176333904266,
                    -0.8469135165214539,
                    -3.41401743888855
                ],
                [
                    -0.8476184010505676,
                    -0.02163642644882202,
                    -0.5301648378372192,
                    -2.137162685394287
                ],
                [
                    0.0,
                    0.999168336391449,
                    -0.0407768115401268,
                    -0.16437658667564392
                ],
                [
                    0.0,
                    0.0,
                    0.0,
                    1.0
                ]
            ]
        },
        {
            "file_path": "/data/shapenet_blender/all_50_random/02958343/841d9f6bbe50ec6f122568beab222093/r_23",
            "rotation": 0.12566370614359174,
            "transform_matrix": [
                [
                    -0.40655800700187683,
                    -0.18784289062023163,
                    0.8941059708595276,
                    3.6042566299438477
                ],
                [
                    0.9136249423027039,
                    -0.08358904719352722,
                    0.3978721797466278,
                    1.6038742065429688
                ],
                [
                    7.450580152834618e-09,
                    0.9786357879638672,
                    0.2056017369031906,
                    0.8288071751594543
                ],
                [
                    0.0,
                    0.0,
                    0.0,
                    1.0
                ]
            ]
        },
        {
            "file_path": "/data/shapenet_blender/all_50_random/02958343/841d9f6bbe50ec6f122568beab222093/r_24",
            "rotation": 0.12566370614359174,
            "transform_matrix": [
                [
                    0.8134453296661377,
                    -0.18673326075077057,
                    -0.5508514642715454,
                    -2.2205536365509033
                ],
                [
                    -0.5816413760185242,
                    -0.26115283370018005,
                    -0.7703845500946045,
                    -3.1055197715759277
                ],
                [
                    0.0,
                    0.9470638632774353,
                    -0.32104530930519104,
                    -1.294175148010254
                ],
                [
                    0.0,
                    0.0,
                    0.0,
                    1.0
                ]
            ]
        },
        {
            "file_path": "/data/shapenet_blender/all_50_random/02958343/841d9f6bbe50ec6f122568beab222093/r_25",
            "rotation": 0.12566370614359174,
            "transform_matrix": [
                [
                    0.9954832792282104,
                    -0.001025123638100922,
                    -0.09493263810873032,
                    -0.38268566131591797
                ],
                [
                    -0.09493818879127502,
                    -0.01074903178960085,
                    -0.9954251646995544,
                    -4.012686729431152
                ],
                [
                    -1.1641533570472262e-10,
                    0.9999417066574097,
                    -0.010797804221510887,
                    -0.04352733492851257
                ],
                [
                    0.0,
                    0.0,
                    0.0,
                    1.0
                ]
            ]
        },
        {
            "file_path": "/data/shapenet_blender/all_50_random/02958343/841d9f6bbe50ec6f122568beab222093/r_26",
            "rotation": 0.12566370614359174,
            "transform_matrix": [
                [
                    -0.17742620408535004,
                    0.40799954533576965,
                    -0.8955759406089783,
                    -3.610182046890259
                ],
                [
                    -0.9841341376304626,
                    -0.07355685532093048,
                    0.16146034002304077,
                    0.6508674621582031
                ],
                [
                    0.0,
                    0.9100140929222107,
                    0.4145772159099579,
                    1.67121422290802
                ],
                [
                    0.0,
                    0.0,
                    0.0,
                    1.0
                ]
            ]
        },
        {
            "file_path": "/data/shapenet_blender/all_50_random/02958343/841d9f6bbe50ec6f122568beab222093/r_27",
            "rotation": 0.12566370614359174,
            "transform_matrix": [
                [
                    0.9803482294082642,
                    -0.046825457364320755,
                    -0.19163672626018524,
                    -0.7725123167037964
                ],
                [
                    -0.19727455079555511,
                    -0.2326972782611847,
                    -0.9523312449455261,
                    -3.8389697074890137
                ],
                [
                    0.0,
                    0.9714213013648987,
                    -0.237361878156662,
                    -0.9568362832069397
                ],
                [
                    0.0,
                    0.0,
                    0.0,
                    1.0
                ]
            ]
        },
        {
            "file_path": "/data/shapenet_blender/all_50_random/02958343/841d9f6bbe50ec6f122568beab222093/r_28",
            "rotation": 0.12566370614359174,
            "transform_matrix": [
                [
                    -0.9870397448539734,
                    0.0023668536450713873,
                    0.1604587435722351,
                    0.6468299031257629
                ],
                [
                    0.1604762077331543,
                    0.014557788148522377,
                    0.9869323372840881,
                    3.9784514904022217
                ],
                [
                    0.0,
                    0.9998912811279297,
                    -0.014748938381671906,
                    -0.05945487320423126
                ],
                [
                    0.0,
                    0.0,
                    0.0,
                    1.0
                ]
            ]
        },
        {
            "file_path": "/data/shapenet_blender/all_50_random/02958343/841d9f6bbe50ec6f122568beab222093/r_29",
            "rotation": 0.12566370614359174,
            "transform_matrix": [
                [
                    -0.9999407529830933,
                    -0.0036245170049369335,
                    0.010269347578287125,
                    0.04139706492424011
                ],
                [
                    0.010890208184719086,
                    -0.33280378580093384,
                    0.942933201789856,
                    3.8010852336883545
                ],
                [
                    2.3283067140944524e-10,
                    0.9429891109466553,
                    0.3328234851360321,
                    1.3416544198989868
                ],
                [
                    0.0,
                    0.0,
                    0.0,
                    1.0
                ]
            ]
        },
        {
            "file_path": "/data/shapenet_blender/all_50_random/02958343/841d9f6bbe50ec6f122568beab222093/r_30",
            "rotation": 0.12566370614359174,
            "transform_matrix": [
                [
                    0.5072438716888428,
                    -0.5147402882575989,
                    0.6911917924880981,
                    2.786283493041992
                ],
                [
                    0.8618025779724121,
                    0.302968293428421,
                    -0.4068249762058258,
                    -1.6399641036987305
                ],
                [
                    0.0,
                    0.8020303845405579,
                    0.5972831845283508,
                    2.4077258110046387
                ],
                [
                    0.0,
                    0.0,
                    0.0,
                    1.0
                ]
            ]
        },
        {
            "file_path": "/data/shapenet_blender/all_50_random/02958343/841d9f6bbe50ec6f122568beab222093/r_31",
            "rotation": 0.12566370614359174,
            "transform_matrix": [
                [
                    -0.7962362766265869,
                    -0.24134516716003418,
                    0.5547614097595215,
                    2.2363150119781494
                ],
                [
                    0.604985773563385,
                    -0.31764012575149536,
                    0.7301347851753235,
                    2.943267822265625
                ],
                [
                    -1.4901161193847656e-08,
                    0.9169827103614807,
                    0.3989269435405731,
                    1.6081260442733765
                ],
                [
                    0.0,
                    0.0,
                    0.0,
                    1.0
                ]
            ]
        },
        {
            "file_path": "/data/shapenet_blender/all_50_random/02958343/841d9f6bbe50ec6f122568beab222093/r_32",
            "rotation": 0.12566370614359174,
            "transform_matrix": [
                [
                    0.9685825705528259,
                    0.08140163868665695,
                    -0.23499275743961334,
                    -0.9472861886024475
                ],
                [
                    -0.24869224429130554,
                    0.3170352280139923,
                    -0.9152271151542664,
                    -3.689398765563965
                ],
                [
                    -7.450580596923828e-09,
                    0.9449139833450317,
                    0.3273186981678009,
                    1.3194639682769775
                ],
                [
                    0.0,
                    0.0,
                    0.0,
                    1.0
                ]
            ]
        },
        {
            "file_path": "/data/shapenet_blender/all_50_random/02958343/841d9f6bbe50ec6f122568beab222093/r_33",
            "rotation": 0.12566370614359174,
            "transform_matrix": [
                [
                    -0.6179542541503906,
                    0.05881402641534805,
                    0.7840110659599304,
                    3.160449981689453
                ],
                [
                    0.7862140536308289,
                    0.04622707515954971,
                    0.6162226796150208,
                    2.4840734004974365
                ],
                [
                    0.0,
                    0.9971981048583984,
                    -0.07480661571025848,
                    -0.30155515670776367
                ],
                [
                    0.0,
                    0.0,
                    0.0,
                    1.0
                ]
            ]
        },
        {
            "file_path": "/data/shapenet_blender/all_50_random/02958343/841d9f6bbe50ec6f122568beab222093/r_34",
            "rotation": 0.12566370614359174,
            "transform_matrix": [
                [
                    0.7912062406539917,
                    -0.5922947525978088,
                    0.1522483080625534,
                    0.6137325763702393
                ],
                [
                    0.6115493774414062,
                    0.7662951350212097,
                    -0.19697481393814087,
                    -0.7940308451652527
                ],
                [
                    1.4901161193847656e-08,
                    0.2489551156759262,
                    0.9685150384902954,
                    3.9042088985443115
                ],
                [
                    0.0,
                    0.0,
                    0.0,
                    1.0
                ]
            ]
        },
        {
            "file_path": "/data/shapenet_blender/all_50_random/02958343/841d9f6bbe50ec6f122568beab222093/r_35",
            "rotation": 0.12566370614359174,
            "transform_matrix": [
                [
                    0.7328652739524841,
                    0.3528827428817749,
                    -0.5817062854766846,
                    -2.344933271408081
                ],
                [
                    -0.6803737282752991,
                    0.3801079988479614,
                    -0.6265855431556702,
                    -2.5258474349975586
                ],
                [
                    -1.4901159417490817e-08,
                    0.8549805879592896,
                    0.5186600089073181,
                    2.090785503387451
                ],
                [
                    0.0,
                    0.0,
                    0.0,
                    1.0
                ]
            ]
        },
        {
            "file_path": "/data/shapenet_blender/all_50_random/02958343/841d9f6bbe50ec6f122568beab222093/r_36",
            "rotation": 0.12566370614359174,
            "transform_matrix": [
                [
                    0.9056217670440674,
                    -0.09372216463088989,
                    0.41360050439834595,
                    1.6672769784927368
                ],
                [
                    0.4240863621234894,
                    0.20014044642448425,
                    -0.8832296133041382,
                    -3.5604124069213867
                ],
                [
                    0.0,
                    0.9752742052078247,
                    0.2209978550672531,
                    0.8908708691596985
                ],
                [
                    0.0,
                    0.0,
                    0.0,
                    1.0
                ]
            ]
        },
        {
            "file_path": "/data/shapenet_blender/all_50_random/02958343/841d9f6bbe50ec6f122568beab222093/r_37",
            "rotation": 0.12566370614359174,
            "transform_matrix": [
                [
                    0.23743514716625214,
                    -0.3443034291267395,
                    0.9083389639854431,
                    3.6616315841674805
                ],
                [
                    0.9714034795761108,
                    0.08415630459785461,
                    -0.22202059626579285,
                    -0.8949936628341675
                ],
                [
                    0.0,
                    0.9350790977478027,
                    0.3544391691684723,
                    1.4287899732589722
                ],
                [
                    0.0,
                    0.0,
                    0.0,
                    1.0
                ]
            ]
        },
        {
            "file_path": "/data/shapenet_blender/all_50_random/02958343/841d9f6bbe50ec6f122568beab222093/r_38",
            "rotation": 0.12566370614359174,
            "transform_matrix": [
                [
                    -0.6691341400146484,
                    0.003947692923247814,
                    -0.7431311011314392,
                    -2.995657444000244
                ],
                [
                    -0.7431416511535645,
                    -0.0035545530263334513,
                    0.6691246032714844,
                    2.6973278522491455
                ],
                [
                    -2.3283061589829401e-10,
                    0.999985933303833,
                    0.0053121671080589294,
                    0.021414032205939293
                ],
                [
                    0.0,
                    0.0,
                    0.0,
                    1.0
                ]
            ]
        },
        {
            "file_path": "/data/shapenet_blender/all_50_random/02958343/841d9f6bbe50ec6f122568beab222093/r_39",
            "rotation": 0.12566370614359174,
            "transform_matrix": [
                [
                    0.06022794917225838,
                    0.20433354377746582,
                    -0.9770467877388,
                    -3.938601493835449
                ],
                [
                    -0.9981846809387207,
                    0.012328971177339554,
                    -0.05895254388451576,
                    -0.23764529824256897
                ],
                [
                    -9.313225746154785e-10,
                    0.9788236021995544,
                    0.2047051638364792,
                    0.825192928314209
                ],
                [
                    0.0,
                    0.0,
                    0.0,
                    1.0
                ]
            ]
        },
        {
            "file_path": "/data/shapenet_blender/all_50_random/02958343/841d9f6bbe50ec6f122568beab222093/r_40",
            "rotation": 0.12566370614359174,
            "transform_matrix": [
                [
                    -0.9824398159980774,
                    -0.06253619492053986,
                    -0.17578765749931335,
                    -0.7086226940155029
                ],
                [
                    -0.18657995760440826,
                    0.3292853534221649,
                    0.9256128072738647,
                    3.731264352798462
                ],
                [
                    -3.725290298461914e-09,
                    0.9421572089195251,
                    -0.33517104387283325,
                    -1.3511176109313965
                ],
                [
                    0.0,
                    0.0,
                    0.0,
                    1.0
                ]
            ]
        },
        {
            "file_path": "/data/shapenet_blender/all_50_random/02958343/841d9f6bbe50ec6f122568beab222093/r_41",
            "rotation": 0.12566370614359174,
            "transform_matrix": [
                [
                    -0.590045690536499,
                    -0.7605031132698059,
                    0.2710741460323334,
                    1.0927348136901855
                ],
                [
                    0.8073699474334717,
                    -0.5557942986488342,
                    0.19810763001441956,
                    0.7985973954200745
                ],
                [
                    0.0,
