{
    "class": "02958343",
    "model": "498e4295b3aeca9fefddc097534e4553",
    "remove_doubles": true,
    "edge_split": true,
    "denoise": true,
    "camera_angle_x": 0.6911112070083618,
    "scale_factor": 2.39174093746142,
    "hdri_file": "/data/IndoorHDRDataset2018/9C4A9096-6c9cd0355b.exr",
    "center_offset": [
        0.0,
        -9.313225746154785e-10,
        0.0
    ],
    "lights": [],
    "frames": [
        {
            "file_path": "/data/shapenet_blender/all_50_random/02958343/498e4295b3aeca9fefddc097534e4553/r_0",
            "rotation": 0.12566370614359174,
            "transform_matrix": [
                [
                    -0.6456419229507446,
                    0.2150065153837204,
                    0.7327473163604736,
                    2.95379900932312
                ],
                [
                    0.7636401653289795,
                    0.1817835420370102,
                    0.6195226311683655,
                    2.49737548828125
                ],
                [
                    0.0,
                    0.9595451354980469,
                    -0.2815546989440918,
                    -1.1349833011627197
                ],
                [
                    0.0,
                    0.0,
                    0.0,
                    1.0
                ]
            ]
        },
        {
            "file_path": "/data/shapenet_blender/all_50_random/02958343/498e4295b3aeca9fefddc097534e4553/r_1",
            "rotation": 0.12566370614359174,
            "transform_matrix": [
                [
                    0.6371720433235168,
                    0.14818315207958221,
                    0.7563421726226807,
                    3.048912763595581
                ],
                [
                    0.7707216143608093,
                    -0.12250618636608124,
                    -0.6252842545509338,
                    -2.520601511001587
                ],
                [
                    0.0,
                    0.9813428521156311,
                    -0.19226549565792084,
                    -0.7750470042228699
                ],
                [
                    0.0,
                    0.0,
                    0.0,
                    1.0
                ]
            ]
        },
        {
            "file_path": "/data/shapenet_blender/all_50_random/02958343/498e4295b3aeca9fefddc097534e4553/r_2",
            "rotation": 0.12566370614359174,
            "transform_matrix": [
                [
                    -0.7169325351715088,
                    -0.08954779803752899,
                    0.6913674473762512,
                    2.7869913578033447
                ],
                [
                    0.6971426010131836,
                    -0.09208980947732925,
                    0.7109934687614441,
                    2.8661062717437744
                ],
                [
                    -7.450581485102248e-09,
                    0.9917159676551819,
                    0.12844976782798767,
                    0.517797589302063
                ],
                [
                    0.0,
                    0.0,
                    0.0,
                    1.0
                ]
            ]
        },
        {
            "file_path": "/data/shapenet_blender/all_50_random/02958343/498e4295b3aeca9fefddc097534e4553/r_3",
            "rotation": 0.12566370614359174,
            "transform_matrix": [
                [
                    -0.06649534404277802,
                    -0.3101416826248169,
                    0.9483619928359985,
                    3.822969436645508
                ],
                [
                    0.9977867603302002,
                    -0.020668724551796913,
                    0.06320153921842575,
                    0.2547735571861267
                ],
                [
                    0.0,
                    0.9504656195640564,
                    0.31082963943481445,
                    1.2529942989349365
                ],
                [
                    0.0,
                    0.0,
                    0.0,
                    1.0
                ]
            ]
        },
        {
            "file_path": "/data/shapenet_blender/all_50_random/02958343/498e4295b3aeca9fefddc097534e4553/r_4",
            "rotation": 0.12566370614359174,
            "transform_matrix": [
                [
                    0.25215858221054077,
                    0.27858081459999084,
                    0.9267193675041199,
                    3.735725164413452
                ],
                [
                    0.9676859378814697,
                    -0.07259228825569153,
                    -0.24148355424404144,
                    -0.9734513163566589
                ],
                [
                    -7.450580596923828e-09,
                    0.9576654434204102,
                    -0.2878834903240204,
                    -1.1604955196380615
                ],
                [
                    0.0,
                    0.0,
                    0.0,
                    1.0
                ]
            ]
        },
        {
            "file_path": "/data/shapenet_blender/all_50_random/02958343/498e4295b3aeca9fefddc097534e4553/r_5",
            "rotation": 0.12566370614359174,
            "transform_matrix": [
                [
                    -0.8869462609291077,
                    0.010783325880765915,
                    -0.4617467224597931,
                    -1.8613605499267578
                ],
                [
                    -0.4618726372718811,
                    -0.02070750668644905,
                    0.8867045044898987,
                    3.574420213699341
                ],
                [
                    0.0,
                    0.9997273683547974,
                    0.023346971720457077,
                    0.09411465376615524
                ],
                [
                    0.0,
                    0.0,
                    0.0,
                    1.0
                ]
            ]
        },
        {
            "file_path": "/data/shapenet_blender/all_50_random/02958343/498e4295b3aeca9fefddc097534e4553/r_6",
            "rotation": 0.12566370614359174,
            "transform_matrix": [
                [
                    0.48802700638771057,
                    0.38421016931533813,
                    0.7837169170379639,
                    3.159263849258423
                ],
                [
                    0.8728285431861877,
                    -0.21482449769973755,
                    -0.43820178508758545,
                    -1.766447901725769
                ],
                [
                    0.0,
                    0.8979047536849976,
                    -0.44018974900245667,
                    -1.7744616270065308
                ],
                [
                    0.0,
                    0.0,
                    0.0,
                    1.0
                ]
            ]
        },
        {
            "file_path": "/data/shapenet_blender/all_50_random/02958343/498e4295b3aeca9fefddc097534e4553/r_7",
            "rotation": 0.12566370614359174,
            "transform_matrix": [
                [
                    0.7775741219520569,
                    0.02889309450984001,
                    -0.6281270384788513,
                    -2.5320611000061035
                ],
                [
                    -0.6287911534309387,
                    0.035729702562093735,
                    -0.7767528295516968,
                    -3.131190776824951
                ],
                [
                    -1.8626450382086546e-09,
                    0.9989437460899353,
                    0.04595021903514862,
                    0.1852312535047531
                ],
                [
                    0.0,
                    0.0,
                    0.0,
                    1.0
                ]
            ]
        },
        {
            "file_path": "/data/shapenet_blender/all_50_random/02958343/498e4295b3aeca9fefddc097534e4553/r_8",
            "rotation": 0.12566370614359174,
            "transform_matrix": [
                [
                    0.691871702671051,
                    0.6417747735977173,
                    -0.33081480860710144,
                    -1.33355712890625
                ],
                [
                    -0.7220203876495361,
                    0.6149768829345703,
                    -0.3170013427734375,
                    -1.2778732776641846
                ],
                [
                    0.0,
                    0.45817938446998596,
                    0.8888598084449768,
                    3.5831081867218018
                ],
                [
                    0.0,
                    0.0,
                    0.0,
                    1.0
                ]
            ]
        },
        {
            "file_path": "/data/shapenet_blender/all_50_random/02958343/498e4295b3aeca9fefddc097534e4553/r_9",
            "rotation": 0.12566370614359174,
            "transform_matrix": [
                [
                    0.9892101287841797,
                    0.09411150962114334,
                    0.11227796226739883,
                    0.4526069462299347
                ],
                [
                    0.14650364220142365,
                    -0.635452151298523,
                    -0.7581142783164978,
                    -3.056056499481201
                ],
                [
                    0.0,
                    0.7663834095001221,
                    -0.6423833966255188,
                    -2.5895302295684814
                ],
                [
                    0.0,
                    0.0,
                    0.0,
                    1.0
                ]
            ]
        },
        {
            "file_path": "/data/shapenet_blender/all_50_random/02958343/498e4295b3aeca9fefddc097534e4553/r_10",
            "rotation": 0.12566370614359174,
            "transform_matrix": [
                [
                    -0.2872025668621063,
                    -0.025486525148153305,
                    0.9575306177139282,
                    3.8599298000335693
                ],
                [
                    0.9578699469566345,
                    -0.007641742471605539,
                    0.28710082173347473,
                    1.1573405265808105
                ],
                [
                    0.0,
                    0.999646008014679,
                    0.02660749852657318,
                    0.10725827515125275
                ],
                [
                    0.0,
                    0.0,
                    0.0,
                    1.0
                ]
            ]
        },
        {
            "file_path": "/data/shapenet_blender/all_50_random/02958343/498e4295b3aeca9fefddc097534e4553/r_11",
            "rotation": 0.12566370614359174,
            "transform_matrix": [
                [
                    0.41931676864624023,
                    -0.8793744444847107,
                    -0.22555258870124817,
                    -0.9092315435409546
                ],
                [
                    -0.9078400731086731,
                    -0.40616893768310547,
                    -0.10417912155389786,
                    -0.41995948553085327
                ],
                [
                    0.0,
                    0.24844980239868164,
                    -0.9686447978019714,
                    -3.9047319889068604
                ],
                [
                    0.0,
                    0.0,
                    0.0,
                    1.0
                ]
            ]
        },
        {
            "file_path": "/data/shapenet_blender/all_50_random/02958343/498e4295b3aeca9fefddc097534e4553/r_12",
            "rotation": 0.12566370614359174,
            "transform_matrix": [
                [
                    -0.5891790390014648,
                    0.628828227519989,
                    0.5073885917663574,
                    2.045348882675171
                ],
                [
                    0.8080025315284729,
                    0.4585287570953369,
                    0.3699774444103241,
                    1.4914268255233765
                ],
                [
                    0.0,
                    0.6279541850090027,
                    -0.7782502174377441,
                    -3.1372270584106445
                ],
                [
                    0.0,
                    0.0,
                    0.0,
                    1.0
                ]
            ]
        },
        {
            "file_path": "/data/shapenet_blender/all_50_random/02958343/498e4295b3aeca9fefddc097534e4553/r_13",
            "rotation": 0.12566370614359174,
            "transform_matrix": [
                [
                    -0.3499809503555298,
                    0.03512558341026306,
                    -0.9360979795455933,
                    -3.773531913757324
                ],
                [
                    -0.9367568492889404,
                    -0.01312323845922947,
                    0.34973475337028503,
                    1.4098260402679443
                ],
                [
                    9.313225746154785e-10,
                    0.9992967844009399,
                    0.03749700263142586,
                    0.1511552631855011
                ],
                [
                    0.0,
                    0.0,
                    0.0,
                    1.0
                ]
            ]
        },
        {
            "file_path": "/data/shapenet_blender/all_50_random/02958343/498e4295b3aeca9fefddc097534e4553/r_14",
            "rotation": 0.12566370614359174,
            "transform_matrix": [
                [
                    0.9891215562820435,
                    0.12339446693658829,
                    -0.08007727563381195,
                    -0.322801798582077
                ],
                [
                    -0.1471005231142044,
                    0.8297191858291626,
                    -0.538449227809906,
                    -2.170557975769043
                ],
                [
                    0.0,
                    0.5443710684776306,
                    0.8388445973396301,
                    3.3814902305603027
                ],
                [
                    0.0,
                    0.0,
                    0.0,
                    1.0
                ]
            ]
        },
        {
            "file_path": "/data/shapenet_blender/all_50_random/02958343/498e4295b3aeca9fefddc097534e4553/r_15",
            "rotation": 0.12566370614359174,
            "transform_matrix": [
                [
                    -0.07288116961717606,
                    -0.4722939729690552,
                    -0.8784227967262268,
                    -3.5410356521606445
                ],
                [
                    -0.9973405599594116,
                    0.03451313078403473,
                    0.06419119983911514,
                    0.25876301527023315
                ],
                [
                    3.725290076417309e-09,
                    0.8807649612426758,
                    -0.4735534191131592,
                    -1.9089548587799072
                ],
                [
                    0.0,
                    0.0,
                    0.0,
                    1.0
                ]
            ]
        },
        {
            "file_path": "/data/shapenet_blender/all_50_random/02958343/498e4295b3aeca9fefddc097534e4553/r_16",
            "rotation": 0.12566370614359174,
            "transform_matrix": [
                [
                    0.9873850345611572,
                    0.11096176505088806,
                    -0.11295276135206223,
                    -0.45532718300819397
                ],
                [
                    -0.15833774209022522,
                    0.6919511556625366,
                    -0.7043668627738953,
                    -2.8393938541412354
                ],
                [
                    0.0,
                    0.7133660316467285,
                    0.7007915377616882,
                    2.824981212615967
                ],
                [
                    0.0,
                    0.0,
                    0.0,
                    1.0
                ]
            ]
        },
        {
            "file_path": "/data/shapenet_blender/all_50_random/02958343/498e4295b3aeca9fefddc097534e4553/r_17",
            "rotation": 0.12566370614359174,
            "transform_matrix": [
                [
                    -0.8869232535362244,
                    0.11675140261650085,
                    0.4469184875488281,
                    1.8015860319137573
                ],
                [
                    0.46191665530204773,
                    0.2241736501455307,
                    0.8581253886222839,
                    3.459213972091675
                ],
                [
                    0.0,
                    0.9675305485725403,
                    -0.25275424122810364,
                    -1.0188848972320557
                ],
                [
                    0.0,
                    0.0,
                    0.0,
                    1.0
                ]
            ]
        },
        {
            "file_path": "/data/shapenet_blender/all_50_random/02958343/498e4295b3aeca9fefddc097534e4553/r_18",
            "rotation": 0.12566370614359174,
            "transform_matrix": [
                [
                    -0.517166018486023,
                    0.22161054611206055,
                    -0.8266971111297607,
                    -3.3325226306915283
                ],
                [
                    -0.8558850884437561,
                    -0.1339074969291687,
                    0.4995292127132416,
                    2.0136666297912598
                ],
                [
                    0.0,
                    0.9658972024917603,
                    0.25892558693885803,
                    1.043762445449829
                ],
                [
                    0.0,
                    0.0,
                    0.0,
                    1.0
                ]
            ]
        },
        {
            "file_path": "/data/shapenet_blender/all_50_random/02958343/498e4295b3aeca9fefddc097534e4553/r_19",
            "rotation": 0.12566370614359174,
            "transform_matrix": [
                [
                    0.35417938232421875,
                    -0.43545058369636536,
                    0.8276109099388123,
                    3.3362061977386475
                ],
                [
                    0.9351775050163269,
                    0.16491802036762238,
                    -0.31344074010849,
                    -1.2635200023651123
                ],
                [
                    0.0,
                    0.8849772214889526,
                    0.46563416719436646,
                    1.8770313262939453
                ],
                [
                    0.0,
                    0.0,
                    0.0,
                    1.0
                ]
            ]
        },
        {
            "file_path": "/data/shapenet_blender/all_50_random/02958343/498e4295b3aeca9fefddc097534e4553/r_20",
            "rotation": 0.12566370614359174,
            "transform_matrix": [
                [
                    -0.1380322277545929,
                    -0.3303975760936737,
                    0.933694064617157,
                    3.763841152191162
                ],
                [
                    0.9904278516769409,
                    -0.04604627564549446,
                    0.13012544810771942,
                    0.5245524644851685
                ],
                [
                    3.725290742551124e-09,
                    0.9427179098129272,
                    0.3335908055305481,
                    1.344747543334961
                ],
                [
                    0.0,
                    0.0,
                    0.0,
                    1.0
                ]
            ]
        },
        {
            "file_path": "/data/shapenet_blender/all_50_random/02958343/498e4295b3aeca9fefddc097534e4553/r_21",
            "rotation": 0.12566370614359174,
            "transform_matrix": [
                [
                    -0.4358692467212677,
                    -0.6368775963783264,
                    -0.6359283328056335,
                    -2.563508987426758
                ],
                [
                    -0.9000099301338196,
                    0.3084358870983124,
                    0.3079761564731598,
                    1.2414915561676025
                ],
                [
                    0.0,
                    0.7065792083740234,
                    -0.7076339721679688,
                    -2.8525638580322266
                ],
                [
                    0.0,
                    0.0,
                    0.0,
                    1.0
                ]
            ]
        },
        {
            "file_path": "/data/shapenet_blender/all_50_random/02958343/498e4295b3aeca9fefddc097534e4553/r_22",
            "rotation": 0.12566370614359174,
            "transform_matrix": [
                [
                    -0.9031874537467957,
                    0.073465995490551,
                    -0.4229126572608948,
                    -1.7048156261444092
                ],
                [
                    -0.42924630641937256,
                    -0.15458156168460846,
                    0.8898606300354004,
                    3.5871431827545166
                ],
                [
                    0.0,
                    0.9852446913719177,
                    0.17115114629268646,
                    0.6899324059486389
                ],
                [
                    0.0,
                    0.0,
                    0.0,
                    1.0
                ]
            ]
        },
        {
            "file_path": "/data/shapenet_blender/all_50_random/02958343/498e4295b3aeca9fefddc097534e4553/r_23",
            "rotation": 0.12566370614359174,
            "transform_matrix": [
                [
                    0.8777400255203247,
                    -0.22333231568336487,
                    -0.42390453815460205,
                    -1.708814024925232
                ],
                [
                    -0.47913721203804016,
                    -0.40912649035453796,
                    -0.7765583395957947,
                    -3.1304070949554443
                ],
                [
                    -1.4901162970204496e-08,
                    0.8847247958183289,
                    -0.46611350774765015,
                    -1.878963828086853
                ],
                [
                    0.0,
                    0.0,
                    0.0,
                    1.0
                ]
            ]
        },
        {
            "file_path": "/data/shapenet_blender/all_50_random/02958343/498e4295b3aeca9fefddc097534e4553/r_24",
            "rotation": 0.12566370614359174,
            "transform_matrix": [
                [
                    0.9344655275344849,
                    0.05189725011587143,
                    -0.3522512912750244,
                    -1.4199703931808472
                ],
                [
                    -0.35605379939079285,
                    0.13620465993881226,
                    -0.9244857430458069,
                    -3.7267212867736816
                ],
                [
                    0.0,
                    0.9893203973770142,
                    0.1457567662000656,
                    0.5875642895698547
                ],
                [
                    0.0,
                    0.0,
                    0.0,
                    1.0
                ]
            ]
        },
        {
            "file_path": "/data/shapenet_blender/all_50_random/02958343/498e4295b3aeca9fefddc097534e4553/r_25",
            "rotation": 0.12566370614359174,
            "transform_matrix": [
                [
                    0.7104835510253906,
                    0.20861287415027618,
                    -0.672081708908081,
                    -2.7092480659484863
                ],
                [
                    -0.7037138938903809,
                    0.21061971783638,
                    -0.6785470843315125,
                    -2.7353107929229736
                ],
                [
                    0.0,
                    0.9550496935844421,
                    0.2964456081390381,
                    1.1950104236602783
                ],
                [
                    0.0,
                    0.0,
                    0.0,
                    1.0
                ]
            ]
        },
        {
            "file_path": "/data/shapenet_blender/all_50_random/02958343/498e4295b3aeca9fefddc097534e4553/r_26",
            "rotation": 0.12566370614359174,
            "transform_matrix": [
                [
                    0.9591239094734192,
                    0.230589359998703,
                    0.16404229402542114,
                    0.6612756848335266
                ],
                [
                    0.28298646211624146,
                    -0.7815347909927368,
                    -0.5559872984886169,
                    -2.2412567138671875
                ],
                [
                    0.0,
                    0.5796825885772705,
                    -0.8148424029350281,
                    -3.2847349643707275
                ],
                [
                    0.0,
                    0.0,
                    0.0,
                    1.0
                ]
            ]
        },
        {
            "file_path": "/data/shapenet_blender/all_50_random/02958343/498e4295b3aeca9fefddc097534e4553/r_27",
            "rotation": 0.12566370614359174,
            "transform_matrix": [
                [
                    0.044121358543634415,
                    -0.791863739490509,
                    -0.6091017723083496,
                    -2.4553678035736084
                ],
                [
                    -0.9990261793136597,
                    -0.034972161054611206,
                    -0.02690059505403042,
                    -0.10843976587057114
                ],
                [
                    0.0,
                    0.6096954941749573,
                    -0.7926356792449951,
                    -3.195216655731201
                ],
                [
                    0.0,
                    0.0,
                    0.0,
                    1.0
                ]
            ]
        },
        {
            "file_path": "/data/shapenet_blender/all_50_random/02958343/498e4295b3aeca9fefddc097534e4553/r_28",
            "rotation": 0.12566370614359174,
            "transform_matrix": [
                [
                    -0.08582010865211487,
                    0.2865191400051117,
                    0.954223096370697,
                    3.8465962409973145
                ],
                [
                    0.9963107109069824,
                    0.024680156260728836,
                    0.08219477534294128,
                    0.33133774995803833
                ],
                [
                    1.862645371275562e-09,
                    0.957756519317627,
                    -0.2875801622867584,
                    -1.1592726707458496
                ],
                [
                    0.0,
                    0.0,
                    0.0,
                    1.0
                ]
            ]
        },
        {
            "file_path": "/data/shapenet_blender/all_50_random/02958343/498e4295b3aeca9fefddc097534e4553/r_29",
            "rotation": 0.12566370614359174,
            "transform_matrix": [
                [
                    -0.20999015867710114,
                    0.14180783927440643,
                    0.9673647880554199,
                    3.8995723724365234
                ],
                [
                    0.9777035713195801,
                    0.03045734576880932,
                    0.20776961743831635,
                    0.837546169757843
                ],
                [
                    -1.862645149230957e-09,
                    0.9894254803657532,
                    -0.14504177868366241,
                    -0.5846821665763855
                ],
                [
                    0.0,
                    0.0,
                    0.0,
                    1.0
                ]
            ]
        },
        {
            "file_path": "/data/shapenet_blender/all_50_random/02958343/498e4295b3aeca9fefddc097534e4553/r_30",
            "rotation": 0.12566370614359174,
            "transform_matrix": [
                [
                    -0.7403599619865417,
                    -0.33098724484443665,
                    0.5850765705108643,
                    2.3585190773010254
                ],
                [
                    0.6722106337547302,
                    -0.36454305052757263,
                    0.6443921327590942,
                    2.597627878189087
                ],
                [
                    1.4901159417490817e-08,
                    0.8703768849372864,
                    0.49238619208335876,
                    1.9848722219467163
                ],
                [
                    0.0,
                    0.0,
                    0.0,
                    1.0
                ]
            ]
        },
        {
            "file_path": "/data/shapenet_blender/all_50_random/02958343/498e4295b3aeca9fefddc097534e4553/r_31",
            "rotation": 0.12566370614359174,
            "transform_matrix": [
                [
                    -0.4975016117095947,
                    0.7198544144630432,
                    -0.48404714465141296,
                    -1.9512563943862915
                ],
                [
                    -0.8674630522727966,
                    -0.41284608840942383,
                    0.2776074707508087,
                    1.1190714836120605
                ],
                [
                    0.0,
                    0.5580031871795654,
                    0.8298388123512268,
                    3.345187187194824
                ],
                [
                    0.0,
                    0.0,
                    0.0,
                    1.0
                ]
            ]
        },
        {
            "file_path": "/data/shapenet_blender/all_50_random/02958343/498e4295b3aeca9fefddc097534e4553/r_32",
            "rotation": 0.12566370614359174,
            "transform_matrix": [
                [
                    0.24414384365081787,
                    0.028983376920223236,
                    -0.9693058133125305,
                    -3.9073967933654785
                ],
                [
                    -0.9697390794754028,
                    0.007296924479305744,
                    -0.2440347522497177,
                    -0.9837355613708496
                ],
                [
                    0.0,
                    0.9995533227920532,
                    0.029887808486819267,
                    0.12048161029815674
                ],
                [
                    0.0,
                    0.0,
                    0.0,
                    1.0
                ]
            ]
        },
        {
            "file_path": "/data/shapenet_blender/all_50_random/02958343/498e4295b3aeca9fefddc097534e4553/r_33",
            "rotation": 0.12566370614359174,
            "transform_matrix": [
                [
                    0.804284393787384,
                    -0.5730539560317993,
                    0.15727534890174866,
                    0.6339972615242004
                ],
                [
                    0.5942444205284119,
                    0.7756040096282959,
                    -0.2128654569387436,
                    -0.8580881357192993
                ],
                [
                    7.450580596923828e-09,
                    0.2646644115447998,
                    0.9643405079841614,
                    3.887381076812744
                ],
                [
                    0.0,
                    0.0,
                    0.0,
                    1.0
                ]
            ]
        },
        {
            "file_path": "/data/shapenet_blender/all_50_random/02958343/498e4295b3aeca9fefddc097534e4553/r_34",
            "rotation": 0.12566370614359174,
            "transform_matrix": [
                [
                    -0.05853068828582764,
                    0.0761496052145958,
                    0.9953769445419312,
                    4.012493133544922
                ],
                [
                    0.9982855916023254,
                    0.004464743193238974,
                    0.05836014822125435,
                    0.23525729775428772
                ],
                [
                    0.0,
                    0.9970863461494446,
                    -0.076280377805233,
                    -0.3074960708618164
                ],
                [
                    0.0,
                    0.0,
                    0.0,
                    1.0
                ]
            ]
        },
        {
            "file_path": "/data/shapenet_blender/all_50_random/02958343/498e4295b3aeca9fefddc097534e4553/r_35",
            "rotation": 0.12566370614359174,
            "transform_matrix": [
                [
                    -0.9960527420043945,
                    0.04423236474394798,
                    0.076958566904068,
                    0.3102298974990845
                ],
                [
                    0.08876443654298782,
                    0.4963448643684387,
                    0.8635755181312561,
                    3.481184244155884
                ],
                [
                    0.0,
                    0.8669977784156799,
                    -0.498311847448349,
                    -2.0087592601776123
                ],
                [
                    0.0,
                    0.0,
                    0.0,
                    1.0
                ]
            ]
        },
        {
            "file_path": "/data/shapenet_blender/all_50_random/02958343/498e4295b3aeca9fefddc097534e4553/r_36",
            "rotation": 0.12566370614359174,
            "transform_matrix": [
                [
                    -0.3115568161010742,
                    -0.4573952257633209,
                    -0.8328996300697327,
                    -3.3575258255004883
                ],
                [
                    -0.9502274990081787,
                    0.1499689370393753,
                    0.27308782935142517,
                    1.1008522510528564
                ],
                [
                    7.450581485102248e-09,
                    0.8765264749526978,
                    -0.48135343194007874,
                    -1.9403977394104004
                ],
                [
                    0.0,
                    0.0,
                    0.0,
                    1.0
                ]
            ]
        },
        {
            "file_path": "/data/shapenet_blender/all_50_random/02958343/498e4295b3aeca9fefddc097534e4553/r_37",
            "rotation": 0.12566370614359174,
            "transform_matrix": [
                [
                    0.04569157212972641,
                    0.00461387587711215,
                    -0.9989449977874756,
                    -4.026875972747803
                ],
                [
                    -0.9989555478096008,
                    0.0002110356726916507,
                    -0.04569108784198761,
                    -0.1841866672039032
                ],
                [
                    1.4551912626281638e-11,
                    0.9999893307685852,
                    0.004618700128048658,
                    0.018618576228618622
                ],
                [
                    0.0,
                    0.0,
                    0.0,
                    1.0
                ]
            ]
        },
        {
            "file_path": "/data/shapenet_blender/all_50_random/02958343/498e4295b3aeca9fefddc097534e4553/r_38",
            "rotation": 0.12566370614359174,
            "transform_matrix": [
                [
                    -0.8810698390007019,
                    -0.45757848024368286,
                    0.11974047869443893,
                    0.4826892614364624
                ],
                [
                    0.472986102104187,
                    -0.8523687720298767,
                    0.22305037081241608,
                    0.89914470911026
                ],
                [
                    -7.450580152834618e-09,
                    0.25315847992897034,
                    0.9674248695373535,
                    3.8998138904571533
                ],
                [
                    0.0,
                    0.0,
                    0.0,
                    1.0
                ]
            ]
        },
        {
            "file_path": "/data/shapenet_blender/all_50_random/02958343/498e4295b3aeca9fefddc097534e4553/r_39",
            "rotation": 0.12566370614359174,
            "transform_matrix": [
                [
                    0.21877248585224152,
                    -0.020625745877623558,
                    -0.9755578637123108,
                    -3.9325995445251465
                ],
                [
                    -0.9757758975028992,
                    -0.0046243672259151936,
                    -0.2187236100435257,
                    -0.8817030787467957
                ],
                [
                    0.0,
                    0.9997764825820923,
                    -0.021137790754437447,
                    -0.08520916104316711
                ],
                [
                    0.0,
                    0.0,
                    0.0,
                    1.0
                ]
            ]
        },
        {
            "file_path": "/data/shapenet_blender/all_50_random/02958343/498e4295b3aeca9fefddc097534e4553/r_40",
            "rotation": 0.12566370614359174,
            "transform_matrix": [
                [
                    -0.7085584998130798,
                    0.29131680727005005,
                    0.6427125334739685,
                    2.5908570289611816
                ],
                [
                    0.705652117729187,
                    0.29251664876937866,
                    0.6453596353530884,
                    2.6015279293060303
                ],
                [
                    -1.4901161193847656e-08,
                    0.9108065366744995,
                    -0.41283345222473145,
                    -1.664184808731079
                ],
                [
                    0.0,
                    0.0,
                    0.0,
                    1.0
                ]
            ]
        },
        {
            "file_path": "/data/shapenet_blender/all_50_random/02958343/498e4295b3aeca9fefddc097534e4553/r_41",
            "rotation": 0.12566370614359174,
            "transform_matrix": [
                [
                    0.8544650673866272,
                    0.24634215235710144,
                    -0.457389235496521,
                    -1.8437950611114502
                ],
                [
                    -0.5195087790489197,
                    0.4051726758480072,
                    -0.7522935271263123,
                    -3.032592535018921
                ],
                [
                    1.4901161193847656e-08,
                    0.8804262280464172,
