{
    "class": "02958343",
    "model": "7240a21ee34bef83dd141480e2c154d3",
    "remove_doubles": true,
    "edge_split": true,
    "denoise": true,
    "camera_angle_x": 0.6911112070083618,
    "scale_factor": 2.23979218541935,
    "hdri_file": "/data/IndoorHDRDataset2018/9C4A8630-e302d58e90.exr",
    "center_offset": [
        0.0,
        -1.862645149230957e-09,
        -3.725290298461914e-09
    ],
    "lights": [],
    "frames": [
        {
            "file_path": "/data/shapenet_blender/all_50_random/02958343/7240a21ee34bef83dd141480e2c154d3/r_0",
            "rotation": 0.12566370614359174,
            "transform_matrix": [
                [
                    -0.9659802317619324,
                    0.10926948487758636,
                    0.23439796268939972,
                    0.9448884725570679
                ],
                [
                    0.25861600041389465,
                    0.40814241766929626,
                    0.875521183013916,
                    3.529339075088501
                ],
                [
                    0.0,
                    0.9063552021980286,
                    -0.4225163161754608,
                    -1.70321786403656
                ],
                [
                    0.0,
                    0.0,
                    0.0,
                    1.0
                ]
            ]
        },
        {
            "file_path": "/data/shapenet_blender/all_50_random/02958343/7240a21ee34bef83dd141480e2c154d3/r_1",
            "rotation": 0.12566370614359174,
            "transform_matrix": [
                [
                    -0.6019604802131653,
                    -0.7445653676986694,
                    0.2885581851005554,
                    1.1632152795791626
                ],
                [
                    0.7985258102416992,
                    -0.5612829327583313,
                    0.2175266146659851,
                    0.8768778443336487
                ],
                [
                    1.4901160305669237e-08,
                    0.3613637387752533,
                    0.9324250221252441,
                    3.75872540473938
                ],
                [
                    0.0,
                    0.0,
                    0.0,
                    1.0
                ]
            ]
        },
        {
            "file_path": "/data/shapenet_blender/all_50_random/02958343/7240a21ee34bef83dd141480e2c154d3/r_2",
            "rotation": 0.12566370614359174,
            "transform_matrix": [
                [
                    0.1865430474281311,
                    -0.7431178092956543,
                    -0.6426334381103516,
                    -2.590538263320923
                ],
                [
                    -0.9824468493461609,
                    -0.141100212931633,
                    -0.1220206469297409,
                    -0.49188095331192017
                ],
                [
                    7.450580596923828e-09,
                    0.6541152596473694,
                    -0.7563948631286621,
                    -3.0491251945495605
                ],
                [
                    0.0,
                    0.0,
                    0.0,
                    1.0
                ]
            ]
        },
        {
            "file_path": "/data/shapenet_blender/all_50_random/02958343/7240a21ee34bef83dd141480e2c154d3/r_3",
            "rotation": 0.12566370614359174,
            "transform_matrix": [
                [
                    -0.6440883278846741,
                    -0.7083621621131897,
                    -0.2887439727783203,
                    -1.1639642715454102
                ],
                [
                    -0.7649511694908142,
                    0.5964404940605164,
                    0.24312224984169006,
                    0.9800571799278259
                ],
                [
                    1.4901162970204496e-08,
                    0.3774671256542206,
                    -0.9260228872299194,
                    -3.7329177856445312
                ],
                [
                    0.0,
                    0.0,
                    0.0,
                    1.0
                ]
            ]
        },
        {
            "file_path": "/data/shapenet_blender/all_50_random/02958343/7240a21ee34bef83dd141480e2c154d3/r_4",
            "rotation": 0.12566370614359174,
            "transform_matrix": [
                [
                    0.05836472660303116,
                    -0.49201130867004395,
                    -0.8686301708221436,
                    -3.5015602111816406
                ],
                [
                    -0.9982953071594238,
                    -0.02876514196395874,
                    -0.05078393593430519,
                    -0.20471659302711487
                ],
                [
                    0.0,
                    0.8701134324073792,
                    -0.49285146594047546,
                    -1.9867478609085083
                ],
                [
                    0.0,
                    0.0,
                    0.0,
                    1.0
                ]
            ]
        },
        {
            "file_path": "/data/shapenet_blender/all_50_random/02958343/7240a21ee34bef83dd141480e2c154d3/r_5",
            "rotation": 0.12566370614359174,
            "transform_matrix": [
                [
                    -0.6362330913543701,
                    -0.7529008388519287,
                    -0.16836795210838318,
                    -0.6787129640579224
                ],
                [
                    -0.7714968919754028,
                    0.6208974123001099,
                    0.13884858787059784,
                    0.5597166419029236
                ],
                [
                    7.450580596923828e-09,
                    0.21823528409004211,
                    -0.9758961200714111,
                    -3.9339632987976074
                ],
                [
                    0.0,
                    0.0,
                    0.0,
                    1.0
                ]
            ]
        },
        {
            "file_path": "/data/shapenet_blender/all_50_random/02958343/7240a21ee34bef83dd141480e2c154d3/r_6",
            "rotation": 0.12566370614359174,
            "transform_matrix": [
                [
                    0.9850162863731384,
                    -0.03720717877149582,
                    0.16839973628520966,
                    0.6788410544395447
                ],
                [
                    0.17246113717556,
                    0.21250979602336884,
                    -0.9618194699287415,
                    -3.877218246459961
                ],
                [
                    -3.725290298461914e-09,
                    0.9764502048492432,
                    0.21574242413043976,
                    0.8696855306625366
                ],
                [
                    0.0,
                    0.0,
                    0.0,
                    1.0
                ]
            ]
        },
        {
            "file_path": "/data/shapenet_blender/all_50_random/02958343/7240a21ee34bef83dd141480e2c154d3/r_7",
            "rotation": 0.12566370614359174,
            "transform_matrix": [
                [
                    0.5433409810066223,
                    0.05275536701083183,
                    -0.8378527164459229,
                    -3.377492904663086
                ],
                [
                    -0.8395121693611145,
                    0.03414382413029671,
                    -0.5422670245170593,
                    -2.185948610305786
                ],
                [
                    1.862645371275562e-09,
                    0.998023509979248,
                    0.06284050643444061,
                    0.2533182203769684
                ],
                [
                    0.0,
                    0.0,
                    0.0,
                    1.0
                ]
            ]
        },
        {
            "file_path": "/data/shapenet_blender/all_50_random/02958343/7240a21ee34bef83dd141480e2c154d3/r_8",
            "rotation": 0.12566370614359174,
            "transform_matrix": [
                [
                    -0.9499059915542603,
                    -0.22568754851818085,
                    -0.21620328724384308,
                    -0.8715434074401855
                ],
                [
                    -0.31253600120544434,
                    0.6859431862831116,
                    0.6571171879768372,
                    2.6489243507385254
                ],
                [
                    0.0,
                    0.6917707920074463,
                    -0.7221169471740723,
                    -2.910946846008301
                ],
                [
                    0.0,
                    0.0,
                    0.0,
                    1.0
                ]
            ]
        },
        {
            "file_path": "/data/shapenet_blender/all_50_random/02958343/7240a21ee34bef83dd141480e2c154d3/r_9",
            "rotation": 0.12566370614359174,
            "transform_matrix": [
                [
                    -0.9979007244110107,
                    0.015289139933884144,
                    0.06293202191591263,
                    0.2536870837211609
                ],
                [
                    0.06476262211799622,
                    0.23558409512043,
                    0.9696937799453735,
                    3.9089605808258057
                ],
                [
                    0.0,
                    0.9717336297035217,
                    -0.23607973754405975,
                    -0.951667845249176
                ],
                [
                    0.0,
                    0.0,
                    0.0,
                    1.0
                ]
            ]
        },
        {
            "file_path": "/data/shapenet_blender/all_50_random/02958343/7240a21ee34bef83dd141480e2c154d3/r_10",
            "rotation": 0.12566370614359174,
            "transform_matrix": [
                [
                    0.07253053039312363,
                    -0.9964139461517334,
                    -0.04357147961854935,
                    -0.1756422519683838
                ],
                [
                    -0.9973662495613098,
                    -0.07246127724647522,
                    -0.0031686078291386366,
                    -0.012773066759109497
                ],
                [
                    0.0,
                    0.04368714988231659,
                    -0.9990452527999878,
                    -4.027280330657959
                ],
                [
                    0.0,
                    0.0,
                    0.0,
                    1.0
                ]
            ]
        },
        {
            "file_path": "/data/shapenet_blender/all_50_random/02958343/7240a21ee34bef83dd141480e2c154d3/r_11",
            "rotation": 0.12566370614359174,
            "transform_matrix": [
                [
                    -0.8797811269760132,
                    -0.0024114155676215887,
                    0.4753727912902832,
                    1.91628897190094
                ],
                [
                    0.4753788709640503,
                    -0.004462793469429016,
                    0.8797698616981506,
                    3.5464656352996826
                ],
                [
                    0.0,
                    0.9999870657920837,
                    0.005072618369013071,
                    0.02044837921857834
                ],
                [
                    0.0,
                    0.0,
                    0.0,
                    1.0
                ]
            ]
        },
        {
            "file_path": "/data/shapenet_blender/all_50_random/02958343/7240a21ee34bef83dd141480e2c154d3/r_12",
            "rotation": 0.12566370614359174,
            "transform_matrix": [
                [
                    0.9566320776939392,
                    -0.06846802681684494,
                    -0.2831379771232605,
                    -1.1413657665252686
                ],
                [
                    -0.2912988066673279,
                    -0.224850594997406,
                    -0.9298317432403564,
                    -3.748271942138672
                ],
                [
                    0.0,
                    0.9719848036766052,
                    -0.23504391312599182,
                    -0.9474923610687256
                ],
                [
                    0.0,
                    0.0,
                    0.0,
                    1.0
                ]
            ]
        },
        {
            "file_path": "/data/shapenet_blender/all_50_random/02958343/7240a21ee34bef83dd141480e2c154d3/r_13",
            "rotation": 0.12566370614359174,
            "transform_matrix": [
                [
                    -0.6620275974273682,
                    0.7168530225753784,
                    -0.2187264859676361,
                    -0.8817147016525269
                ],
                [
                    -0.7494794726371765,
                    -0.6332080960273743,
                    0.19320471584796906,
                    0.7788332104682922
                ],
                [
                    0.0,
                    0.29183778166770935,
                    0.9564677476882935,
                    3.855644941329956
                ],
                [
                    0.0,
                    0.0,
                    0.0,
                    1.0
                ]
            ]
        },
        {
            "file_path": "/data/shapenet_blender/all_50_random/02958343/7240a21ee34bef83dd141480e2c154d3/r_14",
            "rotation": 0.12566370614359174,
            "transform_matrix": [
                [
                    0.08712831139564514,
                    -0.7438835501670837,
                    0.6626054048538208,
                    2.671048164367676
                ],
                [
                    0.9961970448493958,
                    0.06506074219942093,
                    -0.05795207619667053,
                    -0.2336123287677765
                ],
                [
                    0.0,
                    0.665134847164154,
                    0.7467231750488281,
                    3.0101375579833984
                ],
                [
                    0.0,
                    0.0,
                    0.0,
                    1.0
                ]
            ]
        },
        {
            "file_path": "/data/shapenet_blender/all_50_random/02958343/7240a21ee34bef83dd141480e2c154d3/r_15",
            "rotation": 0.12566370614359174,
            "transform_matrix": [
                [
                    -0.9031946659088135,
                    -0.22464630007743835,
                    -0.3657505214214325,
                    -1.4743876457214355
                ],
                [
                    -0.4292312264442444,
                    0.47270405292510986,
                    0.7696176767349243,
                    3.102428436279297
                ],
                [
                    -1.4901161193847656e-08,
                    0.8521061539649963,
                    -0.5233688950538635,
                    -2.1097676753997803
                ],
                [
                    0.0,
                    0.0,
                    0.0,
                    1.0
                ]
            ]
        },
        {
            "file_path": "/data/shapenet_blender/all_50_random/02958343/7240a21ee34bef83dd141480e2c154d3/r_16",
            "rotation": 0.12566370614359174,
            "transform_matrix": [
                [
                    -0.9809492230415344,
                    -0.01781402714550495,
                    0.1934458315372467,
                    0.779805064201355
                ],
                [
                    0.19426432251930237,
                    -0.0899529829621315,
                    0.9768161773681641,
                    3.9376718997955322
                ],
                [
                    0.0,
                    0.995786726474762,
                    0.09169993549585342,
                    0.36965426802635193
                ],
                [
                    0.0,
                    0.0,
                    0.0,
                    1.0
                ]
            ]
        },
        {
            "file_path": "/data/shapenet_blender/all_50_random/02958343/7240a21ee34bef83dd141480e2c154d3/r_17",
            "rotation": 0.12566370614359174,
            "transform_matrix": [
                [
                    0.9830376505851746,
                    -0.01691313646733761,
                    0.18262222409248352,
                    0.7361737489700317
                ],
                [
                    0.18340373039245605,
                    0.09065382927656174,
                    -0.9788487553596497,
                    -3.9458656311035156
                ],
                [
                    -1.862645149230957e-09,
                    0.9957387447357178,
                    0.0922180637717247,
                    0.3717429041862488
                ],
                [
                    0.0,
                    0.0,
                    0.0,
                    1.0
                ]
            ]
        },
        {
            "file_path": "/data/shapenet_blender/all_50_random/02958343/7240a21ee34bef83dd141480e2c154d3/r_18",
            "rotation": 0.12566370614359174,
            "transform_matrix": [
                [
                    0.9139396548271179,
                    -0.13971637189388275,
                    -0.3810429275035858,
                    -1.5360331535339355
                ],
                [
                    -0.40585020184516907,
                    -0.3146291971206665,
                    -0.8580757975578308,
                    -3.4590141773223877
                ],
                [
                    7.450580596923828e-09,
                    0.9388757944107056,
                    -0.3442560136318207,
                    -1.3877403736114502
                ],
                [
                    0.0,
                    0.0,
                    0.0,
                    1.0
                ]
            ]
        },
        {
            "file_path": "/data/shapenet_blender/all_50_random/02958343/7240a21ee34bef83dd141480e2c154d3/r_19",
            "rotation": 0.12566370614359174,
            "transform_matrix": [
                [
                    0.8679111003875732,
                    0.48658376932144165,
                    0.09983295202255249,
                    0.4024394750595093
                ],
                [
                    0.49671968817710876,
                    -0.8502007722854614,
                    -0.17443667352199554,
                    -0.7031766772270203
                ],
                [
                    0.0,
                    0.20098455250263214,
                    -0.9795944094657898,
                    -3.94887113571167
                ],
                [
                    0.0,
                    0.0,
                    0.0,
                    1.0
                ]
            ]
        },
        {
            "file_path": "/data/shapenet_blender/all_50_random/02958343/7240a21ee34bef83dd141480e2c154d3/r_20",
            "rotation": 0.12566370614359174,
            "transform_matrix": [
                [
                    -0.27111223340034485,
                    0.04584077373147011,
                    -0.9614555239677429,
                    -3.875751256942749
                ],
                [
                    -0.9625476598739624,
                    -0.01291156467050314,
                    0.27080464363098145,
                    1.0916484594345093
                ],
                [
                    0.0,
                    0.9988653063774109,
                    0.04762442037463188,
                    0.19198018312454224
                ],
                [
                    0.0,
                    0.0,
                    0.0,
                    1.0
                ]
            ]
        },
        {
            "file_path": "/data/shapenet_blender/all_50_random/02958343/7240a21ee34bef83dd141480e2c154d3/r_21",
            "rotation": 0.12566370614359174,
            "transform_matrix": [
                [
                    0.9668141603469849,
                    0.029045527800917625,
                    -0.25382426381111145,
                    -1.0231983661651611
                ],
                [
                    -0.25548073649406433,
                    0.1099168062210083,
                    -0.9605455994606018,
                    -3.8720831871032715
                ],
                [
                    -1.862645149230957e-09,
                    0.9935163259506226,
                    0.11368969827890396,
                    0.45829781889915466
                ],
                [
                    0.0,
                    0.0,
                    0.0,
                    1.0
                ]
            ]
        },
        {
            "file_path": "/data/shapenet_blender/all_50_random/02958343/7240a21ee34bef83dd141480e2c154d3/r_22",
            "rotation": 0.12566370614359174,
            "transform_matrix": [
                [
                    -0.7590755224227905,
                    -0.5949384570121765,
                    0.26429644227027893,
                    1.065412998199463
                ],
                [
                    0.6510027050971985,
                    -0.6937040686607361,
                    0.30817222595214844,
                    1.2422820329666138
                ],
                [
                    0.0,
                    0.4059835374355316,
                    0.9138803482055664,
                    3.683969497680664
                ],
                [
                    0.0,
                    0.0,
                    0.0,
                    1.0
                ]
            ]
        },
        {
            "file_path": "/data/shapenet_blender/all_50_random/02958343/7240a21ee34bef83dd141480e2c154d3/r_23",
            "rotation": 0.12566370614359174,
            "transform_matrix": [
                [
                    0.9869128465652466,
                    0.06267841160297394,
                    0.14857472479343414,
                    0.598923921585083
                ],
                [
                    0.16125456988811493,
                    -0.3836054801940918,
                    -0.909309446811676,
                    -3.665543794631958
                ],
                [
                    7.450580596923828e-09,
                    0.9213674664497375,
                    -0.3886924088001251,
                    -1.5668693780899048
                ],
                [
                    0.0,
                    0.0,
                    0.0,
                    1.0
                ]
            ]
        },
        {
            "file_path": "/data/shapenet_blender/all_50_random/02958343/7240a21ee34bef83dd141480e2c154d3/r_24",
            "rotation": 0.12566370614359174,
            "transform_matrix": [
                [
                    -0.6225929856300354,
                    0.09082330018281937,
                    -0.77725750207901,
                    -3.1332247257232666
                ],
                [
                    -0.782545804977417,
                    -0.07225895673036575,
                    0.6183855533599854,
                    2.4927916526794434
                ],
                [
                    0.0,
                    0.993242084980011,
                    0.11606131494045258,
                    0.46785807609558105
                ],
                [
                    0.0,
                    0.0,
                    0.0,
                    1.0
                ]
            ]
        },
        {
            "file_path": "/data/shapenet_blender/all_50_random/02958343/7240a21ee34bef83dd141480e2c154d3/r_25",
            "rotation": 0.12566370614359174,
            "transform_matrix": [
                [
                    -0.9903431534767151,
                    0.13236995041370392,
                    0.04121464118361473,
                    0.166141539812088
                ],
                [
                    0.13863784074783325,
                    0.9455692172050476,
                    0.29441192746162415,
                    1.186812400817871
                ],
                [
                    -3.725290298461914e-09,
                    0.2972828447818756,
                    -0.9547894597053528,
                    -3.848879337310791
                ],
                [
                    0.0,
                    0.0,
                    0.0,
                    1.0
                ]
            ]
        },
        {
            "file_path": "/data/shapenet_blender/all_50_random/02958343/7240a21ee34bef83dd141480e2c154d3/r_26",
            "rotation": 0.12566370614359174,
            "transform_matrix": [
                [
                    -0.6987533569335938,
                    -0.45290452241897583,
                    -0.553733766078949,
                    -2.2321724891662598
                ],
                [
                    -0.7153626084327698,
                    0.44238901138305664,
                    0.5408772230148315,
                    2.1803460121154785
                ],
                [
                    0.0,
                    0.7740602493286133,
                    -0.6331117749214172,
                    -2.5521554946899414
                ],
                [
                    0.0,
                    0.0,
                    0.0,
                    1.0
                ]
            ]
        },
        {
            "file_path": "/data/shapenet_blender/all_50_random/02958343/7240a21ee34bef83dd141480e2c154d3/r_27",
            "rotation": 0.12566370614359174,
            "transform_matrix": [
                [
                    0.4762337803840637,
                    0.06644853204488754,
                    0.8768044114112854,
                    3.5345115661621094
                ],
                [
                    0.8793187141418457,
                    -0.03598812595009804,
                    -0.47487205266952515,
                    -1.9142705202102661
                ],
                [
                    -3.725290298461914e-09,
                    0.997140645980835,
                    -0.07556818425655365,
                    -0.30462509393692017
                ],
                [
                    0.0,
                    0.0,
                    0.0,
                    1.0
                ]
            ]
        },
        {
            "file_path": "/data/shapenet_blender/all_50_random/02958343/7240a21ee34bef83dd141480e2c154d3/r_28",
            "rotation": 0.12566370614359174,
            "transform_matrix": [
                [
                    0.026921318843960762,
                    -0.9491075873374939,
                    -0.31379932165145874,
                    -1.264965534210205
                ],
                [
                    -0.9996376037597656,
                    -0.025560492649674416,
                    -0.008450954221189022,
                    -0.03406688570976257
                ],
                [
                    0.0,
                    0.31391310691833496,
                    -0.9494516849517822,
                    -3.827362060546875
                ],
                [
                    0.0,
                    0.0,
                    0.0,
                    1.0
                ]
            ]
        },
        {
            "file_path": "/data/shapenet_blender/all_50_random/02958343/7240a21ee34bef83dd141480e2c154d3/r_29",
            "rotation": 0.12566370614359174,
            "transform_matrix": [
                [
                    -0.6100658774375916,
                    0.12090317159891129,
                    -0.7830722332000732,
                    -3.1566648483276367
                ],
                [
                    -0.792350709438324,
                    -0.09308870136737823,
                    0.6029219627380371,
                    2.4304559230804443
                ],
                [
                    0.0,
                    0.9882898926734924,
                    0.15258796513080597,
                    0.61510169506073
                ],
                [
                    0.0,
                    0.0,
                    0.0,
                    1.0
                ]
            ]
        },
        {
            "file_path": "/data/shapenet_blender/all_50_random/02958343/7240a21ee34bef83dd141480e2c154d3/r_30",
            "rotation": 0.12566370614359174,
            "transform_matrix": [
                [
                    0.9139416217803955,
                    0.14879204332828522,
                    0.37758657336235046,
                    1.5221003293991089
                ],
                [
                    0.40584567189216614,
                    -0.33507129549980164,
                    -0.8503037095069885,
                    -3.4276840686798096
                ],
                [
                    0.0,
                    0.9303699135780334,
                    -0.3666221499443054,
                    -1.4779012203216553
                ],
                [
                    0.0,
                    0.0,
                    0.0,
                    1.0
                ]
            ]
        },
        {
            "file_path": "/data/shapenet_blender/all_50_random/02958343/7240a21ee34bef83dd141480e2c154d3/r_31",
            "rotation": 0.12566370614359174,
            "transform_matrix": [
                [
                    -0.977761447429657,
                    0.08419197797775269,
                    0.19207878410816193,
                    0.774294376373291
                ],
                [
                    0.2097201943397522,
                    0.3925214409828186,
                    0.8955133557319641,
                    3.6099300384521484
                ],
                [
                    0.0,
                    0.915881335735321,
                    -0.4014490246772766,
                    -1.6182929277420044
                ],
                [
                    0.0,
                    0.0,
                    0.0,
                    1.0
                ]
            ]
        },
        {
            "file_path": "/data/shapenet_blender/all_50_random/02958343/7240a21ee34bef83dd141480e2c154d3/r_32",
            "rotation": 0.12566370614359174,
            "transform_matrix": [
                [
                    -0.7359926700592041,
                    0.16095483303070068,
                    -0.6575777530670166,
                    -2.650780439376831
                ],
                [
                    -0.6769896149635315,
                    -0.17498286068439484,
                    0.7148889303207397,
                    2.8818089962005615
                ],
                [
                    -7.4505797087454084e-09,
                    0.9713262915611267,
                    0.2377508580684662,
                    0.9584042429924011
                ],
                [
                    0.0,
                    0.0,
                    0.0,
                    1.0
                ]
            ]
        },
        {
            "file_path": "/data/shapenet_blender/all_50_random/02958343/7240a21ee34bef83dd141480e2c154d3/r_33",
            "rotation": 0.12566370614359174,
            "transform_matrix": [
                [
                    -0.5054244995117188,
                    -0.05026787891983986,
                    -0.8614054322242737,
                    -3.47243595123291
                ],
                [
                    -0.8628708720207214,
                    0.029444286599755287,
                    0.5045661330223083,
                    2.033970832824707
                ],
                [
                    -1.862645149230957e-09,
                    0.99830162525177,
                    -0.05825655534863472,
                    -0.23483966290950775
                ],
                [
                    0.0,
                    0.0,
                    0.0,
                    1.0
                ]
            ]
        },
        {
            "file_path": "/data/shapenet_blender/all_50_random/02958343/7240a21ee34bef83dd141480e2c154d3/r_34",
            "rotation": 0.12566370614359174,
            "transform_matrix": [
                [
                    0.9823729395866394,
                    -0.00892152450978756,
                    -0.18671903014183044,
                    -0.7526885271072388
                ],
                [
                    -0.18693208694458008,
                    -0.04688475281000137,
                    -0.9812532663345337,
                    -3.9555587768554688
                ],
                [
                    0.0,
                    0.9988603591918945,
                    -0.047726020216941833,
                    -0.19238975644111633
                ],
                [
                    0.0,
                    0.0,
                    0.0,
                    1.0
                ]
            ]
        },
        {
            "file_path": "/data/shapenet_blender/all_50_random/02958343/7240a21ee34bef83dd141480e2c154d3/r_35",
            "rotation": 0.12566370614359174,
            "transform_matrix": [
                [
                    0.7246667742729187,
                    0.16759657859802246,
                    -0.6684080362319946,
                    -2.694438934326172
                ],
                [
                    -0.6890993118286133,
                    0.1762469857931137,
                    -0.7029075622558594,
                    -2.8335111141204834
                ],
                [
                    0.0,
                    0.9699733257293701,
                    0.2432110458612442,
                    0.9804151058197021
                ],
                [
                    0.0,
                    0.0,
                    0.0,
                    1.0
                ]
            ]
        },
        {
            "file_path": "/data/shapenet_blender/all_50_random/02958343/7240a21ee34bef83dd141480e2c154d3/r_36",
            "rotation": 0.12566370614359174,
            "transform_matrix": [
                [
                    -0.03522133082151413,
                    0.07058117538690567,
                    -0.9968840479850769,
                    -4.01856803894043
                ],
                [
                    -0.999379575252533,
                    -0.0024875064846128225,
                    0.03513338044285774,
                    0.14162719249725342
                ],
                [
                    -2.3283064365386963e-10,
                    0.9975029230117798,
                    0.07062499970197678,
                    0.284698486328125
                ],
                [
                    0.0,
                    0.0,
                    0.0,
                    1.0
                ]
            ]
        },
        {
            "file_path": "/data/shapenet_blender/all_50_random/02958343/7240a21ee34bef83dd141480e2c154d3/r_37",
            "rotation": 0.12566370614359174,
            "transform_matrix": [
                [
                    0.44494715332984924,
                    -0.08065101504325867,
                    -0.8919177651405334,
                    -3.595435857772827
                ],
                [
                    -0.8955569267272949,
                    -0.04007053002715111,
                    -0.44313907623291016,
                    -1.7863508462905884
                ],
                [
                    0.0,
                    0.9959365725517273,
                    -0.09005683660507202,
                    -0.3630307614803314
                ],
                [
                    0.0,
                    0.0,
                    0.0,
                    1.0
                ]
            ]
        },
        {
            "file_path": "/data/shapenet_blender/all_50_random/02958343/7240a21ee34bef83dd141480e2c154d3/r_38",
            "rotation": 0.12566370614359174,
            "transform_matrix": [
                [
                    0.5770485997200012,
                    0.06270446628332138,
                    -0.8142991662025452,
                    -3.2825448513031006
                ],
                [
                    -0.8167099356651306,
                    0.0443040132522583,
                    -0.5753452777862549,
                    -2.319291114807129
                ],
                [
                    0.0,
                    0.9970481991767883,
                    0.07677692919969559,
                    0.3094977140426636
                ],
                [
                    0.0,
                    0.0,
                    0.0,
                    1.0
                ]
            ]
        },
        {
            "file_path": "/data/shapenet_blender/all_50_random/02958343/7240a21ee34bef83dd141480e2c154d3/r_39",
            "rotation": 0.12566370614359174,
            "transform_matrix": [
                [
                    0.3332918882369995,
                    0.07581594586372375,
                    -0.9397704005241394,
                    -3.7883358001708984
                ],
                [
                    -0.9428237080574036,
                    0.02680123597383499,
                    -0.33221253752708435,
                    -1.3391916751861572
                ],
                [
                    0.0,
                    0.9967615008354187,
                    0.08041370660066605,
                    0.32415804266929626
                ],
                [
                    0.0,
                    0.0,
                    0.0,
                    1.0
                ]
            ]
        },
        {
            "file_path": "/data/shapenet_blender/all_50_random/02958343/7240a21ee34bef83dd141480e2c154d3/r_40",
            "rotation": 0.12566370614359174,
            "transform_matrix": [
                [
                    -0.9013680219650269,
                    0.20486117899417877,
                    0.3815331757068634,
                    1.5380094051361084
                ],
                [
                    0.4330539107322693,
                    0.42640262842178345,
                    0.7941316962242126,
                    3.201247215270996
                ],
                [
                    0.0,
                    0.8810293674468994,
                    -0.47306159138679504,
                    -1.9069722890853882
                ],
                [
                    0.0,
                    0.0,
                    0.0,
                    1.0
                ]
            ]
        },
        {
            "file_path": "/data/shapenet_blender/all_50_random/02958343/7240a21ee34bef83dd141480e2c154d3/r_41",
            "rotation": 0.12566370614359174,
            "transform_matrix": [
                [
                    -0.6062169671058655,
                    0.03285494074225426,
                    0.7946203351020813,
                    3.2032172679901123
                ],
                [
                    0.7952993512153625,
                    0.025043677538633347,
                    0.6056993007659912,
                    2.441652297973633
                ],
                [
                    1.862645149230957e-09,
