{
    "class": "02958343",
    "model": "ddea3123599a628ebecf71e2e014ff6f",
    "remove_doubles": true,
    "edge_split": true,
    "denoise": true,
    "camera_angle_x": 0.6911112070083618,
    "scale_factor": 2.240921393250929,
    "hdri_file": "/data/IndoorHDRDataset2018/AG8A4365-b6ce12e881.exr",
    "center_offset": [
        0.0,
        -1.862645149230957e-09,
        -1.862645149230957e-09
    ],
    "lights": [],
    "frames": [
        {
            "file_path": "/data/shapenet_blender/all_50_random/02958343/ddea3123599a628ebecf71e2e014ff6f/r_0",
            "rotation": 0.12566370614359174,
            "transform_matrix": [
                [
                    0.7418636679649353,
                    -0.02875836007297039,
                    -0.6699336767196655,
                    -2.700589179992676
                ],
                [
                    -0.6705507636070251,
                    -0.03181680291891098,
                    -0.7411810159683228,
                    -2.9877965450286865
                ],
                [
                    1.8626449271863521e-09,
                    0.9990799427032471,
                    -0.04288766533136368,
                    -0.1728857308626175
                ],
                [
                    0.0,
                    0.0,
                    0.0,
                    1.0
                ]
            ]
        },
        {
            "file_path": "/data/shapenet_blender/all_50_random/02958343/ddea3123599a628ebecf71e2e014ff6f/r_1",
            "rotation": 0.12566370614359174,
            "transform_matrix": [
                [
                    0.7179871201515198,
                    -0.008009362034499645,
                    -0.6960102915763855,
                    -2.8057072162628174
                ],
                [
                    -0.6960563659667969,
                    -0.00826171413064003,
                    -0.717939555644989,
                    -2.894106864929199
                ],
                [
                    0.0,
                    0.9999338984489441,
                    -0.011506770737469196,
                    -0.046385277062654495
                ],
                [
                    0.0,
                    0.0,
                    0.0,
                    1.0
                ]
            ]
        },
        {
            "file_path": "/data/shapenet_blender/all_50_random/02958343/ddea3123599a628ebecf71e2e014ff6f/r_2",
            "rotation": 0.12566370614359174,
            "transform_matrix": [
                [
                    0.7805553078651428,
                    -0.13006170094013214,
                    -0.6114059686660767,
                    -2.464656352996826
                ],
                [
                    -0.6250866055488586,
                    -0.16241006553173065,
                    -0.7634720802307129,
                    -3.0776543617248535
                ],
                [
                    0.0,
                    0.9781140089035034,
                    -0.20806989073753357,
                    -0.8387565612792969
                ],
                [
                    0.0,
                    0.0,
                    0.0,
                    1.0
                ]
            ]
        },
        {
            "file_path": "/data/shapenet_blender/all_50_random/02958343/ddea3123599a628ebecf71e2e014ff6f/r_3",
            "rotation": 0.12566370614359174,
            "transform_matrix": [
                [
                    0.9356542229652405,
                    0.20736567676067352,
                    -0.28557077050209045,
                    -1.1511726379394531
                ],
                [
                    -0.3529180884361267,
                    0.549766480922699,
                    -0.7571033239364624,
                    -3.051981210708618
                ],
                [
                    0.0,
                    0.8091700077056885,
                    0.5875744819641113,
                    2.368588447570801
                ],
                [
                    0.0,
                    0.0,
                    0.0,
                    1.0
                ]
            ]
        },
        {
            "file_path": "/data/shapenet_blender/all_50_random/02958343/ddea3123599a628ebecf71e2e014ff6f/r_4",
            "rotation": 0.12566370614359174,
            "transform_matrix": [
                [
                    -0.8613481521606445,
                    0.04549487307667732,
                    0.505973756313324,
                    2.039645195007324
                ],
                [
                    0.5080148577690125,
                    0.07713735848665237,
                    0.8578873872756958,
                    3.458254337310791
                ],
                [
                    0.0,
                    0.9959818720817566,
                    -0.08955421298742294,
                    -0.3610045313835144
                ],
                [
                    0.0,
                    0.0,
                    0.0,
                    1.0
                ]
            ]
        },
        {
            "file_path": "/data/shapenet_blender/all_50_random/02958343/ddea3123599a628ebecf71e2e014ff6f/r_5",
            "rotation": 0.12566370614359174,
            "transform_matrix": [
                [
                    0.7222421169281006,
                    -0.20848426222801208,
                    0.6594698429107666,
                    2.6584081649780273
                ],
                [
                    0.6916402578353882,
                    0.2177087366580963,
                    -0.6886483430862427,
                    -2.7760305404663086
                ],
                [
                    -1.4901161193847656e-08,
                    0.9534867405891418,
                    0.30143454670906067,
                    1.2151216268539429
                ],
                [
                    0.0,
                    0.0,
                    0.0,
                    1.0
                ]
            ]
        },
        {
            "file_path": "/data/shapenet_blender/all_50_random/02958343/ddea3123599a628ebecf71e2e014ff6f/r_6",
            "rotation": 0.12566370614359174,
            "transform_matrix": [
                [
                    0.9436960220336914,
                    -0.03182419762015343,
                    0.32927975058555603,
                    1.3273690938949585
                ],
                [
                    0.33081406354904175,
                    0.09078322350978851,
                    -0.9393191337585449,
                    -3.7865164279937744
                ],
                [
                    0.0,
                    0.9953620433807373,
                    0.0961996391415596,
                    0.3877931237220764
                ],
                [
                    0.0,
                    0.0,
                    0.0,
                    1.0
                ]
            ]
        },
        {
            "file_path": "/data/shapenet_blender/all_50_random/02958343/ddea3123599a628ebecf71e2e014ff6f/r_7",
            "rotation": 0.12566370614359174,
            "transform_matrix": [
                [
                    -0.9762505292892456,
                    0.0887736827135086,
                    0.19762152433395386,
                    0.7966378331184387
                ],
                [
                    0.2166449874639511,
                    0.40003401041030884,
                    0.8905266523361206,
                    3.5898277759552
                ],
                [
                    0.0,
                    0.9121907949447632,
                    -0.40976575016975403,
                    -1.6518186330795288
                ],
                [
                    0.0,
                    0.0,
                    0.0,
                    1.0
                ]
            ]
        },
        {
            "file_path": "/data/shapenet_blender/all_50_random/02958343/ddea3123599a628ebecf71e2e014ff6f/r_8",
            "rotation": 0.12566370614359174,
            "transform_matrix": [
                [
                    -0.5625208020210266,
                    -0.07386567443609238,
                    0.8234768509864807,
                    3.3195414543151855
                ],
                [
                    0.8267831206321716,
                    -0.05025620013475418,
                    0.5602713227272034,
                    2.258525848388672
                ],
                [
                    -3.725290298461914e-09,
                    0.9960010647773743,
                    0.08934104442596436,
                    0.3601452708244324
                ],
                [
                    0.0,
                    0.0,
                    0.0,
                    1.0
                ]
            ]
        },
        {
            "file_path": "/data/shapenet_blender/all_50_random/02958343/ddea3123599a628ebecf71e2e014ff6f/r_9",
            "rotation": 0.12566370614359174,
            "transform_matrix": [
                [
                    -0.9783576726913452,
                    0.008294702507555485,
                    -0.20675508677959442,
                    -0.8334563970565796
                ],
                [
                    -0.20692144334316254,
                    -0.039218682795763016,
                    0.9775711894035339,
                    3.9407155513763428
                ],
                [
                    0.0,
                    0.9991962313652039,
                    0.04008624702692032,
                    0.16159282624721527
                ],
                [
                    0.0,
                    0.0,
                    0.0,
                    1.0
                ]
            ]
        },
        {
            "file_path": "/data/shapenet_blender/all_50_random/02958343/ddea3123599a628ebecf71e2e014ff6f/r_10",
            "rotation": 0.12566370614359174,
            "transform_matrix": [
                [
                    0.12247566133737564,
                    -0.022785454988479614,
                    0.9922099113464355,
                    3.9997260570526123
                ],
                [
                    0.9924715161323547,
                    0.0028118325863033533,
                    -0.12244337797164917,
                    -0.4935850501060486
                ],
                [
                    0.0,
                    0.9997364282608032,
                    0.022958295419812202,
                    0.09254784882068634
                ],
                [
                    0.0,
                    0.0,
                    0.0,
                    1.0
                ]
            ]
        },
        {
            "file_path": "/data/shapenet_blender/all_50_random/02958343/ddea3123599a628ebecf71e2e014ff6f/r_11",
            "rotation": 0.12566370614359174,
            "transform_matrix": [
                [
                    0.18268437683582306,
                    -0.32340508699417114,
                    0.9284586310386658,
                    3.74273681640625
                ],
                [
                    0.9831717014312744,
                    0.06009230762720108,
                    -0.1725180745124817,
                    -0.6954426765441895
                ],
                [
                    3.725290742551124e-09,
                    0.9443506002426147,
                    0.32894057035446167,
                    1.3260020017623901
                ],
                [
                    0.0,
                    0.0,
                    0.0,
                    1.0
                ]
            ]
        },
        {
            "file_path": "/data/shapenet_blender/all_50_random/02958343/ddea3123599a628ebecf71e2e014ff6f/r_12",
            "rotation": 0.12566370614359174,
            "transform_matrix": [
                [
                    -0.6256133317947388,
                    0.0037010405212640762,
                    -0.7801244258880615,
                    -3.144782304763794
                ],
                [
                    -0.7801333069801331,
                    -0.002967980457469821,
                    0.6256062388420105,
                    2.521899700164795
                ],
                [
                    2.3283064365386963e-10,
                    0.9999887943267822,
                    0.004744112491607666,
                    0.01912413164973259
                ],
                [
                    0.0,
                    0.0,
                    0.0,
                    1.0
                ]
            ]
        },
        {
            "file_path": "/data/shapenet_blender/all_50_random/02958343/ddea3123599a628ebecf71e2e014ff6f/r_13",
            "rotation": 0.12566370614359174,
            "transform_matrix": [
                [
                    -0.8939688205718994,
                    0.19170202314853668,
                    -0.4050557315349579,
                    -1.6328319311141968
                ],
                [
                    -0.44812923669815063,
                    -0.38242456316947937,
                    0.8080418705940247,
                    3.2573208808898926
                ],
                [
                    0.0,
                    0.9038815498352051,
                    0.42778289318084717,
                    1.7244479656219482
                ],
                [
                    0.0,
                    0.0,
                    0.0,
                    1.0
                ]
            ]
        },
        {
            "file_path": "/data/shapenet_blender/all_50_random/02958343/ddea3123599a628ebecf71e2e014ff6f/r_14",
            "rotation": 0.12566370614359174,
            "transform_matrix": [
                [
                    0.17712053656578064,
                    -0.7465620040893555,
                    -0.6413060426712036,
                    -2.5851874351501465
                ],
                [
                    -0.9841892123222351,
                    -0.13435573875904083,
                    -0.11541324853897095,
                    -0.46524569392204285
                ],
                [
                    0.0,
                    0.6516085863113403,
                    -0.7585554122924805,
                    -3.0578346252441406
                ],
                [
                    0.0,
                    0.0,
                    0.0,
                    1.0
                ]
            ]
        },
        {
            "file_path": "/data/shapenet_blender/all_50_random/02958343/ddea3123599a628ebecf71e2e014ff6f/r_15",
            "rotation": 0.12566370614359174,
            "transform_matrix": [
                [
                    0.26998069882392883,
                    0.08071767538785934,
                    -0.9594764113426208,
                    -3.8677732944488525
                ],
                [
                    -0.9628657698631287,
                    0.02263266034424305,
                    -0.2690303325653076,
                    -1.084496021270752
                ],
                [
                    0.0,
                    0.9964799880981445,
                    0.08383066207170486,
                    0.3379322290420532
                ],
                [
                    0.0,
                    0.0,
                    0.0,
                    1.0
                ]
            ]
        },
        {
            "file_path": "/data/shapenet_blender/all_50_random/02958343/ddea3123599a628ebecf71e2e014ff6f/r_16",
            "rotation": 0.12566370614359174,
            "transform_matrix": [
                [
                    0.9918730854988098,
                    0.016281545162200928,
                    0.12618519365787506,
                    0.5086687803268433
                ],
                [
                    0.12723127007484436,
                    -0.12692813575267792,
                    -0.98371821641922,
                    -3.9654946327209473
                ],
                [
                    0.0,
                    0.9917782545089722,
                    -0.12796813249588013,
                    -0.5158560276031494
                ],
                [
                    0.0,
                    0.0,
                    0.0,
                    1.0
                ]
            ]
        },
        {
            "file_path": "/data/shapenet_blender/all_50_random/02958343/ddea3123599a628ebecf71e2e014ff6f/r_17",
            "rotation": 0.12566370614359174,
            "transform_matrix": [
                [
                    0.37986257672309875,
                    0.5322946310043335,
                    0.7565492391586304,
                    3.0497477054595947
                ],
                [
                    0.925042986869812,
                    -0.2185831218957901,
                    -0.31067174673080444,
                    -1.2523579597473145
                ],
                [
                    0.0,
                    0.8178531527519226,
                    -0.5754268765449524,
                    -2.319620132446289
                ],
                [
                    0.0,
                    0.0,
                    0.0,
                    1.0
                ]
            ]
        },
        {
            "file_path": "/data/shapenet_blender/all_50_random/02958343/ddea3123599a628ebecf71e2e014ff6f/r_18",
            "rotation": 0.12566370614359174,
            "transform_matrix": [
                [
                    0.24213798344135284,
                    -0.034012846648693085,
                    0.9696453809738159,
                    3.9087657928466797
                ],
                [
                    0.9702417850494385,
                    0.008488400839269161,
                    -0.2419891357421875,
                    -0.9754894971847534
                ],
                [
                    9.313225746154785e-10,
                    0.9993852376937866,
                    0.03505605086684227,
                    0.14131547510623932
                ],
                [
                    0.0,
                    0.0,
                    0.0,
                    1.0
                ]
            ]
        },
        {
            "file_path": "/data/shapenet_blender/all_50_random/02958343/ddea3123599a628ebecf71e2e014ff6f/r_19",
            "rotation": 0.12566370614359174,
            "transform_matrix": [
                [
                    -0.23945116996765137,
                    -0.51320880651474,
                    -0.8241843581199646,
                    -3.3223934173583984
                ],
                [
                    -0.9709084033966064,
                    0.12657058238983154,
                    0.2032652199268341,
                    0.8193883299827576
                ],
                [
                    -7.450580596923828e-09,
                    0.8488795161247253,
                    -0.5285862684249878,
                    -2.1307992935180664
                ],
                [
                    0.0,
                    0.0,
                    0.0,
                    1.0
                ]
            ]
        },
        {
            "file_path": "/data/shapenet_blender/all_50_random/02958343/ddea3123599a628ebecf71e2e014ff6f/r_20",
            "rotation": 0.12566370614359174,
            "transform_matrix": [
                [
                    0.5559521317481995,
                    -0.23519267141819,
                    0.7972462773323059,
                    3.2138025760650635
                ],
                [
                    0.8312143683433533,
                    0.15730702877044678,
                    -0.5332328081130981,
                    -2.1495301723480225
                ],
                [
                    1.4901161193847656e-08,
                    0.9591343998908997,
                    0.2829506993293762,
                    1.140610694885254
                ],
                [
                    0.0,
                    0.0,
                    0.0,
                    1.0
                ]
            ]
        },
        {
            "file_path": "/data/shapenet_blender/all_50_random/02958343/ddea3123599a628ebecf71e2e014ff6f/r_21",
            "rotation": 0.12566370614359174,
            "transform_matrix": [
                [
                    -0.9656002521514893,
                    0.11564599722623825,
                    0.23289985954761505,
                    0.9388494491577148
                ],
                [
                    0.26003146171569824,
                    0.42943957448005676,
                    0.8648498058319092,
                    3.486321210861206
                ],
                [
                    0.0,
                    0.8956604599952698,
                    -0.4447384774684906,
                    -1.7927982807159424
                ],
                [
                    0.0,
                    0.0,
                    0.0,
                    1.0
                ]
            ]
        },
        {
            "file_path": "/data/shapenet_blender/all_50_random/02958343/ddea3123599a628ebecf71e2e014ff6f/r_22",
            "rotation": 0.12566370614359174,
            "transform_matrix": [
                [
                    -0.30836015939712524,
                    0.8416380882263184,
                    0.44335001707077026,
                    1.787201166152954
                ],
                [
                    0.9512697458267212,
                    0.2728223502635956,
                    0.14371472597122192,
                    0.5793326497077942
                ],
                [
                    0.0,
                    0.46606138348579407,
                    -0.8847523331642151,
                    -3.5665509700775146
                ],
                [
                    0.0,
                    0.0,
                    0.0,
                    1.0
                ]
            ]
        },
        {
            "file_path": "/data/shapenet_blender/all_50_random/02958343/ddea3123599a628ebecf71e2e014ff6f/r_23",
            "rotation": 0.12566370614359174,
            "transform_matrix": [
                [
                    -0.6932518482208252,
                    0.0023511426988989115,
                    -0.7206915616989136,
                    -2.905200719833374
                ],
                [
                    -0.7206954956054688,
                    -0.0022616127971559763,
                    0.6932480931282043,
                    2.794572353363037
                ],
                [
                    0.0,
                    0.999994695186615,
                    0.0032623247243463993,
                    0.013150851242244244
                ],
                [
                    0.0,
                    0.0,
                    0.0,
                    1.0
                ]
            ]
        },
        {
            "file_path": "/data/shapenet_blender/all_50_random/02958343/ddea3123599a628ebecf71e2e014ff6f/r_24",
            "rotation": 0.12566370614359174,
            "transform_matrix": [
                [
                    0.47372618317604065,
                    -0.03279021754860878,
                    0.8800614476203918,
                    3.5476415157318115
                ],
                [
                    0.8806722164154053,
                    0.017638325691223145,
                    -0.4733976423740387,
                    -1.9083271026611328
                ],
                [
                    9.313225746154785e-10,
                    0.9993066191673279,
                    0.03723316639661789,
                    0.15009170770645142
                ],
                [
                    0.0,
                    0.0,
                    0.0,
                    1.0
                ]
            ]
        },
        {
            "file_path": "/data/shapenet_blender/all_50_random/02958343/ddea3123599a628ebecf71e2e014ff6f/r_25",
            "rotation": 0.12566370614359174,
            "transform_matrix": [
                [
                    0.3186357915401459,
                    -0.6025983095169067,
                    -0.7316737771034241,
                    -2.9494712352752686
                ],
                [
                    -0.9478772878646851,
                    -0.20256778597831726,
                    -0.24595744907855988,
                    -0.9914861917495728
                ],
                [
                    1.4901162970204496e-08,
                    0.7719076871871948,
                    -0.6357345581054688,
                    -2.562727928161621
                ],
                [
                    0.0,
                    0.0,
                    0.0,
                    1.0
                ]
            ]
        },
        {
            "file_path": "/data/shapenet_blender/all_50_random/02958343/ddea3123599a628ebecf71e2e014ff6f/r_26",
            "rotation": 0.12566370614359174,
            "transform_matrix": [
                [
                    0.1573040932416916,
                    -0.3702455461025238,
                    0.9155182242393494,
                    3.6905720233917236
                ],
                [
                    0.9875502586364746,
                    0.05897537246346474,
                    -0.14583031833171844,
                    -0.5878608226776123
                ],
                [
                    0.0,
                    0.9270598888397217,
                    0.37491315603256226,
                    1.51132333278656
                ],
                [
                    0.0,
                    0.0,
                    0.0,
                    1.0
                ]
            ]
        },
        {
            "file_path": "/data/shapenet_blender/all_50_random/02958343/ddea3123599a628ebecf71e2e014ff6f/r_27",
            "rotation": 0.12566370614359174,
            "transform_matrix": [
                [
                    0.992717981338501,
                    -0.09219684451818466,
                    0.07752984017133713,
                    0.31253278255462646
                ],
                [
                    0.12046217918395996,
                    0.7597858905792236,
                    -0.6389164328575134,
                    -2.575554609298706
                ],
                [
                    0.0,
                    0.6436032056808472,
                    0.7653592824935913,
                    3.0852620601654053
                ],
                [
                    0.0,
                    0.0,
                    0.0,
                    1.0
                ]
            ]
        },
        {
            "file_path": "/data/shapenet_blender/all_50_random/02958343/ddea3123599a628ebecf71e2e014ff6f/r_28",
            "rotation": 0.12566370614359174,
            "transform_matrix": [
                [
                    -0.9675852656364441,
                    0.20861539244651794,
                    0.1423322558403015,
                    0.5737596154212952
                ],
                [
                    0.2525447905063629,
                    0.7992767691612244,
                    0.5453234314918518,
                    2.1982688903808594
                ],
                [
                    0.0,
                    0.5635921359062195,
                    -0.826053261756897,
                    -3.3299267292022705
                ],
                [
                    0.0,
                    0.0,
                    0.0,
                    1.0
                ]
            ]
        },
        {
            "file_path": "/data/shapenet_blender/all_50_random/02958343/ddea3123599a628ebecf71e2e014ff6f/r_29",
            "rotation": 0.12566370614359174,
            "transform_matrix": [
                [
                    0.725515604019165,
                    0.18148232996463776,
                    0.6638457179069519,
                    2.6760480403900146
                ],
                [
                    0.6882057189941406,
                    -0.19132110476493835,
                    -0.6998350024223328,
                    -2.8211252689361572
                ],
                [
                    1.4901162970204496e-08,
                    0.9646036624908447,
                    -0.2637035846710205,
                    -1.063023328781128
                ],
                [
                    0.0,
                    0.0,
                    0.0,
                    1.0
                ]
            ]
        },
        {
            "file_path": "/data/shapenet_blender/all_50_random/02958343/ddea3123599a628ebecf71e2e014ff6f/r_30",
            "rotation": 0.12566370614359174,
            "transform_matrix": [
                [
                    -0.894169270992279,
                    -0.08791031688451767,
                    -0.43901392817497253,
                    -1.7697217464447021
                ],
                [
                    -0.4477292597293854,
                    0.17556747794151306,
                    0.8767637014389038,
                    3.5343475341796875
                ],
                [
                    -7.450580596923828e-09,
                    0.980534553527832,
                    -0.19634704291820526,
                    -0.7915002703666687
                ],
                [
                    0.0,
                    0.0,
                    0.0,
                    1.0
                ]
            ]
        },
        {
            "file_path": "/data/shapenet_blender/all_50_random/02958343/ddea3123599a628ebecf71e2e014ff6f/r_31",
            "rotation": 0.12566370614359174,
            "transform_matrix": [
                [
                    -0.09364588558673859,
                    0.2360348254442215,
                    0.9672217965126038,
                    3.8989956378936768
                ],
                [
                    0.9956055879592896,
                    0.02220125123858452,
                    0.09097612649202347,
                    0.3667364716529846
                ],
                [
                    0.0,
                    0.9714909195899963,
                    -0.23707664012908936,
                    -0.9556864500045776
                ],
                [
                    0.0,
                    0.0,
                    0.0,
                    1.0
                ]
            ]
        },
        {
            "file_path": "/data/shapenet_blender/all_50_random/02958343/ddea3123599a628ebecf71e2e014ff6f/r_32",
            "rotation": 0.12566370614359174,
            "transform_matrix": [
                [
                    0.4356344938278198,
                    0.517930805683136,
                    -0.7361863255500793,
                    -2.9676620960235596
                ],
                [
                    -0.9001237750053406,
                    0.2506638765335083,
                    -0.3562934100627899,
                    -1.4362646341323853
                ],
                [
                    -1.4901162970204496e-08,
                    0.8178723454475403,
                    0.5753995776176453,
                    2.319509983062744
                ],
                [
                    0.0,
                    0.0,
                    0.0,
                    1.0
                ]
            ]
        },
        {
            "file_path": "/data/shapenet_blender/all_50_random/02958343/ddea3123599a628ebecf71e2e014ff6f/r_33",
            "rotation": 0.12566370614359174,
            "transform_matrix": [
                [
                    -0.12859439849853516,
                    0.2684170603752136,
                    0.9546809792518616,
                    3.8484420776367188
                ],
                [
                    0.9916973114013672,
                    0.034805916249752045,
                    0.12379445135593414,
                    0.4990313947200775
                ],
                [
                    -3.725290298461914e-09,
                    0.9626738429069519,
                    -0.2706643044948578,
                    -1.0910826921463013
                ],
                [
                    0.0,
                    0.0,
                    0.0,
                    1.0
                ]
            ]
        },
        {
            "file_path": "/data/shapenet_blender/all_50_random/02958343/ddea3123599a628ebecf71e2e014ff6f/r_34",
            "rotation": 0.12566370614359174,
            "transform_matrix": [
                [
                    -0.49827226996421814,
                    0.8215287923812866,
                    0.27715522050857544,
                    1.11724853515625
                ],
                [
                    0.8670206665992737,
                    0.47212833166122437,
                    0.15927965939044952,
                    0.6420769095420837
                ],
                [
                    0.0,
                    0.31966397166252136,
                    -0.9475308656692505,
                    -3.8196194171905518
                ],
                [
                    0.0,
                    0.0,
                    0.0,
                    1.0
                ]
            ]
        },
        {
            "file_path": "/data/shapenet_blender/all_50_random/02958343/ddea3123599a628ebecf71e2e014ff6f/r_35",
            "rotation": 0.12566370614359174,
            "transform_matrix": [
                [
                    0.2990490794181824,
                    -0.2022385448217392,
                    0.9325605034828186,
                    3.7592718601226807
                ],
                [
                    0.9542378187179565,
                    0.06337963789701462,
                    -0.29225561022758484,
                    -1.1781201362609863
                ],
                [
                    3.725290742551124e-09,
                    0.977283239364624,
                    0.21193724870681763,
                    0.8543464541435242
                ],
                [
                    0.0,
                    0.0,
                    0.0,
                    1.0
                ]
            ]
        },
        {
            "file_path": "/data/shapenet_blender/all_50_random/02958343/ddea3123599a628ebecf71e2e014ff6f/r_36",
            "rotation": 0.12566370614359174,
            "transform_matrix": [
                [
                    0.6297038197517395,
                    0.07353510707616806,
                    -0.7733471989631653,
                    -3.117461919784546
                ],
                [
                    -0.7768353819847107,
                    0.059607651084661484,
                    -0.6268762350082397,
                    -2.5270185470581055
                ],
                [
                    -3.725290298461914e-09,
                    0.9955096244812012,
                    0.09465985000133514,
                    0.3815860152244568
                ],
                [
                    0.0,
                    0.0,
                    0.0,
                    1.0
                ]
            ]
        },
        {
            "file_path": "/data/shapenet_blender/all_50_random/02958343/ddea3123599a628ebecf71e2e014ff6f/r_37",
            "rotation": 0.12566370614359174,
            "transform_matrix": [
                [
                    -0.03752588480710983,
                    -0.44984742999076843,
                    0.8923166394233704,
                    3.597043752670288
                ],
                [
                    0.9992956519126892,
                    -0.016892822459340096,
                    0.03350857272744179,
                    0.13507738709449768
                ],
                [
                    0.0,
                    0.8929457068443298,
                    0.45016443729400635,
                    1.8146710395812988
                ],
                [
                    0.0,
                    0.0,
                    0.0,
                    1.0
                ]
            ]
        },
        {
            "file_path": "/data/shapenet_blender/all_50_random/02958343/ddea3123599a628ebecf71e2e014ff6f/r_38",
            "rotation": 0.12566370614359174,
            "transform_matrix": [
                [
                    -0.5083742141723633,
                    0.5986911654472351,
                    -0.6189704537391663,
                    -2.495149612426758
                ],
                [
                    -0.861136257648468,
                    -0.3534390330314636,
                    0.3654109835624695,
                    1.473018765449524
                ],
                [
                    1.4901160305669237e-08,
                    0.7187833786010742,
                    0.6952340602874756,
                    2.8025779724121094
                ],
                [
                    0.0,
                    0.0,
                    0.0,
                    1.0
                ]
            ]
        },
        {
            "file_path": "/data/shapenet_blender/all_50_random/02958343/ddea3123599a628ebecf71e2e014ff6f/r_39",
            "rotation": 0.12566370614359174,
            "transform_matrix": [
                [
                    -0.6847226619720459,
                    -0.18845196068286896,
                    -0.704017698764801,
                    -2.8379857540130615
                ],
                [
                    -0.728803813457489,
                    0.1770535707473755,
                    0.6614356637001038,
                    2.6663320064544678
                ],
                [
                    7.4505797087454084e-09,
                    0.9659906029701233,
                    -0.2585771381855011,
                    -1.0423576831817627
                ],
                [
                    0.0,
                    0.0,
                    0.0,
                    1.0
                ]
            ]
        },
        {
            "file_path": "/data/shapenet_blender/all_50_random/02958343/ddea3123599a628ebecf71e2e014ff6f/r_40",
            "rotation": 0.12566370614359174,
            "transform_matrix": [
                [
                    -0.4363272190093994,
                    0.14204949140548706,
                    -0.8885046243667603,
                    -3.581676721572876
                ],
                [
                    -0.8997880816459656,
                    -0.06888295710086823,
                    0.4308556318283081,
                    1.7368346452713013
                ],
                [
                    0.0,
                    0.9874599575996399,
                    0.15786993503570557,
                    0.6363940834999084
                ],
                [
                    0.0,
                    0.0,
                    0.0,
                    1.0
                ]
            ]
        },
        {
            "file_path": "/data/shapenet_blender/all_50_random/02958343/ddea3123599a628ebecf71e2e014ff6f/r_41",
            "rotation": 0.12566370614359174,
            "transform_matrix": [
                [
                    0.3706933557987213,
                    -0.529583215713501,
                    -0.7629731297492981,
                    -3.0756428241729736
                ],
                [
                    -0.9287552833557129,
                    -0.21137212216854095,
                    -0.30452483892440796,
                    -1.22757887840271
                ],
                [
