{
    "class": "02958343",
    "model": "65f0321c5aa8c303a1936d27bf774e9",
    "remove_doubles": true,
    "edge_split": true,
    "denoise": true,
    "camera_angle_x": 0.6911112070083618,
    "scale_factor": 2.3672672546402893,
    "hdri_file": "/data/IndoorHDRDataset2018/9C4A6117-1ce0050214.exr",
    "center_offset": [
        0.0,
        -7.450580596923828e-09,
        7.450580596923828e-09
    ],
    "lights": [],
    "frames": [
        {
            "file_path": "/data/shapenet_blender/all_50_random/02958343/65f0321c5aa8c303a1936d27bf774e9/r_0",
            "rotation": 0.12566370614359174,
            "transform_matrix": [
                [
                    0.9203610420227051,
                    -0.05382198095321655,
                    0.387348473072052,
                    1.5614516735076904
                ],
                [
                    0.3910699188709259,
                    0.12666700780391693,
                    -0.9116028547286987,
                    -3.6747887134552
                ],
                [
                    0.0,
                    0.9904839992523193,
                    0.1376275271177292,
                    0.5547943115234375
                ],
                [
                    0.0,
                    0.0,
                    0.0,
                    1.0
                ]
            ]
        },
        {
            "file_path": "/data/shapenet_blender/all_50_random/02958343/65f0321c5aa8c303a1936d27bf774e9/r_1",
            "rotation": 0.12566370614359174,
            "transform_matrix": [
                [
                    -0.43564003705978394,
                    -0.8602694272994995,
                    0.26486605405807495,
                    1.0677093267440796
                ],
                [
                    0.9001210331916809,
                    -0.41635268926620483,
                    0.12818971276283264,
                    0.5167493224143982
                ],
                [
                    0.0,
                    0.2942560911178589,
                    0.9557264447212219,
                    3.8526570796966553
                ],
                [
                    0.0,
                    0.0,
                    0.0,
                    1.0
                ]
            ]
        },
        {
            "file_path": "/data/shapenet_blender/all_50_random/02958343/65f0321c5aa8c303a1936d27bf774e9/r_2",
            "rotation": 0.12566370614359174,
            "transform_matrix": [
                [
                    0.7543681859970093,
                    -0.26773500442504883,
                    0.5993719100952148,
                    2.4161458015441895
                ],
                [
                    0.6564517021179199,
                    0.30767035484313965,
                    -0.6887742877006531,
                    -2.776538133621216
                ],
                [
                    1.4901162970204496e-08,
                    0.9130481481552124,
                    0.4078517556190491,
                    1.6441031694412231
                ],
                [
                    0.0,
                    0.0,
                    0.0,
                    1.0
                ]
            ]
        },
        {
            "file_path": "/data/shapenet_blender/all_50_random/02958343/65f0321c5aa8c303a1936d27bf774e9/r_3",
            "rotation": 0.12566370614359174,
            "transform_matrix": [
                [
                    0.7525658011436462,
                    0.01954222097992897,
                    0.6582269668579102,
                    2.653398036956787
                ],
                [
                    0.658517062664032,
                    -0.022333219647407532,
                    -0.7522343397140503,
                    -3.0323538780212402
                ],
                [
                    -2.7939677238464355e-09,
                    0.9995594620704651,
                    -0.029676107689738274,
                    -0.11962822079658508
                ],
                [
                    0.0,
                    0.0,
                    0.0,
                    1.0
                ]
            ]
        },
        {
            "file_path": "/data/shapenet_blender/all_50_random/02958343/65f0321c5aa8c303a1936d27bf774e9/r_4",
            "rotation": 0.12566370614359174,
            "transform_matrix": [
                [
                    -0.9039357900619507,
                    0.17109955847263336,
                    0.3919503092765808,
                    1.5800023078918457
                ],
                [
                    0.4276682734489441,
                    0.3616424798965454,
                    0.8284409642219543,
                    3.339552640914917
                ],
                [
                    0.0,
                    0.916482150554657,
                    -0.40007540583610535,
                    -1.6127556562423706
                ],
                [
                    0.0,
                    0.0,
                    0.0,
                    1.0
                ]
            ]
        },
        {
            "file_path": "/data/shapenet_blender/all_50_random/02958343/65f0321c5aa8c303a1936d27bf774e9/r_5",
            "rotation": 0.12566370614359174,
            "transform_matrix": [
                [
                    -0.9729475975036621,
                    -0.020182756707072258,
                    0.23014265298843384,
                    0.9277347326278687
                ],
                [
                    0.23102593421936035,
                    -0.08499809354543686,
                    0.9692277312278748,
                    3.9070818424224854
                ],
                [
                    0.0,
                    0.9961767792701721,
                    0.08736143261194229,
                    0.35216519236564636
                ],
                [
                    0.0,
                    0.0,
                    0.0,
                    1.0
                ]
            ]
        },
        {
            "file_path": "/data/shapenet_blender/all_50_random/02958343/65f0321c5aa8c303a1936d27bf774e9/r_6",
            "rotation": 0.12566370614359174,
            "transform_matrix": [
                [
                    0.9906721711158752,
                    -0.007662842515856028,
                    -0.13605165481567383,
                    -0.5484418272972107
                ],
                [
                    -0.1362673044204712,
                    -0.0557093620300293,
                    -0.9891043901443481,
                    -3.9872076511383057
                ],
                [
                    0.0,
                    0.9984175562858582,
                    -0.056233905255794525,
                    -0.22668613493442535
                ],
                [
                    0.0,
                    0.0,
                    0.0,
                    1.0
                ]
            ]
        },
        {
            "file_path": "/data/shapenet_blender/all_50_random/02958343/65f0321c5aa8c303a1936d27bf774e9/r_7",
            "rotation": 0.12566370614359174,
            "transform_matrix": [
                [
                    0.9981700778007507,
                    0.028112102299928665,
                    0.05353875830769539,
                    0.21582165360450745
                ],
                [
                    0.0604705736041069,
                    -0.46403825283050537,
                    -0.8837486505508423,
                    -3.562505006790161
                ],
                [
                    0.0,
                    0.8853688836097717,
                    -0.4648890197277069,
                    -1.8740277290344238
                ],
                [
                    0.0,
                    0.0,
                    0.0,
                    1.0
                ]
            ]
        },
        {
            "file_path": "/data/shapenet_blender/all_50_random/02958343/65f0321c5aa8c303a1936d27bf774e9/r_8",
            "rotation": 0.12566370614359174,
            "transform_matrix": [
                [
                    0.5970386862754822,
                    0.15853427350521088,
                    0.7863914370536804,
                    3.1700456142425537
                ],
                [
                    0.8022124767303467,
                    -0.11798757314682007,
                    -0.5852640867233276,
                    -2.3592753410339355
                ],
                [
                    0.0,
                    0.980278491973877,
                    -0.19762127101421356,
                    -0.7966368794441223
                ],
                [
                    0.0,
                    0.0,
                    0.0,
                    1.0
                ]
            ]
        },
        {
            "file_path": "/data/shapenet_blender/all_50_random/02958343/65f0321c5aa8c303a1936d27bf774e9/r_9",
            "rotation": 0.12566370614359174,
            "transform_matrix": [
                [
                    -0.7574897408485413,
                    -0.057098302990198135,
                    -0.6503453254699707,
                    -2.6216259002685547
                ],
                [
                    -0.6528470516204834,
                    0.06625039875507355,
                    0.7545870542526245,
                    3.041837692260742
                ],
                [
                    0.0,
                    0.9961678981781006,
                    -0.0874604657292366,
                    -0.35256442427635193
                ],
                [
                    0.0,
                    0.0,
                    0.0,
                    1.0
                ]
            ]
        },
        {
            "file_path": "/data/shapenet_blender/all_50_random/02958343/65f0321c5aa8c303a1936d27bf774e9/r_10",
            "rotation": 0.12566370614359174,
            "transform_matrix": [
                [
                    -0.4117814600467682,
                    0.309079110622406,
                    -0.8572666049003601,
                    -3.455752372741699
                ],
                [
                    -0.9112825393676758,
                    -0.13966365158557892,
                    0.38737326860427856,
                    1.5615516901016235
                ],
                [
                    7.450580152834618e-09,
                    0.9407253265380859,
                    0.33916932344436646,
                    1.3672354221343994
                ],
                [
                    0.0,
                    0.0,
                    0.0,
                    1.0
                ]
            ]
        },
        {
            "file_path": "/data/shapenet_blender/all_50_random/02958343/65f0321c5aa8c303a1936d27bf774e9/r_11",
            "rotation": 0.12566370614359174,
            "transform_matrix": [
                [
                    -0.306562215089798,
                    0.19291432201862335,
                    -0.9320964217185974,
                    -3.7574005126953125
                ],
                [
                    -0.9518505930900574,
                    -0.0621318481862545,
                    0.3001999855041504,
                    1.2101447582244873
                ],
                [
                    0.0,
                    0.9792465567588806,
                    0.20267286896705627,
                    0.8170003890991211
                ],
                [
                    0.0,
                    0.0,
                    0.0,
                    1.0
                ]
            ]
        },
        {
            "file_path": "/data/shapenet_blender/all_50_random/02958343/65f0321c5aa8c303a1936d27bf774e9/r_12",
            "rotation": 0.12566370614359174,
            "transform_matrix": [
                [
                    0.9365853667259216,
                    0.015052339993417263,
                    -0.3501160740852356,
                    -1.411362886428833
                ],
                [
                    -0.3504394590854645,
                    0.04022892192006111,
                    -0.9357210993766785,
                    -3.7720119953155518
                ],
                [
                    0.0,
                    0.9990770816802979,
                    0.042952753603458405,
                    0.17314806580543518
                ],
                [
                    0.0,
                    0.0,
                    0.0,
                    1.0
                ]
            ]
        },
        {
            "file_path": "/data/shapenet_blender/all_50_random/02958343/65f0321c5aa8c303a1936d27bf774e9/r_13",
            "rotation": 0.12566370614359174,
            "transform_matrix": [
                [
                    -0.270045667886734,
                    -0.07459870725870132,
                    0.9599533081054688,
                    3.8696956634521484
                ],
                [
                    0.9628475904464722,
                    -0.020922373980283737,
                    0.26923391222953796,
                    1.0853166580200195
                ],
                [
                    0.0,
                    0.9969940781593323,
                    0.07747717201709747,
                    0.3123204708099365
                ],
                [
                    0.0,
                    0.0,
                    0.0,
                    1.0
                ]
            ]
        },
        {
            "file_path": "/data/shapenet_blender/all_50_random/02958343/65f0321c5aa8c303a1936d27bf774e9/r_14",
            "rotation": 0.12566370614359174,
            "transform_matrix": [
                [
                    0.7093951106071472,
                    0.0540178008377552,
                    -0.7027379870414734,
                    -2.832827568054199
                ],
                [
                    -0.7048110961914062,
                    0.05436912924051285,
                    -0.7073085308074951,
                    -2.8512520790100098
                ],
                [
                    0.0,
                    0.997058629989624,
                    0.07664153724908829,
                    0.3089519441127777
                ],
                [
                    0.0,
                    0.0,
                    0.0,
                    1.0
                ]
            ]
        },
        {
            "file_path": "/data/shapenet_blender/all_50_random/02958343/65f0321c5aa8c303a1936d27bf774e9/r_15",
            "rotation": 0.12566370614359174,
            "transform_matrix": [
                [
                    -0.3667532801628113,
                    -0.6987907290458679,
                    -0.6141526699066162,
                    -2.475728750228882
                ],
                [
                    -0.9303182363510132,
                    0.2754797041416168,
                    0.2421134114265442,
                    0.9759904146194458
                ],
                [
                    -1.4901159417490817e-08,
                    0.6601534485816956,
                    -0.7511307597160339,
                    -3.027905225753784
                ],
                [
                    0.0,
                    0.0,
                    0.0,
                    1.0
                ]
            ]
        },
        {
            "file_path": "/data/shapenet_blender/all_50_random/02958343/65f0321c5aa8c303a1936d27bf774e9/r_16",
            "rotation": 0.12566370614359174,
            "transform_matrix": [
                [
                    -0.3475242257118225,
                    0.054334353655576706,
                    -0.9360954165458679,
                    -3.7735214233398438
                ],
                [
                    -0.9376710653305054,
                    -0.020137663930654526,
                    0.3469402492046356,
                    1.398560881614685
                ],
                [
                    -1.862645371275562e-09,
                    0.998319685459137,
                    0.05794607475399971,
                    0.2335880994796753
                ],
                [
                    0.0,
                    0.0,
                    0.0,
                    1.0
                ]
            ]
        },
        {
            "file_path": "/data/shapenet_blender/all_50_random/02958343/65f0321c5aa8c303a1936d27bf774e9/r_17",
            "rotation": 0.12566370614359174,
            "transform_matrix": [
                [
                    0.9429530501365662,
                    0.11893194913864136,
                    -0.31095755100250244,
                    -1.2535099983215332
                ],
                [
                    -0.3329254984855652,
                    0.33685386180877686,
                    -0.8807327151298523,
                    -3.550346851348877
                ],
                [
                    0.0,
                    0.9340153932571411,
                    0.35723283886909485,
                    1.440051555633545
                ],
                [
                    0.0,
                    0.0,
                    0.0,
                    1.0
                ]
            ]
        },
        {
            "file_path": "/data/shapenet_blender/all_50_random/02958343/65f0321c5aa8c303a1936d27bf774e9/r_18",
            "rotation": 0.12566370614359174,
            "transform_matrix": [
                [
                    0.18615485727787018,
                    -0.3957383334636688,
                    -0.8992983102798462,
                    -3.625187397003174
                ],
                [
                    -0.9825205206871033,
                    -0.07497921586036682,
                    -0.17038704454898834,
                    -0.6868521571159363
                ],
                [
                    7.450581485102248e-09,
                    0.915297269821167,
                    -0.4027788043022156,
                    -1.6236532926559448
                ],
                [
                    0.0,
                    0.0,
                    0.0,
                    1.0
                ]
            ]
        },
        {
            "file_path": "/data/shapenet_blender/all_50_random/02958343/65f0321c5aa8c303a1936d27bf774e9/r_19",
            "rotation": 0.12566370614359174,
            "transform_matrix": [
                [
                    -0.9674659967422485,
                    0.06124156713485718,
                    0.24547746777534485,
                    0.989551305770874
                ],
                [
                    0.25300145149230957,
                    0.23418495059013367,
                    0.9386946558952332,
                    3.78399920463562
                ],
                [
                    0.0,
                    0.9702611565589905,
                    -0.24206018447875977,
                    -0.9757758378982544
                ],
                [
                    0.0,
                    0.0,
                    0.0,
                    1.0
                ]
            ]
        },
        {
            "file_path": "/data/shapenet_blender/all_50_random/02958343/65f0321c5aa8c303a1936d27bf774e9/r_20",
            "rotation": 0.12566370614359174,
            "transform_matrix": [
                [
                    0.9630739688873291,
                    -0.09319190680980682,
                    0.2525942325592041,
                    1.018239974975586
                ],
                [
                    0.26923704147338867,
                    0.3333519697189331,
                    -0.9035418629646301,
                    -3.6422934532165527
                ],
                [
                    0.0,
                    0.9381852149963379,
                    0.3461333215236664,
                    1.395308017730713
                ],
                [
                    0.0,
                    0.0,
                    0.0,
                    1.0
                ]
            ]
        },
        {
            "file_path": "/data/shapenet_blender/all_50_random/02958343/65f0321c5aa8c303a1936d27bf774e9/r_21",
            "rotation": 0.12566370614359174,
            "transform_matrix": [
                [
                    -0.05595112964510918,
                    -0.054186414927244186,
                    -0.9969619512557983,
                    -4.018882751464844
                ],
                [
                    -0.998433530330658,
                    0.0030365476850420237,
                    0.055868662893772125,
                    0.22521381080150604
                ],
                [
                    0.0,
                    0.9985261559486389,
                    -0.05427142605185509,
                    -0.21877513825893402
                ],
                [
                    0.0,
                    0.0,
                    0.0,
                    1.0
                ]
            ]
        },
        {
            "file_path": "/data/shapenet_blender/all_50_random/02958343/65f0321c5aa8c303a1936d27bf774e9/r_22",
            "rotation": 0.12566370614359174,
            "transform_matrix": [
                [
                    -0.927114725112915,
                    -0.11155294626951218,
                    -0.3577909767627716,
                    -1.4423015117645264
                ],
                [
                    -0.3747778832912445,
                    0.2759564518928528,
                    0.8850929737091064,
                    3.5679237842559814
                ],
                [
                    0.0,
                    0.9546747207641602,
                    -0.29765084385871887,
                    -1.19986891746521
                ],
                [
                    0.0,
                    0.0,
                    0.0,
                    1.0
                ]
            ]
        },
        {
            "file_path": "/data/shapenet_blender/all_50_random/02958343/65f0321c5aa8c303a1936d27bf774e9/r_23",
            "rotation": 0.12566370614359174,
            "transform_matrix": [
                [
                    0.9829038381576538,
                    -0.009477517567574978,
                    0.18387585878372192,
                    0.7412272691726685
                ],
                [
                    0.18411995470523834,
                    0.05059467628598213,
                    -0.9816007614135742,
                    -3.9569592475891113
                ],
                [
                    -9.313225746154785e-10,
                    0.9986742734909058,
                    0.05147469788789749,
                    0.2075011432170868
                ],
                [
                    0.0,
                    0.0,
                    0.0,
                    1.0
                ]
            ]
        },
        {
            "file_path": "/data/shapenet_blender/all_50_random/02958343/65f0321c5aa8c303a1936d27bf774e9/r_24",
            "rotation": 0.12566370614359174,
            "transform_matrix": [
                [
                    -0.10173273086547852,
                    0.4620548188686371,
                    -0.8809970021247864,
                    -3.551412582397461
                ],
                [
                    -0.9948117733001709,
                    -0.047251250594854355,
                    0.09009365737438202,
                    0.36317914724349976
                ],
                [
                    0.0,
                    0.8855915665626526,
                    0.46446460485458374,
                    1.8723167181015015
                ],
                [
                    0.0,
                    0.0,
                    0.0,
                    1.0
                ]
            ]
        },
        {
            "file_path": "/data/shapenet_blender/all_50_random/02958343/65f0321c5aa8c303a1936d27bf774e9/r_25",
            "rotation": 0.12566370614359174,
            "transform_matrix": [
                [
                    -0.9953011274337769,
                    -0.0934116318821907,
                    0.02549457550048828,
                    0.10277190804481506
                ],
                [
                    0.09682823717594147,
                    -0.960181713104248,
                    0.2620597183704376,
                    1.0563963651657104
                ],
                [
                    -1.8626449271863521e-09,
                    0.2632971704006195,
                    0.9647149443626404,
                    3.888889789581299
                ],
                [
                    0.0,
                    0.0,
                    0.0,
                    1.0
                ]
            ]
        },
        {
            "file_path": "/data/shapenet_blender/all_50_random/02958343/65f0321c5aa8c303a1936d27bf774e9/r_26",
            "rotation": 0.12566370614359174,
            "transform_matrix": [
                [
                    0.7794722318649292,
                    0.042376674711704254,
                    0.6250016689300537,
                    2.5194625854492188
                ],
                [
                    0.626436710357666,
                    -0.05272909998893738,
                    -0.7776867151260376,
                    -3.134955644607544
                ],
                [
                    -3.7252898543727042e-09,
                    0.997709333896637,
                    -0.06764716655015945,
                    -0.27269446849823
                ],
                [
                    0.0,
                    0.0,
                    0.0,
                    1.0
                ]
            ]
        },
        {
            "file_path": "/data/shapenet_blender/all_50_random/02958343/65f0321c5aa8c303a1936d27bf774e9/r_27",
            "rotation": 0.12566370614359174,
            "transform_matrix": [
                [
                    0.8401440978050232,
                    -0.34494438767433167,
                    0.4185347557067871,
                    1.6871676445007324
                ],
                [
                    0.5423633456230164,
                    0.5343336462974548,
                    -0.6483282446861267,
                    -2.613494873046875
                ],
                [
                    -1.4901161193847656e-08,
                    0.7716870903968811,
                    0.6360023617744446,
                    2.563807725906372
                ],
                [
                    0.0,
                    0.0,
                    0.0,
                    1.0
                ]
            ]
        },
        {
            "file_path": "/data/shapenet_blender/all_50_random/02958343/65f0321c5aa8c303a1936d27bf774e9/r_28",
            "rotation": 0.12566370614359174,
            "transform_matrix": [
                [
                    -0.6412588357925415,
                    0.44899624586105347,
                    0.6222454309463501,
                    2.5083518028259277
                ],
                [
                    0.7673247456550598,
                    0.3752294182777405,
                    0.5200150609016418,
                    2.096247911453247
                ],
                [
                    1.4901162970204496e-08,
                    0.8109285235404968,
                    -0.5851450562477112,
                    -2.358795404434204
                ],
                [
                    0.0,
                    0.0,
                    0.0,
                    1.0
                ]
            ]
        },
        {
            "file_path": "/data/shapenet_blender/all_50_random/02958343/65f0321c5aa8c303a1936d27bf774e9/r_29",
            "rotation": 0.12566370614359174,
            "transform_matrix": [
                [
                    0.9980782270431519,
                    0.055378034710884094,
                    -0.027804315090179443,
                    -0.11208277940750122
                ],
                [
                    -0.06196616590023041,
                    0.891964316368103,
                    -0.44783923029899597,
                    -1.8052977323532104
                ],
                [
                    0.0,
                    0.44870150089263916,
                    0.8936816453933716,
                    3.602545976638794
                ],
                [
                    0.0,
                    0.0,
                    0.0,
                    1.0
                ]
            ]
        },
        {
            "file_path": "/data/shapenet_blender/all_50_random/02958343/65f0321c5aa8c303a1936d27bf774e9/r_30",
            "rotation": 0.12566370614359174,
            "transform_matrix": [
                [
                    -0.8274694085121155,
                    -0.061793673783540726,
                    0.5581002235412598,
                    2.2497739791870117
                ],
                [
                    0.5615107417106628,
                    -0.09106214344501495,
                    0.8224434852600098,
                    3.315375804901123
                ],
                [
                    0.0,
                    0.9939260482788086,
                    0.11004896461963654,
                    0.44362157583236694
                ],
                [
                    0.0,
                    0.0,
                    0.0,
                    1.0
                ]
            ]
        },
        {
            "file_path": "/data/shapenet_blender/all_50_random/02958343/65f0321c5aa8c303a1936d27bf774e9/r_31",
            "rotation": 0.12566370614359174,
            "transform_matrix": [
                [
                    -0.9469054341316223,
                    0.19660484790802002,
                    -0.25439465045928955,
                    -1.0254976749420166
                ],
                [
                    -0.3215121924877167,
                    -0.5790330767631531,
                    0.7492333650588989,
                    3.020256280899048
                ],
                [
                    0.0,
                    0.7912441492080688,
                    0.6115003228187561,
                    2.465036630630493
                ],
                [
                    0.0,
                    0.0,
                    0.0,
                    1.0
                ]
            ]
        },
        {
            "file_path": "/data/shapenet_blender/all_50_random/02958343/65f0321c5aa8c303a1936d27bf774e9/r_32",
            "rotation": 0.12566370614359174,
            "transform_matrix": [
                [
                    -0.8624173402786255,
                    0.046755969524383545,
                    0.5040339231491089,
                    2.0318257808685303
                ],
                [
                    0.5061979293823242,
                    0.0796588808298111,
                    0.8587305545806885,
                    3.461653470993042
                ],
                [
                    3.725290298461914e-09,
                    0.9957250356674194,
                    -0.09236697852611542,
                    -0.3723432123661041
                ],
                [
                    0.0,
                    0.0,
                    0.0,
                    1.0
                ]
            ]
        },
        {
            "file_path": "/data/shapenet_blender/all_50_random/02958343/65f0321c5aa8c303a1936d27bf774e9/r_33",
            "rotation": 0.12566370614359174,
            "transform_matrix": [
                [
                    -0.565031111240387,
                    -0.0956774353981018,
                    0.8195031881332397,
                    3.303523540496826
                ],
                [
                    0.8250696659088135,
                    -0.06552262604236603,
                    0.5612190961837769,
                    2.2623467445373535
                ],
                [
                    0.0,
                    0.9932535886764526,
                    0.11596284061670303,
                    0.4674612283706665
                ],
                [
                    0.0,
                    0.0,
                    0.0,
                    1.0
                ]
            ]
        },
        {
            "file_path": "/data/shapenet_blender/all_50_random/02958343/65f0321c5aa8c303a1936d27bf774e9/r_34",
            "rotation": 0.12566370614359174,
            "transform_matrix": [
                [
                    0.1798001229763031,
                    0.7241925001144409,
                    0.6657454967498779,
                    2.683706283569336
                ],
                [
                    0.9837032556533813,
                    -0.1323670595884323,
                    -0.12168418616056442,
                    -0.49052467942237854
                ],
                [
                    7.450581485102248e-09,
                    0.676774799823761,
                    -0.7361900210380554,
                    -2.967677116394043
                ],
                [
                    0.0,
                    0.0,
                    0.0,
                    1.0
                ]
            ]
        },
        {
            "file_path": "/data/shapenet_blender/all_50_random/02958343/65f0321c5aa8c303a1936d27bf774e9/r_35",
            "rotation": 0.12566370614359174,
            "transform_matrix": [
                [
                    0.6921864151954651,
                    0.051876507699489594,
                    0.7198520302772522,
                    2.901815891265869
                ],
                [
                    0.7217188477516174,
                    -0.049753740429878235,
                    -0.6903959512710571,
                    -2.7830748558044434
                ],
                [
                    0.0,
                    0.9974133968353271,
                    -0.07187911123037338,
                    -0.2897539436817169
                ],
                [
                    0.0,
                    0.0,
                    0.0,
                    1.0
                ]
            ]
        },
        {
            "file_path": "/data/shapenet_blender/all_50_random/02958343/65f0321c5aa8c303a1936d27bf774e9/r_36",
            "rotation": 0.12566370614359174,
            "transform_matrix": [
                [
                    -0.8786625266075134,
                    0.11480382084846497,
                    -0.46343523263931274,
                    -1.8681671619415283
                ],
                [
                    -0.4774433374404907,
                    -0.21127915382385254,
                    0.8528827428817749,
                    3.438080310821533
                ],
                [
                    -7.450580596923828e-09,
                    0.9706601500511169,
                    0.24045540392398834,
                    0.9693067073822021
                ],
                [
                    0.0,
                    0.0,
                    0.0,
                    1.0
                ]
            ]
        },
        {
            "file_path": "/data/shapenet_blender/all_50_random/02958343/65f0321c5aa8c303a1936d27bf774e9/r_37",
            "rotation": 0.12566370614359174,
            "transform_matrix": [
                [
                    0.9726025462150574,
                    0.06597191095352173,
                    0.22291740775108337,
                    0.8986088037490845
                ],
                [
                    0.232474684715271,
                    -0.27600616216659546,
                    -0.9326178431510925,
                    -3.75950288772583
                ],
                [
                    -3.725290742551124e-09,
                    0.9588890671730042,
                    -0.2837810814380646,
                    -1.1439580917358398
                ],
                [
                    0.0,
                    0.0,
                    0.0,
                    1.0
                ]
            ]
        },
        {
            "file_path": "/data/shapenet_blender/all_50_random/02958343/65f0321c5aa8c303a1936d27bf774e9/r_38",
            "rotation": 0.12566370614359174,
            "transform_matrix": [
                [
                    0.6677237153053284,
                    -0.4946823716163635,
                    -0.5562682151794434,
                    -2.24238920211792
                ],
                [
                    -0.7444092631340027,
                    -0.44372251629829407,
                    -0.4989641010761261,
                    -2.0113887786865234
                ],
                [
                    0.0,
                    0.7472613453865051,
                    -0.6645300984382629,
                    -2.678806781768799
                ],
                [
                    0.0,
                    0.0,
                    0.0,
                    1.0
                ]
            ]
        },
        {
            "file_path": "/data/shapenet_blender/all_50_random/02958343/65f0321c5aa8c303a1936d27bf774e9/r_39",
            "rotation": 0.12566370614359174,
            "transform_matrix": [
                [
                    0.23749779164791107,
                    0.1433185338973999,
                    0.9607572555541992,
                    3.872936487197876
                ],
                [
                    0.9713881611824036,
                    -0.03504040464758873,
                    -0.2348986119031906,
                    -0.946906566619873
                ],
                [
                    -3.725290742551124e-09,
                    0.9890561103820801,
                    -0.1475399285554886,
                    -0.5947524905204773
                ],
                [
                    0.0,
                    0.0,
                    0.0,
                    1.0
                ]
            ]
        },
        {
            "file_path": "/data/shapenet_blender/all_50_random/02958343/65f0321c5aa8c303a1936d27bf774e9/r_40",
            "rotation": 0.12566370614359174,
            "transform_matrix": [
                [
                    0.9946914911270142,
                    -0.008369351737201214,
                    -0.102561816573143,
                    -0.41343989968299866
                ],
                [
                    -0.10290274024009705,
                    -0.0809008851647377,
                    -0.9913960099220276,
                    -3.9964449405670166
                ],
                [
                    9.313225746154785e-10,
                    0.9966869950294495,
                    -0.08133264631032944,
                    -0.32786238193511963
                ],
                [
                    0.0,
                    0.0,
                    0.0,
                    1.0
                ]
            ]
        },
        {
            "file_path": "/data/shapenet_blender/all_50_random/02958343/65f0321c5aa8c303a1936d27bf774e9/r_41",
            "rotation": 0.12566370614359174,
            "transform_matrix": [
                [
                    0.1936187744140625,
                    -0.9012956023216248,
                    0.38752806186676025,
                    1.5621756315231323
                ],
                [
                    0.9810768365859985,
                    0.17787368595600128,
                    -0.0764799565076828,
                    -0.30830055475234985
                ],
                [
                    7.450580596923828e-09,
                    0.3950028121471405,
