{
    "class": "02958343",
    "model": "53e7ed598e9c3a09405f29f7fa3f25df",
    "remove_doubles": true,
    "edge_split": true,
    "denoise": true,
    "camera_angle_x": 0.6911112070083618,
    "scale_factor": 2.243389894057788,
    "hdri_file": "/data/IndoorHDRDataset2018/9C4A0652-4be799c169.exr",
    "center_offset": [
        0.0,
        -4.656612873077393e-10,
        -3.725290298461914e-09
    ],
    "lights": [],
    "frames": [
        {
            "file_path": "/data/shapenet_blender/all_50_random/02958343/53e7ed598e9c3a09405f29f7fa3f25df/r_0",
            "rotation": 0.12566370614359174,
            "transform_matrix": [
                [
                    0.5009258389472961,
                    -0.15307404100894928,
                    -0.8518460392951965,
                    -3.433901309967041
                ],
                [
                    -0.8654903173446655,
                    -0.08859572559595108,
                    -0.493028849363327,
                    -1.9874628782272339
                ],
                [
                    0.0,
                    0.9842352867126465,
                    -0.17686396837234497,
                    -0.7129614353179932
                ],
                [
                    0.0,
                    0.0,
                    0.0,
                    1.0
                ]
            ]
        },
        {
            "file_path": "/data/shapenet_blender/all_50_random/02958343/53e7ed598e9c3a09405f29f7fa3f25df/r_1",
            "rotation": 0.12566370614359174,
            "transform_matrix": [
                [
                    -0.5644938349723816,
                    0.4098301827907562,
                    0.7165094614028931,
                    2.8883423805236816
                ],
                [
                    0.8254373073577881,
                    0.28027158975601196,
                    0.4900011122226715,
                    1.9752578735351562
                ],
                [
                    0.0,
                    0.8680362105369568,
                    -0.4965006709098816,
                    -2.0014584064483643
                ],
                [
                    0.0,
                    0.0,
                    0.0,
                    1.0
                ]
            ]
        },
        {
            "file_path": "/data/shapenet_blender/all_50_random/02958343/53e7ed598e9c3a09405f29f7fa3f25df/r_2",
            "rotation": 0.12566370614359174,
            "transform_matrix": [
                [
                    -0.8418600559234619,
                    0.4772603213787079,
                    -0.25198063254356384,
                    -1.0157663822174072
                ],
                [
                    -0.5396958589553833,
                    -0.7444681525230408,
                    0.3930591642856598,
                    1.5844721794128418
                ],
                [
                    -1.4901161193847656e-08,
                    0.4668937027454376,
                    0.8843134045600891,
                    3.564781427383423
                ],
                [
                    0.0,
                    0.0,
                    0.0,
                    1.0
                ]
            ]
        },
        {
            "file_path": "/data/shapenet_blender/all_50_random/02958343/53e7ed598e9c3a09405f29f7fa3f25df/r_3",
            "rotation": 0.12566370614359174,
            "transform_matrix": [
                [
                    0.9984878301620483,
                    0.043629240244627,
                    -0.03344718739390373,
                    -0.13482992351055145
                ],
                [
                    -0.05497477203607559,
                    0.7924228310585022,
                    -0.6074897050857544,
                    -2.448869228363037
                ],
                [
                    1.862645371275562e-09,
                    0.6084097623825073,
                    0.7936230301856995,
                    3.1991968154907227
                ],
                [
                    0.0,
                    0.0,
                    0.0,
                    1.0
                ]
            ]
        },
        {
            "file_path": "/data/shapenet_blender/all_50_random/02958343/53e7ed598e9c3a09405f29f7fa3f25df/r_4",
            "rotation": 0.12566370614359174,
            "transform_matrix": [
                [
                    0.9855710864067078,
                    -0.02339962124824524,
                    0.1676367223262787,
                    0.6757651567459106
                ],
                [
                    0.16926194727420807,
                    0.136250302195549,
                    -0.9761077761650085,
                    -3.9348158836364746
                ],
                [
                    -1.8626450382086546e-09,
                    0.9903979897499084,
                    0.13824503123760223,
                    0.5572834610939026
                ],
                [
                    0.0,
                    0.0,
                    0.0,
                    1.0
                ]
            ]
        },
        {
            "file_path": "/data/shapenet_blender/all_50_random/02958343/53e7ed598e9c3a09405f29f7fa3f25df/r_5",
            "rotation": 0.12566370614359174,
            "transform_matrix": [
                [
                    0.9614753723144531,
                    -0.04816792905330658,
                    0.2706376314163208,
                    1.090975046157837
                ],
                [
                    0.27489060163497925,
                    0.16847530007362366,
                    -0.9465999007225037,
                    -3.8158657550811768
                ],
                [
                    0.0,
                    0.9845282435417175,
                    0.17522583901882172,
                    0.7063578367233276
                ],
                [
                    0.0,
                    0.0,
                    0.0,
                    1.0
                ]
            ]
        },
        {
            "file_path": "/data/shapenet_blender/all_50_random/02958343/53e7ed598e9c3a09405f29f7fa3f25df/r_6",
            "rotation": 0.12566370614359174,
            "transform_matrix": [
                [
                    -0.8185725808143616,
                    0.3479335904121399,
                    0.45703521370887756,
                    1.8423680067062378
                ],
                [
                    0.5744032263755798,
                    0.49583446979522705,
                    0.651313304901123,
                    2.62552809715271
                ],
                [
                    -1.4901162970204496e-08,
                    0.795669674873352,
                    -0.6057305932044983,
                    -2.4417784214019775
                ],
                [
                    0.0,
                    0.0,
                    0.0,
                    1.0
                ]
            ]
        },
        {
            "file_path": "/data/shapenet_blender/all_50_random/02958343/53e7ed598e9c3a09405f29f7fa3f25df/r_7",
            "rotation": 0.12566370614359174,
            "transform_matrix": [
                [
                    0.6326563954353333,
                    0.4600915312767029,
                    0.62294602394104,
                    2.5111756324768066
                ],
                [
                    0.7744326591491699,
                    -0.3758620321750641,
                    -0.5089025497436523,
                    -2.0514516830444336
                ],
                [
                    0.0,
                    0.8043901920318604,
                    -0.5941014289855957,
                    -2.394899368286133
                ],
                [
                    0.0,
                    0.0,
                    0.0,
                    1.0
                ]
            ]
        },
        {
            "file_path": "/data/shapenet_blender/all_50_random/02958343/53e7ed598e9c3a09405f29f7fa3f25df/r_8",
            "rotation": 0.12566370614359174,
            "transform_matrix": [
                [
                    0.9911977052688599,
                    0.11220957338809967,
                    -0.0702575147151947,
                    -0.2832171320915222
                ],
                [
                    -0.13239000737667084,
                    0.8401078581809998,
                    -0.5260147452354431,
                    -2.1204335689544678
                ],
                [
                    0.0,
                    0.53068608045578,
                    0.8475683927536011,
                    3.4166576862335205
                ],
                [
                    0.0,
                    0.0,
                    0.0,
                    1.0
                ]
            ]
        },
        {
            "file_path": "/data/shapenet_blender/all_50_random/02958343/53e7ed598e9c3a09405f29f7fa3f25df/r_9",
            "rotation": 0.12566370614359174,
            "transform_matrix": [
                [
                    0.24318160116672516,
                    0.1402643322944641,
                    -0.9597856998443604,
                    -3.8690199851989746
                ],
                [
                    -0.969980776309967,
                    0.035165343433618546,
                    -0.24062561988830566,
                    -0.9699928760528564
                ],
                [
                    0.0,
                    0.9894893765449524,
                    0.14460527896881104,
                    0.5829225182533264
                ],
                [
                    0.0,
                    0.0,
                    0.0,
                    1.0
                ]
            ]
        },
        {
            "file_path": "/data/shapenet_blender/all_50_random/02958343/53e7ed598e9c3a09405f29f7fa3f25df/r_10",
            "rotation": 0.12566370614359174,
            "transform_matrix": [
                [
                    -0.9943392276763916,
                    0.0032553113996982574,
                    -0.1062023863196373,
                    -0.42811551690101624
                ],
                [
                    -0.1062522679567337,
                    -0.030464136973023415,
                    0.9938724040985107,
                    4.006427764892578
                ],
                [
                    0.0,
                    0.9995306134223938,
                    0.03063756786286831,
                    0.12350398302078247
                ],
                [
                    0.0,
                    0.0,
                    0.0,
                    1.0
                ]
            ]
        },
        {
            "file_path": "/data/shapenet_blender/all_50_random/02958343/53e7ed598e9c3a09405f29f7fa3f25df/r_11",
            "rotation": 0.12566370614359174,
            "transform_matrix": [
                [
                    0.6877064108848572,
                    -0.17994865775108337,
                    -0.7033336758613586,
                    -2.83522891998291
                ],
                [
                    -0.7259888052940369,
                    -0.17045970261096954,
                    -0.6662458777427673,
                    -2.685723304748535
                ],
                [
                    7.450580152834618e-09,
                    0.968794047832489,
                    -0.24786698818206787,
                    -0.9991838335990906
                ],
                [
                    0.0,
                    0.0,
                    0.0,
                    1.0
                ]
            ]
        },
        {
            "file_path": "/data/shapenet_blender/all_50_random/02958343/53e7ed598e9c3a09405f29f7fa3f25df/r_12",
            "rotation": 0.12566370614359174,
            "transform_matrix": [
                [
                    -0.02889992669224739,
                    0.18672668933868408,
                    0.9819867610931396,
                    3.958515167236328
                ],
                [
                    0.9995822906494141,
                    0.005398642737418413,
                    0.02839120477437973,
                    0.11444860696792603
                ],
                [
                    0.0,
                    0.9823970794677734,
                    -0.18680469691753387,
                    -0.7530338168144226
                ],
                [
                    0.0,
                    0.0,
                    0.0,
                    1.0
                ]
            ]
        },
        {
            "file_path": "/data/shapenet_blender/all_50_random/02958343/53e7ed598e9c3a09405f29f7fa3f25df/r_13",
            "rotation": 0.12566370614359174,
            "transform_matrix": [
                [
                    -0.8109078407287598,
                    -0.2620600163936615,
                    0.5232141613960266,
                    2.1091437339782715
                ],
                [
                    0.5851739645004272,
                    -0.36315104365348816,
                    0.7250467538833618,
                    2.9227569103240967
                ],
                [
                    0.0,
                    0.8941174149513245,
                    0.44783270359039307,
                    1.8052713871002197
                ],
                [
                    0.0,
                    0.0,
                    0.0,
                    1.0
                ]
            ]
        },
        {
            "file_path": "/data/shapenet_blender/all_50_random/02958343/53e7ed598e9c3a09405f29f7fa3f25df/r_14",
            "rotation": 0.12566370614359174,
            "transform_matrix": [
                [
                    -0.08649039268493652,
                    -0.9392127394676208,
                    -0.33226293325424194,
                    -1.3393946886062622
                ],
                [
                    -0.9962526559829712,
                    0.08153843134641647,
                    0.02884564734995365,
                    0.11628052592277527
                ],
                [
                    0.0,
                    0.33351269364356995,
                    -0.942745566368103,
                    -3.8003289699554443
                ],
                [
                    0.0,
                    0.0,
                    0.0,
                    1.0
                ]
            ]
        },
        {
            "file_path": "/data/shapenet_blender/all_50_random/02958343/53e7ed598e9c3a09405f29f7fa3f25df/r_15",
            "rotation": 0.12566370614359174,
            "transform_matrix": [
                [
                    -0.8243770003318787,
                    0.09384475648403168,
                    0.5582073926925659,
                    2.250206232070923
                ],
                [
                    0.5660409331321716,
                    0.1366746574640274,
                    0.8129683136940002,
                    3.2771804332733154
                ],
                [
                    7.450580152834618e-09,
                    0.9861608743667603,
                    -0.16579140722751617,
                    -0.6683266162872314
                ],
                [
                    0.0,
                    0.0,
                    0.0,
                    1.0
                ]
            ]
        },
        {
            "file_path": "/data/shapenet_blender/all_50_random/02958343/53e7ed598e9c3a09405f29f7fa3f25df/r_16",
            "rotation": 0.12566370614359174,
            "transform_matrix": [
                [
                    -0.2524411082267761,
                    0.3072824478149414,
                    -0.9175244569778442,
                    -3.6986589431762695
                ],
                [
                    -0.9676121473312378,
                    -0.08016715943813324,
                    0.23937369883060455,
                    0.9649461507797241
                ],
                [
                    7.4505792646561986e-09,
                    0.9482355713844299,
                    0.31756773591041565,
                    1.2801563739776611
                ],
                [
                    0.0,
                    0.0,
                    0.0,
                    1.0
                ]
            ]
        },
        {
            "file_path": "/data/shapenet_blender/all_50_random/02958343/53e7ed598e9c3a09405f29f7fa3f25df/r_17",
            "rotation": 0.12566370614359174,
            "transform_matrix": [
                [
                    0.8676229119300842,
                    0.26794666051864624,
                    0.4188496768474579,
                    1.6884372234344482
                ],
                [
                    0.49722281098365784,
                    -0.46755024790763855,
                    -0.7308666706085205,
                    -2.9462180137634277
                ],
                [
                    -1.4901161193847656e-08,
                    0.8423781991004944,
                    -0.5388864874839783,
                    -2.172321081161499
                ],
                [
                    0.0,
                    0.0,
                    0.0,
                    1.0
                ]
            ]
        },
        {
            "file_path": "/data/shapenet_blender/all_50_random/02958343/53e7ed598e9c3a09405f29f7fa3f25df/r_18",
            "rotation": 0.12566370614359174,
            "transform_matrix": [
                [
                    0.999961256980896,
                    -0.006515880115330219,
                    0.005919744726270437,
                    0.023863255977630615
                ],
                [
                    0.00880341324955225,
                    0.7401251792907715,
                    -0.6724113821983337,
                    -2.7105772495269775
                ],
                [
                    0.0,
                    0.6724374890327454,
                    0.7401537895202637,
                    2.9836556911468506
                ],
                [
                    0.0,
                    0.0,
                    0.0,
                    1.0
                ]
            ]
        },
        {
            "file_path": "/data/shapenet_blender/all_50_random/02958343/53e7ed598e9c3a09405f29f7fa3f25df/r_19",
            "rotation": 0.12566370614359174,
            "transform_matrix": [
                [
                    -0.9790052771568298,
                    0.05155590549111366,
                    0.19720743596553802,
                    0.7949686050415039
                ],
                [
                    0.20383521914482117,
                    0.247619166970253,
                    0.9471725821495056,
                    3.8181748390197754
                ],
                [
                    -3.725290742551124e-09,
                    0.967484712600708,
                    -0.25292935967445374,
                    -1.0195908546447754
                ],
                [
                    0.0,
                    0.0,
                    0.0,
                    1.0
                ]
            ]
        },
        {
            "file_path": "/data/shapenet_blender/all_50_random/02958343/53e7ed598e9c3a09405f29f7fa3f25df/r_20",
            "rotation": 0.12566370614359174,
            "transform_matrix": [
                [
                    -0.8693766593933105,
                    -0.2420361489057541,
                    -0.43081626296043396,
                    -1.7366759777069092
                ],
                [
                    -0.49414995312690735,
                    0.4258233308792114,
                    0.7579513192176819,
                    3.0553996562957764
                ],
                [
                    -1.4901161193847656e-08,
                    0.8718331456184387,
                    -0.4898029863834381,
                    -1.974459171295166
                ],
                [
                    0.0,
                    0.0,
                    0.0,
                    1.0
                ]
            ]
        },
        {
            "file_path": "/data/shapenet_blender/all_50_random/02958343/53e7ed598e9c3a09405f29f7fa3f25df/r_21",
            "rotation": 0.12566370614359174,
            "transform_matrix": [
                [
                    0.4814583361148834,
                    0.7758648991584778,
                    0.4077150225639343,
                    1.6435517072677612
                ],
                [
                    0.8764689564704895,
                    -0.4261949360370636,
                    -0.2239643633365631,
                    -0.9028291702270508
                ],
                [
                    0.0,
                    0.46517905592918396,
                    -0.8852165937423706,
                    -3.5684220790863037
                ],
                [
                    0.0,
                    0.0,
                    0.0,
                    1.0
                ]
            ]
        },
        {
            "file_path": "/data/shapenet_blender/all_50_random/02958343/53e7ed598e9c3a09405f29f7fa3f25df/r_22",
            "rotation": 0.12566370614359174,
            "transform_matrix": [
                [
                    -0.40937837958335876,
                    0.6683634519577026,
                    0.6210472583770752,
                    2.503521203994751
                ],
                [
                    0.912364661693573,
                    0.29989495873451233,
                    0.27866414189338684,
                    1.1233309507369995
                ],
                [
                    -1.4901160305669237e-08,
                    0.6807005405426025,
                    -0.7325617671012878,
                    -2.9530506134033203
                ],
                [
                    0.0,
                    0.0,
                    0.0,
                    1.0
                ]
            ]
        },
        {
            "file_path": "/data/shapenet_blender/all_50_random/02958343/53e7ed598e9c3a09405f29f7fa3f25df/r_23",
            "rotation": 0.12566370614359174,
            "transform_matrix": [
                [
                    0.6178909540176392,
                    0.6938551664352417,
                    0.36983177065849304,
                    1.4908396005630493
                ],
                [
                    0.7862637042999268,
                    -0.5452710390090942,
                    -0.29063495993614197,
                    -1.1715869903564453
                ],
                [
                    -1.4901161193847656e-08,
                    0.4703659415245056,
                    -0.8824713826179504,
                    -3.5573558807373047
                ],
                [
                    0.0,
                    0.0,
                    0.0,
                    1.0
                ]
            ]
        },
        {
            "file_path": "/data/shapenet_blender/all_50_random/02958343/53e7ed598e9c3a09405f29f7fa3f25df/r_24",
            "rotation": 0.12566370614359174,
            "transform_matrix": [
                [
                    0.5872342586517334,
                    0.7093767523765564,
                    -0.3897952735424042,
                    -1.5713151693344116
                ],
                [
                    -0.8094170093536377,
                    0.514654815196991,
                    -0.28279754519462585,
                    -1.1399935483932495
                ],
                [
                    1.4901161193847656e-08,
                    0.4815753996372223,
                    0.8764045834541321,
                    3.532900094985962
                ],
                [
                    0.0,
                    0.0,
                    0.0,
                    1.0
                ]
            ]
        },
        {
            "file_path": "/data/shapenet_blender/all_50_random/02958343/53e7ed598e9c3a09405f29f7fa3f25df/r_25",
            "rotation": 0.12566370614359174,
            "transform_matrix": [
                [
                    0.9996943473815918,
                    -0.007891366258263588,
                    0.023431578651070595,
                    0.09445571154356003
                ],
                [
                    0.02472473680973053,
                    0.31907129287719727,
                    -0.947408139705658,
                    -3.819124221801758
                ],
                [
                    9.313225746154785e-10,
                    0.9476977586746216,
                    0.31916889548301697,
                    1.2866109609603882
                ],
                [
                    0.0,
                    0.0,
                    0.0,
                    1.0
                ]
            ]
        },
        {
            "file_path": "/data/shapenet_blender/all_50_random/02958343/53e7ed598e9c3a09405f29f7fa3f25df/r_26",
            "rotation": 0.12566370614359174,
            "transform_matrix": [
                [
                    0.9627272486686707,
                    -0.1334957629442215,
                    -0.23523449897766113,
                    -0.948260486125946
                ],
                [
                    -0.2704744040966034,
                    -0.47516515851020813,
                    -0.8372942805290222,
                    -3.3752408027648926
                ],
                [
                    7.450580596923828e-09,
                    0.8697107434272766,
                    -0.4935617446899414,
                    -1.9896107912063599
                ],
                [
                    0.0,
                    0.0,
                    0.0,
                    1.0
                ]
            ]
        },
        {
            "file_path": "/data/shapenet_blender/all_50_random/02958343/53e7ed598e9c3a09405f29f7fa3f25df/r_27",
            "rotation": 0.12566370614359174,
            "transform_matrix": [
                [
                    0.49299129843711853,
                    -0.806117594242096,
                    -0.32731345295906067,
                    -1.3194427490234375
                ],
                [
                    -0.8700343370437622,
                    -0.45677387714385986,
                    -0.18546701967716217,
                    -0.7476414442062378
                ],
                [
                    -1.4901161193847656e-08,
                    0.3762075901031494,
                    -0.9265354871749878,
                    -3.7349839210510254
                ],
                [
                    0.0,
                    0.0,
                    0.0,
                    1.0
                ]
            ]
        },
        {
            "file_path": "/data/shapenet_blender/all_50_random/02958343/53e7ed598e9c3a09405f29f7fa3f25df/r_28",
            "rotation": 0.12566370614359174,
            "transform_matrix": [
                [
                    -0.7212492823600769,
                    0.16687920689582825,
                    0.6722727417945862,
                    2.7100183963775635
                ],
                [
                    0.6926756501197815,
                    0.1737632006406784,
                    0.7000048160552979,
                    2.821810007095337
                ],
                [
                    -1.4901162970204496e-08,
                    0.9705450534820557,
                    -0.24091972410678864,
                    -0.9711785316467285
                ],
                [
                    0.0,
                    0.0,
                    0.0,
                    1.0
                ]
            ]
        },
        {
            "file_path": "/data/shapenet_blender/all_50_random/02958343/53e7ed598e9c3a09405f29f7fa3f25df/r_29",
            "rotation": 0.12566370614359174,
            "transform_matrix": [
                [
                    -0.7801500558853149,
                    -0.242381289601326,
                    -0.5767296552658081,
                    -2.324871778488159
                ],
                [
                    -0.6255924105644226,
                    0.3022635579109192,
                    0.7192153930664062,
                    2.8992502689361572
                ],
                [
                    1.4901161193847656e-08,
                    0.9218937754631042,
                    -0.38744279742240906,
                    -1.5618319511413574
                ],
                [
                    0.0,
                    0.0,
                    0.0,
                    1.0
                ]
            ]
        },
        {
            "file_path": "/data/shapenet_blender/all_50_random/02958343/53e7ed598e9c3a09405f29f7fa3f25df/r_30",
            "rotation": 0.12566370614359174,
            "transform_matrix": [
                [
                    0.5400635600090027,
                    -0.1984197050333023,
                    -0.8179002404212952,
                    -3.2970616817474365
                ],
                [
                    -0.8416242599487305,
                    -0.12732435762882233,
                    -0.5248400568962097,
                    -2.1156980991363525
                ],
                [
                    -7.450580596923828e-09,
                    0.971811830997467,
                    -0.23575805127620697,
                    -0.9503711462020874
                ],
                [
                    0.0,
                    0.0,
                    0.0,
                    1.0
                ]
            ]
        },
        {
            "file_path": "/data/shapenet_blender/all_50_random/02958343/53e7ed598e9c3a09405f29f7fa3f25df/r_31",
            "rotation": 0.12566370614359174,
            "transform_matrix": [
                [
                    0.1295652836561203,
                    -0.8914328813552856,
                    0.4342353045940399,
                    1.7504584789276123
                ],
                [
                    0.9915708899497986,
                    0.11648058146238327,
                    -0.05674009025096893,
                    -0.22872662544250488
                ],
                [
                    3.725290298461914e-09,
                    0.43792659044265747,
                    0.8990106582641602,
                    3.624027967453003
                ],
                [
                    0.0,
                    0.0,
                    0.0,
                    1.0
                ]
            ]
        },
        {
            "file_path": "/data/shapenet_blender/all_50_random/02958343/53e7ed598e9c3a09405f29f7fa3f25df/r_32",
            "rotation": 0.12566370614359174,
            "transform_matrix": [
                [
                    0.9987853169441223,
                    0.039279401302337646,
                    -0.029748300090432167,
                    -0.11991924047470093
                ],
                [
                    -0.049273036420345306,
                    0.7962100505828857,
                    -0.6030105352401733,
                    -2.4308135509490967
                ],
                [
                    1.8626449271863521e-09,
                    0.603743851184845,
                    0.7971782684326172,
                    3.213528633117676
                ],
                [
                    0.0,
                    0.0,
                    0.0,
                    1.0
                ]
            ]
        },
        {
            "file_path": "/data/shapenet_blender/all_50_random/02958343/53e7ed598e9c3a09405f29f7fa3f25df/r_33",
            "rotation": 0.12566370614359174,
            "transform_matrix": [
                [
                    0.4664679765701294,
                    -0.7449052333831787,
                    -0.4769945442676544,
                    -1.9228265285491943
                ],
                [
                    -0.8845381140708923,
                    -0.3928315043449402,
                    -0.2515467405319214,
                    -1.0140173435211182
                ],
                [
                    0.0,
                    0.5392583012580872,
                    -0.8421403765678406,
                    -3.3947763442993164
                ],
                [
                    0.0,
                    0.0,
                    0.0,
                    1.0
                ]
            ]
        },
        {
            "file_path": "/data/shapenet_blender/all_50_random/02958343/53e7ed598e9c3a09405f29f7fa3f25df/r_34",
            "rotation": 0.12566370614359174,
            "transform_matrix": [
                [
                    0.9851823449134827,
                    -0.044045038521289825,
                    0.1657581627368927,
                    0.6681925058364868
                ],
                [
                    0.17151015996932983,
                    0.2530018985271454,
                    -0.9521419405937195,
                    -3.8382070064544678
                ],
                [
                    -3.725290298461914e-09,
                    0.9664626717567444,
                    0.2568071484565735,
                    1.0352227687835693
                ],
                [
                    0.0,
                    0.0,
                    0.0,
                    1.0
                ]
            ]
        },
        {
            "file_path": "/data/shapenet_blender/all_50_random/02958343/53e7ed598e9c3a09405f29f7fa3f25df/r_35",
            "rotation": 0.12566370614359174,
            "transform_matrix": [
                [
                    -0.900250256061554,
                    -0.1034049391746521,
                    0.42291489243507385,
                    1.7048245668411255
                ],
                [
                    0.4353730082511902,
                    -0.21381741762161255,
                    0.8744897842407227,
                    3.525181293487549
                ],
                [
                    7.450581485102248e-09,
                    0.9713853001594543,
                    0.2375088781118393,
                    0.9574289917945862
                ],
                [
                    0.0,
                    0.0,
                    0.0,
                    1.0
                ]
            ]
        },
        {
            "file_path": "/data/shapenet_blender/all_50_random/02958343/53e7ed598e9c3a09405f29f7fa3f25df/r_36",
            "rotation": 0.12566370614359174,
            "transform_matrix": [
                [
                    -0.23854920268058777,
                    -0.6441688537597656,
                    0.7267328500747681,
                    2.929553985595703
                ],
                [
                    0.9711304903030396,
                    -0.158234104514122,
                    0.17851518094539642,
                    0.7196177840232849
                ],
                [
                    7.450581485102248e-09,
                    0.7483370304107666,
                    0.6633185148239136,
                    2.6739227771759033
                ],
                [
                    0.0,
                    0.0,
                    0.0,
                    1.0
                ]
            ]
        },
        {
            "file_path": "/data/shapenet_blender/all_50_random/02958343/53e7ed598e9c3a09405f29f7fa3f25df/r_37",
            "rotation": 0.12566370614359174,
            "transform_matrix": [
                [
                    -0.16408643126487732,
                    -0.423738032579422,
                    -0.8907983899116516,
                    -3.5909230709075928
                ],
                [
                    -0.9864460229873657,
                    0.07048501819372177,
                    0.14817631244659424,
                    0.5973178148269653
                ],
                [
                    0.0,
                    0.9030382037162781,
                    -0.4295603036880493,
                    -1.7316129207611084
                ],
                [
                    0.0,
                    0.0,
                    0.0,
                    1.0
                ]
            ]
        },
        {
            "file_path": "/data/shapenet_blender/all_50_random/02958343/53e7ed598e9c3a09405f29f7fa3f25df/r_38",
            "rotation": 0.12566370614359174,
            "transform_matrix": [
                [
                    -0.35772839188575745,
                    -0.38440099358558655,
                    0.8510383367538452,
                    3.430645227432251
                ],
                [
                    0.9338257908821106,
                    -0.14725570380687714,
                    0.32601433992385864,
                    1.3142058849334717
                ],
                [
                    1.4901162970204496e-08,
                    0.9113459587097168,
                    0.41164109110832214,
                    1.6593782901763916
                ],
                [
                    0.0,
                    0.0,
                    0.0,
                    1.0
                ]
            ]
        },
        {
            "file_path": "/data/shapenet_blender/all_50_random/02958343/53e7ed598e9c3a09405f29f7fa3f25df/r_39",
            "rotation": 0.12566370614359174,
            "transform_matrix": [
                [
                    0.9114280939102173,
                    0.1240864023566246,
                    0.3923027813434601,
                    1.581423044204712
                ],
                [
                    0.4114595353603363,
                    -0.2748650014400482,
                    -0.8689938187599182,
                    -3.503026247024536
                ],
                [
                    -7.450581485102248e-09,
                    0.9534419178962708,
                    -0.30157625675201416,
                    -1.2156927585601807
                ],
                [
                    0.0,
                    0.0,
                    0.0,
                    1.0
                ]
            ]
        },
        {
            "file_path": "/data/shapenet_blender/all_50_random/02958343/53e7ed598e9c3a09405f29f7fa3f25df/r_40",
            "rotation": 0.12566370614359174,
            "transform_matrix": [
                [
                    -0.44727909564971924,
                    -0.8169082403182983,
                    0.3641461133956909,
                    1.4679200649261475
                ],
                [
                    0.8943945169448853,
                    -0.4085288643836975,
                    0.1821063607931137,
                    0.7340942621231079
                ],
                [
                    1.4901162970204496e-08,
                    0.4071425497531891,
                    0.9133644700050354,
                    3.6818902492523193
                ],
                [
                    0.0,
                    0.0,
                    0.0,
                    1.0
                ]
            ]
        },
        {
            "file_path": "/data/shapenet_blender/all_50_random/02958343/53e7ed598e9c3a09405f29f7fa3f25df/r_41",
            "rotation": 0.12566370614359174,
            "transform_matrix": [
                [
                    0.9787318110466003,
                    -0.1351659744977951,
                    0.15431851148605347,
                    0.6220778822898865
                ],
                [
                    0.2051439732313156,
