{
    "class": "02958343",
    "model": "27d42437168ccd7ddd75f724c0ccbe00",
    "remove_doubles": true,
    "edge_split": true,
    "denoise": true,
    "camera_angle_x": 0.6911112070083618,
    "scale_factor": 2.2071619160081575,
    "hdri_file": "/data/IndoorHDRDataset2018/AG8A8490-01012bb42d.exr",
    "center_offset": [
        0.0,
        -1.862645149230957e-09,
        0.0
    ],
    "lights": [],
    "frames": [
        {
            "file_path": "/data/shapenet_blender/all_50_random/02958343/27d42437168ccd7ddd75f724c0ccbe00/r_0",
            "rotation": 0.12566370614359174,
            "transform_matrix": [
                [
                    -0.31344518065452576,
                    0.4732978940010071,
                    -0.8232502937316895,
                    -3.3186283111572266
                ],
                [
                    -0.9496063590049744,
                    -0.15622571110725403,
                    0.271737664937973,
                    1.095409631729126
                ],
                [
                    0.0,
                    0.8669384717941284,
                    0.49841490387916565,
                    2.0091748237609863
                ],
                [
                    0.0,
                    0.0,
                    0.0,
                    1.0
                ]
            ]
        },
        {
            "file_path": "/data/shapenet_blender/all_50_random/02958343/27d42437168ccd7ddd75f724c0ccbe00/r_1",
            "rotation": 0.12566370614359174,
            "transform_matrix": [
                [
                    -0.9311516880989075,
                    0.11140230298042297,
                    -0.3471975028514862,
                    -1.3995978832244873
                ],
                [
                    -0.36463209986686707,
                    -0.28448519110679626,
                    0.8866293430328369,
                    3.5741171836853027
                ],
                [
                    0.0,
                    0.9521857500076294,
                    0.3055197298526764,
                    1.231589436531067
                ],
                [
                    0.0,
                    0.0,
                    0.0,
                    1.0
                ]
            ]
        },
        {
            "file_path": "/data/shapenet_blender/all_50_random/02958343/27d42437168ccd7ddd75f724c0ccbe00/r_2",
            "rotation": 0.12566370614359174,
            "transform_matrix": [
                [
                    0.8078976273536682,
                    -0.19451989233493805,
                    0.5562943816184998,
                    2.2424941062927246
                ],
                [
                    0.5893228054046631,
                    0.2666656970977783,
                    -0.7626192569732666,
                    -3.07421612739563
                ],
                [
                    -1.4901160305669237e-08,
                    0.9439551830291748,
                    0.33007359504699707,
                    1.3305690288543701
                ],
                [
                    0.0,
                    0.0,
                    0.0,
                    1.0
                ]
            ]
        },
        {
            "file_path": "/data/shapenet_blender/all_50_random/02958343/27d42437168ccd7ddd75f724c0ccbe00/r_3",
            "rotation": 0.12566370614359174,
            "transform_matrix": [
                [
                    -0.1267952024936676,
                    0.4840339124202728,
                    0.8658141493797302,
                    3.490208387374878
                ],
                [
                    0.9919289946556091,
                    0.06187255308032036,
                    0.11067433655261993,
                    0.4461425244808197
                ],
                [
                    0.0,
                    0.8728589415550232,
                    -0.4879724383354187,
                    -1.9670798778533936
                ],
                [
                    0.0,
                    0.0,
                    0.0,
                    1.0
                ]
            ]
        },
        {
            "file_path": "/data/shapenet_blender/all_50_random/02958343/27d42437168ccd7ddd75f724c0ccbe00/r_4",
            "rotation": 0.12566370614359174,
            "transform_matrix": [
                [
                    0.6411908268928528,
                    0.18491148948669434,
                    0.744769811630249,
                    3.002263069152832
                ],
                [
                    0.7673815488815308,
                    -0.15450406074523926,
                    -0.622297465801239,
                    -2.508561372756958
                ],
                [
                    7.450581485102248e-09,
                    0.9705339074134827,
                    -0.24096426367759705,
                    -0.9713580012321472
                ],
                [
                    0.0,
                    0.0,
                    0.0,
                    1.0
                ]
            ]
        },
        {
            "file_path": "/data/shapenet_blender/all_50_random/02958343/27d42437168ccd7ddd75f724c0ccbe00/r_5",
            "rotation": 0.12566370614359174,
            "transform_matrix": [
                [
                    -0.6816102266311646,
                    0.6848663091659546,
                    0.25761517882347107,
                    1.0384800434112549
                ],
                [
                    0.7317154407501221,
                    0.6379691362380981,
                    0.23997464776039124,
                    0.9673687219619751
                ],
                [
                    1.4901161193847656e-08,
                    0.3520701229572296,
                    -0.935973584651947,
                    -3.7730302810668945
                ],
                [
                    0.0,
                    0.0,
                    0.0,
                    1.0
                ]
            ]
        },
        {
            "file_path": "/data/shapenet_blender/all_50_random/02958343/27d42437168ccd7ddd75f724c0ccbe00/r_6",
            "rotation": 0.12566370614359174,
            "transform_matrix": [
                [
                    -0.45135498046875,
                    -0.5290913581848145,
                    -0.718568742275238,
                    -2.8966429233551025
                ],
                [
                    -0.8923444151878357,
                    0.26761865615844727,
                    0.3634578585624695,
                    1.4651453495025635
                ],
                [
                    -1.4901158529312397e-08,
                    0.8052592277526855,
                    -0.5929228067398071,
                    -2.3901479244232178
                ],
                [
                    0.0,
                    0.0,
                    0.0,
                    1.0
                ]
            ]
        },
        {
            "file_path": "/data/shapenet_blender/all_50_random/02958343/27d42437168ccd7ddd75f724c0ccbe00/r_7",
            "rotation": 0.12566370614359174,
            "transform_matrix": [
                [
                    -0.2774626314640045,
                    0.027615299448370934,
                    -0.9603395462036133,
                    -3.8712520599365234
                ],
                [
                    -0.9607364535331726,
                    -0.007975353859364986,
                    0.27734801173210144,
                    1.1180254220962524
                ],
                [
                    0.0,
                    0.9995867609977722,
                    0.028743891045451164,
                    0.11587031930685043
                ],
                [
                    0.0,
                    0.0,
                    0.0,
                    1.0
                ]
            ]
        },
        {
            "file_path": "/data/shapenet_blender/all_50_random/02958343/27d42437168ccd7ddd75f724c0ccbe00/r_8",
            "rotation": 0.12566370614359174,
            "transform_matrix": [
                [
                    -0.4038529396057129,
                    -0.18829701840877533,
                    0.8952357172966003,
                    3.6088106632232666
                ],
                [
                    0.9148238897323608,
                    -0.08312452584505081,
                    0.39520564675331116,
                    1.5931248664855957
                ],
                [
                    0.0,
                    0.9785881042480469,
                    0.20582866668701172,
                    0.8297218680381775
                ],
                [
                    0.0,
                    0.0,
                    0.0,
                    1.0
                ]
            ]
        },
        {
            "file_path": "/data/shapenet_blender/all_50_random/02958343/27d42437168ccd7ddd75f724c0ccbe00/r_9",
            "rotation": 0.12566370614359174,
            "transform_matrix": [
                [
                    0.8450050354003906,
                    -0.10190952569246292,
                    -0.5249580144882202,
                    -2.116173505783081
                ],
                [
                    -0.5347583889961243,
                    -0.16103360056877136,
                    -0.8295189142227173,
                    -3.343897819519043
                ],
                [
                    0.0,
                    0.9816734194755554,
                    -0.1905711442232132,
                    -0.7682168483734131
                ],
                [
                    0.0,
                    0.0,
                    0.0,
                    1.0
                ]
            ]
        },
        {
            "file_path": "/data/shapenet_blender/all_50_random/02958343/27d42437168ccd7ddd75f724c0ccbe00/r_10",
            "rotation": 0.12566370614359174,
            "transform_matrix": [
                [
                    0.9729710817337036,
                    0.05809398740530014,
                    0.22349998354911804,
                    0.9009572267532349
                ],
                [
                    0.23092670738697052,
                    -0.24476929008960724,
                    -0.9416797757148743,
                    -3.796032667160034
                ],
                [
                    0.0,
                    0.9678393602371216,
                    -0.25156891345977783,
                    -1.0141067504882812
                ],
                [
                    0.0,
                    0.0,
                    0.0,
                    1.0
                ]
            ]
        },
        {
            "file_path": "/data/shapenet_blender/all_50_random/02958343/27d42437168ccd7ddd75f724c0ccbe00/r_11",
            "rotation": 0.12566370614359174,
            "transform_matrix": [
                [
                    -0.9999999403953552,
                    -0.00017835023754741997,
                    0.000536291510798037,
                    0.002161860466003418
                ],
                [
                    0.0005651703104376793,
                    -0.3155689537525177,
                    0.9489023685455322,
                    3.825148105621338
                ],
                [
                    0.0,
                    0.9489026069641113,
                    0.3155689835548401,
                    1.2720993757247925
                ],
                [
                    0.0,
                    0.0,
                    0.0,
                    1.0
                ]
            ]
        },
        {
            "file_path": "/data/shapenet_blender/all_50_random/02958343/27d42437168ccd7ddd75f724c0ccbe00/r_12",
            "rotation": 0.12566370614359174,
            "transform_matrix": [
                [
                    0.9990420341491699,
                    -0.0034688767045736313,
                    -0.043623458594083786,
                    -0.17585179209709167
                ],
                [
                    -0.04376116022467613,
                    -0.07919244468212128,
                    -0.9958983063697815,
                    -4.014594554901123
                ],
                [
                    0.0,
                    0.9968532919883728,
                    -0.07926838099956512,
                    -0.3195410668849945
                ],
                [
                    0.0,
                    0.0,
                    0.0,
                    1.0
                ]
            ]
        },
        {
            "file_path": "/data/shapenet_blender/all_50_random/02958343/27d42437168ccd7ddd75f724c0ccbe00/r_13",
            "rotation": 0.12566370614359174,
            "transform_matrix": [
                [
                    0.22170981764793396,
                    -0.055729951709508896,
                    -0.9735187888145447,
                    -3.924379825592041
                ],
                [
                    -0.9751127362251282,
                    -0.012671228498220444,
                    -0.2213473916053772,
                    -0.892279863357544
                ],
                [
                    9.31322685637781e-10,
                    0.9983654618263245,
                    -0.057152312248945236,
                    -0.230388343334198
                ],
                [
                    0.0,
                    0.0,
                    0.0,
                    1.0
                ]
            ]
        },
        {
            "file_path": "/data/shapenet_blender/all_50_random/02958343/27d42437168ccd7ddd75f724c0ccbe00/r_14",
            "rotation": 0.12566370614359174,
            "transform_matrix": [
                [
                    -0.9404829144477844,
                    0.03726954013109207,
                    0.3377913236618042,
                    1.3616803884506226
                ],
                [
                    0.33984118700027466,
                    0.1031404435634613,
                    0.9348101615905762,
                    3.7683401107788086
                ],
                [
                    -3.7252898543727042e-09,
                    0.9939683675765991,
                    -0.10966754704713821,
                    -0.44208401441574097
                ],
                [
                    0.0,
                    0.0,
                    0.0,
                    1.0
                ]
            ]
        },
        {
            "file_path": "/data/shapenet_blender/all_50_random/02958343/27d42437168ccd7ddd75f724c0ccbe00/r_15",
            "rotation": 0.12566370614359174,
            "transform_matrix": [
                [
                    -0.9593096971511841,
                    0.17020021378993988,
                    0.22529244422912598,
                    0.9081829786300659
                ],
                [
                    0.28235581517219543,
                    0.578258752822876,
                    0.7654357552528381,
                    3.0855705738067627
                ],
                [
                    0.0,
                    0.7979027032852173,
                    -0.6027861833572388,
                    -2.4299089908599854
                ],
                [
                    0.0,
                    0.0,
                    0.0,
                    1.0
                ]
            ]
        },
        {
            "file_path": "/data/shapenet_blender/all_50_random/02958343/27d42437168ccd7ddd75f724c0ccbe00/r_16",
            "rotation": 0.12566370614359174,
            "transform_matrix": [
                [
                    0.5988692045211792,
                    0.0256649162620306,
                    0.8004355430603027,
                    3.226658821105957
                ],
                [
                    0.8008468747138977,
                    -0.01919209212064743,
                    -0.5985615849494934,
                    -2.41287899017334
                ],
                [
                    0.0,
                    0.9994863271713257,
                    -0.03204721957445145,
                    -0.1291864812374115
                ],
                [
                    0.0,
                    0.0,
                    0.0,
                    1.0
                ]
            ]
        },
        {
            "file_path": "/data/shapenet_blender/all_50_random/02958343/27d42437168ccd7ddd75f724c0ccbe00/r_17",
            "rotation": 0.12566370614359174,
            "transform_matrix": [
                [
                    0.627930223941803,
                    0.29033198952674866,
                    0.7220878601074219,
                    2.910829544067383
                ],
                [
                    0.7782697677612305,
                    -0.23424816131591797,
                    -0.5826010704040527,
                    -2.3485403060913086
                ],
                [
                    1.4901162970204496e-08,
                    0.9278119206428528,
                    -0.3730480670928955,
                    -1.5038049221038818
                ],
                [
                    0.0,
                    0.0,
                    0.0,
                    1.0
                ]
            ]
        },
        {
            "file_path": "/data/shapenet_blender/all_50_random/02958343/27d42437168ccd7ddd75f724c0ccbe00/r_18",
            "rotation": 0.12566370614359174,
            "transform_matrix": [
                [
                    0.3583053648471832,
                    -0.633181631565094,
                    -0.6860744953155518,
                    -2.7656548023223877
                ],
                [
                    -0.9336045384407043,
                    -0.24300694465637207,
                    -0.26330652832984924,
                    -1.06142258644104
                ],
                [
                    -1.4901162970204496e-08,
                    0.7348662614822388,
                    -0.6782119274139404,
                    -2.733959674835205
                ],
                [
                    0.0,
                    0.0,
                    0.0,
                    1.0
                ]
            ]
        },
        {
            "file_path": "/data/shapenet_blender/all_50_random/02958343/27d42437168ccd7ddd75f724c0ccbe00/r_19",
            "rotation": 0.12566370614359174,
            "transform_matrix": [
                [
                    -0.43757638335227966,
                    0.33747586607933044,
                    -0.8334488868713379,
                    -3.3597395420074463
                ],
                [
                    -0.8991811871528625,
                    -0.16422881186008453,
                    0.4055884778499603,
                    1.634979248046875
                ],
                [
                    1.4901158529312397e-08,
                    0.9268975853919983,
                    0.3753146529197693,
                    1.512941598892212
                ],
                [
                    0.0,
                    0.0,
                    0.0,
                    1.0
                ]
            ]
        },
        {
            "file_path": "/data/shapenet_blender/all_50_random/02958343/27d42437168ccd7ddd75f724c0ccbe00/r_20",
            "rotation": 0.12566370614359174,
            "transform_matrix": [
                [
                    -0.9954842329025269,
                    -0.08990338444709778,
                    -0.030469166114926338,
                    -0.12282513082027435
                ],
                [
                    -0.09492622315883636,
                    0.9428101181983948,
                    0.31952786445617676,
                    1.2880580425262451
                ],
                [
                    0.0,
                    0.3209773600101471,
                    -0.9470868706703186,
                    -3.817829132080078
                ],
                [
                    0.0,
                    0.0,
                    0.0,
                    1.0
                ]
            ]
        },
        {
            "file_path": "/data/shapenet_blender/all_50_random/02958343/27d42437168ccd7ddd75f724c0ccbe00/r_21",
            "rotation": 0.12566370614359174,
            "transform_matrix": [
                [
                    0.6666925549507141,
                    0.13840781152248383,
                    -0.7323690056800842,
                    -2.9522738456726074
                ],
                [
                    -0.7453328967094421,
                    0.12380433827638626,
                    -0.6550964713096619,
                    -2.6407783031463623
                ],
                [
                    -1.4901162970204496e-08,
                    0.9826065301895142,
                    0.18569932878017426,
                    0.7485779523849487
                ],
                [
                    0.0,
                    0.0,
                    0.0,
                    1.0
                ]
            ]
        },
        {
            "file_path": "/data/shapenet_blender/all_50_random/02958343/27d42437168ccd7ddd75f724c0ccbe00/r_22",
            "rotation": 0.12566370614359174,
            "transform_matrix": [
                [
                    0.1692332625389099,
                    0.028437098488211632,
                    -0.9851656556129456,
                    -3.971329689025879
                ],
                [
                    -0.9855760335922241,
                    0.004882934503257275,
                    -0.1691628098487854,
                    -0.6819170713424683
                ],
                [
                    0.0,
                    0.9995835423469543,
                    0.02885327860713005,
                    0.11631128937005997
                ],
                [
                    0.0,
                    0.0,
                    0.0,
                    1.0
                ]
            ]
        },
        {
            "file_path": "/data/shapenet_blender/all_50_random/02958343/27d42437168ccd7ddd75f724c0ccbe00/r_23",
            "rotation": 0.12566370614359174,
            "transform_matrix": [
                [
                    0.5261119604110718,
                    0.022611593827605247,
                    0.850114643573761,
                    3.426921844482422
                ],
                [
                    0.8504153490066528,
                    -0.013988729566335678,
                    -0.5259259343147278,
                    -2.120075225830078
                ],
                [
                    0.0,
                    0.9996464848518372,
                    -0.026588883250951767,
                    -0.10718321800231934
                ],
                [
                    0.0,
                    0.0,
                    0.0,
                    1.0
                ]
            ]
        },
        {
            "file_path": "/data/shapenet_blender/all_50_random/02958343/27d42437168ccd7ddd75f724c0ccbe00/r_24",
            "rotation": 0.12566370614359174,
            "transform_matrix": [
                [
                    0.9752385020256042,
                    0.05314686894416809,
                    0.21467512845993042,
                    0.8653831481933594
                ],
                [
                    0.2211560755968094,
                    -0.23436331748962402,
                    -0.9466592669487,
                    -3.816105604171753
                ],
                [
                    0.0,
                    0.9706951379776001,
                    -0.24031388759613037,
                    -0.9687362909317017
                ],
                [
                    0.0,
                    0.0,
                    0.0,
                    1.0
                ]
            ]
        },
        {
            "file_path": "/data/shapenet_blender/all_50_random/02958343/27d42437168ccd7ddd75f724c0ccbe00/r_25",
            "rotation": 0.12566370614359174,
            "transform_matrix": [
                [
                    0.7238112688064575,
                    -0.1360527127981186,
                    0.6764517426490784,
                    2.7268640995025635
                ],
                [
                    0.6899980306625366,
                    0.14271993935108185,
                    -0.709601104259491,
                    -2.8604934215545654
                ],
                [
                    0.0,
                    0.9803675413131714,
                    0.1971784383058548,
                    0.7948516607284546
                ],
                [
                    0.0,
                    0.0,
                    0.0,
                    1.0
                ]
            ]
        },
        {
            "file_path": "/data/shapenet_blender/all_50_random/02958343/27d42437168ccd7ddd75f724c0ccbe00/r_26",
            "rotation": 0.12566370614359174,
            "transform_matrix": [
                [
                    0.1970313936471939,
                    -0.6351208090782166,
                    -0.7468600869178772,
                    -3.0106894969940186
                ],
                [
                    -0.9803972244262695,
                    -0.12764084339141846,
                    -0.15009719133377075,
                    -0.6050611734390259
                ],
                [
                    -7.450580596923828e-09,
                    0.7617933750152588,
                    -0.6478199362754822,
                    -2.611445903778076
                ],
                [
                    0.0,
                    0.0,
                    0.0,
                    1.0
                ]
            ]
        },
        {
            "file_path": "/data/shapenet_blender/all_50_random/02958343/27d42437168ccd7ddd75f724c0ccbe00/r_27",
            "rotation": 0.12566370614359174,
            "transform_matrix": [
                [
                    0.7916535139083862,
                    -0.23557302355766296,
                    0.5637286305427551,
                    2.272463083267212
                ],
                [
                    0.6109702587127686,
                    0.30523940920829773,
                    -0.7304410338401794,
                    -2.944502115249634
                ],
                [
                    0.0,
                    0.9226776361465454,
                    0.38557198643684387,
                    1.554290533065796
                ],
                [
                    0.0,
                    0.0,
                    0.0,
                    1.0
                ]
            ]
        },
        {
            "file_path": "/data/shapenet_blender/all_50_random/02958343/27d42437168ccd7ddd75f724c0ccbe00/r_28",
            "rotation": 0.12566370614359174,
            "transform_matrix": [
                [
                    0.8373229503631592,
                    -0.2340857833623886,
                    -0.4940588176250458,
                    -1.9916149377822876
                ],
                [
                    -0.5467085838317871,
                    -0.35851892828941345,
                    -0.7566860318183899,
                    -3.0502991676330566
                ],
                [
                    1.4901161193847656e-08,
                    0.9036968350410461,
                    -0.4281727969646454,
                    -1.7260198593139648
                ],
                [
                    0.0,
                    0.0,
                    0.0,
                    1.0
                ]
            ]
        },
        {
            "file_path": "/data/shapenet_blender/all_50_random/02958343/27d42437168ccd7ddd75f724c0ccbe00/r_29",
            "rotation": 0.12566370614359174,
            "transform_matrix": [
                [
                    0.6150820255279541,
                    0.6757646799087524,
                    0.4062219262123108,
                    1.6375329494476318
                ],
                [
                    0.7884631156921387,
                    -0.5271657109260559,
                    -0.3168947398662567,
                    -1.277443528175354
                ],
                [
                    0.0,
                    0.5152072310447693,
                    -0.8570656180381775,
                    -3.454941987991333
                ],
                [
                    0.0,
                    0.0,
                    0.0,
                    1.0
                ]
            ]
        },
        {
            "file_path": "/data/shapenet_blender/all_50_random/02958343/27d42437168ccd7ddd75f724c0ccbe00/r_30",
            "rotation": 0.12566370614359174,
            "transform_matrix": [
                [
                    0.3353736400604248,
                    0.07643917202949524,
                    -0.938978910446167,
                    -3.7851452827453613
                ],
                [
                    -0.9420851469039917,
                    0.027211643755435944,
                    -0.33426785469055176,
                    -1.3474769592285156
                ],
                [
                    0.0,
                    0.9967028498649597,
                    0.08113827556371689,
                    0.3270788788795471
                ],
                [
                    0.0,
                    0.0,
                    0.0,
                    1.0
                ]
            ]
        },
        {
            "file_path": "/data/shapenet_blender/all_50_random/02958343/27d42437168ccd7ddd75f724c0ccbe00/r_31",
            "rotation": 0.12566370614359174,
            "transform_matrix": [
                [
                    0.6179263591766357,
                    -0.02540626749396324,
                    0.7858253121376038,
                    3.1677634716033936
                ],
                [
                    0.7862361073493958,
                    0.019967542961239815,
                    -0.6176035404205322,
                    -2.4896397590637207
                ],
                [
                    0.0,
                    0.999477744102478,
                    0.032313790172338486,
                    0.13026106357574463
                ],
                [
                    0.0,
                    0.0,
                    0.0,
                    1.0
                ]
            ]
        },
        {
            "file_path": "/data/shapenet_blender/all_50_random/02958343/27d42437168ccd7ddd75f724c0ccbe00/r_32",
            "rotation": 0.12566370614359174,
            "transform_matrix": [
                [
                    -0.6592656970024109,
                    -0.19863086938858032,
                    -0.7251996994018555,
                    -2.923373222351074
                ],
                [
                    -0.7519101500511169,
                    0.17415714263916016,
                    0.6358463168144226,
                    2.563178300857544
                ],
                [
                    1.4901161193847656e-08,
                    0.9644765257835388,
                    -0.2641684114933014,
                    -1.064896821975708
                ],
                [
                    0.0,
                    0.0,
                    0.0,
                    1.0
                ]
            ]
        },
        {
            "file_path": "/data/shapenet_blender/all_50_random/02958343/27d42437168ccd7ddd75f724c0ccbe00/r_33",
            "rotation": 0.12566370614359174,
            "transform_matrix": [
                [
                    0.9981717467308044,
                    0.052688345313072205,
                    -0.029617412015795708,
                    -0.11939160525798798
                ],
                [
                    -0.06044214591383934,
                    0.8701216578483582,
                    -0.48911672830581665,
                    -1.9716925621032715
                ],
                [
                    0.0,
                    0.490012526512146,
                    0.8717153668403625,
                    3.5139970779418945
                ],
                [
                    0.0,
                    0.0,
                    0.0,
                    1.0
                ]
            ]
        },
        {
            "file_path": "/data/shapenet_blender/all_50_random/02958343/27d42437168ccd7ddd75f724c0ccbe00/r_34",
            "rotation": 0.12566370614359174,
            "transform_matrix": [
                [
                    -0.6859411001205444,
                    0.6804686188697815,
                    -0.25777384638786316,
                    -1.0391194820404053
                ],
                [
                    -0.7276571393013,
                    -0.6414578557014465,
                    0.24299587309360504,
                    0.9795475602149963
                ],
                [
                    0.0,
                    0.3542517125606537,
                    0.935150146484375,
                    3.7697103023529053
                ],
                [
                    0.0,
                    0.0,
                    0.0,
                    1.0
                ]
            ]
        },
        {
            "file_path": "/data/shapenet_blender/all_50_random/02958343/27d42437168ccd7ddd75f724c0ccbe00/r_35",
            "rotation": 0.12566370614359174,
            "transform_matrix": [
                [
                    0.9972326159477234,
                    -0.02667851373553276,
                    -0.0693940594792366,
                    -0.27973639965057373
                ],
                [
                    -0.0743456706404686,
                    -0.35785114765167236,
                    -0.9308143258094788,
                    -3.752232551574707
                ],
                [
                    0.0,
                    0.9333974123001099,
                    -0.35884425044059753,
                    -1.4465473890304565
                ],
                [
                    0.0,
                    0.0,
                    0.0,
                    1.0
                ]
            ]
        },
        {
            "file_path": "/data/shapenet_blender/all_50_random/02958343/27d42437168ccd7ddd75f724c0ccbe00/r_36",
            "rotation": 0.12566370614359174,
            "transform_matrix": [
                [
                    0.4688482880592346,
                    -0.8048263192176819,
                    0.36391744017601013,
                    1.4669982194900513
                ],
                [
                    0.8832787871360779,
                    0.427205353975296,
                    -0.19316896796226501,
                    -0.7786890864372253
                ],
                [
                    -1.4901162970204496e-08,
                    0.4120074212551117,
                    0.9111803770065308,
                    3.673085927963257
                ],
                [
                    0.0,
                    0.0,
                    0.0,
                    1.0
                ]
            ]
        },
        {
            "file_path": "/data/shapenet_blender/all_50_random/02958343/27d42437168ccd7ddd75f724c0ccbe00/r_37",
            "rotation": 0.12566370614359174,
            "transform_matrix": [
                [
                    0.8817223906517029,
                    0.2803967595100403,
                    -0.3793984651565552,
                    -1.5294041633605957
                ],
                [
                    -0.4717685282230377,
                    0.5240538120269775,
                    -0.7090852856636047,
                    -2.8584141731262207
                ],
                [
                    0.0,
                    0.8042046427726746,
                    0.5943524241447449,
                    2.39591121673584
                ],
                [
                    0.0,
                    0.0,
                    0.0,
                    1.0
                ]
            ]
        },
        {
            "file_path": "/data/shapenet_blender/all_50_random/02958343/27d42437168ccd7ddd75f724c0ccbe00/r_38",
            "rotation": 0.12566370614359174,
            "transform_matrix": [
                [
                    -0.9631012082099915,
                    0.07777770608663559,
                    -0.257656455039978,
                    -1.0386463403701782
                ],
                [
                    -0.2691397964954376,
                    -0.2783230245113373,
                    0.922008752822876,
                    3.716736078262329
                ],
                [
                    0.0,
                    0.9573332071304321,
                    0.28898629546165466,
                    1.1649410724639893
                ],
                [
                    0.0,
                    0.0,
                    0.0,
                    1.0
                ]
            ]
        },
        {
            "file_path": "/data/shapenet_blender/all_50_random/02958343/27d42437168ccd7ddd75f724c0ccbe00/r_39",
            "rotation": 0.12566370614359174,
            "transform_matrix": [
                [
                    -0.4437497556209564,
                    -0.041299812495708466,
                    0.8951985239982605,
                    3.6086606979370117
                ],
                [
                    0.8961507678031921,
                    -0.02045055665075779,
                    0.4432782530784607,
                    1.7869118452072144
                ],
                [
                    0.0,
                    0.9989373683929443,
                    0.04608578979969025,
                    0.18577775359153748
                ],
                [
                    0.0,
                    0.0,
                    0.0,
                    1.0
                ]
            ]
        },
        {
            "file_path": "/data/shapenet_blender/all_50_random/02958343/27d42437168ccd7ddd75f724c0ccbe00/r_40",
            "rotation": 0.12566370614359174,
            "transform_matrix": [
                [
                    0.999639630317688,
                    0.012917404063045979,
                    -0.02353379689157009,
                    -0.0948677808046341
                ],
                [
                    -0.026845840737223625,
                    0.480996310710907,
                    -0.8763114213943481,
                    -3.532524585723877
                ],
                [
                    9.31322685637781e-10,
                    0.8766273856163025,
                    0.4811697006225586,
                    1.939657211303711
                ],
                [
                    0.0,
                    0.0,
                    0.0,
                    1.0
                ]
            ]
        },
        {
            "file_path": "/data/shapenet_blender/all_50_random/02958343/27d42437168ccd7ddd75f724c0ccbe00/r_41",
            "rotation": 0.12566370614359174,
            "transform_matrix": [
                [
                    -0.9684462547302246,
                    0.1374482959508896,
                    -0.2078937292098999,
                    -0.8380465507507324
                ],
                [
                    -0.24922247231006622,
                    -0.5341062545776367,
                    0.8078480362892151,
                    3.256540060043335
                ],
                [
                    -7.450580596923828e-09,
                    0.8341692686080933,
