{
    "class": "02958343",
    "model": "fed8994632223d52afe1d4530f4c6e24",
    "remove_doubles": true,
    "edge_split": true,
    "denoise": true,
    "camera_angle_x": 0.6911112070083618,
    "scale_factor": 2.1128918558242216,
    "hdri_file": "/data/IndoorHDRDataset2018/9C4A7746-d909578cf2.exr",
    "center_offset": [
        0.0,
        0.0,
        0.0
    ],
    "lights": [],
    "frames": [
        {
            "file_path": "/data/shapenet_blender/all_50_random/02958343/fed8994632223d52afe1d4530f4c6e24/r_0",
            "rotation": 0.12566370614359174,
            "transform_matrix": [
                [
                    -0.0044640046544373035,
                    0.5474053025245667,
                    0.8368557095527649,
                    3.3734734058380127
                ],
                [
                    0.9999900460243225,
                    0.0024436444509774446,
                    0.003735765116289258,
                    0.015059351921081543
                ],
                [
                    0.0,
                    0.8368641138076782,
                    -0.5474106669425964,
                    -2.2066831588745117
                ],
                [
                    0.0,
                    0.0,
                    0.0,
                    1.0
                ]
            ]
        },
        {
            "file_path": "/data/shapenet_blender/all_50_random/02958343/fed8994632223d52afe1d4530f4c6e24/r_1",
            "rotation": 0.12566370614359174,
            "transform_matrix": [
                [
                    0.9897655844688416,
                    -0.033639468252658844,
                    -0.13868173956871033,
                    -0.5590440034866333
                ],
                [
                    -0.1427033245563507,
                    -0.2333175092935562,
                    -0.9618725180625916,
                    -3.877432107925415
                ],
                [
                    3.725290742551124e-09,
                    0.9718185067176819,
                    -0.2357300966978073,
                    -0.9502584338188171
                ],
                [
                    0.0,
                    0.0,
                    0.0,
                    1.0
                ]
            ]
        },
        {
            "file_path": "/data/shapenet_blender/all_50_random/02958343/fed8994632223d52afe1d4530f4c6e24/r_2",
            "rotation": 0.12566370614359174,
            "transform_matrix": [
                [
                    0.9975206851959229,
                    0.05950465798377991,
                    0.037574898451566696,
                    0.15146926045417786
                ],
                [
                    0.07037527114152908,
                    -0.8434373140335083,
                    -0.5325981378555298,
                    -2.1469717025756836
                ],
                [
                    3.725290742551124e-09,
                    0.5339218974113464,
                    -0.8455338478088379,
                    -3.4084558486938477
                ],
                [
                    0.0,
                    0.0,
                    0.0,
                    1.0
                ]
            ]
        },
        {
            "file_path": "/data/shapenet_blender/all_50_random/02958343/fed8994632223d52afe1d4530f4c6e24/r_3",
            "rotation": 0.12566370614359174,
            "transform_matrix": [
                [
                    0.9573967456817627,
                    -0.015916943550109863,
                    0.28833696246147156,
                    1.1623234748840332
                ],
                [
                    0.2887759506702423,
                    0.05277042090892792,
                    -0.9559412598609924,
                    -3.853522539138794
                ],
                [
                    9.31322685637781e-10,
                    0.9984796643257141,
                    0.05511866509914398,
                    0.22219043970108032
                ],
                [
                    0.0,
                    0.0,
                    0.0,
                    1.0
                ]
            ]
        },
        {
            "file_path": "/data/shapenet_blender/all_50_random/02958343/fed8994632223d52afe1d4530f4c6e24/r_4",
            "rotation": 0.12566370614359174,
            "transform_matrix": [
                [
                    -0.42756885290145874,
                    0.2084934562444687,
                    -0.8796108365058899,
                    -3.5458250045776367
                ],
                [
                    -0.9039828777313232,
                    -0.0986139327287674,
                    0.4160412847995758,
                    1.6771161556243896
                ],
                [
                    7.450581485102248e-09,
                    0.973039448261261,
                    0.23063871264457703,
                    0.929734468460083
                ],
                [
                    0.0,
                    0.0,
                    0.0,
                    1.0
                ]
            ]
        },
        {
            "file_path": "/data/shapenet_blender/all_50_random/02958343/fed8994632223d52afe1d4530f4c6e24/r_5",
            "rotation": 0.12566370614359174,
            "transform_matrix": [
                [
                    0.08406709879636765,
                    -0.8737972974777222,
                    0.4789685308933258,
                    1.930783987045288
                ],
                [
                    0.9964601993560791,
                    0.07371854782104492,
                    -0.040408529341220856,
                    -0.16289201378822327
                ],
                [
                    -3.725290742551124e-09,
                    0.48067012429237366,
                    0.8769014477729797,
                    3.534903049468994
                ],
                [
                    0.0,
                    0.0,
                    0.0,
                    1.0
                ]
            ]
        },
        {
            "file_path": "/data/shapenet_blender/all_50_random/02958343/fed8994632223d52afe1d4530f4c6e24/r_6",
            "rotation": 0.12566370614359174,
            "transform_matrix": [
                [
                    0.34397515654563904,
                    0.265881210565567,
                    0.9005489349365234,
                    3.6302285194396973
                ],
                [
                    0.9389788508415222,
                    -0.0973999947309494,
                    -0.3298971652984619,
                    -1.3298578262329102
                ],
                [
                    0.0,
                    0.9590726494789124,
                    -0.2831600308418274,
                    -1.1414544582366943
                ],
                [
                    0.0,
                    0.0,
                    0.0,
                    1.0
                ]
            ]
        },
        {
            "file_path": "/data/shapenet_blender/all_50_random/02958343/fed8994632223d52afe1d4530f4c6e24/r_7",
            "rotation": 0.12566370614359174,
            "transform_matrix": [
                [
                    -0.23812611401081085,
                    0.38795432448387146,
                    -0.8903860449790955,
                    -3.589261054992676
                ],
                [
                    -0.9712342619895935,
                    -0.0951182022690773,
                    0.218303844332695,
                    0.8800109624862671
                ],
                [
                    0.0,
                    0.9167572855949402,
                    0.39944466948509216,
                    1.6102129220962524
                ],
                [
                    0.0,
                    0.0,
                    0.0,
                    1.0
                ]
            ]
        },
        {
            "file_path": "/data/shapenet_blender/all_50_random/02958343/fed8994632223d52afe1d4530f4c6e24/r_8",
            "rotation": 0.12566370614359174,
            "transform_matrix": [
                [
                    -0.8996184468269348,
                    0.22434651851654053,
                    0.37464019656181335,
                    1.5102230310440063
                ],
                [
                    0.43667688965797424,
                    0.4621867835521698,
                    0.7718138098716736,
                    3.111281156539917
                ],
                [
                    0.0,
                    0.8579347729682922,
                    -0.5137585997581482,
                    -2.0710275173187256
                ],
                [
                    0.0,
                    0.0,
                    0.0,
                    1.0
                ]
            ]
        },
        {
            "file_path": "/data/shapenet_blender/all_50_random/02958343/fed8994632223d52afe1d4530f4c6e24/r_9",
            "rotation": 0.12566370614359174,
            "transform_matrix": [
                [
                    -0.9373531341552734,
                    0.08939552307128906,
                    -0.3367159366607666,
                    -1.3573453426361084
                ],
                [
                    -0.34838080406188965,
                    -0.24052751064300537,
                    0.905967652797699,
                    3.6520724296569824
                ],
                [
                    7.450580596923828e-09,
                    0.96651691198349,
                    0.2566029131412506,
                    1.034399390220642
                ],
                [
                    0.0,
                    0.0,
                    0.0,
                    1.0
                ]
            ]
        },
        {
            "file_path": "/data/shapenet_blender/all_50_random/02958343/fed8994632223d52afe1d4530f4c6e24/r_10",
            "rotation": 0.12566370614359174,
            "transform_matrix": [
                [
                    -0.21393513679504395,
                    -0.47895482182502747,
                    0.8513718247413635,
                    3.4319896697998047
                ],
                [
                    0.9768478870391846,
                    -0.1048937663435936,
                    0.1864551603794098,
                    0.7516247630119324
                ],
                [
                    0.0,
                    0.8715500831604004,
                    0.49030646681785583,
                    1.9764885902404785
                ],
                [
                    0.0,
                    0.0,
                    0.0,
                    1.0
                ]
            ]
        },
        {
            "file_path": "/data/shapenet_blender/all_50_random/02958343/fed8994632223d52afe1d4530f4c6e24/r_11",
            "rotation": 0.12566370614359174,
            "transform_matrix": [
                [
                    0.6436896324157715,
                    0.4541030824184418,
                    -0.6159984469413757,
                    -2.4831690788269043
                ],
                [
                    -0.7652866840362549,
                    0.3819502890110016,
                    -0.5181219577789307,
                    -2.088616371154785
                ],
                [
                    0.0,
                    0.8049250245094299,
                    0.5933763980865479,
                    2.391976833343506
                ],
                [
                    0.0,
                    0.0,
                    0.0,
                    1.0
                ]
            ]
        },
        {
            "file_path": "/data/shapenet_blender/all_50_random/02958343/fed8994632223d52afe1d4530f4c6e24/r_12",
            "rotation": 0.12566370614359174,
            "transform_matrix": [
                [
                    -0.8931335806846619,
                    -0.4324479103088379,
                    -0.12369754165410995,
                    -0.4986407458782196
                ],
                [
                    -0.4497913718223572,
                    0.8586952686309814,
                    0.2456214874982834,
                    0.9901319146156311
                ],
                [
                    -7.450580152834618e-09,
                    0.27501094341278076,
                    -0.9614410996437073,
                    -3.8756930828094482
                ],
                [
                    0.0,
                    0.0,
                    0.0,
                    1.0
                ]
            ]
        },
        {
            "file_path": "/data/shapenet_blender/all_50_random/02958343/fed8994632223d52afe1d4530f4c6e24/r_13",
            "rotation": 0.12566370614359174,
            "transform_matrix": [
                [
                    0.6977664232254028,
                    -0.015389437787234783,
                    0.7161598801612854,
                    2.8869330883026123
                ],
                [
                    0.7163252234458923,
                    0.014990723691880703,
                    -0.6976054310798645,
                    -2.8121376037597656
                ],
                [
                    0.0,
                    0.9997690320014954,
                    0.02148386836051941,
                    0.08660425245761871
                ],
                [
                    0.0,
                    0.0,
                    0.0,
                    1.0
                ]
            ]
        },
        {
            "file_path": "/data/shapenet_blender/all_50_random/02958343/fed8994632223d52afe1d4530f4c6e24/r_14",
            "rotation": 0.12566370614359174,
            "transform_matrix": [
                [
                    0.9978579878807068,
                    0.020696930587291718,
                    -0.06205780431628227,
                    -0.2501629889011383
                ],
                [
                    -0.06541814655065536,
                    0.31570133566856384,
                    -0.9466008543968201,
                    -3.8158698081970215
                ],
                [
                    0.0,
                    0.9486329555511475,
                    0.31637904047966003,
                    1.275364637374878
                ],
                [
                    0.0,
                    0.0,
                    0.0,
                    1.0
                ]
            ]
        },
        {
            "file_path": "/data/shapenet_blender/all_50_random/02958343/fed8994632223d52afe1d4530f4c6e24/r_15",
            "rotation": 0.12566370614359174,
            "transform_matrix": [
                [
                    0.09914588183164597,
                    -0.1779199093580246,
                    -0.9790375828742981,
                    -3.946626663208008
                ],
                [
                    -0.9950729608535767,
                    -0.01772736944258213,
                    -0.09754816442728043,
                    -0.393229216337204
                ],
                [
                    0.0,
                    0.9838852882385254,
                    -0.17880088090896606,
                    -0.7207694053649902
                ],
                [
                    0.0,
                    0.0,
                    0.0,
                    1.0
                ]
            ]
        },
        {
            "file_path": "/data/shapenet_blender/all_50_random/02958343/fed8994632223d52afe1d4530f4c6e24/r_16",
            "rotation": 0.12566370614359174,
            "transform_matrix": [
                [
                    -0.8889504075050354,
                    -0.030675841495394707,
                    0.4569751024246216,
                    1.8421255350112915
                ],
                [
                    0.45800355076789856,
                    -0.05953949689865112,
                    0.8869542479515076,
                    3.5754268169403076
                ],
                [
                    0.0,
                    0.9977545142173767,
                    0.06697729974985123,
                    0.2699941396713257
                ],
                [
                    0.0,
                    0.0,
                    0.0,
                    1.0
                ]
            ]
        },
        {
            "file_path": "/data/shapenet_blender/all_50_random/02958343/fed8994632223d52afe1d4530f4c6e24/r_17",
            "rotation": 0.12566370614359174,
            "transform_matrix": [
                [
                    -0.7917377352714539,
                    -0.23748375475406647,
                    -0.5628078579902649,
                    -2.268751382827759
                ],
                [
                    -0.61086106300354,
                    0.3078029453754425,
                    0.7294558882713318,
                    2.940531015396118
                ],
                [
                    0.0,
                    0.9213353991508484,
                    -0.38876873254776,
                    -1.5671770572662354
                ],
                [
                    0.0,
                    0.0,
                    0.0,
                    1.0
                ]
            ]
        },
        {
            "file_path": "/data/shapenet_blender/all_50_random/02958343/fed8994632223d52afe1d4530f4c6e24/r_18",
            "rotation": 0.12566370614359174,
            "transform_matrix": [
                [
                    0.9956989288330078,
                    -0.06859634816646576,
                    0.06227622181177139,
                    0.25104349851608276
                ],
                [
                    0.09264872968196869,
                    0.7372071743011475,
                    -0.6692845225334167,
                    -2.697972536087036
                ],
                [
                    -3.725290298461914e-09,
                    0.6721757650375366,
                    0.7403915524482727,
                    2.984614133834839
                ],
                [
                    0.0,
                    0.0,
                    0.0,
                    1.0
                ]
            ]
        },
        {
            "file_path": "/data/shapenet_blender/all_50_random/02958343/fed8994632223d52afe1d4530f4c6e24/r_19",
            "rotation": 0.12566370614359174,
            "transform_matrix": [
                [
                    0.42305058240890503,
                    0.15185615420341492,
                    0.8932904601097107,
                    3.600969076156616
                ],
                [
                    0.9061059951782227,
                    -0.07089991122484207,
                    -0.41706714034080505,
                    -1.6812514066696167
                ],
                [
                    0.0,
                    0.9858564138412476,
                    -0.16759203374385834,
                    -0.6755850911140442
                ],
                [
                    0.0,
                    0.0,
                    0.0,
                    1.0
                ]
            ]
        },
        {
            "file_path": "/data/shapenet_blender/all_50_random/02958343/fed8994632223d52afe1d4530f4c6e24/r_20",
            "rotation": 0.12566370614359174,
            "transform_matrix": [
                [
                    0.9980812072753906,
                    0.05552399158477783,
                    0.027407294139266014,
                    0.11048233509063721
                ],
                [
                    0.06191989779472351,
                    -0.8949861526489258,
                    -0.44177567958831787,
                    -1.7808547019958496
                ],
                [
                    -1.862645371275562e-09,
                    0.44262492656707764,
                    -0.896706759929657,
                    -3.6147406101226807
                ],
                [
                    0.0,
                    0.0,
                    0.0,
                    1.0
                ]
            ]
        },
        {
            "file_path": "/data/shapenet_blender/all_50_random/02958343/fed8994632223d52afe1d4530f4c6e24/r_21",
            "rotation": 0.12566370614359174,
            "transform_matrix": [
                [
                    -0.9266119599342346,
                    -0.2650676369667053,
                    -0.26670125126838684,
                    -1.0751070976257324
                ],
                [
                    -0.3760192394256592,
                    0.6531975865364075,
                    0.6572232842445374,
                    2.6493518352508545
                ],
                [
                    -1.4901162970204496e-08,
                    0.7092757225036621,
                    -0.7049311399459839,
                    -2.8416683673858643
                ],
                [
                    0.0,
                    0.0,
                    0.0,
                    1.0
                ]
            ]
        },
        {
            "file_path": "/data/shapenet_blender/all_50_random/02958343/fed8994632223d52afe1d4530f4c6e24/r_22",
            "rotation": 0.12566370614359174,
            "transform_matrix": [
                [
                    -0.9334503412246704,
                    -0.18150892853736877,
                    0.30939462780952454,
                    1.2472097873687744
                ],
                [
                    0.3587068021297455,
                    -0.47233444452285767,
                    0.805126965045929,
                    3.2455708980560303
                ],
                [
                    0.0,
                    0.8625279664993286,
                    0.5060092210769653,
                    2.0397887229919434
                ],
                [
                    0.0,
                    0.0,
                    0.0,
                    1.0
                ]
            ]
        },
        {
            "file_path": "/data/shapenet_blender/all_50_random/02958343/fed8994632223d52afe1d4530f4c6e24/r_23",
            "rotation": 0.12566370614359174,
            "transform_matrix": [
                [
                    -0.9353751540184021,
                    0.08409424871206284,
                    0.343513548374176,
                    1.3847473859786987
                ],
                [
                    0.35365715622901917,
                    0.22241784632205963,
                    0.9085465669631958,
                    3.662468433380127
                ],
                [
                    0.0,
                    0.9713178873062134,
                    -0.23778462409973145,
                    -0.9585404992103577
                ],
                [
                    0.0,
                    0.0,
                    0.0,
                    1.0
                ]
            ]
        },
        {
            "file_path": "/data/shapenet_blender/all_50_random/02958343/fed8994632223d52afe1d4530f4c6e24/r_24",
            "rotation": 0.12566370614359174,
            "transform_matrix": [
                [
                    0.9671010375022888,
                    -0.018729792907834053,
                    0.2537022829055786,
                    1.0227066278457642
                ],
                [
                    0.25439268350601196,
                    0.07120329141616821,
                    -0.9644762277603149,
                    -3.887928009033203
                ],
                [
                    1.862645149230957e-09,
                    0.9972858428955078,
                    0.07362551242113113,
                    0.29679393768310547
                ],
                [
                    0.0,
                    0.0,
                    0.0,
                    1.0
                ]
            ]
        },
        {
            "file_path": "/data/shapenet_blender/all_50_random/02958343/fed8994632223d52afe1d4530f4c6e24/r_25",
            "rotation": 0.12566370614359174,
            "transform_matrix": [
                [
                    -0.104326993227005,
                    -0.03418971598148346,
                    0.9939551949501038,
                    4.00676155090332
                ],
                [
                    0.9945431351661682,
                    -0.00358648132532835,
                    0.10426531732082367,
                    0.4203069508075714
                ],
                [
                    2.3283067140944524e-10,
                    0.9994089007377625,
                    0.034377310425043106,
                    0.1385793685913086
                ],
                [
                    0.0,
                    0.0,
                    0.0,
                    1.0
                ]
            ]
        },
        {
            "file_path": "/data/shapenet_blender/all_50_random/02958343/fed8994632223d52afe1d4530f4c6e24/r_26",
            "rotation": 0.12566370614359174,
            "transform_matrix": [
                [
                    0.35061338543891907,
                    -0.7511355876922607,
                    -0.5593436360359192,
                    -2.254786491394043
                ],
                [
                    -0.9365203380584717,
                    -0.281209260225296,
                    -0.20940642058849335,
                    -0.844144344329834
                ],
                [
                    -1.4901162970204496e-08,
                    0.5972573757171631,
                    -0.8020495176315308,
                    -3.2331652641296387
                ],
                [
                    0.0,
                    0.0,
                    0.0,
                    1.0
                ]
            ]
        },
        {
            "file_path": "/data/shapenet_blender/all_50_random/02958343/fed8994632223d52afe1d4530f4c6e24/r_27",
            "rotation": 0.12566370614359174,
            "transform_matrix": [
                [
                    -0.3189244270324707,
                    -0.6607431173324585,
                    -0.6794891357421875,
                    -2.7391085624694824
                ],
                [
                    -0.9477800726890564,
                    0.22233758866786957,
                    0.22864556312561035,
                    0.9216998219490051
                ],
                [
                    0.0,
                    0.7169270515441895,
                    -0.6971480846405029,
                    -2.8102941513061523
                ],
                [
                    0.0,
                    0.0,
                    0.0,
                    1.0
                ]
            ]
        },
        {
            "file_path": "/data/shapenet_blender/all_50_random/02958343/fed8994632223d52afe1d4530f4c6e24/r_28",
            "rotation": 0.12566370614359174,
            "transform_matrix": [
                [
                    0.11406092345714569,
                    -0.5451661944389343,
                    0.8305322527885437,
                    3.34798264503479
                ],
                [
                    0.9934737682342529,
                    0.06259064376354218,
                    -0.09535357356071472,
                    -0.38438254594802856
                ],
                [
                    -3.725290298461914e-09,
                    0.8359880447387695,
                    0.5487474799156189,
                    2.2120718955993652
                ],
                [
                    0.0,
                    0.0,
                    0.0,
                    1.0
                ]
            ]
        },
        {
            "file_path": "/data/shapenet_blender/all_50_random/02958343/fed8994632223d52afe1d4530f4c6e24/r_29",
            "rotation": 0.12566370614359174,
            "transform_matrix": [
                [
                    0.07817527651786804,
                    0.7645355463027954,
                    -0.639823317527771,
                    -2.5792105197906494
                ],
                [
                    -0.9969395995140076,
                    0.05995125323534012,
                    -0.05017191171646118,
                    -0.2022494673728943
                ],
                [
                    0.0,
                    0.6417874693870544,
                    0.7668824791908264,
                    3.091402292251587
                ],
                [
                    0.0,
                    0.0,
                    0.0,
                    1.0
                ]
            ]
        },
        {
            "file_path": "/data/shapenet_blender/all_50_random/02958343/fed8994632223d52afe1d4530f4c6e24/r_30",
            "rotation": 0.12566370614359174,
            "transform_matrix": [
                [
                    -0.031295109540224075,
                    -0.7263212203979492,
                    -0.6866425275802612,
                    -2.767944574356079
                ],
                [
                    -0.9995102286338806,
                    0.022741440683603287,
                    0.021499082446098328,
                    0.0866655707359314
                ],
                [
                    9.31322685637781e-10,
                    0.6869788765907288,
                    -0.7266772389411926,
                    -2.9293296337127686
                ],
                [
                    0.0,
                    0.0,
                    0.0,
                    1.0
                ]
            ]
        },
        {
            "file_path": "/data/shapenet_blender/all_50_random/02958343/fed8994632223d52afe1d4530f4c6e24/r_31",
            "rotation": 0.12566370614359174,
            "transform_matrix": [
                [
                    0.8980520963668823,
                    -0.24091726541519165,
                    -0.36805057525634766,
                    -1.483659267425537
                ],
                [
                    -0.4398890733718872,
                    -0.4918428361415863,
                    -0.7513908743858337,
                    -3.0289535522460938
                ],
                [
                    0.0,
                    0.8366895914077759,
                    -0.5476773381233215,
                    -2.2077579498291016
                ],
                [
                    0.0,
                    0.0,
                    0.0,
                    1.0
                ]
            ]
        },
        {
            "file_path": "/data/shapenet_blender/all_50_random/02958343/fed8994632223d52afe1d4530f4c6e24/r_32",
            "rotation": 0.12566370614359174,
            "transform_matrix": [
                [
                    0.8887996077537537,
                    0.24766910076141357,
                    -0.38561031222343445,
                    -1.5544449090957642
                ],
                [
                    -0.45829614996910095,
                    0.48031866550445557,
                    -0.7478358745574951,
                    -3.014622926712036
                ],
                [
                    0.0,
                    0.8413999080657959,
                    0.5404128432273865,
                    2.178473949432373
                ],
                [
                    0.0,
                    0.0,
                    0.0,
                    1.0
                ]
            ]
        },
        {
            "file_path": "/data/shapenet_blender/all_50_random/02958343/fed8994632223d52afe1d4530f4c6e24/r_33",
            "rotation": 0.12566370614359174,
            "transform_matrix": [
                [
                    -0.4528917670249939,
                    0.5234602093696594,
                    0.7217190265655518,
                    2.9093427658081055
                ],
                [
                    0.8915655016899109,
                    0.2659039795398712,
                    0.3666142225265503,
                    1.4778692722320557
                ],
                [
                    0.0,
                    0.8094963431358337,
                    -0.587124764919281,
                    -2.3667757511138916
                ],
                [
                    0.0,
                    0.0,
                    0.0,
                    1.0
                ]
            ]
        },
        {
            "file_path": "/data/shapenet_blender/all_50_random/02958343/fed8994632223d52afe1d4530f4c6e24/r_34",
            "rotation": 0.12566370614359174,
            "transform_matrix": [
                [
                    -0.2175634205341339,
                    -0.675395667552948,
                    -0.7046322822570801,
                    -2.840463876724243
                ],
                [
                    -0.9760462045669556,
                    0.150547593832016,
                    0.1570645123720169,
                    0.6331473588943481
                ],
                [
                    0.0,
                    0.7219252586364746,
                    -0.6919710040092468,
                    -2.7894246578216553
                ],
                [
                    0.0,
                    0.0,
                    0.0,
                    1.0
                ]
            ]
        },
        {
            "file_path": "/data/shapenet_blender/all_50_random/02958343/fed8994632223d52afe1d4530f4c6e24/r_35",
            "rotation": 0.12566370614359174,
            "transform_matrix": [
                [
                    0.5070469975471497,
                    0.5011545419692993,
                    0.7012470364570618,
                    2.826817274093628
                ],
                [
                    0.8619182705879211,
                    -0.29481786489486694,
                    -0.41252779960632324,
                    -1.6629527807235718
                ],
                [
                    -2.9802317058624794e-08,
                    0.8135887384414673,
                    -0.581440806388855,
                    -2.343862771987915
                ],
                [
                    0.0,
                    0.0,
                    0.0,
                    1.0
                ]
            ]
        },
        {
            "file_path": "/data/shapenet_blender/all_50_random/02958343/fed8994632223d52afe1d4530f4c6e24/r_36",
            "rotation": 0.12566370614359174,
            "transform_matrix": [
                [
                    -0.422153115272522,
                    0.029302870854735374,
                    0.9060507416725159,
                    3.652407646179199
                ],
                [
                    0.9065245389938354,
                    0.013645850121974945,
                    0.4219324588775635,
                    1.700864315032959
                ],
                [
                    0.0,
                    0.9994774460792542,
                    -0.032324403524398804,
                    -0.13030385971069336
                ],
                [
                    0.0,
                    0.0,
                    0.0,
                    1.0
                ]
            ]
        },
        {
            "file_path": "/data/shapenet_blender/all_50_random/02958343/fed8994632223d52afe1d4530f4c6e24/r_37",
            "rotation": 0.12566370614359174,
            "transform_matrix": [
                [
                    0.8000990748405457,
                    0.20459574460983276,
                    0.5638989806175232,
                    2.2731494903564453
                ],
                [
                    0.5998679399490356,
                    -0.2728881537914276,
                    -0.752124011516571,
                    -3.0319087505340576
                ],
                [
                    -1.4901161193847656e-08,
                    0.9400386214256287,
                    -0.34106799960136414,
                    -1.3748891353607178
                ],
                [
                    0.0,
                    0.0,
                    0.0,
                    1.0
                ]
            ]
        },
        {
            "file_path": "/data/shapenet_blender/all_50_random/02958343/fed8994632223d52afe1d4530f4c6e24/r_38",
            "rotation": 0.12566370614359174,
            "transform_matrix": [
                [
                    0.249881774187088,
                    -0.2545008957386017,
                    0.9342314600944519,
                    3.766007423400879
                ],
                [
                    0.9682763814926147,
                    0.06567869335412979,
                    -0.24109584093093872,
                    -0.9718884229660034
                ],
                [
                    7.450580596923828e-09,
                    0.9648396372795105,
                    0.262839138507843,
                    1.05953848361969
                ],
                [
                    0.0,
                    0.0,
                    0.0,
                    1.0
                ]
            ]
        },
        {
            "file_path": "/data/shapenet_blender/all_50_random/02958343/fed8994632223d52afe1d4530f4c6e24/r_39",
            "rotation": 0.12566370614359174,
            "transform_matrix": [
                [
                    -0.869067370891571,
                    0.09780960530042648,
                    0.48492804169654846,
                    1.9548075199127197
                ],
                [
                    0.494693785905838,
                    0.17182980477809906,
                    0.8519111275672913,
                    3.4341635704040527
                ],
                [
                    0.0,
                    0.9802590608596802,
                    -0.19771747291088104,
                    -0.7970246076583862
                ],
                [
                    0.0,
                    0.0,
                    0.0,
                    1.0
                ]
            ]
        },
        {
            "file_path": "/data/shapenet_blender/all_50_random/02958343/fed8994632223d52afe1d4530f4c6e24/r_40",
            "rotation": 0.12566370614359174,
            "transform_matrix": [
                [
                    0.7854994535446167,
                    -0.017632950097322464,
                    -0.6186111569404602,
                    -2.493701219558716
                ],
                [
                    -0.6188623905181885,
                    -0.02238086238503456,
                    -0.7851805686950684,
                    -3.165163993835449
                ],
                [
                    -1.862645149230957e-09,
                    0.99959397315979,
                    -0.028492527082562447,
                    -0.11485704779624939
                ],
                [
                    0.0,
                    0.0,
                    0.0,
                    1.0
                ]
            ]
        },
        {
            "file_path": "/data/shapenet_blender/all_50_random/02958343/fed8994632223d52afe1d4530f4c6e24/r_41",
            "rotation": 0.12566370614359174,
            "transform_matrix": [
                [
                    -0.388217955827713,
                    -0.2223087102174759,
                    -0.8943520188331604,
                    -3.60524845123291
                ],
                [
                    -0.9215674996376038,
                    0.09364937990903854,
                    0.37675318121910095,
                    1.5187407732009888
                ],
                [
                    -7.450580152834618e-09,
