{
    "class": "02958343",
    "model": "bbc2f2ffeec425a38eac574d099cd5d2",
    "remove_doubles": true,
    "edge_split": true,
    "denoise": true,
    "camera_angle_x": 0.6911112070083618,
    "scale_factor": 2.2317667291722687,
    "hdri_file": "/data/IndoorHDRDataset2018/9C4A7475-fc16256c1a.exr",
    "center_offset": [
        0.0,
        0.0,
        2.7939677238464355e-09
    ],
    "lights": [],
    "frames": [
        {
            "file_path": "/data/shapenet_blender/all_50_random/02958343/bbc2f2ffeec425a38eac574d099cd5d2/r_0",
            "rotation": 0.12566370614359174,
            "transform_matrix": [
                [
                    0.6892417073249817,
                    0.06634455919265747,
                    0.7214875817298889,
                    2.9084091186523438
                ],
                [
                    0.7245314717292786,
                    -0.06311310827732086,
                    -0.6863460540771484,
                    -2.766749143600464
                ],
                [
                    0.0,
                    0.9957987070083618,
                    -0.09156891703605652,
                    -0.3691260814666748
                ],
                [
                    0.0,
                    0.0,
                    0.0,
                    1.0
                ]
            ]
        },
        {
            "file_path": "/data/shapenet_blender/all_50_random/02958343/bbc2f2ffeec425a38eac574d099cd5d2/r_1",
            "rotation": 0.12566370614359174,
            "transform_matrix": [
                [
                    -0.8577548265457153,
                    0.2701856195926666,
                    -0.43732884526252747,
                    -1.7629289627075195
                ],
                [
                    -0.5140591859817505,
                    -0.4508294463157654,
                    0.7297232151031494,
                    2.941608428955078
                ],
                [
                    0.0,
                    0.8507364988327026,
                    0.5255924463272095,
                    2.1187310218811035
                ],
                [
                    0.0,
                    0.0,
                    0.0,
                    1.0
                ]
            ]
        },
        {
            "file_path": "/data/shapenet_blender/all_50_random/02958343/bbc2f2ffeec425a38eac574d099cd5d2/r_2",
            "rotation": 0.12566370614359174,
            "transform_matrix": [
                [
                    -0.7085204124450684,
                    -0.07544995844364166,
                    0.7016452550888062,
                    2.8284225463867188
                ],
                [
                    0.7056902647018433,
                    -0.07575254887342453,
                    0.7044591903686523,
                    2.839765787124634
                ],
                [
                    0.0,
                    0.9942679405212402,
                    0.10691653192043304,
                    0.43099433183670044
                ],
                [
                    0.0,
                    0.0,
                    0.0,
                    1.0
                ]
            ]
        },
        {
            "file_path": "/data/shapenet_blender/all_50_random/02958343/bbc2f2ffeec425a38eac574d099cd5d2/r_3",
            "rotation": 0.12566370614359174,
            "transform_matrix": [
                [
                    -0.09020305424928665,
                    0.5376045107841492,
                    0.8383583426475525,
                    3.379530906677246
                ],
                [
                    0.9959233403205872,
                    0.048692069947719574,
                    0.07593203336000443,
                    0.306091845035553
                ],
                [
                    0.0,
                    0.8417900800704956,
                    -0.5398049354553223,
                    -2.176023483276367
                ],
                [
                    0.0,
                    0.0,
                    0.0,
                    1.0
                ]
            ]
        },
        {
            "file_path": "/data/shapenet_blender/all_50_random/02958343/bbc2f2ffeec425a38eac574d099cd5d2/r_4",
            "rotation": 0.12566370614359174,
            "transform_matrix": [
                [
                    -0.9852780103683472,
                    -0.10022632777690887,
                    -0.13849960267543793,
                    -0.5583097338676453
                ],
                [
                    -0.1709604114294052,
                    0.577623724937439,
                    0.7982000708580017,
                    3.2176473140716553
                ],
                [
                    -7.450581485102248e-09,
                    0.810126781463623,
                    -0.5862546563148499,
                    -2.3632681369781494
                ],
                [
                    0.0,
                    0.0,
                    0.0,
                    1.0
                ]
            ]
        },
        {
            "file_path": "/data/shapenet_blender/all_50_random/02958343/bbc2f2ffeec425a38eac574d099cd5d2/r_5",
            "rotation": 0.12566370614359174,
            "transform_matrix": [
                [
                    -0.2450617402791977,
                    0.5438578724861145,
                    0.8025978803634644,
                    3.2353756427764893
                ],
                [
                    0.9695075750350952,
                    0.1374705582857132,
                    0.20287208259105682,
                    0.8178035020828247
                ],
                [
                    0.0,
                    0.8278409242630005,
                    -0.560962975025177,
                    -2.2613141536712646
                ],
                [
                    0.0,
                    0.0,
                    0.0,
                    1.0
                ]
            ]
        },
        {
            "file_path": "/data/shapenet_blender/all_50_random/02958343/bbc2f2ffeec425a38eac574d099cd5d2/r_6",
            "rotation": 0.12566370614359174,
            "transform_matrix": [
                [
                    -0.4893627464771271,
                    -0.10837451368570328,
                    -0.8653202056884766,
                    -3.488217353820801
                ],
                [
                    -0.8720803260803223,
                    0.060813721269369125,
                    0.4855693578720093,
                    1.957392692565918
                ],
                [
                    0.0,
                    0.9922482967376709,
                    -0.12427125126123428,
                    -0.5009534358978271
                ],
                [
                    0.0,
                    0.0,
                    0.0,
                    1.0
                ]
            ]
        },
        {
            "file_path": "/data/shapenet_blender/all_50_random/02958343/bbc2f2ffeec425a38eac574d099cd5d2/r_7",
            "rotation": 0.12566370614359174,
            "transform_matrix": [
                [
                    -0.9889973998069763,
                    -0.06813591718673706,
                    0.13130703568458557,
                    0.5293155908584595
                ],
                [
                    0.14793254435062408,
                    -0.4555200934410095,
                    0.8778481483459473,
                    3.5387191772460938
                ],
                [
                    3.725290076417309e-09,
                    0.8876142501831055,
                    0.46058765053749084,
                    1.8566882610321045
                ],
                [
                    0.0,
                    0.0,
                    0.0,
                    1.0
                ]
            ]
        },
        {
            "file_path": "/data/shapenet_blender/all_50_random/02958343/bbc2f2ffeec425a38eac574d099cd5d2/r_8",
            "rotation": 0.12566370614359174,
            "transform_matrix": [
                [
                    -0.907943606376648,
                    -0.010314498096704483,
                    0.4189653992652893,
                    1.6889036893844604
                ],
                [
                    0.4190923869609833,
                    -0.02234586514532566,
                    0.9076684713363647,
                    3.658928871154785
                ],
                [
                    0.0,
                    0.9996971487998962,
                    0.02461150847375393,
                    0.0992121696472168
                ],
                [
                    0.0,
                    0.0,
                    0.0,
                    1.0
                ]
            ]
        },
        {
            "file_path": "/data/shapenet_blender/all_50_random/02958343/bbc2f2ffeec425a38eac574d099cd5d2/r_9",
            "rotation": 0.12566370614359174,
            "transform_matrix": [
                [
                    0.5686569809913635,
                    -0.005544780287891626,
                    0.8225560188293457,
                    3.3158295154571533
                ],
                [
                    0.82257479429245,
                    0.0038331812247633934,
                    -0.5686439871788025,
                    -2.2922775745391846
                ],
                [
                    -2.3283064365386963e-10,
                    0.9999773502349854,
                    0.006740760989487171,
                    0.02717287838459015
                ],
                [
                    0.0,
                    0.0,
                    0.0,
                    1.0
                ]
            ]
        },
        {
            "file_path": "/data/shapenet_blender/all_50_random/02958343/bbc2f2ffeec425a38eac574d099cd5d2/r_10",
            "rotation": 0.12566370614359174,
            "transform_matrix": [
                [
                    -0.24718880653381348,
                    -0.20714408159255981,
                    -0.9465669393539429,
                    -3.8157334327697754
                ],
                [
                    -0.9689673781394958,
                    0.052843570709228516,
                    0.24147433042526245,
                    0.9734141826629639
                ],
                [
                    -3.725290742551124e-09,
                    0.9768820405006409,
                    -0.21377819776535034,
                    -0.8617674708366394
                ],
                [
                    0.0,
                    0.0,
                    0.0,
                    1.0
                ]
            ]
        },
        {
            "file_path": "/data/shapenet_blender/all_50_random/02958343/bbc2f2ffeec425a38eac574d099cd5d2/r_11",
            "rotation": 0.12566370614359174,
            "transform_matrix": [
                [
                    0.899860680103302,
                    -0.08908570557832718,
                    -0.4269830584526062,
                    -1.7212235927581787
                ],
                [
                    -0.43617746233940125,
                    -0.18378925323486328,
                    -0.8808920979499817,
                    -3.5509891510009766
                ],
                [
                    0.0,
                    0.9789205193519592,
                    -0.20424190163612366,
                    -0.8233253359794617
                ],
                [
                    0.0,
                    0.0,
                    0.0,
                    1.0
                ]
            ]
        },
        {
            "file_path": "/data/shapenet_blender/all_50_random/02958343/bbc2f2ffeec425a38eac574d099cd5d2/r_12",
            "rotation": 0.12566370614359174,
            "transform_matrix": [
                [
                    0.7991829514503479,
                    0.45095521211624146,
                    -0.3974240720272064,
                    -1.6020677089691162
                ],
                [
                    -0.601087749004364,
                    0.5995725393295288,
                    -0.528399646282196,
                    -2.130047082901001
                ],
                [
                    0.0,
                    0.6611747145652771,
                    0.750231921672821,
                    3.0242815017700195
                ],
                [
                    0.0,
                    0.0,
                    0.0,
                    1.0
                ]
            ]
        },
        {
            "file_path": "/data/shapenet_blender/all_50_random/02958343/bbc2f2ffeec425a38eac574d099cd5d2/r_13",
            "rotation": 0.12566370614359174,
            "transform_matrix": [
                [
                    -0.5939033627510071,
                    -0.018238596618175507,
                    -0.8043295741081238,
                    -3.242356300354004
                ],
                [
                    -0.8045363426208496,
                    0.013463609851896763,
                    0.5937507152557373,
                    2.3934857845306396
                ],
                [
                    0.0,
                    0.9997431039810181,
                    -0.02266969531774521,
                    -0.09138446301221848
                ],
                [
                    0.0,
                    0.0,
                    0.0,
                    1.0
                ]
            ]
        },
        {
            "file_path": "/data/shapenet_blender/all_50_random/02958343/bbc2f2ffeec425a38eac574d099cd5d2/r_14",
            "rotation": 0.12566370614359174,
            "transform_matrix": [
                [
                    -0.5466405749320984,
                    -0.3887527585029602,
                    0.7416571974754333,
                    2.989715814590454
                ],
                [
                    0.8373674750328064,
                    -0.25378111004829407,
                    0.4841601252555847,
                    1.951711893081665
                ],
                [
                    1.4901162970204496e-08,
                    0.8857010006904602,
                    0.4642559289932251,
                    1.8714754581451416
                ],
                [
                    0.0,
                    0.0,
                    0.0,
                    1.0
                ]
            ]
        },
        {
            "file_path": "/data/shapenet_blender/all_50_random/02958343/bbc2f2ffeec425a38eac574d099cd5d2/r_15",
            "rotation": 0.12566370614359174,
            "transform_matrix": [
                [
                    -0.8604221343994141,
                    -0.33854588866233826,
                    0.3808680772781372,
                    1.5353283882141113
                ],
                [
                    0.5095820426940918,
                    -0.5716300010681152,
                    0.6430904269218445,
                    2.5923805236816406
                ],
                [
                    0.0,
                    0.7474127411842346,
                    0.6643599271774292,
                    2.6781206130981445
                ],
                [
                    0.0,
                    0.0,
                    0.0,
                    1.0
                ]
            ]
        },
        {
            "file_path": "/data/shapenet_blender/all_50_random/02958343/bbc2f2ffeec425a38eac574d099cd5d2/r_16",
            "rotation": 0.12566370614359174,
            "transform_matrix": [
                [
                    0.4975648820400238,
                    -0.8127840161323547,
                    0.3030039072036743,
                    1.2214478254318237
                ],
                [
                    0.8674266934394836,
                    0.46622127294540405,
                    -0.17380617558956146,
                    -0.7006350755691528
                ],
                [
                    1.4901160305669237e-08,
                    0.34931349754333496,
                    0.937005877494812,
                    3.777191400527954
                ],
                [
                    0.0,
                    0.0,
                    0.0,
                    1.0
                ]
            ]
        },
        {
            "file_path": "/data/shapenet_blender/all_50_random/02958343/bbc2f2ffeec425a38eac574d099cd5d2/r_17",
            "rotation": 0.12566370614359174,
            "transform_matrix": [
                [
                    0.6770528554916382,
                    0.12736092507839203,
                    -0.7248300909996033,
                    -2.9218835830688477
                ],
                [
                    -0.7359344363212585,
                    0.11717084795236588,
                    -0.6668369174003601,
                    -2.688105583190918
                ],
                [
                    -7.450580596923828e-09,
                    0.984911322593689,
                    0.1730601191520691,
                    0.6976276636123657
                ],
                [
                    0.0,
                    0.0,
                    0.0,
                    1.0
                ]
            ]
        },
        {
            "file_path": "/data/shapenet_blender/all_50_random/02958343/bbc2f2ffeec425a38eac574d099cd5d2/r_18",
            "rotation": 0.12566370614359174,
            "transform_matrix": [
                [
                    0.5737291574478149,
                    0.015437641181051731,
                    0.8188996315002441,
                    3.3010900020599365
                ],
                [
                    0.8190451264381409,
                    -0.01081384252756834,
                    -0.573627233505249,
                    -2.3123652935028076
                ],
                [
                    0.0,
                    0.9998223185539246,
                    -0.018848342821002007,
                    -0.07598009705543518
                ],
                [
                    0.0,
                    0.0,
                    0.0,
                    1.0
                ]
            ]
        },
        {
            "file_path": "/data/shapenet_blender/all_50_random/02958343/bbc2f2ffeec425a38eac574d099cd5d2/r_19",
            "rotation": 0.12566370614359174,
            "transform_matrix": [
                [
                    -0.9144890308380127,
                    -0.03168122097849846,
                    -0.40336838364601135,
                    -1.6260299682617188
                ],
                [
                    -0.40461063385009766,
                    0.07160496711730957,
                    0.9116813540458679,
                    3.675105094909668
                ],
                [
                    1.862645149230957e-09,
                    0.9969297647476196,
                    -0.07830051332712173,
                    -0.315639466047287
                ],
                [
                    0.0,
                    0.0,
                    0.0,
                    1.0
                ]
            ]
        },
        {
            "file_path": "/data/shapenet_blender/all_50_random/02958343/bbc2f2ffeec425a38eac574d099cd5d2/r_20",
            "rotation": 0.12566370614359174,
            "transform_matrix": [
                [
                    0.6684194803237915,
                    -0.38163551688194275,
                    0.6384118795394897,
                    2.5735206604003906
                ],
                [
                    0.7437845468521118,
                    0.3429657518863678,
                    -0.5737239122390747,
                    -2.3127551078796387
                ],
                [
                    0.0,
                    0.8583290576934814,
                    0.5130996108055115,
                    2.0683705806732178
                ],
                [
                    0.0,
                    0.0,
                    0.0,
                    1.0
                ]
            ]
        },
        {
            "file_path": "/data/shapenet_blender/all_50_random/02958343/bbc2f2ffeec425a38eac574d099cd5d2/r_21",
            "rotation": 0.12566370614359174,
            "transform_matrix": [
                [
                    -0.9561463594436646,
                    -0.0399044007062912,
                    -0.2901582717895508,
                    -1.1696654558181763
                ],
                [
                    -0.29288938641548157,
                    0.1302691400051117,
                    0.9472305774688721,
                    3.818408489227295
                ],
                [
                    0.0,
                    0.9906752705574036,
                    -0.13624393939971924,
                    -0.5492168664932251
                ],
                [
                    0.0,
                    0.0,
                    0.0,
                    1.0
                ]
            ]
        },
        {
            "file_path": "/data/shapenet_blender/all_50_random/02958343/bbc2f2ffeec425a38eac574d099cd5d2/r_22",
            "rotation": 0.12566370614359174,
            "transform_matrix": [
                [
                    0.8717818260192871,
                    -0.38540253043174744,
                    0.30242595076560974,
                    1.2191181182861328
                ],
                [
                    0.4898945391178131,
                    0.6858352422714233,
                    -0.5381758809089661,
                    -2.169456720352173
                ],
                [
                    -1.4901162970204496e-08,
                    0.6173287034034729,
                    0.7867051362991333,
                    3.1713101863861084
                ],
                [
                    0.0,
                    0.0,
                    0.0,
                    1.0
                ]
            ]
        },
        {
            "file_path": "/data/shapenet_blender/all_50_random/02958343/bbc2f2ffeec425a38eac574d099cd5d2/r_23",
            "rotation": 0.12566370614359174,
            "transform_matrix": [
                [
                    0.13980527222156525,
                    -0.47201576828956604,
                    -0.870434045791626,
                    -3.5088322162628174
                ],
                [
                    -0.9901790618896484,
                    -0.0666448101401329,
                    -0.12289825081825256,
                    -0.4954187273979187
                ],
                [
                    0.0,
                    0.8790674805641174,
                    -0.4766973853111267,
                    -1.921628713607788
                ],
                [
                    0.0,
                    0.0,
                    0.0,
                    1.0
                ]
            ]
        },
        {
            "file_path": "/data/shapenet_blender/all_50_random/02958343/bbc2f2ffeec425a38eac574d099cd5d2/r_24",
            "rotation": 0.12566370614359174,
            "transform_matrix": [
                [
                    0.7968840003013611,
                    -0.007050906773656607,
                    -0.6040911674499512,
                    -2.4351694583892822
                ],
                [
                    -0.604132354259491,
                    -0.009300537407398224,
                    -0.7968297600746155,
                    -3.212123394012451
                ],
                [
                    0.0,
                    0.9999319911003113,
                    -0.011671128682792187,
                    -0.047047823667526245
                ],
                [
                    0.0,
                    0.0,
                    0.0,
                    1.0
                ]
            ]
        },
        {
            "file_path": "/data/shapenet_blender/all_50_random/02958343/bbc2f2ffeec425a38eac574d099cd5d2/r_25",
            "rotation": 0.12566370614359174,
            "transform_matrix": [
                [
                    -0.697915256023407,
                    0.508929431438446,
                    -0.5038897395133972,
                    -2.0312447547912598
                ],
                [
                    -0.7161802053451538,
                    -0.4959501028060913,
                    0.4910389482975006,
                    1.9794414043426514
                ],
                [
                    0.0,
                    0.7035795450210571,
                    0.710616409778595,
                    2.864586591720581
                ],
                [
                    0.0,
                    0.0,
                    0.0,
                    1.0
                ]
            ]
        },
        {
            "file_path": "/data/shapenet_blender/all_50_random/02958343/bbc2f2ffeec425a38eac574d099cd5d2/r_26",
            "rotation": 0.12566370614359174,
            "transform_matrix": [
                [
                    -0.9607580304145813,
                    -0.2490403652191162,
                    -0.12215869128704071,
                    -0.49243736267089844
                ],
                [
                    -0.27738749980926514,
                    0.8625749349594116,
                    0.4231082499027252,
                    1.7056037187576294
                ],
                [
                    -7.4505792646561986e-09,
                    0.4403899908065796,
                    -0.8978066444396973,
                    -3.619174003601074
                ],
                [
                    0.0,
                    0.0,
                    0.0,
                    1.0
                ]
            ]
        },
        {
            "file_path": "/data/shapenet_blender/all_50_random/02958343/bbc2f2ffeec425a38eac574d099cd5d2/r_27",
            "rotation": 0.12566370614359174,
            "transform_matrix": [
                [
                    0.9758241772651672,
                    0.197453111410141,
                    -0.0936976820230484,
                    -0.37770745158195496
                ],
                [
                    -0.21855659782886505,
                    0.8816000819206238,
                    -0.4183468520641327,
                    -1.6864100694656372
                ],
                [
                    -7.4505792646561986e-09,
                    0.42871132493019104,
                    0.9034416079521179,
                    3.6418895721435547
                ],
                [
                    0.0,
                    0.0,
                    0.0,
                    1.0
                ]
            ]
        },
        {
            "file_path": "/data/shapenet_blender/all_50_random/02958343/bbc2f2ffeec425a38eac574d099cd5d2/r_28",
            "rotation": 0.12566370614359174,
            "transform_matrix": [
                [
                    0.6266040205955505,
                    0.11721795797348022,
                    0.7704721093177795,
                    3.105872631072998
                ],
                [
                    0.7793375849723816,
                    -0.09424571692943573,
                    -0.6194758415222168,
                    -2.4971871376037598
                ],
                [
                    0.0,
                    0.9886242151260376,
                    -0.1504071056842804,
                    -0.6063104867935181
                ],
                [
                    0.0,
                    0.0,
                    0.0,
                    1.0
                ]
            ]
        },
        {
            "file_path": "/data/shapenet_blender/all_50_random/02958343/bbc2f2ffeec425a38eac574d099cd5d2/r_29",
            "rotation": 0.12566370614359174,
            "transform_matrix": [
                [
                    0.1483479142189026,
                    0.4689030647277832,
                    0.8707023859024048,
                    3.509913921356201
                ],
                [
                    0.9889352321624756,
                    -0.07033907622098923,
                    -0.1306120753288269,
                    -0.5265141725540161
                ],
                [
                    -3.725290298461914e-09,
                    0.8804444670677185,
                    -0.47414931654930115,
                    -1.9113571643829346
                ],
                [
                    0.0,
                    0.0,
                    0.0,
                    1.0
                ]
            ]
        },
        {
            "file_path": "/data/shapenet_blender/all_50_random/02958343/bbc2f2ffeec425a38eac574d099cd5d2/r_30",
            "rotation": 0.12566370614359174,
            "transform_matrix": [
                [
                    0.11016477644443512,
                    -0.14730887115001678,
                    -0.9829362630844116,
                    -3.9623429775238037
                ],
                [
                    -0.9939132332801819,
                    -0.0163276344537735,
                    -0.10894810408353806,
                    -0.43918389081954956
                ],
                [
                    -1.8626448161640496e-09,
                    0.9889557361602783,
                    -0.14821097254753113,
                    -0.5974575877189636
                ],
                [
                    0.0,
                    0.0,
                    0.0,
                    1.0
                ]
            ]
        },
        {
            "file_path": "/data/shapenet_blender/all_50_random/02958343/bbc2f2ffeec425a38eac574d099cd5d2/r_31",
            "rotation": 0.12566370614359174,
            "transform_matrix": [
                [
                    0.9918191432952881,
                    0.04894470050930977,
                    0.11789540201425552,
                    0.47525155544281006
                ],
                [
                    0.12765151262283325,
                    -0.38028761744499207,
                    -0.9160166382789612,
                    -3.6925811767578125
                ],
                [
                    3.725290298461914e-09,
                    0.923572301864624,
                    -0.3834243416786194,
                    -1.5456329584121704
                ],
                [
                    0.0,
                    0.0,
                    0.0,
                    1.0
                ]
            ]
        },
        {
            "file_path": "/data/shapenet_blender/all_50_random/02958343/bbc2f2ffeec425a38eac574d099cd5d2/r_32",
            "rotation": 0.12566370614359174,
            "transform_matrix": [
                [
                    0.37277358770370483,
                    0.4334353804588318,
                    0.8204715847969055,
                    3.307426691055298
                ],
                [
                    0.9279223084449768,
                    -0.17412368953227997,
                    -0.3296074867248535,
                    -1.3286902904510498
                ],
                [
                    0.0,
                    0.8842028975486755,
                    -0.4671030640602112,
                    -1.8829526901245117
                ],
                [
                    0.0,
                    0.0,
                    0.0,
                    1.0
                ]
            ]
        },
        {
            "file_path": "/data/shapenet_blender/all_50_random/02958343/bbc2f2ffeec425a38eac574d099cd5d2/r_33",
            "rotation": 0.12566370614359174,
            "transform_matrix": [
                [
                    -0.4434928894042969,
                    0.20303814113140106,
                    0.8729773759841919,
                    3.5190844535827637
                ],
                [
                    0.896277904510498,
                    0.10046657919883728,
                    0.4319634437561035,
                    1.741300344467163
                ],
                [
                    0.0,
                    0.9740030169487,
                    -0.22653481364250183,
                    -0.913191020488739
                ],
                [
                    0.0,
                    0.0,
                    0.0,
                    1.0
                ]
            ]
        },
        {
            "file_path": "/data/shapenet_blender/all_50_random/02958343/bbc2f2ffeec425a38eac574d099cd5d2/r_34",
            "rotation": 0.12566370614359174,
            "transform_matrix": [
                [
                    -0.9783297181129456,
                    -0.09244287014007568,
                    0.18527069687843323,
                    0.7468501329421997
                ],
                [
                    0.20705294609069824,
                    -0.43679457902908325,
                    0.8754081130027771,
                    3.528883218765259
                ],
                [
                    0.0,
                    0.8947986960411072,
                    0.4464696943759918,
                    1.7997770309448242
                ],
                [
                    0.0,
                    0.0,
                    0.0,
                    1.0
                ]
            ]
        },
        {
            "file_path": "/data/shapenet_blender/all_50_random/02958343/bbc2f2ffeec425a38eac574d099cd5d2/r_35",
            "rotation": 0.12566370614359174,
            "transform_matrix": [
                [
                    0.6399818658828735,
                    -0.2186029702425003,
                    0.7366381883621216,
                    2.9694836139678955
                ],
                [
                    0.768389880657196,
                    0.18207155168056488,
                    -0.6135362982749939,
                    -2.4732439517974854
                ],
                [
                    0.0,
                    0.9586775898933411,
                    0.2844948172569275,
                    1.1468353271484375
                ],
                [
                    0.0,
                    0.0,
                    0.0,
                    1.0
                ]
            ]
        },
        {
            "file_path": "/data/shapenet_blender/all_50_random/02958343/bbc2f2ffeec425a38eac574d099cd5d2/r_36",
            "rotation": 0.12566370614359174,
            "transform_matrix": [
                [
                    0.9727521538734436,
                    -0.15184970200061798,
                    -0.17519979178905487,
                    -0.706252932548523
                ],
                [
                    -0.2318475842475891,
                    -0.6371087431907654,
                    -0.7350776195526123,
                    -2.9631927013397217
                ],
                [
                    0.0,
                    0.7556678652763367,
                    -0.6549548506736755,
                    -2.640207529067993
                ],
                [
                    0.0,
                    0.0,
                    0.0,
                    1.0
                ]
            ]
        },
        {
            "file_path": "/data/shapenet_blender/all_50_random/02958343/bbc2f2ffeec425a38eac574d099cd5d2/r_37",
            "rotation": 0.12566370614359174,
            "transform_matrix": [
                [
                    0.9985154867172241,
                    0.014032725244760513,
                    -0.052629970014095306,
                    -0.2121581882238388
                ],
                [
                    -0.05446862801909447,
                    0.25724703073501587,
                    -0.9648093581199646,
                    -3.8892710208892822
                ],
                [
                    0.0,
                    0.9662437438964844,
                    0.25762951374053955,
                    1.0385377407073975
                ],
                [
                    0.0,
                    0.0,
                    0.0,
                    1.0
                ]
            ]
        },
        {
            "file_path": "/data/shapenet_blender/all_50_random/02958343/bbc2f2ffeec425a38eac574d099cd5d2/r_38",
            "rotation": 0.12566370614359174,
            "transform_matrix": [
                [
                    -0.9271844029426575,
                    0.08164889365434647,
                    -0.3655988574028015,
                    -1.47377610206604
                ],
                [
                    -0.3746052086353302,
                    -0.20208898186683655,
                    0.9048928022384644,
                    3.6477396488189697
                ],
                [
                    -7.450580596923828e-09,
                    0.9759576916694641,
                    0.21795986592769623,
                    0.8786243200302124
                ],
                [
                    0.0,
                    0.0,
                    0.0,
                    1.0
                ]
            ]
        },
        {
            "file_path": "/data/shapenet_blender/all_50_random/02958343/bbc2f2ffeec425a38eac574d099cd5d2/r_39",
            "rotation": 0.12566370614359174,
            "transform_matrix": [
                [
                    0.9589042663574219,
                    0.19427543878555298,
                    -0.20678426325321198,
                    -0.8335740566253662
                ],
                [
                    -0.2837299704551697,
                    0.6565804481506348,
                    -0.6988556981086731,
                    -2.8171775341033936
                ],
                [
                    0.0,
                    0.7288064956665039,
                    0.6847196221351624,
                    2.760193109512329
                ],
                [
                    0.0,
                    0.0,
                    0.0,
                    1.0
                ]
            ]
        },
        {
            "file_path": "/data/shapenet_blender/all_50_random/02958343/bbc2f2ffeec425a38eac574d099cd5d2/r_40",
            "rotation": 0.12566370614359174,
            "transform_matrix": [
                [
                    -0.2562245726585388,
                    -0.6981657147407532,
                    -0.6685159206390381,
                    -2.694873809814453
                ],
                [
                    -0.966617226600647,
                    0.18506522476673126,
                    0.17720584571361542,
                    0.7143396139144897
                ],
                [
                    0.0,
                    0.6916034817695618,
                    -0.7222773432731628,
                    -2.911593198776245
                ],
                [
                    0.0,
                    0.0,
                    0.0,
                    1.0
                ]
            ]
        },
        {
            "file_path": "/data/shapenet_blender/all_50_random/02958343/bbc2f2ffeec425a38eac574d099cd5d2/r_41",
            "rotation": 0.12566370614359174,
            "transform_matrix": [
                [
                    0.8611418008804321,
                    -0.3473958969116211,
                    0.37114816904067993,
                    1.4961460828781128
                ],
                [
                    0.5083649158477783,
                    0.5884693264961243,
                    -0.628704309463501,
                    -2.5343880653381348
                ],
                [
                    -1.4901161193847656e-08,
                    0.7300822138786316,
