{
    "class": "02958343",
    "model": "11dba0c2ec8127356c2fe9dcfa1ee2f8",
    "remove_doubles": true,
    "edge_split": true,
    "denoise": true,
    "camera_angle_x": 0.6911112070083618,
    "scale_factor": 2.305650853892029,
    "hdri_file": "/data/IndoorHDRDataset2018/9C4A5973-9faf2b2d1a.exr",
    "center_offset": [
        0.0,
        0.0,
        2.7939677238464355e-09
    ],
    "lights": [],
    "frames": [
        {
            "file_path": "/data/shapenet_blender/all_50_random/02958343/11dba0c2ec8127356c2fe9dcfa1ee2f8/r_0",
            "rotation": 0.12566370614359174,
            "transform_matrix": [
                [
                    -0.666897714138031,
                    0.4032796025276184,
                    -0.6265883445739746,
                    -2.5258586406707764
                ],
                [
                    -0.7451493144035339,
                    -0.36092931032180786,
                    0.5607873797416687,
                    2.260606527328491
                ],
                [
                    1.4901161193847656e-08,
                    0.8408896923065186,
                    0.5412063598632812,
                    2.1816728115081787
                ],
                [
                    0.0,
                    0.0,
                    0.0,
                    1.0
                ]
            ]
        },
        {
            "file_path": "/data/shapenet_blender/all_50_random/02958343/11dba0c2ec8127356c2fe9dcfa1ee2f8/r_1",
            "rotation": 0.12566370614359174,
            "transform_matrix": [
                [
                    0.08427704870700836,
                    -0.25157055258750916,
                    0.9641626477241516,
                    3.8866639137268066
                ],
                [
                    0.996442437171936,
                    0.02127731963992119,
                    -0.08154688775539398,
                    -0.32872602343559265
                ],
                [
                    -1.862645371275562e-09,
                    0.9676050543785095,
                    0.2524687349796295,
                    1.0177340507507324
                ],
                [
                    0.0,
                    0.0,
                    0.0,
                    1.0
                ]
            ]
        },
        {
            "file_path": "/data/shapenet_blender/all_50_random/02958343/11dba0c2ec8127356c2fe9dcfa1ee2f8/r_2",
            "rotation": 0.12566370614359174,
            "transform_matrix": [
                [
                    0.9424102306365967,
                    -0.2821759581565857,
                    -0.1795545518398285,
                    -0.7238075733184814
                ],
                [
                    -0.33445942401885986,
                    -0.7950904369354248,
                    -0.5059329271316528,
                    -2.0394809246063232
                ],
                [
                    0.0,
                    0.5368499755859375,
                    -0.8436776399612427,
                    -3.400973320007324
                ],
                [
                    0.0,
                    0.0,
                    0.0,
                    1.0
                ]
            ]
        },
        {
            "file_path": "/data/shapenet_blender/all_50_random/02958343/11dba0c2ec8127356c2fe9dcfa1ee2f8/r_3",
            "rotation": 0.12566370614359174,
            "transform_matrix": [
                [
                    -0.07798407971858978,
                    -0.07277756184339523,
                    -0.9942947030067444,
                    -4.008130073547363
                ],
                [
                    -0.996954619884491,
                    0.005692827049642801,
                    0.07777600735425949,
                    0.31352511048316956
                ],
                [
                    -4.656612873077393e-10,
                    0.9973319172859192,
                    -0.07299987971782684,
                    -0.29427191615104675
                ],
                [
                    0.0,
                    0.0,
                    0.0,
                    1.0
                ]
            ]
        },
        {
            "file_path": "/data/shapenet_blender/all_50_random/02958343/11dba0c2ec8127356c2fe9dcfa1ee2f8/r_4",
            "rotation": 0.12566370614359174,
            "transform_matrix": [
                [
                    0.8354148268699646,
                    0.06827396899461746,
                    0.5453630089759827,
                    2.1984286308288574
                ],
                [
                    0.5496200323104858,
                    -0.10377548635005951,
                    -0.828944206237793,
                    -3.341580867767334
                ],
                [
                    -3.725290298461914e-09,
                    0.9922546148300171,
                    -0.12422032654285431,
                    -0.5007481575012207
                ],
                [
                    0.0,
                    0.0,
                    0.0,
                    1.0
                ]
            ]
        },
        {
            "file_path": "/data/shapenet_blender/all_50_random/02958343/11dba0c2ec8127356c2fe9dcfa1ee2f8/r_5",
            "rotation": 0.12566370614359174,
            "transform_matrix": [
                [
                    0.773305356502533,
                    0.15046004951000214,
                    0.6159224510192871,
                    2.482862949371338
                ],
                [
                    0.634033739566803,
                    -0.18351005017757416,
                    -0.7512158155441284,
                    -3.0282480716705322
                ],
                [
                    -7.4505797087454084e-09,
                    0.971435010433197,
                    -0.23730601370334625,
                    -0.9566112160682678
                ],
                [
                    0.0,
                    0.0,
                    0.0,
                    1.0
                ]
            ]
        },
        {
            "file_path": "/data/shapenet_blender/all_50_random/02958343/11dba0c2ec8127356c2fe9dcfa1ee2f8/r_6",
            "rotation": 0.12566370614359174,
            "transform_matrix": [
                [
                    0.8891400694847107,
                    0.17707769572734833,
                    0.42198747396469116,
                    1.7010860443115234
                ],
                [
                    0.45763519406318665,
                    -0.3440444767475128,
                    -0.8198800683021545,
                    -3.3050425052642822
                ],
                [
                    -1.4901160305669237e-08,
                    0.9221046566963196,
                    -0.3869406580924988,
                    -1.5598077774047852
                ],
                [
                    0.0,
                    0.0,
                    0.0,
                    1.0
                ]
            ]
        },
        {
            "file_path": "/data/shapenet_blender/all_50_random/02958343/11dba0c2ec8127356c2fe9dcfa1ee2f8/r_7",
            "rotation": 0.12566370614359174,
            "transform_matrix": [
                [
                    0.9740221500396729,
                    -0.08998038619756699,
                    0.20780885219573975,
                    0.8377043008804321
                ],
                [
                    0.22645308077335358,
                    0.38702449202537537,
                    -0.8938294053077698,
                    -3.6031415462493896
                ],
                [
                    0.0,
                    0.9176685214042664,
                    0.39734673500061035,
                    1.601755976676941
                ],
                [
                    0.0,
                    0.0,
                    0.0,
                    1.0
                ]
            ]
        },
        {
            "file_path": "/data/shapenet_blender/all_50_random/02958343/11dba0c2ec8127356c2fe9dcfa1ee2f8/r_8",
            "rotation": 0.12566370614359174,
            "transform_matrix": [
                [
                    -0.8949268460273743,
                    -0.03321455046534538,
                    -0.4449748396873474,
                    -1.7937511205673218
                ],
                [
                    -0.4462127387523651,
                    0.06661529839038849,
                    0.8924440741539001,
                    3.597557306289673
                ],
                [
                    1.8626450382086546e-09,
                    0.9972257614135742,
                    -0.07443656027317047,
                    -0.3000634014606476
                ],
                [
                    0.0,
                    0.0,
                    0.0,
                    1.0
                ]
            ]
        },
        {
            "file_path": "/data/shapenet_blender/all_50_random/02958343/11dba0c2ec8127356c2fe9dcfa1ee2f8/r_9",
            "rotation": 0.12566370614359174,
            "transform_matrix": [
                [
                    0.5874001979827881,
                    0.05171957239508629,
                    -0.8076422810554504,
                    -3.2557101249694824
                ],
                [
                    -0.8092965483665466,
                    0.037538882344961166,
                    -0.5861995220184326,
                    -2.3630459308624268
                ],
                [
                    0.0,
                    0.9979559183120728,
                    0.06390681862831116,
                    0.25761663913726807
                ],
                [
                    0.0,
                    0.0,
                    0.0,
                    1.0
                ]
            ]
        },
        {
            "file_path": "/data/shapenet_blender/all_50_random/02958343/11dba0c2ec8127356c2fe9dcfa1ee2f8/r_10",
            "rotation": 0.12566370614359174,
            "transform_matrix": [
                [
                    0.20769548416137695,
                    0.963180422782898,
                    -0.17072194814682007,
                    -0.6882021427154541
                ],
                [
                    -0.9781935214996338,
                    0.20450782775878906,
                    -0.03624863177537918,
                    -0.14612290263175964
                ],
                [
                    3.7252898543727042e-09,
                    0.1745280921459198,
                    0.9846522808074951,
                    3.9692599773406982
                ],
                [
                    0.0,
                    0.0,
                    0.0,
                    1.0
                ]
            ]
        },
        {
            "file_path": "/data/shapenet_blender/all_50_random/02958343/11dba0c2ec8127356c2fe9dcfa1ee2f8/r_11",
            "rotation": 0.12566370614359174,
            "transform_matrix": [
                [
                    0.8212002515792847,
                    -0.18180690705776215,
                    0.5409032702445984,
                    2.180450916290283
                ],
                [
                    0.5706400275230408,
                    0.26163581013679504,
                    -0.7784064412117004,
                    -3.1378567218780518
                ],
                [
                    0.0,
                    0.9478886723518372,
                    0.31860169768333435,
                    1.2843245267868042
                ],
                [
                    0.0,
                    0.0,
                    0.0,
                    1.0
                ]
            ]
        },
        {
            "file_path": "/data/shapenet_blender/all_50_random/02958343/11dba0c2ec8127356c2fe9dcfa1ee2f8/r_12",
            "rotation": 0.12566370614359174,
            "transform_matrix": [
                [
                    -0.5513426065444946,
                    0.5650075674057007,
                    0.6138303279876709,
                    2.474429130554199
                ],
                [
                    0.8342788219451904,
                    0.37339165806770325,
                    0.40565675497055054,
                    1.6352547407150269
                ],
                [
                    1.4901160305669237e-08,
                    0.7357615828514099,
                    -0.6772406697273254,
                    -2.730044364929199
                ],
                [
                    0.0,
                    0.0,
                    0.0,
                    1.0
                ]
            ]
        },
        {
            "file_path": "/data/shapenet_blender/all_50_random/02958343/11dba0c2ec8127356c2fe9dcfa1ee2f8/r_13",
            "rotation": 0.12566370614359174,
            "transform_matrix": [
                [
                    -0.8585253953933716,
                    -0.4292614758014679,
                    0.28047975897789,
                    1.1306500434875488
                ],
                [
                    0.5127711892127991,
                    -0.7187061905860901,
                    0.46960315108299255,
                    1.8930308818817139
                ],
                [
                    0.0,
                    0.5469880700111389,
                    0.8371403217315674,
                    3.3746206760406494
                ],
                [
                    0.0,
                    0.0,
                    0.0,
                    1.0
                ]
            ]
        },
        {
            "file_path": "/data/shapenet_blender/all_50_random/02958343/11dba0c2ec8127356c2fe9dcfa1ee2f8/r_14",
            "rotation": 0.12566370614359174,
            "transform_matrix": [
                [
                    -0.20709000527858734,
                    0.4373598098754883,
                    -0.8751170635223389,
                    -3.527710199356079
                ],
                [
                    -0.97832190990448,
                    -0.09257979691028595,
                    0.18524374067783356,
                    0.7467414736747742
                ],
                [
                    0.0,
                    0.8945084810256958,
                    0.44705089926719666,
                    1.8021200895309448
                ],
                [
                    0.0,
                    0.0,
                    0.0,
                    1.0
                ]
            ]
        },
        {
            "file_path": "/data/shapenet_blender/all_50_random/02958343/11dba0c2ec8127356c2fe9dcfa1ee2f8/r_15",
            "rotation": 0.12566370614359174,
            "transform_matrix": [
                [
                    -0.7245107889175415,
                    0.6439760327339172,
                    -0.24572136998176575,
                    -0.9905345439910889
                ],
                [
                    -0.6892635226249695,
                    -0.6769074201583862,
                    0.2582869827747345,
                    1.04118812084198
                ],
                [
                    0.0,
                    0.35649850964546204,
                    0.9342958927154541,
                    3.7662672996520996
                ],
                [
                    0.0,
                    0.0,
                    0.0,
                    1.0
                ]
            ]
        },
        {
            "file_path": "/data/shapenet_blender/all_50_random/02958343/11dba0c2ec8127356c2fe9dcfa1ee2f8/r_16",
            "rotation": 0.12566370614359174,
            "transform_matrix": [
                [
                    -0.8770901560783386,
                    0.23713530600070953,
                    -0.41770753264427185,
                    -1.6838328838348389
                ],
                [
                    -0.4803256392478943,
                    -0.43301674723625183,
                    0.7627474665641785,
                    3.0747334957122803
                ],
                [
                    -1.4901160305669237e-08,
                    0.8696340918540955,
                    0.493696928024292,
                    1.9901559352874756
                ],
                [
                    0.0,
                    0.0,
                    0.0,
                    1.0
                ]
            ]
        },
        {
            "file_path": "/data/shapenet_blender/all_50_random/02958343/11dba0c2ec8127356c2fe9dcfa1ee2f8/r_17",
            "rotation": 0.12566370614359174,
            "transform_matrix": [
                [
                    0.6287364363670349,
                    0.3077114224433899,
                    0.7141456604003906,
                    2.8788135051727295
                ],
                [
                    0.777618408203125,
                    -0.24879732728004456,
                    -0.5774161219596863,
                    -2.327639102935791
                ],
                [
                    -1.4901160305669237e-08,
                    0.918375551700592,
                    -0.3957099914550781,
                    -1.5951581001281738
                ],
                [
                    0.0,
                    0.0,
                    0.0,
                    1.0
                ]
            ]
        },
        {
            "file_path": "/data/shapenet_blender/all_50_random/02958343/11dba0c2ec8127356c2fe9dcfa1ee2f8/r_18",
            "rotation": 0.12566370614359174,
            "transform_matrix": [
                [
                    -0.9800085425376892,
                    -0.042673297226428986,
                    0.19432561099529266,
                    0.7833516597747803
                ],
                [
                    0.1989559531211853,
                    -0.2101982682943344,
                    0.9572006464004517,
                    3.8585994243621826
                ],
                [
                    0.0,
                    0.9767270684242249,
                    0.21448615193367004,
                    0.8646214008331299
                ],
                [
                    0.0,
                    0.0,
                    0.0,
                    1.0
                ]
            ]
        },
        {
            "file_path": "/data/shapenet_blender/all_50_random/02958343/11dba0c2ec8127356c2fe9dcfa1ee2f8/r_19",
            "rotation": 0.12566370614359174,
            "transform_matrix": [
                [
                    -0.9569666981697083,
                    0.17680053412914276,
                    0.23012259602546692,
                    0.9276538491249084
                ],
                [
                    0.2901979386806488,
                    0.5830235481262207,
                    0.758860170841217,
                    3.059063196182251
                ],
                [
                    -1.4901161193847656e-08,
                    0.7929850220680237,
                    -0.6092411875724792,
                    -2.455929756164551
                ],
                [
                    0.0,
                    0.0,
                    0.0,
                    1.0
                ]
            ]
        },
        {
            "file_path": "/data/shapenet_blender/all_50_random/02958343/11dba0c2ec8127356c2fe9dcfa1ee2f8/r_20",
            "rotation": 0.12566370614359174,
            "transform_matrix": [
                [
                    0.33433085680007935,
                    0.5754788517951965,
                    -0.7463558316230774,
                    -3.0086565017700195
                ],
                [
                    -0.9424557685852051,
                    0.20414786040782928,
                    -0.26476553082466125,
                    -1.067304015159607
                ],
                [
                    -1.4901161193847656e-08,
                    0.7919266223907471,
                    0.6106162071228027,
                    2.461472749710083
                ],
                [
                    0.0,
                    0.0,
                    0.0,
                    1.0
                ]
            ]
        },
        {
            "file_path": "/data/shapenet_blender/all_50_random/02958343/11dba0c2ec8127356c2fe9dcfa1ee2f8/r_21",
            "rotation": 0.12566370614359174,
            "transform_matrix": [
                [
                    -0.9151307940483093,
                    0.11576438695192337,
                    -0.38617920875549316,
                    -1.556738257408142
                ],
                [
                    -0.4031573235988617,
                    -0.26277467608451843,
                    0.8765919804573059,
                    3.5336556434631348
                ],
                [
                    7.450581485102248e-09,
                    0.9578872323036194,
                    0.28714442253112793,
                    1.157516360282898
                ],
                [
                    0.0,
                    0.0,
                    0.0,
                    1.0
                ]
            ]
        },
        {
            "file_path": "/data/shapenet_blender/all_50_random/02958343/11dba0c2ec8127356c2fe9dcfa1ee2f8/r_22",
            "rotation": 0.12566370614359174,
            "transform_matrix": [
                [
                    0.6723319888114929,
                    0.12902161478996277,
                    -0.7289191484451294,
                    -2.9383671283721924
                ],
                [
                    -0.7402498126029968,
                    0.11718390136957169,
                    -0.6620408892631531,
                    -2.6687722206115723
                ],
                [
                    7.450581485102248e-09,
                    0.9846935272216797,
                    0.17429469525814056,
                    0.7026044130325317
                ],
                [
                    0.0,
                    0.0,
                    0.0,
                    1.0
                ]
            ]
        },
        {
            "file_path": "/data/shapenet_blender/all_50_random/02958343/11dba0c2ec8127356c2fe9dcfa1ee2f8/r_23",
            "rotation": 0.12566370614359174,
            "transform_matrix": [
                [
                    -0.9981940388679504,
                    -0.015409396030008793,
                    0.05806126445531845,
                    0.23405244946479797
                ],
                [
                    0.06007128953933716,
                    -0.25605520606040955,
                    0.9647938013076782,
                    3.8892083168029785
                ],
                [
                    0.0,
                    0.9665393233299255,
                    0.2565184533596039,
                    1.034058928489685
                ],
                [
                    0.0,
                    0.0,
                    0.0,
                    1.0
                ]
            ]
        },
        {
            "file_path": "/data/shapenet_blender/all_50_random/02958343/11dba0c2ec8127356c2fe9dcfa1ee2f8/r_24",
            "rotation": 0.12566370614359174,
            "transform_matrix": [
                [
                    0.5144482254981995,
                    -0.707874596118927,
                    -0.4840002954006195,
                    -1.9510676860809326
                ],
                [
                    -0.8575213551521301,
                    -0.4246714413166046,
                    -0.29036372900009155,
                    -1.170493721961975
                ],
                [
                    0.0,
                    0.5644177794456482,
                    -0.8254892826080322,
                    -3.3276538848876953
                ],
                [
                    0.0,
                    0.0,
                    0.0,
                    1.0
                ]
            ]
        },
        {
            "file_path": "/data/shapenet_blender/all_50_random/02958343/11dba0c2ec8127356c2fe9dcfa1ee2f8/r_25",
            "rotation": 0.12566370614359174,
            "transform_matrix": [
                [
                    -0.4454469382762909,
                    -0.8781462907791138,
                    0.17445935308933258,
                    0.7032681703567505
                ],
                [
                    0.8953083753585815,
                    -0.43690818548202515,
                    0.08679957687854767,
                    0.3499002754688263
                ],
                [
                    -7.450580596923828e-09,
                    0.194859579205513,
                    0.9808312058448792,
                    3.953856945037842
                ],
                [
                    0.0,
                    0.0,
                    0.0,
                    1.0
                ]
            ]
        },
        {
            "file_path": "/data/shapenet_blender/all_50_random/02958343/11dba0c2ec8127356c2fe9dcfa1ee2f8/r_26",
            "rotation": 0.12566370614359174,
            "transform_matrix": [
                [
                    -0.8129439353942871,
                    -0.02854725532233715,
                    -0.5816418528556824,
                    -2.3446733951568604
                ],
                [
                    -0.5823420286178589,
                    0.03985169529914856,
                    0.8119664788246155,
                    3.273141622543335
                ],
                [
                    0.0,
                    0.9987977743148804,
                    -0.04902145266532898,
                    -0.19761179387569427
                ],
                [
                    0.0,
                    0.0,
                    0.0,
                    1.0
                ]
            ]
        },
        {
            "file_path": "/data/shapenet_blender/all_50_random/02958343/11dba0c2ec8127356c2fe9dcfa1ee2f8/r_27",
            "rotation": 0.12566370614359174,
            "transform_matrix": [
                [
                    -0.028549939393997192,
                    -0.24941377341747284,
                    -0.9679760336875916,
                    -3.902036190032959
                ],
                [
                    -0.9995924234390259,
                    0.007123651914298534,
                    0.027646925300359726,
                    0.11144831776618958
                ],
                [
                    4.656612873077393e-10,
                    0.9683708548545837,
                    -0.24951548874378204,
                    -1.005829095840454
                ],
                [
                    0.0,
                    0.0,
                    0.0,
                    1.0
                ]
            ]
        },
        {
            "file_path": "/data/shapenet_blender/all_50_random/02958343/11dba0c2ec8127356c2fe9dcfa1ee2f8/r_28",
            "rotation": 0.12566370614359174,
            "transform_matrix": [
                [
                    -0.7113615870475769,
                    -0.39687082171440125,
                    0.5800501704216003,
                    2.338257074356079
                ],
                [
                    0.7028262615203857,
                    -0.4016905426979065,
                    0.5870944857597351,
                    2.3666536808013916
                ],
                [
                    0.0,
                    0.825311005115509,
                    0.564678430557251,
                    2.276291608810425
                ],
                [
                    0.0,
                    0.0,
                    0.0,
                    1.0
                ]
            ]
        },
        {
            "file_path": "/data/shapenet_blender/all_50_random/02958343/11dba0c2ec8127356c2fe9dcfa1ee2f8/r_29",
            "rotation": 0.12566370614359174,
            "transform_matrix": [
                [
                    -0.2717442512512207,
                    -0.6048526763916016,
                    0.7485373616218567,
                    3.0174508094787598
                ],
                [
                    0.9623695611953735,
                    -0.17079223692417145,
                    0.21136446297168732,
                    0.8520374894142151
                ],
                [
                    1.4901161193847656e-08,
                    0.7778066396713257,
                    0.6285035610198975,
                    2.533579111099243
                ],
                [
                    0.0,
                    0.0,
                    0.0,
                    1.0
                ]
            ]
        },
        {
            "file_path": "/data/shapenet_blender/all_50_random/02958343/11dba0c2ec8127356c2fe9dcfa1ee2f8/r_30",
            "rotation": 0.12566370614359174,
            "transform_matrix": [
                [
                    -0.7444143891334534,
                    -0.3429853618144989,
                    -0.5728946328163147,
                    -2.3094120025634766
                ],
                [
                    -0.6677179932594299,
                    0.3823818862438202,
                    0.6386992931365967,
                    2.574679136276245
                ],
                [
                    1.4901161193847656e-08,
                    0.8579888939857483,
                    -0.5136680603027344,
                    -2.070662260055542
                ],
                [
                    0.0,
                    0.0,
                    0.0,
                    1.0
                ]
            ]
        },
        {
            "file_path": "/data/shapenet_blender/all_50_random/02958343/11dba0c2ec8127356c2fe9dcfa1ee2f8/r_31",
            "rotation": 0.12566370614359174,
            "transform_matrix": [
                [
                    0.9697440266609192,
                    0.0002747720282059163,
                    -0.2441239058971405,
                    -0.9840949177742004
                ],
                [
                    -0.24412406980991364,
                    0.0010914881713688374,
                    -0.9697433710098267,
                    -3.909160614013672
                ],
                [
                    0.0,
                    0.999999463558197,
                    0.0011255423305556178,
                    0.004537206143140793
                ],
                [
                    0.0,
                    0.0,
                    0.0,
                    1.0
                ]
            ]
        },
        {
            "file_path": "/data/shapenet_blender/all_50_random/02958343/11dba0c2ec8127356c2fe9dcfa1ee2f8/r_32",
            "rotation": 0.12566370614359174,
            "transform_matrix": [
                [
                    0.5500882863998413,
                    0.5108963847160339,
                    -0.660596489906311,
                    -2.662949562072754
                ],
                [
                    -0.8351064920425415,
                    0.3365297019481659,
                    -0.4351378083229065,
                    -1.7540966272354126
                ],
                [
                    0.0,
                    0.7910325527191162,
                    0.6117739677429199,
                    2.466139793395996
                ],
                [
                    0.0,
                    0.0,
                    0.0,
                    1.0
                ]
            ]
        },
        {
            "file_path": "/data/shapenet_blender/all_50_random/02958343/11dba0c2ec8127356c2fe9dcfa1ee2f8/r_33",
            "rotation": 0.12566370614359174,
            "transform_matrix": [
                [
                    0.999918520450592,
                    0.005816887132823467,
                    0.011365100741386414,
                    0.045814186334609985
                ],
                [
                    0.01276721153408289,
                    -0.45557430386543274,
                    -0.8901062607765198,
                    -3.5881330966949463
                ],
                [
                    0.0,
                    0.8901787996292114,
                    -0.45561137795448303,
                    -1.8366281986236572
                ],
                [
                    0.0,
                    0.0,
                    0.0,
                    1.0
                ]
            ]
        },
        {
            "file_path": "/data/shapenet_blender/all_50_random/02958343/11dba0c2ec8127356c2fe9dcfa1ee2f8/r_34",
            "rotation": 0.12566370614359174,
            "transform_matrix": [
                [
                    -0.8675521016120911,
                    -0.3175228536128998,
                    -0.3827957808971405,
                    -1.5430989265441895
                ],
                [
                    -0.49734634160995483,
                    0.5538748502731323,
                    0.6677344441413879,
                    2.691723346710205
                ],
                [
                    0.0,
                    0.7696765065193176,
                    -0.6384342312812805,
                    -2.573610305786133
                ],
                [
                    0.0,
                    0.0,
                    0.0,
                    1.0
                ]
            ]
        },
        {
            "file_path": "/data/shapenet_blender/all_50_random/02958343/11dba0c2ec8127356c2fe9dcfa1ee2f8/r_35",
            "rotation": 0.12566370614359174,
            "transform_matrix": [
                [
                    -0.981292724609375,
                    0.10390643030405045,
                    -0.16207408905029297,
                    -0.65334153175354
                ],
                [
                    -0.19252155721187592,
                    -0.52961665391922,
                    0.8261002898216248,
                    3.3301167488098145
                ],
                [
                    0.0,
                    0.8418490290641785,
                    0.5397131443023682,
                    2.1756532192230225
                ],
                [
                    0.0,
                    0.0,
                    0.0,
                    1.0
                ]
            ]
        },
        {
            "file_path": "/data/shapenet_blender/all_50_random/02958343/11dba0c2ec8127356c2fe9dcfa1ee2f8/r_36",
            "rotation": 0.12566370614359174,
            "transform_matrix": [
                [
                    0.9384837746620178,
                    -0.021982384845614433,
                    0.34462282061576843,
                    1.3892191648483276
                ],
                [
                    0.34532323479652405,
                    0.05974145606160164,
                    -0.9365803003311157,
                    -3.7754762172698975
                ],
                [
                    0.0,
                    0.9979718327522278,
                    0.06365741044282913,
                    0.25661125779151917
                ],
                [
                    0.0,
                    0.0,
                    0.0,
                    1.0
                ]
            ]
        },
        {
            "file_path": "/data/shapenet_blender/all_50_random/02958343/11dba0c2ec8127356c2fe9dcfa1ee2f8/r_37",
            "rotation": 0.12566370614359174,
            "transform_matrix": [
                [
                    -0.4261617064476013,
                    -0.6617444753646851,
                    -0.6168310046195984,
                    -2.486525297164917
                ],
                [
                    -0.9046470522880554,
                    0.31173500418663025,
                    0.29057714343070984,
                    1.1713539361953735
                ],
                [
                    0.0,
                    0.6818472146987915,
                    -0.731494665145874,
                    -2.948749303817749
                ],
                [
                    0.0,
                    0.0,
                    0.0,
                    1.0
                ]
            ]
        },
        {
            "file_path": "/data/shapenet_blender/all_50_random/02958343/11dba0c2ec8127356c2fe9dcfa1ee2f8/r_38",
            "rotation": 0.12566370614359174,
            "transform_matrix": [
                [
                    -0.35476967692375183,
                    -0.8616154789924622,
                    0.36298373341560364,
                    1.4632341861724854
                ],
                [
                    0.9349537491798401,
                    -0.3269413411617279,
                    0.13773475587368011,
                    0.5552265644073486
                ],
                [
                    -1.4901161193847656e-08,
                    0.3882370591163635,
                    0.9215595126152039,
                    3.7149250507354736
                ],
                [
                    0.0,
                    0.0,
                    0.0,
                    1.0
                ]
            ]
        },
        {
            "file_path": "/data/shapenet_blender/all_50_random/02958343/11dba0c2ec8127356c2fe9dcfa1ee2f8/r_39",
            "rotation": 0.12566370614359174,
            "transform_matrix": [
                [
                    0.8035377264022827,
                    -0.3362066149711609,
                    0.491214781999588,
                    1.9801502227783203
                ],
                [
                    0.5952535271644592,
                    0.4538481831550598,
                    -0.6630949378013611,
                    -2.6730213165283203
                ],
                [
                    -1.4901157641133977e-08,
                    0.8252193331718445,
                    0.5648123621940613,
                    2.27683162689209
                ],
                [
                    0.0,
                    0.0,
                    0.0,
                    1.0
                ]
            ]
        },
        {
            "file_path": "/data/shapenet_blender/all_50_random/02958343/11dba0c2ec8127356c2fe9dcfa1ee2f8/r_40",
            "rotation": 0.12566370614359174,
            "transform_matrix": [
                [
                    -0.9305478930473328,
                    -0.2310032993555069,
                    0.2841093838214874,
                    1.1452815532684326
                ],
                [
                    0.3661702573299408,
                    -0.5870482921600342,
                    0.7220066785812378,
                    2.9105019569396973
                ],
                [
                    0.0,
                    0.7758941054344177,
                    0.6308631300926208,
                    2.543090581893921
                ],
                [
                    0.0,
                    0.0,
                    0.0,
                    1.0
                ]
            ]
        },
        {
            "file_path": "/data/shapenet_blender/all_50_random/02958343/11dba0c2ec8127356c2fe9dcfa1ee2f8/r_41",
            "rotation": 0.12566370614359174,
            "transform_matrix": [
                [
                    0.7410352826118469,
                    -0.19772617518901825,
                    0.6416938900947571,
                    2.5867507457733154
                ],
                [
                    0.6714661121368408,
                    0.21821217238903046,
                    -0.7081784605979919,
                    -2.8547587394714355
                ],
                [
