{
    "class": "02958343",
    "model": "8b2f030e604925c92a9eb0f146e94477",
    "remove_doubles": true,
    "edge_split": true,
    "denoise": true,
    "camera_angle_x": 0.6911112070083618,
    "scale_factor": 2.4844505047321976,
    "hdri_file": "/data/IndoorHDRDataset2018/AG8A8574-67ebd75369.exr",
    "center_offset": [
        0.0,
        0.0,
        3.725290298461914e-09
    ],
    "lights": [],
    "frames": [
        {
            "file_path": "/data/shapenet_blender/all_50_random/02958343/8b2f030e604925c92a9eb0f146e94477/r_0",
            "rotation": 0.12566370614359174,
            "transform_matrix": [
                [
                    -0.012064049020409584,
                    0.03622351959347725,
                    -0.9992708563804626,
                    -4.028189659118652
                ],
                [
                    -0.9999272227287292,
                    -0.0004370340902823955,
                    0.012056129984557629,
                    0.048599813133478165
                ],
                [
                    2.9103828722010228e-11,
                    0.9993436932563782,
                    0.03622614964842796,
                    0.14603227376937866
                ],
                [
                    0.0,
                    0.0,
                    0.0,
                    1.0
                ]
            ]
        },
        {
            "file_path": "/data/shapenet_blender/all_50_random/02958343/8b2f030e604925c92a9eb0f146e94477/r_1",
            "rotation": 0.12566370614359174,
            "transform_matrix": [
                [
                    -0.007074482273310423,
                    -0.1469956636428833,
                    0.9891117811203003,
                    3.9872372150421143
                ],
                [
                    0.9999749660491943,
                    -0.0010399442398920655,
                    0.006997629068791866,
                    0.02820834517478943
                ],
                [
                    0.0,
                    0.9891365170478821,
                    0.14699934422969818,
                    0.5925732851028442
                ],
                [
                    0.0,
                    0.0,
                    0.0,
                    1.0
                ]
            ]
        },
        {
            "file_path": "/data/shapenet_blender/all_50_random/02958343/8b2f030e604925c92a9eb0f146e94477/r_2",
            "rotation": 0.12566370614359174,
            "transform_matrix": [
                [
                    -0.9614836573600769,
                    -0.058943603187799454,
                    0.26846766471862793,
                    1.0822278261184692
                ],
                [
                    0.27486222982406616,
                    -0.20618805289268494,
                    0.9391151070594788,
                    3.785694122314453
                ],
                [
                    0.0,
                    0.9767353534698486,
                    0.21444782614707947,
                    0.8644668459892273
                ],
                [
                    0.0,
                    0.0,
                    0.0,
                    1.0
                ]
            ]
        },
        {
            "file_path": "/data/shapenet_blender/all_50_random/02958343/8b2f030e604925c92a9eb0f146e94477/r_3",
            "rotation": 0.12566370614359174,
            "transform_matrix": [
                [
                    0.9428455233573914,
                    -0.002545413328334689,
                    0.33322033286094666,
                    1.3432542085647583
                ],
                [
                    0.33323004841804504,
                    0.007202026434242725,
                    -0.9428179860115051,
                    -3.8006210327148438
                ],
                [
                    -2.3283062977608182e-10,
                    0.9999708533287048,
                    0.007638605777174234,
                    0.030792206525802612
                ],
                [
                    0.0,
                    0.0,
                    0.0,
                    1.0
                ]
            ]
        },
        {
            "file_path": "/data/shapenet_blender/all_50_random/02958343/8b2f030e604925c92a9eb0f146e94477/r_4",
            "rotation": 0.12566370614359174,
            "transform_matrix": [
                [
                    0.4994911551475525,
                    0.2167261391878128,
                    0.8387718796730042,
                    3.381197690963745
                ],
                [
                    0.866318941116333,
                    -0.12495720386505127,
                    -0.4836084246635437,
                    -1.9494879245758057
                ],
                [
                    0.0,
                    0.9682021737098694,
                    -0.25016897916793823,
                    -1.0084633827209473
                ],
                [
                    0.0,
                    0.0,
                    0.0,
                    1.0
                ]
            ]
        },
        {
            "file_path": "/data/shapenet_blender/all_50_random/02958343/8b2f030e604925c92a9eb0f146e94477/r_5",
            "rotation": 0.12566370614359174,
            "transform_matrix": [
                [
                    -0.8933416604995728,
                    0.30572476983070374,
                    -0.329352468252182,
                    -1.3276622295379639
                ],
                [
                    -0.4493780732154846,
                    -0.6077659130096436,
                    0.6547365784645081,
                    2.6393275260925293
                ],
                [
                    -1.4901161193847656e-08,
                    0.7329071760177612,
                    0.6803285479545593,
                    2.742492198944092
                ],
                [
                    0.0,
                    0.0,
                    0.0,
                    1.0
                ]
            ]
        },
        {
            "file_path": "/data/shapenet_blender/all_50_random/02958343/8b2f030e604925c92a9eb0f146e94477/r_6",
            "rotation": 0.12566370614359174,
            "transform_matrix": [
                [
                    0.15694068372249603,
                    0.37178948521614075,
                    0.914954662322998,
                    3.688300371170044
                ],
                [
                    0.9876080751419067,
                    -0.05908102169632912,
                    -0.14539532363414764,
                    -0.5861073732376099
                ],
                [
                    0.0,
                    0.9264350533485413,
                    -0.3764544725418091,
                    -1.5175366401672363
                ],
                [
                    0.0,
                    0.0,
                    0.0,
                    1.0
                ]
            ]
        },
        {
            "file_path": "/data/shapenet_blender/all_50_random/02958343/8b2f030e604925c92a9eb0f146e94477/r_7",
            "rotation": 0.12566370614359174,
            "transform_matrix": [
                [
                    -0.624850869178772,
                    -0.148828387260437,
                    0.7664276957511902,
                    3.089569091796875
                ],
                [
                    0.7807441353797913,
                    -0.11911142617464066,
                    0.6133930087089539,
                    2.4726665019989014
                ],
                [
                    0.0,
                    0.981663167476654,
                    0.19062374532222748,
                    0.7684289813041687
                ],
                [
                    0.0,
                    0.0,
                    0.0,
                    1.0
                ]
            ]
        },
        {
            "file_path": "/data/shapenet_blender/all_50_random/02958343/8b2f030e604925c92a9eb0f146e94477/r_8",
            "rotation": 0.12566370614359174,
            "transform_matrix": [
                [
                    -0.5922089219093323,
                    -0.6188963651657104,
                    0.515999972820282,
                    2.0800623893737793
                ],
                [
                    0.8057844638824463,
                    -0.4548560678958893,
                    0.37923264503479004,
                    1.528735637664795
                ],
                [
                    1.4901161193847656e-08,
                    0.640369713306427,
                    0.7680667638778687,
                    3.0961761474609375
                ],
                [
                    0.0,
                    0.0,
                    0.0,
                    1.0
                ]
            ]
        },
        {
            "file_path": "/data/shapenet_blender/all_50_random/02958343/8b2f030e604925c92a9eb0f146e94477/r_9",
            "rotation": 0.12566370614359174,
            "transform_matrix": [
                [
                    0.9757165312767029,
                    0.16991157829761505,
                    0.1382288932800293,
                    0.5572185516357422
                ],
                [
                    0.21903692185878754,
                    -0.7568839192390442,
                    -0.6157510280609131,
                    -2.4821720123291016
                ],
                [
                    -7.450580152834618e-09,
                    0.6310757398605347,
                    -0.7757211327552795,
                    -3.1270320415496826
                ],
                [
                    0.0,
                    0.0,
                    0.0,
                    1.0
                ]
            ]
        },
        {
            "file_path": "/data/shapenet_blender/all_50_random/02958343/8b2f030e604925c92a9eb0f146e94477/r_10",
            "rotation": 0.12566370614359174,
            "transform_matrix": [
                [
                    -0.014993463642895222,
                    0.116005539894104,
                    -0.9931353330612183,
                    -4.0034565925598145
                ],
                [
                    -0.9998876452445984,
                    -0.0017395203467458487,
                    0.014892212115228176,
                    0.060032427310943604
                ],
                [
                    0.0,
                    0.9932469725608826,
                    0.11601858586072922,
                    0.46768587827682495
                ],
                [
                    0.0,
                    0.0,
                    0.0,
                    1.0
                ]
            ]
        },
        {
            "file_path": "/data/shapenet_blender/all_50_random/02958343/8b2f030e604925c92a9eb0f146e94477/r_11",
            "rotation": 0.12566370614359174,
            "transform_matrix": [
                [
                    0.6430642604827881,
                    -0.24466943740844727,
                    0.725675642490387,
                    2.9252922534942627
                ],
                [
                    0.7658122777938843,
                    0.20545268058776855,
                    -0.609360933303833,
                    -2.4564127922058105
                ],
                [
                    0.0,
                    0.9475894570350647,
                    0.3194901645183563,
                    1.2879061698913574
                ],
                [
                    0.0,
                    0.0,
                    0.0,
                    1.0
                ]
            ]
        },
        {
            "file_path": "/data/shapenet_blender/all_50_random/02958343/8b2f030e604925c92a9eb0f146e94477/r_12",
            "rotation": 0.12566370614359174,
            "transform_matrix": [
                [
                    0.4979023039340973,
                    0.03761990740895271,
                    -0.8664167523384094,
                    -3.4926376342773438
                ],
                [
                    -0.8672330379486084,
                    0.02159862220287323,
                    -0.4974336624145508,
                    -2.0052192211151123
                ],
                [
                    -1.8626450382086546e-09,
                    0.9990586638450623,
                    0.04337923228740692,
                    0.17486727237701416
                ],
                [
                    0.0,
                    0.0,
                    0.0,
                    1.0
                ]
            ]
        },
        {
            "file_path": "/data/shapenet_blender/all_50_random/02958343/8b2f030e604925c92a9eb0f146e94477/r_13",
            "rotation": 0.12566370614359174,
            "transform_matrix": [
                [
                    0.5502727031707764,
                    0.7278072834014893,
                    -0.40926340222358704,
                    -1.6497935056686401
                ],
                [
                    -0.8349849581718445,
                    0.47964033484458923,
                    -0.26971322298049927,
                    -1.0872488021850586
                ],
                [
                    -1.4901159417490817e-08,
                    0.4901444911956787,
                    0.8716411590576172,
                    3.513697862625122
                ],
                [
                    0.0,
                    0.0,
                    0.0,
                    1.0
                ]
            ]
        },
        {
            "file_path": "/data/shapenet_blender/all_50_random/02958343/8b2f030e604925c92a9eb0f146e94477/r_14",
            "rotation": 0.12566370614359174,
            "transform_matrix": [
                [
                    -0.9180243015289307,
                    -0.07964318990707397,
                    -0.3884437084197998,
                    -1.5658667087554932
                ],
                [
                    -0.39652442932128906,
                    0.18438808619976044,
                    0.8993160724639893,
                    3.6252591609954834
                ],
                [
                    -7.450581485102248e-09,
                    0.9796212911605835,
                    -0.20085319876670837,
                    -0.8096651434898376
                ],
                [
                    0.0,
                    0.0,
                    0.0,
                    1.0
                ]
            ]
        },
        {
            "file_path": "/data/shapenet_blender/all_50_random/02958343/8b2f030e604925c92a9eb0f146e94477/r_15",
            "rotation": 0.12566370614359174,
            "transform_matrix": [
                [
                    0.588183581829071,
                    -0.7630413770675659,
                    -0.26796960830688477,
                    -1.0802198648452759
                ],
                [
                    -0.8087275624275208,
                    -0.5549562573432922,
                    -0.1948930025100708,
                    -0.7856387495994568
                ],
                [
                    1.4901162970204496e-08,
                    0.3313473165035248,
                    -0.9435089230537415,
                    -3.80340576171875
                ],
                [
                    0.0,
                    0.0,
                    0.0,
                    1.0
                ]
            ]
        },
        {
            "file_path": "/data/shapenet_blender/all_50_random/02958343/8b2f030e604925c92a9eb0f146e94477/r_16",
            "rotation": 0.12566370614359174,
            "transform_matrix": [
                [
                    0.9816922545433044,
                    0.044893186539411545,
                    0.18510787189006805,
                    0.7461937665939331
                ],
                [
                    0.19047394394874573,
                    -0.2313770055770874,
                    -0.954035758972168,
                    -3.845841407775879
                ],
                [
                    0.0,
                    0.9718278050422668,
                    -0.23569196462631226,
                    -0.9501047730445862
                ],
                [
                    0.0,
                    0.0,
                    0.0,
                    1.0
                ]
            ]
        },
        {
            "file_path": "/data/shapenet_blender/all_50_random/02958343/8b2f030e604925c92a9eb0f146e94477/r_17",
            "rotation": 0.12566370614359174,
            "transform_matrix": [
                [
                    -0.5497919917106628,
                    -0.604041576385498,
                    0.5769424438476562,
                    2.3257293701171875
                ],
                [
                    0.8353016376495361,
                    -0.3975776135921478,
                    0.3797411024570465,
                    1.530785322189331
                ],
                [
                    -1.4901161193847656e-08,
                    0.6906994581222534,
                    0.7231419086456299,
                    2.9150781631469727
                ],
                [
                    0.0,
                    0.0,
                    0.0,
                    1.0
                ]
            ]
        },
        {
            "file_path": "/data/shapenet_blender/all_50_random/02958343/8b2f030e604925c92a9eb0f146e94477/r_18",
            "rotation": 0.12566370614359174,
            "transform_matrix": [
                [
                    0.9674382209777832,
                    -0.06679193675518036,
                    0.24413566291332245,
                    0.9841423630714417
                ],
                [
                    0.2531074583530426,
                    0.2552950084209442,
                    -0.9331458210945129,
                    -3.7616310119628906
                ],
                [
                    0.0,
                    0.9645534157752991,
                    0.2638876438140869,
                    1.0637651681900024
                ],
                [
                    0.0,
                    0.0,
                    0.0,
                    1.0
                ]
            ]
        },
        {
            "file_path": "/data/shapenet_blender/all_50_random/02958343/8b2f030e604925c92a9eb0f146e94477/r_19",
            "rotation": 0.12566370614359174,
            "transform_matrix": [
                [
                    0.5773890614509583,
                    0.03206758573651314,
                    0.8158392310142517,
                    3.288752794265747
                ],
                [
                    0.8164692521095276,
                    -0.02267749421298504,
                    -0.576943576335907,
                    -2.3257336616516113
                ],
                [
                    0.0,
                    0.9992282390594482,
                    -0.039275940507650375,
                    -0.15832635760307312
                ],
                [
                    0.0,
                    0.0,
                    0.0,
                    1.0
                ]
            ]
        },
        {
            "file_path": "/data/shapenet_blender/all_50_random/02958343/8b2f030e604925c92a9eb0f146e94477/r_20",
            "rotation": 0.12566370614359174,
            "transform_matrix": [
                [
                    0.9379478096961975,
                    0.2321699857711792,
                    -0.2575867772102356,
                    -1.0383656024932861
                ],
                [
                    -0.34677642583847046,
                    0.6279646754264832,
                    -0.6967110633850098,
                    -2.808532476425171
                ],
                [
                    0.0,
                    0.7428037524223328,
                    0.6695091128349304,
                    2.6988778114318848
                ],
                [
                    0.0,
                    0.0,
                    0.0,
                    1.0
                ]
            ]
        },
        {
            "file_path": "/data/shapenet_blender/all_50_random/02958343/8b2f030e604925c92a9eb0f146e94477/r_21",
            "rotation": 0.12566370614359174,
            "transform_matrix": [
                [
                    -0.2367597073316574,
                    0.06862131506204605,
                    0.9691419005393982,
                    3.906735897064209
                ],
                [
                    0.9715682864189148,
                    0.01672220416367054,
                    0.23616842925548553,
                    0.9520254135131836
                ],
                [
                    0.0,
                    0.9975024461746216,
                    -0.07062945514917374,
                    -0.2847164273262024
                ],
                [
                    0.0,
                    0.0,
                    0.0,
                    1.0
                ]
            ]
        },
        {
            "file_path": "/data/shapenet_blender/all_50_random/02958343/8b2f030e604925c92a9eb0f146e94477/r_22",
            "rotation": 0.12566370614359174,
            "transform_matrix": [
                [
                    -0.7233667373657227,
                    0.2859463095664978,
                    0.6284705996513367,
                    2.5334460735321045
                ],
                [
                    0.6904640793800354,
                    0.29957249760627747,
                    0.6584190726280212,
                    2.65417218208313
                ],
                [
                    0.0,
                    0.9102147817611694,
                    -0.41413643956184387,
                    -1.6694374084472656
                ],
                [
                    0.0,
                    0.0,
                    0.0,
                    1.0
                ]
            ]
        },
        {
            "file_path": "/data/shapenet_blender/all_50_random/02958343/8b2f030e604925c92a9eb0f146e94477/r_23",
            "rotation": 0.12566370614359174,
            "transform_matrix": [
                [
                    -0.9163824915885925,
                    0.038446493446826935,
                    0.3984532654285431,
                    1.606216311454773
                ],
                [
                    0.40030378103256226,
                    0.08801239728927612,
                    0.912146270275116,
                    3.676978826522827
                ],
                [
                    -3.725290076417309e-09,
                    0.9953771233558655,
                    -0.09604331105947495,
                    -0.3871629238128662
                ],
                [
                    0.0,
                    0.0,
                    0.0,
                    1.0
                ]
            ]
        },
        {
            "file_path": "/data/shapenet_blender/all_50_random/02958343/8b2f030e604925c92a9eb0f146e94477/r_24",
            "rotation": 0.12566370614359174,
            "transform_matrix": [
                [
                    0.8271093964576721,
                    0.3058272898197174,
                    0.4715502858161926,
                    1.9008800983428955
                ],
                [
                    0.5620409250259399,
                    -0.45006081461906433,
                    -0.6939417123794556,
                    -2.7973687648773193
                ],
                [
                    -1.4901161193847656e-08,
                    0.8389963507652283,
                    -0.5441369414329529,
                    -2.193486452102661
                ],
                [
                    0.0,
                    0.0,
                    0.0,
                    1.0
                ]
            ]
        },
        {
            "file_path": "/data/shapenet_blender/all_50_random/02958343/8b2f030e604925c92a9eb0f146e94477/r_25",
            "rotation": 0.12566370614359174,
            "transform_matrix": [
                [
                    0.396078497171402,
                    -0.00808312650769949,
                    0.9181810617446899,
                    3.7013063430786133
                ],
                [
                    0.9182166457176208,
                    0.003486707340925932,
                    -0.3960631489753723,
                    -1.5965815782546997
                ],
                [
                    0.0,
                    0.9999611973762512,
                    0.008803071454167366,
                    0.035486314445734024
                ],
                [
                    0.0,
                    0.0,
                    0.0,
                    1.0
                ]
            ]
        },
        {
            "file_path": "/data/shapenet_blender/all_50_random/02958343/8b2f030e604925c92a9eb0f146e94477/r_26",
            "rotation": 0.12566370614359174,
            "transform_matrix": [
                [
                    -0.8110363483428955,
                    0.06210648640990257,
                    -0.5816897749900818,
                    -2.3448665142059326
                ],
                [
                    -0.5849959254264832,
                    -0.08610420674085617,
                    0.8064526319503784,
                    3.2509145736694336
                ],
                [
                    3.725290742551124e-09,
                    0.994348406791687,
                    0.10616567730903625,
                    0.42796754837036133
                ],
                [
                    0.0,
                    0.0,
                    0.0,
                    1.0
                ]
            ]
        },
        {
            "file_path": "/data/shapenet_blender/all_50_random/02958343/8b2f030e604925c92a9eb0f146e94477/r_27",
            "rotation": 0.12566370614359174,
            "transform_matrix": [
                [
                    -0.8512250185012817,
                    -0.4006158709526062,
                    0.33900272846221924,
                    1.3665637969970703
                ],
                [
                    0.5248008966445923,
                    -0.6497974395751953,
                    0.5498611330986023,
                    2.2165613174438477
                ],
                [
                    1.4901161193847656e-08,
                    0.6459644436836243,
                    0.7633673548698425,
                    3.0772323608398438
                ],
                [
                    0.0,
                    0.0,
                    0.0,
                    1.0
                ]
            ]
        },
        {
            "file_path": "/data/shapenet_blender/all_50_random/02958343/8b2f030e604925c92a9eb0f146e94477/r_28",
            "rotation": 0.12566370614359174,
            "transform_matrix": [
                [
                    -0.9594418406486511,
                    0.07691476494073868,
                    0.27121099829673767,
                    1.0932865142822266
                ],
                [
                    0.28190651535987854,
                    0.2617720365524292,
                    0.9230406880378723,
                    3.720896005630493
                ],
                [
                    0.0,
                    0.9620600342750549,
                    -0.2728378474712372,
                    -1.0998445749282837
                ],
                [
                    0.0,
                    0.0,
                    0.0,
                    1.0
                ]
            ]
        },
        {
            "file_path": "/data/shapenet_blender/all_50_random/02958343/8b2f030e604925c92a9eb0f146e94477/r_29",
            "rotation": 0.12566370614359174,
            "transform_matrix": [
                [
                    -0.5463925004005432,
                    -0.41926640272140503,
                    0.7250316739082336,
                    2.922696113586426
                ],
                [
                    0.8375292420387268,
                    -0.27352356910705566,
                    0.4730006158351898,
                    1.9067264795303345
                ],
                [
                    -1.4901161193847656e-08,
                    0.865679144859314,
                    0.5005991458892822,
                    2.017979621887207
                ],
                [
                    0.0,
                    0.0,
                    0.0,
                    1.0
                ]
            ]
        },
        {
            "file_path": "/data/shapenet_blender/all_50_random/02958343/8b2f030e604925c92a9eb0f146e94477/r_30",
            "rotation": 0.12566370614359174,
            "transform_matrix": [
                [
                    -0.8365254402160645,
                    -0.17514057457447052,
                    -0.5191830992698669,
                    -2.0928943157196045
                ],
                [
                    -0.5479282736778259,
                    0.26738813519477844,
                    0.792639970779419,
                    3.1952340602874756
                ],
                [
                    -1.4901162970204496e-08,
                    0.947538435459137,
                    -0.31964144110679626,
                    -1.2885159254074097
                ],
                [
                    0.0,
                    0.0,
                    0.0,
                    1.0
                ]
            ]
        },
        {
            "file_path": "/data/shapenet_blender/all_50_random/02958343/8b2f030e604925c92a9eb0f146e94477/r_31",
            "rotation": 0.12566370614359174,
            "transform_matrix": [
                [
                    0.28852617740631104,
                    -0.046325262635946274,
                    0.9563506841659546,
                    3.855172872543335
                ],
                [
                    0.9574720859527588,
                    0.013959730044007301,
                    -0.28818827867507935,
                    -1.1617240905761719
                ],
                [
                    9.313225746154785e-10,
                    0.9988288283348083,
                    0.04838288947939873,
                    0.19503766298294067
                ],
                [
                    0.0,
                    0.0,
                    0.0,
                    1.0
                ]
            ]
        },
        {
            "file_path": "/data/shapenet_blender/all_50_random/02958343/8b2f030e604925c92a9eb0f146e94477/r_32",
            "rotation": 0.12566370614359174,
            "transform_matrix": [
                [
                    -0.9876638650894165,
                    -0.11110546439886093,
                    -0.11034435033798218,
                    -0.4448122978210449
                ],
                [
                    -0.15658961236476898,
                    0.7007798552513123,
                    0.6959792375564575,
                    2.805582046508789
                ],
                [
                    0.0,
                    0.7046722769737244,
                    -0.7095328569412231,
                    -2.8602185249328613
                ],
                [
                    0.0,
                    0.0,
                    0.0,
                    1.0
                ]
            ]
        },
        {
            "file_path": "/data/shapenet_blender/all_50_random/02958343/8b2f030e604925c92a9eb0f146e94477/r_33",
            "rotation": 0.12566370614359174,
            "transform_matrix": [
                [
                    -0.023256463930010796,
                    0.19062888622283936,
                    0.9813866019248962,
                    3.9560961723327637
                ],
                [
                    0.9997294545173645,
                    0.004434553440660238,
                    0.022829758003354073,
                    0.09202970564365387
                ],
                [
                    0.0,
                    0.9816521406173706,
                    -0.19068045914173126,
                    -0.7686575651168823
                ],
                [
                    0.0,
                    0.0,
                    0.0,
                    1.0
                ]
            ]
        },
        {
            "file_path": "/data/shapenet_blender/all_50_random/02958343/8b2f030e604925c92a9eb0f146e94477/r_34",
            "rotation": 0.12566370614359174,
            "transform_matrix": [
                [
                    0.38643568754196167,
                    0.6011948585510254,
                    0.6994513869285583,
                    2.8195786476135254
                ],
                [
                    0.9223164319992065,
                    -0.2518909275531769,
                    -0.293058842420578,
                    -1.181357979774475
                ],
                [
                    -1.4901161193847656e-08,
                    0.7583637833595276,
                    -0.6518315076828003,
                    -2.6276168823242188
                ],
                [
                    0.0,
                    0.0,
                    0.0,
                    1.0
                ]
            ]
        },
        {
            "file_path": "/data/shapenet_blender/all_50_random/02958343/8b2f030e604925c92a9eb0f146e94477/r_35",
            "rotation": 0.12566370614359174,
            "transform_matrix": [
                [
                    -0.9828656315803528,
                    -0.11514316499233246,
                    -0.14393417537212372,
                    -0.5802173018455505
                ],
                [
                    -0.18432305753231049,
                    0.6139777302742004,
                    0.7674999833106995,
                    3.0938916206359863
                ],
                [
                    0.0,
                    0.7808798551559448,
                    -0.6246811747550964,
                    -2.5181705951690674
                ],
                [
                    0.0,
                    0.0,
                    0.0,
                    1.0
                ]
            ]
        },
        {
            "file_path": "/data/shapenet_blender/all_50_random/02958343/8b2f030e604925c92a9eb0f146e94477/r_36",
            "rotation": 0.12566370614359174,
            "transform_matrix": [
                [
                    -0.8832639455795288,
                    -0.18105125427246094,
                    0.43251049518585205,
                    1.743505597114563
                ],
                [
                    0.4688761830329895,
                    -0.34106239676475525,
                    0.8147585988044739,
                    3.2843968868255615
                ],
                [
                    0.0,
                    0.922440767288208,
                    0.3861387073993683,
                    1.5565749406814575
                ],
                [
                    0.0,
                    0.0,
                    0.0,
                    1.0
                ]
            ]
        },
        {
            "file_path": "/data/shapenet_blender/all_50_random/02958343/8b2f030e604925c92a9eb0f146e94477/r_37",
            "rotation": 0.12566370614359174,
            "transform_matrix": [
                [
                    0.8979402780532837,
                    0.3292756974697113,
                    -0.29202866554260254,
                    -1.1772053241729736
                ],
                [
                    -0.4401172995567322,
                    0.6717979907989502,
                    -0.5958055257797241,
                    -2.4017691612243652
                ],
                [
                    0.0,
                    0.6635246872901917,
                    0.74815434217453,
                    3.015906810760498
                ],
                [
                    0.0,
                    0.0,
                    0.0,
                    1.0
                ]
            ]
        },
        {
            "file_path": "/data/shapenet_blender/all_50_random/02958343/8b2f030e604925c92a9eb0f146e94477/r_38",
            "rotation": 0.12566370614359174,
            "transform_matrix": [
                [
                    -0.8964123725891113,
                    -0.051975954324007034,
                    0.4401629567146301,
                    1.7743536233901978
                ],
                [
                    0.4432210922241211,
                    -0.10512109845876694,
                    0.8902272582054138,
                    3.588620901107788
                ],
                [
                    3.725290742551124e-09,
                    0.9931001663208008,
                    0.11726868152618408,
                    0.47272518277168274
                ],
                [
                    0.0,
                    0.0,
                    0.0,
                    1.0
                ]
            ]
        },
        {
            "file_path": "/data/shapenet_blender/all_50_random/02958343/8b2f030e604925c92a9eb0f146e94477/r_39",
            "rotation": 0.12566370614359174,
            "transform_matrix": [
                [
                    -0.9541622996330261,
                    -0.24797457456588745,
                    0.16757982969284058,
                    0.6755359172821045
                ],
                [
                    0.2992898225784302,
                    -0.790564775466919,
                    0.5342592597007751,
                    2.15366792678833
                ],
                [
                    0.0,
                    0.5599249005317688,
                    0.8285433053970337,
                    3.3399648666381836
                ],
                [
                    0.0,
                    0.0,
                    0.0,
                    1.0
                ]
            ]
        },
        {
            "file_path": "/data/shapenet_blender/all_50_random/02958343/8b2f030e604925c92a9eb0f146e94477/r_40",
            "rotation": 0.12566370614359174,
            "transform_matrix": [
                [
                    -0.8263588547706604,
                    0.21790292859077454,
                    -0.519277811050415,
                    -2.093275785446167
                ],
                [
                    -0.5631440281867981,
                    -0.3197512626647949,
                    0.7619894742965698,
                    3.0716779232025146
                ],
                [
                    0.0,
                    0.9221047759056091,
                    0.38694003224372864,
                    1.559805154800415
                ],
                [
                    0.0,
                    0.0,
                    0.0,
                    1.0
                ]
            ]
        },
        {
            "file_path": "/data/shapenet_blender/all_50_random/02958343/8b2f030e604925c92a9eb0f146e94477/r_41",
            "rotation": 0.12566370614359174,
            "transform_matrix": [
                [
                    0.6324834823608398,
                    -0.6057224273681641,
                    0.4827680289745331,
                    1.946100115776062
                ],
                [
                    0.7745736837387085,
                    0.4946068227291107,
                    -0.39420756697654724,
                    -1.5891015529632568
                ],
                [
                    0.0,
