{
    "class": "02958343",
    "model": "191f9cd970e5b0cc174ee7ebab9d8065",
    "remove_doubles": true,
    "edge_split": true,
    "denoise": true,
    "camera_angle_x": 0.6911112070083618,
    "scale_factor": 2.195271584323997,
    "hdri_file": "/data/IndoorHDRDataset2018/AG8A9129-1c923055aa.exr",
    "center_offset": [
        0.0,
        0.0,
        -4.6566128730773926e-09
    ],
    "lights": [],
    "frames": [
        {
            "file_path": "/data/shapenet_blender/all_50_random/02958343/191f9cd970e5b0cc174ee7ebab9d8065/r_0",
            "rotation": 0.12566370614359174,
            "transform_matrix": [
                [
                    0.23146124184131622,
                    -0.3855171501636505,
                    0.8931977152824402,
                    3.600595235824585
                ],
                [
                    0.972844123840332,
                    0.09172309935092926,
                    -0.2125115990638733,
                    -0.8566616773605347
                ],
                [
                    7.450580596923828e-09,
                    0.9181303381919861,
                    0.396278440952301,
                    1.597449541091919
                ],
                [
                    0.0,
                    0.0,
                    0.0,
                    1.0
                ]
            ]
        },
        {
            "file_path": "/data/shapenet_blender/all_50_random/02958343/191f9cd970e5b0cc174ee7ebab9d8065/r_1",
            "rotation": 0.12566370614359174,
            "transform_matrix": [
                [
                    -0.7551519274711609,
                    -0.0734780952334404,
                    0.6514188051223755,
                    2.625953435897827
                ],
                [
                    0.6555497646331787,
                    -0.08464211970567703,
                    0.750393271446228,
                    3.024932384490967
                ],
                [
                    0.0,
                    0.9936984777450562,
                    0.1120862066745758,
                    0.4518339931964874
                ],
                [
                    0.0,
                    0.0,
                    0.0,
                    1.0
                ]
            ]
        },
        {
            "file_path": "/data/shapenet_blender/all_50_random/02958343/191f9cd970e5b0cc174ee7ebab9d8065/r_2",
            "rotation": 0.12566370614359174,
            "transform_matrix": [
                [
                    0.9248944520950317,
                    0.18842259049415588,
                    -0.3302532136440277,
                    -1.3312933444976807
                ],
                [
                    -0.38022398948669434,
                    0.4583377540111542,
                    -0.8033406138420105,
                    -3.2383697032928467
                ],
                [
                    0.0,
                    0.8685754537582397,
                    0.4955568313598633,
                    1.9976534843444824
                ],
                [
                    0.0,
                    0.0,
                    0.0,
                    1.0
                ]
            ]
        },
        {
            "file_path": "/data/shapenet_blender/all_50_random/02958343/191f9cd970e5b0cc174ee7ebab9d8065/r_3",
            "rotation": 0.12566370614359174,
            "transform_matrix": [
                [
                    0.34526804089546204,
                    -0.017337460070848465,
                    0.9383439421653748,
                    3.782585382461548
                ],
                [
                    0.9385042190551758,
                    0.006378310266882181,
                    -0.3452090919017792,
                    -1.3915823698043823
                ],
                [
                    4.656613428188905e-10,
                    0.9998292922973633,
                    0.01847350411117077,
                    0.07446907460689545
                ],
                [
                    0.0,
                    0.0,
                    0.0,
                    1.0
                ]
            ]
        },
        {
            "file_path": "/data/shapenet_blender/all_50_random/02958343/191f9cd970e5b0cc174ee7ebab9d8065/r_4",
            "rotation": 0.12566370614359174,
            "transform_matrix": [
                [
                    -0.8299380540847778,
                    -0.42486369609832764,
                    0.3615158796310425,
                    1.4573171138763428
                ],
                [
                    0.5578556060791016,
                    -0.6320820450782776,
                    0.5378376841545105,
                    2.168092966079712
                ],
                [
                    -1.4901161193847656e-08,
                    0.6480456590652466,
                    0.7616015076637268,
                    3.0701138973236084
                ],
                [
                    0.0,
                    0.0,
                    0.0,
                    1.0
                ]
            ]
        },
        {
            "file_path": "/data/shapenet_blender/all_50_random/02958343/191f9cd970e5b0cc174ee7ebab9d8065/r_5",
            "rotation": 0.12566370614359174,
            "transform_matrix": [
                [
                    -0.786841630935669,
                    0.1304418295621872,
                    -0.6032124757766724,
                    -2.4316272735595703
                ],
                [
                    -0.6171550750732422,
                    -0.1663067489862442,
                    0.7690654993057251,
                    3.1002020835876465
                ],
                [
                    7.450581485102248e-09,
                    0.9774081707000732,
                    0.2113599181175232,
                    0.8520190715789795
                ],
                [
                    0.0,
                    0.0,
                    0.0,
                    1.0
                ]
            ]
        },
        {
            "file_path": "/data/shapenet_blender/all_50_random/02958343/191f9cd970e5b0cc174ee7ebab9d8065/r_6",
            "rotation": 0.12566370614359174,
            "transform_matrix": [
                [
                    0.9973989129066467,
                    -0.015585077926516533,
                    0.07037480920553207,
                    0.2836899161338806
                ],
                [
                    0.07207987457513809,
                    0.21565712988376617,
                    -0.9738051891326904,
                    -3.925534248352051
                ],
                [
                    9.313225746154785e-10,
                    0.9763447642326355,
                    0.21621954441070557,
                    0.8716088533401489
                ],
                [
                    0.0,
                    0.0,
                    0.0,
                    1.0
                ]
            ]
        },
        {
            "file_path": "/data/shapenet_blender/all_50_random/02958343/191f9cd970e5b0cc174ee7ebab9d8065/r_7",
            "rotation": 0.12566370614359174,
            "transform_matrix": [
                [
                    -0.27902552485466003,
                    -0.46813079714775085,
                    -0.8384498953819275,
                    -3.379899740219116
                ],
                [
                    -0.960283637046814,
                    0.13602277636528015,
                    0.24362482130527496,
                    0.9820830821990967
                ],
                [
                    0.0,
                    0.873127281665802,
                    -0.4874922037124634,
                    -1.9651439189910889
                ],
                [
                    0.0,
                    0.0,
                    0.0,
                    1.0
                ]
            ]
        },
        {
            "file_path": "/data/shapenet_blender/all_50_random/02958343/191f9cd970e5b0cc174ee7ebab9d8065/r_8",
            "rotation": 0.12566370614359174,
            "transform_matrix": [
                [
                    0.459830105304718,
                    0.7159175276756287,
                    0.5253744125366211,
                    2.117851972579956
                ],
                [
                    0.8880069255828857,
                    -0.3707183599472046,
                    -0.27205079793930054,
                    -1.0966718196868896
                ],
                [
                    0.0,
                    0.591633141040802,
                    -0.8062072396278381,
                    -3.249925374984741
                ],
                [
                    0.0,
                    0.0,
                    0.0,
                    1.0
                ]
            ]
        },
        {
            "file_path": "/data/shapenet_blender/all_50_random/02958343/191f9cd970e5b0cc174ee7ebab9d8065/r_9",
            "rotation": 0.12566370614359174,
            "transform_matrix": [
                [
                    0.19427107274532318,
                    -0.6497281193733215,
                    0.7349231839179993,
                    2.9625701904296875
                ],
                [
                    0.9809478521347046,
                    0.1286749243736267,
                    -0.1455473154783249,
                    -0.5867199897766113
                ],
                [
                    -7.4505797087454084e-09,
                    0.7491969466209412,
                    0.6623472571372986,
                    2.6700072288513184
                ],
                [
                    0.0,
                    0.0,
                    0.0,
                    1.0
                ]
            ]
        },
        {
            "file_path": "/data/shapenet_blender/all_50_random/02958343/191f9cd970e5b0cc174ee7ebab9d8065/r_10",
            "rotation": 0.12566370614359174,
            "transform_matrix": [
                [
                    -0.5585707426071167,
                    -0.15599855780601501,
                    0.8146552443504333,
                    3.283980369567871
                ],
                [
                    0.8294568657875061,
                    -0.105052150785923,
                    0.5486030578613281,
                    2.211489677429199
                ],
                [
                    0.0,
                    0.9821549654006958,
                    0.18807314336299896,
                    0.758147120475769
                ],
                [
                    0.0,
                    0.0,
                    0.0,
                    1.0
                ]
            ]
        },
        {
            "file_path": "/data/shapenet_blender/all_50_random/02958343/191f9cd970e5b0cc174ee7ebab9d8065/r_11",
            "rotation": 0.12566370614359174,
            "transform_matrix": [
                [
                    -0.8239097595214844,
                    -0.436542809009552,
                    -0.36139050126075745,
                    -1.456811785697937
                ],
                [
                    -0.5667210817337036,
                    0.6346541047096252,
                    0.5253962874412537,
                    2.1179404258728027
                ],
                [
                    -1.4901162970204496e-08,
                    0.6376867890357971,
                    -0.7702956795692444,
                    -3.105161428451538
                ],
                [
                    0.0,
                    0.0,
                    0.0,
                    1.0
                ]
            ]
        },
        {
            "file_path": "/data/shapenet_blender/all_50_random/02958343/191f9cd970e5b0cc174ee7ebab9d8065/r_12",
            "rotation": 0.12566370614359174,
            "transform_matrix": [
                [
                    0.18472599983215332,
                    0.4495088756084442,
                    -0.8739668726921082,
                    -3.523073196411133
                ],
                [
                    -0.9827901124954224,
                    0.08449004590511322,
                    -0.1642715036869049,
                    -0.6621996164321899
                ],
                [
                    7.450580596923828e-09,
                    0.8892711400985718,
                    0.45738038420677185,
                    1.843759298324585
                ],
                [
                    0.0,
                    0.0,
                    0.0,
                    1.0
                ]
            ]
        },
        {
            "file_path": "/data/shapenet_blender/all_50_random/02958343/191f9cd970e5b0cc174ee7ebab9d8065/r_13",
            "rotation": 0.12566370614359174,
            "transform_matrix": [
                [
                    0.194875568151474,
                    0.2985442280769348,
                    0.9342883229255676,
                    3.7662370204925537
                ],
                [
                    0.9808279871940613,
                    -0.05931618809700012,
                    -0.18562884628772736,
                    -0.7482938766479492
                ],
                [
                    -3.725290298461914e-09,
                    0.9525506496429443,
                    -0.30437979102134705,
                    -1.226994276046753
                ],
                [
                    0.0,
                    0.0,
                    0.0,
                    1.0
                ]
            ]
        },
        {
            "file_path": "/data/shapenet_blender/all_50_random/02958343/191f9cd970e5b0cc174ee7ebab9d8065/r_14",
            "rotation": 0.12566370614359174,
            "transform_matrix": [
                [
                    0.1606549620628357,
                    -0.14282865822315216,
                    -0.976621687412262,
                    -3.9368879795074463
                ],
                [
                    -0.987010657787323,
                    -0.023248111829161644,
                    -0.15896396338939667,
                    -0.6408042311668396
                ],
                [
                    -1.862645149230957e-09,
                    0.9894744157791138,
                    -0.14470833539962769,
                    -0.5833379626274109
                ],
                [
                    0.0,
                    0.0,
                    0.0,
                    1.0
                ]
            ]
        },
        {
            "file_path": "/data/shapenet_blender/all_50_random/02958343/191f9cd970e5b0cc174ee7ebab9d8065/r_15",
            "rotation": 0.12566370614359174,
            "transform_matrix": [
                [
                    0.7787841558456421,
                    0.46232280135154724,
                    -0.4239727854728699,
                    -1.709088921546936
                ],
                [
                    -0.6272920966148376,
                    0.5739744901657104,
                    -0.5263628959655762,
                    -2.1218366622924805
                ],
                [
                    0.0,
                    0.6758778095245361,
                    0.7370136976242065,
                    2.9709973335266113
                ],
                [
                    0.0,
                    0.0,
                    0.0,
                    1.0
                ]
            ]
        },
        {
            "file_path": "/data/shapenet_blender/all_50_random/02958343/191f9cd970e5b0cc174ee7ebab9d8065/r_16",
            "rotation": 0.12566370614359174,
            "transform_matrix": [
                [
                    0.9590741395950317,
                    0.23372814059257507,
                    0.15983743965625763,
                    0.644325315952301
                ],
                [
                    0.2831551730632782,
                    -0.7916600108146667,
                    -0.5413849949836731,
                    -2.1823928356170654
                ],
                [
                    0.0,
                    0.5644871592521667,
                    -0.825441837310791,
                    -3.3274624347686768
                ],
                [
                    0.0,
                    0.0,
                    0.0,
                    1.0
                ]
            ]
        },
        {
            "file_path": "/data/shapenet_blender/all_50_random/02958343/191f9cd970e5b0cc174ee7ebab9d8065/r_17",
            "rotation": 0.12566370614359174,
            "transform_matrix": [
                [
                    0.4792560636997223,
                    0.1533576399087906,
                    0.8641729950904846,
                    3.483592987060547
                ],
                [
                    0.8776751756668091,
                    -0.0837412029504776,
                    -0.4718831777572632,
                    -1.9022220373153687
                ],
                [
                    0.0,
                    0.9846160411834717,
                    -0.17473167181015015,
                    -0.7043659687042236
                ],
                [
                    0.0,
                    0.0,
                    0.0,
                    1.0
                ]
            ]
        },
        {
            "file_path": "/data/shapenet_blender/all_50_random/02958343/191f9cd970e5b0cc174ee7ebab9d8065/r_18",
            "rotation": 0.12566370614359174,
            "transform_matrix": [
                [
                    -0.6789557337760925,
                    0.20780709385871887,
                    -0.7041558027267456,
                    -2.8385424613952637
                ],
                [
                    -0.7341791391372681,
                    -0.19217625260353088,
                    0.6511906385421753,
                    2.625033140182495
                ],
                [
                    1.4901158529312397e-08,
                    0.9591061472892761,
                    0.2830468416213989,
                    1.140998125076294
                ],
                [
                    0.0,
                    0.0,
                    0.0,
                    1.0
                ]
            ]
        },
        {
            "file_path": "/data/shapenet_blender/all_50_random/02958343/191f9cd970e5b0cc174ee7ebab9d8065/r_19",
            "rotation": 0.12566370614359174,
            "transform_matrix": [
                [
                    0.43039223551750183,
                    0.12440864741802216,
                    -0.8940273523330688,
                    -3.6039397716522217
                ],
                [
                    -0.9026420712471008,
                    0.059319764375686646,
                    -0.4262846112251282,
                    -1.7184083461761475
                ],
                [
                    0.0,
                    0.9904561638832092,
                    0.13782721757888794,
                    0.5555993318557739
                ],
                [
                    0.0,
                    0.0,
                    0.0,
                    1.0
                ]
            ]
        },
        {
            "file_path": "/data/shapenet_blender/all_50_random/02958343/191f9cd970e5b0cc174ee7ebab9d8065/r_20",
            "rotation": 0.12566370614359174,
            "transform_matrix": [
                [
                    0.7595293521881104,
                    -0.1911272257566452,
                    0.6217600107192993,
                    2.506394863128662
                ],
                [
                    0.6504729390144348,
                    0.22317102551460266,
                    -0.7260023951530457,
                    -2.9266092777252197
                ],
                [
                    0.0,
                    0.9558582305908203,
                    0.2938280403614044,
                    1.1844587326049805
                ],
                [
                    0.0,
                    0.0,
                    0.0,
                    1.0
                ]
            ]
        },
        {
            "file_path": "/data/shapenet_blender/all_50_random/02958343/191f9cd970e5b0cc174ee7ebab9d8065/r_21",
            "rotation": 0.12566370614359174,
            "transform_matrix": [
                [
                    0.31056615710258484,
                    0.43753090500831604,
                    0.8438692092895508,
                    3.4017457962036133
                ],
                [
                    0.9505518078804016,
                    -0.14295095205307007,
                    -0.2757106125354767,
                    -1.1114251613616943
                ],
                [
                    -7.450581485102248e-09,
                    0.8877677917480469,
                    -0.46029144525527954,
                    -1.8554942607879639
                ],
                [
                    0.0,
                    0.0,
                    0.0,
                    1.0
                ]
            ]
        },
        {
            "file_path": "/data/shapenet_blender/all_50_random/02958343/191f9cd970e5b0cc174ee7ebab9d8065/r_22",
            "rotation": 0.12566370614359174,
            "transform_matrix": [
                [
                    -0.5136153101921082,
                    0.29150494933128357,
                    -0.8069844841957092,
                    -3.253058671951294
                ],
                [
                    -0.858020544052124,
                    -0.17449632287025452,
                    0.4830649197101593,
                    1.9472970962524414
                ],
                [
                    -1.4901161193847656e-08,
                    0.940518856048584,
                    0.3397412598133087,
                    1.3695409297943115
                ],
                [
                    0.0,
                    0.0,
                    0.0,
                    1.0
                ]
            ]
        },
        {
            "file_path": "/data/shapenet_blender/all_50_random/02958343/191f9cd970e5b0cc174ee7ebab9d8065/r_23",
            "rotation": 0.12566370614359174,
            "transform_matrix": [
                [
                    -0.060936301946640015,
                    -0.3862265944480896,
                    0.9203888177871704,
                    3.7102062702178955
                ],
                [
                    0.9981415867805481,
                    -0.023579038679599762,
                    0.05618951469659805,
                    0.22650718688964844
                ],
                [
                    0.0,
                    0.9221025109291077,
                    0.38694560527801514,
                    1.5598278045654297
                ],
                [
                    0.0,
                    0.0,
                    0.0,
                    1.0
                ]
            ]
        },
        {
            "file_path": "/data/shapenet_blender/all_50_random/02958343/191f9cd970e5b0cc174ee7ebab9d8065/r_24",
            "rotation": 0.12566370614359174,
            "transform_matrix": [
                [
                    -0.325805127620697,
                    0.5526676774024963,
                    0.7670785188674927,
                    3.0921924114227295
                ],
                [
                    0.945436954498291,
                    0.1904536932706833,
                    0.2643413841724396,
                    1.06559419631958
                ],
                [
                    0.0,
                    0.8113480806350708,
                    -0.5845632553100586,
                    -2.356449842453003
                ],
                [
                    0.0,
                    0.0,
                    0.0,
                    1.0
                ]
            ]
        },
        {
            "file_path": "/data/shapenet_blender/all_50_random/02958343/191f9cd970e5b0cc174ee7ebab9d8065/r_25",
            "rotation": 0.12566370614359174,
            "transform_matrix": [
                [
                    0.9667721390724182,
                    0.14226053655147552,
                    -0.21239948272705078,
                    -0.8562097549438477
                ],
                [
                    -0.25563958287239075,
                    0.5379977226257324,
                    -0.8032475709915161,
                    -3.23799467086792
                ],
                [
                    7.450580152834618e-09,
                    0.8308551907539368,
                    0.556488573551178,
                    2.2432775497436523
                ],
                [
                    0.0,
                    0.0,
                    0.0,
                    1.0
                ]
            ]
        },
        {
            "file_path": "/data/shapenet_blender/all_50_random/02958343/191f9cd970e5b0cc174ee7ebab9d8065/r_26",
            "rotation": 0.12566370614359174,
            "transform_matrix": [
                [
                    -0.5616486668586731,
                    -0.5241653919219971,
                    -0.6401573419570923,
                    -2.580556869506836
                ],
                [
                    -0.8273759484291077,
                    0.3558199107646942,
                    0.4345588684082031,
                    1.751762866973877
                ],
                [
                    1.4901162970204496e-08,
                    0.7737200856208801,
                    -0.6335275769233704,
                    -2.5538313388824463
                ],
                [
                    0.0,
                    0.0,
                    0.0,
                    1.0
                ]
            ]
        },
        {
            "file_path": "/data/shapenet_blender/all_50_random/02958343/191f9cd970e5b0cc174ee7ebab9d8065/r_27",
            "rotation": 0.12566370614359174,
            "transform_matrix": [
                [
                    0.8820928335189819,
                    0.1755129098892212,
                    -0.43715834617614746,
                    -1.7622416019439697
                ],
                [
                    -0.47107556462287903,
                    0.3286493122577667,
                    -0.8185825347900391,
                    -3.299811840057373
                ],
                [
                    0.0,
                    0.9280004501342773,
                    0.37257906794548035,
                    1.5019142627716064
                ],
                [
                    0.0,
                    0.0,
                    0.0,
                    1.0
                ]
            ]
        },
        {
            "file_path": "/data/shapenet_blender/all_50_random/02958343/191f9cd970e5b0cc174ee7ebab9d8065/r_28",
            "rotation": 0.12566370614359174,
            "transform_matrix": [
                [
                    0.6614853739738464,
                    0.05365654453635216,
                    -0.7480360865592957,
                    -3.015429973602295
                ],
                [
                    -0.7499579787254333,
                    0.04732667654752731,
                    -0.6597902178764343,
                    -2.6596994400024414
                ],
                [
                    0.0,
                    0.9974372982978821,
                    0.0715460553765297,
                    0.28841137886047363
                ],
                [
                    0.0,
                    0.0,
                    0.0,
                    1.0
                ]
            ]
        },
        {
            "file_path": "/data/shapenet_blender/all_50_random/02958343/191f9cd970e5b0cc174ee7ebab9d8065/r_29",
            "rotation": 0.12566370614359174,
            "transform_matrix": [
                [
                    0.47326964139938354,
                    0.47612258791923523,
                    -0.7411633729934692,
                    -2.987725257873535
                ],
                [
                    -0.8809177875518799,
                    0.2557950019836426,
                    -0.39818713068962097,
                    -1.6051437854766846
                ],
                [
                    0.0,
                    0.8413537740707397,
                    0.5404847264289856,
                    2.1787638664245605
                ],
                [
                    0.0,
                    0.0,
                    0.0,
                    1.0
                ]
            ]
        },
        {
            "file_path": "/data/shapenet_blender/all_50_random/02958343/191f9cd970e5b0cc174ee7ebab9d8065/r_30",
            "rotation": 0.12566370614359174,
            "transform_matrix": [
                [
                    -0.7739121317863464,
                    0.6262935400009155,
                    0.09389597177505493,
                    0.3785068094730377
                ],
                [
                    0.6332930326461792,
                    0.7653584480285645,
                    0.11474503576755524,
                    0.4625520706176758
                ],
                [
                    0.0,
                    0.1482660174369812,
                    -0.9889473915100098,
                    -3.986574649810791
                ],
                [
                    0.0,
                    0.0,
                    0.0,
                    1.0
                ]
            ]
        },
        {
            "file_path": "/data/shapenet_blender/all_50_random/02958343/191f9cd970e5b0cc174ee7ebab9d8065/r_31",
            "rotation": 0.12566370614359174,
            "transform_matrix": [
                [
                    0.7220174670219421,
                    0.6724411845207214,
                    -0.16282965242862701,
                    -0.6563873887062073
                ],
                [
                    -0.6918748617172241,
                    0.7017371654510498,
                    -0.1699236035346985,
                    -0.684984028339386
                ],
                [
                    -7.450581485102248e-09,
                    0.23534563183784485,
                    0.9719116687774658,
                    3.9179015159606934
                ],
                [
                    0.0,
                    0.0,
                    0.0,
                    1.0
                ]
            ]
        },
        {
            "file_path": "/data/shapenet_blender/all_50_random/02958343/191f9cd970e5b0cc174ee7ebab9d8065/r_32",
            "rotation": 0.12566370614359174,
            "transform_matrix": [
                [
                    -0.6660053133964539,
                    0.04659382626414299,
                    0.744490385055542,
                    3.0011367797851562
                ],
                [
                    0.745947003364563,
                    0.041600458323955536,
                    0.6647047996520996,
                    2.6795108318328857
                ],
                [
                    -1.862645149230957e-09,
                    0.9980472922325134,
                    -0.06246265023946762,
                    -0.2517949938774109
                ],
                [
                    0.0,
                    0.0,
                    0.0,
                    1.0
                ]
            ]
        },
        {
            "file_path": "/data/shapenet_blender/all_50_random/02958343/191f9cd970e5b0cc174ee7ebab9d8065/r_33",
            "rotation": 0.12566370614359174,
            "transform_matrix": [
                [
                    -0.9919957518577576,
                    -0.11216545104980469,
                    0.05799434334039688,
                    0.23378267884254456
                ],
                [
                    0.12627127766609192,
                    -0.8811794519424438,
                    0.45560750365257263,
                    1.836612582206726
                ],
                [
                    3.725290742551124e-09,
                    0.4592836797237396,
                    0.8882896304130554,
                    3.580810070037842
                ],
                [
                    0.0,
                    0.0,
                    0.0,
                    1.0
                ]
            ]
        },
        {
            "file_path": "/data/shapenet_blender/all_50_random/02958343/191f9cd970e5b0cc174ee7ebab9d8065/r_34",
            "rotation": 0.12566370614359174,
            "transform_matrix": [
                [
                    -0.4162282943725586,
                    0.6266549229621887,
                    0.6588304042816162,
                    2.6558306217193604
                ],
                [
                    0.909260094165802,
                    0.28686127066612244,
                    0.30159011483192444,
                    1.2157487869262695
                ],
                [
                    0.0,
                    0.7245787382125854,
                    -0.689191997051239,
                    -2.77822208404541
                ],
                [
                    0.0,
                    0.0,
                    0.0,
                    1.0
                ]
            ]
        },
        {
            "file_path": "/data/shapenet_blender/all_50_random/02958343/191f9cd970e5b0cc174ee7ebab9d8065/r_35",
            "rotation": 0.12566370614359174,
            "transform_matrix": [
                [
                    0.1302189975976944,
                    -0.844174325466156,
                    -0.5200120210647583,
                    -2.096235513687134
                ],
                [
                    -0.9914853572845459,
                    -0.1108715683221817,
                    -0.06829696893692017,
                    -0.2753138840198517
                ],
                [
                    0.0,
                    0.5244777798652649,
                    -0.8514240980148315,
                    -3.4322004318237305
                ],
                [
                    0.0,
                    0.0,
                    0.0,
                    1.0
                ]
            ]
        },
        {
            "file_path": "/data/shapenet_blender/all_50_random/02958343/191f9cd970e5b0cc174ee7ebab9d8065/r_36",
            "rotation": 0.12566370614359174,
            "transform_matrix": [
                [
                    0.5097081065177917,
                    0.09348976612091064,
                    0.8552528023719788,
                    3.447634220123291
                ],
                [
                    0.8603474497795105,
                    -0.05538749322295189,
                    -0.5066897869110107,
                    -2.042531967163086
                ],
                [
                    -3.725290298461914e-09,
                    0.9940784573554993,
                    -0.10866513103246689,
                    -0.43804314732551575
                ],
                [
                    0.0,
                    0.0,
                    0.0,
                    1.0
                ]
            ]
        },
        {
            "file_path": "/data/shapenet_blender/all_50_random/02958343/191f9cd970e5b0cc174ee7ebab9d8065/r_37",
            "rotation": 0.12566370614359174,
            "transform_matrix": [
                [
                    -0.9965698719024658,
                    -0.08253146708011627,
                    0.006091530434787273,
                    0.024555742740631104
                ],
                [
                    0.08275598287582397,
                    -0.9938662648200989,
                    0.07335585355758667,
                    0.2957068979740143
                ],
                [
                    4.656612873077393e-10,
                    0.07360904663801193,
                    0.9972872138023376,
                    4.020193099975586
                ],
                [
                    0.0,
                    0.0,
                    0.0,
                    1.0
                ]
            ]
        },
        {
            "file_path": "/data/shapenet_blender/all_50_random/02958343/191f9cd970e5b0cc174ee7ebab9d8065/r_38",
            "rotation": 0.12566370614359174,
            "transform_matrix": [
                [
                    0.9568676352500916,
                    0.16891252994537354,
                    0.236374631524086,
                    0.9528566598892212
                ],
                [
                    0.29052436351776123,
                    -0.556328296661377,
                    -0.7785206437110901,
                    -3.138317346572876
                ],
                [
                    0.0,
                    0.813613772392273,
                    -0.5814056396484375,
                    -2.343721389770508
                ],
                [
                    0.0,
                    0.0,
                    0.0,
                    1.0
                ]
            ]
        },
        {
            "file_path": "/data/shapenet_blender/all_50_random/02958343/191f9cd970e5b0cc174ee7ebab9d8065/r_39",
            "rotation": 0.12566370614359174,
            "transform_matrix": [
                [
                    -0.674569308757782,
                    -0.4416673183441162,
                    -0.5915116667747498,
                    -2.384459972381592
                ],
                [
                    -0.7382113933563232,
                    0.4035906493663788,
                    0.54051673412323,
                    2.1788928508758545
                ],
                [
                    0.0,
                    0.8012768030166626,
                    -0.5982937216758728,
                    -2.411799430847168
                ],
                [
                    0.0,
                    0.0,
                    0.0,
                    1.0
                ]
            ]
        },
        {
            "file_path": "/data/shapenet_blender/all_50_random/02958343/191f9cd970e5b0cc174ee7ebab9d8065/r_40",
            "rotation": 0.12566370614359174,
            "transform_matrix": [
                [
                    0.9560593366622925,
                    -0.046771544963121414,
                    0.2894185185432434,
                    1.1666834354400635
                ],
                [
                    0.2931734621524811,
                    0.15252529084682465,
                    -0.943814218044281,
                    -3.8046369552612305
                ],
                [
                    3.725290742551124e-09,
                    0.9871921539306641,
                    0.15953539311885834,
                    0.6431077718734741
                ],
                [
                    0.0,
                    0.0,
                    0.0,
                    1.0
                ]
            ]
        },
        {
            "file_path": "/data/shapenet_blender/all_50_random/02958343/191f9cd970e5b0cc174ee7ebab9d8065/r_41",
            "rotation": 0.12566370614359174,
            "transform_matrix": [
                [
                    -0.027542218565940857,
                    0.7063841819763184,
                    -0.7072924375534058,
                    -2.851187229156494
                ],
                [
                    -0.9996206760406494,
                    -0.019462771713733673,
                    0.019487794488668442,
                    0.0785578191280365
                ],
                [
                    -9.31322685637781e-10,
