{
    "class": "02958343",
    "model": "c00ec8e0880f507ba2e48b029cec5d4b",
    "remove_doubles": true,
    "edge_split": true,
    "denoise": true,
    "camera_angle_x": 0.6911112070083618,
    "scale_factor": 2.5033232355674127,
    "hdri_file": "/data/IndoorHDRDataset2018/AG8A1307-70d0f8af04.exr",
    "center_offset": [
        0.0,
        0.0,
        -4.6566128730773926e-09
    ],
    "lights": [],
    "frames": [
        {
            "file_path": "/data/shapenet_blender/all_50_random/02958343/c00ec8e0880f507ba2e48b029cec5d4b/r_0",
            "rotation": 0.12566370614359174,
            "transform_matrix": [
                [
                    0.48820436000823975,
                    -0.7116187810897827,
                    -0.5052277445793152,
                    -2.0366384983062744
                ],
                [
                    -0.8727293014526367,
                    -0.3980792164802551,
                    -0.28262415528297424,
                    -1.1392945051193237
                ],
                [
                    -1.4901159417490817e-08,
                    0.5789055824279785,
                    -0.8153946399688721,
                    -3.286961078643799
                ],
                [
                    0.0,
                    0.0,
                    0.0,
                    1.0
                ]
            ]
        },
        {
            "file_path": "/data/shapenet_blender/all_50_random/02958343/c00ec8e0880f507ba2e48b029cec5d4b/r_1",
            "rotation": 0.12566370614359174,
            "transform_matrix": [
                [
                    -0.4643121659755707,
                    -0.20350664854049683,
                    -0.8619740009307861,
                    -3.4747283458709717
                ],
                [
                    -0.8856715559959412,
                    0.10668809711933136,
                    0.4518887400627136,
                    1.8216217756271362
                ],
                [
                    7.450580152834618e-09,
                    0.9732434749603271,
                    -0.22977660596370697,
                    -0.9262591004371643
                ],
                [
                    0.0,
                    0.0,
                    0.0,
                    1.0
                ]
            ]
        },
        {
            "file_path": "/data/shapenet_blender/all_50_random/02958343/c00ec8e0880f507ba2e48b029cec5d4b/r_2",
            "rotation": 0.12566370614359174,
            "transform_matrix": [
                [
                    0.2894423305988312,
                    0.23451878130435944,
                    -0.9280216097831726,
                    -3.7409746646881104
                ],
                [
                    -0.9571954607963562,
                    0.07091515511274338,
                    -0.2806205749511719,
                    -1.1312177181243896
                ],
                [
                    7.450580596923828e-09,
                    0.9695214629173279,
                    0.24500620365142822,
                    0.9876515865325928
                ],
                [
                    0.0,
                    0.0,
                    0.0,
                    1.0
                ]
            ]
        },
        {
            "file_path": "/data/shapenet_blender/all_50_random/02958343/c00ec8e0880f507ba2e48b029cec5d4b/r_3",
            "rotation": 0.12566370614359174,
            "transform_matrix": [
                [
                    0.6158767342567444,
                    0.46841928362846375,
                    -0.6334660053253174,
                    -2.5535833835601807
                ],
                [
                    -0.7878426313400269,
                    0.3661753535270691,
                    -0.4951966106891632,
                    -1.996201515197754
                ],
                [
                    1.4901161193847656e-08,
                    0.8040515780448914,
                    0.5945594310760498,
                    2.3967459201812744
                ],
                [
                    0.0,
                    0.0,
                    0.0,
                    1.0
                ]
            ]
        },
        {
            "file_path": "/data/shapenet_blender/all_50_random/02958343/c00ec8e0880f507ba2e48b029cec5d4b/r_4",
            "rotation": 0.12566370614359174,
            "transform_matrix": [
                [
                    0.8321908712387085,
                    0.12652140855789185,
                    0.5398618578910828,
                    2.176252841949463
                ],
                [
                    0.5544894933700562,
                    -0.18988631665706635,
                    -0.8102374076843262,
                    -3.266171455383301
                ],
                [
                    7.450581485102248e-09,
                    0.973619818687439,
                    -0.22817641496658325,
                    -0.919808566570282
                ],
                [
                    0.0,
                    0.0,
                    0.0,
                    1.0
                ]
            ]
        },
        {
            "file_path": "/data/shapenet_blender/all_50_random/02958343/c00ec8e0880f507ba2e48b029cec5d4b/r_5",
            "rotation": 0.12566370614359174,
            "transform_matrix": [
                [
                    -0.2500413954257965,
                    -0.42928922176361084,
                    -0.867865264415741,
                    -3.49847674369812
                ],
                [
                    -0.9682351350784302,
                    0.11086159199476242,
                    0.22412143647670746,
                    0.9034624099731445
                ],
                [
                    7.4505797087454084e-09,
                    0.8963372707366943,
                    -0.4433728754520416,
                    -1.7872931957244873
                ],
                [
                    0.0,
                    0.0,
                    0.0,
                    1.0
                ]
            ]
        },
        {
            "file_path": "/data/shapenet_blender/all_50_random/02958343/c00ec8e0880f507ba2e48b029cec5d4b/r_6",
            "rotation": 0.12566370614359174,
            "transform_matrix": [
                [
                    -0.995941162109375,
                    -0.01864428073167801,
                    0.08805480599403381,
                    0.35496026277542114
                ],
                [
                    0.0900069922208786,
                    -0.20630180835723877,
                    0.9743399024009705,
                    3.927689790725708
                ],
                [
                    0.0,
                    0.9783107042312622,
                    0.20714259147644043,
                    0.835018515586853
                ],
                [
                    0.0,
                    0.0,
                    0.0,
                    1.0
                ]
            ]
        },
        {
            "file_path": "/data/shapenet_blender/all_50_random/02958343/c00ec8e0880f507ba2e48b029cec5d4b/r_7",
            "rotation": 0.12566370614359174,
            "transform_matrix": [
                [
                    0.9763146042823792,
                    0.15124067664146423,
                    0.15471313893795013,
                    0.6236686110496521
                ],
                [
                    0.21635597944259644,
                    -0.6824793815612793,
                    -0.6981489658355713,
                    -2.81432843208313
                ],
                [
                    0.0,
                    0.715086042881012,
                    -0.6990364193916321,
                    -2.817905902862549
                ],
                [
                    0.0,
                    0.0,
                    0.0,
                    1.0
                ]
            ]
        },
        {
            "file_path": "/data/shapenet_blender/all_50_random/02958343/c00ec8e0880f507ba2e48b029cec5d4b/r_8",
            "rotation": 0.12566370614359174,
            "transform_matrix": [
                [
                    -0.8285727500915527,
                    -0.15196694433689117,
                    0.538862943649292,
                    2.1722257137298584
                ],
                [
                    0.5598813891410828,
                    -0.22489704191684723,
                    0.7974674105644226,
                    3.214693546295166
                ],
                [
                    0.0,
                    0.9624590277671814,
                    0.27142706513404846,
                    1.094157338142395
                ],
                [
                    0.0,
                    0.0,
                    0.0,
                    1.0
                ]
            ]
        },
        {
            "file_path": "/data/shapenet_blender/all_50_random/02958343/c00ec8e0880f507ba2e48b029cec5d4b/r_9",
            "rotation": 0.12566370614359174,
            "transform_matrix": [
                [
                    -0.14895352721214294,
                    0.837639570236206,
                    0.525521457195282,
                    2.1184446811676025
                ],
                [
                    0.9888442158699036,
                    0.12617698311805725,
                    0.0791613906621933,
                    0.3191097676753998
                ],
                [
                    0.0,
                    0.5314502716064453,
                    -0.8470894694328308,
                    -3.414726972579956
                ],
                [
                    0.0,
                    0.0,
                    0.0,
                    1.0
                ]
            ]
        },
        {
            "file_path": "/data/shapenet_blender/all_50_random/02958343/c00ec8e0880f507ba2e48b029cec5d4b/r_10",
            "rotation": 0.12566370614359174,
            "transform_matrix": [
                [
                    0.4432423412799835,
                    -0.5055262446403503,
                    -0.7402561902999878,
                    -2.9840683937072754
                ],
                [
                    -0.8964018225669861,
                    -0.24996677041053772,
                    -0.36603328585624695,
                    -1.4755275249481201
                ],
                [
                    0.0,
                    0.8258084654808044,
                    -0.5639504790306091,
                    -2.273357391357422
                ],
                [
                    0.0,
                    0.0,
                    0.0,
                    1.0
                ]
            ]
        },
        {
            "file_path": "/data/shapenet_blender/all_50_random/02958343/c00ec8e0880f507ba2e48b029cec5d4b/r_11",
            "rotation": 0.12566370614359174,
            "transform_matrix": [
                [
                    -0.1635921597480774,
                    -0.026117997244000435,
                    -0.9861822128295898,
                    -3.9754278659820557
                ],
                [
                    -0.9865279793739319,
                    0.004331047646701336,
                    0.16353482007980347,
                    0.6592299938201904
                ],
                [
                    0.0,
                    0.9996495842933655,
                    -0.026474658399820328,
                    -0.10672277212142944
                ],
                [
                    0.0,
                    0.0,
                    0.0,
                    1.0
                ]
            ]
        },
        {
            "file_path": "/data/shapenet_blender/all_50_random/02958343/c00ec8e0880f507ba2e48b029cec5d4b/r_12",
            "rotation": 0.12566370614359174,
            "transform_matrix": [
                [
                    -0.7501402497291565,
                    -0.12266650050878525,
                    -0.6498019099235535,
                    -2.6194355487823486
                ],
                [
                    -0.6612787842750549,
                    0.13915017247200012,
                    0.737121045589447,
                    2.9714303016662598
                ],
                [
                    -7.450580596923828e-09,
                    0.9826443791389465,
                    -0.185498908162117,
                    -0.7477700710296631
                ],
                [
                    0.0,
                    0.0,
                    0.0,
                    1.0
                ]
            ]
        },
        {
            "file_path": "/data/shapenet_blender/all_50_random/02958343/c00ec8e0880f507ba2e48b029cec5d4b/r_13",
            "rotation": 0.12566370614359174,
            "transform_matrix": [
                [
                    0.4406873285770416,
                    0.8503644466400146,
                    -0.2875327467918396,
                    -1.1590814590454102
                ],
                [
                    -0.8976607322692871,
                    0.41746821999549866,
                    -0.14115804433822632,
                    -0.5690262317657471
                ],
                [
                    0.0,
                    0.32031330466270447,
                    0.9473116993904114,
                    3.818735122680664
                ],
                [
                    0.0,
                    0.0,
                    0.0,
                    1.0
                ]
            ]
        },
        {
            "file_path": "/data/shapenet_blender/all_50_random/02958343/c00ec8e0880f507ba2e48b029cec5d4b/r_14",
            "rotation": 0.12566370614359174,
            "transform_matrix": [
                [
                    0.343309223651886,
                    0.8356947898864746,
                    0.4286641478538513,
                    1.7280004024505615
                ],
                [
                    0.9392224550247192,
                    -0.30546730756759644,
                    -0.15668745338916779,
                    -0.6316273212432861
                ],
                [
                    0.0,
                    0.4564032554626465,
                    -0.8897730112075806,
                    -3.586789846420288
                ],
                [
                    0.0,
                    0.0,
                    0.0,
                    1.0
                ]
            ]
        },
        {
            "file_path": "/data/shapenet_blender/all_50_random/02958343/c00ec8e0880f507ba2e48b029cec5d4b/r_15",
            "rotation": 0.12566370614359174,
            "transform_matrix": [
                [
                    0.03513198345899582,
                    -0.48356643319129944,
                    -0.8746023178100586,
                    -3.525634765625
                ],
                [
                    -0.9993827939033508,
                    -0.0169991385191679,
                    -0.0307454913854599,
                    -0.12393903732299805
                ],
                [
                    9.31322685637781e-10,
                    0.875142514705658,
                    -0.4838651120662689,
                    -1.9505226612091064
                ],
                [
                    0.0,
                    0.0,
                    0.0,
                    1.0
                ]
            ]
        },
        {
            "file_path": "/data/shapenet_blender/all_50_random/02958343/c00ec8e0880f507ba2e48b029cec5d4b/r_16",
            "rotation": 0.12566370614359174,
            "transform_matrix": [
                [
                    -0.8583741784095764,
                    0.3594493567943573,
                    -0.36604616045951843,
                    -1.4755792617797852
                ],
                [
                    -0.5130239725112915,
                    -0.6014183759689331,
                    0.6124559044837952,
                    2.468888759613037
                ],
                [
                    -1.4901160305669237e-08,
                    0.7135068774223328,
                    0.7006481885910034,
                    2.8244032859802246
                ],
                [
                    0.0,
                    0.0,
                    0.0,
                    1.0
                ]
            ]
        },
        {
            "file_path": "/data/shapenet_blender/all_50_random/02958343/c00ec8e0880f507ba2e48b029cec5d4b/r_17",
            "rotation": 0.12566370614359174,
            "transform_matrix": [
                [
                    0.5668516159057617,
                    -0.2976008653640747,
                    -0.7681881189346313,
                    -3.096665382385254
                ],
                [
                    -0.8238199353218079,
                    -0.20477232336997986,
                    -0.5285726189613342,
                    -2.130744457244873
                ],
                [
                    1.4901161193847656e-08,
                    0.932470977306366,
                    -0.3612450063228607,
                    -1.4562251567840576
                ],
                [
                    0.0,
                    0.0,
                    0.0,
                    1.0
                ]
            ]
        },
        {
            "file_path": "/data/shapenet_blender/all_50_random/02958343/c00ec8e0880f507ba2e48b029cec5d4b/r_18",
            "rotation": 0.12566370614359174,
            "transform_matrix": [
                [
                    0.7868534922599792,
                    0.041214752942323685,
                    -0.6157620549201965,
                    -2.4822163581848145
                ],
                [
                    -0.6171398758888245,
                    0.05254881829023361,
                    -0.7850967645645142,
                    -3.1648263931274414
                ],
                [
                    0.0,
                    0.997767448425293,
                    0.06678348779678345,
                    0.26921284198760986
                ],
                [
                    0.0,
                    0.0,
                    0.0,
                    1.0
                ]
            ]
        },
        {
            "file_path": "/data/shapenet_blender/all_50_random/02958343/c00ec8e0880f507ba2e48b029cec5d4b/r_19",
            "rotation": 0.12566370614359174,
            "transform_matrix": [
                [
                    -0.934779703617096,
                    -0.11636769026517868,
                    0.33562710881233215,
                    1.3529562950134277
                ],
                [
                    0.35522812604904175,
                    -0.30622053146362305,
                    0.8831998109817505,
                    3.5602924823760986
                ],
                [
                    -7.450580596923828e-09,
                    0.9448214769363403,
                    0.32758575677871704,
                    1.3205405473709106
                ],
                [
                    0.0,
                    0.0,
                    0.0,
                    1.0
                ]
            ]
        },
        {
            "file_path": "/data/shapenet_blender/all_50_random/02958343/c00ec8e0880f507ba2e48b029cec5d4b/r_20",
            "rotation": 0.12566370614359174,
            "transform_matrix": [
                [
                    -0.6568207740783691,
                    -0.53874671459198,
                    0.5275778770446777,
                    2.126734495162964
                ],
                [
                    0.7540467977523804,
                    -0.46928131580352783,
                    0.4595525860786438,
                    1.852515697479248
                ],
                [
                    -1.4901162970204496e-08,
                    0.6996619701385498,
                    0.7144739031791687,
                    2.880136489868164
                ],
                [
                    0.0,
                    0.0,
                    0.0,
                    1.0
                ]
            ]
        },
        {
            "file_path": "/data/shapenet_blender/all_50_random/02958343/c00ec8e0880f507ba2e48b029cec5d4b/r_21",
            "rotation": 0.12566370614359174,
            "transform_matrix": [
                [
                    -0.9982411861419678,
                    0.04719879478216171,
                    -0.03587392717599869,
                    -0.14461244642734528
                ],
                [
                    -0.05928461253643036,
                    -0.79473876953125,
                    0.6040493249893188,
                    2.4350008964538574
                ],
                [
                    -1.862645149230957e-09,
                    0.605113685131073,
                    0.7961390018463135,
                    3.209339141845703
                ],
                [
                    0.0,
                    0.0,
                    0.0,
                    1.0
                ]
            ]
        },
        {
            "file_path": "/data/shapenet_blender/all_50_random/02958343/c00ec8e0880f507ba2e48b029cec5d4b/r_22",
            "rotation": 0.12566370614359174,
            "transform_matrix": [
                [
                    -0.9005095362663269,
                    0.03189163655042648,
                    -0.43366512656211853,
                    -1.7481601238250732
                ],
                [
                    -0.434836208820343,
                    -0.06604491919279099,
                    0.898084282875061,
                    3.6202938556671143
                ],
                [
                    -1.862645149230957e-09,
                    0.9973068237304688,
                    0.0733417198061943,
                    0.2956499457359314
                ],
                [
                    0.0,
                    0.0,
                    0.0,
                    1.0
                ]
            ]
        },
        {
            "file_path": "/data/shapenet_blender/all_50_random/02958343/c00ec8e0880f507ba2e48b029cec5d4b/r_23",
            "rotation": 0.12566370614359174,
            "transform_matrix": [
                [
                    0.5786060690879822,
                    0.3735371530056,
                    -0.725041389465332,
                    -2.9227352142333984
                ],
                [
                    -0.8156071305274963,
                    0.264993816614151,
                    -0.5143571496009827,
                    -2.0734400749206543
                ],
                [
                    -1.4901160305669237e-08,
                    0.8889590501785278,
                    0.45798662304878235,
                    1.846203088760376
                ],
                [
                    0.0,
                    0.0,
                    0.0,
                    1.0
                ]
            ]
        },
        {
            "file_path": "/data/shapenet_blender/all_50_random/02958343/c00ec8e0880f507ba2e48b029cec5d4b/r_24",
            "rotation": 0.12566370614359174,
            "transform_matrix": [
                [
                    0.9774271845817566,
                    0.16346801817417145,
                    0.13384421169757843,
                    0.5395432710647583
                ],
                [
                    0.2112724930047989,
                    -0.7562654614448547,
                    -0.6192144155502319,
                    -2.4961330890655518
                ],
                [
                    0.0,
                    0.6335145235061646,
                    -0.7737307548522949,
                    -3.1190085411071777
                ],
                [
                    0.0,
                    0.0,
                    0.0,
                    1.0
                ]
            ]
        },
        {
            "file_path": "/data/shapenet_blender/all_50_random/02958343/c00ec8e0880f507ba2e48b029cec5d4b/r_25",
            "rotation": 0.12566370614359174,
            "transform_matrix": [
                [
                    -0.3513790965080261,
                    -0.27243471145629883,
                    0.8957186341285706,
                    3.61075758934021
                ],
                [
                    0.9362332224845886,
                    -0.10224788635969162,
                    0.33617350459098816,
                    1.355158805847168
                ],
                [
                    0.0,
                    0.9567260146141052,
                    0.2909901738166809,
                    1.1730190515518188
                ],
                [
                    0.0,
                    0.0,
                    0.0,
                    1.0
                ]
            ]
        },
        {
            "file_path": "/data/shapenet_blender/all_50_random/02958343/c00ec8e0880f507ba2e48b029cec5d4b/r_26",
            "rotation": 0.12566370614359174,
            "transform_matrix": [
                [
                    -0.9597790837287903,
                    0.1839251071214676,
                    -0.21212148666381836,
                    -0.855089008808136
                ],
                [
                    -0.28075605630874634,
                    -0.6287575364112854,
                    0.7251483201980591,
                    2.923166275024414
                ],
                [
                    0.0,
                    0.755536675453186,
                    0.6551063656806946,
                    2.6408181190490723
                ],
                [
                    0.0,
                    0.0,
                    0.0,
                    1.0
                ]
            ]
        },
        {
            "file_path": "/data/shapenet_blender/all_50_random/02958343/c00ec8e0880f507ba2e48b029cec5d4b/r_27",
            "rotation": 0.12566370614359174,
            "transform_matrix": [
                [
                    0.914472222328186,
                    -0.39727044105529785,
                    -0.07691999524831772,
                    -0.31007441878318787
                ],
                [
                    -0.40464863181114197,
                    -0.8977981805801392,
                    -0.17383280396461487,
                    -0.7007424235343933
                ],
                [
                    0.0,
                    0.19009090960025787,
                    -0.9817664623260498,
                    -3.957627296447754
                ],
                [
                    0.0,
                    0.0,
                    0.0,
                    1.0
                ]
            ]
        },
        {
            "file_path": "/data/shapenet_blender/all_50_random/02958343/c00ec8e0880f507ba2e48b029cec5d4b/r_28",
            "rotation": 0.12566370614359174,
            "transform_matrix": [
                [
                    -0.4922788441181183,
                    -0.26511263847351074,
                    -0.8290819525718689,
                    -3.3421361446380615
                ],
                [
                    -0.8704375624656677,
                    0.14993532001972198,
                    0.4688900411128998,
                    1.8901562690734863
                ],
                [
                    -7.450580596923828e-09,
                    0.9524886608123779,
                    -0.30457398295402527,
                    -1.2277770042419434
                ],
                [
                    0.0,
                    0.0,
                    0.0,
                    1.0
                ]
            ]
        },
        {
            "file_path": "/data/shapenet_blender/all_50_random/02958343/c00ec8e0880f507ba2e48b029cec5d4b/r_29",
            "rotation": 0.12566370614359174,
            "transform_matrix": [
                [
                    -0.7443210482597351,
                    0.15698790550231934,
                    0.6491077542304993,
                    2.6166372299194336
                ],
                [
                    0.6678218245506287,
                    0.17497090995311737,
                    0.723463237285614,
                    2.9163737297058105
                ],
                [
                    7.4505792646561986e-09,
                    0.9719773530960083,
                    -0.2350745052099228,
                    -0.9476156830787659
                ],
                [
                    0.0,
                    0.0,
                    0.0,
                    1.0
                ]
            ]
        },
        {
            "file_path": "/data/shapenet_blender/all_50_random/02958343/c00ec8e0880f507ba2e48b029cec5d4b/r_30",
            "rotation": 0.12566370614359174,
            "transform_matrix": [
                [
                    0.6685285568237305,
                    0.3926217257976532,
                    -0.6315994262695312,
                    -2.5460586547851562
                ],
                [
                    -0.7436864972114563,
                    0.3529428541660309,
                    -0.5677691102027893,
                    -2.288750410079956
                ],
                [
                    2.9802322387695312e-08,
                    0.8492817878723145,
                    0.5279398560523987,
                    2.1281936168670654
                ],
                [
                    0.0,
                    0.0,
                    0.0,
                    1.0
                ]
            ]
        },
        {
            "file_path": "/data/shapenet_blender/all_50_random/02958343/c00ec8e0880f507ba2e48b029cec5d4b/r_31",
            "rotation": 0.12566370614359174,
            "transform_matrix": [
                [
                    -0.43262922763824463,
                    0.04518265277147293,
                    -0.9004389643669128,
                    -3.6297857761383057
                ],
                [
                    -0.9015719294548035,
                    -0.021681392565369606,
                    0.4320855438709259,
                    1.7417926788330078
                ],
                [
                    1.862645149230957e-09,
                    0.9987433552742004,
                    0.05011541768908501,
                    0.2020217329263687
                ],
                [
                    0.0,
                    0.0,
                    0.0,
                    1.0
                ]
            ]
        },
        {
            "file_path": "/data/shapenet_blender/all_50_random/02958343/c00ec8e0880f507ba2e48b029cec5d4b/r_32",
            "rotation": 0.12566370614359174,
            "transform_matrix": [
                [
                    0.4794141948223114,
                    -0.35639461874961853,
                    -0.8019630908966064,
                    -3.232816696166992
                ],
                [
                    -0.87758868932724,
                    -0.19469328224658966,
                    -0.43810099363327026,
                    -1.76604163646698
                ],
                [
                    1.4901160305669237e-08,
                    0.9138256907463074,
                    -0.4061066210269928,
                    -1.6370681524276733
                ],
                [
                    0.0,
                    0.0,
                    0.0,
                    1.0
                ]
            ]
        },
        {
            "file_path": "/data/shapenet_blender/all_50_random/02958343/c00ec8e0880f507ba2e48b029cec5d4b/r_33",
            "rotation": 0.12566370614359174,
            "transform_matrix": [
                [
                    0.42230185866355896,
                    -0.22379863262176514,
                    0.8783935308456421,
                    3.5409178733825684
                ],
                [
                    0.9064552783966064,
                    0.10426391661167145,
                    -0.4092283844947815,
                    -1.6496524810791016
                ],
                [
                    0.0,
                    0.9690423607826233,
                    0.24689428508281708,
                    0.9952627420425415
                ],
                [
                    0.0,
                    0.0,
                    0.0,
                    1.0
                ]
            ]
        },
        {
            "file_path": "/data/shapenet_blender/all_50_random/02958343/c00ec8e0880f507ba2e48b029cec5d4b/r_34",
            "rotation": 0.12566370614359174,
            "transform_matrix": [
                [
                    -0.9043904542922974,
                    -0.3575191795825958,
                    0.2329334169626236,
                    0.9389846920967102
                ],
                [
                    0.4267059564590454,
                    -0.7577511668205261,
                    0.49369537830352783,
                    1.9901498556137085
                ],
                [
                    0.0,
                    0.5458874106407166,
                    0.8378584384918213,
                    3.3775155544281006
                ],
                [
                    0.0,
                    0.0,
                    0.0,
                    1.0
                ]
            ]
        },
        {
            "file_path": "/data/shapenet_blender/all_50_random/02958343/c00ec8e0880f507ba2e48b029cec5d4b/r_35",
            "rotation": 0.12566370614359174,
            "transform_matrix": [
                [
                    0.5462002754211426,
                    0.5339279770851135,
                    -0.6454348564147949,
                    -2.6018311977386475
                ],
                [
                    -0.8376546502113342,
                    0.3481525480747223,
                    -0.4208616018295288,
                    -1.6965473890304565
                ],
                [
                    0.0,
                    0.7705261707305908,
                    0.6374082565307617,
                    2.569474935531616
                ],
                [
                    0.0,
                    0.0,
                    0.0,
                    1.0
                ]
            ]
        },
        {
            "file_path": "/data/shapenet_blender/all_50_random/02958343/c00ec8e0880f507ba2e48b029cec5d4b/r_36",
            "rotation": 0.12566370614359174,
            "transform_matrix": [
                [
                    -0.9657939672470093,
                    -0.0027525213081389666,
                    -0.25929591059684753,
                    -1.0452553033828735
                ],
                [
                    -0.2593104839324951,
                    0.010251680389046669,
                    0.9657395482063293,
                    3.8930206298828125
                ],
                [
                    2.3283062977608182e-10,
                    0.9999436736106873,
                    -0.010614768601953983,
                    -0.04278950020670891
                ],
                [
                    0.0,
                    0.0,
                    0.0,
                    1.0
                ]
            ]
        },
        {
            "file_path": "/data/shapenet_blender/all_50_random/02958343/c00ec8e0880f507ba2e48b029cec5d4b/r_37",
            "rotation": 0.12566370614359174,
            "transform_matrix": [
                [
                    -0.49214160442352295,
                    0.4147005081176758,
                    -0.7653888463973999,
                    -3.085381269454956
                ],
                [
                    -0.8705151081085205,
                    -0.23444893956184387,
                    0.4327089190483093,
                    1.7443056106567383
                ],
                [
                    1.4901159417490817e-08,
                    0.8792367577552795,
                    0.47638511657714844,
                    1.9203699827194214
                ],
                [
                    0.0,
                    0.0,
                    0.0,
                    1.0
                ]
            ]
        },
        {
            "file_path": "/data/shapenet_blender/all_50_random/02958343/c00ec8e0880f507ba2e48b029cec5d4b/r_38",
            "rotation": 0.12566370614359174,
            "transform_matrix": [
                [
                    0.3613899052143097,
                    0.43637901544570923,
                    -0.8239967226982117,
                    -3.321636915206909
                ],
                [
                    -0.9324146509170532,
                    0.16913393139839172,
                    -0.31936872005462646,
                    -1.2874164581298828
                ],
                [
                    -1.4901157641133977e-08,
                    0.8837233781814575,
                    0.4680095613002777,
                    1.8866068124771118
                ],
                [
                    0.0,
                    0.0,
                    0.0,
                    1.0
                ]
            ]
        },
        {
            "file_path": "/data/shapenet_blender/all_50_random/02958343/c00ec8e0880f507ba2e48b029cec5d4b/r_39",
            "rotation": 0.12566370614359174,
            "transform_matrix": [
                [
                    0.6860198974609375,
                    0.6418899297714233,
                    0.3425697684288025,
                    1.380942940711975
                ],
                [
                    0.7275827527046204,
                    -0.605222225189209,
                    -0.32300058007240295,
                    -1.3020570278167725
                ],
                [
                    1.4901161193847656e-08,
                    0.47083258628845215,
                    -0.8822224736213684,
                    -3.5563526153564453
                ],
                [
                    0.0,
                    0.0,
                    0.0,
                    1.0
                ]
            ]
        },
        {
            "file_path": "/data/shapenet_blender/all_50_random/02958343/c00ec8e0880f507ba2e48b029cec5d4b/r_40",
            "rotation": 0.12566370614359174,
            "transform_matrix": [
                [
                    -0.7640780210494995,
                    -0.03292178735136986,
                    -0.6442832350730896,
                    -2.597188949584961
                ],
                [
                    -0.6451238393783569,
                    0.03899222984910011,
                    0.7630823850631714,
                    3.0760836601257324
                ],
                [
                    3.725290298461914e-09,
                    0.9986969232559204,
                    -0.05103173851966858,
                    -0.20571553707122803
                ],
                [
                    0.0,
                    0.0,
                    0.0,
                    1.0
                ]
            ]
        },
        {
            "file_path": "/data/shapenet_blender/all_50_random/02958343/c00ec8e0880f507ba2e48b029cec5d4b/r_41",
            "rotation": 0.12566370614359174,
            "transform_matrix": [
                [
                    -0.376028448343277,
                    -0.31847792863845825,
                    0.8701577186584473,
                    3.5077178478240967
                ],
                [
                    0.926608145236969,
                    -0.12924207746982574,
                    0.35312020778656006,
