{
    "class": "02958343",
    "model": "7c768295f93290391d0ca8334e014176",
    "remove_doubles": true,
    "edge_split": true,
    "denoise": true,
    "camera_angle_x": 0.6911112070083618,
    "scale_factor": 2.1685905222038864,
    "hdri_file": "/data/IndoorHDRDataset2018/AG8A7464-b8e5597542.exr",
    "center_offset": [
        0.0,
        0.0,
        3.725290298461914e-09
    ],
    "lights": [],
    "frames": [
        {
            "file_path": "/data/shapenet_blender/all_50_random/02958343/7c768295f93290391d0ca8334e014176/r_0",
            "rotation": 0.12566370614359174,
            "transform_matrix": [
                [
                    -0.10826406627893448,
                    0.6244074106216431,
                    0.7735595107078552,
                    3.1183183193206787
                ],
                [
                    0.9941220879554749,
                    0.06800059229135513,
                    0.08424388617277145,
                    0.33959800004959106
                ],
                [
                    3.7252896323280993e-09,
                    0.7781332731246948,
                    -0.6280990839004517,
                    -2.5319485664367676
                ],
                [
                    0.0,
                    0.0,
                    0.0,
                    1.0
                ]
            ]
        },
        {
            "file_path": "/data/shapenet_blender/all_50_random/02958343/7c768295f93290391d0ca8334e014176/r_1",
            "rotation": 0.12566370614359174,
            "transform_matrix": [
                [
                    0.7073093056678772,
                    0.16861866414546967,
                    0.686499297618866,
                    2.767367362976074
                ],
                [
                    0.7069042921066284,
                    -0.16871526837348938,
                    -0.6868926286697388,
                    -2.7689530849456787
                ],
                [
                    0.0,
                    0.9711349010467529,
                    -0.23853109776973724,
                    -0.961549699306488
                ],
                [
                    0.0,
                    0.0,
                    0.0,
                    1.0
                ]
            ]
        },
        {
            "file_path": "/data/shapenet_blender/all_50_random/02958343/7c768295f93290391d0ca8334e014176/r_2",
            "rotation": 0.12566370614359174,
            "transform_matrix": [
                [
                    0.1556718349456787,
                    -0.2639211118221283,
                    0.9518990516662598,
                    3.8372278213500977
                ],
                [
                    0.9878088235855103,
                    0.04159214720129967,
                    -0.15001271665096283,
                    -0.6047205924987793
                ],
                [
                    0.0,
                    0.9636470079421997,
                    0.26717832684516907,
                    1.0770303010940552
                ],
                [
                    0.0,
                    0.0,
                    0.0,
                    1.0
                ]
            ]
        },
        {
            "file_path": "/data/shapenet_blender/all_50_random/02958343/7c768295f93290391d0ca8334e014176/r_3",
            "rotation": 0.12566370614359174,
            "transform_matrix": [
                [
                    0.7724908590316772,
                    0.23708762228488922,
                    -0.5891072154045105,
                    -2.3747670650482178
                ],
                [
                    -0.6350259184837341,
                    0.28841033577919006,
                    -0.7166321277618408,
                    -2.888836622238159
                ],
                [
                    0.0,
                    0.9276901483535767,
                    0.373351126909256,
                    1.5050265789031982
                ],
                [
                    0.0,
                    0.0,
                    0.0,
                    1.0
                ]
            ]
        },
        {
            "file_path": "/data/shapenet_blender/all_50_random/02958343/7c768295f93290391d0ca8334e014176/r_4",
            "rotation": 0.12566370614359174,
            "transform_matrix": [
                [
                    0.058599166572093964,
                    -0.0173272006213665,
                    0.9981311559677124,
                    4.023595333099365
                ],
                [
                    0.9982815384864807,
                    0.001017107511870563,
                    -0.05859034135937691,
                    -0.236185222864151
                ],
                [
                    -1.1641531488804091e-10,
                    0.9998493790626526,
                    0.017357027158141136,
                    0.06996841728687286
                ],
                [
                    0.0,
                    0.0,
                    0.0,
                    1.0
                ]
            ]
        },
        {
            "file_path": "/data/shapenet_blender/all_50_random/02958343/7c768295f93290391d0ca8334e014176/r_5",
            "rotation": 0.12566370614359174,
            "transform_matrix": [
                [
                    -0.8467546701431274,
                    -0.05010220780968666,
                    0.529619038105011,
                    2.134962558746338
                ],
                [
                    0.5319836139678955,
                    -0.07974733412265778,
                    0.8429909348487854,
                    3.398205280303955
                ],
                [
                    -3.725290298461914e-09,
                    0.9955551624298096,
                    0.09417998045682907,
                    0.37965166568756104
                ],
                [
                    0.0,
                    0.0,
                    0.0,
                    1.0
                ]
            ]
        },
        {
            "file_path": "/data/shapenet_blender/all_50_random/02958343/7c768295f93290391d0ca8334e014176/r_6",
            "rotation": 0.12566370614359174,
            "transform_matrix": [
                [
                    -0.8944096565246582,
                    0.25606200098991394,
                    -0.3666929602622986,
                    -1.4781866073608398
                ],
                [
                    -0.4472488462924957,
                    -0.5120736360549927,
                    0.7333137392997742,
                    2.956082344055176
                ],
                [
                    -1.4901162970204496e-08,
                    0.8198859095573425,
                    0.5725269317626953,
                    2.3079299926757812
                ],
                [
                    0.0,
                    0.0,
                    0.0,
                    1.0
                ]
            ]
        },
        {
            "file_path": "/data/shapenet_blender/all_50_random/02958343/7c768295f93290391d0ca8334e014176/r_7",
            "rotation": 0.12566370614359174,
            "transform_matrix": [
                [
                    -0.3306156098842621,
                    -0.8624253869056702,
                    0.3832958936691284,
                    1.5451152324676514
                ],
                [
                    0.9437654614448547,
                    -0.3021209239959717,
                    0.1342744678258896,
                    0.5412777662277222
                ],
                [
                    0.0,
                    0.40613460540771484,
                    0.9138131737709045,
                    3.683698892593384
                ],
                [
                    0.0,
                    0.0,
                    0.0,
                    1.0
                ]
            ]
        },
        {
            "file_path": "/data/shapenet_blender/all_50_random/02958343/7c768295f93290391d0ca8334e014176/r_8",
            "rotation": 0.12566370614359174,
            "transform_matrix": [
                [
                    0.18621794879436493,
                    0.03575191646814346,
                    0.9818577170372009,
                    3.9579951763153076
                ],
                [
                    0.9825084805488586,
                    -0.006776174996048212,
                    -0.18609462678432465,
                    -0.750171422958374
                ],
                [
                    0.0,
                    0.9993376731872559,
                    -0.03638840466737747,
                    -0.1466863453388214
                ],
                [
                    0.0,
                    0.0,
                    0.0,
                    1.0
                ]
            ]
        },
        {
            "file_path": "/data/shapenet_blender/all_50_random/02958343/7c768295f93290391d0ca8334e014176/r_9",
            "rotation": 0.12566370614359174,
            "transform_matrix": [
                [
                    -0.8268230557441711,
                    -0.48763853311538696,
                    0.28030744194984436,
                    1.129955530166626
                ],
                [
                    0.5624621510505676,
                    -0.7168318033218384,
                    0.41205379366874695,
                    1.6610420942306519
                ],
                [
                    -1.4901161193847656e-08,
                    0.4983579218387604,
                    0.8669713139533997,
                    3.494873285293579
                ],
                [
                    0.0,
                    0.0,
                    0.0,
                    1.0
                ]
            ]
        },
        {
            "file_path": "/data/shapenet_blender/all_50_random/02958343/7c768295f93290391d0ca8334e014176/r_10",
            "rotation": 0.12566370614359174,
            "transform_matrix": [
                [
                    -0.33572208881378174,
                    -0.5092758536338806,
                    0.7924195528030396,
                    3.194345474243164
                ],
                [
                    0.9419611096382141,
                    -0.18150979280471802,
                    0.28242436051368713,
                    1.138489007949829
                ],
                [
                    0.0,
                    0.8412443995475769,
                    0.5406548976898193,
                    2.1794495582580566
                ],
                [
                    0.0,
                    0.0,
                    0.0,
                    1.0
                ]
            ]
        },
        {
            "file_path": "/data/shapenet_blender/all_50_random/02958343/7c768295f93290391d0ca8334e014176/r_11",
            "rotation": 0.12566370614359174,
            "transform_matrix": [
                [
                    -0.9420439004898071,
                    -0.12851150333881378,
                    -0.3099002242088318,
                    -1.2492479085922241
                ],
                [
                    -0.33548977971076965,
                    0.36085593700408936,
                    0.8701893091201782,
                    3.507845640182495
                ],
                [
                    0.0,
                    0.923724889755249,
                    -0.3830564022064209,
                    -1.5441498756408691
                ],
                [
                    0.0,
                    0.0,
                    0.0,
                    1.0
                ]
            ]
        },
        {
            "file_path": "/data/shapenet_blender/all_50_random/02958343/7c768295f93290391d0ca8334e014176/r_12",
            "rotation": 0.12566370614359174,
            "transform_matrix": [
                [
                    0.921896755695343,
                    0.1544446349143982,
                    -0.3553214371204376,
                    -1.4323465824127197
                ],
                [
                    -0.38743582367897034,
                    0.36749833822250366,
                    -0.8454811573028564,
                    -3.4082436561584473
                ],
                [
                    1.4901162970204496e-08,
                    0.9171105027198792,
                    0.39863288402557373,
                    1.606940507888794
                ],
                [
                    0.0,
                    0.0,
                    0.0,
                    1.0
                ]
            ]
        },
        {
            "file_path": "/data/shapenet_blender/all_50_random/02958343/7c768295f93290391d0ca8334e014176/r_13",
            "rotation": 0.12566370614359174,
            "transform_matrix": [
                [
                    -0.8877797722816467,
                    -0.26725465059280396,
                    0.3747293949127197,
                    1.5105825662612915
                ],
                [
                    0.4602685868740082,
                    -0.5154887437820435,
                    0.7227891683578491,
                    2.913656234741211
                ],
                [
                    2.9802322387695312e-08,
                    0.8141537308692932,
                    0.5806493759155273,
                    2.340672492980957
                ],
                [
                    0.0,
                    0.0,
                    0.0,
                    1.0
                ]
            ]
        },
        {
            "file_path": "/data/shapenet_blender/all_50_random/02958343/7c768295f93290391d0ca8334e014176/r_14",
            "rotation": 0.12566370614359174,
            "transform_matrix": [
                [
                    0.9950957894325256,
                    0.051884785294532776,
                    0.08421643078327179,
                    0.3394872844219208
                ],
                [
                    0.09891632199287415,
                    -0.521959662437439,
                    -0.8472152352333069,
                    -3.415233850479126
                ],
                [
                    0.0,
                    0.8513906002044678,
                    -0.5245321393013,
                    -2.1144566535949707
                ],
                [
                    0.0,
                    0.0,
                    0.0,
                    1.0
                ]
            ]
        },
        {
            "file_path": "/data/shapenet_blender/all_50_random/02958343/7c768295f93290391d0ca8334e014176/r_15",
            "rotation": 0.12566370614359174,
            "transform_matrix": [
                [
                    0.6470504999160767,
                    -0.4912905693054199,
                    -0.5830601453781128,
                    -2.350390672683716
                ],
                [
                    -0.7624470591545105,
                    -0.41693365573883057,
                    -0.49481385946273804,
                    -1.9946584701538086
                ],
                [
                    -1.4901161193847656e-08,
                    0.7647220492362976,
                    -0.6443601846694946,
                    -2.597498893737793
                ],
                [
                    0.0,
                    0.0,
                    0.0,
                    1.0
                ]
            ]
        },
        {
            "file_path": "/data/shapenet_blender/all_50_random/02958343/7c768295f93290391d0ca8334e014176/r_16",
            "rotation": 0.12566370614359174,
            "transform_matrix": [
                [
                    0.040505003184080124,
                    0.6970406770706177,
                    -0.7158865928649902,
                    -2.885831117630005
                ],
                [
                    -0.9991794228553772,
                    0.028256824240088463,
                    -0.029020803049206734,
                    -0.11698660254478455
                ],
                [
                    1.862645371275562e-09,
                    0.7164745926856995,
                    0.6976131796836853,
                    2.812168598175049
                ],
                [
                    0.0,
                    0.0,
                    0.0,
                    1.0
                ]
            ]
        },
        {
            "file_path": "/data/shapenet_blender/all_50_random/02958343/7c768295f93290391d0ca8334e014176/r_17",
            "rotation": 0.12566370614359174,
            "transform_matrix": [
                [
                    0.9874306321144104,
                    0.09460781514644623,
                    0.1266094595193863,
                    0.5103791356086731
                ],
                [
                    0.1580524891614914,
                    -0.5910609364509583,
                    -0.7909907102584839,
                    -3.1885857582092285
                ],
                [
                    7.450580152834618e-09,
                    0.8010594844818115,
                    -0.5985846519470215,
                    -2.4129722118377686
                ],
                [
                    0.0,
                    0.0,
                    0.0,
                    1.0
                ]
            ]
        },
        {
            "file_path": "/data/shapenet_blender/all_50_random/02958343/7c768295f93290391d0ca8334e014176/r_18",
            "rotation": 0.12566370614359174,
            "transform_matrix": [
                [
                    0.9276142120361328,
                    -0.001338304253295064,
                    0.37353721261024475,
                    1.5057767629623413
                ],
                [
                    0.37353962659835815,
                    0.003323422744870186,
                    -0.9276082515716553,
                    -3.7393085956573486
                ],
                [
                    0.0,
                    0.999993622303009,
                    0.0035827639512717724,
                    0.014442584477365017
                ],
                [
                    0.0,
                    0.0,
                    0.0,
                    1.0
                ]
            ]
        },
        {
            "file_path": "/data/shapenet_blender/all_50_random/02958343/7c768295f93290391d0ca8334e014176/r_19",
            "rotation": 0.12566370614359174,
            "transform_matrix": [
                [
                    -0.999954342842102,
                    -0.0007477261824533343,
                    0.00953394640237093,
                    0.038432568311691284
                ],
                [
                    0.009563222527503967,
                    -0.0781841054558754,
                    0.9968931078910828,
                    4.018604755401611
                ],
                [
                    0.0,
                    0.9969385862350464,
                    0.07818769663572311,
                    0.31518468260765076
                ],
                [
                    0.0,
                    0.0,
                    0.0,
                    1.0
                ]
            ]
        },
        {
            "file_path": "/data/shapenet_blender/all_50_random/02958343/7c768295f93290391d0ca8334e014176/r_20",
            "rotation": 0.12566370614359174,
            "transform_matrix": [
                [
                    0.8258300423622131,
                    0.011969958432018757,
                    0.5637921690940857,
                    2.272718906402588
                ],
                [
                    0.5639193058013916,
                    -0.01752937026321888,
                    -0.8256438374519348,
                    -3.3282766342163086
                ],
                [
                    0.0,
                    0.9997745752334595,
                    -0.021226370707154274,
                    -0.08556623756885529
                ],
                [
                    0.0,
                    0.0,
                    0.0,
                    1.0
                ]
            ]
        },
        {
            "file_path": "/data/shapenet_blender/all_50_random/02958343/7c768295f93290391d0ca8334e014176/r_21",
            "rotation": 0.12566370614359174,
            "transform_matrix": [
                [
                    -0.14376527070999146,
                    -0.13674567639827728,
                    -0.980118453502655,
                    -3.950983762741089
                ],
                [
                    -0.989611804485321,
                    0.019865648820996284,
                    0.14238613843917847,
                    0.5739768743515015
                ],
                [
                    1.862645149230957e-09,
                    0.99040687084198,
                    -0.13818113505840302,
                    -0.5570259690284729
                ],
                [
                    0.0,
                    0.0,
                    0.0,
                    1.0
                ]
            ]
        },
        {
            "file_path": "/data/shapenet_blender/all_50_random/02958343/7c768295f93290391d0ca8334e014176/r_22",
            "rotation": 0.12566370614359174,
            "transform_matrix": [
                [
                    -0.4439099431037903,
                    -0.01840057410299778,
                    0.8958824276924133,
                    3.611417770385742
                ],
                [
                    0.8960714936256409,
                    -0.00911556463688612,
                    0.44381624460220337,
                    1.7890806198120117
                ],
                [
                    0.0,
                    0.9997890591621399,
                    0.02053471840918064,
                    0.08277810364961624
                ],
                [
                    0.0,
                    0.0,
                    0.0,
                    1.0
                ]
            ]
        },
        {
            "file_path": "/data/shapenet_blender/all_50_random/02958343/7c768295f93290391d0ca8334e014176/r_23",
            "rotation": 0.12566370614359174,
            "transform_matrix": [
                [
                    0.5484234094619751,
                    0.2771311402320862,
                    0.7889423966407776,
                    3.180328607559204
                ],
                [
                    0.8362008333206177,
                    -0.18175680935382843,
                    -0.5174288749694824,
                    -2.085822582244873
                ],
                [
                    0.0,
                    0.943484365940094,
                    -0.3314169645309448,
                    -1.335984468460083
                ],
                [
                    0.0,
                    0.0,
                    0.0,
                    1.0
                ]
            ]
        },
        {
            "file_path": "/data/shapenet_blender/all_50_random/02958343/7c768295f93290391d0ca8334e014176/r_24",
            "rotation": 0.12566370614359174,
            "transform_matrix": [
                [
                    0.8711965680122375,
                    0.16635233163833618,
                    0.4618913233280182,
                    1.861943244934082
                ],
                [
                    0.49093449115753174,
                    -0.2952035069465637,
                    -0.8196574449539185,
                    -3.3041443824768066
                ],
                [
                    1.4901161193847656e-08,
                    0.940841019153595,
                    -0.338848352432251,
                    -1.3659412860870361
                ],
                [
                    0.0,
                    0.0,
                    0.0,
                    1.0
                ]
            ]
        },
        {
            "file_path": "/data/shapenet_blender/all_50_random/02958343/7c768295f93290391d0ca8334e014176/r_25",
            "rotation": 0.12566370614359174,
            "transform_matrix": [
                [
                    -0.8852550983428955,
                    0.39110758900642395,
                    0.2517107427120209,
                    1.0146784782409668
                ],
                [
                    0.4651058614253998,
                    0.7444111704826355,
                    0.4790913760662079,
                    1.9312790632247925
                ],
                [
                    -1.4901161193847656e-08,
                    0.5411902070045471,
                    -0.840900182723999,
                    -3.3897769451141357
                ],
                [
                    0.0,
                    0.0,
                    0.0,
                    1.0
                ]
            ]
        },
        {
            "file_path": "/data/shapenet_blender/all_50_random/02958343/7c768295f93290391d0ca8334e014176/r_26",
            "rotation": 0.12566370614359174,
            "transform_matrix": [
                [
                    -0.401100218296051,
                    -0.5809998512268066,
                    0.708207368850708,
                    2.8548755645751953
                ],
                [
                    0.9160342216491699,
                    -0.2544000744819641,
                    0.31009989976882935,
                    1.250052809715271
                ],
                [
                    0.0,
                    0.7731234431266785,
                    0.634255588054657,
                    2.5567662715911865
                ],
                [
                    0.0,
                    0.0,
                    0.0,
                    1.0
                ]
            ]
        },
        {
            "file_path": "/data/shapenet_blender/all_50_random/02958343/7c768295f93290391d0ca8334e014176/r_27",
            "rotation": 0.12566370614359174,
            "transform_matrix": [
                [
                    -0.9403662085533142,
                    -0.13019050657749176,
                    -0.31426388025283813,
                    -1.2668383121490479
                ],
                [
                    -0.3401637077331543,
                    0.3599053621292114,
                    0.8687673211097717,
                    3.5021133422851562
                ],
                [
                    0.0,
                    0.9238607287406921,
                    -0.3827288746833801,
                    -1.5428295135498047
                ],
                [
                    0.0,
                    0.0,
                    0.0,
                    1.0
                ]
            ]
        },
        {
            "file_path": "/data/shapenet_blender/all_50_random/02958343/7c768295f93290391d0ca8334e014176/r_28",
            "rotation": 0.12566370614359174,
            "transform_matrix": [
                [
                    0.6601132154464722,
                    -0.16029779613018036,
                    -0.7338632345199585,
                    -2.95829701423645
                ],
                [
                    -0.7511662244796753,
                    -0.140867218375206,
                    -0.6449076533317566,
                    -2.599705696105957
                ],
                [
                    0.0,
                    0.9769651293754578,
                    -0.21339862048625946,
                    -0.8602372407913208
                ],
                [
                    0.0,
                    0.0,
                    0.0,
                    1.0
                ]
            ]
        },
        {
            "file_path": "/data/shapenet_blender/all_50_random/02958343/7c768295f93290391d0ca8334e014176/r_29",
            "rotation": 0.12566370614359174,
            "transform_matrix": [
                [
                    0.5589702725410461,
                    -0.20101287961006165,
                    0.8044539093971252,
                    3.2428572177886963
                ],
                [
                    0.8291876316070557,
                    0.13550637662410736,
                    -0.5422967672348022,
                    -2.186068058013916
                ],
                [
                    7.4505797087454084e-09,
                    0.9701710343360901,
                    0.2424214631319046,
                    0.9772320985794067
                ],
                [
                    0.0,
                    0.0,
                    0.0,
                    1.0
                ]
            ]
        },
        {
            "file_path": "/data/shapenet_blender/all_50_random/02958343/7c768295f93290391d0ca8334e014176/r_30",
            "rotation": 0.12566370614359174,
            "transform_matrix": [
                [
                    -0.7343993186950684,
                    0.38030532002449036,
                    -0.5621615052223206,
                    -2.2661454677581787
                ],
                [
                    -0.6787177324295044,
                    -0.4115053415298462,
                    0.6082808971405029,
                    2.452058792114258
                ],
                [
                    0.0,
                    0.8282700181007385,
                    0.5603291988372803,
                    2.2587592601776123
                ],
                [
                    0.0,
                    0.0,
                    0.0,
                    1.0
                ]
            ]
        },
        {
            "file_path": "/data/shapenet_blender/all_50_random/02958343/7c768295f93290391d0ca8334e014176/r_31",
            "rotation": 0.12566370614359174,
            "transform_matrix": [
                [
                    0.4080442786216736,
                    -0.4580801725387573,
                    0.7897229790687561,
                    3.1834752559661865
                ],
                [
                    0.9129621386528015,
                    0.2047368437051773,
                    -0.35296308994293213,
                    -1.4228397607803345
                ],
                [
                    0.0,
                    0.8650118112564087,
                    0.5017515420913696,
                    2.022625207901001
                ],
                [
                    0.0,
                    0.0,
                    0.0,
                    1.0
                ]
            ]
        },
        {
            "file_path": "/data/shapenet_blender/all_50_random/02958343/7c768295f93290391d0ca8334e014176/r_32",
            "rotation": 0.12566370614359174,
            "transform_matrix": [
                [
                    0.9991164207458496,
                    -0.009125664830207825,
                    -0.04102740436792374,
                    -0.16538673639297485
                ],
                [
                    -0.042030055075883865,
                    -0.21693052351474762,
                    -0.9752818942070007,
                    -3.9314866065979004
                ],
                [
                    0.0,
                    0.9761443138122559,
                    -0.2171224057674408,
                    -0.8752483129501343
                ],
                [
                    0.0,
                    0.0,
                    0.0,
                    1.0
                ]
            ]
        },
        {
            "file_path": "/data/shapenet_blender/all_50_random/02958343/7c768295f93290391d0ca8334e014176/r_33",
            "rotation": 0.12566370614359174,
            "transform_matrix": [
                [
                    -0.7078989744186401,
                    0.33718711137771606,
                    -0.6206318736076355,
                    -2.5018467903137207
                ],
                [
                    -0.7063136696815491,
                    -0.3379439115524292,
                    0.6220248937606812,
                    2.5074622631073
                ],
                [
                    1.4901160305669237e-08,
                    0.8786914944648743,
                    0.4773900508880615,
                    1.9244205951690674
                ],
                [
                    0.0,
                    0.0,
                    0.0,
                    1.0
                ]
            ]
        },
        {
            "file_path": "/data/shapenet_blender/all_50_random/02958343/7c768295f93290391d0ca8334e014176/r_34",
            "rotation": 0.12566370614359174,
            "transform_matrix": [
                [
                    -0.7890692353248596,
                    0.04044552519917488,
                    -0.6129714250564575,
                    -2.4709670543670654
                ],
                [
                    -0.6143043637275696,
                    -0.05195196345448494,
                    0.7873570322990417,
                    3.173938035964966
                ],
                [
                    0.0,
                    0.9978302121162415,
                    0.06583955138921738,
                    0.2654077410697937
                ],
                [
                    0.0,
                    0.0,
                    0.0,
                    1.0
                ]
            ]
        },
        {
            "file_path": "/data/shapenet_blender/all_50_random/02958343/7c768295f93290391d0ca8334e014176/r_35",
            "rotation": 0.12566370614359174,
            "transform_matrix": [
                [
                    -0.5281714200973511,
                    -0.021968290209770203,
                    -0.848853588104248,
                    -3.4218382835388184
                ],
                [
                    -0.8491378426551819,
                    0.01366447564214468,
                    0.5279946327209473,
                    2.1284143924713135
                ],
                [
                    0.0,
                    0.9996652007102966,
                    -0.025871295481920242,
                    -0.10429053008556366
                ],
                [
                    0.0,
                    0.0,
                    0.0,
                    1.0
                ]
            ]
        },
        {
            "file_path": "/data/shapenet_blender/all_50_random/02958343/7c768295f93290391d0ca8334e014176/r_36",
            "rotation": 0.12566370614359174,
            "transform_matrix": [
                [
                    -0.02164655737578869,
                    -0.051465608179569244,
                    0.9984400272369385,
                    4.024840831756592
                ],
                [
                    0.9997656941413879,
                    -0.0011143144220113754,
                    0.02161785587668419,
                    0.08714437484741211
                ],
                [
                    0.0,
                    0.9986741542816162,
                    0.051477666944265366,
                    0.20751312375068665
                ],
                [
                    0.0,
                    0.0,
                    0.0,
                    1.0
                ]
            ]
        },
        {
            "file_path": "/data/shapenet_blender/all_50_random/02958343/7c768295f93290391d0ca8334e014176/r_37",
            "rotation": 0.12566370614359174,
            "transform_matrix": [
                [
                    -0.44410157203674316,
                    0.6870149970054626,
                    -0.5751383304595947,
                    -2.3184571266174316
                ],
                [
                    -0.8959764242172241,
                    -0.34052732586860657,
                    0.28507429361343384,
                    1.1491713523864746
                ],
                [
                    0.0,
                    0.6419125199317932,
                    0.7667778134346008,
                    3.0909805297851562
                ],
                [
                    0.0,
                    0.0,
                    0.0,
                    1.0
                ]
            ]
        },
        {
            "file_path": "/data/shapenet_blender/all_50_random/02958343/7c768295f93290391d0ca8334e014176/r_38",
            "rotation": 0.12566370614359174,
            "transform_matrix": [
                [
                    -0.9698353409767151,
                    -0.19190753996372223,
                    -0.15030226111412048,
                    -0.605887770652771
                ],
                [
                    -0.24376069009304047,
                    0.7635304927825928,
                    0.5979982018470764,
                    2.4106078147888184
                ],
                [
                    0.0,
                    0.6165975332260132,
                    -0.7872784733772278,
                    -3.1736209392547607
                ],
                [
                    0.0,
                    0.0,
                    0.0,
                    1.0
                ]
            ]
        },
        {
            "file_path": "/data/shapenet_blender/all_50_random/02958343/7c768295f93290391d0ca8334e014176/r_39",
            "rotation": 0.12566370614359174,
            "transform_matrix": [
                [
                    -0.9624902606010437,
                    0.15865346789360046,
                    -0.2200945019721985,
                    -0.887229323387146
                ],
                [
                    -0.271316260099411,
                    -0.5628206729888916,
                    0.7807818651199341,
                    3.147432327270508
                ],
                [
                    1.4901161193847656e-08,
                    0.8112101554870605,
                    0.5847547054290771,
                    2.3572216033935547
                ],
                [
                    0.0,
                    0.0,
                    0.0,
                    1.0
                ]
            ]
        },
        {
            "file_path": "/data/shapenet_blender/all_50_random/02958343/7c768295f93290391d0ca8334e014176/r_40",
            "rotation": 0.12566370614359174,
            "transform_matrix": [
                [
                    0.06254450231790543,
                    -0.3911879062652588,
                    -0.9181829690933228,
                    -3.7013142108917236
                ],
                [
                    -0.9980422258377075,
                    -0.02451464906334877,
                    -0.05753994733095169,
                    -0.23195096850395203
                ],
                [
                    -1.862645371275562e-09,
                    0.9199842810630798,
                    -0.39195525646209717,
                    -1.5800223350524902
                ],
                [
                    0.0,
                    0.0,
                    0.0,
                    1.0
                ]
            ]
        },
        {
            "file_path": "/data/shapenet_blender/all_50_random/02958343/7c768295f93290391d0ca8334e014176/r_41",
            "rotation": 0.12566370614359174,
            "transform_matrix": [
                [
                    -0.5695444941520691,
                    -0.11714397370815277,
                    0.8135700821876526,
                    3.2796061038970947
                ],
                [
                    0.8219605088233948,
                    -0.08117020130157471,
                    0.5637306571006775,
                    2.2724711894989014
                ],
                [
                    0.0,
                    0.9897922873497009,
