{
    "class": "02958343",
    "model": "137f67657cdc9da5f985cd98f7d73e9a",
    "remove_doubles": true,
    "edge_split": true,
    "denoise": true,
    "camera_angle_x": 0.6911112070083618,
    "scale_factor": 2.3924732110478732,
    "hdri_file": "/data/IndoorHDRDataset2018/AG8A3638-741e48cbc4.exr",
    "center_offset": [
        0.0,
        0.0,
        0.0
    ],
    "lights": [],
    "frames": [
        {
            "file_path": "/data/shapenet_blender/all_50_random/02958343/137f67657cdc9da5f985cd98f7d73e9a/r_0",
            "rotation": 0.12566370614359174,
            "transform_matrix": [
                [
                    0.9429574608802795,
                    -0.10211949795484543,
                    -0.3168639838695526,
                    -1.2773196697235107
                ],
                [
                    -0.33291319012641907,
                    -0.28924760222435,
                    -0.8974990248680115,
                    -3.617934465408325
                ],
                [
                    0.0,
                    0.9517916440963745,
                    -0.30674508213996887,
                    -1.2365291118621826
                ],
                [
                    0.0,
                    0.0,
                    0.0,
                    1.0
                ]
            ]
        },
        {
            "file_path": "/data/shapenet_blender/all_50_random/02958343/137f67657cdc9da5f985cd98f7d73e9a/r_1",
            "rotation": 0.12566370614359174,
            "transform_matrix": [
                [
                    0.7018334865570068,
                    -0.4632928669452667,
                    0.5411002039909363,
                    2.1812446117401123
                ],
                [
                    0.7123409509658813,
                    0.45645904541015625,
                    -0.5331186652183533,
                    -2.1490700244903564
                ],
                [
                    -1.4901158529312397e-08,
                    0.7596084475517273,
                    0.6503807306289673,
                    2.6217684745788574
                ],
                [
                    0.0,
                    0.0,
                    0.0,
                    1.0
                ]
            ]
        },
        {
            "file_path": "/data/shapenet_blender/all_50_random/02958343/137f67657cdc9da5f985cd98f7d73e9a/r_2",
            "rotation": 0.12566370614359174,
            "transform_matrix": [
                [
                    -0.9403951168060303,
                    -0.06867311894893646,
                    -0.33307790756225586,
                    -1.3426799774169922
                ],
                [
                    -0.34008362889289856,
                    0.18989406526088715,
                    0.9210229516029358,
                    3.7127623558044434
                ],
                [
                    0.0,
                    0.9793999791145325,
                    -0.20193006098270416,
                    -0.8140060901641846
                ],
                [
                    0.0,
                    0.0,
                    0.0,
                    1.0
                ]
            ]
        },
        {
            "file_path": "/data/shapenet_blender/all_50_random/02958343/137f67657cdc9da5f985cd98f7d73e9a/r_3",
            "rotation": 0.12566370614359174,
            "transform_matrix": [
                [
                    -0.42547735571861267,
                    0.7187789082527161,
                    0.5498416423797607,
                    2.216482639312744
                ],
                [
                    0.9049690365791321,
                    0.3379388153553009,
                    0.25851181149482727,
                    1.0420944690704346
                ],
                [
                    0.0,
                    0.6075806021690369,
                    -0.7942579984664917,
                    -3.201756238937378
                ],
                [
                    0.0,
                    0.0,
                    0.0,
                    1.0
                ]
            ]
        },
        {
            "file_path": "/data/shapenet_blender/all_50_random/02958343/137f67657cdc9da5f985cd98f7d73e9a/r_4",
            "rotation": 0.12566370614359174,
            "transform_matrix": [
                [
                    0.8608118295669556,
                    -0.2764650285243988,
                    -0.42728209495544434,
                    -1.7224293947219849
                ],
                [
                    -0.5089232921600342,
                    -0.46762320399284363,
                    -0.7227208018302917,
                    -2.9133810997009277
                ],
                [
                    1.4901161193847656e-08,
                    0.8395804762840271,
                    -0.5432351231575012,
                    -2.1898510456085205
                ],
                [
                    0.0,
                    0.0,
                    0.0,
                    1.0
                ]
            ]
        },
        {
            "file_path": "/data/shapenet_blender/all_50_random/02958343/137f67657cdc9da5f985cd98f7d73e9a/r_5",
            "rotation": 0.12566370614359174,
            "transform_matrix": [
                [
                    0.8984518051147461,
                    0.13045474886894226,
                    -0.4192444086074829,
                    -1.6900283098220825
                ],
                [
                    -0.43907204270362854,
                    0.26694318652153015,
                    -0.8578794002532959,
                    -3.4582223892211914
                ],
                [
                    0.0,
                    0.9548418521881104,
                    0.29711461067199707,
                    1.1977072954177856
                ],
                [
                    0.0,
                    0.0,
                    0.0,
                    1.0
                ]
            ]
        },
        {
            "file_path": "/data/shapenet_blender/all_50_random/02958343/137f67657cdc9da5f985cd98f7d73e9a/r_6",
            "rotation": 0.12566370614359174,
            "transform_matrix": [
                [
                    0.8758273124694824,
                    0.13425563275814056,
                    -0.46357500553131104,
                    -1.8687307834625244
                ],
                [
                    -0.4826244115829468,
                    0.2436361312866211,
                    -0.8412579894065857,
                    -3.3912196159362793
                ],
                [
                    -7.4505792646561986e-09,
                    0.9605294466018677,
                    0.27817821502685547,
                    1.1213723421096802
                ],
                [
                    0.0,
                    0.0,
                    0.0,
                    1.0
                ]
            ]
        },
        {
            "file_path": "/data/shapenet_blender/all_50_random/02958343/137f67657cdc9da5f985cd98f7d73e9a/r_7",
            "rotation": 0.12566370614359174,
            "transform_matrix": [
                [
                    0.16938330233097076,
                    -0.47530606389045715,
                    0.8633617162704468,
                    3.4803223609924316
                ],
                [
                    0.9855503439903259,
                    0.08168928325176239,
                    -0.14838314056396484,
                    -0.5981515645980835
                ],
                [
                    7.450581485102248e-09,
                    0.8760199546813965,
                    0.4822748005390167,
                    1.944111943244934
                ],
                [
                    0.0,
                    0.0,
                    0.0,
                    1.0
                ]
            ]
        },
        {
            "file_path": "/data/shapenet_blender/all_50_random/02958343/137f67657cdc9da5f985cd98f7d73e9a/r_8",
            "rotation": 0.12566370614359174,
            "transform_matrix": [
                [
                    0.0055776843801140785,
                    -0.04737219586968422,
                    0.9988617897033691,
                    4.026540279388428
                ],
                [
                    0.9999843835830688,
                    0.0002642312610987574,
                    -0.005571422632783651,
                    -0.02245911955833435
                ],
                [
                    0.0,
                    0.9988772869110107,
                    0.04737294092774391,
                    0.1909664124250412
                ],
                [
                    0.0,
                    0.0,
                    0.0,
                    1.0
                ]
            ]
        },
        {
            "file_path": "/data/shapenet_blender/all_50_random/02958343/137f67657cdc9da5f985cd98f7d73e9a/r_9",
            "rotation": 0.12566370614359174,
            "transform_matrix": [
                [
                    -0.7125871777534485,
                    -0.2979861795902252,
                    -0.635156512260437,
                    -2.5603978633880615
                ],
                [
                    -0.7015835642814636,
                    0.3026597797870636,
                    0.645118236541748,
                    2.6005547046661377
                ],
                [
                    1.4901160305669237e-08,
                    0.9053183794021606,
                    -0.42473363876342773,
                    -1.712156057357788
                ],
                [
                    0.0,
                    0.0,
                    0.0,
                    1.0
                ]
            ]
        },
        {
            "file_path": "/data/shapenet_blender/all_50_random/02958343/137f67657cdc9da5f985cd98f7d73e9a/r_10",
            "rotation": 0.12566370614359174,
            "transform_matrix": [
                [
                    -0.9148074388504028,
                    -0.15606887638568878,
                    -0.3725184202194214,
                    -1.5016697645187378
                ],
                [
                    -0.403890460729599,
                    0.3534942865371704,
                    0.8437501192092896,
                    3.4012656211853027
                ],
                [
                    0.0,
                    0.9223254919052124,
                    -0.3864138424396515,
                    -1.557684063911438
                ],
                [
                    0.0,
                    0.0,
                    0.0,
                    1.0
                ]
            ]
        },
        {
            "file_path": "/data/shapenet_blender/all_50_random/02958343/137f67657cdc9da5f985cd98f7d73e9a/r_11",
            "rotation": 0.12566370614359174,
            "transform_matrix": [
                [
                    0.9942169189453125,
                    -0.009672347456216812,
                    -0.10695384442806244,
                    -0.43114474415779114
                ],
                [
                    -0.10739030689001083,
                    -0.08954636752605438,
                    -0.9901761412620544,
                    -3.991527795791626
                ],
                [
                    -9.313224635931761e-10,
                    0.9959357976913452,
                    -0.09006722271442413,
                    -0.36307257413864136
                ],
                [
                    0.0,
                    0.0,
                    0.0,
                    1.0
                ]
            ]
        },
        {
            "file_path": "/data/shapenet_blender/all_50_random/02958343/137f67657cdc9da5f985cd98f7d73e9a/r_12",
            "rotation": 0.12566370614359174,
            "transform_matrix": [
                [
                    0.9982633590698242,
                    0.03852847218513489,
                    -0.04456377029418945,
                    -0.17964231967926025
                ],
                [
                    -0.058909881860017776,
                    0.6528881192207336,
                    -0.7551599144935608,
                    -3.044147253036499
                ],
                [
                    -1.862645371275562e-09,
                    0.7564737200737,
                    0.6540239453315735,
                    2.6364550590515137
                ],
                [
                    0.0,
                    0.0,
                    0.0,
                    1.0
                ]
            ]
        },
        {
            "file_path": "/data/shapenet_blender/all_50_random/02958343/137f67657cdc9da5f985cd98f7d73e9a/r_13",
            "rotation": 0.12566370614359174,
            "transform_matrix": [
                [
                    0.9916706085205078,
                    0.004520091228187084,
                    0.1287207305431366,
                    0.5188899040222168
                ],
                [
                    0.12880009412765503,
                    -0.03480154275894165,
                    -0.9910596609115601,
                    -3.995089530944824
                ],
                [
                    4.656613428188905e-10,
                    0.9993839263916016,
                    -0.03509385138750076,
                    -0.1414678543806076
                ],
                [
                    0.0,
                    0.0,
                    0.0,
                    1.0
                ]
            ]
        },
        {
            "file_path": "/data/shapenet_blender/all_50_random/02958343/137f67657cdc9da5f985cd98f7d73e9a/r_14",
            "rotation": 0.12566370614359174,
            "transform_matrix": [
                [
                    -0.13913781940937042,
                    0.9002598524093628,
                    -0.41251981258392334,
                    -1.662920355796814
                ],
                [
                    -0.990273118019104,
                    -0.1264905482530594,
                    0.057960882782936096,
                    0.23364776372909546
                ],
                [
                    -3.725290298461914e-09,
                    0.4165719747543335,
                    0.9091029167175293,
                    3.664710521697998
                ],
                [
                    0.0,
                    0.0,
                    0.0,
                    1.0
                ]
            ]
        },
        {
            "file_path": "/data/shapenet_blender/all_50_random/02958343/137f67657cdc9da5f985cd98f7d73e9a/r_15",
            "rotation": 0.12566370614359174,
            "transform_matrix": [
                [
                    0.7344521880149841,
                    -0.002060813596472144,
                    -0.6786571741104126,
                    -2.7357547283172607
                ],
                [
                    -0.6786603331565857,
                    -0.0022302307188510895,
                    -0.7344487905502319,
                    -2.960658073425293
                ],
                [
                    0.0,
                    0.9999954104423523,
                    -0.0030365900602191687,
                    -0.012240886688232422
                ],
                [
                    0.0,
                    0.0,
                    0.0,
                    1.0
                ]
            ]
        },
        {
            "file_path": "/data/shapenet_blender/all_50_random/02958343/137f67657cdc9da5f985cd98f7d73e9a/r_16",
            "rotation": 0.12566370614359174,
            "transform_matrix": [
                [
                    0.29429638385772705,
                    -0.8935626745223999,
                    -0.3390214443206787,
                    -1.3666391372680664
                ],
                [
                    -0.955714225769043,
                    -0.2751578092575073,
                    -0.1043960377573967,
                    -0.42083388566970825
                ],
                [
                    7.450580596923828e-09,
                    0.3547309637069702,
                    -0.9349684119224548,
                    -3.7689781188964844
                ],
                [
                    0.0,
                    0.0,
                    0.0,
                    1.0
                ]
            ]
        },
        {
            "file_path": "/data/shapenet_blender/all_50_random/02958343/137f67657cdc9da5f985cd98f7d73e9a/r_17",
            "rotation": 0.12566370614359174,
            "transform_matrix": [
                [
                    -0.25880005955696106,
                    0.2355314940214157,
                    -0.9367750287055969,
                    -3.7762608528137207
                ],
                [
                    -0.9659308195114136,
                    -0.0631055161356926,
                    0.2509884238243103,
                    1.0117666721343994
                ],
                [
                    3.7252896323280993e-09,
                    0.969815731048584,
                    0.2438388615846634,
                    0.9829459190368652
                ],
                [
                    0.0,
                    0.0,
                    0.0,
                    1.0
                ]
            ]
        },
        {
            "file_path": "/data/shapenet_blender/all_50_random/02958343/137f67657cdc9da5f985cd98f7d73e9a/r_18",
            "rotation": 0.12566370614359174,
            "transform_matrix": [
                [
                    -0.5042919516563416,
                    0.3936884105205536,
                    0.7685694098472595,
                    3.098202705383301
                ],
                [
                    0.8635333180427551,
                    0.2299087941646576,
                    0.44883430004119873,
                    1.8093090057373047
                ],
                [
                    0.0,
                    0.8900287747383118,
                    -0.45590415596961975,
                    -1.837808609008789
                ],
                [
                    0.0,
                    0.0,
                    0.0,
                    1.0
                ]
            ]
        },
        {
            "file_path": "/data/shapenet_blender/all_50_random/02958343/137f67657cdc9da5f985cd98f7d73e9a/r_19",
            "rotation": 0.12566370614359174,
            "transform_matrix": [
                [
                    -0.23415924608707428,
                    -0.6001501679420471,
                    0.7648458480834961,
                    3.0831923484802246
                ],
                [
                    0.9721981883049011,
                    -0.14454945921897888,
                    0.18421730399131775,
                    0.7426037192344666
                ],
                [
                    7.450580152834618e-09,
                    0.7867180109024048,
                    0.617312490940094,
                    2.488466262817383
                ],
                [
                    0.0,
                    0.0,
                    0.0,
                    1.0
                ]
            ]
        },
        {
            "file_path": "/data/shapenet_blender/all_50_random/02958343/137f67657cdc9da5f985cd98f7d73e9a/r_20",
            "rotation": 0.12566370614359174,
            "transform_matrix": [
                [
                    0.9889393448829651,
                    -0.008310392498970032,
                    0.14808736741542816,
                    0.5969592928886414
                ],
                [
                    0.14832036197185516,
                    0.055410291999578476,
                    -0.9873858690261841,
                    -3.9802796840667725
                ],
                [
                    -9.313225191043273e-10,
                    0.9984291195869446,
                    0.056030020117759705,
                    0.2258642315864563
                ],
                [
                    0.0,
                    0.0,
                    0.0,
                    1.0
                ]
            ]
        },
        {
            "file_path": "/data/shapenet_blender/all_50_random/02958343/137f67657cdc9da5f985cd98f7d73e9a/r_21",
            "rotation": 0.12566370614359174,
            "transform_matrix": [
                [
                    -0.31550878286361694,
                    -0.536504328250885,
                    -0.7826987504959106,
                    -3.1551594734191895
                ],
                [
                    -0.9489226937294006,
                    0.17838315665721893,
                    0.26024073362350464,
                    1.0490639209747314
                ],
                [
                    0.0,
                    0.8248287439346313,
                    -0.5653825998306274,
                    -2.279130220413208
                ],
                [
                    0.0,
                    0.0,
                    0.0,
                    1.0
                ]
            ]
        },
        {
            "file_path": "/data/shapenet_blender/all_50_random/02958343/137f67657cdc9da5f985cd98f7d73e9a/r_22",
            "rotation": 0.12566370614359174,
            "transform_matrix": [
                [
                    -0.7073445916175842,
                    0.11561297625303268,
                    0.6973500847816467,
                    2.811108112335205
                ],
                [
                    0.7068688273429871,
                    0.11569079756736755,
                    0.6978194713592529,
                    2.813000202178955
                ],
                [
                    -7.450580152834618e-09,
                    0.9865338802337646,
                    -0.16355647146701813,
                    -0.6593171954154968
                ],
                [
                    0.0,
                    0.0,
                    0.0,
                    1.0
                ]
            ]
        },
        {
            "file_path": "/data/shapenet_blender/all_50_random/02958343/137f67657cdc9da5f985cd98f7d73e9a/r_23",
            "rotation": 0.12566370614359174,
            "transform_matrix": [
                [
                    -0.6795108318328857,
                    -0.008337168954312801,
                    0.7336181402206421,
                    2.9573090076446533
                ],
                [
                    0.7336654663085938,
                    -0.007721771020442247,
                    0.679466962814331,
                    2.739018678665161
                ],
                [
                    0.0,
                    0.9999353885650635,
                    0.011363720521330833,
                    0.045808617025613785
                ],
                [
                    0.0,
                    0.0,
                    0.0,
                    1.0
                ]
            ]
        },
        {
            "file_path": "/data/shapenet_blender/all_50_random/02958343/137f67657cdc9da5f985cd98f7d73e9a/r_24",
            "rotation": 0.12566370614359174,
            "transform_matrix": [
                [
                    0.9821764230728149,
                    -0.14761510491371155,
                    0.11635834723711014,
                    0.46905553340911865
                ],
                [
                    0.1879613995552063,
                    0.7713502645492554,
                    -0.6080207228660583,
                    -2.451010227203369
                ],
                [
                    7.450580596923828e-09,
                    0.6190545558929443,
                    0.7853479385375977,
                    3.1658389568328857
                ],
                [
                    0.0,
                    0.0,
                    0.0,
                    1.0
                ]
            ]
        },
        {
            "file_path": "/data/shapenet_blender/all_50_random/02958343/137f67657cdc9da5f985cd98f7d73e9a/r_25",
            "rotation": 0.12566370614359174,
            "transform_matrix": [
                [
                    0.5962908267974854,
                    0.043904200196266174,
                    0.801567018032074,
                    3.231220006942749
                ],
                [
                    0.8027685284614563,
                    -0.03261173143982887,
                    -0.5953983664512634,
                    -2.400127649307251
                ],
                [
                    0.0,
                    0.9985033869743347,
                    -0.05469098314642906,
                    -0.22046640515327454
                ],
                [
                    0.0,
                    0.0,
                    0.0,
                    1.0
                ]
            ]
        },
        {
            "file_path": "/data/shapenet_blender/all_50_random/02958343/137f67657cdc9da5f985cd98f7d73e9a/r_26",
            "rotation": 0.12566370614359174,
            "transform_matrix": [
                [
                    -0.15015631914138794,
                    -0.28749731183052063,
                    -0.9459378123283386,
                    -3.813197374343872
                ],
                [
                    -0.9886623620986938,
                    0.0436645932495594,
                    0.14366738498210907,
                    0.5791417360305786
                ],
                [
                    0.0,
                    0.9567855596542358,
                    -0.2907942533493042,
                    -1.1722291707992554
                ],
                [
                    0.0,
                    0.0,
                    0.0,
                    1.0
                ]
            ]
        },
        {
            "file_path": "/data/shapenet_blender/all_50_random/02958343/137f67657cdc9da5f985cd98f7d73e9a/r_27",
            "rotation": 0.12566370614359174,
            "transform_matrix": [
                [
                    0.6146911382675171,
                    -0.1515895575284958,
                    -0.7740641236305237,
                    -3.1203525066375732
                ],
                [
                    -0.78876793384552,
                    -0.11813457310199738,
                    -0.6032323837280273,
                    -2.4317078590393066
                ],
                [
                    0.0,
                    0.9813585877418518,
                    -0.19218523800373077,
                    -0.7747235298156738
                ],
                [
                    0.0,
                    0.0,
                    0.0,
                    1.0
                ]
            ]
        },
        {
            "file_path": "/data/shapenet_blender/all_50_random/02958343/137f67657cdc9da5f985cd98f7d73e9a/r_28",
            "rotation": 0.12566370614359174,
            "transform_matrix": [
                [
                    -0.440529465675354,
                    0.765673041343689,
                    -0.4686988294124603,
                    -1.889385461807251
                ],
                [
                    -0.8977382779121399,
                    -0.3757236897945404,
                    0.22999535501003265,
                    0.9271409511566162
                ],
                [
                    -1.4901162970204496e-08,
                    0.5220884680747986,
                    0.8528912663459778,
                    3.438114643096924
                ],
                [
                    0.0,
                    0.0,
                    0.0,
                    1.0
                ]
            ]
        },
        {
            "file_path": "/data/shapenet_blender/all_50_random/02958343/137f67657cdc9da5f985cd98f7d73e9a/r_29",
            "rotation": 0.12566370614359174,
            "transform_matrix": [
                [
                    0.06298304349184036,
                    0.026640715077519417,
                    -0.9976588487625122,
                    -4.021691799163818
                ],
                [
                    -0.9980145692825317,
                    0.0016812513349577785,
                    -0.06296059489250183,
                    -0.2538022994995117
                ],
                [
                    -1.1641531488804091e-10,
                    0.9996437430381775,
                    0.026693707332015038,
                    0.10760578513145447
                ],
                [
                    0.0,
                    0.0,
                    0.0,
                    1.0
                ]
            ]
        },
        {
            "file_path": "/data/shapenet_blender/all_50_random/02958343/137f67657cdc9da5f985cd98f7d73e9a/r_30",
            "rotation": 0.12566370614359174,
            "transform_matrix": [
                [
                    -0.5335065126419067,
                    -0.8204268217086792,
                    0.20559833943843842,
                    0.8287934064865112
                ],
                [
                    0.8457960486412048,
                    -0.5175042152404785,
                    0.1296861618757248,
                    0.5227816700935364
                ],
                [
                    0.0,
                    0.2430826723575592,
                    0.9700055718421936,
                    3.910217523574829
                ],
                [
                    0.0,
                    0.0,
                    0.0,
                    1.0
                ]
            ]
        },
        {
            "file_path": "/data/shapenet_blender/all_50_random/02958343/137f67657cdc9da5f985cd98f7d73e9a/r_31",
            "rotation": 0.12566370614359174,
            "transform_matrix": [
                [
                    0.32938703894615173,
                    0.8233180642127991,
                    -0.46222442388534546,
                    -1.8632862567901611
                ],
                [
                    -0.944195032119751,
                    0.28721854090690613,
                    -0.16124925017356873,
                    -0.6500165462493896
                ],
                [
                    0.0,
                    0.4895433783531189,
                    0.8719789385795593,
                    3.515059471130371
                ],
                [
                    0.0,
                    0.0,
                    0.0,
                    1.0
                ]
            ]
        },
        {
            "file_path": "/data/shapenet_blender/all_50_random/02958343/137f67657cdc9da5f985cd98f7d73e9a/r_32",
            "rotation": 0.12566370614359174,
            "transform_matrix": [
                [
                    -0.9918907880783081,
                    0.0872126892209053,
                    0.09244883060455322,
                    0.3726731538772583
                ],
                [
                    0.1270938366651535,
                    0.6806425452232361,
                    0.7215074300765991,
                    2.908489465713501
                ],
                [
                    -7.450581485102248e-09,
                    0.7274061441421509,
                    -0.686207115650177,
                    -2.7661893367767334
                ],
                [
                    0.0,
                    0.0,
                    0.0,
                    1.0
                ]
            ]
        },
        {
            "file_path": "/data/shapenet_blender/all_50_random/02958343/137f67657cdc9da5f985cd98f7d73e9a/r_33",
            "rotation": 0.12566370614359174,
            "transform_matrix": [
                [
                    0.2105063796043396,
                    0.744880735874176,
                    -0.6331190466880798,
                    -2.552184820175171
                ],
                [
                    -0.9775925278663635,
                    0.16039623320102692,
                    -0.13633042573928833,
                    -0.5495656132698059
                ],
                [
                    7.450580596923828e-09,
                    0.6476309299468994,
                    0.761954128742218,
                    3.071535587310791
                ],
                [
                    0.0,
                    0.0,
                    0.0,
                    1.0
                ]
            ]
        },
        {
            "file_path": "/data/shapenet_blender/all_50_random/02958343/137f67657cdc9da5f985cd98f7d73e9a/r_34",
            "rotation": 0.12566370614359174,
            "transform_matrix": [
                [
                    -0.8416627645492554,
                    0.22543394565582275,
                    0.49069681763648987,
                    1.9780621528625488
                ],
                [
                    0.5400035381317139,
                    0.3513668477535248,
                    0.7648120522499084,
                    3.0830559730529785
                ],
                [
                    0.0,
                    0.9086917638778687,
                    -0.41746753454208374,
                    -1.6828655004501343
                ],
                [
                    0.0,
                    0.0,
                    0.0,
                    1.0
                ]
            ]
        },
        {
            "file_path": "/data/shapenet_blender/all_50_random/02958343/137f67657cdc9da5f985cd98f7d73e9a/r_35",
            "rotation": 0.12566370614359174,
            "transform_matrix": [
                [
                    0.2856692671775818,
                    -0.7015520930290222,
                    -0.6528534293174744,
                    -2.6317362785339355
                ],
                [
                    -0.9583283066749573,
                    -0.2091265618801117,
                    -0.1946098953485489,
                    -0.7844975590705872
                ],
                [
                    -1.4901161193847656e-08,
                    0.6812419295310974,
                    -0.7320582866668701,
                    -2.951021432876587
                ],
                [
                    0.0,
                    0.0,
                    0.0,
                    1.0
                ]
            ]
        },
        {
            "file_path": "/data/shapenet_blender/all_50_random/02958343/137f67657cdc9da5f985cd98f7d73e9a/r_36",
            "rotation": 0.12566370614359174,
            "transform_matrix": [
                [
                    0.7182653546333313,
                    -0.6186174154281616,
                    -0.3184449374675751,
                    -1.2836925983428955
                ],
                [
                    -0.6957691311836243,
                    -0.6386191248893738,
                    -0.328741192817688,
                    -1.3251981735229492
                ],
                [
                    0.0,
                    0.4576875865459442,
                    -0.8891130685806274,
                    -3.5841293334960938
                ],
                [
                    0.0,
                    0.0,
                    0.0,
                    1.0
                ]
            ]
        },
        {
            "file_path": "/data/shapenet_blender/all_50_random/02958343/137f67657cdc9da5f985cd98f7d73e9a/r_37",
            "rotation": 0.12566370614359174,
            "transform_matrix": [
                [
                    -0.7074716687202454,
                    0.02553761750459671,
                    -0.7062801122665405,
                    -2.8471062183380127
                ],
                [
                    -0.7067416310310364,
                    -0.02556399628520012,
                    0.7070096731185913,
                    2.8500471115112305
                ],
                [
                    0.0,
                    0.9993469715118408,
                    0.036134302616119385,
                    0.14566203951835632
                ],
                [
                    0.0,
                    0.0,
                    0.0,
                    1.0
                ]
            ]
        },
        {
            "file_path": "/data/shapenet_blender/all_50_random/02958343/137f67657cdc9da5f985cd98f7d73e9a/r_38",
            "rotation": 0.12566370614359174,
            "transform_matrix": [
                [
                    0.749976634979248,
                    -0.5666441917419434,
                    0.3412468731403351,
                    1.375610113143921
                ],
                [
                    0.6614644527435303,
                    0.642468273639679,
                    -0.38690999150276184,
                    -1.5596840381622314
                ],
                [
                    0.0,
                    0.5158959627151489,
                    0.8566511273384094,
                    3.4532711505889893
                ],
                [
                    0.0,
                    0.0,
                    0.0,
                    1.0
                ]
            ]
        },
        {
            "file_path": "/data/shapenet_blender/all_50_random/02958343/137f67657cdc9da5f985cd98f7d73e9a/r_39",
            "rotation": 0.12566370614359174,
            "transform_matrix": [
                [
                    0.8923652172088623,
                    0.2032518982887268,
                    0.4029555022716522,
                    1.6243655681610107
                ],
                [
                    0.45131421089172363,
                    -0.4018816649913788,
                    -0.7967475056648254,
                    -3.2117919921875
                ],
                [
                    -1.4901162970204496e-08,
                    0.8928492665290833,
                    -0.4503556191921234,
                    -1.815441608428955
                ],
                [
                    0.0,
                    0.0,
                    0.0,
                    1.0
                ]
            ]
        },
        {
            "file_path": "/data/shapenet_blender/all_50_random/02958343/137f67657cdc9da5f985cd98f7d73e9a/r_40",
            "rotation": 0.12566370614359174,
            "transform_matrix": [
                [
                    0.9793635010719299,
                    0.05611647665500641,
                    -0.19415992498397827,
                    -0.7826837301254272
                ],
                [
                    -0.20210674405097961,
                    0.27192768454551697,
                    -0.9408549666404724,
                    -3.792707920074463
                ],
                [
                    -7.450580596923828e-09,
                    0.9606800675392151,
                    0.27765756845474243,
                    1.1192735433578491
                ],
                [
                    0.0,
                    0.0,
                    0.0,
                    1.0
                ]
            ]
        },
        {
            "file_path": "/data/shapenet_blender/all_50_random/02958343/137f67657cdc9da5f985cd98f7d73e9a/r_41",
            "rotation": 0.12566370614359174,
            "transform_matrix": [
                [
                    -0.9676098823547363,
                    -0.02957165613770485,
                    0.2507123649120331,
                    1.0106538534164429
                ],
                [
                    0.2524503469467163,
                    -0.11334437876939774,
                    0.9609484672546387,
                    3.8737070560455322
