{
    "class": "02958343",
    "model": "35e4f3bca48aad294361eef216dfeaa6",
    "remove_doubles": true,
    "edge_split": true,
    "denoise": true,
    "camera_angle_x": 0.6911112070083618,
    "scale_factor": 2.232840607284367,
    "hdri_file": "/data/IndoorHDRDataset2018/9C4A3359-3edd9ddf7d.exr",
    "center_offset": [
        0.0,
        0.0,
        -1.6298145055770874e-09
    ],
    "lights": [],
    "frames": [
        {
            "file_path": "/data/shapenet_blender/all_50_random/02958343/35e4f3bca48aad294361eef216dfeaa6/r_0",
            "rotation": 0.12566370614359174,
            "transform_matrix": [
                [
                    -0.8991114497184753,
                    0.2008977085351944,
                    0.3888942301273346,
                    1.5676827430725098
                ],
                [
                    0.43771979212760925,
                    0.4126599431037903,
                    0.7988198399543762,
                    3.2201457023620605
                ],
                [
                    0.0,
                    0.888454794883728,
                    -0.45896416902542114,
                    -1.8501436710357666
                ],
                [
                    0.0,
                    0.0,
                    0.0,
                    1.0
                ]
            ]
        },
        {
            "file_path": "/data/shapenet_blender/all_50_random/02958343/35e4f3bca48aad294361eef216dfeaa6/r_1",
            "rotation": 0.12566370614359174,
            "transform_matrix": [
                [
                    0.5128512382507324,
                    -0.27207258343696594,
                    0.8142235279083252,
                    3.282240152359009
                ],
                [
                    0.8584774732589722,
                    0.1625351458787918,
                    -0.4864140748977661,
                    -1.9607980251312256
                ],
                [
                    0.0,
                    0.9484506249427795,
                    0.3169245421886444,
                    1.2775638103485107
                ],
                [
                    0.0,
                    0.0,
                    0.0,
                    1.0
                ]
            ]
        },
        {
            "file_path": "/data/shapenet_blender/all_50_random/02958343/35e4f3bca48aad294361eef216dfeaa6/r_2",
            "rotation": 0.12566370614359174,
            "transform_matrix": [
                [
                    0.9706143736839294,
                    0.055924031883478165,
                    0.23405176401138306,
                    0.9434928894042969
                ],
                [
                    0.24064026772975922,
                    -0.22556768357753754,
                    -0.9440398812294006,
                    -3.805546760559082
                ],
                [
                    -3.725290298461914e-09,
                    0.9726210236549377,
                    -0.23239678144454956,
                    -0.936821460723877
                ],
                [
                    0.0,
                    0.0,
                    0.0,
                    1.0
                ]
            ]
        },
        {
            "file_path": "/data/shapenet_blender/all_50_random/02958343/35e4f3bca48aad294361eef216dfeaa6/r_3",
            "rotation": 0.12566370614359174,
            "transform_matrix": [
                [
                    -0.9459078907966614,
                    0.2849218547344208,
                    0.15517009794712067,
                    0.6255107522010803
                ],
                [
                    0.3244352340698242,
                    0.8307045102119446,
                    0.45240655541419983,
                    1.82370924949646
                ],
                [
                    1.4901160305669237e-08,
                    0.47827768325805664,
                    -0.8782086372375488,
                    -3.540172576904297
                ],
                [
                    0.0,
                    0.0,
                    0.0,
                    1.0
                ]
            ]
        },
        {
            "file_path": "/data/shapenet_blender/all_50_random/02958343/35e4f3bca48aad294361eef216dfeaa6/r_4",
            "rotation": 0.12566370614359174,
            "transform_matrix": [
                [
                    0.0015605200314894319,
                    -0.15624520182609558,
                    0.9877170920372009,
                    3.981614589691162
                ],
                [
                    0.9999988079071045,
                    0.00024382407718803734,
                    -0.001541354227811098,
                    -0.006213396787643433
                ],
                [
                    0.0,
                    0.9877182841300964,
                    0.1562453806400299,
                    0.6298452019691467
                ],
                [
                    0.0,
                    0.0,
                    0.0,
                    1.0
                ]
            ]
        },
        {
            "file_path": "/data/shapenet_blender/all_50_random/02958343/35e4f3bca48aad294361eef216dfeaa6/r_5",
            "rotation": 0.12566370614359174,
            "transform_matrix": [
                [
                    -0.7034468650817871,
                    -0.37828487157821655,
                    -0.6017166972160339,
                    -2.425597667694092
                ],
                [
                    -0.7107478380203247,
                    0.3743990361690521,
                    0.5955357551574707,
                    2.400681495666504
                ],
                [
                    -1.4901161193847656e-08,
                    0.8465967178344727,
                    -0.5322349667549133,
                    -2.1455078125
                ],
                [
                    0.0,
                    0.0,
                    0.0,
                    1.0
                ]
            ]
        },
        {
            "file_path": "/data/shapenet_blender/all_50_random/02958343/35e4f3bca48aad294361eef216dfeaa6/r_6",
            "rotation": 0.12566370614359174,
            "transform_matrix": [
                [
                    0.9565593004226685,
                    -0.28740718960762024,
                    0.04890228807926178,
                    0.1971314251422882
                ],
                [
                    0.291537880897522,
                    0.943006157875061,
                    -0.16045235097408295,
                    -0.6468040943145752
                ],
                [
                    3.725290076417309e-09,
                    0.1677389293909073,
                    0.9858314394950867,
                    3.974013328552246
                ],
                [
                    0.0,
                    0.0,
                    0.0,
                    1.0
                ]
            ]
        },
        {
            "file_path": "/data/shapenet_blender/all_50_random/02958343/35e4f3bca48aad294361eef216dfeaa6/r_7",
            "rotation": 0.12566370614359174,
            "transform_matrix": [
                [
                    0.36949118971824646,
                    0.6026850342750549,
                    0.7072813510894775,
                    2.851142406463623
                ],
                [
                    0.9292342066764832,
                    -0.23964552581310272,
                    -0.2812361419200897,
                    -1.1336991786956787
                ],
                [
                    -1.4901161193847656e-08,
                    0.7611443400382996,
                    -0.6485824584960938,
                    -2.6145195960998535
                ],
                [
                    0.0,
                    0.0,
                    0.0,
                    1.0
                ]
            ]
        },
        {
            "file_path": "/data/shapenet_blender/all_50_random/02958343/35e4f3bca48aad294361eef216dfeaa6/r_8",
            "rotation": 0.12566370614359174,
            "transform_matrix": [
                [
                    0.5579333901405334,
                    -0.4391063153743744,
                    -0.7041987180709839,
                    -2.8387160301208496
                ],
                [
                    -0.829885721206665,
                    -0.2952118217945099,
                    -0.47343388199806213,
                    -1.9084731340408325
                ],
                [
                    0.0,
                    0.8485490083694458,
                    -0.5291165709495544,
                    -2.132937431335449
                ],
                [
                    0.0,
                    0.0,
                    0.0,
                    1.0
                ]
            ]
        },
        {
            "file_path": "/data/shapenet_blender/all_50_random/02958343/35e4f3bca48aad294361eef216dfeaa6/r_9",
            "rotation": 0.12566370614359174,
            "transform_matrix": [
                [
                    -0.9965003132820129,
                    -0.03128046169877052,
                    -0.07751496881246567,
                    -0.3124728202819824
                ],
                [
                    -0.08358849585056305,
                    0.3729100227355957,
                    0.9240946769714355,
                    3.725144863128662
                ],
                [
                    0.0,
                    0.9273399710655212,
                    -0.374219685792923,
                    -1.5085277557373047
                ],
                [
                    0.0,
                    0.0,
                    0.0,
                    1.0
                ]
            ]
        },
        {
            "file_path": "/data/shapenet_blender/all_50_random/02958343/35e4f3bca48aad294361eef216dfeaa6/r_10",
            "rotation": 0.12566370614359174,
            "transform_matrix": [
                [
                    0.9052581787109375,
                    0.15043696761131287,
                    0.3973366916179657,
                    1.6017154455184937
                ],
                [
                    0.4248620569705963,
                    -0.32053765654563904,
                    -0.8466095924377441,
                    -3.412792444229126
                ],
                [
                    -1.4901162970204496e-08,
                    0.9352135062217712,
                    -0.3540842533111572,
                    -1.4273592233657837
                ],
                [
                    0.0,
                    0.0,
                    0.0,
                    1.0
                ]
            ]
        },
        {
            "file_path": "/data/shapenet_blender/all_50_random/02958343/35e4f3bca48aad294361eef216dfeaa6/r_11",
            "rotation": 0.12566370614359174,
            "transform_matrix": [
                [
                    0.1954602152109146,
                    -0.7071138024330139,
                    -0.6795478463172913,
                    -2.739344835281372
                ],
                [
                    -0.9807116389274597,
                    -0.14093095064163208,
                    -0.13543692231178284,
                    -0.545963704586029
                ],
                [
                    -7.450580152834618e-09,
                    0.6929128766059875,
                    -0.7210211753845215,
                    -2.906529188156128
                ],
                [
                    0.0,
                    0.0,
                    0.0,
                    1.0
                ]
            ]
        },
        {
            "file_path": "/data/shapenet_blender/all_50_random/02958343/35e4f3bca48aad294361eef216dfeaa6/r_12",
            "rotation": 0.12566370614359174,
            "transform_matrix": [
                [
                    -0.15424342453479767,
                    0.07210138440132141,
                    -0.985398530960083,
                    -3.97226881980896
                ],
                [
                    -0.9880329370498657,
                    -0.01125586312264204,
                    0.15383215248584747,
                    0.6201173067092896
                ],
                [
                    9.313225746154785e-10,
                    0.997333824634552,
                    0.07297466695308685,
                    0.2941703200340271
                ],
                [
                    0.0,
                    0.0,
                    0.0,
                    1.0
                ]
            ]
        },
        {
            "file_path": "/data/shapenet_blender/all_50_random/02958343/35e4f3bca48aad294361eef216dfeaa6/r_13",
            "rotation": 0.12566370614359174,
            "transform_matrix": [
                [
                    -0.7166748046875,
                    -0.013446616940200329,
                    -0.6972777843475342,
                    -2.810817003250122
                ],
                [
                    -0.6974075436592102,
                    0.01381810661405325,
                    0.7165414690971375,
                    2.8884713649749756
                ],
                [
                    0.0,
                    0.9998141527175903,
                    -0.01928085647523403,
                    -0.07772362232208252
                ],
                [
                    0.0,
                    0.0,
                    0.0,
                    1.0
                ]
            ]
        },
        {
            "file_path": "/data/shapenet_blender/all_50_random/02958343/35e4f3bca48aad294361eef216dfeaa6/r_14",
            "rotation": 0.12566370614359174,
            "transform_matrix": [
                [
                    0.8402472734451294,
                    0.2603898048400879,
                    -0.47558560967445374,
                    -1.917146921157837
                ],
                [
                    -0.542203426361084,
                    0.4035235345363617,
                    -0.7370103001594543,
                    -2.9709835052490234
                ],
                [
                    1.4901161193847656e-08,
                    0.8771349787712097,
                    0.48024383187294006,
                    1.935924768447876
                ],
                [
                    0.0,
                    0.0,
                    0.0,
                    1.0
                ]
            ]
        },
        {
            "file_path": "/data/shapenet_blender/all_50_random/02958343/35e4f3bca48aad294361eef216dfeaa6/r_15",
            "rotation": 0.12566370614359174,
            "transform_matrix": [
                [
                    -0.3065335154533386,
                    0.18212027847766876,
                    0.9342747330665588,
                    3.7661821842193604
                ],
                [
                    0.9518598914146423,
                    0.05864935740828514,
                    0.30087044835090637,
                    1.2128477096557617
                ],
                [
                    0.0,
                    0.9815255999565125,
                    -0.1913309544324875,
                    -0.7712798118591309
                ],
                [
                    0.0,
                    0.0,
                    0.0,
                    1.0
                ]
            ]
        },
        {
            "file_path": "/data/shapenet_blender/all_50_random/02958343/35e4f3bca48aad294361eef216dfeaa6/r_16",
            "rotation": 0.12566370614359174,
            "transform_matrix": [
                [
                    -0.8008959889411926,
                    0.127278134226799,
                    -0.5851203203201294,
                    -2.3586952686309814
                ],
                [
                    -0.5988032817840576,
                    -0.17023378610610962,
                    0.7825950980186462,
                    3.1547412872314453
                ],
                [
                    0.0,
                    0.9771493077278137,
                    0.21255415678024292,
                    0.8568331003189087
                ],
                [
                    0.0,
                    0.0,
                    0.0,
                    1.0
                ]
            ]
        },
        {
            "file_path": "/data/shapenet_blender/all_50_random/02958343/35e4f3bca48aad294361eef216dfeaa6/r_17",
            "rotation": 0.12566370614359174,
            "transform_matrix": [
                [
                    0.9172514081001282,
                    0.05760661140084267,
                    -0.3941210210323334,
                    -1.5887526273727417
                ],
                [
                    -0.3983088433742523,
                    0.13266025483608246,
                    -0.9076074957847595,
                    -3.6586828231811523
                ],
                [
                    3.725290298461914e-09,
                    0.9894860982894897,
                    0.14462801814079285,
                    0.583014190196991
                ],
                [
                    0.0,
                    0.0,
                    0.0,
                    1.0
                ]
            ]
        },
        {
            "file_path": "/data/shapenet_blender/all_50_random/02958343/35e4f3bca48aad294361eef216dfeaa6/r_18",
            "rotation": 0.12566370614359174,
            "transform_matrix": [
                [
                    -0.5288519859313965,
                    -0.6360355615615845,
                    0.5619379878044128,
                    2.265244483947754
                ],
                [
                    0.8487141132354736,
                    -0.3963274359703064,
                    0.35015562176704407,
                    1.4115225076675415
                ],
                [
                    1.4901161193847656e-08,
                    0.6621052026748657,
                    0.7494109272956848,
                    3.0209720134735107
                ],
                [
                    0.0,
                    0.0,
                    0.0,
                    1.0
                ]
            ]
        },
        {
            "file_path": "/data/shapenet_blender/all_50_random/02958343/35e4f3bca48aad294361eef216dfeaa6/r_19",
            "rotation": 0.12566370614359174,
            "transform_matrix": [
                [
                    -0.7696322798728943,
                    0.06607771664857864,
                    0.6350590586662292,
                    2.560004949569702
                ],
                [
                    0.6384875178337097,
                    0.07965002208948135,
                    0.7654995918273926,
                    3.085827350616455
                ],
                [
                    -3.725290298461914e-09,
                    0.9946303963661194,
                    -0.10349101573228836,
                    -0.41718560457229614
                ],
                [
                    0.0,
                    0.0,
                    0.0,
                    1.0
                ]
            ]
        },
        {
            "file_path": "/data/shapenet_blender/all_50_random/02958343/35e4f3bca48aad294361eef216dfeaa6/r_20",
            "rotation": 0.12566370614359174,
            "transform_matrix": [
                [
                    0.9655747413635254,
                    -0.25661590695381165,
                    -0.042587511241436005,
                    -0.17167577147483826
                ],
                [
                    -0.2601258158683777,
                    -0.9525461792945862,
                    -0.15808282792568207,
                    -0.6372523307800293
                ],
                [
                    0.0,
                    0.1637190580368042,
                    -0.9865069389343262,
                    -3.9767370223999023
                ],
                [
                    0.0,
                    0.0,
                    0.0,
                    1.0
                ]
            ]
        },
        {
            "file_path": "/data/shapenet_blender/all_50_random/02958343/35e4f3bca48aad294361eef216dfeaa6/r_21",
            "rotation": 0.12566370614359174,
            "transform_matrix": [
                [
                    0.09081713110208511,
                    0.5117923021316528,
                    -0.854295551776886,
                    -3.4437756538391113
                ],
                [
                    -0.9958676099777222,
                    0.04667237401008606,
                    -0.07790660858154297,
                    -0.31405162811279297
                ],
                [
                    0.0,
                    0.8578405380249023,
                    0.5139158964157104,
                    2.0716614723205566
                ],
                [
                    0.0,
                    0.0,
                    0.0,
                    1.0
                ]
            ]
        },
        {
            "file_path": "/data/shapenet_blender/all_50_random/02958343/35e4f3bca48aad294361eef216dfeaa6/r_22",
            "rotation": 0.12566370614359174,
            "transform_matrix": [
                [
                    -0.9723057746887207,
                    0.09004319459199905,
                    -0.21567048132419586,
                    -0.8693954944610596
                ],
                [
                    -0.23371250927448273,
                    -0.3746034801006317,
                    0.8972461819648743,
                    3.616914987564087
                ],
                [
                    0.0,
                    0.9228025078773499,
                    0.3852733373641968,
                    1.553086519241333
                ],
                [
                    0.0,
                    0.0,
                    0.0,
                    1.0
                ]
            ]
        },
        {
            "file_path": "/data/shapenet_blender/all_50_random/02958343/35e4f3bca48aad294361eef216dfeaa6/r_23",
            "rotation": 0.12566370614359174,
            "transform_matrix": [
                [
                    0.2052256315946579,
                    -0.8139917254447937,
                    -0.5434151291847229,
                    -2.1905763149261475
                ],
                [
                    -0.9787147045135498,
                    -0.1706850528717041,
                    -0.11394813656806946,
                    -0.45933961868286133
                ],
                [
                    -7.4505797087454084e-09,
                    0.5552334785461426,
                    -0.8316945433616638,
                    -3.352667808532715
                ],
                [
                    0.0,
                    0.0,
                    0.0,
                    1.0
                ]
            ]
        },
        {
            "file_path": "/data/shapenet_blender/all_50_random/02958343/35e4f3bca48aad294361eef216dfeaa6/r_24",
            "rotation": 0.12566370614359174,
            "transform_matrix": [
                [
                    0.759541928768158,
                    0.26288893818855286,
                    0.5949667692184448,
                    2.3983876705169678
                ],
                [
                    0.6504583358764648,
                    -0.3069761097431183,
                    -0.6947442293167114,
                    -2.8006036281585693
                ],
                [
                    0.0,
                    0.9146884083747864,
                    -0.4041595757007599,
                    -1.62921941280365
                ],
                [
                    0.0,
                    0.0,
                    0.0,
                    1.0
                ]
            ]
        },
        {
            "file_path": "/data/shapenet_blender/all_50_random/02958343/35e4f3bca48aad294361eef216dfeaa6/r_25",
            "rotation": 0.12566370614359174,
            "transform_matrix": [
                [
                    -0.8691406846046448,
                    0.09948138147592545,
                    -0.48445621132850647,
                    -1.9529054164886475
                ],
                [
                    -0.49456480145454407,
                    -0.17482705414295197,
                    0.8513759970664978,
                    3.432006359100342
                ],
                [
                    7.450580152834618e-09,
                    0.9795606136322021,
                    0.20114931464195251,
                    0.8108588457107544
                ],
                [
                    0.0,
                    0.0,
                    0.0,
                    1.0
                ]
            ]
        },
        {
            "file_path": "/data/shapenet_blender/all_50_random/02958343/35e4f3bca48aad294361eef216dfeaa6/r_26",
            "rotation": 0.12566370614359174,
            "transform_matrix": [
                [
                    -0.1567213386297226,
                    -0.6685899496078491,
                    -0.7269289493560791,
                    -2.930344581604004
                ],
                [
                    -0.9876428842544556,
                    0.10609330981969833,
                    0.11535067856311798,
                    0.4649934768676758
                ],
                [
                    -7.450581485102248e-09,
                    0.7360241413116455,
                    -0.6769551634788513,
                    -2.728893756866455
                ],
                [
                    0.0,
                    0.0,
                    0.0,
                    1.0
                ]
            ]
        },
        {
            "file_path": "/data/shapenet_blender/all_50_random/02958343/35e4f3bca48aad294361eef216dfeaa6/r_27",
            "rotation": 0.12566370614359174,
            "transform_matrix": [
                [
                    0.665682315826416,
                    0.6776365041732788,
                    0.31253138184547424,
                    1.2598543167114258
                ],
                [
                    0.7462352514266968,
                    -0.6044884920120239,
                    -0.27879491448402405,
                    -1.1238582134246826
                ],
                [
                    1.4901161193847656e-08,
                    0.41881078481674194,
                    -0.9080734848976135,
                    -3.6605613231658936
                ],
                [
                    0.0,
                    0.0,
                    0.0,
                    1.0
                ]
            ]
        },
        {
            "file_path": "/data/shapenet_blender/all_50_random/02958343/35e4f3bca48aad294361eef216dfeaa6/r_28",
            "rotation": 0.12566370614359174,
            "transform_matrix": [
                [
                    -0.0990283191204071,
                    -0.04124161973595619,
                    -0.9942295551300049,
                    -4.007867813110352
                ],
                [
                    -0.9950846433639526,
                    0.004104262217879295,
                    0.09894321858882904,
                    0.3988529145717621
                ],
                [
                    4.656612873077393e-10,
                    0.9991406798362732,
                    -0.04144534096121788,
                    -0.16707152128219604
                ],
                [
                    0.0,
                    0.0,
                    0.0,
                    1.0
                ]
            ]
        },
        {
            "file_path": "/data/shapenet_blender/all_50_random/02958343/35e4f3bca48aad294361eef216dfeaa6/r_29",
            "rotation": 0.12566370614359174,
            "transform_matrix": [
                [
                    -0.8447862863540649,
                    0.1577579528093338,
                    -0.5113204717636108,
                    -2.0611987113952637
                ],
                [
                    -0.5351039171218872,
                    -0.24905772507190704,
                    0.8072385787963867,
                    3.254082679748535
                ],
                [
                    0.0,
                    0.9555535316467285,
                    0.2948174774646759,
                    1.1884472370147705
                ],
                [
                    0.0,
                    0.0,
                    0.0,
                    1.0
                ]
            ]
        },
        {
            "file_path": "/data/shapenet_blender/all_50_random/02958343/35e4f3bca48aad294361eef216dfeaa6/r_30",
            "rotation": 0.12566370614359174,
            "transform_matrix": [
                [
                    0.9955142140388489,
                    0.06674249470233917,
                    0.06705772876739502,
                    0.2703183889389038
                ],
                [
                    0.09461130946874619,
                    -0.7022744417190552,
                    -0.7055913805961609,
                    -2.844330072402954
                ],
                [
                    0.0,
                    0.7087708115577698,
                    -0.7054387927055359,
                    -2.843714952468872
                ],
                [
                    0.0,
                    0.0,
                    0.0,
                    1.0
                ]
            ]
        },
        {
            "file_path": "/data/shapenet_blender/all_50_random/02958343/35e4f3bca48aad294361eef216dfeaa6/r_31",
            "rotation": 0.12566370614359174,
            "transform_matrix": [
                [
                    0.9547497034072876,
                    -0.12127471715211868,
                    -0.2715611159801483,
                    -1.0946979522705078
                ],
                [
                    -0.2974104881286621,
                    -0.3893170952796936,
                    -0.8717677593231201,
                    -3.5142085552215576
                ],
                [
                    0.0,
                    0.9130852222442627,
                    -0.40776869654655457,
                    -1.643768310546875
                ],
                [
                    0.0,
                    0.0,
                    0.0,
                    1.0
                ]
            ]
        },
        {
            "file_path": "/data/shapenet_blender/all_50_random/02958343/35e4f3bca48aad294361eef216dfeaa6/r_32",
            "rotation": 0.12566370614359174,
            "transform_matrix": [
                [
                    -0.8330658078193665,
                    -0.23876434564590454,
                    -0.4989919364452362,
                    -2.011500835418701
                ],
                [
                    -0.5531738996505737,
                    0.35957300662994385,
                    0.7514691352844238,
                    3.029268980026245
                ],
                [
                    0.0,
                    0.9020525813102722,
                    -0.43162617087364197,
                    -1.7399407625198364
                ],
                [
                    0.0,
                    0.0,
                    0.0,
                    1.0
                ]
            ]
        },
        {
            "file_path": "/data/shapenet_blender/all_50_random/02958343/35e4f3bca48aad294361eef216dfeaa6/r_33",
            "rotation": 0.12566370614359174,
            "transform_matrix": [
                [
                    -0.9921255111694336,
                    0.01813971996307373,
                    -0.12392733991146088,
                    -0.49956709146499634
                ],
                [
                    -0.12524789571762085,
                    -0.1436900794506073,
                    0.9816650152206421,
                    3.9572181701660156
                ],
                [
                    -1.862645149230957e-09,
                    0.9894564747810364,
                    0.14483053982257843,
                    0.5838305950164795
                ],
                [
                    0.0,
                    0.0,
                    0.0,
                    1.0
                ]
            ]
        },
        {
            "file_path": "/data/shapenet_blender/all_50_random/02958343/35e4f3bca48aad294361eef216dfeaa6/r_34",
            "rotation": 0.12566370614359174,
            "transform_matrix": [
                [
                    0.664588451385498,
                    0.5062523484230042,
                    -0.5495732426643372,
                    -2.2154006958007812
                ],
                [
                    -0.7472096681594849,
                    0.4502745270729065,
                    -0.48880526423454285,
                    -1.9704370498657227
                ],
                [
                    0.0,
                    0.7355007529258728,
                    0.6775239109992981,
                    2.7311861515045166
                ],
                [
                    0.0,
                    0.0,
                    0.0,
                    1.0
                ]
            ]
        },
        {
            "file_path": "/data/shapenet_blender/all_50_random/02958343/35e4f3bca48aad294361eef216dfeaa6/r_35",
            "rotation": 0.12566370614359174,
            "transform_matrix": [
                [
                    0.823384165763855,
                    -0.420417845249176,
                    0.38116586208343506,
                    1.5365287065505981
                ],
                [
                    0.567484438419342,
                    0.6099998354911804,
                    -0.5530476570129395,
                    -2.2294063568115234
                ],
                [
                    -1.4901161193847656e-08,
                    0.6716763377189636,
                    0.7408447265625,
                    2.986440658569336
                ],
                [
                    0.0,
                    0.0,
                    0.0,
                    1.0
                ]
            ]
        },
        {
            "file_path": "/data/shapenet_blender/all_50_random/02958343/35e4f3bca48aad294361eef216dfeaa6/r_36",
            "rotation": 0.12566370614359174,
            "transform_matrix": [
                [
                    -0.7726107835769653,
                    0.4413398802280426,
                    -0.4563899040222168,
                    -1.8397666215896606
                ],
                [
                    -0.6348800659179688,
                    -0.5370840430259705,
                    0.5553989410400391,
                    2.238884925842285
                ],
                [
                    -1.4901162970204496e-08,
                    0.7188600301742554,
                    0.6951547265052795,
                    2.8022584915161133
                ],
                [
                    0.0,
                    0.0,
                    0.0,
                    1.0
                ]
            ]
        },
        {
            "file_path": "/data/shapenet_blender/all_50_random/02958343/35e4f3bca48aad294361eef216dfeaa6/r_37",
            "rotation": 0.12566370614359174,
            "transform_matrix": [
                [
                    0.89878249168396,
                    -0.08656546473503113,
                    -0.4297633767127991,
                    -1.7324315309524536
                ],
                [
                    -0.43839502334594727,
                    -0.17747355997562408,
                    -0.8810862302780151,
                    -3.551772117614746
                ],
                [
                    0.0,
                    0.9803109765052795,
                    -0.19745996594429016,
                    -0.7959865927696228
                ],
                [
                    0.0,
                    0.0,
                    0.0,
                    1.0
                ]
            ]
        },
        {
            "file_path": "/data/shapenet_blender/all_50_random/02958343/35e4f3bca48aad294361eef216dfeaa6/r_38",
            "rotation": 0.12566370614359174,
            "transform_matrix": [
                [
                    0.9778770208358765,
                    0.07403100281953812,
                    -0.19564279913902283,
                    -0.7886613607406616
                ],
                [
                    -0.2091810405254364,
                    0.3460792303085327,
                    -0.9145886301994324,
                    -3.6868247985839844
                ],
                [
                    0.0,
                    0.9352799654006958,
                    0.3539087772369385,
                    1.426651954650879
                ],
                [
                    0.0,
                    0.0,
                    0.0,
                    1.0
                ]
            ]
        },
        {
            "file_path": "/data/shapenet_blender/all_50_random/02958343/35e4f3bca48aad294361eef216dfeaa6/r_39",
            "rotation": 0.12566370614359174,
            "transform_matrix": [
                [
                    0.9954301118850708,
                    -0.062386419624090195,
                    -0.07229816168546677,
                    -0.29144322872161865
                ],
                [
                    -0.09549394994974136,
                    -0.6503168344497681,
                    -0.7536370158195496,
                    -3.038008213043213
                ],
                [
                    0.0,
                    0.7570970058441162,
                    -0.6533023715019226,
                    -2.6335463523864746
                ],
                [
                    0.0,
                    0.0,
                    0.0,
                    1.0
                ]
            ]
        },
        {
            "file_path": "/data/shapenet_blender/all_50_random/02958343/35e4f3bca48aad294361eef216dfeaa6/r_40",
            "rotation": 0.12566370614359174,
            "transform_matrix": [
                [
                    -0.9960088729858398,
                    -0.08126723766326904,
                    0.03690477833151817,
                    0.14876791834831238
                ],
                [
                    0.08925428241491318,
                    -0.9068795442581177,
                    0.41182881593704224,
                    1.66013503074646
                ],
                [
                    -3.725290298461914e-09,
                    0.4134790599346161,
                    0.9105135798454285,
                    3.6703977584838867
                ],
                [
                    0.0,
                    0.0,
                    0.0,
                    1.0
                ]
            ]
        },
        {
            "file_path": "/data/shapenet_blender/all_50_random/02958343/35e4f3bca48aad294361eef216dfeaa6/r_41",
            "rotation": 0.12566370614359174,
            "transform_matrix": [
                [
                    0.954967200756073,
                    0.1708948165178299,
                    -0.24255450069904327,
                    -0.9777684807777405
                ],
                [
                    -0.2967115342617035,
                    0.5500256419181824,
                    -0.7806625962257385,
                    -3.146951675415039
                ],
                [
