{
    "class": "02958343",
    "model": "ab7eaf660f1bf4db23fa56f2e03fa992",
    "remove_doubles": true,
    "edge_split": true,
    "denoise": true,
    "camera_angle_x": 0.6911112070083618,
    "scale_factor": 2.2775852965211034,
    "hdri_file": "/data/IndoorHDRDataset2018/9C4A7956-179fee4051.exr",
    "center_offset": [
        0.0,
        0.0,
        -1.862645149230957e-09
    ],
    "lights": [],
    "frames": [
        {
            "file_path": "/data/shapenet_blender/all_50_random/02958343/ab7eaf660f1bf4db23fa56f2e03fa992/r_0",
            "rotation": 0.12566370614359174,
            "transform_matrix": [
                [
                    0.34197157621383667,
                    0.2785017490386963,
                    -0.8974921703338623,
                    -3.6179065704345703
                ],
                [
                    -0.9397101998329163,
                    0.10135005414485931,
                    -0.32660794258117676,
                    -1.3165987730026245
                ],
                [
                    0.0,
                    0.9550732374191284,
                    0.2963697910308838,
                    1.1947048902511597
                ],
                [
                    0.0,
                    0.0,
                    0.0,
                    1.0
                ]
            ]
        },
        {
            "file_path": "/data/shapenet_blender/all_50_random/02958343/ab7eaf660f1bf4db23fa56f2e03fa992/r_1",
            "rotation": 0.12566370614359174,
            "transform_matrix": [
                [
                    -0.9540823101997375,
                    0.18557898700237274,
                    0.23513276875019073,
                    0.9478505849838257
                ],
                [
                    0.29954463243484497,
                    0.5910893678665161,
                    0.7489234805107117,
                    3.019007444381714
                ],
                [
                    -1.4901161193847656e-08,
                    0.7849674224853516,
                    -0.6195369362831116,
                    -2.4974334239959717
                ],
                [
                    0.0,
                    0.0,
                    0.0,
                    1.0
                ]
            ]
        },
        {
            "file_path": "/data/shapenet_blender/all_50_random/02958343/ab7eaf660f1bf4db23fa56f2e03fa992/r_2",
            "rotation": 0.12566370614359174,
            "transform_matrix": [
                [
                    -0.9999756217002869,
                    -0.00010579375521047041,
                    0.0069809043779969215,
                    0.028140924870967865
                ],
                [
                    0.0069817062467336655,
                    -0.015152626670897007,
                    0.9998608231544495,
                    4.030567646026611
                ],
                [
                    7.275957180502557e-12,
                    0.9998852014541626,
                    0.015152995474636555,
                    0.06108367443084717
                ],
                [
                    0.0,
                    0.0,
                    0.0,
                    1.0
                ]
            ]
        },
        {
            "file_path": "/data/shapenet_blender/all_50_random/02958343/ab7eaf660f1bf4db23fa56f2e03fa992/r_3",
            "rotation": 0.12566370614359174,
            "transform_matrix": [
                [
                    -0.974288284778595,
                    -0.0780290886759758,
                    -0.21136227250099182,
                    -0.8520286083221436
                ],
                [
                    -0.22530551254749298,
                    0.3374210596084595,
                    0.9139935970306396,
                    3.6844263076782227
                ],
                [
                    -7.450581485102248e-09,
                    0.9381142258644104,
                    -0.34632575511932373,
                    -1.396083950996399
                ],
                [
                    0.0,
                    0.0,
                    0.0,
                    1.0
                ]
            ]
        },
        {
            "file_path": "/data/shapenet_blender/all_50_random/02958343/ab7eaf660f1bf4db23fa56f2e03fa992/r_4",
            "rotation": 0.12566370614359174,
            "transform_matrix": [
                [
                    0.9137482643127441,
                    0.056481972336769104,
                    0.40233561396598816,
                    1.6218667030334473
                ],
                [
                    0.40628087520599365,
                    -0.1270310878753662,
                    -0.9048750996589661,
                    -3.6476681232452393
                ],
                [
                    0.0,
                    0.9902892112731934,
                    -0.13902199268341064,
                    -0.5604155659675598
                ],
                [
                    0.0,
                    0.0,
                    0.0,
                    1.0
                ]
            ]
        },
        {
            "file_path": "/data/shapenet_blender/all_50_random/02958343/ab7eaf660f1bf4db23fa56f2e03fa992/r_5",
            "rotation": 0.12566370614359174,
            "transform_matrix": [
                [
                    -0.23041583597660065,
                    -0.03049587830901146,
                    0.9726142287254333,
                    3.9207334518432617
                ],
                [
                    0.9730921983718872,
                    -0.007221035659313202,
                    0.23030266165733337,
                    0.9283797144889832
                ],
                [
                    0.0,
                    0.999508798122406,
                    0.031339142471551895,
                    0.1263321191072464
                ],
                [
                    0.0,
                    0.0,
                    0.0,
                    1.0
                ]
            ]
        },
        {
            "file_path": "/data/shapenet_blender/all_50_random/02958343/ab7eaf660f1bf4db23fa56f2e03fa992/r_6",
            "rotation": 0.12566370614359174,
            "transform_matrix": [
                [
                    -0.849004328250885,
                    -0.37126535177230835,
                    -0.3759702444076538,
                    -1.5155845880508423
                ],
                [
                    -0.5283858776092529,
                    0.5965448617935181,
                    0.6041046977043152,
                    2.4352238178253174
                ],
                [
                    -1.4901161193847656e-08,
                    0.7115448117256165,
                    -0.7026406526565552,
                    -2.832435131072998
                ],
                [
                    0.0,
                    0.0,
                    0.0,
                    1.0
                ]
            ]
        },
        {
            "file_path": "/data/shapenet_blender/all_50_random/02958343/ab7eaf660f1bf4db23fa56f2e03fa992/r_7",
            "rotation": 0.12566370614359174,
            "transform_matrix": [
                [
                    0.5765517354011536,
                    0.3470870554447174,
                    0.7396746873855591,
                    2.981724262237549
                ],
                [
                    0.8170607089996338,
                    -0.24491891264915466,
                    -0.5219449400901794,
                    -2.104027509689331
                ],
                [
                    -1.4901162970204496e-08,
                    0.9052873849868774,
                    -0.42479953169822693,
                    -1.7124217748641968
                ],
                [
                    0.0,
                    0.0,
                    0.0,
                    1.0
                ]
            ]
        },
        {
            "file_path": "/data/shapenet_blender/all_50_random/02958343/ab7eaf660f1bf4db23fa56f2e03fa992/r_8",
            "rotation": 0.12566370614359174,
            "transform_matrix": [
                [
                    0.011182291433215141,
                    -0.0009007446351461112,
                    0.9999370574951172,
                    4.030875205993652
                ],
                [
                    0.9999375343322754,
                    1.007301762001589e-05,
                    -0.011182285845279694,
                    -0.045077234506607056
                ],
                [
                    0.0,
                    0.9999995827674866,
                    0.0009008009801618755,
                    0.0036312448792159557
                ],
                [
                    0.0,
                    0.0,
                    0.0,
                    1.0
                ]
            ]
        },
        {
            "file_path": "/data/shapenet_blender/all_50_random/02958343/ab7eaf660f1bf4db23fa56f2e03fa992/r_9",
            "rotation": 0.12566370614359174,
            "transform_matrix": [
                [
                    -0.7470343112945557,
                    -0.569351315498352,
                    0.34318917989730835,
                    1.3834397792816162
                ],
                [
                    0.6647855043411255,
                    -0.639792799949646,
                    0.3856493830680847,
                    1.5546023845672607
                ],
                [
                    -1.4901161193847656e-08,
                    0.5162405967712402,
                    0.8564436435699463,
                    3.452434778213501
                ],
                [
                    0.0,
                    0.0,
                    0.0,
                    1.0
                ]
            ]
        },
        {
            "file_path": "/data/shapenet_blender/all_50_random/02958343/ab7eaf660f1bf4db23fa56f2e03fa992/r_10",
            "rotation": 0.12566370614359174,
            "transform_matrix": [
                [
                    -0.8502349853515625,
                    0.11108185350894928,
                    -0.5145496129989624,
                    -2.074215888977051
                ],
                [
                    -0.5264033079147339,
                    -0.1794169396162033,
                    0.8310890793800354,
                    3.3502273559570312
                ],
                [
                    0.0,
                    0.9774816036224365,
                    0.21102041006088257,
                    0.8506504893302917
                ],
                [
                    0.0,
                    0.0,
                    0.0,
                    1.0
                ]
            ]
        },
        {
            "file_path": "/data/shapenet_blender/all_50_random/02958343/ab7eaf660f1bf4db23fa56f2e03fa992/r_11",
            "rotation": 0.12566370614359174,
            "transform_matrix": [
                [
                    -0.5767752528190613,
                    -0.0015112656401470304,
                    0.8169015645980835,
                    3.2930350303649902
                ],
                [
                    0.8169029355049133,
                    -0.001067030825652182,
                    0.5767742991447449,
                    2.3250513076782227
                ],
                [
                    0.0,
                    0.9999983310699463,
                    0.0018499945290386677,
                    0.007457565516233444
                ],
                [
                    0.0,
                    0.0,
                    0.0,
                    1.0
                ]
            ]
        },
        {
            "file_path": "/data/shapenet_blender/all_50_random/02958343/ab7eaf660f1bf4db23fa56f2e03fa992/r_12",
            "rotation": 0.12566370614359174,
            "transform_matrix": [
                [
                    -0.7250625491142273,
                    -0.0758364126086235,
                    -0.6844947338104248,
                    -2.759286880493164
                ],
                [
                    -0.688683032989502,
                    0.07984244078397751,
                    0.7206529974937439,
                    2.905045509338379
                ],
                [
                    -7.450581485102248e-09,
                    0.9939184188842773,
                    -0.11011800915002823,
                    -0.443899929523468
                ],
                [
                    0.0,
                    0.0,
                    0.0,
                    1.0
                ]
            ]
        },
        {
            "file_path": "/data/shapenet_blender/all_50_random/02958343/ab7eaf660f1bf4db23fa56f2e03fa992/r_13",
            "rotation": 0.12566370614359174,
            "transform_matrix": [
                [
                    -0.8161774277687073,
                    -0.36097007989883423,
                    -0.45117080211639404,
                    -1.8187278509140015
                ],
                [
                    -0.577801525592804,
                    0.5098906755447388,
                    0.6373043060302734,
                    2.5690560340881348
                ],
                [
                    0.0,
                    0.7808405160903931,
                    -0.6247302889823914,
                    -2.5183684825897217
                ],
                [
                    0.0,
                    0.0,
                    0.0,
                    1.0
                ]
            ]
        },
        {
            "file_path": "/data/shapenet_blender/all_50_random/02958343/ab7eaf660f1bf4db23fa56f2e03fa992/r_14",
            "rotation": 0.12566370614359174,
            "transform_matrix": [
                [
                    0.711919367313385,
                    0.31431296467781067,
                    0.6279953718185425,
                    2.5315303802490234
                ],
                [
                    0.7022612690925598,
                    -0.3186357021331787,
                    -0.6366321444511414,
                    -2.5663461685180664
                ],
                [
                    1.4901162970204496e-08,
                    0.8942474722862244,
                    -0.4475727379322052,
                    -1.8042234182357788
                ],
                [
                    0.0,
                    0.0,
                    0.0,
                    1.0
                ]
            ]
        },
        {
            "file_path": "/data/shapenet_blender/all_50_random/02958343/ab7eaf660f1bf4db23fa56f2e03fa992/r_15",
            "rotation": 0.12566370614359174,
            "transform_matrix": [
                [
                    -0.8354189395904541,
                    -0.45065903663635254,
                    0.3146134316921234,
                    1.268247365951538
                ],
                [
                    0.5496136546134949,
                    -0.6850067973136902,
                    0.47821593284606934,
                    1.9277501106262207
                ],
                [
                    0.0,
                    0.5724265575408936,
                    0.8199560046195984,
                    3.3053483963012695
                ],
                [
                    0.0,
                    0.0,
                    0.0,
                    1.0
                ]
            ]
        },
        {
            "file_path": "/data/shapenet_blender/all_50_random/02958343/ab7eaf660f1bf4db23fa56f2e03fa992/r_16",
            "rotation": 0.12566370614359174,
            "transform_matrix": [
                [
                    -0.7855684161186218,
                    -0.0961325392127037,
                    -0.6112616658210754,
                    -2.4640746116638184
                ],
                [
                    -0.6187747716903687,
                    0.12204549461603165,
                    0.7760300040245056,
                    3.128276824951172
                ],
                [
                    0.0,
                    0.9878579378128052,
                    -0.15535949170589447,
                    -0.6262741088867188
                ],
                [
                    0.0,
                    0.0,
                    0.0,
                    1.0
                ]
            ]
        },
        {
            "file_path": "/data/shapenet_blender/all_50_random/02958343/ab7eaf660f1bf4db23fa56f2e03fa992/r_17",
            "rotation": 0.12566370614359174,
            "transform_matrix": [
                [
                    -0.7340624928474426,
                    0.6465598344802856,
                    -0.20763593912124634,
                    -0.8370072245597839
                ],
                [
                    -0.679081916809082,
                    -0.6989073157310486,
                    0.22444677352905273,
                    0.9047738909721375
                ],
                [
                    -1.4901160305669237e-08,
                    0.30575984716415405,
                    0.9521086812019348,
                    3.8380727767944336
                ],
                [
                    0.0,
                    0.0,
                    0.0,
                    1.0
                ]
            ]
        },
        {
            "file_path": "/data/shapenet_blender/all_50_random/02958343/ab7eaf660f1bf4db23fa56f2e03fa992/r_18",
            "rotation": 0.12566370614359174,
            "transform_matrix": [
                [
                    0.6384971141815186,
                    -0.49535414576530457,
                    0.5890209078788757,
                    2.3744192123413086
                ],
                [
                    0.7696241736412048,
                    0.41095665097236633,
                    -0.4886646568775177,
                    -1.9698702096939087
                ],
                [
                    0.0,
                    0.7653356194496155,
                    0.6436312794685364,
                    2.5945606231689453
                ],
                [
                    0.0,
                    0.0,
                    0.0,
                    1.0
                ]
            ]
        },
        {
            "file_path": "/data/shapenet_blender/all_50_random/02958343/ab7eaf660f1bf4db23fa56f2e03fa992/r_19",
            "rotation": 0.12566370614359174,
            "transform_matrix": [
                [
                    0.35576632618904114,
                    -0.48755618929862976,
                    -0.7973201274871826,
                    -3.214099884033203
                ],
                [
                    -0.9345749020576477,
                    -0.18559888005256653,
                    -0.30351728200912476,
                    -1.2235171794891357
                ],
                [
                    0.0,
                    0.8531365394592285,
                    -0.5216876268386841,
                    -2.102989912033081
                ],
                [
                    0.0,
                    0.0,
                    0.0,
                    1.0
                ]
            ]
        },
        {
            "file_path": "/data/shapenet_blender/all_50_random/02958343/ab7eaf660f1bf4db23fa56f2e03fa992/r_20",
            "rotation": 0.12566370614359174,
            "transform_matrix": [
                [
                    -0.3520703613758087,
                    0.03188207745552063,
                    0.9354302883148193,
                    3.7708404064178467
                ],
                [
                    0.9359735250473022,
                    0.011992577463388443,
                    0.3518660366535187,
                    1.4184174537658691
                ],
                [
                    9.313225746154785e-10,
                    0.9994195699691772,
                    -0.03406301140785217,
                    -0.1373124122619629
                ],
                [
                    0.0,
                    0.0,
                    0.0,
                    1.0
                ]
            ]
        },
        {
            "file_path": "/data/shapenet_blender/all_50_random/02958343/ab7eaf660f1bf4db23fa56f2e03fa992/r_21",
            "rotation": 0.12566370614359174,
            "transform_matrix": [
                [
                    -0.9488790035247803,
                    0.00881977379322052,
                    -0.3155169188976288,
                    -1.2718892097473145
                ],
                [
                    -0.3156401515007019,
                    -0.026514049619436264,
                    0.9485085606575012,
                    3.8235597610473633
                ],
                [
                    0.0,
                    0.9996095895767212,
                    0.02794250100851059,
                    0.11263981461524963
                ],
                [
                    0.0,
                    0.0,
                    0.0,
                    1.0
                ]
            ]
        },
        {
            "file_path": "/data/shapenet_blender/all_50_random/02958343/ab7eaf660f1bf4db23fa56f2e03fa992/r_22",
            "rotation": 0.12566370614359174,
            "transform_matrix": [
                [
                    -0.6254831552505493,
                    -0.2739773988723755,
                    0.730552613735199,
                    2.9449517726898193
                ],
                [
                    0.78023761510849,
                    -0.21963602304458618,
                    0.5856528282165527,
                    2.360841989517212
                ],
                [
                    2.9802320611338473e-08,
                    0.9363206624984741,
                    0.3511461317539215,
                    1.4155153036117554
                ],
                [
                    0.0,
                    0.0,
                    0.0,
                    1.0
                ]
            ]
        },
        {
            "file_path": "/data/shapenet_blender/all_50_random/02958343/ab7eaf660f1bf4db23fa56f2e03fa992/r_23",
            "rotation": 0.12566370614359174,
            "transform_matrix": [
                [
                    -0.9891784191131592,
                    0.10997528582811356,
                    -0.09711593389511108,
                    -0.39148685336112976
                ],
                [
                    -0.14671766757965088,
                    -0.741459310054779,
                    0.6547608971595764,
                    2.63942551612854
                ],
                [
                    0.0,
                    0.6619239449501038,
                    0.7495709657669067,
                    3.0216171741485596
                ],
                [
                    0.0,
                    0.0,
                    0.0,
                    1.0
                ]
            ]
        },
        {
            "file_path": "/data/shapenet_blender/all_50_random/02958343/ab7eaf660f1bf4db23fa56f2e03fa992/r_24",
            "rotation": 0.12566370614359174,
            "transform_matrix": [
                [
                    0.2794851064682007,
                    0.12326518446207047,
                    0.9522046446800232,
                    3.8384597301483154
                ],
                [
                    0.9601500630378723,
                    -0.035880621522665024,
                    -0.277172327041626,
                    -1.1173174381256104
                ],
                [
                    0.0,
                    0.9917249083518982,
                    -0.1283811628818512,
                    -0.5175210237503052
                ],
                [
                    0.0,
                    0.0,
                    0.0,
                    1.0
                ]
            ]
        },
        {
            "file_path": "/data/shapenet_blender/all_50_random/02958343/ab7eaf660f1bf4db23fa56f2e03fa992/r_25",
            "rotation": 0.12566370614359174,
            "transform_matrix": [
                [
                    0.5074008107185364,
                    0.8013123273849487,
                    0.316927433013916,
                    1.2775753736495972
                ],
                [
                    0.8617101907730103,
                    -0.47183674573898315,
                    -0.18661637604236603,
                    -0.7522746920585632
                ],
                [
                    1.4901161193847656e-08,
                    0.36778897047042847,
                    -0.9299092888832092,
                    -3.748584270477295
                ],
                [
                    0.0,
                    0.0,
                    0.0,
                    1.0
                ]
            ]
        },
        {
            "file_path": "/data/shapenet_blender/all_50_random/02958343/ab7eaf660f1bf4db23fa56f2e03fa992/r_26",
            "rotation": 0.12566370614359174,
            "transform_matrix": [
                [
                    0.967774510383606,
                    0.060373399406671524,
                    0.24447426199913025,
                    0.9855072498321533
                ],
                [
                    0.25181862711906433,
                    -0.23202349245548248,
                    -0.9395490884780884,
                    -3.7874436378479004
                ],
                [
                    0.0,
                    0.9708347320556641,
                    -0.23974956572055817,
                    -0.9664614200592041
                ],
                [
                    0.0,
                    0.0,
                    0.0,
                    1.0
                ]
            ]
        },
        {
            "file_path": "/data/shapenet_blender/all_50_random/02958343/ab7eaf660f1bf4db23fa56f2e03fa992/r_27",
            "rotation": 0.12566370614359174,
            "transform_matrix": [
                [
                    0.39983832836151123,
                    0.8800235986709595,
                    0.2562963664531708,
                    1.0331637859344482
                ],
                [
                    0.9165856838226318,
                    -0.38388898968696594,
                    -0.1118030920624733,
                    -0.45069271326065063
                ],
                [
                    0.0,
                    0.2796207368373871,
                    -0.9601104855537415,
                    -3.8703293800354004
                ],
                [
                    0.0,
                    0.0,
                    0.0,
                    1.0
                ]
            ]
        },
        {
            "file_path": "/data/shapenet_blender/all_50_random/02958343/ab7eaf660f1bf4db23fa56f2e03fa992/r_28",
            "rotation": 0.12566370614359174,
            "transform_matrix": [
                [
                    0.9720398783683777,
                    -0.020193634554743767,
                    -0.23394590616226196,
                    -0.9430661201477051
                ],
                [
                    -0.2348158061504364,
                    -0.08359325677156448,
                    -0.9684388041496277,
                    -3.9039015769958496
                ],
                [
                    -1.8626449271863521e-09,
                    0.9962953925132751,
                    -0.08599776029586792,
                    -0.3466680645942688
                ],
                [
                    0.0,
                    0.0,
                    0.0,
                    1.0
                ]
            ]
        },
        {
            "file_path": "/data/shapenet_blender/all_50_random/02958343/ab7eaf660f1bf4db23fa56f2e03fa992/r_29",
            "rotation": 0.12566370614359174,
            "transform_matrix": [
                [
                    -0.4850780963897705,
                    -0.8242467641830444,
                    -0.29208967089653015,
                    -1.177451252937317
                ],
                [
                    -0.8744708299636841,
                    0.4572182595729828,
                    0.16202516853809357,
                    0.6531444191932678
                ],
                [
                    1.4901161193847656e-08,
                    0.33401885628700256,
                    -0.9425663948059082,
                    -3.7996068000793457
                ],
                [
                    0.0,
                    0.0,
                    0.0,
                    1.0
                ]
            ]
        },
        {
            "file_path": "/data/shapenet_blender/all_50_random/02958343/ab7eaf660f1bf4db23fa56f2e03fa992/r_30",
            "rotation": 0.12566370614359174,
            "transform_matrix": [
                [
                    -0.45368948578834534,
                    -0.7488654851913452,
                    -0.48308008909225464,
                    -1.9473581314086914
                ],
                [
                    -0.8911598920822144,
                    0.3812474012374878,
                    0.2459360659122467,
                    0.9914000034332275
                ],
                [
                    0.0,
                    0.5420801043510437,
                    -0.840326726436615,
                    -3.387465476989746
                ],
                [
                    0.0,
                    0.0,
                    0.0,
                    1.0
                ]
            ]
        },
        {
            "file_path": "/data/shapenet_blender/all_50_random/02958343/ab7eaf660f1bf4db23fa56f2e03fa992/r_31",
            "rotation": 0.12566370614359174,
            "transform_matrix": [
                [
                    0.7299770712852478,
                    -0.4772379994392395,
                    -0.48926204442977905,
                    -1.9722784757614136
                ],
                [
                    -0.6834716200828552,
                    -0.5097106695175171,
                    -0.5225528478622437,
                    -2.106478214263916
                ],
                [
                    1.4901162970204496e-08,
                    0.7158483266830444,
                    -0.6982556581497192,
                    -2.814758777618408
                ],
                [
                    0.0,
                    0.0,
                    0.0,
                    1.0
                ]
            ]
        },
        {
            "file_path": "/data/shapenet_blender/all_50_random/02958343/ab7eaf660f1bf4db23fa56f2e03fa992/r_32",
            "rotation": 0.12566370614359174,
            "transform_matrix": [
                [
                    -0.999243438243866,
                    -0.030414950102567673,
                    0.024236641824245453,
                    0.09770101308822632
                ],
                [
                    0.038890667259693146,
                    -0.781471312046051,
                    0.6227279305458069,
                    2.51029634475708
                ],
                [
                    1.8626449271863521e-09,
                    0.6231992840766907,
                    0.7820630669593811,
                    3.1525967121124268
                ],
                [
                    0.0,
                    0.0,
                    0.0,
                    1.0
                ]
            ]
        },
        {
            "file_path": "/data/shapenet_blender/all_50_random/02958343/ab7eaf660f1bf4db23fa56f2e03fa992/r_33",
            "rotation": 0.12566370614359174,
            "transform_matrix": [
                [
                    -0.37816116213798523,
                    -0.20672841370105743,
                    -0.9023622274398804,
                    -3.637538194656372
                ],
                [
                    -0.9257398247718811,
                    0.08444776386022568,
                    0.36861151456832886,
                    1.4859204292297363
                ],
                [
                    -7.4505797087454084e-09,
                    0.9747471809387207,
                    -0.22331158816814423,
                    -0.9001977443695068
                ],
                [
                    0.0,
                    0.0,
                    0.0,
                    1.0
                ]
            ]
        },
        {
            "file_path": "/data/shapenet_blender/all_50_random/02958343/ab7eaf660f1bf4db23fa56f2e03fa992/r_34",
            "rotation": 0.12566370614359174,
            "transform_matrix": [
                [
                    0.3370080888271332,
                    0.10377027839422226,
                    0.9357655644416809,
                    3.7721917629241943
                ],
                [
                    0.9415016770362854,
                    -0.03714430332183838,
                    -0.3349548578262329,
                    -1.3502461910247803
                ],
                [
                    0.0,
                    0.9939074516296387,
                    -0.11021783202886581,
                    -0.4443022906780243
                ],
                [
                    0.0,
                    0.0,
                    0.0,
                    1.0
                ]
            ]
        },
        {
            "file_path": "/data/shapenet_blender/all_50_random/02958343/ab7eaf660f1bf4db23fa56f2e03fa992/r_35",
            "rotation": 0.12566370614359174,
            "transform_matrix": [
                [
                    0.6552731394767761,
                    0.09598968923091888,
                    -0.7492683529853821,
                    -3.020397424697876
                ],
                [
                    -0.7553920149803162,
                    0.08326731622219086,
                    -0.6499611139297485,
                    -2.620077133178711
                ],
                [
                    0.0,
                    0.9918934106826782,
                    0.12707267701625824,
                    0.5122463703155518
                ],
                [
                    0.0,
                    0.0,
                    0.0,
                    1.0
                ]
            ]
        },
        {
            "file_path": "/data/shapenet_blender/all_50_random/02958343/ab7eaf660f1bf4db23fa56f2e03fa992/r_36",
            "rotation": 0.12566370614359174,
            "transform_matrix": [
                [
                    -0.6882711052894592,
                    -0.6211062073707581,
                    -0.37484633922576904,
                    -1.5110539197921753
                ],
                [
                    -0.7254535555839539,
                    0.5892719626426697,
                    0.3556339144706726,
                    1.4336061477661133
                ],
                [
                    0.0,
                    0.516706109046936,
                    -0.8561627864837646,
                    -3.4513025283813477
                ],
                [
                    0.0,
                    0.0,
                    0.0,
                    1.0
                ]
            ]
        },
        {
            "file_path": "/data/shapenet_blender/all_50_random/02958343/ab7eaf660f1bf4db23fa56f2e03fa992/r_37",
            "rotation": 0.12566370614359174,
            "transform_matrix": [
                [
                    0.998367190361023,
                    -0.025035064667463303,
                    0.05134458839893341,
                    0.20697665214538574
                ],
                [
                    0.057122860103845596,
                    0.4375513792037964,
                    -0.8973771929740906,
                    -3.617443084716797
                ],
                [
                    0.0,
                    0.898844838142395,
                    0.4382669925689697,
                    1.7667107582092285
                ],
                [
                    0.0,
                    0.0,
                    0.0,
                    1.0
                ]
            ]
        },
        {
            "file_path": "/data/shapenet_blender/all_50_random/02958343/ab7eaf660f1bf4db23fa56f2e03fa992/r_38",
            "rotation": 0.12566370614359174,
            "transform_matrix": [
                [
                    -0.6792775392532349,
                    0.016042742878198624,
                    -0.7337061166763306,
                    -2.9576635360717773
                ],
                [
                    -0.733881413936615,
                    -0.014849097467958927,
                    0.679115355014801,
                    2.7376012802124023
                ],
                [
                    0.0,
                    0.9997609853744507,
                    0.021860135719180107,
                    0.08812101185321808
                ],
                [
                    0.0,
                    0.0,
                    0.0,
                    1.0
                ]
            ]
        },
        {
            "file_path": "/data/shapenet_blender/all_50_random/02958343/ab7eaf660f1bf4db23fa56f2e03fa992/r_39",
            "rotation": 0.12566370614359174,
            "transform_matrix": [
                [
                    -0.6583035588264465,
                    -0.368548184633255,
                    0.6563600897789001,
                    2.6458723545074463
                ],
                [
                    0.7527525424957275,
                    -0.3223058879375458,
                    0.5740056037902832,
                    2.3138909339904785
                ],
                [
                    0.0,
                    0.8719468116760254,
                    0.48960065841674805,
                    1.9736435413360596
                ],
                [
                    0.0,
                    0.0,
                    0.0,
                    1.0
                ]
            ]
        },
        {
            "file_path": "/data/shapenet_blender/all_50_random/02958343/ab7eaf660f1bf4db23fa56f2e03fa992/r_40",
            "rotation": 0.12566370614359174,
            "transform_matrix": [
                [
                    -0.9999449253082275,
                    0.008028545416891575,
                    0.006751958280801773,
                    0.027218014001846313
                ],
                [
                    0.010490302927792072,
                    0.7652879953384399,
                    0.6436026096343994,
                    2.594444990158081
                ],
                [
                    0.0,
                    0.643638014793396,
                    -0.7653300762176514,
                    -3.085144281387329
                ],
                [
                    0.0,
                    0.0,
                    0.0,
                    1.0
                ]
            ]
        },
        {
            "file_path": "/data/shapenet_blender/all_50_random/02958343/ab7eaf660f1bf4db23fa56f2e03fa992/r_41",
            "rotation": 0.12566370614359174,
            "transform_matrix": [
                [
                    -0.3542304039001465,
                    0.08940238505601883,
                    -0.930874764919281,
                    -3.752476692199707
                ],
                [
                    -0.9351581931114197,
                    -0.03386490046977997,
                    0.3526078760623932,
                    1.42140793800354
                ],
                [
