{
    "class": "02958343",
    "model": "72d4deb3b797c03dd4f6529a209c5dc0",
    "remove_doubles": true,
    "edge_split": true,
    "denoise": true,
    "camera_angle_x": 0.6911112070083618,
    "scale_factor": 2.3685007711610475,
    "hdri_file": "/data/IndoorHDRDataset2018/9C4A8042-6e821f5a6d.exr",
    "center_offset": [
        0.0,
        -1.862645149230957e-09,
        0.0
    ],
    "lights": [],
    "frames": [
        {
            "file_path": "/data/shapenet_blender/all_50_random/02958343/72d4deb3b797c03dd4f6529a209c5dc0/r_0",
            "rotation": 0.12566370614359174,
            "transform_matrix": [
                [
                    -0.7816144227981567,
                    -0.2871461510658264,
                    0.5537380576133728,
                    2.232189416885376
                ],
                [
                    0.623761773109436,
                    -0.35981300473213196,
                    0.6938701868057251,
                    2.7970800399780273
                ],
                [
                    0.0,
                    0.8877397775650024,
                    0.46034589409828186,
                    1.8557136058807373
                ],
                [
                    0.0,
                    0.0,
                    0.0,
                    1.0
                ]
            ]
        },
        {
            "file_path": "/data/shapenet_blender/all_50_random/02958343/72d4deb3b797c03dd4f6529a209c5dc0/r_1",
            "rotation": 0.12566370614359174,
            "transform_matrix": [
                [
                    0.37760257720947266,
                    0.11502627283334732,
                    0.9187954664230347,
                    3.7037832736968994
                ],
                [
                    0.925967812538147,
                    -0.046906836330890656,
                    -0.37467777729034424,
                    -1.5103745460510254
                ],
                [
                    0.0,
                    0.9922543168067932,
                    -0.1242227628827095,
                    -0.5007579922676086
                ],
                [
                    0.0,
                    0.0,
                    0.0,
                    1.0
                ]
            ]
        },
        {
            "file_path": "/data/shapenet_blender/all_50_random/02958343/72d4deb3b797c03dd4f6529a209c5dc0/r_2",
            "rotation": 0.12566370614359174,
            "transform_matrix": [
                [
                    0.9788082838058472,
                    0.04033197835087776,
                    0.20076793432235718,
                    0.809321403503418
                ],
                [
                    0.2047789990901947,
                    -0.19277988374233246,
                    -0.9596360921859741,
                    -3.8684167861938477
                ],
                [
                    0.0,
                    0.9804126620292664,
                    -0.19695371389389038,
                    -0.7939457893371582
                ],
                [
                    0.0,
                    0.0,
                    0.0,
                    1.0
                ]
            ]
        },
        {
            "file_path": "/data/shapenet_blender/all_50_random/02958343/72d4deb3b797c03dd4f6529a209c5dc0/r_3",
            "rotation": 0.12566370614359174,
            "transform_matrix": [
                [
                    -0.14218957722187042,
                    0.36568766832351685,
                    0.9198122024536133,
                    3.7078819274902344
                ],
                [
                    0.9898393750190735,
                    0.052530720829963684,
                    0.1321302354335785,
                    0.5326340794563293
                ],
                [
                    3.725290076417309e-09,
                    0.9292539954185486,
                    -0.36944136023521423,
                    -1.4892659187316895
                ],
                [
                    0.0,
                    0.0,
                    0.0,
                    1.0
                ]
            ]
        },
        {
            "file_path": "/data/shapenet_blender/all_50_random/02958343/72d4deb3b797c03dd4f6529a209c5dc0/r_4",
            "rotation": 0.12566370614359174,
            "transform_matrix": [
                [
                    -0.9902560114860535,
                    0.061734914779663086,
                    -0.12482746690511703,
                    -0.5031956434249878
                ],
                [
                    -0.13925909996032715,
                    -0.43899011611938477,
                    0.8876342177391052,
                    3.5781681537628174
                ],
                [
                    0.0,
                    0.8963685035705566,
                    0.4433096945285797,
                    1.7870386838912964
                ],
                [
                    0.0,
                    0.0,
                    0.0,
                    1.0
                ]
            ]
        },
        {
            "file_path": "/data/shapenet_blender/all_50_random/02958343/72d4deb3b797c03dd4f6529a209c5dc0/r_5",
            "rotation": 0.12566370614359174,
            "transform_matrix": [
                [
                    -0.9687655568122864,
                    -0.058516427874565125,
                    -0.2409755289554596,
                    -0.9714034795761108
                ],
                [
                    -0.24797861278057098,
                    0.22860318422317505,
                    0.9414069652557373,
                    3.7949330806732178
                ],
                [
                    0.0,
                    0.9717594981193542,
                    -0.23597365617752075,
                    -0.9512403011322021
                ],
                [
                    0.0,
                    0.0,
                    0.0,
                    1.0
                ]
            ]
        },
        {
            "file_path": "/data/shapenet_blender/all_50_random/02958343/72d4deb3b797c03dd4f6529a209c5dc0/r_6",
            "rotation": 0.12566370614359174,
            "transform_matrix": [
                [
                    -0.9532865285873413,
                    -0.16514667868614197,
                    0.2529256343841553,
                    1.019575834274292
                ],
                [
                    0.3020675480365753,
                    -0.5211817622184753,
                    0.7982009053230286,
                    3.2176506519317627
                ],
                [
                    0.0,
                    0.8373146653175354,
                    0.5467211008071899,
                    2.2039031982421875
                ],
                [
                    0.0,
                    0.0,
                    0.0,
                    1.0
                ]
            ]
        },
        {
            "file_path": "/data/shapenet_blender/all_50_random/02958343/72d4deb3b797c03dd4f6529a209c5dc0/r_7",
            "rotation": 0.12566370614359174,
            "transform_matrix": [
                [
                    0.03481866419315338,
                    -0.4354298710823059,
                    0.8995490074157715,
                    3.6261980533599854
                ],
                [
                    0.9993936419487,
                    0.015170286409556866,
                    -0.0313400998711586,
                    -0.1263359785079956
                ],
                [
                    -9.313225746154785e-10,
                    0.900094747543335,
                    0.4356940984725952,
                    1.7563390731811523
                ],
                [
                    0.0,
                    0.0,
                    0.0,
                    1.0
                ]
            ]
        },
        {
            "file_path": "/data/shapenet_blender/all_50_random/02958343/72d4deb3b797c03dd4f6529a209c5dc0/r_8",
            "rotation": 0.12566370614359174,
            "transform_matrix": [
                [
                    -0.9615464806556702,
                    -0.12193630635738373,
                    0.24608919024467468,
                    0.9920171499252319
                ],
                [
                    0.2746421992778778,
                    -0.4269096851348877,
                    0.8615798354148865,
                    3.4731390476226807
                ],
                [
                    -7.450580152834618e-09,
                    0.8960354924201965,
                    0.44398242235183716,
                    1.7897502183914185
                ],
                [
                    0.0,
                    0.0,
                    0.0,
                    1.0
                ]
            ]
        },
        {
            "file_path": "/data/shapenet_blender/all_50_random/02958343/72d4deb3b797c03dd4f6529a209c5dc0/r_9",
            "rotation": 0.12566370614359174,
            "transform_matrix": [
                [
                    -0.7583140134811401,
                    0.07515846937894821,
                    0.6475422978401184,
                    2.6103265285491943
                ],
                [
                    0.651889443397522,
                    0.087428517639637,
                    0.7532572150230408,
                    3.0364768505096436
                ],
                [
                    -3.7252898543727042e-09,
                    0.9933316111564636,
                    -0.11529327183961868,
                    -0.46476203203201294
                ],
                [
                    0.0,
                    0.0,
                    0.0,
                    1.0
                ]
            ]
        },
        {
            "file_path": "/data/shapenet_blender/all_50_random/02958343/72d4deb3b797c03dd4f6529a209c5dc0/r_10",
            "rotation": 0.12566370614359174,
            "transform_matrix": [
                [
                    -0.7118897438049316,
                    0.513410210609436,
                    0.479189932346344,
                    1.9316763877868652
                ],
                [
                    0.7022912502288818,
                    0.5204271674156189,
                    0.48573920130729675,
                    1.958077311515808
                ],
                [
                    0.0,
                    0.6823236346244812,
                    -0.7310501933097839,
                    -2.946957588195801
                ],
                [
                    0.0,
                    0.0,
                    0.0,
                    1.0
                ]
            ]
        },
        {
            "file_path": "/data/shapenet_blender/all_50_random/02958343/72d4deb3b797c03dd4f6529a209c5dc0/r_11",
            "rotation": 0.12566370614359174,
            "transform_matrix": [
                [
                    -0.5495764017105103,
                    0.10311361402273178,
                    0.829055666923523,
                    3.3420302867889404
                ],
                [
                    0.8354434370994568,
                    0.06783081591129303,
                    0.5453743934631348,
                    2.198474407196045
                ],
                [
                    3.725290298461914e-09,
                    0.9923540353775024,
                    -0.12342380732297897,
                    -0.4975372850894928
                ],
                [
                    0.0,
                    0.0,
                    0.0,
                    1.0
                ]
            ]
        },
        {
            "file_path": "/data/shapenet_blender/all_50_random/02958343/72d4deb3b797c03dd4f6529a209c5dc0/r_12",
            "rotation": 0.12566370614359174,
            "transform_matrix": [
                [
                    0.9692946672439575,
                    0.01448164600878954,
                    0.24547557532787323,
                    0.9895436763763428
                ],
                [
                    0.2459024041891098,
                    -0.05708354711532593,
                    -0.9676122069358826,
                    -3.9005696773529053
                ],
                [
                    -9.31322685637781e-10,
                    0.9982643127441406,
                    -0.05889184772968292,
                    -0.23740063607692719
                ],
                [
                    0.0,
                    0.0,
                    0.0,
                    1.0
                ]
            ]
        },
        {
            "file_path": "/data/shapenet_blender/all_50_random/02958343/72d4deb3b797c03dd4f6529a209c5dc0/r_13",
            "rotation": 0.12566370614359174,
            "transform_matrix": [
                [
                    0.9997752904891968,
                    -0.003764868713915348,
                    -0.0208626426756382,
                    -0.08410000801086426
                ],
                [
                    -0.021199626848101616,
                    -0.17755135893821716,
                    -0.9838830828666687,
                    -3.9661598205566406
                ],
                [
                    0.0,
                    0.9841042757034302,
                    -0.1775912493467331,
                    -0.7158932685852051
                ],
                [
                    0.0,
                    0.0,
                    0.0,
                    1.0
                ]
            ]
        },
        {
            "file_path": "/data/shapenet_blender/all_50_random/02958343/72d4deb3b797c03dd4f6529a209c5dc0/r_14",
            "rotation": 0.12566370614359174,
            "transform_matrix": [
                [
                    0.9079112410545349,
                    -0.0036928243935108185,
                    -0.4191462993621826,
                    -1.6896328926086426
                ],
                [
                    -0.4191626310348511,
                    -0.007998702116310596,
                    -0.9078758955001831,
                    -3.6597650051116943
                ],
                [
                    -2.3283064365386963e-10,
                    0.9999611973762512,
                    -0.008810004219412804,
                    -0.035514265298843384
                ],
                [
                    0.0,
                    0.0,
                    0.0,
                    1.0
                ]
            ]
        },
        {
            "file_path": "/data/shapenet_blender/all_50_random/02958343/72d4deb3b797c03dd4f6529a209c5dc0/r_15",
            "rotation": 0.12566370614359174,
            "transform_matrix": [
                [
                    0.5151733160018921,
                    -0.532198965549469,
                    -0.671833872795105,
                    -2.7082486152648926
                ],
                [
                    -0.8570861220359802,
                    -0.31989166140556335,
                    -0.40382274985313416,
                    -1.6278613805770874
                ],
                [
                    0.0,
                    0.7838580012321472,
                    -0.620940089225769,
                    -2.503089189529419
                ],
                [
                    0.0,
                    0.0,
                    0.0,
                    1.0
                ]
            ]
        },
        {
            "file_path": "/data/shapenet_blender/all_50_random/02958343/72d4deb3b797c03dd4f6529a209c5dc0/r_16",
            "rotation": 0.12566370614359174,
            "transform_matrix": [
                [
                    -0.09623443335294724,
                    0.2999210059642792,
                    0.9490976333618164,
                    3.825934886932373
                ],
                [
                    0.9953586459159851,
                    0.028997313231229782,
                    0.0917617678642273,
                    0.3699035048484802
                ],
                [
                    1.8626450382086546e-09,
                    0.9535232782363892,
                    -0.30131950974464417,
                    -1.2146577835083008
                ],
                [
                    0.0,
                    0.0,
                    0.0,
                    1.0
                ]
            ]
        },
        {
            "file_path": "/data/shapenet_blender/all_50_random/02958343/72d4deb3b797c03dd4f6529a209c5dc0/r_17",
            "rotation": 0.12566370614359174,
            "transform_matrix": [
                [
                    -0.1797478199005127,
                    -0.6600309610366821,
                    0.7294173836708069,
                    2.940375804901123
                ],
                [
                    0.9837127923965454,
                    -0.12060341984033585,
                    0.13328197598457336,
                    0.5372768640518188
                ],
                [
                    -7.450580596923828e-09,
                    0.7414942979812622,
                    0.6709590554237366,
                    2.7047226428985596
                ],
                [
                    0.0,
                    0.0,
                    0.0,
                    1.0
                ]
            ]
        },
        {
            "file_path": "/data/shapenet_blender/all_50_random/02958343/72d4deb3b797c03dd4f6529a209c5dc0/r_18",
            "rotation": 0.12566370614359174,
            "transform_matrix": [
                [
                    0.861122190952301,
                    -0.2645111083984375,
                    -0.43416863679885864,
                    -1.7501897811889648
                ],
                [
                    -0.5083979964256287,
                    -0.44802770018577576,
                    -0.7353928089141846,
                    -2.964463233947754
                ],
                [
                    0.0,
                    0.8539935350418091,
                    -0.520283579826355,
                    -2.097330093383789
                ],
                [
                    0.0,
                    0.0,
                    0.0,
                    1.0
                ]
            ]
        },
        {
            "file_path": "/data/shapenet_blender/all_50_random/02958343/72d4deb3b797c03dd4f6529a209c5dc0/r_19",
            "rotation": 0.12566370614359174,
            "transform_matrix": [
                [
                    0.45384684205055237,
                    0.47310706973075867,
                    0.7551110982894897,
                    3.043950080871582
                ],
                [
                    0.8910797238349915,
                    -0.24096401035785675,
                    -0.38459497690200806,
                    -1.5503519773483276
                ],
                [
                    -1.4901161193847656e-08,
                    0.8474113345146179,
                    -0.5309368968009949,
                    -2.140275001525879
                ],
                [
                    0.0,
                    0.0,
                    0.0,
                    1.0
                ]
            ]
        },
        {
            "file_path": "/data/shapenet_blender/all_50_random/02958343/72d4deb3b797c03dd4f6529a209c5dc0/r_20",
            "rotation": 0.12566370614359174,
            "transform_matrix": [
                [
                    -0.8577581644058228,
                    0.2967108488082886,
                    0.41977810859680176,
                    1.6921796798706055
                ],
                [
                    0.514053463935852,
                    0.4950966238975525,
                    0.7004486918449402,
                    2.823599100112915
                ],
                [
                    0.0,
                    0.8166040182113647,
                    -0.577198326587677,
                    -2.326760768890381
                ],
                [
                    0.0,
                    0.0,
                    0.0,
                    1.0
                ]
            ]
        },
        {
            "file_path": "/data/shapenet_blender/all_50_random/02958343/72d4deb3b797c03dd4f6529a209c5dc0/r_21",
            "rotation": 0.12566370614359174,
            "transform_matrix": [
                [
                    0.9933848977088928,
                    -0.0037373590748757124,
                    0.11477203667163849,
                    0.4626608192920685
                ],
                [
                    0.11483287066221237,
                    0.032330773770809174,
                    -0.9928586483001709,
                    -4.002340793609619
                ],
                [
                    2.3283064365386963e-10,
                    0.9994701743125916,
                    0.03254608437418938,
                    0.13119745254516602
                ],
                [
                    0.0,
                    0.0,
                    0.0,
                    1.0
                ]
            ]
        },
        {
            "file_path": "/data/shapenet_blender/all_50_random/02958343/72d4deb3b797c03dd4f6529a209c5dc0/r_22",
            "rotation": 0.12566370614359174,
            "transform_matrix": [
                [
                    0.9743817448616028,
                    0.0661519467830658,
                    0.21495138108730316,
                    0.8664968013763428
                ],
                [
                    0.22490039467811584,
                    -0.28660356998443604,
                    -0.9312776327133179,
                    -3.7541005611419678
                ],
                [
                    3.725290742551124e-09,
                    0.9557626247406006,
                    -0.2941388487815857,
                    -1.1857117414474487
                ],
                [
                    0.0,
                    0.0,
                    0.0,
                    1.0
                ]
            ]
        },
        {
            "file_path": "/data/shapenet_blender/all_50_random/02958343/72d4deb3b797c03dd4f6529a209c5dc0/r_23",
            "rotation": 0.12566370614359174,
            "transform_matrix": [
                [
                    -0.015145702287554741,
                    0.1638883352279663,
                    -0.9863624572753906,
                    -3.9761548042297363
                ],
                [
                    -0.9998853802680969,
                    -0.002482488052919507,
                    0.014940863475203514,
                    0.060228556394577026
                ],
                [
                    2.3283067140944524e-10,
                    0.9864758253097534,
                    0.16390709578990936,
                    0.6607307195663452
                ],
                [
                    0.0,
                    0.0,
                    0.0,
                    1.0
                ]
            ]
        },
        {
            "file_path": "/data/shapenet_blender/all_50_random/02958343/72d4deb3b797c03dd4f6529a209c5dc0/r_24",
            "rotation": 0.12566370614359174,
            "transform_matrix": [
                [
                    -0.8271665573120117,
                    -0.34518104791641235,
                    0.44344741106033325,
                    1.7875937223434448
                ],
                [
                    0.5619568824768066,
                    -0.5080855488777161,
                    0.6527277231216431,
                    2.6312296390533447
                ],
                [
                    0.0,
                    0.7891128063201904,
                    0.6142482161521912,
                    2.476113796234131
                ],
                [
                    0.0,
                    0.0,
                    0.0,
                    1.0
                ]
            ]
        },
        {
            "file_path": "/data/shapenet_blender/all_50_random/02958343/72d4deb3b797c03dd4f6529a209c5dc0/r_25",
            "rotation": 0.12566370614359174,
            "transform_matrix": [
                [
                    0.4966832995414734,
                    -0.7743151187896729,
                    -0.39209920167922974,
                    -1.5806024074554443
                ],
                [
                    -0.8679319024085999,
                    -0.4431101083755493,
                    -0.22438296675682068,
                    -0.9045166373252869
                ],
                [
                    0.0,
                    0.45176252722740173,
                    -0.8921381235122681,
                    -3.5963237285614014
                ],
                [
                    0.0,
                    0.0,
                    0.0,
                    1.0
                ]
            ]
        },
        {
            "file_path": "/data/shapenet_blender/all_50_random/02958343/72d4deb3b797c03dd4f6529a209c5dc0/r_26",
            "rotation": 0.12566370614359174,
            "transform_matrix": [
                [
                    -0.9721951484680176,
                    0.06765963137149811,
                    -0.2241850048303604,
                    -0.9037187099456787
                ],
                [
                    -0.2341725081205368,
                    -0.2808970808982849,
                    0.9307308793067932,
                    3.751896381378174
                ],
                [
                    -7.450581485102248e-09,
                    0.9573498964309692,
                    0.2889307737350464,
                    1.1647173166275024
                ],
                [
                    0.0,
                    0.0,
                    0.0,
                    1.0
                ]
            ]
        },
        {
            "file_path": "/data/shapenet_blender/all_50_random/02958343/72d4deb3b797c03dd4f6529a209c5dc0/r_27",
            "rotation": 0.12566370614359174,
            "transform_matrix": [
                [
                    0.03039543516933918,
                    -0.44025468826293945,
                    -0.8973582983016968,
                    -3.6173670291900635
                ],
                [
                    -0.9995378851890564,
                    -0.013387919403612614,
                    -0.027288205921649933,
                    -0.11000227928161621
                ],
                [
                    0.0,
                    0.8977731466293335,
                    -0.44045814871788025,
                    -1.7755435705184937
                ],
                [
                    0.0,
                    0.0,
                    0.0,
                    1.0
                ]
            ]
        },
        {
            "file_path": "/data/shapenet_blender/all_50_random/02958343/72d4deb3b797c03dd4f6529a209c5dc0/r_28",
            "rotation": 0.12566370614359174,
            "transform_matrix": [
                [
                    0.25084686279296875,
                    0.7281877398490906,
                    -0.637823224067688,
                    -2.5711476802825928
                ],
                [
                    -0.9680267572402954,
                    0.18869686126708984,
                    -0.1652805060148239,
                    -0.6662670373916626
                ],
                [
                    0.0,
                    0.6588901281356812,
                    0.7522392272949219,
                    3.0323731899261475
                ],
                [
                    0.0,
                    0.0,
                    0.0,
                    1.0
                ]
            ]
        },
        {
            "file_path": "/data/shapenet_blender/all_50_random/02958343/72d4deb3b797c03dd4f6529a209c5dc0/r_29",
            "rotation": 0.12566370614359174,
            "transform_matrix": [
                [
                    0.6808218955993652,
                    0.16649939119815826,
                    -0.7132737636566162,
                    -2.875298261642456
                ],
                [
                    -0.7324488759040833,
                    0.1547635942697525,
                    -0.6629983186721802,
                    -2.6726315021514893
                ],
                [
                    -7.450580152834618e-09,
                    0.9738203883171082,
                    0.22731874883174896,
                    0.9163510799407959
                ],
                [
                    0.0,
                    0.0,
                    0.0,
                    1.0
                ]
            ]
        },
        {
            "file_path": "/data/shapenet_blender/all_50_random/02958343/72d4deb3b797c03dd4f6529a209c5dc0/r_30",
            "rotation": 0.12566370614359174,
            "transform_matrix": [
                [
                    -0.9551331996917725,
                    0.02719946764409542,
                    -0.2949247658252716,
                    -1.1888797283172607
                ],
                [
                    -0.29617631435394287,
                    -0.0877150297164917,
                    0.9510970711708069,
                    3.8339948654174805
                ],
                [
                    0.0,
                    0.9957741498947144,
                    0.0918353870511055,
                    0.3702002763748169
                ],
                [
                    0.0,
                    0.0,
                    0.0,
                    1.0
                ]
            ]
        },
        {
            "file_path": "/data/shapenet_blender/all_50_random/02958343/72d4deb3b797c03dd4f6529a209c5dc0/r_31",
            "rotation": 0.12566370614359174,
            "transform_matrix": [
                [
                    -0.028334341943264008,
                    0.41697660088539124,
                    0.9084755182266235,
                    3.6621816158294678
                ],
                [
                    0.999598503112793,
                    0.011819502338767052,
                    0.025751395151019096,
                    0.10380718111991882
                ],
                [
                    9.313224635931761e-10,
                    0.9088404178619385,
                    -0.4171440899372101,
                    -1.6815614700317383
                ],
                [
                    0.0,
                    0.0,
                    0.0,
                    1.0
                ]
            ]
        },
        {
            "file_path": "/data/shapenet_blender/all_50_random/02958343/72d4deb3b797c03dd4f6529a209c5dc0/r_32",
            "rotation": 0.12566370614359174,
            "transform_matrix": [
                [
                    0.9156367778778076,
                    1.7683722035144456e-05,
                    -0.4020066559314728,
                    -1.6205406188964844
                ],
                [
                    -0.40200668573379517,
                    4.027760587632656e-05,
                    -0.9156367182731628,
                    -3.691049575805664
                ],
                [
                    0.0,
                    1.0,
                    4.398862802190706e-05,
                    0.0001773238182067871
                ],
                [
                    0.0,
                    0.0,
                    0.0,
                    1.0
                ]
            ]
        },
        {
            "file_path": "/data/shapenet_blender/all_50_random/02958343/72d4deb3b797c03dd4f6529a209c5dc0/r_33",
            "rotation": 0.12566370614359174,
            "transform_matrix": [
                [
                    -0.8294152617454529,
                    0.1351175606250763,
                    0.5420455932617188,
                    2.1850554943084717
                ],
                [
                    0.5586323142051697,
                    0.2006123960018158,
                    0.8047885298728943,
                    3.244205951690674
                ],
                [
                    0.0,
                    0.9703081250190735,
                    -0.24187210202217102,
                    -0.9750174880027771
                ],
                [
                    0.0,
                    0.0,
                    0.0,
                    1.0
                ]
            ]
        },
        {
            "file_path": "/data/shapenet_blender/all_50_random/02958343/72d4deb3b797c03dd4f6529a209c5dc0/r_34",
            "rotation": 0.12566370614359174,
            "transform_matrix": [
                [
                    -0.8714866042137146,
                    0.0065304553136229515,
                    0.4903758466243744,
                    1.9767682552337646
                ],
                [
                    0.4904193580150604,
                    0.01160477101802826,
                    0.8714092969894409,
                    3.512763261795044
                ],
                [
                    0.0,
                    0.999911367893219,
                    -0.013316063210368156,
                    -0.05367876589298248
                ],
                [
                    0.0,
                    0.0,
                    0.0,
                    1.0
                ]
            ]
        },
        {
            "file_path": "/data/shapenet_blender/all_50_random/02958343/72d4deb3b797c03dd4f6529a209c5dc0/r_35",
            "rotation": 0.12566370614359174,
            "transform_matrix": [
                [
                    0.3589039444923401,
                    -0.21048219501972198,
                    0.909332275390625,
                    3.665635585784912
                ],
                [
                    0.9333745837211609,
                    0.08093523979187012,
                    -0.34965914487838745,
                    -1.4095211029052734
                ],
                [
                    -7.450581485102248e-09,
                    0.9742415547370911,
                    0.2255067229270935,
                    0.9090466499328613
                ],
                [
                    0.0,
                    0.0,
                    0.0,
                    1.0
                ]
            ]
        },
        {
            "file_path": "/data/shapenet_blender/all_50_random/02958343/72d4deb3b797c03dd4f6529a209c5dc0/r_36",
            "rotation": 0.12566370614359174,
            "transform_matrix": [
                [
                    -0.9708978533744812,
                    0.1445581614971161,
                    -0.19094547629356384,
                    -0.7697258591651917
                ],
                [
                    -0.2394937127828598,
                    -0.5860329866409302,
                    0.7740853428840637,
                    3.1204378604888916
                ],
                [
                    7.450580152834618e-09,
                    0.7972881197929382,
                    0.603598952293396,
                    2.43318510055542
                ],
                [
                    0.0,
                    0.0,
                    0.0,
                    1.0
                ]
            ]
        },
        {
            "file_path": "/data/shapenet_blender/all_50_random/02958343/72d4deb3b797c03dd4f6529a209c5dc0/r_37",
            "rotation": 0.12566370614359174,
            "transform_matrix": [
                [
                    -0.267793208360672,
                    -0.14603261649608612,
                    0.9523451328277588,
                    3.8390259742736816
                ],
                [
                    0.9634764790534973,
                    -0.040588997304439545,
                    0.2646993100643158,
                    1.0670371055603027
                ],
                [
                    0.0,
                    0.988446831703186,
                    0.1515684425830841,
                    0.6109919548034668
                ],
                [
                    0.0,
                    0.0,
                    0.0,
                    1.0
                ]
            ]
        },
        {
            "file_path": "/data/shapenet_blender/all_50_random/02958343/72d4deb3b797c03dd4f6529a209c5dc0/r_38",
            "rotation": 0.12566370614359174,
            "transform_matrix": [
                [
                    -0.9908708930015564,
                    -0.0068833790719509125,
                    -0.13463859260082245,
                    -0.5427455306053162
                ],
                [
                    -0.13481444120407104,
                    0.05059205740690231,
                    0.9895784258842468,
                    3.9891183376312256
                ],
                [
                    0.0,
                    0.9986956715583801,
                    -0.051058173179626465,
                    -0.20582208037376404
                ],
                [
                    0.0,
                    0.0,
                    0.0,
                    1.0
                ]
            ]
        },
        {
            "file_path": "/data/shapenet_blender/all_50_random/02958343/72d4deb3b797c03dd4f6529a209c5dc0/r_39",
            "rotation": 0.12566370614359174,
            "transform_matrix": [
                [
                    0.1340985745191574,
                    0.016564397141337395,
                    -0.9908294677734375,
                    -3.994161605834961
                ],
                [
                    -0.9909679293632507,
                    0.0022415078710764647,
                    -0.13407984375953674,
                    -0.5404931902885437
                ],
                [
                    2.3283062977608182e-10,
                    0.9998603463172913,
                    0.016715368255972862,
                    0.06738181412220001
                ],
                [
                    0.0,
                    0.0,
                    0.0,
                    1.0
                ]
            ]
        },
        {
            "file_path": "/data/shapenet_blender/all_50_random/02958343/72d4deb3b797c03dd4f6529a209c5dc0/r_40",
            "rotation": 0.12566370614359174,
            "transform_matrix": [
                [
                    -0.9478262066841125,
                    -0.03037402592599392,
                    0.3173372149467468,
                    1.2792272567749023
                ],
                [
                    0.318787544965744,
                    -0.09030873328447342,
                    0.9435141086578369,
                    3.80342698097229
                ],
                [
                    1.862645149230957e-09,
                    0.9954504370689392,
                    0.09527985006570816,
                    0.38408535718917847
                ],
                [
                    0.0,
                    0.0,
                    0.0,
                    1.0
                ]
            ]
        },
        {
            "file_path": "/data/shapenet_blender/all_50_random/02958343/72d4deb3b797c03dd4f6529a209c5dc0/r_41",
            "rotation": 0.12566370614359174,
            "transform_matrix": [
                [
                    0.6584404706954956,
                    -0.5437300205230713,
                    0.5203977823257446,
                    2.0977907180786133
                ],
                [
                    0.7526328563690186,
                    0.4756819009780884,
                    -0.4552697241306305,
                    -1.8352510929107666
                ],
                [
