{
    "class": "02958343",
    "model": "eeac3253fc4c0b429092ea6b09901598",
    "remove_doubles": true,
    "edge_split": true,
    "denoise": true,
    "camera_angle_x": 0.6911112070083618,
    "scale_factor": 2.2271986882038974,
    "hdri_file": "/data/IndoorHDRDataset2018/9C4A7237-86a1e997c7.exr",
    "center_offset": [
        0.0,
        0.0,
        9.313225746154785e-10
    ],
    "lights": [],
    "frames": [
        {
            "file_path": "/data/shapenet_blender/all_50_random/02958343/eeac3253fc4c0b429092ea6b09901598/r_0",
            "rotation": 0.12566370614359174,
            "transform_matrix": [
                [
                    0.8003519773483276,
                    0.47309839725494385,
                    -0.3682590126991272,
                    -1.4844996929168701
                ],
                [
                    -0.5995305180549622,
                    0.6315695643424988,
                    -0.4916127026081085,
                    -1.9817543029785156
                ],
                [
                    0.0,
                    0.6142456531524658,
                    0.789114773273468,
                    3.181023597717285
                ],
                [
                    0.0,
                    0.0,
                    0.0,
                    1.0
                ]
            ]
        },
        {
            "file_path": "/data/shapenet_blender/all_50_random/02958343/eeac3253fc4c0b429092ea6b09901598/r_1",
            "rotation": 0.12566370614359174,
            "transform_matrix": [
                [
                    -0.6783850789070129,
                    0.07090112566947937,
                    0.7312774658203125,
                    2.947873830795288
                ],
                [
                    0.7347065806388855,
                    0.06546594947576523,
                    0.6752188801765442,
                    2.7218942642211914
                ],
                [
                    7.450580596923828e-09,
                    0.9953327775001526,
                    -0.0965026393532753,
                    -0.3890145719051361
                ],
                [
                    0.0,
                    0.0,
                    0.0,
                    1.0
                ]
            ]
        },
        {
            "file_path": "/data/shapenet_blender/all_50_random/02958343/eeac3253fc4c0b429092ea6b09901598/r_2",
            "rotation": 0.12566370614359174,
            "transform_matrix": [
                [
                    0.715767502784729,
                    0.33810877799987793,
                    0.6110312938690186,
                    2.463146209716797
                ],
                [
                    0.6983386278152466,
                    -0.3465471565723419,
                    -0.6262811422348022,
                    -2.524620294570923
                ],
                [
                    0.0,
                    0.8749785423278809,
                    -0.4841615557670593,
                    -1.951717734336853
                ],
                [
                    0.0,
                    0.0,
                    0.0,
                    1.0
                ]
            ]
        },
        {
            "file_path": "/data/shapenet_blender/all_50_random/02958343/eeac3253fc4c0b429092ea6b09901598/r_3",
            "rotation": 0.12566370614359174,
            "transform_matrix": [
                [
                    0.9970669746398926,
                    -0.05507202446460724,
                    0.05314762517809868,
                    0.21424493193626404
                ],
                [
                    0.0765349492430687,
                    0.7174564003944397,
                    -0.6923860907554626,
                    -2.791097640991211
                ],
                [
                    0.0,
                    0.6944228410720825,
                    0.719567060470581,
                    2.900667667388916
                ],
                [
                    0.0,
                    0.0,
                    0.0,
                    1.0
                ]
            ]
        },
        {
            "file_path": "/data/shapenet_blender/all_50_random/02958343/eeac3253fc4c0b429092ea6b09901598/r_4",
            "rotation": 0.12566370614359174,
            "transform_matrix": [
                [
                    -0.5383710265159607,
                    0.14896118640899658,
                    -0.8294379115104675,
                    -3.343571186065674
                ],
                [
                    -0.8427079916000366,
                    -0.09516509622335434,
                    0.5298933386802673,
                    2.136068344116211
                ],
                [
                    0.0,
                    0.9842531085014343,
                    0.17676489055156708,
                    0.712562084197998
                ],
                [
                    0.0,
                    0.0,
                    0.0,
                    1.0
                ]
            ]
        },
        {
            "file_path": "/data/shapenet_blender/all_50_random/02958343/eeac3253fc4c0b429092ea6b09901598/r_5",
            "rotation": 0.12566370614359174,
            "transform_matrix": [
                [
                    0.47361430525779724,
                    -0.01847955398261547,
                    -0.8805384635925293,
                    -3.5495641231536865
                ],
                [
                    -0.8807323575019836,
                    -0.009937390685081482,
                    -0.4735100269317627,
                    -1.9087799787521362
                ],
                [
                    0.0,
                    0.9997797608375549,
                    -0.020982034504413605,
                    -0.08458128571510315
                ],
                [
                    0.0,
                    0.0,
                    0.0,
                    1.0
                ]
            ]
        },
        {
            "file_path": "/data/shapenet_blender/all_50_random/02958343/eeac3253fc4c0b429092ea6b09901598/r_6",
            "rotation": 0.12566370614359174,
            "transform_matrix": [
                [
                    0.45509642362594604,
                    -0.34264039993286133,
                    0.8218788504600525,
                    3.3130996227264404
                ],
                [
                    0.8904422521591187,
                    0.17512018978595734,
                    -0.4200543463230133,
                    -1.6932932138442993
                ],
                [
                    1.4901161193847656e-08,
                    0.9230008125305176,
                    0.3847980201244354,
                    1.5511704683303833
                ],
                [
                    0.0,
                    0.0,
                    0.0,
                    1.0
                ]
            ]
        },
        {
            "file_path": "/data/shapenet_blender/all_50_random/02958343/eeac3253fc4c0b429092ea6b09901598/r_7",
            "rotation": 0.12566370614359174,
            "transform_matrix": [
                [
                    0.9414140582084656,
                    0.01661752536892891,
                    -0.3368434011936188,
                    -1.3578590154647827
                ],
                [
                    -0.33725300431251526,
                    0.04638645425438881,
                    -0.9402706027030945,
                    -3.790351629257202
                ],
                [
                    0.0,
                    0.9987851977348328,
                    0.049273181706666946,
                    0.19862651824951172
                ],
                [
                    0.0,
                    0.0,
                    0.0,
                    1.0
                ]
            ]
        },
        {
            "file_path": "/data/shapenet_blender/all_50_random/02958343/eeac3253fc4c0b429092ea6b09901598/r_8",
            "rotation": 0.12566370614359174,
            "transform_matrix": [
                [
                    0.9937641024589539,
                    -0.08219702541828156,
                    -0.07534419745206833,
                    -0.30372220277786255
                ],
                [
                    -0.11150383204221725,
                    -0.7325708270072937,
                    -0.6714958548545837,
                    -2.7068865299224854
                ],
                [
                    0.0,
                    0.6757095456123352,
                    -0.7371678352355957,
                    -2.971618890762329
                ],
                [
                    0.0,
                    0.0,
                    0.0,
                    1.0
                ]
            ]
        },
        {
            "file_path": "/data/shapenet_blender/all_50_random/02958343/eeac3253fc4c0b429092ea6b09901598/r_9",
            "rotation": 0.12566370614359174,
            "transform_matrix": [
                [
                    0.3724365830421448,
                    -0.019061103463172913,
                    0.9278618097305298,
                    3.740330696105957
                ],
                [
                    0.9280576705932617,
                    0.007649365812540054,
                    -0.3723579943180084,
                    -1.5010230541229248
                ],
                [
                    0.0,
                    0.9997890591621399,
                    0.020538706332445145,
                    0.0827941745519638
                ],
                [
                    0.0,
                    0.0,
                    0.0,
                    1.0
                ]
            ]
        },
        {
            "file_path": "/data/shapenet_blender/all_50_random/02958343/eeac3253fc4c0b429092ea6b09901598/r_10",
            "rotation": 0.12566370614359174,
            "transform_matrix": [
                [
                    -0.7859531044960022,
                    0.044018447399139404,
                    -0.6167171597480774,
                    -2.4860665798187256
                ],
                [
                    -0.6182861924171448,
                    -0.05595538020133972,
                    0.7839586138725281,
                    3.16023850440979
                ],
                [
                    -3.725290298461914e-09,
                    0.9974625706672668,
                    0.07119428366422653,
                    0.2869933545589447
                ],
                [
                    0.0,
                    0.0,
                    0.0,
                    1.0
                ]
            ]
        },
        {
            "file_path": "/data/shapenet_blender/all_50_random/02958343/eeac3253fc4c0b429092ea6b09901598/r_11",
            "rotation": 0.12566370614359174,
            "transform_matrix": [
                [
                    -0.7812432050704956,
                    0.06651265919208527,
                    -0.6206731796264648,
                    -2.502013683319092
                ],
                [
                    -0.6242268085479736,
                    -0.08324307203292847,
                    0.7767956256866455,
                    3.1313633918762207
                ],
                [
                    0.0,
                    0.9943070411682129,
                    0.10655206441879272,
                    0.42952510714530945
                ],
                [
                    0.0,
                    0.0,
                    0.0,
                    1.0
                ]
            ]
        },
        {
            "file_path": "/data/shapenet_blender/all_50_random/02958343/eeac3253fc4c0b429092ea6b09901598/r_12",
            "rotation": 0.12566370614359174,
            "transform_matrix": [
                [
                    0.83623206615448,
                    0.4839397966861725,
                    -0.2579111158847809,
                    -1.0396728515625
                ],
                [
                    -0.5483756065368652,
                    0.7379722595214844,
                    -0.3932953178882599,
                    -1.5854239463806152
                ],
                [
                    0.0,
                    0.47031837701797485,
                    0.8824968934059143,
                    3.5574584007263184
                ],
                [
                    0.0,
                    0.0,
                    0.0,
                    1.0
                ]
            ]
        },
        {
            "file_path": "/data/shapenet_blender/all_50_random/02958343/eeac3253fc4c0b429092ea6b09901598/r_13",
            "rotation": 0.12566370614359174,
            "transform_matrix": [
                [
                    0.7442497611045837,
                    -0.3315456509590149,
                    -0.5798014998435974,
                    -2.337254524230957
                ],
                [
                    -0.6679014563560486,
                    -0.3694448471069336,
                    -0.6460790634155273,
                    -2.6044280529022217
                ],
                [
                    2.9802318834981634e-08,
                    0.8680945634841919,
                    -0.49639901518821716,
                    -2.0010483264923096
                ],
                [
                    0.0,
                    0.0,
                    0.0,
                    1.0
                ]
            ]
        },
        {
            "file_path": "/data/shapenet_blender/all_50_random/02958343/eeac3253fc4c0b429092ea6b09901598/r_14",
            "rotation": 0.12566370614359174,
            "transform_matrix": [
                [
                    -0.17254112660884857,
                    -0.2503224015235901,
                    0.952663779258728,
                    3.840310573577881
                ],
                [
                    0.985002338886261,
                    -0.04384853318333626,
                    0.166876420378685,
                    0.6727003455162048
                ],
                [
                    3.725290298461914e-09,
                    0.9671691060066223,
                    0.25413382053375244,
                    1.0244462490081787
                ],
                [
                    0.0,
                    0.0,
                    0.0,
                    1.0
                ]
            ]
        },
        {
            "file_path": "/data/shapenet_blender/all_50_random/02958343/eeac3253fc4c0b429092ea6b09901598/r_15",
            "rotation": 0.12566370614359174,
            "transform_matrix": [
                [
                    0.45956888794898987,
                    0.48311853408813477,
                    -0.7452468276023865,
                    -3.0041863918304443
                ],
                [
                    -0.8881421089172363,
                    0.2499895542860031,
                    -0.38562774658203125,
                    -1.5545152425765991
                ],
                [
                    1.4901161193847656e-08,
                    0.8391077518463135,
                    0.543965220451355,
                    2.19279408454895
                ],
                [
                    0.0,
                    0.0,
                    0.0,
                    1.0
                ]
            ]
        },
        {
            "file_path": "/data/shapenet_blender/all_50_random/02958343/eeac3253fc4c0b429092ea6b09901598/r_16",
            "rotation": 0.12566370614359174,
            "transform_matrix": [
                [
                    -0.30143123865127563,
                    0.3227417767047882,
                    0.897205114364624,
                    3.6167495250701904
                ],
                [
                    0.9534879326820374,
                    0.10203007608652115,
                    0.28363823890686035,
                    1.1433823108673096
                ],
                [
                    0.0,
                    0.9409715533256531,
                    -0.338485449552536,
                    -1.3644784688949585
                ],
                [
                    0.0,
                    0.0,
                    0.0,
                    1.0
                ]
            ]
        },
        {
            "file_path": "/data/shapenet_blender/all_50_random/02958343/eeac3253fc4c0b429092ea6b09901598/r_17",
            "rotation": 0.12566370614359174,
            "transform_matrix": [
                [
                    -0.03608020395040512,
                    0.8682242035865784,
                    0.4948584735393524,
                    1.9948383569717407
                ],
                [
                    0.9993489384651184,
                    0.031346116214990616,
                    0.01786622777581215,
                    0.07202106714248657
                ],
                [
                    0.0,
                    0.49518081545829773,
                    -0.8687898516654968,
                    -3.502203941345215
                ],
                [
                    0.0,
                    0.0,
                    0.0,
                    1.0
                ]
            ]
        },
        {
            "file_path": "/data/shapenet_blender/all_50_random/02958343/eeac3253fc4c0b429092ea6b09901598/r_18",
            "rotation": 0.12566370614359174,
            "transform_matrix": [
                [
                    0.9447774887084961,
                    0.0036948223132640123,
                    -0.3276914358139038,
                    -1.3209664821624756
                ],
                [
                    -0.3277122378349304,
                    0.010651982389390469,
                    -0.944717526435852,
                    -3.8082780838012695
                ],
                [
                    0.0,
                    0.9999365210533142,
                    0.011274592019617558,
                    0.045449335128068924
                ],
                [
                    0.0,
                    0.0,
                    0.0,
                    1.0
                ]
            ]
        },
        {
            "file_path": "/data/shapenet_blender/all_50_random/02958343/eeac3253fc4c0b429092ea6b09901598/r_19",
            "rotation": 0.12566370614359174,
            "transform_matrix": [
                [
                    0.1552879810333252,
                    0.14188791811466217,
                    -0.977626383304596,
                    -3.9409382343292236
                ],
                [
                    -0.9878692626953125,
                    0.022304052487015724,
                    -0.15367785096168518,
                    -0.6194952726364136
                ],
                [
                    -1.862645149230957e-09,
                    0.9896314144134521,
                    0.143630251288414,
                    0.5789921283721924
                ],
                [
                    0.0,
                    0.0,
                    0.0,
                    1.0
                ]
            ]
        },
        {
            "file_path": "/data/shapenet_blender/all_50_random/02958343/eeac3253fc4c0b429092ea6b09901598/r_20",
            "rotation": 0.12566370614359174,
            "transform_matrix": [
                [
                    0.9775547981262207,
                    0.05266161262989044,
                    0.2039937674999237,
                    0.8223252296447754
                ],
                [
                    0.21068154275417328,
                    -0.2443479746580124,
                    -0.9465237259864807,
                    -3.8155593872070312
                ],
                [
                    0.0,
                    0.9682565331459045,
                    -0.2499583512544632,
                    -1.0076143741607666
                ],
                [
                    0.0,
                    0.0,
                    0.0,
                    1.0
                ]
            ]
        },
        {
            "file_path": "/data/shapenet_blender/all_50_random/02958343/eeac3253fc4c0b429092ea6b09901598/r_21",
            "rotation": 0.12566370614359174,
            "transform_matrix": [
                [
                    -0.8200935125350952,
                    -0.0656004473567009,
                    -0.5684568881988525,
                    -2.291522979736328
                ],
                [
                    -0.5722296237945557,
                    0.09401558339595795,
                    0.81468665599823,
                    3.284106969833374
                ],
                [
                    -3.725290298461914e-09,
                    0.993407130241394,
                    -0.11464007943868637,
                    -0.4621289372444153
                ],
                [
                    0.0,
                    0.0,
                    0.0,
                    1.0
                ]
            ]
        },
        {
            "file_path": "/data/shapenet_blender/all_50_random/02958343/eeac3253fc4c0b429092ea6b09901598/r_22",
            "rotation": 0.12566370614359174,
            "transform_matrix": [
                [
                    0.8355079293251038,
                    0.4600246548652649,
                    0.3005058765411377,
                    1.2113779783248901
                ],
                [
                    0.5494783520698547,
                    -0.6994893550872803,
                    -0.45693349838256836,
                    -1.8419578075408936
                ],
                [
                    -1.4901161193847656e-08,
                    0.5468930006027222,
                    -0.8372024297714233,
                    -3.374871015548706
                ],
                [
                    0.0,
                    0.0,
                    0.0,
                    1.0
                ]
            ]
        },
        {
            "file_path": "/data/shapenet_blender/all_50_random/02958343/eeac3253fc4c0b429092ea6b09901598/r_23",
            "rotation": 0.12566370614359174,
            "transform_matrix": [
                [
                    -0.535423219203949,
                    -0.21118585765361786,
                    0.8177545666694641,
                    3.2964742183685303
                ],
                [
                    0.844584047794342,
                    -0.13388106226921082,
                    0.5184147357940674,
                    2.089796543121338
                ],
                [
                    -1.4901162970204496e-08,
                    0.9682336449623108,
                    0.2500471770763397,
                    1.0079723596572876
                ],
                [
                    0.0,
                    0.0,
                    0.0,
                    1.0
                ]
            ]
        },
        {
            "file_path": "/data/shapenet_blender/all_50_random/02958343/eeac3253fc4c0b429092ea6b09901598/r_24",
            "rotation": 0.12566370614359174,
            "transform_matrix": [
                [
                    -0.8622324466705322,
                    0.0934382975101471,
                    0.49781984090805054,
                    2.0067758560180664
                ],
                [
                    0.5065128803253174,
                    0.15905918180942535,
                    0.8474342823028564,
                    3.416116714477539
                ],
                [
                    0.0,
                    0.982837438583374,
                    -0.1844736635684967,
                    -0.7436370849609375
                ],
                [
                    0.0,
                    0.0,
                    0.0,
                    1.0
                ]
            ]
        },
        {
            "file_path": "/data/shapenet_blender/all_50_random/02958343/eeac3253fc4c0b429092ea6b09901598/r_25",
            "rotation": 0.12566370614359174,
            "transform_matrix": [
                [
                    0.8092347979545593,
                    -0.36199915409088135,
                    -0.4627045691013336,
                    -1.8652217388153076
                ],
                [
                    -0.5874852538108826,
                    -0.49863773584365845,
                    -0.6373549699783325,
                    -2.5692601203918457
                ],
                [
                    0.0,
                    0.7876020073890686,
                    -0.6161842346191406,
                    -2.4839181900024414
                ],
                [
                    0.0,
                    0.0,
                    0.0,
                    1.0
                ]
            ]
        },
        {
            "file_path": "/data/shapenet_blender/all_50_random/02958343/eeac3253fc4c0b429092ea6b09901598/r_26",
            "rotation": 0.12566370614359174,
            "transform_matrix": [
                [
                    -0.9414013624191284,
                    -0.26221778988838196,
                    0.21214483678340912,
                    0.8551831841468811
                ],
                [
                    0.33728861808776855,
                    -0.7318723201751709,
                    0.5921143889427185,
                    2.3868894577026367
                ],
                [
                    0.0,
                    0.62897127866745,
                    0.7774285674095154,
                    3.1339147090911865
                ],
                [
                    0.0,
                    0.0,
                    0.0,
                    1.0
                ]
            ]
        },
        {
            "file_path": "/data/shapenet_blender/all_50_random/02958343/eeac3253fc4c0b429092ea6b09901598/r_27",
            "rotation": 0.12566370614359174,
            "transform_matrix": [
                [
                    0.27695104479789734,
                    0.48236000537872314,
                    0.8310396671295166,
                    3.3500280380249023
                ],
                [
                    0.9608840942382812,
                    -0.13902832567691803,
                    -0.23952659964561462,
                    -0.9655625820159912
                ],
                [
                    7.450581485102248e-09,
                    0.8648698329925537,
                    -0.5019960403442383,
                    -2.023610830307007
                ],
                [
                    0.0,
                    0.0,
                    0.0,
                    1.0
                ]
            ]
        },
        {
            "file_path": "/data/shapenet_blender/all_50_random/02958343/eeac3253fc4c0b429092ea6b09901598/r_28",
            "rotation": 0.12566370614359174,
            "transform_matrix": [
                [
                    0.8057399392127991,
                    -0.23600859940052032,
                    0.5432155132293701,
                    2.189772129058838
                ],
                [
                    0.5922696590423584,
                    0.32107260823249817,
                    -0.7390053868293762,
                    -2.9790263175964355
                ],
                [
                    0.0,
                    0.9171763062477112,
                    0.39848166704177856,
                    1.6063311100006104
                ],
                [
                    0.0,
                    0.0,
                    0.0,
                    1.0
                ]
            ]
        },
        {
            "file_path": "/data/shapenet_blender/all_50_random/02958343/eeac3253fc4c0b429092ea6b09901598/r_29",
            "rotation": 0.12566370614359174,
            "transform_matrix": [
                [
                    0.8514547944068909,
                    -0.42602983117103577,
                    0.30581581592559814,
                    1.2327829599380493
                ],
                [
                    0.5244280099868774,
                    0.6916967034339905,
                    -0.4965187609195709,
                    -2.0015311241149902
                ],
                [
                    1.4901161193847656e-08,
                    0.5831416249275208,
                    0.8123704195022583,
                    3.2747700214385986
                ],
                [
                    0.0,
                    0.0,
                    0.0,
                    1.0
                ]
            ]
        },
        {
            "file_path": "/data/shapenet_blender/all_50_random/02958343/eeac3253fc4c0b429092ea6b09901598/r_30",
            "rotation": 0.12566370614359174,
            "transform_matrix": [
                [
                    -0.9650299549102783,
                    0.12685614824295044,
                    -0.22940120100975037,
                    -0.9247457981109619
                ],
                [
                    -0.26214003562927246,
                    -0.46700218319892883,
                    0.8445066809654236,
                    3.404315233230591
                ],
                [
                    0.0,
                    0.8751093745231628,
                    0.48392510414123535,
                    1.950764536857605
                ],
                [
                    0.0,
                    0.0,
                    0.0,
                    1.0
                ]
            ]
        },
        {
            "file_path": "/data/shapenet_blender/all_50_random/02958343/eeac3253fc4c0b429092ea6b09901598/r_31",
            "rotation": 0.12566370614359174,
            "transform_matrix": [
                [
                    -0.7514401078224182,
                    0.5836686491966248,
                    0.30768272280693054,
                    1.2403087615966797
                ],
                [
                    0.6598013043403625,
                    0.6647334694862366,
                    0.35041630268096924,
                    1.4125733375549316
                ],
                [
                    0.0,
                    0.46632641553878784,
                    -0.8846127390861511,
                    -3.565988063812256
                ],
                [
                    0.0,
                    0.0,
                    0.0,
                    1.0
                ]
            ]
        },
        {
            "file_path": "/data/shapenet_blender/all_50_random/02958343/eeac3253fc4c0b429092ea6b09901598/r_32",
            "rotation": 0.12566370614359174,
            "transform_matrix": [
                [
                    0.7357443571090698,
                    -0.45104891061782837,
                    0.5052081346511841,
                    2.0365591049194336
                ],
                [
                    0.6772594451904297,
                    0.48999929428100586,
                    -0.5488354563713074,
                    -2.2124264240264893
                ],
                [
                    0.0,
                    0.7459595203399658,
                    0.6659913063049316,
                    2.684696912765503
                ],
                [
                    0.0,
                    0.0,
                    0.0,
                    1.0
                ]
            ]
        },
        {
            "file_path": "/data/shapenet_blender/all_50_random/02958343/eeac3253fc4c0b429092ea6b09901598/r_33",
            "rotation": 0.12566370614359174,
            "transform_matrix": [
                [
                    0.30100297927856445,
                    -0.08860275149345398,
                    -0.9494981169700623,
                    -3.827549457550049
                ],
                [
                    -0.9536232352256775,
                    -0.02796669863164425,
                    -0.29970091581344604,
                    -1.2081331014633179
                ],
                [
                    0.0,
                    0.9956743717193604,
                    -0.09291169047355652,
                    -0.3745390474796295
                ],
                [
                    0.0,
                    0.0,
                    0.0,
                    1.0
                ]
            ]
        },
        {
            "file_path": "/data/shapenet_blender/all_50_random/02958343/eeac3253fc4c0b429092ea6b09901598/r_34",
            "rotation": 0.12566370614359174,
            "transform_matrix": [
                [
                    -0.16047534346580505,
                    0.23369155824184418,
                    0.9589763879776001,
                    3.865757942199707
                ],
                [
                    0.9870398640632629,
                    0.0379941463470459,
                    0.15591272711753845,
                    0.6285043954849243
                ],
                [
                    0.0,
                    0.9715681672096252,
                    -0.2367600053548813,
                    -0.9544102549552917
                ],
                [
                    0.0,
                    0.0,
                    0.0,
                    1.0
                ]
            ]
        },
        {
            "file_path": "/data/shapenet_blender/all_50_random/02958343/eeac3253fc4c0b429092ea6b09901598/r_35",
            "rotation": 0.12566370614359174,
            "transform_matrix": [
                [
                    -0.9648253917694092,
                    -0.07091322541236877,
                    0.25314685702323914,
                    1.020467758178711
                ],
                [
                    0.2628917098045349,
                    -0.26025500893592834,
                    0.9290614128112793,
                    3.745166540145874
                ],
                [
                    0.0,
                    0.962932288646698,
                    0.26974308490753174,
                    1.0873693227767944
                ],
                [
                    0.0,
                    0.0,
                    0.0,
                    1.0
                ]
            ]
        },
        {
            "file_path": "/data/shapenet_blender/all_50_random/02958343/eeac3253fc4c0b429092ea6b09901598/r_36",
            "rotation": 0.12566370614359174,
            "transform_matrix": [
                [
                    0.8986086249351501,
                    -0.12290000915527344,
                    0.42118653655052185,
                    1.69785737991333
                ],
                [
                    0.43875107169151306,
                    0.25171220302581787,
                    -0.862634539604187,
                    -3.477391242980957
                ],
                [
                    0.0,
                    0.9599669575691223,
                    0.2801132798194885,
                    1.129172921180725
                ],
                [
                    0.0,
                    0.0,
                    0.0,
                    1.0
                ]
            ]
        },
        {
            "file_path": "/data/shapenet_blender/all_50_random/02958343/eeac3253fc4c0b429092ea6b09901598/r_37",
            "rotation": 0.12566370614359174,
            "transform_matrix": [
                [
                    -0.4095555245876312,
                    0.4723222255706787,
                    0.7804972529411316,
                    3.146285057067871
                ],
                [
                    0.9122852087020874,
                    0.21204136312007904,
                    0.3503914773464203,
                    1.412473201751709
                ],
                [
                    -2.9802322387695312e-08,
                    0.8555408716201782,
                    -0.5177353024482727,
                    -2.0870578289031982
                ],
                [
                    0.0,
                    0.0,
                    0.0,
                    1.0
                ]
            ]
        },
        {
            "file_path": "/data/shapenet_blender/all_50_random/02958343/eeac3253fc4c0b429092ea6b09901598/r_38",
            "rotation": 0.12566370614359174,
            "transform_matrix": [
                [
                    0.8432715535163879,
                    -0.26238536834716797,
                    -0.4690917432308197,
                    -1.8909692764282227
                ],
                [
                    -0.537487804889679,
                    -0.41165977716445923,
                    -0.7359640598297119,
                    -2.966766119003296
                ],
                [
                    0.0,
                    0.8727486729621887,
                    -0.4881698787212372,
                    -1.9678757190704346
                ],
                [
                    0.0,
                    0.0,
                    0.0,
                    1.0
                ]
            ]
        },
        {
            "file_path": "/data/shapenet_blender/all_50_random/02958343/eeac3253fc4c0b429092ea6b09901598/r_39",
            "rotation": 0.12566370614359174,
            "transform_matrix": [
                [
                    0.02268097922205925,
                    -0.043044041842222214,
                    0.9988155961036682,
                    4.026354789733887
                ],
                [
                    0.9997428059577942,
                    0.0009765321156010032,
                    -0.022659942507743835,
                    -0.0913451611995697
                ],
                [
                    5.820766785236131e-11,
                    0.9990726113319397,
                    0.04305511713027954,
                    0.1735607385635376
                ],
                [
                    0.0,
                    0.0,
                    0.0,
                    1.0
                ]
            ]
        },
        {
            "file_path": "/data/shapenet_blender/all_50_random/02958343/eeac3253fc4c0b429092ea6b09901598/r_40",
            "rotation": 0.12566370614359174,
            "transform_matrix": [
                [
                    -0.8542811870574951,
                    0.10208983719348907,
                    -0.5096874833106995,
                    -2.0546159744262695
                ],
                [
                    -0.5198111534118652,
                    -0.16777905821800232,
                    0.8376434445381165,
                    3.3766486644744873
                ],
                [
                    -7.450580596923828e-09,
                    0.9805242419242859,
                    0.19639796018600464,
                    0.7917054891586304
                ],
                [
                    0.0,
                    0.0,
                    0.0,
                    1.0
                ]
            ]
        },
        {
            "file_path": "/data/shapenet_blender/all_50_random/02958343/eeac3253fc4c0b429092ea6b09901598/r_41",
            "rotation": 0.12566370614359174,
            "transform_matrix": [
                [
                    0.6107234954833984,
                    -0.6849033832550049,
                    -0.39739668369293213,
                    -1.6019573211669922
                ],
                [
                    -0.7918439507484436,
                    -0.5282437205314636,
                    -0.3064991533756256,
                    -1.2355376482009888
                ],
                [
                    0.0,
                    0.5018622875213623,
                    -0.864947497844696,
