{
    "class": "02958343",
    "model": "5c997a7c241190937cbd61b2affd051d",
    "remove_doubles": true,
    "edge_split": true,
    "denoise": true,
    "camera_angle_x": 0.6911112070083618,
    "scale_factor": 2.262225918313755,
    "hdri_file": "/data/IndoorHDRDataset2018/AG8A8658-cdca6ead27.exr",
    "center_offset": [
        0.0,
        1.862645149230957e-09,
        0.0
    ],
    "lights": [],
    "frames": [
        {
            "file_path": "/data/shapenet_blender/all_50_random/02958343/5c997a7c241190937cbd61b2affd051d/r_0",
            "rotation": 0.12566370614359174,
            "transform_matrix": [
                [
                    0.8543817400932312,
                    -0.050240565091371536,
                    -0.5172114372253418,
                    -2.0849461555480957
                ],
                [
                    -0.5196458697319031,
                    -0.08260361105203629,
                    -0.8503791689872742,
                    -3.427988290786743
                ],
                [
                    -3.725290298461914e-09,
                    0.9953151941299438,
                    -0.09668231755495071,
                    -0.38973891735076904
                ],
                [
                    0.0,
                    0.0,
                    0.0,
                    1.0
                ]
            ]
        },
        {
            "file_path": "/data/shapenet_blender/all_50_random/02958343/5c997a7c241190937cbd61b2affd051d/r_1",
            "rotation": 0.12566370614359174,
            "transform_matrix": [
                [
                    -0.2703677713871002,
                    -0.46729835867881775,
                    0.8417443037033081,
                    3.3931798934936523
                ],
                [
                    0.9627571105957031,
                    -0.13122978806495667,
                    0.23638416826725006,
                    0.9528950452804565
                ],
                [
                    -7.450580596923828e-09,
                    0.8743059039115906,
                    0.48537513613700867,
                    1.9566097259521484
                ],
                [
                    0.0,
                    0.0,
                    0.0,
                    1.0
                ]
            ]
        },
        {
            "file_path": "/data/shapenet_blender/all_50_random/02958343/5c997a7c241190937cbd61b2affd051d/r_2",
            "rotation": 0.12566370614359174,
            "transform_matrix": [
                [
                    0.8979904651641846,
                    -0.037077002227306366,
                    -0.438449889421463,
                    -1.7674480676651
                ],
                [
                    -0.4400147497653961,
                    -0.07566745579242706,
                    -0.8947969079017639,
                    -3.607041597366333
                ],
                [
                    0.0,
                    0.996443510055542,
                    -0.08426308631896973,
                    -0.3396753668785095
                ],
                [
                    0.0,
                    0.0,
                    0.0,
                    1.0
                ]
            ]
        },
        {
            "file_path": "/data/shapenet_blender/all_50_random/02958343/5c997a7c241190937cbd61b2affd051d/r_3",
            "rotation": 0.12566370614359174,
            "transform_matrix": [
                [
                    0.6970775127410889,
                    -0.004569424781948328,
                    -0.7169811725616455,
                    -2.8902437686920166
                ],
                [
                    -0.7169958353042603,
                    -0.004442485049366951,
                    -0.6970632672309875,
                    -2.8099522590637207
                ],
                [
                    0.0,
                    0.9999797940254211,
                    -0.006373013369739056,
                    -0.025690440088510513
                ],
                [
                    0.0,
                    0.0,
                    0.0,
                    1.0
                ]
            ]
        },
        {
            "file_path": "/data/shapenet_blender/all_50_random/02958343/5c997a7c241190937cbd61b2affd051d/r_4",
            "rotation": 0.12566370614359174,
            "transform_matrix": [
                [
                    -0.7849282026290894,
                    0.4165874123573303,
                    -0.45863133668899536,
                    -1.8488023281097412
                ],
                [
                    -0.6195868849754333,
                    -0.5277567505836487,
                    0.5810204744338989,
                    2.3421685695648193
                ],
                [
                    1.4901162970204496e-08,
                    0.7402212619781494,
                    0.6723631620407104,
                    2.7103829383850098
                ],
                [
                    0.0,
                    0.0,
                    0.0,
                    1.0
                ]
            ]
        },
        {
            "file_path": "/data/shapenet_blender/all_50_random/02958343/5c997a7c241190937cbd61b2affd051d/r_5",
            "rotation": 0.12566370614359174,
            "transform_matrix": [
                [
                    0.7214758992195129,
                    0.3801080584526062,
                    -0.5787834525108337,
                    -2.333150625228882
                ],
                [
                    -0.6924394369125366,
                    0.39604735374450684,
                    -0.6030539274215698,
                    -2.430988073348999
                ],
                [
                    -1.4901161193847656e-08,
                    0.8358612656593323,
                    0.5489405393600464,
                    2.2128500938415527
                ],
                [
                    0.0,
                    0.0,
                    0.0,
                    1.0
                ]
            ]
        },
        {
            "file_path": "/data/shapenet_blender/all_50_random/02958343/5c997a7c241190937cbd61b2affd051d/r_6",
            "rotation": 0.12566370614359174,
            "transform_matrix": [
                [
                    -0.5666025280952454,
                    -0.0667550265789032,
                    -0.821282684803009,
                    -3.310696601867676
                ],
                [
                    -0.8239912986755371,
                    0.04590287059545517,
                    0.564740002155304,
                    2.2765400409698486
                ],
                [
                    -3.725290298461914e-09,
                    0.9967129826545715,
                    -0.0810142308473587,
                    -0.326578825712204
                ],
                [
                    0.0,
                    0.0,
                    0.0,
                    1.0
                ]
            ]
        },
        {
            "file_path": "/data/shapenet_blender/all_50_random/02958343/5c997a7c241190937cbd61b2affd051d/r_7",
            "rotation": 0.12566370614359174,
            "transform_matrix": [
                [
                    0.9894099831581116,
                    -0.03816989064216614,
                    -0.14003890752792358,
                    -0.5645149350166321
                ],
                [
                    -0.1451476514339447,
                    -0.26018795371055603,
                    -0.9545859098434448,
                    -3.8480591773986816
                ],
                [
                    0.0,
                    0.9648032188415527,
                    -0.26297280192375183,
                    -1.060077428817749
                ],
                [
                    0.0,
                    0.0,
                    0.0,
                    1.0
                ]
            ]
        },
        {
            "file_path": "/data/shapenet_blender/all_50_random/02958343/5c997a7c241190937cbd61b2affd051d/r_8",
            "rotation": 0.12566370614359174,
            "transform_matrix": [
                [
                    0.5954927802085876,
                    -0.37774601578712463,
                    -0.7090107798576355,
                    -2.8581135272979736
                ],
                [
                    -0.803360641002655,
                    -0.2800050675868988,
                    -0.5255557894706726,
                    -2.1185829639434814
                ],
                [
                    0.0,
                    0.8825559616088867,
                    -0.4702073335647583,
                    -1.8954662084579468
                ],
                [
                    0.0,
                    0.0,
                    0.0,
                    1.0
                ]
            ]
        },
        {
            "file_path": "/data/shapenet_blender/all_50_random/02958343/5c997a7c241190937cbd61b2affd051d/r_9",
            "rotation": 0.12566370614359174,
            "transform_matrix": [
                [
                    0.9082549214363098,
                    -0.12961380183696747,
                    -0.39783573150634766,
                    -1.603727102279663
                ],
                [
                    -0.4184173047542572,
                    -0.28135156631469727,
                    -0.863578736782074,
                    -3.4811973571777344
                ],
                [
                    1.4901161193847656e-08,
                    0.9508109092712402,
                    -0.30977165699005127,
                    -1.2487294673919678
                ],
                [
                    0.0,
                    0.0,
                    0.0,
                    1.0
                ]
            ]
        },
        {
            "file_path": "/data/shapenet_blender/all_50_random/02958343/5c997a7c241190937cbd61b2affd051d/r_10",
            "rotation": 0.12566370614359174,
            "transform_matrix": [
                [
                    -0.6619134545326233,
                    -0.6937329769134521,
                    -0.28391051292419434,
                    -1.144479751586914
                ],
                [
                    -0.7495802640914917,
                    0.6125977635383606,
                    0.25070589780807495,
                    1.0106276273727417
                ],
                [
                    -1.4901160305669237e-08,
                    0.3787592947483063,
                    -0.9254952669143677,
                    -3.730790376663208
                ],
                [
                    0.0,
                    0.0,
                    0.0,
                    1.0
                ]
            ]
        },
        {
            "file_path": "/data/shapenet_blender/all_50_random/02958343/5c997a7c241190937cbd61b2affd051d/r_11",
            "rotation": 0.12566370614359174,
            "transform_matrix": [
                [
                    0.44908010959625244,
                    0.4591982662677765,
                    -0.766461968421936,
                    -3.089707136154175
                ],
                [
                    -0.8934915065765381,
                    0.2307988405227661,
                    -0.38523346185684204,
                    -1.552925705909729
                ],
                [
                    0.0,
                    0.8578279614448547,
                    0.5139369368553162,
                    2.0717461109161377
                ],
                [
                    0.0,
                    0.0,
                    0.0,
                    1.0
                ]
            ]
        },
        {
            "file_path": "/data/shapenet_blender/all_50_random/02958343/5c997a7c241190937cbd61b2affd051d/r_12",
            "rotation": 0.12566370614359174,
            "transform_matrix": [
                [
                    0.38473403453826904,
                    0.6627362966537476,
                    0.6424640417098999,
                    2.589855432510376
                ],
                [
                    0.923027515411377,
                    -0.27624011039733887,
                    -0.267790287733078,
                    -1.079497218132019
                ],
                [
                    -1.4901162970204496e-08,
                    0.6960399746894836,
                    -0.7180029153823853,
                    -2.894362449645996
                ],
                [
                    0.0,
                    0.0,
                    0.0,
                    1.0
                ]
            ]
        },
        {
            "file_path": "/data/shapenet_blender/all_50_random/02958343/5c997a7c241190937cbd61b2affd051d/r_13",
            "rotation": 0.12566370614359174,
            "transform_matrix": [
                [
                    0.3740891218185425,
                    0.3759404718875885,
                    0.8477770686149597,
                    3.417498826980591
                ],
                [
                    0.927392840385437,
                    -0.15164580941200256,
                    -0.3419739305973053,
                    -1.378541111946106
                ],
                [
                    -1.4901162970204496e-08,
                    0.9141510725021362,
                    -0.40537354350090027,
                    -1.6341131925582886
                ],
                [
                    0.0,
                    0.0,
                    0.0,
                    1.0
                ]
            ]
        },
        {
            "file_path": "/data/shapenet_blender/all_50_random/02958343/5c997a7c241190937cbd61b2affd051d/r_14",
            "rotation": 0.12566370614359174,
            "transform_matrix": [
                [
                    -0.9999975562095642,
                    0.0008206216152757406,
                    -0.0020289327949285507,
                    -0.008178889751434326
                ],
                [
                    -0.0021886040922254324,
                    -0.37495115399360657,
                    0.9270419478416443,
                    3.737025737762451
                ],
                [
                    0.0,
                    0.9270442724227905,
                    0.3749520182609558,
                    1.5114799737930298
                ],
                [
                    0.0,
                    0.0,
                    0.0,
                    1.0
                ]
            ]
        },
        {
            "file_path": "/data/shapenet_blender/all_50_random/02958343/5c997a7c241190937cbd61b2affd051d/r_15",
            "rotation": 0.12566370614359174,
            "transform_matrix": [
                [
                    0.9586880207061768,
                    -0.02254810743033886,
                    0.28356459736824036,
                    1.1430854797363281
                ],
                [
                    0.2844596803188324,
                    0.07599178701639175,
                    -0.9556714296340942,
                    -3.8524346351623535
                ],
                [
                    1.862645149230957e-09,
                    0.9968533515930176,
                    0.07926645129919052,
                    0.3195332884788513
                ],
                [
                    0.0,
                    0.0,
                    0.0,
                    1.0
                ]
            ]
        },
        {
            "file_path": "/data/shapenet_blender/all_50_random/02958343/5c997a7c241190937cbd61b2affd051d/r_16",
            "rotation": 0.12566370614359174,
            "transform_matrix": [
                [
                    -0.9685472846031189,
                    0.028757305815815926,
                    0.24716222286224365,
                    0.9963427782058716
                ],
                [
                    0.24882955849170685,
                    0.11193530261516571,
                    0.96205735206604,
                    3.8781771659851074
                ],
                [
                    0.0,
                    0.9932993054389954,
                    -0.1155702993273735,
                    -0.46587878465652466
                ],
                [
                    0.0,
                    0.0,
                    0.0,
                    1.0
                ]
            ]
        },
        {
            "file_path": "/data/shapenet_blender/all_50_random/02958343/5c997a7c241190937cbd61b2affd051d/r_17",
            "rotation": 0.12566370614359174,
            "transform_matrix": [
                [
                    0.5744091868400574,
                    0.5749760270118713,
                    0.5826288461685181,
                    2.3486523628234863
                ],
                [
                    0.8185683488845825,
                    -0.4034746289253235,
                    -0.4088447690010071,
                    -1.6481060981750488
                ],
                [
                    1.4901162970204496e-08,
                    0.7117658257484436,
                    -0.702416718006134,
                    -2.8315327167510986
                ],
                [
                    0.0,
                    0.0,
                    0.0,
                    1.0
                ]
            ]
        },
        {
            "file_path": "/data/shapenet_blender/all_50_random/02958343/5c997a7c241190937cbd61b2affd051d/r_18",
            "rotation": 0.12566370614359174,
            "transform_matrix": [
                [
                    0.7628849744796753,
                    0.0485370010137558,
                    0.6447097063064575,
                    2.5989081859588623
                ],
                [
                    0.6465342044830322,
                    -0.05727175623178482,
                    -0.760732114315033,
                    -3.0666093826293945
                ],
                [
                    3.725290298461914e-09,
                    0.9971780180931091,
                    -0.07507258653640747,
                    -0.302627295255661
                ],
                [
                    0.0,
                    0.0,
                    0.0,
                    1.0
                ]
            ]
        },
        {
            "file_path": "/data/shapenet_blender/all_50_random/02958343/5c997a7c241190937cbd61b2affd051d/r_19",
            "rotation": 0.12566370614359174,
            "transform_matrix": [
                [
                    -0.9756786227226257,
                    0.017686471343040466,
                    0.21849088370800018,
                    0.880764901638031
                ],
                [
                    0.21920554339885712,
                    0.07872205972671509,
                    0.9724977016448975,
                    3.9202632904052734
                ],
                [
                    1.8626448161640496e-09,
                    0.9967397451400757,
                    -0.08068440109491348,
                    -0.32524922490119934
                ],
                [
                    0.0,
                    0.0,
                    0.0,
                    1.0
                ]
            ]
        },
        {
            "file_path": "/data/shapenet_blender/all_50_random/02958343/5c997a7c241190937cbd61b2affd051d/r_20",
            "rotation": 0.12566370614359174,
            "transform_matrix": [
                [
                    0.9838456511497498,
                    0.062044937163591385,
                    0.16792364418506622,
                    0.6769218444824219
                ],
                [
                    0.17901934683322906,
                    -0.34098348021507263,
                    -0.9228664040565491,
                    -3.720193386077881
                ],
                [
                    0.0,
                    0.9380195140838623,
                    -0.3465823531150818,
                    -1.3971182107925415
                ],
                [
                    0.0,
                    0.0,
                    0.0,
                    1.0
                ]
            ]
        },
        {
            "file_path": "/data/shapenet_blender/all_50_random/02958343/5c997a7c241190937cbd61b2affd051d/r_21",
            "rotation": 0.12566370614359174,
            "transform_matrix": [
                [
                    -0.9350546598434448,
                    0.0010687124449759722,
                    0.35450202226638794,
                    1.4290434122085571
                ],
                [
                    0.3545036315917969,
                    0.002818883629515767,
                    0.935050368309021,
                    3.769308567047119
                ],
                [
                    0.0,
                    0.9999954104423523,
                    -0.0030146727804094553,
                    -0.012152534909546375
                ],
                [
                    0.0,
                    0.0,
                    0.0,
                    1.0
                ]
            ]
        },
        {
            "file_path": "/data/shapenet_blender/all_50_random/02958343/5c997a7c241190937cbd61b2affd051d/r_22",
            "rotation": 0.12566370614359174,
            "transform_matrix": [
                [
                    0.8233608603477478,
                    -0.03934147581458092,
                    0.5661529302597046,
                    2.2822353839874268
                ],
                [
                    0.5675181746482849,
                    0.05707699432969093,
                    -0.8213801383972168,
                    -3.311089277267456
                ],
                [
                    3.725290298461914e-09,
                    0.9975942969322205,
                    0.06932196766138077,
                    0.2794457972049713
                ],
                [
                    0.0,
                    0.0,
                    0.0,
                    1.0
                ]
            ]
        },
        {
            "file_path": "/data/shapenet_blender/all_50_random/02958343/5c997a7c241190937cbd61b2affd051d/r_23",
            "rotation": 0.12566370614359174,
            "transform_matrix": [
                [
                    0.8746812343597412,
                    -0.2084067463874817,
                    0.4376065731048584,
                    1.7640485763549805
                ],
                [
                    0.4846988320350647,
                    0.37608814239501953,
                    -0.7896991968154907,
                    -3.1833791732788086
                ],
                [
                    0.0,
                    0.9028424024581909,
                    0.42997169494628906,
                    1.7332713603973389
                ],
                [
                    0.0,
                    0.0,
                    0.0,
                    1.0
                ]
            ]
        },
        {
            "file_path": "/data/shapenet_blender/all_50_random/02958343/5c997a7c241190937cbd61b2affd051d/r_24",
            "rotation": 0.12566370614359174,
            "transform_matrix": [
                [
                    -0.39103829860687256,
                    0.5682006478309631,
                    0.7240421175956726,
                    2.9187073707580566
                ],
                [
                    0.9203745126724243,
                    0.24141062796115875,
                    0.3076227903366089,
                    1.2400672435760498
                ],
                [
                    1.4901162970204496e-08,
                    0.7866822481155396,
                    -0.6173580884933472,
                    -2.488650321960449
                ],
                [
                    0.0,
                    0.0,
                    0.0,
                    1.0
                ]
            ]
        },
        {
            "file_path": "/data/shapenet_blender/all_50_random/02958343/5c997a7c241190937cbd61b2affd051d/r_25",
            "rotation": 0.12566370614359174,
            "transform_matrix": [
                [
                    -0.34601330757141113,
                    0.07543238997459412,
                    -0.935192346572876,
                    -3.769881010055542
                ],
                [
                    -0.9382295608520508,
                    -0.027819005772471428,
                    0.344893217086792,
                    1.3903089761734009
                ],
                [
                    -1.8626450382086546e-09,
                    0.996762752532959,
                    0.08039865642786026,
                    0.3240973651409149
                ],
                [
                    0.0,
                    0.0,
                    0.0,
                    1.0
                ]
            ]
        },
        {
            "file_path": "/data/shapenet_blender/all_50_random/02958343/5c997a7c241190937cbd61b2affd051d/r_26",
            "rotation": 0.12566370614359174,
            "transform_matrix": [
                [
                    -0.6652618050575256,
                    0.5398174524307251,
                    -0.5157749652862549,
                    -2.079155683517456
                ],
                [
                    -0.7466102242469788,
                    -0.48100054264068604,
                    0.45957764983177185,
                    1.8526169061660767
                ],
                [
                    0.0,
                    0.6908222436904907,
                    0.7230244874954224,
                    2.914605140686035
                ],
                [
                    0.0,
                    0.0,
                    0.0,
                    1.0
                ]
            ]
        },
        {
            "file_path": "/data/shapenet_blender/all_50_random/02958343/5c997a7c241190937cbd61b2affd051d/r_27",
            "rotation": 0.12566370614359174,
            "transform_matrix": [
                [
                    -0.7660722732543945,
                    -0.0822850912809372,
                    -0.6374656558036804,
                    -2.569706439971924
                ],
                [
                    -0.6427545547485352,
                    0.09807215631008148,
                    0.7597686052322388,
                    3.06272554397583
                ],
                [
                    0.0,
                    0.9917715787887573,
                    -0.12801945209503174,
                    -0.5160629749298096
                ],
                [
                    0.0,
                    0.0,
                    0.0,
                    1.0
                ]
            ]
        },
        {
            "file_path": "/data/shapenet_blender/all_50_random/02958343/5c997a7c241190937cbd61b2affd051d/r_28",
            "rotation": 0.12566370614359174,
            "transform_matrix": [
                [
                    0.9242690801620483,
                    -0.13273689150810242,
                    -0.3579212427139282,
                    -1.442826747894287
                ],
                [
                    -0.3817417323589325,
                    -0.32138121128082275,
                    -0.8665952086448669,
                    -3.4933571815490723
                ],
                [
                    -7.450581485102248e-09,
                    0.9376006126403809,
                    -0.3477138876914978,
                    -1.4016796350479126
                ],
                [
                    0.0,
                    0.0,
                    0.0,
                    1.0
                ]
            ]
        },
        {
            "file_path": "/data/shapenet_blender/all_50_random/02958343/5c997a7c241190937cbd61b2affd051d/r_29",
            "rotation": 0.12566370614359174,
            "transform_matrix": [
                [
                    0.8716550469398499,
                    0.24386468529701233,
                    0.4251439571380615,
                    1.7138100862503052
                ],
                [
                    0.49011972546577454,
                    -0.4337019622325897,
                    -0.7560986876487732,
                    -3.04793119430542
                ],
                [
                    0.0,
                    0.867428719997406,
                    -0.4975614845752716,
                    -2.005734443664551
                ],
                [
                    0.0,
                    0.0,
                    0.0,
                    1.0
                ]
            ]
        },
        {
            "file_path": "/data/shapenet_blender/all_50_random/02958343/5c997a7c241190937cbd61b2affd051d/r_30",
            "rotation": 0.12566370614359174,
            "transform_matrix": [
                [
                    -0.9282466173171997,
                    -0.30112698674201965,
                    -0.21835938096046448,
                    -0.8802348375320435
                ],
                [
                    -0.3719654679298401,
                    0.7514678835868835,
                    0.5449198484420776,
                    2.1966421604156494
                ],
                [
                    0.0,
                    0.5870421528816223,
                    -0.8095563650131226,
                    -3.2634260654449463
                ],
                [
                    0.0,
                    0.0,
                    0.0,
                    1.0
                ]
            ]
        },
        {
            "file_path": "/data/shapenet_blender/all_50_random/02958343/5c997a7c241190937cbd61b2affd051d/r_31",
            "rotation": 0.12566370614359174,
            "transform_matrix": [
                [
                    0.5054545998573303,
                    -0.41930267214775085,
                    -0.7541226148605347,
                    -3.0399653911590576
                ],
                [
                    -0.8628531694412231,
                    -0.24562518298625946,
                    -0.4417608678340912,
                    -1.7807949781417847
                ],
                [
                    0.0,
                    0.8739871978759766,
                    -0.48594900965690613,
                    -1.958923101425171
                ],
                [
                    0.0,
                    0.0,
                    0.0,
                    1.0
                ]
            ]
        },
        {
            "file_path": "/data/shapenet_blender/all_50_random/02958343/5c997a7c241190937cbd61b2affd051d/r_32",
            "rotation": 0.12566370614359174,
            "transform_matrix": [
                [
                    -0.6760943531990051,
                    0.2636784613132477,
                    -0.6880189180374146,
                    -2.7734932899475098
                ],
                [
                    -0.7368150949478149,
                    -0.24194879829883575,
                    0.6313194632530212,
                    2.5449304580688477
                ],
                [
                    -1.4901161193847656e-08,
                    0.9337743520736694,
                    0.3578624129295349,
                    1.4425896406173706
                ],
                [
                    0.0,
                    0.0,
                    0.0,
                    1.0
                ]
            ]
        },
        {
            "file_path": "/data/shapenet_blender/all_50_random/02958343/5c997a7c241190937cbd61b2affd051d/r_33",
            "rotation": 0.12566370614359174,
            "transform_matrix": [
                [
                    0.9843933582305908,
                    0.132303848862648,
                    -0.11604093015193939,
                    -0.46777594089508057
                ],
                [
                    -0.17598241567611694,
                    0.7400684952735901,
                    -0.6490985155105591,
                    -2.6165997982025146
                ],
                [
                    7.450580596923828e-09,
                    0.6593893766403198,
                    0.751801609992981,
                    3.030609130859375
                ],
                [
                    0.0,
                    0.0,
                    0.0,
                    1.0
                ]
            ]
        },
        {
            "file_path": "/data/shapenet_blender/all_50_random/02958343/5c997a7c241190937cbd61b2affd051d/r_34",
            "rotation": 0.12566370614359174,
            "transform_matrix": [
                [
                    -0.1448981612920761,
                    -0.43071553111076355,
                    0.8907797932624817,
                    3.590848207473755
                ],
                [
                    0.9894465804100037,
                    -0.06307554244995117,
                    0.13044902682304382,
                    0.5258568525314331
                ],
                [
                    0.0,
                    0.9002808332443237,
                    0.4353095293045044,
                    1.754788875579834
                ],
                [
                    0.0,
                    0.0,
                    0.0,
                    1.0
                ]
            ]
        },
        {
            "file_path": "/data/shapenet_blender/all_50_random/02958343/5c997a7c241190937cbd61b2affd051d/r_35",
            "rotation": 0.12566370614359174,
            "transform_matrix": [
                [
                    -0.9015872478485107,
                    -0.2766445577144623,
                    -0.3325781524181366,
                    -1.340665578842163
                ],
                [
                    -0.4325973391532898,
                    0.5765619874000549,
                    0.6931346654891968,
                    2.7941155433654785
                ],
                [
                    -1.4901161193847656e-08,
                    0.7687938213348389,
                    -0.6394965648651123,
                    -2.5778932571411133
                ],
                [
                    0.0,
                    0.0,
                    0.0,
                    1.0
                ]
            ]
        },
        {
            "file_path": "/data/shapenet_blender/all_50_random/02958343/5c997a7c241190937cbd61b2affd051d/r_36",
            "rotation": 0.12566370614359174,
            "transform_matrix": [
                [
                    -0.45369699597358704,
                    -0.02424471825361252,
                    0.8908260464668274,
                    3.5910348892211914
                ],
                [
                    0.8911559581756592,
                    -0.012343243695795536,
                    0.45352903008461,
                    1.828234076499939
                ],
                [
                    -9.313225746154785e-10,
                    0.9996297955513,
                    0.02720591612160206,
                    0.10967056453227997
                ],
                [
                    0.0,
                    0.0,
                    0.0,
                    1.0
                ]
            ]
        },
        {
            "file_path": "/data/shapenet_blender/all_50_random/02958343/5c997a7c241190937cbd61b2affd051d/r_37",
            "rotation": 0.12566370614359174,
            "transform_matrix": [
                [
                    0.995185375213623,
                    -0.02461097575724125,
                    -0.09487131983041763,
                    -0.3824385404586792
                ],
                [
                    -0.09801159054040909,
                    -0.24989373981952667,
                    -0.9632998704910278,
                    -3.8831863403320312
                ],
                [
                    0.0,
                    0.9679604172706604,
                    -0.2511026859283447,
                    -1.0122274160385132
                ],
                [
                    0.0,
                    0.0,
                    0.0,
                    1.0
                ]
            ]
        },
        {
            "file_path": "/data/shapenet_blender/all_50_random/02958343/5c997a7c241190937cbd61b2affd051d/r_38",
            "rotation": 0.12566370614359174,
            "transform_matrix": [
                [
                    -0.7692738771438599,
                    0.23316138982772827,
                    0.5948559045791626,
                    2.3979408740997314
                ],
                [
                    0.6389192342758179,
                    0.28073182702064514,
                    0.7162205576896667,
                    2.8871774673461914
                ],
                [
                    -1.4901161193847656e-08,
                    0.9310345649719238,
                    -0.3649309277534485,
                    -1.471083641052246
                ],
                [
                    0.0,
                    0.0,
                    0.0,
                    1.0
                ]
            ]
        },
        {
            "file_path": "/data/shapenet_blender/all_50_random/02958343/5c997a7c241190937cbd61b2affd051d/r_39",
            "rotation": 0.12566370614359174,
            "transform_matrix": [
                [
                    0.4018821716308594,
                    -0.21361996233463287,
                    0.8904253244400024,
                    3.589419364929199
                ],
                [
                    0.9156914949417114,
                    0.093754343688488,
                    -0.3907932639122009,
                    -1.5753380060195923
                ],
                [
                    0.0,
                    0.9724075794219971,
                    0.23328816890716553,
                    0.9404146671295166
                ],
                [
                    0.0,
                    0.0,
                    0.0,
                    1.0
                ]
            ]
        },
        {
            "file_path": "/data/shapenet_blender/all_50_random/02958343/5c997a7c241190937cbd61b2affd051d/r_40",
            "rotation": 0.12566370614359174,
            "transform_matrix": [
                [
                    -0.5924490094184875,
                    0.22981977462768555,
                    0.7721314430236816,
                    3.1125617027282715
                ],
                [
                    0.8056080341339111,
                    0.16901084780693054,
                    0.5678301453590393,
                    2.288996696472168
                ],
                [
                    0.0,
                    0.9584457278251648,
                    -0.2852749228477478,
                    -1.149980068206787
                ],
                [
                    0.0,
                    0.0,
                    0.0,
                    1.0
                ]
            ]
        },
        {
            "file_path": "/data/shapenet_blender/all_50_random/02958343/5c997a7c241190937cbd61b2affd051d/r_41",
            "rotation": 0.12566370614359174,
            "transform_matrix": [
                [
                    0.37933674454689026,
                    0.9105625152587891,
                    -0.16425369679927826,
                    -0.6621278524398804
                ],
                [
                    -0.9252587556838989,
                    0.3733115792274475,
                    -0.06734058260917664,
                    -0.27145856618881226
