{
    "class": "02958343",
    "model": "557315ec87e7ab9d3189f4fd2261a1d0",
    "remove_doubles": true,
    "edge_split": true,
    "denoise": true,
    "camera_angle_x": 0.6911112070083618,
    "scale_factor": 2.2378772759473775,
    "hdri_file": "/data/IndoorHDRDataset2018/9C4A8588-ac1533e3b1.exr",
    "center_offset": [
        0.0,
        0.0,
        3.725290298461914e-09
    ],
    "lights": [],
    "frames": [
        {
            "file_path": "/data/shapenet_blender/all_50_random/02958343/557315ec87e7ab9d3189f4fd2261a1d0/r_0",
            "rotation": 0.12566370614359174,
            "transform_matrix": [
                [
                    0.8424180150032043,
                    -0.02173052541911602,
                    -0.5383861660957336,
                    -2.1703040599823
                ],
                [
                    -0.5388244986534119,
                    -0.0339742973446846,
                    -0.8417326807975769,
                    -3.3931329250335693
                ],
                [
                    0.0,
                    0.9991864562034607,
                    -0.040329501032829285,
                    -0.1625734120607376
                ],
                [
                    0.0,
                    0.0,
                    0.0,
                    1.0
                ]
            ]
        },
        {
            "file_path": "/data/shapenet_blender/all_50_random/02958343/557315ec87e7ab9d3189f4fd2261a1d0/r_1",
            "rotation": 0.12566370614359174,
            "transform_matrix": [
                [
                    0.8349646925926208,
                    -0.004254805389791727,
                    -0.5502870082855225,
                    -2.218277931213379
                ],
                [
                    -0.5503033995628357,
                    -0.0064557334408164024,
                    -0.8349397778511047,
                    -3.3657498359680176
                ],
                [
                    0.0,
                    0.9999701380729675,
                    -0.00773174362257123,
                    -0.031167656183242798
                ],
                [
                    0.0,
                    0.0,
                    0.0,
                    1.0
                ]
            ]
        },
        {
            "file_path": "/data/shapenet_blender/all_50_random/02958343/557315ec87e7ab9d3189f4fd2261a1d0/r_2",
            "rotation": 0.12566370614359174,
            "transform_matrix": [
                [
                    -0.9323286414146423,
                    0.3181178867816925,
                    0.17194274067878723,
                    0.6931233406066895
                ],
                [
                    0.36161208152770996,
                    0.8201894164085388,
                    0.4433124363422394,
                    1.7870495319366455
                ],
                [
                    0.0,
                    0.4754894971847534,
                    -0.8797214031219482,
                    -3.5462703704833984
                ],
                [
                    0.0,
                    0.0,
                    0.0,
                    1.0
                ]
            ]
        },
        {
            "file_path": "/data/shapenet_blender/all_50_random/02958343/557315ec87e7ab9d3189f4fd2261a1d0/r_3",
            "rotation": 0.12566370614359174,
            "transform_matrix": [
                [
                    0.533419132232666,
                    -0.4068199694156647,
                    -0.7415937781333923,
                    -2.9894604682922363
                ],
                [
                    -0.845850944519043,
                    -0.25655296444892883,
                    -0.4676714539527893,
                    -1.8852440118789673
                ],
                [
                    0.0,
                    0.8767428994178772,
                    -0.48095932602882385,
                    -1.9388091564178467
                ],
                [
                    0.0,
                    0.0,
                    0.0,
                    1.0
                ]
            ]
        },
        {
            "file_path": "/data/shapenet_blender/all_50_random/02958343/557315ec87e7ab9d3189f4fd2261a1d0/r_4",
            "rotation": 0.12566370614359174,
            "transform_matrix": [
                [
                    -0.8647648692131042,
                    0.30704769492149353,
                    0.39737066626548767,
                    1.601852297782898
                ],
                [
                    0.5021770000457764,
                    0.5287459492683411,
                    0.6842849850654602,
                    2.7584409713745117
                ],
                [
                    0.0,
                    0.7912960052490234,
                    -0.611433207988739,
                    -2.464766025543213
                ],
                [
                    0.0,
                    0.0,
                    0.0,
                    1.0
                ]
            ]
        },
        {
            "file_path": "/data/shapenet_blender/all_50_random/02958343/557315ec87e7ab9d3189f4fd2261a1d0/r_5",
            "rotation": 0.12566370614359174,
            "transform_matrix": [
                [
                    0.034217167645692825,
                    0.1776590496301651,
                    0.9834970235824585,
                    3.9646034240722656
                ],
                [
                    0.9994145035743713,
                    -0.006082551088184118,
                    -0.03367219865322113,
                    -0.13573697209358215
                ],
                [
                    0.0,
                    0.9840732216835022,
                    -0.17776314914226532,
                    -0.716586172580719
                ],
                [
                    0.0,
                    0.0,
                    0.0,
                    1.0
                ]
            ]
        },
        {
            "file_path": "/data/shapenet_blender/all_50_random/02958343/557315ec87e7ab9d3189f4fd2261a1d0/r_6",
            "rotation": 0.12566370614359174,
            "transform_matrix": [
                [
                    -0.9504899978637695,
                    0.0009991262340918183,
                    0.3107534348964691,
                    1.2526873350143433
                ],
                [
                    0.31075507402420044,
                    0.0030559743754565716,
                    0.9504850506782532,
                    3.8315279483795166
                ],
                [
                    0.0,
                    0.9999949336051941,
                    -0.003215156029909849,
                    -0.012960709631443024
                ],
                [
                    0.0,
                    0.0,
                    0.0,
                    1.0
                ]
            ]
        },
        {
            "file_path": "/data/shapenet_blender/all_50_random/02958343/557315ec87e7ab9d3189f4fd2261a1d0/r_7",
            "rotation": 0.12566370614359174,
            "transform_matrix": [
                [
                    -0.8695740103721619,
                    -0.18978288769721985,
                    -0.4558767080307007,
                    -1.8376977443695068
                ],
                [
                    -0.4938027560710907,
                    0.3342027962207794,
                    0.8027872443199158,
                    3.2361388206481934
                ],
                [
                    -1.4901161193847656e-08,
                    0.923196017742157,
                    -0.3843293786048889,
                    -1.5492812395095825
                ],
                [
                    0.0,
                    0.0,
                    0.0,
                    1.0
                ]
            ]
        },
        {
            "file_path": "/data/shapenet_blender/all_50_random/02958343/557315ec87e7ab9d3189f4fd2261a1d0/r_8",
            "rotation": 0.12566370614359174,
            "transform_matrix": [
                [
                    -0.06212298572063446,
                    -0.5141133666038513,
                    0.8554695844650269,
                    3.4485080242156982
                ],
                [
                    0.9980685710906982,
                    -0.03200006112456322,
                    0.05324716493487358,
                    0.21464617550373077
                ],
                [
                    0.0,
                    0.8571251630783081,
                    0.5151082277297974,
                    2.076467752456665
                ],
                [
                    0.0,
                    0.0,
                    0.0,
                    1.0
                ]
            ]
        },
        {
            "file_path": "/data/shapenet_blender/all_50_random/02958343/557315ec87e7ab9d3189f4fd2261a1d0/r_9",
            "rotation": 0.12566370614359174,
            "transform_matrix": [
                [
                    0.8893022537231445,
                    0.0611567460000515,
                    -0.4532121419906616,
                    -1.8269563913345337
                ],
                [
                    -0.4573197066783905,
                    0.11892519146203995,
                    -0.8813146948814392,
                    -3.5526926517486572
                ],
                [
                    3.7252898543727042e-09,
                    0.9910178780555725,
                    0.13372865319252014,
                    0.5390774011611938
                ],
                [
                    0.0,
                    0.0,
                    0.0,
                    1.0
                ]
            ]
        },
        {
            "file_path": "/data/shapenet_blender/all_50_random/02958343/557315ec87e7ab9d3189f4fd2261a1d0/r_10",
            "rotation": 0.12566370614359174,
            "transform_matrix": [
                [
                    0.6954859495162964,
                    0.19437192380428314,
                    -0.6917505264282227,
                    -2.7885355949401855
                ],
                [
                    -0.7185395956039429,
                    0.18813566863536835,
                    -0.6695563197135925,
                    -2.6990678310394287
                ],
                [
                    0.0,
                    0.9627171754837036,
                    0.27050966024398804,
                    1.0904593467712402
                ],
                [
                    0.0,
                    0.0,
                    0.0,
                    1.0
                ]
            ]
        },
        {
            "file_path": "/data/shapenet_blender/all_50_random/02958343/557315ec87e7ab9d3189f4fd2261a1d0/r_11",
            "rotation": 0.12566370614359174,
            "transform_matrix": [
                [
                    0.9754819869995117,
                    -0.16391266882419586,
                    -0.14685885608196259,
                    -0.592007040977478
                ],
                [
                    -0.22007930278778076,
                    -0.7265284061431885,
                    -0.650938868522644,
                    -2.624018669128418
                ],
                [
                    0.0,
                    0.6672996878623962,
                    -0.7447891235351562,
                    -3.0023412704467773
                ],
                [
                    0.0,
                    0.0,
                    0.0,
                    1.0
                ]
            ]
        },
        {
            "file_path": "/data/shapenet_blender/all_50_random/02958343/557315ec87e7ab9d3189f4fd2261a1d0/r_12",
            "rotation": 0.12566370614359174,
            "transform_matrix": [
                [
                    0.8487987518310547,
                    0.01611212082207203,
                    -0.5284704566001892,
                    -2.1303324699401855
                ],
                [
                    -0.5287160277366638,
                    0.02586633898317814,
                    -0.848404586315155,
                    -3.4200282096862793
                ],
                [
                    -9.313224635931761e-10,
                    0.9995356202125549,
                    0.03047405183315277,
                    0.12284483015537262
                ],
                [
                    0.0,
                    0.0,
                    0.0,
                    1.0
                ]
            ]
        },
        {
            "file_path": "/data/shapenet_blender/all_50_random/02958343/557315ec87e7ab9d3189f4fd2261a1d0/r_13",
            "rotation": 0.12566370614359174,
            "transform_matrix": [
                [
                    0.04791494458913803,
                    0.2015617936849594,
                    -0.9783031344413757,
                    -3.9436659812927246
                ],
                [
                    -0.9988514184951782,
                    0.00966892670840025,
                    -0.046929240226745605,
                    -0.18917781114578247
                ],
                [
                    0.0,
                    0.9794280529022217,
                    0.20179356634616852,
                    0.8134558796882629
                ],
                [
                    0.0,
                    0.0,
                    0.0,
                    1.0
                ]
            ]
        },
        {
            "file_path": "/data/shapenet_blender/all_50_random/02958343/557315ec87e7ab9d3189f4fd2261a1d0/r_14",
            "rotation": 0.12566370614359174,
            "transform_matrix": [
                [
                    -0.5137127637863159,
                    -0.5571559071540833,
                    0.652438759803772,
                    2.6300647258758545
                ],
                [
                    0.8579621911048889,
                    -0.33360224962234497,
                    0.39065372943878174,
                    1.5747755765914917
                ],
                [
                    0.0,
                    0.76045161485672,
                    0.6493945121765137,
                    2.617793083190918
                ],
                [
                    0.0,
                    0.0,
                    0.0,
                    1.0
                ]
            ]
        },
        {
            "file_path": "/data/shapenet_blender/all_50_random/02958343/557315ec87e7ab9d3189f4fd2261a1d0/r_15",
            "rotation": 0.12566370614359174,
            "transform_matrix": [
                [
                    0.9902735948562622,
                    0.03722603619098663,
                    -0.13406184315681458,
                    -0.540420651435852
                ],
                [
                    -0.13913433253765106,
                    0.26495227217674255,
                    -0.9541706442832947,
                    -3.8463854789733887
                ],
                [
                    0.0,
                    0.963542640209198,
                    0.2675546109676361,
                    1.0785472393035889
                ],
                [
                    0.0,
                    0.0,
                    0.0,
                    1.0
                ]
            ]
        },
        {
            "file_path": "/data/shapenet_blender/all_50_random/02958343/557315ec87e7ab9d3189f4fd2261a1d0/r_16",
            "rotation": 0.12566370614359174,
            "transform_matrix": [
                [
                    0.4868696630001068,
                    -0.3856870234012604,
                    0.7837112545967102,
                    3.159241199493408
                ],
                [
                    0.8734745383262634,
                    0.21497972309589386,
                    -0.4368361234664917,
                    -1.7609426975250244
                ],
                [
                    -1.4901160305669237e-08,
                    0.8972342014312744,
                    0.4415549635887146,
                    1.7799650430679321
                ],
                [
                    0.0,
                    0.0,
                    0.0,
                    1.0
                ]
            ]
        },
        {
            "file_path": "/data/shapenet_blender/all_50_random/02958343/557315ec87e7ab9d3189f4fd2261a1d0/r_17",
            "rotation": 0.12566370614359174,
            "transform_matrix": [
                [
                    -0.5635529160499573,
                    -0.4804617166519165,
                    -0.6719855666160583,
                    -2.708860397338867
                ],
                [
                    -0.8260799050331116,
                    0.32777169346809387,
                    0.4584295451641083,
                    1.8479886054992676
                ],
                [
                    0.0,
                    0.8134629726409912,
                    -0.5816165208816528,
                    -2.344571113586426
                ],
                [
                    0.0,
                    0.0,
                    0.0,
                    1.0
                ]
            ]
        },
        {
            "file_path": "/data/shapenet_blender/all_50_random/02958343/557315ec87e7ab9d3189f4fd2261a1d0/r_18",
            "rotation": 0.12566370614359174,
            "transform_matrix": [
                [
                    0.8060793876647949,
                    -0.1565736085176468,
                    -0.5707194805145264,
                    -2.3006439208984375
                ],
                [
                    -0.5918074250221252,
                    -0.21326322853565216,
                    -0.7773562669754028,
                    -3.1336233615875244
                ],
                [
                    -7.450580596923828e-09,
                    0.9643669128417969,
                    -0.2645684778690338,
                    -1.0665096044540405
                ],
                [
                    0.0,
                    0.0,
                    0.0,
                    1.0
                ]
            ]
        },
        {
            "file_path": "/data/shapenet_blender/all_50_random/02958343/557315ec87e7ab9d3189f4fd2261a1d0/r_19",
            "rotation": 0.12566370614359174,
            "transform_matrix": [
                [
                    0.2076210230588913,
                    -0.11563794314861298,
                    -0.9713501930236816,
                    -3.9156382083892822
                ],
                [
                    -0.9782093167304993,
                    -0.02454369142651558,
                    -0.20616519451141357,
                    -0.8310785293579102
                ],
                [
                    0.0,
                    0.992988109588623,
                    -0.11821388453245163,
                    -0.476535439491272
                ],
                [
                    0.0,
                    0.0,
                    0.0,
                    1.0
                ]
            ]
        },
        {
            "file_path": "/data/shapenet_blender/all_50_random/02958343/557315ec87e7ab9d3189f4fd2261a1d0/r_20",
            "rotation": 0.12566370614359174,
            "transform_matrix": [
                [
                    0.07498734444379807,
                    -0.39986568689346313,
                    -0.9135012030601501,
                    -3.682440757751465
                ],
                [
                    -0.9971845149993896,
                    -0.03006952442228794,
                    -0.06869443506002426,
                    -0.2769160866737366
                ],
                [
                    0.0,
                    0.9160803556442261,
                    -0.4009947180747986,
                    -1.6164612770080566
                ],
                [
                    0.0,
                    0.0,
                    0.0,
                    1.0
                ]
            ]
        },
        {
            "file_path": "/data/shapenet_blender/all_50_random/02958343/557315ec87e7ab9d3189f4fd2261a1d0/r_21",
            "rotation": 0.12566370614359174,
            "transform_matrix": [
                [
                    -0.8069905042648315,
                    -0.05767848715186119,
                    0.5877410769462585,
                    2.369260311126709
                ],
                [
                    0.5905645489692688,
                    -0.07881610095500946,
                    0.8031323552131653,
                    3.23753023147583
                ],
                [
                    0.0,
                    0.9952191710472107,
                    0.09766671061515808,
                    0.39370712637901306
                ],
                [
                    0.0,
                    0.0,
                    0.0,
                    1.0
                ]
            ]
        },
        {
            "file_path": "/data/shapenet_blender/all_50_random/02958343/557315ec87e7ab9d3189f4fd2261a1d0/r_22",
            "rotation": 0.12566370614359174,
            "transform_matrix": [
                [
                    0.7811727523803711,
                    -0.09235863387584686,
                    -0.6174454689025879,
                    -2.4890024662017822
                ],
                [
                    -0.6243149042129517,
                    -0.11556355655193329,
                    -0.7725774049758911,
                    -3.1143593788146973
                ],
                [
                    0.0,
                    0.9889968633651733,
                    -0.14793598651885986,
                    -0.5963491201400757
                ],
                [
                    0.0,
                    0.0,
                    0.0,
                    1.0
                ]
            ]
        },
        {
            "file_path": "/data/shapenet_blender/all_50_random/02958343/557315ec87e7ab9d3189f4fd2261a1d0/r_23",
            "rotation": 0.12566370614359174,
            "transform_matrix": [
                [
                    -0.8829194903373718,
                    0.22495326399803162,
                    -0.41212767362594604,
                    -1.6613399982452393
                ],
                [
                    -0.4695245027542114,
                    -0.42301440238952637,
                    0.7749873399734497,
                    3.1240744590759277
                ],
                [
                    -1.4901161193847656e-08,
                    0.8777556419372559,
                    0.479108601808548,
                    1.9313488006591797
                ],
                [
                    0.0,
                    0.0,
                    0.0,
                    1.0
                ]
            ]
        },
        {
            "file_path": "/data/shapenet_blender/all_50_random/02958343/557315ec87e7ab9d3189f4fd2261a1d0/r_24",
            "rotation": 0.12566370614359174,
            "transform_matrix": [
                [
                    0.7933701276779175,
                    0.548815131187439,
                    0.26337411999702454,
                    1.0616950988769531
                ],
                [
                    0.6087397336959839,
                    -0.7152704000473022,
                    -0.34325531125068665,
                    -1.3837065696716309
                ],
                [
                    0.0,
                    0.43265479803085327,
                    -0.901559591293335,
                    -3.634303092956543
                ],
                [
                    0.0,
                    0.0,
                    0.0,
                    1.0
                ]
            ]
        },
        {
            "file_path": "/data/shapenet_blender/all_50_random/02958343/557315ec87e7ab9d3189f4fd2261a1d0/r_25",
            "rotation": 0.12566370614359174,
            "transform_matrix": [
                [
                    -0.9990946054458618,
                    0.03684615343809128,
                    0.021272120997309685,
                    0.08575066924095154
                ],
                [
                    0.04254577308893204,
                    0.8652514815330505,
                    0.4995293617248535,
                    2.013667345046997
                ],
                [
                    1.862645371275562e-09,
                    0.499982088804245,
                    -0.8660356402397156,
                    -3.4911015033721924
                ],
                [
                    0.0,
                    0.0,
                    0.0,
                    1.0
                ]
            ]
        },
        {
            "file_path": "/data/shapenet_blender/all_50_random/02958343/557315ec87e7ab9d3189f4fd2261a1d0/r_26",
            "rotation": 0.12566370614359174,
            "transform_matrix": [
                [
                    0.9035757184028625,
                    -0.10298111289739609,
                    -0.41586747765541077,
                    -1.676415205001831
                ],
                [
                    -0.4284283220767975,
                    -0.21719206869602203,
                    -0.8770843148231506,
                    -3.535639524459839
                ],
                [
                    0.0,
                    0.9706814289093018,
                    -0.2403695434331894,
                    -0.9689605236053467
                ],
                [
                    0.0,
                    0.0,
                    0.0,
                    1.0
                ]
            ]
        },
        {
            "file_path": "/data/shapenet_blender/all_50_random/02958343/557315ec87e7ab9d3189f4fd2261a1d0/r_27",
            "rotation": 0.12566370614359174,
            "transform_matrix": [
                [
                    -0.013955067843198776,
                    0.10302066802978516,
                    0.9945812821388245,
                    4.0092854499816895
                ],
                [
                    0.9999027252197266,
                    0.0014378001214936376,
                    0.013880799524486065,
                    0.05595529079437256
                ],
                [
                    1.1641533570472262e-10,
                    0.9946781396865845,
                    -0.10303070396184921,
                    -0.41533005237579346
                ],
                [
                    0.0,
                    0.0,
                    0.0,
                    1.0
                ]
            ]
        },
        {
            "file_path": "/data/shapenet_blender/all_50_random/02958343/557315ec87e7ab9d3189f4fd2261a1d0/r_28",
            "rotation": 0.12566370614359174,
            "transform_matrix": [
                [
                    -0.6380636692047119,
                    0.7385746836662292,
                    0.21767422556877136,
                    0.8774728775024414
                ],
                [
                    0.7699834704399109,
                    0.6120360493659973,
                    0.18038049340248108,
                    0.72713702917099
                ],
                [
                    0.0,
                    0.28269991278648376,
                    -0.9592084288597107,
                    -3.8666927814483643
                ],
                [
                    0.0,
                    0.0,
                    0.0,
                    1.0
                ]
            ]
        },
        {
            "file_path": "/data/shapenet_blender/all_50_random/02958343/557315ec87e7ab9d3189f4fd2261a1d0/r_29",
            "rotation": 0.12566370614359174,
            "transform_matrix": [
                [
                    -0.8056278824806213,
                    -0.36343520879745483,
                    0.46784454584121704,
                    1.8859418630599976
                ],
                [
                    0.5924218893051147,
                    -0.4942314922809601,
                    0.6362165212631226,
                    2.564671039581299
                ],
                [
                    1.4901161193847656e-08,
                    0.7897151708602905,
                    0.6134735345840454,
                    2.4729912281036377
                ],
                [
                    0.0,
                    0.0,
                    0.0,
                    1.0
                ]
            ]
        },
        {
            "file_path": "/data/shapenet_blender/all_50_random/02958343/557315ec87e7ab9d3189f4fd2261a1d0/r_30",
            "rotation": 0.12566370614359174,
            "transform_matrix": [
                [
                    -0.8478637933731079,
                    0.26706522703170776,
                    -0.45804280042648315,
                    -1.8464295864105225
                ],
                [
                    -0.5302141308784485,
                    -0.4270631670951843,
                    0.732454776763916,
                    2.9526195526123047
                ],
                [
                    0.0,
                    0.8638826012611389,
                    0.503693163394928,
                    2.030452013015747
                ],
                [
                    0.0,
                    0.0,
                    0.0,
                    1.0
                ]
            ]
        },
        {
            "file_path": "/data/shapenet_blender/all_50_random/02958343/557315ec87e7ab9d3189f4fd2261a1d0/r_31",
            "rotation": 0.12566370614359174,
            "transform_matrix": [
                [
                    0.9590718150138855,
                    0.09548818320035934,
                    0.266576886177063,
                    1.0746058225631714
                ],
                [
                    0.2831628918647766,
                    -0.32341817021369934,
                    -0.9028950333595276,
                    -3.639686346054077
                ],
                [
                    0.0,
                    0.9414259195327759,
                    -0.3372199237346649,
                    -1.3593770265579224
                ],
                [
                    0.0,
                    0.0,
                    0.0,
                    1.0
                ]
            ]
        },
        {
            "file_path": "/data/shapenet_blender/all_50_random/02958343/557315ec87e7ab9d3189f4fd2261a1d0/r_32",
            "rotation": 0.12566370614359174,
            "transform_matrix": [
                [
                    -0.2813918888568878,
                    -0.03948456048965454,
                    -0.9587802886962891,
                    -3.864966869354248
                ],
                [
                    -0.9595929980278015,
                    0.011578488163650036,
                    0.2811535894870758,
                    1.133366346359253
                ],
                [
                    0.0,
                    0.9991531372070312,
                    -0.041147202253341675,
                    -0.16586968302726746
                ],
                [
                    0.0,
                    0.0,
                    0.0,
                    1.0
                ]
            ]
        },
        {
            "file_path": "/data/shapenet_blender/all_50_random/02958343/557315ec87e7ab9d3189f4fd2261a1d0/r_33",
            "rotation": 0.12566370614359174,
            "transform_matrix": [
                [
                    -0.9559931755065918,
                    -0.223383367061615,
                    0.19020222127437592,
                    0.7667296528816223
                ],
                [
                    0.29338887333869934,
                    -0.7278836965560913,
                    0.6197645664215088,
                    2.4983508586883545
                ],
                [
                    0.0,
                    0.6482939124107361,
                    0.761390209197998,
                    3.0692620277404785
                ],
                [
                    0.0,
                    0.0,
                    0.0,
                    1.0
                ]
            ]
        },
        {
            "file_path": "/data/shapenet_blender/all_50_random/02958343/557315ec87e7ab9d3189f4fd2261a1d0/r_34",
            "rotation": 0.12566370614359174,
            "transform_matrix": [
                [
                    -0.9109897017478943,
                    -0.23021239042282104,
                    0.34219902753829956,
                    1.379448413848877
                ],
                [
                    0.4124293327331543,
                    -0.5085019469261169,
                    0.755862295627594,
                    3.04697847366333
                ],
                [
                    1.4901162970204496e-08,
                    0.8297156095504761,
                    0.5581862926483154,
                    2.2501208782196045
                ],
                [
                    0.0,
                    0.0,
                    0.0,
                    1.0
                ]
            ]
        },
        {
            "file_path": "/data/shapenet_blender/all_50_random/02958343/557315ec87e7ab9d3189f4fd2261a1d0/r_35",
            "rotation": 0.12566370614359174,
            "transform_matrix": [
                [
                    0.7246755361557007,
                    -0.3002983629703522,
                    -0.6202147603034973,
                    -2.5001654624938965
                ],
                [
                    -0.6890902519226074,
                    -0.3158060610294342,
                    -0.6522432565689087,
                    -2.6292765140533447
                ],
                [
                    0.0,
                    0.9000486135482788,
                    -0.4357896149158478,
                    -1.7567238807678223
                ],
                [
                    0.0,
                    0.0,
                    0.0,
                    1.0
                ]
            ]
        },
        {
            "file_path": "/data/shapenet_blender/all_50_random/02958343/557315ec87e7ab9d3189f4fd2261a1d0/r_36",
            "rotation": 0.12566370614359174,
            "transform_matrix": [
                [
                    0.6792000532150269,
                    0.3256051242351532,
                    -0.6577755212783813,
                    -2.651577949523926
                ],
                [
                    -0.7339532375335693,
                    0.3013148605823517,
                    -0.6087052226066589,
                    -2.4537692070007324
                ],
                [
                    0.0,
                    0.8962090611457825,
                    0.44363197684288025,
                    1.7883377075195312
                ],
                [
                    0.0,
                    0.0,
                    0.0,
                    1.0
                ]
            ]
        },
        {
            "file_path": "/data/shapenet_blender/all_50_random/02958343/557315ec87e7ab9d3189f4fd2261a1d0/r_37",
            "rotation": 0.12566370614359174,
            "transform_matrix": [
                [
                    0.98566073179245,
                    0.028397483751177788,
                    0.16633248329162598,
                    0.6705076694488525
                ],
                [
                    0.1687391847372055,
                    -0.16587898135185242,
                    -0.9716023802757263,
                    -3.916654586791992
                ],
                [
                    0.0,
                    0.9857372045516968,
                    -0.16829216480255127,
                    -0.6784074306488037
                ],
                [
                    0.0,
                    0.0,
                    0.0,
                    1.0
                ]
            ]
        },
        {
            "file_path": "/data/shapenet_blender/all_50_random/02958343/557315ec87e7ab9d3189f4fd2261a1d0/r_38",
            "rotation": 0.12566370614359174,
            "transform_matrix": [
                [
                    0.7623317837715149,
                    0.17751990258693695,
                    -0.6223640441894531,
                    -2.5088295936584473
                ],
                [
                    -0.6471864581108093,
                    0.20910364389419556,
                    -0.7330929636955261,
                    -2.9551923274993896
                ],
                [
                    0.0,
                    0.9616456627845764,
                    0.27429479360580444,
                    1.105717658996582
                ],
                [
                    0.0,
                    0.0,
                    0.0,
                    1.0
                ]
            ]
        },
        {
            "file_path": "/data/shapenet_blender/all_50_random/02958343/557315ec87e7ab9d3189f4fd2261a1d0/r_39",
            "rotation": 0.12566370614359174,
            "transform_matrix": [
                [
                    0.9999325275421143,
                    -0.008231578394770622,
                    -0.008193949237465858,
                    -0.03303086757659912
                ],
                [
                    -0.011614631861448288,
                    -0.7086770534515381,
                    -0.705437421798706,
                    -2.8437092304229736
                ],
                [
                    0.0,
                    0.7054849863052368,
                    -0.7087247967720032,
                    -2.8569610118865967
                ],
                [
                    0.0,
                    0.0,
                    0.0,
                    1.0
                ]
            ]
        },
        {
            "file_path": "/data/shapenet_blender/all_50_random/02958343/557315ec87e7ab9d3189f4fd2261a1d0/r_40",
            "rotation": 0.12566370614359174,
            "transform_matrix": [
                [
                    0.5735334753990173,
                    -0.668154776096344,
                    -0.4739498198032379,
                    -1.910552978515625
                ],
                [
                    -0.8191820979118347,
                    -0.46779486536979675,
                    -0.33182623982429504,
                    -1.3376344442367554
                ],
                [
                    0.0,
                    0.5785646438598633,
                    -0.815636396408081,
                    -3.287935733795166
                ],
                [
                    0.0,
                    0.0,
                    0.0,
                    1.0
                ]
            ]
        },
        {
            "file_path": "/data/shapenet_blender/all_50_random/02958343/557315ec87e7ab9d3189f4fd2261a1d0/r_41",
            "rotation": 0.12566370614359174,
            "transform_matrix": [
                [
                    -0.021332480013370514,
                    0.6768171787261963,
                    -0.7358419299125671,
                    -2.966273784637451
                ],
                [
                    -0.9997723698616028,
                    -0.0144414771348238,
                    0.01570090837776661,
                    0.06329238414764404
                ],
                [
                    0.0,
                    0.736009418964386,
                    0.6769712567329407,
                    2.7289583683013916
                ],
