{
    "class": "02958343",
    "model": "7dbf6379da9fc6c3a4ee0fb6a51564c3",
    "remove_doubles": true,
    "edge_split": true,
    "denoise": true,
    "camera_angle_x": 0.6911112070083618,
    "scale_factor": 2.2995298887750204,
    "hdri_file": "/data/IndoorHDRDataset2018/AG8A1760-86d6021a71.exr",
    "center_offset": [
        0.0,
        0.0,
        -1.862645149230957e-09
    ],
    "lights": [],
    "frames": [
        {
            "file_path": "/data/shapenet_blender/all_50_random/02958343/7dbf6379da9fc6c3a4ee0fb6a51564c3/r_0",
            "rotation": 0.12566370614359174,
            "transform_matrix": [
                [
                    -0.9748856425285339,
                    -0.16570532321929932,
                    0.14879414439201355,
                    0.599808394908905
                ],
                [
                    0.22270600497722626,
                    -0.7253677845001221,
                    0.6513398289680481,
                    2.6256349086761475
                ],
                [
                    0.0,
                    0.6681190729141235,
                    0.7440542578697205,
                    2.9993786811828613
                ],
                [
                    0.0,
                    0.0,
                    0.0,
                    1.0
                ]
            ]
        },
        {
            "file_path": "/data/shapenet_blender/all_50_random/02958343/7dbf6379da9fc6c3a4ee0fb6a51564c3/r_1",
            "rotation": 0.12566370614359174,
            "transform_matrix": [
                [
                    -0.06476198881864548,
                    0.9064437747001648,
                    0.4173312783241272,
                    1.6823163032531738
                ],
                [
                    0.997900664806366,
                    0.05882660299539566,
                    0.02708406373858452,
                    0.10917936265468597
                ],
                [
                    0.0,
                    0.4182092547416687,
                    -0.9083506464958191,
                    -3.6616787910461426
                ],
                [
                    0.0,
                    0.0,
                    0.0,
                    1.0
                ]
            ]
        },
        {
            "file_path": "/data/shapenet_blender/all_50_random/02958343/7dbf6379da9fc6c3a4ee0fb6a51564c3/r_2",
            "rotation": 0.12566370614359174,
            "transform_matrix": [
                [
                    -0.3837810456752777,
                    -0.0028516172897070646,
                    -0.923419713973999,
                    -3.722424030303955
                ],
                [
                    -0.923424243927002,
                    0.0011851504677906632,
                    0.3837791383266449,
                    1.5470632314682007
                ],
                [
                    1.1641533570472262e-10,
                    0.9999951720237732,
                    -0.003088090568780899,
                    -0.012448491528630257
                ],
                [
                    0.0,
                    0.0,
                    0.0,
                    1.0
                ]
            ]
        },
        {
            "file_path": "/data/shapenet_blender/all_50_random/02958343/7dbf6379da9fc6c3a4ee0fb6a51564c3/r_3",
            "rotation": 0.12566370614359174,
            "transform_matrix": [
                [
                    -0.9827190637588501,
                    -0.042530324310064316,
                    0.18015135824680328,
                    0.7262133359909058
                ],
                [
                    0.18510359525680542,
                    -0.22579441964626312,
                    0.9564275145530701,
                    3.855482578277588
                ],
                [
                    0.0,
                    0.973246157169342,
                    0.22976498305797577,
                    0.9262122511863708
                ],
                [
                    0.0,
                    0.0,
                    0.0,
                    1.0
                ]
            ]
        },
        {
            "file_path": "/data/shapenet_blender/all_50_random/02958343/7dbf6379da9fc6c3a4ee0fb6a51564c3/r_4",
            "rotation": 0.12566370614359174,
            "transform_matrix": [
                [
                    -0.5279421210289001,
                    0.25698691606521606,
                    0.8094657063484192,
                    3.2630608081817627
                ],
                [
                    0.8492803573608398,
                    0.1597519814968109,
                    0.5031919479370117,
                    2.0284316539764404
                ],
                [
                    0.0,
                    0.9531196355819702,
                    -0.30259373784065247,
                    -1.2197943925857544
                ],
                [
                    0.0,
                    0.0,
                    0.0,
                    1.0
                ]
            ]
        },
        {
            "file_path": "/data/shapenet_blender/all_50_random/02958343/7dbf6379da9fc6c3a4ee0fb6a51564c3/r_5",
            "rotation": 0.12566370614359174,
            "transform_matrix": [
                [
                    0.13777659833431244,
                    -0.14739666879177094,
                    0.9794344305992126,
                    3.9482264518737793
                ],
                [
                    0.990463376045227,
                    0.020503349602222443,
                    -0.13624244928359985,
                    -0.5492109060287476
                ],
                [
                    -1.862645149230957e-09,
                    0.9888649582862854,
                    0.14881588518619537,
                    0.5998960137367249
                ],
                [
                    0.0,
                    0.0,
                    0.0,
                    1.0
                ]
            ]
        },
        {
            "file_path": "/data/shapenet_blender/all_50_random/02958343/7dbf6379da9fc6c3a4ee0fb6a51564c3/r_6",
            "rotation": 0.12566370614359174,
            "transform_matrix": [
                [
                    -0.9465250968933105,
                    0.11061252653598785,
                    0.30307623744010925,
                    1.221739411354065
                ],
                [
                    0.3226303458213806,
                    0.3245123326778412,
                    0.8891576528549194,
                    3.5843091011047363
                ],
                [
                    -7.450581485102248e-09,
                    0.9393914937973022,
                    -0.3428460359573364,
                    -1.3820565938949585
                ],
                [
                    0.0,
                    0.0,
                    0.0,
                    1.0
                ]
            ]
        },
        {
            "file_path": "/data/shapenet_blender/all_50_random/02958343/7dbf6379da9fc6c3a4ee0fb6a51564c3/r_7",
            "rotation": 0.12566370614359174,
            "transform_matrix": [
                [
                    -0.7951472401618958,
                    -0.019843051210045815,
                    -0.6060917377471924,
                    -2.4432337284088135
                ],
                [
                    -0.6064164638519287,
                    0.026018666103482246,
                    0.7947214245796204,
                    3.2036242485046387
                ],
                [
                    0.0,
                    0.9994645118713379,
                    -0.03272182121872902,
                    -0.13190586864948273
                ],
                [
                    0.0,
                    0.0,
                    0.0,
                    1.0
                ]
            ]
        },
        {
            "file_path": "/data/shapenet_blender/all_50_random/02958343/7dbf6379da9fc6c3a4ee0fb6a51564c3/r_8",
            "rotation": 0.12566370614359174,
            "transform_matrix": [
                [
                    0.09426619112491608,
                    0.22169306874275208,
                    0.9705492854118347,
                    3.912409543991089
                ],
                [
                    0.9955469965934753,
                    -0.02099163644015789,
                    -0.09189921617507935,
                    -0.37045761942863464
                ],
                [
                    -1.8626449271863521e-09,
                    0.9748905301094055,
                    -0.22268465161323547,
                    -0.8976706266403198
                ],
                [
                    0.0,
                    0.0,
                    0.0,
                    1.0
                ]
            ]
        },
        {
            "file_path": "/data/shapenet_blender/all_50_random/02958343/7dbf6379da9fc6c3a4ee0fb6a51564c3/r_9",
            "rotation": 0.12566370614359174,
            "transform_matrix": [
                [
                    0.12756510078907013,
                    -0.7739334106445312,
                    0.6202854514122009,
                    2.500450849533081
                ],
                [
                    0.9918302297592163,
                    0.099540114402771,
                    -0.07977854460477829,
                    -0.3215976357460022
                ],
                [
                    -3.725290742551124e-09,
                    0.625394880771637,
                    0.7803083658218384,
                    3.1455237865448
                ],
                [
                    0.0,
                    0.0,
                    0.0,
                    1.0
                ]
            ]
        },
        {
            "file_path": "/data/shapenet_blender/all_50_random/02958343/7dbf6379da9fc6c3a4ee0fb6a51564c3/r_10",
            "rotation": 0.12566370614359174,
            "transform_matrix": [
                [
                    0.1478220373392105,
                    0.2115245908498764,
                    0.9661293029785156,
                    3.894592046737671
                ],
                [
                    0.9890139698982239,
                    -0.031615324318408966,
                    -0.14440160989761353,
                    -0.582101583480835
                ],
                [
                    0.0,
                    0.9768611192703247,
                    -0.2138742208480835,
                    -0.8621546030044556
                ],
                [
                    0.0,
                    0.0,
                    0.0,
                    1.0
                ]
            ]
        },
        {
            "file_path": "/data/shapenet_blender/all_50_random/02958343/7dbf6379da9fc6c3a4ee0fb6a51564c3/r_11",
            "rotation": 0.12566370614359174,
            "transform_matrix": [
                [
                    0.1918940395116806,
                    -0.6661509871482849,
                    0.7207075953483582,
                    2.9052648544311523
                ],
                [
                    0.9814156293869019,
                    0.13025103509426117,
                    -0.14091837406158447,
                    -0.568060040473938
                ],
                [
                    0.0,
                    0.7343550324440002,
                    0.678765594959259,
                    2.7361912727355957
                ],
                [
                    0.0,
                    0.0,
                    0.0,
                    1.0
                ]
            ]
        },
        {
            "file_path": "/data/shapenet_blender/all_50_random/02958343/7dbf6379da9fc6c3a4ee0fb6a51564c3/r_12",
            "rotation": 0.12566370614359174,
            "transform_matrix": [
                [
                    0.9680108428001404,
                    0.0012174064759165049,
                    0.2509053945541382,
                    1.0114320516586304
                ],
                [
                    0.25090834498405457,
                    -0.0046967859379947186,
                    -0.9679994583129883,
                    -3.902130603790283
                ],
                [
                    1.1641532182693481e-10,
                    0.9999882578849792,
                    -0.004851996898651123,
                    -0.019559025764465332
                ],
                [
                    0.0,
                    0.0,
                    0.0,
                    1.0
                ]
            ]
        },
        {
            "file_path": "/data/shapenet_blender/all_50_random/02958343/7dbf6379da9fc6c3a4ee0fb6a51564c3/r_13",
            "rotation": 0.12566370614359174,
            "transform_matrix": [
                [
                    -0.9964306950569153,
                    -0.025136204436421394,
                    0.08058584481477737,
                    0.32485195994377136
                ],
                [
                    0.08441510051488876,
                    -0.2967062294483185,
                    0.9512304067611694,
                    3.8345327377319336
                ],
                [
                    1.862645371275562e-09,
                    0.9546378254890442,
                    0.29776903986930847,
                    1.200345516204834
                ],
                [
                    0.0,
                    0.0,
                    0.0,
                    1.0
                ]
            ]
        },
        {
            "file_path": "/data/shapenet_blender/all_50_random/02958343/7dbf6379da9fc6c3a4ee0fb6a51564c3/r_14",
            "rotation": 0.12566370614359174,
            "transform_matrix": [
                [
                    0.9795570969581604,
                    0.14916035532951355,
                    -0.13497841358184814,
                    -0.544115424156189
                ],
                [
                    -0.201166570186615,
                    0.726318895816803,
                    -0.6572616100311279,
                    -2.6495065689086914
                ],
                [
                    0.0,
                    0.6709783673286438,
                    0.7414767742156982,
                    2.9889886379241943
                ],
                [
                    0.0,
                    0.0,
                    0.0,
                    1.0
                ]
            ]
        },
        {
            "file_path": "/data/shapenet_blender/all_50_random/02958343/7dbf6379da9fc6c3a4ee0fb6a51564c3/r_15",
            "rotation": 0.12566370614359174,
            "transform_matrix": [
                [
                    -0.7752748727798462,
                    -0.5118030905723572,
                    -0.37014368176460266,
                    -1.492097020149231
                ],
                [
                    -0.6316239833831787,
                    0.6282030344009399,
                    0.4543258547782898,
                    1.8314461708068848
                ],
                [
                    0.0,
                    0.586018979549408,
                    -0.8102971911430359,
                    -3.2664127349853516
                ],
                [
                    0.0,
                    0.0,
                    0.0,
                    1.0
                ]
            ]
        },
        {
            "file_path": "/data/shapenet_blender/all_50_random/02958343/7dbf6379da9fc6c3a4ee0fb6a51564c3/r_16",
            "rotation": 0.12566370614359174,
            "transform_matrix": [
                [
                    0.6248924136161804,
                    -0.44627538323402405,
                    -0.640583872795105,
                    -2.5822761058807373
                ],
                [
                    -0.7807108759880066,
                    -0.357205331325531,
                    -0.5127326846122742,
                    -2.066891670227051
                ],
                [
                    0.0,
                    0.8205135464668274,
                    -0.5716270208358765,
                    -2.304302215576172
                ],
                [
                    0.0,
                    0.0,
                    0.0,
                    1.0
                ]
            ]
        },
        {
            "file_path": "/data/shapenet_blender/all_50_random/02958343/7dbf6379da9fc6c3a4ee0fb6a51564c3/r_17",
            "rotation": 0.12566370614359174,
            "transform_matrix": [
                [
                    0.9977718591690063,
                    0.04625234752893448,
                    0.048084598034620285,
                    0.19383522868156433
                ],
                [
                    0.06671888381242752,
                    -0.6916975378990173,
                    -0.7190986275672913,
                    -2.8987796306610107
                ],
                [
                    -3.725290742551124e-09,
                    0.7207045555114746,
                    -0.6932421922683716,
                    -2.794548988342285
                ],
                [
                    0.0,
                    0.0,
                    0.0,
                    1.0
                ]
            ]
        },
        {
            "file_path": "/data/shapenet_blender/all_50_random/02958343/7dbf6379da9fc6c3a4ee0fb6a51564c3/r_18",
            "rotation": 0.12566370614359174,
            "transform_matrix": [
                [
                    -0.8140604496002197,
                    0.014342386275529861,
                    0.5806029438972473,
                    2.3404855728149414
                ],
                [
                    0.5807800889015198,
                    0.020103251561522484,
                    0.8138121366500854,
                    3.2805819511413574
                ],
                [
                    9.313225191043273e-10,
                    0.9996950626373291,
                    -0.024695033207535744,
                    -0.09954886883497238
                ],
                [
                    0.0,
                    0.0,
                    0.0,
                    1.0
                ]
            ]
        },
        {
            "file_path": "/data/shapenet_blender/all_50_random/02958343/7dbf6379da9fc6c3a4ee0fb6a51564c3/r_19",
            "rotation": 0.12566370614359174,
            "transform_matrix": [
                [
                    0.18534454703330994,
                    0.5006676912307739,
                    -0.8455643653869629,
                    -3.408579111099243
                ],
                [
                    -0.9826735258102417,
                    0.09443221241235733,
                    -0.15948404371738434,
                    -0.642900824546814
                ],
                [
                    0.0,
                    0.8604732155799866,
                    0.5094954371452332,
                    2.053842067718506
                ],
                [
                    0.0,
                    0.0,
                    0.0,
                    1.0
                ]
            ]
        },
        {
            "file_path": "/data/shapenet_blender/all_50_random/02958343/7dbf6379da9fc6c3a4ee0fb6a51564c3/r_20",
            "rotation": 0.12566370614359174,
            "transform_matrix": [
                [
                    -0.9910619258880615,
                    -0.004157660529017448,
                    -0.1333383470773697,
                    -0.5375040769577026
                ],
                [
                    -0.13340315222740173,
                    0.03088757023215294,
                    0.9905804395675659,
                    3.993157386779785
                ],
                [
                    4.656612873077393e-10,
                    0.9995142221450806,
                    -0.031166139990091324,
                    -0.12563472986221313
                ],
                [
                    0.0,
                    0.0,
                    0.0,
                    1.0
                ]
            ]
        },
        {
            "file_path": "/data/shapenet_blender/all_50_random/02958343/7dbf6379da9fc6c3a4ee0fb6a51564c3/r_21",
            "rotation": 0.12566370614359174,
            "transform_matrix": [
                [
                    -0.01739995740354061,
                    -0.506626546382904,
                    0.8619900345802307,
                    3.474792718887329
                ],
                [
                    0.9998485445976257,
                    -0.008816614747047424,
                    0.015000861138105392,
                    0.060470402240753174
                ],
                [
                    -4.656612040410124e-10,
                    0.862120509147644,
                    0.50670325756073,
                    2.042586088180542
                ],
                [
                    0.0,
                    0.0,
                    0.0,
                    1.0
                ]
            ]
        },
        {
            "file_path": "/data/shapenet_blender/all_50_random/02958343/7dbf6379da9fc6c3a4ee0fb6a51564c3/r_22",
            "rotation": 0.12566370614359174,
            "transform_matrix": [
                [
                    -0.9998907446861267,
                    -0.0021876448299735785,
                    -0.014625802636146545,
                    -0.058958500623703
                ],
                [
                    -0.014788508415222168,
                    0.14791254699230194,
                    0.988889753818512,
                    3.986342430114746
                ],
                [
                    2.3283067140944524e-10,
                    0.9889980554580688,
                    -0.14792869985103607,
                    -0.5963197350502014
                ],
                [
                    0.0,
                    0.0,
                    0.0,
                    1.0
                ]
            ]
        },
        {
            "file_path": "/data/shapenet_blender/all_50_random/02958343/7dbf6379da9fc6c3a4ee0fb6a51564c3/r_23",
            "rotation": 0.12566370614359174,
            "transform_matrix": [
                [
                    -0.9006677269935608,
                    0.2790689766407013,
                    0.33304363489151,
                    1.3425418138504028
                ],
                [
                    0.43450841307640076,
                    0.5784661769866943,
                    0.6903471946716309,
                    2.7828786373138428
                ],
                [
                    1.4901161193847656e-08,
                    0.766483724117279,
                    -0.642263650894165,
                    -2.58904767036438
                ],
                [
                    0.0,
                    0.0,
                    0.0,
                    1.0
                ]
            ]
        },
        {
            "file_path": "/data/shapenet_blender/all_50_random/02958343/7dbf6379da9fc6c3a4ee0fb6a51564c3/r_24",
            "rotation": 0.12566370614359174,
            "transform_matrix": [
                [
                    0.8041276335716248,
                    -0.1359584927558899,
                    0.5787003636360168,
                    2.3328161239624023
                ],
                [
                    0.5944568514823914,
                    0.18391238152980804,
                    -0.7828136682510376,
                    -3.155622959136963
                ],
                [
                    0.0,
                    0.9734944701194763,
                    0.22871044278144836,
                    0.9219613671302795
                ],
                [
                    0.0,
                    0.0,
                    0.0,
                    1.0
                ]
            ]
        },
        {
            "file_path": "/data/shapenet_blender/all_50_random/02958343/7dbf6379da9fc6c3a4ee0fb6a51564c3/r_25",
            "rotation": 0.12566370614359174,
            "transform_matrix": [
                [
                    0.5317775011062622,
                    0.444521427154541,
                    0.7208421230316162,
                    2.9058074951171875
                ],
                [
                    0.8468841314315796,
                    -0.2791249454021454,
                    -0.4526329040527344,
                    -1.824621558189392
                ],
                [
                    0.0,
                    0.8511697053909302,
                    -0.5248905420303345,
                    -2.115901470184326
                ],
                [
                    0.0,
                    0.0,
                    0.0,
                    1.0
                ]
            ]
        },
        {
            "file_path": "/data/shapenet_blender/all_50_random/02958343/7dbf6379da9fc6c3a4ee0fb6a51564c3/r_26",
            "rotation": 0.12566370614359174,
            "transform_matrix": [
                [
                    -0.6670064330101013,
                    0.2958754301071167,
                    0.6837836503982544,
                    2.756420135498047
                ],
                [
                    0.745051920413971,
                    0.26488196849823,
                    0.6121561527252197,
                    2.4676804542541504
                ],
                [
                    1.4901160305669237e-08,
                    0.9177664518356323,
                    -0.39712056517601013,
                    -1.600844144821167
                ],
                [
                    0.0,
                    0.0,
                    0.0,
                    1.0
                ]
            ]
        },
        {
            "file_path": "/data/shapenet_blender/all_50_random/02958343/7dbf6379da9fc6c3a4ee0fb6a51564c3/r_27",
            "rotation": 0.12566370614359174,
            "transform_matrix": [
                [
                    -0.9772453904151917,
                    0.10368558764457703,
                    -0.18504270911216736,
                    -0.7459310293197632
                ],
                [
                    -0.21211202442646027,
                    -0.47770166397094727,
                    0.8525313138961792,
                    3.4366636276245117
                ],
                [
                    0.0,
                    0.8723819851875305,
                    0.4888246953487396,
                    1.9705153703689575
                ],
                [
                    0.0,
                    0.0,
                    0.0,
                    1.0
                ]
            ]
        },
        {
            "file_path": "/data/shapenet_blender/all_50_random/02958343/7dbf6379da9fc6c3a4ee0fb6a51564c3/r_28",
            "rotation": 0.12566370614359174,
            "transform_matrix": [
                [
                    0.8728102445602417,
                    0.10413084924221039,
                    0.4768217206001282,
                    1.9221298694610596
                ],
                [
                    0.4880596101284027,
                    -0.18622000515460968,
                    -0.8527132272720337,
                    -3.437397003173828
                ],
                [
                    -1.4901161193847656e-08,
                    0.9769741892814636,
                    -0.21335682272911072,
                    -0.8600688576698303
                ],
                [
                    0.0,
                    0.0,
                    0.0,
                    1.0
                ]
            ]
        },
        {
            "file_path": "/data/shapenet_blender/all_50_random/02958343/7dbf6379da9fc6c3a4ee0fb6a51564c3/r_29",
            "rotation": 0.12566370614359174,
            "transform_matrix": [
                [
                    -0.5344124436378479,
                    0.01731705293059349,
                    -0.8450464606285095,
                    -3.406491279602051
                ],
                [
                    -0.8452239036560059,
                    -0.010949107818305492,
                    0.5343002080917358,
                    2.1538331508636475
                ],
                [
                    9.313225746154785e-10,
                    0.9997901320457458,
                    0.020488126203417778,
                    0.08259028196334839
                ],
                [
                    0.0,
                    0.0,
                    0.0,
                    1.0
                ]
            ]
        },
        {
            "file_path": "/data/shapenet_blender/all_50_random/02958343/7dbf6379da9fc6c3a4ee0fb6a51564c3/r_30",
            "rotation": 0.12566370614359174,
            "transform_matrix": [
                [
                    -0.946229875087738,
                    0.08792726695537567,
                    0.3113163113594055,
                    1.2549562454223633
                ],
                [
                    0.3234950602054596,
                    0.2571890950202942,
                    0.9106067419052124,
                    3.6707732677459717
                ],
                [
                    7.450581485102248e-09,
                    0.9623525142669678,
                    -0.2718040347099304,
                    -1.095677137374878
                ],
                [
                    0.0,
                    0.0,
                    0.0,
                    1.0
                ]
            ]
        },
        {
            "file_path": "/data/shapenet_blender/all_50_random/02958343/7dbf6379da9fc6c3a4ee0fb6a51564c3/r_31",
            "rotation": 0.12566370614359174,
            "transform_matrix": [
                [
                    0.6490256786346436,
                    -0.12054450809955597,
                    0.7511555552482605,
                    3.0280048847198486
                ],
                [
                    0.7607664465904236,
                    0.10283902287483215,
                    -0.640826404094696,
                    -2.583253860473633
                ],
                [
                    0.0,
                    0.9873667359352112,
                    0.1584514081478119,
                    0.6387380361557007
                ],
                [
                    0.0,
                    0.0,
                    0.0,
                    1.0
                ]
            ]
        },
        {
            "file_path": "/data/shapenet_blender/all_50_random/02958343/7dbf6379da9fc6c3a4ee0fb6a51564c3/r_32",
            "rotation": 0.12566370614359174,
            "transform_matrix": [
                [
                    0.9968032836914062,
                    -0.028400901705026627,
                    0.07467807084321976,
                    0.3010369539260864
                ],
                [
                    0.07989636808633804,
                    0.3543354272842407,
                    -0.9316988587379456,
                    -3.755798578262329
                ],
                [
                    0.0,
                    0.9346869587898254,
                    0.35547176003456116,
                    1.432952642440796
                ],
                [
                    0.0,
                    0.0,
                    0.0,
                    1.0
                ]
            ]
        },
        {
            "file_path": "/data/shapenet_blender/all_50_random/02958343/7dbf6379da9fc6c3a4ee0fb6a51564c3/r_33",
            "rotation": 0.12566370614359174,
            "transform_matrix": [
                [
                    0.964999794960022,
                    0.16200366616249084,
                    0.20622876286506653,
                    0.8313347101211548
                ],
                [
                    0.2622508406639099,
                    -0.5961220860481262,
                    -0.7588563561439514,
                    -3.0590479373931885
                ],
                [
                    7.450580596923828e-09,
                    0.786379873752594,
                    -0.6177432537078857,
                    -2.4902026653289795
                ],
                [
                    0.0,
                    0.0,
                    0.0,
                    1.0
                ]
            ]
        },
        {
            "file_path": "/data/shapenet_blender/all_50_random/02958343/7dbf6379da9fc6c3a4ee0fb6a51564c3/r_34",
            "rotation": 0.12566370614359174,
            "transform_matrix": [
                [
                    0.8939528465270996,
                    -0.07812147587537766,
                    -0.4412996172904968,
                    -1.7789357900619507
                ],
                [
                    -0.4481610953807831,
                    -0.15582993626594543,
                    -0.8802661895751953,
                    -3.548466682434082
                ],
                [
                    0.0,
                    0.9846898317337036,
                    -0.17431560158729553,
                    -0.7026887536048889
                ],
                [
                    0.0,
                    0.0,
                    0.0,
                    1.0
                ]
            ]
        },
        {
            "file_path": "/data/shapenet_blender/all_50_random/02958343/7dbf6379da9fc6c3a4ee0fb6a51564c3/r_35",
            "rotation": 0.12566370614359174,
            "transform_matrix": [
                [
                    0.3509153127670288,
                    -0.861228883266449,
                    0.3676183819770813,
                    1.481917142868042
                ],
                [
                    0.936407208442688,
                    0.3227425217628479,
                    -0.13776370882987976,
                    -0.5553432703018188
                ],
                [
                    0.0,
                    0.3925838768482208,
                    0.9197161793708801,
                    3.7074944972991943
                ],
                [
                    0.0,
                    0.0,
                    0.0,
                    1.0
                ]
            ]
        },
        {
            "file_path": "/data/shapenet_blender/all_50_random/02958343/7dbf6379da9fc6c3a4ee0fb6a51564c3/r_36",
            "rotation": 0.12566370614359174,
            "transform_matrix": [
                [
                    -0.5228227376937866,
                    -0.1579291820526123,
                    0.837684154510498,
                    3.3768129348754883
                ],
                [
                    0.8524414300918579,
                    -0.09686173498630524,
                    0.5137717127799988,
                    2.071079969406128
                ],
                [
                    -7.450580596923828e-09,
                    0.9826881289482117,
                    0.1852668970823288,
                    0.7468347549438477
                ],
                [
                    0.0,
                    0.0,
                    0.0,
                    1.0
                ]
            ]
        },
        {
            "file_path": "/data/shapenet_blender/all_50_random/02958343/7dbf6379da9fc6c3a4ee0fb6a51564c3/r_37",
            "rotation": 0.12566370614359174,
            "transform_matrix": [
                [
                    -0.6295161247253418,
                    0.005014094524085522,
                    0.776971161365509,
                    3.1320712566375732
                ],
                [
                    0.7769874334335327,
                    0.004062425345182419,
                    0.6295029520988464,
                    2.5376079082489014
                ],
                [
                    2.3283064365386963e-10,
                    0.9999791979789734,
                    -0.00645325006917119,
                    -0.02601388469338417
                ],
                [
                    0.0,
                    0.0,
                    0.0,
                    1.0
                ]
            ]
        },
        {
            "file_path": "/data/shapenet_blender/all_50_random/02958343/7dbf6379da9fc6c3a4ee0fb6a51564c3/r_38",
            "rotation": 0.12566370614359174,
            "transform_matrix": [
                [
                    0.0852556824684143,
                    -0.9656371474266052,
                    0.24551266431808472,
                    0.989693284034729
                ],
                [
                    0.99635910987854,
                    0.08262688666582108,
                    -0.021007834002375603,
                    -0.0846852958202362
                ],
                [
                    -1.862645149230957e-09,
                    0.24640966951847076,
                    0.9691656827926636,
                    3.906831979751587
                ],
                [
                    0.0,
                    0.0,
                    0.0,
                    1.0
                ]
            ]
        },
        {
            "file_path": "/data/shapenet_blender/all_50_random/02958343/7dbf6379da9fc6c3a4ee0fb6a51564c3/r_39",
            "rotation": 0.12566370614359174,
            "transform_matrix": [
                [
                    0.9842253923416138,
                    -0.030523356050252914,
                    -0.17426620423793793,
                    -0.7024895548820496
                ],
                [
                    -0.1769191473722458,
                    -0.1698055863380432,
                    -0.9694666862487793,
                    -3.9080452919006348
                ],
                [
                    1.862645149230957e-09,
                    0.9850047826766968,
                    -0.17252713441848755,
                    -0.6954790949821472
                ],
                [
                    0.0,
                    0.0,
                    0.0,
                    1.0
                ]
            ]
        },
        {
            "file_path": "/data/shapenet_blender/all_50_random/02958343/7dbf6379da9fc6c3a4ee0fb6a51564c3/r_40",
            "rotation": 0.12566370614359174,
            "transform_matrix": [
                [
                    -0.23198233544826508,
                    -0.10487272590398788,
                    0.9670501947402954,
                    3.898303508758545
                ],
                [
                    0.9727200865745544,
                    -0.025010913610458374,
                    0.23063012957572937,
                    0.9296996593475342
                ],
                [
                    -1.862645149230957e-09,
                    0.9941710233688354,
                    0.10781390219926834,
                    0.4346116781234741
                ],
                [
                    0.0,
                    0.0,
                    0.0,
                    1.0
                ]
            ]
        },
        {
            "file_path": "/data/shapenet_blender/all_50_random/02958343/7dbf6379da9fc6c3a4ee0fb6a51564c3/r_41",
            "rotation": 0.12566370614359174,
            "transform_matrix": [
                [
                    0.9971575736999512,
                    -0.029750876128673553,
                    0.06922172755002975,
                    0.27904170751571655
                ],
                [
                    0.07534428685903549,
                    0.3937433063983917,
                    -0.9161274433135986,
                    -3.6930277347564697
