{
    "class": "02958343",
    "model": "4e6131bad4ae8b6c91af0bf49336b8c6",
    "remove_doubles": true,
    "edge_split": true,
    "denoise": true,
    "camera_angle_x": 0.6911112070083618,
    "scale_factor": 2.3181230201837284,
    "hdri_file": "/data/IndoorHDRDataset2018/AG8A6574-3b4bd69aee.exr",
    "center_offset": [
        0.0,
        0.0,
        3.725290298461914e-09
    ],
    "lights": [],
    "frames": [
        {
            "file_path": "/data/shapenet_blender/all_50_random/02958343/4e6131bad4ae8b6c91af0bf49336b8c6/r_0",
            "rotation": 0.12566370614359174,
            "transform_matrix": [
                [
                    0.37328287959098816,
                    -0.22132810950279236,
                    0.9009293913841248,
                    3.6317625045776367
                ],
                [
                    0.9277175664901733,
                    0.0890551209449768,
                    -0.3625042140483856,
                    -1.4613012075424194
                ],
                [
                    0.0,
                    0.9711247086524963,
                    0.23857270181179047,
                    0.9617173075675964
                ],
                [
                    0.0,
                    0.0,
                    0.0,
                    1.0
                ]
            ]
        },
        {
            "file_path": "/data/shapenet_blender/all_50_random/02958343/4e6131bad4ae8b6c91af0bf49336b8c6/r_1",
            "rotation": 0.12566370614359174,
            "transform_matrix": [
                [
                    0.9166624546051025,
                    -0.3301105797290802,
                    -0.22529317438602448,
                    -0.9081858396530151
                ],
                [
                    -0.3996623754501343,
                    -0.7571389675140381,
                    -0.5167306065559387,
                    -2.0830078125
                ],
                [
                    0.0,
                    0.5637087225914001,
                    -0.8259735703468323,
                    -3.329606056213379
                ],
                [
                    0.0,
                    0.0,
                    0.0,
                    1.0
                ]
            ]
        },
        {
            "file_path": "/data/shapenet_blender/all_50_random/02958343/4e6131bad4ae8b6c91af0bf49336b8c6/r_2",
            "rotation": 0.12566370614359174,
            "transform_matrix": [
                [
                    -0.4040406048297882,
                    -0.2817023992538452,
                    -0.8702843189239502,
                    -3.5082285404205322
                ],
                [
                    -0.914741039276123,
                    0.12442779541015625,
                    0.3844040632247925,
                    1.5495824813842773
                ],
                [
                    7.450580596923828e-09,
                    0.9513996243476868,
                    -0.3079586327075958,
                    -1.241421103477478
                ],
                [
                    0.0,
                    0.0,
                    0.0,
                    1.0
                ]
            ]
        },
        {
            "file_path": "/data/shapenet_blender/all_50_random/02958343/4e6131bad4ae8b6c91af0bf49336b8c6/r_3",
            "rotation": 0.12566370614359174,
            "transform_matrix": [
                [
                    0.8310400247573853,
                    -0.32279694080352783,
                    0.45296210050582886,
                    1.8259485960006714
                ],
                [
                    0.5562127232551575,
                    0.48229244351387024,
                    -0.6767728328704834,
                    -2.728158473968506
                ],
                [
                    0.0,
                    0.814368486404419,
                    0.5803480744361877,
                    2.3394579887390137
                ],
                [
                    0.0,
                    0.0,
                    0.0,
                    1.0
                ]
            ]
        },
        {
            "file_path": "/data/shapenet_blender/all_50_random/02958343/4e6131bad4ae8b6c91af0bf49336b8c6/r_4",
            "rotation": 0.12566370614359174,
            "transform_matrix": [
                [
                    -0.9956247210502625,
                    0.04082868620753288,
                    -0.08405114710330963,
                    -0.33882105350494385
                ],
                [
                    -0.09344292432069778,
                    -0.4350254237651825,
                    0.8955563306808472,
                    3.6101033687591553
                ],
                [
                    3.725290742551124e-09,
                    0.8994920253753662,
                    0.436937153339386,
                    1.761350154876709
                ],
                [
                    0.0,
                    0.0,
                    0.0,
                    1.0
                ]
            ]
        },
        {
            "file_path": "/data/shapenet_blender/all_50_random/02958343/4e6131bad4ae8b6c91af0bf49336b8c6/r_5",
            "rotation": 0.12566370614359174,
            "transform_matrix": [
                [
                    -0.7454518675804138,
                    -0.456190288066864,
                    -0.4859957695007324,
                    -1.9591116905212402
                ],
                [
                    -0.6665595173835754,
                    0.5101838707923889,
                    0.5435170531272888,
                    2.1909875869750977
                ],
                [
                    -1.4901162970204496e-08,
                    0.7291110157966614,
                    -0.6843953728675842,
                    -2.7588863372802734
                ],
                [
                    0.0,
                    0.0,
                    0.0,
                    1.0
                ]
            ]
        },
        {
            "file_path": "/data/shapenet_blender/all_50_random/02958343/4e6131bad4ae8b6c91af0bf49336b8c6/r_6",
            "rotation": 0.12566370614359174,
            "transform_matrix": [
                [
                    0.23491960763931274,
                    -0.043845344334840775,
                    -0.9710253477096558,
                    -3.9143285751342773
                ],
                [
                    -0.9720147848129272,
                    -0.010596681386232376,
                    -0.23468048870563507,
                    -0.946027398109436
                ],
                [
                    9.313225191043273e-10,
                    0.9989820718765259,
                    -0.04510768875479698,
                    -0.18183492124080658
                ],
                [
                    0.0,
                    0.0,
                    0.0,
                    1.0
                ]
            ]
        },
        {
            "file_path": "/data/shapenet_blender/all_50_random/02958343/4e6131bad4ae8b6c91af0bf49336b8c6/r_7",
            "rotation": 0.12566370614359174,
            "transform_matrix": [
                [
                    0.45551949739456177,
                    0.1380295306444168,
                    -0.8794599175453186,
                    -3.5452165603637695
                ],
                [
                    -0.8902257680892944,
                    0.07062831521034241,
                    -0.4500107169151306,
                    -1.8140513896942139
                ],
                [
                    3.7252898543727042e-09,
                    0.9879066944122314,
                    0.15504999458789825,
                    0.6250265836715698
                ],
                [
                    0.0,
                    0.0,
                    0.0,
                    1.0
                ]
            ]
        },
        {
            "file_path": "/data/shapenet_blender/all_50_random/02958343/4e6131bad4ae8b6c91af0bf49336b8c6/r_8",
            "rotation": 0.12566370614359174,
            "transform_matrix": [
                [
                    0.579404890537262,
                    -0.16852650046348572,
                    0.7974262833595276,
                    3.2145280838012695
                ],
                [
                    0.8150398135185242,
                    0.11980406939983368,
                    -0.5668836236000061,
                    -2.2851810455322266
                ],
                [
                    0.0,
                    0.9783893823623657,
                    0.2067708522081375,
                    0.8335199952125549
                ],
                [
                    0.0,
                    0.0,
                    0.0,
                    1.0
                ]
            ]
        },
        {
            "file_path": "/data/shapenet_blender/all_50_random/02958343/4e6131bad4ae8b6c91af0bf49336b8c6/r_9",
            "rotation": 0.12566370614359174,
            "transform_matrix": [
                [
                    -0.9878808259963989,
                    -0.012609411031007767,
                    0.1547018587589264,
                    0.6236231327056885
                ],
                [
                    0.15521490573883057,
                    -0.08025385439395905,
                    0.9846154451370239,
                    3.969111919403076
                ],
                [
                    -9.313227966600834e-10,
                    0.9966946244239807,
                    0.08123841136693954,
                    0.32748252153396606
                ],
                [
                    0.0,
                    0.0,
                    0.0,
                    1.0
                ]
            ]
        },
        {
            "file_path": "/data/shapenet_blender/all_50_random/02958343/4e6131bad4ae8b6c91af0bf49336b8c6/r_10",
            "rotation": 0.12566370614359174,
            "transform_matrix": [
                [
                    0.2212429791688919,
                    0.0389653816819191,
                    0.9744399785995483,
                    3.928093194961548
                ],
                [
                    0.9752187132835388,
                    -0.008839881978929043,
                    -0.22106631100177765,
                    -0.8911467790603638
                ],
                [
                    1.862645149230957e-09,
                    0.9992014169692993,
                    -0.039955537766218185,
                    -0.16106592118740082
                ],
                [
                    0.0,
                    0.0,
                    0.0,
                    1.0
                ]
            ]
        },
        {
            "file_path": "/data/shapenet_blender/all_50_random/02958343/4e6131bad4ae8b6c91af0bf49336b8c6/r_11",
            "rotation": 0.12566370614359174,
            "transform_matrix": [
                [
                    -0.8871613144874573,
                    0.01689235121011734,
                    0.46115005016326904,
                    1.8589551448822021
                ],
                [
                    0.46145927906036377,
                    0.03247576206922531,
                    0.8865668177604675,
                    3.573864698410034
                ],
                [
                    -1.8626449271863521e-09,
                    0.9993297457695007,
                    -0.03660637512803078,
                    -0.14756500720977783
                ],
                [
                    0.0,
                    0.0,
                    0.0,
                    1.0
                ]
            ]
        },
        {
            "file_path": "/data/shapenet_blender/all_50_random/02958343/4e6131bad4ae8b6c91af0bf49336b8c6/r_12",
            "rotation": 0.12566370614359174,
            "transform_matrix": [
                [
                    -0.643863320350647,
                    -0.17168578505516052,
                    -0.7456298470497131,
                    -3.005730152130127
                ],
                [
                    -0.7651404142379761,
                    0.14447307586669922,
                    0.6274452805519104,
                    2.5293128490448
                ],
                [
                    7.450580152834618e-09,
                    0.9745005965232849,
                    -0.22438468039035797,
                    -0.9045235514640808
                ],
                [
                    0.0,
                    0.0,
                    0.0,
                    1.0
                ]
            ]
        },
        {
            "file_path": "/data/shapenet_blender/all_50_random/02958343/4e6131bad4ae8b6c91af0bf49336b8c6/r_13",
            "rotation": 0.12566370614359174,
            "transform_matrix": [
                [
                    -0.8728655576705933,
                    0.01991228759288788,
                    0.48755428194999695,
                    1.9653942584991455
                ],
                [
                    0.4879607558250427,
                    0.03561915457248688,
                    0.8721384406089783,
                    3.515702724456787
                ],
                [
                    1.862645149230957e-09,
                    0.9991670250892639,
                    -0.040807146579027176,
                    -0.16449888050556183
                ],
                [
                    0.0,
                    0.0,
                    0.0,
                    1.0
                ]
            ]
        },
        {
            "file_path": "/data/shapenet_blender/all_50_random/02958343/4e6131bad4ae8b6c91af0bf49336b8c6/r_14",
            "rotation": 0.12566370614359174,
            "transform_matrix": [
                [
                    0.7422198057174683,
                    -0.05786726996302605,
                    -0.667653501033783,
                    -2.6913974285125732
                ],
                [
                    -0.6701565980911255,
                    -0.06408984959125519,
                    -0.7394475340843201,
                    -2.9808082580566406
                ],
                [
                    -3.725290742551124e-09,
                    0.9962649345397949,
                    -0.08634888380765915,
                    -0.34808349609375
                ],
                [
                    0.0,
                    0.0,
                    0.0,
                    1.0
                ]
            ]
        },
        {
            "file_path": "/data/shapenet_blender/all_50_random/02958343/4e6131bad4ae8b6c91af0bf49336b8c6/r_15",
            "rotation": 0.12566370614359174,
            "transform_matrix": [
                [
                    0.9467684030532837,
                    -0.035847630351781845,
                    0.3199135363101959,
                    1.289612889289856
                ],
                [
                    0.32191577553749084,
                    0.10542945563793182,
                    -0.940879762172699,
                    -3.7928078174591064
                ],
                [
                    0.0,
                    0.9937803745269775,
                    0.1113571897149086,
                    0.4488952159881592
                ],
                [
                    0.0,
                    0.0,
                    0.0,
                    1.0
                ]
            ]
        },
        {
            "file_path": "/data/shapenet_blender/all_50_random/02958343/4e6131bad4ae8b6c91af0bf49336b8c6/r_16",
            "rotation": 0.12566370614359174,
            "transform_matrix": [
                [
                    -0.838352382183075,
                    0.39573121070861816,
                    0.37491610646247864,
                    1.511335015296936
                ],
                [
                    0.5451286435127258,
                    0.6085943579673767,
                    0.5765828490257263,
                    2.324279546737671
                ],
                [
                    0.0,
                    0.6877570152282715,
                    -0.7259409427642822,
                    -2.926361083984375
                ],
                [
                    0.0,
                    0.0,
                    0.0,
                    1.0
                ]
            ]
        },
        {
            "file_path": "/data/shapenet_blender/all_50_random/02958343/4e6131bad4ae8b6c91af0bf49336b8c6/r_17",
            "rotation": 0.12566370614359174,
            "transform_matrix": [
                [
                    0.6662887334823608,
                    0.38854655623435974,
                    -0.6364673972129822,
                    -2.5656821727752686
                ],
                [
                    -0.7456937432289124,
                    0.3471722900867462,
                    -0.5686933398246765,
                    -2.292476177215576
                ],
                [
                    0.0,
                    0.853523850440979,
                    0.5210537314414978,
                    2.1004347801208496
                ],
                [
                    0.0,
                    0.0,
                    0.0,
                    1.0
                ]
            ]
        },
        {
            "file_path": "/data/shapenet_blender/all_50_random/02958343/4e6131bad4ae8b6c91af0bf49336b8c6/r_18",
            "rotation": 0.12566370614359174,
            "transform_matrix": [
                [
                    -0.1375066041946411,
                    0.8332164287567139,
                    -0.5355764627456665,
                    -2.158977746963501
                ],
                [
                    -0.9905008673667908,
                    -0.1156715452671051,
                    0.07435157895088196,
                    0.29972079396247864
                ],
                [
                    3.725290742551124e-09,
                    0.5407127141952515,
                    0.8412072062492371,
                    3.391014814376831
                ],
                [
                    0.0,
                    0.0,
                    0.0,
                    1.0
                ]
            ]
        },
        {
            "file_path": "/data/shapenet_blender/all_50_random/02958343/4e6131bad4ae8b6c91af0bf49336b8c6/r_19",
            "rotation": 0.12566370614359174,
            "transform_matrix": [
                [
                    -0.21968595683574677,
                    -0.6106345653533936,
                    0.7608307600021362,
                    3.067006826400757
                ],
                [
                    0.9755706787109375,
                    -0.13750703632831573,
                    0.1713292896747589,
                    0.690650463104248
                ],
                [
                    0.0,
                    0.7798827886581421,
                    0.6259255409240723,
                    2.523186445236206
                ],
                [
                    0.0,
                    0.0,
                    0.0,
                    1.0
                ]
            ]
        },
        {
            "file_path": "/data/shapenet_blender/all_50_random/02958343/4e6131bad4ae8b6c91af0bf49336b8c6/r_20",
            "rotation": 0.12566370614359174,
            "transform_matrix": [
                [
                    0.5987907648086548,
                    0.08746522665023804,
                    0.7961152791976929,
                    3.2092432975769043
                ],
                [
                    0.8009055852890015,
                    -0.06539268791675568,
                    -0.5952093005180359,
                    -2.3993654251098633
                ],
                [
                    3.725290298461914e-09,
                    0.9940189719200134,
                    -0.10920793563127518,
                    -0.4402312636375427
                ],
                [
                    0.0,
                    0.0,
                    0.0,
                    1.0
                ]
            ]
        },
        {
            "file_path": "/data/shapenet_blender/all_50_random/02958343/4e6131bad4ae8b6c91af0bf49336b8c6/r_21",
            "rotation": 0.12566370614359174,
            "transform_matrix": [
                [
                    0.99256831407547,
                    0.034599583595991135,
                    0.116666778922081,
                    0.4702988266944885
                ],
                [
                    0.12168923020362854,
                    -0.28221437335014343,
                    -0.9516022205352783,
                    -3.836031198501587
                ],
                [
                    3.725290298461914e-09,
                    0.9587273001670837,
                    -0.2843273878097534,
                    -1.146160364151001
                ],
                [
                    0.0,
                    0.0,
                    0.0,
                    1.0
                ]
            ]
        },
        {
            "file_path": "/data/shapenet_blender/all_50_random/02958343/4e6131bad4ae8b6c91af0bf49336b8c6/r_22",
            "rotation": 0.12566370614359174,
            "transform_matrix": [
                [
                    0.7807209491729736,
                    -0.5709954500198364,
                    0.2538481652736664,
                    1.0232948064804077
                ],
                [
                    0.6248798370361328,
                    0.7133981585502625,
                    -0.3171563148498535,
                    -1.2784981727600098
                ],
                [
                    0.0,
                    0.4062352478504181,
                    0.913768470287323,
                    3.683518648147583
                ],
                [
                    0.0,
                    0.0,
                    0.0,
                    1.0
                ]
            ]
        },
        {
            "file_path": "/data/shapenet_blender/all_50_random/02958343/4e6131bad4ae8b6c91af0bf49336b8c6/r_23",
            "rotation": 0.12566370614359174,
            "transform_matrix": [
                [
                    -0.8588759899139404,
                    0.21270330250263214,
                    0.46592846512794495,
                    1.8782176971435547
                ],
                [
                    0.5121835470199585,
                    0.3566802442073822,
                    0.7813112139701843,
                    3.149566173553467
                ],
                [
                    0.0,
                    0.9096903800964355,
                    -0.41528719663619995,
                    -1.6740761995315552
                ],
                [
                    0.0,
                    0.0,
                    0.0,
                    1.0
                ]
            ]
        },
        {
            "file_path": "/data/shapenet_blender/all_50_random/02958343/4e6131bad4ae8b6c91af0bf49336b8c6/r_24",
            "rotation": 0.12566370614359174,
            "transform_matrix": [
                [
                    -0.6309391856193542,
                    0.7629717588424683,
                    0.14067594707012177,
                    0.5670828819274902
                ],
                [
                    0.7758322954177856,
                    0.620480477809906,
                    0.11440355330705643,
                    0.46117547154426575
                ],
                [
                    0.0,
                    0.18132276833057404,
                    -0.98342365026474,
                    -3.9643075466156006
                ],
                [
                    0.0,
                    0.0,
                    0.0,
                    1.0
                ]
            ]
        },
        {
            "file_path": "/data/shapenet_blender/all_50_random/02958343/4e6131bad4ae8b6c91af0bf49336b8c6/r_25",
            "rotation": 0.12566370614359174,
            "transform_matrix": [
                [
                    -0.33444857597351074,
                    -0.05789906159043312,
                    0.9406337738037109,
                    3.791815996170044
                ],
                [
                    0.9424141049385071,
                    -0.02054750733077526,
                    0.333816796541214,
                    1.345658540725708
                ],
                [
                    0.0,
                    0.9981108903884888,
                    0.061436980962753296,
                    0.24766039848327637
                ],
                [
                    0.0,
                    0.0,
                    0.0,
                    1.0
                ]
            ]
        },
        {
            "file_path": "/data/shapenet_blender/all_50_random/02958343/4e6131bad4ae8b6c91af0bf49336b8c6/r_26",
            "rotation": 0.12566370614359174,
            "transform_matrix": [
                [
                    -0.45504558086395264,
                    0.5433915853500366,
                    -0.7054495215415955,
                    -2.8437581062316895
                ],
                [
                    -0.8904682397842407,
                    -0.2776830494403839,
                    0.3604976236820221,
                    1.4532124996185303
                ],
                [
                    0.0,
                    0.7922230958938599,
                    0.610231339931488,
                    2.459921360015869
                ],
                [
                    0.0,
                    0.0,
                    0.0,
                    1.0
                ]
            ]
        },
        {
            "file_path": "/data/shapenet_blender/all_50_random/02958343/4e6131bad4ae8b6c91af0bf49336b8c6/r_27",
            "rotation": 0.12566370614359174,
            "transform_matrix": [
                [
                    -0.4008149206638336,
                    0.04699627682566643,
                    0.9149528741836548,
                    3.688292980194092
                ],
                [
                    0.9161590933799744,
                    0.020560627803206444,
                    0.4002871811389923,
                    1.6136091947555542
                ],
                [
                    1.862645149230957e-09,
                    0.9986834526062012,
                    -0.05129706859588623,
                    -0.20678509771823883
                ],
                [
                    0.0,
                    0.0,
                    0.0,
                    1.0
                ]
            ]
        },
        {
            "file_path": "/data/shapenet_blender/all_50_random/02958343/4e6131bad4ae8b6c91af0bf49336b8c6/r_28",
            "rotation": 0.12566370614359174,
            "transform_matrix": [
                [
                    -0.9760107398033142,
                    -0.038238126784563065,
                    0.21433819830417633,
                    0.8640249967575073
                ],
                [
                    0.2177223563194275,
                    -0.17141473293304443,
                    0.9608401656150818,
                    3.8732707500457764
                ],
                [
                    -3.725290298461914e-09,
                    0.9844565987586975,
                    0.1756279170513153,
                    0.7079788446426392
                ],
                [
                    0.0,
                    0.0,
                    0.0,
                    1.0
                ]
            ]
        },
        {
            "file_path": "/data/shapenet_blender/all_50_random/02958343/4e6131bad4ae8b6c91af0bf49336b8c6/r_29",
            "rotation": 0.12566370614359174,
            "transform_matrix": [
                [
                    -0.8669420480728149,
                    0.19311973452568054,
                    -0.45947396755218506,
                    -1.852198839187622
                ],
                [
                    -0.4984090328216553,
                    -0.33591610193252563,
                    0.7992176413536072,
                    3.2217493057250977
                ],
                [
                    -1.4901161193847656e-08,
                    0.9218813180923462,
                    0.38747239112854004,
                    1.5619511604309082
                ],
                [
                    0.0,
                    0.0,
                    0.0,
                    1.0
                ]
            ]
        },
        {
            "file_path": "/data/shapenet_blender/all_50_random/02958343/4e6131bad4ae8b6c91af0bf49336b8c6/r_30",
            "rotation": 0.12566370614359174,
            "transform_matrix": [
                [
                    -0.8127646446228027,
                    -0.22123917937278748,
                    -0.5389496088027954,
                    -2.1725757122039795
                ],
                [
                    -0.5825920104980469,
                    0.30864712595939636,
                    0.7518798112869263,
                    3.0309247970581055
                ],
                [
                    -1.4901160305669237e-08,
                    0.9250892400741577,
                    -0.3797496557235718,
                    -1.5308198928833008
                ],
                [
                    0.0,
                    0.0,
                    0.0,
                    1.0
                ]
            ]
        },
        {
            "file_path": "/data/shapenet_blender/all_50_random/02958343/4e6131bad4ae8b6c91af0bf49336b8c6/r_31",
            "rotation": 0.12566370614359174,
            "transform_matrix": [
                [
                    0.29534536600112915,
                    -0.01910746656358242,
                    -0.9551994800567627,
                    -3.850532293319702
                ],
                [
                    -0.9553906321525574,
                    -0.005906799808144569,
                    -0.29528626799583435,
                    -1.190337061882019
                ],
                [
                    4.656613428188905e-10,
                    0.9997999668121338,
                    -0.019999638199806213,
                    -0.08062112331390381
                ],
                [
                    0.0,
                    0.0,
                    0.0,
                    1.0
                ]
            ]
        },
        {
            "file_path": "/data/shapenet_blender/all_50_random/02958343/4e6131bad4ae8b6c91af0bf49336b8c6/r_32",
            "rotation": 0.12566370614359174,
            "transform_matrix": [
                [
                    -0.9654282927513123,
                    0.028671883046627045,
                    0.25908687710762024,
                    1.044412612915039
                ],
                [
                    0.26066848635673523,
                    0.106190986931324,
                    0.9595704078674316,
                    3.868152141571045
                ],
                [
                    -1.8626450382086546e-09,
                    0.9939321875572205,
                    -0.10999365895986557,
                    -0.4433986246585846
                ],
                [
                    0.0,
                    0.0,
                    0.0,
                    1.0
                ]
            ]
        },
        {
            "file_path": "/data/shapenet_blender/all_50_random/02958343/4e6131bad4ae8b6c91af0bf49336b8c6/r_33",
            "rotation": 0.12566370614359174,
            "transform_matrix": [
                [
                    -0.6063903570175171,
                    -0.06584111601114273,
                    -0.7924364805221558,
                    -3.194413900375366
                ],
                [
                    -0.795167088508606,
                    0.05021009221673012,
                    0.6043079495429993,
                    2.4360435009002686
                ],
                [
                    0.0,
                    0.9965660572052002,
                    -0.08280159533023834,
                    -0.33378392457962036
                ],
                [
                    0.0,
                    0.0,
                    0.0,
                    1.0
                ]
            ]
        },
        {
            "file_path": "/data/shapenet_blender/all_50_random/02958343/4e6131bad4ae8b6c91af0bf49336b8c6/r_34",
            "rotation": 0.12566370614359174,
            "transform_matrix": [
                [
                    0.49049633741378784,
                    0.14595834910869598,
                    0.8591330051422119,
                    3.463275909423828
                ],
                [
                    0.8714433312416077,
                    -0.08215340226888657,
                    -0.48356738686561584,
                    -1.9493224620819092
                ],
                [
                    0.0,
                    0.9858736395835876,
                    -0.1674903780221939,
                    -0.6751753091812134
                ],
                [
                    0.0,
                    0.0,
                    0.0,
                    1.0
                ]
            ]
        },
        {
            "file_path": "/data/shapenet_blender/all_50_random/02958343/4e6131bad4ae8b6c91af0bf49336b8c6/r_35",
            "rotation": 0.12566370614359174,
            "transform_matrix": [
                [
                    0.6771047115325928,
                    -0.019974134862422943,
                    0.7356154918670654,
                    2.9653608798980713
                ],
                [
                    0.7358865737915039,
                    0.018378624692559242,
                    -0.6768553256988525,
                    -2.7284910678863525
                ],
                [
                    -1.8626450382086546e-09,
                    0.9996315240859985,
                    0.027142954990267754,
                    0.10941675305366516
                ],
                [
                    0.0,
                    0.0,
                    0.0,
                    1.0
                ]
            ]
        },
        {
            "file_path": "/data/shapenet_blender/all_50_random/02958343/4e6131bad4ae8b6c91af0bf49336b8c6/r_36",
            "rotation": 0.12566370614359174,
            "transform_matrix": [
                [
                    -0.10697627812623978,
                    0.2739852964878082,
                    0.9557657241821289,
                    3.8528149127960205
                ],
                [
                    0.9942616820335388,
                    0.02947908826172352,
                    0.10283435881137848,
                    0.41453856229782104
                ],
                [
                    1.862645371275562e-09,
                    0.9612818956375122,
                    -0.27556660771369934,
                    -1.1108444929122925
                ],
                [
                    0.0,
                    0.0,
                    0.0,
                    1.0
                ]
            ]
        },
        {
            "file_path": "/data/shapenet_blender/all_50_random/02958343/4e6131bad4ae8b6c91af0bf49336b8c6/r_37",
            "rotation": 0.12566370614359174,
            "transform_matrix": [
                [
                    0.1203889325261116,
                    -0.02667143940925598,
                    -0.9923684597015381,
                    -4.000365257263184
                ],
                [
                    -0.992726743221283,
                    -0.0032344709616154432,
                    -0.12034547328948975,
                    -0.48512813448905945
                ],
                [
                    0.0,
                    0.9996390342712402,
                    -0.026866847649216652,
                    -0.1083037257194519
                ],
                [
                    0.0,
                    0.0,
                    0.0,
                    1.0
                ]
            ]
        },
        {
            "file_path": "/data/shapenet_blender/all_50_random/02958343/4e6131bad4ae8b6c91af0bf49336b8c6/r_38",
            "rotation": 0.12566370614359174,
            "transform_matrix": [
                [
                    0.773116946220398,
                    0.2256169617176056,
                    -0.5927790999412537,
                    -2.3895692825317383
                ],
                [
                    -0.6342634558677673,
                    0.27500924468040466,
                    -0.7225508093833923,
                    -2.9126956462860107
                ],
                [
                    1.4901161193847656e-08,
                    0.9345945119857788,
                    0.3557148575782776,
                    1.4339325428009033
                ],
                [
                    0.0,
                    0.0,
                    0.0,
                    1.0
                ]
            ]
        },
        {
            "file_path": "/data/shapenet_blender/all_50_random/02958343/4e6131bad4ae8b6c91af0bf49336b8c6/r_39",
            "rotation": 0.12566370614359174,
            "transform_matrix": [
                [
                    -0.9992957711219788,
                    -0.034212615340948105,
                    -0.015412697568535805,
                    -0.06213057041168213
                ],
                [
                    -0.03752405568957329,
                    0.911109447479248,
                    0.4104525148868561,
                    1.6545870304107666
                ],
                [
                    -9.313225746154785e-10,
                    0.4107418954372406,
                    -0.9117517471313477,
                    -3.675388813018799
                ],
                [
                    0.0,
                    0.0,
                    0.0,
                    1.0
                ]
            ]
        },
        {
            "file_path": "/data/shapenet_blender/all_50_random/02958343/4e6131bad4ae8b6c91af0bf49336b8c6/r_40",
            "rotation": 0.12566370614359174,
            "transform_matrix": [
                [
                    -0.3981371521949768,
                    -0.3383299708366394,
                    -0.8526543974876404,
                    -3.437160015106201
                ],
                [
                    -0.9173259139060974,
                    0.14684173464775085,
                    0.3700684607028961,
                    1.4917937517166138
                ],
                [
                    0.0,
                    0.9295000433921814,
                    -0.3688219487667084,
                    -1.4867689609527588
                ],
                [
                    0.0,
                    0.0,
                    0.0,
                    1.0
                ]
            ]
        },
        {
            "file_path": "/data/shapenet_blender/all_50_random/02958343/4e6131bad4ae8b6c91af0bf49336b8c6/r_41",
            "rotation": 0.12566370614359174,
            "transform_matrix": [
                [
                    0.8875494003295898,
                    -0.14352910220623016,
                    -0.4377848505973816,
                    -1.7647671699523926
                ],
                [
                    -0.4607127010822296,
                    -0.2765045464038849,
                    -0.843379557132721,
