{
    "class": "02958343",
    "model": "90902c72c195d3ce8256c497dfca7529",
    "remove_doubles": true,
    "edge_split": true,
    "denoise": true,
    "camera_angle_x": 0.6911112070083618,
    "scale_factor": 2.230731254792447,
    "hdri_file": "/data/IndoorHDRDataset2018/AG8A8196-6595b95de4.exr",
    "center_offset": [
        0.0,
        0.0,
        1.6298145055770874e-09
    ],
    "lights": [],
    "frames": [
        {
            "file_path": "/data/shapenet_blender/all_50_random/02958343/90902c72c195d3ce8256c497dfca7529/r_0",
            "rotation": 0.12566370614359174,
            "transform_matrix": [
                [
                    -0.152336984872818,
                    -0.9107329845428467,
                    0.38387370109558105,
                    1.5474443435668945
                ],
                [
                    0.9883286952972412,
                    -0.14037670195102692,
                    0.059168741106987,
                    0.23851682245731354
                ],
                [
                    0.0,
                    0.3884069323539734,
                    0.9214879274368286,
                    3.7146365642547607
                ],
                [
                    0.0,
                    0.0,
                    0.0,
                    1.0
                ]
            ]
        },
        {
            "file_path": "/data/shapenet_blender/all_50_random/02958343/90902c72c195d3ce8256c497dfca7529/r_1",
            "rotation": 0.12566370614359174,
            "transform_matrix": [
                [
                    -0.8488102555274963,
                    -0.03189937770366669,
                    -0.5277342796325684,
                    -2.1273651123046875
                ],
                [
                    -0.5286975502967834,
                    0.05121362581849098,
                    0.8472638130187988,
                    3.4154298305511475
                ],
                [
                    0.0,
                    0.9981781840324402,
                    -0.06033576652407646,
                    -0.24322126805782318
                ],
                [
                    0.0,
                    0.0,
                    0.0,
                    1.0
                ]
            ]
        },
        {
            "file_path": "/data/shapenet_blender/all_50_random/02958343/90902c72c195d3ce8256c497dfca7529/r_2",
            "rotation": 0.12566370614359174,
            "transform_matrix": [
                [
                    -0.730077862739563,
                    0.08544878661632538,
                    -0.6780005693435669,
                    -2.7331080436706543
                ],
                [
                    -0.6833640336990356,
                    -0.0912899374961853,
                    0.724347710609436,
                    2.9199392795562744
                ],
                [
                    3.725290742551124e-09,
                    0.9921514987945557,
                    0.12504136562347412,
                    0.5040579438209534
                ],
                [
                    0.0,
                    0.0,
                    0.0,
                    1.0
                ]
            ]
        },
        {
            "file_path": "/data/shapenet_blender/all_50_random/02958343/90902c72c195d3ce8256c497dfca7529/r_3",
            "rotation": 0.12566370614359174,
            "transform_matrix": [
                [
                    0.8455781936645508,
                    0.07876089960336685,
                    -0.5280097723007202,
                    -2.1284751892089844
                ],
                [
                    -0.533851683139801,
                    0.12475095689296722,
                    -0.8363251686096191,
                    -3.3713340759277344
                ],
                [
                    0.0,
                    0.989057183265686,
                    0.14753331243991852,
                    0.5947257280349731
                ],
                [
                    0.0,
                    0.0,
                    0.0,
                    1.0
                ]
            ]
        },
        {
            "file_path": "/data/shapenet_blender/all_50_random/02958343/90902c72c195d3ce8256c497dfca7529/r_4",
            "rotation": 0.12566370614359174,
            "transform_matrix": [
                [
                    0.6750888228416443,
                    0.22756783664226532,
                    -0.7017606496810913,
                    -2.828887701034546
                ],
                [
                    -0.7377365231513977,
                    0.20824302732944489,
                    -0.6421679258346558,
                    -2.5886616706848145
                ],
                [
                    0.0,
                    0.9512348175048828,
                    0.3084676265716553,
                    1.2434728145599365
                ],
                [
                    0.0,
                    0.0,
                    0.0,
                    1.0
                ]
            ]
        },
        {
            "file_path": "/data/shapenet_blender/all_50_random/02958343/90902c72c195d3ce8256c497dfca7529/r_5",
            "rotation": 0.12566370614359174,
            "transform_matrix": [
                [
                    -0.6790698170661926,
                    -0.01134912483394146,
                    0.733985960483551,
                    2.958791971206665
                ],
                [
                    0.7340737581253052,
                    -0.01049873884767294,
                    0.6789886355400085,
                    2.737090826034546
                ],
                [
                    4.656612873077393e-10,
                    0.9998804926872253,
                    0.015460471622645855,
                    0.062323153018951416
                ],
                [
                    0.0,
                    0.0,
                    0.0,
                    1.0
                ]
            ]
        },
        {
            "file_path": "/data/shapenet_blender/all_50_random/02958343/90902c72c195d3ce8256c497dfca7529/r_6",
            "rotation": 0.12566370614359174,
            "transform_matrix": [
                [
                    0.5774239897727966,
                    -0.7040370106697083,
                    -0.4134165942668915,
                    -1.6665356159210205
                ],
                [
                    -0.8164443373680115,
                    -0.4979247748851776,
                    -0.29238569736480713,
                    -1.1786444187164307
                ],
                [
                    -1.4901160305669237e-08,
                    0.5063621401786804,
                    -0.8623208999633789,
                    -3.4761266708374023
                ],
                [
                    0.0,
                    0.0,
                    0.0,
                    1.0
                ]
            ]
        },
        {
            "file_path": "/data/shapenet_blender/all_50_random/02958343/90902c72c195d3ce8256c497dfca7529/r_7",
            "rotation": 0.12566370614359174,
            "transform_matrix": [
                [
                    0.9995443224906921,
                    -0.008251110091805458,
                    -0.029038939625024796,
                    -0.11705969274044037
                ],
                [
                    -0.0301884226500988,
                    -0.2731957733631134,
                    -0.9614846706390381,
                    -3.875868320465088
                ],
                [
                    0.0,
                    0.9619230031967163,
                    -0.27332037687301636,
                    -1.1017895936965942
                ],
                [
                    0.0,
                    0.0,
                    0.0,
                    1.0
                ]
            ]
        },
        {
            "file_path": "/data/shapenet_blender/all_50_random/02958343/90902c72c195d3ce8256c497dfca7529/r_8",
            "rotation": 0.12566370614359174,
            "transform_matrix": [
                [
                    -0.5213176012039185,
                    0.004348780959844589,
                    -0.8533515930175781,
                    -3.4399704933166504
                ],
                [
                    -0.8533627390861511,
                    -0.002656661905348301,
                    0.5213108062744141,
                    2.101471424102783
                ],
                [
                    0.0,
                    0.9999869465827942,
                    0.005096052307635546,
                    0.020542845129966736
                ],
                [
                    0.0,
                    0.0,
                    0.0,
                    1.0
                ]
            ]
        },
        {
            "file_path": "/data/shapenet_blender/all_50_random/02958343/90902c72c195d3ce8256c497dfca7529/r_9",
            "rotation": 0.12566370614359174,
            "transform_matrix": [
                [
                    -0.9999091029167175,
                    -0.0016075940802693367,
                    -0.013389050960540771,
                    -0.053972989320755005
                ],
                [
                    -0.013485216535627842,
                    0.11920075118541718,
                    0.9927785992622375,
                    4.002018451690674
                ],
                [
                    -1.1641532182693481e-10,
                    0.9928688406944275,
                    -0.1192115992307663,
                    -0.48055732250213623
                ],
                [
                    0.0,
                    0.0,
                    0.0,
                    1.0
                ]
            ]
        },
        {
            "file_path": "/data/shapenet_blender/all_50_random/02958343/90902c72c195d3ce8256c497dfca7529/r_10",
            "rotation": 0.12566370614359174,
            "transform_matrix": [
                [
                    0.6843786239624023,
                    -0.37984612584114075,
                    0.6223688125610352,
                    2.5088489055633545
                ],
                [
                    0.7291269898414612,
                    0.3565340042114258,
                    -0.5841724872589111,
                    -2.354874610900879
                ],
                [
                    1.4901162970204496e-08,
                    0.853580892086029,
                    0.52096027135849,
                    2.100058078765869
                ],
                [
                    0.0,
                    0.0,
                    0.0,
                    1.0
                ]
            ]
        },
        {
            "file_path": "/data/shapenet_blender/all_50_random/02958343/90902c72c195d3ce8256c497dfca7529/r_11",
            "rotation": 0.12566370614359174,
            "transform_matrix": [
                [
                    -0.09442697465419769,
                    0.4001384675502777,
                    0.911577045917511,
                    3.674684524536133
                ],
                [
                    0.9955317378044128,
                    0.0379534475505352,
                    0.0864638090133667,
                    0.3485467731952667
                ],
                [
                    3.725290076417309e-09,
                    0.9156684279441833,
                    -0.401934415102005,
                    -1.6202495098114014
                ],
                [
                    0.0,
                    0.0,
                    0.0,
                    1.0
                ]
            ]
        },
        {
            "file_path": "/data/shapenet_blender/all_50_random/02958343/90902c72c195d3ce8256c497dfca7529/r_12",
            "rotation": 0.12566370614359174,
            "transform_matrix": [
                [
                    -0.9275983572006226,
                    -0.2073494791984558,
                    0.31075331568717957,
                    1.2526867389678955
                ],
                [
                    0.3735792338848114,
                    -0.5148493051528931,
                    0.7716013789176941,
                    3.110424757003784
                ],
                [
                    -1.4901162970204496e-08,
                    0.8318271636962891,
                    0.5550348162651062,
                    2.237416982650757
                ],
                [
                    0.0,
                    0.0,
                    0.0,
                    1.0
                ]
            ]
        },
        {
            "file_path": "/data/shapenet_blender/all_50_random/02958343/90902c72c195d3ce8256c497dfca7529/r_13",
            "rotation": 0.12566370614359174,
            "transform_matrix": [
                [
                    -0.9998832941055298,
                    -0.004541158676147461,
                    0.01459053810685873,
                    0.058816343545913696
                ],
                [
                    0.01528090238571167,
                    -0.29714399576187134,
                    0.9547103047370911,
                    3.8485605716705322
                ],
                [
                    -4.656613428188905e-10,
                    0.954821765422821,
                    0.297178715467453,
                    1.1979658603668213
                ],
                [
                    0.0,
                    0.0,
                    0.0,
                    1.0
                ]
            ]
        },
        {
            "file_path": "/data/shapenet_blender/all_50_random/02958343/90902c72c195d3ce8256c497dfca7529/r_14",
            "rotation": 0.12566370614359174,
            "transform_matrix": [
                [
                    0.04203403368592262,
                    -0.5056374669075012,
                    -0.8617213368415833,
                    -3.473710060119629
                ],
                [
                    -0.9991162419319153,
                    -0.02127278409898281,
                    -0.036253660917282104,
                    -0.14614319801330566
                ],
                [
                    -1.862645371275562e-09,
                    0.8624836206436157,
                    -0.5060847997665405,
                    -2.040093421936035
                ],
                [
                    0.0,
                    0.0,
                    0.0,
                    1.0
                ]
            ]
        },
        {
            "file_path": "/data/shapenet_blender/all_50_random/02958343/90902c72c195d3ce8256c497dfca7529/r_15",
            "rotation": 0.12566370614359174,
            "transform_matrix": [
                [
                    0.13225248456001282,
                    -0.20585770905017853,
                    0.9696040153503418,
                    3.9085984230041504
                ],
                [
                    0.9912161231040955,
                    0.02746645361185074,
                    -0.12936890125274658,
                    -0.521502673625946
                ],
                [
                    1.862645149230957e-09,
                    0.9781964421272278,
                    0.20768198370933533,
                    0.8371927738189697
                ],
                [
                    0.0,
                    0.0,
                    0.0,
                    1.0
                ]
            ]
        },
        {
            "file_path": "/data/shapenet_blender/all_50_random/02958343/90902c72c195d3ce8256c497dfca7529/r_16",
            "rotation": 0.12566370614359174,
            "transform_matrix": [
                [
                    0.4643856883049011,
                    -0.3042031228542328,
                    -0.8317490816116333,
                    -3.3528873920440674
                ],
                [
                    -0.8856331706047058,
                    -0.1595102697610855,
                    -0.4361313283443451,
                    -1.758101463317871
                ],
                [
                    0.0,
                    0.9391576051712036,
                    -0.34348663687705994,
                    -1.384638786315918
                ],
                [
                    0.0,
                    0.0,
                    0.0,
                    1.0
                ]
            ]
        },
        {
            "file_path": "/data/shapenet_blender/all_50_random/02958343/90902c72c195d3ce8256c497dfca7529/r_17",
            "rotation": 0.12566370614359174,
            "transform_matrix": [
                [
                    -0.9875620603561401,
                    0.1564665585756302,
                    0.015471303835511208,
                    0.06236681342124939
                ],
                [
                    0.15722961723804474,
                    0.9827693700790405,
                    0.09717553853988647,
                    0.391727089881897
                ],
                [
                    -9.313224635931761e-10,
                    0.09839972108602524,
                    -0.9951470494270325,
                    -4.011565685272217
                ],
                [
                    0.0,
                    0.0,
                    0.0,
                    1.0
                ]
            ]
        },
        {
            "file_path": "/data/shapenet_blender/all_50_random/02958343/90902c72c195d3ce8256c497dfca7529/r_18",
            "rotation": 0.12566370614359174,
            "transform_matrix": [
                [
                    0.9732768535614014,
                    0.1543925553560257,
                    -0.1699853390455246,
                    -0.6852328777313232
                ],
                [
                    -0.229634627699852,
                    0.6543729901313782,
                    -0.7204609513282776,
                    -2.904271125793457
                ],
                [
                    7.4505792646561986e-09,
                    0.740242600440979,
                    0.6723398566246033,
                    2.7102890014648438
                ],
                [
                    0.0,
                    0.0,
                    0.0,
                    1.0
                ]
            ]
        },
        {
            "file_path": "/data/shapenet_blender/all_50_random/02958343/90902c72c195d3ce8256c497dfca7529/r_19",
            "rotation": 0.12566370614359174,
            "transform_matrix": [
                [
                    -0.10216839611530304,
                    0.7524393796920776,
                    0.6506893038749695,
                    2.6230127811431885
                ],
                [
                    0.9947671294212341,
                    0.07727991789579391,
                    0.06682959198951721,
                    0.2693987190723419
                ],
                [
                    3.725290298461914e-09,
                    0.6541122794151306,
                    -0.7563974261283875,
                    -3.049135684967041
                ],
                [
                    0.0,
                    0.0,
                    0.0,
                    1.0
                ]
            ]
        },
        {
            "file_path": "/data/shapenet_blender/all_50_random/02958343/90902c72c195d3ce8256c497dfca7529/r_20",
            "rotation": 0.12566370614359174,
            "transform_matrix": [
                [
                    -0.8899121880531311,
                    0.026225220412015915,
                    -0.45537737011909485,
                    -1.835684895515442
                ],
                [
                    -0.4561319351196289,
                    -0.05116533488035202,
                    0.8884400725364685,
                    3.581416606903076
                ],
                [
                    1.862645371275562e-09,
                    0.9983457326889038,
                    0.05749481916427612,
                    0.23176902532577515
                ],
                [
                    0.0,
                    0.0,
                    0.0,
                    1.0
                ]
            ]
        },
        {
            "file_path": "/data/shapenet_blender/all_50_random/02958343/90902c72c195d3ce8256c497dfca7529/r_21",
            "rotation": 0.12566370614359174,
            "transform_matrix": [
                [
                    -0.7047376036643982,
                    0.19860535860061646,
                    0.6811026334762573,
                    2.745612621307373
                ],
                [
                    0.7094680666923523,
                    0.1972811371088028,
                    0.6765612959861755,
                    2.7273058891296387
                ],
                [
                    -1.4901161193847656e-08,
                    0.9600187540054321,
                    -0.2799355685710907,
                    -1.1284563541412354
                ],
                [
                    0.0,
                    0.0,
                    0.0,
                    1.0
                ]
            ]
        },
        {
            "file_path": "/data/shapenet_blender/all_50_random/02958343/90902c72c195d3ce8256c497dfca7529/r_22",
            "rotation": 0.12566370614359174,
            "transform_matrix": [
                [
                    -0.4142298698425293,
                    0.7804930806159973,
                    -0.4682352542877197,
                    -1.887516736984253
                ],
                [
                    -0.9101724028587341,
                    -0.3552113175392151,
                    0.21309922635555267,
                    0.8590304851531982
                ],
                [
                    1.4901161193847656e-08,
                    0.5144466757774353,
                    0.8575223088264465,
                    3.4567830562591553
                ],
                [
                    0.0,
                    0.0,
                    0.0,
                    1.0
                ]
            ]
        },
        {
            "file_path": "/data/shapenet_blender/all_50_random/02958343/90902c72c195d3ce8256c497dfca7529/r_23",
            "rotation": 0.12566370614359174,
            "transform_matrix": [
                [
                    0.6289210319519043,
                    0.30294713377952576,
                    0.7160177230834961,
                    2.886359691619873
                ],
                [
                    0.7774691581726074,
                    -0.2450641691684723,
                    -0.5792108774185181,
                    -2.334873676300049
                ],
                [
                    1.4901160305669237e-08,
                    0.9209596514701843,
                    -0.3896580636501312,
                    -1.5707619190216064
                ],
                [
                    0.0,
                    0.0,
                    0.0,
                    1.0
                ]
            ]
        },
        {
            "file_path": "/data/shapenet_blender/all_50_random/02958343/90902c72c195d3ce8256c497dfca7529/r_24",
            "rotation": 0.12566370614359174,
            "transform_matrix": [
                [
                    0.9028640389442444,
                    -0.2972599267959595,
                    0.3106013834476471,
                    1.2520742416381836
                ],
                [
                    0.42992645502090454,
                    0.6242586374282837,
                    -0.6522762775421143,
                    -2.6294097900390625
                ],
                [
                    1.4901162970204496e-08,
                    0.7224524021148682,
                    0.6914205551147461,
                    2.787205457687378
                ],
                [
                    0.0,
                    0.0,
                    0.0,
                    1.0
                ]
            ]
        },
        {
            "file_path": "/data/shapenet_blender/all_50_random/02958343/90902c72c195d3ce8256c497dfca7529/r_25",
            "rotation": 0.12566370614359174,
            "transform_matrix": [
                [
                    -0.9698891043663025,
                    0.08048277348279953,
                    -0.22986480593681335,
                    -0.9266146421432495
                ],
                [
                    -0.24354736506938934,
                    -0.32050999999046326,
                    0.9154004454612732,
                    3.6900973320007324
                ],
                [
                    -7.450581485102248e-09,
                    0.9438197612762451,
                    0.3304605185985565,
                    1.3321290016174316
                ],
                [
                    0.0,
                    0.0,
                    0.0,
                    1.0
                ]
            ]
        },
        {
            "file_path": "/data/shapenet_blender/all_50_random/02958343/90902c72c195d3ce8256c497dfca7529/r_26",
            "rotation": 0.12566370614359174,
            "transform_matrix": [
                [
                    -0.9999440908432007,
                    0.008870896883308887,
                    0.005756050813943148,
                    0.02320338413119316
                ],
                [
                    0.010574731975793839,
                    0.8388299345970154,
                    0.5442907810211182,
                    2.1941065788269043
                ],
                [
                    0.0,
                    0.5443212389945984,
                    -0.8388767838478088,
                    -3.3816206455230713
                ],
                [
                    0.0,
                    0.0,
                    0.0,
                    1.0
                ]
            ]
        },
        {
            "file_path": "/data/shapenet_blender/all_50_random/02958343/90902c72c195d3ce8256c497dfca7529/r_27",
            "rotation": 0.12566370614359174,
            "transform_matrix": [
                [
                    0.08099722862243652,
                    0.6414716839790344,
                    0.7628586888313293,
                    3.0751819610595703
                ],
                [
                    0.9967142939567566,
                    -0.052128713577985764,
                    -0.06199313700199127,
                    -0.24990233778953552
                ],
                [
                    0.0,
                    0.7653735280036926,
                    -0.6435862183570862,
                    -2.594379186630249
                ],
                [
                    0.0,
                    0.0,
                    0.0,
                    1.0
                ]
            ]
        },
        {
            "file_path": "/data/shapenet_blender/all_50_random/02958343/90902c72c195d3ce8256c497dfca7529/r_28",
            "rotation": 0.12566370614359174,
            "transform_matrix": [
                [
                    0.9937953352928162,
                    0.06760712713003159,
                    0.08831889182329178,
                    0.3560248017311096
                ],
                [
                    0.11122478544712067,
                    -0.6040708422660828,
                    -0.7891308069229126,
                    -3.1810877323150635
                ],
                [
                    0.0,
                    0.7940576672554016,
                    -0.6078424453735352,
                    -2.4502909183502197
                ],
                [
                    0.0,
                    0.0,
                    0.0,
                    1.0
                ]
            ]
        },
        {
            "file_path": "/data/shapenet_blender/all_50_random/02958343/90902c72c195d3ce8256c497dfca7529/r_29",
            "rotation": 0.12566370614359174,
            "transform_matrix": [
                [
                    0.4633385241031647,
                    0.11698077619075775,
                    -0.8784263730049133,
                    -3.5410499572753906
                ],
                [
                    -0.8861813545227051,
                    0.06116321310400963,
                    -0.45928382873535156,
                    -1.8514323234558105
                ],
                [
                    3.725290298461914e-09,
                    0.9912490248680115,
                    0.1320054531097412,
                    0.532131016254425
                ],
                [
                    0.0,
                    0.0,
                    0.0,
                    1.0
                ]
            ]
        },
        {
            "file_path": "/data/shapenet_blender/all_50_random/02958343/90902c72c195d3ce8256c497dfca7529/r_30",
            "rotation": 0.12566370614359174,
            "transform_matrix": [
                [
                    -0.6223911046981812,
                    0.11074502766132355,
                    -0.7748320698738098,
                    -3.123447895050049
                ],
                [
                    -0.7827063202857971,
                    -0.08806204050779343,
                    0.6161296963691711,
                    2.4836983680725098
                ],
                [
                    7.450580152834618e-09,
                    0.9899396896362305,
                    0.1414898782968521,
                    0.5703639388084412
                ],
                [
                    0.0,
                    0.0,
                    0.0,
                    1.0
                ]
            ]
        },
        {
            "file_path": "/data/shapenet_blender/all_50_random/02958343/90902c72c195d3ce8256c497dfca7529/r_31",
            "rotation": 0.12566370614359174,
            "transform_matrix": [
                [
                    0.8446189761161804,
                    -0.1435917615890503,
                    -0.5157521367073059,
                    -2.0790634155273438
                ],
                [
                    -0.5353679060935974,
                    -0.22653639316558838,
                    -0.8136721849441528,
                    -3.280017375946045
                ],
                [
                    0.0,
                    0.963360071182251,
                    -0.26821136474609375,
                    -1.0811946392059326
                ],
                [
                    0.0,
                    0.0,
                    0.0,
                    1.0
                ]
            ]
        },
        {
            "file_path": "/data/shapenet_blender/all_50_random/02958343/90902c72c195d3ce8256c497dfca7529/r_32",
            "rotation": 0.12566370614359174,
            "transform_matrix": [
                [
                    0.9859438538551331,
                    -0.14159387350082397,
                    0.08868914097547531,
                    0.3575173318386078
                ],
                [
                    0.16707660257816315,
                    0.835566520690918,
                    -0.5233677625656128,
                    -2.109762668609619
                ],
                [
                    0.0,
                    0.5308290719985962,
                    0.8474789261817932,
                    3.4162964820861816
                ],
                [
                    0.0,
                    0.0,
                    0.0,
                    1.0
                ]
            ]
        },
        {
            "file_path": "/data/shapenet_blender/all_50_random/02958343/90902c72c195d3ce8256c497dfca7529/r_33",
            "rotation": 0.12566370614359174,
            "transform_matrix": [
                [
                    0.34540674090385437,
                    -0.0023946354631334543,
                    0.9384500980377197,
                    3.783012866973877
                ],
                [
                    0.9384531378746033,
                    0.0008813688182272017,
                    -0.345405638217926,
                    -1.3923745155334473
                ],
                [
                    -5.8207653974573503e-11,
                    0.9999967813491821,
                    0.0025516843888908625,
                    0.01028616726398468
                ],
                [
                    0.0,
                    0.0,
                    0.0,
                    1.0
                ]
            ]
        },
        {
            "file_path": "/data/shapenet_blender/all_50_random/02958343/90902c72c195d3ce8256c497dfca7529/r_34",
            "rotation": 0.12566370614359174,
            "transform_matrix": [
                [
                    0.9784128665924072,
                    0.012773166410624981,
                    0.20626482367515564,
                    0.831480085849762
                ],
                [
                    0.2066599428653717,
                    -0.060473404824733734,
                    -0.9765422344207764,
                    -3.936567544937134
                ],
                [
                    -9.313225746154785e-10,
                    0.9980880618095398,
                    -0.06180766224861145,
                    -0.24915465712547302
                ],
                [
                    0.0,
                    0.0,
                    0.0,
                    1.0
                ]
            ]
        },
        {
            "file_path": "/data/shapenet_blender/all_50_random/02958343/90902c72c195d3ce8256c497dfca7529/r_35",
            "rotation": 0.12566370614359174,
            "transform_matrix": [
                [
                    0.45533984899520874,
                    -0.5053389072418213,
                    -0.7330062985420227,
                    -2.9548428058624268
                ],
                [
                    -0.8903177976608276,
                    -0.2584480941295624,
                    -0.374885231256485,
                    -1.5112106800079346
                ],
                [
                    0.0,
                    0.823308527469635,
                    -0.5675939917564392,
                    -2.2880444526672363
                ],
                [
                    0.0,
                    0.0,
                    0.0,
                    1.0
                ]
            ]
        },
        {
            "file_path": "/data/shapenet_blender/all_50_random/02958343/90902c72c195d3ce8256c497dfca7529/r_36",
            "rotation": 0.12566370614359174,
            "transform_matrix": [
                [
                    -0.9981399774551392,
                    -0.03795488178730011,
                    -0.04770825058221817,
                    -0.1923181116580963
                ],
                [
                    -0.06096433475613594,
                    0.6214171648025513,
                    0.7811043858528137,
                    3.1487324237823486
                ],
                [
                    0.0,
                    0.782559871673584,
                    -0.6225751638412476,
                    -2.50968074798584
                ],
                [
                    0.0,
                    0.0,
                    0.0,
                    1.0
                ]
            ]
        },
        {
            "file_path": "/data/shapenet_blender/all_50_random/02958343/90902c72c195d3ce8256c497dfca7529/r_37",
            "rotation": 0.12566370614359174,
            "transform_matrix": [
                [
                    0.35093167424201965,
                    -0.10884792357683182,
                    -0.9300532937049866,
                    -3.7491648197174072
                ],
                [
                    -0.9364011287689209,
                    -0.040792543441057205,
                    -0.3485527038574219,
                    -1.405060887336731
                ],
                [
                    0.0,
                    0.99322110414505,
                    -0.11624070256948471,
                    -0.46858125925064087
                ],
                [
                    0.0,
                    0.0,
                    0.0,
                    1.0
                ]
            ]
        },
        {
            "file_path": "/data/shapenet_blender/all_50_random/02958343/90902c72c195d3ce8256c497dfca7529/r_38",
            "rotation": 0.12566370614359174,
            "transform_matrix": [
                [
                    0.9396092891693115,
                    0.011240004561841488,
                    0.3420644998550415,
                    1.378906011581421
                ],
                [
                    0.3422491252422333,
                    -0.03085825964808464,
                    -0.9391024112701416,
                    -3.785642623901367
                ],
                [
                    0.0,
                    0.9994605183601379,
                    -0.03284158557653427,
                    -0.1323886662721634
                ],
                [
                    0.0,
                    0.0,
                    0.0,
                    1.0
                ]
            ]
        },
        {
            "file_path": "/data/shapenet_blender/all_50_random/02958343/90902c72c195d3ce8256c497dfca7529/r_39",
            "rotation": 0.12566370614359174,
            "transform_matrix": [
                [
                    -0.9093589186668396,
                    -0.17264357209205627,
                    -0.37849757075309753,
                    -1.5257724523544312
                ],
                [
                    -0.4160122573375702,
                    0.3773806691169739,
                    0.8273558020591736,
                    3.3351778984069824
                ],
                [
                    0.0,
                    0.909822940826416,
                    -0.4149963855743408,
                    -1.6729038953781128
                ],
                [
                    0.0,
                    0.0,
                    0.0,
                    1.0
                ]
            ]
        },
        {
            "file_path": "/data/shapenet_blender/all_50_random/02958343/90902c72c195d3ce8256c497dfca7529/r_40",
            "rotation": 0.12566370614359174,
            "transform_matrix": [
                [
                    -0.6780648231506348,
                    0.11534654349088669,
                    0.7258947491645813,
                    2.926175594329834
                ],
                [
                    0.7350021004676819,
                    0.1064111664891243,
                    0.6696629524230957,
                    2.699497938156128
                ],
                [
                    0.0,
                    0.9876090884208679,
                    -0.15693362057209015,
                    -0.6326197385787964
                ],
                [
                    0.0,
                    0.0,
                    0.0,
                    1.0
                ]
            ]
        },
        {
            "file_path": "/data/shapenet_blender/all_50_random/02958343/90902c72c195d3ce8256c497dfca7529/r_41",
            "rotation": 0.12566370614359174,
            "transform_matrix": [
                [
                    -0.013274545781314373,
                    0.02579902671277523,
                    0.9995790123939514,
                    4.0294318199157715
                ],
                [
                    0.999911904335022,
                    0.00034250051248818636,
                    0.013270125724375248,
