{
    "class": "02958343",
    "model": "49b67421f1aecb54619e733243629008",
    "remove_doubles": true,
    "edge_split": true,
    "denoise": true,
    "camera_angle_x": 0.6911112070083618,
    "scale_factor": 2.416579738902702,
    "hdri_file": "/data/IndoorHDRDataset2018/9C4A9109-6b7eabeb3c.exr",
    "center_offset": [
        0.0,
        -2.3283064365386963e-09,
        0.0
    ],
    "lights": [],
    "frames": [
        {
            "file_path": "/data/shapenet_blender/all_50_random/02958343/49b67421f1aecb54619e733243629008/r_0",
            "rotation": 0.12566370614359174,
            "transform_matrix": [
                [
                    0.33266276121139526,
                    0.7562280893325806,
                    0.5634310245513916,
                    2.2712631225585938
                ],
                [
                    0.9430457949638367,
                    -0.2667621672153473,
                    -0.19875231385231018,
                    -0.8011962175369263
                ],
                [
                    0.0,
                    0.5974587798118591,
                    -0.8018996119499207,
                    -3.232560634613037
                ],
                [
                    0.0,
                    0.0,
                    0.0,
                    1.0
                ]
            ]
        },
        {
            "file_path": "/data/shapenet_blender/all_50_random/02958343/49b67421f1aecb54619e733243629008/r_1",
            "rotation": 0.12566370614359174,
            "transform_matrix": [
                [
                    0.6314471960067749,
                    0.15729185938835144,
                    0.7592982053756714,
                    3.060828924179077
                ],
                [
                    0.7754189968109131,
                    -0.12808753550052643,
                    -0.618319571018219,
                    -2.492525815963745
                ],
                [
                    0.0,
                    0.9792103171348572,
                    -0.20284758508205414,
                    -0.8177047967910767
                ],
                [
                    0.0,
                    0.0,
                    0.0,
                    1.0
                ]
            ]
        },
        {
            "file_path": "/data/shapenet_blender/all_50_random/02958343/49b67421f1aecb54619e733243629008/r_2",
            "rotation": 0.12566370614359174,
            "transform_matrix": [
                [
                    0.3532940149307251,
                    -0.46749600768089294,
                    0.8103275895118713,
                    3.2665348052978516
                ],
                [
                    0.935512363910675,
                    0.17654874920845032,
                    -0.30601829290390015,
                    -1.2335991859436035
                ],
                [
                    0.0,
                    0.8661858439445496,
                    0.4997219145298004,
                    2.0144433975219727
                ],
                [
                    0.0,
                    0.0,
                    0.0,
                    1.0
                ]
            ]
        },
        {
            "file_path": "/data/shapenet_blender/all_50_random/02958343/49b67421f1aecb54619e733243629008/r_3",
            "rotation": 0.12566370614359174,
            "transform_matrix": [
                [
                    0.14733508229255676,
                    -0.17885906994342804,
                    0.9727804064750671,
                    3.921403408050537
                ],
                [
                    0.9890866279602051,
                    0.02664298005402088,
                    -0.14490608870983124,
                    -0.5841351747512817
                ],
                [
                    0.0,
                    0.9835139513015747,
                    0.18083253502845764,
                    0.728959321975708
                ],
                [
                    0.0,
                    0.0,
                    0.0,
                    1.0
                ]
            ]
        },
        {
            "file_path": "/data/shapenet_blender/all_50_random/02958343/49b67421f1aecb54619e733243629008/r_4",
            "rotation": 0.12566370614359174,
            "transform_matrix": [
                [
                    -0.7927445769309998,
                    -0.28603309392929077,
                    0.5382760763168335,
                    2.169860363006592
                ],
                [
                    0.6095540523529053,
                    -0.371995210647583,
                    0.7000452876091003,
                    2.8219728469848633
                ],
                [
                    0.0,
                    0.8830653429031372,
                    0.4692498445510864,
                    1.8916065692901611
                ],
                [
                    0.0,
                    0.0,
                    0.0,
                    1.0
                ]
            ]
        },
        {
            "file_path": "/data/shapenet_blender/all_50_random/02958343/49b67421f1aecb54619e733243629008/r_5",
            "rotation": 0.12566370614359174,
            "transform_matrix": [
                [
                    0.22431989014148712,
                    0.21976400911808014,
                    -0.9494126439094543,
                    -3.827204704284668
                ],
                [
                    -0.9745156168937683,
                    0.050586603581905365,
                    -0.21854153275489807,
                    -0.8809691071510315
                ],
                [
                    -3.725290298461914e-09,
                    0.9742406010627747,
                    0.22551102936267853,
                    0.9090640544891357
                ],
                [
                    0.0,
                    0.0,
                    0.0,
                    1.0
                ]
            ]
        },
        {
            "file_path": "/data/shapenet_blender/all_50_random/02958343/49b67421f1aecb54619e733243629008/r_6",
            "rotation": 0.12566370614359174,
            "transform_matrix": [
                [
                    0.7959407567977905,
                    0.020555125549435616,
                    -0.6050253510475159,
                    -2.4389355182647705
                ],
                [
                    -0.6053744554519653,
                    0.02702569216489792,
                    -0.79548180103302,
                    -3.2066898345947266
                ],
                [
                    0.0,
                    0.9994234442710876,
                    0.03395439311861992,
                    0.13687455654144287
                ],
                [
                    0.0,
                    0.0,
                    0.0,
                    1.0
                ]
            ]
        },
        {
            "file_path": "/data/shapenet_blender/all_50_random/02958343/49b67421f1aecb54619e733243629008/r_7",
            "rotation": 0.12566370614359174,
            "transform_matrix": [
                [
                    0.5265009999275208,
                    -0.8449224829673767,
                    -0.09435331076383591,
                    -0.3803503215312958
                ],
                [
                    -0.8501745462417603,
                    -0.5232484340667725,
                    -0.058431658893823624,
                    -0.23554551601409912
                ],
                [
                    -3.725290298461914e-09,
                    0.11098125576972961,
                    -0.9938225746154785,
                    -4.006226539611816
                ],
                [
                    0.0,
                    0.0,
                    0.0,
                    1.0
                ]
            ]
        },
        {
            "file_path": "/data/shapenet_blender/all_50_random/02958343/49b67421f1aecb54619e733243629008/r_8",
            "rotation": 0.12566370614359174,
            "transform_matrix": [
                [
                    0.736009955406189,
                    0.22542229294776917,
                    0.6383369565010071,
                    2.573218822479248
                ],
                [
                    0.6769707202911377,
                    -0.2450815886259079,
                    -0.6940069198608398,
                    -2.7976315021514893
                ],
                [
                    1.4901161193847656e-08,
                    0.9429314732551575,
                    -0.3329867422580719,
                    -1.3423125743865967
                ],
                [
                    0.0,
                    0.0,
                    0.0,
                    1.0
                ]
            ]
        },
        {
            "file_path": "/data/shapenet_blender/all_50_random/02958343/49b67421f1aecb54619e733243629008/r_9",
            "rotation": 0.12566370614359174,
            "transform_matrix": [
                [
                    -0.7550731301307678,
                    0.24805977940559387,
                    0.6069027185440063,
                    2.4465034008026123
                ],
                [
                    0.6556406617164612,
                    0.28567975759506226,
                    0.6989437341690063,
                    2.817532539367676
                ],
                [
                    0.0,
                    0.9256637096405029,
                    -0.37834715843200684,
                    -1.5251662731170654
                ],
                [
                    0.0,
                    0.0,
                    0.0,
                    1.0
                ]
            ]
        },
        {
            "file_path": "/data/shapenet_blender/all_50_random/02958343/49b67421f1aecb54619e733243629008/r_10",
            "rotation": 0.12566370614359174,
            "transform_matrix": [
                [
                    0.33213454484939575,
                    0.6719272136688232,
                    0.6619670987129211,
                    2.6684746742248535
                ],
                [
                    0.9432320594787598,
                    -0.23660165071487427,
                    -0.23309443891048431,
                    -0.9396337270736694
                ],
                [
                    0.0,
                    0.7018072605133057,
                    -0.7123668193817139,
                    -2.871642589569092
                ],
                [
                    0.0,
                    0.0,
                    0.0,
                    1.0
                ]
            ]
        },
        {
            "file_path": "/data/shapenet_blender/all_50_random/02958343/49b67421f1aecb54619e733243629008/r_11",
            "rotation": 0.12566370614359174,
            "transform_matrix": [
                [
                    0.9765880107879639,
                    -0.11723736673593521,
                    0.18036386370658875,
                    0.7270699739456177
                ],
                [
                    0.2151179164648056,
                    0.5322318077087402,
                    -0.8188122510910034,
                    -3.3007378578186035
                ],
                [
                    0.0,
                    0.838441789150238,
                    0.5449910759925842,
                    2.1969292163848877
                ],
                [
                    0.0,
                    0.0,
                    0.0,
                    1.0
                ]
            ]
        },
        {
            "file_path": "/data/shapenet_blender/all_50_random/02958343/49b67421f1aecb54619e733243629008/r_12",
            "rotation": 0.12566370614359174,
            "transform_matrix": [
                [
                    0.6082897782325745,
                    -0.028506897389888763,
                    -0.7932028770446777,
                    -3.197503089904785
                ],
                [
                    -0.7937149405479431,
                    -0.021847207099199295,
                    -0.6078974008560181,
                    -2.4505128860473633
                ],
                [
                    1.862645149230957e-09,
                    0.9993546605110168,
                    -0.0359157919883728,
                    -0.1447811871767044
                ],
                [
                    0.0,
                    0.0,
                    0.0,
                    1.0
                ]
            ]
        },
        {
            "file_path": "/data/shapenet_blender/all_50_random/02958343/49b67421f1aecb54619e733243629008/r_13",
            "rotation": 0.12566370614359174,
            "transform_matrix": [
                [
                    -0.943496823310852,
                    -0.07801366597414017,
                    0.3220677673816681,
                    1.2982966899871826
                ],
                [
                    0.331381618976593,
                    -0.22211745381355286,
                    0.9169787764549255,
                    3.6964597702026367
                ],
                [
                    -7.450580596923828e-09,
                    0.9718939065933228,
                    0.2354193925857544,
                    0.9490059018135071
                ],
                [
                    0.0,
                    0.0,
                    0.0,
                    1.0
                ]
            ]
        },
        {
            "file_path": "/data/shapenet_blender/all_50_random/02958343/49b67421f1aecb54619e733243629008/r_14",
            "rotation": 0.12566370614359174,
            "transform_matrix": [
                [
                    0.6804619431495667,
                    0.13428327441215515,
                    -0.7203745245933533,
                    -2.9039225578308105
                ],
                [
                    -0.7327833771705627,
                    0.1246953159570694,
                    -0.6689391136169434,
                    -2.696579933166504
                ],
                [
                    -7.450581485102248e-09,
                    0.9830661416053772,
                    0.18325096368789673,
                    0.7387082576751709
                ],
                [
                    0.0,
                    0.0,
                    0.0,
                    1.0
                ]
            ]
        },
        {
            "file_path": "/data/shapenet_blender/all_50_random/02958343/49b67421f1aecb54619e733243629008/r_15",
            "rotation": 0.12566370614359174,
            "transform_matrix": [
                [
                    -0.07473832368850708,
                    0.34072116017341614,
                    0.9371890425682068,
                    3.7779295444488525
                ],
                [
                    0.9972031116485596,
                    0.025536347180604935,
                    0.07024038583040237,
                    0.28314805030822754
                ],
                [
                    1.8626448161640496e-09,
                    0.9398175477981567,
                    -0.3416767716407776,
                    -1.3773430585861206
                ],
                [
                    0.0,
                    0.0,
                    0.0,
                    1.0
                ]
            ]
        },
        {
            "file_path": "/data/shapenet_blender/all_50_random/02958343/49b67421f1aecb54619e733243629008/r_16",
            "rotation": 0.12566370614359174,
            "transform_matrix": [
                [
                    0.6481281518936157,
                    0.7205607891082764,
                    0.24641834199428558,
                    0.9933441877365112
                ],
                [
                    0.7615312933921814,
                    -0.6132587790489197,
                    -0.20972305536270142,
                    -0.8454207181930542
                ],
                [
                    0.0,
                    0.32358264923095703,
                    -0.9461998343467712,
                    -3.814253807067871
                ],
                [
                    0.0,
                    0.0,
                    0.0,
                    1.0
                ]
            ]
        },
        {
            "file_path": "/data/shapenet_blender/all_50_random/02958343/49b67421f1aecb54619e733243629008/r_17",
            "rotation": 0.12566370614359174,
            "transform_matrix": [
                [
                    -0.6888058185577393,
                    0.6250337362289429,
                    0.3672592341899872,
                    1.4804693460464478
                ],
                [
                    0.7249459028244019,
                    0.593874454498291,
                    0.3489505648612976,
                    1.4066647291183472
                ],
                [
                    0.0,
                    0.5066022276878357,
                    -0.8621798753738403,
                    -3.475558280944824
                ],
                [
                    0.0,
                    0.0,
                    0.0,
                    1.0
                ]
            ]
        },
        {
            "file_path": "/data/shapenet_blender/all_50_random/02958343/49b67421f1aecb54619e733243629008/r_18",
            "rotation": 0.12566370614359174,
            "transform_matrix": [
                [
                    -0.22566035389900208,
                    0.08441852778196335,
                    0.9705414772033691,
                    3.9123780727386475
                ],
                [
                    0.9742060899734497,
                    0.019554294645786285,
                    0.22481149435043335,
                    0.906244158744812
                ],
                [
                    1.862645371275562e-09,
                    0.9962384700775146,
                    -0.08665364980697632,
                    -0.34931206703186035
                ],
                [
                    0.0,
                    0.0,
                    0.0,
                    1.0
                ]
            ]
        },
        {
            "file_path": "/data/shapenet_blender/all_50_random/02958343/49b67421f1aecb54619e733243629008/r_19",
            "rotation": 0.12566370614359174,
            "transform_matrix": [
                [
                    0.5677217841148376,
                    -0.6092513203620911,
                    -0.5536288022994995,
                    -2.2317492961883545
                ],
                [
                    -0.8232206106185913,
                    -0.42016103863716125,
                    -0.3818018138408661,
                    -1.5390924215316772
                ],
                [
                    0.0,
                    0.6725157499313354,
                    -0.7400826811790466,
                    -2.9833688735961914
                ],
                [
                    0.0,
                    0.0,
                    0.0,
                    1.0
                ]
            ]
        },
        {
            "file_path": "/data/shapenet_blender/all_50_random/02958343/49b67421f1aecb54619e733243629008/r_20",
            "rotation": 0.12566370614359174,
            "transform_matrix": [
                [
                    -0.406645804643631,
                    -0.6701871752738953,
                    -0.6208770871162415,
                    -2.502835512161255
                ],
                [
                    -0.9135860204696655,
                    0.2983066439628601,
                    0.2763582766056061,
                    1.1140358448028564
                ],
                [
                    -1.4901162970204496e-08,
                    0.6796043515205383,
                    -0.7335787415504456,
                    -2.957150459289551
                ],
                [
                    0.0,
                    0.0,
                    0.0,
                    1.0
                ]
            ]
        },
        {
            "file_path": "/data/shapenet_blender/all_50_random/02958343/49b67421f1aecb54619e733243629008/r_21",
            "rotation": 0.12566370614359174,
            "transform_matrix": [
                [
                    0.9825037121772766,
                    -0.17278382182121277,
                    -0.06951424479484558,
                    -0.2802209258079529
                ],
                [
                    -0.18624305725097656,
                    -0.9115009903907776,
                    -0.36671435832977295,
                    -1.4782730340957642
                ],
                [
                    7.450580596923828e-09,
                    0.3732447922229767,
                    -0.9277328252792358,
                    -3.7398109436035156
                ],
                [
                    0.0,
                    0.0,
                    0.0,
                    1.0
                ]
            ]
        },
        {
            "file_path": "/data/shapenet_blender/all_50_random/02958343/49b67421f1aecb54619e733243629008/r_22",
            "rotation": 0.12566370614359174,
            "transform_matrix": [
                [
                    -0.4413363039493561,
                    0.08087088912725449,
                    0.8936902284622192,
                    3.6025805473327637
                ],
                [
                    0.8973418474197388,
                    0.03977442532777786,
                    0.439540296792984,
                    1.7718435525894165
                ],
                [
                    0.0,
                    0.9959306120872498,
                    -0.09012272953987122,
                    -0.3632963299751282
                ],
                [
                    0.0,
                    0.0,
                    0.0,
                    1.0
                ]
            ]
        },
        {
            "file_path": "/data/shapenet_blender/all_50_random/02958343/49b67421f1aecb54619e733243629008/r_23",
            "rotation": 0.12566370614359174,
            "transform_matrix": [
                [
                    0.8023818731307983,
                    0.4722624719142914,
                    -0.3648991286754608,
                    -1.4709553718566895
                ],
                [
                    -0.5968108773231506,
                    0.6349329352378845,
                    -0.49058830738067627,
                    -1.977624773979187
                ],
                [
                    1.4901159417490817e-08,
                    0.6114150881767273,
                    0.7913100719451904,
                    3.189872980117798
                ],
                [
                    0.0,
                    0.0,
                    0.0,
                    1.0
                ]
            ]
        },
        {
            "file_path": "/data/shapenet_blender/all_50_random/02958343/49b67421f1aecb54619e733243629008/r_24",
            "rotation": 0.12566370614359174,
            "transform_matrix": [
                [
                    -0.994558572769165,
                    0.07237613946199417,
                    -0.0749334990978241,
                    -0.3020666241645813
                ],
                [
                    -0.10417936742305756,
                    -0.6909459829330444,
                    0.7153601050376892,
                    2.883708953857422
                ],
                [
                    3.725290742551124e-09,
                    0.7192740440368652,
                    0.6947263479232788,
                    2.8005316257476807
                ],
                [
                    0.0,
                    0.0,
                    0.0,
                    1.0
                ]
            ]
        },
        {
            "file_path": "/data/shapenet_blender/all_50_random/02958343/49b67421f1aecb54619e733243629008/r_25",
            "rotation": 0.12566370614359174,
            "transform_matrix": [
                [
                    0.9659788012504578,
                    0.2321869134902954,
                    -0.11390497535467148,
                    -0.45916563272476196
                ],
                [
                    -0.25862157344818115,
                    0.8672425746917725,
                    -0.4254470765590668,
                    -1.7150319814682007
                ],
                [
                    0.0,
                    0.4404310882091522,
                    0.8977863788604736,
                    3.6190927028656006
                ],
                [
                    0.0,
                    0.0,
                    0.0,
                    1.0
                ]
            ]
        },
        {
            "file_path": "/data/shapenet_blender/all_50_random/02958343/49b67421f1aecb54619e733243629008/r_26",
            "rotation": 0.12566370614359174,
            "transform_matrix": [
                [
                    -0.28229689598083496,
                    0.47070014476776123,
                    0.8359125852584839,
                    3.36967134475708
                ],
                [
                    0.9593271017074585,
                    0.1385108232498169,
                    0.24598024785518646,
                    0.9915781021118164
                ],
                [
                    -7.450580596923828e-09,
                    0.8713529109954834,
                    -0.49065661430358887,
                    -1.9779000282287598
                ],
                [
                    0.0,
                    0.0,
                    0.0,
                    1.0
                ]
            ]
        },
        {
            "file_path": "/data/shapenet_blender/all_50_random/02958343/49b67421f1aecb54619e733243629008/r_27",
            "rotation": 0.12566370614359174,
            "transform_matrix": [
                [
                    0.059750620275735855,
                    -0.15479707717895508,
                    0.9861378073692322,
                    3.9752485752105713
                ],
                [
                    0.9982134103775024,
                    0.009265775792300701,
                    -0.05902780592441559,
                    -0.2379487007856369
                ],
                [
                    0.0,
                    0.9879028797149658,
                    0.15507416427135468,
                    0.6251239776611328
                ],
                [
                    0.0,
                    0.0,
                    0.0,
                    1.0
                ]
            ]
        },
        {
            "file_path": "/data/shapenet_blender/all_50_random/02958343/49b67421f1aecb54619e733243629008/r_28",
            "rotation": 0.12566370614359174,
            "transform_matrix": [
                [
                    0.999742329120636,
                    0.018279677256941795,
                    0.013460260815918446,
                    0.054260045289993286
                ],
                [
                    0.022700777277350426,
                    -0.8050370216369629,
                    -0.592789888381958,
                    -2.3896124362945557
                ],
                [
                    0.0,
                    0.5929427146911621,
                    -0.8052446246147156,
                    -3.246044874191284
                ],
                [
                    0.0,
                    0.0,
                    0.0,
                    1.0
                ]
            ]
        },
        {
            "file_path": "/data/shapenet_blender/all_50_random/02958343/49b67421f1aecb54619e733243629008/r_29",
            "rotation": 0.12566370614359174,
            "transform_matrix": [
                [
                    -0.1925707906484604,
                    0.22660507261753082,
                    -0.954759955406189,
                    -3.8487606048583984
                ],
                [
                    -0.9812831282615662,
                    -0.04446985572576523,
                    0.18736578524112701,
                    0.7552956342697144
                ],
                [
                    -3.725290298461914e-09,
                    0.9729710221290588,
                    0.23092730343341827,
                    0.9308977127075195
                ],
                [
                    0.0,
                    0.0,
                    0.0,
                    1.0
                ]
            ]
        },
        {
            "file_path": "/data/shapenet_blender/all_50_random/02958343/49b67421f1aecb54619e733243629008/r_30",
            "rotation": 0.12566370614359174,
            "transform_matrix": [
                [
                    -0.17896915972232819,
                    0.916083037853241,
                    -0.3588341474533081,
                    -1.4465068578720093
                ],
                [
                    -0.9838547706604004,
                    -0.16664107143878937,
                    0.06527411192655563,
                    0.263128399848938
                ],
                [
                    0.0,
                    0.3647225499153137,
                    0.9311161637306213,
                    3.7534494400024414
                ],
                [
                    0.0,
                    0.0,
                    0.0,
                    1.0
                ]
            ]
        },
        {
            "file_path": "/data/shapenet_blender/all_50_random/02958343/49b67421f1aecb54619e733243629008/r_31",
            "rotation": 0.12566370614359174,
            "transform_matrix": [
                [
                    -0.48335811495780945,
                    0.03327071666717529,
                    -0.8747901916503906,
                    -3.5263922214508057
                ],
                [
                    -0.8754226565361023,
                    -0.01837017759680748,
                    0.48300889134407043,
                    1.9470711946487427
                ],
                [
                    0.0,
                    0.9992775321006775,
                    0.03800530731678009,
                    0.1532043069601059
                ],
                [
                    0.0,
                    0.0,
                    0.0,
                    1.0
                ]
            ]
        },
        {
            "file_path": "/data/shapenet_blender/all_50_random/02958343/49b67421f1aecb54619e733243629008/r_32",
            "rotation": 0.12566370614359174,
            "transform_matrix": [
                [
                    -0.26063236594200134,
                    0.059505268931388855,
                    0.9636025428771973,
                    3.884406089782715
                ],
                [
                    0.9654381275177002,
                    0.01606420986354351,
                    0.26013684272766113,
                    1.0486451387405396
                ],
                [
                    -9.313225191043273e-10,
                    0.9980987906455994,
                    -0.06163550540804863,
                    -0.24846066534519196
                ],
                [
                    0.0,
                    0.0,
                    0.0,
                    1.0
                ]
            ]
        },
        {
            "file_path": "/data/shapenet_blender/all_50_random/02958343/49b67421f1aecb54619e733243629008/r_33",
            "rotation": 0.12566370614359174,
            "transform_matrix": [
                [
                    -0.9999364018440247,
                    6.54688774375245e-05,
                    -0.011276562698185444,
                    -0.04545728117227554
                ],
                [
                    -0.01127675361931324,
                    -0.0058052800595760345,
                    0.9999194741249084,
                    4.030804634094238
                ],
                [
                    0.0,
                    0.9999832510948181,
                    0.005805647931993008,
                    0.023403316736221313
                ],
                [
                    0.0,
                    0.0,
                    0.0,
                    1.0
                ]
            ]
        },
        {
            "file_path": "/data/shapenet_blender/all_50_random/02958343/49b67421f1aecb54619e733243629008/r_34",
            "rotation": 0.12566370614359174,
            "transform_matrix": [
                [
                    -0.41886603832244873,
                    -0.49854859709739685,
                    -0.75894695520401,
                    -3.059413194656372
                ],
                [
                    -0.9080480337142944,
                    0.22997139394283295,
                    0.3500883877277374,
                    1.4112515449523926
                ],
                [
                    1.4901161193847656e-08,
                    0.8358004093170166,
                    -0.5490332841873169,
                    -2.213224172592163
                ],
                [
                    0.0,
                    0.0,
                    0.0,
                    1.0
                ]
            ]
        },
        {
            "file_path": "/data/shapenet_blender/all_50_random/02958343/49b67421f1aecb54619e733243629008/r_35",
            "rotation": 0.12566370614359174,
            "transform_matrix": [
                [
                    0.7049155235290527,
                    0.13469403982162476,
                    -0.6963847279548645,
                    -2.8072166442871094
                ],
                [
                    -0.7092913389205933,
                    0.13386306166648865,
                    -0.6920884847640991,
                    -2.789897918701172
                ],
                [
                    0.0,
                    0.9818034768104553,
                    0.18989945948123932,
                    0.7655091881752014
                ],
                [
                    0.0,
                    0.0,
                    0.0,
                    1.0
                ]
            ]
        },
        {
            "file_path": "/data/shapenet_blender/all_50_random/02958343/49b67421f1aecb54619e733243629008/r_36",
            "rotation": 0.12566370614359174,
            "transform_matrix": [
                [
                    0.3006749451160431,
                    0.7247700691223145,
                    0.6199216842651367,
                    2.4989843368530273
                ],
                [
                    0.9537267088890076,
                    -0.2284933626651764,
                    -0.19543853402137756,
                    -0.7878379225730896
                ],
                [
                    0.0,
                    0.6499992609024048,
                    -0.7599347233772278,
                    -3.063394784927368
                ],
                [
                    0.0,
                    0.0,
                    0.0,
                    1.0
                ]
            ]
        },
        {
            "file_path": "/data/shapenet_blender/all_50_random/02958343/49b67421f1aecb54619e733243629008/r_37",
            "rotation": 0.12566370614359174,
            "transform_matrix": [
                [
                    -0.8372855186462402,
                    -0.11775428056716919,
                    -0.5339353084564209,
                    -2.152362108230591
                ],
                [
                    -0.546765923500061,
                    0.18032203614711761,
                    0.8176374435424805,
                    3.29600191116333
                ],
                [
                    -7.450580596923828e-09,
                    0.9765335321426392,
                    -0.21536506712436676,
                    -0.8681643605232239
                ],
                [
                    0.0,
                    0.0,
                    0.0,
                    1.0
                ]
            ]
        },
        {
            "file_path": "/data/shapenet_blender/all_50_random/02958343/49b67421f1aecb54619e733243629008/r_38",
            "rotation": 0.12566370614359174,
            "transform_matrix": [
                [
                    -0.45228081941604614,
                    0.5041854381561279,
                    -0.7356894612312317,
                    -2.9656593799591064
                ],
                [
                    -0.891875684261322,
                    -0.2556784749031067,
                    0.3730769157409668,
                    1.5039212703704834
                ],
                [
                    -1.4901162970204496e-08,
                    0.8248791098594666,
                    0.5653091073036194,
                    2.278834104537964
                ],
                [
                    0.0,
                    0.0,
                    0.0,
                    1.0
                ]
            ]
        },
        {
            "file_path": "/data/shapenet_blender/all_50_random/02958343/49b67421f1aecb54619e733243629008/r_39",
            "rotation": 0.12566370614359174,
            "transform_matrix": [
                [
                    0.12103515863418579,
                    0.018885161727666855,
                    0.992468535900116,
                    4.000768661499023
                ],
                [
                    0.992648184299469,
                    -0.002302697626873851,
                    -0.12101325392723083,
                    -0.487820029258728
                ],
                [
                    2.3283062977608182e-10,
                    0.9998190402984619,
                    -0.019025027751922607,
                    -0.07669234275817871
                ],
                [
                    0.0,
                    0.0,
                    0.0,
                    1.0
                ]
            ]
        },
        {
            "file_path": "/data/shapenet_blender/all_50_random/02958343/49b67421f1aecb54619e733243629008/r_40",
            "rotation": 0.12566370614359174,
            "transform_matrix": [
                [
                    0.13154058158397675,
                    0.009121011011302471,
                    -0.9912689328193665,
                    -3.9959323406219482
                ],
                [
                    -0.9913107752799988,
                    0.0012102997861802578,
                    -0.13153503835201263,
                    -0.5302346348762512
                ],
                [
                    0.0,
                    0.9999576807022095,
                    0.009200961329042912,
                    0.03709025681018829
                ],
                [
                    0.0,
                    0.0,
                    0.0,
                    1.0
                ]
            ]
        },
        {
            "file_path": "/data/shapenet_blender/all_50_random/02958343/49b67421f1aecb54619e733243629008/r_41",
            "rotation": 0.12566370614359174,
            "transform_matrix": [
                [
                    0.9959889650344849,
                    0.06825796514749527,
                    0.05785214155912399,
                    0.23320946097373962
                ],
                [
                    0.08947637677192688,
                    -0.759800374507904,
                    -0.6439699530601501,
                    -2.59592604637146
                ],
                [
