{
    "class": "02958343",
    "model": "f1bcdbe16690a985ca92a4cdad802b45",
    "remove_doubles": true,
    "edge_split": true,
    "denoise": true,
    "camera_angle_x": 0.6911112070083618,
    "scale_factor": 2.3373468160346307,
    "hdri_file": "/data/IndoorHDRDataset2018/AG8A9688-5f0053e281.exr",
    "center_offset": [
        0.0,
        -2.7939677238464355e-09,
        0.0
    ],
    "lights": [],
    "frames": [
        {
            "file_path": "/data/shapenet_blender/all_50_random/02958343/f1bcdbe16690a985ca92a4cdad802b45/r_0",
            "rotation": 0.12566370614359174,
            "transform_matrix": [
                [
                    0.45968592166900635,
                    -0.7987775206565857,
                    -0.38812804222106934,
                    -1.5645942687988281
                ],
                [
                    -0.8880815505981445,
                    -0.4134606420993805,
                    -0.2009015828371048,
                    -0.8098602294921875
                ],
                [
                    0.0,
                    0.43704092502593994,
                    -0.8994415402412415,
                    -3.625765085220337
                ],
                [
                    0.0,
                    0.0,
                    0.0,
                    1.0
                ]
            ]
        },
        {
            "file_path": "/data/shapenet_blender/all_50_random/02958343/f1bcdbe16690a985ca92a4cdad802b45/r_1",
            "rotation": 0.12566370614359174,
            "transform_matrix": [
                [
                    0.12225016951560974,
                    -0.28270310163497925,
                    0.9513852000236511,
                    3.8351564407348633
                ],
                [
                    0.9924993515014648,
                    0.03482168912887573,
                    -0.11718598008155823,
                    -0.4723917841911316
                ],
                [
                    0.0,
                    0.9585752487182617,
                    0.28483954071998596,
                    1.148224949836731
                ],
                [
                    0.0,
                    0.0,
                    0.0,
                    1.0
                ]
            ]
        },
        {
            "file_path": "/data/shapenet_blender/all_50_random/02958343/f1bcdbe16690a985ca92a4cdad802b45/r_2",
            "rotation": 0.12566370614359174,
            "transform_matrix": [
                [
                    -0.9010940790176392,
                    0.191030353307724,
                    -0.3892773687839508,
                    -1.5692272186279297
                ],
                [
                    -0.43362370133399963,
                    -0.3969716727733612,
                    0.8089399933815002,
                    3.260941505432129
                ],
                [
                    0.0,
                    0.8977308869361877,
                    0.44054409861564636,
                    1.7758901119232178
                ],
                [
                    0.0,
                    0.0,
                    0.0,
                    1.0
                ]
            ]
        },
        {
            "file_path": "/data/shapenet_blender/all_50_random/02958343/f1bcdbe16690a985ca92a4cdad802b45/r_3",
            "rotation": 0.12566370614359174,
            "transform_matrix": [
                [
                    0.6192506551742554,
                    0.036095697432756424,
                    -0.7843632698059082,
                    -3.161869525909424
                ],
                [
                    -0.7851935029029846,
                    0.02846723236143589,
                    -0.6185958981513977,
                    -2.4936399459838867
                ],
                [
                    0.0,
                    0.9989427328109741,
                    0.045970454812049866,
                    0.18531283736228943
                ],
                [
                    0.0,
                    0.0,
                    0.0,
                    1.0
                ]
            ]
        },
        {
            "file_path": "/data/shapenet_blender/all_50_random/02958343/f1bcdbe16690a985ca92a4cdad802b45/r_4",
            "rotation": 0.12566370614359174,
            "transform_matrix": [
                [
                    -0.48833784461021423,
                    0.14539137482643127,
                    0.860457718372345,
                    3.468616008758545
                ],
                [
                    0.8726546764373779,
                    0.08136105537414551,
                    0.4815124273300171,
                    1.941038727760315
                ],
                [
                    7.450580596923828e-09,
                    0.9860232472419739,
                    -0.16660812497138977,
                    -0.6716188192367554
                ],
                [
                    0.0,
                    0.0,
                    0.0,
                    1.0
                ]
            ]
        },
        {
            "file_path": "/data/shapenet_blender/all_50_random/02958343/f1bcdbe16690a985ca92a4cdad802b45/r_5",
            "rotation": 0.12566370614359174,
            "transform_matrix": [
                [
                    -0.9851000308990479,
                    0.023354634642601013,
                    0.17038887739181519,
                    0.6868596076965332
                ],
                [
                    0.17198199033737183,
                    0.1337735950946808,
                    0.9759747385978699,
                    3.9342801570892334
                ],
                [
                    0.0,
                    0.9907366037368774,
                    -0.1357969492673874,
                    -0.5474150776863098
                ],
                [
                    0.0,
                    0.0,
                    0.0,
                    1.0
                ]
            ]
        },
        {
            "file_path": "/data/shapenet_blender/all_50_random/02958343/f1bcdbe16690a985ca92a4cdad802b45/r_6",
            "rotation": 0.12566370614359174,
            "transform_matrix": [
                [
                    -0.19069348275661469,
                    0.18519556522369385,
                    -0.9640219807624817,
                    -3.8860971927642822
                ],
                [
                    -0.98164963722229,
                    -0.03597575053572655,
                    0.1872691512107849,
                    0.754906177520752
                ],
                [
                    3.725290742551124e-09,
                    0.9820429086685181,
                    0.1886574774980545,
                    0.7605026960372925
                ],
                [
                    0.0,
                    0.0,
                    0.0,
                    1.0
                ]
            ]
        },
        {
            "file_path": "/data/shapenet_blender/all_50_random/02958343/f1bcdbe16690a985ca92a4cdad802b45/r_7",
            "rotation": 0.12566370614359174,
            "transform_matrix": [
                [
                    -0.6406240463256836,
                    -0.22626039385795593,
                    -0.7337622046470642,
                    -2.957890033721924
                ],
                [
                    -0.7678545713424683,
                    0.18876992166042328,
                    0.6121806502342224,
                    2.4677791595458984
                ],
                [
                    -1.4901158529312397e-08,
                    0.9556004405021667,
                    -0.2946656346321106,
                    -1.1878350973129272
                ],
                [
                    0.0,
                    0.0,
                    0.0,
                    1.0
                ]
            ]
        },
        {
            "file_path": "/data/shapenet_blender/all_50_random/02958343/f1bcdbe16690a985ca92a4cdad802b45/r_8",
            "rotation": 0.12566370614359174,
            "transform_matrix": [
                [
                    -0.6635105609893799,
                    0.3048282861709595,
                    0.6832521557807922,
                    2.754277467727661
                ],
                [
                    0.7481669783592224,
                    0.270336389541626,
                    0.6059409379959106,
                    2.4426259994506836
                ],
                [
                    1.4901162970204496e-08,
                    0.9132347106933594,
                    -0.40743353962898254,
                    -1.642417073249817
                ],
                [
                    0.0,
                    0.0,
                    0.0,
                    1.0
                ]
            ]
        },
        {
            "file_path": "/data/shapenet_blender/all_50_random/02958343/f1bcdbe16690a985ca92a4cdad802b45/r_9",
            "rotation": 0.12566370614359174,
            "transform_matrix": [
                [
                    -0.540973424911499,
                    -0.28871771693229675,
                    -0.7899302244186401,
                    -3.1843106746673584
                ],
                [
                    -0.8410397171974182,
                    0.18570898473262787,
                    0.508098840713501,
                    2.0482120513916016
                ],
                [
                    0.0,
                    0.9392306804656982,
                    -0.3432866632938385,
                    -1.3838328123092651
                ],
                [
                    0.0,
                    0.0,
                    0.0,
                    1.0
                ]
            ]
        },
        {
            "file_path": "/data/shapenet_blender/all_50_random/02958343/f1bcdbe16690a985ca92a4cdad802b45/r_10",
            "rotation": 0.12566370614359174,
            "transform_matrix": [
                [
                    0.9765685200691223,
                    0.20870015025138855,
                    -0.0525175966322422,
                    -0.21170522272586823
                ],
                [
                    -0.21520651876926422,
                    0.947043776512146,
                    -0.2383154183626175,
                    -0.9606802463531494
                ],
                [
                    0.0,
                    0.2440336048603058,
                    0.9697667360305786,
                    3.909255027770996
                ],
                [
                    0.0,
                    0.0,
                    0.0,
                    1.0
                ]
            ]
        },
        {
            "file_path": "/data/shapenet_blender/all_50_random/02958343/f1bcdbe16690a985ca92a4cdad802b45/r_11",
            "rotation": 0.12566370614359174,
            "transform_matrix": [
                [
                    0.008133993484079838,
                    -0.1220511943101883,
                    -0.9924905300140381,
                    -4.000856876373291
                ],
                [
                    -0.9999669194221497,
                    -0.0009927963837981224,
                    -0.008073178119957447,
                    -0.03254401683807373
                ],
                [
                    0.0,
                    0.9925232529640198,
                    -0.12205524742603302,
                    -0.4920203685760498
                ],
                [
                    0.0,
                    0.0,
                    0.0,
                    1.0
                ]
            ]
        },
        {
            "file_path": "/data/shapenet_blender/all_50_random/02958343/f1bcdbe16690a985ca92a4cdad802b45/r_12",
            "rotation": 0.12566370614359174,
            "transform_matrix": [
                [
                    -0.6137480735778809,
                    0.0038075284101068974,
                    -0.7894927263259888,
                    -3.182547092437744
                ],
                [
                    -0.789501965045929,
                    -0.0029599210247397423,
                    0.6137409210205078,
                    2.4740688800811768
                ],
                [
                    0.0,
                    0.9999883770942688,
                    0.0048226965591311455,
                    0.0194409117102623
                ],
                [
                    0.0,
                    0.0,
                    0.0,
                    1.0
                ]
            ]
        },
        {
            "file_path": "/data/shapenet_blender/all_50_random/02958343/f1bcdbe16690a985ca92a4cdad802b45/r_13",
            "rotation": 0.12566370614359174,
            "transform_matrix": [
                [
                    -0.9759935736656189,
                    -0.17586368322372437,
                    -0.1284857988357544,
                    -0.5179429054260254
                ],
                [
                    -0.217799574136734,
                    0.7880723476409912,
                    0.5757647752761841,
                    2.3209822177886963
                ],
                [
                    -7.450581485102248e-09,
                    0.5899268388748169,
                    -0.8074565529823303,
                    -3.2549617290496826
                ],
                [
                    0.0,
                    0.0,
                    0.0,
                    1.0
                ]
            ]
        },
        {
            "file_path": "/data/shapenet_blender/all_50_random/02958343/f1bcdbe16690a985ca92a4cdad802b45/r_14",
            "rotation": 0.12566370614359174,
            "transform_matrix": [
                [
                    -0.7046719789505005,
                    -0.4394478499889374,
                    0.5570663213729858,
                    2.2456061840057373
                ],
                [
                    0.7095330953598022,
                    -0.43643712997436523,
                    0.5532497763633728,
                    2.2302212715148926
                ],
                [
                    0.0,
                    0.7851166725158691,
                    0.6193478107452393,
                    2.496670961380005
                ],
                [
                    0.0,
                    0.0,
                    0.0,
                    1.0
                ]
            ]
        },
        {
            "file_path": "/data/shapenet_blender/all_50_random/02958343/f1bcdbe16690a985ca92a4cdad802b45/r_15",
            "rotation": 0.12566370614359174,
            "transform_matrix": [
                [
                    -0.7224690914154053,
                    -0.07776768505573273,
                    0.6870155930519104,
                    2.769448757171631
                ],
                [
                    0.6914030909538269,
                    -0.08126192539930344,
                    0.7178844213485718,
                    2.8938848972320557
                ],
                [
                    0.0,
                    0.9936540722846985,
                    0.11247806251049042,
                    0.45341360569000244
                ],
                [
                    0.0,
                    0.0,
                    0.0,
                    1.0
                ]
            ]
        },
        {
            "file_path": "/data/shapenet_blender/all_50_random/02958343/f1bcdbe16690a985ca92a4cdad802b45/r_16",
            "rotation": 0.12566370614359174,
            "transform_matrix": [
                [
                    0.9889950156211853,
                    0.05283966287970543,
                    0.13819114863872528,
                    0.5570663809776306
                ],
                [
                    0.1479487270116806,
                    -0.35321807861328125,
                    -0.9237684011459351,
                    -3.723829746246338
                ],
                [
                    3.725290076417309e-09,
                    0.9340476393699646,
                    -0.3571484386920929,
                    -1.439711570739746
                ],
                [
                    0.0,
                    0.0,
                    0.0,
                    1.0
                ]
            ]
        },
        {
            "file_path": "/data/shapenet_blender/all_50_random/02958343/f1bcdbe16690a985ca92a4cdad802b45/r_17",
            "rotation": 0.12566370614359174,
            "transform_matrix": [
                [
                    -0.22647342085838318,
                    -0.762295663356781,
                    -0.6063125729560852,
                    -2.444124221801758
                ],
                [
                    -0.9740173816680908,
                    0.17724499106407166,
                    0.14097662270069122,
                    0.5682949423789978
                ],
                [
                    0.0,
                    0.6224863529205322,
                    -0.7826305031776428,
                    -3.1548845767974854
                ],
                [
                    0.0,
                    0.0,
                    0.0,
                    1.0
                ]
            ]
        },
        {
            "file_path": "/data/shapenet_blender/all_50_random/02958343/f1bcdbe16690a985ca92a4cdad802b45/r_18",
            "rotation": 0.12566370614359174,
            "transform_matrix": [
                [
                    0.5784848928451538,
                    -0.02296239137649536,
                    0.8153698444366455,
                    3.286860942840576
                ],
                [
                    0.815693199634552,
                    0.016284795477986336,
                    -0.5782555937767029,
                    -2.3310229778289795
                ],
                [
                    0.0,
                    0.9996035695075989,
                    0.028150776401162148,
                    0.11347941309213638
                ],
                [
                    0.0,
                    0.0,
                    0.0,
                    1.0
                ]
            ]
        },
        {
            "file_path": "/data/shapenet_blender/all_50_random/02958343/f1bcdbe16690a985ca92a4cdad802b45/r_19",
            "rotation": 0.12566370614359174,
            "transform_matrix": [
                [
                    -0.9824268817901611,
                    0.04860297217965126,
                    0.1802086979150772,
                    0.7264444828033447
                ],
                [
                    0.18664787709712982,
                    0.2558232545852661,
                    0.9485341310501099,
                    3.8236632347106934
                ],
                [
                    3.725290298461914e-09,
                    0.9655010104179382,
                    -0.2603992819786072,
                    -1.0497031211853027
                ],
                [
                    0.0,
                    0.0,
                    0.0,
                    1.0
                ]
            ]
        },
        {
            "file_path": "/data/shapenet_blender/all_50_random/02958343/f1bcdbe16690a985ca92a4cdad802b45/r_20",
            "rotation": 0.12566370614359174,
            "transform_matrix": [
                [
                    0.19970111548900604,
                    0.15230098366737366,
                    0.9679482579231262,
                    3.9019243717193604
                ],
                [
                    0.9798569679260254,
                    -0.031039919704198837,
                    -0.19727404415607452,
                    -0.7952371835708618
                ],
                [
                    3.725290742551124e-09,
                    0.9878464937210083,
                    -0.15543188154697418,
                    -0.6265659928321838
                ],
                [
                    0.0,
                    0.0,
                    0.0,
                    1.0
                ]
            ]
        },
        {
            "file_path": "/data/shapenet_blender/all_50_random/02958343/f1bcdbe16690a985ca92a4cdad802b45/r_21",
            "rotation": 0.12566370614359174,
            "transform_matrix": [
                [
                    0.7607184052467346,
                    0.05346827954053879,
                    0.6468759179115295,
                    2.607640504837036
                ],
                [
                    0.6490819454193115,
                    -0.06266435980796814,
                    -0.7581329941749573,
                    -3.0561320781707764
                ],
                [
                    0.0,
                    0.996601402759552,
                    -0.08237522095441818,
                    -0.3320651650428772
                ],
                [
                    0.0,
                    0.0,
                    0.0,
                    1.0
                ]
            ]
        },
        {
            "file_path": "/data/shapenet_blender/all_50_random/02958343/f1bcdbe16690a985ca92a4cdad802b45/r_22",
            "rotation": 0.12566370614359174,
            "transform_matrix": [
                [
                    0.7765634059906006,
                    -0.4791310727596283,
                    -0.409124493598938,
                    -1.6492335796356201
                ],
                [
                    -0.6300392746925354,
                    -0.5905594229698181,
                    -0.5042718648910522,
                    -2.032784938812256
                ],
                [
                    -1.4901162970204496e-08,
                    0.6493634581565857,
                    -0.760478138923645,
                    -3.0655853748321533
                ],
                [
                    0.0,
                    0.0,
                    0.0,
                    1.0
                ]
            ]
        },
        {
            "file_path": "/data/shapenet_blender/all_50_random/02958343/f1bcdbe16690a985ca92a4cdad802b45/r_23",
            "rotation": 0.12566370614359174,
            "transform_matrix": [
                [
                    -0.2981087863445282,
                    0.18662510812282562,
                    0.9361100196838379,
                    3.773580551147461
                ],
                [
                    0.9545318484306335,
                    0.05828468129038811,
                    0.2923555076122284,
                    1.1785228252410889
                ],
                [
                    7.450580596923828e-09,
                    0.980700671672821,
                    -0.1955147683620453,
                    -0.7881453037261963
                ],
                [
                    0.0,
                    0.0,
                    0.0,
                    1.0
                ]
            ]
        },
        {
            "file_path": "/data/shapenet_blender/all_50_random/02958343/f1bcdbe16690a985ca92a4cdad802b45/r_24",
            "rotation": 0.12566370614359174,
            "transform_matrix": [
                [
                    0.6775912642478943,
                    -0.703111469745636,
                    -0.21564830839633942,
                    -0.8693060874938965
                ],
                [
                    -0.7354387044906616,
                    -0.6478067636489868,
                    -0.19868604838848114,
                    -0.800929069519043
                ],
                [
                    0.0,
                    0.2932242751121521,
                    -0.9560437798500061,
                    -3.853935480117798
                ],
                [
                    0.0,
                    0.0,
                    0.0,
                    1.0
                ]
            ]
        },
        {
            "file_path": "/data/shapenet_blender/all_50_random/02958343/f1bcdbe16690a985ca92a4cdad802b45/r_25",
            "rotation": 0.12566370614359174,
            "transform_matrix": [
                [
                    -0.4316371977329254,
                    0.09950154274702072,
                    0.8965426683425903,
                    3.614078998565674
                ],
                [
                    0.9020472764968872,
                    0.047612324357032776,
                    0.42900320887565613,
                    1.7293672561645508
                ],
                [
                    0.0,
                    0.9938976168632507,
                    -0.11030635237693787,
                    -0.44465914368629456
                ],
                [
                    0.0,
                    0.0,
                    0.0,
                    1.0
                ]
            ]
        },
        {
            "file_path": "/data/shapenet_blender/all_50_random/02958343/f1bcdbe16690a985ca92a4cdad802b45/r_26",
            "rotation": 0.12566370614359174,
            "transform_matrix": [
                [
                    0.3899812698364258,
                    -0.05358476564288139,
                    0.9192623496055603,
                    3.705665111541748
                ],
                [
                    0.9208228588104248,
                    0.02269389107823372,
                    -0.38932037353515625,
                    -1.569400668144226
                ],
                [
                    1.862645149230957e-09,
                    0.9983054399490356,
                    0.058192264288663864,
                    0.23458051681518555
                ],
                [
                    0.0,
                    0.0,
                    0.0,
                    1.0
                ]
            ]
        },
        {
            "file_path": "/data/shapenet_blender/all_50_random/02958343/f1bcdbe16690a985ca92a4cdad802b45/r_27",
            "rotation": 0.12566370614359174,
            "transform_matrix": [
                [
                    -0.7659429311752319,
                    -0.0057170577347278595,
                    0.6428831219673157,
                    2.5915448665618896
                ],
                [
                    0.6429085731506348,
                    -0.006811139173805714,
                    0.7659125924110413,
                    3.0874924659729004
                ],
                [
                    0.0,
                    0.9999604821205139,
                    0.008892488665878773,
                    0.0358467698097229
                ],
                [
                    0.0,
                    0.0,
                    0.0,
                    1.0
                ]
            ]
        },
        {
            "file_path": "/data/shapenet_blender/all_50_random/02958343/f1bcdbe16690a985ca92a4cdad802b45/r_28",
            "rotation": 0.12566370614359174,
            "transform_matrix": [
                [
                    0.11468736082315445,
                    0.5980342030525208,
                    0.7932224869728088,
                    3.1975820064544678
                ],
                [
                    0.9934016466140747,
                    -0.06904253363609314,
                    -0.09157684445381165,
                    -0.3691580593585968
                ],
                [
                    7.450580596923828e-09,
                    0.7984911799430847,
                    -0.6020064353942871,
                    -2.4267654418945312
                ],
                [
                    0.0,
                    0.0,
                    0.0,
                    1.0
                ]
            ]
        },
        {
            "file_path": "/data/shapenet_blender/all_50_random/02958343/f1bcdbe16690a985ca92a4cdad802b45/r_29",
            "rotation": 0.12566370614359174,
            "transform_matrix": [
                [
                    0.2833496332168579,
                    0.07314147800207138,
                    -0.9562234282493591,
                    -3.8546600341796875
                ],
                [
                    -0.959016740322113,
                    0.02161026932299137,
                    -0.28252431750297546,
                    -1.1388919353485107
                ],
                [
                    -1.862645371275562e-09,
                    0.9970874190330505,
                    0.07626715302467346,
                    0.30744272470474243
                ],
                [
                    0.0,
                    0.0,
                    0.0,
                    1.0
                ]
            ]
        },
        {
            "file_path": "/data/shapenet_blender/all_50_random/02958343/f1bcdbe16690a985ca92a4cdad802b45/r_30",
            "rotation": 0.12566370614359174,
            "transform_matrix": [
                [
                    0.9977194666862488,
                    0.012823071330785751,
                    -0.06626925617456436,
                    -0.26713988184928894
                ],
                [
                    -0.06749848276376724,
                    0.18954244256019592,
                    -0.979549765586853,
                    -3.948690891265869
                ],
                [
                    9.313225746154785e-10,
                    0.9817887544631958,
                    0.18997572362422943,
                    0.7658165693283081
                ],
                [
                    0.0,
                    0.0,
                    0.0,
                    1.0
                ]
            ]
        },
        {
            "file_path": "/data/shapenet_blender/all_50_random/02958343/f1bcdbe16690a985ca92a4cdad802b45/r_31",
            "rotation": 0.12566370614359174,
            "transform_matrix": [
                [
                    0.7349610328674316,
                    0.6759401559829712,
                    0.05419565364718437,
                    0.21846963465213776
                ],
                [
                    0.6781094074249268,
                    -0.7326099276542664,
                    -0.05873933434486389,
                    -0.23678579926490784
                ],
                [
                    0.0,
                    0.07992162555456161,
                    -0.9968011975288391,
                    -4.018233776092529
                ],
                [
                    0.0,
                    0.0,
                    0.0,
                    1.0
                ]
            ]
        },
        {
            "file_path": "/data/shapenet_blender/all_50_random/02958343/f1bcdbe16690a985ca92a4cdad802b45/r_32",
            "rotation": 0.12566370614359174,
            "transform_matrix": [
                [
                    0.9755727052688599,
                    -0.055782873183488846,
                    0.2124759405851364,
                    0.8565179109573364
                ],
                [
                    0.21967646479606628,
                    0.24772909283638,
                    -0.9435955286026001,
                    -3.803755283355713
                ],
                [
                    0.0,
                    0.9672220945358276,
                    0.2539319396018982,
                    1.0236324071884155
                ],
                [
                    0.0,
                    0.0,
                    0.0,
                    1.0
                ]
            ]
        },
        {
            "file_path": "/data/shapenet_blender/all_50_random/02958343/f1bcdbe16690a985ca92a4cdad802b45/r_33",
            "rotation": 0.12566370614359174,
            "transform_matrix": [
                [
                    -0.3324339985847473,
                    0.5055575966835022,
                    -0.7961778044700623,
                    -3.2094953060150146
                ],
                [
                    -0.9431266188621521,
                    -0.17819935083389282,
                    0.28063738346099854,
                    1.1312854290008545
                ],
                [
                    0.0,
                    0.8441897034645081,
                    0.5360443592071533,
                    2.1608638763427734
                ],
                [
                    0.0,
                    0.0,
                    0.0,
                    1.0
                ]
            ]
        },
        {
            "file_path": "/data/shapenet_blender/all_50_random/02958343/f1bcdbe16690a985ca92a4cdad802b45/r_34",
            "rotation": 0.12566370614359174,
            "transform_matrix": [
                [
                    -0.2977622151374817,
                    -0.7327141165733337,
                    0.6119376420974731,
                    2.46679949760437
                ],
                [
                    0.9546400904655457,
                    -0.22854118049144745,
                    0.19086973369121552,
                    0.7694204449653625
                ],
                [
                    0.0,
                    0.6410139203071594,
                    0.7675291895866394,
                    3.0940089225769043
                ],
                [
                    0.0,
                    0.0,
                    0.0,
                    1.0
                ]
            ]
        },
        {
            "file_path": "/data/shapenet_blender/all_50_random/02958343/f1bcdbe16690a985ca92a4cdad802b45/r_35",
            "rotation": 0.12566370614359174,
            "transform_matrix": [
                [
                    0.9901482462882996,
                    -0.09281408041715622,
                    -0.10484254360198975,
                    -0.4226337969303131
                ],
                [
                    -0.140022873878479,
                    -0.6563191413879395,
                    -0.7413763403892517,
                    -2.988583564758301
                ],
                [
                    0.0,
                    0.7487528324127197,
                    -0.6628492474555969,
                    -2.6720306873321533
                ],
                [
                    0.0,
                    0.0,
                    0.0,
                    1.0
                ]
            ]
        },
        {
            "file_path": "/data/shapenet_blender/all_50_random/02958343/f1bcdbe16690a985ca92a4cdad802b45/r_36",
            "rotation": 0.12566370614359174,
            "transform_matrix": [
                [
                    0.7652438282966614,
                    -0.0028674930799752474,
                    -0.6437340974807739,
                    -2.594975471496582
                ],
                [
                    -0.6437405347824097,
                    -0.0034087204840034246,
                    -0.7652361989021301,
                    -3.084765911102295
                ],
                [
                    -2.3283061589829401e-10,
                    0.9999901652336121,
                    -0.004454422742128372,
                    -0.017956353724002838
                ],
                [
                    0.0,
                    0.0,
                    0.0,
                    1.0
                ]
            ]
        },
        {
            "file_path": "/data/shapenet_blender/all_50_random/02958343/f1bcdbe16690a985ca92a4cdad802b45/r_37",
            "rotation": 0.12566370614359174,
            "transform_matrix": [
                [
                    0.7278406620025635,
                    0.26490405201911926,
                    -0.6325138211250305,
                    -2.5497446060180664
                ],
                [
                    -0.6857462525367737,
                    0.28116515278816223,
                    -0.6713405847549438,
                    -2.7062604427337646
                ],
                [
                    0.0,
                    0.9223728775978088,
                    0.3863004446029663,
                    1.5572267770767212
                ],
                [
                    0.0,
                    0.0,
                    0.0,
                    1.0
                ]
            ]
        },
        {
            "file_path": "/data/shapenet_blender/all_50_random/02958343/f1bcdbe16690a985ca92a4cdad802b45/r_38",
            "rotation": 0.12566370614359174,
            "transform_matrix": [
                [
                    -0.02426113747060299,
                    -0.12084168940782547,
                    -0.9923753142356873,
                    -4.000392436981201
                ],
                [
                    -0.9997056722640991,
                    0.0029326200019568205,
                    0.024083241820335388,
                    0.09708264470100403
                ],
                [
                    0.0,
                    0.9926673769950867,
                    -0.12087728828191757,
                    -0.48727187514305115
                ],
                [
                    0.0,
                    0.0,
                    0.0,
                    1.0
                ]
            ]
        },
        {
            "file_path": "/data/shapenet_blender/all_50_random/02958343/f1bcdbe16690a985ca92a4cdad802b45/r_39",
            "rotation": 0.12566370614359174,
            "transform_matrix": [
                [
                    0.5515346527099609,
                    0.06801972538232803,
                    0.8313740491867065,
                    3.3513760566711426
                ],
                [
                    0.8341520428657532,
                    -0.04497409611940384,
                    -0.5496978759765625,
                    -2.2159030437469482
                ],
                [
                    -3.725290742551124e-09,
                    0.9966696500778198,
                    -0.08154356479644775,
                    -0.3287126123905182
                ],
                [
                    0.0,
                    0.0,
                    0.0,
                    1.0
                ]
            ]
        },
        {
            "file_path": "/data/shapenet_blender/all_50_random/02958343/f1bcdbe16690a985ca92a4cdad802b45/r_40",
            "rotation": 0.12566370614359174,
            "transform_matrix": [
                [
                    -0.9892920255661011,
                    0.11614617705345154,
                    0.08838111907243729,
                    0.35627567768096924
                ],
                [
                    0.14594914019107819,
                    0.7872775793075562,
                    0.5990767478942871,
                    2.4149556159973145
                ],
                [
                    0.0,
                    0.6055610179901123,
                    -0.7957988381385803,
                    -3.207967758178711
                ],
                [
                    0.0,
                    0.0,
                    0.0,
                    1.0
                ]
            ]
        },
        {
            "file_path": "/data/shapenet_blender/all_50_random/02958343/f1bcdbe16690a985ca92a4cdad802b45/r_41",
            "rotation": 0.12566370614359174,
            "transform_matrix": [
                [
                    0.3641713857650757,
                    0.46306848526000977,
                    -0.8080511093139648,
                    -3.2573585510253906
                ],
                [
                    -0.9313319325447083,
                    0.18107002973556519,
                    -0.315965861082077,
                    -1.2736992835998535
                ],
                [
                    0.0,
