{
    "class": "02958343",
    "model": "93bb1cd910f054818c2e7159929c406f",
    "remove_doubles": true,
    "edge_split": true,
    "denoise": true,
    "camera_angle_x": 0.6911112070083618,
    "scale_factor": 2.5360885347584547,
    "hdri_file": "/data/IndoorHDRDataset2018/AG8A0848-7299a90529.exr",
    "center_offset": [
        0.0,
        -1.862645149230957e-09,
        7.450580596923828e-09
    ],
    "lights": [],
    "frames": [
        {
            "file_path": "/data/shapenet_blender/all_50_random/02958343/93bb1cd910f054818c2e7159929c406f/r_0",
            "rotation": 0.12566370614359174,
            "transform_matrix": [
                [
                    -0.7700748443603516,
                    -0.001622937386855483,
                    -0.6379514932632446,
                    -2.571665048599243
                ],
                [
                    -0.6379536390304565,
                    0.00195904984138906,
                    0.7700722217559814,
                    3.1042606830596924
                ],
                [
                    -1.1641532182693481e-10,
                    0.9999967813491821,
                    -0.0025439735036343336,
                    -0.010255086235702038
                ],
                [
                    0.0,
                    0.0,
                    0.0,
                    1.0
                ]
            ]
        },
        {
            "file_path": "/data/shapenet_blender/all_50_random/02958343/93bb1cd910f054818c2e7159929c406f/r_1",
            "rotation": 0.12566370614359174,
            "transform_matrix": [
                [
                    -0.913423478603363,
                    -0.27082088589668274,
                    -0.3038314878940582,
                    -1.2247838973999023
                ],
                [
                    -0.4070104658603668,
                    0.6077832579612732,
                    0.6818665266036987,
                    2.7486917972564697
                ],
                [
                    0.0,
                    0.7464954257011414,
                    -0.6653904914855957,
                    -2.68227481842041
                ],
                [
                    0.0,
                    0.0,
                    0.0,
                    1.0
                ]
            ]
        },
        {
            "file_path": "/data/shapenet_blender/all_50_random/02958343/93bb1cd910f054818c2e7159929c406f/r_2",
            "rotation": 0.12566370614359174,
            "transform_matrix": [
                [
                    0.6150155663490295,
                    -0.3828524649143219,
                    -0.6893327832221985,
                    -2.778789520263672
                ],
                [
                    -0.7885149717330933,
                    -0.2986122667789459,
                    -0.5376567840576172,
                    -2.1673641204833984
                ],
                [
                    0.0,
                    0.8742164969444275,
                    -0.4855360984802246,
                    -1.957258701324463
                ],
                [
                    0.0,
                    0.0,
                    0.0,
                    1.0
                ]
            ]
        },
        {
            "file_path": "/data/shapenet_blender/all_50_random/02958343/93bb1cd910f054818c2e7159929c406f/r_3",
            "rotation": 0.12566370614359174,
            "transform_matrix": [
                [
                    -0.0648895651102066,
                    -0.6273126602172852,
                    0.7760593295097351,
                    3.1283953189849854
                ],
                [
                    0.9978924989700317,
                    -0.040792014449834824,
                    0.05046450346708298,
                    0.20342892408370972
                ],
                [
                    0.0,
                    0.777698278427124,
                    0.6286375522613525,
                    2.534119129180908
                ],
                [
                    0.0,
                    0.0,
                    0.0,
                    1.0
                ]
            ]
        },
        {
            "file_path": "/data/shapenet_blender/all_50_random/02958343/93bb1cd910f054818c2e7159929c406f/r_4",
            "rotation": 0.12566370614359174,
            "transform_matrix": [
                [
                    -0.972000002861023,
                    -0.11068180203437805,
                    -0.20728182792663574,
                    -0.8355797529220581
                ],
                [
                    -0.23498134315013885,
                    0.4578351080417633,
                    0.8574209809303284,
                    3.4563746452331543
                ],
                [
                    0.0,
                    0.8821204304695129,
                    -0.4710238575935364,
                    -1.8987579345703125
                ],
                [
                    0.0,
                    0.0,
                    0.0,
                    1.0
                ]
            ]
        },
        {
            "file_path": "/data/shapenet_blender/all_50_random/02958343/93bb1cd910f054818c2e7159929c406f/r_5",
            "rotation": 0.12566370614359174,
            "transform_matrix": [
                [
                    -0.24718275666236877,
                    -0.39537346363067627,
                    0.8846358060836792,
                    3.5660810470581055
                ],
                [
                    0.9689688086509705,
                    -0.10085928440093994,
                    0.2256695181131363,
                    0.9097028970718384
                ],
                [
                    0.0,
                    0.9129660725593567,
                    0.4080352783203125,
                    1.6448428630828857
                ],
                [
                    0.0,
                    0.0,
                    0.0,
                    1.0
                ]
            ]
        },
        {
            "file_path": "/data/shapenet_blender/all_50_random/02958343/93bb1cd910f054818c2e7159929c406f/r_6",
            "rotation": 0.12566370614359174,
            "transform_matrix": [
                [
                    -0.9823944568634033,
                    -0.0946366935968399,
                    -0.1610749512910843,
                    -0.6493139266967773
                ],
                [
                    -0.18681874871253967,
                    0.4976511597633362,
                    0.8470195531845093,
                    3.414444923400879
                ],
                [
                    7.450580596923828e-09,
                    0.8621990084648132,
                    -0.5065695643424988,
                    -2.0420472621917725
                ],
                [
                    0.0,
                    0.0,
                    0.0,
                    1.0
                ]
            ]
        },
        {
            "file_path": "/data/shapenet_blender/all_50_random/02958343/93bb1cd910f054818c2e7159929c406f/r_7",
            "rotation": 0.12566370614359174,
            "transform_matrix": [
                [
                    0.27415353059768677,
                    0.4930586516857147,
                    0.8256711363792419,
                    3.3283870220184326
                ],
                [
                    0.9616858959197998,
                    -0.14055916666984558,
                    -0.23537899553775787,
                    -0.9488431215286255
                ],
                [
                    -7.450580596923828e-09,
                    0.8585663437843323,
                    -0.5127023458480835,
                    -2.066769599914551
                ],
                [
                    0.0,
                    0.0,
                    0.0,
                    1.0
                ]
            ]
        },
        {
            "file_path": "/data/shapenet_blender/all_50_random/02958343/93bb1cd910f054818c2e7159929c406f/r_8",
            "rotation": 0.12566370614359174,
            "transform_matrix": [
                [
                    -0.8169035911560059,
                    0.2902596592903137,
                    0.49841535091400146,
                    2.00917649269104
                ],
                [
                    0.5767742395401001,
                    0.4111039638519287,
                    0.7059214115142822,
                    2.8456602096557617
                ],
                [
                    -2.9802322387695312e-08,
                    0.8641428351402283,
                    -0.5032466053962708,
                    -2.0286519527435303
                ],
                [
                    0.0,
                    0.0,
                    0.0,
                    1.0
                ]
            ]
        },
        {
            "file_path": "/data/shapenet_blender/all_50_random/02958343/93bb1cd910f054818c2e7159929c406f/r_9",
            "rotation": 0.12566370614359174,
            "transform_matrix": [
                [
                    -0.7969156503677368,
                    -0.0019497075118124485,
                    -0.6040875315666199,
                    -2.435154676437378
                ],
                [
                    -0.604090690612793,
                    0.0025720514822751284,
                    0.7969114780426025,
                    3.2124528884887695
                ],
                [
                    0.0,
                    0.9999947547912598,
                    -0.0032275081612169743,
                    -0.013010501861572266
                ],
                [
                    0.0,
                    0.0,
                    0.0,
                    1.0
                ]
            ]
        },
        {
            "file_path": "/data/shapenet_blender/all_50_random/02958343/93bb1cd910f054818c2e7159929c406f/r_10",
            "rotation": 0.12566370614359174,
            "transform_matrix": [
                [
                    0.5170509815216064,
                    0.2205936759710312,
                    0.8270409107208252,
                    3.3339085578918457
                ],
                [
                    0.855954647064209,
                    -0.1332525908946991,
                    -0.49958527088165283,
                    -2.013892650604248
                ],
                [
                    -7.450581485102248e-09,
                    0.966220498085022,
                    -0.257716566324234,
                    -1.038888692855835
                ],
                [
                    0.0,
                    0.0,
                    0.0,
                    1.0
                ]
            ]
        },
        {
            "file_path": "/data/shapenet_blender/all_50_random/02958343/93bb1cd910f054818c2e7159929c406f/r_11",
            "rotation": 0.12566370614359174,
            "transform_matrix": [
                [
                    0.813181459903717,
                    -0.0005372597952373326,
                    0.58201003074646,
                    2.3461577892303467
                ],
                [
                    0.5820103883743286,
                    0.0007506562396883965,
                    -0.8131809830665588,
                    -3.2780375480651855
                ],
                [
                    0.0,
                    0.9999995827674866,
                    0.0009231104631908238,
                    0.003721177577972412
                ],
                [
                    0.0,
                    0.0,
                    0.0,
                    1.0
                ]
            ]
        },
        {
            "file_path": "/data/shapenet_blender/all_50_random/02958343/93bb1cd910f054818c2e7159929c406f/r_12",
            "rotation": 0.12566370614359174,
            "transform_matrix": [
                [
                    -0.3905320465564728,
                    0.2530563473701477,
                    -0.885125458240509,
                    -3.5680551528930664
                ],
                [
                    -0.9205893278121948,
                    -0.10735145211219788,
                    0.3754875361919403,
                    1.5136387348175049
                ],
                [
                    7.450580596923828e-09,
                    0.9614770412445068,
                    0.2748851180076599,
                    1.1080974340438843
                ],
                [
                    0.0,
                    0.0,
                    0.0,
                    1.0
                ]
            ]
        },
        {
            "file_path": "/data/shapenet_blender/all_50_random/02958343/93bb1cd910f054818c2e7159929c406f/r_13",
            "rotation": 0.12566370614359174,
            "transform_matrix": [
                [
                    0.9215863943099976,
                    -0.051782991737127304,
                    -0.38470369577407837,
                    -1.5507901906967163
                ],
                [
                    -0.3881731629371643,
                    -0.1229412630200386,
                    -0.9133493304252625,
                    -3.681828737258911
                ],
                [
                    3.725290076417309e-09,
                    0.9910619854927063,
                    -0.1334017664194107,
                    -0.5377597212791443
                ],
                [
                    0.0,
                    0.0,
                    0.0,
                    1.0
                ]
            ]
        },
        {
            "file_path": "/data/shapenet_blender/all_50_random/02958343/93bb1cd910f054818c2e7159929c406f/r_14",
            "rotation": 0.12566370614359174,
            "transform_matrix": [
                [
                    -0.32819864153862,
                    0.7973917722702026,
                    0.5064107775688171,
                    2.0414071083068848
                ],
                [
                    0.9446088075637817,
                    0.2770489454269409,
                    0.175949364900589,
                    0.7092745900154114
                ],
                [
                    0.0,
                    0.5361063480377197,
                    -0.8441504240036011,
                    -3.402879238128662
                ],
                [
                    0.0,
                    0.0,
                    0.0,
                    1.0
                ]
            ]
        },
        {
            "file_path": "/data/shapenet_blender/all_50_random/02958343/93bb1cd910f054818c2e7159929c406f/r_15",
            "rotation": 0.12566370614359174,
            "transform_matrix": [
                [
                    -0.29709672927856445,
                    0.03740837797522545,
                    -0.9541143178939819,
                    -3.846158027648926
                ],
                [
                    -0.9548473954200745,
                    -0.011639459058642387,
                    0.29686862230300903,
                    1.1967158317565918
                ],
                [
                    0.0,
                    0.9992321729660034,
                    0.039177339524030685,
                    0.157928928732872
                ],
                [
                    0.0,
                    0.0,
                    0.0,
                    1.0
                ]
            ]
        },
        {
            "file_path": "/data/shapenet_blender/all_50_random/02958343/93bb1cd910f054818c2e7159929c406f/r_16",
            "rotation": 0.12566370614359174,
            "transform_matrix": [
                [
                    0.8268952965736389,
                    0.15182135999202728,
                    0.5414741635322571,
                    2.1827523708343506
                ],
                [
                    0.5623557567596436,
                    -0.22324012219905853,
                    -0.7961907386779785,
                    -3.209547758102417
                ],
                [
                    0.0,
                    0.9628676772117615,
                    -0.2699738144874573,
                    -1.0882993936538696
                ],
                [
                    0.0,
                    0.0,
                    0.0,
                    1.0
                ]
            ]
        },
        {
            "file_path": "/data/shapenet_blender/all_50_random/02958343/93bb1cd910f054818c2e7159929c406f/r_17",
            "rotation": 0.12566370614359174,
            "transform_matrix": [
                [
                    0.9993651509284973,
                    -0.02952716499567032,
                    0.019936559721827507,
                    0.08036684989929199
                ],
                [
                    0.035627517849206924,
                    0.8282479643821716,
                    -0.5592279434204102,
                    -2.2543201446533203
                ],
                [
                    1.862645149230957e-09,
                    0.5595832467079163,
                    0.828774094581604,
                    3.340895414352417
                ],
                [
                    0.0,
                    0.0,
                    0.0,
                    1.0
                ]
            ]
        },
        {
            "file_path": "/data/shapenet_blender/all_50_random/02958343/93bb1cd910f054818c2e7159929c406f/r_18",
            "rotation": 0.12566370614359174,
            "transform_matrix": [
                [
                    0.5548644661903381,
                    -0.05352156236767769,
                    -0.8302173614501953,
                    -3.3467133045196533
                ],
                [
                    -0.831940770149231,
                    -0.03569630905985832,
                    -0.5537150502204895,
                    -2.2320966720581055
                ],
                [
                    -1.862645149230957e-09,
                    0.9979284405708313,
                    -0.06433337926864624,
                    -0.2593361437320709
                ],
                [
                    0.0,
                    0.0,
                    0.0,
                    1.0
                ]
            ]
        },
        {
            "file_path": "/data/shapenet_blender/all_50_random/02958343/93bb1cd910f054818c2e7159929c406f/r_19",
            "rotation": 0.12566370614359174,
            "transform_matrix": [
                [
                    0.2801169157028198,
                    0.8379653096199036,
                    0.4683467149734497,
                    1.8879661560058594
                ],
                [
                    0.9599659442901611,
                    -0.2445172816514969,
                    -0.136663019657135,
                    -0.5509063005447388
                ],
                [
                    -7.450580596923828e-09,
                    0.48787856101989746,
                    -0.8729114532470703,
                    -3.5188188552856445
                ],
                [
                    0.0,
                    0.0,
                    0.0,
                    1.0
                ]
            ]
        },
        {
            "file_path": "/data/shapenet_blender/all_50_random/02958343/93bb1cd910f054818c2e7159929c406f/r_20",
            "rotation": 0.12566370614359174,
            "transform_matrix": [
                [
                    0.11769364029169083,
                    0.07833946496248245,
                    0.9899551272392273,
                    3.9906365871429443
                ],
                [
                    0.9930499196052551,
                    -0.00928458571434021,
                    -0.11732685565948486,
                    -0.4729596674442291
                ],
                [
                    0.0,
                    0.9968835711479187,
                    -0.07888773083686829,
                    -0.31800660490989685
                ],
                [
                    0.0,
                    0.0,
                    0.0,
                    1.0
                ]
            ]
        },
        {
            "file_path": "/data/shapenet_blender/all_50_random/02958343/93bb1cd910f054818c2e7159929c406f/r_21",
            "rotation": 0.12566370614359174,
            "transform_matrix": [
                [
                    0.9903904795646667,
                    -0.01449655182659626,
                    -0.1375381201505661,
                    -0.5544339418411255
                ],
                [
                    -0.13830000162124634,
                    -0.1038123369216919,
                    -0.9849345088005066,
                    -3.970398187637329
                ],
                [
                    0.0,
                    0.9944912791252136,
                    -0.10481960326433182,
                    -0.42254137992858887
                ],
                [
                    0.0,
                    0.0,
                    0.0,
                    1.0
                ]
            ]
        },
        {
            "file_path": "/data/shapenet_blender/all_50_random/02958343/93bb1cd910f054818c2e7159929c406f/r_22",
            "rotation": 0.12566370614359174,
            "transform_matrix": [
                [
                    -0.9844714999198914,
                    0.04476984217762947,
                    0.16973963379859924,
                    0.6842424273490906
                ],
                [
                    0.17554454505443573,
                    0.25107377767562866,
                    0.9519169926643372,
                    3.8373003005981445
                ],
                [
                    0.0,
                    0.9669321179389954,
                    -0.25503402948379517,
                    -1.0280752182006836
                ],
                [
                    0.0,
                    0.0,
                    0.0,
                    1.0
                ]
            ]
        },
        {
            "file_path": "/data/shapenet_blender/all_50_random/02958343/93bb1cd910f054818c2e7159929c406f/r_23",
            "rotation": 0.12566370614359174,
            "transform_matrix": [
                [
                    -0.9931787848472595,
                    -0.026269612833857536,
                    -0.113603875041008,
                    -0.4579519033432007
                ],
                [
                    -0.1166016086935997,
                    0.22375696897506714,
                    0.9676449298858643,
                    3.9007017612457275
                ],
                [
                    0.0,
                    0.9742909073829651,
                    -0.22529371082782745,
                    -0.9081880450248718
                ],
                [
                    0.0,
                    0.0,
                    0.0,
                    1.0
                ]
            ]
        },
        {
            "file_path": "/data/shapenet_blender/all_50_random/02958343/93bb1cd910f054818c2e7159929c406f/r_24",
            "rotation": 0.12566370614359174,
            "transform_matrix": [
                [
                    -0.7876469492912292,
                    -0.37179306149482727,
                    -0.49130645394325256,
                    -1.9805198907852173
                ],
                [
                    -0.6161267161369324,
                    0.4752945303916931,
                    0.6280786395072937,
                    2.5318663120269775
                ],
                [
                    -1.4901161193847656e-08,
                    0.7974113821983337,
                    -0.6034359335899353,
                    -2.432528257369995
                ],
                [
                    0.0,
                    0.0,
                    0.0,
                    1.0
                ]
            ]
        },
        {
            "file_path": "/data/shapenet_blender/all_50_random/02958343/93bb1cd910f054818c2e7159929c406f/r_25",
            "rotation": 0.12566370614359174,
            "transform_matrix": [
                [
                    -0.9596976041793823,
                    0.009363777004182339,
                    0.2808786630630493,
                    1.1322580575942993
                ],
                [
                    0.2810347080230713,
                    0.03197610378265381,
                    0.9591647386550903,
                    3.8665168285369873
                ],
                [
                    -9.313225746154785e-10,
                    0.9994446635246277,
                    -0.033318936824798584,
                    -0.1343129277229309
                ],
                [
                    0.0,
                    0.0,
                    0.0,
                    1.0
                ]
            ]
        },
        {
            "file_path": "/data/shapenet_blender/all_50_random/02958343/93bb1cd910f054818c2e7159929c406f/r_26",
            "rotation": 0.12566370614359174,
            "transform_matrix": [
                [
                    -0.7418030500411987,
                    -0.39045292139053345,
                    0.5452290773391724,
                    2.1978886127471924
                ],
                [
                    0.6706178188323975,
                    -0.4318990409374237,
                    0.6031044721603394,
                    2.431191921234131
                ],
                [
                    1.4901161193847656e-08,
                    0.8130250573158264,
                    0.5822287201881409,
                    2.347038984298706
                ],
                [
                    0.0,
                    0.0,
                    0.0,
                    1.0
                ]
            ]
        },
        {
            "file_path": "/data/shapenet_blender/all_50_random/02958343/93bb1cd910f054818c2e7159929c406f/r_27",
            "rotation": 0.12566370614359174,
            "transform_matrix": [
                [
                    -0.8728945851325989,
                    -0.03857295587658882,
                    -0.4863816499710083,
                    -1.9606671333312988
                ],
                [
                    -0.4879087805747986,
                    0.06900905817747116,
                    0.8701624870300293,
                    3.507737159729004
                ],
                [
                    0.0,
                    0.9968700408935547,
                    -0.0790577232837677,
                    -0.3186918795108795
                ],
                [
                    0.0,
                    0.0,
                    0.0,
                    1.0
                ]
            ]
        },
        {
            "file_path": "/data/shapenet_blender/all_50_random/02958343/93bb1cd910f054818c2e7159929c406f/r_28",
            "rotation": 0.12566370614359174,
            "transform_matrix": [
                [
                    0.6692402362823486,
                    0.0020295747090131044,
                    -0.7430433034896851,
                    -2.9953033924102783
                ],
                [
                    -0.7430461645126343,
                    0.0018279794603586197,
                    -0.6692376732826233,
                    -2.6977834701538086
                ],
                [
                    0.0,
                    0.9999963641166687,
                    0.002731424756348133,
                    0.011010725051164627
                ],
                [
                    0.0,
                    0.0,
                    0.0,
                    1.0
                ]
            ]
        },
        {
            "file_path": "/data/shapenet_blender/all_50_random/02958343/93bb1cd910f054818c2e7159929c406f/r_29",
            "rotation": 0.12566370614359174,
            "transform_matrix": [
                [
                    0.11394961923360825,
                    -0.35334888100624084,
                    -0.9285257458686829,
                    -3.743006944656372
                ],
                [
                    -0.9934865832328796,
                    -0.04052794724702835,
                    -0.1064988225698471,
                    -0.42931050062179565
                ],
                [
                    -3.725290742551124e-09,
                    0.9346131682395935,
                    -0.35566553473472595,
                    -1.433733582496643
                ],
                [
                    0.0,
                    0.0,
                    0.0,
                    1.0
                ]
            ]
        },
        {
            "file_path": "/data/shapenet_blender/all_50_random/02958343/93bb1cd910f054818c2e7159929c406f/r_30",
            "rotation": 0.12566370614359174,
            "transform_matrix": [
                [
                    0.13674300909042358,
                    -0.272901326417923,
                    0.9522742033004761,
                    3.838740110397339
                ],
                [
                    0.9906066060066223,
                    0.03767121583223343,
                    -0.13145163655281067,
                    -0.5298985242843628
                ],
                [
                    0.0,
                    0.9613041877746582,
                    0.27548912167549133,
                    1.1105321645736694
                ],
                [
                    0.0,
                    0.0,
                    0.0,
                    1.0
                ]
            ]
        },
        {
            "file_path": "/data/shapenet_blender/all_50_random/02958343/93bb1cd910f054818c2e7159929c406f/r_31",
            "rotation": 0.12566370614359174,
            "transform_matrix": [
                [
                    -0.39177587628364563,
                    0.8468478918075562,
                    0.3596666157245636,
                    1.4498625993728638
                ],
                [
                    0.9200607538223267,
                    0.3606007397174835,
                    0.1531514972448349,
                    0.6173734664916992
                ],
                [
                    -1.4901162970204496e-08,
                    0.3909160792827606,
                    -0.9204261898994446,
                    -3.7103569507598877
                ],
                [
                    0.0,
                    0.0,
                    0.0,
                    1.0
                ]
            ]
        },
        {
            "file_path": "/data/shapenet_blender/all_50_random/02958343/93bb1cd910f054818c2e7159929c406f/r_32",
            "rotation": 0.12566370614359174,
            "transform_matrix": [
                [
                    -0.7337946891784668,
                    0.20396804809570312,
                    -0.6480295658111572,
                    -2.612290859222412
                ],
                [
                    -0.6793712973594666,
                    -0.2203076034784317,
                    0.6999422311782837,
                    2.8215575218200684
                ],
                [
                    1.4901161193847656e-08,
                    0.9538665413856506,
                    0.30023059248924255,
                    1.2102683782577515
                ],
                [
                    0.0,
                    0.0,
                    0.0,
                    1.0
                ]
            ]
        },
        {
            "file_path": "/data/shapenet_blender/all_50_random/02958343/93bb1cd910f054818c2e7159929c406f/r_33",
            "rotation": 0.12566370614359174,
            "transform_matrix": [
                [
                    0.06758549064397812,
                    0.8453229069709778,
                    0.5299636721611023,
                    2.1363518238067627
                ],
                [
                    0.997713565826416,
                    -0.057262491434812546,
                    -0.03589993715286255,
                    -0.144717276096344
                ],
                [
                    0.0,
                    0.5311781764030457,
                    -0.8472601175308228,
                    -3.415414810180664
                ],
                [
                    0.0,
                    0.0,
                    0.0,
                    1.0
                ]
            ]
        },
        {
            "file_path": "/data/shapenet_blender/all_50_random/02958343/93bb1cd910f054818c2e7159929c406f/r_34",
            "rotation": 0.12566370614359174,
            "transform_matrix": [
                [
                    -0.9849392175674438,
                    -0.008547705598175526,
                    -0.1726897656917572,
                    -0.6961346864700317
                ],
                [
                    -0.1729011833667755,
                    0.048692379146814346,
                    0.9837348461151123,
                    3.965562105178833
                ],
                [
                    0.0,
                    0.9987772703170776,
                    -0.049436938017606735,
                    -0.19928666949272156
                ],
                [
                    0.0,
                    0.0,
                    0.0,
                    1.0
                ]
            ]
        },
        {
            "file_path": "/data/shapenet_blender/all_50_random/02958343/93bb1cd910f054818c2e7159929c406f/r_35",
            "rotation": 0.12566370614359174,
            "transform_matrix": [
                [
                    -0.8379384279251099,
                    -0.46221715211868286,
                    0.29019731283187866,
                    1.1698228120803833
                ],
                [
                    0.5457647442817688,
                    -0.7096639275550842,
                    0.4455536901950836,
                    1.7960844039916992
                ],
                [
                    1.4901161193847656e-08,
                    0.5317259430885315,
                    0.8469163775444031,
                    3.414029121398926
                ],
                [
                    0.0,
                    0.0,
                    0.0,
                    1.0
                ]
            ]
        },
        {
            "file_path": "/data/shapenet_blender/all_50_random/02958343/93bb1cd910f054818c2e7159929c406f/r_36",
            "rotation": 0.12566370614359174,
            "transform_matrix": [
                [
                    0.8992697596549988,
                    0.2478359341621399,
                    0.36040425300598145,
                    1.4528361558914185
                ],
                [
                    0.43739446997642517,
                    -0.5095431804656982,
                    -0.7409802675247192,
                    -2.986987352371216
                ],
                [
                    -1.4901161193847656e-08,
                    0.8239800333976746,
                    -0.5666187405586243,
                    -2.2841134071350098
                ],
                [
                    0.0,
                    0.0,
                    0.0,
                    1.0
                ]
            ]
        },
        {
            "file_path": "/data/shapenet_blender/all_50_random/02958343/93bb1cd910f054818c2e7159929c406f/r_37",
            "rotation": 0.12566370614359174,
            "transform_matrix": [
                [
                    -0.5684187412261963,
                    -0.34880882501602173,
                    0.7451393008232117,
                    3.0037527084350586
                ],
                [
                    0.8227395415306091,
                    -0.24098694324493408,
                    0.5148058533668518,
                    2.0752487182617188
                ],
                [
                    1.4901162970204496e-08,
                    0.9056807160377502,
                    0.42396029829978943,
                    1.7090386152267456
                ],
                [
                    0.0,
                    0.0,
                    0.0,
                    1.0
                ]
            ]
        },
        {
            "file_path": "/data/shapenet_blender/all_50_random/02958343/93bb1cd910f054818c2e7159929c406f/r_38",
            "rotation": 0.12566370614359174,
            "transform_matrix": [
                [
                    -0.6831163763999939,
                    -0.35697996616363525,
                    0.6371164917945862,
                    2.568298816680908
                ],
                [
                    0.7303096055984497,
                    -0.33391159772872925,
                    0.595945417881012,
                    2.4023327827453613
                ],
                [
                    0.0,
                    0.8723921775817871,
                    0.4888063967227936,
                    1.9704415798187256
                ],
                [
                    0.0,
                    0.0,
                    0.0,
                    1.0
                ]
            ]
        },
        {
            "file_path": "/data/shapenet_blender/all_50_random/02958343/93bb1cd910f054818c2e7159929c406f/r_39",
            "rotation": 0.12566370614359174,
            "transform_matrix": [
                [
                    0.7013322114944458,
                    -0.48661550879478455,
                    0.5209015607833862,
                    2.0998215675354004
                ],
                [
                    0.7128345370292664,
                    0.4787634313106537,
                    -0.5124962329864502,
                    -2.065938711166382
                ],
                [
                    0.0,
                    0.730746865272522,
                    0.6826485395431519,
                    2.7518444061279297
                ],
                [
                    0.0,
                    0.0,
                    0.0,
                    1.0
                ]
            ]
        },
        {
            "file_path": "/data/shapenet_blender/all_50_random/02958343/93bb1cd910f054818c2e7159929c406f/r_40",
            "rotation": 0.12566370614359174,
            "transform_matrix": [
                [
                    -0.7611016631126404,
                    -0.4677709639072418,
                    -0.44934898614883423,
                    -1.8113837242126465
                ],
                [
                    -0.6486325860023499,
                    0.5488796830177307,
                    0.5272635221481323,
                    2.125467300415039
                ],
                [
                    -2.9802322387695312e-08,
                    0.6927635073661804,
                    -0.7211647629737854,
                    -2.9071080684661865
                ],
                [
                    0.0,
                    0.0,
                    0.0,
                    1.0
                ]
            ]
        },
        {
            "file_path": "/data/shapenet_blender/all_50_random/02958343/93bb1cd910f054818c2e7159929c406f/r_41",
            "rotation": 0.12566370614359174,
            "transform_matrix": [
                [
                    0.15949298441410065,
                    -0.19182708859443665,
                    0.9683824181556702,
                    3.9036738872528076
                ],
                [
                    0.987199068069458,
                    0.030991796404123306,
                    -0.156452938914299,
                    -0.6306818723678589
