{
    "class": "02958343",
    "model": "a0fe4aac120d5f8a5145cad7315443b3",
    "remove_doubles": true,
    "edge_split": true,
    "denoise": true,
    "camera_angle_x": 0.6911112070083618,
    "scale_factor": 2.3265904635009984,
    "hdri_file": "/data/IndoorHDRDataset2018/AG8A4023-286f9299fc.exr",
    "center_offset": [
        0.0,
        -1.862645149230957e-09,
        -3.725290298461914e-09
    ],
    "lights": [],
    "frames": [
        {
            "file_path": "/data/shapenet_blender/all_50_random/02958343/a0fe4aac120d5f8a5145cad7315443b3/r_0",
            "rotation": 0.12566370614359174,
            "transform_matrix": [
                [
                    -0.8629480600357056,
                    0.4593717157840729,
                    0.21047157049179077,
                    0.848438024520874
                ],
                [
                    0.5052926540374756,
                    0.7845234870910645,
                    0.3594472408294678,
                    1.4489781856536865
                ],
                [
                    1.4901161193847656e-08,
                    0.41653403639793396,
                    -0.9091200828552246,
                    -3.664780378341675
                ],
                [
                    0.0,
                    0.0,
                    0.0,
                    1.0
                ]
            ]
        },
        {
            "file_path": "/data/shapenet_blender/all_50_random/02958343/a0fe4aac120d5f8a5145cad7315443b3/r_1",
            "rotation": 0.12566370614359174,
            "transform_matrix": [
                [
                    -0.9999999403953552,
                    -0.0003110050456598401,
                    -0.0002092231879942119,
                    -0.0008434057235717773
                ],
                [
                    -0.00037483125925064087,
                    0.8297200798988342,
                    0.5581796169281006,
                    2.250094175338745
                ],
                [
                    0.0,
                    0.5581796169281006,
                    -0.8297199606895447,
                    -3.3447084426879883
                ],
                [
                    0.0,
                    0.0,
                    0.0,
                    1.0
                ]
            ]
        },
        {
            "file_path": "/data/shapenet_blender/all_50_random/02958343/a0fe4aac120d5f8a5145cad7315443b3/r_2",
            "rotation": 0.12566370614359174,
            "transform_matrix": [
                [
                    0.08440885692834854,
                    -0.5023671984672546,
                    -0.8605244159698486,
                    -3.4688851833343506
                ],
                [
                    -0.9964312314987183,
                    -0.04255611076951027,
                    -0.07289602607488632,
                    -0.2938533127307892
                ],
                [
                    0.0,
                    0.8636064529418945,
                    -0.5041663646697998,
                    -2.0323598384857178
                ],
                [
                    0.0,
                    0.0,
                    0.0,
                    1.0
                ]
            ]
        },
        {
            "file_path": "/data/shapenet_blender/all_50_random/02958343/a0fe4aac120d5f8a5145cad7315443b3/r_3",
            "rotation": 0.12566370614359174,
            "transform_matrix": [
                [
                    0.7298902869224548,
                    -0.01413185428828001,
                    0.6834182143211365,
                    2.754946708679199
                ],
                [
                    0.683564305305481,
                    0.015089587308466434,
                    -0.7297343611717224,
                    -2.94165301322937
                ],
                [
                    9.313225746154785e-10,
                    0.9997861981391907,
                    0.020673776045441628,
                    0.0833386480808258
                ],
                [
                    0.0,
                    0.0,
                    0.0,
                    1.0
                ]
            ]
        },
        {
            "file_path": "/data/shapenet_blender/all_50_random/02958343/a0fe4aac120d5f8a5145cad7315443b3/r_4",
            "rotation": 0.12566370614359174,
            "transform_matrix": [
                [
                    -0.9229750037193298,
                    0.0035591484047472477,
                    -0.38484346866607666,
                    -1.5513536930084229
                ],
                [
                    -0.38485991954803467,
                    -0.008535586297512054,
                    0.9229355454444885,
                    3.7204720973968506
                ],
                [
                    0.0,
                    0.999957263469696,
                    0.00924790557473898,
                    0.03727950155735016
                ],
                [
                    0.0,
                    0.0,
                    0.0,
                    1.0
                ]
            ]
        },
        {
            "file_path": "/data/shapenet_blender/all_50_random/02958343/a0fe4aac120d5f8a5145cad7315443b3/r_5",
            "rotation": 0.12566370614359174,
            "transform_matrix": [
                [
                    -0.9345057010650635,
                    0.20738348364830017,
                    -0.28929439187049866,
                    -1.1661829948425293
                ],
                [
                    -0.355948269367218,
                    -0.544464111328125,
                    0.7595128417015076,
                    3.0616941452026367
                ],
                [
                    0.0,
                    0.8127428889274597,
                    0.5826225280761719,
                    2.3486266136169434
                ],
                [
                    0.0,
                    0.0,
                    0.0,
                    1.0
                ]
            ]
        },
        {
            "file_path": "/data/shapenet_blender/all_50_random/02958343/a0fe4aac120d5f8a5145cad7315443b3/r_6",
            "rotation": 0.12566370614359174,
            "transform_matrix": [
                [
                    0.8418768048286438,
                    0.33166640996932983,
                    -0.42572373151779175,
                    -1.7161474227905273
                ],
                [
                    -0.5396696329116821,
                    0.5173948407173157,
                    -0.6641228199005127,
                    -2.6771650314331055
                ],
                [
                    2.9802322387695312e-08,
                    0.7888598442077637,
                    0.6145730018615723,
                    2.4774231910705566
                ],
                [
                    0.0,
                    0.0,
                    0.0,
                    1.0
                ]
            ]
        },
        {
            "file_path": "/data/shapenet_blender/all_50_random/02958343/a0fe4aac120d5f8a5145cad7315443b3/r_7",
            "rotation": 0.12566370614359174,
            "transform_matrix": [
                [
                    0.8997697234153748,
                    -0.20298662781715393,
                    0.3862781226634979,
                    1.5571368932724
                ],
                [
                    0.43636488914489746,
                    0.41855159401893616,
                    -0.7964924573898315,
                    -3.210763692855835
                ],
                [
                    0.0,
                    0.88521808385849,
                    0.4651763439178467,
                    1.8751858472824097
                ],
                [
                    0.0,
                    0.0,
                    0.0,
                    1.0
                ]
            ]
        },
        {
            "file_path": "/data/shapenet_blender/all_50_random/02958343/a0fe4aac120d5f8a5145cad7315443b3/r_8",
            "rotation": 0.12566370614359174,
            "transform_matrix": [
                [
                    0.4127390682697296,
                    0.5466349124908447,
                    0.7285853624343872,
                    2.937021493911743
                ],
                [
                    0.9108493328094482,
                    -0.24770022928714752,
                    -0.3301486074924469,
                    -1.33087158203125
                ],
                [
                    0.0,
                    0.7998966574668884,
                    -0.6001376509666443,
                    -2.4192323684692383
                ],
                [
                    0.0,
                    0.0,
                    0.0,
                    1.0
                ]
            ]
        },
        {
            "file_path": "/data/shapenet_blender/all_50_random/02958343/a0fe4aac120d5f8a5145cad7315443b3/r_9",
            "rotation": 0.12566370614359174,
            "transform_matrix": [
                [
                    0.7365155816078186,
                    -0.1278769075870514,
                    0.6642230153083801,
                    2.6775686740875244
                ],
                [
                    0.6764205098152161,
                    0.13923783600330353,
                    -0.7232344150543213,
                    -2.9154512882232666
                ],
                [
                    0.0,
                    0.9819674491882324,
                    0.18904942274093628,
                    0.762082576751709
                ],
                [
                    0.0,
                    0.0,
                    0.0,
                    1.0
                ]
            ]
        },
        {
            "file_path": "/data/shapenet_blender/all_50_random/02958343/a0fe4aac120d5f8a5145cad7315443b3/r_10",
            "rotation": 0.12566370614359174,
            "transform_matrix": [
                [
                    0.5088956952095032,
                    -0.21551117300987244,
                    -0.833414614200592,
                    -3.3596019744873047
                ],
                [
                    -0.8608281016349792,
                    -0.12740373611450195,
                    -0.49268972873687744,
                    -1.986095905303955
                ],
                [
                    0.0,
                    0.9681546688079834,
                    -0.25035324692726135,
                    -1.0092062950134277
                ],
                [
                    0.0,
                    0.0,
                    0.0,
                    1.0
                ]
            ]
        },
        {
            "file_path": "/data/shapenet_blender/all_50_random/02958343/a0fe4aac120d5f8a5145cad7315443b3/r_11",
            "rotation": 0.12566370614359174,
            "transform_matrix": [
                [
                    -0.8060478568077087,
                    0.023694362491369247,
                    -0.5913758873939514,
                    -2.3839125633239746
                ],
                [
                    -0.5918503999710083,
                    -0.03226962685585022,
                    0.805401623249054,
                    3.246677875518799
                ],
                [
                    -1.862645371275562e-09,
                    0.9991981983184814,
                    0.04003438353538513,
                    0.1613837629556656
                ],
                [
                    0.0,
                    0.0,
                    0.0,
                    1.0
                ]
            ]
        },
        {
            "file_path": "/data/shapenet_blender/all_50_random/02958343/a0fe4aac120d5f8a5145cad7315443b3/r_12",
            "rotation": 0.12566370614359174,
            "transform_matrix": [
                [
                    -0.7859559655189514,
                    0.5599284172058105,
                    0.2622087001800537,
                    1.0569969415664673
                ],
                [
                    0.6182824969291687,
                    0.711776614189148,
                    0.33331766724586487,
                    1.3436462879180908
                ],
                [
                    1.4901161193847656e-08,
                    0.4240921139717102,
                    -0.9056191444396973,
                    -3.650667190551758
                ],
                [
                    0.0,
                    0.0,
                    0.0,
                    1.0
                ]
            ]
        },
        {
            "file_path": "/data/shapenet_blender/all_50_random/02958343/a0fe4aac120d5f8a5145cad7315443b3/r_13",
            "rotation": 0.12566370614359174,
            "transform_matrix": [
                [
                    -0.4263700842857361,
                    -0.013022002764046192,
                    -0.9044550657272339,
                    -3.64597487449646
                ],
                [
                    -0.904548704624176,
                    0.006138079799711704,
                    0.4263259470462799,
                    1.71857488155365
                ],
                [
                    0.0,
                    0.9998964667320251,
                    -0.014396129176020622,
                    -0.05803265422582626
                ],
                [
                    0.0,
                    0.0,
                    0.0,
                    1.0
                ]
            ]
        },
        {
            "file_path": "/data/shapenet_blender/all_50_random/02958343/a0fe4aac120d5f8a5145cad7315443b3/r_14",
            "rotation": 0.12566370614359174,
            "transform_matrix": [
                [
                    0.8687049746513367,
                    0.4726186692714691,
                    0.14826726913452148,
                    0.5976845622062683
                ],
                [
                    0.4953298270702362,
                    -0.8288743495941162,
                    -0.26002979278564453,
                    -1.0482137203216553
                ],
                [
                    0.0,
                    0.2993304133415222,
                    -0.9541494250297546,
                    -3.846299648284912
                ],
                [
                    0.0,
                    0.0,
                    0.0,
                    1.0
                ]
            ]
        },
        {
            "file_path": "/data/shapenet_blender/all_50_random/02958343/a0fe4aac120d5f8a5145cad7315443b3/r_15",
            "rotation": 0.12566370614359174,
            "transform_matrix": [
                [
                    -0.2511307895183563,
                    0.2645234763622284,
                    -0.931107223033905,
                    -3.753413200378418
                ],
                [
                    -0.9679532051086426,
                    -0.06862933933734894,
                    0.24157126247882843,
                    0.9738048911094666
                ],
                [
                    -7.450580596923828e-09,
                    0.9619342088699341,
                    0.2732812762260437,
                    1.1016321182250977
                ],
                [
                    0.0,
                    0.0,
                    0.0,
                    1.0
                ]
            ]
        },
        {
            "file_path": "/data/shapenet_blender/all_50_random/02958343/a0fe4aac120d5f8a5145cad7315443b3/r_16",
            "rotation": 0.12566370614359174,
            "transform_matrix": [
                [
                    -0.116862952709198,
                    0.5906623005867004,
                    0.7984116673469543,
                    3.2185003757476807
                ],
                [
                    0.9931480884552002,
                    0.06950276345014572,
                    0.09394846856594086,
                    0.37871837615966797
                ],
                [
                    3.725290298461914e-09,
                    0.8039200901985168,
                    -0.5947373509407043,
                    -2.397462844848633
                ],
                [
                    0.0,
                    0.0,
                    0.0,
                    1.0
                ]
            ]
        },
        {
            "file_path": "/data/shapenet_blender/all_50_random/02958343/a0fe4aac120d5f8a5145cad7315443b3/r_17",
            "rotation": 0.12566370614359174,
            "transform_matrix": [
                [
                    -0.9560185670852661,
                    0.19304771721363068,
                    -0.22081950306892395,
                    -0.8901519775390625
                ],
                [
                    -0.29330649971961975,
                    -0.6292299032211304,
                    0.7197506427764893,
                    2.9014079570770264
                ],
                [
                    -1.4901162970204496e-08,
                    0.752862811088562,
                    0.6581774353981018,
                    2.6531982421875
                ],
                [
                    0.0,
                    0.0,
                    0.0,
                    1.0
                ]
            ]
        },
        {
            "file_path": "/data/shapenet_blender/all_50_random/02958343/a0fe4aac120d5f8a5145cad7315443b3/r_18",
            "rotation": 0.12566370614359174,
            "transform_matrix": [
                [
                    0.6019893288612366,
                    0.5296792387962341,
                    0.5975355505943298,
                    2.408742904663086
                ],
                [
                    0.798504114151001,
                    -0.3993232548236847,
                    -0.4504798650741577,
                    -1.815942406654358
                ],
                [
                    0.0,
                    0.7483186721801758,
                    -0.663339376449585,
                    -2.674006462097168
                ],
                [
                    0.0,
                    0.0,
                    0.0,
                    1.0
                ]
            ]
        },
        {
            "file_path": "/data/shapenet_blender/all_50_random/02958343/a0fe4aac120d5f8a5145cad7315443b3/r_19",
            "rotation": 0.12566370614359174,
            "transform_matrix": [
                [
                    0.1972978115081787,
                    0.031924910843372345,
                    -0.9798237085342407,
                    -3.9497952461242676
                ],
                [
                    -0.9803435802459717,
                    0.006425007712095976,
                    -0.1971931904554367,
                    -0.7949110865592957
                ],
                [
                    -4.6566125955216364e-10,
                    0.999469518661499,
                    0.032565027475357056,
                    0.1312738060951233
                ],
                [
                    0.0,
                    0.0,
                    0.0,
                    1.0
                ]
            ]
        },
        {
            "file_path": "/data/shapenet_blender/all_50_random/02958343/a0fe4aac120d5f8a5145cad7315443b3/r_20",
            "rotation": 0.12566370614359174,
            "transform_matrix": [
                [
                    0.7426126003265381,
                    -0.03924335911870003,
                    0.6685705184936523,
                    2.695093870162964
                ],
                [
                    0.6697213053703308,
                    0.04351453855633736,
                    -0.7413365840911865,
                    -2.9884233474731445
                ],
                [
                    0.0,
                    0.9982817769050598,
                    0.05859655141830444,
                    0.23621025681495667
                ],
                [
                    0.0,
                    0.0,
                    0.0,
                    1.0
                ]
            ]
        },
        {
            "file_path": "/data/shapenet_blender/all_50_random/02958343/a0fe4aac120d5f8a5145cad7315443b3/r_21",
            "rotation": 0.12566370614359174,
            "transform_matrix": [
                [
                    -0.8219322562217712,
                    0.11033962666988373,
                    -0.5587955117225647,
                    -2.2525768280029297
                ],
                [
                    -0.5695850849151611,
                    -0.15922413766384125,
                    0.8063624501228333,
                    3.2505509853363037
                ],
                [
                    0.0,
                    0.9810570478439331,
                    0.19371925294399261,
                    0.7809072732925415
                ],
                [
                    0.0,
                    0.0,
                    0.0,
                    1.0
                ]
            ]
        },
        {
            "file_path": "/data/shapenet_blender/all_50_random/02958343/a0fe4aac120d5f8a5145cad7315443b3/r_22",
            "rotation": 0.12566370614359174,
            "transform_matrix": [
                [
                    -0.1241956353187561,
                    -0.4307265281677246,
                    -0.8938959836959839,
                    -3.603410005569458
                ],
                [
                    -0.992257833480835,
                    0.05391174927353859,
                    0.111884206533432,
                    0.45101967453956604
                ],
                [
                    0.0,
                    0.9008708000183105,
                    -0.4340873062610626,
                    -1.7498619556427002
                ],
                [
                    0.0,
                    0.0,
                    0.0,
                    1.0
                ]
            ]
        },
        {
            "file_path": "/data/shapenet_blender/all_50_random/02958343/a0fe4aac120d5f8a5145cad7315443b3/r_23",
            "rotation": 0.12566370614359174,
            "transform_matrix": [
                [
                    0.9191667437553406,
                    -0.10792185366153717,
                    -0.37879478931427,
                    -1.526970624923706
                ],
                [
                    -0.3938688337802887,
                    -0.25185585021972656,
                    -0.8839886784553528,
                    -3.563472270965576
                ],
                [
                    7.450581485102248e-09,
                    0.9617282748222351,
                    -0.27400457859039307,
                    -1.1045477390289307
                ],
                [
                    0.0,
                    0.0,
                    0.0,
                    1.0
                ]
            ]
        },
        {
            "file_path": "/data/shapenet_blender/all_50_random/02958343/a0fe4aac120d5f8a5145cad7315443b3/r_24",
            "rotation": 0.12566370614359174,
            "transform_matrix": [
                [
                    0.8498202562332153,
                    0.23896197974681854,
                    -0.4697900712490082,
                    -1.893784523010254
                ],
                [
                    -0.5270726084709167,
                    0.38528791069984436,
                    -0.7574612498283386,
                    -3.053424119949341
                ],
                [
                    0.0,
                    0.8913193345069885,
                    0.45337581634521484,
                    1.8276164531707764
                ],
                [
                    0.0,
                    0.0,
                    0.0,
                    1.0
                ]
            ]
        },
        {
            "file_path": "/data/shapenet_blender/all_50_random/02958343/a0fe4aac120d5f8a5145cad7315443b3/r_25",
            "rotation": 0.12566370614359174,
            "transform_matrix": [
                [
                    0.992822527885437,
                    0.0890510082244873,
                    0.07983344048261642,
                    0.32181891798973083
                ],
                [
                    0.11959707736968994,
                    -0.7392475605010986,
                    -0.6627288460731506,
                    -2.6715457439422607
                ],
                [
                    3.725290298461914e-09,
                    0.6675200462341309,
                    -0.7445917725563049,
                    -3.0015456676483154
                ],
                [
                    0.0,
                    0.0,
                    0.0,
                    1.0
                ]
            ]
        },
        {
            "file_path": "/data/shapenet_blender/all_50_random/02958343/a0fe4aac120d5f8a5145cad7315443b3/r_26",
            "rotation": 0.12566370614359174,
            "transform_matrix": [
                [
                    0.7136959433555603,
                    -0.43876615166664124,
                    0.54600590467453,
                    2.2010202407836914
                ],
                [
                    0.7004557251930237,
                    0.44705983996391296,
                    -0.5563266277313232,
                    -2.242624282836914
                ],
                [
                    -1.4901162970204496e-08,
                    0.7795010209083557,
                    0.6264009475708008,
                    2.5251030921936035
                ],
                [
                    0.0,
                    0.0,
                    0.0,
                    1.0
                ]
            ]
        },
        {
            "file_path": "/data/shapenet_blender/all_50_random/02958343/a0fe4aac120d5f8a5145cad7315443b3/r_27",
            "rotation": 0.12566370614359174,
            "transform_matrix": [
                [
                    -0.03422301262617111,
                    -0.5174763202667236,
                    0.8550128936767578,
                    3.446666955947876
                ],
                [
                    0.9994142651557922,
                    -0.017719976603984833,
                    0.029278265312314034,
                    0.11802445352077484
                ],
                [
                    0.0,
                    0.8555139899253845,
                    0.5177796483039856,
                    2.0872364044189453
                ],
                [
                    0.0,
                    0.0,
                    0.0,
                    1.0
                ]
            ]
        },
        {
            "file_path": "/data/shapenet_blender/all_50_random/02958343/a0fe4aac120d5f8a5145cad7315443b3/r_28",
            "rotation": 0.12566370614359174,
            "transform_matrix": [
                [
                    -0.8943156599998474,
                    0.1826333850622177,
                    0.4084661304950714,
                    1.6465797424316406
                ],
                [
                    0.447436660528183,
                    0.3650391399860382,
                    0.8164231181144714,
                    3.291107177734375
                ],
                [
                    0.0,
                    0.9129027128219604,
                    -0.40817704796791077,
                    -1.6454144716262817
                ],
                [
                    0.0,
                    0.0,
                    0.0,
                    1.0
                ]
            ]
        },
        {
            "file_path": "/data/shapenet_blender/all_50_random/02958343/a0fe4aac120d5f8a5145cad7315443b3/r_29",
            "rotation": 0.12566370614359174,
            "transform_matrix": [
                [
                    0.9938598275184631,
                    0.07359394431114197,
                    -0.08262304216623306,
                    -0.33306413888931274
                ],
                [
                    -0.11064644902944565,
                    0.6610429883003235,
                    -0.7421451210975647,
                    -2.991682767868042
                ],
                [
                    -3.725290298461914e-09,
                    0.7467302083969116,
                    0.6651270389556885,
                    2.681212902069092
                ],
                [
                    0.0,
                    0.0,
                    0.0,
                    1.0
                ]
            ]
        },
        {
            "file_path": "/data/shapenet_blender/all_50_random/02958343/a0fe4aac120d5f8a5145cad7315443b3/r_30",
            "rotation": 0.12566370614359174,
            "transform_matrix": [
                [
                    -0.9233061671257019,
                    0.11550354212522507,
                    -0.36628514528274536,
                    -1.4765424728393555
                ],
                [
                    -0.3840649425983429,
                    -0.27767473459243774,
                    0.880562961101532,
                    3.5496623516082764
                ],
                [
                    7.450581485102248e-09,
                    0.9537062644958496,
                    0.30073967576026917,
                    1.212320327758789
                ],
                [
                    0.0,
                    0.0,
                    0.0,
                    1.0
                ]
            ]
        },
        {
            "file_path": "/data/shapenet_blender/all_50_random/02958343/a0fe4aac120d5f8a5145cad7315443b3/r_31",
            "rotation": 0.12566370614359174,
            "transform_matrix": [
                [
                    0.9933995008468628,
                    -0.08442538976669312,
                    0.07765091210603714,
                    0.31302085518836975
                ],
                [
                    0.11470531672239304,
                    0.7311617136001587,
                    -0.672491729259491,
                    -2.7109010219573975
                ],
                [
                    0.0,
                    0.6769600510597229,
                    0.7360196709632874,
                    2.9669904708862305
                ],
                [
                    0.0,
                    0.0,
                    0.0,
                    1.0
                ]
            ]
        },
        {
            "file_path": "/data/shapenet_blender/all_50_random/02958343/a0fe4aac120d5f8a5145cad7315443b3/r_32",
            "rotation": 0.12566370614359174,
            "transform_matrix": [
                [
                    -0.9614889025688171,
                    -0.0728599801659584,
                    0.2650102376937866,
                    1.0682904720306396
                ],
                [
                    0.27484357357025146,
                    -0.25488701462745667,
                    0.927088737487793,
                    3.7372143268585205
                ],
                [
                    7.450580596923828e-09,
                    0.9642219543457031,
                    0.26509612798690796,
                    1.0686366558074951
                ],
                [
                    0.0,
                    0.0,
                    0.0,
                    1.0
                ]
            ]
        },
        {
            "file_path": "/data/shapenet_blender/all_50_random/02958343/a0fe4aac120d5f8a5145cad7315443b3/r_33",
            "rotation": 0.12566370614359174,
            "transform_matrix": [
                [
                    0.06241018325090408,
                    -0.3176003396511078,
                    -0.9461684226989746,
                    -3.8141274452209473
                ],
                [
                    -0.9980506300926208,
                    -0.01986020989716053,
                    -0.05916588008403778,
                    -0.2385053187608719
                ],
                [
                    0.0,
                    0.9480166435241699,
                    -0.3182206451892853,
                    -1.2827885150909424
                ],
                [
                    0.0,
                    0.0,
                    0.0,
                    1.0
                ]
            ]
        },
        {
            "file_path": "/data/shapenet_blender/all_50_random/02958343/a0fe4aac120d5f8a5145cad7315443b3/r_34",
            "rotation": 0.12566370614359174,
            "transform_matrix": [
                [
                    -0.8782791495323181,
                    0.21657510101795197,
                    -0.4262874126434326,
                    -1.7184195518493652
                ],
                [
                    -0.4781482517719269,
                    -0.3978126049041748,
                    0.7830193638801575,
                    3.156451940536499
                ],
                [
                    0.0,
                    0.8915380835533142,
                    0.4529455602169037,
                    1.8258819580078125
                ],
                [
                    0.0,
                    0.0,
                    0.0,
                    1.0
                ]
            ]
        },
        {
            "file_path": "/data/shapenet_blender/all_50_random/02958343/a0fe4aac120d5f8a5145cad7315443b3/r_35",
            "rotation": 0.12566370614359174,
            "transform_matrix": [
                [
                    0.6189124584197998,
                    0.2672572135925293,
                    0.7385938763618469,
                    2.977367401123047
                ],
                [
                    0.7854600548744202,
                    -0.2105884552001953,
                    -0.5819836854934692,
                    -2.3460514545440674
                ],
                [
                    -1.4901161193847656e-08,
                    0.9403328895568848,
                    -0.3402556777000427,
                    -1.3716145753860474
                ],
                [
                    0.0,
                    0.0,
                    0.0,
                    1.0
                ]
            ]
        },
        {
            "file_path": "/data/shapenet_blender/all_50_random/02958343/a0fe4aac120d5f8a5145cad7315443b3/r_36",
            "rotation": 0.12566370614359174,
            "transform_matrix": [
                [
                    -0.2392267882823944,
                    -0.338564932346344,
                    -0.9100242853164673,
                    -3.6684255599975586
                ],
                [
                    -0.970963716506958,
                    0.08341588824987411,
                    0.22421248257160187,
                    0.9038295149803162
                ],
                [
                    0.0,
                    0.9372382760047913,
                    -0.34868958592414856,
                    -1.405612826347351
                ],
                [
                    0.0,
                    0.0,
                    0.0,
                    1.0
                ]
            ]
        },
        {
            "file_path": "/data/shapenet_blender/all_50_random/02958343/a0fe4aac120d5f8a5145cad7315443b3/r_37",
            "rotation": 0.12566370614359174,
            "transform_matrix": [
                [
                    0.0665338784456253,
                    -0.9913339018821716,
                    0.11326994001865387,
                    0.4566056728363037
                ],
                [
                    0.9977841973304749,
                    0.06610376387834549,
                    -0.007553025148808956,
                    -0.03044721484184265
                ],
                [
                    0.0,
                    0.11352194100618362,
                    0.9935356378555298,
                    4.005069732666016
                ],
                [
                    0.0,
                    0.0,
                    0.0,
                    1.0
                ]
            ]
        },
        {
            "file_path": "/data/shapenet_blender/all_50_random/02958343/a0fe4aac120d5f8a5145cad7315443b3/r_38",
            "rotation": 0.12566370614359174,
            "transform_matrix": [
                [
                    -0.9914461374282837,
                    0.09751532971858978,
                    0.08674903213977814,
                    0.3496965765953064
                ],
                [
                    0.13051681220531464,
                    0.7407565712928772,
                    0.6589725017547607,
                    2.6564033031463623
                ],
                [
                    7.450581485102248e-09,
                    0.6646580100059509,
                    -0.7471476197242737,
                    -3.0118486881256104
                ],
                [
                    0.0,
                    0.0,
                    0.0,
                    1.0
                ]
            ]
        },
        {
            "file_path": "/data/shapenet_blender/all_50_random/02958343/a0fe4aac120d5f8a5145cad7315443b3/r_39",
            "rotation": 0.12566370614359174,
            "transform_matrix": [
                [
                    -0.48237961530685425,
                    0.6661167144775391,
                    -0.5688571929931641,
                    -2.2931365966796875
                ],
                [
                    -0.8759623765945435,
                    -0.36682069301605225,
                    0.3132613003253937,
                    1.2627966403961182
                ],
                [
                    0.0,
                    0.6494082808494568,
                    0.760439932346344,
                    3.0654313564300537
                ],
                [
                    0.0,
                    0.0,
                    0.0,
                    1.0
                ]
            ]
        },
        {
            "file_path": "/data/shapenet_blender/all_50_random/02958343/a0fe4aac120d5f8a5145cad7315443b3/r_40",
            "rotation": 0.12566370614359174,
            "transform_matrix": [
                [
                    -0.8133980631828308,
                    -0.36046627163887024,
                    0.4565606415271759,
                    1.8404548168182373
                ],
                [
                    0.5817074179649353,
                    -0.5040378570556641,
                    0.6384060382843018,
                    2.5734970569610596
                ],
                [
                    0.0,
                    0.7848629355430603,
                    0.6196693181991577,
                    2.497967004776001
                ],
                [
                    0.0,
                    0.0,
                    0.0,
                    1.0
                ]
            ]
        },
        {
            "file_path": "/data/shapenet_blender/all_50_random/02958343/a0fe4aac120d5f8a5145cad7315443b3/r_41",
            "rotation": 0.12566370614359174,
            "transform_matrix": [
                [
                    0.21733862161636353,
                    0.7543018460273743,
                    0.6195100545883179,
                    2.4973249435424805
                ],
                [
                    0.9760962724685669,
                    -0.16795365512371063,
                    -0.13794077932834625,
                    -0.5560570955276489
                ],
                [
                    -7.450580596923828e-09,
