{
    "class": "02958343",
    "model": "7197ec7776d4e23f10a4b3894aadc04",
    "remove_doubles": true,
    "edge_split": true,
    "denoise": true,
    "camera_angle_x": 0.6911112070083618,
    "scale_factor": 2.213238868549129,
    "hdri_file": "/data/IndoorHDRDataset2018/9C4A5459-7f541bcc7f.exr",
    "center_offset": [
        0.0,
        0.0,
        -1.862645149230957e-09
    ],
    "lights": [],
    "frames": [
        {
            "file_path": "/data/shapenet_blender/all_50_random/02958343/7197ec7776d4e23f10a4b3894aadc04/r_0",
            "rotation": 0.12566370614359174,
            "transform_matrix": [
                [
                    -0.983078122138977,
                    0.11007792502641678,
                    0.1464250683784485,
                    0.5902583599090576
                ],
                [
                    0.18318693339824677,
                    0.5907363891601562,
                    0.7857944369316101,
                    3.1676387786865234
                ],
                [
                    0.0,
                    0.7993204593658447,
                    -0.6009049415588379,
                    -2.422325372695923
                ],
                [
                    0.0,
                    0.0,
                    0.0,
                    1.0
                ]
            ]
        },
        {
            "file_path": "/data/shapenet_blender/all_50_random/02958343/7197ec7776d4e23f10a4b3894aadc04/r_1",
            "rotation": 0.12566370614359174,
            "transform_matrix": [
                [
                    -0.7932162880897522,
                    0.4863852858543396,
                    0.36638393998146057,
                    1.4769408702850342
                ],
                [
                    0.6089398860931396,
                    0.633574366569519,
                    0.47725844383239746,
                    1.9238903522491455
                ],
                [
                    0.0,
                    0.6016749143600464,
                    -0.7987409830093384,
                    -3.219827890396118
                ],
                [
                    0.0,
                    0.0,
                    0.0,
                    1.0
                ]
            ]
        },
        {
            "file_path": "/data/shapenet_blender/all_50_random/02958343/7197ec7776d4e23f10a4b3894aadc04/r_2",
            "rotation": 0.12566370614359174,
            "transform_matrix": [
                [
                    0.2863449454307556,
                    -0.4867936074733734,
                    -0.825250506401062,
                    -3.3266913890838623
                ],
                [
                    -0.9581266045570374,
                    -0.14548274874687195,
                    -0.24663372337818146,
                    -0.9942123889923096
                ],
                [
                    0.0,
                    0.8613167405128479,
                    -0.5080680847167969,
                    -2.048088312149048
                ],
                [
                    0.0,
                    0.0,
                    0.0,
                    1.0
                ]
            ]
        },
        {
            "file_path": "/data/shapenet_blender/all_50_random/02958343/7197ec7776d4e23f10a4b3894aadc04/r_3",
            "rotation": 0.12566370614359174,
            "transform_matrix": [
                [
                    0.4483402967453003,
                    0.048977483063936234,
                    -0.8925201296806335,
                    -3.5978636741638184
                ],
                [
                    -0.8938629031181335,
                    0.024565936997532845,
                    -0.44766679406166077,
                    -1.8046026229858398
                ],
                [
                    0.0,
                    0.9984976649284363,
                    0.05479305982589722,
                    0.22087788581848145
                ],
                [
                    0.0,
                    0.0,
                    0.0,
                    1.0
                ]
            ]
        },
        {
            "file_path": "/data/shapenet_blender/all_50_random/02958343/7197ec7776d4e23f10a4b3894aadc04/r_4",
            "rotation": 0.12566370614359174,
            "transform_matrix": [
                [
                    -0.8275837898254395,
                    0.033585596829652786,
                    0.5603364706039429,
                    2.258788824081421
                ],
                [
                    0.561342179775238,
                    0.049515072256326675,
                    0.8261011242866516,
                    3.330120325088501
                ],
                [
                    -1.862645149230957e-09,
                    0.9982084631919861,
                    -0.05983087792992592,
                    -0.2411859929561615
                ],
                [
                    0.0,
                    0.0,
                    0.0,
                    1.0
                ]
            ]
        },
        {
            "file_path": "/data/shapenet_blender/all_50_random/02958343/7197ec7776d4e23f10a4b3894aadc04/r_5",
            "rotation": 0.12566370614359174,
            "transform_matrix": [
                [
                    -0.638404905796051,
                    0.646392822265625,
                    -0.4178702235221863,
                    -1.6844887733459473
                ],
                [
                    -0.769700825214386,
                    -0.5361308455467224,
                    0.34658971428871155,
                    1.39714777469635
                ],
                [
                    -1.4901162970204496e-08,
                    0.5428995490074158,
                    0.8397976160049438,
                    3.3853325843811035
                ],
                [
                    0.0,
                    0.0,
                    0.0,
                    1.0
                ]
            ]
        },
        {
            "file_path": "/data/shapenet_blender/all_50_random/02958343/7197ec7776d4e23f10a4b3894aadc04/r_6",
            "rotation": 0.12566370614359174,
            "transform_matrix": [
                [
                    -0.06068538501858711,
                    -0.008613402023911476,
                    -0.9981197714805603,
                    -4.023549556732178
                ],
                [
                    -0.9981570243835449,
                    0.0005236727884039283,
                    0.06068312004208565,
                    0.24462148547172546
                ],
                [
                    5.820766091346741e-11,
                    0.9999628067016602,
                    -0.008629306219518185,
                    -0.03478584438562393
                ],
                [
                    0.0,
                    0.0,
                    0.0,
                    1.0
                ]
            ]
        },
        {
            "file_path": "/data/shapenet_blender/all_50_random/02958343/7197ec7776d4e23f10a4b3894aadc04/r_7",
            "rotation": 0.12566370614359174,
            "transform_matrix": [
                [
                    0.7628312706947327,
                    0.085741326212883,
                    0.6408875584602356,
                    2.583500385284424
                ],
                [
                    0.6465976238250732,
                    -0.10115436464548111,
                    -0.7560948133468628,
                    -3.0479156970977783
                ],
                [
                    0.0,
                    0.9911691546440125,
                    -0.13260383903980255,
                    -0.5345431566238403
                ],
                [
                    0.0,
                    0.0,
                    0.0,
                    1.0
                ]
            ]
        },
        {
            "file_path": "/data/shapenet_blender/all_50_random/02958343/7197ec7776d4e23f10a4b3894aadc04/r_8",
            "rotation": 0.12566370614359174,
            "transform_matrix": [
                [
                    -0.20145606994628906,
                    -0.398576557636261,
                    -0.8947358131408691,
                    -3.606795310974121
                ],
                [
                    -0.9794975519180298,
                    0.08197638392448425,
                    0.18402287364006042,
                    0.7418199181556702
                ],
                [
                    0.0,
                    0.9134641289710999,
                    -0.40691938996315,
                    -1.640344500541687
                ],
                [
                    0.0,
                    0.0,
                    0.0,
                    1.0
                ]
            ]
        },
        {
            "file_path": "/data/shapenet_blender/all_50_random/02958343/7197ec7776d4e23f10a4b3894aadc04/r_9",
            "rotation": 0.12566370614359174,
            "transform_matrix": [
                [
                    0.47670286893844604,
                    0.0763382688164711,
                    0.8757436275482178,
                    3.5302350521087646
                ],
                [
                    0.8790643811225891,
                    -0.04139705002307892,
                    -0.47490206360816956,
                    -1.914391279220581
                ],
                [
                    0.0,
                    0.9962221384048462,
                    -0.08684036880731583,
                    -0.3500646948814392
                ],
                [
                    0.0,
                    0.0,
                    0.0,
                    1.0
                ]
            ]
        },
        {
            "file_path": "/data/shapenet_blender/all_50_random/02958343/7197ec7776d4e23f10a4b3894aadc04/r_10",
            "rotation": 0.12566370614359174,
            "transform_matrix": [
                [
                    -0.9977993369102478,
                    0.02165331318974495,
                    0.06267061829566956,
                    0.25263336300849915
                ],
                [
                    0.06630590558052063,
                    0.32584822177886963,
                    0.94309401512146,
                    3.8017337322235107
                ],
                [
                    0.0,
                    0.9451740980148315,
                    -0.32656681537628174,
                    -1.316433072090149
                ],
                [
                    0.0,
                    0.0,
                    0.0,
                    1.0
                ]
            ]
        },
        {
            "file_path": "/data/shapenet_blender/all_50_random/02958343/7197ec7776d4e23f10a4b3894aadc04/r_11",
            "rotation": 0.12566370614359174,
            "transform_matrix": [
                [
                    0.4563951790332794,
                    0.210133358836174,
                    -0.8646082282066345,
                    -3.485347270965576
                ],
                [
                    -0.8897771835327148,
                    0.10778412222862244,
                    -0.44348520040512085,
                    -1.7877460718154907
                ],
                [
                    7.450580596923828e-09,
                    0.9717131853103638,
                    0.23616401851177216,
                    0.9520075917243958
                ],
                [
                    0.0,
                    0.0,
                    0.0,
                    1.0
                ]
            ]
        },
        {
            "file_path": "/data/shapenet_blender/all_50_random/02958343/7197ec7776d4e23f10a4b3894aadc04/r_12",
            "rotation": 0.12566370614359174,
            "transform_matrix": [
                [
                    0.25548428297042847,
                    0.5992608070373535,
                    0.7586923837661743,
                    3.05838680267334
                ],
                [
                    0.9668132066726685,
                    -0.15835708379745483,
                    -0.20048752427101135,
                    -0.8081910610198975
                ],
                [
                    -7.450580596923828e-09,
                    0.7847352027893066,
                    -0.6198310256004333,
                    -2.4986188411712646
                ],
                [
                    0.0,
                    0.0,
                    0.0,
                    1.0
                ]
            ]
        },
        {
            "file_path": "/data/shapenet_blender/all_50_random/02958343/7197ec7776d4e23f10a4b3894aadc04/r_13",
            "rotation": 0.12566370614359174,
            "transform_matrix": [
                [
                    -0.18095095455646515,
                    0.7460810542106628,
                    0.6407961845397949,
                    2.583131790161133
                ],
                [
                    0.9834921360015869,
                    0.13727010786533356,
                    0.11789893358945847,
                    0.4752657413482666
                ],
                [
                    -7.450580152834618e-09,
                    0.6515519022941589,
                    -0.758604109287262,
                    -3.058030605316162
                ],
                [
                    0.0,
                    0.0,
                    0.0,
                    1.0
                ]
            ]
        },
        {
            "file_path": "/data/shapenet_blender/all_50_random/02958343/7197ec7776d4e23f10a4b3894aadc04/r_14",
            "rotation": 0.12566370614359174,
            "transform_matrix": [
                [
                    -0.9444431662559509,
                    0.012083307839930058,
                    -0.3284524381160736,
                    -1.3240342140197754
                ],
                [
                    -0.32867464423179626,
                    -0.0347212590277195,
                    0.9438046813011169,
                    3.804598569869995
                ],
                [
                    0.0,
                    0.9993240237236023,
                    0.03676373139023781,
                    0.14819934964179993
                ],
                [
                    0.0,
                    0.0,
                    0.0,
                    1.0
                ]
            ]
        },
        {
            "file_path": "/data/shapenet_blender/all_50_random/02958343/7197ec7776d4e23f10a4b3894aadc04/r_15",
            "rotation": 0.12566370614359174,
            "transform_matrix": [
                [
                    -0.23526297509670258,
                    0.026823142543435097,
                    -0.9715615510940552,
                    -3.916489839553833
                ],
                [
                    -0.9719317555427551,
                    -0.0064927320927381516,
                    0.23517335951328278,
                    0.9480141401290894
                ],
                [
                    -4.656612873077393e-10,
                    0.9996189475059509,
                    0.027597768232226372,
                    0.11125016212463379
                ],
                [
                    0.0,
                    0.0,
                    0.0,
                    1.0
                ]
            ]
        },
        {
            "file_path": "/data/shapenet_blender/all_50_random/02958343/7197ec7776d4e23f10a4b3894aadc04/r_16",
            "rotation": 0.12566370614359174,
            "transform_matrix": [
                [
                    0.3978705108165741,
                    0.569144606590271,
                    -0.7195647954940796,
                    -2.900658130645752
                ],
                [
                    -0.9174415469169617,
                    0.24682322144508362,
                    -0.3120565414428711,
                    -1.2579400539398193
                ],
                [
                    0.0,
                    0.7843167185783386,
                    0.6203606128692627,
                    2.500753402709961
                ],
                [
                    0.0,
                    0.0,
                    0.0,
                    1.0
                ]
            ]
        },
        {
            "file_path": "/data/shapenet_blender/all_50_random/02958343/7197ec7776d4e23f10a4b3894aadc04/r_17",
            "rotation": 0.12566370614359174,
            "transform_matrix": [
                [
                    -0.22713948786258698,
                    0.9416378140449524,
                    -0.24844732880592346,
                    -1.0015232563018799
                ],
                [
                    -0.9738622307777405,
                    -0.2196236103773117,
                    0.05794680491089821,
                    0.23359104990959167
                ],
                [
                    0.0,
                    0.2551153004169464,
                    0.9669105410575867,
                    3.8977413177490234
                ],
                [
                    0.0,
                    0.0,
                    0.0,
                    1.0
                ]
            ]
        },
        {
            "file_path": "/data/shapenet_blender/all_50_random/02958343/7197ec7776d4e23f10a4b3894aadc04/r_18",
            "rotation": 0.12566370614359174,
            "transform_matrix": [
                [
                    0.1650637835264206,
                    0.6046182513237,
                    -0.7792243957519531,
                    -3.1411542892456055
                ],
                [
                    -0.9862829446792603,
                    0.10118857771158218,
                    -0.1304105669260025,
                    -0.5257018804550171
                ],
                [
                    0.0,
                    0.7900617718696594,
                    0.6130270957946777,
                    2.47119140625
                ],
                [
                    0.0,
                    0.0,
                    0.0,
                    1.0
                ]
            ]
        },
        {
            "file_path": "/data/shapenet_blender/all_50_random/02958343/7197ec7776d4e23f10a4b3894aadc04/r_19",
            "rotation": 0.12566370614359174,
            "transform_matrix": [
                [
                    -0.9331645369529724,
                    0.08547209948301315,
                    -0.34913960099220276,
                    -1.4074268341064453
                ],
                [
                    -0.3594495356082916,
                    -0.2218935340642929,
                    0.9063990116119385,
                    3.653811454772949
                ],
                [
                    0.0,
                    0.9713175892829895,
                    0.23778605461120605,
                    0.9585462808609009
                ],
                [
                    0.0,
                    0.0,
                    0.0,
                    1.0
                ]
            ]
        },
        {
            "file_path": "/data/shapenet_blender/all_50_random/02958343/7197ec7776d4e23f10a4b3894aadc04/r_20",
            "rotation": 0.12566370614359174,
            "transform_matrix": [
                [
                    0.029160792008042336,
                    -0.19446782767772675,
                    0.9804753661155701,
                    3.952422618865967
                ],
                [
                    0.9995747804641724,
                    0.005673248320817947,
                    -0.028603600338101387,
                    -0.11530479788780212
                ],
                [
                    0.0,
                    0.980892539024353,
                    0.19455058872699738,
                    0.7842584848403931
                ],
                [
                    0.0,
                    0.0,
                    0.0,
                    1.0
                ]
            ]
        },
        {
            "file_path": "/data/shapenet_blender/all_50_random/02958343/7197ec7776d4e23f10a4b3894aadc04/r_21",
            "rotation": 0.12566370614359174,
            "transform_matrix": [
                [
                    0.9181870222091675,
                    0.3655179440975189,
                    0.15273919701576233,
                    0.6157114505767822
                ],
                [
                    0.3961472511291504,
                    -0.8471946716308594,
                    -0.3540177643299103,
                    -1.427091360092163
                ],
                [
                    0.0,
                    0.3855617642402649,
                    -0.922681987285614,
                    -3.7194502353668213
                ],
                [
                    0.0,
                    0.0,
                    0.0,
                    1.0
                ]
            ]
        },
        {
            "file_path": "/data/shapenet_blender/all_50_random/02958343/7197ec7776d4e23f10a4b3894aadc04/r_22",
            "rotation": 0.12566370614359174,
            "transform_matrix": [
                [
                    -0.9598413705825806,
                    -0.0014949279138818383,
                    0.2805396616458893,
                    1.1308915615081787
                ],
                [
                    0.28054365515708923,
                    -0.005114689003676176,
                    0.9598276019096375,
                    3.8691887855529785
                ],
                [
                    0.0,
                    0.9999858140945435,
                    0.005328681785613298,
                    0.021480603143572807
                ],
                [
                    0.0,
                    0.0,
                    0.0,
                    1.0
                ]
            ]
        },
        {
            "file_path": "/data/shapenet_blender/all_50_random/02958343/7197ec7776d4e23f10a4b3894aadc04/r_23",
            "rotation": 0.12566370614359174,
            "transform_matrix": [
                [
                    -0.6486647129058838,
                    -0.6811752319335938,
                    -0.33946189284324646,
                    -1.3684146404266357
                ],
                [
                    -0.7610743045806885,
                    0.5805665850639343,
                    0.2893238365650177,
                    1.1663017272949219
                ],
                [
                    0.0,
                    0.4460297226905823,
                    -0.8950181007385254,
                    -3.607933282852173
                ],
                [
                    0.0,
                    0.0,
                    0.0,
                    1.0
                ]
            ]
        },
        {
            "file_path": "/data/shapenet_blender/all_50_random/02958343/7197ec7776d4e23f10a4b3894aadc04/r_24",
            "rotation": 0.12566370614359174,
            "transform_matrix": [
                [
                    0.7738577723503113,
                    0.6056024432182312,
                    -0.18544504046440125,
                    -0.7475528717041016
                ],
                [
                    -0.633359432220459,
                    0.7399434447288513,
                    -0.2265823781490326,
                    -0.9133827686309814
                ],
                [
                    0.0,
                    0.2927958369255066,
                    0.9561749696731567,
                    3.854464530944824
                ],
                [
                    0.0,
                    0.0,
                    0.0,
                    1.0
                ]
            ]
        },
        {
            "file_path": "/data/shapenet_blender/all_50_random/02958343/7197ec7776d4e23f10a4b3894aadc04/r_25",
            "rotation": 0.12566370614359174,
            "transform_matrix": [
                [
                    -0.006626625545322895,
                    0.6505310535430908,
                    0.7594506144523621,
                    3.061443328857422
                ],
                [
                    0.9999780654907227,
                    0.004310919903218746,
                    0.005032705143094063,
                    0.02028748393058777
                ],
                [
                    2.3283067140944524e-10,
                    0.7594672441482544,
                    -0.6505454182624817,
                    -2.6224324703216553
                ],
                [
                    0.0,
                    0.0,
                    0.0,
                    1.0
                ]
            ]
        },
        {
            "file_path": "/data/shapenet_blender/all_50_random/02958343/7197ec7776d4e23f10a4b3894aadc04/r_26",
            "rotation": 0.12566370614359174,
            "transform_matrix": [
                [
                    0.48823097348213196,
                    -0.6829498410224915,
                    -0.5433321595191956,
                    -2.190242290496826
                ],
                [
                    -0.8727144002914429,
                    -0.3820691704750061,
                    -0.30396151542663574,
                    -1.2253081798553467
                ],
                [
                    0.0,
                    0.6225773692131042,
                    -0.7825582027435303,
                    -3.1545932292938232
                ],
                [
                    0.0,
                    0.0,
                    0.0,
                    1.0
                ]
            ]
        },
        {
            "file_path": "/data/shapenet_blender/all_50_random/02958343/7197ec7776d4e23f10a4b3894aadc04/r_27",
            "rotation": 0.12566370614359174,
            "transform_matrix": [
                [
                    0.8914576768875122,
                    0.39942607283592224,
                    -0.21392060816287994,
                    -0.862341582775116
                ],
                [
                    -0.45310404896736145,
                    0.7858491539955139,
                    -0.42087721824645996,
                    -1.6966103315353394
                ],
                [
                    0.0,
                    0.47212231159210205,
                    0.8815329074859619,
                    3.5535728931427
                ],
                [
                    0.0,
                    0.0,
                    0.0,
                    1.0
                ]
            ]
        },
        {
            "file_path": "/data/shapenet_blender/all_50_random/02958343/7197ec7776d4e23f10a4b3894aadc04/r_28",
            "rotation": 0.12566370614359174,
            "transform_matrix": [
                [
                    0.4165821373462677,
                    -0.7630746960639954,
                    -0.494142085313797,
                    -1.9919506311416626
                ],
                [
                    -0.9090980291366577,
                    -0.3496688902378082,
                    -0.22643408179283142,
                    -0.9127850532531738
                ],
                [
                    0.0,
                    0.5435521006584167,
                    -0.839375376701355,
                    -3.3836305141448975
                ],
                [
                    0.0,
                    0.0,
                    0.0,
                    1.0
                ]
            ]
        },
        {
            "file_path": "/data/shapenet_blender/all_50_random/02958343/7197ec7776d4e23f10a4b3894aadc04/r_29",
            "rotation": 0.12566370614359174,
            "transform_matrix": [
                [
                    0.6927142143249512,
                    -0.5986513495445251,
                    -0.40219846367836,
                    -1.6213139295578003
                ],
                [
                    -0.7212122082710266,
                    -0.5749961733818054,
                    -0.3863059878349304,
                    -1.5572493076324463
                ],
                [
                    2.9802322387695312e-08,
                    0.5576700568199158,
                    -0.8300626277923584,
                    -3.3460898399353027
                ],
                [
                    0.0,
                    0.0,
                    0.0,
                    1.0
                ]
            ]
        },
        {
            "file_path": "/data/shapenet_blender/all_50_random/02958343/7197ec7776d4e23f10a4b3894aadc04/r_30",
            "rotation": 0.12566370614359174,
            "transform_matrix": [
                [
                    -0.69886714220047,
                    0.27065804600715637,
                    -0.6620641350746155,
                    -2.668865919113159
                ],
                [
                    -0.7152515053749084,
                    -0.2644580602645874,
                    0.6468981504440308,
                    2.607729911804199
                ],
                [
                    -1.4901162970204496e-08,
                    0.9256381988525391,
                    0.37840962409973145,
                    1.5254180431365967
                ],
                [
                    0.0,
                    0.0,
                    0.0,
                    1.0
                ]
            ]
        },
        {
            "file_path": "/data/shapenet_blender/all_50_random/02958343/7197ec7776d4e23f10a4b3894aadc04/r_31",
            "rotation": 0.12566370614359174,
            "transform_matrix": [
                [
                    -0.8740037679672241,
                    -0.19730022549629211,
                    0.4440608024597168,
                    1.7900664806365967
                ],
                [
                    0.48591911792755127,
                    -0.35487625002861023,
                    0.798714816570282,
                    3.2197227478027344
                ],
                [
                    1.4901160305669237e-08,
                    0.9138574600219727,
                    0.40603506565093994,
                    1.63677978515625
                ],
                [
                    0.0,
                    0.0,
                    0.0,
                    1.0
                ]
            ]
        },
        {
            "file_path": "/data/shapenet_blender/all_50_random/02958343/7197ec7776d4e23f10a4b3894aadc04/r_32",
            "rotation": 0.12566370614359174,
            "transform_matrix": [
                [
                    0.5352266430854797,
                    0.7449702620506287,
                    -0.39818546175956726,
                    -1.6051369905471802
                ],
                [
                    -0.8447085022926331,
                    0.47203025221824646,
                    -0.252299427986145,
                    -1.0170515775680542
                ],
                [
                    1.4901161193847656e-08,
                    0.47138798236846924,
                    0.8819259405136108,
                    3.55515718460083
                ],
                [
                    0.0,
                    0.0,
                    0.0,
                    1.0
                ]
            ]
        },
        {
            "file_path": "/data/shapenet_blender/all_50_random/02958343/7197ec7776d4e23f10a4b3894aadc04/r_33",
            "rotation": 0.12566370614359174,
            "transform_matrix": [
                [
                    0.09910326451063156,
                    -0.9424144625663757,
                    0.3194265067577362,
                    1.287649393081665
                ],
                [
                    0.9950771331787109,
                    0.09385839104652405,
                    -0.031812816858291626,
                    -0.12824156880378723
                ],
                [
                    0.0,
                    0.3210069239139557,
                    0.9470769166946411,
                    3.817789077758789
                ],
                [
                    0.0,
                    0.0,
                    0.0,
                    1.0
                ]
            ]
        },
        {
            "file_path": "/data/shapenet_blender/all_50_random/02958343/7197ec7776d4e23f10a4b3894aadc04/r_34",
            "rotation": 0.12566370614359174,
            "transform_matrix": [
                [
                    0.004857182037085295,
                    -0.2160722315311432,
                    0.9763652682304382,
                    3.935854196548462
                ],
                [
                    0.9999882578849792,
                    0.0010495143942534924,
                    -0.004742439370602369,
                    -0.019117385149002075
                ],
                [
                    0.0,
                    0.9763767123222351,
                    0.21607479453086853,
                    0.8710253834724426
                ],
                [
                    0.0,
                    0.0,
                    0.0,
                    1.0
                ]
            ]
        },
        {
            "file_path": "/data/shapenet_blender/all_50_random/02958343/7197ec7776d4e23f10a4b3894aadc04/r_35",
            "rotation": 0.12566370614359174,
            "transform_matrix": [
                [
                    0.773526668548584,
                    -0.10596396028995514,
                    -0.6248425841331482,
                    -2.5188210010528564
                ],
                [
                    -0.6337639093399048,
                    -0.12933197617530823,
                    -0.7626379132270813,
                    -3.074291706085205
                ],
                [
                    7.450581485102248e-09,
                    0.9859232902526855,
                    -0.16719786822795868,
                    -0.6739961504936218
                ],
                [
                    0.0,
                    0.0,
                    0.0,
                    1.0
                ]
            ]
        },
        {
            "file_path": "/data/shapenet_blender/all_50_random/02958343/7197ec7776d4e23f10a4b3894aadc04/r_36",
            "rotation": 0.12566370614359174,
            "transform_matrix": [
                [
                    -0.725368320941925,
                    0.10755565762519836,
                    -0.6799063682556152,
                    -2.7407898902893066
                ],
                [
                    -0.6883609294891357,
                    -0.11333801597356796,
                    0.7164592146873474,
                    2.888139009475708
                ],
                [
                    0.0,
                    0.9877176880836487,
                    0.15624894201755524,
                    0.6298595666885376
                ],
                [
                    0.0,
                    0.0,
                    0.0,
                    1.0
                ]
            ]
        },
        {
            "file_path": "/data/shapenet_blender/all_50_random/02958343/7197ec7776d4e23f10a4b3894aadc04/r_37",
            "rotation": 0.12566370614359174,
            "transform_matrix": [
                [
                    -0.9990193843841553,
                    0.0005545294261537492,
                    0.044271767139434814,
                    0.17846518754959106
                ],
                [
                    0.04427523910999298,
                    0.012512313202023506,
                    0.9989410638809204,
                    4.026859760284424
                ],
                [
                    0.0,
                    0.9999216198921204,
                    -0.01252459641546011,
                    -0.05048825591802597
                ],
                [
                    0.0,
                    0.0,
                    0.0,
                    1.0
                ]
            ]
        },
        {
            "file_path": "/data/shapenet_blender/all_50_random/02958343/7197ec7776d4e23f10a4b3894aadc04/r_38",
            "rotation": 0.12566370614359174,
            "transform_matrix": [
                [
                    -0.9175483584403992,
                    0.033827658742666245,
                    0.39618250727653503,
                    1.5970628261566162
                ],
                [
                    0.39762401580810547,
                    0.07805995643138885,
                    0.9142219424247742,
                    3.6853466033935547
                ],
                [
                    -1.8626450382086546e-09,
                    0.9963745474815369,
                    -0.08507448434829712,
                    -0.34294620156288147
                ],
                [
                    0.0,
                    0.0,
                    0.0,
                    1.0
                ]
            ]
        },
        {
            "file_path": "/data/shapenet_blender/all_50_random/02958343/7197ec7776d4e23f10a4b3894aadc04/r_39",
            "rotation": 0.12566370614359174,
            "transform_matrix": [
                [
                    -0.6993491649627686,
                    -0.1983790099620819,
                    -0.6866996884346008,
                    -2.768174886703491
                ],
                [
                    -0.7147801518440247,
                    0.19409631192684174,
                    0.6718749403953552,
                    2.7084145545959473
                ],
                [
                    -1.4901161193847656e-08,
                    0.9607143998146057,
                    -0.2775385081768036,
                    -1.1187934875488281
                ],
                [
                    0.0,
                    0.0,
                    0.0,
                    1.0
                ]
            ]
        },
        {
            "file_path": "/data/shapenet_blender/all_50_random/02958343/7197ec7776d4e23f10a4b3894aadc04/r_40",
            "rotation": 0.12566370614359174,
            "transform_matrix": [
                [
                    -0.8299307227134705,
                    -0.04322309419512749,
                    -0.5561894774436951,
                    -2.2420713901519775
                ],
                [
                    -0.5578663945198059,
                    0.06430244445800781,
                    0.8274359107017517,
                    3.335500955581665
                ],
                [
                    3.725290298461914e-09,
                    0.996993899345398,
                    -0.077479287981987,
                    -0.3123289942741394
                ],
                [
                    0.0,
                    0.0,
                    0.0,
                    1.0
                ]
            ]
        },
        {
            "file_path": "/data/shapenet_blender/all_50_random/02958343/7197ec7776d4e23f10a4b3894aadc04/r_41",
            "rotation": 0.12566370614359174,
            "transform_matrix": [
                [
                    0.7004390358924866,
                    -0.4939444363117218,
                    0.5151737928390503,
                    2.0767319202423096
                ],
                [
                    0.7137122750282288,
                    0.48475831747055054,
                    -0.5055928826332092,
                    -2.0381100177764893
                ],
                [
                    1.4901159417490817e-08,
                    0.7218228578567505,
                    0.6920778751373291,
