{
    "class": "02958343",
    "model": "f882454f6fe1c5bcc0e3666c7d0ec7d0",
    "remove_doubles": true,
    "edge_split": true,
    "denoise": true,
    "camera_angle_x": 0.6911112070083618,
    "scale_factor": 2.2371214163781796,
    "hdri_file": "/data/IndoorHDRDataset2018/9C4A4115-bfbb897f0b.exr",
    "center_offset": [
        0.0,
        -1.862645149230957e-09,
        -3.725290298461914e-09
    ],
    "lights": [],
    "frames": [
        {
            "file_path": "/data/shapenet_blender/all_50_random/02958343/f882454f6fe1c5bcc0e3666c7d0ec7d0/r_0",
            "rotation": 0.12566370614359174,
            "transform_matrix": [
                [
                    -0.7099421620368958,
                    0.03346883878111839,
                    0.7034643292427063,
                    2.8357551097869873
                ],
                [
                    0.7042600512504578,
                    0.033738873898983,
                    0.7091400027275085,
                    2.8586344718933105
                ],
                [
                    -1.862645149230957e-09,
                    0.9988700747489929,
                    -0.047523416578769684,
                    -0.19157299399375916
                ],
                [
                    0.0,
                    0.0,
                    0.0,
                    1.0
                ]
            ]
        },
        {
            "file_path": "/data/shapenet_blender/all_50_random/02958343/f882454f6fe1c5bcc0e3666c7d0ec7d0/r_1",
            "rotation": 0.12566370614359174,
            "transform_matrix": [
                [
                    0.9980628490447998,
                    -0.007001837715506554,
                    0.06181836128234863,
                    0.24919778108596802
                ],
                [
                    0.062213633209466934,
                    0.11232706159353256,
                    -0.9917217493057251,
                    -3.997758150100708
                ],
                [
                    -4.656612873077393e-10,
                    0.9936466217041016,
                    0.11254506558179855,
                    0.45368367433547974
                ],
                [
                    0.0,
                    0.0,
                    0.0,
                    1.0
                ]
            ]
        },
        {
            "file_path": "/data/shapenet_blender/all_50_random/02958343/f882454f6fe1c5bcc0e3666c7d0ec7d0/r_2",
            "rotation": 0.12566370614359174,
            "transform_matrix": [
                [
                    -0.2594400942325592,
                    -0.6799578666687012,
                    -0.6858192682266235,
                    -2.7646257877349854
                ],
                [
                    -0.9657592177391052,
                    0.18266288936138153,
                    0.18423746526241302,
                    0.7426849603652954
                ],
                [
                    1.4901160305669237e-08,
                    0.710134744644165,
                    -0.7040656805038452,
                    -2.838179349899292
                ],
                [
                    0.0,
                    0.0,
                    0.0,
                    1.0
                ]
            ]
        },
        {
            "file_path": "/data/shapenet_blender/all_50_random/02958343/f882454f6fe1c5bcc0e3666c7d0ec7d0/r_3",
            "rotation": 0.12566370614359174,
            "transform_matrix": [
                [
                    -0.6723968982696533,
                    0.23524022102355957,
                    -0.701815128326416,
                    -2.8291072845458984
                ],
                [
                    -0.7401907444000244,
                    -0.21369461715221405,
                    0.6375360488891602,
                    2.5699899196624756
                ],
                [
                    1.4901160305669237e-08,
                    0.9481543302536011,
                    0.3178102672100067,
                    1.2811341285705566
                ],
                [
                    0.0,
                    0.0,
                    0.0,
                    1.0
                ]
            ]
        },
        {
            "file_path": "/data/shapenet_blender/all_50_random/02958343/f882454f6fe1c5bcc0e3666c7d0ec7d0/r_4",
            "rotation": 0.12566370614359174,
            "transform_matrix": [
                [
                    0.5530993342399597,
                    0.16630136966705322,
                    -0.8163485527038574,
                    -3.290806293487549
                ],
                [
                    -0.8331153392791748,
                    0.110406294465065,
                    -0.5419679880142212,
                    -2.1847429275512695
                ],
                [
                    0.0,
                    0.9798745512962341,
                    0.19961386919021606,
                    0.8046692609786987
                ],
                [
                    0.0,
                    0.0,
                    0.0,
                    1.0
                ]
            ]
        },
        {
            "file_path": "/data/shapenet_blender/all_50_random/02958343/f882454f6fe1c5bcc0e3666c7d0ec7d0/r_5",
            "rotation": 0.12566370614359174,
            "transform_matrix": [
                [
                    -0.8898785710334778,
                    0.048556216061115265,
                    0.45360612869262695,
                    1.8285448551177979
                ],
                [
                    0.4561976492404938,
                    0.09471582621335983,
                    0.8848234415054321,
                    3.5668375492095947
                ],
                [
                    -3.725290742551124e-09,
                    0.9943194389343262,
                    -0.10643680393695831,
                    -0.42906051874160767
                ],
                [
                    0.0,
                    0.0,
                    0.0,
                    1.0
                ]
            ]
        },
        {
            "file_path": "/data/shapenet_blender/all_50_random/02958343/f882454f6fe1c5bcc0e3666c7d0ec7d0/r_6",
            "rotation": 0.12566370614359174,
            "transform_matrix": [
                [
                    -0.9957950115203857,
                    0.06614654511213303,
                    -0.06338029354810715,
                    -0.2554941475391388
                ],
                [
                    -0.09161019325256348,
                    -0.7190073132514954,
                    0.6889383792877197,
                    2.7771995067596436
                ],
                [
                    0.0,
                    0.691847562789917,
                    0.722043514251709,
                    2.9106504917144775
                ],
                [
                    0.0,
                    0.0,
                    0.0,
                    1.0
                ]
            ]
        },
        {
            "file_path": "/data/shapenet_blender/all_50_random/02958343/f882454f6fe1c5bcc0e3666c7d0ec7d0/r_7",
            "rotation": 0.12566370614359174,
            "transform_matrix": [
                [
                    0.9943243265151978,
                    -0.10634122788906097,
                    -0.003268480533733964,
                    -0.013175666332244873
                ],
                [
                    -0.10639144480228424,
                    -0.9938549995422363,
                    -0.03054690919816494,
                    -0.12313853204250336
                ],
                [
                    2.3283064365386963e-10,
                    0.030720731243491173,
                    -0.9995279908180237,
                    -4.029226303100586
                ],
                [
                    0.0,
                    0.0,
                    0.0,
                    1.0
                ]
            ]
        },
        {
            "file_path": "/data/shapenet_blender/all_50_random/02958343/f882454f6fe1c5bcc0e3666c7d0ec7d0/r_8",
            "rotation": 0.12566370614359174,
            "transform_matrix": [
                [
                    0.88448166847229,
                    0.2296852171421051,
                    -0.4061242938041687,
                    -1.6371395587921143
                ],
                [
                    -0.46657508611679077,
                    0.4354119300842285,
                    -0.7698856592178345,
                    -3.103508710861206
                ],
                [
                    1.4901162970204496e-08,
                    0.8704372644424438,
                    0.4922792315483093,
                    1.9844411611557007
                ],
                [
                    0.0,
                    0.0,
                    0.0,
                    1.0
                ]
            ]
        },
        {
            "file_path": "/data/shapenet_blender/all_50_random/02958343/f882454f6fe1c5bcc0e3666c7d0ec7d0/r_9",
            "rotation": 0.12566370614359174,
            "transform_matrix": [
                [
                    -0.9560272693634033,
                    0.20627060532569885,
                    -0.208481103181839,
                    -0.8404142260551453
                ],
                [
                    -0.29327791929244995,
                    -0.6724008321762085,
                    0.6796066761016846,
                    2.739582061767578
                ],
                [
                    1.4901161193847656e-08,
                    0.710865318775177,
                    0.7033281326293945,
                    2.8352062702178955
                ],
                [
                    0.0,
                    0.0,
                    0.0,
                    1.0
                ]
            ]
        },
        {
            "file_path": "/data/shapenet_blender/all_50_random/02958343/f882454f6fe1c5bcc0e3666c7d0ec7d0/r_10",
            "rotation": 0.12566370614359174,
            "transform_matrix": [
                [
                    0.9740057587623596,
                    0.0028529795818030834,
                    -0.2265051007270813,
                    -0.9130712151527405
                ],
                [
                    -0.2265230417251587,
                    0.01226726546883583,
                    -0.9739285707473755,
                    -3.9260313510894775
                ],
                [
                    -2.328305881427184e-10,
                    0.9999207258224487,
                    0.012594654224812984,
                    0.05077067390084267
                ],
                [
                    0.0,
                    0.0,
                    0.0,
                    1.0
                ]
            ]
        },
        {
            "file_path": "/data/shapenet_blender/all_50_random/02958343/f882454f6fe1c5bcc0e3666c7d0ec7d0/r_11",
            "rotation": 0.12566370614359174,
            "transform_matrix": [
                [
                    -0.9241491556167603,
                    0.1371174305677414,
                    -0.3565770387649536,
                    -1.4374079704284668
                ],
                [
                    -0.3820318877696991,
                    -0.331692099571228,
                    0.8625729084014893,
                    3.477142572402954
                ],
                [
                    -7.450580596923828e-09,
                    0.9333697557449341,
                    0.35891619324684143,
                    1.4468374252319336
                ],
                [
                    0.0,
                    0.0,
                    0.0,
                    1.0
                ]
            ]
        },
        {
            "file_path": "/data/shapenet_blender/all_50_random/02958343/f882454f6fe1c5bcc0e3666c7d0ec7d0/r_12",
            "rotation": 0.12566370614359174,
            "transform_matrix": [
                [
                    0.1651969999074936,
                    0.8790030479431152,
                    -0.44728466868400574,
                    -1.8030622005462646
                ],
                [
                    -0.9862606525421143,
                    0.14723151922225952,
                    -0.0749194324016571,
                    -0.3020098805427551
                ],
                [
                    -7.450581485102248e-09,
                    0.4535156488418579,
                    0.8912482261657715,
                    3.5927364826202393
                ],
                [
                    0.0,
                    0.0,
                    0.0,
                    1.0
                ]
            ]
        },
        {
            "file_path": "/data/shapenet_blender/all_50_random/02958343/f882454f6fe1c5bcc0e3666c7d0ec7d0/r_13",
            "rotation": 0.12566370614359174,
            "transform_matrix": [
                [
                    -0.9654732346534729,
                    0.2156628668308258,
                    0.14611980319023132,
                    0.5890277624130249
                ],
                [
                    0.26050233840942383,
                    0.7992892861366272,
                    0.5415489077568054,
                    2.183053493499756
                ],
                [
                    0.0,
                    0.560915470123291,
                    -0.8278729915618896,
                    -3.3372628688812256
                ],
                [
                    0.0,
                    0.0,
                    0.0,
                    1.0
                ]
            ]
        },
        {
            "file_path": "/data/shapenet_blender/all_50_random/02958343/f882454f6fe1c5bcc0e3666c7d0ec7d0/r_14",
            "rotation": 0.12566370614359174,
            "transform_matrix": [
                [
                    -0.6363838315010071,
                    0.3207421600818634,
                    0.701526939868927,
                    2.8279454708099365
                ],
                [
                    0.7713726162910461,
                    0.2646128833293915,
                    0.578761100769043,
                    2.3330605030059814
                ],
                [
                    1.4901162970204496e-08,
                    0.9094526767730713,
                    -0.4158071279525757,
                    -1.676172137260437
                ],
                [
                    0.0,
                    0.0,
                    0.0,
                    1.0
                ]
            ]
        },
        {
            "file_path": "/data/shapenet_blender/all_50_random/02958343/f882454f6fe1c5bcc0e3666c7d0ec7d0/r_15",
            "rotation": 0.12566370614359174,
            "transform_matrix": [
                [
                    0.20540688931941986,
                    -0.19771850109100342,
                    0.9584964513778687,
                    3.8638224601745605
                ],
                [
                    0.9786766767501831,
                    0.0414976067841053,
                    -0.201171413064003,
                    -0.8109478950500488
                ],
                [
                    0.0,
                    0.9793800115585327,
                    0.2020263820886612,
                    0.8143943548202515
                ],
                [
                    0.0,
                    0.0,
                    0.0,
                    1.0
                ]
            ]
        },
        {
            "file_path": "/data/shapenet_blender/all_50_random/02958343/f882454f6fe1c5bcc0e3666c7d0ec7d0/r_16",
            "rotation": 0.12566370614359174,
            "transform_matrix": [
                [
                    0.6976292729377747,
                    -0.5660604238510132,
                    0.4391913414001465,
                    1.7704370021820068
                ],
                [
                    0.7164589762687683,
                    0.5511834025382996,
                    -0.427648663520813,
                    -1.7239069938659668
                ],
                [
                    0.0,
                    0.6130027770996094,
                    0.7900806665420532,
                    3.1849172115325928
                ],
                [
                    0.0,
                    0.0,
                    0.0,
                    1.0
                ]
            ]
        },
        {
            "file_path": "/data/shapenet_blender/all_50_random/02958343/f882454f6fe1c5bcc0e3666c7d0ec7d0/r_17",
            "rotation": 0.12566370614359174,
            "transform_matrix": [
                [
                    0.2834712564945221,
                    0.6175877451896667,
                    -0.7336411476135254,
                    -2.957401990890503
                ],
                [
                    -0.9589806795120239,
                    0.18255673348903656,
                    -0.21686170995235443,
                    -0.8741975426673889
                ],
                [
                    0.0,
                    0.7650217413902283,
                    0.6440044045448303,
                    2.596064805984497
                ],
                [
                    0.0,
                    0.0,
                    0.0,
                    1.0
                ]
            ]
        },
        {
            "file_path": "/data/shapenet_blender/all_50_random/02958343/f882454f6fe1c5bcc0e3666c7d0ec7d0/r_18",
            "rotation": 0.12566370614359174,
            "transform_matrix": [
                [
                    -0.4636673331260681,
                    0.01208444032818079,
                    -0.8859269618988037,
                    -3.5712857246398926
                ],
                [
                    -0.8860092759132385,
                    -0.0063240425661206245,
                    0.4636242687702179,
                    1.868929147720337
                ],
                [
                    0.0,
                    0.9999070763587952,
                    0.013639179989695549,
                    0.0549812912940979
                ],
                [
                    0.0,
                    0.0,
                    0.0,
                    1.0
                ]
            ]
        },
        {
            "file_path": "/data/shapenet_blender/all_50_random/02958343/f882454f6fe1c5bcc0e3666c7d0ec7d0/r_19",
            "rotation": 0.12566370614359174,
            "transform_matrix": [
                [
                    0.8647511005401611,
                    0.0953870415687561,
                    0.49305862188339233,
                    1.987583041191101
                ],
                [
                    0.5022006034851074,
                    -0.16424918174743652,
                    -0.8490092158317566,
                    -3.4224658012390137
                ],
                [
                    0.0,
                    0.9817960858345032,
                    -0.18993808329105377,
                    -0.7656649351119995
                ],
                [
                    0.0,
                    0.0,
                    0.0,
                    1.0
                ]
            ]
        },
        {
            "file_path": "/data/shapenet_blender/all_50_random/02958343/f882454f6fe1c5bcc0e3666c7d0ec7d0/r_20",
            "rotation": 0.12566370614359174,
            "transform_matrix": [
                [
                    0.5465807914733887,
                    -0.758671224117279,
                    -0.3544958531856537,
                    -1.4290186166763306
                ],
                [
                    -0.8374063968658447,
                    -0.4951898753643036,
                    -0.2313818484544754,
                    -0.9327301383018494
                ],
                [
                    -1.4901161193847656e-08,
                    0.42332595586776733,
                    -0.9059773683547974,
                    -3.652111768722534
                ],
                [
                    0.0,
                    0.0,
                    0.0,
                    1.0
                ]
            ]
        },
        {
            "file_path": "/data/shapenet_blender/all_50_random/02958343/f882454f6fe1c5bcc0e3666c7d0ec7d0/r_21",
            "rotation": 0.12566370614359174,
            "transform_matrix": [
                [
                    -0.3929275870323181,
                    -0.24463336169719696,
                    0.886432409286499,
                    3.5733232498168945
                ],
                [
                    0.9195693135261536,
                    -0.1045306846499443,
                    0.3787683844566345,
                    1.5268641710281372
                ],
                [
                    0.0,
                    0.9639647006988525,
                    0.26603037118911743,
                    1.0724027156829834
                ],
                [
                    0.0,
                    0.0,
                    0.0,
                    1.0
                ]
            ]
        },
        {
            "file_path": "/data/shapenet_blender/all_50_random/02958343/f882454f6fe1c5bcc0e3666c7d0ec7d0/r_22",
            "rotation": 0.12566370614359174,
            "transform_matrix": [
                [
                    0.9848145842552185,
                    -0.08992335945367813,
                    0.14850609004497528,
                    0.5986471772193909
                ],
                [
                    0.17360953986644745,
                    0.5100977420806885,
                    -0.8424131870269775,
                    -3.395876169204712
                ],
                [
                    0.0,
                    0.8554027676582336,
                    0.5179632902145386,
                    2.0879766941070557
                ],
                [
                    0.0,
                    0.0,
                    0.0,
                    1.0
                ]
            ]
        },
        {
            "file_path": "/data/shapenet_blender/all_50_random/02958343/f882454f6fe1c5bcc0e3666c7d0ec7d0/r_23",
            "rotation": 0.12566370614359174,
            "transform_matrix": [
                [
                    -0.9796332120895386,
                    -0.13466130197048187,
                    0.148946613073349,
                    0.6004229187965393
                ],
                [
                    0.20079530775547028,
                    -0.6569808721542358,
                    0.7266755700111389,
                    2.9293224811553955
                ],
                [
                    -7.450580152834618e-09,
                    0.7417831420898438,
                    0.6706397533416748,
                    2.703434944152832
                ],
                [
                    0.0,
                    0.0,
                    0.0,
                    1.0
                ]
            ]
        },
        {
            "file_path": "/data/shapenet_blender/all_50_random/02958343/f882454f6fe1c5bcc0e3666c7d0ec7d0/r_24",
            "rotation": 0.12566370614359174,
            "transform_matrix": [
                [
                    0.5338050127029419,
                    -0.08786922693252563,
                    -0.8410298824310303,
                    -3.3902997970581055
                ],
                [
                    -0.845607578754425,
                    -0.055469024926424026,
                    -0.5309152007102966,
                    -2.1401877403259277
                ],
                [
                    3.725290298461914e-09,
                    0.9945863485336304,
                    -0.10391253978013992,
                    -0.41888484358787537
                ],
                [
                    0.0,
                    0.0,
                    0.0,
                    1.0
                ]
            ]
        },
        {
            "file_path": "/data/shapenet_blender/all_50_random/02958343/f882454f6fe1c5bcc0e3666c7d0ec7d0/r_25",
            "rotation": 0.12566370614359174,
            "transform_matrix": [
                [
                    -0.2325153648853302,
                    0.36991891264915466,
                    -0.8994980454444885,
                    -3.6259920597076416
                ],
                [
                    -0.9725927710533142,
                    -0.08843560516834259,
                    0.21504077315330505,
                    0.8668569922447205
                ],
                [
                    0.0,
                    0.9248454570770264,
                    0.38034313917160034,
                    1.5332120656967163
                ],
                [
                    0.0,
                    0.0,
                    0.0,
                    1.0
                ]
            ]
        },
        {
            "file_path": "/data/shapenet_blender/all_50_random/02958343/f882454f6fe1c5bcc0e3666c7d0ec7d0/r_26",
            "rotation": 0.12566370614359174,
            "transform_matrix": [
                [
                    -0.9899470210075378,
                    0.02228488214313984,
                    0.13967223465442657,
                    0.5630367994308472
                ],
                [
                    0.14143885672092438,
                    0.15597447752952576,
                    0.9775822162628174,
                    3.9407598972320557
                ],
                [
                    0.0,
                    0.9875096082687378,
                    -0.15755842626094818,
                    -0.6351383328437805
                ],
                [
                    0.0,
                    0.0,
                    0.0,
                    1.0
                ]
            ]
        },
        {
            "file_path": "/data/shapenet_blender/all_50_random/02958343/f882454f6fe1c5bcc0e3666c7d0ec7d0/r_27",
            "rotation": 0.12566370614359174,
            "transform_matrix": [
                [
                    -0.16976213455200195,
                    0.49557581543922424,
                    -0.8518130779266357,
                    -3.4337682723999023
                ],
                [
                    -0.9854850172996521,
                    -0.08536913245916367,
                    0.14673545956611633,
                    0.5915095806121826
                ],
                [
                    0.0,
                    0.8643591403961182,
                    0.502875030040741,
                    2.027153968811035
                ],
                [
                    0.0,
                    0.0,
                    0.0,
                    1.0
                ]
            ]
        },
        {
            "file_path": "/data/shapenet_blender/all_50_random/02958343/f882454f6fe1c5bcc0e3666c7d0ec7d0/r_28",
            "rotation": 0.12566370614359174,
            "transform_matrix": [
                [
                    -0.7855075597763062,
                    0.07454923540353775,
                    -0.6143454313278198,
                    -2.476505994796753
                ],
                [
                    -0.6188520789146423,
                    -0.09462516009807587,
                    0.7797871828079224,
                    3.143422842025757
                ],
                [
                    3.725290298461914e-09,
                    0.9927176833152771,
                    0.12046372145414352,
                    0.48560482263565063
                ],
                [
                    0.0,
                    0.0,
                    0.0,
                    1.0
                ]
            ]
        },
        {
            "file_path": "/data/shapenet_blender/all_50_random/02958343/f882454f6fe1c5bcc0e3666c7d0ec7d0/r_29",
            "rotation": 0.12566370614359174,
            "transform_matrix": [
                [
                    -0.8456500768661499,
                    -0.16511982679367065,
                    -0.507554292678833,
                    -2.0460169315338135
                ],
                [
                    -0.5337377190589905,
                    0.261614590883255,
                    0.804165244102478,
                    3.2416939735412598
                ],
                [
                    -1.4901161193847656e-08,
                    0.9509433507919312,
                    -0.30936506390571594,
                    -1.2470905780792236
                ],
                [
                    0.0,
                    0.0,
                    0.0,
                    1.0
                ]
            ]
        },
        {
            "file_path": "/data/shapenet_blender/all_50_random/02958343/f882454f6fe1c5bcc0e3666c7d0ec7d0/r_30",
            "rotation": 0.12566370614359174,
            "transform_matrix": [
                [
                    -0.9965815544128418,
                    -0.013448878191411495,
                    0.08151236921548843,
                    0.3285869061946869
                ],
                [
                    0.08261439949274063,
                    -0.16223447024822235,
                    0.9832877516746521,
                    3.9637598991394043
                ],
                [
                    -9.313225191043273e-10,
                    0.9866605997085571,
                    0.1627909541130066,
                    0.6562314033508301
                ],
                [
                    0.0,
                    0.0,
                    0.0,
                    1.0
                ]
            ]
        },
        {
            "file_path": "/data/shapenet_blender/all_50_random/02958343/f882454f6fe1c5bcc0e3666c7d0ec7d0/r_31",
            "rotation": 0.12566370614359174,
            "transform_matrix": [
                [
                    0.05478610843420029,
                    -0.3571756184101105,
                    -0.9324290156364441,
                    -3.758741855621338
                ],
                [
                    -0.9984981417655945,
                    -0.019597694277763367,
                    -0.051160991191864014,
                    -0.2062365710735321
                ],
                [
                    0.0,
                    0.933831512928009,
                    -0.35771283507347107,
                    -1.4419866800308228
                ],
                [
                    0.0,
                    0.0,
                    0.0,
                    1.0
                ]
            ]
        },
        {
            "file_path": "/data/shapenet_blender/all_50_random/02958343/f882454f6fe1c5bcc0e3666c7d0ec7d0/r_32",
            "rotation": 0.12566370614359174,
            "transform_matrix": [
                [
                    -0.17653398215770721,
                    -0.35254061222076416,
                    0.9189944863319397,
                    3.704585313796997
                ],
                [
                    0.9842946529388428,
                    -0.06322841346263885,
                    0.16482234001159668,
                    0.6644201278686523
                ],
                [
                    -3.725290742551124e-09,
                    0.9336579442024231,
                    0.35816577076911926,
                    1.443812370300293
                ],
                [
                    0.0,
                    0.0,
                    0.0,
                    1.0
                ]
            ]
        },
        {
            "file_path": "/data/shapenet_blender/all_50_random/02958343/f882454f6fe1c5bcc0e3666c7d0ec7d0/r_33",
            "rotation": 0.12566370614359174,
            "transform_matrix": [
                [
                    -0.15341296792030334,
                    0.215041384100914,
                    -0.964479923248291,
                    -3.8879432678222656
                ],
                [
                    -0.9881622195243835,
                    -0.033385347574949265,
                    0.14973627030849457,
                    0.6036062836647034
                ],
                [
                    0.0,
                    0.9760341048240662,
                    0.21761749684810638,
                    0.877244234085083
                ],
                [
                    0.0,
                    0.0,
                    0.0,
                    1.0
                ]
            ]
        },
        {
            "file_path": "/data/shapenet_blender/all_50_random/02958343/f882454f6fe1c5bcc0e3666c7d0ec7d0/r_34",
            "rotation": 0.12566370614359174,
            "transform_matrix": [
                [
                    0.1840023547410965,
                    -0.2822916805744171,
                    -0.941517174243927,
                    -3.795377016067505
                ],
                [
                    -0.9829258918762207,
                    -0.052844610065221786,
                    -0.17625069618225098,
                    -0.7104892730712891
                ],
                [
                    -3.725290298461914e-09,
                    0.9578720331192017,
                    -0.2871953547000885,
                    -1.1577215194702148
                ],
                [
                    0.0,
                    0.0,
                    0.0,
                    1.0
                ]
            ]
        },
        {
            "file_path": "/data/shapenet_blender/all_50_random/02958343/f882454f6fe1c5bcc0e3666c7d0ec7d0/r_35",
            "rotation": 0.12566370614359174,
            "transform_matrix": [
                [
                    -0.17224638164043427,
                    0.2601560652256012,
                    -0.9500789642333984,
                    -3.829890727996826
                ],
                [
                    -0.9850538969039917,
                    -0.04549085348844528,
                    0.1661306768655777,
                    0.669694185256958
                ],
                [
                    0.0,
                    0.9644943475723267,
                    0.26410338282585144,
                    1.0646347999572754
                ],
                [
                    0.0,
                    0.0,
                    0.0,
                    1.0
                ]
            ]
        },
        {
            "file_path": "/data/shapenet_blender/all_50_random/02958343/f882454f6fe1c5bcc0e3666c7d0ec7d0/r_36",
            "rotation": 0.12566370614359174,
            "transform_matrix": [
                [
                    0.7764002084732056,
                    -0.46850699186325073,
                    0.4215494990348816,
                    1.6993204355239868
                ],
                [
                    0.6302403211593628,
                    0.5771591067314148,
                    -0.5193116664886475,
                    -2.093412399291992
                ],
                [
                    1.4901161193847656e-08,
                    0.6688711047172546,
                    0.7433783411979675,
                    2.9966540336608887
                ],
                [
                    0.0,
                    0.0,
                    0.0,
                    1.0
                ]
            ]
        },
        {
            "file_path": "/data/shapenet_blender/all_50_random/02958343/f882454f6fe1c5bcc0e3666c7d0ec7d0/r_37",
            "rotation": 0.12566370614359174,
            "transform_matrix": [
                [
                    0.2219572365283966,
                    -0.936287522315979,
                    0.27221426367759705,
                    1.0973308086395264
                ],
                [
                    0.9750564694404602,
                    0.21313205361366272,
                    -0.061965566128492355,
                    -0.2497911900281906
                ],
                [
                    0.0,
                    0.2791779637336731,
                    0.9602393507957458,
                    3.8708486557006836
                ],
                [
                    0.0,
                    0.0,
                    0.0,
                    1.0
                ]
            ]
        },
        {
            "file_path": "/data/shapenet_blender/all_50_random/02958343/f882454f6fe1c5bcc0e3666c7d0ec7d0/r_38",
            "rotation": 0.12566370614359174,
            "transform_matrix": [
                [
                    -0.5581851601600647,
                    -0.35116127133369446,
                    0.7517412900924683,
                    3.0303664207458496
                ],
                [
                    0.8297164440155029,
                    -0.23624096810817719,
                    0.505728006362915,
                    2.0386550426483154
                ],
                [
                    -1.4901161193847656e-08,
                    0.9060221314430237,
                    0.42323037981987,
                    1.7060964107513428
                ],
                [
                    0.0,
                    0.0,
                    0.0,
                    1.0
                ]
            ]
        },
        {
            "file_path": "/data/shapenet_blender/all_50_random/02958343/f882454f6fe1c5bcc0e3666c7d0ec7d0/r_39",
            "rotation": 0.12566370614359174,
            "transform_matrix": [
                [
                    -0.9391943216323853,
                    -0.20957759022712708,
                    0.272013396024704,
                    1.0965211391448975
                ],
                [
                    0.343386173248291,
                    -0.5732148885726929,
                    0.7439828515052795,
                    2.999091148376465
                ],
                [
                    -1.4901161193847656e-08,
                    0.7921500205993652,
                    0.6103261709213257,
                    2.460303783416748
                ],
                [
                    0.0,
                    0.0,
                    0.0,
                    1.0
                ]
            ]
        },
        {
            "file_path": "/data/shapenet_blender/all_50_random/02958343/f882454f6fe1c5bcc0e3666c7d0ec7d0/r_40",
            "rotation": 0.12566370614359174,
            "transform_matrix": [
                [
                    -0.49742835760116577,
                    -0.08115395903587341,
                    0.863700807094574,
                    3.481689214706421
                ],
                [
                    0.8675051331520081,
                    -0.04653376713395119,
                    0.4952469766139984,
                    1.9964044094085693
                ],
                [
                    0.0,
                    0.995614767074585,
                    0.09354867041110992,
                    0.37710675597190857
                ],
                [
                    0.0,
                    0.0,
                    0.0,
                    1.0
                ]
            ]
        },
        {
            "file_path": "/data/shapenet_blender/all_50_random/02958343/f882454f6fe1c5bcc0e3666c7d0ec7d0/r_41",
            "rotation": 0.12566370614359174,
            "transform_matrix": [
                [
                    -0.6317622661590576,
                    -0.42118537425994873,
                    -0.6507529020309448,
                    -2.6232688426971436
                ],
                [
                    -0.7751623392105103,
                    0.34326881170272827,
                    0.5303677916526794,
