{
    "class": "02958343",
    "model": "62032b070c02c6b1570673441ebdaf2b",
    "remove_doubles": true,
    "edge_split": true,
    "denoise": true,
    "camera_angle_x": 0.6911112070083618,
    "scale_factor": 2.3536805228114117,
    "hdri_file": "/data/IndoorHDRDataset2018/AG8A2019-e095d1c02d.exr",
    "center_offset": [
        0.0,
        -3.725290298461914e-09,
        0.0
    ],
    "lights": [],
    "frames": [
        {
            "file_path": "/data/shapenet_blender/all_50_random/02958343/62032b070c02c6b1570673441ebdaf2b/r_0",
            "rotation": 0.12566370614359174,
            "transform_matrix": [
                [
                    0.20548629760742188,
                    0.18449833989143372,
                    -0.9611117243766785,
                    -3.8743653297424316
                ],
                [
                    -0.978659987449646,
                    0.03873855993151665,
                    -0.20180174708366394,
                    -0.8134888410568237
                ],
                [
                    -3.725290298461914e-09,
                    0.9820690155029297,
                    0.1885213851928711,
                    0.759954035282135
                ],
                [
                    0.0,
                    0.0,
                    0.0,
                    1.0
                ]
            ]
        },
        {
            "file_path": "/data/shapenet_blender/all_50_random/02958343/62032b070c02c6b1570673441ebdaf2b/r_1",
            "rotation": 0.12566370614359174,
            "transform_matrix": [
                [
                    0.194519504904747,
                    -0.30347388982772827,
                    0.9327730536460876,
                    3.7601287364959717
                ],
                [
                    0.9808986783027649,
                    0.060181133449077606,
                    -0.18497584760189056,
                    -0.7456615567207336
                ],
                [
                    3.725290298461914e-09,
                    0.9509373903274536,
                    0.30938348174095154,
                    1.2471648454666138
                ],
                [
                    0.0,
                    0.0,
                    0.0,
                    1.0
                ]
            ]
        },
        {
            "file_path": "/data/shapenet_blender/all_50_random/02958343/62032b070c02c6b1570673441ebdaf2b/r_2",
            "rotation": 0.12566370614359174,
            "transform_matrix": [
                [
                    -0.32236284017562866,
                    -0.044477105140686035,
                    0.9455707669258118,
                    3.8117172718048096
                ],
                [
                    0.9466161727905273,
                    -0.015146337449550629,
                    0.32200685143470764,
                    1.2980509996414185
                ],
                [
                    9.313224635931761e-10,
                    0.998895525932312,
                    0.04698537290096283,
                    0.18940407037734985
                ],
                [
                    0.0,
                    0.0,
                    0.0,
                    1.0
                ]
            ]
        },
        {
            "file_path": "/data/shapenet_blender/all_50_random/02958343/62032b070c02c6b1570673441ebdaf2b/r_3",
            "rotation": 0.12566370614359174,
            "transform_matrix": [
                [
                    0.7303721904754639,
                    -0.4876539409160614,
                    -0.4782782196998596,
                    -1.9280011653900146
                ],
                [
                    -0.6830493211746216,
                    -0.5214394330978394,
                    -0.5114141702651978,
                    -2.0615763664245605
                ],
                [
                    0.0,
                    0.7002102732658386,
                    -0.7139366269111633,
                    -2.8779706954956055
                ],
                [
                    0.0,
                    0.0,
                    0.0,
                    1.0
                ]
            ]
        },
        {
            "file_path": "/data/shapenet_blender/all_50_random/02958343/62032b070c02c6b1570673441ebdaf2b/r_4",
            "rotation": 0.12566370614359174,
            "transform_matrix": [
                [
                    0.1843457967042923,
                    -0.17054569721221924,
                    -0.9679518342018127,
                    -3.9019386768341064
                ],
                [
                    -0.9828615188598633,
                    -0.031987596303224564,
                    -0.1815493255853653,
                    -0.7318487167358398
                ],
                [
                    3.725290742551124e-09,
                    0.984830379486084,
                    -0.1735195815563202,
                    -0.6994798183441162
                ],
                [
                    0.0,
                    0.0,
                    0.0,
                    1.0
                ]
            ]
        },
        {
            "file_path": "/data/shapenet_blender/all_50_random/02958343/62032b070c02c6b1570673441ebdaf2b/r_5",
            "rotation": 0.12566370614359174,
            "transform_matrix": [
                [
                    0.4347183406352997,
                    -0.23141208291053772,
                    0.8703266978263855,
                    3.5083987712860107
                ],
                [
                    0.9005665183067322,
                    0.1117064356803894,
                    -0.42012104392051697,
                    -1.6935619115829468
                ],
                [
                    -7.450580596923828e-09,
                    0.9664213061332703,
                    0.2569628059864044,
                    1.0358500480651855
                ],
                [
                    0.0,
                    0.0,
                    0.0,
                    1.0
                ]
            ]
        },
        {
            "file_path": "/data/shapenet_blender/all_50_random/02958343/62032b070c02c6b1570673441ebdaf2b/r_6",
            "rotation": 0.12566370614359174,
            "transform_matrix": [
                [
                    -0.9496595859527588,
                    -0.19217681884765625,
                    0.2474161833524704,
                    0.9973665475845337
                ],
                [
                    0.3132837116718292,
                    -0.5825471878051758,
                    0.7499947547912598,
                    3.0233254432678223
                ],
                [
                    0.0,
                    0.7897512316703796,
                    0.6134273409843445,
                    2.4728047847747803
                ],
                [
                    0.0,
                    0.0,
                    0.0,
                    1.0
                ]
            ]
        },
        {
            "file_path": "/data/shapenet_blender/all_50_random/02958343/62032b070c02c6b1570673441ebdaf2b/r_7",
            "rotation": 0.12566370614359174,
            "transform_matrix": [
                [
                    0.6792636513710022,
                    0.011148025281727314,
                    -0.7338096499443054,
                    -2.9580814838409424
                ],
                [
                    -0.7338943481445312,
                    0.010318171232938766,
                    -0.6791852116584778,
                    -2.7378833293914795
                ],
                [
                    -4.6566123179658803e-10,
                    0.9998845458030701,
                    0.01519023347645998,
                    0.06123379245400429
                ],
                [
                    0.0,
                    0.0,
                    0.0,
                    1.0
                ]
            ]
        },
        {
            "file_path": "/data/shapenet_blender/all_50_random/02958343/62032b070c02c6b1570673441ebdaf2b/r_8",
            "rotation": 0.12566370614359174,
            "transform_matrix": [
                [
                    0.9966674447059631,
                    0.048109982162714005,
                    -0.06587360054254532,
                    -0.26554495096206665
                ],
                [
                    -0.08157144486904144,
                    0.5878239870071411,
                    -0.8048658967018127,
                    -3.2445178031921387
                ],
                [
                    0.0,
                    0.8075568675994873,
                    0.5897895693778992,
                    2.3775174617767334
                ],
                [
                    0.0,
                    0.0,
                    0.0,
                    1.0
                ]
            ]
        },
        {
            "file_path": "/data/shapenet_blender/all_50_random/02958343/62032b070c02c6b1570673441ebdaf2b/r_9",
            "rotation": 0.12566370614359174,
            "transform_matrix": [
                [
                    -0.9930612444877625,
                    -0.012098223902285099,
                    0.11697471886873245,
                    0.4715402126312256
                ],
                [
                    0.11759870499372482,
                    -0.10216335207223892,
                    0.9877920150756836,
                    3.981917142868042
                ],
                [
                    0.0,
                    0.9946940541267395,
                    0.1028771847486496,
                    0.41471123695373535
                ],
                [
                    0.0,
                    0.0,
                    0.0,
                    1.0
                ]
            ]
        },
        {
            "file_path": "/data/shapenet_blender/all_50_random/02958343/62032b070c02c6b1570673441ebdaf2b/r_10",
            "rotation": 0.12566370614359174,
            "transform_matrix": [
                [
                    0.7029592990875244,
                    -0.2539312243461609,
                    0.6643545627593994,
                    2.6780991554260254
                ],
                [
                    0.7112299799919128,
                    0.25097835063934326,
                    -0.6566290259361267,
                    -2.646956443786621
                ],
                [
                    0.0,
                    0.9340925216674805,
                    0.35703104734420776,
                    1.4392383098602295
                ],
                [
                    0.0,
                    0.0,
                    0.0,
                    1.0
                ]
            ]
        },
        {
            "file_path": "/data/shapenet_blender/all_50_random/02958343/62032b070c02c6b1570673441ebdaf2b/r_11",
            "rotation": 0.12566370614359174,
            "transform_matrix": [
                [
                    0.999515175819397,
                    0.0010943154338747263,
                    -0.03111674077808857,
                    -0.12543559074401855
                ],
                [
                    -0.031135978177189827,
                    0.03512929379940033,
                    -0.9988976716995239,
                    -4.0266852378845215
                ],
                [
                    0.0,
                    0.9993821382522583,
                    0.03514634072780609,
                    0.14167943596839905
                ],
                [
                    0.0,
                    0.0,
                    0.0,
                    1.0
                ]
            ]
        },
        {
            "file_path": "/data/shapenet_blender/all_50_random/02958343/62032b070c02c6b1570673441ebdaf2b/r_12",
            "rotation": 0.12566370614359174,
            "transform_matrix": [
                [
                    -0.28896933794021606,
                    0.7232242822647095,
                    0.6272504925727844,
                    2.5285277366638184
                ],
                [
                    0.9573383331298828,
                    0.21830280125141144,
                    0.18933343887329102,
                    0.7632275819778442
                ],
                [
                    0.0,
                    0.6552025675773621,
                    -0.7554531693458557,
                    -3.0453293323516846
                ],
                [
                    0.0,
                    0.0,
                    0.0,
                    1.0
                ]
            ]
        },
        {
            "file_path": "/data/shapenet_blender/all_50_random/02958343/62032b070c02c6b1570673441ebdaf2b/r_13",
            "rotation": 0.12566370614359174,
            "transform_matrix": [
                [
                    -0.21617580950260162,
                    -0.2589483857154846,
                    -0.941389262676239,
                    -3.794861316680908
                ],
                [
                    -0.9763544797897339,
                    0.05733406916260719,
                    0.2084341049194336,
                    0.8402246832847595
                ],
                [
                    3.725290298461914e-09,
                    0.9641879200935364,
                    -0.26521965861320496,
                    -1.0691345930099487
                ],
                [
                    0.0,
                    0.0,
                    0.0,
                    1.0
                ]
            ]
        },
        {
            "file_path": "/data/shapenet_blender/all_50_random/02958343/62032b070c02c6b1570673441ebdaf2b/r_14",
            "rotation": 0.12566370614359174,
            "transform_matrix": [
                [
                    -0.4283258020877838,
                    0.019101034849882126,
                    0.9034223556518555,
                    3.641812324523926
                ],
                [
                    0.9036243557929993,
                    0.009054056368768215,
                    0.42823004722595215,
                    1.7262506484985352
                ],
                [
                    0.0,
                    0.9997764825820923,
                    -0.021138247102499008,
                    -0.08521100878715515
                ],
                [
                    0.0,
                    0.0,
                    0.0,
                    1.0
                ]
            ]
        },
        {
            "file_path": "/data/shapenet_blender/all_50_random/02958343/62032b070c02c6b1570673441ebdaf2b/r_15",
            "rotation": 0.12566370614359174,
            "transform_matrix": [
                [
                    -0.7621495127677917,
                    0.04709474742412567,
                    -0.6456856727600098,
                    -2.602842330932617
                ],
                [
                    -0.6474009156227112,
                    -0.05544205754995346,
                    0.7601302862167358,
                    3.064183473587036
                ],
                [
                    3.725290076417309e-09,
                    0.9973505735397339,
                    0.07274431735277176,
                    0.2932417392730713
                ],
                [
                    0.0,
                    0.0,
                    0.0,
                    1.0
                ]
            ]
        },
        {
            "file_path": "/data/shapenet_blender/all_50_random/02958343/62032b070c02c6b1570673441ebdaf2b/r_16",
            "rotation": 0.12566370614359174,
            "transform_matrix": [
                [
                    -0.5769699811935425,
                    -0.3932298719882965,
                    0.7158742547035217,
                    2.8857812881469727
                ],
                [
                    0.8167654275894165,
                    -0.2777808904647827,
                    0.5056995749473572,
                    2.0385401248931885
                ],
                [
                    0.0,
                    0.8764747381210327,
                    0.4814477860927582,
                    1.9407780170440674
                ],
                [
                    0.0,
                    0.0,
                    0.0,
                    1.0
                ]
            ]
        },
        {
            "file_path": "/data/shapenet_blender/all_50_random/02958343/62032b070c02c6b1570673441ebdaf2b/r_17",
            "rotation": 0.12566370614359174,
            "transform_matrix": [
                [
                    0.25130319595336914,
                    -0.306725412607193,
                    -0.9180229902267456,
                    -3.700669050216675
                ],
                [
                    -0.967908501625061,
                    -0.07963673770427704,
                    -0.23835115134716034,
                    -0.9608242511749268
                ],
                [
                    0.0,
                    0.9484606385231018,
                    -0.316895067691803,
                    -1.277444839477539
                ],
                [
                    0.0,
                    0.0,
                    0.0,
                    1.0
                ]
            ]
        },
        {
            "file_path": "/data/shapenet_blender/all_50_random/02958343/62032b070c02c6b1570673441ebdaf2b/r_18",
            "rotation": 0.12566370614359174,
            "transform_matrix": [
                [
                    0.39326348900794983,
                    -0.7897066473960876,
                    -0.47085803747177124,
                    -1.8980894088745117
                ],
                [
                    -0.9194258451461792,
                    -0.33777904510498047,
                    -0.2013988196849823,
                    -0.8118646144866943
                ],
                [
                    0.0,
                    0.512121856212616,
                    -0.8589128255844116,
                    -3.462388277053833
                ],
                [
                    0.0,
                    0.0,
                    0.0,
                    1.0
                ]
            ]
        },
        {
            "file_path": "/data/shapenet_blender/all_50_random/02958343/62032b070c02c6b1570673441ebdaf2b/r_19",
            "rotation": 0.12566370614359174,
            "transform_matrix": [
                [
                    0.9926265478134155,
                    -0.05768337473273277,
                    0.1066078171133995,
                    0.42974984645843506
                ],
                [
                    0.12121303379535675,
                    0.47237536311149597,
                    -0.8730228543281555,
                    -3.5192677974700928
                ],
                [
                    -3.725290298461914e-09,
                    0.8795078992843628,
                    0.4758842885494232,
                    1.9183509349822998
                ],
                [
                    0.0,
                    0.0,
                    0.0,
                    1.0
                ]
            ]
        },
        {
            "file_path": "/data/shapenet_blender/all_50_random/02958343/62032b070c02c6b1570673441ebdaf2b/r_20",
            "rotation": 0.12566370614359174,
            "transform_matrix": [
                [
                    0.6934396028518677,
                    -0.08359447866678238,
                    -0.7156489491462708,
                    -2.884873151779175
                ],
                [
                    -0.720514714717865,
                    -0.08045321702957153,
                    -0.6887567043304443,
                    -2.7764670848846436
                ],
                [
                    -3.725290076417309e-09,
                    0.993246853351593,
                    -0.11602050065994263,
                    -0.46769359707832336
                ],
                [
                    0.0,
                    0.0,
                    0.0,
                    1.0
                ]
            ]
        },
        {
            "file_path": "/data/shapenet_blender/all_50_random/02958343/62032b070c02c6b1570673441ebdaf2b/r_21",
            "rotation": 0.12566370614359174,
            "transform_matrix": [
                [
                    -0.9363685846328735,
                    -0.1817680150270462,
                    0.3002903461456299,
                    1.2105090618133545
                ],
                [
                    0.35101839900016785,
                    -0.48488014936447144,
                    0.8010476231575012,
                    3.229126214981079
                ],
                [
                    -1.4901161193847656e-08,
                    0.8554831743240356,
                    0.517830491065979,
                    2.0874414443969727
                ],
                [
                    0.0,
                    0.0,
                    0.0,
                    1.0
                ]
            ]
        },
        {
            "file_path": "/data/shapenet_blender/all_50_random/02958343/62032b070c02c6b1570673441ebdaf2b/r_22",
            "rotation": 0.12566370614359174,
            "transform_matrix": [
                [
                    -0.3966299295425415,
                    0.5175511837005615,
                    0.7581724524497986,
                    3.056290626525879
                ],
                [
                    0.9179786443710327,
                    0.22361773252487183,
                    0.3275826573371887,
                    1.3205277919769287
                ],
                [
                    -1.4901161193847656e-08,
                    0.8259150385856628,
                    -0.5637944936752319,
                    -2.2727279663085938
                ],
                [
                    0.0,
                    0.0,
                    0.0,
                    1.0
                ]
            ]
        },
        {
            "file_path": "/data/shapenet_blender/all_50_random/02958343/62032b070c02c6b1570673441ebdaf2b/r_23",
            "rotation": 0.12566370614359174,
            "transform_matrix": [
                [
                    0.8568527698516846,
                    -0.32685306668281555,
                    0.3987109363079071,
                    1.607255220413208
                ],
                [
                    0.5155611634254456,
                    0.54322350025177,
                    -0.662649929523468,
                    -2.671227216720581
                ],
                [
                    1.4901161193847656e-08,
                    0.7733532190322876,
                    0.6339753270149231,
                    2.555636167526245
                ],
                [
                    0.0,
                    0.0,
                    0.0,
                    1.0
                ]
            ]
        },
        {
            "file_path": "/data/shapenet_blender/all_50_random/02958343/62032b070c02c6b1570673441ebdaf2b/r_24",
            "rotation": 0.12566370614359174,
            "transform_matrix": [
                [
                    0.9786320328712463,
                    -0.17313054203987122,
                    -0.1109282448887825,
                    -0.44716599583625793
                ],
                [
                    -0.2056192010641098,
                    -0.8240042328834534,
                    -0.5279561877250671,
                    -2.1282591819763184
                ],
                [
                    0.0,
                    0.5394838452339172,
                    -0.8419960141181946,
                    -3.3941941261291504
                ],
                [
                    0.0,
                    0.0,
                    0.0,
                    1.0
                ]
            ]
        },
        {
            "file_path": "/data/shapenet_blender/all_50_random/02958343/62032b070c02c6b1570673441ebdaf2b/r_25",
            "rotation": 0.12566370614359174,
            "transform_matrix": [
                [
                    -0.6714379787445068,
                    0.11760400235652924,
                    0.731669545173645,
                    2.9494543075561523
                ],
                [
                    0.7410607933998108,
                    0.10655508190393448,
                    0.6629290580749512,
                    2.6723525524139404
                ],
                [
                    0.0,
                    0.9873272776603699,
                    -0.15869684517383575,
                    -0.6397274732589722
                ],
                [
                    0.0,
                    0.0,
                    0.0,
                    1.0
                ]
            ]
        },
        {
            "file_path": "/data/shapenet_blender/all_50_random/02958343/62032b070c02c6b1570673441ebdaf2b/r_26",
            "rotation": 0.12566370614359174,
            "transform_matrix": [
                [
                    0.767480731010437,
                    -0.177617147564888,
                    -0.6159752607345581,
                    -2.4830758571624756
                ],
                [
                    -0.641072154045105,
                    -0.21264024078845978,
                    -0.7374351620674133,
                    -2.972696542739868
                ],
                [
                    0.0,
                    0.960851788520813,
                    -0.27706265449523926,
                    -1.116875410079956
                ],
                [
                    0.0,
                    0.0,
                    0.0,
                    1.0
                ]
            ]
        },
        {
            "file_path": "/data/shapenet_blender/all_50_random/02958343/62032b070c02c6b1570673441ebdaf2b/r_27",
            "rotation": 0.12566370614359174,
            "transform_matrix": [
                [
                    -0.9253158569335938,
                    0.35754212737083435,
                    -0.1263100653886795,
                    -0.5091721415519714
                ],
                [
                    -0.3791973292827606,
                    -0.872472882270813,
                    0.30822131037712097,
                    1.2424798011779785
                ],
                [
                    0.0,
                    0.3330985903739929,
                    0.9428920149803162,
                    3.8009192943573
                ],
                [
                    0.0,
                    0.0,
                    0.0,
                    1.0
                ]
            ]
        },
        {
            "file_path": "/data/shapenet_blender/all_50_random/02958343/62032b070c02c6b1570673441ebdaf2b/r_28",
            "rotation": 0.12566370614359174,
            "transform_matrix": [
                [
                    -0.5070350170135498,
                    0.7660265564918518,
                    0.39511847496032715,
                    1.592773675918579
                ],
                [
                    0.8619254231452942,
                    0.45062169432640076,
                    0.23243184387683868,
                    0.9369627833366394
                ],
                [
                    0.0,
                    0.4584137499332428,
                    -0.8887388110160828,
                    -3.5826210975646973
                ],
                [
                    0.0,
                    0.0,
                    0.0,
                    1.0
                ]
            ]
        },
        {
            "file_path": "/data/shapenet_blender/all_50_random/02958343/62032b070c02c6b1570673441ebdaf2b/r_29",
            "rotation": 0.12566370614359174,
            "transform_matrix": [
                [
                    -0.9997390508651733,
                    0.0014301827177405357,
                    0.02279982715845108,
                    0.09190905094146729
                ],
                [
                    0.02284463867545128,
                    0.0625884011387825,
                    0.9977778792381287,
                    4.022171497344971
                ],
                [
                    0.0,
                    0.9980383515357971,
                    -0.06260473281145096,
                    -0.2523677945137024
                ],
                [
                    0.0,
                    0.0,
                    0.0,
                    1.0
                ]
            ]
        },
        {
            "file_path": "/data/shapenet_blender/all_50_random/02958343/62032b070c02c6b1570673441ebdaf2b/r_30",
            "rotation": 0.12566370614359174,
            "transform_matrix": [
                [
                    0.5668466091156006,
                    0.01905764266848564,
                    -0.8236029148101807,
                    -3.320049524307251
                ],
                [
                    -0.8238234519958496,
                    0.01311295572668314,
                    -0.5666948556900024,
                    -2.2844200134277344
                ],
                [
                    0.0,
                    0.9997324347496033,
                    0.023133166134357452,
                    0.09325277805328369
                ],
                [
                    0.0,
                    0.0,
                    0.0,
                    1.0
                ]
            ]
        },
        {
            "file_path": "/data/shapenet_blender/all_50_random/02958343/62032b070c02c6b1570673441ebdaf2b/r_31",
            "rotation": 0.12566370614359174,
            "transform_matrix": [
                [
                    -0.9816146492958069,
                    -0.07949332892894745,
                    -0.17353253066539764,
                    -0.6995319128036499
                ],
                [
                    -0.19087357819080353,
                    0.40881407260894775,
                    0.8924340009689331,
                    3.5975160598754883
                ],
                [
                    -7.450580152834618e-09,
                    0.9091488122940063,
                    -0.41647112369537354,
                    -1.6788486242294312
                ],
                [
                    0.0,
                    0.0,
                    0.0,
                    1.0
                ]
            ]
        },
        {
            "file_path": "/data/shapenet_blender/all_50_random/02958343/62032b070c02c6b1570673441ebdaf2b/r_32",
            "rotation": 0.12566370614359174,
            "transform_matrix": [
                [
                    -0.9104438424110413,
                    -0.1641787588596344,
                    -0.3796544075012207,
                    -1.5304359197616577
                ],
                [
                    -0.41363289952278137,
                    0.3613724708557129,
                    0.835654079914093,
                    3.3686294555664062
                ],
                [
                    0.0,
                    0.9178536534309387,
                    -0.39691904187202454,
                    -1.600031852722168
                ],
                [
                    0.0,
                    0.0,
                    0.0,
                    1.0
                ]
            ]
        },
        {
            "file_path": "/data/shapenet_blender/all_50_random/02958343/62032b070c02c6b1570673441ebdaf2b/r_33",
            "rotation": 0.12566370614359174,
            "transform_matrix": [
                [
                    -0.6550954580307007,
                    -0.5611997842788696,
                    -0.5058702230453491,
                    -2.0392282009124756
                ],
                [
                    -0.7555460333824158,
                    0.4865877628326416,
                    0.4386143386363983,
                    1.768110990524292
                ],
                [
                    -1.4901160305669237e-08,
                    0.6695424914360046,
                    -0.742773711681366,
                    -2.9942166805267334
                ],
                [
                    0.0,
                    0.0,
                    0.0,
                    1.0
                ]
            ]
        },
        {
            "file_path": "/data/shapenet_blender/all_50_random/02958343/62032b070c02c6b1570673441ebdaf2b/r_34",
            "rotation": 0.12566370614359174,
            "transform_matrix": [
                [
                    -0.916628897190094,
                    0.04558587446808815,
                    -0.3971315026283264,
                    -1.6008882522583008
                ],
                [
                    -0.39973926544189453,
                    -0.10453145205974579,
                    0.9106490612030029,
                    3.6709437370300293
                ],
                [
                    3.725290298461914e-09,
                    0.9934762120246887,
                    0.11403901875019073,
                    0.45970597863197327
                ],
                [
                    0.0,
                    0.0,
                    0.0,
                    1.0
                ]
            ]
        },
        {
            "file_path": "/data/shapenet_blender/all_50_random/02958343/62032b070c02c6b1570673441ebdaf2b/r_35",
            "rotation": 0.12566370614359174,
            "transform_matrix": [
                [
                    0.9044328927993774,
                    -0.1554572582244873,
                    0.3972834646701813,
                    1.6015009880065918
                ],
                [
                    0.4266158938407898,
                    0.32957199215888977,
                    -0.8422476053237915,
                    -3.3952088356018066
                ],
                [
                    0.0,
                    0.9312437772750854,
                    0.36439627408981323,
                    1.4689284563064575
                ],
                [
                    0.0,
                    0.0,
                    0.0,
                    1.0
                ]
            ]
        },
        {
            "file_path": "/data/shapenet_blender/all_50_random/02958343/62032b070c02c6b1570673441ebdaf2b/r_36",
            "rotation": 0.12566370614359174,
            "transform_matrix": [
                [
                    -0.12499947845935822,
                    0.3862666189670563,
                    0.9138780832290649,
                    3.683960437774658
                ],
                [
                    0.9921568036079407,
                    0.04866481572389603,
                    0.11513733118772507,
                    0.46413344144821167
                ],
                [
                    0.0,
                    0.9211024641990662,
                    -0.38932010531425476,
                    -1.5693995952606201
                ],
                [
                    0.0,
                    0.0,
                    0.0,
                    1.0
                ]
            ]
        },
        {
            "file_path": "/data/shapenet_blender/all_50_random/02958343/62032b070c02c6b1570673441ebdaf2b/r_37",
            "rotation": 0.12566370614359174,
            "transform_matrix": [
                [
                    -0.24375618994235992,
                    -0.7788172960281372,
                    0.5779503583908081,
                    2.3297924995422363
                ],
                [
                    0.9698365926742554,
                    -0.19574590027332306,
                    0.1452605277299881,
                    0.5855638980865479
                ],
                [
                    0.0,
                    0.595925509929657,
                    0.8030396699905396,
                    3.237156391143799
                ],
                [
                    0.0,
                    0.0,
                    0.0,
                    1.0
                ]
            ]
        },
        {
            "file_path": "/data/shapenet_blender/all_50_random/02958343/62032b070c02c6b1570673441ebdaf2b/r_38",
            "rotation": 0.12566370614359174,
            "transform_matrix": [
                [
                    -0.7995182871818542,
                    0.13755401968955994,
                    -0.5846788287162781,
                    -2.3569159507751465
                ],
                [
                    -0.6006417274475098,
                    -0.18309907615184784,
                    0.7782699465751648,
                    3.1373066902160645
                ],
                [
                    7.450580596923828e-09,
                    0.9734236001968384,
                    0.22901175916194916,
                    0.9231759905815125
                ],
                [
                    0.0,
                    0.0,
                    0.0,
                    1.0
                ]
            ]
        },
        {
            "file_path": "/data/shapenet_blender/all_50_random/02958343/62032b070c02c6b1570673441ebdaf2b/r_39",
            "rotation": 0.12566370614359174,
            "transform_matrix": [
                [
                    0.47214987874031067,
                    -0.3959425091743469,
                    0.7875937223434448,
                    3.1748921871185303
                ],
                [
                    0.8815183043479919,
                    0.21207071840763092,
                    -0.4218429625034332,
                    -1.7005034685134888
                ],
                [
                    -1.4901161193847656e-08,
                    0.8934515118598938,
                    0.4491596817970276,
                    1.810620665550232
                ],
                [
                    0.0,
                    0.0,
                    0.0,
                    1.0
                ]
            ]
        },
        {
            "file_path": "/data/shapenet_blender/all_50_random/02958343/62032b070c02c6b1570673441ebdaf2b/r_40",
            "rotation": 0.12566370614359174,
            "transform_matrix": [
                [
                    0.38826265931129456,
                    -0.7940541505813599,
                    -0.4676857590675354,
                    -1.8853015899658203
                ],
                [
                    -0.9215488433837891,
                    -0.33454716205596924,
                    -0.19704316556453705,
                    -0.7943063974380493
                ],
                [
                    0.0,
                    0.5074997544288635,
                    -0.8616518974304199,
                    -3.4734299182891846
                ],
                [
                    0.0,
                    0.0,
                    0.0,
                    1.0
                ]
            ]
        },
        {
            "file_path": "/data/shapenet_blender/all_50_random/02958343/62032b070c02c6b1570673441ebdaf2b/r_41",
            "rotation": 0.12566370614359174,
            "transform_matrix": [
                [
                    0.9889891743659973,
                    -0.054389700293540955,
                    -0.13763019442558289,
                    -0.5548050403594971
                ],
                [
                    -0.1479875147342682,
                    -0.36348217725753784,
                    -0.9197719693183899,
                    -3.707719326019287
                ],
                [
                    0.0,
