{
    "class": "02958343",
    "model": "3027a9d3b70435416abce8cb03e7794",
    "remove_doubles": true,
    "edge_split": true,
    "denoise": true,
    "camera_angle_x": 0.6911112070083618,
    "scale_factor": 2.327161678852771,
    "hdri_file": "/data/IndoorHDRDataset2018/9C4A5631-d2eb89337c.exr",
    "center_offset": [
        0.0,
        0.0,
        -3.725290298461914e-09
    ],
    "lights": [],
    "frames": [
        {
            "file_path": "/data/shapenet_blender/all_50_random/02958343/3027a9d3b70435416abce8cb03e7794/r_0",
            "rotation": 0.12566370614359174,
            "transform_matrix": [
                [
                    0.5882300734519958,
                    -0.30481937527656555,
                    0.7490464448928833,
                    3.0195024013519287
                ],
                [
                    0.8086936473846436,
                    0.22172045707702637,
                    -0.5448437333106995,
                    -2.1963350772857666
                ],
                [
                    1.4901161193847656e-08,
                    0.9262424111366272,
                    0.3769282102584839,
                    1.5194460153579712
                ],
                [
                    0.0,
                    0.0,
                    0.0,
                    1.0
                ]
            ]
        },
        {
            "file_path": "/data/shapenet_blender/all_50_random/02958343/3027a9d3b70435416abce8cb03e7794/r_1",
            "rotation": 0.12566370614359174,
            "transform_matrix": [
                [
                    0.8027152419090271,
                    0.5619331002235413,
                    0.1996980756521225,
                    0.8050087094306946
                ],
                [
                    0.5963623523712158,
                    -0.7563728094100952,
                    -0.26879745721817017,
                    -1.0835572481155396
                ],
                [
                    1.4901158529312397e-08,
                    0.33486035466194153,
                    -0.9422678351402283,
                    -3.798403024673462
                ],
                [
                    0.0,
                    0.0,
                    0.0,
                    1.0
                ]
            ]
        },
        {
            "file_path": "/data/shapenet_blender/all_50_random/02958343/3027a9d3b70435416abce8cb03e7794/r_2",
            "rotation": 0.12566370614359174,
            "transform_matrix": [
                [
                    -0.30761605501174927,
                    0.4186263382434845,
                    -0.8544730544090271,
                    -3.444491386413574
                ],
                [
                    -0.9515106081962585,
                    -0.1353386789560318,
                    0.27624455094337463,
                    1.1135774850845337
                ],
                [
                    -7.450580596923828e-09,
                    0.8980175256729126,
                    0.43995967507362366,
                    1.7735342979431152
                ],
                [
                    0.0,
                    0.0,
                    0.0,
                    1.0
                ]
            ]
        },
        {
            "file_path": "/data/shapenet_blender/all_50_random/02958343/3027a9d3b70435416abce8cb03e7794/r_3",
            "rotation": 0.12566370614359174,
            "transform_matrix": [
                [
                    -0.5998310446739197,
                    -0.242642343044281,
                    -0.7624483108520508,
                    -3.0735270977020264
                ],
                [
                    -0.8001266121864319,
                    0.1819017231464386,
                    0.5715847611427307,
                    2.304131507873535
                ],
                [
                    0.0,
                    0.9529093503952026,
                    -0.30325499176979065,
                    -1.2224597930908203
                ],
                [
                    0.0,
                    0.0,
                    0.0,
                    1.0
                ]
            ]
        },
        {
            "file_path": "/data/shapenet_blender/all_50_random/02958343/3027a9d3b70435416abce8cb03e7794/r_4",
            "rotation": 0.12566370614359174,
            "transform_matrix": [
                [
                    -0.6177054643630981,
                    -0.5282241106033325,
                    0.5825968384742737,
                    2.348522901535034
                ],
                [
                    0.7864094972610474,
                    -0.41490718722343445,
                    0.4576156437397003,
                    1.8447076082229614
                ],
                [
                    0.0,
                    0.7408314347267151,
                    0.6716910004615784,
                    2.7076730728149414
                ],
                [
                    0.0,
                    0.0,
                    0.0,
                    1.0
                ]
            ]
        },
        {
            "file_path": "/data/shapenet_blender/all_50_random/02958343/3027a9d3b70435416abce8cb03e7794/r_5",
            "rotation": 0.12566370614359174,
            "transform_matrix": [
                [
                    0.1855836808681488,
                    -0.014518474228680134,
                    -0.9825211763381958,
                    -3.96066951751709
                ],
                [
                    -0.9826284646987915,
                    -0.0027420250698924065,
                    -0.18556341528892517,
                    -0.7480300664901733
                ],
                [
                    0.0,
                    0.9998908042907715,
                    -0.014775142073631287,
                    -0.05956050381064415
                ],
                [
                    0.0,
                    0.0,
                    0.0,
                    1.0
                ]
            ]
        },
        {
            "file_path": "/data/shapenet_blender/all_50_random/02958343/3027a9d3b70435416abce8cb03e7794/r_6",
            "rotation": 0.12566370614359174,
            "transform_matrix": [
                [
                    0.30028510093688965,
                    -0.32703015208244324,
                    0.8960357904434204,
                    3.6120357513427734
                ],
                [
                    0.9538494944572449,
                    0.10295363515615463,
                    -0.28208452463150024,
                    -1.1371190547943115
                ],
                [
                    7.450580596923828e-09,
                    0.9393891096115112,
                    0.34285295009613037,
                    1.3820844888687134
                ],
                [
                    0.0,
                    0.0,
                    0.0,
                    1.0
                ]
            ]
        },
        {
            "file_path": "/data/shapenet_blender/all_50_random/02958343/3027a9d3b70435416abce8cb03e7794/r_7",
            "rotation": 0.12566370614359174,
            "transform_matrix": [
                [
                    -0.6879675984382629,
                    -0.21699726581573486,
                    -0.69254070520401,
                    -2.7917211055755615
                ],
                [
                    -0.7257413864135742,
                    0.20570288598537445,
                    0.6564949750900269,
                    2.646416187286377
                ],
                [
                    0.0,
                    0.9542528390884399,
                    -0.2990007698535919,
                    -1.2053108215332031
                ],
                [
                    0.0,
                    0.0,
                    0.0,
                    1.0
                ]
            ]
        },
        {
            "file_path": "/data/shapenet_blender/all_50_random/02958343/3027a9d3b70435416abce8cb03e7794/r_8",
            "rotation": 0.12566370614359174,
            "transform_matrix": [
                [
                    -0.8323262929916382,
                    0.5497910976409912,
                    0.07044591754674911,
                    0.28397661447525024
                ],
                [
                    0.5542858839035034,
                    0.8255768418312073,
                    0.10578294098377228,
                    0.42642471194267273
                ],
                [
                    0.0,
                    0.12709328532218933,
                    -0.9918907880783081,
                    -3.9984397888183594
                ],
                [
                    0.0,
                    0.0,
                    0.0,
                    1.0
                ]
            ]
        },
        {
            "file_path": "/data/shapenet_blender/all_50_random/02958343/3027a9d3b70435416abce8cb03e7794/r_9",
            "rotation": 0.12566370614359174,
            "transform_matrix": [
                [
                    0.9436641335487366,
                    -0.027816932648420334,
                    0.32973363995552063,
                    1.3291988372802734
                ],
                [
                    0.33090493083000183,
                    0.07932744920253754,
                    -0.9403238892555237,
                    -3.790566921234131
                ],
                [
                    -1.862645371275562e-09,
                    0.9964603781700134,
                    0.08406322449445724,
                    0.33886969089508057
                ],
                [
                    0.0,
                    0.0,
                    0.0,
                    1.0
                ]
            ]
        },
        {
            "file_path": "/data/shapenet_blender/all_50_random/02958343/3027a9d3b70435416abce8cb03e7794/r_10",
            "rotation": 0.12566370614359174,
            "transform_matrix": [
                [
                    -0.8982252478599548,
                    0.0021584273781627417,
                    -0.4395301342010498,
                    -1.7718026638031006
                ],
                [
                    -0.4395354688167572,
                    -0.00441091600805521,
                    0.8982143998146057,
                    3.6208181381225586
                ],
                [
                    1.1641532182693481e-10,
                    0.9999880194664001,
                    0.0049107009544968605,
                    0.019795669242739677
                ],
                [
                    0.0,
                    0.0,
                    0.0,
                    1.0
                ]
            ]
        },
        {
            "file_path": "/data/shapenet_blender/all_50_random/02958343/3027a9d3b70435416abce8cb03e7794/r_11",
            "rotation": 0.12566370614359174,
            "transform_matrix": [
                [
                    0.9999245405197144,
                    -0.006242150440812111,
                    -0.010589414276182652,
                    -0.042687296867370605
                ],
                [
                    -0.012292281724512577,
                    -0.5077722072601318,
                    -0.8614035844802856,
                    -3.4724292755126953
                ],
                [
                    0.0,
                    0.8614687323570251,
                    -0.5078105330467224,
                    -2.0470499992370605
                ],
                [
                    0.0,
                    0.0,
                    0.0,
                    1.0
                ]
            ]
        },
        {
            "file_path": "/data/shapenet_blender/all_50_random/02958343/3027a9d3b70435416abce8cb03e7794/r_12",
            "rotation": 0.12566370614359174,
            "transform_matrix": [
                [
                    0.27024221420288086,
                    0.14230141043663025,
                    -0.9522181749343872,
                    -3.8385140895843506
                ],
                [
                    -0.9627923965454102,
                    0.039941996335983276,
                    -0.2672741711139679,
                    -1.0774166584014893
                ],
                [
                    0.0,
                    0.989017128944397,
                    0.1478007286787033,
                    0.5958037972450256
                ],
                [
                    0.0,
                    0.0,
                    0.0,
                    1.0
                ]
            ]
        },
        {
            "file_path": "/data/shapenet_blender/all_50_random/02958343/3027a9d3b70435416abce8cb03e7794/r_13",
            "rotation": 0.12566370614359174,
            "transform_matrix": [
                [
                    0.1785878837108612,
                    -0.5818101763725281,
                    0.793475329875946,
                    3.198601722717285
                ],
                [
                    0.9839240312576294,
                    0.10560190677642822,
                    -0.14402034878730774,
                    -0.5805646777153015
                ],
                [
                    0.0,
                    0.8064398169517517,
                    0.5913161635398865,
                    2.383671998977661
                ],
                [
                    0.0,
                    0.0,
                    0.0,
                    1.0
                ]
            ]
        },
        {
            "file_path": "/data/shapenet_blender/all_50_random/02958343/3027a9d3b70435416abce8cb03e7794/r_14",
            "rotation": 0.12566370614359174,
            "transform_matrix": [
                [
                    -0.7799906730651855,
                    0.05585063248872757,
                    0.6232938170433044,
                    2.512577772140503
                ],
                [
                    0.625791072845459,
                    0.06961265206336975,
                    0.7768781185150146,
                    3.1316957473754883
                ],
                [
                    0.0,
                    0.9960095286369324,
                    -0.08924803882837296,
                    -0.35977035760879517
                ],
                [
                    0.0,
                    0.0,
                    0.0,
                    1.0
                ]
            ]
        },
        {
            "file_path": "/data/shapenet_blender/all_50_random/02958343/3027a9d3b70435416abce8cb03e7794/r_15",
            "rotation": 0.12566370614359174,
            "transform_matrix": [
                [
                    -0.33774977922439575,
                    0.8725905418395996,
                    -0.3528606593608856,
                    -1.4224268198013306
                ],
                [
                    -0.9412360191345215,
                    -0.31311729550361633,
                    0.12661926448345184,
                    0.5104185938835144
                ],
                [
                    0.0,
                    0.3748907446861267,
                    0.9270689487457275,
                    3.7371344566345215
                ],
                [
                    0.0,
                    0.0,
                    0.0,
                    1.0
                ]
            ]
        },
        {
            "file_path": "/data/shapenet_blender/all_50_random/02958343/3027a9d3b70435416abce8cb03e7794/r_16",
            "rotation": 0.12566370614359174,
            "transform_matrix": [
                [
                    0.9994111657142639,
                    -0.014047396369278431,
                    -0.03130606934428215,
                    -0.12619879841804504
                ],
                [
                    -0.03431325778365135,
                    -0.4091458320617676,
                    -0.911823570728302,
                    -3.6756784915924072
                ],
                [
                    -9.31322685637781e-10,
                    0.9123607873916626,
                    -0.40938690304756165,
                    -1.6502914428710938
                ],
                [
                    0.0,
                    0.0,
                    0.0,
                    1.0
                ]
            ]
        },
        {
            "file_path": "/data/shapenet_blender/all_50_random/02958343/3027a9d3b70435416abce8cb03e7794/r_17",
            "rotation": 0.12566370614359174,
            "transform_matrix": [
                [
                    0.5275993347167969,
                    -0.0018841817509382963,
                    0.8494911789894104,
                    3.4244086742401123
                ],
                [
                    0.8494933247566223,
                    0.001170218689367175,
                    -0.527597963809967,
                    -2.1268155574798584
                ],
                [
                    0.0,
                    0.9999975562095642,
                    0.002218005945906043,
                    0.00894106924533844
                ],
                [
                    0.0,
                    0.0,
                    0.0,
                    1.0
                ]
            ]
        },
        {
            "file_path": "/data/shapenet_blender/all_50_random/02958343/3027a9d3b70435416abce8cb03e7794/r_18",
            "rotation": 0.12566370614359174,
            "transform_matrix": [
                [
                    -0.8076705932617188,
                    -0.44512563943862915,
                    0.38669276237487793,
                    1.558808445930481
                ],
                [
                    0.5896339416503906,
                    -0.6097255349159241,
                    0.5296851396560669,
                    2.1352293491363525
                ],
                [
                    1.4901161193847656e-08,
                    0.6558182835578918,
                    0.75491863489151,
                    3.0431745052337646
                ],
                [
                    0.0,
                    0.0,
                    0.0,
                    1.0
                ]
            ]
        },
        {
            "file_path": "/data/shapenet_blender/all_50_random/02958343/3027a9d3b70435416abce8cb03e7794/r_19",
            "rotation": 0.12566370614359174,
            "transform_matrix": [
                [
                    -0.9716683626174927,
                    0.06662140041589737,
                    0.22676490247249603,
                    0.9141185283660889
                ],
                [
                    0.23634874820709229,
                    0.2738914489746094,
                    0.9322675466537476,
                    3.7580904960632324
                ],
                [
                    3.7252898543727042e-09,
                    0.9594504833221436,
                    -0.2818774878978729,
                    -1.1362844705581665
                ],
                [
                    0.0,
                    0.0,
                    0.0,
                    1.0
                ]
            ]
        },
        {
            "file_path": "/data/shapenet_blender/all_50_random/02958343/3027a9d3b70435416abce8cb03e7794/r_20",
            "rotation": 0.12566370614359174,
            "transform_matrix": [
                [
                    0.430351197719574,
                    -0.01778383180499077,
                    -0.9024863243103027,
                    -3.6380386352539062
                ],
                [
                    -0.9026615619659424,
                    -0.008478584699332714,
                    -0.43026766180992126,
                    -1.734464406967163
                ],
                [
                    9.313225746154785e-10,
                    0.999805748462677,
                    -0.019701551645994186,
                    -0.07941949367523193
                ],
                [
                    0.0,
                    0.0,
                    0.0,
                    1.0
                ]
            ]
        },
        {
            "file_path": "/data/shapenet_blender/all_50_random/02958343/3027a9d3b70435416abce8cb03e7794/r_21",
            "rotation": 0.12566370614359174,
            "transform_matrix": [
                [
                    0.09289992600679398,
                    0.12971574068069458,
                    0.9871896505355835,
                    3.9794888496398926
                ],
                [
                    0.9956754446029663,
                    -0.012102920562028885,
                    -0.09210816770792007,
                    -0.3712998926639557
                ],
                [
                    -1.862645149230957e-09,
                    0.991477370262146,
                    -0.13027910888195038,
                    -0.5251718759536743
                ],
                [
                    0.0,
                    0.0,
                    0.0,
                    1.0
                ]
            ]
        },
        {
            "file_path": "/data/shapenet_blender/all_50_random/02958343/3027a9d3b70435416abce8cb03e7794/r_22",
            "rotation": 0.12566370614359174,
            "transform_matrix": [
                [
                    -0.6315891146659851,
                    0.3720412254333496,
                    0.6802062392234802,
                    2.7419991493225098
                ],
                [
                    0.7753033638000488,
                    0.303077757358551,
                    0.5541197061538696,
                    2.2337279319763184
                ],
                [
                    0.0,
                    0.8773420453071594,
                    -0.4798654019832611,
                    -1.9343993663787842
                ],
                [
                    0.0,
                    0.0,
                    0.0,
                    1.0
                ]
            ]
        },
        {
            "file_path": "/data/shapenet_blender/all_50_random/02958343/3027a9d3b70435416abce8cb03e7794/r_23",
            "rotation": 0.12566370614359174,
            "transform_matrix": [
                [
                    -0.7907251119613647,
                    0.005391304846853018,
                    0.6121476292610168,
                    2.4676461219787598
                ],
                [
                    0.6121714115142822,
                    0.006963801570236683,
                    0.7906944751739502,
                    3.1873912811279297
                ],
                [
                    0.0,
                    0.9999613165855408,
                    -0.008806855417788029,
                    -0.035501569509506226
                ],
                [
                    0.0,
                    0.0,
                    0.0,
                    1.0
                ]
            ]
        },
        {
            "file_path": "/data/shapenet_blender/all_50_random/02958343/3027a9d3b70435416abce8cb03e7794/r_24",
            "rotation": 0.12566370614359174,
            "transform_matrix": [
                [
                    0.3344235420227051,
                    0.009492970071732998,
                    -0.9423750638961792,
                    -3.798835515975952
                ],
                [
                    -0.9424229860305786,
                    0.003368627978488803,
                    -0.3344064950942993,
                    -1.3480358123779297
                ],
                [
                    0.0,
                    0.9999492764472961,
                    0.010072940960526466,
                    0.040605328977108
                ],
                [
                    0.0,
                    0.0,
                    0.0,
                    1.0
                ]
            ]
        },
        {
            "file_path": "/data/shapenet_blender/all_50_random/02958343/3027a9d3b70435416abce8cb03e7794/r_25",
            "rotation": 0.12566370614359174,
            "transform_matrix": [
                [
                    -0.9621611833572388,
                    0.11969815194606781,
                    -0.24478231370449066,
                    -0.9867491126060486
                ],
                [
                    -0.2724812924861908,
                    -0.4226672351360321,
                    0.8643530607223511,
                    3.484318971633911
                ],
                [
                    7.450581485102248e-09,
                    0.8983455896377563,
                    0.439289391040802,
                    1.7708323001861572
                ],
                [
                    0.0,
                    0.0,
                    0.0,
                    1.0
                ]
            ]
        },
        {
            "file_path": "/data/shapenet_blender/all_50_random/02958343/3027a9d3b70435416abce8cb03e7794/r_26",
            "rotation": 0.12566370614359174,
            "transform_matrix": [
                [
                    -0.16848500072956085,
                    0.23491264879703522,
                    0.9573028683662415,
                    3.85901141166687
                ],
                [
                    0.9857043027877808,
                    0.04015327990055084,
                    0.1636303812265396,
                    0.659615159034729
                ],
                [
                    -3.725290742551124e-09,
                    0.9711868166923523,
                    -0.23831960558891296,
                    -0.9606970548629761
                ],
                [
                    0.0,
                    0.0,
                    0.0,
                    1.0
                ]
            ]
        },
        {
            "file_path": "/data/shapenet_blender/all_50_random/02958343/3027a9d3b70435416abce8cb03e7794/r_27",
            "rotation": 0.12566370614359174,
            "transform_matrix": [
                [
                    0.9734011292457581,
                    0.2048751413822174,
                    -0.10255009680986404,
                    -0.41339269280433655
                ],
                [
                    -0.22910770773887634,
                    0.8704451322555542,
                    -0.4357006549835205,
                    -1.7563656568527222
                ],
                [
                    0.0,
                    0.44760653376579285,
                    0.8942305445671082,
                    3.6047589778900146
                ],
                [
                    0.0,
                    0.0,
                    0.0,
                    1.0
                ]
            ]
        },
        {
            "file_path": "/data/shapenet_blender/all_50_random/02958343/3027a9d3b70435416abce8cb03e7794/r_28",
            "rotation": 0.12566370614359174,
            "transform_matrix": [
                [
                    0.6347044706344604,
                    0.3585410416126251,
                    0.6845425963401794,
                    2.759479522705078
                ],
                [
                    0.7727550268173218,
                    -0.29448866844177246,
                    -0.5622509717941284,
                    -2.2665061950683594
                ],
                [
                    -1.4901162970204496e-08,
                    0.8858468532562256,
                    -0.4639776349067688,
                    -1.8703536987304688
                ],
                [
                    0.0,
                    0.0,
                    0.0,
                    1.0
                ]
            ]
        },
        {
            "file_path": "/data/shapenet_blender/all_50_random/02958343/3027a9d3b70435416abce8cb03e7794/r_29",
            "rotation": 0.12566370614359174,
            "transform_matrix": [
                [
                    -0.3828965723514557,
                    0.5246359705924988,
                    -0.7603599429130554,
                    -3.0651090145111084
                ],
                [
                    -0.923791229724884,
                    -0.21745315194129944,
                    0.3151569366455078,
                    1.2704381942749023
                ],
                [
                    0.0,
                    0.8230863809585571,
                    0.5679161548614502,
                    2.2893433570861816
                ],
                [
                    0.0,
                    0.0,
                    0.0,
                    1.0
                ]
            ]
        },
        {
            "file_path": "/data/shapenet_blender/all_50_random/02958343/3027a9d3b70435416abce8cb03e7794/r_30",
            "rotation": 0.12566370614359174,
            "transform_matrix": [
                [
                    0.7490537166595459,
                    -0.44022026658058167,
                    0.49510058760643005,
                    1.995814323425293
                ],
                [
                    0.6625092029571533,
                    0.4977268576622009,
                    -0.559776246547699,
                    -2.256530284881592
                ],
                [
                    0.0,
                    0.7473112344741821,
                    0.6644741296768188,
                    2.6785809993743896
                ],
                [
                    0.0,
                    0.0,
                    0.0,
                    1.0
                ]
            ]
        },
        {
            "file_path": "/data/shapenet_blender/all_50_random/02958343/3027a9d3b70435416abce8cb03e7794/r_31",
            "rotation": 0.12566370614359174,
            "transform_matrix": [
                [
                    -0.13839955627918243,
                    0.24263356626033783,
                    -0.9601950645446777,
                    -3.8706700801849365
                ],
                [
                    -0.9903764724731445,
                    -0.03390667587518692,
                    0.13418187201023102,
                    0.5409044027328491
                ],
                [
                    3.725290298461914e-09,
                    0.9695252180099487,
                    0.2449912577867508,
                    0.9875913262367249
                ],
                [
                    0.0,
                    0.0,
                    0.0,
                    1.0
                ]
            ]
        },
        {
            "file_path": "/data/shapenet_blender/all_50_random/02958343/3027a9d3b70435416abce8cb03e7794/r_32",
            "rotation": 0.12566370614359174,
            "transform_matrix": [
                [
                    0.8600149750709534,
                    -0.003912867046892643,
                    0.5102538466453552,
                    2.056899309158325
                ],
                [
                    0.5102689266204834,
                    0.006594805046916008,
                    -0.8599895238876343,
                    -3.466728925704956
                ],
                [
                    0.0,
                    0.999970555305481,
                    0.007668244652450085,
                    0.030911684036254883
                ],
                [
                    0.0,
                    0.0,
                    0.0,
                    1.0
                ]
            ]
        },
        {
            "file_path": "/data/shapenet_blender/all_50_random/02958343/3027a9d3b70435416abce8cb03e7794/r_33",
            "rotation": 0.12566370614359174,
            "transform_matrix": [
                [
                    -0.7916641235351562,
                    0.11305525153875351,
                    -0.6004052758216858,
                    -2.4203107357025146
                ],
                [
                    -0.6109565496444702,
                    -0.14649450778961182,
                    0.7779920101165771,
                    3.136185646057129
                ],
                [
                    7.450580152834618e-09,
                    0.9827297925949097,
                    0.18504631519317627,
                    0.7459454536437988
                ],
                [
                    0.0,
                    0.0,
                    0.0,
                    1.0
                ]
            ]
        },
        {
            "file_path": "/data/shapenet_blender/all_50_random/02958343/3027a9d3b70435416abce8cb03e7794/r_34",
            "rotation": 0.12566370614359174,
            "transform_matrix": [
                [
                    0.6474288105964661,
                    -0.09155724942684174,
                    0.7566063404083252,
                    3.0499777793884277
                ],
                [
                    0.7621260285377502,
                    0.07777822762727737,
                    -0.6427398920059204,
                    -2.5909674167633057
                ],
                [
                    -3.725290742551124e-09,
                    0.9927576780319214,
                    0.12013401091098785,
                    0.4842756986618042
                ],
                [
                    0.0,
                    0.0,
                    0.0,
                    1.0
                ]
            ]
        },
        {
            "file_path": "/data/shapenet_blender/all_50_random/02958343/3027a9d3b70435416abce8cb03e7794/r_35",
            "rotation": 0.12566370614359174,
            "transform_matrix": [
                [
                    -0.3451043367385864,
                    0.06737397611141205,
                    -0.9361429810523987,
                    -3.7737131118774414
                ],
                [
                    -0.9385644197463989,
                    -0.024772996082901955,
                    0.3442140221595764,
                    1.387571096420288
                ],
                [
                    0.0,
                    0.9974201917648315,
                    0.07178407162427902,
                    0.2893708348274231
                ],
                [
                    0.0,
                    0.0,
                    0.0,
                    1.0
                ]
            ]
        },
        {
            "file_path": "/data/shapenet_blender/all_50_random/02958343/3027a9d3b70435416abce8cb03e7794/r_36",
            "rotation": 0.12566370614359174,
            "transform_matrix": [
                [
                    -0.9978197813034058,
                    0.0008807467529550195,
                    0.06599286943674088,
                    0.2660257816314697
                ],
                [
                    0.06599876284599304,
                    0.013315803371369839,
                    0.9977307915687561,
                    4.021981716156006
                ],
                [
                    0.0,
                    0.9999109506607056,
                    -0.013344898819923401,
                    -0.05379500985145569
                ],
                [
                    0.0,
                    0.0,
                    0.0,
                    1.0
                ]
            ]
        },
        {
            "file_path": "/data/shapenet_blender/all_50_random/02958343/3027a9d3b70435416abce8cb03e7794/r_37",
            "rotation": 0.12566370614359174,
            "transform_matrix": [
                [
                    -0.26245248317718506,
                    0.2326982468366623,
                    0.9364668130874634,
                    3.7750186920166016
                ],
                [
                    0.9649450182914734,
                    0.06329089403152466,
                    0.2547067701816559,
                    1.026755928993225
                ],
                [
                    0.0,
                    0.9704873561859131,
                    -0.2411518394947052,
                    -0.9721142053604126
                ],
                [
                    0.0,
                    0.0,
                    0.0,
                    1.0
                ]
            ]
        },
        {
            "file_path": "/data/shapenet_blender/all_50_random/02958343/3027a9d3b70435416abce8cb03e7794/r_38",
            "rotation": 0.12566370614359174,
            "transform_matrix": [
                [
                    -0.65925133228302,
                    0.3423549234867096,
                    -0.6694629192352295,
                    -2.6986916065216064
                ],
                [
                    -0.7519225478172302,
                    -0.3001611530780792,
                    0.5869545340538025,
                    2.3660895824432373
                ],
                [
                    1.4901160305669237e-08,
                    0.8903350234031677,
                    0.45530593395233154,
                    1.8353971242904663
                ],
                [
                    0.0,
                    0.0,
                    0.0,
                    1.0
                ]
            ]
        },
        {
            "file_path": "/data/shapenet_blender/all_50_random/02958343/3027a9d3b70435416abce8cb03e7794/r_39",
            "rotation": 0.12566370614359174,
            "transform_matrix": [
                [
                    -0.7907065749168396,
                    0.3138550817966461,
                    0.5256216526031494,
                    2.1188488006591797
                ],
                [
                    0.6121954321861267,
                    0.40537261962890625,
                    0.6788885593414307,
                    2.736687660217285
                ],
                [
                    -1.4901162970204496e-08,
                    0.8585847616195679,
                    -0.5126714110374451,
                    -2.0666449069976807
                ],
                [
                    0.0,
                    0.0,
                    0.0,
                    1.0
                ]
            ]
        },
        {
            "file_path": "/data/shapenet_blender/all_50_random/02958343/3027a9d3b70435416abce8cb03e7794/r_40",
            "rotation": 0.12566370614359174,
            "transform_matrix": [
                [
                    -0.9519739151000977,
                    -0.21643675863742828,
                    0.2165658175945282,
                    0.8730047345161438
                ],
                [
                    0.30617907643318176,
                    -0.672946572303772,
                    0.6733478307723999,
                    2.7143518924713135
                ],
                [
                    1.4901161193847656e-08,
                    0.7073174715042114,
                    0.7068960070610046,
                    2.8495888710021973
                ],
                [
                    0.0,
                    0.0,
                    0.0,
                    1.0
                ]
            ]
        },
        {
            "file_path": "/data/shapenet_blender/all_50_random/02958343/3027a9d3b70435416abce8cb03e7794/r_41",
            "rotation": 0.12566370614359174,
            "transform_matrix": [
                [
                    -0.9982537627220154,
                    -0.015256933867931366,
                    -0.05706847459077835,
                    -0.23005038499832153
                ],
                [
                    -0.05907271429896355,
                    0.25782278180122375,
                    0.9643846750259399,
                    3.887558937072754
                ],
                [
